tests/3D/snow_dstr_SENSITIVITY/output-maps-SE27XX/snowsublN0047R0001.asc
ncols         78
nrows         130
xllcorner     624800.000000
yllcorner     5171500.000000
cellsize      100.000000
NODATA_value  -9999.0
[rows 84 to 111 of 130, columns 0 to 62 of 78]
-9999.0 -9999.0 -9999.0 0.457034 0.719008 0.801282 0.924129 0.948311 0.870208 1.777273 2.190912 2.140149 2.268609 2.444520 2.436575 2.499036 2.387505 2.089951 2.377190 2.743236 2.712952 3.000280 1.275014 1.210460 3.058755 3.284963 3.289683 3.363621 3.418990 3.419629 1.050742 0.861333 0.665472 0.298527 1.762614 0.414592 0.411208 0.315415 0.334045 0.368211 0.435055 1.990939 3.102621 3.173617 3.098806 2.671194 2.004841 1.885166 1.814704 1.737202 1.668445 1.569888 1.611974 0.356438 0.260340 0.502373 0.593935 0.479618 0.369835 0.268788 0.057387 -0.358204 -0.687073
-9999.0 -9999.0 -9999.0 0.515908 0.798440 0.871353 0.940007 0.968483 1.576129 1.801606 1.185059 1.858291 2.250713 2.560997 2.566597 2.105998 2.129780 1.861963 1.363926 1.261892 1.145196 2.179074 0.618219 1.080268 3.042535 3.155446 3.114564 2.658193 2.754425 0.918076 0.674035 0.413520 0.283615 0.366012 0.442021 0.415177 0.311060 0.377996 0.437615 0.434507 0.558291 2.007740 3.163019 3.048468 2.776806 2.889572 2.194719 1.986725 1.460503 1.760859 1.648152 1.522244 1.531450 1.203554 1.129857 0.485924 0.387279 0.406286 0.503194 0.557602 0.499475 0.131157 -0.318355
-9999.0 -9999.0 -9999.0 -9999.0 0.781664 0.925291 0.926708 0.654315 1.546365 1.865909 1.876421 1.905974 2.701245 3.146465 2.370485 1.854813 1.909103 1.666091 1.191563 1.059548 0.962145 0.763571 0.511277 0.809687 0.857430 2.725331 3.082227 2.704770 0.872713 0.765615 0.266372 0.416768 0.360705 0.361782 0.393400 0.412402 0.311981 0.401083 0.442556 1.889719 2.005505 2.983865 3.213954 3.150929 3.056348 2.802521 1.886450 2.082711 2.123844 2.037009 1.717868 1.374380 1.607135 1.547305 1.044497 0.326918 0.438524 0.425984 1.130321 1.170846 0.397068 0.151935 0.100709
-9999.0 -9999.0 -9999.0 -9999.0 0.379444 0.534899 0.547833 1.514726 1.728809 2.016710 2.722033 2.735616 2.173006 2.927024 3.081004 1.235678 0.637262 0.605492 0.467476 0.473266 0.443590 0.408947 0.426183 0.426721 0.372208 0.435879 0.705867 0.358069 0.402579 0.376729 0.383869 0.438366 0.362199 0.381737 0.413358 0.412616 0.408280 0.345385 0.406222 0.920460 1.065072 2.952781 3.122675 3.287041 1.974469 2.198144 2.153638 2.392881 2.312874 2.302274 2.217884 2.067851 1.972948 1.909256 1.553909 1.519730 1.296963 1.105998 1.660268 1.443017 1.315706 0.485795 0.720801
-9999.0 -9999.0 -9999.0 -9999.0 0.432155 0.617456 0.596710 1.051208 1.798873 2.653832 2.213489 2.297226 2.962199 2.983772 2.880499 2.264567 0.464004 0.453911 0.524576 0.515383 0.522746 0.500305 0.472123 0.453133 0.442691 0.421633 0.395036 0.407890 0.420279 0.571090 0.425419 0.387468 0.448325 0.431495 0.370301 0.399125 0.407410 0.370946 0.522518 0.659522 1.292288 3.018611 3.100942 1.997603 2.127570 2.070540 1.936297 2.253159 2.187705 2.238392 2.267200 2.083834 2.102350 1.861422 1.872669 1.591599 1.642063 1.289010 1.742728 1.549718 0.587862 0.711299 0.760111
-9999.0 -9999.0 -9999.0 -9999.0 -9999.0 0.553395 0.557602 1.727520 1.809623 2.040761 2.173062 2.332042 1.856709 1.914365 1.853745 2.912936 0.787761 0.523826 0.519385 0.516470 0.501573 0.452201 0.452027 0.445120 0.407552 0.917065 0.922061 0.643275 0.641862 0.651766 0.559079 0.572246 0.446766 0.631287 0.963056 0.978899 0.967703 1.052152 1.714434 2.722404 2.966816 3.094082 3.153429 3.100168 2.055839 1.968992 1.834150 2.093829 3.191138 2.698832 2.632923 1.890438 2.294726 2.593398 2.558596 2.083523 2.089778 2.327231 1.787255 0.815823 0.591307 0.803585 0.812653
-9999.0 -9999.0 -9999.0 -9999.0 -9999.0 1.547472 1.847770 2.007480 2.162266 2.053266 2.254390 2.516684 2.789473 0.852003 0.936002 0.598734 0.400603 0.446639 0.494282 0.470401 0.462615 0.424304 0.410971 0.415768 0.665695 0.590129 0.623235 0.638169 0.646722 0.640694 0.526006 0.619799 0.886762 0.999896 1.766740 2.731338 2.891935 2.645382 1.698642 3.034474 3.134333 3.096626 2.761936 2.918535 1.785234 1.918720 2.724820 2.844480 2.352850 2.232574 2.467355 1.932913 1.849931 1.673298 2.640621 2.093142 2.608191 2.556508 1.330824 0.951351 0.952413 0.904908 1.116491
-9999.0 -9999.0 -9999.0 -9999.0 -9999.0 -9999.0 2.028250 1.863883 2.177820 2.358959 2.927459 2.881384 2.862989 1.856342 0.402253 0.467073 0.376403 0.465027 0.503189 0.418353 0.417248 0.400448 0.342408 0.404322 0.418418 0.595995 0.613045 0.631641 0.612494 0.873259 0.848279 2.075603 2.010618 2.680280 2.796437 2.925317 3.125547 3.161526 3.119946 3.111616 3.000877 2.872761 2.654062 1.566017 2.370769 2.326022 2.083475 2.185753 1.860842 0.836693 1.966124 1.394268 0.786562 1.056018 1.404280 1.309321 1.528145 1.482425 0.675071 0.732152 0.791706 0.813466 0.915542
-9999.0 -9999.0 -9999.0 -9999.0 -9999.0 -9999.0 1.982039 2.060946 2.246040 2.656707 1.736043 1.482185 1.042050 0.825765 0.900982 0.549583 0.405364 0.450814 0.433380 0.382648 0.372989 0.387000 0.348110 0.363781 0.399694 0.589726 0.602791 0.616626 0.629541 0.782638 0.844720 1.293753 1.839802 2.873684 2.821083 2.991993 2.954594 3.007175 3.088300 2.217496 2.080199 2.947563 2.280916 1.771889 1.928422 2.223094 1.972018 1.807958 1.552795 -0.069676 0.921746 0.312927 0.353473 0.442050 0.918059 2.239967 1.986417 0.610513 0.543921 0.710918 0.891555 0.761277 0.994439
-9999.0 -9999.0 -9999.0 -9999.0 -9999.0 -9999.0 -9999.0 3.034658 3.332400 2.765599 0.976477 0.865324 0.648320 0.379634 0.443933 0.304995 0.302966 0.303455 0.282079 0.161393 0.163333 0.218345 0.638101 0.599493 0.597839 0.580831 0.646390 0.442940 0.940129 1.320914 2.020689 2.138197 0.860710 2.806024 2.895966 2.763790 2.634981 2.856057 2.847978 2.912370 2.297614 3.008983 1.610283 1.454183 2.102354 1.963432 1.422829 1.143318 1.092387 0.157734 0.182638 0.014886 0.306102 0.588302 0.677964 0.642128 0.545177 1.044529 0.392178 0.330219 0.759399 0.504348 0.947724
-9999.0 -9999.0 -9999.0 -9999.0 -9999.0 -9999.0 -9999.0 3.677736 3.509745 2.865233 2.000537 0.430427 0.393228 0.222931 0.219824 0.204497 0.207873 0.198671 0.194518 0.656046 0.676445 0.669407 0.506917 0.674462 1.193891 1.805645 1.781892 0.678792 1.358699 2.310977 2.813650 2.899749 2.911822 1.797741 2.638860 2.418949 2.137285 2.442884 2.749068 2.961227 2.285158 3.150688 2.042105 1.901959 2.159106 2.316329 1.386539 1.234384 0.513491 0.599936 0.480601 0.328119 0.262416 0.307101 0.467676 0.387436 0.286403 0.127883 0.490804 0.356037 0.434572 0.863359 1.026830
-9999.0 -9999.0 -9999.0 -9999.0 -9999.0 -9999.0 -9999.0 4.127712 4.032231 1.618501 0.464338 0.385343 0.434745 0.354039 0.194361 0.164334 0.152247 0.158648 0.667496 0.635419 0.597005 0.492275 0.686244 0.761517 1.075461 1.751290 1.958077 1.572373 1.401704 1.587630 2.867157 2.826198 2.826846 2.634572 1.830716 2.172973 2.375680 1.742662 2.654551 2.851371 2.385185 2.314130 2.159150 1.993907 2.082027 2.202348 1.678710 1.691391 1.541579 0.615672 0.547073 0.357141 0.263368 0.235970 0.215102 0.301872 0.341086 0.042558 0.111433 0.516624 0.352764 0.582067 0.826819
-9999.0 -9999.0 -9999.0 -9999.0 -9999.0 -9999.0 -9999.0 -9999.0 2.158703 0.497638 0.405924 0.441732 0.427851 0.182129 0.154030 0.569361 0.571494 0.649086 0.370241 0.735557 0.538810 0.763361 1.793910 1.824499 1.467218 2.820863 2.865139 2.149817 2.002059 1.832132 2.009266 1.970091 2.321382 2.753564 2.165560 2.359043 1.388812 2.305619 2.454045 2.875351 2.997426 2.262474 2.259132 2.810672 2.114772 1.756344 2.076730 1.999998 1.996053 1.804153 1.184467 0.631330 0.347616 0.459813 0.003162 -0.003755 0.221192 -0.128020 0.275964 0.147567 0.253048 0.594023 0.441865
-9999.0 -9999.0 -9999.0 -9999.0 -9999.0 -9999.0 -9999.0 -9999.0 -9999.0 0.696411 0.481966 0.373178 0.418958 0.504207 0.486039 0.612442 0.688878 0.654682 0.555869 1.477977 1.749866 1.855876 2.567212 2.635202 2.401670 2.495895 2.549485 2.637768 2.619643 2.645344 2.006245 1.696373 1.678858 2.203572 2.165908 2.028463 1.446557 2.073193 2.137318 2.815704 2.911276 2.168367 2.342629 2.966448 1.976991 2.212985 2.196038 2.055086 1.739558 1.714003 1.901489 1.338117 0.643051 0.582008 0.262535 0.277949 0.239761 -0.137621 -0.138498 -0.043044 0.016301 0.023499 0.004882
-9999.0 -9999.0 -9999.0 -9999.0 -9999.0 -9999.0 -9999.0 -9999.0 -9999.0 0.948165 0.953409 0.618568 0.359616 0.559432 0.531655 0.583072 0.658195 0.523568 0.603115 1.812926 2.038259 2.198255 2.541396 2.719455 2.504298 2.450472 2.656409 2.527513 2.691515 2.697191 2.727117 2.373339 2.096371 1.998048 1.983600 1.834516 1.728261 2.060545 2.130326 2.779533 2.891334 2.183030 2.252623 2.189515 2.943059 1.932051 2.202968 2.131400 1.859659 1.594524 1.819945 1.598333 0.648449 0.695949 0.277951 0.436190 0.443692 0.303566 -0.207217 -0.018510 -0.009576 -0.122471 -0.215782
-9999.0 -9999.0 -9999.0 -9999.0 -9999.0 -9999.0 -9999.0 -9999.0 -9999.0 -9999.0 0.989993 0.516335 0.427681 0.561668 0.566472 0.613056 0.552980 0.613487 0.837982 2.769167 2.888881 2.770124 2.789029 2.588465 1.939213 2.272905 2.293696 2.523333 2.017755 2.808471 2.505076 2.095400 1.924817 1.893791 1.737533 1.662072 0.730640 1.952388 2.065398 2.221823 2.802963 2.901417 2.187852 2.184548 2.159249 2.134687 2.448078 2.384995 2.166702 1.934433 1.768420 1.618128 0.521165 0.665128 0.548806 0.763687 0.792277 0.403098 0.029849 -0.221048 -0.163157 -0.031659 -0.179434
-9999.0 -9999.0 -9999.0 -9999.0 -9999.0 -9999.0 -9999.0 -9999.0 -9999.0 -9999.0 -9999.0 -9999.0 0.588660 1.385241 0.572431 2.177773 3.104888 1.989008 2.741774 2.864372 2.480127 2.580224 1.388828 2.162545 2.080147 1.509274 1.569214 2.017240 2.242756 2.402108 2.138951 1.837313 1.735645 1.191496 0.071089 0.220025 1.739693 1.098813 1.941182 2.135772 2.667837 1.930927 2.133820 2.161008 2.150112 2.151063 2.053586 2.500936 2.371319 1.912867 1.790769 1.843414 1.507417 1.000794 0.715942 0.983393 0.856722 0.383026 0.293512 -0.010263 -0.375090 -0.857544 -0.825835
-9999.0 -9999.0 -9999.0 -9999.0 -9999.0 -9999.0 -9999.0 -9999.0 -9999.0 -9999.0 -9999.0 -9999.0 -9999.0 0.992758 0.441949 2.975354 3.194378 2.669979 2.537931 2.806706 2.922885 2.730801 2.290409 1.042702 2.059730 0.727467 1.638989 1.275742 1.247980 1.553156 2.146253 1.830041 0.750088 1.223190 0.385763 0.259251 1.685845 1.146299 1.699350 2.114981 2.313157 1.880019 2.117321 2.122756 2.146255 2.116451 2.043705 2.084069 2.403905 1.914232 1.607288 1.552347 0.816685 1.926758 0.742889 0.626148 0.932999 0.745384 0.362005 0.284624 -0.100904 -0.667947 -1.114514
-9999.0 -9999.0 -9999.0 -9999.0 -9999.0 -9999.0 -9999.0 -9999.0 -9999.0 -9999.0 -9999.0 -9999.0 -9999.0 -9999.0 2.020406 2.911749 2.382847 2.461277 2.822191 2.692017 2.833859 2.102044 1.713391 2.078068 1.826311 1.591788 0.758845 1.267717 1.131937 1.123354 2.245867 0.991656 0.888897 1.693446 0.481281 0.492616 1.367577 1.559472 1.052248 2.052374 2.149484 2.322470 1.953985 2.109806 2.128791 2.091842 2.052008 2.094800 2.646791 2.180622 2.093977 2.048649 1.848046 0.824846 0.647899 0.726965 0.618325 0.488720 -0.021659 0.023313 -0.082516 -0.666138 -0.881745
-9999.0 -9999.0 -9999.0 -9999.0 -9999.0 -9999.0 -9999.0 -9999.0 -9999.0 -9999.0 -9999.0 -9999.0 -9999.0 -9999.0 -9999.0 3.471798 2.004505 2.038601 1.834584 1.710752 1.796687 1.632822 1.205111 1.841128 1.749564 1.080809 0.616509 0.951732 1.057920 1.107151 1.162543 1.109012 0.975375 1.687120 0.486920 0.352238 0.399133 0.495279 0.579278 1.880097 2.078869 2.111919 2.344937 1.954261 2.077432 2.019975 1.971873 2.031958 2.589202 2.469624 2.418319 2.477778 2.046228 1.908315 1.317521 0.549113 0.932388 0.465820 0.213604 0.032062 -0.243310 -1.041728 -1.035533
-9999.0 -9999.0 -9999.0 -9999.0 -9999.0 -9999.0 -9999.0 -9999.0 -9999.0 -9999.0 -9999.0 -9999.0 -9999.0 -9999.0 -9999.0 2.408176 1.924769 1.749385 1.294406 1.520566 1.772241 1.554471 1.166350 1.816340 1.603185 0.408178 0.666194 0.896267 1.231497 1.105123 1.191248 1.152142 1.055595 1.703824 0.583076 0.607727 0.359949 0.478222 0.591157 1.887699 2.068956 2.057772 2.252910 2.007055 2.091768 2.100263 1.836443 1.976785 2.556576 2.447488 2.448414 2.702462 1.633593 2.321898 1.512331 0.718333 0.573066 0.594185 0.165535 -0.055232 -0.545344 -0.620745 -0.577033
-9999.0 -9999.0 -9999.0 -9999.0 -9999.0 -9999.0 -9999.0 -9999.0 -9999.0 -9999.0 -9999.0 -9999.0 -9999.0 -9999.0 -9999.0 -9999.0 1.894749 1.777471 1.314852 1.307139 2.083473 2.011522 1.292396 1.641161 1.490577 0.159786 0.510928 1.545280 1.041478 0.966245 1.066282 1.105481 1.052480 0.663713 0.664292 0.638776 0.473183 0.634754 0.511858 1.810563 1.911274 1.972492 2.201542 2.316595 2.401129 2.093176 1.995772 1.973629 2.533478 2.453096 2.429098 2.329050 1.873072 2.358379 1.387703 0.680764 0.714071 0.268388 -0.096315 -0.224553 -0.433625 -0.110011 -0.270447
-9999.0 -9999.0 -9999.0 -9999.0 -9999.0 -9999.0 -9999.0 -9999.0 -9999.0 -9999.0 -9999.0 -9999.0 -9999.0 -9999.0 -9999.0 -9999.0 -9999.0 -9999.0 -9999.0 1.501794 1.612665 0.456738 0.658111 0.610827 0.330926 0.388714 0.157267 1.062532 0.904329 0.807606 0.857530 0.965300 0.980711 0.750501 0.619443 0.698647 0.685291 0.545637 0.525700 0.670844 0.867388 0.840940 1.940504 1.913453 1.990010 2.423506 1.966407 1.985260 2.538726 2.454615 2.443227 2.230276 1.914078 2.533740 1.873879 0.670372 0.537041 0.274531 -0.298148 -0.221398 0.058586 0.426254 0.177447
-9999.0 -9999.0 -9999.0 -9999.0 -9999.0 -9999.0 -9999.0 -9999.0 -9999.0 -9999.0 -9999.0 -9999.0 -9999.0 -9999.0 -9999.0 -9999.0 -9999.0 -9999.0 -9999.0 -9999.0 -9999.0 0.447628 0.363671 0.480577 0.460646 0.440540 0.515864 0.252254 0.835858 0.926237 0.815330 0.897754 0.952604 0.782524 0.597328 0.618018 0.463913 0.555604 0.063251 1.866217 0.822434 1.073027 1.697994 1.752766 2.033315 2.298009 2.039289 1.975599 2.537864 2.455779 2.434785 2.252480 1.852131 2.468933 1.587917 0.602501 0.553390 0.374191 -0.191841 -0.260837 0.131653 0.607906 0.338201
-9999.0 -9999.0 -9999.0 -9999.0 -9999.0 -9999.0 -9999.0 -9999.0 -9999.0 -9999.0 -9999.0 -9999.0 -9999.0 -9999.0 -9999.0 -9999.0 -9999.0 -9999.0 -9999.0 -9999.0 -9999.0 0.109098 0.495818 0.029797 0.345098 0.117747 0.035291 0.347286 0.257586 1.083621 0.641166 0.588484 0.544126 0.428793 0.763348 0.510623 0.557031 0.248478 0.153889 0.534894 1.503060 1.361064 0.543193 1.632892 1.937523 2.275270 2.523547 2.531309 2.506527 2.528359 2.328198 2.253687 2.665833 2.304048 1.514609 0.469800 0.565565 0.365893 0.190065 0.290387 0.783286 0.742370 0.755704
-9999.0 -9999.0 -9999.0 -9999.0 -9999.0 -9999.0 -9999.0 -9999.0 -9999.0 -9999.0 -9999.0 -9999.0 -9999.0 -9999.0 -9999.0 -9999.0 -9999.0 -9999.0 -9999.0 -9999.0 -9999.0 -9999.0 -9999.0 -9999.0 -9999.0 -9999.0 -9999.0 -0.050735 0.091083 0.187088 0.613413 0.657365 0.694758 0.458581 0.409573 0.549161 0.548868 0.128117 0.080178 0.650385 0.731976 0.714633 0.643263 0.710412 1.670454 2.171935 2.421461 2.389727 2.534173 2.063071 1.431705 1.907031 2.016246 1.831380 1.429159 0.506525 0.644993 0.417512 0.576264 0.889739 0.935174 0.939598 1.045248
-9999.0 -9999.0 -9999.0 -9999.0 -9999.0 -9999.0 -9999.0 -9999.0 -9999.0 -9999.0 -9999.0 -9999.0 -9999.0 -9999.0 -9999.0 -9999.0 -9999.0 -9999.0 -9999.0 -9999.0 -9999.0 -9999.0 -9999.0 -9999.0 -9999.0 -9999.0 -9999.0 -0.165784 -0.069953 0.106547 0.639745 0.658677 0.548641 0.728768 0.459517 0.438392 0.505770 0.212910 0.202756 0.535612 0.821677 0.775389 0.749169 0.753801 1.771837 2.134757 2.421824 2.358998 2.387285 1.394856 1.149373 1.935972 1.044901 2.582851 1.412993 0.497754 0.652299 0.232537 0.638162 0.942195 0.908773 0.953318 1.028763
-9999.0 -9999.0 -9999.0 -9999.0 -9999.0 -9999.0 -9999.0 -9999.0 -9999.0 -9999.0 -9999.0 -9999.0 -9999.0 -9999.0 -9999.0 -9999.0 -9999.0 -9999.0 -9999.0 -9999.0 -9999.0 -9999.0 -9999.0 -9999.0 -9999.0 -9999.0 -9999.0 -9999.0 -0.170697 0.036211 0.344098 0.394171 0.289143 0.291123 0.322567 0.355920 0.401752 0.233037 0.460520 0.569551 0.831923 0.750135 0.696976 0.601516 0.641449 1.776095 2.023695 2.039774 1.739553 1.206878 1.309072 1.931781 1.066002 2.275923 1.573785 0.576460 0.635510 0.535685 0.759202 0.921573 1.001419 0.830844 1.137452
