tests/3D/snow_dstr_SENSITIVITY/output-maps-SE27XX/snowdepthN0024.asc
ncols         78
nrows         130
xllcorner     624800.000000
yllcorner     5171500.000000
cellsize      100.000000
NODATA_value  -9999.0
[rows 26 to 51 of 130, columns 0 to 58 of 78]
-9999.0 -9999.0 -9999.0 -9999.0 -9999.0 -9999.0 -9999.0 -9999.0 -9999.0 -9999.0 -9999.0 -9999.0 -9999.0 -9999.0 -9999.0 -9999.0 -9999.0 -9999.0 -9999.0 -9999.0 -9999.0 -9999.0 -9999.0 -9999.0 -9999.0 -9999.0 -9999.0 -9999.0 -9999.0 -9999.0 -9999.0 149.514583 154.575268 141.826843 136.303281 131.517305 124.924726 184.415718 127.610635 173.398527 202.919489 121.151636 170.966999 175.509104 77.546738 143.533848 143.813006 152.424802 141.858345 164.682522 167.690599 168.987182 175.247107 173.542566 176.337264 170.577656 123.534173 194.459848 172.906611
-9999.0 -9999.0 -9999.0 -9999.0 -9999.0 -9999.0 -9999.0 -9999.0 -9999.0 -9999.0 -9999.0 -9999.0 -9999.0 -9999.0 -9999.0 -9999.0 -9999.0 -9999.0 -9999.0 -9999.0 -9999.0 -9999.0 -9999.0 -9999.0 -9999.0 -9999.0 -9999.0 -9999.0 -9999.0 -9999.0 -9999.0 156.868677 146.419148 129.659956 126.852752 129.676277 126.637357 89.747681 193.732944 190.450038 188.100692 80.518825 154.431466 168.029354 167.535450 139.103389 134.735058 131.840803 91.430681 148.584692 74.542256 162.894725 180.004314 140.080495 171.294900 186.210169 161.067525 166.871951 169.456922
-9999.0 -9999.0 -9999.0 -9999.0 -9999.0 -9999.0 -9999.0 -9999.0 -9999.0 -9999.0 -9999.0 -9999.0 -9999.0 -9999.0 -9999.0 -9999.0 -9999.0 -9999.0 -9999.0 -9999.0 -9999.0 -9999.0 -9999.0 -9999.0 -9999.0 -9999.0 -9999.0 -9999.0 -9999.0 -9999.0 214.039419 216.629506 143.730064 135.623238 124.973788 127.664447 128.310615 273.183184 112.228946 116.984577 112.673099 260.531895 157.635148 164.129942 163.477713 139.940587 151.185615 134.157823 91.787298 145.676739 161.176263 136.809743 189.950972 171.562810 127.355050 142.719634 191.705219 193.559538 148.861182
-9999.0 -9999.0 -9999.0 -9999.0 -9999.0 -9999.0 -9999.0 -9999.0 -9999.0 -9999.0 -9999.0 -9999.0 -9999.0 -9999.0 -9999.0 -9999.0 -9999.0 -9999.0 -9999.0 -9999.0 -9999.0 -9999.0 -9999.0 -9999.0 -9999.0 -9999.0 -9999.0 -9999.0 -9999.0 -9999.0 155.197021 221.130117 211.092858 128.839698 133.276265 203.808201 126.111308 125.938457 121.377659 122.953150 119.849909 111.492742 172.466226 162.691133 162.293117 142.664605 150.463451 160.853844 136.282793 114.678282 128.466933 63.436924 196.235416 121.238941 201.178967 167.604890 158.585515 131.951907 220.157985
-9999.0 -9999.0 -9999.0 -9999.0 -9999.0 -9999.0 -9999.0 -9999.0 -9999.0 -9999.0 -9999.0 -9999.0 -9999.0 -9999.0 -9999.0 -9999.0 -9999.0 -9999.0 -9999.0 -9999.0 -9999.0 -9999.0 -9999.0 -9999.0 -9999.0 -9999.0 -9999.0 255.403100 141.432087 242.358050 164.093920 220.880652 151.055056 287.857928 119.844733 123.776799 127.142719 117.766412 118.985225 112.805360 114.500670 108.913242 249.791501 176.588112 165.781033 142.200602 138.397403 146.091615 136.011710 112.929886 111.294255 47.347623 104.876039 91.785506 117.618882 193.523332 137.326400 122.278360 291.103805
-9999.0 -9999.0 -9999.0 -9999.0 -9999.0 -9999.0 -9999.0 -9999.0 -9999.0 -9999.0 -9999.0 -9999.0 -9999.0 -9999.0 -9999.0 -9999.0 -9999.0 -9999.0 -9999.0 -9999.0 -9999.0 -9999.0 -9999.0 -9999.0 -9999.0 -9999.0 -9999.0 156.705803 152.658858 161.834164 236.529805 137.144376 138.845207 122.634606 134.075205 170.054365 162.177184 139.344366 141.592289 150.430252 259.761998 112.523767 153.865559 177.600853 72.573089 155.013513 139.751830 144.302298 134.342835 152.305772 121.599447 130.493619 139.789410 148.728842 82.804777 200.058929 138.236342 148.142750 193.178998
-9999.0 -9999.0 -9999.0 -9999.0 -9999.0 -9999.0 -9999.0 -9999.0 -9999.0 -9999.0 -9999.0 -9999.0 -9999.0 -9999.0 -9999.0 -9999.0 -9999.0 -9999.0 -9999.0 -9999.0 -9999.0 -9999.0 -9999.0 -9999.0 -9999.0 -9999.0 -9999.0 231.384576 171.271224 254.783685 141.874519 222.440352 138.480543 166.971071 209.024171 174.438441 193.497952 192.792989 194.201836 148.448502 148.587529 186.358905 109.195408 105.387526 174.502631 146.661831 132.539170 140.456318 127.751721 127.029209 136.200039 136.674023 121.571747 148.095395 175.327156 117.166984 188.973675 129.803525 168.519312
-9999.0 -9999.0 -9999.0 -9999.0 -9999.0 -9999.0 -9999.0 -9999.0 -9999.0 -9999.0 -9999.0 -9999.0 -9999.0 -9999.0 -9999.0 -9999.0 -9999.0 -9999.0 -9999.0 -9999.0 -9999.0 -9999.0 -9999.0 -9999.0 -9999.0 -9999.0 -9999.0 -9999.0 266.664208 167.213325 146.326684 216.084157 132.761160 167.301932 219.555558 176.132255 153.659391 155.021208 154.520009 145.827562 146.973095 139.324694 133.767010 131.984659 103.645787 108.157453 105.936199 152.317380 115.094471 108.906532 94.506586 105.874682 117.253401 130.678489 160.054310 172.343021 149.055044 116.243962 85.290877
-9999.0 -9999.0 -9999.0 -9999.0 -9999.0 -9999.0 -9999.0 -9999.0 -9999.0 -9999.0 -9999.0 -9999.0 -9999.0 -9999.0 -9999.0 -9999.0 -9999.0 -9999.0 -9999.0 -9999.0 -9999.0 -9999.0 -9999.0 -9999.0 -9999.0 -9999.0 -9999.0 -9999.0 204.299814 241.121008 151.290918 150.793612 186.357725 179.682371 178.142617 173.767378 203.077425 187.564335 184.321028 148.616755 149.341543 142.671185 135.932762 114.472782 143.814848 162.571432 159.227324 110.038237 119.962992 104.858193 100.652528 101.461121 132.224810 111.986837 55.153797 163.023539 172.208376 112.209975 117.851584
-9999.0 -9999.0 -9999.0 -9999.0 -9999.0 -9999.0 -9999.0 -9999.0 -9999.0 -9999.0 -9999.0 -9999.0 -9999.0 -9999.0 -9999.0 -9999.0 -9999.0 -9999.0 -9999.0 -9999.0 -9999.0 -9999.0 -9999.0 -9999.0 -9999.0 -9999.0 -9999.0 -9999.0 187.275399 237.187217 238.846800 196.282868 182.730547 183.968580 177.183710 176.097408 159.835117 157.227813 149.745251 148.810014 179.863867 141.846538 129.649124 133.827062 141.589737 167.655357 210.089450 104.060999 61.933757 112.333211 111.410534 110.452598 142.061407 117.369981 149.084008 177.041723 113.830412 108.810450 168.933780
-9999.0 -9999.0 -9999.0 -9999.0 -9999.0 -9999.0 -9999.0 -9999.0 -9999.0 -9999.0 -9999.0 -9999.0 -9999.0 -9999.0 -9999.0 -9999.0 -9999.0 -9999.0 -9999.0 -9999.0 -9999.0 -9999.0 -9999.0 -9999.0 -9999.0 -9999.0 -9999.0 268.462042 247.523343 236.622497 180.741596 181.017956 185.721714 224.526003 176.667287 211.362872 211.422496 149.176169 190.090440 189.697138 202.596921 182.460812 115.875619 132.424957 139.008814 169.841741 223.502048 156.209810 58.625761 97.251711 102.434449 96.225611 93.930663 71.689082 117.792859 158.296335 156.760575 163.901871 86.835328
-9999.0 -9999.0 -9999.0 -9999.0 -9999.0 -9999.0 -9999.0 -9999.0 -9999.0 -9999.0 -9999.0 -9999.0 -9999.0 -9999.0 -9999.0 -9999.0 -9999.0 -9999.0 -9999.0 -9999.0 -9999.0 -9999.0 -9999.0 -9999.0 -9999.0 -9999.0 -9999.0 -9999.0 270.276381 247.690457 183.255281 203.532391 192.374949 173.882899 176.008268 219.075941 154.736873 173.678130 171.602676 207.893907 126.502542 185.355188 118.246717 155.564049 126.852481 122.324221 176.824387 172.134925 128.084512 104.370500 95.873424 90.465318 107.240582 81.440020 118.401782 76.524908 71.666219 75.314811 74.003692
-9999.0 -9999.0 -9999.0 -9999.0 -9999.0 -9999.0 -9999.0 -9999.0 -9999.0 -9999.0 -9999.0 -9999.0 -9999.0 -9999.0 -9999.0 -9999.0 -9999.0 -9999.0 -9999.0 -9999.0 -9999.0 -9999.0 -9999.0 -9999.0 -9999.0 -9999.0 -9999.0 -9999.0 181.222405 171.123329 242.070688 255.228551 193.075361 240.141156 187.655090 221.317684 173.598774 181.823955 175.989061 200.307100 122.686157 123.669091 113.580360 184.476383 108.914326 160.147092 170.795302 173.314403 140.970314 109.961447 118.409627 78.002300 100.029521 75.554798 128.401322 168.092000 78.192507 82.118700 84.515315
-9999.0 -9999.0 -9999.0 -9999.0 -9999.0 -9999.0 -9999.0 -9999.0 -9999.0 -9999.0 -9999.0 -9999.0 -9999.0 -9999.0 -9999.0 -9999.0 -9999.0 -9999.0 -9999.0 -9999.0 -9999.0 -9999.0 -9999.0 -9999.0 -9999.0 -9999.0 -9999.0 -9999.0 -9999.0 -9999.0 174.173507 178.700202 180.258987 137.148261 164.133405 166.379747 229.608173 126.399311 119.287807 168.896371 171.808639 190.656269 176.859195 82.063312 180.171483 76.658090 160.856372 175.728883 149.807604 111.181925 104.936002 80.663869 82.576474 37.596399 102.305400 143.684044 171.677764 71.612259 67.275607
-9999.0 -9999.0 -9999.0 -9999.0 -9999.0 -9999.0 -9999.0 -9999.0 -9999.0 -9999.0 -9999.0 -9999.0 -9999.0 -9999.0 -9999.0 -9999.0 -9999.0 -9999.0 -9999.0 -9999.0 -9999.0 -9999.0 -9999.0 -9999.0 -9999.0 -9999.0 -9999.0 -9999.0 -9999.0 -9999.0 159.377335 156.755296 237.410579 143.084023 152.160291 226.974612 132.746429 128.988914 129.794949 128.183811 274.313754 189.666669 176.023633 249.257140 179.459192 173.506009 168.413425 73.065337 161.646110 115.397097 98.894382 73.839387 84.243716 78.771518 82.198004 82.274448 110.532320 163.534854 258.671681
-9999.0 -9999.0 -9999.0 -9999.0 -9999.0 -9999.0 -9999.0 -9999.0 -9999.0 -9999.0 -9999.0 -9999.0 -9999.0 -9999.0 -9999.0 -9999.0 -9999.0 -9999.0 -9999.0 -9999.0 -9999.0 -9999.0 -9999.0 -9999.0 -9999.0 -9999.0 -9999.0 -9999.0 -9999.0 -9999.0 155.547531 160.519220 245.448629 217.361401 220.094253 142.081725 140.133970 132.454510 129.296419 118.714908 114.299333 116.150486 82.164091 176.578658 108.219076 179.537720 172.969983 72.359214 167.533800 121.689079 102.056263 70.223078 83.276781 81.392612 75.623128 150.134313 149.762679 77.160234 255.333682
-9999.0 -9999.0 -9999.0 -9999.0 -9999.0 -9999.0 -9999.0 -9999.0 -9999.0 -9999.0 -9999.0 -9999.0 -9999.0 -9999.0 -9999.0 -9999.0 -9999.0 -9999.0 -9999.0 -9999.0 -9999.0 -9999.0 -9999.0 -9999.0 -9999.0 -9999.0 -9999.0 -9999.0 -9999.0 -9999.0 150.464564 204.554130 152.332908 142.673386 137.212843 139.827472 231.960610 128.012043 124.895800 115.907593 115.684427 266.329610 108.605928 140.326224 168.357541 163.519060 174.447049 226.486374 172.383714 126.269548 105.027324 79.827298 74.850786 71.706937 71.073901 109.284461 152.340463 167.353814 175.391939
-9999.0 -9999.0 -9999.0 -9999.0 -9999.0 -9999.0 -9999.0 -9999.0 -9999.0 -9999.0 -9999.0 -9999.0 -9999.0 -9999.0 -9999.0 -9999.0 -9999.0 -9999.0 -9999.0 -9999.0 -9999.0 -9999.0 -9999.0 -9999.0 -9999.0 -9999.0 -9999.0 -9999.0 -9999.0 -9999.0 212.822911 222.617845 233.282295 217.303636 147.386009 217.123992 141.084843 133.708500 122.465937 188.869387 109.537440 112.158806 115.030524 252.138796 139.194047 133.902279 131.489921 227.478456 167.946083 121.602672 95.762580 72.042495 63.025592 69.002378 65.361152 100.612686 118.356630 173.147790 74.702601
-9999.0 -9999.0 -9999.0 -9999.0 -9999.0 -9999.0 -9999.0 -9999.0 -9999.0 -9999.0 -9999.0 -9999.0 -9999.0 -9999.0 -9999.0 -9999.0 -9999.0 -9999.0 -9999.0 -9999.0 -9999.0 -9999.0 -9999.0 -9999.0 -9999.0 -9999.0 -9999.0 -9999.0 -9999.0 -9999.0 -9999.0 198.169783 229.591409 152.396404 153.055297 152.532981 208.505056 132.156193 128.790084 113.404490 114.542111 148.164969 149.900387 145.236140 133.094014 164.019429 120.389716 179.121267 162.175250 107.336695 111.643889 76.846475 70.075314 72.676103 66.016740 99.943227 118.520608 155.921736 238.592360
-9999.0 -9999.0 -9999.0 -9999.0 -9999.0 -9999.0 -9999.0 -9999.0 -9999.0 -9999.0 -9999.0 -9999.0 -9999.0 -9999.0 -9999.0 -9999.0 -9999.0 -9999.0 -9999.0 -9999.0 -9999.0 -9999.0 -9999.0 -9999.0 -9999.0 -9999.0 -9999.0 -9999.0 -9999.0 -9999.0 -9999.0 187.965836 188.474687 156.673682 154.273423 224.394216 206.079345 165.765538 181.785922 149.587914 139.514107 148.388873 133.600818 137.737981 160.578356 122.953418 175.408750 173.381977 169.116378 158.698734 111.456324 72.098484 64.400095 80.088695 65.701623 87.092725 113.078723 60.508614 164.025833
-9999.0 -9999.0 -9999.0 -9999.0 -9999.0 -9999.0 -9999.0 -9999.0 -9999.0 -9999.0 -9999.0 -9999.0 -9999.0 -9999.0 -9999.0 -9999.0 -9999.0 -9999.0 -9999.0 -9999.0 -9999.0 -9999.0 -9999.0 -9999.0 -9999.0 -9999.0 -9999.0 -9999.0 -9999.0 -9999.0 -9999.0 239.211745 183.169698 218.514243 154.095050 154.438551 145.382961 216.438380 192.317422 202.846574 153.902812 185.594546 138.092843 168.163136 149.564872 136.667194 102.429837 166.217236 156.215297 137.718248 101.388439 66.334020 63.064753 74.351829 69.030903 86.146824 100.531731 137.718009 74.735266
-9999.0 -9999.0 -9999.0 -9999.0 -9999.0 -9999.0 -9999.0 -9999.0 -9999.0 -9999.0 -9999.0 -9999.0 -9999.0 -9999.0 -9999.0 -9999.0 -9999.0 -9999.0 -9999.0 -9999.0 -9999.0 -9999.0 -9999.0 -9999.0 -9999.0 -9999.0 -9999.0 -9999.0 -9999.0 -9999.0 -9999.0 145.533412 230.800685 233.883337 230.474731 174.060667 146.923805 225.741908 222.248192 129.455046 139.394829 127.378925 113.963380 265.058593 109.540380 185.724288 242.852003 169.589913 134.248977 123.620527 109.875382 69.335726 63.855914 75.099874 77.951047 86.156543 106.703528 116.901918 109.796075
-9999.0 -9999.0 -9999.0 -9999.0 -9999.0 -9999.0 -9999.0 -9999.0 -9999.0 -9999.0 -9999.0 -9999.0 -9999.0 -9999.0 -9999.0 -9999.0 -9999.0 -9999.0 -9999.0 -9999.0 -9999.0 -9999.0 -9999.0 -9999.0 -9999.0 -9999.0 -9999.0 -9999.0 -9999.0 144.851530 150.225370 150.727639 145.063037 131.843712 195.124475 190.513753 132.412142 172.749410 199.709493 123.826106 121.831166 117.055721 110.138695 114.739488 112.472914 247.631172 176.745786 166.567273 133.246470 136.837583 115.856525 63.770982 52.708257 71.810030 77.171125 87.309628 95.478832 90.732580 106.746331
-9999.0 -9999.0 -9999.0 -9999.0 -9999.0 -9999.0 -9999.0 -9999.0 -9999.0 -9999.0 -9999.0 -9999.0 -9999.0 -9999.0 -9999.0 -9999.0 -9999.0 -9999.0 -9999.0 -9999.0 -9999.0 -9999.0 -9999.0 -9999.0 -9999.0 -9999.0 -9999.0 -9999.0 148.569050 141.509437 150.646977 219.481567 138.795255 197.350499 131.376693 128.642729 143.150902 209.359097 201.557677 200.371764 144.982171 149.958573 116.092898 118.008548 107.889722 174.907495 174.392647 168.953912 141.585992 132.858698 98.606918 62.191400 55.609903 69.500392 71.965068 88.577869 82.172392 78.591977 138.004394
-9999.0 -9999.0 -9999.0 -9999.0 -9999.0 -9999.0 -9999.0 -9999.0 -9999.0 -9999.0 -9999.0 -9999.0 -9999.0 -9999.0 -9999.0 -9999.0 -9999.0 -9999.0 -9999.0 -9999.0 -9999.0 -9999.0 -9999.0 -9999.0 -9999.0 -9999.0 -9999.0 203.634008 193.817573 137.664661 152.356110 152.314737 141.054149 134.258457 135.063433 133.710407 125.384743 132.069487 133.613952 211.443306 149.022045 144.175767 177.284022 137.052052 113.856796 175.309536 173.330762 170.336155 143.826684 124.929554 92.379141 60.796222 52.895266 56.981965 68.558874 88.992508 97.663324 111.315182 98.113793
-9999.0 -9999.0 -9999.0 -9999.0 -9999.0 -9999.0 -9999.0 -9999.0 -9999.0 -9999.0 -9999.0 -9999.0 -9999.0 -9999.0 -9999.0 -9999.0 -9999.0 -9999.0 -9999.0 -9999.0 -9999.0 -9999.0 -9999.0 -9999.0 -9999.0 -9999.0 -9999.0 129.776380 131.496349 126.076516 144.620519 139.770386 187.351285 128.097837 128.426759 127.280533 113.519625 113.969557 177.970938 125.836144 113.960818 128.031440 161.008926 122.049209 116.676480 159.826995 68.802354 164.554709 119.050880 99.601798 85.023740 62.540320 46.076942 52.749693 62.275642 37.665184 82.102140 99.344747 140.308828
