tests/3D/snow_dstr_SENSITIVITY/output-maps-SE27XX/snowdepthN0007.asc
ncols         78
nrows         130
xllcorner     624800.000000
yllcorner     5171500.000000
cellsize      100.000000
NODATA_value  -9999.0
[rows 26 to 51 of 130, columns 0 to 59 of 78]
-9999.0 -9999.0 -9999.0 -9999.0 -9999.0 -9999.0 -9999.0 -9999.0 -9999.0 -9999.0 -9999.0 -9999.0 -9999.0 -9999.0 -9999.0 -9999.0 -9999.0 -9999.0 -9999.0 -9999.0 -9999.0 -9999.0 -9999.0 -9999.0 -9999.0 -9999.0 -9999.0 -9999.0 -9999.0 -9999.0 -9999.0 206.877389 45.071445 40.742169 31.834040 26.198548 21.144764 17.291952 27.454963 19.747140 42.680451 36.552437 22.308174 20.576528 21.120799 82.695839 25.750209 19.987420 76.912752 36.401885 94.215793 93.513000 95.704328 94.099459 88.096164 94.935629 98.140610 102.582833 85.214654 101.575663
-9999.0 -9999.0 -9999.0 -9999.0 -9999.0 -9999.0 -9999.0 -9999.0 -9999.0 -9999.0 -9999.0 -9999.0 -9999.0 -9999.0 -9999.0 -9999.0 -9999.0 -9999.0 -9999.0 -9999.0 -9999.0 -9999.0 -9999.0 -9999.0 -9999.0 -9999.0 -9999.0 -9999.0 -9999.0 -9999.0 -9999.0 117.083166 51.390568 31.109826 25.725839 44.817608 32.596835 107.059404 16.964996 99.696276 99.906351 16.217944 28.250156 18.949331 18.072385 21.223727 18.970399 83.405998 58.759759 26.929476 97.029124 108.500811 69.602063 87.721364 93.805592 97.378541 98.509806 144.226940 97.673957 77.835857
-9999.0 -9999.0 -9999.0 -9999.0 -9999.0 -9999.0 -9999.0 -9999.0 -9999.0 -9999.0 -9999.0 -9999.0 -9999.0 -9999.0 -9999.0 -9999.0 -9999.0 -9999.0 -9999.0 -9999.0 -9999.0 -9999.0 -9999.0 -9999.0 -9999.0 -9999.0 -9999.0 -9999.0 -9999.0 -9999.0 39.049033 48.494245 43.671459 46.356425 35.597052 27.045847 32.928065 21.066495 25.001519 29.285207 15.112801 23.808644 126.418963 19.503964 123.837080 24.874743 24.557441 89.263556 61.676850 87.962796 91.271257 91.327450 46.196188 37.656225 68.440677 68.467810 102.012501 36.345512 48.463704 50.476478
-9999.0 -9999.0 -9999.0 -9999.0 -9999.0 -9999.0 -9999.0 -9999.0 -9999.0 -9999.0 -9999.0 -9999.0 -9999.0 -9999.0 -9999.0 -9999.0 -9999.0 -9999.0 -9999.0 -9999.0 -9999.0 -9999.0 -9999.0 -9999.0 -9999.0 -9999.0 -9999.0 -9999.0 -9999.0 -9999.0 47.360945 41.738473 38.613089 106.106046 31.681983 42.760797 31.249882 39.624447 44.466419 33.106005 30.424295 102.914528 20.969219 25.928766 122.640827 29.469491 27.225521 18.014524 81.508440 65.414710 64.562840 96.220523 35.073926 28.370008 41.232928 72.380645 81.367497 36.746195 29.159133 40.728035
-9999.0 -9999.0 -9999.0 -9999.0 -9999.0 -9999.0 -9999.0 -9999.0 -9999.0 -9999.0 -9999.0 -9999.0 -9999.0 -9999.0 -9999.0 -9999.0 -9999.0 -9999.0 -9999.0 -9999.0 -9999.0 -9999.0 -9999.0 -9999.0 -9999.0 -9999.0 -9999.0 53.397507 43.639668 28.466228 50.815993 42.051203 47.852841 37.823867 22.638539 99.035400 82.863598 31.764308 30.765740 25.192199 24.261330 23.222875 92.577664 31.808862 122.733111 32.332131 26.695261 19.830360 78.914823 62.746210 62.029628 67.959529 99.134855 16.939363 32.294881 44.259492 45.518797 25.006169 109.031108 109.365378
-9999.0 -9999.0 -9999.0 -9999.0 -9999.0 -9999.0 -9999.0 -9999.0 -9999.0 -9999.0 -9999.0 -9999.0 -9999.0 -9999.0 -9999.0 -9999.0 -9999.0 -9999.0 -9999.0 -9999.0 -9999.0 -9999.0 -9999.0 -9999.0 -9999.0 -9999.0 -9999.0 202.665505 50.824396 216.031362 45.681888 46.614335 39.544503 28.288263 86.173021 102.790843 83.766568 93.359414 87.817585 91.759784 82.352642 26.569832 90.724895 30.422249 23.323055 33.616008 95.417177 27.540117 92.482451 93.124606 62.490522 70.432187 87.859126 110.922712 29.540911 30.606964 40.447232 37.925556 17.401752 109.929400
-9999.0 -9999.0 -9999.0 -9999.0 -9999.0 -9999.0 -9999.0 -9999.0 -9999.0 -9999.0 -9999.0 -9999.0 -9999.0 -9999.0 -9999.0 -9999.0 -9999.0 -9999.0 -9999.0 -9999.0 -9999.0 -9999.0 -9999.0 -9999.0 -9999.0 -9999.0 -9999.0 46.202753 43.918859 217.184029 45.987324 35.054166 120.453006 85.628926 91.160162 87.405528 98.398584 95.918169 87.452622 92.867040 93.198611 88.042817 24.599090 22.928377 27.514387 36.071707 102.786922 28.726823 90.644881 84.291178 78.556344 65.099685 63.846922 86.688806 15.811087 102.521907 16.562287 32.807239 21.682042 106.671818
-9999.0 -9999.0 -9999.0 -9999.0 -9999.0 -9999.0 -9999.0 -9999.0 -9999.0 -9999.0 -9999.0 -9999.0 -9999.0 -9999.0 -9999.0 -9999.0 -9999.0 -9999.0 -9999.0 -9999.0 -9999.0 -9999.0 -9999.0 -9999.0 -9999.0 -9999.0 -9999.0 -9999.0 125.682142 48.333014 35.869984 43.489472 103.672041 82.228372 87.006987 89.143334 104.895344 87.649758 100.683833 98.087859 95.409942 94.179473 93.742134 95.653306 91.994852 100.699815 97.133116 113.390961 83.098059 68.948424 59.939412 56.152514 57.459841 67.514672 93.432220 16.498581 21.944441 27.818369 16.218818 102.930082
-9999.0 -9999.0 -9999.0 -9999.0 -9999.0 -9999.0 -9999.0 -9999.0 -9999.0 -9999.0 -9999.0 -9999.0 -9999.0 -9999.0 -9999.0 -9999.0 -9999.0 -9999.0 -9999.0 -9999.0 -9999.0 -9999.0 -9999.0 -9999.0 -9999.0 -9999.0 -9999.0 -9999.0 126.919391 118.766073 112.446745 91.322238 110.329978 95.606771 93.148722 93.552226 97.161926 81.309250 93.505665 78.578714 99.892390 97.647600 91.827635 91.145242 101.632648 26.721179 89.583375 85.646022 22.685367 80.032937 63.977581 63.769403 71.793513 55.274660 90.603342 16.906366 18.001766 100.981303 33.602053 29.357669
-9999.0 -9999.0 -9999.0 -9999.0 -9999.0 -9999.0 -9999.0 -9999.0 -9999.0 -9999.0 -9999.0 -9999.0 -9999.0 -9999.0 -9999.0 -9999.0 -9999.0 -9999.0 -9999.0 -9999.0 -9999.0 -9999.0 -9999.0 -9999.0 -9999.0 -9999.0 -9999.0 -9999.0 122.469458 117.764348 115.179176 108.745458 109.640288 103.205733 100.046877 102.206090 102.480225 87.748497 84.669793 84.288444 82.909929 82.081471 91.149521 92.548459 77.349551 96.025365 30.689307 94.141532 102.015970 90.944557 82.718964 75.177155 75.566874 63.341459 66.586744 18.259847 13.771171 101.586540 21.259318 22.357687
-9999.0 -9999.0 -9999.0 -9999.0 -9999.0 -9999.0 -9999.0 -9999.0 -9999.0 -9999.0 -9999.0 -9999.0 -9999.0 -9999.0 -9999.0 -9999.0 -9999.0 -9999.0 -9999.0 -9999.0 -9999.0 -9999.0 -9999.0 -9999.0 -9999.0 -9999.0 -9999.0 58.667958 85.824665 89.930637 109.122811 116.650873 115.946381 112.967121 109.855469 106.956329 107.012101 178.680104 49.691001 39.706806 40.025828 38.983723 39.021464 85.011398 88.124303 75.060813 30.009687 119.407629 94.673371 23.073779 81.749159 63.603159 60.830318 51.239559 59.123942 96.727841 95.340701 94.644354 27.469230 23.982067
-9999.0 -9999.0 -9999.0 -9999.0 -9999.0 -9999.0 -9999.0 -9999.0 -9999.0 -9999.0 -9999.0 -9999.0 -9999.0 -9999.0 -9999.0 -9999.0 -9999.0 -9999.0 -9999.0 -9999.0 -9999.0 -9999.0 -9999.0 -9999.0 -9999.0 -9999.0 -9999.0 -9999.0 61.018345 83.335687 120.724847 123.399391 122.311974 118.775623 115.585079 74.225430 79.972530 110.602511 95.523144 44.246711 31.890741 35.414488 38.476466 41.934687 112.761710 81.369960 35.026459 96.146671 32.367011 106.259694 85.027279 68.710024 76.820127 56.378847 64.849258 19.629364 16.135457 20.736345 18.959251 13.229533
-9999.0 -9999.0 -9999.0 -9999.0 -9999.0 -9999.0 -9999.0 -9999.0 -9999.0 -9999.0 -9999.0 -9999.0 -9999.0 -9999.0 -9999.0 -9999.0 -9999.0 -9999.0 -9999.0 -9999.0 -9999.0 -9999.0 -9999.0 -9999.0 -9999.0 -9999.0 -9999.0 -9999.0 50.269610 93.168785 87.850123 96.222935 124.377330 85.796018 115.903110 75.532466 108.781817 109.606641 99.616654 43.209029 32.620914 21.939841 33.898597 14.932755 40.188694 93.716462 122.146249 25.707061 32.906418 110.750174 28.965305 58.831334 72.699678 69.208763 75.420311 13.673635 24.444105 28.173288 28.144829 27.796983
-9999.0 -9999.0 -9999.0 -9999.0 -9999.0 -9999.0 -9999.0 -9999.0 -9999.0 -9999.0 -9999.0 -9999.0 -9999.0 -9999.0 -9999.0 -9999.0 -9999.0 -9999.0 -9999.0 -9999.0 -9999.0 -9999.0 -9999.0 -9999.0 -9999.0 -9999.0 -9999.0 -9999.0 -9999.0 -9999.0 184.012207 84.067215 74.658600 35.093324 63.816731 54.247591 86.417008 33.585874 38.617851 40.975111 41.133266 30.594756 18.650854 20.202495 22.817863 123.578246 25.189629 22.299621 89.790264 29.241211 106.928412 61.955244 61.385262 51.791167 63.698695 78.588938 14.223554 85.548700 16.650850 21.213297
-9999.0 -9999.0 -9999.0 -9999.0 -9999.0 -9999.0 -9999.0 -9999.0 -9999.0 -9999.0 -9999.0 -9999.0 -9999.0 -9999.0 -9999.0 -9999.0 -9999.0 -9999.0 -9999.0 -9999.0 -9999.0 -9999.0 -9999.0 -9999.0 -9999.0 -9999.0 -9999.0 -9999.0 -9999.0 -9999.0 49.287593 49.147070 49.853827 24.484960 33.819897 49.051045 31.679411 41.626923 44.332775 28.100416 28.767343 44.959111 34.629283 89.172451 15.463639 22.921895 31.134269 23.728004 24.055794 81.052000 79.713726 20.690471 73.844607 57.044224 55.860672 57.477804 68.011021 125.032003 15.329285 25.385733
-9999.0 -9999.0 -9999.0 -9999.0 -9999.0 -9999.0 -9999.0 -9999.0 -9999.0 -9999.0 -9999.0 -9999.0 -9999.0 -9999.0 -9999.0 -9999.0 -9999.0 -9999.0 -9999.0 -9999.0 -9999.0 -9999.0 -9999.0 -9999.0 -9999.0 -9999.0 -9999.0 -9999.0 -9999.0 -9999.0 51.961307 40.685217 41.886039 40.964741 47.450536 24.021458 40.017576 32.182192 25.794592 101.471420 32.033332 32.495403 28.620699 111.923753 103.538821 22.539742 23.631551 23.848243 24.222190 112.677378 25.880677 21.911611 79.761127 67.572507 60.463614 23.395740 92.621995 21.925450 15.505906 16.267451
-9999.0 -9999.0 -9999.0 -9999.0 -9999.0 -9999.0 -9999.0 -9999.0 -9999.0 -9999.0 -9999.0 -9999.0 -9999.0 -9999.0 -9999.0 -9999.0 -9999.0 -9999.0 -9999.0 -9999.0 -9999.0 -9999.0 -9999.0 -9999.0 -9999.0 -9999.0 -9999.0 -9999.0 -9999.0 -9999.0 54.157450 43.113372 46.072638 38.769658 203.951850 43.992535 45.296932 29.946032 24.277462 104.895851 93.897866 28.510447 34.208938 44.160917 113.967549 67.827793 117.148107 31.300788 26.688717 113.758238 30.154476 24.769734 84.746140 56.787759 60.205550 75.479561 88.849792 13.942110 17.877207 24.409598
-9999.0 -9999.0 -9999.0 -9999.0 -9999.0 -9999.0 -9999.0 -9999.0 -9999.0 -9999.0 -9999.0 -9999.0 -9999.0 -9999.0 -9999.0 -9999.0 -9999.0 -9999.0 -9999.0 -9999.0 -9999.0 -9999.0 -9999.0 -9999.0 -9999.0 -9999.0 -9999.0 -9999.0 -9999.0 -9999.0 52.109323 117.790544 38.047499 33.676566 47.377876 41.976000 35.583613 29.902924 27.419771 35.360966 91.951053 96.453612 40.697616 28.573895 100.485271 85.953826 85.968351 101.068330 108.121783 113.712574 22.665889 24.047257 89.210113 58.678068 52.329203 77.587784 81.130476 21.946575 24.185865 28.858646
-9999.0 -9999.0 -9999.0 -9999.0 -9999.0 -9999.0 -9999.0 -9999.0 -9999.0 -9999.0 -9999.0 -9999.0 -9999.0 -9999.0 -9999.0 -9999.0 -9999.0 -9999.0 -9999.0 -9999.0 -9999.0 -9999.0 -9999.0 -9999.0 -9999.0 -9999.0 -9999.0 -9999.0 -9999.0 -9999.0 -9999.0 123.276404 81.497819 44.262192 48.348874 45.388401 40.620897 30.524238 27.376165 99.839942 85.107137 82.182274 101.918959 95.420350 122.405711 92.021589 113.959970 86.677959 97.424928 97.405266 94.137126 26.804739 18.426243 74.431327 54.138673 84.164784 87.116873 19.957119 17.034947 22.510831
-9999.0 -9999.0 -9999.0 -9999.0 -9999.0 -9999.0 -9999.0 -9999.0 -9999.0 -9999.0 -9999.0 -9999.0 -9999.0 -9999.0 -9999.0 -9999.0 -9999.0 -9999.0 -9999.0 -9999.0 -9999.0 -9999.0 -9999.0 -9999.0 -9999.0 -9999.0 -9999.0 -9999.0 -9999.0 -9999.0 -9999.0 84.756687 115.048778 52.182996 46.108088 45.022436 40.798264 95.420460 73.380108 70.599380 72.262695 90.460258 92.642605 70.282368 91.997206 87.638269 85.998109 82.280926 26.357580 31.568226 30.906563 24.462578 99.136629 79.905967 55.911950 73.148495 85.857664 13.117326 123.654526 91.679032
-9999.0 -9999.0 -9999.0 -9999.0 -9999.0 -9999.0 -9999.0 -9999.0 -9999.0 -9999.0 -9999.0 -9999.0 -9999.0 -9999.0 -9999.0 -9999.0 -9999.0 -9999.0 -9999.0 -9999.0 -9999.0 -9999.0 -9999.0 -9999.0 -9999.0 -9999.0 -9999.0 -9999.0 -9999.0 -9999.0 -9999.0 91.578055 115.129187 110.850829 41.601042 42.402762 44.973813 54.275933 171.946638 43.973223 88.989352 73.955743 79.009326 163.163225 120.816456 45.186830 35.567923 28.520880 121.308251 96.416229 24.858350 19.845046 97.310284 79.572031 58.568810 74.004482 81.474397 92.142796 90.358415 78.911207
-9999.0 -9999.0 -9999.0 -9999.0 -9999.0 -9999.0 -9999.0 -9999.0 -9999.0 -9999.0 -9999.0 -9999.0 -9999.0 -9999.0 -9999.0 -9999.0 -9999.0 -9999.0 -9999.0 -9999.0 -9999.0 -9999.0 -9999.0 -9999.0 -9999.0 -9999.0 -9999.0 -9999.0 -9999.0 -9999.0 -9999.0 46.942891 92.346335 51.568148 106.914298 109.343303 49.898012 49.513994 44.710415 26.610938 45.092985 48.217596 25.953297 25.255705 104.666977 97.255534 95.880040 18.239585 81.377872 96.093026 26.395765 21.523513 98.954589 82.139870 83.242285 75.765160 85.607629 83.194270 88.604479 81.725057
-9999.0 -9999.0 -9999.0 -9999.0 -9999.0 -9999.0 -9999.0 -9999.0 -9999.0 -9999.0 -9999.0 -9999.0 -9999.0 -9999.0 -9999.0 -9999.0 -9999.0 -9999.0 -9999.0 -9999.0 -9999.0 -9999.0 -9999.0 -9999.0 -9999.0 -9999.0 -9999.0 -9999.0 -9999.0 26.340213 32.293931 44.942980 46.894415 39.897139 30.569879 30.283640 32.088826 98.117459 97.732931 75.114440 23.151871 100.035605 95.308720 96.327219 100.448877 96.067045 22.473849 16.645632 116.451692 98.991261 80.795483 19.318670 91.780882 75.663577 73.676225 80.917643 75.277938 83.736764 83.971265 53.973276
-9999.0 -9999.0 -9999.0 -9999.0 -9999.0 -9999.0 -9999.0 -9999.0 -9999.0 -9999.0 -9999.0 -9999.0 -9999.0 -9999.0 -9999.0 -9999.0 -9999.0 -9999.0 -9999.0 -9999.0 -9999.0 -9999.0 -9999.0 -9999.0 -9999.0 -9999.0 -9999.0 -9999.0 31.903472 48.060664 32.425070 35.897652 33.970811 23.007612 43.809554 36.463388 47.930217 47.714381 56.826637 94.881820 94.144434 62.661354 105.516540 102.747176 100.240251 19.992064 21.576699 15.625286 96.138255 17.485133 79.261949 18.815643 85.226719 56.802796 68.870108 85.315517 66.569049 75.343163 84.672462 129.054989
-9999.0 -9999.0 -9999.0 -9999.0 -9999.0 -9999.0 -9999.0 -9999.0 -9999.0 -9999.0 -9999.0 -9999.0 -9999.0 -9999.0 -9999.0 -9999.0 -9999.0 -9999.0 -9999.0 -9999.0 -9999.0 -9999.0 -9999.0 -9999.0 -9999.0 -9999.0 -9999.0 26.468060 25.352179 44.267809 39.111333 37.820577 40.809245 29.749746 28.259655 24.977736 29.611900 38.241700 25.933807 41.977323 95.113512 81.344076 65.376967 87.016291 35.137781 40.207634 22.084800 21.134905 15.794559 84.262941 22.815815 18.757818 82.963033 56.708798 61.512718 86.576010 92.391636 100.720344 116.663054 110.973030
-9999.0 -9999.0 -9999.0 -9999.0 -9999.0 -9999.0 -9999.0 -9999.0 -9999.0 -9999.0 -9999.0 -9999.0 -9999.0 -9999.0 -9999.0 -9999.0 -9999.0 -9999.0 -9999.0 -9999.0 -9999.0 -9999.0 -9999.0 -9999.0 -9999.0 -9999.0 -9999.0 30.740680 48.787756 32.873191 209.478882 48.400639 22.118179 22.519173 45.788497 24.267103 31.937877 24.399494 24.858920 37.454629 18.707529 49.615791 39.563142 34.936420 39.153302 131.842516 98.659797 17.838790 81.031529 19.293468 17.393362 16.947493 77.670470 59.919907 58.947095 68.520984 79.707639 89.704138 38.097089 48.588573
