tests/3D/snow_dstr_SENSITIVITY/output-maps-SE27XX/snowdepthN0001.asc
ncols         78
nrows         130
xllcorner     624800.000000
yllcorner     5171500.000000
cellsize      100.000000
NODATA_value  -9999.0
[rows 81 to 107 of 130, columns 0 to 58 of 78]
-9999.0 81.835584 133.045284 146.143417 148.936538 146.698141 94.983520 91.803446 91.077396 95.359214 81.776314 76.233466 69.363445 57.448469 52.573452 41.380664 34.666090 28.482189 29.670769 32.854628 52.634876 47.331261 45.218611 45.814356 50.609315 45.615503 41.173057 36.895408 31.033054 33.704298 38.262063 23.815281 24.056874 10.035820 11.731184 16.874983 23.091408 21.091499 19.832197 20.593638 18.986927 14.316080 13.158856 34.841510 44.375226 48.133518 56.637259 61.707269 66.003630 107.456503 149.993922 123.868894 66.175704 73.235489 155.483033 167.397875 199.316902 187.302638 206.011290
-9999.0 -9999.0 -9999.0 134.937154 129.053174 130.857174 127.799798 102.769810 83.276726 83.318803 87.354212 76.338863 71.353805 65.879632 62.109215 56.894516 44.386628 35.116762 32.764119 25.820832 35.865106 43.930471 47.486011 53.446290 51.742229 50.415490 54.118641 45.006252 35.064640 33.348050 40.229400 32.923497 38.478145 28.248306 22.594889 16.808811 19.737758 28.516537 23.206854 25.073059 20.367932 9.711722 19.866060 26.583561 31.235611 42.215120 60.719147 79.678492 68.879321 92.808694 95.954723 51.087127 70.268095 74.459647 74.874424 93.092028 257.045912 180.892708 156.909895
-9999.0 -9999.0 -9999.0 132.153848 115.455373 108.029586 112.401190 114.791301 110.781489 83.472938 74.148703 75.677344 61.619088 55.667150 53.029050 54.553166 48.754445 40.348688 26.498885 25.198621 25.376913 37.415806 36.525548 21.679682 48.660791 43.606304 45.388217 38.248822 28.880750 19.218237 37.614312 36.344014 17.753916 28.264347 30.327702 19.121045 25.988652 34.141814 28.889789 32.574229 29.966900 23.378711 20.520624 25.363805 28.355021 34.783233 57.542757 76.043365 48.054738 50.398152 88.471885 81.290002 101.724329 109.894006 112.224921 129.770445 136.607982 108.745904 94.327783
-9999.0 -9999.0 -9999.0 114.739699 98.030236 93.793270 89.262982 92.229119 91.230992 78.846932 54.401498 58.225266 65.301717 39.143461 35.929906 33.428306 38.126545 38.833353 24.523856 21.732907 16.539581 23.770437 25.239985 10.552006 10.119275 21.619799 20.425757 21.193712 19.336042 12.750659 27.845520 30.595059 19.922632 17.068779 13.755812 23.444371 23.136221 38.956310 37.217890 33.840737 32.884299 25.891798 29.126454 32.493712 26.221860 73.325271 23.953020 47.626876 52.055812 51.786796 53.090586 58.555847 68.032271 76.782887 70.790301 93.445506 91.939849 90.742372 131.362118
-9999.0 -9999.0 -9999.0 106.960619 103.658125 91.439908 99.812192 81.696979 74.236770 69.000419 68.139610 74.545070 74.371147 56.903745 48.845090 35.218783 38.466060 46.332705 37.147209 24.906574 26.459373 19.103376 30.845530 19.382485 23.521096 23.250611 28.591449 23.400957 25.371726 30.407597 23.600814 28.373728 25.243681 29.522802 19.213447 23.060390 31.684977 35.713425 38.513196 36.712700 34.493595 22.941832 33.782923 49.357121 24.907230 15.515115 25.925936 27.815353 37.744125 57.585961 58.344510 59.246907 68.808623 73.581804 68.339561 85.626163 92.402003 81.788761 53.454838
-9999.0 -9999.0 -9999.0 -9999.0 98.468439 88.743071 90.614077 85.500142 76.152414 64.327864 49.392173 58.967856 60.866836 64.863871 62.806576 37.153444 21.010477 29.762534 31.942793 25.810192 26.795380 25.956716 17.886470 14.620483 20.226644 11.574916 29.018384 25.292901 33.072517 30.471391 30.028493 27.084837 28.738748 33.725472 35.510129 30.726680 30.984663 35.066121 35.741847 32.885471 28.964383 28.078734 11.556683 15.914175 17.371521 16.044581 26.386460 31.912207 29.967274 41.759279 47.742237 45.659516 62.188578 67.637016 71.299830 82.457031 94.820907 87.273327 41.179024
-9999.0 -9999.0 -9999.0 -9999.0 77.441587 79.739385 72.040705 74.486220 70.967012 62.235180 41.529657 37.858441 38.017169 50.939811 49.939589 45.634549 19.097038 15.458161 21.513158 18.038621 20.517921 20.667072 20.648776 6.729263 9.775666 14.328905 21.121366 25.586523 21.516618 18.935318 22.462663 26.081249 23.407198 27.887918 42.317385 35.732639 31.057163 35.838382 39.939915 40.501454 46.860312 45.171391 6.785299 75.823298 10.544870 11.071180 22.888866 27.115831 35.410406 20.227016 23.737567 23.437626 48.545551 50.169462 54.919481 65.331793 71.176699 72.706718 32.477925
-9999.0 -9999.0 -9999.0 -9999.0 60.283540 72.347751 74.649945 73.593743 77.286793 62.794762 60.457542 54.214886 30.652188 32.584205 40.819368 46.899405 40.058535 29.446481 30.366877 23.909804 24.314311 22.217987 22.369106 17.196274 16.811321 22.623049 20.894203 23.673916 20.380904 15.962063 13.786392 26.977503 20.518278 42.864639 42.654930 47.827628 41.768251 35.586202 42.978561 42.933500 51.603752 50.648155 49.155516 59.313677 60.927282 59.674503 58.460548 67.103190 74.124974 83.436787 84.064195 89.903695 110.567220 70.026976 70.077431 72.542141 74.325517 43.274514 47.158076
-9999.0 -9999.0 -9999.0 -9999.0 -9999.0 68.608235 67.133706 62.087809 64.938208 61.935662 55.275736 56.661534 45.809835 23.679888 30.747831 28.219152 27.501821 29.106810 32.414727 29.293797 27.696446 24.743813 22.994407 21.227903 16.277747 14.865334 21.378450 25.085915 18.887605 32.851812 32.524462 37.452981 39.802265 40.440498 49.669450 55.861092 60.570080 66.291767 36.715799 44.369134 47.838183 55.440384 70.349862 79.765557 89.836289 69.808711 77.524996 82.117614 110.826729 133.644084 151.604083 107.039197 154.033889 157.462868 162.000293 63.205701 62.083358 51.795027 78.201411
-9999.0 -9999.0 -9999.0 -9999.0 -9999.0 58.961435 48.506799 47.530245 43.962547 49.025121 37.229905 34.313999 41.872044 25.534480 16.414248 18.819456 21.502344 19.882025 24.935753 25.741942 26.833773 28.305076 22.634606 23.340236 8.388868 8.038448 12.531072 37.615174 37.039020 37.306925 43.260845 52.436697 48.339594 50.608523 58.549035 60.337940 58.456443 62.435479 60.974475 43.796857 47.275640 44.804350 71.789558 72.361396 77.783587 80.426307 116.727590 115.228833 126.293145 137.605846 138.688053 139.922451 154.103588 136.627853 137.255310 175.266251 107.342939 111.139800 107.144544
-9999.0 -9999.0 -9999.0 -9999.0 -9999.0 -9999.0 39.448067 49.969865 46.569057 40.886020 35.651103 26.365936 36.346318 34.723675 30.567748 29.155918 26.754467 23.995208 26.475422 26.093872 26.607227 28.603950 24.322197 31.602515 30.958060 34.295924 39.244518 37.102466 41.695985 42.884431 41.033428 47.173061 51.655891 58.817827 60.645227 58.564414 58.786674 77.466366 74.156743 23.025703 36.951354 30.583169 41.724975 84.730138 95.677055 96.328472 127.269988 105.010701 94.992689 103.409147 141.559876 168.430168 157.941656 167.022549 158.862108 175.297457 106.531423 168.901803 158.930008
-9999.0 -9999.0 -9999.0 -9999.0 -9999.0 -9999.0 48.457471 32.556016 42.106579 38.796502 32.476680 27.612485 26.627471 31.089708 28.397736 29.549039 28.625482 25.021587 24.430014 23.501324 24.627595 29.262635 39.390877 41.056949 39.635016 38.846039 43.996015 42.006635 44.150696 47.781413 48.207827 46.614151 39.203264 58.201352 69.399761 66.088634 64.574418 83.795653 80.349560 71.335469 35.704962 26.355142 20.618974 40.070779 101.947180 87.753156 90.980259 98.622536 98.219594 193.028502 173.325798 115.800426 146.917007 153.838255 156.083045 160.500575 111.325688 119.083456 162.473478
-9999.0 -9999.0 -9999.0 -9999.0 -9999.0 -9999.0 -9999.0 21.798370 22.153877 29.620823 26.619772 19.117227 18.256223 15.687844 17.869946 19.940590 22.283754 21.183606 20.758940 52.983561 51.737530 46.682939 37.846620 48.421140 52.178913 55.180167 59.471196 54.132572 52.581519 55.529234 61.923109 66.407038 58.457983 54.285193 74.495145 75.408947 83.495794 83.980607 82.993600 78.033323 50.373013 24.542031 20.622049 31.780674 48.607121 77.882481 102.813525 118.447604 133.442589 147.204033 141.914535 200.409032 162.729207 167.873785 176.007361 159.446455 150.863462 191.179306 163.614267
-9999.0 -9999.0 -9999.0 -9999.0 -9999.0 -9999.0 -9999.0 40.653186 32.489152 24.492332 28.215956 32.906946 22.930903 21.561877 18.678641 19.092645 20.291648 22.328778 54.811158 31.671037 42.313121 42.146748 44.252432 48.477182 47.039545 59.188284 68.296254 69.763648 49.914856 48.196700 57.664918 73.354020 73.825370 60.761484 57.175748 88.501140 100.753886 99.966576 91.732779 81.308391 74.992973 36.238778 21.216154 20.028490 33.653481 48.204309 75.030341 86.943343 103.946665 115.587253 131.333894 76.773823 147.781998 182.153387 164.036896 165.172220 219.390864 211.926436 179.658467
-9999.0 -9999.0 -9999.0 -9999.0 -9999.0 -9999.0 -9999.0 45.103863 39.939261 31.416809 27.459581 35.250011 25.866801 24.638186 25.786837 41.255383 49.455479 45.109827 28.770481 33.294798 43.059091 41.674996 49.108643 56.080513 50.423125 59.837925 72.406579 71.664508 55.022263 43.771634 40.108456 75.344305 83.013632 62.627007 57.821445 81.345549 104.808820 110.069781 94.871000 84.708048 81.835062 54.900696 27.126495 29.438397 43.687120 41.921057 60.891097 67.066781 72.961202 87.231096 99.624004 108.641194 104.166305 155.238864 165.376857 170.168130 242.561117 118.469030 189.370598
-9999.0 -9999.0 -9999.0 -9999.0 -9999.0 -9999.0 -9999.0 -9999.0 28.570400 28.580042 16.820958 20.039647 25.153468 19.330083 34.445756 29.240540 40.712564 36.319777 36.337728 50.663930 54.513562 47.434541 59.810406 66.518018 61.060735 66.906247 69.017907 76.368508 74.530182 63.761574 49.805691 62.982946 89.537279 78.967913 74.187203 64.544356 88.760916 110.233571 97.282257 85.960937 84.966839 84.013274 41.545121 22.626732 35.399748 35.624634 43.371433 44.846127 50.725248 64.335130 68.460961 93.143439 109.469353 120.823143 161.252875 163.860911 243.882282 103.862407 193.331920
-9999.0 -9999.0 -9999.0 -9999.0 -9999.0 -9999.0 -9999.0 -9999.0 -9999.0 30.826267 24.901704 21.788593 26.076080 22.119869 24.323232 24.818750 34.884600 36.184702 26.458034 43.111458 56.665169 50.118235 55.557621 69.626855 76.051599 83.575426 77.991126 88.267360 82.666663 63.219347 66.184443 81.070845 78.694816 81.725036 105.959859 102.342904 119.716075 115.293895 110.006653 88.919647 85.875889 87.384833 46.360157 28.224197 32.919369 30.320557 42.229256 48.294300 58.051350 74.022261 65.457251 83.560526 121.202475 117.618667 77.899215 85.508126 67.744945 63.939806 208.366755
-9999.0 -9999.0 -9999.0 -9999.0 -9999.0 -9999.0 -9999.0 -9999.0 -9999.0 28.699947 25.615181 23.796614 26.882747 17.424961 21.054920 24.287867 31.690037 36.282498 27.811638 41.534434 54.805752 58.674949 59.737746 63.772147 74.164377 86.696598 84.071482 82.721161 89.840138 66.563172 66.044718 84.257689 100.991968 108.332113 115.785393 122.472390 120.703620 121.116915 110.634860 94.003335 89.734404 91.884168 84.597384 49.108339 33.228616 37.026619 50.886379 52.634495 55.485938 83.449999 84.255604 80.418666 106.176251 119.930926 59.271668 70.157103 55.417230 60.252650 161.052159
-9999.0 -9999.0 -9999.0 -9999.0 -9999.0 -9999.0 -9999.0 -9999.0 -9999.0 -9999.0 17.039288 13.413716 25.354546 23.774497 24.453983 31.882587 45.221797 50.590306 39.229243 40.780150 62.176225 72.093063 79.920723 75.968398 82.405832 94.994853 91.346048 82.160370 98.899825 71.187634 70.580330 90.155066 109.881165 114.080871 115.192755 121.906609 139.171064 125.806438 121.988379 107.511284 98.873780 93.490168 90.688475 66.528521 49.499883 37.183624 42.716641 44.566587 40.887565 68.332194 78.051333 78.109416 83.328041 94.508497 97.162404 61.803513 52.211860 49.852910 96.599540
-9999.0 -9999.0 -9999.0 -9999.0 -9999.0 -9999.0 -9999.0 -9999.0 -9999.0 -9999.0 -9999.0 -9999.0 19.457915 27.722995 17.642226 27.005738 56.318085 55.351526 56.698332 65.090060 52.945125 46.084284 83.382353 101.805280 80.663678 109.152896 122.135516 120.778229 121.149127 90.376160 80.567133 90.972733 99.460083 118.634117 143.444389 145.762885 129.837732 132.420157 131.313747 112.037003 97.707952 100.851006 92.980648 85.550282 69.567881 41.919381 46.775619 40.631274 47.548649 66.573287 73.624605 75.702851 85.479714 84.278533 95.088554 71.789465 67.433893 58.608440 78.898927
-9999.0 -9999.0 -9999.0 -9999.0 -9999.0 -9999.0 -9999.0 -9999.0 -9999.0 -9999.0 -9999.0 -9999.0 -9999.0 34.656782 20.882900 19.356319 57.843900 69.583864 50.905002 66.686383 77.607510 62.941655 53.475101 88.401430 101.008391 107.707737 128.025266 115.076772 113.182097 101.965964 78.590430 82.408736 83.300272 89.063570 118.649952 156.904286 130.894761 140.235396 129.878800 115.801424 108.908126 104.884915 98.596995 88.708209 70.941107 65.693133 60.755361 47.871452 45.650102 64.575154 77.693277 78.901368 102.474032 60.953724 63.658283 127.014590 117.731015 107.114453 74.734272
-9999.0 -9999.0 -9999.0 -9999.0 -9999.0 -9999.0 -9999.0 -9999.0 -9999.0 -9999.0 -9999.0 -9999.0 -9999.0 -9999.0 21.436482 17.641480 44.388672 75.817050 77.309543 81.508932 77.749420 80.349219 88.282234 81.755144 101.813720 120.006094 139.302348 124.425869 123.322293 114.345240 84.375153 85.266830 84.980683 76.931555 132.036510 159.916168 133.090480 137.693858 133.239552 112.028793 116.489954 117.149543 107.820869 98.631485 90.566210 74.177375 65.414993 50.685019 40.919915 49.099482 56.018238 57.122729 58.470898 108.977518 115.371743 82.583991 105.780106 164.673012 166.923480
-9999.0 -9999.0 -9999.0 -9999.0 -9999.0 -9999.0 -9999.0 -9999.0 -9999.0 -9999.0 -9999.0 -9999.0 -9999.0 -9999.0 -9999.0 31.104079 37.114030 54.019340 70.499005 99.337009 98.655090 90.165832 103.870592 96.258350 97.460529 116.267564 142.074586 135.186828 127.014458 121.737924 105.513120 100.586150 81.462788 85.426793 109.116365 172.911694 162.562708 146.725734 146.665903 119.516906 120.004520 117.450451 113.541346 103.199592 95.236182 74.132990 75.850491 70.186989 55.005030 55.041674 54.340772 40.447104 46.879332 57.808120 70.276052 106.829669 90.848041 116.976933 75.824187
-9999.0 -9999.0 -9999.0 -9999.0 -9999.0 -9999.0 -9999.0 -9999.0 -9999.0 -9999.0 -9999.0 -9999.0 -9999.0 -9999.0 -9999.0 65.671100 57.549432 64.520862 74.940607 84.626149 97.679379 94.535001 107.246228 103.273052 105.782011 123.135471 146.781592 136.732776 130.650840 128.051739 113.670753 109.108788 94.956074 96.142220 105.641781 114.558109 161.928719 157.068589 151.208603 122.911903 122.783651 123.510078 113.853582 113.907124 115.354239 93.695685 76.124590 72.669608 66.706934 71.625156 64.286790 41.844801 85.535848 53.953104 67.661422 92.266889 156.589139 91.961317 121.997695
-9999.0 -9999.0 -9999.0 -9999.0 -9999.0 -9999.0 -9999.0 -9999.0 -9999.0 -9999.0 -9999.0 -9999.0 -9999.0 -9999.0 -9999.0 -9999.0 100.580461 100.987352 98.793020 121.137402 112.393642 114.073608 122.442147 124.892590 120.738569 135.809164 144.196692 131.607105 172.002921 144.345862 141.821091 129.449140 104.474659 127.172074 107.791675 84.954257 110.653242 155.830931 155.267725 132.187777 129.368308 125.918185 112.536901 104.937240 108.459814 113.875996 91.538748 75.517084 72.515001 73.420824 73.268203 51.504138 76.357557 49.374209 44.646494 70.551416 100.377769 100.176279 254.381185
-9999.0 -9999.0 -9999.0 -9999.0 -9999.0 -9999.0 -9999.0 -9999.0 -9999.0 -9999.0 -9999.0 -9999.0 -9999.0 -9999.0 -9999.0 -9999.0 -9999.0 -9999.0 -9999.0 129.125829 117.821111 136.733235 147.073264 139.112082 143.784074 148.922171 169.552411 173.044751 179.188589 155.605080 155.586622 147.202034 127.771278 120.024563 140.330269 130.989600 71.618512 173.660576 159.295873 147.031916 149.123919 145.030948 127.336067 128.287655 115.269443 113.158839 99.613605 76.006321 75.291881 79.944836 76.011524 72.978666 80.314668 45.569229 69.504681 80.527707 85.829366 88.649398 161.875146
-9999.0 -9999.0 -9999.0 -9999.0 -9999.0 -9999.0 -9999.0 -9999.0 -9999.0 -9999.0 -9999.0 -9999.0 -9999.0 -9999.0 -9999.0 -9999.0 -9999.0 -9999.0 -9999.0 -9999.0 -9999.0 148.641025 144.577652 144.240770 147.826547 162.416432 201.131987 181.370716 184.728661 187.999888 158.154527 158.368690 134.125511 131.961042 137.370090 144.680805 187.120178 181.075638 183.588362 170.623129 150.249221 146.104008 140.857408 133.981488 123.518006 114.449751 105.782397 87.417825 83.125230 82.517193 82.677677 72.057528 81.729502 63.751775 115.323961 78.648320 95.771802 76.136005 77.258124
