tests/3D/snow_dstr_SENSITIVITY/output-maps-SE27XX/snowsublN0013.asc
ncols         78
nrows         130
xllcorner     624800.000000
yllcorner     5171500.000000
cellsize      100.000000
NODATA_value  -9999.0
[rows 28 to 55 of 130, columns 0 to 62 of 78]
-9999.0 -9999.0 -9999.0 -9999.0 -9999.0 -9999.0 -9999.0 -9999.0 -9999.0 -9999.0 -9999.0 -9999.0 -9999.0 -9999.0 -9999.0 -9999.0 -9999.0 -9999.0 -9999.0 -9999.0 -9999.0 -9999.0 -9999.0 -9999.0 -9999.0 -9999.0 -9999.0 -9999.0 -9999.0 -9999.0 0.553299 0.323555 0.561404 0.653453 0.696620 0.719170 0.726385 0.816217 0.762887 0.736474 0.388292 0.770005 0.456581 0.645928 0.600724 0.520187 0.472736 0.500592 0.191726 0.731549 0.752775 0.326349 0.363032 0.351645 0.285161 0.406839 0.099897 0.328556 -0.119100 -0.150787 0.445259 0.455209 0.471821
-9999.0 -9999.0 -9999.0 -9999.0 -9999.0 -9999.0 -9999.0 -9999.0 -9999.0 -9999.0 -9999.0 -9999.0 -9999.0 -9999.0 -9999.0 -9999.0 -9999.0 -9999.0 -9999.0 -9999.0 -9999.0 -9999.0 -9999.0 -9999.0 -9999.0 -9999.0 -9999.0 -9999.0 -9999.0 -9999.0 0.302867 0.603258 0.584756 0.453735 0.681969 0.687552 0.719378 0.739836 0.739986 0.736359 0.580027 0.739055 0.320958 0.000000 0.587557 0.511282 0.311003 0.474856 0.471874 0.690593 0.692627 0.790246 0.712203 0.728034 0.365037 0.293005 0.473009 0.619724 0.312342 0.436881 0.666135 0.672975 0.815829
-9999.0 -9999.0 -9999.0 -9999.0 -9999.0 -9999.0 -9999.0 -9999.0 -9999.0 -9999.0 -9999.0 -9999.0 -9999.0 -9999.0 -9999.0 -9999.0 -9999.0 -9999.0 -9999.0 -9999.0 -9999.0 -9999.0 -9999.0 -9999.0 -9999.0 -9999.0 -9999.0 -0.148978 0.555964 0.620249 0.390348 0.629264 0.426690 0.784667 0.735423 0.748978 0.000000 0.729501 0.730956 0.570948 0.728476 0.717368 0.763730 0.527757 0.572807 0.215212 0.467646 0.471609 0.322747 0.645790 0.741310 0.734558 0.689261 0.757689 -0.081015 0.428612 0.344241 0.943576 0.607095 0.588480 0.599483 0.723166 0.336975
-9999.0 -9999.0 -9999.0 -9999.0 -9999.0 -9999.0 -9999.0 -9999.0 -9999.0 -9999.0 -9999.0 -9999.0 -9999.0 -9999.0 -9999.0 -9999.0 -9999.0 -9999.0 -9999.0 -9999.0 -9999.0 -9999.0 -9999.0 -9999.0 -9999.0 -9999.0 -9999.0 0.401302 0.401045 0.572322 0.552637 0.632083 0.682843 0.732389 0.322555 0.474073 0.433623 0.434596 0.407540 0.445886 0.531767 0.536202 0.667429 0.231849 0.650242 0.016894 0.250690 0.309926 0.205255 0.438617 0.684310 0.000000 0.296512 0.309921 0.619675 0.677070 0.502672 0.489724 0.474971 0.474285 0.736853 0.752612 0.682250
-9999.0 -9999.0 -9999.0 -9999.0 -9999.0 -9999.0 -9999.0 -9999.0 -9999.0 -9999.0 -9999.0 -9999.0 -9999.0 -9999.0 -9999.0 -9999.0 -9999.0 -9999.0 -9999.0 -9999.0 -9999.0 -9999.0 -9999.0 -9999.0 -9999.0 -9999.0 -9999.0 0.486598 0.241219 0.672636 0.609821 0.620209 0.691642 0.456833 0.481553 0.405158 0.432920 0.445680 0.452262 0.433332 0.448944 0.429420 0.698743 0.672606 0.711820 0.197751 0.423059 0.316398 0.416133 0.251742 0.448549 0.707621 0.633135 0.813125 0.798705 0.458547 0.442328 0.694950 0.741027 0.760856 0.661124 0.591767 0.441472
-9999.0 -9999.0 -9999.0 -9999.0 -9999.0 -9999.0 -9999.0 -9999.0 -9999.0 -9999.0 -9999.0 -9999.0 -9999.0 -9999.0 -9999.0 -9999.0 -9999.0 -9999.0 -9999.0 -9999.0 -9999.0 -9999.0 -9999.0 -9999.0 -9999.0 -9999.0 -9999.0 -9999.0 0.017155 0.438287 0.664465 0.663979 0.735577 0.472577 0.257872 0.462157 0.434810 0.429696 0.445996 0.447788 0.450625 0.411230 0.503686 0.408712 0.347780 0.312803 0.377599 0.367451 0.453806 0.000000 0.514643 0.617975 -0.117367 0.050548 0.859658 0.473294 0.770764 0.616755 0.505266 0.748599 0.619353 0.437344 0.425624
-9999.0 -9999.0 -9999.0 -9999.0 -9999.0 -9999.0 -9999.0 -9999.0 -9999.0 -9999.0 -9999.0 -9999.0 -9999.0 -9999.0 -9999.0 -9999.0 -9999.0 -9999.0 -9999.0 -9999.0 -9999.0 -9999.0 -9999.0 -9999.0 -9999.0 -9999.0 -9999.0 -9999.0 0.161237 0.094371 0.290584 0.102763 0.245359 0.068374 0.297170 0.289383 0.399533 0.437641 0.426636 0.436224 0.442415 0.417710 0.500564 0.714657 0.695774 0.707643 0.624160 0.314250 0.462728 0.351111 0.000000 0.539379 0.000000 0.759105 0.803264 0.738431 0.761335 0.670928 0.754195 0.754598 0.828684 0.759333 0.714945
-9999.0 -9999.0 -9999.0 -9999.0 -9999.0 -9999.0 -9999.0 -9999.0 -9999.0 -9999.0 -9999.0 -9999.0 -9999.0 -9999.0 -9999.0 -9999.0 -9999.0 -9999.0 -9999.0 -9999.0 -9999.0 -9999.0 -9999.0 -9999.0 -9999.0 -9999.0 -9999.0 -9999.0 0.119054 0.034723 0.265292 0.256098 0.242736 0.261105 0.267889 0.330640 0.407843 0.422092 0.409802 0.407987 0.200162 0.330596 0.490419 0.509909 0.312004 0.427212 -0.005283 0.169428 0.167091 0.390972 0.457563 0.379501 0.000000 0.070919 0.687093 0.433680 0.745095 0.706978 0.747544 0.705423 0.735208 0.728098 0.297342
-9999.0 -9999.0 -9999.0 -9999.0 -9999.0 -9999.0 -9999.0 -9999.0 -9999.0 -9999.0 -9999.0 -9999.0 -9999.0 -9999.0 -9999.0 -9999.0 -9999.0 -9999.0 -9999.0 -9999.0 -9999.0 -9999.0 -9999.0 -9999.0 -9999.0 -9999.0 -9999.0 -0.162964 0.032816 0.303826 0.054199 0.074786 0.046357 0.249614 0.291946 0.438134 0.442103 -0.030232 0.365602 0.626356 0.425938 0.330206 0.653568 0.278791 0.463547 0.525080 0.514896 0.223464 0.424019 0.451018 0.451071 0.000000 0.508127 0.650340 0.445856 0.574073 0.813216 0.818769 0.615343 0.699517 0.720566 0.731772 0.720399
-9999.0 -9999.0 -9999.0 -9999.0 -9999.0 -9999.0 -9999.0 -9999.0 -9999.0 -9999.0 -9999.0 -9999.0 -9999.0 -9999.0 -9999.0 -9999.0 -9999.0 -9999.0 -9999.0 -9999.0 -9999.0 -9999.0 -9999.0 -9999.0 -9999.0 -9999.0 -9999.0 -9999.0 -0.163807 0.557401 0.073423 0.194383 0.187961 0.133569 0.150735 0.366898 0.053817 0.089626 0.391535 0.654859 0.722749 0.695219 0.680116 0.651892 0.285235 0.476308 0.671316 0.608047 0.214877 0.428428 0.441366 0.000000 0.367038 0.220622 0.078857 0.720233 0.625864 0.702446 0.354264 0.412230 0.704208 0.692263 0.684164
-9999.0 -9999.0 -9999.0 -9999.0 -9999.0 -9999.0 -9999.0 -9999.0 -9999.0 -9999.0 -9999.0 -9999.0 -9999.0 -9999.0 -9999.0 -9999.0 -9999.0 -9999.0 -9999.0 -9999.0 -9999.0 -9999.0 -9999.0 -9999.0 -9999.0 -9999.0 -9999.0 -9999.0 -0.157814 0.429175 0.065856 0.049254 0.185088 0.083865 0.091237 0.319145 0.423815 0.070312 0.460372 0.656139 0.716001 0.687343 0.741830 0.464351 0.644641 0.479997 0.695500 0.235061 0.015761 0.354857 0.289577 0.430975 0.000000 0.001126 0.706503 0.617089 0.547121 0.538719 0.573633 0.577386 0.687004 0.678762 0.663512
-9999.0 -9999.0 -9999.0 -9999.0 -9999.0 -9999.0 -9999.0 -9999.0 -9999.0 -9999.0 -9999.0 -9999.0 -9999.0 -9999.0 -9999.0 -9999.0 -9999.0 -9999.0 -9999.0 -9999.0 -9999.0 -9999.0 -9999.0 -9999.0 -9999.0 -9999.0 -9999.0 -9999.0 -9999.0 -9999.0 -0.159013 0.222409 0.236714 0.643316 0.381565 0.174060 0.390160 0.724836 0.723667 0.622643 0.649324 0.335574 0.346065 0.705225 0.752342 0.412360 0.259028 0.612836 0.505954 0.193751 0.419577 0.404872 0.437403 0.204561 0.537171 0.000000 0.346327 0.633705 0.581623 0.723059 0.685245 0.687682 0.687228
-9999.0 -9999.0 -9999.0 -9999.0 -9999.0 -9999.0 -9999.0 -9999.0 -9999.0 -9999.0 -9999.0 -9999.0 -9999.0 -9999.0 -9999.0 -9999.0 -9999.0 -9999.0 -9999.0 -9999.0 -9999.0 -9999.0 -9999.0 -9999.0 -9999.0 -9999.0 -9999.0 -9999.0 -9999.0 -9999.0 0.320464 0.402360 0.406129 0.580849 0.613892 0.397962 0.694738 0.706092 0.699940 0.789790 0.313838 0.625938 0.567666 0.432926 0.367371 0.753290 0.273991 0.593866 0.228123 0.473643 0.422615 0.297325 0.100760 0.414118 0.478690 0.200057 0.000000 0.637634 0.683900 0.537555 0.671596 0.692672 0.699778
-9999.0 -9999.0 -9999.0 -9999.0 -9999.0 -9999.0 -9999.0 -9999.0 -9999.0 -9999.0 -9999.0 -9999.0 -9999.0 -9999.0 -9999.0 -9999.0 -9999.0 -9999.0 -9999.0 -9999.0 -9999.0 -9999.0 -9999.0 -9999.0 -9999.0 -9999.0 -9999.0 -9999.0 -9999.0 -9999.0 0.305422 0.564109 0.249525 0.642837 0.663999 0.571306 0.653645 0.688610 0.717681 0.714543 0.741500 0.724167 0.733092 0.109270 0.677529 0.641582 0.599931 0.571107 0.214220 0.467022 0.427552 0.312338 0.263984 0.000000 0.423900 0.508093 0.660535 0.678868 0.664863 0.662530 0.511421 0.677308 0.675586
-9999.0 -9999.0 -9999.0 -9999.0 -9999.0 -9999.0 -9999.0 -9999.0 -9999.0 -9999.0 -9999.0 -9999.0 -9999.0 -9999.0 -9999.0 -9999.0 -9999.0 -9999.0 -9999.0 -9999.0 -9999.0 -9999.0 -9999.0 -9999.0 -9999.0 -9999.0 -9999.0 -9999.0 -9999.0 -9999.0 0.316487 0.575010 0.598533 0.647927 0.698180 0.679127 0.601715 0.678200 0.689876 0.707237 0.695318 0.000000 0.688614 0.610027 0.733097 0.343474 0.462762 0.459814 0.209040 0.353053 0.166794 0.343201 0.164094 0.360272 0.395635 0.000000 0.558208 0.398551 0.635042 0.000000 0.474583 0.371582 0.399429
-9999.0 -9999.0 -9999.0 -9999.0 -9999.0 -9999.0 -9999.0 -9999.0 -9999.0 -9999.0 -9999.0 -9999.0 -9999.0 -9999.0 -9999.0 -9999.0 -9999.0 -9999.0 -9999.0 -9999.0 -9999.0 -9999.0 -9999.0 -9999.0 -9999.0 -9999.0 -9999.0 -9999.0 -9999.0 -9999.0 0.479876 0.677775 0.592287 0.612718 0.409715 0.650081 0.638836 0.663925 0.354860 0.518246 0.584498 0.520400 0.677667 0.000000 0.455849 0.377568 0.356682 0.223792 0.449921 0.426488 0.418307 0.130971 0.147669 0.310665 0.144133 0.000000 0.171762 0.582864 0.000000 0.448569 0.054194 0.466252 0.235713
-9999.0 -9999.0 -9999.0 -9999.0 -9999.0 -9999.0 -9999.0 -9999.0 -9999.0 -9999.0 -9999.0 -9999.0 -9999.0 -9999.0 -9999.0 -9999.0 -9999.0 -9999.0 -9999.0 -9999.0 -9999.0 -9999.0 -9999.0 -9999.0 -9999.0 -9999.0 -9999.0 -9999.0 -9999.0 -9999.0 -9999.0 0.025007 0.589773 0.542544 0.373341 0.331455 0.634014 0.653580 0.549243 0.672215 0.380893 0.380942 0.403694 0.394982 0.371386 0.375940 0.083325 0.352821 0.421753 0.087498 0.274256 0.294683 0.235985 0.099744 0.302459 0.390194 0.415074 0.560235 0.543252 0.216871 0.381458 0.041987 0.054309
-9999.0 -9999.0 -9999.0 -9999.0 -9999.0 -9999.0 -9999.0 -9999.0 -9999.0 -9999.0 -9999.0 -9999.0 -9999.0 -9999.0 -9999.0 -9999.0 -9999.0 -9999.0 -9999.0 -9999.0 -9999.0 -9999.0 -9999.0 -9999.0 -9999.0 -9999.0 -9999.0 -9999.0 -9999.0 -9999.0 -9999.0 0.015921 0.019523 0.372869 0.332190 0.348537 0.564470 0.052264 0.020497 0.052142 0.377635 0.054183 0.381847 0.393747 0.384081 0.349279 0.417366 0.049115 0.181977 0.388091 0.134743 0.136726 0.231811 0.112242 0.261280 0.000000 0.385771 0.557139 0.503969 0.541127 0.132134 0.043932 0.051946
-9999.0 -9999.0 -9999.0 -9999.0 -9999.0 -9999.0 -9999.0 -9999.0 -9999.0 -9999.0 -9999.0 -9999.0 -9999.0 -9999.0 -9999.0 -9999.0 -9999.0 -9999.0 -9999.0 -9999.0 -9999.0 -9999.0 -9999.0 -9999.0 -9999.0 -9999.0 -9999.0 -9999.0 -9999.0 -9999.0 -9999.0 0.314163 0.021441 0.029689 0.563204 0.517349 0.279476 0.349382 0.564656 0.533870 0.037656 0.074384 0.351096 0.472769 0.187357 0.506758 0.512694 0.299548 0.210483 0.000000 0.344188 0.287679 0.000000 0.077492 0.240663 0.000000 0.360952 0.420183 0.330364 0.214200 0.392417 0.377214 0.045304
-9999.0 -9999.0 -9999.0 -9999.0 -9999.0 -9999.0 -9999.0 -9999.0 -9999.0 -9999.0 -9999.0 -9999.0 -9999.0 -9999.0 -9999.0 -9999.0 -9999.0 -9999.0 -9999.0 -9999.0 -9999.0 -9999.0 -9999.0 -9999.0 -9999.0 -9999.0 -9999.0 -9999.0 -9999.0 -9999.0 -9999.0 0.538877 0.330469 0.229035 0.026987 0.029167 0.293674 0.338703 0.550491 0.616011 0.259939 0.084622 0.622952 0.622314 0.629851 0.597130 0.565365 0.448794 0.403098 0.286537 0.100198 0.215229 0.181113 0.111135 0.264067 0.092399 0.325969 0.150664 0.319202 0.248299 0.471679 0.036600 0.091250
-9999.0 -9999.0 -9999.0 -9999.0 -9999.0 -9999.0 -9999.0 -9999.0 -9999.0 -9999.0 -9999.0 -9999.0 -9999.0 -9999.0 -9999.0 -9999.0 -9999.0 -9999.0 -9999.0 -9999.0 -9999.0 -9999.0 -9999.0 -9999.0 -9999.0 -9999.0 -9999.0 -9999.0 -9999.0 0.451200 0.556710 0.516311 0.492668 0.578212 0.372784 0.369050 0.581980 0.020895 0.022191 0.606057 0.599472 0.588270 0.573225 0.556458 0.573698 0.509023 0.512245 0.432211 0.358404 0.173963 0.273951 0.244169 0.181361 0.018094 0.027096 0.169991 0.087838 0.160763 0.314915 0.033016 0.350230 0.215800 0.326781
-9999.0 -9999.0 -9999.0 -9999.0 -9999.0 -9999.0 -9999.0 -9999.0 -9999.0 -9999.0 -9999.0 -9999.0 -9999.0 -9999.0 -9999.0 -9999.0 -9999.0 -9999.0 -9999.0 -9999.0 -9999.0 -9999.0 -9999.0 -9999.0 -9999.0 -9999.0 -9999.0 -9999.0 0.543946 0.514751 0.564185 0.541637 0.571815 0.549383 0.577727 0.572037 0.560992 0.335134 -0.131281 0.089407 0.146883 0.276195 0.023085 0.577159 0.532328 0.506294 0.449581 0.271887 0.162904 0.159045 0.142874 0.227067 0.032370 0.000000 0.000000 0.257415 0.000000 0.000000 0.552488 0.511105 0.496432 0.435086 0.448114
-9999.0 -9999.0 -9999.0 -9999.0 -9999.0 -9999.0 -9999.0 -9999.0 -9999.0 -9999.0 -9999.0 -9999.0 -9999.0 -9999.0 -9999.0 -9999.0 -9999.0 -9999.0 -9999.0 -9999.0 -9999.0 -9999.0 -9999.0 -9999.0 -9999.0 -9999.0 -9999.0 0.305319 0.514842 0.526403 0.533439 0.532282 0.520257 0.241454 0.241112 0.363897 0.000000 0.533804 0.329557 0.429324 0.030196 0.179620 0.181557 0.020898 0.410684 0.377032 0.412588 0.345503 0.204595 0.115033 0.158289 0.202254 0.131082 0.000000 0.000000 0.229397 0.042470 0.032588 0.028233 0.023747 0.222429 0.065452 0.069323
-9999.0 -9999.0 -9999.0 -9999.0 -9999.0 -9999.0 -9999.0 -9999.0 -9999.0 -9999.0 -9999.0 -9999.0 -9999.0 -9999.0 -9999.0 -9999.0 -9999.0 -9999.0 -9999.0 -9999.0 -9999.0 -9999.0 -9999.0 -9999.0 -9999.0 -9999.0 -9999.0 0.501398 0.548328 0.353464 0.530340 0.529896 0.493540 0.541678 0.467987 0.548606 0.000000 0.548109 0.530233 0.511353 0.507471 0.353107 0.393276 0.425017 0.432449 0.425061 0.000000 0.151989 0.132516 0.146389 0.133602 0.068901 0.000000 0.000000 0.131331 0.000000 0.000000 0.406935 0.478983 0.416190 0.239882 0.448128 0.307586
-9999.0 -9999.0 -9999.0 -9999.0 -9999.0 -9999.0 -9999.0 -9999.0 -9999.0 -9999.0 -9999.0 -9999.0 -9999.0 -9999.0 -9999.0 -9999.0 -9999.0 -9999.0 -9999.0 -9999.0 -9999.0 -9999.0 -9999.0 -9999.0 -9999.0 0.402832 0.414519 0.504069 0.509118 0.510855 0.000000 0.522774 0.515376 0.190166 0.178493 0.552470 0.486390 0.468708 0.500878 0.501716 0.000000 0.000000 0.461075 0.454680 0.000000 0.197893 0.313692 0.071203 0.133603 0.132067 0.100720 0.050323 0.045878 0.000000 0.000000 0.014368 0.035546 0.000000 -0.085493 0.502545 0.549220 0.405447 0.547131
-9999.0 -9999.0 -9999.0 -9999.0 -9999.0 -9999.0 -9999.0 -9999.0 -9999.0 -9999.0 -9999.0 -9999.0 -9999.0 -9999.0 -9999.0 -9999.0 -9999.0 -9999.0 -9999.0 -9999.0 -9999.0 -9999.0 -9999.0 -9999.0 -9999.0 0.437503 0.443200 0.483408 0.497803 0.495155 0.494610 0.000000 0.508005 0.499333 0.000000 0.479011 0.468219 0.438666 0.456964 0.382531 0.458671 0.448856 0.442355 0.427483 0.413650 0.166876 0.230961 0.149510 0.116593 0.114815 0.005178 0.000000 0.069093 0.072250 0.000000 0.000000 0.012045 0.000000 0.296099 -0.071706 0.496134 0.001907 0.461619
-9999.0 -9999.0 -9999.0 -9999.0 -9999.0 -9999.0 -9999.0 -9999.0 -9999.0 -9999.0 -9999.0 -9999.0 -9999.0 -9999.0 -9999.0 -9999.0 -9999.0 -9999.0 -9999.0 -9999.0 -9999.0 -9999.0 -9999.0 -9999.0 0.339251 0.290806 0.485415 0.480091 0.529978 0.477981 0.471384 0.480663 0.491357 -0.093886 0.483820 0.451213 0.438983 0.425460 0.423290 0.392912 0.444675 0.438056 0.415025 0.175984 0.164481 0.310418 0.166678 0.107109 0.111541 0.036148 0.072246 0.041731 0.034366 0.000096 0.002544 0.095234 0.008794 0.026950 0.420471 0.452679 0.496050 0.340567 0.431298
-9999.0 -9999.0 -9999.0 -9999.0 -9999.0 -9999.0 -9999.0 -9999.0 -9999.0 -9999.0 -9999.0 -9999.0 -9999.0 -9999.0 -9999.0 -9999.0 -9999.0 -9999.0 -9999.0 -9999.0 -9999.0 0.410824 0.440921 0.454166 0.416179 0.453528 0.414350 0.474537 0.546198 0.471208 0.451156 0.438588 0.468821 0.451038 0.437917 0.397419 0.402567 0.380017 0.383051 0.000000 0.382150 0.397265 0.392433 0.356589 0.344228 0.290566 0.089348 0.000000 0.026664 0.094319 0.086284 0.035628 0.000084 0.002175 0.000000 0.104095 0.000000 0.000000 0.168984 0.424149 0.210408 0.487071 0.469389
