tests/3D/snow_dstr_SENSITIVITY/output-maps-SE27XX/snowdepthN0020.asc
ncols         78
nrows         130
xllcorner     624800.000000
yllcorner     5171500.000000
cellsize      100.000000
NODATA_value  -9999.0
[rows 26 to 51 of 130, columns 0 to 59 of 78]
-9999.0 -9999.0 -9999.0 -9999.0 -9999.0 -9999.0 -9999.0 -9999.0 -9999.0 -9999.0 -9999.0 -9999.0 -9999.0 -9999.0 -9999.0 -9999.0 -9999.0 -9999.0 -9999.0 -9999.0 -9999.0 -9999.0 -9999.0 -9999.0 -9999.0 -9999.0 -9999.0 -9999.0 -9999.0 -9999.0 -9999.0 57.328399 68.542866 128.123338 118.803954 115.133058 122.012176 124.098595 109.869692 111.799651 119.380760 100.271343 78.580330 79.258397 77.075498 68.860639 71.371309 73.975078 71.574397 72.816087 61.057429 61.514920 63.941121 63.754142 66.406859 62.808635 47.565014 95.131678 104.437268 105.236660
-9999.0 -9999.0 -9999.0 -9999.0 -9999.0 -9999.0 -9999.0 -9999.0 -9999.0 -9999.0 -9999.0 -9999.0 -9999.0 -9999.0 -9999.0 -9999.0 -9999.0 -9999.0 -9999.0 -9999.0 -9999.0 -9999.0 -9999.0 -9999.0 -9999.0 -9999.0 -9999.0 -9999.0 -9999.0 -9999.0 -9999.0 95.258907 64.088439 105.725274 110.305600 113.605920 104.384833 92.546559 88.595944 87.752696 86.992508 86.315215 70.953262 70.040426 69.037160 58.264385 69.396560 71.763475 61.452011 66.160793 95.410714 96.169671 46.251680 57.940825 69.277952 86.987298 67.009214 63.057671 107.803141 94.712463
-9999.0 -9999.0 -9999.0 -9999.0 -9999.0 -9999.0 -9999.0 -9999.0 -9999.0 -9999.0 -9999.0 -9999.0 -9999.0 -9999.0 -9999.0 -9999.0 -9999.0 -9999.0 -9999.0 -9999.0 -9999.0 -9999.0 -9999.0 -9999.0 -9999.0 -9999.0 -9999.0 -9999.0 -9999.0 -9999.0 125.856856 130.634337 63.621853 115.722961 107.830901 111.018943 111.233102 92.679186 98.661372 102.227526 94.401285 90.024752 72.870668 81.700079 68.550069 61.711816 70.718416 71.487896 61.009110 68.099982 72.967340 86.616379 43.886129 99.313459 58.516984 116.240021 77.280463 116.858435 127.851323 132.573932
-9999.0 -9999.0 -9999.0 -9999.0 -9999.0 -9999.0 -9999.0 -9999.0 -9999.0 -9999.0 -9999.0 -9999.0 -9999.0 -9999.0 -9999.0 -9999.0 -9999.0 -9999.0 -9999.0 -9999.0 -9999.0 -9999.0 -9999.0 -9999.0 -9999.0 -9999.0 -9999.0 -9999.0 -9999.0 -9999.0 61.325239 134.911507 130.561132 118.268920 111.934676 129.375124 109.114290 102.858685 104.483152 99.465923 90.310662 90.721142 77.818617 73.563865 67.498967 59.792305 70.818530 78.587809 67.486396 59.247679 58.646855 80.799162 121.154886 109.379368 119.646840 65.385087 77.270834 62.902027 134.077827 56.934975
-9999.0 -9999.0 -9999.0 -9999.0 -9999.0 -9999.0 -9999.0 -9999.0 -9999.0 -9999.0 -9999.0 -9999.0 -9999.0 -9999.0 -9999.0 -9999.0 -9999.0 -9999.0 -9999.0 -9999.0 -9999.0 -9999.0 -9999.0 -9999.0 -9999.0 -9999.0 -9999.0 140.355944 58.148699 140.608961 65.851979 134.344579 63.803944 99.463105 106.046437 106.115257 102.324643 95.492215 96.322307 84.727815 89.805202 88.951926 80.178424 73.033092 68.007260 56.604259 69.583194 76.995086 77.146082 62.696065 58.030486 79.432189 110.097841 47.420995 98.941626 111.274599 51.910353 106.516396 107.526824 97.153137
-9999.0 -9999.0 -9999.0 -9999.0 -9999.0 -9999.0 -9999.0 -9999.0 -9999.0 -9999.0 -9999.0 -9999.0 -9999.0 -9999.0 -9999.0 -9999.0 -9999.0 -9999.0 -9999.0 -9999.0 -9999.0 -9999.0 -9999.0 -9999.0 -9999.0 -9999.0 -9999.0 124.034755 58.026196 129.330713 133.392113 55.703086 118.536996 113.821664 108.381399 117.583154 100.841299 85.698275 87.167287 90.640571 80.766621 83.886241 99.679670 73.224077 70.601858 65.437333 64.623423 71.537750 68.645235 67.457051 65.824607 62.178395 30.908256 94.914806 82.739756 131.761543 60.593150 118.904759 133.492646 115.343231
-9999.0 -9999.0 -9999.0 -9999.0 -9999.0 -9999.0 -9999.0 -9999.0 -9999.0 -9999.0 -9999.0 -9999.0 -9999.0 -9999.0 -9999.0 -9999.0 -9999.0 -9999.0 -9999.0 -9999.0 -9999.0 -9999.0 -9999.0 -9999.0 -9999.0 -9999.0 -9999.0 112.752407 139.714997 151.328669 56.999254 133.812906 115.306071 102.749114 113.027071 126.712460 106.340305 106.856314 107.236450 111.510896 94.227988 98.658762 87.709707 82.884013 71.145268 57.236401 62.006582 67.263812 67.217119 68.775367 65.174610 63.118370 56.677587 70.921297 84.733512 114.442785 128.982963 115.749500 114.973223 125.366360
-9999.0 -9999.0 -9999.0 -9999.0 -9999.0 -9999.0 -9999.0 -9999.0 -9999.0 -9999.0 -9999.0 -9999.0 -9999.0 -9999.0 -9999.0 -9999.0 -9999.0 -9999.0 -9999.0 -9999.0 -9999.0 -9999.0 -9999.0 -9999.0 -9999.0 -9999.0 -9999.0 -9999.0 53.784159 71.994234 119.597698 131.015707 112.945991 101.951236 74.246136 128.078118 119.657159 60.288828 61.019371 54.888797 55.299259 54.552769 111.172830 115.040341 105.052303 68.010959 81.437541 95.495761 66.668196 63.796401 61.637403 56.494802 56.806672 62.848305 75.801554 83.622814 108.127786 115.523870 92.023059 121.446572
-9999.0 -9999.0 -9999.0 -9999.0 -9999.0 -9999.0 -9999.0 -9999.0 -9999.0 -9999.0 -9999.0 -9999.0 -9999.0 -9999.0 -9999.0 -9999.0 -9999.0 -9999.0 -9999.0 -9999.0 -9999.0 -9999.0 -9999.0 -9999.0 -9999.0 -9999.0 -9999.0 -9999.0 131.797424 104.743262 123.193010 58.408117 68.121285 118.681210 118.480367 117.316800 108.692268 103.847270 101.609717 59.686258 60.261869 53.952974 109.984706 86.811000 94.447757 64.501060 67.699725 81.257636 64.712811 66.631842 62.643121 60.659430 66.712110 60.846489 75.146763 121.380044 121.496642 117.818518 106.773964 107.096873
-9999.0 -9999.0 -9999.0 -9999.0 -9999.0 -9999.0 -9999.0 -9999.0 -9999.0 -9999.0 -9999.0 -9999.0 -9999.0 -9999.0 -9999.0 -9999.0 -9999.0 -9999.0 -9999.0 -9999.0 -9999.0 -9999.0 -9999.0 -9999.0 -9999.0 -9999.0 -9999.0 -9999.0 109.587604 99.945445 170.986148 132.061913 96.644732 125.892931 116.229672 124.484489 110.242183 60.671189 55.635850 59.031276 62.739647 55.446126 109.824928 103.249986 93.818790 71.863286 75.368283 81.710143 87.471069 64.445243 64.554770 59.762762 59.278618 57.823535 72.132622 84.819116 114.200065 117.006773 110.680917 112.157086
-9999.0 -9999.0 -9999.0 -9999.0 -9999.0 -9999.0 -9999.0 -9999.0 -9999.0 -9999.0 -9999.0 -9999.0 -9999.0 -9999.0 -9999.0 -9999.0 -9999.0 -9999.0 -9999.0 -9999.0 -9999.0 -9999.0 -9999.0 -9999.0 -9999.0 -9999.0 -9999.0 138.745291 77.483076 120.974727 120.017482 116.464764 169.496537 73.942738 119.312597 68.547108 79.864032 114.712732 113.398742 123.978875 114.034694 114.334181 93.074314 52.655721 89.851829 68.321727 72.264603 60.582418 70.476376 59.398838 65.530821 62.229834 63.092273 53.653656 56.662770 75.968213 78.154549 70.999612 82.392462 94.717875
-9999.0 -9999.0 -9999.0 -9999.0 -9999.0 -9999.0 -9999.0 -9999.0 -9999.0 -9999.0 -9999.0 -9999.0 -9999.0 -9999.0 -9999.0 -9999.0 -9999.0 -9999.0 -9999.0 -9999.0 -9999.0 -9999.0 -9999.0 -9999.0 -9999.0 -9999.0 -9999.0 -9999.0 151.611141 142.113938 100.061554 133.457791 112.080787 104.633090 106.493893 119.582854 69.500458 61.923788 127.920223 122.631031 107.329181 111.716517 100.008532 100.703951 81.095459 77.602719 76.537419 71.077798 54.738702 59.843180 62.755973 62.453523 65.542489 59.637396 57.954394 78.572138 72.905915 85.320999 77.283303 91.011221
-9999.0 -9999.0 -9999.0 -9999.0 -9999.0 -9999.0 -9999.0 -9999.0 -9999.0 -9999.0 -9999.0 -9999.0 -9999.0 -9999.0 -9999.0 -9999.0 -9999.0 -9999.0 -9999.0 -9999.0 -9999.0 -9999.0 -9999.0 -9999.0 -9999.0 -9999.0 -9999.0 -9999.0 72.755933 68.152123 107.016074 81.344092 112.259263 77.042955 173.715200 70.877693 123.867606 67.570228 70.090744 115.712522 105.409085 102.811553 92.886807 84.915961 89.096819 67.825129 74.450121 68.978392 59.315703 59.526062 63.557637 58.538087 61.782014 58.899978 60.930786 70.861358 76.591745 77.549839 80.924022 90.456769
-9999.0 -9999.0 -9999.0 -9999.0 -9999.0 -9999.0 -9999.0 -9999.0 -9999.0 -9999.0 -9999.0 -9999.0 -9999.0 -9999.0 -9999.0 -9999.0 -9999.0 -9999.0 -9999.0 -9999.0 -9999.0 -9999.0 -9999.0 -9999.0 -9999.0 -9999.0 -9999.0 -9999.0 -9999.0 -9999.0 68.990718 68.317876 69.589685 116.543206 63.049985 67.924658 130.354041 108.164298 102.243772 105.917028 106.996899 87.109566 71.557605 80.143327 82.721739 78.525789 63.139371 71.454951 57.346505 56.783727 59.868488 59.128475 59.212777 50.755389 50.010182 56.270316 71.690555 74.237144 81.689040 86.684557
-9999.0 -9999.0 -9999.0 -9999.0 -9999.0 -9999.0 -9999.0 -9999.0 -9999.0 -9999.0 -9999.0 -9999.0 -9999.0 -9999.0 -9999.0 -9999.0 -9999.0 -9999.0 -9999.0 -9999.0 -9999.0 -9999.0 -9999.0 -9999.0 -9999.0 -9999.0 -9999.0 -9999.0 -9999.0 -9999.0 62.347612 65.449146 132.651267 115.443071 61.082644 128.481901 109.703340 104.591612 113.709416 104.939056 92.173058 114.283142 69.895656 80.384461 71.479536 77.486535 73.304107 71.495958 62.662651 56.519146 56.697532 56.172371 62.163403 57.582167 57.563180 21.289098 58.920033 65.295904 88.970606 85.760300
-9999.0 -9999.0 -9999.0 -9999.0 -9999.0 -9999.0 -9999.0 -9999.0 -9999.0 -9999.0 -9999.0 -9999.0 -9999.0 -9999.0 -9999.0 -9999.0 -9999.0 -9999.0 -9999.0 -9999.0 -9999.0 -9999.0 -9999.0 -9999.0 -9999.0 -9999.0 -9999.0 -9999.0 -9999.0 -9999.0 64.051382 68.270528 138.746026 124.051647 132.939251 115.610344 112.920687 108.146922 106.396102 94.626079 94.586306 96.413171 82.293062 106.657206 75.239418 72.902709 69.064988 70.793709 65.595558 58.256610 55.693536 54.291445 64.724333 59.878276 58.882503 66.132258 68.597277 76.943476 81.538092 90.075820
-9999.0 -9999.0 -9999.0 -9999.0 -9999.0 -9999.0 -9999.0 -9999.0 -9999.0 -9999.0 -9999.0 -9999.0 -9999.0 -9999.0 -9999.0 -9999.0 -9999.0 -9999.0 -9999.0 -9999.0 -9999.0 -9999.0 -9999.0 -9999.0 -9999.0 -9999.0 -9999.0 -9999.0 -9999.0 -9999.0 119.184638 118.384379 127.706982 119.152372 123.024832 114.595283 133.716019 103.627656 115.751996 89.023523 91.898785 88.594300 86.824529 96.085402 75.021921 64.464496 69.915432 74.029860 67.816319 58.921388 55.113473 59.028917 60.549959 58.167520 54.416590 53.295547 61.116228 66.992178 71.185360 76.931862
-9999.0 -9999.0 -9999.0 -9999.0 -9999.0 -9999.0 -9999.0 -9999.0 -9999.0 -9999.0 -9999.0 -9999.0 -9999.0 -9999.0 -9999.0 -9999.0 -9999.0 -9999.0 -9999.0 -9999.0 -9999.0 -9999.0 -9999.0 -9999.0 -9999.0 -9999.0 -9999.0 -9999.0 -9999.0 -9999.0 104.553255 130.492152 138.459879 123.413719 121.891843 131.659955 113.733662 109.978095 100.307347 75.134948 85.668616 86.721378 92.297863 84.244236 81.974298 85.380241 88.436031 70.638829 65.581318 59.723482 54.706748 56.515295 61.789085 54.656583 52.320626 56.161014 61.966919 76.482124 76.409069 88.797144
-9999.0 -9999.0 -9999.0 -9999.0 -9999.0 -9999.0 -9999.0 -9999.0 -9999.0 -9999.0 -9999.0 -9999.0 -9999.0 -9999.0 -9999.0 -9999.0 -9999.0 -9999.0 -9999.0 -9999.0 -9999.0 -9999.0 -9999.0 -9999.0 -9999.0 -9999.0 -9999.0 -9999.0 -9999.0 -9999.0 -9999.0 115.190731 127.295166 63.507232 65.741011 60.405969 120.708107 106.443200 98.129696 86.463162 88.254536 106.897986 90.091588 86.278845 103.776233 97.003222 99.807658 100.662306 63.347932 78.873113 61.930839 58.238613 54.023608 75.144501 54.020069 57.298619 58.991263 93.499510 106.576686 84.994416
-9999.0 -9999.0 -9999.0 -9999.0 -9999.0 -9999.0 -9999.0 -9999.0 -9999.0 -9999.0 -9999.0 -9999.0 -9999.0 -9999.0 -9999.0 -9999.0 -9999.0 -9999.0 -9999.0 -9999.0 -9999.0 -9999.0 -9999.0 -9999.0 -9999.0 -9999.0 -9999.0 -9999.0 -9999.0 -9999.0 -9999.0 125.519067 127.840399 64.142449 67.700114 134.433956 126.251994 65.671104 99.568862 91.258819 104.927940 57.812019 57.368454 105.405302 89.570888 47.962670 104.688179 99.527818 64.868167 60.186474 56.826237 54.663484 50.754765 87.324311 54.003847 54.761845 62.538394 82.283597 95.363929 91.967640
-9999.0 -9999.0 -9999.0 -9999.0 -9999.0 -9999.0 -9999.0 -9999.0 -9999.0 -9999.0 -9999.0 -9999.0 -9999.0 -9999.0 -9999.0 -9999.0 -9999.0 -9999.0 -9999.0 -9999.0 -9999.0 -9999.0 -9999.0 -9999.0 -9999.0 -9999.0 -9999.0 -9999.0 -9999.0 -9999.0 -9999.0 124.275973 122.605008 110.686379 62.686513 65.238735 120.150387 110.107933 113.769596 48.928822 62.303478 107.919804 105.253144 110.184651 96.914207 103.925437 79.422375 72.249543 61.246077 60.613628 55.689446 53.307356 51.614699 77.525590 50.944078 56.596602 59.533010 61.709585 97.350855 53.486754
-9999.0 -9999.0 -9999.0 -9999.0 -9999.0 -9999.0 -9999.0 -9999.0 -9999.0 -9999.0 -9999.0 -9999.0 -9999.0 -9999.0 -9999.0 -9999.0 -9999.0 -9999.0 -9999.0 -9999.0 -9999.0 -9999.0 -9999.0 -9999.0 -9999.0 -9999.0 -9999.0 -9999.0 -9999.0 -9999.0 -9999.0 121.905554 107.458514 126.051188 112.724327 122.327880 61.450542 129.559186 130.102594 104.864609 106.238700 50.815127 96.620902 91.226401 78.992091 76.843589 73.490622 64.548717 54.493293 58.918433 57.178254 48.943966 52.031246 57.681964 54.089006 59.751095 61.346403 60.388448 92.114921 59.757649
-9999.0 -9999.0 -9999.0 -9999.0 -9999.0 -9999.0 -9999.0 -9999.0 -9999.0 -9999.0 -9999.0 -9999.0 -9999.0 -9999.0 -9999.0 -9999.0 -9999.0 -9999.0 -9999.0 -9999.0 -9999.0 -9999.0 -9999.0 -9999.0 -9999.0 -9999.0 -9999.0 -9999.0 -9999.0 118.212946 121.729149 130.184289 57.851455 110.672309 121.301182 116.321227 109.010146 69.266174 103.007498 100.840420 106.030612 91.073171 80.464200 87.971363 86.854396 78.437855 68.591069 63.012579 57.701392 62.236312 55.645651 52.938174 51.724917 58.056784 55.787116 62.363282 60.479283 58.325017 79.397734 53.181744
-9999.0 -9999.0 -9999.0 -9999.0 -9999.0 -9999.0 -9999.0 -9999.0 -9999.0 -9999.0 -9999.0 -9999.0 -9999.0 -9999.0 -9999.0 -9999.0 -9999.0 -9999.0 -9999.0 -9999.0 -9999.0 -9999.0 -9999.0 -9999.0 -9999.0 -9999.0 -9999.0 -9999.0 119.451355 115.229650 120.708886 123.351449 113.521747 115.530887 107.829059 106.775095 123.337035 122.297559 118.397830 104.882388 108.855442 119.661910 92.692866 89.271643 82.993986 67.981035 67.919500 64.640490 60.292098 62.765135 54.932436 53.008268 49.353707 58.055437 60.941964 62.960653 58.211929 51.146480 66.405057 82.670020
-9999.0 -9999.0 -9999.0 -9999.0 -9999.0 -9999.0 -9999.0 -9999.0 -9999.0 -9999.0 -9999.0 -9999.0 -9999.0 -9999.0 -9999.0 -9999.0 -9999.0 -9999.0 -9999.0 -9999.0 -9999.0 -9999.0 -9999.0 -9999.0 -9999.0 -9999.0 -9999.0 116.173987 111.972721 111.850057 120.376259 121.446299 114.099115 108.432641 108.947598 108.643449 102.631868 109.212689 110.446664 49.027595 60.239182 53.954597 104.587151 105.141876 88.866959 69.000278 67.053768 65.286627 62.261756 61.647477 57.650723 52.515023 48.131458 58.072051 54.319468 63.294219 78.439871 92.184487 88.590524 90.989165
-9999.0 -9999.0 -9999.0 -9999.0 -9999.0 -9999.0 -9999.0 -9999.0 -9999.0 -9999.0 -9999.0 -9999.0 -9999.0 -9999.0 -9999.0 -9999.0 -9999.0 -9999.0 -9999.0 -9999.0 -9999.0 -9999.0 -9999.0 -9999.0 -9999.0 -9999.0 -9999.0 104.279266 104.667104 100.431098 122.726902 112.303191 111.617433 104.241779 99.182289 106.521765 92.062198 90.502603 109.702285 105.560851 97.402137 86.699492 107.963453 95.694295 91.512202 71.591663 75.530635 64.602444 59.235676 60.500785 57.530991 48.403926 49.765633 57.289435 51.770331 47.554967 56.710877 51.613439 63.295295 99.318720
