tests/3D/snow_dstr_SENSITIVITY/output-maps-SE27XX/snowmeltedN0013.asc
ncols         78
nrows         130
xllcorner     624800.000000
yllcorner     5171500.000000
cellsize      100.000000
NODATA_value  -9999.0
[rows 84 to 111 of 130, columns 0 to 62 of 78]
-9999.0 -9999.0 -9999.0 5.216468 3.046582 3.089300 5.077045 2.713183 1.773324 3.746689 0.000000 0.000000 0.000000 6.516970 0.871134 0.892398 7.847256 0.472822 0.000000 0.443640 0.000000 0.000000 10.357638 3.191061 4.573985 1.105745 1.081054 1.039479 0.927363 0.950346 2.283047 3.465511 3.686699 4.116892 5.193759 4.135361 4.893618 6.603437 6.650053 6.067054 4.503025 0.138691 0.108298 0.000000 0.727939 0.000000 7.725213 2.981862 3.937693 3.084787 2.624866 4.709394 4.897142 4.698840 3.199913 2.651477 2.957510 1.729665 0.568934 0.000000 5.416738 0.000000 0.000000
-9999.0 -9999.0 -9999.0 6.804756 6.892607 3.229009 6.446099 8.671024 4.222172 2.232175 2.943268 3.244056 0.000000 0.000000 4.902627 0.227687 6.668143 5.751102 0.000000 0.000000 0.000000 0.957181 3.394387 5.241288 1.202481 1.018968 0.673582 0.863747 0.908158 6.314382 3.661826 5.397216 4.976914 4.801173 3.701722 6.232118 6.522064 6.450482 6.583043 4.940569 4.977790 7.456608 0.000000 1.045075 3.646891 7.878002 6.983447 1.707751 0.000000 1.050354 0.037651 4.575248 6.413581 6.130771 5.906917 4.689309 5.414767 4.183998 0.538427 0.405092 0.000000 0.438449 0.000000
-9999.0 -9999.0 -9999.0 -9999.0 6.677367 3.078692 2.306844 8.531617 4.454955 0.505647 0.210439 0.000000 3.550106 3.326482 0.000000 0.000000 0.000000 0.000000 0.000000 0.000000 0.000000 3.807116 3.863331 4.180828 3.394262 7.121721 1.134738 1.097494 4.877415 5.625929 5.259334 5.265838 4.924909 4.879800 4.911801 0.000000 6.411252 6.522177 6.425392 3.720978 0.261975 0.078913 3.825048 0.112147 0.001614 6.158004 2.545236 5.958942 0.000000 0.000000 0.000000 0.728766 1.311925 7.123098 5.990575 5.279206 5.245245 0.000000 3.938984 3.517669 0.000000 0.000000 1.284762
-9999.0 -9999.0 -9999.0 -9999.0 8.971314 8.961485 4.999936 4.544022 1.893272 0.000000 1.793539 5.915358 5.957837 6.314204 8.490904 0.000274 0.000000 0.000000 0.000000 3.282772 3.987385 3.924688 3.737517 4.307450 3.662849 4.016663 3.335434 3.925354 4.165485 3.921283 4.032520 4.585401 5.632334 6.108605 6.145301 6.077003 4.328065 6.300760 4.950034 5.852845 6.387010 0.040809 3.972758 3.264647 4.856523 2.373115 5.439511 5.562759 2.085889 0.000000 1.043131 0.000000 3.321606 2.201072 0.000000 0.101719 4.182869 0.000000 3.990380 5.615459 0.384677 0.000000 1.191777
-9999.0 -9999.0 -9999.0 -9999.0 3.848384 9.210655 3.361143 4.051257 3.866824 2.345058 0.000000 1.855260 7.775871 7.063310 1.030248 0.044706 0.003004 0.000000 4.697227 4.527092 4.500931 3.996148 3.445360 3.796803 3.903531 5.023333 4.094001 4.743640 3.585919 3.263565 3.561704 5.971655 4.996160 3.070554 4.355198 4.116724 5.992158 5.085899 5.204541 5.685854 0.000000 0.003426 3.829118 6.831586 0.000000 4.678324 5.515819 3.542940 3.562829 2.391437 1.437551 1.946106 1.769807 1.763568 1.498225 3.723970 0.000000 0.183679 1.283294 0.000000 4.906139 2.199494 3.630856
-9999.0 -9999.0 -9999.0 -9999.0 -9999.0 5.838485 3.979968 1.668921 0.745777 3.562663 2.365579 6.153408 7.721669 0.000000 0.000000 0.000000 0.000000 0.000000 4.952313 4.934747 4.183775 3.524512 4.468108 4.402667 3.714841 3.120509 3.306372 2.857213 3.874273 4.084836 3.422721 3.954474 3.750705 3.475061 0.623748 0.045411 0.592749 1.534487 7.374142 0.250653 0.056580 0.000000 0.000000 3.997070 0.000000 4.988474 0.000000 5.753292 5.397761 2.680970 1.010807 0.000000 1.652292 0.000000 0.000000 1.900115 2.051892 0.910802 2.336822 0.000000 2.459397 0.000000 3.580832
-9999.0 -9999.0 -9999.0 -9999.0 -9999.0 2.287165 0.000000 2.463975 6.349429 6.050532 0.242250 8.432868 0.000000 0.000000 0.000000 0.000000 0.000110 3.992561 3.951603 3.929147 3.820530 3.749559 4.852193 3.815316 5.797294 5.681947 3.031323 2.567106 3.285461 5.309617 4.795099 0.400128 5.848306 0.915649 1.086379 0.767604 0.714774 0.000000 0.071726 0.000000 0.000000 0.000000 6.091924 0.731612 1.010026 0.608263 0.000000 3.402355 0.000000 0.000000 2.308840 0.000000 0.806558 0.541199 0.000000 2.830057 0.000000 1.749015 0.000000 0.000000 2.744198 0.000000 1.419102
-9999.0 -9999.0 -9999.0 -9999.0 -9999.0 -9999.0 8.040718 6.866647 6.569459 7.406722 0.063255 0.000000 0.000000 0.000000 0.000000 0.004756 4.373330 3.896427 3.766144 3.884934 3.774693 3.314780 3.434925 3.317012 3.697339 3.178190 2.767384 4.503690 5.112009 6.125987 6.526779 0.798690 0.577296 0.425066 2.889796 0.152236 0.000000 0.000000 0.000000 0.171163 0.000000 0.000000 0.000000 0.000000 2.504278 3.071489 0.000000 0.003878 6.651591 0.000000 0.000000 0.044560 0.000000 0.000000 0.000000 0.000000 1.066654 0.000000 0.000000 0.000000 0.000000 0.000000 0.000000
-9999.0 -9999.0 -9999.0 -9999.0 -9999.0 -9999.0 7.734772 7.669553 7.291245 1.445315 0.000000 0.000000 0.000000 0.000000 0.000000 0.004886 3.644437 3.366078 3.715284 4.745712 3.685483 4.049240 3.493123 5.487273 2.870217 5.377210 5.275725 5.181885 6.180628 0.785253 7.200458 7.066389 0.417978 0.003934 0.000000 0.000000 0.000000 6.597646 1.895819 0.000000 6.164634 0.000000 2.850813 0.000000 3.089106 2.172087 0.911168 0.000000 0.000000 0.000000 0.000000 0.000000 2.065257 2.403679 0.000000 0.000000 0.084273 0.000000 0.000000 0.000000 0.000000 0.000000 0.000000
-9999.0 -9999.0 -9999.0 -9999.0 -9999.0 -9999.0 -9999.0 9.167258 0.795997 0.000000 0.000000 0.000000 0.000000 0.003230 0.004415 0.005296 3.332703 3.440071 2.997549 3.042863 2.109503 4.834448 5.814950 4.361359 0.883272 0.622424 0.901252 0.000000 0.554891 0.523946 0.545797 0.000000 0.000000 0.517205 0.000000 0.854952 6.745574 0.000000 6.431274 2.330038 0.000000 0.000000 0.000000 7.617634 3.242146 0.854776 1.932117 3.048343 0.963149 0.000000 0.000000 0.000000 0.000000 0.000000 0.000000 0.000000 0.000000 0.000000 0.000000 0.000000 0.000000 0.000000 0.000000
-9999.0 -9999.0 -9999.0 -9999.0 -9999.0 -9999.0 -9999.0 0.912109 0.000000 0.000000 0.000000 0.000000 0.003940 0.000113 0.000677 2.291761 2.904534 3.313514 3.352502 5.559366 3.256646 3.171003 4.961393 1.223884 7.553575 0.919306 0.497657 4.221460 0.000000 0.207021 0.667324 0.000000 0.000000 0.000000 0.305686 5.715954 0.000000 0.000000 0.675169 1.418992 0.000000 3.880497 2.122249 0.219652 7.617702 1.393796 5.411893 0.000000 2.579993 1.646425 1.146037 3.651341 2.019339 0.000000 1.124248 0.000000 0.000000 0.000000 0.000000 0.000000 0.000000 0.000000 0.000000
-9999.0 -9999.0 -9999.0 -9999.0 -9999.0 -9999.0 -9999.0 2.998104 0.000000 0.000000 0.000000 0.000000 0.002339 0.004237 0.000553 6.227498 2.339329 3.239753 2.843886 5.598932 4.157784 2.983780 6.859665 0.726171 0.764020 1.003406 0.384704 0.889091 0.000000 0.000000 0.000000 6.382692 6.418248 6.032725 3.329820 2.540443 0.000000 6.160631 3.793257 6.648769 3.891582 2.896153 2.369829 8.480847 0.000000 0.000000 5.680047 2.975229 5.403514 4.516042 0.038884 0.496070 0.000000 3.056149 0.000000 0.000000 0.000000 0.000000 0.000000 0.000000 0.000000 0.000000 2.353760
-9999.0 -9999.0 -9999.0 -9999.0 -9999.0 -9999.0 -9999.0 -9999.0 0.000000 0.000000 0.000000 0.000000 0.000391 0.000168 0.394387 5.614161 5.742565 5.097195 5.802476 1.717675 0.976261 5.266148 1.135331 0.770741 7.702550 7.320562 0.760863 0.000000 0.000000 6.198930 0.000000 0.517166 6.590918 3.135087 1.224454 0.000000 0.000000 5.608983 0.000000 6.619214 2.799447 3.810528 6.043724 0.000000 7.086681 4.120377 0.000000 0.680152 2.087404 4.732828 5.868582 4.716895 0.544180 0.000000 0.000000 0.000000 0.000000 1.277091 0.000000 0.000000 0.000000 0.000000 0.000000
-9999.0 -9999.0 -9999.0 -9999.0 -9999.0 -9999.0 -9999.0 -9999.0 -9999.0 0.000000 0.000000 0.000000 0.000483 0.000000 0.000000 6.130831 5.865112 5.668230 5.564541 1.578725 1.363230 0.678671 1.164336 0.158623 0.000000 0.000000 0.894869 0.503615 4.174788 0.000000 1.062832 0.000000 2.558984 0.000000 0.000000 0.000000 2.459743 0.000000 0.000000 0.829589 1.359410 1.600574 5.327478 3.490155 5.587862 6.725855 5.702102 0.000000 3.517325 7.674850 4.324527 3.329260 0.000000 0.920922 0.000000 0.000000 0.000000 2.610406 0.000000 0.000000 0.000000 0.000000 0.000000
-9999.0 -9999.0 -9999.0 -9999.0 -9999.0 -9999.0 -9999.0 -9999.0 -9999.0 0.000000 0.000000 0.000000 0.000019 0.000000 6.131698 5.778402 5.807456 5.571106 5.421754 1.315369 1.217583 0.909254 0.000000 1.696297 6.667770 0.000000 6.608640 2.172416 0.361303 1.799205 6.462351 0.098226 0.852690 2.273489 0.000000 2.892829 2.466377 2.035677 2.690886 5.817013 3.436961 0.000000 4.364239 1.939523 4.251949 8.393695 0.000000 0.000000 3.172930 0.000000 5.740941 4.289124 2.589514 1.919017 0.523559 5.877272 0.137551 0.000000 0.000000 0.000000 0.000000 0.000000 0.000000
-9999.0 -9999.0 -9999.0 -9999.0 -9999.0 -9999.0 -9999.0 -9999.0 -9999.0 -9999.0 0.000000 0.000000 0.000240 6.017542 5.192651 4.520634 3.266021 6.769170 5.327338 1.494809 1.184499 0.091906 1.500174 5.554343 0.268013 0.000000 0.000000 0.838255 0.000000 6.460459 0.174071 0.000000 0.000000 0.000000 0.000000 2.850006 0.000000 2.110664 2.404392 0.000000 1.893367 5.674487 3.617885 0.000000 1.797681 1.316092 0.000000 0.000000 7.081515 0.935383 6.951635 5.700462 5.344887 5.132487 5.020893 4.233810 3.836021 0.423637 0.000000 0.994026 0.000000 0.000000 0.000000
-9999.0 -9999.0 -9999.0 -9999.0 -9999.0 -9999.0 -9999.0 -9999.0 -9999.0 -9999.0 -9999.0 -9999.0 0.000444 9.837856 4.728595 5.686264 5.272116 1.096620 0.348217 0.456948 0.000000 7.026778 0.000000 0.000000 1.050843 7.116394 0.000000 3.091850 2.426372 3.246555 0.000000 2.389234 1.395214 0.336175 0.000000 0.000000 1.684376 5.665359 1.817989 2.340152 1.023641 3.206856 5.506713 3.026017 2.921646 1.626875 2.511952 6.997130 0.000000 1.292276 8.083983 6.694871 6.327354 6.044007 5.008616 0.000000 3.958186 1.464196 0.000000 0.000000 0.000000 0.000000 0.000000
-9999.0 -9999.0 -9999.0 -9999.0 -9999.0 -9999.0 -9999.0 -9999.0 -9999.0 -9999.0 -9999.0 -9999.0 -9999.0 1.501056 4.140260 4.647285 7.130378 0.892695 0.133501 0.358823 2.210263 0.436083 2.667044 2.704879 0.000000 0.000000 0.000000 1.844515 1.958739 2.749782 0.240729 2.724728 1.488973 1.860948 2.157199 0.000000 1.215477 5.556792 2.295367 2.298346 3.198014 3.408382 3.410432 3.039995 4.625497 1.494483 2.801689 2.740560 0.000000 2.626820 7.843651 7.464321 5.972633 7.301175 5.033849 0.045977 0.000000 0.000000 5.754477 0.000000 0.000000 1.232419 0.000000
-9999.0 -9999.0 -9999.0 -9999.0 -9999.0 -9999.0 -9999.0 -9999.0 -9999.0 -9999.0 -9999.0 -9999.0 -9999.0 -9999.0 1.090772 4.389969 7.149346 1.914229 0.257584 6.603300 6.599657 1.203858 0.000000 7.135716 3.568022 0.852309 1.885992 2.336342 3.477431 0.000000 0.218228 1.866080 1.463883 0.000000 0.000000 0.000000 0.613682 6.018562 1.226044 0.000000 2.523106 2.488725 0.585910 2.870003 4.980260 2.311884 3.276941 1.008603 0.000000 0.000000 0.793743 2.205436 7.085179 0.162720 1.270535 0.000000 0.000000 0.000000 0.000000 0.000000 0.000000 0.000000 0.000000
-9999.0 -9999.0 -9999.0 -9999.0 -9999.0 -9999.0 -9999.0 -9999.0 -9999.0 -9999.0 -9999.0 -9999.0 -9999.0 -9999.0 -9999.0 3.388219 7.410095 0.534562 7.663603 0.001161 3.942941 0.000000 6.740815 0.000000 0.000000 0.000000 1.332179 1.685378 1.035707 1.912091 0.526451 1.653978 0.000000 0.893070 0.000000 0.000000 0.000000 0.000000 0.000000 1.972416 2.379352 1.795449 2.442169 2.115275 3.379400 5.686744 5.492246 1.520170 4.781931 0.885931 0.000000 6.432347 7.836601 1.327935 1.117356 2.480876 2.196415 1.568955 0.063464 0.000000 0.000000 0.000000 0.000000
-9999.0 -9999.0 -9999.0 -9999.0 -9999.0 -9999.0 -9999.0 -9999.0 -9999.0 -9999.0 -9999.0 -9999.0 -9999.0 -9999.0 -9999.0 6.733749 2.067126 1.067120 0.398593 0.000000 0.351581 6.583670 2.806869 2.633766 2.774561 7.410415 1.535300 2.524658 1.151957 1.844123 1.744672 1.634543 5.800302 1.799181 0.202218 7.785482 0.000000 0.000000 0.485447 0.000000 2.494517 0.924112 2.726627 3.485870 3.049596 3.298429 4.453419 5.353596 2.526794 12.241836 0.000000 6.845451 7.384894 8.063272 2.914954 0.726721 1.759714 0.000000 3.547995 0.000000 0.000000 0.000000 0.000000
-9999.0 -9999.0 -9999.0 -9999.0 -9999.0 -9999.0 -9999.0 -9999.0 -9999.0 -9999.0 -9999.0 -9999.0 -9999.0 -9999.0 -9999.0 -9999.0 3.772124 4.316755 4.018336 0.000000 2.923322 6.511311 1.400800 0.000000 1.860094 7.637078 0.000000 2.021039 3.103548 5.431555 0.114585 1.893933 1.706411 0.125106 0.000000 0.137408 0.000000 0.000000 0.000000 1.340967 0.863337 1.833676 3.138862 2.803490 0.000000 5.415356 5.378919 1.876820 5.489728 2.478553 5.632624 0.000000 7.519039 3.792785 2.281679 1.763987 1.295708 0.000000 0.000000 0.000000 1.358820 0.000000 2.779401
-9999.0 -9999.0 -9999.0 -9999.0 -9999.0 -9999.0 -9999.0 -9999.0 -9999.0 -9999.0 -9999.0 -9999.0 -9999.0 -9999.0 -9999.0 -9999.0 -9999.0 -9999.0 -9999.0 4.509941 8.596527 1.936557 0.000000 1.284214 2.153117 0.000000 0.000000 0.000000 0.000000 1.078966 0.000000 5.905535 0.871606 0.255574 0.374761 0.000000 0.000000 1.090008 0.000000 0.628771 0.000000 1.867167 1.295203 2.019353 2.832657 2.925876 5.424080 1.910424 5.352274 2.334267 2.514463 7.143322 7.314036 0.000000 3.730005 1.271766 0.000000 0.000000 2.359128 0.000000 2.708779 0.000000 5.753364
-9999.0 -9999.0 -9999.0 -9999.0 -9999.0 -9999.0 -9999.0 -9999.0 -9999.0 -9999.0 -9999.0 -9999.0 -9999.0 -9999.0 -9999.0 -9999.0 -9999.0 -9999.0 -9999.0 -9999.0 -9999.0 1.064321 1.209399 0.000000 0.000000 0.000000 0.000000 7.850006 1.254052 1.366355 0.000000 0.536971 0.000000 0.288647 1.161323 7.201413 0.000000 0.000000 0.000000 0.366565 0.000000 0.845517 0.000000 2.278103 2.364809 1.024849 2.519171 2.908860 2.626900 2.303907 2.263702 7.761211 7.228390 1.798391 2.694428 0.157779 0.000000 2.340335 1.236220 2.962417 2.744719 0.000000 1.733987
-9999.0 -9999.0 -9999.0 -9999.0 -9999.0 -9999.0 -9999.0 -9999.0 -9999.0 -9999.0 -9999.0 -9999.0 -9999.0 -9999.0 -9999.0 -9999.0 -9999.0 -9999.0 -9999.0 -9999.0 -9999.0 1.927753 9.768658 0.000000 0.000000 0.000000 2.439124 8.280584 0.000000 7.323738 0.000000 1.346679 1.179471 0.000000 0.000000 3.423347 0.483231 0.000000 0.000000 0.000000 0.000000 0.000000 0.000000 1.137099 3.071452 0.000000 2.760023 2.412430 1.101761 2.779864 2.121661 5.501811 3.658723 2.785172 3.357345 0.000000 0.484403 0.000000 4.323885 0.000000 5.319953 0.464245 0.000000
-9999.0 -9999.0 -9999.0 -9999.0 -9999.0 -9999.0 -9999.0 -9999.0 -9999.0 -9999.0 -9999.0 -9999.0 -9999.0 -9999.0 -9999.0 -9999.0 -9999.0 -9999.0 -9999.0 -9999.0 -9999.0 -9999.0 -9999.0 -9999.0 -9999.0 -9999.0 -9999.0 0.000000 2.437923 0.000000 2.735774 0.000000 0.000000 2.634358 0.000000 0.000000 0.000000 0.000000 0.000000 7.270970 0.000000 0.000000 7.132326 0.000000 1.341612 5.377217 5.672529 1.112448 5.725919 1.563892 0.184749 1.320505 1.388241 6.521051 2.708884 0.629159 0.300417 0.283914 0.000000 0.306861 3.649879 0.000000 0.458161
-9999.0 -9999.0 -9999.0 -9999.0 -9999.0 -9999.0 -9999.0 -9999.0 -9999.0 -9999.0 -9999.0 -9999.0 -9999.0 -9999.0 -9999.0 -9999.0 -9999.0 -9999.0 -9999.0 -9999.0 -9999.0 -9999.0 -9999.0 -9999.0 -9999.0 -9999.0 -9999.0 0.005982 0.000000 0.000000 0.470572 2.496784 0.000000 0.000000 0.000000 0.510242 0.000004 0.000000 0.000000 6.993224 0.577510 0.000000 2.487091 0.000000 0.000000 0.000000 3.324103 0.952979 1.813436 1.225866 2.237808 2.056504 0.403942 7.733224 0.000000 3.995397 2.433314 4.104064 2.687020 4.394052 0.000000 0.325776 4.308848
-9999.0 -9999.0 -9999.0 -9999.0 -9999.0 -9999.0 -9999.0 -9999.0 -9999.0 -9999.0 -9999.0 -9999.0 -9999.0 -9999.0 -9999.0 -9999.0 -9999.0 -9999.0 -9999.0 -9999.0 -9999.0 -9999.0 -9999.0 -9999.0 -9999.0 -9999.0 -9999.0 -9999.0 0.000000 0.000000 0.000000 0.000000 0.000000 0.000000 0.000000 0.041863 1.393222 0.000000 0.000000 2.284896 0.000000 1.807668 0.244669 0.000000 0.000000 0.434032 2.387211 0.005530 0.889233 1.252447 0.000000 2.486623 0.920341 1.521498 6.228182 5.596596 3.101095 2.276333 5.561330 0.000000 2.252876 0.000000 0.000000
