tests/3D/snow_dstr_SENSITIVITY/output-maps-SE27XX/snowsublN0005.asc
ncols         78
nrows         130
xllcorner     624800.000000
yllcorner     5171500.000000
cellsize      100.000000
NODATA_value  -9999.0
[rows 56 to 83 of 130, columns 0 to 62 of 78]
-9999.0 -9999.0 -9999.0 -9999.0 -9999.0 -9999.0 -9999.0 -9999.0 -9999.0 -9999.0 -9999.0 -9999.0 -9999.0 -9999.0 -9999.0 -9999.0 -9999.0 -9999.0 -9999.0 -9999.0 0.058103 0.102104 0.108339 0.232220 0.237078 0.394350 0.282957 0.335532 0.365369 0.432038 0.276730 0.241844 0.257230 0.273262 0.344044 0.378318 0.380168 0.378353 0.379274 0.408912 0.201971 0.337348 0.196965 0.380167 0.418766 0.403223 0.380433 0.236152 0.228668 0.409960 0.383875 0.198330 0.013924 0.012427 0.228411 0.282122 0.296946 0.345836 0.329048 0.320391 0.341174 0.334776 0.299846
-9999.0 -9999.0 -9999.0 -9999.0 -9999.0 -9999.0 -9999.0 -9999.0 -9999.0 -9999.0 -9999.0 -9999.0 -9999.0 -9999.0 -9999.0 -9999.0 0.211627 0.230237 0.201677 0.207460 0.277378 0.282829 0.310404 0.301070 0.356614 0.305837 0.124969 0.328056 0.343229 0.343464 0.292397 0.265910 0.275540 0.279732 0.372819 0.377969 0.381959 0.384332 0.414568 0.382882 0.212821 0.355844 0.355629 0.346276 0.199119 0.226426 0.380477 0.237627 0.382874 0.399027 0.354734 0.144966 0.140617 0.006914 0.019274 0.210720 0.536124 0.386732 0.314895 0.374707 0.365953 0.362193 0.352929
-9999.0 -9999.0 -9999.0 -9999.0 -9999.0 -9999.0 -9999.0 -9999.0 -9999.0 -9999.0 -9999.0 -9999.0 -9999.0 -9999.0 -9999.0 0.367309 0.127822 0.228154 0.217471 0.223273 0.400811 0.448824 0.172783 0.319038 0.314376 0.346783 0.295380 0.418556 0.438158 0.443875 0.206994 0.258135 0.270918 0.279011 0.265621 0.298902 0.379440 0.378878 0.381197 0.406043 0.356842 0.208760 0.399789 0.353026 0.351212 0.227341 0.380713 0.230926 0.239265 0.383747 0.310775 0.187750 0.124738 0.009175 0.000002 0.201165 0.257964 0.421949 0.392796 0.387743 0.402491 0.364541 0.346276
-9999.0 -9999.0 -9999.0 -9999.0 -9999.0 -9999.0 -9999.0 -9999.0 -9999.0 -9999.0 -9999.0 -9999.0 -9999.0 -9999.0 -9999.0 0.423413 0.420963 0.106544 0.096596 0.077103 0.257386 0.360659 0.357840 0.457043 0.160325 0.307514 0.321801 0.295430 0.341970 0.165425 0.322738 0.248908 0.259797 0.274321 0.298012 0.368449 0.378591 0.405577 0.407901 0.401337 0.380000 0.395795 0.223716 0.357992 0.356741 0.210266 0.232028 0.229171 0.385600 0.360394 0.293983 0.184068 0.132427 0.004729 0.076454 0.200211 0.144631 0.424526 0.398369 0.390187 0.386425 0.341538 0.334266
-9999.0 -9999.0 -9999.0 -9999.0 -9999.0 -9999.0 -9999.0 -9999.0 -9999.0 -9999.0 -9999.0 -9999.0 -9999.0 -9999.0 0.398064 0.142642 0.123816 0.105623 0.243266 0.231687 0.095948 0.324925 0.381347 0.165082 0.346839 0.310543 0.324566 0.372251 0.296102 0.352425 0.285534 0.434639 0.295335 0.405806 0.379929 0.380743 0.381001 0.400493 0.354618 0.356767 0.354621 0.359774 0.369933 0.376631 0.380675 0.364488 0.359568 0.371187 0.392552 0.298554 0.591153 0.145214 0.082466 0.004314 0.000000 0.000000 0.321179 0.402038 0.429318 0.426197 0.433134 0.339394 0.365643
-9999.0 -9999.0 -9999.0 -9999.0 -9999.0 -9999.0 -9999.0 -9999.0 -9999.0 -9999.0 -9999.0 -9999.0 -9999.0 0.222290 0.275004 0.432917 0.137170 0.109931 0.440489 0.248594 0.246714 0.417076 0.383035 0.456626 0.347642 0.445517 0.172868 0.314303 0.327872 0.450659 0.180636 0.194309 0.335714 0.379044 0.402101 0.404217 0.402381 0.222342 0.393740 0.360011 0.377348 0.394025 0.388444 0.388703 0.292836 0.379665 0.376033 0.377198 0.386473 0.786531 0.256554 0.176052 0.160109 0.000000 0.045225 0.000000 0.000000 0.373663 0.377115 0.379193 0.347937 0.370137 0.376821
-9999.0 -9999.0 -9999.0 -9999.0 -9999.0 -9999.0 -9999.0 -9999.0 -9999.0 -9999.0 -9999.0 -9999.0 -9999.0 0.239871 0.271273 0.336287 0.351581 0.133276 0.260368 0.258721 0.116105 0.440749 0.449177 0.353652 0.188027 0.166790 0.164134 0.440422 0.314382 0.321104 0.166513 0.357460 0.335962 0.392249 0.398069 0.399841 0.362501 0.365487 0.361039 0.364879 0.386647 0.390710 0.391679 0.375208 0.298695 0.341317 0.374672 0.372149 0.362656 0.232851 0.235750 0.113380 0.169004 0.180877 0.079389 0.000000 0.000000 0.319547 0.368043 0.398094 0.371689 0.380591 0.374167
-9999.0 -9999.0 -9999.0 -9999.0 -9999.0 -9999.0 -9999.0 -9999.0 -9999.0 -9999.0 -9999.0 -9999.0 0.391253 0.268053 0.303247 0.434564 0.452503 0.170598 0.308356 0.313678 0.291354 0.165960 0.352245 0.355456 0.314234 0.315509 0.310353 0.167395 0.308027 0.330647 0.375888 0.378888 0.353919 0.398876 0.381573 0.228596 0.370987 0.379606 0.375292 0.390757 0.378090 0.365510 0.306402 0.290917 0.125898 0.174464 0.151852 0.298316 0.185911 0.030645 0.158792 0.152317 0.130782 0.168068 0.137656 0.138629 0.000000 0.002957 0.393073 0.449144 0.400976 0.395781 0.338639
-9999.0 -9999.0 -9999.0 -9999.0 -9999.0 -9999.0 -9999.0 -9999.0 -9999.0 -9999.0 0.225727 0.298614 0.394386 0.369445 0.331396 0.353854 0.199787 0.300001 0.197499 0.168340 0.311023 0.336772 0.304575 0.406083 0.452362 0.449209 0.177003 0.336241 0.337484 0.316864 0.374660 0.343466 0.415035 0.380029 0.372912 0.376059 0.373249 0.369906 0.369531 0.399314 0.361062 0.298371 0.183350 0.164694 0.099508 0.101182 0.005165 0.001874 0.116075 0.132814 0.119713 0.073371 0.000001 0.000001 0.000000 0.136178 0.100312 0.271869 0.267607 0.391248 0.327872 0.349116 0.373999
-9999.0 -9999.0 -9999.0 -9999.0 -9999.0 -9999.0 -9999.0 -9999.0 -9999.0 -9999.0 0.388834 0.292364 0.123800 0.241821 0.303203 0.315405 0.387302 0.349278 0.356693 0.357227 0.304770 0.273016 0.270924 0.288893 0.327307 0.176444 0.170105 0.361592 0.362986 0.366259 0.371987 0.353484 0.414244 0.380054 0.377952 0.375428 0.372135 0.365380 0.375741 0.389107 0.346553 0.318135 0.209151 0.000000 0.596719 0.012870 0.001293 0.000447 0.160322 0.149755 0.122717 0.154488 0.000001 0.000001 0.000001 0.172052 0.104310 0.001091 0.307274 0.364330 0.326519 0.184436 0.376885
-9999.0 -9999.0 -9999.0 -9999.0 -9999.0 -9999.0 -9999.0 -9999.0 -9999.0 -9999.0 0.258436 0.320488 0.444875 0.260296 0.111188 0.264496 0.328726 0.367355 0.300622 0.236283 0.206021 0.354760 0.371005 0.290119 0.163886 0.323096 0.364701 0.375808 0.383773 0.384865 0.386242 0.360668 0.411768 0.378889 0.363904 0.389131 0.232236 0.393639 0.389200 0.307157 0.244125 0.272818 0.105720 0.003186 0.001418 0.000327 0.099651 0.000000 0.000000 0.000000 0.000574 0.000812 0.000001 0.054463 0.123367 0.076607 0.096560 0.001496 0.147741 0.394581 0.332419 0.374436 0.389672
-9999.0 -9999.0 -9999.0 -9999.0 -9999.0 -9999.0 -9999.0 -9999.0 -9999.0 -9999.0 0.245335 0.287072 0.342205 0.129010 0.271712 0.276149 0.365363 0.309134 0.339648 0.338824 0.270040 0.397622 0.377864 0.301859 0.164434 0.336494 0.324695 0.214755 0.421982 0.415793 0.340826 0.366180 0.419859 0.380854 0.375389 0.364024 0.387165 0.368235 0.635822 0.251785 0.184784 0.209521 0.312778 0.000215 0.001730 0.000099 0.000000 0.000000 0.000000 0.000051 0.000754 0.000516 0.107395 0.123918 0.178363 0.205548 0.171788 0.260052 0.090098 0.448230 0.321811 0.309407 0.324790
-9999.0 -9999.0 -9999.0 -9999.0 -9999.0 -9999.0 -9999.0 -9999.0 -9999.0 -9999.0 0.259506 0.282732 0.339871 0.327001 0.330785 0.277703 0.149956 0.206081 0.335057 0.338136 0.335144 0.357469 0.373694 0.341983 0.335185 0.222640 0.352604 0.354170 0.385280 0.384044 0.351276 0.332171 0.419609 0.226495 0.373542 0.381308 0.392450 0.560142 0.685678 0.809888 0.213815 0.214111 0.319549 0.000478 0.000491 0.000083 0.000000 0.000000 0.000000 0.000000 0.034777 0.021872 0.175553 0.167501 0.425516 0.380954 0.173206 0.360718 0.357291 0.352736 0.266595 0.200168 0.333265
-9999.0 -9999.0 -9999.0 -9999.0 -9999.0 -9999.0 -9999.0 -9999.0 -9999.0 -9999.0 0.399933 0.449627 0.144331 0.321326 0.313520 0.300878 0.291716 0.473185 0.345928 0.255808 0.269091 0.284552 0.392894 0.402117 0.321962 0.377924 0.331587 0.346900 0.380340 0.381975 0.381356 0.359320 0.363874 0.377059 0.398023 0.381882 0.367056 0.815293 0.884780 0.695295 0.452730 0.333001 0.135447 0.000561 0.000123 0.000000 0.046123 0.099633 0.108030 0.203087 0.159814 0.177088 0.184923 0.152861 0.426228 0.347173 0.326478 0.327274 0.212573 0.327855 0.278214 0.319136 0.323189
-9999.0 -9999.0 -9999.0 -9999.0 -9999.0 -9999.0 -9999.0 -9999.0 -9999.0 -9999.0 0.311632 0.445795 0.314285 0.345865 0.342317 0.329543 0.337963 0.362420 0.322421 0.257897 0.272284 0.282564 0.381813 0.384100 0.391953 0.433444 0.380785 0.348611 0.353003 0.380358 0.384164 0.369986 0.375566 0.397458 0.335876 0.318588 0.844849 0.857019 0.861450 0.546924 0.122915 0.182539 0.115061 0.105031 0.107426 0.000000 0.141772 0.114284 0.146334 0.154856 0.185435 0.219353 0.172005 0.491932 0.327702 0.295232 0.354734 0.334462 0.323115 0.317699 0.320812 0.314086 0.313685
-9999.0 -9999.0 -9999.0 -9999.0 -9999.0 -9999.0 -9999.0 -9999.0 -9999.0 0.111678 0.326382 0.338097 0.199941 0.335142 0.321091 0.339001 0.341608 0.389651 0.361946 0.301620 0.322677 0.383397 0.224569 0.361816 0.396707 0.351156 0.320252 0.349233 0.358110 0.403711 0.225175 0.390668 0.384929 0.405747 0.331284 0.325167 0.849873 0.776294 0.759196 0.332360 0.130339 0.120406 0.117445 0.078517 0.036834 0.142782 0.161920 0.157712 0.156681 0.165004 0.080459 0.135870 0.136816 0.431030 0.324080 0.300368 0.213117 0.201877 0.308261 0.336392 0.315263 0.328463 0.208485
-9999.0 -9999.0 -9999.0 -9999.0 -9999.0 -9999.0 -9999.0 0.108784 0.121411 0.403600 0.381829 0.396324 0.341715 0.348078 0.315527 0.388971 0.349273 0.389373 0.336185 0.400602 0.411861 0.382421 0.370870 0.369257 0.374690 0.357049 0.341995 0.356509 0.368931 0.225335 0.396059 0.230572 0.374034 0.352833 0.278373 0.812467 0.712973 0.540046 0.556343 0.248393 0.159327 0.108811 0.121965 0.046619 0.110756 0.163323 0.509962 0.370989 0.471816 0.388819 0.436481 0.359962 0.351868 0.341453 0.324818 0.321980 0.288303 0.301086 0.302362 0.339604 0.297514 0.399402 0.402401
-9999.0 -9999.0 -9999.0 -9999.0 0.123202 0.335516 0.336224 0.402785 0.290499 0.405135 0.170531 0.404283 0.368468 0.316263 0.315033 0.272677 0.263137 0.246198 0.352922 0.399669 0.334437 0.374989 0.237508 0.368931 0.380579 0.362422 0.359385 0.391160 0.379620 0.394500 0.395378 0.383032 0.373872 0.685057 0.543694 0.260255 0.700144 0.300221 0.248035 0.161004 0.091551 0.080083 0.038799 0.000916 0.097160 0.004999 0.566576 0.414251 0.349749 0.349740 0.355133 0.207338 0.209636 0.320933 0.308475 0.306664 0.300479 0.305814 0.314028 0.330488 0.313218 0.281607 0.317394
-9999.0 -9999.0 -9999.0 -9999.0 0.236768 0.236666 0.255480 0.398381 0.288853 0.410595 0.190830 0.205644 0.399510 0.196479 0.377623 0.355147 0.357536 0.412558 0.367228 0.360295 0.217583 0.385381 0.366757 0.366316 0.400437 0.374281 0.357672 0.207860 0.222321 0.354263 0.357679 0.391354 0.372143 0.392164 0.694384 0.242282 0.245731 0.333324 0.237438 0.119720 0.105555 0.094817 0.019466 0.038988 0.142523 0.182051 0.113633 0.290923 0.335804 0.209973 0.246771 0.327830 0.313291 0.204589 0.288649 0.272691 0.281661 0.324167 0.317281 0.335839 0.179867 0.281378 0.129971
-9999.0 -9999.0 -9999.0 -9999.0 0.143230 0.256795 0.408852 0.383070 0.398747 0.199409 0.210132 0.369555 0.367363 0.358525 0.443110 0.372957 0.228442 0.248451 0.371100 0.397963 0.380094 0.382795 0.397293 0.394678 0.349876 0.344336 0.371488 0.386066 0.388537 0.390787 0.388794 0.381445 0.380334 0.387707 0.631088 0.299117 0.242093 0.673210 0.650870 0.120050 0.061487 0.081457 0.000707 0.129486 0.155161 0.107748 0.321556 0.347091 0.194853 0.309388 0.319910 0.203437 0.192254 0.196952 0.305825 0.352266 0.362284 0.351007 0.196443 0.318359 0.317300 0.288100 0.298210
-9999.0 -9999.0 -9999.0 -9999.0 0.493091 0.371512 0.395102 0.379726 0.380861 0.219654 0.383166 0.255499 0.219381 0.381045 0.371154 0.396437 0.379311 0.367536 0.366346 0.394855 0.396257 0.362939 0.365989 0.326517 0.277885 0.225113 0.333834 0.681917 0.337580 0.372426 0.857963 0.350089 0.391819 0.392104 0.653564 0.799521 0.750967 0.432200 0.132288 0.094562 0.001029 0.000000 0.014041 0.058031 0.163337 0.777925 0.373800 0.370698 0.340107 0.171607 0.356288 0.341274 0.331176 0.359272 0.303045 0.391430 0.398563 0.391886 0.343402 0.303975 0.304977 0.269738 0.273930
-9999.0 -9999.0 -9999.0 0.256388 0.129705 0.374318 0.403072 0.400112 0.386636 0.217915 0.382925 0.239137 0.262687 0.230891 0.353748 0.358371 0.230614 0.394087 0.374273 0.390533 0.391736 0.671404 0.737171 0.312280 0.255981 0.760909 0.778473 0.788330 0.678811 0.801478 0.910040 0.717053 0.345940 0.371825 0.345508 0.858093 0.548479 0.153700 0.133139 0.072446 0.018104 0.005571 0.047466 0.107042 0.032205 0.096313 0.275116 0.319449 0.361658 0.328556 0.363663 0.184312 0.288724 0.298413 0.202855 0.211751 0.209092 0.293400 0.345752 0.192517 0.303124 0.151054 0.147782
-9999.0 0.430698 0.113976 0.270173 0.423835 0.420256 0.385890 0.212766 0.396453 0.384667 0.375222 0.375090 0.374210 0.378009 0.378151 0.387988 0.380144 0.373679 0.395670 0.375637 0.384547 0.324989 0.856425 0.000000 0.103122 0.764952 0.139686 0.165523 0.214404 0.887474 0.723850 0.763112 0.818269 0.334099 0.321840 0.954272 0.290744 0.142752 0.113990 0.043890 0.004575 0.020146 0.123144 0.123491 0.051424 0.000347 0.002160 0.180731 0.293666 0.365113 0.334218 0.307353 0.281925 0.283171 0.368869 0.413138 0.367873 0.268779 0.340161 0.337297 0.389897 0.384235 0.417151
-9999.0 0.110001 0.431547 0.360506 0.384799 0.199743 0.377548 0.280300 0.374104 0.232645 0.363584 0.397725 0.390200 0.392103 0.390623 0.388572 0.564363 0.384552 0.392228 0.345633 0.777260 0.314711 0.247849 0.180615 0.115336 0.113230 0.113092 0.843824 0.829432 0.834683 0.236863 0.648731 0.719139 0.261577 0.292776 0.621483 0.127744 0.015056 0.011847 0.003044 0.000000 0.028351 0.123979 0.000019 0.000000 0.073510 0.226433 0.001129 0.345904 0.217398 0.325702 0.173445 0.307839 0.341192 0.301116 0.277684 0.277952 0.283485 0.151867 0.145948 0.295149 0.279054 0.115797
-9999.0 0.363096 0.369323 0.353905 0.368524 0.375316 0.212374 0.360112 0.357501 0.243239 0.380219 0.371918 0.394890 0.394327 0.392404 0.376774 0.598119 0.371850 0.374824 0.374859 0.880117 0.886809 0.251372 0.270846 0.239894 0.116507 0.163982 0.130583 0.165207 0.839567 0.605362 0.172954 0.721741 0.651586 0.667303 0.625235 0.114825 0.037321 0.025054 0.000587 0.042221 0.043893 0.000009 0.145347 0.055207 0.207599 0.392292 0.246347 0.339655 0.340063 0.189184 0.172289 0.346006 0.300245 0.261762 0.337463 0.256815 0.277134 0.149119 0.136338 0.277778 0.255201 0.244721
-9999.0 0.265869 0.418223 0.405225 0.390081 0.377527 0.253032 0.259345 0.263957 0.400474 0.390055 0.395106 0.384723 0.363242 0.354697 0.821900 0.799888 0.712765 0.000000 0.300436 0.323058 0.268424 0.147699 0.190779 0.234737 0.200806 0.156786 0.083876 0.099135 0.000000 0.115490 0.000091 0.000075 0.095200 0.029216 0.090763 0.095351 0.012015 0.000000 0.000000 0.000000 0.026212 0.022032 0.122593 0.041088 0.220332 0.326214 0.361673 0.362305 0.186164 0.409614 0.425082 0.286321 0.273757 0.389641 0.261641 0.245721 0.246945 0.294734 0.229326 0.113453 0.247451 0.253182
-9999.0 -9999.0 -9999.0 0.412759 0.399898 0.398018 0.369995 0.387621 0.369123 0.370625 0.270114 0.388746 0.374815 0.335362 0.325232 0.290533 0.770221 0.790922 0.107790 0.829294 0.846311 0.807776 0.180156 0.267142 0.247499 0.115505 0.154692 0.044435 0.000153 0.000140 0.088569 0.000006 0.000029 0.000006 0.000003 0.043747 0.022914 0.000000 0.000000 0.000000 0.000000 0.004749 0.068619 0.142162 0.177211 0.639357 0.380735 0.358362 0.362834 0.195590 0.193579 0.329160 0.291416 0.283958 0.274130 0.117199 0.291686 0.262522 0.399806 0.360290 0.263824 0.083570 0.254202
-9999.0 -9999.0 -9999.0 0.409223 0.198980 0.403898 0.213845 0.400230 0.373075 0.382705 0.395895 0.390914 0.344879 0.335875 0.323663 0.303357 0.272838 0.853267 0.820663 0.845125 0.902176 0.874140 0.010763 0.143188 0.217268 0.064457 0.099761 0.351376 0.106412 0.077202 0.214267 0.000005 0.000038 0.000011 0.000003 0.034191 0.000000 0.000000 0.000000 0.000000 0.000000 0.017217 0.076972 0.133394 0.175458 0.550995 0.370750 0.356487 0.371895 0.369127 0.186691 0.329698 0.171742 0.440336 0.342197 0.428061 0.378897 0.472446 0.124753 0.407995 0.339002 0.243650 0.237516
