tests/3D/snow_dstr_SENSITIVITY/output-maps-SE27XX/snowmeltedN0027.asc
ncols         78
nrows         130
xllcorner     624800.000000
yllcorner     5171500.000000
cellsize      100.000000
NODATA_value  -9999.0
[rows 56 to 83 of 130, columns 0 to 62 of 78]
-9999.0 -9999.0 -9999.0 -9999.0 -9999.0 -9999.0 -9999.0 -9999.0 -9999.0 -9999.0 -9999.0 -9999.0 -9999.0 -9999.0 -9999.0 -9999.0 -9999.0 -9999.0 -9999.0 -9999.0 0.000000 0.000000 0.000000 0.000000 0.000000 0.000000 0.000000 0.000000 14.397111 0.000000 0.000000 0.000000 15.690862 15.818787 16.450668 1.145844 15.626513 1.983523 15.394850 2.864375 14.794288 4.739947 4.799107 14.627863 14.378858 4.191812 5.156886 5.467502 4.588912 8.030389 7.362377 2.960604 2.270165 3.176410 6.644487 3.908310 3.479807 0.000000 0.000000 0.000000 0.000000 3.238086 3.424002
-9999.0 -9999.0 -9999.0 -9999.0 -9999.0 -9999.0 -9999.0 -9999.0 -9999.0 -9999.0 -9999.0 -9999.0 -9999.0 -9999.0 -9999.0 -9999.0 0.000000 0.000000 0.000000 15.124727 0.000000 15.985205 0.000000 0.000000 14.874424 0.000000 0.000000 0.000000 0.000000 0.000000 14.927858 15.745207 15.775046 15.438271 14.889628 14.874423 14.730843 14.594682 14.735093 14.729461 5.464854 6.391166 5.520153 5.651745 6.487696 5.450396 5.473316 5.547128 4.194568 7.988032 7.346012 2.330428 1.707789 2.387196 3.750381 8.448104 0.000000 2.897348 0.000000 1.336146 4.549585 3.927236 4.684196
-9999.0 -9999.0 -9999.0 -9999.0 -9999.0 -9999.0 -9999.0 -9999.0 -9999.0 -9999.0 -9999.0 -9999.0 -9999.0 -9999.0 -9999.0 0.000000 0.000000 0.000000 0.000000 0.000000 0.000000 0.000000 0.000000 0.000000 0.000000 15.404715 0.000000 0.000000 0.000000 0.000000 14.267731 14.666981 15.350131 14.592719 14.368110 14.475425 14.694507 14.765570 14.839386 5.905225 7.311905 5.900561 6.557055 7.082513 6.972887 5.681793 5.662897 5.601824 4.781947 7.447750 5.704208 3.299128 1.140265 1.338186 2.481756 7.281460 2.956278 0.000000 6.205013 6.433328 3.207095 4.471121 0.000000
-9999.0 -9999.0 -9999.0 -9999.0 -9999.0 -9999.0 -9999.0 -9999.0 -9999.0 -9999.0 -9999.0 -9999.0 -9999.0 -9999.0 -9999.0 0.000000 0.000000 0.000000 3.287944 14.767826 0.000000 0.000000 0.000000 0.000000 0.000000 0.000000 15.725379 15.148501 0.000000 0.000000 0.000000 14.453095 14.357213 14.423053 14.542709 14.443394 14.535410 14.937523 5.887587 5.555213 6.249490 15.212678 6.856409 5.866635 5.903782 5.859321 5.810109 5.763477 5.024919 7.468705 4.858014 3.201285 0.931478 2.139500 4.133240 6.781865 8.618417 1.894166 5.913151 6.601537 2.281885 0.067726 0.000000
-9999.0 -9999.0 -9999.0 -9999.0 -9999.0 -9999.0 -9999.0 -9999.0 -9999.0 -9999.0 -9999.0 -9999.0 -9999.0 -9999.0 0.000000 0.000000 0.000000 0.000000 0.000000 0.000000 0.000000 13.225667 0.000000 0.000000 0.000000 0.000000 16.665114 0.639062 16.557821 14.920385 4.565668 0.000000 14.294986 14.244993 14.606845 14.557031 14.512055 5.435773 7.361626 7.454168 7.063545 5.859924 5.813932 5.917756 5.995188 6.193743 6.063819 5.832048 5.105570 5.524522 5.258283 2.504525 0.000000 0.000000 1.171079 1.501222 1.503642 0.000000 0.000000 5.227104 2.138891 0.000000 4.367952
-9999.0 -9999.0 -9999.0 -9999.0 -9999.0 -9999.0 -9999.0 -9999.0 -9999.0 -9999.0 -9999.0 -9999.0 -9999.0 12.075734 0.000000 0.000000 0.000000 0.000000 0.000000 0.000000 0.000000 0.000000 0.000000 0.000000 0.000000 0.000000 0.000000 16.055248 16.170110 0.000000 12.988281 14.445108 13.980182 14.105182 6.241195 6.044504 5.194993 5.941928 5.094963 5.867543 5.683546 5.068971 5.782511 4.488577 7.706834 6.059964 6.277406 6.120041 8.145453 5.631358 4.821975 3.325338 0.000000 2.963678 0.000000 6.525734 1.414565 9.147472 0.000000 9.370579 3.611167 6.279618 5.491818
-9999.0 -9999.0 -9999.0 -9999.0 -9999.0 -9999.0 -9999.0 -9999.0 -9999.0 -9999.0 -9999.0 -9999.0 -9999.0 13.043467 2.834672 0.000000 0.000000 0.000000 0.000000 0.000000 0.000000 0.000000 14.598641 0.000000 15.593350 0.000000 0.000000 0.000000 0.031483 15.834033 15.107129 13.314008 12.497819 13.712276 5.281939 5.722170 5.822960 6.026395 5.976863 5.906680 5.634562 5.869955 4.573748 6.698855 7.515095 7.708647 9.105647 8.327446 0.000000 1.322790 4.303325 0.000000 0.000000 0.000000 0.708301 2.297792 2.253731 1.358119 7.599815 8.356791 5.208488 6.342265 7.031183
-9999.0 -9999.0 -9999.0 -9999.0 -9999.0 -9999.0 -9999.0 -9999.0 -9999.0 -9999.0 -9999.0 -9999.0 0.000000 3.182215 0.000000 0.000000 0.000000 0.000000 16.257990 16.018015 0.000000 15.158281 0.000000 0.000000 16.254697 0.637075 0.488587 0.000000 0.671237 16.155982 15.818619 12.972651 13.839532 5.290772 5.663052 5.891909 5.554567 5.710218 6.025647 4.763723 9.255713 2.395441 0.000000 0.000000 1.306429 0.000000 1.270332 1.258788 2.980820 2.113796 3.476863 0.000000 0.000000 0.000000 0.000000 0.135480 2.040924 0.000000 0.000000 7.291521 6.546261 6.547700 0.000000
-9999.0 -9999.0 -9999.0 -9999.0 -9999.0 -9999.0 -9999.0 -9999.0 -9999.0 -9999.0 14.612585 0.000000 0.000000 0.000000 0.000000 15.538092 0.000000 0.000000 0.000000 0.000000 16.439782 0.000000 0.000000 0.000000 0.000000 0.000000 0.526592 15.429311 15.651491 16.043758 15.507136 13.585160 13.435416 5.040347 4.698124 5.526519 5.648463 5.732158 5.988599 8.853655 7.295384 0.000000 1.321920 1.364791 1.317081 1.279221 3.280681 2.662858 2.119053 0.000000 0.000000 0.000000 0.000000 0.000000 0.000000 0.000000 0.000000 6.043728 3.960254 0.000000 2.476827 1.555683 5.246821
-9999.0 -9999.0 -9999.0 -9999.0 -9999.0 -9999.0 -9999.0 -9999.0 -9999.0 -9999.0 0.000000 2.986971 0.000000 15.695261 0.000000 12.515555 0.000000 0.000000 0.000000 0.000000 15.894700 0.000000 0.000000 0.000000 13.620292 15.306805 15.266271 15.244039 14.890496 14.442858 14.649158 13.342468 13.386246 5.116871 6.807776 5.294930 5.656745 6.044025 5.922296 7.652592 0.000000 0.000000 5.105703 4.990797 4.756978 3.010048 2.450744 2.215934 6.951625 0.000000 0.000000 0.000000 0.000000 1.559479 0.000000 0.000000 0.000000 5.462171 4.908680 6.743533 0.000000 2.252093 6.870514
-9999.0 -9999.0 -9999.0 -9999.0 -9999.0 -9999.0 -9999.0 -9999.0 -9999.0 -9999.0 0.000000 2.728507 0.000000 0.000000 0.000000 0.000000 3.089696 15.772852 16.092692 15.880175 1.059726 0.163537 0.000000 15.505599 0.311018 5.032134 15.777344 15.659387 14.420091 14.472242 14.048848 13.541353 4.415269 5.130490 5.702511 5.989765 5.780471 9.095927 7.872694 0.000000 1.239916 1.239448 3.912045 3.068885 2.637708 1.896479 2.057180 2.690832 0.000000 0.000000 0.000000 0.000000 0.000000 0.000000 0.000000 0.000000 0.000000 0.000000 6.657100 8.669686 1.039346 2.650404 4.478356
-9999.0 -9999.0 -9999.0 -9999.0 -9999.0 -9999.0 -9999.0 -9999.0 -9999.0 -9999.0 13.517172 0.163460 2.835759 3.401711 0.000000 14.454143 14.367167 15.075337 15.123452 15.609760 15.420754 1.652040 3.276542 0.000000 13.971369 14.163157 4.360126 13.661738 13.724822 13.533214 4.659429 13.580094 4.564183 4.729328 5.371037 6.135239 4.509910 1.512972 3.216797 1.181534 1.096673 5.035494 4.487371 3.074497 3.084892 2.879914 8.147283 0.000000 0.000000 0.000000 0.000000 0.000000 0.000000 0.000000 0.000000 0.910862 1.326432 0.000000 2.092381 0.000000 5.376794 6.754416 5.916599
-9999.0 -9999.0 -9999.0 -9999.0 -9999.0 -9999.0 -9999.0 -9999.0 -9999.0 -9999.0 0.000000 0.000000 0.000000 0.000000 0.000000 15.925244 0.000000 14.731871 3.584511 15.209326 15.010113 3.470872 2.802756 15.221981 13.839790 12.509821 14.079617 13.925306 13.533524 13.731062 6.181229 4.368224 4.546486 5.435498 5.532558 5.205078 2.454973 3.688210 3.693726 6.048692 5.008275 4.672804 3.954495 3.197543 2.850638 3.028832 0.000000 0.000000 0.000000 0.000000 0.000000 0.000000 0.000000 0.000000 0.000000 2.354160 0.494196 0.000000 0.905953 0.000000 0.000000 2.737829 2.935978
-9999.0 -9999.0 -9999.0 -9999.0 -9999.0 -9999.0 -9999.0 -9999.0 -9999.0 -9999.0 3.313828 0.000000 0.000000 15.527860 15.826910 15.987184 15.937030 0.330931 5.936730 14.363131 14.323746 14.135108 6.457613 2.914465 0.000000 11.594050 14.547470 13.342975 6.709715 4.914147 4.977866 5.648910 5.981333 4.342768 9.169508 1.785475 0.000000 3.924727 7.146159 4.566078 4.253899 3.894435 2.536577 2.149603 2.940543 4.825525 0.000000 0.000000 0.000000 0.000000 0.000000 0.000000 0.000000 0.000000 0.000000 3.017285 0.000000 3.399278 0.858450 2.758864 3.456146 0.000000 0.000000
-9999.0 -9999.0 -9999.0 -9999.0 -9999.0 -9999.0 -9999.0 -9999.0 -9999.0 -9999.0 0.000000 0.000000 0.767255 14.978728 15.614646 15.866600 15.434792 14.649132 10.377224 14.097460 14.204413 13.984224 13.597348 6.121925 4.512800 13.032305 2.822499 4.702137 7.247099 4.352551 6.841804 5.754114 5.414703 3.983151 2.119089 0.000000 4.450456 6.432897 5.415608 4.291842 2.788809 3.138754 2.698923 2.054583 2.098810 0.000000 0.000000 0.000000 0.000000 0.000000 0.000000 0.000000 0.188145 0.000000 1.604761 2.300661 0.000000 3.350956 5.408301 0.000000 2.961661 0.000000 2.376013
-9999.0 -9999.0 -9999.0 -9999.0 -9999.0 -9999.0 -9999.0 -9999.0 -9999.0 0.000000 15.211893 0.000000 12.491386 4.961819 15.960392 14.948997 13.859342 13.519037 11.838954 13.215170 13.828656 13.109322 4.784605 6.868351 5.057723 0.000000 3.005862 4.835880 6.561345 5.836464 6.216968 5.993786 6.028056 7.669923 1.148164 0.000000 6.752079 5.271867 4.483451 4.075043 0.457592 3.386327 1.925633 1.717976 1.346271 0.000000 0.000000 0.000000 0.000000 1.502595 0.000000 0.000000 1.201232 2.290273 1.860754 3.221610 2.982169 0.081409 0.000000 3.225987 1.749498 2.431075 3.035551
-9999.0 -9999.0 -9999.0 -9999.0 -9999.0 -9999.0 -9999.0 0.000000 0.000000 0.000000 15.433362 0.782092 3.369860 5.384939 12.028743 3.921187 4.150524 6.031653 2.994982 3.885265 6.699167 5.366754 5.104783 5.618460 5.111033 4.800644 2.919491 5.264931 5.867648 6.301305 6.221974 6.438482 4.446185 0.000000 1.063155 6.483449 5.430022 4.551273 4.213372 3.350246 2.972182 2.107957 1.816651 1.232708 0.000000 3.470371 0.000000 0.000000 0.000000 0.000000 0.585946 2.484299 0.000000 2.152929 0.000000 0.000000 3.487862 2.925005 2.605571 0.000000 0.000000 0.000000 7.157038
-9999.0 -9999.0 -9999.0 -9999.0 0.000000 0.000000 15.412095 14.647487 15.791547 15.497604 1.104526 0.234092 14.514128 12.861678 12.272419 12.735294 6.940472 4.488506 4.933106 3.320518 4.987671 4.803915 5.625515 5.708989 5.312282 5.640190 4.822260 5.435758 5.791999 6.147059 6.521460 6.474054 8.092539 6.533687 6.214805 5.700621 5.012936 4.543831 3.790526 0.443095 2.814021 2.507632 0.009083 1.141940 0.545028 0.000000 3.393030 1.539703 0.000000 0.000000 2.146567 0.000000 0.000000 1.956155 0.000000 2.906051 3.030694 0.000000 3.018301 3.104247 0.000000 12.199968 0.000000
-9999.0 -9999.0 -9999.0 -9999.0 0.000000 15.475310 15.682468 15.038309 15.783322 14.673956 3.067217 12.696920 4.043360 4.949359 12.589962 12.357652 12.808588 13.534392 6.524427 5.587100 5.397368 5.201374 5.621313 5.861262 5.377118 6.108994 6.378165 6.490601 6.866694 7.053217 6.051516 6.809066 5.747804 3.209494 6.053278 0.888525 4.652912 4.359393 0.520059 2.660894 1.561820 1.565672 1.243812 1.289366 0.000000 0.000000 0.000000 0.730799 0.000000 0.000000 1.988705 3.200962 3.003469 2.687202 3.150962 0.206740 3.103698 3.470351 3.144629 3.465506 0.000000 2.727896 0.000000
-9999.0 -9999.0 -9999.0 -9999.0 15.288377 15.506996 14.384162 14.757606 14.414209 1.216195 4.371703 5.963904 4.374404 4.972288 4.681124 3.853694 5.731780 5.933459 5.560737 1.168894 5.998249 0.000000 4.069593 4.505488 3.580981 0.900162 1.103521 3.059230 3.209475 2.396114 0.000000 2.932640 1.081116 3.166131 4.737745 0.849841 4.700074 3.738980 0.874904 1.001828 1.489912 0.005835 0.409137 0.645495 0.000000 0.000000 1.703796 0.000000 0.000000 0.000000 0.000000 0.000000 0.000000 1.255881 1.623377 3.515430 3.427501 5.337235 0.000000 3.351530 2.363313 1.691888 1.600133
-9999.0 -9999.0 -9999.0 -9999.0 14.982919 15.197315 15.067449 14.760192 12.824762 4.430566 5.010228 5.163107 4.980826 6.756282 5.634352 5.197161 5.397681 5.784941 5.769172 1.907903 9.120387 0.000000 0.000000 0.000000 0.000000 6.167015 5.841464 3.035835 0.000000 0.911602 6.890087 0.922079 0.000000 0.000000 4.844325 6.494640 3.645212 2.311602 0.695788 1.658747 1.399755 1.127884 0.000000 0.053725 1.202129 4.142909 3.847796 3.147970 2.494514 0.000000 6.880727 0.000000 0.000000 0.176529 2.198276 2.638823 2.372393 0.000000 2.179895 3.238144 3.970552 1.770078 1.875435
-9999.0 -9999.0 -9999.0 15.764260 15.619087 15.095195 13.772179 1.315962 4.338498 4.584580 5.014909 5.315625 5.673524 6.023687 6.097140 6.237925 6.471228 6.191158 0.746231 3.106632 1.591963 3.032662 3.431213 5.847748 5.522918 4.635968 4.268411 4.266778 4.041393 7.362503 6.674092 7.238074 0.880697 0.967957 4.874202 5.631647 2.645435 2.273657 0.919489 1.520753 1.181789 0.000000 0.196900 0.000000 1.246891 2.601038 6.705868 4.048819 4.028819 2.489839 10.961497 0.910257 0.000000 1.400303 2.111828 3.446384 2.375494 3.670354 2.021509 2.547012 1.746505 0.000000 3.210839
-9999.0 3.309313 9.779266 15.654727 14.564361 0.716276 3.082570 4.877812 4.871782 4.818443 4.732194 5.197194 5.358720 3.348509 1.495047 4.221727 1.227364 3.720363 0.000000 0.000000 0.695112 0.676042 5.699528 4.232697 3.860850 4.786825 3.760710 3.832367 3.408818 4.918823 3.698707 4.015910 4.116162 3.863599 2.748493 4.735277 0.000000 0.010245 0.823581 1.210234 0.671882 0.000000 0.711891 1.815285 0.000000 2.684603 3.546024 7.855906 3.116152 4.276823 3.087845 0.000000 0.000000 0.000000 0.000000 7.190188 1.895259 3.727190 1.355010 0.000000 0.000000 0.000000 1.653931
-9999.0 3.217437 14.168949 14.200444 11.142068 4.001952 4.057140 3.361481 6.793406 5.123865 4.444057 4.832101 4.165901 2.124396 0.000000 0.000000 2.554216 0.000000 0.000000 0.702330 4.037490 5.209168 4.449379 4.580442 4.167450 4.025090 4.003852 3.715487 3.724685 3.636460 2.211750 2.270021 3.499949 2.092390 2.115757 2.725074 1.858452 0.003519 0.000706 0.698681 0.933894 1.226406 1.421202 3.274773 2.736837 1.621163 6.472801 0.000000 0.000000 1.957423 1.119750 0.000000 0.000000 0.360193 0.142801 0.000000 2.673676 0.000000 0.000000 0.898995 1.089208 3.004124 0.000000
-9999.0 15.314534 15.146324 0.000000 10.821701 12.960988 5.907309 5.677356 3.638688 5.507175 5.390490 5.798282 1.104509 0.000000 0.000000 0.597396 3.121734 7.204897 6.926173 6.503585 4.134820 5.382274 3.976158 3.766873 3.963000 3.603658 3.407845 3.306883 2.501124 2.292953 2.180729 1.782477 2.174634 2.555177 2.579907 0.493183 0.001314 1.221904 0.953207 0.103982 0.927806 1.167420 1.638910 0.265008 2.527513 2.094265 0.200684 1.833251 0.000000 1.018044 1.519160 0.000000 13.698912 0.000000 2.828471 2.819748 1.792083 2.087387 0.000000 0.000000 2.465840 1.691131 0.000000
-9999.0 15.639204 0.000000 13.720029 12.117687 3.628135 5.292689 6.009971 6.377841 4.939807 3.839050 0.000000 0.000000 0.564637 5.900259 6.584160 5.325631 5.528328 2.786966 2.637675 2.997322 2.323484 3.524653 3.289610 3.199142 2.566474 2.243917 0.745460 0.298629 0.188957 2.150759 0.144231 0.222904 0.159394 0.150342 0.012758 3.706048 0.000000 8.121780 0.167608 0.107496 1.093119 1.882444 2.159418 0.509307 0.000000 0.000000 0.000000 1.624631 0.000000 9.959488 11.796081 0.000000 0.000000 0.000000 10.788213 10.182193 2.549954 1.972570 0.000000 0.000000 11.907679 2.838457
-9999.0 -9999.0 -9999.0 2.425011 11.837071 10.821715 4.629838 5.118392 3.857284 2.116534 0.000000 0.000000 0.548516 5.959792 5.175167 3.923316 4.561900 3.422962 3.082074 2.882905 2.905443 2.159422 2.505592 2.930590 2.580658 2.898064 2.978254 1.791438 0.110623 0.037231 1.757828 0.001704 0.059058 2.022564 0.000000 0.000000 0.000000 0.000000 0.000000 2.239078 0.077014 0.000000 3.627338 0.909951 2.101634 4.143173 2.181133 3.588435 2.924010 1.699180 12.337485 14.615180 0.000000 0.000000 0.000000 0.000000 14.540855 12.342853 0.000000 12.731268 0.000000 0.000000 2.888830
-9999.0 -9999.0 -9999.0 3.310325 2.994788 2.871690 6.049884 5.553048 6.180103 0.000000 0.000000 0.511763 5.485133 4.804913 3.446429 2.915716 3.135535 2.981053 0.701522 1.382124 0.735628 0.843297 0.000000 0.000000 1.531548 0.501911 0.000000 0.412541 0.000000 0.000000 1.179450 5.260439 1.453030 0.000000 0.000000 0.000000 0.000000 0.000000 0.000000 0.000000 4.439785 4.228413 0.000000 2.325458 2.892213 4.856099 1.577443 4.055790 4.052955 3.726348 13.675087 0.000000 4.235657 15.872133 16.061690 0.000000 0.000000 3.146198 0.000000 13.814223 13.223669 2.548323 2.432601
