tests/3D/snow_dstr_SENSITIVITY/output-maps-SE27XX/snowsublN0003.asc
ncols         78
nrows         130
xllcorner     624800.000000
yllcorner     5171500.000000
cellsize      100.000000
NODATA_value  -9999.0
[rows 84 to 111 of 130, columns 0 to 62 of 78]
-9999.0 -9999.0 -9999.0 0.002891 0.085553 0.189833 0.200612 0.196405 0.193268 0.205420 0.193611 0.179952 0.150116 0.003205 0.006809 0.000000 0.004030 0.003316 0.002442 0.003303 0.001269 0.003250 0.000000 0.000000 0.000000 0.002248 0.001849 0.001589 0.001033 0.001389 0.000000 0.000000 0.000000 0.000000 0.000418 0.000000 0.000000 0.000000 0.000000 0.000000 0.000000 0.000773 0.003670 0.010089 0.009141 0.000000 0.018999 0.216863 0.237861 0.223614 0.250227 0.217170 0.190815 0.203055 0.199944 0.164357 0.176176 0.164411 0.074910 0.128373 0.136613 -0.000521 0.155597
-9999.0 -9999.0 -9999.0 0.127947 0.146808 0.185710 0.144001 0.204553 0.205580 0.209938 0.205930 0.194429 0.150096 0.006320 0.001958 0.000000 0.000000 0.000798 0.000000 0.000000 0.000000 0.001013 0.000000 0.000000 0.001854 0.001161 0.001007 0.000663 0.000518 0.000000 0.000000 0.000000 0.000000 0.000000 0.000000 0.000000 0.000000 0.000000 0.000000 0.000000 0.000000 0.001453 0.007193 0.026230 0.012345 0.006260 0.000000 0.000000 0.108668 0.231811 0.252729 0.239452 0.250351 0.266459 0.272623 0.228901 0.251414 0.256965 0.185194 0.178398 0.178009 0.127600 0.114913
-9999.0 -9999.0 -9999.0 -9999.0 0.130796 0.184053 0.185357 0.195861 0.197632 0.203316 0.209690 0.184064 0.106568 0.014335 0.006233 0.000000 0.000000 0.000000 0.000000 0.000000 0.000000 0.000000 0.000000 0.000000 0.000000 0.000500 0.000867 0.000581 0.000000 0.000000 0.000000 0.000000 0.000000 0.000000 0.000000 0.000000 0.000000 0.000000 0.000000 0.000435 0.001116 0.002062 0.000000 0.004140 0.004013 0.003691 0.000000 0.145050 0.029592 0.159679 0.186745 0.206052 0.236608 0.263815 0.277973 0.244765 0.256299 0.261641 0.201837 0.221885 0.166352 0.134270 0.133772
-9999.0 -9999.0 -9999.0 -9999.0 0.160333 0.171726 0.187550 0.193655 0.194311 0.172603 0.144642 0.104371 0.059949 0.072967 0.019523 0.001301 0.000000 0.000000 0.000000 0.000000 0.000000 0.000000 0.000000 0.000000 0.000000 0.000000 0.000000 0.000000 0.000000 0.000000 0.000000 0.000000 0.000000 0.000000 0.000000 0.000000 0.000000 0.000000 0.000000 0.000000 0.000000 0.000691 0.000000 0.000000 0.000000 0.000000 0.000000 0.000000 0.000000 0.000000 0.000000 0.000000 0.134259 0.137307 0.208621 0.268112 0.282933 0.284645 0.250701 0.260045 0.191417 0.171350 0.202812
-9999.0 -9999.0 -9999.0 -9999.0 0.163998 0.170384 0.180544 0.191334 0.184340 0.134235 0.020337 0.010544 0.010568 0.011216 0.006603 0.001111 0.000000 0.000000 0.000000 0.000000 0.000000 0.000000 0.000000 0.000000 0.000000 0.000000 0.000000 0.000000 0.000000 0.000000 0.000000 0.000000 0.000000 0.000115 0.000000 0.000258 0.000000 0.000000 0.000000 0.000000 0.000250 0.001788 0.003587 0.007106 0.011688 0.054611 0.067598 0.152334 0.218063 0.243147 0.249267 0.258377 0.008057 0.174131 0.201520 0.254789 0.246653 0.276218 0.295193 0.262501 0.247569 0.222462 0.233176
-9999.0 -9999.0 -9999.0 -9999.0 -9999.0 0.159556 0.175707 0.182094 0.175506 0.077284 0.022798 0.010653 0.000839 0.000000 0.000000 0.001146 0.000269 0.000000 0.000000 0.000000 0.000000 0.000000 0.000000 0.000000 0.000000 0.000000 0.000000 0.000000 0.000000 0.000000 0.000000 0.000000 0.000000 0.000331 0.000416 0.000525 0.001100 0.001291 0.000773 0.001042 0.002838 0.008305 0.015757 0.024753 0.054406 0.161349 0.192906 0.217527 0.209729 0.215434 -0.000049 0.173235 0.215144 -0.032113 0.034590 0.297079 0.297022 0.290565 0.267761 0.265701 0.219570 0.207586 0.229902
-9999.0 -9999.0 -9999.0 -9999.0 -9999.0 0.149673 0.152719 0.137325 0.080114 0.014493 0.003629 0.027174 0.003367 0.000000 0.000000 0.000000 0.000000 0.000000 0.000000 0.000000 0.000000 0.000000 0.000000 0.000000 0.000000 0.000000 0.000000 0.000000 0.000000 0.000154 0.000484 0.000368 0.000402 0.000787 0.001381 0.001853 0.004877 0.004209 0.003114 0.004448 0.007827 0.021622 0.167218 0.167459 0.168302 0.192487 0.176792 0.196588 0.168479 0.164342 0.162229 0.165409 -0.055760 0.150302 0.068654 0.270364 0.271434 0.239862 0.235080 0.245747 0.214625 0.236290 0.259413
-9999.0 -9999.0 -9999.0 -9999.0 -9999.0 -9999.0 0.085333 0.044474 0.044852 0.028112 0.009560 0.003403 0.002646 0.000389 0.000000 0.000000 0.000000 0.000000 0.000000 0.000000 0.000000 0.000000 0.000000 0.000000 0.000000 0.000000 0.000000 0.000000 0.000231 0.000539 0.000635 0.000749 0.001173 0.003743 0.004892 0.006645 0.010901 0.010634 0.009599 0.002319 0.010890 0.016843 0.141470 0.173710 0.152696 0.184800 0.070144 0.196389 0.188897 0.163022 0.180478 -0.094072 0.197326 0.189039 0.225926 0.248877 0.231086 -0.087476 0.233903 0.245058 -0.106245 -0.063413 0.241346
-9999.0 -9999.0 -9999.0 -9999.0 -9999.0 -9999.0 0.022808 0.136307 0.045728 0.024830 0.000000 0.000000 0.000000 0.000000 0.000000 0.000000 0.000000 0.000000 0.000000 0.000000 0.000000 0.000000 0.000000 0.000058 0.000000 0.000178 0.000216 0.000237 0.000536 0.000551 0.000600 0.000729 0.001196 0.007579 0.009118 0.011456 0.021448 0.016549 0.013586 0.006893 0.000000 0.010077 0.011909 0.180374 -0.039104 0.206205 0.191560 0.189448 0.171783 -0.095322 -0.084084 0.037855 0.105837 0.132210 0.237103 -0.053361 0.216636 0.180618 0.225102 0.223417 0.252707 0.237074 -0.108981
-9999.0 -9999.0 -9999.0 -9999.0 -9999.0 -9999.0 -9999.0 0.107827 0.098565 0.008100 0.000000 0.000000 0.000000 0.000000 0.000000 0.000000 0.000000 0.000000 0.000000 0.000004 0.000004 0.000006 0.000294 0.000314 0.000372 0.000515 0.000685 0.000047 0.000825 0.001055 0.003686 0.005766 0.005676 0.017379 0.045552 0.116448 0.155879 0.131702 0.061024 0.013733 0.000030 0.005866 0.000000 0.087487 0.218197 0.195119 -0.064093 -0.038888 0.194514 0.183137 0.097113 -0.128916 -0.050065 0.209767 0.150154 0.211201 0.129960 -0.119041 0.214924 0.191552 0.230053 0.234068 0.210627
-9999.0 -9999.0 -9999.0 -9999.0 -9999.0 -9999.0 -9999.0 0.088117 0.038773 0.000945 0.000266 0.000000 0.000000 0.000000 0.000000 0.000000 0.000000 0.000000 0.000000 0.000000 0.000289 0.000311 0.000584 0.000661 0.000796 0.001727 0.003270 0.002042 0.000118 0.002155 0.010306 0.015946 0.021114 0.014448 0.173398 0.151297 0.001320 0.001906 0.159618 0.040615 0.013573 0.005884 0.000000 0.000000 0.020064 0.210264 0.183603 0.181861 -0.078637 0.139145 0.218348 0.137042 -0.002607 0.171596 0.181616 0.195735 -0.129569 -0.148619 0.220124 0.231607 0.229637 0.132342 0.216847
-9999.0 -9999.0 -9999.0 -9999.0 -9999.0 -9999.0 -9999.0 0.118483 0.083818 0.000000 0.000000 0.000000 0.000000 0.000000 0.000000 0.000023 0.000000 0.000000 0.000202 0.000147 0.000320 0.000391 0.000677 0.000853 0.000733 0.003236 0.005236 0.004385 0.000002 0.000028 0.014513 0.101692 0.126693 0.060084 0.194731 0.180901 0.001191 0.001261 0.172384 0.082957 0.016246 0.002633 0.000000 0.006460 0.065187 0.195956 0.204744 0.209557 0.196500 0.182378 0.055633 0.118699 0.026429 0.116110 -0.062460 0.207533 -0.141567 0.100030 0.199840 0.208842 0.213975 0.241103 0.193210
-9999.0 -9999.0 -9999.0 -9999.0 -9999.0 -9999.0 -9999.0 -9999.0 0.000000 0.000000 0.000000 0.000000 0.000000 0.000000 0.000017 0.000000 0.000258 0.000097 0.000310 0.000495 0.000604 0.000749 0.004108 0.005420 0.006043 0.012975 0.014621 0.010182 0.007017 0.007824 0.008121 0.183379 0.126519 0.138911 0.106732 0.191256 0.168890 0.003329 0.154871 0.169411 0.045769 0.029226 0.000000 0.010389 0.014794 0.107638 0.176072 0.158482 0.229586 0.252819 0.227228 0.184993 -0.098710 0.120231 -0.069701 -0.002342 -0.148135 0.094805 0.178013 0.204346 0.207103 0.204825 -0.001137
-9999.0 -9999.0 -9999.0 -9999.0 -9999.0 -9999.0 -9999.0 -9999.0 -9999.0 0.000000 0.000000 0.000000 0.000000 0.000000 0.000000 0.000000 0.000000 0.000176 0.000433 0.001090 0.001630 0.002330 0.010535 0.015158 0.031232 0.128255 0.136974 0.017702 0.017097 0.033301 0.166137 0.200314 0.208698 0.183720 0.001825 0.002466 0.141519 0.113679 0.000673 0.187036 0.146810 0.096637 0.011550 0.068038 0.000000 0.000000 0.247361 0.110789 0.214267 0.275691 0.278723 0.202749 -0.061342 -0.082588 0.137597 0.135039 0.133567 0.112767 0.179625 0.214780 0.212196 0.159025 0.160250
-9999.0 -9999.0 -9999.0 -9999.0 -9999.0 -9999.0 -9999.0 -9999.0 -9999.0 0.000000 0.000000 0.000000 0.000019 0.000000 0.000000 0.000000 0.000000 0.000220 0.000444 0.001202 0.002856 0.007804 0.014356 0.025706 0.141945 0.151275 0.166154 0.058545 0.060396 0.130232 0.195548 0.190344 0.002184 0.157996 0.146860 0.134263 0.143700 0.116623 -0.016929 0.173335 0.142973 -0.005029 0.048612 0.043147 0.107123 0.175381 0.088155 0.130655 0.208612 0.260741 0.256813 0.222831 -0.070384 0.169471 0.170112 0.165731 0.177035 0.141135 -0.133979 0.181709 0.216304 0.211867 0.210426
-9999.0 -9999.0 -9999.0 -9999.0 -9999.0 -9999.0 -9999.0 -9999.0 -9999.0 -9999.0 0.000000 0.000000 0.000000 0.000000 0.000000 0.000136 0.000424 0.000510 0.000631 0.006104 0.010836 0.030194 0.089159 0.155687 0.163469 0.146232 0.142999 0.133459 0.108818 0.191970 0.200355 0.073474 0.153263 0.003945 0.001815 0.013247 0.170295 0.136385 0.126932 0.145474 0.146553 0.139468 0.127551 0.046434 0.063847 0.000000 0.013139 0.024768 0.036810 0.257728 0.263837 0.246214 0.233516 0.230014 0.223924 0.226720 0.243931 0.191058 0.114470 0.185226 0.181640 0.175851 0.180752
-9999.0 -9999.0 -9999.0 -9999.0 -9999.0 -9999.0 -9999.0 -9999.0 -9999.0 -9999.0 -9999.0 -9999.0 0.000000 0.000000 0.000000 0.000538 0.001936 0.001757 0.005647 0.009231 0.007017 0.139456 0.165434 0.002328 0.181081 0.004249 0.140942 0.142213 0.107565 0.210866 0.214167 0.199310 0.150011 0.004231 0.192052 -0.000254 0.172257 0.122225 0.129128 0.115906 0.162216 0.028937 -0.002058 0.144977 0.071228 0.000000 0.079770 0.000000 0.078723 0.266813 0.281984 0.271234 0.267646 0.285749 0.279056 0.263638 0.280223 0.198560 0.134903 0.111356 0.171730 0.140795 0.020192
-9999.0 -9999.0 -9999.0 -9999.0 -9999.0 -9999.0 -9999.0 -9999.0 -9999.0 -9999.0 -9999.0 -9999.0 -9999.0 0.000141 0.000000 0.000837 0.005209 0.005629 0.004303 0.020160 0.023904 0.097138 0.189464 0.142206 -0.028514 0.141840 0.175954 0.086301 0.056273 0.035324 0.240222 0.218980 0.217968 0.177945 0.122222 0.186981 0.140597 0.105689 0.151222 0.142991 0.001637 0.021460 0.034419 0.168611 0.088774 0.068341 0.049725 0.080274 0.099054 0.250145 0.274228 0.274119 0.264467 0.292371 0.272642 0.265651 0.217981 0.177469 0.156258 0.143416 0.130474 -0.193542 0.141564
-9999.0 -9999.0 -9999.0 -9999.0 -9999.0 -9999.0 -9999.0 -9999.0 -9999.0 -9999.0 -9999.0 -9999.0 -9999.0 -9999.0 0.000422 0.000853 0.025868 0.014489 0.020712 0.098739 0.151011 0.171275 0.201849 0.207668 0.138785 0.183644 0.179331 0.102779 0.088109 0.063292 0.238447 0.238182 0.239342 0.205779 0.209502 0.178129 0.127314 -0.000067 0.183695 0.001902 0.117402 0.096739 0.019261 0.036184 0.172223 0.124604 0.068502 0.006452 0.028166 0.150605 0.177674 0.210849 0.268613 -0.033172 -0.013336 0.210775 0.176983 0.204918 0.220243 0.234444 0.080675 0.155349 0.038025
-9999.0 -9999.0 -9999.0 -9999.0 -9999.0 -9999.0 -9999.0 -9999.0 -9999.0 -9999.0 -9999.0 -9999.0 -9999.0 -9999.0 -9999.0 0.003442 0.047656 0.023853 0.141878 0.174305 -0.020791 0.190981 0.002563 0.146500 0.093050 0.040598 0.185948 0.122293 0.075753 0.054727 0.029154 -0.019075 0.259238 0.207616 0.130300 0.195720 0.176945 0.191631 0.189509 0.152834 0.104797 0.076425 0.097031 0.027341 0.000267 0.127930 0.150321 0.117707 0.042078 0.063370 0.050192 0.257310 0.279355 0.278761 0.232163 0.200409 0.237832 -0.069152 0.150727 -0.147596 -0.002233 0.139748 0.154154
-9999.0 -9999.0 -9999.0 -9999.0 -9999.0 -9999.0 -9999.0 -9999.0 -9999.0 -9999.0 -9999.0 -9999.0 -9999.0 -9999.0 -9999.0 0.007637 0.015521 0.105981 0.158397 0.164622 -0.020039 0.109140 0.160179 -0.027879 -0.044871 0.127087 0.187713 0.113069 0.175098 0.064808 0.038233 0.034927 0.256174 0.216033 0.130380 0.136360 0.181942 0.194317 0.191069 -0.018565 0.157708 0.098558 0.087458 0.002058 0.001568 0.189047 0.148191 0.132185 0.120821 0.174639 0.132282 0.280614 0.281073 0.294762 0.238191 0.218126 0.175995 0.180560 0.022070 0.082401 -0.180278 0.070677 0.173551
-9999.0 -9999.0 -9999.0 -9999.0 -9999.0 -9999.0 -9999.0 -9999.0 -9999.0 -9999.0 -9999.0 -9999.0 -9999.0 -9999.0 -9999.0 -9999.0 0.062900 0.144767 0.146362 0.124341 0.002812 0.002470 0.166678 0.166600 0.137508 0.200294 0.189718 0.149052 0.160394 0.138793 0.119551 0.056560 -0.020003 0.160452 -0.047733 0.223747 0.132473 -0.024948 0.193915 0.166302 0.004000 0.167196 0.002401 0.000595 0.001520 0.152751 0.200300 0.151207 0.162495 0.177708 0.193716 0.089304 0.287070 0.297174 0.246587 0.209119 0.192513 0.152708 -0.168582 0.207243 0.100270 0.108473 0.113404
-9999.0 -9999.0 -9999.0 -9999.0 -9999.0 -9999.0 -9999.0 -9999.0 -9999.0 -9999.0 -9999.0 -9999.0 -9999.0 -9999.0 -9999.0 -9999.0 -9999.0 -9999.0 -9999.0 0.188418 0.002487 0.186506 0.187938 0.189234 0.197367 0.202382 0.189905 0.134647 0.151673 0.168746 0.147609 0.121149 0.043045 0.139598 0.172094 0.155367 0.170060 0.187783 0.195605 0.100961 0.111323 0.156060 -0.027227 0.175375 0.163701 0.113699 0.042320 0.154217 0.171898 0.230808 0.214463 0.268396 0.295261 0.309181 0.290503 0.203831 0.188245 0.144762 -0.137324 0.209717 0.012602 0.152959 0.160429
-9999.0 -9999.0 -9999.0 -9999.0 -9999.0 -9999.0 -9999.0 -9999.0 -9999.0 -9999.0 -9999.0 -9999.0 -9999.0 -9999.0 -9999.0 -9999.0 -9999.0 -9999.0 -9999.0 -9999.0 -9999.0 0.191675 0.186034 -0.000132 0.194273 0.180458 0.162424 0.169432 0.182923 0.186878 0.106043 0.144727 0.070311 0.123573 0.002580 -0.055414 -0.087645 0.196237 0.171200 0.183591 0.109986 0.183938 0.195026 -0.000024 0.145263 0.150789 0.052998 0.216052 0.226095 0.239908 0.249579 0.255746 0.294412 0.292758 0.238465 0.185806 0.166865 0.141243 0.105288 0.082878 0.135784 0.116665 0.177919
-9999.0 -9999.0 -9999.0 -9999.0 -9999.0 -9999.0 -9999.0 -9999.0 -9999.0 -9999.0 -9999.0 -9999.0 -9999.0 -9999.0 -9999.0 -9999.0 -9999.0 -9999.0 -9999.0 -9999.0 -9999.0 -0.000213 0.165270 0.077838 0.169824 0.156631 0.147143 -0.000199 0.163806 0.171635 0.087378 0.184597 0.224356 -0.057810 -0.097492 -0.001273 0.183495 0.126513 0.170187 0.192520 0.212547 -0.000106 0.197557 -0.027029 0.003750 0.001602 0.012547 0.059808 0.044332 -0.004141 -0.003922 0.258625 0.266957 0.277016 0.205809 0.171800 0.181889 0.143641 0.134783 0.144379 0.241348 0.235235 0.231247
-9999.0 -9999.0 -9999.0 -9999.0 -9999.0 -9999.0 -9999.0 -9999.0 -9999.0 -9999.0 -9999.0 -9999.0 -9999.0 -9999.0 -9999.0 -9999.0 -9999.0 -9999.0 -9999.0 -9999.0 -9999.0 -9999.0 -9999.0 -9999.0 -9999.0 -9999.0 -9999.0 0.059673 0.169948 0.177736 0.209237 0.222661 0.219013 -0.067469 -0.001762 -0.001865 0.204081 0.118399 -0.000870 -0.066715 0.194704 -0.072029 -0.047854 0.197024 0.189245 0.005546 0.040594 0.054026 0.249691 0.076202 0.044425 0.053716 0.251664 0.290064 0.240607 0.186681 0.185176 0.150490 0.162068 0.195806 0.249139 0.274345 0.289146
-9999.0 -9999.0 -9999.0 -9999.0 -9999.0 -9999.0 -9999.0 -9999.0 -9999.0 -9999.0 -9999.0 -9999.0 -9999.0 -9999.0 -9999.0 -9999.0 -9999.0 -9999.0 -9999.0 -9999.0 -9999.0 -9999.0 -9999.0 -9999.0 -9999.0 -9999.0 -9999.0 0.159298 0.173712 0.190979 0.078983 0.224682 0.222461 0.240101 0.239132 0.196853 -0.072209 0.127040 -0.041776 0.191046 0.198322 0.140058 -0.001540 0.195671 0.174586 0.003426 0.017183 0.067483 0.071643 0.048511 0.035986 0.262849 0.266423 0.284036 0.235497 0.100852 -0.064254 0.167725 0.190692 0.226102 0.260785 0.277072 0.288604
-9999.0 -9999.0 -9999.0 -9999.0 -9999.0 -9999.0 -9999.0 -9999.0 -9999.0 -9999.0 -9999.0 -9999.0 -9999.0 -9999.0 -9999.0 -9999.0 -9999.0 -9999.0 -9999.0 -9999.0 -9999.0 -9999.0 -9999.0 -9999.0 -9999.0 -9999.0 -9999.0 -9999.0 0.154579 0.158589 0.053403 0.199316 0.190511 0.169114 0.206156 0.222868 0.199694 0.187878 0.182164 0.208507 -0.001601 0.170584 0.210083 0.208306 0.206432 0.150448 -0.000095 0.177324 0.097557 0.160584 0.127966 0.197518 0.202471 0.264453 0.278074 0.259157 0.212318 0.200990 0.249387 0.278261 0.292979 0.294264 0.301848
