tests/3D/snow_dstr_SENSITIVITY/output-maps-SE27XX/snowmeltedN0028.asc
ncols         78
nrows         130
xllcorner     624800.000000
yllcorner     5171500.000000
cellsize      100.000000
NODATA_value  -9999.0
[rows 84 to 111 of 130, columns 0 to 62 of 78]
-9999.0 -9999.0 -9999.0 3.166686 0.009679 0.000000 0.000000 0.000000 0.000000 0.000000 0.000000 0.000000 0.000000 0.000000 0.001745 0.000074 0.000453 0.000234 0.000076 0.000000 0.000248 0.000191 0.000000 0.000000 0.000000 0.000000 0.000000 0.000000 0.000349 0.607656 0.000000 1.549258 1.064016 -0.320587 -0.234492 -0.219555 -0.193608 1.775956 0.611472 -0.373354 -0.022877 -0.077816 -0.292882 1.398657 -0.033433 1.137410 0.000000 0.000000 2.022344 2.104161 0.586782 2.130776 3.280768 3.210721 1.985723 7.602398 1.795234 0.881359 0.000000 0.000000 7.663167 0.000000 0.000000
-9999.0 -9999.0 -9999.0 0.000000 0.000000 0.000000 0.000000 0.421822 0.420350 0.000000 0.000000 0.000000 0.004358 0.000000 0.000000 0.000060 0.000107 0.000000 0.000015 0.000086 -0.006620 0.000152 0.000000 0.000124 0.000000 0.937803 1.016376 0.808633 0.658044 1.914655 -0.316944 -0.283756 -0.264198 -0.242747 -0.201208 2.453442 2.196472 -0.357303 -0.308969 -0.355148 0.726184 1.074692 -0.084343 2.522162 0.000000 0.183245 0.000000 0.235024 0.029594 1.985263 -0.069498 1.123884 2.228142 2.338575 3.244690 8.125881 2.615522 2.455434 1.550283 0.000000 0.000000 0.000000 0.000000
-9999.0 -9999.0 -9999.0 -9999.0 0.000000 0.000000 0.000000 0.406913 0.000000 0.000000 0.000000 0.000000 0.000000 0.000000 0.000948 0.000398 0.000000 0.000602 0.000000 0.000000 0.000000 0.000000 1.946124 2.203731 2.234930 0.935282 1.058335 0.649400 -0.301979 -0.231156 -0.264879 -0.223785 -0.210284 -0.197823 -0.180974 -0.151725 -0.284981 -0.352925 -0.340686 0.739273 1.124718 -0.301670 0.576308 1.199254 1.539190 2.618475 6.654269 6.270701 5.218085 5.690783 7.641581 6.594372 0.689471 0.797583 1.891440 7.410229 2.895078 2.634070 2.495298 2.478002 1.347500 0.000000 0.000000
-9999.0 -9999.0 -9999.0 -9999.0 0.370457 0.388807 0.383738 0.000000 0.000000 0.000000 0.000000 0.000000 0.000000 0.000000 0.000000 0.000000 0.000000 0.000000 0.000000 0.000000 0.000000 -0.260848 -0.225283 -0.179376 -0.244696 -0.239407 -0.263246 -0.201664 -0.211137 -0.193384 -0.180192 -0.151924 -0.167172 -0.174172 -0.149071 2.294620 -0.229736 -0.330019 0.984724 0.826883 0.337388 -0.329419 -0.306836 0.219934 1.749561 2.551865 7.125773 5.603941 5.492009 5.239164 5.211077 5.620265 4.711145 6.827209 5.380315 0.304859 0.402424 6.298634 5.595800 4.577574 7.664141 0.000000 0.892513
-9999.0 -9999.0 -9999.0 -9999.0 2.235273 0.372814 0.618602 0.000000 0.000000 0.000000 0.000000 0.000000 0.000000 0.000000 0.000000 0.000053 0.000000 0.000000 0.000000 -0.201270 -0.184589 -0.117248 -0.157537 -0.146549 -0.119186 -0.140617 -0.139677 -0.129006 -0.156729 0.600896 -0.150437 -0.360867 1.320711 -0.366317 -0.276603 1.454823 -0.408695 0.505612 1.095672 0.387543 -0.398690 2.319232 0.718140 0.472591 2.420190 3.334337 7.259465 5.965710 6.842238 6.958231 6.253767 5.075442 8.004299 4.901746 7.378052 5.711226 5.611549 7.041990 7.397441 7.630804 4.436016 0.601495 1.352349
-9999.0 -9999.0 -9999.0 -9999.0 -9999.0 0.212166 0.000000 0.000000 0.000000 0.000000 0.000000 0.000344 0.000000 0.000000 0.000000 0.000000 0.000000 0.000000 0.000000 -0.148202 -0.110865 -0.171239 -0.166609 -0.163916 -0.169028 0.682614 0.552711 0.749323 0.185397 -0.156333 2.208690 1.099888 -0.315003 -0.166309 -0.260853 -0.287636 -0.285147 1.577287 1.125415 0.895243 0.423017 -0.296012 -0.300573 1.668425 2.332497 2.441181 7.196145 5.280899 6.462305 7.181724 6.074312 4.880265 5.346463 5.601287 4.944685 5.156561 4.883203 5.905910 6.430947 6.079822 1.229044 1.756950 1.584085
-9999.0 -9999.0 -9999.0 -9999.0 -9999.0 0.273406 0.000000 0.000000 0.156380 0.101272 0.000000 0.000013 0.000000 0.000000 0.000000 0.000000 0.000000 0.000000 -0.111953 -0.112398 -0.141803 -0.220158 -0.295005 1.307529 -0.269357 -0.223168 2.145443 2.311314 -0.256675 2.940134 -0.265885 0.435011 0.562582 1.831014 0.711582 0.975102 0.874967 0.551860 0.919423 0.413234 0.721437 0.976102 2.942237 1.841845 0.995739 5.862580 6.787182 6.236850 4.540123 6.940185 4.009140 7.633220 5.440603 5.739217 5.785143 5.793338 5.687160 5.347764 6.778188 5.637589 7.808036 8.043442 2.828147
-9999.0 -9999.0 -9999.0 -9999.0 -9999.0 -9999.0 0.135743 0.000000 0.000000 0.000024 0.000000 0.000000 0.000000 0.000000 0.000000 0.000000 0.000000 -0.167900 -0.143098 -0.148787 -0.215710 -0.284096 1.847559 2.748830 1.892263 2.243225 0.673802 2.681653 2.683094 2.715753 2.575333 0.905007 0.731391 0.832717 1.498854 0.696337 2.998903 2.195382 2.017110 0.467129 3.087494 1.636262 0.789831 4.170186 5.637826 5.536990 6.814798 7.815209 6.242135 7.046695 5.957753 8.669171 6.399397 3.615930 6.890797 5.392671 6.249125 6.632009 7.765166 5.527229 1.761003 7.173775 7.792023
-9999.0 -9999.0 -9999.0 -9999.0 -9999.0 -9999.0 0.000371 0.000118 0.003216 0.000000 0.000000 0.000000 0.000000 0.000000 0.000000 0.000000 -0.176244 1.319271 3.131635 1.293975 2.962856 2.544596 0.704830 2.933236 2.635380 -0.228524 -0.293393 0.970917 2.863198 -0.288188 1.840374 1.379320 0.679597 1.973107 2.150063 1.513196 4.302205 1.558722 2.216761 -0.344532 2.397705 2.426576 0.000000 1.116564 5.507679 5.825683 7.617195 8.095337 5.530316 6.527120 7.964173 8.650981 1.551601 7.913451 6.509837 6.384393 6.866655 7.944171 5.805753 7.838744 7.311388 7.564747 5.846886
-9999.0 -9999.0 -9999.0 -9999.0 -9999.0 -9999.0 -9999.0 0.000000 0.000000 0.000000 0.000000 0.000000 0.000000 0.000000 0.000000 0.000000 1.873140 1.414539 2.424091 2.276573 2.834425 1.507179 2.852185 0.053240 -0.241398 -0.241617 -0.255754 1.945150 1.996288 1.491295 1.005881 0.006680 1.459276 1.625448 1.229655 1.520522 7.580941 3.144631 3.231585 0.732507 1.367981 1.622622 0.000000 0.773834 0.000000 3.190379 4.729430 6.972772 6.162361 0.357972 7.807478 0.000000 2.361893 8.628555 7.234941 8.716548 6.886431 6.752865 0.000000 3.114489 7.060794 5.584547 4.183345
-9999.0 -9999.0 -9999.0 -9999.0 -9999.0 -9999.0 -9999.0 0.000000 0.000000 0.000000 0.000000 0.000000 0.000000 0.000000 0.000000 1.307389 1.250901 2.164568 -0.197007 -0.182385 2.261143 3.123723 -0.235946 1.309716 1.872249 1.069199 1.031169 1.690930 1.734841 2.006087 2.809601 3.049048 1.022483 1.167688 3.394501 7.107570 7.557217 5.381831 7.425593 2.871583 2.271031 2.700145 3.229340 0.012529 0.103551 0.058525 4.206172 5.510728 2.003970 1.196889 3.991768 3.720686 2.148975 7.093082 7.500989 7.776926 2.616897 6.620308 0.086239 6.918672 6.587406 6.649916 3.376582
-9999.0 -9999.0 -9999.0 -9999.0 -9999.0 -9999.0 -9999.0 0.000000 0.000000 0.000000 0.000000 0.000000 0.000000 0.000000 0.000000 -0.218954 -0.199360 -0.130584 0.696980 -0.143884 2.739195 1.509908 2.596189 0.972731 1.043723 1.359396 0.387505 -0.283475 0.320374 1.335220 1.789399 3.454917 5.742016 0.619811 4.703988 8.040075 7.940417 4.395662 4.089524 3.528053 2.940571 3.551042 2.770343 0.403019 -0.033466 0.044485 2.681762 2.836577 3.584882 4.871431 8.164440 0.769121 0.593105 2.296748 8.728358 0.128850 0.000000 7.395472 6.841312 5.831916 5.456303 5.884582 4.169466
-9999.0 -9999.0 -9999.0 -9999.0 -9999.0 -9999.0 -9999.0 -9999.0 0.000000 0.000000 0.000000 0.000000 0.000000 0.000000 0.000000 -0.182594 1.404302 2.197351 -0.148325 1.611766 -0.203925 0.537549 0.991212 0.599972 0.839477 2.423481 2.180239 0.765165 0.329211 1.490831 2.304450 3.494642 7.186477 2.315456 1.471052 5.321905 9.009860 7.727458 6.703709 6.985420 3.520758 3.140311 3.703964 0.402280 0.183275 0.000000 0.000000 0.000000 0.374949 1.531754 2.353666 4.004606 1.497408 0.873733 0.000000 0.105063 0.000000 0.000000 7.768644 0.000000 6.705932 2.476531 1.832866
-9999.0 -9999.0 -9999.0 -9999.0 -9999.0 -9999.0 -9999.0 -9999.0 -9999.0 0.000000 0.000000 0.000000 0.000000 0.000000 0.000000 0.309578 0.091308 2.235321 -0.185682 1.373217 2.144346 2.147921 4.639858 2.367247 5.009253 4.173172 2.465136 1.977184 2.081483 1.535823 3.602730 6.935243 7.231914 8.537923 4.007828 8.624857 8.711090 8.081556 7.902391 2.507810 3.317426 1.513651 2.953336 2.464026 0.000149 0.215361 -0.028319 -0.080279 -0.101584 0.408469 0.000000 3.888166 1.479804 0.561770 0.000000 0.000000 0.000000 0.000000 0.000000 0.000000 5.416075 0.000000 0.000000
-9999.0 -9999.0 -9999.0 -9999.0 -9999.0 -9999.0 -9999.0 -9999.0 -9999.0 0.000000 0.000000 0.000000 0.000000 0.000000 0.000000 -0.128686 -0.191574 2.869445 -0.061788 1.656762 2.625396 1.811784 1.840529 2.978599 3.611374 8.208593 4.073252 1.732797 2.935784 2.361659 5.301401 7.779843 4.341468 5.133057 8.774629 8.703139 8.961438 7.916732 7.796796 4.509589 2.856670 3.465274 2.308136 3.475506 -0.060192 0.810378 -0.041423 -0.062513 -0.062744 2.177379 2.598916 3.133944 0.384892 1.483120 1.586722 2.550802 0.917016 0.000000 0.000000 5.152772 6.431438 6.060908 0.000000
-9999.0 -9999.0 -9999.0 -9999.0 -9999.0 -9999.0 -9999.0 -9999.0 -9999.0 -9999.0 0.000000 0.000000 0.000000 0.000000 -0.159150 -0.141502 0.132940 2.495859 0.321199 2.751734 3.130800 2.522346 2.075877 2.484505 7.655651 4.896123 7.111302 7.487168 4.131177 3.624009 7.149854 4.714531 8.512852 6.243793 5.750600 8.835967 6.724434 5.746527 7.437852 6.504166 6.156240 6.235026 3.174755 7.709844 3.713970 0.000054 0.406717 -0.039524 -0.084681 0.230467 1.894006 2.984183 5.293518 0.277046 8.135621 0.353918 3.399320 0.396542 0.000000 0.000000 7.230080 6.575573 5.879235
-9999.0 -9999.0 -9999.0 -9999.0 -9999.0 -9999.0 -9999.0 -9999.0 -9999.0 -9999.0 -9999.0 -9999.0 0.000000 0.000000 -0.141368 0.264897 1.643978 2.138568 2.678814 1.993786 0.978404 2.044363 5.369210 8.122446 6.511443 9.315855 5.718260 8.529045 8.131759 7.075019 7.316587 8.840618 8.979138 4.331264 4.666465 4.869771 2.173295 8.118467 8.218765 7.709660 7.041070 3.480588 3.109832 7.709366 5.954543 0.025212 -0.051079 -0.130777 -0.098191 -0.102601 -0.097208 1.573820 2.123041 1.464595 0.265260 1.417561 1.017581 1.618096 1.324098 1.018811 0.000000 0.000000 4.833833
-9999.0 -9999.0 -9999.0 -9999.0 -9999.0 -9999.0 -9999.0 -9999.0 -9999.0 -9999.0 -9999.0 -9999.0 -9999.0 0.000000 -0.132298 0.398629 3.450897 2.929970 2.132120 2.961648 1.921527 1.733084 5.209264 8.153801 8.920386 9.431801 9.066647 8.220713 7.478754 8.126966 7.633138 8.611563 8.677172 6.820943 4.978404 5.614421 8.754988 8.037092 8.520087 7.079151 6.755892 6.100117 4.243081 4.894267 3.575839 4.451580 -0.119033 -0.155966 -0.066778 -0.085095 0.340995 0.973118 0.914052 4.445032 1.206381 2.113717 8.115450 6.016763 2.845550 0.000000 0.000000 0.000000 0.000000
-9999.0 -9999.0 -9999.0 -9999.0 -9999.0 -9999.0 -9999.0 -9999.0 -9999.0 -9999.0 -9999.0 -9999.0 -9999.0 -9999.0 0.000000 0.844669 5.870314 3.366335 5.462237 3.455576 3.167780 4.620706 8.949561 7.084969 9.644031 8.065255 9.283575 8.572444 8.210852 7.960557 8.229804 8.284204 8.236711 7.473776 7.242890 6.724297 3.918953 8.543526 8.494652 7.932074 6.741151 7.667322 5.895187 4.332105 3.239479 7.614757 5.654813 -0.142101 -0.048417 -0.036692 -0.052673 -0.086933 4.316603 2.174570 0.132566 3.113093 1.219082 0.000000 0.000000 0.000000 5.048198 6.895049 2.373521
-9999.0 -9999.0 -9999.0 -9999.0 -9999.0 -9999.0 -9999.0 -9999.0 -9999.0 -9999.0 -9999.0 -9999.0 -9999.0 -9999.0 -9999.0 1.801195 4.506707 3.756829 5.215115 5.950190 7.732198 9.280010 8.391286 9.351600 6.799479 9.445853 9.310418 8.664932 8.208811 8.639292 8.338739 8.327106 8.001544 8.821149 7.530863 8.148348 5.920877 8.778634 8.713845 8.387552 7.122393 7.487412 7.719782 5.568788 6.133651 3.819333 4.841879 0.642343 -0.078497 -0.056699 -0.095620 -0.148039 0.000000 4.402895 6.116612 3.181739 4.075346 0.000000 0.000000 0.000000 0.000000 0.000000 0.000000
-9999.0 -9999.0 -9999.0 -9999.0 -9999.0 -9999.0 -9999.0 -9999.0 -9999.0 -9999.0 -9999.0 -9999.0 -9999.0 -9999.0 -9999.0 0.000000 7.288729 4.688455 4.203708 5.789526 7.839998 6.746322 8.046213 8.905734 7.505369 7.472483 9.185528 8.411267 8.175634 8.155390 8.024051 7.824432 7.768866 8.462189 7.718329 7.262884 6.282607 6.549688 8.688931 8.286317 7.625319 7.424578 6.339431 6.427475 6.300787 6.145059 6.060227 6.147200 -0.140078 -0.109006 -0.143985 0.834457 1.288881 1.989478 6.225563 3.341753 0.000000 6.808596 0.918795 0.000000 0.000000 0.000000 2.810452
-9999.0 -9999.0 -9999.0 -9999.0 -9999.0 -9999.0 -9999.0 -9999.0 -9999.0 -9999.0 -9999.0 -9999.0 -9999.0 -9999.0 -9999.0 -9999.0 0.000000 0.000000 1.918640 7.023848 6.077580 4.872462 4.750900 9.419641 6.533934 7.657436 9.268898 5.630211 8.587678 8.441164 8.096290 7.694513 7.656333 8.013837 8.734656 8.251670 7.573773 6.995372 8.756498 8.303036 7.671952 7.354806 7.093165 7.189395 3.423177 5.432552 4.900185 6.824236 1.009879 -0.114959 -0.152292 -0.141864 -0.078684 0.000000 4.078932 3.098825 1.749978 0.000000 0.000000 0.000000 6.837653 0.000000 0.000000
-9999.0 -9999.0 -9999.0 -9999.0 -9999.0 -9999.0 -9999.0 -9999.0 -9999.0 -9999.0 -9999.0 -9999.0 -9999.0 -9999.0 -9999.0 -9999.0 -9999.0 -9999.0 -9999.0 7.258096 7.140206 6.512702 6.892958 7.945069 6.915964 5.309232 6.021213 3.987433 7.500363 8.469618 8.539056 8.058452 8.255241 6.904989 8.527148 8.754680 7.661039 7.434497 7.725091 8.388077 7.956826 7.442414 8.473590 8.076535 7.382078 6.404511 6.272954 7.143933 7.242172 1.197080 -0.171280 -0.197743 -0.113766 0.000000 0.272370 4.362077 2.461335 3.194281 0.000000 0.000000 0.000000 0.000000 0.000000
-9999.0 -9999.0 -9999.0 -9999.0 -9999.0 -9999.0 -9999.0 -9999.0 -9999.0 -9999.0 -9999.0 -9999.0 -9999.0 -9999.0 -9999.0 -9999.0 -9999.0 -9999.0 -9999.0 -9999.0 -9999.0 6.845915 5.049190 7.860185 7.881716 7.570054 7.504775 8.434733 7.865600 8.161824 8.477612 8.496427 8.320302 8.527212 8.722077 8.598632 7.237358 7.687252 7.302006 6.816539 8.032669 8.477043 7.137306 7.834319 7.835673 6.202671 6.876230 5.862475 6.801192 6.897289 6.883443 -0.181465 -0.109752 1.390444 7.594652 0.280562 0.306766 2.405699 1.679532 0.000000 2.313556 0.149678 0.000000
-9999.0 -9999.0 -9999.0 -9999.0 -9999.0 -9999.0 -9999.0 -9999.0 -9999.0 -9999.0 -9999.0 -9999.0 -9999.0 -9999.0 -9999.0 -9999.0 -9999.0 -9999.0 -9999.0 -9999.0 -9999.0 5.280054 3.241417 2.602696 2.760346 2.108458 0.840093 7.428979 6.281134 4.498085 7.529413 8.997824 7.914467 7.799412 8.199450 7.079478 6.543975 7.739758 8.188891 3.202816 6.462307 7.098111 6.391227 5.135937 7.658910 6.472730 5.892333 6.410287 7.218621 6.718312 6.998730 -0.081585 0.638893 0.174532 5.178449 3.685976 3.183153 1.532457 2.805653 1.427424 1.878180 1.007837 1.689806
-9999.0 -9999.0 -9999.0 -9999.0 -9999.0 -9999.0 -9999.0 -9999.0 -9999.0 -9999.0 -9999.0 -9999.0 -9999.0 -9999.0 -9999.0 -9999.0 -9999.0 -9999.0 -9999.0 -9999.0 -9999.0 -9999.0 -9999.0 -9999.0 -9999.0 -9999.0 -9999.0 7.518648 1.834258 8.190440 8.255097 8.010199 9.233353 7.494725 9.401026 7.583018 9.668882 6.849060 1.019580 8.207524 8.375997 6.883879 7.656230 8.585973 5.525230 6.962055 7.265020 7.168750 7.480803 7.447990 -0.178550 -0.182389 5.338763 -0.017212 2.335804 2.228692 2.502392 2.150014 2.023670 0.090404 1.445056 0.000000 0.000000
-9999.0 -9999.0 -9999.0 -9999.0 -9999.0 -9999.0 -9999.0 -9999.0 -9999.0 -9999.0 -9999.0 -9999.0 -9999.0 -9999.0 -9999.0 -9999.0 -9999.0 -9999.0 -9999.0 -9999.0 -9999.0 -9999.0 -9999.0 -9999.0 -9999.0 -9999.0 -9999.0 0.000000 1.365699 2.351929 9.568689 9.300062 8.066451 9.423102 8.288728 5.451103 8.222765 7.352439 7.832191 7.961326 8.070471 8.341491 8.506171 8.502644 8.434030 7.274309 6.876434 7.488030 7.341529 6.909020 7.792307 1.178867 0.536818 0.000000 2.131289 7.017131 0.903582 1.159324 0.204693 0.236048 0.303914 0.116597 2.613950
-9999.0 -9999.0 -9999.0 -9999.0 -9999.0 -9999.0 -9999.0 -9999.0 -9999.0 -9999.0 -9999.0 -9999.0 -9999.0 -9999.0 -9999.0 -9999.0 -9999.0 -9999.0 -9999.0 -9999.0 -9999.0 -9999.0 -9999.0 -9999.0 -9999.0 -9999.0 -9999.0 -9999.0 0.000000 7.718815 8.185428 8.481432 8.262412 8.286791 7.620699 5.617368 7.316885 8.004979 8.152566 7.891980 8.209148 8.378646 8.621421 7.509356 7.222779 7.444439 5.191693 7.982001 7.620720 7.811898 7.870331 7.594901 1.606503 2.830217 1.529855 2.727100 0.567113 8.136257 0.049390 1.808064 1.750609 0.438981 1.568726
