tests/3D/snow_dstr_SENSITIVITY/output-maps-SE27XX/snowsublN0018.asc
ncols         78
nrows         130
xllcorner     624800.000000
yllcorner     5171500.000000
cellsize      100.000000
NODATA_value  -9999.0
[rows 56 to 83 of 130, columns 0 to 62 of 78]
-9999.0 -9999.0 -9999.0 -9999.0 -9999.0 -9999.0 -9999.0 -9999.0 -9999.0 -9999.0 -9999.0 -9999.0 -9999.0 -9999.0 -9999.0 -9999.0 -9999.0 -9999.0 -9999.0 -9999.0 0.160554 0.186131 0.194765 0.188997 0.181558 0.167316 0.191024 0.262005 0.288227 0.278276 0.203744 0.221031 0.213073 0.200869 0.236926 0.201833 0.187743 0.199293 0.194331 0.184153 0.165700 0.152014 0.173876 0.161142 0.147782 0.052002 0.048062 0.038944 0.016256 0.030818 0.027989 0.015235 0.001988 0.005158 0.000758 0.001803 0.001663 0.419355 0.397378 0.384882 0.344185 0.200933 0.241549
-9999.0 -9999.0 -9999.0 -9999.0 -9999.0 -9999.0 -9999.0 -9999.0 -9999.0 -9999.0 -9999.0 -9999.0 -9999.0 -9999.0 -9999.0 -9999.0 0.165115 0.175495 0.165015 0.153098 0.184022 0.249631 0.259915 0.251968 0.272667 0.227564 0.213573 0.245508 0.271466 0.271322 0.195914 0.212603 0.210350 0.198275 0.193980 0.192182 0.188652 0.172792 0.179742 0.176453 0.119412 0.084725 0.094865 0.136901 0.120946 0.062688 0.051114 0.031836 0.023507 0.035128 0.028438 0.000998 0.000445 0.001936 0.000705 0.001361 0.011292 0.526527 0.360431 0.081006 0.195391 0.180673 0.184712
-9999.0 -9999.0 -9999.0 -9999.0 -9999.0 -9999.0 -9999.0 -9999.0 -9999.0 -9999.0 -9999.0 -9999.0 -9999.0 -9999.0 -9999.0 0.158813 0.200353 0.200655 0.175545 0.162038 0.201759 0.269680 0.285953 0.286925 0.274775 0.270163 0.243744 0.222697 0.262342 0.269410 0.292023 0.162523 0.211756 0.199659 0.198248 0.201754 0.177405 0.180778 0.157184 0.116485 0.089967 0.095336 0.115394 0.120119 0.115497 0.078696 0.061607 0.048770 0.029662 0.036522 0.028390 0.000000 0.033307 0.000747 0.000481 0.000000 0.000000 0.495226 0.048311 0.229621 0.021541 0.199520 0.205806
-9999.0 -9999.0 -9999.0 -9999.0 -9999.0 -9999.0 -9999.0 -9999.0 -9999.0 -9999.0 -9999.0 -9999.0 -9999.0 -9999.0 -9999.0 0.185601 0.199224 0.200298 0.185414 0.164467 0.179447 0.284595 0.281359 0.272499 0.275722 0.264893 0.258554 0.260921 0.253579 0.276009 0.217094 0.156529 0.209900 0.206846 0.208118 0.199134 0.198080 0.169508 0.154708 0.119267 0.107452 0.146224 0.151070 0.112583 0.110263 0.108911 0.082707 0.069291 0.034138 0.038317 0.031948 0.000000 0.001689 0.000420 0.000000 0.000000 0.000000 0.476435 0.010492 0.216153 0.028386 0.218737 0.297803
-9999.0 -9999.0 -9999.0 -9999.0 -9999.0 -9999.0 -9999.0 -9999.0 -9999.0 -9999.0 -9999.0 -9999.0 -9999.0 -9999.0 0.182155 0.221716 0.223177 0.220623 0.218786 0.194562 0.190558 0.258595 0.299175 0.279787 0.268842 0.298861 0.267206 0.312203 0.249525 0.280408 0.311279 0.296533 0.205869 0.201121 0.201109 0.199513 0.155428 0.131488 0.166065 0.160707 0.161852 0.146370 0.100885 0.072034 0.074828 0.095023 0.090492 0.069932 0.035998 0.037405 0.000000 0.000000 0.001677 0.000290 0.000000 0.013103 0.012315 0.011068 0.037242 0.000000 0.012536 0.180387 0.205376
-9999.0 -9999.0 -9999.0 -9999.0 -9999.0 -9999.0 -9999.0 -9999.0 -9999.0 -9999.0 -9999.0 -9999.0 -9999.0 0.163009 0.193967 0.232235 0.245107 0.224786 0.218957 0.223098 0.217532 0.230040 0.298644 0.285936 0.269930 0.286240 0.273600 0.298549 0.287397 0.270416 0.280615 0.301381 0.242917 0.169748 0.196732 0.185095 0.160886 0.139694 0.143949 0.104497 0.077170 0.061575 0.075298 0.055332 0.000000 0.076524 0.090836 0.078875 0.042778 0.000000 0.000000 0.000745 0.289743 0.020253 0.001654 0.000000 0.000000 0.483224 0.038060 0.017398 0.212928 0.235285 0.238894
-9999.0 -9999.0 -9999.0 -9999.0 -9999.0 -9999.0 -9999.0 -9999.0 -9999.0 -9999.0 -9999.0 -9999.0 -9999.0 0.164810 0.194255 0.234162 0.234944 0.237385 0.230486 0.232818 0.195515 0.252692 0.283984 0.278882 0.275929 0.288158 0.282946 0.289867 0.289539 0.270170 0.270302 0.219998 0.206826 0.156619 0.168744 0.189173 0.128339 0.120204 0.132934 0.108148 0.085526 0.083380 0.079780 0.060915 0.000000 0.064626 0.064458 0.054496 0.004936 0.021747 0.000000 0.000000 0.000746 0.000000 0.002412 0.013185 0.000000 0.000000 0.030564 0.000000 0.244346 0.240053 0.240937
-9999.0 -9999.0 -9999.0 -9999.0 -9999.0 -9999.0 -9999.0 -9999.0 -9999.0 -9999.0 -9999.0 -9999.0 0.167162 0.186118 0.205420 0.236662 0.246656 0.245926 0.256128 0.271109 0.243156 0.255932 0.273636 0.273544 0.280692 0.306924 0.291909 0.291911 0.290800 0.291702 0.242679 0.212296 0.230831 0.136278 0.108014 0.175257 0.092089 0.127064 0.105282 0.080341 0.062306 0.065703 0.044615 0.038849 0.025834 0.001161 0.016303 0.015297 0.000025 0.011510 0.000796 0.000627 0.038787 0.085232 0.039537 0.089429 0.000000 0.000816 0.000000 0.132831 0.182066 0.238789 0.212360
-9999.0 -9999.0 -9999.0 -9999.0 -9999.0 -9999.0 -9999.0 -9999.0 -9999.0 -9999.0 0.155814 0.163458 0.173091 0.203683 0.213010 0.267607 0.287159 0.287588 0.282790 0.286000 0.273021 0.253980 0.276692 0.274773 0.290493 0.294403 0.293068 0.246759 0.253616 0.267069 0.244765 0.230042 0.217634 0.145869 0.144872 0.118227 0.141701 0.133569 0.107934 0.063240 0.057272 0.045678 0.034915 0.036422 0.038052 0.022354 0.020182 0.014827 0.008428 0.000740 0.000000 0.000622 0.000660 0.000622 0.002657 0.040466 0.117415 0.086737 0.002787 0.097774 0.406607 0.000000 0.247100
-9999.0 -9999.0 -9999.0 -9999.0 -9999.0 -9999.0 -9999.0 -9999.0 -9999.0 -9999.0 0.146459 0.187888 0.188014 0.213080 0.226129 0.256131 0.280431 0.267869 0.266763 0.264926 0.280334 0.250917 0.245347 0.263710 0.234985 0.244764 0.249586 0.261887 0.250042 0.252416 0.247189 0.230915 0.219229 0.197589 0.196393 0.150136 0.149679 0.129262 0.107946 0.072991 0.066582 0.055207 0.036284 0.034099 0.000000 0.021776 0.018008 0.015472 0.000000 0.000000 0.000650 0.050329 0.000627 0.269145 0.167808 0.020996 0.107884 0.023151 0.004461 0.282427 0.134220 0.348249 0.252275
-9999.0 -9999.0 -9999.0 -9999.0 -9999.0 -9999.0 -9999.0 -9999.0 -9999.0 -9999.0 0.177769 0.203988 0.230086 0.231151 0.221598 0.240321 0.259654 0.258678 0.285917 0.270599 0.250260 0.288809 0.278707 0.245033 0.304365 0.239487 0.263572 0.267604 0.253385 0.249987 0.247683 0.246111 0.221414 0.155709 0.183883 0.169956 0.118523 0.086724 0.095169 0.046212 0.039308 0.045094 0.035765 0.025159 0.023222 0.018298 0.000000 0.015321 0.000392 0.000202 0.022756 0.069498 0.251790 0.012750 0.279550 0.327832 0.268266 0.012857 0.141680 0.026005 0.041772 0.251185 0.266066
-9999.0 -9999.0 -9999.0 -9999.0 -9999.0 -9999.0 -9999.0 -9999.0 -9999.0 -9999.0 0.168056 0.206891 0.231342 0.239110 0.250244 0.255186 0.283488 0.273075 0.323369 0.256304 0.259891 0.349165 0.316030 0.287655 0.307961 0.253522 0.319646 0.256314 0.247100 0.237934 0.239330 0.248031 0.216958 0.167736 0.100920 0.143056 0.093327 0.063634 0.000000 0.044827 0.046299 0.045477 0.000000 0.031914 0.031457 0.024069 0.004632 0.000357 0.000229 0.132938 0.140038 0.181319 0.021521 0.015375 0.191603 0.025595 0.210337 0.340970 0.130429 0.360396 0.267706 0.007357 0.153561
-9999.0 -9999.0 -9999.0 -9999.0 -9999.0 -9999.0 -9999.0 -9999.0 -9999.0 -9999.0 0.177710 0.203053 0.231264 0.235696 0.238897 0.256584 0.264278 0.282788 0.280289 0.264901 0.267277 0.323674 0.319149 0.280792 0.277458 0.334429 0.253854 0.257584 0.245708 0.244109 0.220319 0.236011 0.213309 0.166960 0.108304 0.129371 0.000000 0.000000 0.000000 0.000000 0.049384 0.053617 0.000000 0.034225 0.029857 0.028182 0.425196 0.162879 0.318783 0.351648 0.347658 0.230570 0.125911 0.029683 0.249437 0.081503 0.348732 0.308243 0.429772 0.270319 0.064030 0.135274 0.172168
-9999.0 -9999.0 -9999.0 -9999.0 -9999.0 -9999.0 -9999.0 -9999.0 -9999.0 -9999.0 0.186941 0.216562 0.258843 0.287004 0.275080 0.270618 0.245752 0.311464 0.295517 0.268160 0.269202 0.267317 0.337952 0.314944 0.303243 0.297800 0.335452 0.251088 0.238860 0.245040 0.245202 0.200542 0.189802 0.101664 0.080827 0.098620 0.089063 0.000000 0.000000 0.000000 0.000000 0.000000 0.000000 0.025829 0.001526 0.428820 0.182583 0.085340 0.168644 0.438806 0.339635 0.366295 0.020416 0.113052 0.262171 0.231912 0.187110 0.195506 0.384588 0.400078 0.004861 0.268805 0.269195
-9999.0 -9999.0 -9999.0 -9999.0 -9999.0 -9999.0 -9999.0 -9999.0 -9999.0 -9999.0 0.210533 0.242782 0.305268 0.328523 0.311738 0.302214 0.306203 0.264082 0.225364 0.263622 0.271498 0.263847 0.254737 0.365266 0.319975 0.298193 0.294096 0.332149 0.337837 0.249215 0.242908 0.150776 0.130765 0.084076 0.069752 0.067916 0.000000 0.000000 0.000000 0.000000 0.000000 0.000000 0.000000 0.000000 0.000000 0.001691 0.012117 0.148877 0.136782 0.234751 0.421042 0.304946 0.264981 0.020405 0.346687 0.438861 0.178188 0.381380 0.370577 0.202169 0.455777 0.267445 0.354417
-9999.0 -9999.0 -9999.0 -9999.0 -9999.0 -9999.0 -9999.0 -9999.0 -9999.0 0.254924 0.233415 0.242217 0.304275 0.280802 0.272292 0.310040 0.317019 0.279975 0.311033 0.253546 0.274828 0.260794 0.258930 0.336338 0.357282 0.328567 0.307159 0.360735 0.339725 0.251832 0.244790 0.190030 0.157376 0.080869 0.071022 0.082953 0.000000 0.000000 0.000000 0.000000 0.000000 0.000000 0.000000 0.000000 0.000000 0.058706 0.096641 0.055219 0.001303 0.233929 0.252302 0.376312 0.135352 0.153172 0.398567 0.376278 0.405474 0.207351 0.205174 0.394580 0.375266 0.147233 0.339354
-9999.0 -9999.0 -9999.0 -9999.0 -9999.0 -9999.0 -9999.0 0.208129 0.228512 0.243851 0.240869 0.269162 0.257928 0.342855 0.277899 0.260907 0.267599 0.335135 0.259262 0.331701 0.267975 0.245852 0.202404 0.233562 0.239141 0.245188 0.331115 0.292899 0.295605 0.249382 0.241906 0.228538 0.144392 0.056420 0.067285 0.000000 0.000000 0.000000 0.000000 0.000000 0.000000 0.000000 0.000000 0.000614 0.018804 0.038629 0.274262 0.085521 0.214831 0.131188 0.278281 0.224571 0.411883 0.032838 0.370902 0.143273 0.145409 0.467258 0.374836 0.400229 0.373054 0.360968 0.107743
-9999.0 -9999.0 -9999.0 -9999.0 0.188068 0.195892 0.192649 0.248970 0.258017 0.259291 0.282432 0.288197 0.277751 0.279155 0.284630 0.276654 0.269142 0.278459 0.270659 0.276304 0.327349 0.224201 0.223535 0.219971 0.223524 0.253296 0.358653 0.250155 0.246817 0.255441 0.249577 0.183686 0.122217 0.000000 0.000000 0.060784 0.000000 0.000000 0.000000 0.000000 0.000000 0.000000 0.000720 0.000653 0.005934 0.241275 0.061118 0.115331 0.106497 0.397828 0.109489 0.381722 0.391281 0.381945 0.360616 0.283441 0.368620 0.368872 0.363945 0.389233 0.540513 0.308926 0.311360
-9999.0 -9999.0 -9999.0 -9999.0 0.212553 0.214699 0.217193 0.263897 0.259413 0.276419 0.288665 0.290034 0.284484 0.287461 0.285478 0.277173 0.287877 0.280903 0.345336 0.268444 0.262650 0.251147 0.230220 0.232973 0.389733 0.253073 0.212672 0.260460 0.258594 0.258187 0.205023 0.199455 0.149925 0.000000 0.000000 0.073635 0.069340 0.000000 0.000000 0.000000 0.000000 0.000000 0.000518 0.000953 0.008985 0.250510 0.224593 0.124258 0.396767 0.390197 0.152691 0.153678 0.449152 0.455692 0.349957 0.147421 0.202277 0.379050 0.358031 0.396571 0.372112 0.298037 0.290128
-9999.0 -9999.0 -9999.0 -9999.0 0.220213 0.232210 0.260055 0.277028 0.292518 0.297023 0.280897 0.320676 0.253925 0.275905 0.284674 0.285666 0.272065 0.280727 0.249773 0.300706 0.237319 0.249466 0.209411 0.233387 0.210280 0.180731 0.203707 0.157957 0.168937 0.160425 0.125570 0.237345 0.181921 0.000000 0.000000 0.078549 0.065866 0.000000 0.000000 0.000000 0.000000 0.000720 0.000419 0.000000 0.001160 0.227973 0.311981 0.351930 0.372870 0.455103 0.179269 0.359244 0.374340 0.425661 0.215926 0.138507 0.389023 0.449139 0.150971 0.376042 0.507251 0.114225 0.387003
-9999.0 -9999.0 -9999.0 -9999.0 0.222842 0.234285 0.271602 0.287598 0.286328 0.279735 0.271909 0.266852 0.249672 0.378818 0.272607 0.273237 0.261775 0.254406 0.247629 0.222869 0.177474 0.182375 0.192143 0.176525 0.152687 0.134023 0.103102 0.000000 0.179205 0.120004 0.000000 0.192750 0.165538 0.137710 0.000000 0.000000 0.000000 0.000000 0.000000 0.000000 0.000763 0.000512 0.000544 0.000802 0.000000 0.000000 0.063727 0.273217 0.102686 0.360985 0.381260 0.420345 0.335355 0.340772 0.342570 0.136508 0.416344 0.415705 0.341242 0.356508 0.340068 0.307519 0.310413
-9999.0 -9999.0 -9999.0 0.215893 0.225402 0.252209 0.280237 0.294930 0.295027 0.284150 0.267893 0.269620 0.273015 0.283905 0.281894 0.275086 0.281518 0.266883 0.251484 0.231450 0.226196 0.000000 0.000000 0.184891 0.161407 0.000000 0.000000 0.000000 0.000000 0.000000 0.000000 0.000000 0.036492 0.126464 0.088104 0.000000 0.000000 0.000000 0.000000 0.000000 0.000774 0.000468 0.000593 0.186628 0.000000 0.007533 0.073901 0.086261 0.085025 0.186475 0.194172 0.166101 0.362391 0.320261 0.051180 0.137817 0.425325 0.329129 0.419310 0.359893 0.150958 0.297968 0.303331
-9999.0 0.220433 0.232753 0.233559 0.267868 0.275007 0.297980 0.289450 0.286683 0.269110 0.244904 0.258220 0.252190 0.267086 0.266517 0.254632 0.000000 0.262881 0.177622 0.210242 0.225016 0.078854 0.000000 0.059998 0.054095 0.000000 0.077535 0.085403 0.089201 0.000000 0.000000 0.000000 0.000000 0.034929 0.028744 0.000000 0.000000 0.000759 0.000000 0.000811 0.000476 0.000578 0.000797 0.004879 0.002929 0.035639 0.016792 0.050366 0.058726 0.147245 0.316663 0.308851 0.323039 0.104230 0.128237 0.361543 0.389517 0.345997 0.321251 0.116352 0.078223 0.340649 0.284576
-9999.0 0.220945 0.224161 0.236611 0.298481 0.299711 0.287580 0.287129 0.292437 0.279172 0.177578 0.231902 0.252617 0.229913 0.244486 0.246561 0.000000 0.237769 0.232860 0.164593 0.000000 0.100171 0.062177 0.116403 0.073522 0.161220 0.143990 0.000000 0.000000 0.000000 0.000000 0.000000 0.000000 0.019529 0.023340 0.000000 0.000000 0.000537 0.000663 0.000551 0.000135 0.000698 0.000816 0.001109 0.005504 0.273273 0.053588 0.279789 0.398601 0.247111 0.367063 0.169566 0.276349 0.092400 0.292275 0.325512 0.273801 0.278348 0.096203 0.369252 0.258739 0.089427 0.280205
-9999.0 0.212989 0.234832 0.266403 0.292927 0.292569 0.296987 0.296148 0.300217 0.285395 0.259715 0.256433 0.257544 0.257997 0.257403 0.237284 0.000000 0.244329 0.242282 0.220616 0.000000 0.000000 0.081355 0.095598 0.093476 0.073183 0.088765 0.064520 0.072446 0.000000 0.000000 0.000000 0.000000 0.000000 0.000000 0.000000 0.000000 0.000689 0.000675 0.000465 0.000759 0.006784 0.000982 0.007030 0.002868 0.030243 0.340876 0.046538 0.399469 0.350495 0.353424 0.159301 0.217189 0.234009 0.242018 0.079195 0.249453 0.258764 0.088272 0.265233 0.301255 0.060312 0.266851
-9999.0 0.231337 0.260154 0.269952 0.279742 0.296120 0.288652 0.292105 0.288622 0.273889 0.235974 0.254922 0.232325 0.219449 0.190544 0.000000 0.000000 0.000000 0.084841 0.097818 0.107015 0.079941 0.089023 0.068832 0.055996 0.049443 0.037878 0.060614 0.029306 0.026910 0.000000 0.069033 0.069211 0.000000 0.000000 0.000000 0.000000 0.000447 0.000000 0.000000 0.000000 0.018279 0.000000 0.000000 0.001752 0.175070 0.307495 0.316869 0.044697 0.246342 0.323070 0.205167 0.239959 0.229293 0.219486 0.221300 0.228219 0.082360 0.287041 0.270222 0.233450 0.204312 0.048651
-9999.0 -9999.0 -9999.0 0.282318 0.297601 0.293743 0.296041 0.266768 0.277547 0.278480 0.248834 0.223083 0.221150 0.198409 0.188880 0.183788 0.000000 0.000000 0.081024 0.000000 0.000000 0.000000 0.054360 0.043282 0.028408 0.024251 0.022524 0.055407 0.045023 0.040623 0.000000 0.018343 0.069019 0.013812 0.009374 0.000000 0.000000 0.001320 0.006888 0.042067 0.016295 0.176869 0.083062 0.176209 0.000000 0.000000 0.047077 0.110535 0.080139 0.256228 0.206725 0.270497 0.249301 0.242095 0.229866 0.218040 0.206255 0.213157 0.228798 0.229975 0.225772 -0.030719 0.222596
-9999.0 -9999.0 -9999.0 0.279268 0.292629 0.295093 0.295070 0.288656 0.290025 0.269154 0.266594 0.250009 0.204961 0.206151 0.185531 0.109408 0.099113 0.000000 0.000000 0.000000 0.000000 0.000000 0.016595 0.019215 0.019690 0.019350 0.016806 0.000000 0.000000 0.000000 0.000000 0.007559 0.015266 0.010319 0.005464 0.000000 0.000000 0.000000 0.142785 0.009763 0.021861 0.018986 0.014206 0.031988 0.000000 0.000000 0.010099 0.146104 0.121938 0.000000 0.216453 0.180853 0.222611 0.211752 0.215664 0.209836 0.205763 0.209820 0.207779 0.229700 0.217241 0.043061 0.040852
