tests/test_sample_run/example/results.pre-meteoio-r1109/output_maps/SWEN0019.asc
ncols         174
nrows         141
xllcorner     744500.000000
yllcorner     5140950.000000
cellsize      250.000000
NODATA_value  -9999.0
[rows 62 to 92 of 141, columns 71 to 141 of 174]
1.249 1.226 1.239 1.272 1.362 1.482 1.616 1.742 1.832 1.929 2.023 2.022 2.124 2.193 2.191 2.086 2.313 2.697 2.837 2.750 2.513 1.873 1.391 0.885 0.812 0.848 1.151 1.168 1.907 2.164 2.080 2.655 3.140 3.946 3.314 3.087 2.940 3.805 3.124 1.320 0.374 0.190 0.274 0.229 0.077 0.000 0.000 0.332 1.343 1.015 1.186 1.716 2.582 3.758 3.144 2.047 1.200 0.113 0.000 0.000 0.005 0.000 0.000 0.180 0.300 0.500 0.511 0.586 0.628 0.990 1.239
1.156 1.226 1.104 1.291 1.347 1.464 1.629 1.726 1.879 2.035 2.128 2.191 2.279 2.375 2.388 2.403 2.645 2.766 2.645 2.549 2.435 1.599 1.088 0.256 0.254 0.863 1.980 1.560 1.908 2.753 3.163 3.288 3.805 4.098 3.848 3.604 3.756 4.131 3.211 1.440 0.486 0.019 0.000 0.000 0.000 0.000 0.000 0.002 0.273 0.055 0.214 1.211 2.464 3.645 3.479 2.491 1.409 0.199 0.000 0.000 0.000 0.000 0.000 0.000 0.000 0.000 0.000 0.000 0.006 0.484 0.832
0.992 1.089 0.892 1.101 1.176 1.461 1.645 1.639 1.647 1.834 2.083 2.284 2.410 2.502 2.618 2.675 2.606 2.423 2.322 1.966 1.849 1.238 0.805 0.404 0.935 1.445 1.665 2.805 2.823 3.112 3.533 3.866 4.169 3.930 4.111 4.174 4.306 4.278 3.553 1.895 1.458 0.747 0.443 0.000 0.000 0.000 0.000 0.000 0.000 0.000 0.000 1.033 2.194 3.032 3.679 2.591 1.662 0.555 0.016 0.000 0.000 0.000 0.000 0.000 0.000 0.000 0.000 0.000 0.000 0.371 1.166
0.668 0.633 0.605 0.661 0.848 1.328 1.496 1.441 1.454 1.679 1.889 2.125 2.459 2.548 2.603 2.635 2.556 2.332 2.069 1.699 1.375 0.986 1.634 1.609 1.700 2.190 2.608 3.322 3.363 3.772 4.062 4.090 3.690 3.302 4.093 4.391 4.312 4.267 4.494 3.812 2.897 1.820 1.417 0.812 0.170 0.000 0.000 0.000 0.000 0.000 0.000 1.621 0.846 1.080 2.982 3.479 2.238 1.189 0.509 0.000 0.000 0.000 0.000 0.000 0.000 0.000 0.000 0.102 0.147 0.643 1.451
0.626 0.483 0.496 0.562 0.778 1.034 1.184 1.104 1.268 1.522 1.762 2.118 2.232 2.658 2.574 2.554 2.702 2.567 2.365 1.914 1.862 1.290 1.857 2.531 2.512 3.008 3.282 3.956 4.101 3.861 3.621 3.283 2.582 3.216 3.974 4.502 3.989 3.684 4.049 4.291 4.356 3.519 2.774 0.932 0.651 0.000 0.000 0.000 0.000 0.000 0.429 0.518 0.156 0.194 1.666 3.630 2.860 1.327 0.483 0.325 0.000 0.000 0.000 0.000 0.000 0.000 0.000 0.328 0.710 1.495 1.971
0.818 0.371 0.242 0.442 0.703 0.667 0.792 0.657 0.735 1.066 1.347 1.940 2.216 2.499 2.860 2.712 2.797 2.875 2.798 2.730 2.576 2.510 2.837 3.214 3.411 3.777 3.931 3.689 3.586 3.435 2.364 2.117 0.975 2.904 4.433 4.336 3.361 2.601 2.960 3.633 3.858 4.215 2.948 0.518 0.323 0.000 0.000 0.002 0.000 0.000 0.285 0.000 0.000 0.541 2.284 3.509 3.070 2.255 1.469 0.274 0.000 0.000 0.004 0.000 0.000 0.000 0.249 0.976 1.644 1.400 0.828
0.696 0.165 0.037 0.338 0.488 0.367 0.459 0.460 0.471 0.876 1.248 1.876 2.233 2.458 2.936 2.882 2.881 3.064 3.048 2.926 3.075 3.566 3.755 3.429 3.737 3.726 3.588 3.382 2.684 2.014 0.692 1.015 0.579 2.862 4.403 4.254 3.152 1.627 1.367 2.286 2.281 3.024 2.924 0.519 0.155 0.000 0.000 0.000 0.000 0.000 0.000 0.000 0.000 0.098 1.840 3.493 2.938 1.182 0.391 0.000 0.000 0.000 0.000 0.000 0.000 0.054 0.302 0.976 0.350 0.044 0.289
0.955 0.524 0.126 0.182 0.322 0.263 0.328 0.692 0.430 0.735 0.792 1.484 2.208 2.504 3.014 2.906 3.140 3.147 3.272 3.560 3.225 2.335 3.145 2.358 3.396 3.628 3.693 1.898 0.813 0.142 0.000 0.000 0.531 2.920 4.096 4.396 2.722 0.362 0.149 0.576 0.346 0.769 1.917 2.001 0.700 0.000 0.000 0.000 0.000 0.000 0.000 0.000 0.000 0.000 1.783 3.539 2.635 0.302 0.000 0.000 0.000 0.000 0.000 0.000 0.000 0.000 0.000 0.000 0.000 0.000 0.000
0.859 0.440 0.307 0.433 0.532 0.608 0.724 0.806 0.841 0.686 0.943 1.532 2.240 2.544 3.114 3.033 3.214 3.373 3.433 2.798 2.321 1.229 1.982 2.262 3.155 2.477 2.942 2.131 0.664 0.000 0.000 0.000 0.004 1.914 3.507 4.466 2.194 0.187 0.000 0.000 0.000 0.031 0.695 1.293 1.398 0.318 0.023 0.000 0.000 0.000 0.000 0.000 0.000 1.092 2.610 3.685 2.084 0.218 0.000 0.000 0.000 0.000 0.000 0.000 0.000 0.000 -9999.000 -9999.000 -9999.000 0.000 -9999.000
0.712 0.348 0.219 0.377 0.472 0.352 0.311 0.259 0.643 1.713 1.923 2.328 2.438 2.627 3.203 3.214 3.351 3.493 3.246 1.838 0.836 0.036 0.000 1.998 0.971 0.320 0.775 2.673 0.868 0.000 0.000 0.000 0.000 1.224 2.623 3.815 1.668 0.057 0.000 0.000 0.000 0.000 0.107 0.576 0.766 0.676 0.356 0.000 0.000 0.002 0.000 0.000 0.000 0.969 2.934 3.479 2.606 1.131 0.423 0.016 0.000 0.000 0.000 0.000 0.000 -9999.000 -9999.000 -9999.000 -9999.000 -9999.000 -9999.000
0.516 0.281 0.210 0.381 0.287 0.194 0.158 0.166 0.607 1.553 2.664 2.628 2.653 2.923 3.285 3.231 3.407 3.596 2.862 1.355 0.343 0.000 0.000 0.465 0.272 0.013 0.254 1.676 1.153 0.000 0.000 0.000 0.000 0.410 1.627 2.982 1.925 0.798 0.568 0.000 0.000 0.000 0.000 0.282 0.328 0.273 0.106 0.000 0.000 0.000 0.000 0.000 0.000 1.079 2.961 3.327 2.640 1.638 0.973 0.098 0.000 0.000 0.000 0.000 -9999.000 -9999.000 -9999.000 -9999.000 -9999.000 -9999.000 -9999.000
0.184 0.150 0.240 0.248 0.133 0.000 0.000 0.035 0.473 1.496 2.346 2.855 3.051 3.183 3.364 3.215 3.537 3.620 2.722 0.965 0.277 0.000 0.000 0.000 0.000 0.000 0.000 0.650 0.140 0.000 0.000 0.000 0.000 0.000 1.142 1.492 1.087 0.588 0.267 0.041 0.000 0.000 0.000 0.000 0.000 0.000 0.000 0.000 0.000 0.000 0.000 0.000 0.000 1.493 2.984 3.416 2.897 1.911 1.178 0.981 0.534 0.198 0.000 0.000 -9999.000 -9999.000 -9999.000 -9999.000 -9999.000 -9999.000 -9999.000
0.045 0.145 0.229 0.062 0.000 0.000 0.000 0.021 0.681 1.688 2.543 2.851 3.026 3.259 3.389 3.366 3.411 3.701 2.205 0.670 0.243 0.000 0.000 0.000 0.000 0.000 0.000 0.202 0.000 0.000 0.000 0.000 0.000 0.073 0.432 0.715 0.199 0.151 0.000 0.000 0.000 0.000 0.000 0.000 0.000 0.000 0.000 0.000 0.000 0.000 0.000 0.000 0.006 1.686 2.649 3.386 3.026 2.296 1.960 0.866 0.586 0.142 0.000 0.000 -9999.000 -9999.000 -9999.000 -9999.000 -9999.000 -9999.000 -9999.000
0.031 0.079 0.000 0.000 0.000 0.000 0.000 0.474 0.831 1.782 2.657 2.993 3.136 3.383 3.497 3.580 3.410 2.858 1.948 0.773 0.066 0.420 0.000 0.000 0.000 0.000 0.000 0.000 0.000 0.000 0.000 0.000 0.000 0.000 0.000 0.015 0.000 0.000 0.000 0.000 0.000 0.000 0.000 0.000 0.000 0.000 0.000 0.000 0.000 0.000 0.000 0.031 0.670 1.522 2.097 3.252 3.235 2.069 1.055 0.000 0.000 0.000 0.000 -9999.000 -9999.000 -9999.000 -9999.000 -9999.000 -9999.000 -9999.000 -9999.000
0.019 0.000 0.000 0.000 0.000 0.000 0.238 0.925 1.394 2.276 2.803 3.050 3.225 3.465 3.583 3.708 3.602 3.216 2.728 1.619 1.099 1.159 0.863 0.071 0.415 0.218 0.000 0.000 0.000 0.000 0.000 0.000 0.000 0.000 0.000 0.000 0.000 0.000 0.000 0.000 0.000 0.000 0.000 0.000 0.000 0.000 0.000 0.000 0.000 0.000 0.000 0.625 0.955 1.893 2.848 3.161 3.171 1.804 0.523 0.000 0.000 0.000 0.000 -9999.000 -9999.000 -9999.000 -9999.000 -9999.000 -9999.000 -9999.000 -9999.000
0.000 0.000 0.000 0.000 0.000 0.190 0.816 1.501 2.013 2.550 2.868 3.064 3.388 3.547 3.632 3.702 3.788 3.958 4.045 4.048 3.724 3.549 2.960 1.762 1.569 0.723 0.210 0.000 0.000 0.000 0.000 0.000 0.000 0.000 0.000 0.000 0.000 0.000 0.000 0.000 0.000 0.000 0.000 0.000 0.000 0.000 0.000 0.000 0.000 0.215 0.512 1.179 1.963 2.125 2.628 3.207 3.236 1.981 0.917 0.219 0.000 0.000 0.000 -9999.000 -9999.000 -9999.000 -9999.000 -9999.000 -9999.000 -9999.000 -9999.000
0.000 0.000 0.000 0.000 0.018 0.862 1.188 1.878 2.457 2.843 3.030 3.280 3.491 3.597 3.702 3.761 3.766 3.695 3.176 2.170 3.178 1.580 1.727 2.636 1.789 0.348 0.000 0.000 0.000 0.000 0.000 0.000 0.000 0.000 0.000 0.000 0.000 0.000 0.000 0.000 0.000 0.000 0.000 0.000 0.000 0.000 0.000 0.000 0.000 0.550 0.952 1.153 1.134 2.248 2.762 3.289 3.307 2.176 1.131 0.404 0.127 0.000 0.039 -9999.000 -9999.000 -9999.000 -9999.000 -9999.000 -9999.000 -9999.000 -9999.000
0.000 0.000 0.000 0.000 0.105 0.752 1.087 1.635 2.010 2.708 3.113 3.384 3.524 3.645 3.747 3.864 3.980 3.942 3.636 3.089 3.148 1.823 1.155 1.563 1.426 0.345 0.183 0.000 0.000 0.000 0.000 0.000 0.000 0.000 0.000 0.000 0.000 0.000 0.000 0.000 0.000 0.000 0.000 0.000 0.000 0.000 0.000 0.000 0.000 0.247 0.000 0.014 0.575 1.980 2.879 3.128 3.238 3.189 2.079 1.051 0.750 0.558 0.694 -9999.000 -9999.000 -9999.000 -9999.000 -9999.000 -9999.000 -9999.000 -9999.000
0.000 0.000 0.000 0.000 0.065 0.296 0.824 1.648 2.442 2.930 3.158 3.392 3.566 3.627 3.704 3.882 4.029 4.208 4.114 3.591 3.450 2.277 1.689 1.805 1.897 0.895 0.377 0.000 0.000 0.000 0.000 0.000 0.000 0.000 0.000 0.000 0.000 0.000 0.000 0.205 0.157 0.198 0.060 0.114 0.000 0.000 0.000 0.000 0.000 0.000 0.000 0.555 1.077 2.323 2.669 3.050 3.196 3.135 2.930 1.942 1.824 1.664 1.609 -9999.000 -9999.000 -9999.000 -9999.000 -9999.000 -9999.000 -9999.000 -9999.000
0.000 0.000 0.000 0.000 0.000 0.166 0.546 1.384 2.017 2.599 3.041 3.420 3.555 3.610 3.811 3.955 4.052 4.273 4.473 4.269 3.771 3.098 2.691 2.548 2.758 1.578 0.816 0.252 0.143 0.130 0.514 0.091 0.000 0.000 0.000 0.000 0.000 0.502 1.239 1.228 1.025 1.288 0.808 1.021 0.000 0.000 0.323 0.000 0.000 0.000 0.238 1.013 1.581 2.200 2.143 2.409 2.918 3.143 3.039 2.773 2.468 1.774 1.263 1.280 -9999.000 -9999.000 -9999.000 -9999.000 -9999.000 -9999.000 -9999.000
0.000 0.031 0.166 0.037 0.109 0.228 0.353 1.007 1.855 2.159 2.840 3.517 3.553 3.691 3.823 3.947 4.147 4.322 4.537 4.571 4.268 3.645 3.220 3.864 3.249 1.996 1.272 0.727 0.545 1.028 1.220 0.719 0.533 0.345 0.372 0.759 0.910 1.562 2.232 2.298 1.712 2.266 1.867 1.043 0.578 0.668 0.189 0.000 0.000 0.000 0.394 0.751 1.009 1.603 1.027 1.292 1.851 3.043 2.905 2.547 2.207 1.545 0.950 0.998 -9999.000 -9999.000 -9999.000 -9999.000 -9999.000 -9999.000 -9999.000
0.396 0.587 0.675 0.802 0.621 0.685 0.509 1.149 1.400 2.336 3.270 3.542 3.569 3.564 3.763 3.980 4.190 4.358 4.565 4.671 4.555 4.219 4.035 3.311 3.322 2.651 2.452 2.202 1.569 2.009 2.860 1.804 1.748 1.297 0.679 1.467 2.073 1.709 3.127 4.803 4.233 2.836 3.803 2.813 2.044 1.664 1.164 0.788 0.682 0.175 0.000 0.258 0.327 0.730 0.361 0.715 1.471 2.492 2.597 1.302 1.060 1.778 1.300 0.579 -9999.000 -9999.000 -9999.000 -9999.000 -9999.000 -9999.000 -9999.000
0.544 1.144 0.962 1.280 1.226 0.876 0.569 1.373 1.998 2.785 3.369 3.509 3.443 3.426 3.771 3.920 4.255 4.353 4.585 4.726 4.699 4.925 4.898 4.785 4.223 3.863 3.504 2.123 1.613 2.190 3.743 2.738 1.908 0.909 0.788 2.234 4.725 4.749 5.922 6.070 5.781 5.719 5.166 4.689 4.043 2.516 1.874 1.475 0.984 0.073 0.000 0.000 0.374 0.171 0.091 0.888 1.397 2.280 1.851 0.767 0.887 1.272 1.073 -9999.000 -9999.000 -9999.000 -9999.000 -9999.000 -9999.000 -9999.000 -9999.000
0.490 1.264 1.700 1.976 1.712 1.395 1.606 1.628 1.884 2.615 3.414 3.461 3.584 3.566 3.819 4.000 4.300 4.408 4.655 4.687 4.864 4.507 4.348 3.577 3.970 3.425 2.931 2.044 1.807 2.692 4.040 4.565 3.749 3.838 4.402 5.895 7.568 8.157 7.863 5.876 3.983 2.791 2.461 2.294 3.118 3.742 2.238 1.474 0.796 0.000 0.000 0.000 0.000 0.000 0.267 0.933 1.600 2.138 1.121 0.482 0.417 1.104 0.754 -9999.000 -9999.000 -9999.000 -9999.000 -9999.000 -9999.000 -9999.000 -9999.000
0.713 1.224 1.728 2.171 2.191 2.302 2.329 2.019 2.310 2.809 3.430 3.434 3.648 3.595 3.796 4.136 4.336 4.428 4.582 4.701 4.652 4.182 3.971 3.227 3.311 3.102 3.049 1.846 2.220 3.556 4.805 6.434 5.749 6.290 7.286 8.380 8.180 5.834 4.652 3.188 1.547 1.040 0.973 0.884 1.344 2.768 1.241 0.928 0.772 0.000 0.000 0.000 0.000 0.251 0.475 0.981 1.637 1.712 1.140 0.860 0.396 0.714 0.617 -9999.000 -9999.000 -9999.000 -9999.000 -9999.000 -9999.000 -9999.000 -9999.000
1.325 1.880 2.108 2.336 2.456 2.440 2.638 2.624 2.747 3.160 3.415 3.426 3.629 3.684 3.885 4.097 4.284 4.437 4.640 4.794 4.407 3.562 3.747 3.134 3.661 4.116 4.035 4.246 4.878 5.686 6.273 7.751 7.518 8.099 8.578 6.293 4.648 2.420 2.152 2.058 0.898 0.460 0.113 0.404 0.989 1.990 1.177 1.139 0.884 0.595 0.307 0.029 0.131 0.394 0.841 1.580 1.785 1.157 0.860 0.622 0.321 0.166 0.352 -9999.000 -9999.000 -9999.000 -9999.000 -9999.000 -9999.000 -9999.000 -9999.000
1.648 1.438 1.447 1.902 2.423 2.664 2.756 2.817 3.040 3.236 3.379 3.537 3.674 3.844 4.022 4.159 4.171 4.372 4.639 4.808 4.757 4.199 4.365 4.352 4.772 5.127 5.091 5.556 5.857 6.910 7.754 8.158 8.292 8.335 7.090 4.679 3.103 1.189 0.625 1.956 0.580 0.000 0.604 1.159 1.411 1.784 1.458 0.648 0.463 0.225 0.000 0.000 0.022 0.380 0.851 0.869 1.433 0.952 0.677 0.671 0.221 0.000 0.000 -9999.000 -9999.000 -9999.000 -9999.000 -9999.000 -9999.000 -9999.000 -9999.000
0.655 0.682 0.892 1.314 1.630 2.240 2.725 2.891 3.061 3.199 3.360 3.434 3.579 3.775 3.916 4.110 4.378 4.521 4.580 4.715 4.925 4.794 5.165 5.320 5.574 5.627 6.234 6.573 7.374 7.348 6.944 6.183 5.077 5.658 5.202 2.202 1.006 0.075 0.000 0.718 0.419 0.000 0.000 0.165 0.469 1.299 0.721 0.000 0.000 0.000 0.000 0.000 0.000 0.168 0.240 0.554 0.886 0.660 0.473 0.412 0.274 0.000 0.000 -9999.000 -9999.000 -9999.000 -9999.000 -9999.000 -9999.000 -9999.000 -9999.000
0.406 0.586 0.692 1.149 1.543 2.002 2.331 2.780 3.023 3.187 3.276 3.329 3.531 3.711 3.858 4.071 4.076 4.298 4.757 4.812 4.960 5.309 5.717 5.748 5.878 6.408 6.658 6.933 6.515 5.590 4.832 4.076 4.129 3.763 4.192 2.078 1.037 0.000 0.000 0.000 0.120 0.000 0.000 0.000 0.000 0.955 0.781 0.000 0.000 0.000 0.000 0.000 0.000 0.111 0.217 0.381 0.608 0.549 0.379 0.306 0.319 0.000 -9999.000 -9999.000 -9999.000 -9999.000 -9999.000 -9999.000 -9999.000 -9999.000 -9999.000
0.423 0.806 0.844 1.258 1.486 2.162 2.511 2.765 3.003 3.108 3.191 3.316 3.507 3.656 3.729 3.786 3.933 4.054 4.367 4.904 5.227 5.228 4.751 4.039 3.448 3.745 4.439 5.868 6.057 4.714 3.560 2.681 2.475 1.942 1.913 1.439 0.590 0.422 0.915 0.445 0.000 0.000 0.000 0.000 0.000 0.236 -9999.000 -9999.000 -9999.000 -9999.000 -9999.000 -9999.000 -9999.000 0.000 0.000 0.000 0.064 0.043 0.127 0.143 0.161 -9999.000 -9999.000 -9999.000 -9999.000 -9999.000 -9999.000 -9999.000 -9999.000 -9999.000 -9999.000
0.481 0.933 1.012 1.357 1.555 2.124 2.438 2.719 2.949 3.047 3.184 3.273 3.461 3.578 3.593 3.711 3.876 3.937 4.151 4.523 4.864 4.687 4.230 3.104 1.961 1.265 1.991 5.249 6.271 5.048 3.766 3.477 3.617 1.912 1.489 1.165 1.356 1.745 1.164 0.000 0.000 0.000 -9999.000 -9999.000 -9999.000 -9999.000 -9999.000 -9999.000 -9999.000 -9999.000 -9999.000 -9999.000 -9999.000 -9999.000 -9999.000 0.000 0.000 0.000 0.000 0.031 -9999.000 -9999.000 -9999.000 -9999.000 -9999.000 -9999.000 -9999.000 -9999.000 -9999.000 -9999.000 -9999.000
