tests/test_sample_run/Mazia/input_maps/slope.asc
ncols         63
nrows         48
xllcorner     598000.000000
yllcorner     5145000.000000
cellsize      1000.000000
NODATA_value  -9999.0
[rows 0 to 27 of 48, columns 0 to 61 of 63]
-9999.0 -9999.0 -9999.0 -9999.0 -9999.0 -9999.0 -9999.0 -9999.0 -9999.0 -9999.0 -9999.0 -9999.0 -9999.0 -9999.0 -9999.0 -9999.0 -9999.0 -9999.0 -9999.0 -9999.0 -9999.0 -9999.0 -9999.0 -9999.0 -9999.0 -9999.0 -9999.0 -9999.0 -9999.0 -9999.0 -9999.0 -9999.0 -9999.0 -9999.0 -9999.0 -9999.0 -9999.0 -9999.0 -9999.0 -9999.0 -9999.0 -9999.0 -9999.0 -9999.0 -9999.0 -9999.0 -9999.0 -9999.0 -9999.0 -9999.0 -9999.0 -9999.0 -9999.0 -9999.0 -9999.0 -9999.0 -9999.0 -9999.0 -9999.0 -9999.0 -9999.0 -9999.0
-9999.0 -9999.0 -9999.0 -9999.0 -9999.0 -9999.0 -9999.0 -9999.0 -9999.0 -9999.0 -9999.0 -9999.0 -9999.0 -9999.0 -9999.0 -9999.0 -9999.0 -9999.0 -9999.0 -9999.0 -9999.0 -9999.0 -9999.0 -9999.0 -9999.0 -9999.0 -9999.0 12.154715 12.044363 13.710937 7.694537 13.166835 15.602957 -9999.0 -9999.0 -9999.0 -9999.0 -9999.0 -9999.0 -9999.0 -9999.0 -9999.0 -9999.0 -9999.0 -9999.0 -9999.0 -9999.0 -9999.0 -9999.0 -9999.0 -9999.0 -9999.0 -9999.0 -9999.0 -9999.0 -9999.0 -9999.0 -9999.0 -9999.0 -9999.0 -9999.0 -9999.0
-9999.0 -9999.0 -9999.0 -9999.0 -9999.0 -9999.0 -9999.0 -9999.0 -9999.0 -9999.0 -9999.0 -9999.0 -9999.0 -9999.0 -9999.0 -9999.0 -9999.0 -9999.0 -9999.0 -9999.0 -9999.0 -9999.0 -9999.0 -9999.0 8.337894 14.641164 16.499744 17.432731 15.457621 13.367067 12.987992 -9999.0 -9999.0 -9999.0 -9999.0 -9999.0 -9999.0 -9999.0 -9999.0 -9999.0 -9999.0 -9999.0 -9999.0 -9999.0 -9999.0 -9999.0 -9999.0 -9999.0 -9999.0 -9999.0 -9999.0 -9999.0 -9999.0 -9999.0 -9999.0 -9999.0 -9999.0 -9999.0 -9999.0 -9999.0 -9999.0 -9999.0
-9999.0 -9999.0 -9999.0 -9999.0 -9999.0 -9999.0 -9999.0 -9999.0 -9999.0 -9999.0 -9999.0 -9999.0 -9999.0 -9999.0 -9999.0 -9999.0 -9999.0 -9999.0 -9999.0 -9999.0 -9999.0 -9999.0 -9999.0 14.911959 16.656482 20.053821 18.532080 19.199730 21.555756 20.417602 19.313422 13.864438 -9999.0 -9999.0 -9999.0 -9999.0 -9999.0 -9999.0 -9999.0 -9999.0 -9999.0 -9999.0 -9999.0 -9999.0 -9999.0 -9999.0 -9999.0 -9999.0 -9999.0 -9999.0 -9999.0 -9999.0 -9999.0 -9999.0 -9999.0 -9999.0 -9999.0 -9999.0 -9999.0 -9999.0 -9999.0 -9999.0
-9999.0 -9999.0 -9999.0 -9999.0 -9999.0 -9999.0 -9999.0 -9999.0 -9999.0 -9999.0 -9999.0 -9999.0 -9999.0 -9999.0 -9999.0 -9999.0 -9999.0 -9999.0 24.415589 29.771029 -9999.0 10.511010 13.588632 19.769634 20.970520 24.635670 20.266187 21.478270 20.078063 22.450818 21.411190 15.512375 24.326677 32.375723 -9999.0 -9999.0 -9999.0 -9999.0 -9999.0 -9999.0 -9999.0 -9999.0 -9999.0 -9999.0 -9999.0 -9999.0 -9999.0 -9999.0 -9999.0 -9999.0 -9999.0 -9999.0 -9999.0 -9999.0 -9999.0 -9999.0 -9999.0 -9999.0 -9999.0 -9999.0 -9999.0 -9999.0
-9999.0 -9999.0 -9999.0 -9999.0 -9999.0 -9999.0 -9999.0 -9999.0 -9999.0 -9999.0 -9999.0 -9999.0 -9999.0 -9999.0 -9999.0 -9999.0 -9999.0 14.405189 21.611116 25.048812 26.420097 15.524414 19.588327 21.162596 22.644532 19.192932 21.336604 17.441584 19.483104 24.460280 18.234011 15.586986 22.428454 20.435054 15.582553 8.375687 -9999.0 -9999.0 -9999.0 -9999.0 -9999.0 -9999.0 -9999.0 -9999.0 -9999.0 -9999.0 -9999.0 -9999.0 -9999.0 -9999.0 -9999.0 -9999.0 -9999.0 -9999.0 -9999.0 -9999.0 -9999.0 -9999.0 -9999.0 -9999.0 -9999.0 -9999.0
-9999.0 -9999.0 -9999.0 -9999.0 -9999.0 -9999.0 -9999.0 -9999.0 -9999.0 -9999.0 -9999.0 -9999.0 -9999.0 17.452111 20.605939 17.472343 11.403955 6.834054 17.283976 31.492071 24.286130 21.301827 17.646054 21.562030 19.478257 24.033529 18.302834 13.384282 21.001216 21.152450 21.051567 24.738929 14.323018 22.160936 19.089972 21.958826 -9999.0 -9999.0 -9999.0 -9999.0 -9999.0 -9999.0 -9999.0 -9999.0 -9999.0 -9999.0 -9999.0 -9999.0 -9999.0 -9999.0 -9999.0 -9999.0 -9999.0 -9999.0 -9999.0 -9999.0 -9999.0 -9999.0 -9999.0 -9999.0 -9999.0 -9999.0
-9999.0 -9999.0 -9999.0 -9999.0 -9999.0 -9999.0 -9999.0 -9999.0 -9999.0 -9999.0 -9999.0 -9999.0 -9999.0 12.939414 17.836224 11.081251 14.034530 11.369010 4.369654 15.595914 24.776183 28.621979 20.784949 17.214540 13.305939 18.435197 23.453348 15.190000 16.171244 19.925729 21.835076 24.843160 19.772747 23.465537 14.878388 -9999.0 -9999.0 -9999.0 -9999.0 -9999.0 -9999.0 -9999.0 -9999.0 -9999.0 -9999.0 -9999.0 -9999.0 -9999.0 -9999.0 -9999.0 -9999.0 -9999.0 -9999.0 -9999.0 -9999.0 -9999.0 -9999.0 -9999.0 -9999.0 -9999.0 -9999.0 -9999.0
-9999.0 -9999.0 -9999.0 -9999.0 -9999.0 -9999.0 -9999.0 -9999.0 -9999.0 -9999.0 -9999.0 -9999.0 -9999.0 20.207429 21.198891 15.616105 14.605782 15.893605 11.087188 8.539022 20.587013 29.891086 20.639086 18.420492 12.630566 13.277408 15.587188 16.266781 17.274497 20.007424 25.667803 25.464661 19.664598 23.801149 14.631893 -9999.0 -9999.0 -9999.0 -9999.0 -9999.0 -9999.0 -9999.0 -9999.0 -9999.0 -9999.0 -9999.0 -9999.0 -9999.0 -9999.0 -9999.0 -9999.0 -9999.0 -9999.0 -9999.0 -9999.0 -9999.0 -9999.0 -9999.0 -9999.0 -9999.0 -9999.0 -9999.0
-9999.0 -9999.0 -9999.0 -9999.0 -9999.0 -9999.0 -9999.0 -9999.0 -9999.0 -9999.0 -9999.0 -9999.0 16.477373 22.749061 15.721174 15.877064 17.957746 19.708580 16.621416 14.440523 28.229929 30.650636 13.313549 18.888661 24.381898 28.909076 27.147398 19.765640 19.747066 19.094837 22.436498 17.211506 25.961267 25.624512 -9999.0 -9999.0 -9999.0 -9999.0 -9999.0 -9999.0 -9999.0 -9999.0 -9999.0 -9999.0 -9999.0 -9999.0 -9999.0 -9999.0 -9999.0 -9999.0 -9999.0 -9999.0 -9999.0 -9999.0 -9999.0 -9999.0 -9999.0 -9999.0 -9999.0 -9999.0 -9999.0 -9999.0
-9999.0 -9999.0 -9999.0 -9999.0 -9999.0 -9999.0 -9999.0 -9999.0 -9999.0 -9999.0 -9999.0 9.803435 15.588227 21.159380 15.752884 12.908551 20.075057 25.024993 11.796108 12.663927 20.256937 21.893823 13.826607 19.560623 18.743411 16.400503 25.688096 12.497130 30.019176 31.612227 19.468923 26.565872 15.544967 18.885574 14.579523 14.949022 16.407871 16.293898 19.008291 -9999.0 -9999.0 -9999.0 16.017866 -9999.0 -9999.0 -9999.0 -9999.0 -9999.0 -9999.0 -9999.0 -9999.0 -9999.0 -9999.0 -9999.0 -9999.0 -9999.0 -9999.0 -9999.0 -9999.0 -9999.0 -9999.0 -9999.0
-9999.0 -9999.0 -9999.0 -9999.0 -9999.0 -9999.0 -9999.0 -9999.0 -9999.0 -9999.0 -9999.0 23.843055 14.929448 14.863544 14.155347 23.793058 23.392668 23.261468 20.628675 8.487701 19.963860 20.464421 12.659693 11.536999 17.179592 10.110796 18.489216 16.842021 16.250408 28.358170 24.259686 26.653243 25.454740 7.147878 24.024538 19.538294 21.919818 17.191764 23.965486 16.715962 22.401556 23.663582 25.988971 13.362946 -9999.0 -9999.0 -9999.0 26.242034 20.449785 19.316292 20.266910 22.136540 20.166071 28.525791 24.474518 20.090874 -9999.0 -9999.0 -9999.0 -9999.0 -9999.0 -9999.0
-9999.0 -9999.0 -9999.0 -9999.0 -9999.0 -9999.0 -9999.0 -9999.0 -9999.0 -9999.0 -9999.0 11.613051 22.906185 20.120623 9.997001 19.084949 21.504960 21.048611 9.826420 14.608483 16.591448 20.888572 26.543083 11.607617 14.704260 26.333151 21.123851 29.215350 21.944560 17.406320 19.420907 23.399128 18.737549 23.692628 14.204046 21.913534 16.356428 15.650826 25.642389 27.622326 20.673487 24.559425 22.643119 17.763581 20.263788 -9999.0 14.504528 21.017453 20.690894 21.580770 25.007924 24.958560 25.482988 25.426119 20.654532 17.989851 -9999.0 -9999.0 -9999.0 -9999.0 -9999.0 -9999.0
-9999.0 -9999.0 -9999.0 -9999.0 -9999.0 -9999.0 -9999.0 -9999.0 -9999.0 -9999.0 -9999.0 -9999.0 12.567199 12.704932 17.556855 11.761847 20.433328 22.501574 12.956011 17.263582 16.163086 10.596031 16.202864 22.818165 19.950439 22.146784 24.546488 21.969381 9.790200 14.261087 18.940818 20.801501 13.675299 11.285547 17.725759 16.014057 19.004423 14.072903 30.711627 31.933490 12.181305 26.097853 21.417084 22.031390 23.533248 16.642460 20.787363 18.202167 21.695035 21.348311 25.761591 24.646562 21.230393 23.163049 24.067449 21.197571 14.197303 -9999.0 -9999.0 -9999.0 -9999.0 -9999.0
-9999.0 -9999.0 -9999.0 -9999.0 -9999.0 -9999.0 -9999.0 -9999.0 -9999.0 -9999.0 -9999.0 16.947425 16.930173 12.316113 15.316127 15.374419 13.843048 21.014682 12.984926 12.872746 12.901944 12.644626 21.060192 27.437683 19.100806 21.401429 20.966811 20.895059 19.867126 18.536862 22.173196 13.650113 19.943732 20.521929 22.441961 12.818698 20.414596 21.891103 23.327487 23.020632 22.440040 25.179366 18.811552 21.738909 27.023251 26.502328 14.184755 20.783146 23.726718 28.766440 24.481322 20.809610 19.835196 22.234510 17.610321 21.086519 13.488568 -9999.0 -9999.0 -9999.0 -9999.0 -9999.0
-9999.0 -9999.0 -9999.0 -9999.0 -9999.0 -9999.0 -9999.0 -9999.0 -9999.0 -9999.0 19.146159 13.009023 17.422495 13.603624 17.684804 17.272140 15.276843 29.429669 18.552577 7.361455 8.707672 21.108510 23.885338 20.114055 17.093798 29.214445 23.072064 18.831379 22.107149 22.473080 23.678164 17.399054 22.943635 23.699522 24.364904 19.889833 14.694669 13.446981 19.526729 23.210945 26.411529 26.591167 27.290658 17.509715 28.700260 32.813504 18.881330 27.828718 26.258572 36.903675 30.800121 14.239989 16.575483 16.724927 15.571493 16.603477 23.978732 -9999.0 -9999.0 -9999.0 -9999.0 -9999.0
-9999.0 -9999.0 -9999.0 -9999.0 -9999.0 -9999.0 -9999.0 -9999.0 -9999.0 13.313696 16.644387 12.299855 25.578187 22.296816 11.767947 11.691508 22.305619 23.493372 18.747866 8.013266 14.455642 22.737769 18.087592 22.754431 24.881954 24.560171 27.826756 24.551738 25.057544 18.988290 29.650237 26.344249 27.622021 18.664076 18.576419 17.393935 20.651834 7.372149 19.366468 18.744884 18.500101 24.167477 32.580574 29.794518 20.698948 31.177148 28.967061 29.034857 24.943389 31.539874 32.607433 23.806713 18.361104 18.792365 20.893952 16.539266 17.657867 24.942353 23.323923 -9999.0 -9999.0 -9999.0
-9999.0 -9999.0 -9999.0 -9999.0 -9999.0 -9999.0 -9999.0 -9999.0 -9999.0 15.678192 10.930719 23.465162 31.697097 21.930888 20.235364 16.749797 17.976265 25.258306 16.948756 6.520867 7.641373 21.078719 24.390966 20.472602 22.163562 24.062358 25.035257 25.159477 26.959196 28.377772 22.373704 19.069800 18.022255 19.034418 17.197579 26.721385 19.620093 16.272508 22.869647 19.600133 25.354633 24.453501 27.300976 25.432907 23.768949 31.260682 32.063634 26.410190 29.801755 37.371305 32.151127 32.048583 17.363067 13.804387 19.315754 11.020928 12.542860 28.076278 31.542473 -9999.0 -9999.0 -9999.0
-9999.0 -9999.0 -9999.0 -9999.0 -9999.0 -9999.0 -9999.0 -9999.0 -9999.0 -9999.0 10.573598 19.696859 20.416333 22.525503 20.819640 20.331572 18.838626 23.516334 13.133178 6.436299 14.703936 20.754723 19.913146 16.528772 24.083276 25.149205 23.176822 28.552408 23.443554 26.376615 20.036709 28.769659 19.018755 17.802974 18.224098 18.858812 19.751717 24.521442 24.912225 16.227137 30.999627 23.570588 29.994020 23.966125 23.300186 18.648593 18.924693 24.839833 36.225559 31.522654 25.483152 25.251130 24.852244 11.028075 13.683482 19.958505 29.272849 35.936815 31.007141 28.543600 -9999.0 -9999.0
-9999.0 -9999.0 -9999.0 -9999.0 -9999.0 -9999.0 -9999.0 -9999.0 -9999.0 -9999.0 12.663059 13.051794 21.097159 21.373360 24.143382 19.480879 23.778386 22.361926 12.932222 19.727952 23.261975 25.487847 28.260862 24.162651 21.012999 23.284225 23.733199 24.211556 25.408328 31.260310 18.621452 19.226213 18.202203 20.045729 20.942407 28.297208 23.205979 15.707282 22.118577 18.131683 16.692582 13.892865 21.245110 21.279715 19.390807 16.914484 22.154508 26.527368 18.654115 22.944941 28.596747 25.843639 22.655874 17.804375 22.598472 27.328891 30.057342 34.231246 30.629868 23.726225 -9999.0 -9999.0
-9999.0 -9999.0 -9999.0 -9999.0 -9999.0 -9999.0 -9999.0 -9999.0 20.995914 22.102576 24.420614 21.796816 17.192619 11.691982 21.028318 21.587508 23.211440 20.413295 13.719256 7.034187 17.612077 22.689486 23.957822 25.276640 20.805309 23.539993 19.045438 26.030810 17.323068 17.302522 22.459055 18.876492 8.842798 15.539123 14.997932 32.721448 19.804869 27.598932 25.747773 22.866810 15.308556 23.134810 17.000900 24.163921 24.567646 26.650753 24.538417 25.280354 29.324973 29.370172 21.038921 22.048277 23.548048 16.514393 29.075262 30.464321 24.576534 30.456519 33.317142 25.278321 -9999.0 -9999.0
-9999.0 -9999.0 -9999.0 -9999.0 -9999.0 -9999.0 -9999.0 -9999.0 20.784101 16.251278 17.613924 18.437289 23.599522 29.120958 19.486699 19.955962 9.586740 19.931803 15.460359 7.512348 9.478095 17.187891 21.724282 24.841524 20.361659 19.451927 20.781966 24.617404 20.165039 11.921902 11.687743 22.612984 9.745526 14.345288 8.370026 20.633157 19.537199 23.527488 22.045061 17.693231 9.903502 27.280757 13.733275 18.697311 22.807478 15.783958 18.948843 22.739342 32.063928 22.833021 30.869483 27.682792 20.554367 24.838855 35.280730 32.026371 33.725453 31.281860 31.097920 14.230609 2.392615 -9999.0
-9999.0 -9999.0 -9999.0 -9999.0 -9999.0 -9999.0 -9999.0 -9999.0 24.783502 21.749528 20.156355 17.317769 16.574339 20.153061 18.592660 26.683447 32.897704 22.764933 15.471733 6.831192 5.031832 6.452606 14.925147 18.420151 19.074232 18.132611 23.492282 25.211304 27.957032 17.166729 22.701491 21.749345 20.232338 22.591246 12.302030 22.120752 12.678962 25.505770 20.899843 16.059625 8.941046 12.312601 12.765920 16.465601 13.650048 12.537241 20.834817 16.415936 28.720297 35.839761 36.613165 29.777419 29.390066 34.098647 31.789096 24.590324 30.164451 27.626960 15.354296 1.533721 11.355062 -9999.0
-9999.0 -9999.0 -9999.0 -9999.0 -9999.0 -9999.0 -9999.0 -9999.0 26.773383 23.157545 28.219537 29.916142 16.736072 22.273264 23.047201 29.337828 23.712600 24.926930 31.546604 13.410331 7.290269 1.710266 5.148615 15.070313 20.624752 21.123620 21.665490 18.947833 24.781737 25.943289 16.993590 14.864721 28.126853 27.967629 17.290432 24.884494 26.655712 30.199017 26.145698 21.749176 22.814412 18.743324 18.628245 27.709905 16.972178 19.190266 20.071916 20.947707 33.657018 34.335115 34.183584 32.669003 28.715817 34.739540 25.878566 21.007600 16.045916 10.201017 2.710359 9.102450 23.068283 23.878659
-9999.0 -9999.0 -9999.0 -9999.0 -9999.0 -9999.0 -9999.0 -9999.0 31.261469 26.137162 24.173220 25.023256 21.619686 21.792242 22.711939 17.583814 31.319141 30.037362 31.012126 22.769148 18.769870 7.178732 0.999710 12.189233 24.099851 27.744637 30.119497 18.763129 25.905029 22.821565 20.479179 18.731714 27.033341 19.319580 25.460903 22.327640 26.397017 25.574117 21.917938 22.796982 27.827868 27.178733 28.027658 27.226309 25.986922 22.183275 28.482350 28.378762 36.472835 32.588935 23.301078 23.010629 15.384897 21.319887 11.382295 7.521541 4.159228 2.399561 11.397998 19.629824 23.791685 20.324574
-9999.0 -9999.0 13.259501 8.879191 5.410795 14.756901 12.892617 16.183739 18.423297 17.331794 22.776477 23.932510 13.000445 16.632752 19.928335 35.748030 32.721291 27.378601 25.267606 24.376833 23.898019 14.200328 1.859741 7.993126 20.418214 24.166526 27.492923 23.271855 25.492457 18.689918 24.421533 19.666646 27.145399 25.052091 26.270259 28.831735 26.681289 16.772646 20.596703 27.551410 26.268336 27.736011 23.248203 20.482744 28.205369 27.603575 27.958830 25.356505 34.189514 26.606359 16.792489 11.246001 11.165519 9.019299 3.609381 6.931888 13.846206 18.051494 21.538857 23.539092 23.152814 14.084902
-9999.0 14.921336 16.900856 14.777586 20.937670 15.484866 11.244825 12.214053 6.651668 13.458424 21.184925 22.660662 16.929082 6.797027 26.199532 30.409201 24.172448 17.060693 23.388733 23.600930 18.519415 13.292865 3.811349 0.795787 10.730794 20.287096 25.259660 24.155465 20.815611 22.354002 27.310018 23.955800 13.465239 19.990859 19.309813 24.486574 20.300353 18.584916 22.955747 29.543610 29.034191 25.878575 22.481331 21.938139 30.218707 30.745398 26.496924 26.103248 18.492420 8.714000 10.057393 11.818843 13.827165 8.901656 14.110719 22.760876 22.039317 24.735848 22.909776 24.451194 16.778267 11.847010
-9999.0 16.262535 9.686373 14.950204 19.411481 21.422420 26.215045 24.312671 18.736496 22.189512 24.091609 27.909602 17.883274 20.271803 26.693309 23.968374 13.928725 24.668279 25.440909 16.750510 24.245941 16.908888 8.671243 0.616192 0.795787 7.319844 11.591999 11.108982 7.011934 13.708468 17.034362 19.738771 13.705914 8.921121 11.246644 11.993346 10.018373 19.912437 11.944778 16.838723 17.043959 13.594424 14.778511 21.985628 23.637941 20.010870 24.960202 16.029030 16.348611 12.152377 20.849705 24.541422 23.398640 16.947836 24.248801 28.146993 22.577180 22.993095 22.763683 15.880911 14.209382 -9999.0
