test_integration/test_sample_run/example/output_maps/snowdepthN0105.asc
ncols         174
nrows         141
xllcorner     744500.000000
yllcorner     5140950.000000
cellsize      250.000000
NODATA_value  -9999.0
[rows 62 to 92 of 141, columns 0 to 67 of 174]
-9999.000 -9999.000 -9999.000 -9999.000 -9999.000 0.000 36.613 19.986 22.139 16.210 0.000 0.000 22.315 33.014 28.695 21.199 13.902 8.184 0.000 0.000 9.408 7.182 12.763 18.572 14.920 20.920 12.774 6.708 0.000 7.736 0.000 0.000 0.000 0.000 0.000 0.000 0.000 0.000 0.000 0.000 0.000 0.000 0.000 0.000 0.000 0.000 14.611 10.839 32.119 48.921 56.895 46.815 24.312 0.000 0.000 0.000 0.000 0.000 0.000 6.873 14.450 0.000 0.000 7.770 50.175 56.393 57.589 20.238
-9999.000 -9999.000 -9999.000 -9999.000 9.209 40.756 67.757 35.480 27.985 23.074 0.000 8.840 0.000 0.000 38.290 20.488 18.543 8.391 0.000 0.000 12.619 12.260 7.820 9.690 0.000 7.773 0.000 0.000 0.000 0.000 0.000 0.000 0.000 0.000 0.000 0.000 0.000 0.000 0.000 0.000 0.000 0.000 0.000 5.406 18.835 11.104 0.000 0.000 0.000 29.758 60.874 64.953 6.546 0.000 0.000 0.000 0.000 0.000 0.000 11.652 20.012 26.370 9.054 0.000 22.849 37.731 7.089 0.000
-9999.000 -9999.000 -9999.000 -9999.000 -9999.000 18.823 0.000 56.201 64.623 68.993 64.464 63.703 39.395 11.918 0.000 0.000 9.441 7.953 0.000 0.000 8.458 8.572 8.921 0.000 0.000 0.000 0.000 0.000 0.000 0.000 0.000 0.000 0.000 0.000 0.000 0.000 0.000 0.000 0.000 0.000 0.000 0.000 14.652 27.596 36.742 37.308 37.463 6.371 0.000 0.000 9.212 9.616 0.000 0.000 0.000 0.000 0.000 0.000 15.348 30.940 37.741 45.826 51.659 55.525 47.922 20.012 0.000 0.000
-9999.000 -9999.000 -9999.000 -9999.000 -9999.000 -9999.000 0.000 68.501 71.829 71.940 67.802 65.942 60.379 57.983 0.000 0.000 0.000 7.466 0.000 0.000 0.000 0.000 0.000 0.000 0.000 9.691 0.000 0.000 0.000 0.000 0.000 0.000 0.000 0.000 0.000 0.000 0.000 0.000 0.000 0.000 0.000 14.403 21.912 30.233 40.019 43.463 45.946 42.064 34.035 8.561 0.000 0.000 0.000 0.000 0.000 0.000 0.000 0.000 16.913 26.611 40.571 43.066 60.970 63.275 66.122 43.555 14.526 12.589
-9999.000 -9999.000 -9999.000 -9999.000 -9999.000 7.310 57.456 73.505 66.697 70.919 44.290 26.857 32.558 28.997 13.174 0.000 6.626 6.462 6.739 0.000 0.000 0.000 0.000 0.000 0.000 0.000 0.000 0.000 0.000 0.000 0.000 0.000 0.000 0.000 0.000 0.000 0.000 0.000 0.000 0.000 12.298 34.502 37.750 32.570 47.967 46.185 49.948 44.489 50.178 43.689 36.492 0.000 0.000 0.000 0.000 0.000 14.086 21.047 24.936 0.000 0.000 0.000 8.734 9.277 26.161 48.476 39.144 47.621
-9999.000 -9999.000 -9999.000 -9999.000 -9999.000 44.612 64.706 75.626 82.137 59.022 41.159 14.531 0.000 0.000 0.000 0.000 0.000 0.000 0.000 0.000 0.000 0.000 0.000 0.000 0.000 0.000 0.000 0.000 0.000 0.000 0.000 0.000 0.000 0.000 0.000 0.000 0.000 0.000 0.000 0.000 33.478 36.356 40.638 43.598 61.140 46.233 57.359 50.685 52.501 54.442 54.396 43.245 28.686 0.000 0.000 7.901 22.165 33.878 43.831 27.820 0.000 0.000 0.000 0.000 0.000 14.305 59.159 52.074
-9999.000 -9999.000 -9999.000 -9999.000 -9999.000 -9999.000 60.312 72.691 73.698 68.088 28.566 47.532 23.877 0.000 0.000 0.000 0.000 10.976 18.494 12.606 0.000 0.000 0.000 0.000 0.000 0.000 0.000 0.000 0.000 0.000 0.000 0.000 0.000 0.000 0.000 0.000 0.000 0.000 9.374 14.824 29.697 39.718 45.872 52.097 52.558 45.779 57.646 52.818 52.748 45.455 48.207 49.911 44.909 34.067 15.390 19.593 39.797 39.778 48.151 40.234 33.630 5.838 0.000 0.000 0.000 0.000 50.566 58.818
-9999.000 -9999.000 -9999.000 -9999.000 -9999.000 -9999.000 57.939 82.445 39.653 39.232 48.998 58.218 35.970 6.527 24.809 29.168 45.828 52.681 49.705 37.481 10.040 0.000 0.000 0.000 0.000 0.000 0.000 0.000 0.000 0.000 0.000 0.000 0.000 0.000 0.000 6.680 8.928 9.947 23.120 18.449 33.202 61.183 49.048 51.019 53.805 57.210 53.970 44.535 50.443 52.201 55.116 51.296 44.418 35.251 24.306 18.728 46.497 49.332 53.069 44.180 42.257 38.772 29.243 18.453 7.563 0.000 0.000 34.805
-9999.000 -9999.000 -9999.000 -9999.000 -9999.000 -9999.000 -9999.000 57.812 58.911 62.327 75.570 71.284 26.627 28.487 39.922 43.094 45.258 50.982 53.112 47.483 35.210 20.680 0.000 0.000 0.000 0.000 0.000 0.000 0.000 0.000 9.418 13.851 16.743 23.637 36.791 38.092 37.847 35.233 36.929 30.057 19.826 31.069 53.248 54.692 58.776 79.601 78.287 70.592 46.982 52.436 66.331 51.705 37.430 26.164 22.336 20.184 45.798 50.634 54.309 51.203 52.013 51.445 50.613 53.890 49.236 15.634 23.617 33.892
-9999.000 -9999.000 -9999.000 -9999.000 -9999.000 -9999.000 -9999.000 87.172 90.086 83.416 81.781 43.353 11.789 42.335 49.035 30.728 52.191 59.299 52.018 47.828 38.763 34.508 9.408 0.000 0.000 0.000 0.000 0.000 6.505 0.000 16.140 15.801 38.271 40.522 39.524 41.836 44.173 40.809 46.227 37.766 19.103 36.850 47.855 64.123 87.852 77.525 66.663 83.408 65.075 85.705 65.127 30.361 26.118 10.741 23.953 20.680 34.678 58.494 60.519 54.593 55.936 56.716 56.156 54.928 53.167 45.048 38.767 42.378
-9999.000 -9999.000 -9999.000 -9999.000 -9999.000 -9999.000 -9999.000 -9999.000 67.339 93.402 40.122 35.910 33.002 52.508 55.459 37.643 54.967 64.843 63.030 48.428 28.939 8.726 0.000 0.000 0.000 0.000 13.467 0.000 12.470 17.277 37.748 35.049 37.671 37.308 43.754 56.717 46.939 41.798 37.493 42.076 42.483 40.355 42.216 52.560 64.813 82.392 74.132 79.896 95.798 64.560 12.067 8.543 0.000 0.000 33.042 26.931 33.514 64.059 60.892 59.760 62.717 59.901 63.375 57.539 51.172 58.563 33.673 45.921
-9999.000 -9999.000 -9999.000 -9999.000 -9999.000 -9999.000 -9999.000 -9999.000 0.000 39.889 17.658 23.661 54.136 57.395 53.746 37.823 72.842 75.218 50.009 26.307 9.259 0.000 6.355 6.209 14.811 9.608 20.538 25.428 37.800 36.524 39.896 41.587 49.633 45.799 51.331 56.009 50.521 48.816 48.014 54.329 58.261 56.111 28.174 16.688 27.748 44.443 94.015 85.398 92.150 77.246 18.816 0.000 0.000 8.841 37.177 29.232 35.074 75.135 57.216 66.346 69.358 62.839 74.259 62.027 49.802 58.635 44.467 46.196
-9999.000 -9999.000 -9999.000 -9999.000 -9999.000 -9999.000 -9999.000 0.000 0.000 6.980 11.337 29.528 54.429 62.711 38.364 62.534 85.100 52.388 26.968 44.427 36.808 24.821 0.000 18.174 27.187 38.841 38.292 42.170 39.758 41.146 48.199 46.150 58.470 52.464 44.865 53.076 58.568 52.987 60.002 60.793 65.120 67.316 70.131 43.512 25.475 38.850 52.666 91.979 98.353 58.167 0.000 0.000 0.000 43.023 40.362 40.939 25.493 49.243 64.959 68.688 69.552 61.228 73.482 55.183 48.340 55.536 43.468 47.122
-9999.000 -9999.000 -9999.000 -9999.000 -9999.000 -9999.000 0.000 0.000 7.204 0.000 22.143 44.563 66.580 62.147 47.662 76.118 80.194 33.617 62.625 72.566 19.051 16.309 6.543 16.340 37.453 40.198 36.699 42.408 46.450 51.212 51.463 54.317 59.158 56.934 54.524 63.570 76.101 57.868 67.783 67.729 71.303 79.250 74.570 74.570 60.819 59.361 33.721 89.051 62.840 0.000 45.795 49.198 29.160 49.612 47.859 49.976 47.810 48.846 68.737 71.466 68.053 71.231 72.994 53.723 50.121 45.976 52.363 55.162
-9999.000 -9999.000 -9999.000 -9999.000 -9999.000 0.000 0.000 11.037 15.748 49.668 65.594 59.972 73.612 68.609 62.176 92.067 74.301 72.062 74.152 25.515 0.000 0.000 8.436 22.704 38.148 35.982 43.411 47.159 53.790 53.290 51.880 57.439 63.582 60.645 70.740 60.488 71.638 68.230 73.310 75.895 72.466 69.812 72.559 73.151 71.884 76.165 80.311 54.583 51.589 42.674 70.143 42.775 28.464 49.136 49.140 52.647 53.508 62.077 71.759 68.362 67.526 72.568 52.534 43.572 44.393 48.027 61.172 58.844
-9999.000 -9999.000 -9999.000 0.000 0.000 0.000 54.429 80.932 83.492 81.699 79.135 76.602 78.623 69.832 78.939 97.481 90.703 77.707 74.441 0.000 0.000 0.000 15.930 18.179 39.737 41.432 71.524 52.090 61.110 55.577 66.899 53.784 61.587 86.777 78.302 77.481 69.688 77.105 74.338 75.154 74.349 76.219 77.359 77.613 80.684 76.944 92.475 95.583 60.367 31.431 12.111 0.000 33.312 51.683 53.205 38.954 61.190 77.015 70.374 70.265 79.821 79.908 34.710 42.409 49.049 61.277 62.591 49.150
-9999.000 -9999.000 12.595 30.167 90.150 77.187 89.495 85.952 75.726 62.698 79.285 81.200 85.316 71.505 76.708 102.788 82.206 65.646 22.390 0.000 10.202 40.730 39.935 31.599 43.331 50.487 76.718 56.848 63.387 72.830 72.810 74.404 46.251 38.440 81.488 81.353 82.062 80.993 73.567 75.152 78.647 73.064 80.500 79.832 84.120 85.956 71.290 92.551 47.874 0.000 17.522 21.166 54.964 54.443 52.634 47.463 51.400 69.381 81.663 73.856 24.769 0.000 14.278 37.784 43.407 39.803 40.958 50.152
-9999.000 -9999.000 33.093 34.307 93.319 93.553 81.784 78.206 75.899 81.813 78.295 87.200 88.918 78.384 73.360 108.965 62.623 62.990 8.652 10.328 33.027 46.499 43.088 41.230 39.010 54.560 83.602 65.237 73.055 69.223 76.494 73.834 69.872 39.094 77.431 89.723 81.185 83.356 50.321 60.076 81.085 61.124 65.324 62.717 80.198 92.132 66.851 45.816 66.369 53.513 57.911 64.174 54.753 61.016 53.437 52.264 67.552 75.183 49.563 11.174 0.000 0.000 14.817 14.397 7.249 0.000 28.139 46.955
-9999.000 -9999.000 -9999.000 25.687 69.018 91.632 95.836 80.682 101.605 54.780 80.795 89.218 91.020 78.054 78.069 106.733 41.725 29.481 0.000 0.000 40.199 48.876 50.438 44.988 35.373 68.253 85.525 76.155 75.087 76.480 66.418 73.779 78.251 76.617 62.158 85.719 54.891 49.873 68.026 71.455 77.086 75.983 82.856 71.250 57.721 72.404 94.387 90.871 60.304 77.469 60.958 52.825 65.032 57.038 56.364 56.107 67.456 51.515 9.057 0.000 0.000 0.000 0.000 0.000 0.000 7.949 9.790 9.161
-9999.000 -9999.000 -9999.000 -9999.000 -9999.000 -9999.000 74.598 111.145 64.636 83.017 89.734 91.738 90.924 71.740 87.437 66.558 0.000 0.000 0.000 18.808 50.467 49.357 51.744 62.284 10.079 63.399 76.305 67.971 75.161 77.229 78.974 78.938 83.297 80.665 79.566 95.446 14.248 45.930 80.553 83.915 68.066 73.309 90.459 84.549 80.965 75.054 95.771 75.099 80.634 81.839 81.508 65.163 58.951 63.597 65.283 68.769 50.538 0.000 0.000 0.000 0.000 0.000 0.000 0.000 0.000 11.566 0.000 0.000
-9999.000 -9999.000 -9999.000 -9999.000 -9999.000 -9999.000 -9999.000 90.346 89.725 80.029 75.704 76.469 83.565 80.718 81.120 57.365 0.000 0.000 49.797 53.180 51.795 44.016 41.530 67.896 40.144 33.036 41.786 64.187 79.581 72.535 83.126 71.696 82.251 84.273 84.333 53.397 68.774 81.394 84.323 85.124 85.915 80.041 50.587 76.905 48.984 63.344 50.602 56.016 54.049 84.705 74.145 56.452 34.085 48.643 55.336 0.000 0.000 0.000 0.000 0.000 0.000 0.000 0.000 0.000 0.000 7.914 0.000 0.000
-9999.000 -9999.000 -9999.000 -9999.000 -9999.000 -9999.000 -9999.000 17.282 43.794 117.350 117.357 111.125 111.890 101.021 14.410 20.990 0.000 11.488 68.953 47.241 40.849 57.571 64.754 67.765 70.806 7.593 91.235 81.127 79.574 76.560 77.944 102.589 77.213 72.498 97.357 35.950 84.488 85.679 83.973 96.150 85.039 64.436 0.000 6.508 0.000 18.428 52.874 49.665 17.728 7.740 0.000 27.387 0.000 0.000 0.000 0.000 0.000 0.000 0.000 0.000 8.855 13.962 0.000 0.000 0.000 0.000 23.189 0.000
-9999.000 -9999.000 -9999.000 -9999.000 -9999.000 -9999.000 -9999.000 -9999.000 0.000 0.000 14.500 16.685 17.872 22.463 15.653 0.000 20.813 55.462 45.089 78.076 60.543 65.577 68.619 66.081 68.924 69.820 72.760 90.262 92.707 94.245 93.868 56.509 92.647 58.006 42.809 84.338 56.719 47.523 25.375 13.583 0.000 28.083 0.000 0.000 14.161 0.000 13.485 13.099 40.016 0.000 0.000 0.000 0.000 0.000 0.000 0.000 0.000 0.000 0.000 0.000 28.651 11.629 0.000 0.000 0.000 0.000 0.000 0.000
-9999.000 -9999.000 -9999.000 -9999.000 -9999.000 -9999.000 -9999.000 -9999.000 -9999.000 0.000 0.000 0.000 0.000 0.000 0.000 0.000 41.831 60.843 48.376 79.167 28.494 63.987 57.446 77.678 83.083 76.302 38.000 37.667 36.960 35.185 62.393 50.624 45.604 22.459 0.000 51.286 0.000 0.000 0.000 0.000 0.000 0.000 0.000 0.000 0.000 0.000 0.000 0.000 44.882 49.797 0.000 0.000 0.000 0.000 0.000 0.000 0.000 0.000 0.000 0.000 0.000 0.000 0.000 0.000 0.000 0.000 0.000 0.000
-9999.000 -9999.000 -9999.000 -9999.000 -9999.000 -9999.000 -9999.000 -9999.000 -9999.000 -9999.000 0.000 0.000 0.000 0.000 0.000 25.337 70.389 53.357 65.548 53.693 0.000 49.407 63.086 70.333 67.567 32.103 0.000 0.000 0.000 0.000 0.000 0.000 0.000 0.000 0.000 7.830 19.982 0.000 0.000 0.000 16.281 18.365 0.000 0.000 0.000 0.000 0.000 0.000 0.000 62.126 30.279 0.000 0.000 0.000 0.000 0.000 0.000 0.000 0.000 0.000 0.000 0.000 0.000 0.000 0.000 0.000 0.000 0.000
-9999.000 -9999.000 -9999.000 -9999.000 -9999.000 -9999.000 -9999.000 -9999.000 -9999.000 -9999.000 -9999.000 0.000 0.000 23.141 27.446 63.379 73.403 56.383 93.037 52.522 24.024 51.101 66.864 90.156 59.549 64.674 0.000 0.000 0.000 0.000 0.000 0.000 0.000 0.000 0.000 7.883 37.956 0.000 0.000 0.000 19.179 0.000 17.597 0.000 0.000 0.000 0.000 0.000 0.000 0.000 49.984 17.721 8.503 11.949 0.000 0.000 0.000 0.000 0.000 12.445 0.000 0.000 0.000 0.000 0.000 0.000 0.000 0.000
-9999.000 -9999.000 -9999.000 -9999.000 -9999.000 -9999.000 -9999.000 -9999.000 -9999.000 -9999.000 -9999.000 -9999.000 0.000 49.256 72.326 74.468 69.516 70.774 78.455 25.691 52.357 59.497 50.109 53.643 83.934 73.300 34.834 41.253 0.000 0.000 0.000 0.000 0.000 0.000 0.000 0.000 0.000 0.000 0.000 0.000 0.000 0.000 0.000 0.000 0.000 0.000 0.000 0.000 0.000 0.000 0.000 0.000 8.614 10.130 0.000 0.000 0.000 0.000 12.334 0.000 0.000 0.000 0.000 0.000 0.000 7.182 0.000 6.459
-9999.000 -9999.000 -9999.000 -9999.000 -9999.000 -9999.000 -9999.000 -9999.000 -9999.000 -9999.000 -9999.000 -9999.000 0.000 66.990 79.729 73.041 76.134 90.692 60.381 8.925 72.023 70.227 36.985 0.000 93.468 79.972 52.409 44.392 41.545 9.209 0.000 0.000 0.000 0.000 0.000 0.000 0.000 0.000 0.000 0.000 0.000 0.000 0.000 0.000 0.000 0.000 0.000 0.000 0.000 0.000 0.000 0.000 0.000 0.000 0.000 0.000 0.000 0.000 0.000 0.000 0.000 12.304 15.181 11.235 16.634 15.358 13.281 12.479
-9999.000 -9999.000 -9999.000 -9999.000 -9999.000 -9999.000 -9999.000 -9999.000 -9999.000 -9999.000 -9999.000 -9999.000 24.766 28.993 67.007 62.728 69.879 36.103 37.030 61.407 76.091 69.571 68.912 71.414 65.390 103.439 47.938 46.030 51.438 40.812 30.342 0.000 0.000 0.000 0.000 0.000 0.000 0.000 0.000 0.000 0.000 0.000 0.000 0.000 0.000 0.000 0.000 0.000 0.000 14.568 9.806 0.000 0.000 0.000 0.000 0.000 0.000 0.000 0.000 0.000 0.000 0.000 15.037 19.346 17.542 17.574 12.673 16.284
-9999.000 -9999.000 -9999.000 -9999.000 -9999.000 -9999.000 -9999.000 -9999.000 -9999.000 -9999.000 -9999.000 -9999.000 -9999.000 -9999.000 -9999.000 -9999.000 -9999.000 0.000 0.000 71.291 58.121 70.004 71.828 75.306 85.334 49.642 34.252 47.762 62.118 54.572 31.163 0.000 0.000 0.000 0.000 0.000 0.000 0.000 0.000 0.000 0.000 0.000 0.000 0.000 0.000 0.000 0.000 0.000 18.183 32.410 29.863 27.837 29.075 20.816 0.000 0.000 0.000 0.000 0.000 0.000 0.000 0.000 0.000 18.940 20.788 19.970 20.656 7.061
-9999.000 -9999.000 -9999.000 -9999.000 -9999.000 -9999.000 -9999.000 -9999.000 -9999.000 -9999.000 -9999.000 -9999.000 -9999.000 -9999.000 -9999.000 -9999.000 -9999.000 -9999.000 8.747 9.028 22.814 77.950 77.500 73.421 63.267 40.218 12.243 0.000 29.963 0.000 0.000 0.000 0.000 0.000 0.000 0.000 0.000 0.000 0.000 0.000 0.000 0.000 0.000 0.000 0.000 0.000 0.000 0.000 0.000 0.000 0.000 0.000 10.463 24.717 0.000 0.000 0.000 0.000 0.000 0.000 0.000 0.000 0.000 0.000 0.000 0.000 0.000 0.000
