test_integration/test_sample_run/example/output_maps/snowdepthN0112.asc
ncols         174
nrows         141
xllcorner     744500.000000
yllcorner     5140950.000000
cellsize      250.000000
NODATA_value  -9999.0
[rows 62 to 92 of 141, columns 0 to 67 of 174]
-9999.000 -9999.000 -9999.000 -9999.000 -9999.000 0.000 36.528 19.953 22.102 16.185 0.000 0.000 22.279 32.942 28.623 21.160 13.882 8.184 0.000 0.000 9.408 7.172 12.743 18.535 14.899 20.884 12.757 6.708 0.000 7.727 0.000 0.000 0.000 0.000 0.000 0.000 0.000 0.000 0.000 0.000 0.000 0.000 0.000 0.000 0.000 0.000 14.593 10.826 32.048 48.751 56.460 46.663 24.265 0.000 0.000 0.000 0.000 0.000 0.000 6.868 14.435 0.000 0.000 7.770 50.022 56.165 57.267 20.208
-9999.000 -9999.000 -9999.000 -9999.000 9.193 40.628 67.077 35.401 27.927 23.036 0.000 8.840 0.000 0.000 38.176 20.452 18.513 8.391 0.000 0.000 12.601 12.242 7.810 9.676 0.000 7.773 0.000 0.000 0.000 0.000 0.000 0.000 0.000 0.000 0.000 0.000 0.000 0.000 0.000 0.000 0.000 0.000 0.000 5.406 18.812 11.095 0.000 0.000 0.000 29.695 60.437 64.357 6.539 0.000 0.000 0.000 0.000 0.000 0.000 11.641 19.987 26.331 9.054 0.000 22.810 37.652 7.089 0.000
-9999.000 -9999.000 -9999.000 -9999.000 -9999.000 18.787 0.000 55.913 64.100 68.142 63.749 63.042 39.286 11.902 0.000 0.000 9.441 7.953 0.000 0.000 8.458 8.562 8.921 0.000 0.000 0.000 0.000 0.000 0.000 0.000 0.000 0.000 0.000 0.000 0.000 0.000 0.000 0.000 0.000 0.000 0.000 0.000 14.636 27.549 36.565 37.143 37.327 6.371 0.000 0.000 9.212 9.603 0.000 0.000 0.000 0.000 0.000 0.000 15.332 30.884 37.629 45.570 51.297 55.099 47.774 19.983 0.000 0.000
-9999.000 -9999.000 -9999.000 -9999.000 -9999.000 -9999.000 0.000 68.040 71.128 71.282 67.326 65.398 59.812 57.500 0.000 0.000 0.000 7.466 0.000 0.000 0.000 0.000 0.000 0.000 0.000 9.691 0.000 0.000 0.000 0.000 0.000 0.000 0.000 0.000 0.000 0.000 0.000 0.000 0.000 0.000 0.000 14.388 21.880 30.167 39.783 43.199 45.643 41.848 33.925 8.552 0.000 0.000 0.000 0.000 0.000 0.000 0.000 0.000 16.894 26.568 40.458 42.941 60.466 62.724 65.523 43.414 14.508 12.575
-9999.000 -9999.000 -9999.000 -9999.000 -9999.000 7.310 57.209 72.691 65.906 70.021 44.156 26.805 32.493 28.927 13.156 0.000 6.626 6.462 6.739 0.000 0.000 0.000 0.000 0.000 0.000 0.000 0.000 0.000 0.000 0.000 0.000 0.000 0.000 0.000 0.000 0.000 0.000 0.000 0.000 0.000 12.286 34.375 37.551 32.402 47.617 45.876 49.575 44.201 49.826 43.529 36.397 0.000 0.000 0.000 0.000 0.000 14.071 21.020 24.901 0.000 0.000 0.000 8.723 9.277 26.115 48.316 39.009 47.340
-9999.000 -9999.000 -9999.000 -9999.000 -9999.000 44.453 64.385 74.647 80.665 58.405 40.992 14.505 0.000 0.000 0.000 0.000 0.000 0.000 0.000 0.000 0.000 0.000 0.000 0.000 0.000 0.000 0.000 0.000 0.000 0.000 0.000 0.000 0.000 0.000 0.000 0.000 0.000 0.000 0.000 0.000 33.368 36.157 40.383 43.289 60.575 45.895 56.857 50.292 52.095 54.011 53.975 43.095 28.632 0.000 0.000 7.894 22.134 33.802 43.617 27.776 0.000 0.000 0.000 0.000 0.000 14.285 58.671 51.704
-9999.000 -9999.000 -9999.000 -9999.000 -9999.000 -9999.000 60.056 71.949 73.417 67.398 28.469 47.332 23.829 0.000 0.000 0.000 0.000 10.962 18.468 12.589 0.000 0.000 0.000 0.000 0.000 0.000 0.000 0.000 0.000 0.000 0.000 0.000 0.000 0.000 0.000 0.000 0.000 0.000 9.365 14.807 29.560 39.453 45.546 51.673 52.117 45.406 57.135 52.380 52.328 45.126 47.839 49.532 44.672 33.977 15.371 19.567 39.669 39.656 47.854 40.119 33.561 5.838 0.000 0.000 0.000 0.000 50.387 58.398
-9999.000 -9999.000 -9999.000 -9999.000 -9999.000 -9999.000 57.682 81.545 39.558 39.131 48.776 57.677 35.855 6.527 24.763 29.106 45.659 52.316 49.413 37.367 10.028 0.000 0.000 0.000 0.000 0.000 0.000 0.000 0.000 0.000 0.000 0.000 0.000 0.000 0.000 6.680 8.918 9.938 23.082 18.421 33.055 60.620 48.659 50.576 53.282 56.549 53.468 44.164 50.025 51.756 54.635 50.898 44.147 35.143 24.267 18.703 46.190 48.982 52.688 44.014 42.135 38.660 29.187 18.425 7.563 0.000 0.000 34.728
-9999.000 -9999.000 -9999.000 -9999.000 -9999.000 -9999.000 -9999.000 57.547 58.740 62.097 74.559 70.495 26.544 28.422 39.810 42.958 44.934 50.576 52.685 47.201 35.106 20.645 0.000 0.000 0.000 0.000 0.000 0.000 0.000 0.000 9.418 13.833 16.720 23.603 36.622 37.880 37.637 35.121 36.812 29.985 19.788 30.993 52.795 54.139 57.948 78.487 77.044 69.546 46.574 51.951 65.521 51.338 37.289 26.092 22.301 20.154 45.565 50.246 53.869 50.834 51.627 51.066 50.243 53.491 49.021 15.611 23.573 33.820
-9999.000 -9999.000 -9999.000 -9999.000 -9999.000 -9999.000 -9999.000 86.236 88.903 82.335 81.015 43.178 11.770 42.168 48.796 30.659 51.735 58.723 51.600 47.469 38.637 34.411 9.408 0.000 0.000 0.000 0.000 0.000 6.505 0.000 16.118 15.780 38.082 40.283 39.280 41.555 43.870 40.614 45.915 37.558 19.067 36.734 47.535 63.168 86.375 76.520 66.237 82.526 63.864 83.944 64.637 30.257 26.047 10.726 23.913 20.647 34.584 57.981 59.990 54.168 55.464 56.234 55.686 54.471 52.839 44.904 38.673 42.274
-9999.000 -9999.000 -9999.000 -9999.000 -9999.000 -9999.000 -9999.000 -9999.000 67.048 92.439 39.995 35.787 32.904 52.090 54.939 37.391 54.471 64.130 62.389 48.056 28.857 8.714 0.000 0.000 0.000 0.000 13.452 0.000 12.456 17.251 37.554 34.860 37.440 37.087 43.516 56.241 46.593 41.524 37.265 41.781 42.267 40.208 42.077 52.309 64.443 81.927 72.749 78.623 94.674 64.154 12.042 8.529 0.000 0.000 32.966 26.881 33.418 63.410 60.510 59.231 62.135 59.371 62.703 57.055 50.863 58.124 33.595 45.794
-9999.000 -9999.000 -9999.000 -9999.000 -9999.000 -9999.000 -9999.000 -9999.000 0.000 39.786 17.622 23.609 53.739 57.000 53.266 37.507 71.792 74.312 49.860 26.238 9.259 0.000 6.355 6.209 14.790 9.598 20.508 25.390 37.649 36.345 39.641 41.306 49.244 45.458 50.928 55.527 50.101 48.435 47.635 53.863 57.742 55.847 28.100 16.646 27.675 44.295 92.547 84.304 91.267 75.872 18.775 0.000 0.000 8.841 37.077 29.171 34.961 74.204 56.916 65.736 68.659 62.240 73.239 61.501 49.522 58.237 44.337 46.063
-9999.000 -9999.000 -9999.000 -9999.000 -9999.000 -9999.000 -9999.000 0.000 0.000 6.980 11.317 29.466 54.142 62.000 38.181 61.679 84.190 52.206 26.904 44.186 36.670 24.772 0.000 18.146 27.138 38.672 38.066 41.900 39.512 40.876 47.839 45.804 57.941 52.019 44.511 52.615 57.968 52.524 59.443 60.220 64.432 66.517 69.536 43.377 25.418 38.723 52.424 90.752 96.996 57.753 0.000 0.000 0.000 42.866 40.235 40.736 25.427 49.088 64.455 67.950 68.775 60.591 72.739 54.908 48.134 55.252 43.340 46.976
-9999.000 -9999.000 -9999.000 -9999.000 -9999.000 -9999.000 0.000 0.000 7.204 0.000 22.102 44.424 66.084 61.443 47.229 75.048 79.819 33.529 62.346 71.618 18.996 16.280 6.543 16.316 37.334 39.944 36.458 42.124 46.110 50.807 51.054 53.852 58.600 56.389 53.981 62.899 75.162 57.346 67.014 66.962 70.457 78.077 73.981 74.056 60.610 59.159 33.619 88.216 62.533 0.000 45.494 48.807 29.084 49.333 47.631 49.566 47.613 48.697 68.239 70.583 67.215 70.252 72.596 53.483 49.895 45.821 52.163 54.922
-9999.000 -9999.000 -9999.000 -9999.000 -9999.000 0.000 0.000 11.021 15.723 49.494 65.298 59.753 72.874 67.815 61.306 90.954 73.601 71.277 73.401 25.459 0.000 0.000 8.436 22.661 37.912 35.749 43.058 46.794 53.336 52.839 51.439 57.082 62.812 59.881 70.286 59.857 71.220 67.364 72.348 74.876 71.759 69.471 72.193 72.784 71.574 75.794 79.747 54.427 51.392 42.530 69.288 42.597 28.376 48.900 48.812 52.245 53.025 61.361 70.788 67.479 66.584 71.433 52.376 43.426 44.230 47.844 60.670 58.550
-9999.000 -9999.000 -9999.000 0.000 0.000 0.000 54.285 80.242 82.499 80.746 78.310 75.904 77.884 69.125 77.472 96.230 89.494 76.354 73.544 0.000 0.000 0.000 15.906 18.146 39.462 41.174 70.514 51.634 60.494 55.083 66.158 53.539 61.135 85.663 77.410 76.205 69.444 76.261 73.497 74.391 73.675 75.713 76.831 77.084 80.020 76.472 91.367 94.253 60.181 31.340 12.090 0.000 33.203 51.419 52.808 38.809 60.364 75.562 69.224 69.151 78.381 79.002 34.607 42.265 48.861 60.813 62.129 48.978
-9999.000 -9999.000 12.569 30.089 89.559 76.909 88.439 84.922 74.633 61.942 78.381 80.283 84.377 70.624 75.764 101.499 81.859 65.303 22.335 0.000 10.187 40.525 39.758 31.472 43.129 50.043 75.948 56.308 62.718 71.877 71.862 73.474 46.108 38.343 80.285 80.308 81.043 79.974 73.165 74.679 77.983 72.737 79.846 79.213 82.923 84.998 70.942 91.903 47.610 0.000 17.487 21.118 54.500 54.081 52.259 47.176 51.181 68.853 80.702 73.447 24.706 0.000 14.250 37.675 43.268 39.695 40.844 49.960
-9999.000 -9999.000 33.005 34.215 92.747 92.576 80.702 77.120 74.320 80.543 77.045 86.155 87.834 77.322 72.495 107.568 62.409 62.563 8.652 10.308 32.890 46.163 42.788 40.943 38.832 53.991 82.618 64.467 72.085 68.748 75.745 73.340 69.573 38.993 76.917 88.482 79.971 82.600 50.152 59.877 80.425 60.912 65.086 62.458 79.779 91.182 66.608 45.694 65.831 53.051 57.312 63.453 54.245 60.425 53.032 52.007 66.709 74.392 49.384 11.150 0.000 0.000 14.790 14.370 7.249 0.000 28.073 46.794
-9999.000 -9999.000 -9999.000 25.632 68.756 90.438 94.301 78.671 100.121 54.559 79.782 88.112 89.871 76.938 76.476 106.033 41.602 29.403 0.000 0.000 40.003 48.603 50.012 44.642 35.257 67.244 84.352 75.124 74.350 75.777 66.195 73.291 77.606 75.992 61.920 84.976 54.727 49.668 67.697 70.902 76.670 75.540 81.728 70.917 57.438 72.097 93.080 89.863 59.925 76.131 59.786 52.276 64.219 56.485 55.786 55.535 66.355 51.306 9.057 0.000 0.000 0.000 0.000 0.000 0.000 7.949 9.774 9.161
-9999.000 -9999.000 -9999.000 -9999.000 -9999.000 -9999.000 74.226 109.224 64.292 81.786 88.578 90.544 89.727 70.408 85.374 66.342 0.000 0.000 0.000 18.777 50.196 48.968 51.501 61.634 10.058 62.430 76.003 67.486 74.748 76.782 78.077 77.833 82.400 79.483 78.894 94.209 14.218 45.779 79.590 82.879 67.806 72.818 89.080 83.363 80.399 74.664 94.503 74.774 79.139 80.130 79.567 63.867 58.478 62.779 64.286 68.070 50.374 0.000 0.000 0.000 0.000 0.000 0.000 0.000 0.000 11.546 0.000 0.000
-9999.000 -9999.000 -9999.000 -9999.000 -9999.000 -9999.000 -9999.000 89.945 87.954 78.152 74.018 74.861 81.663 78.621 80.793 56.907 0.000 0.000 49.366 52.707 51.339 43.686 41.378 67.406 40.009 32.927 41.673 63.946 78.983 72.140 81.490 70.224 81.179 83.464 83.038 53.248 68.079 80.307 83.446 83.755 84.747 79.119 50.353 76.579 48.800 63.000 50.455 55.761 53.876 83.795 73.832 55.908 33.991 48.476 55.083 0.000 0.000 0.000 0.000 0.000 0.000 0.000 0.000 0.000 0.000 7.914 0.000 0.000
-9999.000 -9999.000 -9999.000 -9999.000 -9999.000 -9999.000 -9999.000 17.240 43.608 116.172 115.742 109.403 110.595 100.562 14.384 20.936 0.000 11.468 68.115 46.806 40.503 57.021 64.151 67.405 69.930 7.593 90.322 79.971 78.539 75.210 76.910 101.089 76.299 72.117 96.479 35.856 83.580 84.211 83.089 94.748 84.356 64.169 0.000 6.496 0.000 18.428 52.619 49.458 17.688 7.740 0.000 27.307 0.000 0.000 0.000 0.000 0.000 0.000 0.000 0.000 8.855 13.938 0.000 0.000 0.000 0.000 23.125 0.000
-9999.000 -9999.000 -9999.000 -9999.000 -9999.000 -9999.000 -9999.000 -9999.000 0.000 0.000 14.469 16.632 17.821 22.401 15.622 0.000 20.757 55.242 44.873 76.434 59.626 64.859 68.097 65.255 67.968 68.793 72.440 89.420 91.512 92.993 92.597 56.218 91.473 57.829 42.633 83.556 56.457 47.313 25.318 13.555 0.000 28.010 0.000 0.000 14.135 0.000 13.448 13.070 39.883 0.000 0.000 0.000 0.000 0.000 0.000 0.000 0.000 0.000 0.000 0.000 28.575 11.607 0.000 0.000 0.000 0.000 0.000 0.000
-9999.000 -9999.000 -9999.000 -9999.000 -9999.000 -9999.000 -9999.000 -9999.000 -9999.000 0.000 0.000 0.000 0.000 0.000 0.000 0.000 41.704 60.501 47.988 78.774 28.420 63.531 57.116 76.179 81.734 75.897 37.877 37.567 36.850 35.071 62.189 50.367 45.472 22.411 0.000 51.133 0.000 0.000 0.000 0.000 0.000 0.000 0.000 0.000 0.000 0.000 0.000 0.000 44.727 49.566 0.000 0.000 0.000 0.000 0.000 0.000 0.000 0.000 0.000 0.000 0.000 0.000 0.000 0.000 0.000 0.000 0.000 0.000
-9999.000 -9999.000 -9999.000 -9999.000 -9999.000 -9999.000 -9999.000 -9999.000 -9999.000 -9999.000 0.000 0.000 0.000 0.000 0.000 25.275 69.690 52.840 64.215 53.521 0.000 49.247 62.446 69.834 67.338 32.035 0.000 0.000 0.000 0.000 0.000 0.000 0.000 0.000 0.000 7.814 19.936 0.000 0.000 0.000 16.248 18.328 0.000 0.000 0.000 0.000 0.000 0.000 0.000 61.710 30.160 0.000 0.000 0.000 0.000 0.000 0.000 0.000 0.000 0.000 0.000 0.000 0.000 0.000 0.000 0.000 0.000 0.000
-9999.000 -9999.000 -9999.000 -9999.000 -9999.000 -9999.000 -9999.000 -9999.000 -9999.000 -9999.000 -9999.000 0.000 0.000 23.098 27.388 63.152 72.483 55.613 91.598 52.225 23.963 50.916 65.983 88.850 59.330 64.038 0.000 0.000 0.000 0.000 0.000 0.000 0.000 0.000 0.000 7.883 37.858 0.000 0.000 0.000 19.134 0.000 17.559 0.000 0.000 0.000 0.000 0.000 0.000 0.000 49.743 17.671 8.489 11.927 0.000 0.000 0.000 0.000 0.000 12.420 0.000 0.000 0.000 0.000 0.000 0.000 0.000 0.000
-9999.000 -9999.000 -9999.000 -9999.000 -9999.000 -9999.000 -9999.000 -9999.000 -9999.000 -9999.000 -9999.000 -9999.000 0.000 49.118 71.837 73.796 68.545 69.266 78.132 25.620 52.122 59.198 49.829 53.378 82.172 71.795 34.667 41.101 0.000 0.000 0.000 0.000 0.000 0.000 0.000 0.000 0.000 0.000 0.000 0.000 0.000 0.000 0.000 0.000 0.000 0.000 0.000 0.000 0.000 0.000 0.000 0.000 8.599 10.112 0.000 0.000 0.000 0.000 12.308 0.000 0.000 0.000 0.000 0.000 0.000 7.167 0.000 6.459
-9999.000 -9999.000 -9999.000 -9999.000 -9999.000 -9999.000 -9999.000 -9999.000 -9999.000 -9999.000 -9999.000 -9999.000 0.000 66.768 78.853 72.585 74.675 89.322 60.087 8.925 71.442 69.846 36.893 0.000 92.412 78.080 51.721 44.186 41.365 9.195 0.000 0.000 0.000 0.000 0.000 0.000 0.000 0.000 0.000 0.000 0.000 0.000 0.000 0.000 0.000 0.000 0.000 0.000 0.000 0.000 0.000 0.000 0.000 0.000 0.000 0.000 0.000 0.000 0.000 0.000 0.000 12.275 15.132 11.206 16.543 15.272 13.217 12.418
-9999.000 -9999.000 -9999.000 -9999.000 -9999.000 -9999.000 -9999.000 -9999.000 -9999.000 -9999.000 -9999.000 -9999.000 24.711 28.918 66.740 62.448 68.874 35.964 36.917 61.097 75.637 69.304 68.645 70.882 64.890 102.095 47.614 45.810 51.100 40.620 30.245 0.000 0.000 0.000 0.000 0.000 0.000 0.000 0.000 0.000 0.000 0.000 0.000 0.000 0.000 0.000 0.000 0.000 0.000 14.538 9.790 0.000 0.000 0.000 0.000 0.000 0.000 0.000 0.000 0.000 0.000 0.000 14.996 19.221 17.431 17.462 12.601 16.183
-9999.000 -9999.000 -9999.000 -9999.000 -9999.000 -9999.000 -9999.000 -9999.000 -9999.000 -9999.000 -9999.000 -9999.000 -9999.000 -9999.000 -9999.000 -9999.000 -9999.000 0.000 0.000 71.022 57.921 69.741 71.388 74.523 84.207 49.500 34.118 47.571 61.584 54.094 31.042 0.000 0.000 0.000 0.000 0.000 0.000 0.000 0.000 0.000 0.000 0.000 0.000 0.000 0.000 0.000 0.000 0.000 18.141 32.303 29.773 27.737 28.960 20.748 0.000 0.000 0.000 0.000 0.000 0.000 0.000 0.000 0.000 18.872 20.639 19.831 20.508 7.061
-9999.000 -9999.000 -9999.000 -9999.000 -9999.000 -9999.000 -9999.000 -9999.000 -9999.000 -9999.000 -9999.000 -9999.000 -9999.000 -9999.000 -9999.000 -9999.000 -9999.000 -9999.000 8.732 9.012 22.765 77.367 76.839 72.696 62.928 40.058 12.211 0.000 29.901 0.000 0.000 0.000 0.000 0.000 0.000 0.000 0.000 0.000 0.000 0.000 0.000 0.000 0.000 0.000 0.000 0.000 0.000 0.000 0.000 0.000 0.000 0.000 10.445 24.615 0.000 0.000 0.000 0.000 0.000 0.000 0.000 0.000 0.000 0.000 0.000 0.000 0.000 0.000
