test_integration/test_sample_run/example/output_maps/snowdepthN0060.asc
ncols         174
nrows         141
xllcorner     744500.000000
yllcorner     5140950.000000
cellsize      250.000000
NODATA_value  -9999.0
[rows 30 to 59 of 141, columns 67 to 133 of 174]
94.250 102.413 97.538 100.898 97.669 99.654 86.789 100.593 100.383 92.356 85.882 83.020 79.497 77.913 82.937 77.022 73.684 61.126 61.660 56.625 56.569 69.671 73.157 73.004 65.950 70.411 71.136 80.291 80.640 75.586 72.234 74.417 69.601 70.495 71.568 64.149 59.100 54.111 52.214 57.523 58.404 55.114 51.878 52.844 49.247 55.959 63.750 67.723 78.588 75.102 94.472 90.737 77.389 52.463 35.174 20.200 24.907 33.905 39.245 42.106 45.586 43.375 47.004 45.937 49.141 49.050 47.990
109.271 97.661 107.064 115.927 111.100 89.257 99.438 105.658 102.348 81.524 93.190 88.841 76.098 75.489 72.681 68.570 71.546 63.996 60.757 55.573 55.133 61.376 63.615 60.178 63.030 72.222 78.851 81.446 79.131 75.798 66.613 63.060 57.892 62.049 65.908 59.977 56.357 52.529 48.473 50.201 47.528 48.605 41.550 39.308 47.602 52.663 67.852 80.322 78.343 59.172 58.088 94.589 83.676 49.628 27.076 20.615 19.384 36.005 36.758 34.704 36.319 40.346 44.055 44.573 46.119 48.475 47.337
102.993 99.724 107.670 115.397 112.223 107.793 107.683 106.907 77.892 82.035 94.297 87.449 84.954 74.181 72.719 67.013 66.008 65.990 62.911 61.954 54.948 56.494 59.134 69.377 76.171 78.067 77.567 80.650 75.909 72.047 66.808 65.308 56.444 46.885 43.989 44.133 51.346 59.018 52.926 53.693 52.374 47.634 48.399 58.809 64.111 70.701 75.752 79.469 52.459 46.821 50.806 69.205 84.774 78.932 76.996 54.987 50.364 44.487 43.904 52.677 55.355 56.967 52.122 50.840 51.168 47.443 46.267
98.065 112.450 124.999 114.793 113.337 113.833 114.353 72.413 79.687 90.441 86.945 96.372 91.608 85.788 80.730 67.698 65.603 65.276 65.278 59.292 58.454 52.468 59.273 73.086 73.760 76.051 76.488 75.266 70.566 69.397 63.234 61.544 58.363 45.304 35.958 37.504 56.462 76.885 73.622 69.672 68.223 68.537 74.519 79.944 78.349 91.601 88.865 71.292 50.865 50.162 39.344 34.600 47.559 68.667 72.622 70.278 70.338 63.696 68.965 64.559 65.521 68.910 61.054 61.799 58.193 45.767 45.346
83.787 137.499 131.135 139.587 126.754 117.687 102.947 88.880 115.015 109.569 108.465 98.765 92.471 90.893 77.979 73.295 71.983 67.723 64.084 61.730 60.787 56.479 60.450 66.509 70.334 69.783 73.996 68.430 70.260 74.520 74.790 60.332 59.416 47.670 44.536 54.751 71.401 77.684 84.625 86.072 84.784 90.539 87.972 92.528 90.584 97.042 99.881 75.592 67.876 54.547 51.010 44.017 34.683 37.432 54.913 79.202 83.730 83.609 84.021 79.220 77.059 75.299 71.068 72.367 69.771 63.295 48.320
83.750 129.364 140.789 96.159 85.992 108.071 99.105 118.231 115.420 115.672 112.606 94.509 99.579 87.574 82.561 84.854 79.748 74.107 67.767 61.758 61.616 56.581 55.115 55.771 61.000 61.770 62.031 63.347 64.788 73.703 75.544 70.500 61.970 48.936 42.746 68.376 73.296 71.429 88.326 93.998 92.449 97.296 97.091 100.159 101.420 102.442 88.015 75.666 67.927 58.807 44.347 38.859 39.659 46.538 55.584 73.690 90.909 89.290 79.185 84.225 81.844 82.237 76.938 72.466 70.118 63.936 47.941
99.522 111.034 101.648 89.157 83.166 90.331 124.391 121.754 118.139 100.822 91.477 84.931 85.366 75.584 75.444 73.995 72.353 73.066 64.839 62.152 60.901 57.480 51.181 45.974 44.502 50.621 54.763 59.645 63.652 69.947 73.317 67.675 61.968 53.060 45.971 64.811 68.413 69.735 73.006 91.574 97.767 93.245 95.049 92.108 100.218 95.927 78.186 68.374 64.544 63.798 61.854 45.822 50.826 51.719 63.421 58.642 63.097 61.874 66.165 86.573 88.817 83.121 79.648 76.221 75.088 50.768 47.375
120.245 83.951 80.722 90.327 80.472 89.904 141.567 111.448 80.588 75.027 81.432 77.418 74.433 68.926 69.102 65.763 67.952 68.699 66.361 62.638 59.495 59.932 53.130 44.077 41.389 41.684 41.529 50.901 59.517 62.630 73.321 63.742 60.774 53.152 49.943 52.043 60.286 62.674 62.383 77.394 84.433 80.040 75.421 76.424 81.433 77.041 78.479 70.807 62.757 49.210 67.813 48.373 57.219 68.603 68.290 47.854 45.348 40.952 61.358 80.354 89.470 86.862 91.216 93.951 69.595 41.655 45.368
139.474 72.145 77.556 85.744 81.774 94.651 118.231 86.367 81.719 74.029 75.563 64.591 62.737 68.504 70.997 66.163 66.074 60.072 63.280 62.123 63.063 61.522 60.189 51.879 52.199 41.888 43.862 48.400 53.557 61.954 65.164 65.239 65.745 51.213 47.128 51.628 58.050 66.966 69.922 67.793 60.976 59.130 59.306 67.521 70.707 78.522 78.490 73.929 70.384 58.436 47.539 53.284 59.806 68.525 68.539 49.474 47.918 46.831 60.371 58.995 75.978 77.090 78.526 63.787 44.507 30.607 26.460
116.086 73.506 54.753 61.203 66.015 92.823 82.256 92.190 80.139 80.045 73.816 69.587 72.918 71.801 78.096 75.256 68.527 62.133 68.944 69.544 68.020 63.517 59.818 59.773 52.509 41.590 39.854 44.475 48.028 50.564 52.121 64.782 64.983 43.437 38.625 57.445 60.597 65.598 69.970 62.293 48.597 51.029 54.086 62.571 68.077 79.610 84.285 75.949 71.858 73.372 59.556 51.583 48.065 54.475 63.725 39.696 26.390 54.773 51.772 46.987 48.916 34.723 39.293 48.560 28.653 20.971 11.411
86.000 83.904 78.796 79.682 79.320 85.986 68.142 103.867 99.774 99.760 100.783 98.950 97.670 81.725 71.255 74.758 70.665 81.952 82.149 74.181 71.498 66.714 71.773 69.159 51.637 53.810 46.157 40.661 43.861 42.495 44.797 56.945 57.838 41.098 36.401 52.906 58.059 66.611 67.396 44.681 39.218 56.406 64.405 70.107 69.996 80.104 85.424 78.127 72.972 84.817 78.727 61.801 45.939 39.208 55.787 50.843 34.428 45.886 35.557 45.751 26.615 32.391 23.319 28.288 11.556 14.556 10.368
71.473 77.085 66.418 67.397 79.477 84.970 105.773 131.159 120.566 104.113 115.657 108.575 92.604 77.219 73.871 73.339 78.676 87.362 82.935 77.678 71.939 66.680 68.175 72.194 69.001 68.046 59.288 35.328 34.054 33.101 42.363 44.372 53.825 40.687 35.931 46.948 55.398 62.158 56.997 31.386 38.601 61.547 67.670 73.749 74.382 81.775 80.424 78.718 77.700 72.992 74.447 69.915 52.703 43.746 51.717 53.491 45.960 31.443 35.586 29.055 26.317 24.575 24.115 12.475 24.273 11.349 0.000
72.185 73.939 56.161 78.867 85.942 97.604 115.465 141.005 122.495 105.327 88.501 79.250 82.387 74.082 75.044 79.150 82.150 77.233 75.186 72.069 67.757 66.740 64.912 79.403 78.641 71.577 63.411 50.074 36.312 29.479 27.039 34.086 43.530 42.671 40.743 50.545 57.835 55.506 42.900 30.081 62.348 60.747 63.870 71.345 76.106 78.297 69.155 67.537 70.115 66.773 73.049 63.555 58.869 39.457 46.471 61.199 48.071 20.475 29.327 21.669 21.188 19.734 19.209 0.000 8.601 12.340 11.983
58.725 36.010 32.524 87.433 99.047 113.343 126.910 135.587 91.268 65.762 71.798 75.690 78.374 75.511 83.134 84.519 83.294 77.911 71.990 67.304 69.550 68.457 64.088 67.407 69.776 70.134 67.296 62.158 44.592 34.764 27.125 22.884 22.148 38.949 38.053 45.105 51.589 45.290 31.161 45.158 60.171 66.572 69.365 72.299 77.686 67.936 57.977 53.159 55.865 57.092 63.570 50.707 51.057 41.194 53.637 63.696 48.106 17.794 17.075 14.978 13.526 10.242 0.000 0.000 0.000 16.567 19.004
41.737 16.223 38.868 63.837 91.404 94.870 85.028 101.268 91.274 90.416 102.060 99.084 91.587 87.591 93.641 87.856 89.768 80.871 78.577 70.277 68.478 64.094 66.372 62.074 64.540 82.388 79.140 74.622 70.375 67.010 64.247 38.300 32.387 31.857 35.552 37.742 33.245 24.141 27.074 61.698 57.476 61.324 64.749 72.700 76.828 65.102 59.258 47.515 46.323 39.379 39.982 37.603 29.076 52.832 68.272 56.699 47.169 44.882 26.422 13.289 8.328 10.049 0.000 9.327 15.550 37.719 49.851
14.593 35.848 46.550 50.225 62.437 71.282 76.860 85.222 108.563 117.104 112.261 103.337 98.632 97.417 101.891 90.784 89.226 86.812 81.521 70.226 69.432 63.494 64.600 61.718 71.225 82.386 85.720 81.328 79.323 75.398 66.679 65.352 60.696 41.487 40.745 25.985 25.072 20.699 40.545 53.448 43.189 46.671 52.357 64.474 72.631 72.347 62.136 51.624 44.440 31.797 28.362 27.643 20.651 51.193 56.101 41.346 40.670 45.436 35.138 10.750 14.239 12.616 9.469 22.059 40.678 50.532 53.548
48.695 43.268 57.864 65.614 66.498 80.061 74.969 86.622 82.182 93.659 120.532 110.221 93.616 96.993 96.578 76.692 76.885 84.364 77.100 75.785 73.533 65.220 62.215 66.130 72.014 78.830 77.552 86.269 82.655 77.129 75.458 74.402 71.452 65.134 55.963 33.622 28.810 38.037 44.590 40.431 45.501 59.466 63.024 59.032 60.298 70.846 70.114 68.387 62.425 51.573 41.580 29.175 30.851 44.246 33.101 22.059 21.047 21.071 22.313 18.668 26.600 34.779 40.601 48.217 47.173 54.122 56.014
25.008 47.116 52.226 72.921 80.254 90.225 87.042 72.750 57.134 68.119 84.931 105.581 99.212 82.014 82.397 72.314 75.095 77.210 72.939 72.851 69.445 64.582 64.109 68.014 71.631 78.003 82.574 79.329 77.127 83.919 82.884 80.742 80.129 73.843 67.496 51.883 35.205 29.369 28.752 49.648 57.591 57.027 56.322 55.509 53.319 70.304 68.850 68.241 73.703 62.515 52.241 33.435 29.858 35.410 22.036 11.588 12.622 12.560 9.263 28.324 42.326 53.961 56.660 57.038 48.776 62.748 66.158
24.577 54.827 54.492 63.055 69.332 72.394 61.696 57.931 73.016 61.433 73.757 83.244 86.733 80.622 72.486 66.538 58.334 65.484 64.362 70.795 72.263 66.189 69.101 78.579 74.736 69.956 76.919 68.051 70.887 79.732 86.310 85.028 81.437 75.662 71.032 59.496 55.466 31.689 31.672 42.160 46.386 51.452 48.910 55.028 58.665 63.895 65.643 62.206 69.822 61.945 52.610 42.270 39.426 21.505 17.350 6.890 10.823 22.124 33.879 46.767 48.438 52.194 56.009 58.281 54.801 68.785 75.201
40.347 52.602 46.638 59.619 46.354 54.423 43.562 48.801 62.964 47.915 65.519 75.411 71.550 74.991 66.976 59.038 48.991 49.542 55.211 71.365 70.497 70.128 76.045 82.984 79.634 69.771 67.256 62.957 67.921 79.502 78.338 75.502 77.755 79.928 70.965 65.118 60.037 43.668 23.271 30.089 37.869 45.785 43.876 45.684 53.008 52.927 47.139 40.508 42.670 46.859 49.278 47.460 45.147 15.054 14.313 10.188 19.462 44.132 45.233 59.849 62.400 58.027 52.307 56.491 62.551 79.889 82.200
34.249 35.466 32.523 41.185 24.384 49.029 39.987 46.904 51.117 47.964 61.804 61.970 61.112 75.258 72.660 60.188 57.161 42.696 56.273 66.483 68.139 75.760 75.790 70.035 67.013 64.682 56.710 62.082 64.175 62.474 62.453 70.277 71.887 82.222 75.102 72.573 65.594 52.595 33.862 25.026 24.464 32.144 37.918 40.363 39.906 42.308 28.484 25.927 16.025 19.601 25.344 27.405 28.474 25.715 17.231 31.967 43.591 56.547 53.409 52.952 67.827 67.602 59.012 61.452 57.920 80.184 83.943
21.210 23.774 24.486 21.695 11.768 34.251 23.682 40.827 46.890 34.221 25.157 50.914 46.154 65.054 74.986 55.790 56.155 44.216 53.026 55.702 61.060 73.174 71.725 63.193 59.599 60.380 59.851 64.601 64.067 53.396 51.563 58.523 65.339 70.665 82.081 79.052 69.291 56.523 50.622 23.463 12.812 19.349 24.533 33.446 36.349 30.712 20.503 25.986 19.667 8.253 13.301 10.008 9.569 23.965 21.874 42.286 50.449 60.957 65.474 49.549 55.960 71.720 66.558 73.951 67.232 70.683 93.634
10.144 7.197 9.773 17.820 18.965 26.347 24.317 49.920 46.514 20.113 23.446 26.123 36.263 48.084 62.145 51.310 49.143 47.983 51.376 53.888 59.525 67.008 65.814 62.372 60.640 60.664 59.472 61.391 60.265 54.447 52.350 50.580 49.284 50.604 59.808 73.062 67.880 60.804 62.499 49.916 32.361 17.072 26.307 32.975 40.315 22.543 17.371 14.144 14.930 7.247 8.464 14.282 20.941 21.119 33.643 44.375 48.359 56.592 65.926 68.507 54.171 64.745 76.629 70.227 78.451 83.055 91.510
0.000 0.000 10.545 13.825 10.581 15.186 8.705 44.753 49.254 8.650 18.544 20.467 27.581 51.639 54.870 48.271 47.483 41.596 56.104 66.689 67.530 65.504 64.000 66.630 65.849 62.289 62.324 61.047 54.985 50.721 47.927 45.748 37.206 38.950 36.775 55.677 64.913 70.211 70.115 59.564 48.965 15.565 17.588 27.383 22.034 13.702 7.099 10.061 8.862 14.339 27.712 39.508 32.651 27.793 40.575 51.631 50.555 58.188 65.004 74.088 73.111 75.051 67.436 67.820 71.743 97.116 96.425
22.382 13.929 8.624 14.426 0.000 7.221 12.845 28.198 23.925 17.523 23.531 37.034 49.157 58.045 51.101 43.678 43.413 50.744 63.513 80.140 76.758 69.974 65.748 67.330 65.134 64.559 63.743 59.468 58.864 63.253 62.254 48.435 37.788 40.608 25.374 30.945 36.198 54.113 59.960 61.802 58.369 34.090 17.283 18.726 9.133 9.091 9.591 17.506 29.311 40.831 50.645 58.775 50.256 34.516 29.891 47.784 53.745 47.446 48.216 59.104 71.448 83.093 80.247 67.061 53.435 71.374 67.416
26.857 24.783 19.011 7.899 9.315 0.000 11.720 11.830 0.000 9.502 25.896 43.285 49.545 43.248 33.692 28.318 24.321 54.396 62.906 75.616 73.069 70.452 67.890 61.016 58.906 61.731 62.542 63.377 67.127 77.802 76.280 64.556 57.900 31.985 34.032 17.401 16.257 28.199 35.370 53.851 57.540 40.768 25.597 12.347 8.205 14.579 26.508 38.179 48.845 56.546 64.361 66.738 62.115 40.450 23.322 31.962 43.906 31.842 37.496 46.244 51.380 62.436 73.020 74.351 69.063 26.117 14.289
52.565 36.613 28.969 25.383 22.285 13.052 11.296 11.773 13.527 25.630 40.381 34.900 16.489 20.555 25.087 13.113 31.828 55.241 63.383 68.327 65.903 65.217 65.204 66.184 67.723 55.565 72.079 73.604 72.432 82.953 81.431 78.111 73.170 64.999 65.941 49.145 39.155 20.802 13.340 15.125 18.813 26.008 25.461 27.078 33.458 38.132 46.227 56.296 60.867 63.916 66.226 68.937 55.510 37.273 37.320 21.388 25.378 41.649 45.669 59.715 53.513 51.438 49.143 53.603 36.236 34.694 47.135
58.100 47.239 45.644 31.495 17.598 13.180 8.563 6.911 12.359 27.261 31.072 11.992 0.000 17.128 31.399 18.993 47.062 60.463 68.336 63.298 65.049 63.763 64.175 64.774 65.430 51.967 74.137 68.084 65.556 68.396 74.198 72.345 72.752 76.913 76.809 63.522 53.033 26.187 8.193 11.555 12.042 18.306 26.356 29.864 41.422 51.437 58.432 65.302 60.328 69.766 74.760 65.306 47.734 46.797 39.390 23.526 21.689 40.410 40.118 45.557 46.362 45.999 47.816 35.146 35.250 46.617 49.609
52.877 55.371 57.150 44.817 35.198 21.240 18.984 23.035 17.402 14.774 0.000 11.432 11.868 33.226 22.495 42.541 43.321 60.892 61.288 56.528 54.529 47.740 39.546 40.837 35.087 56.745 57.424 60.504 63.194 64.061 65.663 69.121 72.588 66.786 51.690 43.791 36.486 35.031 21.396 37.678 31.647 29.792 33.883 42.384 51.486 60.043 62.943 71.393 72.496 69.906 79.216 70.024 61.309 50.497 50.799 45.321 30.330 31.460 36.119 45.017 54.312 66.810 68.509 79.729 80.724 73.483 57.228
56.067 62.362 58.007 56.410 53.103 36.246 22.607 18.364 17.175 6.853 0.000 16.620 12.561 16.242 7.111 44.258 41.960 41.988 40.519 53.266 27.450 18.513 13.151 16.210 18.493 50.086 52.951 62.158 68.632 69.395 66.693 74.653 52.748 21.410 19.453 27.262 23.940 9.635 30.980 59.863 55.893 38.177 40.391 55.204 62.330 67.741 71.614 76.134 78.318 79.842 85.693 78.859 70.528 56.526 64.554 56.193 46.225 40.786 32.324 52.767 68.530 77.528 80.031 86.551 88.463 90.726 81.005
