test_integration/test_sample_run/example/output_maps/snowdepthN0048.asc
ncols         174
nrows         141
xllcorner     744500.000000
yllcorner     5140950.000000
cellsize      250.000000
NODATA_value  -9999.0
[rows 29 to 57 of 141, columns 67 to 133 of 174]
91.962 85.443 81.057 93.134 105.170 104.421 105.999 105.700 105.381 96.414 92.266 91.375 91.370 87.346 83.141 80.700 72.622 68.456 69.046 72.273 72.781 75.068 83.910 92.806 89.373 85.341 89.708 88.612 96.399 100.882 94.186 89.505 89.015 83.544 80.260 67.251 73.703 72.853 78.226 81.029 83.650 85.559 89.068 82.135 72.863 80.968 71.506 77.437 87.983 112.459 114.853 85.313 85.482 89.945 64.483 56.729 55.881 47.482 61.036 61.380 65.012 58.532 57.907 61.645 56.996 60.094 60.263
104.278 108.602 104.718 107.013 103.178 104.683 94.989 108.204 108.775 98.833 90.616 89.448 86.994 84.105 88.425 82.480 78.776 70.042 71.192 69.844 71.935 81.435 84.482 86.586 81.085 85.509 85.036 95.797 99.920 87.530 85.300 82.837 81.125 79.083 76.096 68.157 69.956 71.442 71.815 75.874 78.362 76.084 73.007 75.527 69.530 73.750 80.312 87.415 96.073 95.346 103.763 98.523 90.311 76.001 56.191 42.777 46.561 51.451 55.963 56.372 58.876 56.148 59.089 57.896 59.976 60.193 59.687
122.084 108.219 113.116 122.758 118.318 93.926 108.894 111.983 109.873 88.351 98.715 94.639 83.968 83.351 80.421 76.536 77.426 70.741 69.105 67.449 70.717 77.163 78.429 76.989 78.884 85.372 94.831 100.773 95.097 86.592 75.987 77.710 70.614 73.583 73.751 64.774 67.396 69.125 67.119 68.714 67.600 68.656 62.869 61.338 68.438 72.424 85.291 97.931 93.880 84.580 78.038 101.442 88.907 59.952 46.253 43.551 42.902 55.398 52.437 48.648 50.997 54.929 58.118 57.406 58.142 60.001 59.067
114.920 111.126 115.552 122.695 118.989 114.235 114.030 120.241 85.813 90.736 100.879 92.703 89.838 79.855 80.058 75.368 74.203 72.691 71.192 71.248 69.462 72.846 73.886 80.649 91.182 94.029 93.882 96.950 85.498 82.466 75.353 75.522 69.729 62.498 58.037 54.857 62.351 69.698 68.886 69.554 69.557 66.281 65.820 77.693 80.597 83.498 89.389 96.499 72.879 70.945 83.084 90.071 90.780 83.856 82.047 63.859 65.825 61.437 58.863 64.374 66.177 66.739 62.947 61.748 62.270 59.364 58.174
110.948 123.594 134.908 124.100 122.188 121.442 121.752 85.788 83.670 98.770 97.225 102.107 96.713 90.520 87.123 75.509 73.579 72.872 72.919 68.298 69.771 68.443 75.278 87.919 88.300 91.523 88.407 88.084 83.939 77.344 72.979 72.482 67.204 57.404 52.257 53.051 68.614 84.175 81.767 80.414 79.312 80.561 86.980 91.209 92.077 102.148 100.841 83.342 67.552 70.551 64.218 65.700 69.413 76.917 78.234 75.101 77.910 73.192 77.726 74.151 74.128 74.963 69.513 69.651 66.343 57.176 57.390
107.278 149.462 141.560 150.725 137.104 126.166 110.405 94.321 121.098 115.671 114.326 105.407 97.838 95.875 83.158 78.074 79.055 75.000 72.167 68.638 70.070 70.462 76.008 79.867 82.527 84.803 87.886 84.099 83.355 80.119 80.259 67.895 67.506 56.875 57.367 68.761 83.462 88.269 89.256 90.640 90.452 95.754 93.507 98.087 98.884 106.740 107.418 82.204 77.660 72.427 70.113 65.490 58.294 57.530 67.679 85.186 89.163 88.234 88.808 83.391 81.046 79.156 74.336 75.741 73.016 65.636 56.123
104.185 157.478 154.176 109.152 98.730 116.282 106.114 125.572 122.878 123.311 120.500 100.487 105.715 93.213 88.036 89.951 85.045 79.514 74.004 68.281 70.122 69.337 71.226 73.199 76.767 79.667 78.068 78.667 82.007 84.029 80.784 75.191 67.381 57.879 57.377 80.140 85.883 85.492 97.275 99.957 98.204 103.274 102.457 105.833 107.321 112.180 96.987 82.056 75.940 70.042 63.006 57.699 61.565 64.397 71.247 84.191 96.499 94.768 87.916 89.187 86.714 87.218 81.455 76.421 73.930 66.883 54.038
123.816 143.129 113.887 99.304 97.417 110.460 134.045 130.229 134.056 116.426 98.967 91.730 92.606 82.589 82.569 81.394 79.846 79.270 71.090 66.420 68.675 68.076 69.918 65.056 64.522 69.620 73.562 77.862 81.871 81.195 77.844 72.818 66.320 58.644 60.384 79.650 83.896 82.455 85.808 101.887 104.888 104.820 107.289 105.758 111.733 105.745 84.270 77.410 74.823 71.786 70.568 65.214 66.336 67.615 76.950 75.285 76.561 70.754 79.904 92.324 94.742 88.422 84.899 81.310 80.097 52.643 52.667
140.965 111.652 92.438 98.995 96.215 117.187 157.841 120.181 91.601 86.081 91.156 83.828 84.127 75.307 76.114 73.366 75.647 74.879 70.937 67.056 68.568 67.358 67.260 63.303 62.243 62.960 62.209 70.008 77.194 77.445 79.306 68.650 65.013 58.407 62.517 69.863 78.632 76.522 80.390 93.860 98.016 92.876 86.857 89.447 97.374 88.473 84.349 76.208 70.165 64.294 75.050 62.925 70.770 83.021 80.142 65.492 65.662 60.440 79.545 93.502 97.955 94.000 98.868 101.662 74.271 43.186 48.448
157.401 90.764 87.643 95.087 99.661 116.951 141.210 92.240 86.887 87.328 89.235 72.693 72.717 77.608 76.868 74.461 73.752 69.352 68.620 69.528 71.276 67.995 71.352 66.965 66.153 61.279 65.392 67.856 71.961 79.882 75.726 70.310 71.084 56.632 59.357 68.122 76.017 79.520 83.084 85.806 79.304 76.272 78.539 85.691 87.805 90.649 86.314 79.787 74.894 67.560 60.891 67.663 78.372 81.903 76.619 65.058 65.547 64.529 78.861 81.886 95.656 93.403 86.658 72.261 50.455 35.471 34.286
131.803 81.647 75.286 77.404 87.615 111.547 103.236 100.485 91.126 86.671 77.077 79.389 81.144 80.179 86.061 81.910 76.023 70.469 76.840 76.558 74.834 72.964 69.863 70.400 67.033 57.815 59.648 65.417 69.751 69.456 67.228 72.283 70.808 48.928 52.734 72.140 77.772 78.658 84.528 78.006 66.481 69.449 73.676 82.127 88.144 94.567 91.165 80.816 76.305 78.985 69.516 66.814 68.837 75.853 74.000 50.992 47.801 72.722 73.016 71.567 76.080 63.107 63.039 62.458 39.402 25.707 19.787
98.582 91.661 87.428 96.158 97.119 107.886 87.104 112.180 106.524 105.222 106.311 104.674 102.231 88.881 81.564 82.166 78.212 87.198 87.560 80.140 77.618 74.499 78.022 75.568 63.027 65.087 62.223 60.756 64.432 64.389 62.374 68.432 64.351 46.470 50.913 69.351 75.638 83.928 79.749 62.602 59.677 73.308 81.773 84.907 89.614 93.678 93.744 83.605 78.550 89.527 83.075 69.448 64.839 62.015 71.819 57.083 52.778 65.835 58.713 69.525 53.293 58.545 48.443 44.764 19.883 14.556 20.771
81.406 90.444 80.950 86.325 95.429 104.880 132.360 145.606 130.507 112.010 123.677 115.750 98.319 83.310 79.726 81.741 86.879 94.605 88.840 83.188 78.487 72.681 75.783 76.876 74.032 74.756 68.245 52.048 53.771 54.291 62.396 59.390 62.076 46.085 49.053 63.750 72.900 75.377 70.352 48.369 61.114 78.461 81.476 87.237 89.314 98.426 91.333 85.628 84.273 78.998 79.304 73.965 65.715 64.045 68.674 60.462 58.356 51.770 56.854 52.951 50.619 48.481 44.956 24.194 32.138 11.349 18.887
82.623 89.193 73.749 92.352 106.681 108.724 127.180 152.921 134.760 115.150 94.386 86.489 88.119 78.889 81.756 87.806 90.611 86.663 83.534 79.213 74.989 73.760 72.261 83.890 83.407 76.976 69.035 59.937 52.754 48.977 48.459 53.649 56.311 48.082 52.731 66.215 74.391 71.607 57.425 48.018 79.646 76.643 78.723 85.485 92.894 92.698 82.540 76.980 76.869 72.098 79.234 69.030 67.537 58.737 64.948 67.718 56.508 40.795 50.508 44.330 44.028 43.398 38.049 19.197 25.294 12.340 30.538
73.049 50.075 64.290 106.121 113.229 127.374 150.114 151.291 98.524 74.091 81.158 79.376 85.098 82.163 89.998 92.957 91.309 86.662 80.560 75.712 77.223 75.563 72.523 74.742 76.120 75.819 71.952 66.030 53.813 47.906 43.911 42.865 40.186 49.229 50.641 61.742 69.454 64.010 46.441 61.233 77.438 78.396 82.037 86.511 93.739 86.454 72.762 67.421 68.969 67.713 71.607 58.798 59.477 57.077 70.093 73.073 51.440 33.434 38.465 36.586 35.609 32.194 18.654 10.340 13.851 16.567 34.296
59.545 32.969 68.953 92.337 116.370 114.767 109.776 116.142 100.961 96.815 108.295 104.766 96.739 93.947 100.224 96.138 96.908 88.882 85.536 78.362 77.022 72.509 74.120 68.576 73.973 85.853 82.240 77.300 72.624 70.625 68.757 48.240 46.091 45.130 48.292 55.532 53.054 44.108 44.567 74.382 75.745 81.830 79.343 86.557 88.737 79.555 72.661 61.925 60.239 55.798 53.755 48.691 43.400 66.748 80.618 67.197 51.463 48.885 42.171 33.290 28.872 21.628 11.603 18.786 31.316 49.330 51.242
36.534 58.880 72.381 79.235 95.424 98.898 106.351 98.382 118.175 126.924 121.867 111.156 105.293 104.115 108.360 98.858 96.732 93.787 88.398 77.086 76.983 72.522 73.310 68.785 82.388 90.958 89.703 84.732 82.510 78.172 70.352 68.246 64.201 49.163 50.982 42.778 42.350 38.685 56.919 70.039 63.138 68.247 74.727 87.342 87.293 82.334 70.524 64.974 58.544 47.619 44.634 39.677 38.848 66.985 72.543 53.534 49.414 50.854 42.671 26.726 24.571 22.397 26.504 36.088 49.788 52.333 55.539
60.419 64.670 80.024 90.452 96.278 102.276 100.278 108.463 99.312 109.382 132.012 123.054 100.451 104.567 104.387 86.134 87.717 92.401 84.157 82.327 80.723 72.943 70.899 76.682 84.427 87.353 83.046 90.357 86.472 80.421 78.485 77.085 73.868 66.925 58.787 44.975 44.360 52.799 60.011 56.906 63.432 77.310 82.322 82.223 79.617 81.276 75.838 75.034 70.551 60.338 52.094 41.357 47.759 61.893 51.531 38.317 36.274 35.263 33.586 28.827 38.529 43.998 47.608 53.467 52.465 56.496 58.469
42.563 67.090 73.950 94.749 104.709 107.392 108.071 86.837 75.762 93.864 103.010 116.055 111.240 89.555 87.536 79.400 87.078 85.422 82.362 80.510 76.406 72.390 73.184 77.034 85.343 88.779 89.052 84.895 84.427 88.013 86.527 84.118 83.450 76.579 69.581 54.530 45.345 44.100 45.618 64.434 72.446 74.609 75.960 72.826 73.143 83.279 75.270 76.105 79.197 67.952 57.632 41.281 45.711 54.066 38.774 27.031 21.676 21.583 24.411 39.761 51.228 59.338 59.032 60.278 54.807 66.652 70.084
41.797 72.504 75.141 87.092 97.226 98.078 81.906 79.666 87.189 86.323 96.145 96.552 94.140 87.374 81.408 74.543 72.501 78.382 74.127 78.443 80.074 73.367 76.982 87.501 87.730 83.624 86.440 76.635 77.874 86.787 90.450 89.003 85.457 79.064 73.670 61.594 58.249 42.906 47.689 59.142 63.724 69.499 69.296 75.924 80.395 79.875 75.965 69.802 76.169 66.808 56.953 46.995 50.689 40.635 32.565 21.698 24.528 32.368 43.011 51.669 56.311 61.031 63.910 63.859 58.977 75.362 80.293
58.289 71.068 69.099 83.250 75.287 84.153 67.935 78.411 82.967 74.280 91.201 92.691 80.148 80.982 75.016 69.515 66.469 68.795 69.235 80.902 79.460 77.719 84.908 90.521 88.160 80.210 77.871 72.697 79.369 87.245 84.379 81.432 84.981 83.737 74.266 67.428 62.450 48.329 38.361 48.160 56.264 63.657 63.090 67.380 74.536 71.151 64.358 57.249 57.850 57.189 55.340 51.288 50.742 30.170 28.591 22.399 32.153 50.898 53.550 62.414 64.779 65.594 64.218 64.104 70.301 86.229 88.310
53.449 56.551 56.483 66.445 53.665 77.214 64.401 73.954 74.022 74.839 94.276 80.376 75.343 82.274 80.377 70.004 69.658 62.444 73.865 78.774 76.821 83.558 85.627 79.611 76.766 76.225 68.573 71.857 76.440 75.293 72.750 79.478 79.034 86.301 78.631 75.266 67.836 54.377 43.032 42.540 44.345 52.220 57.456 61.212 62.812 63.755 45.397 42.305 34.781 37.749 40.667 39.543 37.641 34.665 29.875 39.891 50.489 60.368 59.940 64.580 70.796 70.588 66.119 68.581 75.877 88.340 90.530
41.690 44.920 47.590 46.651 40.624 61.005 48.074 66.952 71.138 59.546 57.051 78.862 66.020 79.254 83.936 64.187 67.943 61.221 72.767 73.084 74.957 83.630 81.249 73.473 71.103 72.347 70.565 74.532 74.216 68.765 69.261 72.439 75.810 77.927 86.287 82.698 71.863 58.197 52.428 35.370 31.482 39.467 44.873 53.703 56.982 50.847 38.484 41.321 34.493 26.096 23.191 19.119 24.871 35.385 33.567 51.061 58.661 67.906 69.258 62.648 70.216 75.254 69.945 81.741 72.087 89.026 102.308
31.154 29.115 33.017 31.026 43.841 52.248 48.512 72.428 65.259 43.088 52.202 54.281 60.566 68.159 72.366 59.999 61.743 63.031 69.428 72.305 76.397 79.651 74.202 73.337 70.807 71.735 70.181 71.599 70.404 67.989 68.196 68.628 68.068 67.616 68.921 78.835 71.104 63.155 64.233 51.939 42.400 35.072 44.781 52.359 58.749 40.970 33.821 31.623 29.116 21.024 22.964 27.061 32.858 32.906 42.959 54.232 59.651 67.297 72.370 71.459 67.621 75.338 83.476 79.287 84.938 89.799 102.623
20.291 20.569 22.664 26.262 34.405 38.125 34.878 66.640 63.205 28.081 44.467 46.183 52.817 73.547 67.903 57.362 58.239 57.148 71.683 80.354 81.840 77.351 73.288 75.694 76.670 73.980 74.449 73.590 66.893 62.882 62.815 62.445 54.993 56.673 56.247 69.129 71.737 73.438 72.679 61.242 51.096 28.903 35.566 45.915 40.554 23.860 23.739 19.325 17.715 27.389 37.982 45.704 40.892 38.691 50.451 60.543 62.055 69.862 74.652 77.752 76.783 81.515 82.428 81.659 92.260 106.887 108.379
34.563 29.795 27.665 25.778 20.158 30.592 36.862 52.978 40.381 32.595 45.489 58.394 68.926 77.074 63.494 54.230 55.000 63.581 77.527 90.240 88.940 81.109 75.973 73.860 75.456 75.639 75.002 70.400 68.844 70.864 71.665 61.746 54.560 56.815 44.201 51.387 53.260 65.726 65.948 64.126 59.825 37.316 32.217 36.978 26.618 23.713 23.801 30.244 38.432 46.904 54.992 60.897 51.916 42.825 44.577 60.282 64.971 63.772 66.044 75.876 84.576 93.134 91.546 86.919 79.298 100.330 81.942
37.173 35.995 32.476 24.966 27.975 20.209 33.664 25.391 14.840 28.247 46.060 61.686 68.264 62.163 48.355 40.633 40.865 67.666 77.456 89.250 84.277 80.531 74.919 70.412 69.836 73.155 73.943 74.306 77.018 83.720 80.565 69.516 65.026 45.912 48.225 36.440 36.278 46.781 52.087 64.537 60.716 42.536 33.945 26.180 22.978 27.755 36.573 45.847 54.597 61.764 67.868 69.440 64.030 44.640 37.894 49.867 59.316 49.908 56.667 65.798 71.498 81.396 90.037 92.257 93.207 56.017 44.465
53.374 43.480 38.654 37.027 36.486 31.159 31.201 23.677 24.414 42.188 55.761 54.631 38.335 40.415 38.720 27.385 48.133 68.353 77.799 83.896 78.051 74.996 73.661 75.210 77.294 69.233 80.746 81.937 81.839 88.810 86.092 81.801 76.131 67.871 68.626 54.415 51.346 39.085 32.404 34.628 33.911 34.432 33.958 37.206 41.979 45.266 52.528 60.747 65.940 67.933 71.956 73.220 58.381 40.768 43.447 40.157 44.218 56.779 62.812 75.374 72.437 73.294 72.561 78.575 62.057 61.097 70.976
59.519 48.366 48.303 39.801 30.557 28.578 26.302 25.692 31.328 44.303 48.048 22.812 17.730 37.938 43.847 34.503 59.970 72.496 81.777 79.225 75.889 76.567 74.559 75.028 73.605 65.972 85.734 79.091 78.120 78.970 83.438 79.019 78.191 80.109 79.959 66.672 56.424 33.716 23.933 21.679 21.662 31.313 36.661 40.081 50.558 57.368 63.539 69.155 68.895 76.108 79.871 71.803 52.452 49.240 44.309 38.692 41.712 57.803 58.372 65.754 66.401 68.198 69.136 59.233 60.826 70.503 71.002
