test_integration/test_sample_run/example/output_maps/snowdepthN0098.asc
ncols         174
nrows         141
xllcorner     744500.000000
yllcorner     5140950.000000
cellsize      250.000000
NODATA_value  -9999.0
[rows 62 to 92 of 141, columns 68 to 135 of 174]
0.000 0.000 14.847 37.612 34.490 36.520 32.806 28.666 14.831 0.000 0.000 0.000 0.000 0.000 0.000 0.000 0.000 0.000 0.000 0.000 0.000 0.000 6.708 13.005 31.799 46.325 65.358 67.685 33.912 0.000 14.947 14.669 0.000 0.000 0.000 0.000 0.000 0.000 0.000 0.000 0.000 0.000 18.249 56.103 74.955 73.494 74.754 69.062 74.217 70.409 58.768 65.021 51.963 55.983 45.247 18.662 21.374 0.000 0.000 0.000 9.993 27.754 56.671 87.332 54.331 40.813 53.445 62.085
0.000 0.000 42.777 42.401 43.950 41.869 39.407 37.063 33.413 20.301 18.776 21.116 0.000 0.000 0.000 0.000 0.000 0.000 0.000 0.000 9.815 34.223 39.959 32.228 42.759 44.216 58.680 27.057 0.000 0.000 0.000 0.000 0.000 0.000 0.000 0.000 0.000 0.000 0.000 0.000 0.000 0.000 0.000 0.000 17.878 39.004 75.092 79.408 82.124 78.185 64.786 67.071 69.872 60.269 13.638 0.000 29.546 20.293 0.000 0.000 0.000 11.404 19.801 17.188 74.030 68.983 62.409 64.521
0.000 23.545 43.901 47.386 44.882 48.754 41.842 42.607 33.509 36.605 36.364 32.010 29.159 25.193 7.944 0.000 0.000 0.000 0.000 18.469 34.069 41.831 50.770 49.844 52.337 11.187 0.000 0.000 0.000 0.000 0.000 0.000 0.000 0.000 17.184 20.033 29.626 24.305 0.000 0.000 0.000 0.000 0.000 0.000 0.000 0.000 0.000 0.000 35.352 51.099 77.395 65.581 82.105 43.092 0.000 40.712 35.519 30.217 10.098 0.000 0.000 0.000 0.000 7.123 44.234 49.836 59.935 71.802
29.799 26.380 42.248 56.994 54.005 59.107 52.847 45.553 40.004 42.838 43.443 43.180 37.275 32.835 25.277 0.000 0.000 0.000 18.653 23.410 30.736 25.950 32.531 28.352 14.326 0.000 0.000 0.000 0.000 0.000 0.000 0.000 0.000 22.396 30.915 28.860 36.675 31.742 16.224 28.810 36.503 22.292 0.000 0.000 0.000 0.000 0.000 0.000 25.987 46.669 88.324 89.751 37.005 0.000 59.829 55.185 33.571 35.646 0.000 0.000 0.000 0.000 0.000 6.462 0.000 42.589 84.351 70.652
45.533 39.833 9.612 15.397 61.126 62.591 55.605 42.311 47.544 48.997 49.797 48.144 44.198 38.412 27.598 20.512 0.000 0.000 0.000 0.000 0.000 0.000 0.000 0.000 0.000 0.000 0.000 0.000 0.000 0.000 19.751 24.977 34.050 28.422 32.582 26.967 40.302 0.000 22.417 40.952 44.633 44.383 46.295 45.203 0.000 0.000 36.482 23.652 45.927 53.938 79.076 59.037 0.000 10.589 64.957 69.046 45.324 22.007 23.799 0.000 0.000 0.000 14.202 21.273 63.187 72.176 43.706 27.532
43.852 47.113 0.000 8.410 50.767 67.854 47.157 53.184 57.788 56.084 59.939 56.018 50.919 39.665 25.584 20.829 0.000 0.000 0.000 0.000 0.000 0.000 0.000 0.000 0.000 0.000 8.851 27.946 12.222 29.684 36.769 37.675 41.242 29.903 37.915 53.466 0.000 7.054 29.142 36.578 55.257 45.653 51.132 49.747 46.381 33.677 38.606 56.384 68.914 78.198 76.317 32.770 8.543 72.595 73.459 74.682 0.000 0.000 15.217 10.773 23.239 26.217 46.354 44.835 69.062 96.400 8.175 0.000
37.411 46.565 30.726 11.604 19.304 45.200 51.003 60.452 65.484 65.084 41.709 57.435 42.164 39.042 23.201 7.644 0.000 0.000 0.000 0.000 0.000 0.000 0.000 0.000 30.235 31.719 26.115 28.514 27.017 39.198 39.793 35.031 28.777 45.761 45.597 34.223 0.000 35.512 34.341 15.996 56.627 52.433 49.943 43.908 46.692 45.535 0.000 23.148 32.204 38.221 26.626 16.379 48.769 78.646 79.360 52.549 15.678 0.000 0.000 0.000 44.738 51.169 55.838 59.210 78.348 39.750 0.000 8.870
32.826 30.824 36.860 11.197 0.000 14.729 33.892 35.071 22.351 19.255 0.000 12.730 39.919 34.948 13.977 0.000 0.000 0.000 0.000 0.000 0.000 0.000 15.873 26.514 30.734 39.067 38.986 41.694 37.846 38.799 39.648 50.077 48.774 74.089 71.863 20.572 17.290 46.083 30.457 9.277 53.646 71.051 55.751 62.470 52.171 57.286 14.241 0.000 0.000 0.000 0.000 59.013 83.088 88.645 84.393 13.912 0.000 0.000 0.000 8.687 38.138 61.253 69.985 71.456 55.375 0.000 0.000 8.728
17.559 27.463 42.967 36.378 43.336 22.764 10.396 15.230 17.895 23.140 50.794 0.000 0.000 0.000 0.000 0.000 0.000 0.000 0.000 0.000 0.000 0.000 35.496 22.374 37.927 26.384 60.825 34.277 29.312 32.131 43.531 11.506 74.434 79.928 74.950 35.110 26.819 49.970 42.649 20.568 40.768 69.874 76.814 76.734 70.654 63.049 66.889 39.447 0.000 0.000 29.451 56.458 90.516 90.189 67.430 8.863 0.000 0.000 8.765 15.352 9.726 8.839 0.000 0.000 0.000 6.865 59.174 74.671
41.108 50.078 50.401 44.426 42.394 45.606 36.228 46.942 59.059 64.932 63.732 7.634 0.000 0.000 0.000 0.000 0.000 0.000 0.000 0.000 0.000 0.000 18.943 32.210 55.569 42.769 47.648 39.858 51.973 44.613 62.595 17.886 50.502 92.123 71.193 22.237 44.845 55.463 52.549 29.455 24.227 0.000 47.121 87.124 77.316 65.397 76.606 77.121 63.414 49.624 13.102 31.894 84.996 86.773 58.214 13.093 0.000 0.000 23.077 17.613 0.000 0.000 0.000 0.000 0.000 0.000 33.116 72.973
60.370 48.078 55.691 55.896 48.443 30.926 38.927 56.288 65.177 67.035 46.319 8.625 0.000 0.000 0.000 0.000 0.000 0.000 0.000 15.034 0.000 0.000 14.214 37.645 60.295 68.062 38.689 53.199 60.563 58.503 59.013 46.431 34.962 95.390 69.475 35.684 60.527 58.151 59.319 52.710 18.121 12.143 0.000 23.307 43.311 77.462 79.370 78.320 74.659 80.133 58.839 20.369 10.767 9.751 17.320 0.000 0.000 5.921 13.526 16.413 7.877 9.749 0.000 0.000 0.000 8.258 0.000 -9999.000
63.784 50.138 62.781 63.623 48.604 27.612 55.871 57.125 72.616 66.989 32.375 0.000 0.000 0.000 0.000 0.000 0.000 0.000 0.000 0.000 0.000 0.000 14.234 34.426 48.172 75.828 74.457 78.630 88.562 51.161 69.368 56.573 61.902 98.687 76.252 69.158 49.917 60.928 70.221 71.248 77.585 79.667 53.323 38.579 64.889 89.884 85.297 81.670 81.844 88.094 89.958 84.425 38.069 12.331 0.000 0.000 0.000 18.722 8.079 11.792 9.569 12.055 17.747 39.441 67.647 56.422 0.000 -9999.000
65.981 62.179 65.055 53.108 38.374 58.113 61.294 65.052 40.049 22.704 0.000 0.000 0.000 0.000 0.000 0.000 0.000 0.000 0.000 0.000 12.610 10.105 10.660 43.241 8.734 11.593 26.464 32.379 0.000 63.619 54.415 65.637 77.137 99.122 46.242 44.464 54.756 74.869 74.068 72.900 79.630 79.789 90.533 86.246 89.685 98.917 87.980 80.826 87.726 86.263 83.511 92.980 69.135 30.321 5.972 0.000 9.615 35.368 14.675 13.698 21.026 33.416 65.181 60.923 58.546 66.605 69.552 -9999.000
60.418 67.262 45.415 34.917 51.087 59.940 70.135 58.699 0.000 0.000 0.000 0.000 0.000 0.000 0.000 0.000 0.000 0.000 0.000 0.000 10.233 21.901 0.000 0.000 0.000 0.000 0.000 0.000 0.000 31.579 93.532 86.434 80.119 92.358 0.000 17.064 76.418 85.649 76.112 85.160 79.194 92.779 91.912 85.100 95.073 96.349 96.405 96.356 114.739 105.848 88.910 49.433 6.724 0.000 0.000 0.000 22.145 16.518 21.026 15.196 34.061 46.923 58.001 70.503 82.557 81.434 -9999.000 -9999.000
28.005 25.874 21.166 46.186 54.517 60.324 41.307 7.941 0.000 0.000 0.000 0.000 0.000 0.000 0.000 0.000 0.000 0.000 0.000 0.000 0.000 0.000 0.000 0.000 0.000 0.000 0.000 0.000 0.000 0.000 9.003 78.166 82.138 60.135 54.504 83.921 88.237 87.571 78.552 81.878 80.666 103.620 87.066 87.783 88.845 91.485 73.867 54.340 31.525 27.913 0.000 0.000 0.000 0.000 0.000 0.000 8.306 0.000 22.800 21.752 28.618 40.360 26.640 16.746 11.977 0.000 -9999.000 -9999.000
35.102 19.477 51.166 59.208 57.037 59.519 11.059 0.000 0.000 0.000 0.000 0.000 0.000 0.000 0.000 0.000 0.000 0.000 0.000 0.000 0.000 0.000 33.441 20.789 37.631 0.000 0.000 0.000 22.785 40.061 48.373 57.452 66.790 31.431 91.723 92.839 83.184 87.820 84.780 102.582 113.475 84.153 102.980 94.946 47.967 0.000 0.000 0.000 0.000 0.000 20.377 12.007 0.000 0.000 6.050 16.615 14.716 23.842 13.725 18.418 20.915 14.489 9.246 0.000 0.000 0.000 -9999.000 -9999.000
52.993 54.839 63.009 63.307 62.333 49.090 0.000 0.000 0.000 0.000 0.000 0.000 0.000 0.000 0.000 0.000 0.000 0.000 0.000 0.000 0.000 0.000 44.117 36.127 52.227 56.806 36.225 24.257 45.526 48.200 46.971 36.254 0.000 0.000 49.113 39.816 89.563 90.688 89.446 55.154 7.628 0.000 0.000 0.000 0.000 0.000 0.000 0.000 16.786 29.173 41.928 17.682 29.612 79.431 72.444 62.105 21.126 17.408 17.142 22.709 7.769 9.799 7.377 0.000 0.000 0.000 -9999.000 -9999.000
59.553 62.511 51.640 67.826 46.162 23.470 0.000 9.971 24.165 9.067 0.000 0.000 0.000 0.000 0.000 0.000 0.000 0.000 0.000 0.000 0.000 0.000 0.000 0.000 0.000 33.630 43.922 30.675 20.021 0.000 15.793 6.974 0.000 0.000 0.000 0.000 29.503 54.262 26.288 0.000 0.000 0.000 0.000 0.000 0.000 0.000 0.000 11.316 20.373 0.000 26.766 44.904 81.630 83.847 61.247 33.009 18.576 21.669 27.237 24.273 0.000 0.000 0.000 0.000 0.000 0.000 -9999.000 -9999.000
34.922 56.960 50.015 20.612 0.000 0.000 22.413 34.183 35.088 11.409 0.000 0.000 0.000 0.000 0.000 0.000 0.000 0.000 0.000 0.000 0.000 0.000 0.000 0.000 0.000 0.000 0.000 0.000 0.000 13.747 18.656 0.000 0.000 0.000 0.000 0.000 0.000 0.000 0.000 0.000 0.000 0.000 0.000 0.000 0.000 0.000 0.000 27.934 16.703 6.596 42.427 81.765 76.416 27.968 0.000 0.000 19.637 35.384 31.328 26.796 23.815 6.584 0.000 0.000 0.000 0.000 -9999.000 -9999.000
18.924 35.724 0.000 0.000 0.000 0.000 0.000 6.905 11.170 18.017 5.881 0.000 0.000 0.000 0.000 0.000 0.000 0.000 0.000 6.810 0.000 0.000 0.000 0.000 0.000 0.000 0.000 0.000 9.082 7.921 0.000 0.000 0.000 0.000 0.000 0.000 0.000 0.000 0.000 0.000 0.000 0.000 0.000 0.000 0.000 0.000 6.796 24.320 0.000 26.717 45.524 32.501 23.523 10.765 24.385 29.700 42.825 60.368 55.507 46.381 22.703 24.250 8.054 14.431 33.980 8.336 0.000 -9999.000
0.000 0.000 0.000 0.000 0.000 0.000 0.000 0.000 0.000 7.844 0.000 0.000 0.000 0.000 0.000 0.000 0.000 0.000 0.000 0.000 0.000 0.000 0.000 0.000 0.000 0.000 0.000 7.726 8.557 0.000 0.000 0.000 0.000 0.000 0.000 0.000 0.000 8.243 0.000 0.000 0.000 0.000 0.000 0.000 0.000 0.000 6.592 0.000 0.000 24.696 0.000 0.000 27.649 60.881 63.121 66.513 67.267 71.644 64.916 50.867 28.744 32.524 56.250 56.059 35.058 33.064 11.521 -9999.000
0.000 0.000 0.000 0.000 0.000 0.000 0.000 0.000 0.000 0.000 0.000 0.000 0.000 0.000 0.000 0.000 0.000 5.731 0.000 0.000 0.000 0.000 0.000 0.000 0.000 0.000 0.000 0.000 0.000 0.000 0.000 0.000 0.000 0.000 0.000 0.000 22.528 23.085 0.000 0.000 0.000 0.000 0.000 0.000 0.000 0.000 0.000 0.000 0.000 0.000 0.000 7.519 45.739 84.026 72.039 66.557 74.524 76.764 45.643 35.826 37.458 47.296 65.401 63.634 34.420 0.000 27.152 -9999.000
0.000 0.000 0.000 0.000 0.000 0.000 0.000 0.000 0.000 0.000 0.000 0.000 0.000 0.000 0.000 0.000 0.000 0.000 0.000 0.000 0.000 0.000 0.000 0.000 0.000 0.000 0.000 0.000 0.000 13.587 36.710 27.003 7.921 0.000 0.000 8.583 0.000 0.000 0.000 0.000 0.000 0.000 9.146 34.680 48.426 45.047 28.810 9.612 7.884 15.359 22.545 38.056 63.614 70.368 68.017 69.336 78.960 43.823 24.280 26.598 34.645 59.680 64.589 58.638 49.385 10.262 -9999.000 -9999.000
0.000 0.000 0.000 0.000 0.000 0.000 0.000 0.000 0.000 0.000 0.000 0.000 0.000 0.000 0.000 0.000 0.000 0.000 0.000 0.000 0.000 0.000 0.000 0.000 22.610 28.184 45.933 41.232 41.399 35.430 36.706 10.043 0.000 0.000 0.000 0.000 0.000 0.000 0.000 0.000 25.530 50.005 50.276 61.762 66.772 68.579 68.194 64.295 28.964 49.665 55.295 47.842 58.627 44.688 55.474 67.084 41.612 26.618 26.391 22.821 42.186 52.797 41.052 58.883 47.951 14.756 -9999.000 -9999.000
0.000 0.000 0.000 0.000 0.000 0.000 0.000 0.000 0.000 0.000 0.000 0.000 0.000 0.000 0.000 0.000 0.000 0.000 0.000 0.000 0.000 0.000 0.000 0.000 29.324 27.854 34.057 26.669 6.501 0.000 0.000 0.000 0.000 0.000 0.000 0.000 0.000 0.000 19.268 45.861 50.877 55.770 60.613 68.884 78.464 78.522 78.995 66.495 61.201 64.617 56.330 43.508 27.662 18.859 30.707 25.923 22.424 18.539 16.535 26.490 55.979 47.939 34.552 48.010 66.600 20.535 -9999.000 -9999.000
0.000 0.000 0.000 0.000 0.000 0.000 0.000 0.000 0.000 0.000 0.000 0.000 0.000 0.000 0.000 0.000 0.000 0.000 0.000 0.000 0.000 0.000 0.000 0.000 7.538 0.000 0.000 0.000 0.000 0.000 0.000 0.000 0.000 0.000 0.000 0.000 0.000 9.896 43.864 52.598 63.614 68.863 64.478 72.051 79.697 66.992 41.072 38.919 59.624 40.843 53.591 55.087 33.096 39.963 50.696 42.053 34.320 21.551 29.826 35.827 57.502 56.978 49.584 54.533 76.587 40.811 -9999.000 -9999.000
9.086 9.418 10.784 10.287 9.888 8.514 0.000 0.000 0.000 0.000 0.000 0.000 0.000 0.000 0.000 0.000 0.000 0.000 0.000 0.000 0.000 0.000 0.000 0.000 0.000 0.000 0.000 0.000 0.000 0.000 0.000 0.000 0.000 0.000 20.220 42.225 44.367 35.707 49.430 56.126 67.916 81.983 72.560 63.768 76.558 50.385 47.455 58.227 59.240 59.045 79.999 81.506 83.322 82.047 62.635 52.374 50.179 60.489 64.667 58.556 57.060 56.202 49.005 45.225 76.578 53.566 -9999.000 -9999.000
9.890 10.418 11.295 11.539 12.962 7.626 0.000 0.000 0.000 0.000 0.000 0.000 0.000 0.000 0.000 0.000 0.000 0.000 0.000 0.000 0.000 0.000 0.000 0.000 0.000 0.000 0.000 0.000 0.000 0.000 0.000 0.000 18.304 38.922 41.450 50.140 50.556 48.155 55.214 67.955 82.990 77.663 82.061 63.668 74.357 86.464 82.448 74.919 58.271 58.862 82.728 87.623 91.536 85.247 54.647 50.493 57.809 67.589 56.850 63.040 56.400 54.962 59.123 37.289 0.000 15.587 -9999.000 -9999.000
9.905 10.677 7.091 0.000 0.000 0.000 0.000 0.000 0.000 0.000 0.000 0.000 0.000 0.000 0.000 0.000 0.000 0.000 0.000 12.245 12.014 0.000 0.000 0.000 0.000 0.000 26.108 27.070 31.266 32.497 22.130 25.654 39.725 47.815 53.229 60.199 63.523 62.137 51.017 53.724 47.481 31.226 59.833 78.112 68.788 92.092 82.161 67.670 31.749 9.192 0.000 10.641 59.302 42.696 19.194 62.536 61.353 66.313 66.044 70.039 66.844 60.467 56.624 0.000 0.000 -9999.000 -9999.000 -9999.000
0.000 11.574 0.000 0.000 0.000 0.000 0.000 0.000 0.000 0.000 0.000 0.000 0.000 0.000 0.000 0.000 0.000 0.000 11.676 14.494 19.309 14.843 0.000 0.000 0.000 16.845 34.431 33.856 29.020 33.947 39.431 27.789 30.753 45.550 44.246 40.506 62.792 70.650 62.673 41.776 0.000 0.000 48.089 84.073 35.407 13.965 33.060 60.165 47.907 -9999.000 -9999.000 -9999.000 -9999.000 -9999.000 -9999.000 -9999.000 62.619 54.397 43.476 78.976 80.215 75.816 10.082 11.319 -9999.000 -9999.000 -9999.000 -9999.000
0.000 0.000 0.000 0.000 0.000 0.000 0.000 0.000 0.000 0.000 0.000 0.000 0.000 0.000 0.000 0.000 0.000 0.000 0.000 0.000 12.333 18.958 19.184 18.600 24.114 28.010 31.806 46.863 57.093 38.850 15.069 12.255 0.000 0.000 0.000 0.000 11.732 6.956 14.016 7.705 14.387 47.408 35.252 26.142 74.113 -9999.000 -9999.000 -9999.000 -9999.000 -9999.000 -9999.000 -9999.000 -9999.000 -9999.000 -9999.000 -9999.000 -9999.000 -9999.000 58.977 62.315 86.050 64.724 26.725 -9999.000 -9999.000 -9999.000 -9999.000 -9999.000
