test_integration/test_sample_run/example/output_maps/snowdepthN0044.asc
ncols         174
nrows         141
xllcorner     744500.000000
yllcorner     5140950.000000
cellsize      250.000000
NODATA_value  -9999.0
[rows 29 to 57 of 141, columns 66 to 131 of 174]
126.957 121.378 109.872 107.979 105.977 108.931 106.750 109.902 108.053 110.647 99.381 99.559 101.876 100.921 96.018 92.434 91.542 88.507 86.307 85.183 87.956 90.165 91.229 98.391 107.164 108.813 112.030 113.086 117.681 130.675 134.362 126.111 118.120 112.552 106.069 100.785 88.164 88.503 86.185 95.194 100.760 99.511 103.860 107.030 107.706 104.360 107.745 99.684 103.033 103.853 127.065 123.840 112.314 106.926 110.436 101.840 107.327 105.134 97.136 99.767 91.795 90.435 86.481 84.039 82.303 78.413
129.588 109.137 120.954 121.886 109.652 105.568 116.447 113.170 112.727 113.507 113.417 102.397 102.256 102.904 98.413 97.581 94.391 89.738 87.047 86.814 87.057 86.876 94.078 100.061 105.310 104.771 108.747 110.283 115.196 127.650 128.957 119.473 112.469 109.805 105.888 99.129 87.637 88.585 87.043 88.170 94.078 95.943 97.228 97.893 100.161 99.528 104.498 104.748 103.061 103.342 110.970 135.675 112.973 111.025 102.352 104.947 94.652 96.069 95.536 94.963 91.189 89.259 85.119 83.134 80.348 78.732
159.563 127.404 113.669 124.205 125.955 122.232 111.141 114.759 114.788 121.824 111.296 108.678 106.091 103.697 101.897 99.722 96.364 93.304 87.123 86.718 85.070 84.619 89.573 96.170 96.664 97.541 102.995 108.935 115.916 128.103 116.425 109.044 103.118 101.221 100.617 96.631 87.155 85.976 85.170 85.481 88.645 88.873 91.506 90.194 90.361 94.151 97.671 101.373 104.850 110.099 105.432 111.379 118.045 105.366 102.406 94.184 90.303 87.325 92.211 89.575 83.552 82.238 80.590 80.416 78.760 77.531
246.091 140.149 116.551 119.115 126.075 132.700 117.199 116.973 133.198 115.268 116.033 115.903 105.814 102.768 100.161 98.088 94.789 93.613 88.722 86.916 85.233 83.261 86.645 92.797 97.384 101.145 105.714 109.283 117.194 122.889 112.560 106.687 100.143 95.701 90.393 88.820 86.785 83.412 85.213 83.968 88.105 87.684 88.606 88.842 91.296 95.646 99.584 99.184 108.327 101.698 99.061 110.239 114.798 109.383 99.734 101.212 93.227 93.386 90.503 88.349 86.515 84.834 82.416 80.256 78.014 76.949
150.199 166.125 136.580 143.657 128.447 126.609 125.155 125.357 119.393 114.881 118.702 119.142 113.532 107.741 101.685 101.841 96.099 93.573 90.249 88.560 85.456 83.515 83.675 87.087 97.175 100.896 107.738 108.135 113.721 116.695 106.661 102.374 97.139 91.814 85.528 87.081 84.360 79.307 87.185 88.543 90.100 90.468 91.142 92.323 95.149 97.617 104.255 105.435 108.105 96.648 97.029 93.793 101.370 99.785 104.489 100.979 93.019 94.127 90.851 88.823 87.139 85.017 82.132 80.738 78.950 77.427
131.015 135.810 163.186 146.413 155.884 148.024 133.195 134.669 113.753 123.861 118.489 117.179 118.295 110.546 105.293 99.205 94.044 94.083 90.651 88.569 85.594 84.287 83.418 85.020 94.565 99.780 102.248 106.420 107.482 112.343 108.330 102.993 94.150 92.085 82.857 86.210 85.409 86.386 91.753 90.631 92.103 91.879 97.965 95.187 100.064 100.953 109.090 111.668 106.711 100.890 97.014 95.844 93.695 100.042 95.959 94.393 98.116 94.251 90.391 91.136 85.337 82.764 80.914 75.757 77.384 74.675
127.606 125.367 167.674 160.707 159.341 151.061 143.496 132.426 129.066 126.425 126.939 124.661 117.058 116.170 109.017 103.435 99.863 96.617 91.895 88.660 83.764 83.881 82.612 83.544 88.316 95.394 96.574 99.693 102.569 103.682 110.435 102.225 95.096 88.112 85.324 82.180 85.967 88.645 90.877 98.989 101.853 100.151 105.365 104.647 108.192 109.752 114.781 116.165 105.785 100.219 94.246 90.050 87.254 95.728 89.780 92.253 95.876 99.154 97.430 97.050 91.359 88.871 89.443 83.584 78.205 75.742
131.486 128.332 159.745 167.830 127.725 140.321 149.136 139.053 134.417 144.939 147.524 133.182 118.404 119.248 107.868 104.924 101.518 98.867 94.646 88.763 82.614 84.153 82.215 88.852 82.591 85.604 89.525 92.895 97.901 99.749 106.759 102.478 94.576 86.377 82.796 79.701 86.107 93.311 92.016 98.799 105.494 107.029 108.934 111.230 115.973 116.563 122.186 108.697 101.200 99.291 96.095 90.795 95.920 87.523 87.312 89.982 90.982 96.565 91.896 96.988 94.810 97.418 90.852 87.328 83.679 82.862
132.893 145.845 166.073 150.659 143.115 138.583 134.778 163.334 143.200 133.008 122.970 124.838 115.136 109.030 103.916 101.621 97.527 96.032 93.399 88.228 83.818 84.022 82.049 86.702 84.911 86.865 86.471 83.620 89.556 94.760 99.649 103.319 91.516 84.497 81.353 78.710 82.230 90.130 90.086 89.325 102.759 111.662 113.362 111.623 110.818 117.665 118.433 108.359 100.150 95.167 89.561 94.552 91.638 85.698 96.885 93.916 94.522 93.901 91.657 91.061 96.360 101.086 97.320 102.453 105.963 89.115
147.159 176.586 132.893 147.196 126.746 130.524 132.815 170.323 128.528 120.702 120.200 116.096 103.593 101.089 100.530 98.218 94.962 94.573 90.205 88.611 84.263 84.429 81.937 88.213 84.426 80.878 86.644 86.772 85.370 89.230 95.701 99.548 91.950 94.379 80.297 77.913 80.214 85.711 89.103 93.176 98.391 101.181 102.071 101.299 105.634 109.696 117.295 109.931 102.030 93.637 88.928 86.526 91.441 92.837 91.828 94.173 93.266 93.562 89.912 86.467 93.671 101.634 108.213 108.762 99.952 83.612
135.526 176.033 119.802 116.537 116.047 120.045 119.157 159.233 121.865 124.283 116.542 113.268 105.001 105.994 103.674 104.782 98.062 94.893 89.545 90.118 87.485 85.788 88.960 87.958 83.378 85.267 80.438 80.367 85.780 91.358 87.712 92.165 92.514 92.075 75.414 72.512 79.556 85.321 88.878 95.109 99.469 94.445 94.779 94.891 98.887 103.027 116.549 112.158 98.900 95.551 95.267 92.822 89.225 86.082 94.222 100.023 83.680 80.148 87.393 89.000 89.013 98.088 97.983 101.142 97.127 80.922
138.900 146.232 121.604 123.129 117.882 116.721 123.922 125.507 142.277 124.816 123.292 117.918 107.664 109.092 106.147 104.038 99.662 95.835 92.749 93.008 89.062 87.862 89.898 87.808 85.084 81.266 80.205 78.001 80.396 85.302 90.491 85.610 90.180 88.442 73.123 69.052 78.937 85.685 96.580 96.219 89.405 92.329 92.950 95.439 100.228 101.017 111.880 115.559 102.447 96.585 96.543 93.083 87.319 85.403 83.554 96.813 83.307 78.632 83.568 80.626 89.990 85.816 91.425 88.328 87.037 66.211
143.038 120.447 119.125 112.124 111.484 118.455 116.301 135.875 150.368 137.471 116.088 127.891 121.262 110.806 103.378 102.123 100.485 99.155 100.081 97.580 92.532 91.023 84.675 89.859 85.696 81.564 82.234 80.390 73.675 75.580 78.216 85.327 82.129 86.188 71.456 65.759 74.144 81.679 85.965 92.355 85.747 87.038 88.540 94.780 100.519 101.322 110.400 117.293 106.975 101.854 95.056 94.123 86.761 85.514 82.884 92.351 84.142 79.377 76.969 77.656 79.643 81.201 82.814 82.670 70.537 68.377
123.889 119.271 125.696 109.642 111.870 111.470 112.168 131.948 158.421 154.569 148.642 121.854 112.999 107.998 100.647 102.588 102.126 101.725 100.797 99.785 94.975 91.296 86.993 85.151 88.787 88.313 85.854 81.197 75.395 73.381 71.995 74.465 80.053 83.898 71.409 66.273 74.785 82.614 86.384 92.121 80.831 90.113 87.489 92.438 99.263 101.966 110.639 110.234 105.139 101.592 92.454 96.467 88.791 85.550 80.539 87.433 85.632 77.468 69.907 74.297 73.939 75.450 74.786 77.530 62.757 67.545
125.698 116.127 93.211 100.168 111.150 117.706 132.422 155.680 172.865 133.158 111.644 113.141 113.575 110.246 104.536 105.112 104.810 103.256 101.514 98.921 94.329 92.437 89.088 86.309 86.244 88.006 85.552 81.361 75.296 70.164 67.366 64.269 67.018 69.928 72.412 65.393 72.422 83.106 88.707 81.081 80.655 85.263 87.073 91.572 96.529 104.385 106.590 101.003 96.969 95.695 93.732 96.106 86.296 82.887 77.562 82.873 88.464 72.431 64.130 64.401 65.797 66.625 66.898 61.470 54.965 44.640
105.675 103.121 79.891 90.972 103.324 121.429 131.578 145.228 167.693 124.100 126.490 125.804 118.948 114.050 107.436 107.527 106.583 105.388 102.973 99.368 95.189 93.761 90.036 87.439 84.914 89.414 87.504 83.774 79.363 73.744 73.377 75.459 66.470 65.090 66.825 62.019 69.874 74.957 75.770 75.229 81.217 83.952 97.292 94.359 100.058 106.202 103.834 99.010 91.937 89.706 91.663 88.421 81.027 76.076 77.607 86.196 87.211 74.529 65.784 64.701 61.423 60.938 58.221 53.131 50.471 49.486
96.224 81.654 92.207 89.022 93.071 109.235 118.172 121.140 151.795 145.319 131.754 127.059 115.926 117.381 111.509 111.545 109.846 108.667 104.369 102.129 94.280 92.793 89.578 88.786 84.548 92.462 95.907 91.694 86.419 84.055 80.148 77.673 72.823 70.914 63.501 62.339 62.953 66.448 65.147 69.998 81.545 84.024 87.291 90.077 102.154 104.030 103.440 96.547 98.356 91.732 83.679 80.480 73.626 68.368 74.287 87.985 81.081 74.737 69.428 63.845 53.570 52.304 50.887 46.148 49.789 52.016
101.576 92.087 90.999 92.179 101.374 108.392 115.704 115.202 130.303 138.322 148.988 150.481 128.616 114.328 118.549 117.412 109.294 109.306 107.947 101.743 96.290 95.238 89.397 87.763 91.378 92.641 91.778 89.630 92.400 89.408 84.281 80.899 78.371 75.059 68.597 64.573 60.063 62.833 67.288 74.912 76.185 76.832 86.470 94.888 99.770 97.301 103.650 97.325 96.040 92.687 84.723 79.099 71.323 68.586 74.587 78.689 71.828 69.606 63.727 59.879 50.212 50.995 52.891 51.754 54.083 53.230
86.472 79.660 87.600 82.514 101.965 113.091 117.555 134.410 125.422 112.595 116.154 135.342 147.491 127.372 115.117 113.957 103.625 105.085 106.313 103.604 98.789 93.732 89.168 88.996 86.902 93.954 95.528 95.556 91.934 96.867 90.884 88.303 85.705 85.048 78.250 71.704 63.700 59.523 61.755 62.742 73.899 81.116 87.575 91.626 87.776 90.515 101.132 98.132 94.425 93.504 85.797 78.921 68.125 64.531 71.988 70.375 62.780 57.425 50.197 48.719 51.967 56.441 60.774 59.849 61.230 55.728
74.927 74.557 83.819 83.433 98.024 109.556 114.968 112.837 114.744 120.244 113.307 120.584 130.737 118.251 109.306 107.077 101.297 98.534 101.022 98.609 96.773 96.597 89.231 89.172 95.208 95.716 93.951 98.894 94.920 90.863 95.665 92.463 90.909 88.715 83.656 78.414 69.019 65.247 58.741 60.446 72.475 78.540 84.973 86.988 94.021 99.252 98.084 97.799 92.131 94.543 85.463 77.465 68.165 65.663 65.523 64.493 55.027 54.083 49.739 51.988 52.884 58.802 64.207 65.970 64.949 60.128
62.814 75.979 82.987 83.025 98.350 98.720 114.450 107.817 112.888 109.439 105.233 111.373 122.710 110.846 107.281 100.887 103.965 96.990 98.599 93.298 97.394 97.161 91.918 92.195 94.732 95.167 95.019 95.784 91.534 93.924 95.591 91.801 88.493 95.446 88.775 82.671 73.955 69.932 60.479 55.448 63.811 71.876 81.034 82.077 85.731 92.708 91.419 98.340 91.049 89.817 84.947 78.672 69.953 65.908 57.289 57.284 48.655 48.876 54.836 56.655 63.324 65.793 68.274 68.229 65.346 72.100
59.493 70.176 75.631 74.360 88.557 80.141 103.475 100.344 103.955 109.125 104.800 119.843 110.033 113.302 108.341 110.173 96.902 96.280 91.287 96.132 95.307 96.374 94.869 95.356 96.005 94.256 93.380 90.522 90.845 90.873 92.792 92.891 93.433 91.499 91.410 85.689 78.429 73.421 63.535 55.711 59.609 64.463 73.245 78.616 82.125 84.906 92.982 84.044 79.766 73.654 73.619 73.649 69.644 64.747 56.116 53.445 51.237 53.154 61.123 61.100 69.181 72.071 71.844 67.258 70.066 78.289
55.590 59.628 65.093 67.205 74.252 68.105 86.853 84.593 92.397 105.706 94.900 85.582 111.306 107.157 103.415 107.292 90.686 92.698 86.945 91.344 95.232 92.399 96.956 96.133 92.200 90.024 89.968 89.861 90.384 90.687 93.617 93.094 89.511 92.677 90.997 92.077 86.435 78.429 68.283 59.994 54.004 52.137 61.481 67.108 74.651 79.424 81.862 75.705 75.504 68.936 62.490 59.812 53.711 52.670 55.934 50.342 56.215 60.929 69.601 70.403 69.938 77.708 76.754 71.355 83.819 74.020
53.338 54.253 54.868 57.896 60.124 64.432 76.782 78.824 92.644 100.107 80.831 80.926 87.283 95.327 101.545 100.528 87.097 87.619 85.894 88.389 91.452 95.751 94.568 94.449 96.406 88.907 89.568 89.038 89.095 87.972 90.490 89.493 90.128 92.893 93.211 87.106 91.184 81.940 72.903 67.014 58.798 55.123 55.305 63.072 70.333 78.892 75.317 69.799 66.723 63.569 53.677 51.886 49.861 50.435 50.170 50.661 58.604 64.361 72.051 75.194 72.686 71.823 77.003 85.551 81.403 87.758
51.345 46.273 46.171 48.222 50.522 56.247 66.087 61.359 82.703 91.607 67.972 71.520 76.956 81.757 96.627 96.016 83.714 82.483 79.240 85.763 91.476 96.012 92.365 91.114 95.420 95.094 94.164 94.191 93.466 91.550 85.359 84.145 84.617 82.178 82.331 82.220 90.868 87.458 79.875 75.901 67.139 59.733 49.593 53.808 64.282 69.384 60.456 58.349 53.184 49.122 49.229 52.228 52.873 52.200 51.049 56.318 64.191 66.865 74.339 77.413 79.283 78.320 83.395 86.038 84.284 95.821
52.628 51.986 49.971 48.794 50.405 44.302 55.630 57.136 72.120 76.042 66.720 70.011 79.507 85.416 96.279 90.711 81.032 79.769 78.839 84.161 94.079 98.805 94.073 92.531 89.902 95.055 94.631 94.412 92.099 87.935 84.932 84.067 81.987 77.596 81.414 73.050 77.841 80.496 84.690 81.616 71.979 63.999 50.790 48.521 57.773 58.149 54.755 50.963 51.559 52.028 52.091 56.340 61.584 55.618 51.869 55.208 67.380 70.035 75.045 78.693 85.812 88.609 95.842 94.376 93.962 87.413
52.585 51.667 51.379 50.836 48.052 48.746 44.748 52.018 53.525 53.421 59.107 63.329 74.579 84.906 87.030 79.425 71.577 68.560 77.026 83.771 96.086 94.792 95.183 91.080 94.068 91.790 92.936 90.653 89.880 89.370 89.407 86.506 81.193 78.446 71.899 70.454 65.351 65.064 71.314 75.530 80.008 74.164 56.495 50.713 48.078 46.855 48.285 50.092 52.607 56.979 62.433 68.790 70.487 66.446 57.133 51.862 62.358 73.076 71.681 72.295 78.111 83.730 92.492 98.557 97.951 108.162
54.538 54.362 52.747 52.150 51.418 52.329 50.839 51.809 51.188 54.860 60.430 64.058 73.020 67.744 72.085 69.870 60.267 65.888 73.101 84.257 95.100 92.465 93.802 96.521 92.267 90.955 88.755 90.745 90.720 90.625 91.842 90.227 85.348 80.799 74.337 72.458 68.420 66.276 64.159 61.796 63.662 66.218 56.655 50.014 50.851 51.194 51.105 55.225 61.366 67.272 68.841 73.318 76.243 70.091 56.822 54.683 58.358 65.248 68.126 71.450 82.574 84.833 91.130 91.608 99.396 96.749
64.546 60.286 54.985 54.217 52.559 49.326 48.554 48.352 48.945 51.618 58.110 66.251 55.668 51.469 62.053 68.701 59.575 65.098 75.884 88.385 94.046 90.914 97.769 96.532 92.205 90.075 83.966 92.900 94.443 92.147 89.229 97.081 91.505 87.642 81.565 81.509 75.109 70.219 55.415 50.514 47.926 48.824 46.959 47.999 49.836 54.343 59.374 64.219 70.091 72.595 77.368 81.384 81.878 72.070 61.775 58.030 55.057 57.065 71.212 71.682 80.343 85.570 86.379 91.050 88.647 89.890
