test_integration/test_sample_run/example/output_maps/snowdepthN0019.asc
ncols         174
nrows         141
xllcorner     744500.000000
yllcorner     5140950.000000
cellsize      250.000000
NODATA_value  -9999.0
[rows 29 to 57 of 141, columns 0 to 64 of 174]
-9999.000 -9999.000 -9999.000 -9999.000 -9999.000 -9999.000 -9999.000 -9999.000 -9999.000 -9999.000 -9999.000 -9999.000 -9999.000 -9999.000 -9999.000 -9999.000 -9999.000 -9999.000 -9999.000 -9999.000 -9999.000 -9999.000 -9999.000 -9999.000 -9999.000 -9999.000 -9999.000 -9999.000 -9999.000 -9999.000 -9999.000 -9999.000 -9999.000 -9999.000 -9999.000 -9999.000 -9999.000 -9999.000 -9999.000 226.363 223.165 226.869 228.560 -9999.000 253.825 -9999.000 -9999.000 -9999.000 -9999.000 -9999.000 -9999.000 -9999.000 -9999.000 -9999.000 -9999.000 -9999.000 -9999.000 -9999.000 -9999.000 -9999.000 -9999.000 204.621 253.287 207.519 197.920
-9999.000 -9999.000 -9999.000 -9999.000 -9999.000 -9999.000 -9999.000 -9999.000 -9999.000 -9999.000 -9999.000 -9999.000 -9999.000 -9999.000 -9999.000 -9999.000 -9999.000 -9999.000 -9999.000 -9999.000 -9999.000 -9999.000 -9999.000 -9999.000 -9999.000 -9999.000 -9999.000 -9999.000 -9999.000 -9999.000 -9999.000 -9999.000 -9999.000 -9999.000 -9999.000 -9999.000 -9999.000 -9999.000 280.301 191.253 232.511 232.398 231.763 223.262 234.470 287.138 -9999.000 -9999.000 -9999.000 -9999.000 -9999.000 -9999.000 -9999.000 -9999.000 -9999.000 -9999.000 -9999.000 -9999.000 -9999.000 -9999.000 188.127 215.676 199.839 265.116 242.693
-9999.000 -9999.000 -9999.000 -9999.000 -9999.000 -9999.000 -9999.000 -9999.000 -9999.000 -9999.000 -9999.000 -9999.000 -9999.000 -9999.000 -9999.000 -9999.000 -9999.000 -9999.000 -9999.000 -9999.000 -9999.000 -9999.000 -9999.000 -9999.000 -9999.000 -9999.000 -9999.000 -9999.000 -9999.000 -9999.000 -9999.000 -9999.000 -9999.000 -9999.000 -9999.000 -9999.000 -9999.000 261.988 222.328 233.358 228.024 228.994 205.819 215.442 279.540 243.241 222.535 242.358 -9999.000 -9999.000 -9999.000 -9999.000 -9999.000 -9999.000 -9999.000 -9999.000 -9999.000 -9999.000 -9999.000 322.887 208.451 229.862 210.910 168.383 232.028
-9999.000 -9999.000 -9999.000 -9999.000 -9999.000 -9999.000 -9999.000 -9999.000 -9999.000 -9999.000 -9999.000 -9999.000 -9999.000 -9999.000 -9999.000 -9999.000 -9999.000 -9999.000 -9999.000 -9999.000 -9999.000 -9999.000 -9999.000 -9999.000 -9999.000 -9999.000 -9999.000 -9999.000 -9999.000 -9999.000 -9999.000 -9999.000 -9999.000 -9999.000 -9999.000 -9999.000 259.626 265.671 240.971 228.663 234.842 215.305 189.548 179.895 191.925 170.028 232.247 234.474 258.302 -9999.000 -9999.000 -9999.000 -9999.000 -9999.000 -9999.000 -9999.000 217.023 203.536 181.620 315.809 206.394 164.838 187.160 178.711 195.449
-9999.000 -9999.000 -9999.000 -9999.000 -9999.000 -9999.000 -9999.000 -9999.000 -9999.000 -9999.000 -9999.000 -9999.000 -9999.000 -9999.000 -9999.000 -9999.000 -9999.000 -9999.000 -9999.000 -9999.000 -9999.000 -9999.000 -9999.000 -9999.000 -9999.000 -9999.000 -9999.000 -9999.000 -9999.000 -9999.000 -9999.000 -9999.000 -9999.000 -9999.000 -9999.000 250.094 255.707 256.609 257.570 225.407 208.150 179.896 178.944 151.189 141.704 127.113 172.805 205.157 231.846 233.554 165.272 373.113 161.695 236.958 238.383 221.000 163.603 174.960 167.755 259.733 175.544 176.803 167.550 128.592 214.657
-9999.000 -9999.000 -9999.000 -9999.000 -9999.000 -9999.000 -9999.000 -9999.000 -9999.000 -9999.000 -9999.000 -9999.000 -9999.000 -9999.000 -9999.000 -9999.000 -9999.000 -9999.000 -9999.000 -9999.000 -9999.000 -9999.000 -9999.000 -9999.000 -9999.000 -9999.000 -9999.000 -9999.000 -9999.000 -9999.000 -9999.000 -9999.000 -9999.000 222.225 241.100 244.820 236.179 228.507 251.410 222.463 175.240 177.378 161.997 145.745 144.233 164.276 172.183 170.916 194.155 224.164 181.758 281.639 171.580 206.591 235.346 221.884 201.278 188.807 152.932 154.548 220.493 163.933 158.114 123.872 202.486
-9999.000 -9999.000 -9999.000 -9999.000 -9999.000 -9999.000 -9999.000 -9999.000 -9999.000 -9999.000 -9999.000 -9999.000 -9999.000 -9999.000 -9999.000 -9999.000 -9999.000 -9999.000 -9999.000 -9999.000 -9999.000 -9999.000 -9999.000 -9999.000 -9999.000 -9999.000 -9999.000 -9999.000 -9999.000 -9999.000 -9999.000 -9999.000 215.872 203.966 200.406 215.471 202.178 179.123 220.659 246.595 190.281 173.708 118.466 141.255 146.585 128.219 162.681 163.779 230.843 284.547 270.304 207.603 318.571 171.836 207.133 213.906 182.716 192.088 151.160 145.009 214.321 150.720 152.774 127.169 177.399
-9999.000 -9999.000 -9999.000 -9999.000 -9999.000 -9999.000 -9999.000 -9999.000 -9999.000 -9999.000 -9999.000 -9999.000 -9999.000 -9999.000 -9999.000 -9999.000 -9999.000 -9999.000 -9999.000 -9999.000 -9999.000 -9999.000 -9999.000 -9999.000 -9999.000 -9999.000 -9999.000 -9999.000 -9999.000 -9999.000 -9999.000 -9999.000 -9999.000 200.080 185.199 176.843 191.679 181.710 177.417 204.448 163.986 143.363 134.136 142.480 136.376 141.271 157.605 220.863 245.678 235.022 248.257 253.727 260.460 299.376 253.967 194.964 162.531 182.377 173.184 142.255 161.039 136.845 152.721 138.788 146.974
-9999.000 -9999.000 -9999.000 -9999.000 -9999.000 -9999.000 -9999.000 -9999.000 -9999.000 -9999.000 -9999.000 -9999.000 -9999.000 -9999.000 -9999.000 -9999.000 -9999.000 -9999.000 -9999.000 -9999.000 -9999.000 -9999.000 -9999.000 -9999.000 -9999.000 -9999.000 -9999.000 -9999.000 -9999.000 -9999.000 -9999.000 -9999.000 -9999.000 185.375 180.615 175.694 150.900 176.424 123.448 165.238 172.910 170.180 113.757 138.544 131.961 131.896 174.681 200.877 220.914 196.822 228.279 310.521 187.861 173.504 191.075 230.946 184.502 149.672 159.711 150.705 116.735 122.261 142.439 134.614 136.320
-9999.000 -9999.000 -9999.000 -9999.000 -9999.000 -9999.000 -9999.000 -9999.000 -9999.000 -9999.000 -9999.000 -9999.000 -9999.000 -9999.000 -9999.000 -9999.000 -9999.000 -9999.000 -9999.000 -9999.000 -9999.000 -9999.000 -9999.000 -9999.000 -9999.000 -9999.000 -9999.000 -9999.000 -9999.000 -9999.000 -9999.000 -9999.000 -9999.000 220.704 179.484 148.227 153.421 128.106 126.797 127.732 133.410 154.045 113.843 132.210 126.167 132.588 172.329 195.260 205.392 243.624 236.136 223.350 182.540 205.261 165.379 162.420 265.789 148.590 129.375 140.309 127.786 121.229 133.204 118.874 120.616
-9999.000 -9999.000 -9999.000 -9999.000 -9999.000 -9999.000 -9999.000 -9999.000 -9999.000 -9999.000 -9999.000 -9999.000 -9999.000 -9999.000 -9999.000 -9999.000 -9999.000 -9999.000 -9999.000 -9999.000 -9999.000 -9999.000 -9999.000 -9999.000 -9999.000 -9999.000 -9999.000 -9999.000 -9999.000 -9999.000 -9999.000 -9999.000 -9999.000 224.311 202.111 194.754 133.281 113.671 119.309 102.245 108.736 110.301 118.909 121.430 120.187 160.479 155.399 173.562 221.832 209.613 194.641 204.578 228.954 184.684 168.153 141.028 187.374 190.088 122.960 126.754 106.530 115.245 122.036 92.580 122.103
-9999.000 -9999.000 -9999.000 -9999.000 -9999.000 -9999.000 -9999.000 -9999.000 -9999.000 -9999.000 -9999.000 -9999.000 -9999.000 -9999.000 -9999.000 -9999.000 -9999.000 -9999.000 -9999.000 -9999.000 -9999.000 -9999.000 -9999.000 -9999.000 -9999.000 -9999.000 -9999.000 -9999.000 -9999.000 -9999.000 -9999.000 -9999.000 176.326 160.755 151.701 136.659 119.448 124.320 124.626 122.082 119.246 100.218 109.926 106.735 115.126 177.779 153.013 141.540 172.512 191.524 194.617 212.546 243.441 186.870 148.792 140.287 137.186 219.962 169.496 126.125 93.140 119.112 118.906 94.522 104.668
-9999.000 -9999.000 -9999.000 -9999.000 -9999.000 -9999.000 -9999.000 -9999.000 -9999.000 -9999.000 -9999.000 -9999.000 -9999.000 -9999.000 -9999.000 -9999.000 -9999.000 -9999.000 -9999.000 -9999.000 -9999.000 -9999.000 -9999.000 -9999.000 -9999.000 -9999.000 -9999.000 -9999.000 -9999.000 -9999.000 -9999.000 163.920 146.396 145.233 145.727 138.632 140.137 129.932 124.754 114.252 114.570 107.288 100.649 95.989 107.934 158.564 125.459 134.666 135.968 147.540 180.372 168.181 197.570 201.495 127.145 127.911 116.277 166.623 140.413 132.860 115.969 113.736 111.466 89.400 118.491
-9999.000 -9999.000 -9999.000 -9999.000 -9999.000 -9999.000 -9999.000 -9999.000 -9999.000 -9999.000 -9999.000 -9999.000 -9999.000 -9999.000 -9999.000 -9999.000 -9999.000 -9999.000 -9999.000 -9999.000 -9999.000 -9999.000 -9999.000 -9999.000 -9999.000 -9999.000 -9999.000 -9999.000 -9999.000 -9999.000 180.736 171.213 167.057 163.204 141.262 147.468 130.815 121.862 122.762 114.427 106.260 103.026 101.684 90.493 98.754 105.949 111.845 135.674 124.003 116.714 137.487 151.496 154.800 185.795 127.362 133.146 122.289 133.475 185.734 130.935 98.453 107.428 110.085 95.247 96.055
-9999.000 -9999.000 -9999.000 -9999.000 -9999.000 -9999.000 -9999.000 -9999.000 -9999.000 -9999.000 -9999.000 -9999.000 -9999.000 -9999.000 -9999.000 -9999.000 -9999.000 -9999.000 -9999.000 -9999.000 -9999.000 -9999.000 -9999.000 -9999.000 -9999.000 -9999.000 -9999.000 -9999.000 -9999.000 -9999.000 185.399 193.701 177.136 173.542 176.483 157.641 134.340 149.817 157.906 139.234 103.928 95.651 93.431 95.796 83.897 78.759 95.259 87.135 112.465 103.416 94.419 140.249 143.702 146.253 145.379 127.926 116.997 117.263 171.113 142.073 102.330 98.786 100.139 98.231 132.695
-9999.000 -9999.000 -9999.000 -9999.000 -9999.000 -9999.000 -9999.000 -9999.000 -9999.000 -9999.000 -9999.000 -9999.000 -9999.000 -9999.000 -9999.000 -9999.000 -9999.000 -9999.000 -9999.000 -9999.000 -9999.000 -9999.000 -9999.000 -9999.000 -9999.000 -9999.000 -9999.000 -9999.000 -9999.000 -9999.000 186.039 186.443 206.494 174.788 193.809 163.541 150.372 235.614 163.385 123.026 93.841 97.183 92.105 87.966 95.089 95.287 94.462 81.959 82.075 92.739 92.488 100.888 124.354 114.876 144.892 102.746 114.483 126.905 126.837 147.308 97.208 99.455 106.220 95.413 118.706
-9999.000 -9999.000 -9999.000 -9999.000 -9999.000 -9999.000 -9999.000 -9999.000 -9999.000 -9999.000 -9999.000 -9999.000 -9999.000 -9999.000 -9999.000 -9999.000 -9999.000 -9999.000 -9999.000 -9999.000 -9999.000 -9999.000 175.361 179.169 178.426 178.408 203.319 -9999.000 -9999.000 -9999.000 208.682 204.336 213.344 182.103 191.836 163.169 232.428 158.235 129.374 107.209 90.316 107.457 99.792 99.551 90.731 89.906 87.897 86.471 80.395 80.628 81.268 86.927 96.988 102.168 106.802 99.612 108.904 107.817 102.801 112.261 83.584 82.312 87.549 89.216 134.966
-9999.000 -9999.000 -9999.000 -9999.000 -9999.000 -9999.000 -9999.000 -9999.000 -9999.000 -9999.000 -9999.000 -9999.000 -9999.000 -9999.000 -9999.000 -9999.000 -9999.000 -9999.000 -9999.000 -9999.000 -9999.000 166.218 175.487 179.686 176.696 175.189 209.240 213.187 -9999.000 242.494 214.131 226.255 223.193 253.362 195.781 240.541 183.636 147.597 113.928 100.642 103.759 95.895 97.777 131.069 100.093 90.195 90.344 76.063 80.141 83.960 82.309 89.983 86.044 90.916 79.948 95.742 90.363 80.123 82.235 76.511 69.619 80.895 73.524 98.727 151.146
-9999.000 -9999.000 -9999.000 -9999.000 -9999.000 -9999.000 -9999.000 -9999.000 -9999.000 -9999.000 -9999.000 -9999.000 -9999.000 -9999.000 -9999.000 -9999.000 -9999.000 -9999.000 -9999.000 163.325 160.433 165.300 174.623 178.047 175.648 201.832 209.874 224.576 225.174 249.748 216.149 262.920 250.406 225.633 236.671 156.670 133.861 134.762 105.965 109.312 106.781 101.150 132.684 136.844 119.994 115.433 101.246 89.012 72.928 76.297 77.725 77.269 79.618 74.678 70.624 73.142 72.428 67.639 67.374 65.712 67.579 68.824 75.098 119.078 118.412
-9999.000 -9999.000 -9999.000 -9999.000 -9999.000 -9999.000 -9999.000 -9999.000 -9999.000 -9999.000 -9999.000 -9999.000 -9999.000 -9999.000 -9999.000 -9999.000 178.082 164.186 155.289 160.631 157.582 160.397 177.525 182.648 187.434 175.256 251.543 198.868 218.801 251.090 223.402 218.584 217.266 190.134 166.352 138.796 132.136 122.818 114.668 112.288 112.096 123.901 140.847 140.839 138.045 155.172 130.982 128.496 84.239 73.173 74.768 73.691 74.968 73.956 75.349 77.391 77.209 75.295 70.372 69.409 70.467 67.749 84.483 83.960 105.850
-9999.000 -9999.000 -9999.000 -9999.000 -9999.000 -9999.000 -9999.000 -9999.000 -9999.000 -9999.000 -9999.000 -9999.000 -9999.000 -9999.000 -9999.000 -9999.000 160.012 156.221 156.996 158.144 161.415 167.926 176.845 182.108 208.311 193.385 182.467 225.865 297.514 254.621 294.790 206.697 186.737 153.352 144.389 130.667 130.284 132.818 124.448 118.178 137.830 127.865 167.567 195.516 169.052 131.756 114.669 100.742 94.482 85.330 71.220 72.628 71.395 71.000 71.943 72.155 71.984 70.531 68.050 67.470 69.649 66.361 64.413 66.317 81.968
-9999.000 -9999.000 -9999.000 -9999.000 -9999.000 -9999.000 -9999.000 -9999.000 -9999.000 -9999.000 -9999.000 -9999.000 -9999.000 -9999.000 -9999.000 165.021 156.489 161.351 158.622 156.410 163.831 169.592 180.511 187.256 193.762 233.696 209.856 209.578 258.299 262.507 244.626 179.384 154.906 154.949 146.396 142.060 135.005 126.297 125.379 147.530 148.526 137.736 204.621 169.599 140.819 128.870 113.655 95.294 87.540 78.052 68.136 71.296 69.926 68.440 65.041 63.456 63.863 62.320 61.567 63.767 68.176 68.288 70.108 69.062 68.726
-9999.000 -9999.000 -9999.000 -9999.000 -9999.000 -9999.000 -9999.000 -9999.000 -9999.000 -9999.000 -9999.000 -9999.000 -9999.000 -9999.000 164.704 166.053 158.903 158.641 157.308 158.753 167.090 171.099 183.444 190.728 191.498 240.456 235.757 225.022 242.894 308.383 189.539 169.290 146.044 155.931 149.212 145.580 149.205 140.249 156.980 177.664 152.095 190.294 156.537 135.977 112.994 117.949 97.315 90.257 76.457 74.034 70.312 69.898 69.646 71.845 75.647 75.472 74.398 74.687 77.031 70.842 66.355 68.172 66.824 67.131 68.096
-9999.000 -9999.000 -9999.000 -9999.000 -9999.000 -9999.000 -9999.000 -9999.000 -9999.000 -9999.000 -9999.000 -9999.000 -9999.000 166.526 167.370 164.248 156.570 155.968 154.165 158.612 166.474 172.306 182.621 187.352 197.395 221.369 258.893 271.738 232.663 206.747 184.753 181.001 154.659 155.448 144.997 151.805 162.805 164.474 182.700 176.516 172.740 184.345 131.172 125.635 117.576 109.871 91.541 82.474 72.340 72.138 72.463 73.290 75.258 82.875 86.020 94.783 91.219 96.382 94.154 75.224 65.838 66.368 66.110 66.446 68.076
-9999.000 -9999.000 -9999.000 -9999.000 -9999.000 -9999.000 -9999.000 -9999.000 -9999.000 -9999.000 -9999.000 -9999.000 172.016 166.194 160.187 161.913 151.314 153.446 152.354 156.687 167.520 178.615 189.016 188.970 199.678 233.462 229.756 264.595 213.034 209.854 202.119 186.606 165.986 171.522 164.821 176.112 175.835 182.653 185.808 189.372 182.481 128.406 118.788 128.698 121.003 100.719 85.244 82.218 74.886 73.437 71.729 75.381 92.173 99.544 105.100 111.543 115.400 113.018 107.407 88.497 75.287 69.989 65.241 66.716 66.566
-9999.000 -9999.000 -9999.000 -9999.000 230.347 -9999.000 -9999.000 -9999.000 -9999.000 -9999.000 -9999.000 175.351 165.576 162.128 157.891 152.697 149.725 150.624 151.757 157.758 172.067 177.859 190.873 195.757 195.751 198.100 190.832 195.385 247.303 199.443 190.503 192.520 176.442 175.332 186.239 184.504 183.236 200.596 186.881 148.987 127.674 125.610 126.276 126.131 117.977 101.562 85.369 78.220 75.013 71.019 78.449 82.849 102.763 113.323 120.329 129.820 151.644 131.301 108.095 108.407 81.900 75.546 68.038 65.484 63.949
-9999.000 -9999.000 -9999.000 -9999.000 210.103 176.805 132.103 169.925 178.536 197.543 169.703 162.088 163.779 161.346 152.450 149.599 147.061 147.442 152.472 156.909 169.488 177.581 192.566 192.100 176.517 162.518 176.793 177.319 208.435 210.645 194.186 198.049 186.940 178.125 186.592 191.682 196.325 168.441 129.864 130.888 138.384 130.949 121.980 121.843 115.136 93.446 78.606 73.630 72.504 69.946 77.317 92.172 110.182 124.044 141.419 153.368 126.716 113.185 106.033 86.982 74.187 72.125 69.117 71.062 68.943
-9999.000 -9999.000 -9999.000 -9999.000 183.006 153.524 171.539 173.505 170.962 185.714 166.268 171.565 163.483 160.254 147.867 145.939 142.428 141.152 147.077 150.362 168.262 180.295 171.112 175.260 182.208 187.110 185.863 181.541 208.186 211.721 193.876 196.138 198.615 170.783 192.523 197.237 175.974 140.367 129.410 135.010 129.247 129.103 121.600 115.532 102.737 82.668 69.603 71.702 71.504 73.417 86.432 98.594 117.360 130.526 158.646 138.732 105.771 95.966 91.791 92.982 77.569 70.460 68.795 74.710 75.113
-9999.000 -9999.000 -9999.000 -9999.000 -9999.000 174.664 156.704 163.465 166.667 174.890 174.209 167.208 157.249 149.705 144.050 141.278 136.121 134.858 142.351 148.728 169.778 160.833 164.628 166.215 166.295 173.882 184.106 180.674 181.261 210.486 201.844 198.605 203.367 192.463 211.051 194.071 141.436 135.206 128.002 125.527 117.286 116.650 100.677 91.433 85.427 79.129 66.543 71.301 79.030 80.649 90.799 105.080 123.247 142.736 155.078 119.204 93.764 92.932 87.134 81.495 76.060 75.309 71.069 83.815 83.806
