test_integration/test_sample_run/example/output_maps/snowdepthN0005.asc
ncols         174
nrows         141
xllcorner     744500.000000
yllcorner     5140950.000000
cellsize      250.000000
NODATA_value  -9999.0
[rows 62 to 92 of 141, columns 68 to 135 of 174]
0.735 0.446 0.245 0.174 0.189 0.188 0.187 0.208 0.222 0.251 0.310 0.370 0.487 0.580 0.942 1.035 1.624 2.411 3.277 3.273 2.665 2.691 3.875 5.271 7.601 10.545 12.728 14.670 16.759 15.239 16.078 13.197 13.202 12.800 8.695 4.252 1.978 3.107 9.041 8.657 3.324 3.420 10.117 20.783 25.018 23.101 22.241 21.145 23.159 21.934 20.410 17.593 14.573 15.367 13.705 9.158 6.105 7.366 11.165 12.803 16.934 20.616 25.348 32.217 24.958 17.429 16.009 15.808
0.793 0.613 0.533 0.467 0.477 0.488 0.464 0.457 0.435 0.411 0.373 0.385 0.453 0.512 0.581 0.771 1.122 1.199 1.563 1.739 2.248 3.137 4.320 5.517 8.269 10.301 16.387 18.146 13.071 11.173 10.760 10.845 6.310 3.718 2.824 2.107 1.938 2.086 5.090 3.030 4.003 4.824 11.507 18.249 25.330 28.935 30.061 32.600 34.921 29.166 21.273 20.101 21.167 18.989 14.051 9.848 6.976 7.437 10.266 11.995 16.407 20.222 23.888 29.161 28.407 20.236 17.055 17.095
1.080 0.766 0.859 0.845 0.740 0.939 0.772 0.889 0.840 0.651 0.769 0.663 0.560 0.505 0.572 0.646 0.932 0.985 1.213 1.712 3.008 4.526 6.201 6.836 9.703 13.165 13.921 11.663 11.231 10.389 5.138 6.161 5.980 4.269 2.071 1.868 1.856 1.868 2.619 3.260 3.769 4.434 10.055 12.818 17.036 18.493 23.078 26.995 30.574 36.617 25.076 20.724 27.886 21.854 12.988 9.210 6.417 7.061 9.957 12.483 15.324 17.793 22.112 22.251 29.537 28.717 16.766 19.591
1.282 1.123 1.348 1.606 1.471 1.745 1.600 1.539 1.245 1.253 1.528 1.772 1.563 1.261 0.978 0.629 0.901 1.278 2.088 3.002 4.783 6.141 7.992 9.987 12.747 8.556 7.411 8.645 6.554 5.437 3.966 2.767 1.628 1.739 1.740 1.997 4.668 4.529 3.090 3.777 4.814 4.482 5.003 7.289 12.218 14.461 18.425 20.036 27.818 31.777 31.722 32.653 26.075 18.298 15.351 15.527 10.239 7.603 8.842 10.269 14.408 16.562 18.179 23.131 21.945 23.161 25.663 24.705
1.810 1.337 1.799 2.313 2.486 2.518 2.562 2.320 1.870 1.980 2.305 2.450 2.379 2.087 1.622 0.974 0.607 0.705 1.836 2.970 4.236 5.219 6.900 6.502 7.078 6.488 4.841 4.341 3.224 2.630 1.638 1.680 2.328 1.887 3.482 4.052 10.568 3.861 3.718 5.117 6.568 5.692 6.161 6.269 9.195 9.246 18.119 21.525 23.070 25.683 38.006 35.307 19.830 20.920 18.659 20.198 19.558 9.913 8.944 9.597 12.912 18.181 19.454 20.793 19.000 21.990 35.337 23.818
2.619 1.945 1.962 2.092 2.903 3.373 3.233 3.075 3.030 3.076 3.766 3.842 3.627 3.306 2.451 1.835 0.824 0.645 0.996 1.964 3.487 3.681 4.427 3.615 2.161 2.281 1.802 1.384 1.321 1.360 2.972 3.478 4.910 5.047 7.091 13.005 6.038 4.259 4.264 7.878 11.410 8.602 8.962 8.361 9.078 8.168 18.066 21.396 26.354 30.116 38.460 34.539 20.135 24.088 22.791 25.451 14.078 10.787 10.400 11.209 13.202 13.638 16.551 15.566 21.125 32.236 25.683 20.839
3.273 2.833 2.319 2.524 3.702 4.686 3.886 3.954 4.406 4.507 5.195 5.327 4.523 3.734 2.998 2.441 1.027 0.640 0.843 1.954 3.280 2.335 3.077 1.503 1.233 1.283 1.158 1.248 1.228 3.617 4.355 5.108 5.108 11.452 10.988 18.563 5.618 5.275 5.680 8.562 13.665 13.138 10.829 9.440 9.062 9.066 17.281 22.117 25.776 32.650 41.603 28.800 26.533 25.228 27.328 30.786 15.231 11.114 10.531 10.419 12.711 14.773 16.586 18.343 27.419 36.875 21.338 20.275
4.269 3.789 2.975 3.066 3.436 4.849 5.046 4.958 5.332 5.394 5.047 6.081 5.802 5.572 3.413 2.623 1.327 0.636 1.085 2.251 2.131 1.103 1.193 1.069 3.390 3.576 5.264 4.100 3.040 3.370 7.041 11.787 13.006 21.169 20.000 12.816 7.190 7.336 7.239 7.457 16.827 20.395 15.889 18.134 14.939 14.083 16.901 17.829 23.667 23.900 28.587 38.007 30.271 30.905 33.144 27.775 16.167 11.013 10.387 8.504 14.148 18.951 22.834 28.289 41.338 22.942 22.411 22.291
4.616 4.160 3.593 3.595 4.422 5.146 4.952 4.981 5.073 5.132 5.156 5.478 5.030 4.454 3.675 2.476 1.160 0.529 1.315 1.794 1.660 1.107 3.052 1.915 6.316 3.387 9.117 3.216 3.777 3.634 7.424 11.545 21.965 22.618 29.846 16.004 8.542 8.908 7.406 8.155 16.973 29.582 24.342 24.284 21.389 18.744 19.649 20.096 22.376 23.220 27.989 38.562 31.156 30.850 34.055 20.436 12.496 12.380 10.660 9.851 15.238 22.098 24.129 25.353 25.162 25.937 23.906 22.246
5.221 4.963 4.522 4.403 5.170 5.904 5.575 5.557 5.950 6.215 6.530 4.473 2.227 2.296 2.718 2.581 0.809 0.475 0.905 1.057 1.724 1.003 3.603 5.972 11.932 10.217 7.278 8.089 12.193 9.951 10.490 10.047 19.858 28.405 26.914 19.585 11.773 11.107 9.390 11.287 21.694 23.861 33.181 34.132 28.735 22.003 23.198 23.069 24.557 23.499 24.674 27.982 41.383 38.910 28.508 20.432 13.562 11.446 11.430 12.217 15.149 16.643 19.764 20.622 19.455 23.058 28.272 26.088
6.103 5.724 5.157 5.096 5.869 6.417 6.034 6.298 6.509 7.236 7.442 4.842 2.504 1.680 1.864 1.656 0.821 0.453 0.805 1.518 1.076 1.096 4.342 9.478 17.659 18.140 8.681 12.409 14.632 14.513 11.672 10.286 17.506 32.492 27.077 19.301 16.725 14.135 11.339 14.634 21.179 22.624 23.206 31.067 34.325 25.658 24.312 23.748 22.670 24.842 27.619 27.648 32.959 36.044 32.795 18.550 13.391 12.251 12.325 13.487 16.124 17.224 20.451 22.246 22.458 22.352 24.197 -9999.000
7.458 6.492 6.278 6.391 6.953 6.679 6.632 6.788 8.525 8.866 7.959 5.401 2.810 1.898 0.888 0.811 0.752 0.444 0.829 2.006 1.164 0.898 5.343 11.993 16.699 22.449 18.234 20.345 25.394 15.431 15.852 14.788 20.032 36.301 28.860 22.963 23.506 15.135 16.463 17.947 22.779 23.887 27.657 28.621 31.283 34.047 27.195 26.252 26.943 29.531 30.314 31.342 33.852 33.177 24.502 21.330 13.446 12.940 12.340 13.088 15.215 18.551 18.619 19.204 21.388 22.690 23.874 -9999.000
8.206 7.046 7.783 7.694 7.251 6.863 6.881 7.817 10.056 9.335 7.372 5.032 3.023 2.403 1.518 0.845 0.450 0.427 0.932 1.443 0.552 0.689 6.426 12.655 16.386 21.634 27.183 27.649 26.059 21.298 13.997 17.955 24.407 38.268 39.031 23.134 20.333 21.173 20.688 21.408 23.653 24.917 28.667 28.596 30.197 33.564 29.166 27.205 30.284 29.156 27.816 31.734 38.103 31.500 25.344 20.912 14.792 14.321 12.583 13.221 15.322 15.573 17.681 16.621 16.633 19.426 21.466 -9999.000
9.600 8.870 8.564 8.082 7.875 7.570 9.147 10.465 8.903 7.963 6.041 5.204 2.717 1.849 1.204 0.781 0.389 0.479 0.689 0.497 1.671 3.806 8.292 15.672 11.933 13.064 17.915 18.675 16.848 24.977 28.871 26.213 30.276 42.543 24.640 27.139 26.750 25.746 22.582 26.837 24.926 31.271 29.472 28.143 34.159 34.108 33.996 35.308 44.438 40.527 43.244 37.110 30.717 26.069 22.681 21.272 18.709 16.094 12.682 12.633 14.970 14.878 18.352 21.644 26.142 26.625 -9999.000 -9999.000
9.518 9.349 8.645 8.420 8.406 9.005 11.016 9.688 7.655 6.271 4.701 3.696 2.524 1.521 0.946 0.657 0.379 0.432 0.450 0.423 1.407 3.099 5.169 6.299 9.059 8.986 14.168 13.638 17.229 17.301 23.325 27.977 33.539 42.461 26.434 27.951 27.041 27.677 24.763 26.620 26.972 37.589 28.848 30.027 39.143 51.869 47.916 50.735 45.240 37.889 29.964 29.014 25.082 24.487 21.973 20.962 16.978 14.647 13.802 13.071 14.622 18.211 22.312 24.017 28.645 30.798 -9999.000 -9999.000
9.359 8.884 8.584 8.808 9.067 10.207 10.253 8.154 5.921 4.957 3.577 2.829 1.898 1.120 0.521 0.337 0.356 0.339 0.623 0.838 1.259 1.626 2.475 3.012 4.779 6.565 8.084 11.292 15.587 17.785 20.618 24.825 39.624 38.348 35.370 33.423 26.223 28.514 29.059 36.864 47.235 49.660 44.040 48.769 46.046 37.414 37.376 33.400 35.072 33.500 32.870 28.429 23.522 23.439 20.735 18.580 17.820 15.444 13.752 13.093 15.207 18.424 21.220 23.244 22.433 20.017 -9999.000 -9999.000
9.243 8.952 9.479 9.241 9.699 10.825 8.745 6.618 5.071 4.817 3.012 2.369 1.137 0.810 0.319 0.329 0.329 0.326 0.571 0.853 1.737 2.852 7.362 5.528 9.569 9.892 9.253 10.244 15.256 19.967 25.518 30.589 30.731 31.237 39.889 40.692 36.804 34.649 39.130 49.525 38.264 33.360 34.474 32.191 31.609 29.207 31.980 33.508 35.794 37.272 33.046 26.292 23.371 22.879 20.803 20.698 16.654 15.619 13.600 13.136 14.766 17.591 21.007 22.349 22.777 21.311 -9999.000 -9999.000
10.122 9.643 9.873 10.524 10.656 9.870 8.159 7.334 5.592 5.217 3.825 2.668 1.074 0.613 0.312 0.316 0.315 0.312 0.454 0.583 0.958 1.478 3.513 5.048 8.140 13.512 12.764 13.002 18.079 19.194 21.861 26.818 25.939 27.698 30.654 30.848 36.511 37.087 40.628 33.977 27.682 22.939 25.548 24.475 24.380 27.303 28.408 30.983 33.884 30.916 32.795 27.452 25.164 27.107 27.017 21.627 16.312 15.421 14.470 13.815 13.309 14.228 18.065 18.666 18.990 18.549 -9999.000 -9999.000
10.195 10.272 10.192 10.862 9.240 9.071 8.462 8.097 6.794 4.987 3.074 2.107 1.047 0.730 0.296 0.302 0.383 0.546 0.827 0.710 0.907 1.151 2.407 3.742 6.725 10.400 11.712 11.527 14.264 17.632 22.021 24.407 24.588 23.451 25.077 27.229 29.572 30.447 29.197 26.683 24.823 23.288 24.128 25.918 25.722 27.728 26.600 29.819 31.676 29.221 32.006 31.768 32.298 27.366 22.036 20.522 16.737 15.997 14.786 14.156 14.096 14.008 15.959 16.110 16.953 17.597 -9999.000 -9999.000
8.944 10.324 9.459 7.908 7.555 7.219 8.915 8.619 7.362 5.728 3.508 2.570 1.422 0.697 0.282 0.286 0.631 0.753 0.946 1.154 1.172 1.017 1.333 2.466 5.035 7.612 8.304 8.725 12.193 15.875 19.634 21.041 20.442 19.237 22.076 23.574 24.750 24.897 23.832 21.806 20.696 20.740 21.463 23.373 21.553 23.534 23.467 28.206 27.253 27.372 30.788 33.336 28.231 24.336 22.501 20.327 17.965 17.095 15.680 14.568 14.243 14.286 14.800 14.995 16.924 19.036 19.053 -9999.000
7.812 8.371 6.723 6.137 6.011 6.231 6.277 6.651 7.104 6.794 4.386 2.866 2.016 0.471 0.000 0.407 0.756 0.874 1.112 1.309 1.185 0.992 1.280 1.910 3.874 6.399 6.171 7.300 10.981 14.105 16.899 19.934 17.392 17.057 20.152 21.763 23.531 25.319 21.319 21.665 20.803 18.542 17.154 19.151 19.579 18.500 23.108 23.500 24.032 27.351 27.606 26.553 29.066 25.629 23.822 21.829 19.574 20.577 19.341 16.936 14.204 14.903 14.669 14.922 17.720 20.743 19.965 -9999.000
5.532 6.725 6.122 4.381 3.962 4.271 3.483 4.416 5.173 6.325 4.178 2.894 0.599 0.298 0.000 0.354 0.748 1.142 1.351 1.092 1.295 1.121 1.304 1.865 3.123 3.727 6.615 7.755 9.601 10.547 12.424 15.921 15.117 12.493 15.834 17.434 20.279 25.021 19.508 16.154 18.915 13.874 11.610 12.194 17.010 14.542 15.550 17.268 20.306 22.161 23.500 24.572 27.429 28.929 26.213 26.041 22.740 24.955 22.801 18.532 15.570 14.934 17.545 19.992 17.898 18.599 20.862 -9999.000
5.023 5.807 5.608 3.629 2.732 3.057 2.453 2.651 3.876 4.656 2.881 1.657 0.520 0.000 0.285 0.367 1.215 1.402 1.301 0.894 1.364 1.182 1.216 1.997 2.115 2.716 3.414 5.262 7.122 8.155 12.493 16.449 14.433 11.360 12.651 15.837 20.689 18.885 12.856 9.257 9.186 9.253 10.774 11.535 11.652 12.384 13.598 14.587 17.900 20.714 22.442 23.428 25.968 32.226 27.290 26.131 26.401 26.696 21.795 19.988 17.048 16.457 21.453 21.345 19.922 19.656 -9999.000 -9999.000
3.936 3.721 4.674 3.420 1.884 1.397 1.197 1.578 2.109 1.578 2.894 1.889 0.497 0.000 0.448 0.434 1.062 1.083 0.791 0.719 1.041 0.906 1.438 1.551 2.494 3.410 5.703 6.167 7.919 9.867 13.579 15.511 12.288 9.994 8.122 10.515 8.733 7.306 7.116 7.115 7.217 7.640 9.644 12.421 14.754 16.204 16.845 15.931 16.127 19.024 21.990 23.061 28.099 32.590 31.372 30.341 28.586 24.719 22.023 19.480 17.721 19.620 23.654 23.440 20.575 20.467 -9999.000 -9999.000
2.591 2.523 2.694 2.548 1.758 1.251 0.928 0.913 0.911 1.044 1.394 1.116 0.409 0.000 0.497 0.413 0.779 0.759 0.582 0.571 0.852 1.101 1.461 1.762 3.131 4.330 7.054 8.044 9.205 9.500 12.854 11.225 8.726 7.172 4.948 6.610 6.696 6.128 5.895 5.644 7.703 10.221 13.783 19.128 22.757 22.726 23.932 21.321 18.286 22.938 25.612 25.141 27.650 29.501 29.467 28.380 26.374 24.740 22.122 19.878 19.103 21.232 22.070 24.508 21.391 21.173 -9999.000 -9999.000
1.566 1.306 1.288 1.104 0.771 0.739 0.637 0.538 0.685 0.484 0.585 0.394 0.000 0.000 0.000 0.000 0.334 0.340 0.463 0.648 0.959 1.103 1.254 1.567 4.324 5.247 6.934 6.100 5.735 6.583 5.456 5.050 4.734 4.297 3.282 3.944 4.002 3.859 7.050 9.543 14.534 16.146 20.432 24.706 27.100 29.863 27.917 24.378 21.138 24.963 25.118 25.500 26.342 27.489 29.059 27.928 25.871 22.830 20.124 19.602 21.147 22.591 23.395 24.633 23.231 23.194 -9999.000 -9999.000
1.228 1.042 0.895 0.738 0.864 1.016 0.587 0.358 0.326 0.303 0.353 0.233 0.000 0.000 0.000 0.000 0.000 0.000 0.000 0.479 0.740 0.807 1.157 1.345 2.821 2.787 2.901 3.034 3.634 3.807 4.000 3.712 3.096 2.860 2.884 2.809 3.243 4.462 8.916 12.082 19.217 24.244 22.332 25.912 30.036 26.821 25.330 24.371 22.358 23.211 23.783 25.345 25.625 28.309 29.708 28.129 25.689 23.420 22.841 20.564 22.362 23.692 23.329 23.523 28.215 24.694 -9999.000 -9999.000
1.729 1.573 1.666 1.629 1.888 1.648 1.138 0.746 0.337 0.000 0.000 0.000 0.000 0.000 0.000 0.251 0.282 0.356 0.445 0.000 0.312 0.553 0.965 1.392 1.582 1.257 1.521 1.652 2.211 1.870 2.122 1.725 2.397 3.098 3.843 6.852 6.714 8.037 14.114 20.403 26.566 29.035 24.924 27.884 31.370 27.770 25.893 25.385 24.583 23.868 29.200 29.937 31.477 30.912 29.931 28.567 27.639 26.304 24.280 23.046 23.911 24.611 24.648 24.013 27.453 29.082 -9999.000 -9999.000
2.568 1.803 2.377 1.958 1.833 1.791 1.197 0.907 0.578 0.379 0.000 0.000 0.000 0.000 0.225 0.400 0.417 0.521 0.464 0.495 0.546 0.394 0.588 1.084 0.938 0.869 0.969 1.011 1.217 1.355 1.582 2.135 4.027 5.975 8.091 10.363 11.163 10.926 16.688 21.640 28.205 30.789 30.731 28.796 31.351 34.544 31.038 26.160 24.208 24.582 28.994 32.518 33.290 33.490 28.524 27.139 26.170 26.718 25.182 23.664 23.998 25.011 25.345 24.890 25.335 -9999.000 -9999.000 -9999.000
2.308 2.372 1.747 1.391 1.029 1.145 0.820 0.639 0.276 0.215 0.000 0.000 0.000 0.000 0.330 0.457 0.546 0.707 0.841 0.977 1.086 0.819 0.590 0.601 0.803 1.299 2.730 3.381 2.565 2.713 3.590 3.852 6.453 9.908 14.150 15.937 18.013 17.917 21.140 25.733 25.305 24.515 26.498 30.343 32.592 35.870 33.861 29.124 25.137 -9999.000 -9999.000 -9999.000 -9999.000 -9999.000 -9999.000 -9999.000 30.713 26.669 27.290 26.214 25.453 25.628 26.238 25.866 -9999.000 -9999.000 -9999.000 -9999.000
2.057 1.796 1.261 0.896 0.657 0.691 0.479 0.422 0.247 0.179 0.000 0.000 0.000 0.000 0.333 0.449 0.553 0.808 1.084 1.233 1.512 1.206 0.924 0.925 1.362 1.879 4.029 8.087 10.672 7.759 3.066 3.533 5.577 9.318 10.513 11.222 16.153 19.570 22.959 22.653 22.243 22.861 26.400 33.166 32.593 -9999.000 -9999.000 -9999.000 -9999.000 -9999.000 -9999.000 -9999.000 -9999.000 -9999.000 -9999.000 -9999.000 -9999.000 -9999.000 27.547 28.033 27.581 26.981 26.172 -9999.000 -9999.000 -9999.000 -9999.000 -9999.000
