test_integration/test_sample_run/example/output_maps/snowdepthN0013.asc
ncols         174
nrows         141
xllcorner     744500.000000
yllcorner     5140950.000000
cellsize      250.000000
NODATA_value  -9999.0
[rows 30 to 59 of 141, columns 0 to 65 of 174]
-9999.000 -9999.000 -9999.000 -9999.000 -9999.000 -9999.000 -9999.000 -9999.000 -9999.000 -9999.000 -9999.000 -9999.000 -9999.000 -9999.000 -9999.000 -9999.000 -9999.000 -9999.000 -9999.000 -9999.000 -9999.000 -9999.000 -9999.000 -9999.000 -9999.000 -9999.000 -9999.000 -9999.000 -9999.000 -9999.000 -9999.000 -9999.000 -9999.000 -9999.000 -9999.000 -9999.000 -9999.000 -9999.000 225.984 151.989 185.602 185.613 185.393 178.535 188.321 232.752 -9999.000 -9999.000 -9999.000 -9999.000 -9999.000 -9999.000 -9999.000 -9999.000 -9999.000 -9999.000 -9999.000 -9999.000 -9999.000 -9999.000 153.093 175.860 162.642 218.755 199.365 228.322
-9999.000 -9999.000 -9999.000 -9999.000 -9999.000 -9999.000 -9999.000 -9999.000 -9999.000 -9999.000 -9999.000 -9999.000 -9999.000 -9999.000 -9999.000 -9999.000 -9999.000 -9999.000 -9999.000 -9999.000 -9999.000 -9999.000 -9999.000 -9999.000 -9999.000 -9999.000 -9999.000 -9999.000 -9999.000 -9999.000 -9999.000 -9999.000 -9999.000 -9999.000 -9999.000 -9999.000 -9999.000 209.711 176.944 185.729 181.201 182.056 163.206 171.649 225.033 194.864 177.821 194.291 -9999.000 -9999.000 -9999.000 -9999.000 -9999.000 -9999.000 -9999.000 -9999.000 -9999.000 -9999.000 -9999.000 267.918 168.633 186.490 170.554 135.655 189.259 251.611
-9999.000 -9999.000 -9999.000 -9999.000 -9999.000 -9999.000 -9999.000 -9999.000 -9999.000 -9999.000 -9999.000 -9999.000 -9999.000 -9999.000 -9999.000 -9999.000 -9999.000 -9999.000 -9999.000 -9999.000 -9999.000 -9999.000 -9999.000 -9999.000 -9999.000 -9999.000 -9999.000 -9999.000 -9999.000 -9999.000 -9999.000 -9999.000 -9999.000 -9999.000 -9999.000 -9999.000 206.990 212.069 191.377 181.082 186.228 170.286 149.150 141.890 151.845 134.099 184.567 186.822 206.940 -9999.000 -9999.000 -9999.000 -9999.000 -9999.000 -9999.000 -9999.000 174.169 162.695 145.102 259.355 165.974 131.325 149.387 142.800 157.141 202.001
-9999.000 -9999.000 -9999.000 -9999.000 -9999.000 -9999.000 -9999.000 -9999.000 -9999.000 -9999.000 -9999.000 -9999.000 -9999.000 -9999.000 -9999.000 -9999.000 -9999.000 -9999.000 -9999.000 -9999.000 -9999.000 -9999.000 -9999.000 -9999.000 -9999.000 -9999.000 -9999.000 -9999.000 -9999.000 -9999.000 -9999.000 -9999.000 -9999.000 -9999.000 -9999.000 198.437 203.034 203.661 204.464 178.008 163.750 140.819 139.637 117.674 110.120 98.191 135.652 161.918 183.790 185.364 130.046 306.106 127.140 188.298 189.662 175.432 128.799 137.918 132.578 209.455 139.102 140.030 131.775 100.745 172.098 251.261
-9999.000 -9999.000 -9999.000 -9999.000 -9999.000 -9999.000 -9999.000 -9999.000 -9999.000 -9999.000 -9999.000 -9999.000 -9999.000 -9999.000 -9999.000 -9999.000 -9999.000 -9999.000 -9999.000 -9999.000 -9999.000 -9999.000 -9999.000 -9999.000 -9999.000 -9999.000 -9999.000 -9999.000 -9999.000 -9999.000 -9999.000 -9999.000 -9999.000 175.132 190.446 193.406 186.176 180.043 198.627 174.989 136.520 137.768 125.310 112.360 111.161 126.920 133.692 132.883 152.130 176.487 142.572 226.119 134.358 162.333 185.526 174.643 157.836 147.611 119.254 120.735 174.075 128.238 122.708 95.920 160.053 183.775
-9999.000 -9999.000 -9999.000 -9999.000 -9999.000 -9999.000 -9999.000 -9999.000 -9999.000 -9999.000 -9999.000 -9999.000 -9999.000 -9999.000 -9999.000 -9999.000 -9999.000 -9999.000 -9999.000 -9999.000 -9999.000 -9999.000 -9999.000 -9999.000 -9999.000 -9999.000 -9999.000 -9999.000 -9999.000 -9999.000 -9999.000 -9999.000 169.347 159.651 156.735 168.793 157.928 139.311 172.935 193.970 148.018 134.826 90.006 107.722 111.906 97.816 125.976 126.968 181.160 224.888 213.124 162.390 253.928 133.527 161.561 167.017 141.563 148.773 116.296 111.607 167.152 116.165 116.643 97.395 138.027 152.889
-9999.000 -9999.000 -9999.000 -9999.000 -9999.000 -9999.000 -9999.000 -9999.000 -9999.000 -9999.000 -9999.000 -9999.000 -9999.000 -9999.000 -9999.000 -9999.000 -9999.000 -9999.000 -9999.000 -9999.000 -9999.000 -9999.000 -9999.000 -9999.000 -9999.000 -9999.000 -9999.000 -9999.000 -9999.000 -9999.000 -9999.000 -9999.000 -9999.000 155.927 143.584 137.036 148.845 140.512 137.790 159.251 126.569 109.721 101.778 107.847 103.479 107.854 121.236 172.004 191.982 183.187 193.662 198.109 203.763 235.551 198.018 150.620 124.526 139.661 131.964 107.935 123.198 103.812 115.161 105.131 111.812 162.087
-9999.000 -9999.000 -9999.000 -9999.000 -9999.000 -9999.000 -9999.000 -9999.000 -9999.000 -9999.000 -9999.000 -9999.000 -9999.000 -9999.000 -9999.000 -9999.000 -9999.000 -9999.000 -9999.000 -9999.000 -9999.000 -9999.000 -9999.000 -9999.000 -9999.000 -9999.000 -9999.000 -9999.000 -9999.000 -9999.000 -9999.000 -9999.000 -9999.000 143.774 139.503 135.159 115.605 135.913 93.786 127.152 132.798 130.681 85.347 104.095 99.369 99.802 133.997 154.762 170.574 151.459 176.670 243.240 144.296 132.690 146.431 177.699 140.823 112.985 120.242 112.849 86.628 90.722 105.651 100.144 101.654 125.825
-9999.000 -9999.000 -9999.000 -9999.000 -9999.000 -9999.000 -9999.000 -9999.000 -9999.000 -9999.000 -9999.000 -9999.000 -9999.000 -9999.000 -9999.000 -9999.000 -9999.000 -9999.000 -9999.000 -9999.000 -9999.000 -9999.000 -9999.000 -9999.000 -9999.000 -9999.000 -9999.000 -9999.000 -9999.000 -9999.000 -9999.000 -9999.000 -9999.000 171.753 138.404 113.242 116.705 96.711 95.667 96.693 100.870 117.326 84.934 98.567 94.212 99.741 131.249 149.135 157.259 187.613 181.610 171.233 138.717 156.046 124.769 122.339 203.340 111.233 95.722 103.482 93.508 88.316 97.083 86.582 88.441 113.526
-9999.000 -9999.000 -9999.000 -9999.000 -9999.000 -9999.000 -9999.000 -9999.000 -9999.000 -9999.000 -9999.000 -9999.000 -9999.000 -9999.000 -9999.000 -9999.000 -9999.000 -9999.000 -9999.000 -9999.000 -9999.000 -9999.000 -9999.000 -9999.000 -9999.000 -9999.000 -9999.000 -9999.000 -9999.000 -9999.000 -9999.000 -9999.000 -9999.000 174.205 155.995 149.880 100.920 84.833 88.744 75.727 80.602 82.135 88.120 89.583 89.295 120.882 116.985 131.334 169.244 159.287 147.419 154.999 173.549 138.631 125.260 104.346 140.313 142.086 89.835 92.224 76.095 82.031 87.146 65.805 88.442 133.152
-9999.000 -9999.000 -9999.000 -9999.000 -9999.000 -9999.000 -9999.000 -9999.000 -9999.000 -9999.000 -9999.000 -9999.000 -9999.000 -9999.000 -9999.000 -9999.000 -9999.000 -9999.000 -9999.000 -9999.000 -9999.000 -9999.000 -9999.000 -9999.000 -9999.000 -9999.000 -9999.000 -9999.000 -9999.000 -9999.000 -9999.000 -9999.000 135.633 123.118 115.509 103.376 89.426 92.503 92.278 89.986 87.729 73.175 80.385 77.834 85.060 133.673 114.201 105.432 129.564 143.966 146.050 159.740 183.474 139.310 109.289 102.476 100.307 163.159 124.119 90.907 65.439 83.593 83.389 65.915 74.169 108.142
-9999.000 -9999.000 -9999.000 -9999.000 -9999.000 -9999.000 -9999.000 -9999.000 -9999.000 -9999.000 -9999.000 -9999.000 -9999.000 -9999.000 -9999.000 -9999.000 -9999.000 -9999.000 -9999.000 -9999.000 -9999.000 -9999.000 -9999.000 -9999.000 -9999.000 -9999.000 -9999.000 -9999.000 -9999.000 -9999.000 -9999.000 125.543 111.186 109.922 109.939 104.084 104.636 96.619 92.438 83.961 83.699 77.607 72.124 69.258 78.963 117.964 91.919 99.023 100.193 108.847 133.729 124.331 146.473 149.073 92.007 91.536 83.264 120.948 100.459 94.205 80.969 78.575 76.407 61.326 82.794 98.510
-9999.000 -9999.000 -9999.000 -9999.000 -9999.000 -9999.000 -9999.000 -9999.000 -9999.000 -9999.000 -9999.000 -9999.000 -9999.000 -9999.000 -9999.000 -9999.000 -9999.000 -9999.000 -9999.000 -9999.000 -9999.000 -9999.000 -9999.000 -9999.000 -9999.000 -9999.000 -9999.000 -9999.000 -9999.000 -9999.000 138.523 130.634 126.710 123.334 106.056 110.426 97.384 90.633 91.058 84.391 77.467 74.255 72.166 64.423 71.488 77.000 80.622 99.106 89.864 84.398 100.039 110.218 112.634 135.608 91.166 94.226 86.381 94.523 132.583 91.766 67.418 72.637 74.173 64.269 65.466 107.094
-9999.000 -9999.000 -9999.000 -9999.000 -9999.000 -9999.000 -9999.000 -9999.000 -9999.000 -9999.000 -9999.000 -9999.000 -9999.000 -9999.000 -9999.000 -9999.000 -9999.000 -9999.000 -9999.000 -9999.000 -9999.000 -9999.000 -9999.000 -9999.000 -9999.000 -9999.000 -9999.000 -9999.000 -9999.000 -9999.000 141.533 147.766 134.615 131.445 133.731 118.461 100.357 112.452 118.470 103.536 75.801 68.720 65.473 66.681 58.795 55.290 67.209 61.761 80.294 73.221 66.795 100.720 102.962 104.628 103.304 89.587 80.953 81.273 120.242 98.480 69.353 65.446 66.039 65.479 89.581 106.684
-9999.000 -9999.000 -9999.000 -9999.000 -9999.000 -9999.000 -9999.000 -9999.000 -9999.000 -9999.000 -9999.000 -9999.000 -9999.000 -9999.000 -9999.000 -9999.000 -9999.000 -9999.000 -9999.000 -9999.000 -9999.000 -9999.000 -9999.000 -9999.000 -9999.000 -9999.000 -9999.000 -9999.000 -9999.000 -9999.000 141.886 141.923 157.556 132.328 146.786 122.836 112.750 179.156 122.421 90.708 67.821 69.387 64.333 61.069 65.497 65.478 65.226 56.242 56.815 64.400 64.335 70.685 87.484 80.254 101.779 70.397 77.881 87.068 86.701 100.768 64.671 64.834 69.029 62.193 78.277 127.769
-9999.000 -9999.000 -9999.000 -9999.000 -9999.000 -9999.000 -9999.000 -9999.000 -9999.000 -9999.000 -9999.000 -9999.000 -9999.000 -9999.000 -9999.000 -9999.000 -9999.000 -9999.000 -9999.000 -9999.000 -9999.000 -9999.000 134.028 136.961 136.469 136.428 156.219 -9999.000 -9999.000 -9999.000 159.558 155.791 162.653 137.942 144.930 122.625 176.395 118.253 95.392 78.098 64.451 76.184 70.904 70.821 63.472 62.031 59.312 57.341 53.167 53.461 54.567 59.269 66.508 69.808 73.063 66.725 72.938 72.245 68.371 74.678 54.328 51.553 55.480 57.199 87.717 117.321
-9999.000 -9999.000 -9999.000 -9999.000 -9999.000 -9999.000 -9999.000 -9999.000 -9999.000 -9999.000 -9999.000 -9999.000 -9999.000 -9999.000 -9999.000 -9999.000 -9999.000 -9999.000 -9999.000 -9999.000 -9999.000 126.729 133.936 137.048 134.728 133.670 160.630 163.623 -9999.000 186.546 163.558 172.928 170.159 193.712 147.906 182.673 137.955 109.571 83.189 72.535 73.761 67.713 69.588 94.268 70.580 63.072 62.512 51.250 52.051 54.717 53.891 60.261 57.348 60.706 52.979 63.074 58.951 51.920 52.961 49.052 43.603 48.795 45.798 62.552 96.766 105.415
-9999.000 -9999.000 -9999.000 -9999.000 -9999.000 -9999.000 -9999.000 -9999.000 -9999.000 -9999.000 -9999.000 -9999.000 -9999.000 -9999.000 -9999.000 -9999.000 -9999.000 -9999.000 -9999.000 124.436 121.967 125.840 133.129 135.785 133.873 154.585 160.812 172.241 172.746 191.698 164.779 201.430 191.258 171.360 179.515 116.865 98.774 99.108 76.650 78.203 75.948 72.210 95.748 98.363 85.337 81.773 70.519 61.397 48.840 48.684 49.199 49.531 50.979 47.421 44.072 45.371 44.428 40.834 40.722 39.535 39.404 40.791 46.133 74.386 73.351 95.557
-9999.000 -9999.000 -9999.000 -9999.000 -9999.000 -9999.000 -9999.000 -9999.000 -9999.000 -9999.000 -9999.000 -9999.000 -9999.000 -9999.000 -9999.000 -9999.000 137.021 125.718 118.194 122.094 119.402 121.821 135.360 139.333 143.067 133.401 193.859 151.689 167.174 192.486 170.190 166.002 164.613 143.039 124.391 102.580 96.894 89.381 82.436 80.051 80.203 88.975 101.633 101.251 98.653 110.902 92.100 89.801 57.147 47.584 46.699 45.441 46.308 45.225 45.772 46.992 46.479 44.710 40.823 39.791 40.252 39.754 51.104 50.662 63.909 76.365
-9999.000 -9999.000 -9999.000 -9999.000 -9999.000 -9999.000 -9999.000 -9999.000 -9999.000 -9999.000 -9999.000 -9999.000 -9999.000 -9999.000 -9999.000 -9999.000 122.502 118.938 119.092 119.851 122.464 127.599 134.694 138.840 159.499 147.496 138.804 172.796 229.586 194.900 226.482 156.458 140.529 114.086 106.771 95.750 94.832 96.258 89.523 84.913 99.363 91.884 121.689 141.992 121.552 93.090 79.725 68.947 63.418 56.135 44.266 44.119 42.773 42.101 42.651 42.593 42.121 40.544 38.057 37.268 38.750 36.843 36.793 38.296 47.916 56.115
-9999.000 -9999.000 -9999.000 -9999.000 -9999.000 -9999.000 -9999.000 -9999.000 -9999.000 -9999.000 -9999.000 -9999.000 -9999.000 -9999.000 -9999.000 126.509 119.302 122.690 120.258 118.463 124.293 128.816 137.492 142.781 147.884 179.372 159.995 159.768 197.887 200.788 186.333 134.974 115.408 114.944 107.832 103.962 98.061 91.095 90.471 106.942 107.128 99.014 148.810 122.034 99.962 90.400 78.606 64.596 57.989 50.320 41.328 42.665 41.246 40.065 37.568 36.448 36.482 35.272 34.617 35.008 37.215 37.062 38.717 38.296 38.751 46.346
-9999.000 -9999.000 -9999.000 -9999.000 -9999.000 -9999.000 -9999.000 -9999.000 -9999.000 -9999.000 -9999.000 -9999.000 -9999.000 -9999.000 126.398 127.100 120.934 120.357 119.083 120.288 126.773 129.899 139.693 145.385 145.899 184.388 180.413 171.554 185.457 237.359 142.929 126.760 108.175 115.266 109.534 106.285 109.023 101.869 114.262 129.391 109.720 138.095 112.291 96.371 78.826 81.780 66.222 60.357 49.279 46.417 42.261 41.716 42.130 43.982 46.818 46.693 45.540 45.321 46.235 41.277 36.685 36.650 35.386 35.782 36.693 36.582
-9999.000 -9999.000 -9999.000 -9999.000 -9999.000 -9999.000 -9999.000 -9999.000 -9999.000 -9999.000 -9999.000 -9999.000 -9999.000 127.948 128.236 125.353 118.913 118.190 116.558 120.089 126.166 130.732 138.864 142.524 150.391 169.084 198.504 208.155 177.061 156.444 138.925 135.481 114.579 114.600 106.100 111.192 119.061 120.043 133.422 128.103 124.971 133.141 92.902 88.184 81.424 75.261 61.410 54.230 45.379 43.929 43.905 45.205 47.192 52.049 53.771 59.246 56.415 59.064 56.709 44.025 36.766 35.774 34.463 34.411 35.610 35.656
-9999.000 -9999.000 -9999.000 -9999.000 -9999.000 -9999.000 -9999.000 -9999.000 -9999.000 -9999.000 -9999.000 -9999.000 132.365 127.387 122.137 123.327 114.559 116.042 115.036 118.497 126.959 135.681 143.682 143.652 152.028 178.526 175.214 202.392 161.232 158.364 152.005 139.415 122.976 126.560 121.421 129.443 128.812 133.626 135.481 137.653 131.922 91.109 83.224 89.798 83.472 68.314 56.247 53.006 46.551 44.588 43.977 47.291 58.850 63.328 66.553 70.108 71.970 69.502 64.823 52.115 43.031 38.664 34.250 34.360 33.983 33.908
-9999.000 -9999.000 -9999.000 -9999.000 180.476 -9999.000 -9999.000 -9999.000 -9999.000 -9999.000 -9999.000 135.105 126.962 123.825 120.141 115.782 113.136 113.683 114.521 119.285 130.487 134.961 145.215 148.758 148.754 150.381 144.445 147.765 187.963 150.064 142.600 143.733 130.757 129.342 137.495 135.673 134.267 146.950 136.100 107.062 90.574 88.428 88.144 87.431 80.879 68.547 56.142 49.725 46.353 42.963 49.379 52.433 65.818 72.315 76.359 81.817 95.164 80.825 64.758 64.025 46.764 41.868 36.174 33.588 31.884 31.455
-9999.000 -9999.000 -9999.000 -9999.000 163.937 137.173 101.142 131.145 138.023 152.970 130.568 124.168 125.179 122.997 115.631 113.140 110.894 111.081 115.034 118.509 128.345 134.643 146.284 145.661 133.343 122.257 133.131 133.403 157.174 158.482 145.245 147.651 138.733 131.350 137.619 141.034 144.095 122.498 92.883 93.015 98.004 91.914 84.563 83.860 78.504 62.421 50.975 46.078 44.039 42.688 48.840 58.839 70.583 79.300 90.128 96.976 78.320 68.631 63.063 50.371 41.471 39.091 36.179 37.301 35.665 34.430
-9999.000 -9999.000 -9999.000 -9999.000 142.073 118.254 132.355 133.620 131.590 143.307 127.471 131.394 124.672 122.047 111.964 110.201 107.217 106.076 110.765 113.344 127.422 136.699 129.324 132.274 137.523 141.118 139.876 136.382 156.778 159.119 144.820 145.965 147.499 125.739 142.063 145.147 128.449 101.000 92.125 95.696 90.922 90.223 84.082 79.168 69.534 54.543 44.048 43.870 43.652 45.657 54.952 63.018 75.203 83.313 101.159 86.881 64.512 57.322 53.666 53.532 43.421 37.885 35.926 39.625 39.376 38.384
-9999.000 -9999.000 -9999.000 -9999.000 -9999.000 135.081 120.268 125.430 127.825 134.351 133.603 127.794 119.692 113.452 108.808 106.402 102.142 101.015 107.006 111.959 128.381 121.173 123.963 125.018 124.868 130.534 138.317 135.344 135.735 158.009 150.761 147.766 151.060 142.346 156.030 142.618 102.117 96.819 90.738 88.291 81.619 80.832 68.701 61.390 56.633 51.695 40.863 43.551 49.448 50.599 57.899 67.259 78.967 91.238 98.362 73.846 56.477 54.710 50.166 45.972 41.725 40.348 37.653 45.009 44.472 43.987
-9999.000 -9999.000 -9999.000 -9999.000 -9999.000 133.093 118.362 122.213 120.360 133.890 131.910 126.559 118.791 113.272 104.540 103.227 98.297 98.033 104.235 114.042 117.412 118.391 118.585 119.709 122.010 122.331 132.386 134.914 142.419 137.659 139.048 149.488 154.868 160.658 139.824 103.814 101.463 98.805 93.482 86.532 77.876 71.698 65.763 58.158 50.902 47.865 43.776 44.755 49.690 52.642 57.408 59.295 72.218 94.341 96.195 76.597 61.577 57.129 50.034 45.270 40.928 40.188 40.174 43.414 49.872 48.915
-9999.000 -9999.000 -9999.000 -9999.000 -9999.000 121.318 118.455 115.182 112.363 113.038 124.159 128.169 119.040 104.807 101.346 99.300 93.641 94.332 103.653 117.879 102.576 112.354 107.252 108.848 115.304 118.044 125.864 135.512 137.122 125.447 128.720 128.282 154.824 119.301 85.308 85.997 91.143 98.181 97.556 89.647 76.522 69.714 59.642 53.605 46.545 45.389 45.209 46.770 49.761 50.170 55.317 58.854 73.823 86.619 103.622 90.461 77.380 57.238 47.207 41.949 40.021 38.609 43.787 46.872 56.047 55.173
