test_integration/test_sample_run/example/output_maps/snowdepthN0081.asc
ncols         174
nrows         141
xllcorner     744500.000000
yllcorner     5140950.000000
cellsize      250.000000
NODATA_value  -9999.0
[rows 30 to 59 of 141, columns 68 to 135 of 174]
89.769 82.722 93.582 91.231 88.589 70.403 91.303 91.210 78.448 72.578 68.404 61.720 61.185 70.461 61.959 59.104 38.755 37.334 24.984 24.092 46.303 49.044 40.790 29.746 33.905 40.036 54.735 57.295 46.246 38.232 38.040 38.444 47.033 44.190 35.917 28.693 19.521 13.449 19.077 18.120 12.414 14.349 0.000 0.000 8.218 20.657 33.431 57.300 46.715 74.610 66.915 54.797 9.629 0.000 0.000 0.000 0.000 0.000 0.000 0.000 0.000 9.646 9.916 18.006 19.293 18.504 20.198 19.565
86.141 88.453 108.052 103.016 74.704 89.353 98.667 91.039 60.596 81.923 76.168 54.755 54.797 50.401 47.559 52.511 44.486 36.173 24.301 22.728 31.357 30.881 18.697 28.787 45.994 58.051 62.156 55.090 35.678 25.301 13.763 13.781 22.148 29.171 27.545 21.560 16.461 8.704 8.727 12.281 12.289 0.000 0.000 0.000 14.086 34.695 63.043 52.258 14.077 7.833 79.840 68.380 0.000 0.000 0.000 0.000 0.000 0.000 0.000 0.000 0.000 6.684 8.854 13.378 18.830 17.759 19.160 21.080
86.493 98.603 107.448 100.104 100.583 100.536 94.358 56.838 59.588 80.853 73.534 71.217 53.484 51.674 45.484 45.234 44.856 42.639 35.651 23.935 24.106 25.398 44.498 57.830 60.591 55.795 58.393 46.308 32.020 27.444 23.565 10.162 0.000 0.000 0.000 13.751 32.848 19.818 18.829 13.543 11.283 11.863 20.907 32.623 45.265 53.638 59.998 12.810 0.000 0.000 24.971 62.817 56.368 55.881 17.472 7.815 0.000 13.170 17.372 24.433 29.208 21.972 21.682 23.668 17.499 16.265 17.565 30.124
99.178 113.497 104.735 103.909 105.680 106.288 39.956 54.158 74.305 67.301 85.440 79.702 72.929 64.269 47.283 44.648 44.676 43.492 37.033 31.023 18.669 29.563 55.416 52.546 55.510 51.479 46.498 39.483 32.150 23.390 19.032 19.152 11.567 0.000 0.000 30.893 66.648 59.997 51.027 50.125 49.385 59.415 67.427 63.369 81.142 76.332 40.846 0.000 11.564 0.000 0.000 0.000 35.139 43.882 46.399 45.475 35.718 47.599 40.563 44.094 52.812 39.225 42.923 37.187 14.761 15.019 15.815 16.543
124.596 121.041 129.069 114.718 107.444 87.479 73.878 107.950 102.545 101.583 87.752 80.215 79.798 60.647 54.878 52.677 46.676 43.616 36.402 35.673 27.237 33.995 40.685 45.058 38.546 42.510 33.414 32.440 48.408 47.839 24.632 24.267 7.081 0.000 21.505 56.181 65.648 78.392 79.837 77.799 83.911 81.141 85.761 81.480 87.043 89.501 51.063 38.356 11.627 13.483 0.000 0.000 0.000 12.950 59.713 70.080 76.097 73.552 70.654 72.073 70.382 66.799 67.758 63.755 48.023 22.093 12.015 0.000
111.555 128.486 66.769 55.210 91.841 82.353 110.254 107.296 107.414 104.076 80.388 89.072 72.981 67.259 72.570 65.754 58.471 48.604 35.250 37.873 28.573 24.872 21.669 27.088 23.117 26.327 27.872 22.875 51.447 49.931 44.240 29.776 7.583 0.000 48.917 57.706 55.665 78.548 86.282 85.204 89.343 90.229 92.935 93.935 92.437 70.163 48.332 45.529 21.740 0.000 0.000 0.000 9.392 17.838 55.199 80.620 82.688 60.395 78.210 75.995 76.280 71.393 67.506 65.304 50.982 23.685 12.161 16.035
89.043 72.257 56.669 44.027 63.231 114.589 112.821 106.111 79.582 69.722 63.336 64.758 55.113 52.856 52.256 50.641 54.532 46.429 39.951 38.883 30.997 13.504 6.311 0.000 8.660 14.256 18.573 23.819 38.534 50.246 38.452 32.311 17.796 8.117 42.153 46.489 47.795 49.433 80.534 88.969 81.579 83.531 78.063 89.405 81.525 52.140 32.428 29.784 31.145 31.236 0.000 12.251 15.036 38.494 26.695 32.714 30.316 36.132 77.055 82.025 76.870 73.509 70.285 69.019 31.022 23.881 0.000 25.793
54.585 54.779 69.917 56.383 69.117 130.873 97.066 56.196 34.042 43.361 42.965 33.234 33.638 34.982 31.721 37.222 40.575 40.756 40.624 38.510 35.992 17.846 0.000 0.000 0.000 0.000 9.920 21.835 28.322 48.604 33.338 31.619 19.381 17.132 21.187 31.079 36.884 34.701 56.826 66.501 57.391 49.380 50.238 60.314 53.911 52.979 43.115 29.623 11.049 42.830 9.464 27.858 46.350 47.324 0.000 0.000 0.000 34.239 65.682 78.930 79.255 83.151 85.545 45.833 14.327 24.777 0.000 10.585
26.724 35.651 50.037 36.541 71.865 93.371 58.241 51.115 31.091 29.167 20.158 18.068 29.599 41.973 34.368 38.866 25.983 37.115 42.673 44.587 39.600 35.904 14.841 20.209 0.000 0.000 8.524 15.067 24.770 29.559 36.093 36.069 16.653 11.568 21.785 30.278 45.301 47.405 38.273 20.851 16.404 17.374 33.044 37.255 53.057 55.780 47.280 45.656 25.677 10.311 13.299 28.029 49.214 45.427 10.781 0.000 11.282 36.420 28.631 56.651 54.631 52.098 25.605 0.000 0.000 0.000 0.000 11.343
31.180 0.000 10.409 18.487 73.231 55.417 66.258 53.099 48.052 40.522 28.952 39.845 44.438 57.608 56.482 49.704 39.911 49.204 52.369 50.393 41.315 35.184 31.106 14.994 0.000 0.000 10.961 14.865 10.916 9.274 34.195 31.665 7.901 0.000 33.983 35.231 43.023 49.239 27.954 0.000 12.712 12.048 28.137 36.019 57.031 65.578 51.543 49.340 49.023 24.151 12.778 10.823 16.637 29.517 0.000 0.000 22.961 17.260 9.589 14.719 0.000 0.000 10.973 0.000 0.000 0.000 12.800 24.957
51.818 42.819 36.679 50.442 50.611 22.169 86.555 86.020 86.160 89.744 91.871 88.573 64.296 48.662 54.511 49.072 71.353 71.194 59.580 55.310 49.423 51.093 48.852 16.254 22.257 11.194 0.000 0.000 0.000 0.000 20.204 21.180 10.146 0.000 26.291 30.454 40.056 41.994 0.000 0.000 17.605 33.547 43.941 40.067 55.142 65.420 59.787 57.135 69.014 60.731 33.456 6.561 0.000 14.116 16.693 0.000 8.864 0.000 14.197 0.000 0.000 0.000 0.000 0.000 0.000 0.000 19.152 30.336
31.454 16.102 18.501 50.617 55.717 89.779 120.946 109.960 95.168 106.855 99.669 80.456 56.566 49.998 54.217 61.805 75.751 69.995 63.599 54.407 48.257 49.654 53.145 51.887 50.435 32.979 0.000 0.000 0.000 0.000 0.000 15.998 6.497 0.000 19.322 28.646 38.721 19.101 0.000 0.000 34.100 42.982 50.505 50.550 60.273 56.470 57.617 59.037 54.627 51.418 49.651 18.161 13.817 11.034 20.600 9.784 0.000 0.000 0.000 0.000 0.000 0.000 0.000 0.000 0.000 0.000 16.210 10.292
21.310 0.000 54.752 69.147 87.159 102.679 129.800 108.837 86.220 61.498 47.359 54.555 47.911 55.911 61.049 66.755 58.203 54.648 52.131 46.337 47.218 44.947 66.111 65.015 52.734 39.564 19.024 0.000 0.000 0.000 0.000 0.000 8.903 11.949 25.256 32.443 23.798 0.000 0.000 35.327 34.352 37.786 46.919 56.304 52.600 30.421 32.391 39.861 38.769 46.714 35.143 29.418 0.000 12.739 33.379 15.402 0.000 0.000 0.000 0.000 0.000 0.000 0.000 0.000 0.000 0.000 0.000 0.000
0.000 0.000 70.583 83.093 93.235 113.172 121.278 66.064 21.139 28.624 44.224 50.089 55.587 67.584 69.427 68.052 59.077 52.400 47.214 48.750 48.981 45.337 48.699 46.160 49.880 47.625 43.268 12.950 0.000 0.000 0.000 0.000 10.874 6.521 17.359 19.364 0.000 0.000 8.287 34.830 46.894 48.577 50.426 57.153 29.361 11.998 6.718 12.878 19.435 28.516 13.464 16.401 10.754 24.352 36.774 21.092 0.000 0.000 0.000 0.000 0.000 0.000 0.000 0.000 0.000 0.000 0.000 0.000
0.000 0.000 29.422 67.740 69.238 57.705 72.627 66.531 72.192 88.683 86.452 77.223 73.026 82.497 73.924 77.314 63.302 61.532 48.440 48.731 43.673 46.162 38.320 44.796 74.009 71.558 65.444 64.553 56.288 48.661 8.266 0.000 0.000 5.904 11.533 0.000 0.000 0.000 40.947 30.861 30.427 38.528 49.160 52.704 27.512 15.966 13.613 13.462 0.000 0.000 0.000 0.000 27.336 50.671 23.586 17.027 19.619 0.000 0.000 0.000 0.000 0.000 0.000 0.000 20.081 44.782 0.000 0.000
0.000 8.540 11.265 21.131 32.691 34.581 51.634 93.056 105.606 101.610 94.104 86.473 86.375 93.670 77.258 75.399 73.210 65.554 49.548 48.620 41.808 44.598 37.970 52.115 71.197 79.017 74.334 74.352 66.661 50.470 53.486 45.346 13.369 15.418 0.000 0.000 0.000 8.885 25.042 10.943 6.393 17.050 32.670 44.960 42.625 27.866 10.255 0.000 0.000 0.000 0.000 0.000 27.658 23.781 0.000 0.000 17.417 10.201 0.000 0.000 0.000 0.000 0.000 27.991 48.040 50.777 46.160 29.037
0.000 26.549 35.957 31.775 46.721 37.190 51.818 42.370 68.678 108.243 92.358 80.009 84.016 83.645 56.222 55.757 67.405 57.798 58.716 54.837 45.521 41.571 45.032 54.642 66.495 66.396 78.887 72.359 65.880 66.323 67.044 65.687 57.577 42.175 0.000 0.000 6.165 11.864 9.285 13.578 32.888 33.533 23.601 23.076 43.042 43.330 37.626 29.359 15.647 11.689 0.000 0.000 13.859 0.000 0.000 0.000 0.000 0.000 0.000 0.000 14.907 26.529 40.554 40.073 51.037 52.796 51.527 48.852
13.631 24.205 50.108 55.703 70.976 63.756 33.464 9.735 22.004 59.129 87.661 76.226 62.856 56.190 42.536 44.118 52.444 51.849 51.561 48.414 45.598 43.465 49.756 53.473 63.402 69.949 67.442 61.571 73.497 74.299 72.853 72.375 65.505 58.275 34.155 5.873 0.000 0.000 24.794 33.576 26.758 21.722 23.821 15.067 42.738 43.109 48.589 51.347 35.497 21.906 0.000 0.000 0.000 0.000 0.000 0.000 0.000 0.000 0.000 26.005 44.852 50.716 50.954 40.970 56.522 61.335 45.581 50.260
27.122 27.831 33.433 35.004 33.865 16.472 12.582 34.238 14.133 36.457 46.005 58.817 52.128 37.062 32.671 17.347 29.750 29.745 43.737 51.650 47.886 50.258 65.675 57.429 50.798 58.480 47.534 52.754 67.091 77.617 75.695 70.588 63.560 58.174 44.252 40.403 11.309 0.000 10.295 12.763 17.324 10.804 17.072 22.684 32.155 33.268 31.881 41.571 35.174 24.178 12.805 9.739 0.000 0.000 0.000 0.000 0.000 11.867 37.809 36.405 38.751 44.731 50.391 49.135 59.852 67.519 58.652 57.037
23.558 13.283 25.355 0.000 13.693 0.000 0.000 15.048 0.000 25.087 35.380 33.670 47.090 31.267 16.585 0.000 9.084 15.262 47.986 50.969 50.706 61.853 72.173 65.962 48.679 37.663 32.286 47.314 65.699 65.243 63.682 64.146 66.129 53.737 50.387 44.776 21.028 0.000 0.000 10.564 9.671 13.703 15.340 14.792 13.531 0.000 0.000 0.000 9.725 16.798 20.896 19.125 0.000 0.000 0.000 0.000 30.748 31.354 54.185 55.920 45.914 35.897 47.202 52.705 70.935 73.326 62.320 64.443
0.000 0.000 0.000 0.000 0.000 0.000 0.000 0.000 0.000 11.396 13.896 12.592 46.772 42.385 18.355 17.855 0.000 18.580 39.397 42.874 59.272 58.937 48.844 41.575 34.519 20.477 33.841 37.451 33.161 33.398 49.700 54.249 68.263 59.693 62.053 52.009 36.276 7.352 0.000 0.000 0.000 0.000 0.000 0.000 0.000 0.000 0.000 0.000 0.000 0.000 0.000 0.000 0.000 0.000 8.274 31.018 49.294 43.688 35.417 61.004 61.090 50.251 52.067 39.456 69.830 76.660 68.219 68.490
0.000 0.000 0.000 0.000 0.000 0.000 0.000 0.000 0.000 0.000 0.000 0.000 24.508 41.241 15.026 14.698 0.000 14.380 18.680 28.772 52.752 50.624 32.452 26.743 28.697 30.324 39.359 38.073 12.062 10.020 27.721 39.219 52.365 67.312 66.859 54.475 39.531 36.073 0.000 0.000 0.000 0.000 0.000 0.000 0.000 0.000 0.000 0.000 0.000 0.000 0.000 0.000 0.000 0.000 26.139 39.062 50.380 57.308 28.290 33.924 65.767 62.022 63.632 58.652 53.985 84.798 71.498 77.032
0.000 0.000 0.000 0.000 0.000 0.000 9.020 0.000 0.000 0.000 0.000 0.000 0.000 19.755 9.765 9.892 6.343 13.111 15.222 26.714 40.737 39.589 28.157 32.291 32.547 30.469 34.292 30.184 14.520 12.703 9.742 7.052 7.351 29.842 51.582 49.288 43.952 53.069 36.205 9.927 0.000 0.000 0.000 0.000 0.000 0.000 0.000 0.000 0.000 0.000 0.000 0.000 0.000 13.307 27.758 30.260 39.425 53.858 62.315 36.925 52.527 66.716 59.308 71.637 75.903 79.298 77.656 75.314
0.000 0.000 0.000 0.000 0.000 0.000 10.157 0.000 0.000 0.000 0.000 0.000 7.405 9.739 6.436 6.965 14.469 26.075 42.586 43.549 39.769 35.600 40.443 38.851 32.310 32.758 30.352 18.238 11.122 8.451 10.978 0.000 0.000 0.000 21.250 38.588 56.168 59.809 46.495 32.863 0.000 0.000 0.000 0.000 0.000 0.000 0.000 0.000 0.000 0.000 22.003 8.901 0.000 22.843 36.870 32.319 41.176 51.848 68.884 68.570 65.547 50.909 54.602 53.514 87.000 81.900 81.847 82.969
0.000 0.000 0.000 0.000 0.000 0.000 0.000 0.000 0.000 0.000 0.000 13.986 19.746 6.696 10.426 12.400 19.907 42.472 65.845 59.640 48.864 44.706 46.030 36.555 37.170 35.615 27.651 25.310 37.853 37.291 11.361 0.000 0.000 0.000 0.000 0.000 20.586 34.087 46.506 47.397 13.095 0.000 0.000 0.000 0.000 0.000 0.000 0.000 27.422 42.412 52.408 41.048 13.770 9.545 27.035 35.646 20.095 18.643 33.700 55.484 70.135 66.114 45.142 26.412 35.670 24.746 47.069 39.795
0.000 0.000 0.000 0.000 0.000 0.000 0.000 0.000 0.000 0.000 13.101 14.246 0.000 0.000 0.000 0.000 31.095 42.513 56.999 54.683 49.068 43.808 29.565 27.469 32.533 31.594 34.112 42.865 63.441 62.738 43.570 33.394 0.000 0.000 0.000 0.000 0.000 0.000 24.556 36.711 20.199 0.000 0.000 0.000 0.000 0.000 20.571 38.403 48.134 57.234 59.253 54.087 18.658 0.000 9.478 13.396 0.000 11.083 16.586 21.745 35.268 50.535 55.703 36.608 0.000 0.000 0.000 0.000
16.424 11.112 0.000 0.000 0.000 0.000 0.000 0.000 0.000 15.470 0.000 0.000 0.000 0.000 0.000 0.000 36.543 42.740 43.171 40.934 38.426 36.165 36.865 42.126 19.444 52.068 55.218 53.531 70.806 69.467 67.472 60.865 50.787 55.918 26.129 8.748 0.000 0.000 0.000 0.000 0.000 0.000 11.074 14.115 22.780 34.418 48.719 51.994 56.379 56.851 58.555 37.423 13.228 12.562 0.000 0.000 14.533 20.158 37.157 24.747 14.951 10.645 11.899 0.000 0.000 0.000 0.000 0.000
33.667 32.662 8.739 0.000 0.000 0.000 0.000 0.000 0.000 0.000 0.000 0.000 0.000 0.000 0.000 26.736 44.998 48.403 33.355 40.794 31.942 34.003 34.004 37.219 17.764 55.542 47.583 44.583 49.864 55.620 50.308 54.643 72.675 70.598 47.998 31.090 0.000 0.000 0.000 0.000 0.000 8.125 8.567 23.710 42.114 50.211 57.998 46.493 60.081 65.430 46.560 19.810 27.726 17.024 0.000 0.000 9.592 9.172 12.775 8.240 9.590 7.926 0.000 0.000 11.529 10.730 0.000 14.504
47.119 51.617 30.828 16.873 0.000 0.000 0.000 0.000 0.000 0.000 0.000 0.000 0.000 0.000 16.472 21.072 42.846 32.584 22.865 14.069 0.000 0.000 0.000 0.000 27.032 24.067 30.734 36.843 35.900 37.631 47.242 55.734 42.073 18.176 11.848 10.211 0.000 0.000 21.995 10.585 9.466 16.877 30.455 43.111 52.266 52.327 61.567 66.785 57.898 71.709 57.553 45.434 30.509 39.291 28.908 12.020 12.828 12.434 13.638 28.025 49.534 48.482 66.947 67.740 52.585 18.174 9.126 0.000
54.313 47.476 50.574 47.679 17.776 0.000 0.000 0.000 0.000 0.000 0.000 0.000 0.000 0.000 22.785 18.415 6.401 0.000 16.321 0.000 0.000 0.000 0.000 0.000 20.217 20.099 33.753 46.485 48.383 43.381 56.960 13.253 0.000 0.000 0.000 0.000 0.000 12.482 57.569 47.166 18.205 22.894 49.245 58.725 64.623 68.157 72.276 72.287 73.707 78.867 74.314 62.015 35.689 59.842 45.147 30.252 17.568 9.561 31.514 55.577 72.454 74.771 80.437 82.095 83.784 65.102 22.156 10.259
