test_integration/test_sample_run/example/output_maps/SWEDENSITYN0027.asc
ncols         174
nrows         141
xllcorner     744500.000000
yllcorner     5140950.000000
cellsize      250.000000
NODATA_value  -9999.0
[rows 87 to 115 of 141, columns 66 to 131 of 174]
124.148 125.815 133.553 134.522 134.060 135.574 140.901 143.674 145.861 146.879 145.500 151.217 147.677 159.349 176.544 186.310 185.423 181.720 174.793 175.989 171.746 166.309 158.044 155.692 150.973 142.408 118.643 119.899 117.344 120.711 122.750 121.360 125.371 127.790 129.308 130.237 140.179 134.372 135.444 135.766 124.550 120.277 115.183 114.400 120.870 118.366 117.695 119.558 121.222 120.959 124.195 125.312 123.659 122.161 123.450 121.314 118.643 118.793 118.565 119.887 121.296 122.553 118.156 117.144 116.540 114.188
112.517 111.476 115.468 127.185 120.860 125.683 121.014 122.338 139.422 153.764 157.860 161.726 158.546 172.084 179.800 187.319 191.674 188.265 185.796 185.897 184.792 170.862 163.603 163.323 153.033 148.295 130.906 134.073 133.665 133.349 129.678 129.881 129.750 131.826 138.588 141.745 140.264 141.205 138.613 128.729 120.667 116.919 119.834 112.400 121.473 119.272 117.820 119.970 122.741 122.666 123.871 123.807 112.436 114.056 110.886 113.333 116.292 116.754 116.441 117.253 116.000 119.013 117.926 116.824 117.031 112.205
103.374 101.253 104.052 108.187 106.444 107.864 107.526 111.938 121.569 128.929 149.846 177.019 176.968 177.535 185.255 191.819 181.660 176.939 179.676 174.280 169.492 185.097 182.838 171.851 159.866 146.016 149.147 158.132 154.203 151.840 142.020 149.657 146.279 154.592 140.831 134.454 128.380 122.730 123.854 122.183 115.070 117.286 114.652 116.462 114.534 120.500 117.606 111.463 110.920 114.463 122.219 118.908 111.857 111.795 109.124 109.691 115.243 117.099 116.913 114.279 116.408 117.185 117.678 116.810 114.882 114.616
94.228 92.677 94.718 101.963 100.154 106.515 119.314 116.889 131.970 137.292 141.937 147.254 177.637 180.720 193.189 193.393 174.190 165.965 166.779 162.697 167.409 162.445 161.415 177.807 171.487 158.639 165.305 166.682 151.606 151.586 150.106 149.114 147.307 137.795 126.111 122.785 120.108 119.665 118.721 119.447 123.999 118.670 120.392 121.745 119.438 117.558 116.416 111.920 110.463 110.979 118.322 123.305 119.153 117.421 110.275 108.470 112.152 111.426 110.981 114.746 114.420 114.630 115.138 115.394 115.279 116.671
84.669 87.389 94.787 93.140 100.498 118.681 131.276 130.638 135.836 137.431 150.481 161.248 178.058 146.156 187.388 179.101 167.931 159.748 156.417 152.173 141.871 139.027 136.627 148.153 170.977 172.510 162.477 137.586 122.343 120.082 123.070 125.380 127.118 127.278 122.122 118.575 125.406 126.049 122.144 119.761 121.644 123.525 124.711 126.825 121.758 113.899 117.221 117.193 113.824 108.644 111.793 -9999.000 -9999.000 -9999.000 -9999.000 -9999.000 -9999.000 -9999.000 104.385 106.245 111.670 110.642 108.061 110.598 115.019 113.846
85.532 87.014 90.323 93.739 110.469 126.590 134.744 135.595 140.313 142.701 151.455 162.782 117.220 110.126 177.858 179.130 164.900 158.717 154.713 148.902 139.619 136.908 130.689 134.691 144.142 148.428 135.579 126.200 118.014 113.164 110.911 113.935 126.958 128.680 123.575 119.262 118.574 118.820 127.001 127.283 127.606 127.986 128.914 122.420 116.674 117.256 110.505 -9999.000 -9999.000 -9999.000 -9999.000 -9999.000 -9999.000 -9999.000 -9999.000 -9999.000 -9999.000 -9999.000 -9999.000 -9999.000 106.915 109.289 103.779 103.504 111.022 -9999.000
93.095 90.526 91.501 99.443 125.143 133.191 138.369 140.321 144.564 148.887 159.913 165.827 32.874 45.456 177.503 174.089 166.136 166.986 154.173 149.661 142.330 137.336 127.842 124.090 125.744 130.169 126.352 117.524 113.833 113.805 124.408 114.407 119.342 124.842 125.697 124.440 125.099 121.104 118.713 119.613 116.409 126.546 119.931 118.553 118.183 -9999.000 -9999.000 -9999.000 -9999.000 -9999.000 -9999.000 -9999.000 -9999.000 -9999.000 -9999.000 -9999.000 -9999.000 -9999.000 -9999.000 -9999.000 -9999.000 104.564 105.686 105.025 -9999.000 -9999.000
106.194 97.498 105.734 121.553 127.564 136.599 138.656 141.593 144.527 148.751 92.557 106.454 52.513 66.210 175.040 173.503 169.269 168.343 155.335 150.544 134.436 129.501 126.546 120.635 117.967 121.054 124.054 122.069 115.231 112.487 128.975 114.904 118.523 121.638 125.707 126.559 125.859 124.077 123.787 121.555 132.940 114.604 121.698 118.799 -9999.000 -9999.000 -9999.000 -9999.000 -9999.000 -9999.000 -9999.000 -9999.000 -9999.000 -9999.000 -9999.000 -9999.000 -9999.000 -9999.000 -9999.000 -9999.000 -9999.000 -9999.000 104.955 -9999.000 -9999.000 -9999.000
120.734 118.134 122.032 122.760 128.048 133.139 143.452 144.966 79.869 50.012 nan nan nan 89.834 193.831 86.667 164.239 156.862 137.098 132.912 123.367 120.256 119.212 118.773 115.536 115.293 114.647 115.093 112.868 112.875 127.418 114.228 116.331 120.667 123.028 122.549 120.491 118.488 -9999.000 -9999.000 -9999.000 121.463 124.877 -9999.000 -9999.000 -9999.000 -9999.000 -9999.000 -9999.000 -9999.000 -9999.000 -9999.000 -9999.000 -9999.000 -9999.000 -9999.000 -9999.000 -9999.000 -9999.000 -9999.000 -9999.000 -9999.000 -9999.000 -9999.000 -9999.000 -9999.000
107.526 82.622 40.160 123.760 128.327 133.458 137.811 142.528 62.617 80.655 10.047 nan 59.627 163.368 163.724 186.188 175.587 155.901 143.807 142.884 140.718 139.229 126.593 122.642 113.772 112.635 113.076 115.377 113.871 112.645 110.823 112.754 114.550 116.859 118.835 119.938 117.070 -9999.000 -9999.000 -9999.000 -9999.000 -9999.000 -9999.000 -9999.000 -9999.000 -9999.000 -9999.000 -9999.000 -9999.000 -9999.000 -9999.000 -9999.000 -9999.000 -9999.000 -9999.000 -9999.000 -9999.000 -9999.000 -9999.000 -9999.000 -9999.000 -9999.000 -9999.000 -9999.000 -9999.000 -9999.000
114.014 125.648 40.762 19.394 42.615 85.945 97.334 70.343 nan nan nan nan 154.192 147.893 146.327 141.407 147.333 164.911 164.484 165.057 150.101 147.931 145.208 143.728 126.288 126.407 126.528 122.356 115.436 113.852 115.649 115.794 116.194 115.567 127.093 116.970 -9999.000 -9999.000 -9999.000 -9999.000 -9999.000 -9999.000 -9999.000 -9999.000 -9999.000 -9999.000 -9999.000 -9999.000 -9999.000 -9999.000 -9999.000 -9999.000 -9999.000 -9999.000 -9999.000 -9999.000 -9999.000 -9999.000 -9999.000 -9999.000 -9999.000 -9999.000 -9999.000 -9999.000 -9999.000 -9999.000
121.396 123.271 62.051 33.204 27.110 23.286 34.076 31.622 10.586 nan nan 1.151 155.361 147.341 129.977 127.562 138.938 150.876 142.322 140.913 147.064 155.162 147.868 147.895 140.473 134.508 131.465 128.736 124.424 124.270 122.368 120.707 118.452 114.942 133.736 -9999.000 -9999.000 -9999.000 -9999.000 -9999.000 -9999.000 -9999.000 -9999.000 -9999.000 -9999.000 -9999.000 -9999.000 -9999.000 -9999.000 -9999.000 -9999.000 -9999.000 -9999.000 -9999.000 -9999.000 -9999.000 -9999.000 -9999.000 -9999.000 -9999.000 -9999.000 -9999.000 -9999.000 -9999.000 -9999.000 -9999.000
124.531 126.158 70.454 15.373 nan nan nan nan nan nan nan 81.736 148.101 141.746 121.484 119.977 129.463 123.511 119.493 117.965 118.713 126.282 156.954 153.446 142.194 139.879 135.751 134.168 131.576 129.333 126.755 124.684 120.704 121.062 123.534 121.843 -9999.000 -9999.000 -9999.000 -9999.000 -9999.000 -9999.000 -9999.000 -9999.000 -9999.000 -9999.000 -9999.000 -9999.000 -9999.000 -9999.000 -9999.000 -9999.000 -9999.000 -9999.000 -9999.000 -9999.000 -9999.000 -9999.000 -9999.000 -9999.000 -9999.000 -9999.000 -9999.000 -9999.000 -9999.000 -9999.000
82.488 53.801 nan nan nan nan nan nan nan nan 96.588 150.803 146.280 140.955 134.424 125.184 115.876 113.872 112.804 112.273 112.435 115.082 127.310 150.401 136.241 133.073 127.474 126.752 123.134 122.367 120.827 120.938 120.584 120.559 122.913 121.185 -9999.000 -9999.000 -9999.000 -9999.000 -9999.000 -9999.000 -9999.000 -9999.000 -9999.000 -9999.000 -9999.000 -9999.000 -9999.000 -9999.000 -9999.000 -9999.000 -9999.000 -9999.000 -9999.000 -9999.000 -9999.000 -9999.000 -9999.000 -9999.000 -9999.000 -9999.000 -9999.000 -9999.000 -9999.000 -9999.000
42.936 1.346 nan nan nan nan nan nan nan nan 143.972 143.161 138.228 140.306 138.158 123.541 104.844 104.891 103.235 105.025 101.994 105.868 113.442 136.758 126.888 118.629 117.574 119.149 117.449 116.846 116.209 116.630 117.266 118.192 122.349 -9999.000 -9999.000 -9999.000 -9999.000 -9999.000 -9999.000 -9999.000 -9999.000 -9999.000 -9999.000 -9999.000 -9999.000 -9999.000 -9999.000 -9999.000 -9999.000 -9999.000 -9999.000 -9999.000 -9999.000 -9999.000 -9999.000 -9999.000 -9999.000 -9999.000 -9999.000 -9999.000 -9999.000 -9999.000 -9999.000 -9999.000
27.464 nan nan nan nan nan nan nan nan nan 102.728 139.383 121.096 121.432 126.218 116.518 101.830 96.896 96.325 97.094 96.397 103.681 112.909 125.563 133.117 115.690 112.774 113.170 114.503 112.530 112.608 112.645 113.548 114.815 -9999.000 -9999.000 -9999.000 -9999.000 -9999.000 -9999.000 -9999.000 -9999.000 -9999.000 -9999.000 -9999.000 -9999.000 -9999.000 -9999.000 -9999.000 -9999.000 -9999.000 -9999.000 -9999.000 -9999.000 -9999.000 -9999.000 -9999.000 -9999.000 -9999.000 -9999.000 -9999.000 -9999.000 -9999.000 -9999.000 -9999.000 -9999.000
nan 5.166 nan nan nan nan nan 24.704 144.904 147.141 63.672 139.051 134.213 115.598 111.449 112.070 100.997 94.976 89.648 89.832 92.742 100.290 108.735 117.556 135.425 121.216 108.762 105.745 110.666 107.812 105.983 107.121 107.040 -9999.000 -9999.000 -9999.000 -9999.000 -9999.000 -9999.000 -9999.000 -9999.000 -9999.000 -9999.000 -9999.000 -9999.000 -9999.000 -9999.000 -9999.000 -9999.000 -9999.000 -9999.000 -9999.000 -9999.000 -9999.000 -9999.000 -9999.000 -9999.000 -9999.000 -9999.000 -9999.000 -9999.000 -9999.000 -9999.000 -9999.000 -9999.000 -9999.000
nan nan nan nan nan nan nan 92.891 139.956 136.293 136.346 141.428 134.710 108.903 106.844 106.274 102.403 98.625 90.608 87.158 92.313 97.134 107.445 112.740 130.510 120.783 108.295 103.800 103.648 106.266 100.165 99.911 -9999.000 -9999.000 -9999.000 -9999.000 -9999.000 -9999.000 -9999.000 -9999.000 -9999.000 -9999.000 -9999.000 -9999.000 -9999.000 -9999.000 -9999.000 -9999.000 -9999.000 -9999.000 -9999.000 -9999.000 -9999.000 -9999.000 -9999.000 -9999.000 -9999.000 -9999.000 -9999.000 -9999.000 -9999.000 -9999.000 -9999.000 -9999.000 -9999.000 -9999.000
nan nan nan nan nan nan 87.149 140.616 129.998 117.458 114.914 124.866 134.876 105.946 97.338 96.479 91.314 94.606 89.494 86.314 85.530 90.481 100.061 109.306 122.893 119.540 110.542 104.400 97.708 100.145 91.679 -9999.000 -9999.000 -9999.000 -9999.000 -9999.000 -9999.000 -9999.000 -9999.000 -9999.000 -9999.000 -9999.000 -9999.000 -9999.000 -9999.000 -9999.000 -9999.000 -9999.000 -9999.000 -9999.000 -9999.000 -9999.000 -9999.000 -9999.000 -9999.000 -9999.000 -9999.000 -9999.000 -9999.000 -9999.000 -9999.000 -9999.000 -9999.000 -9999.000 -9999.000 -9999.000
nan nan nan nan nan nan nan 77.066 134.808 130.106 109.630 110.609 113.367 104.365 95.463 91.315 88.907 90.710 88.208 84.493 83.793 86.239 99.770 104.730 118.963 116.057 110.316 104.657 96.731 95.956 -9999.000 -9999.000 -9999.000 -9999.000 -9999.000 -9999.000 -9999.000 -9999.000 -9999.000 -9999.000 -9999.000 -9999.000 -9999.000 -9999.000 -9999.000 -9999.000 -9999.000 -9999.000 -9999.000 -9999.000 -9999.000 -9999.000 -9999.000 -9999.000 -9999.000 -9999.000 -9999.000 -9999.000 -9999.000 -9999.000 -9999.000 -9999.000 -9999.000 -9999.000 -9999.000 -9999.000
nan nan nan nan 73.977 61.730 nan 30.489 94.397 133.420 103.864 104.812 98.751 98.667 92.791 86.822 81.722 81.255 86.535 86.666 84.162 82.900 90.335 99.717 113.195 115.359 109.850 104.695 93.748 88.709 -9999.000 -9999.000 -9999.000 -9999.000 -9999.000 -9999.000 -9999.000 -9999.000 -9999.000 -9999.000 -9999.000 -9999.000 -9999.000 -9999.000 -9999.000 -9999.000 -9999.000 -9999.000 -9999.000 -9999.000 -9999.000 -9999.000 -9999.000 -9999.000 -9999.000 -9999.000 -9999.000 -9999.000 -9999.000 -9999.000 -9999.000 -9999.000 -9999.000 -9999.000 -9999.000 -9999.000
nan nan nan nan 94.313 76.294 nan 28.594 127.823 138.161 113.733 102.928 93.422 90.824 92.375 87.991 80.035 77.809 82.240 83.324 84.470 82.385 87.432 96.017 111.089 112.642 108.935 100.275 92.206 87.456 -9999.000 -9999.000 -9999.000 -9999.000 -9999.000 -9999.000 -9999.000 -9999.000 -9999.000 -9999.000 -9999.000 -9999.000 -9999.000 -9999.000 -9999.000 -9999.000 -9999.000 -9999.000 -9999.000 -9999.000 -9999.000 -9999.000 -9999.000 -9999.000 -9999.000 -9999.000 -9999.000 -9999.000 -9999.000 -9999.000 -9999.000 -9999.000 -9999.000 -9999.000 -9999.000 -9999.000
nan nan 28.283 148.959 145.553 146.087 151.306 25.863 136.387 115.197 131.123 127.341 94.502 88.130 85.022 86.789 81.278 78.701 76.476 78.004 79.102 81.821 86.477 93.542 106.077 109.140 104.205 99.479 91.610 86.471 -9999.000 -9999.000 -9999.000 -9999.000 -9999.000 -9999.000 -9999.000 -9999.000 -9999.000 -9999.000 -9999.000 -9999.000 -9999.000 -9999.000 -9999.000 -9999.000 -9999.000 -9999.000 -9999.000 -9999.000 -9999.000 -9999.000 -9999.000 -9999.000 -9999.000 -9999.000 -9999.000 -9999.000 -9999.000 -9999.000 -9999.000 -9999.000 -9999.000 -9999.000 -9999.000 -9999.000
nan nan 145.674 146.532 141.401 138.819 145.455 153.579 88.767 134.773 135.027 132.032 114.052 97.217 82.394 84.449 83.196 77.871 74.407 75.299 75.504 80.414 89.422 95.789 102.480 106.317 101.852 92.403 86.100 -9999.000 -9999.000 -9999.000 -9999.000 -9999.000 -9999.000 -9999.000 -9999.000 -9999.000 -9999.000 -9999.000 -9999.000 -9999.000 -9999.000 -9999.000 -9999.000 -9999.000 -9999.000 -9999.000 -9999.000 -9999.000 -9999.000 -9999.000 -9999.000 -9999.000 -9999.000 -9999.000 -9999.000 -9999.000 -9999.000 -9999.000 -9999.000 -9999.000 -9999.000 -9999.000 -9999.000 -9999.000
nan 152.573 146.592 142.304 119.411 124.123 127.150 124.812 148.030 140.964 136.237 134.977 130.339 109.219 86.372 85.103 81.647 79.507 74.748 75.598 75.218 77.762 82.522 87.121 97.503 98.780 99.476 93.085 88.449 -9999.000 -9999.000 -9999.000 -9999.000 -9999.000 -9999.000 -9999.000 -9999.000 -9999.000 -9999.000 -9999.000 -9999.000 -9999.000 -9999.000 -9999.000 -9999.000 -9999.000 -9999.000 -9999.000 -9999.000 -9999.000 -9999.000 -9999.000 -9999.000 -9999.000 -9999.000 -9999.000 -9999.000 -9999.000 -9999.000 -9999.000 -9999.000 -9999.000 -9999.000 -9999.000 -9999.000 -9999.000
151.391 144.824 131.327 123.315 109.340 110.891 111.442 113.545 117.656 138.101 139.694 136.566 131.070 123.100 90.455 85.395 81.176 80.390 78.568 77.922 77.491 75.395 79.140 84.759 94.964 95.072 94.399 93.226 88.998 -9999.000 -9999.000 -9999.000 -9999.000 -9999.000 -9999.000 -9999.000 -9999.000 -9999.000 -9999.000 -9999.000 -9999.000 -9999.000 -9999.000 -9999.000 -9999.000 -9999.000 -9999.000 -9999.000 -9999.000 -9999.000 -9999.000 -9999.000 -9999.000 -9999.000 -9999.000 -9999.000 -9999.000 -9999.000 -9999.000 -9999.000 -9999.000 -9999.000 -9999.000 -9999.000 -9999.000 -9999.000
145.283 143.311 136.625 116.565 102.121 104.318 103.603 104.476 109.168 116.430 138.735 139.014 134.397 132.226 108.776 88.255 78.947 79.341 79.544 77.504 74.245 74.259 80.158 86.854 89.907 85.055 87.866 87.224 87.726 -9999.000 -9999.000 -9999.000 -9999.000 -9999.000 -9999.000 -9999.000 -9999.000 -9999.000 -9999.000 -9999.000 -9999.000 -9999.000 -9999.000 -9999.000 -9999.000 -9999.000 -9999.000 -9999.000 -9999.000 -9999.000 -9999.000 -9999.000 -9999.000 -9999.000 -9999.000 -9999.000 -9999.000 -9999.000 -9999.000 -9999.000 -9999.000 -9999.000 -9999.000 -9999.000 -9999.000 -9999.000
147.103 141.632 135.460 133.128 114.851 101.237 99.063 99.254 103.183 111.465 121.101 138.979 135.945 126.356 107.534 91.795 82.972 79.628 75.626 73.668 74.834 74.841 74.382 82.558 84.524 78.222 78.926 77.103 -9999.000 -9999.000 -9999.000 -9999.000 -9999.000 -9999.000 -9999.000 -9999.000 -9999.000 -9999.000 -9999.000 -9999.000 -9999.000 -9999.000 -9999.000 -9999.000 -9999.000 -9999.000 -9999.000 -9999.000 -9999.000 -9999.000 -9999.000 -9999.000 -9999.000 -9999.000 -9999.000 -9999.000 -9999.000 -9999.000 -9999.000 -9999.000 -9999.000 -9999.000 -9999.000 -9999.000 -9999.000 -9999.000
154.209 148.912 144.281 137.949 125.873 106.594 93.004 93.861 100.040 104.431 110.158 115.585 137.120 131.223 117.265 112.323 89.836 83.927 79.425 74.264 77.557 77.816 75.970 77.424 77.829 75.380 80.150 79.824 -9999.000 -9999.000 -9999.000 -9999.000 -9999.000 -9999.000 -9999.000 -9999.000 -9999.000 -9999.000 -9999.000 -9999.000 -9999.000 -9999.000 -9999.000 -9999.000 -9999.000 -9999.000 -9999.000 -9999.000 -9999.000 -9999.000 -9999.000 -9999.000 -9999.000 -9999.000 -9999.000 -9999.000 -9999.000 -9999.000 -9999.000 -9999.000 -9999.000 -9999.000 -9999.000 -9999.000 -9999.000 -9999.000
