test_integration/test_sample_run/example/output_maps/SWEDENSITYN0033.asc
ncols         174
nrows         141
xllcorner     744500.000000
yllcorner     5140950.000000
cellsize      250.000000
NODATA_value  -9999.0
[rows 58 to 86 of 141, columns 0 to 65 of 174]
-9999.000 -9999.000 -9999.000 -9999.000 -9999.000 106.896 106.257 113.552 112.740 110.990 110.161 109.161 110.053 111.689 115.016 116.445 118.650 117.232 111.817 110.739 112.104 113.466 113.125 112.840 112.189 111.064 109.400 108.091 107.024 107.077 107.971 104.838 102.363 103.320 100.668 81.395 86.438 91.779 96.244 99.702 107.255 114.893 118.828 124.867 136.222 137.114 141.845 138.785 135.494 131.816 122.824 113.861 95.054 108.636 105.712 93.650 98.677 107.399 120.512 132.327 139.031 141.103 130.680 131.059 115.317 115.651
-9999.000 -9999.000 -9999.000 -9999.000 -9999.000 106.770 110.183 114.295 114.662 112.003 112.123 111.716 109.262 110.664 115.767 116.956 121.132 100.898 111.919 112.766 108.063 114.541 114.903 114.993 113.048 110.702 108.184 108.054 108.310 108.101 108.747 104.791 104.264 91.678 84.411 93.452 100.038 107.527 114.916 98.370 106.318 111.913 121.463 129.722 139.039 139.498 140.903 133.037 131.905 130.012 119.754 110.431 96.145 92.320 107.469 104.701 94.348 103.749 119.941 135.073 140.651 136.900 122.111 120.886 113.068 110.773
-9999.000 -9999.000 -9999.000 -9999.000 -9999.000 116.699 113.042 113.678 116.454 115.692 114.396 113.876 113.858 113.487 115.703 101.986 105.647 103.133 96.974 114.229 116.914 116.129 116.283 115.245 111.123 111.154 110.092 109.863 108.407 108.194 110.241 97.420 81.317 83.930 96.600 107.468 103.958 103.063 104.326 101.904 110.500 115.831 121.550 136.558 139.940 141.368 140.785 125.077 117.762 115.863 113.879 108.318 99.427 94.113 102.247 92.660 110.609 114.374 127.948 137.235 137.697 128.311 116.373 113.304 111.969 109.702
-9999.000 -9999.000 -9999.000 -9999.000 -9999.000 119.265 114.578 114.533 116.751 117.068 116.813 116.396 116.230 116.144 107.196 103.512 107.599 107.200 105.457 103.234 104.394 101.709 118.001 113.624 112.111 112.910 112.244 112.028 112.011 113.595 112.309 109.083 95.884 98.920 109.106 102.290 104.392 108.204 108.794 111.815 118.811 119.803 129.526 140.040 141.248 141.343 136.047 116.508 106.030 108.832 112.986 109.826 98.399 101.974 101.653 97.420 112.207 120.333 135.744 137.749 134.867 126.230 110.442 106.336 104.958 105.278
-9999.000 -9999.000 -9999.000 -9999.000 -9999.000 114.109 112.268 116.028 115.839 117.528 117.792 116.718 115.638 113.811 103.066 104.699 107.735 109.006 108.566 106.150 105.274 103.270 102.292 98.041 113.877 113.400 113.545 113.239 113.887 114.148 106.015 94.813 98.922 102.700 101.429 104.541 107.361 108.276 119.350 118.304 120.338 120.949 136.715 141.399 134.604 141.159 130.813 118.138 107.609 106.762 106.322 106.669 101.079 103.667 99.654 103.810 113.988 127.437 137.171 139.181 133.192 131.133 113.878 109.623 103.780 103.435
-9999.000 -9999.000 -9999.000 -9999.000 110.620 105.559 93.812 112.012 115.661 116.012 120.339 105.155 100.792 116.258 100.166 103.485 107.838 111.602 111.057 109.975 105.856 104.366 104.016 100.646 98.331 114.926 115.068 114.818 116.447 116.020 100.280 101.488 103.375 112.285 107.936 108.527 114.332 121.374 133.366 134.285 131.479 136.945 140.876 139.284 131.593 133.740 133.912 124.814 112.667 106.802 99.529 98.297 105.056 111.750 107.806 113.658 127.342 134.511 139.392 134.515 129.808 126.802 126.623 121.769 104.389 103.166
-9999.000 -9999.000 -9999.000 -9999.000 -9999.000 106.415 104.799 95.303 97.359 99.612 101.342 103.060 105.137 108.459 103.686 107.719 108.820 111.905 112.365 111.592 108.809 106.332 106.731 104.104 102.677 101.765 100.621 99.878 102.356 102.322 104.474 105.615 108.286 113.191 115.465 117.418 123.737 130.557 133.820 136.498 138.614 140.899 138.144 131.549 126.909 124.814 122.652 126.289 118.573 110.729 103.724 101.593 106.631 119.132 117.531 120.057 133.358 136.852 135.510 130.318 122.647 113.831 106.689 105.373 104.897 105.980
-9999.000 -9999.000 -9999.000 -9999.000 -9999.000 -9999.000 109.230 107.387 103.190 102.386 103.899 93.313 96.280 99.246 110.590 112.248 113.571 113.274 114.190 114.444 111.609 109.753 110.133 108.784 108.120 105.066 106.152 105.025 107.552 107.745 112.910 111.720 111.804 114.994 127.497 131.891 136.006 137.919 138.819 138.990 139.972 138.198 133.907 127.852 114.955 117.602 112.976 119.009 114.934 115.673 115.289 113.328 114.844 115.685 131.882 134.295 137.286 134.943 131.409 122.258 111.303 106.648 97.434 94.540 93.611 101.409
-9999.000 -9999.000 -9999.000 -9999.000 -9999.000 109.153 105.803 90.599 87.197 91.859 109.764 113.752 111.564 94.839 104.149 110.856 113.324 113.400 114.351 115.774 112.987 112.934 112.171 112.290 108.972 105.837 109.082 110.349 111.532 111.567 115.381 116.449 119.061 119.825 130.370 131.823 134.083 136.498 139.046 139.597 138.201 126.291 121.815 116.360 105.662 112.216 106.287 112.291 113.394 111.995 111.777 116.431 119.125 119.995 129.086 132.246 129.961 129.563 129.021 132.770 124.112 116.121 101.939 99.724 103.611 95.461
-9999.000 -9999.000 -9999.000 -9999.000 -9999.000 100.969 100.956 84.773 78.321 80.616 91.252 97.185 103.575 103.517 109.480 113.805 114.475 115.213 116.691 119.165 117.895 117.141 117.057 116.420 114.693 112.835 118.885 118.701 116.695 119.103 123.077 127.707 132.776 135.611 137.205 136.179 136.790 136.507 137.038 138.716 124.765 116.053 110.140 101.763 99.598 102.581 98.267 102.409 106.903 107.993 106.508 110.678 114.918 121.711 128.282 129.027 126.939 123.363 119.183 123.829 130.711 127.335 115.080 118.743 108.047 101.971
-9999.000 -9999.000 -9999.000 -9999.000 -9999.000 -9999.000 100.485 82.590 97.913 77.234 87.084 95.527 100.545 104.549 113.384 115.068 115.779 115.036 116.252 117.457 119.963 119.370 119.824 120.422 123.718 124.472 126.042 124.654 123.648 123.508 126.059 128.347 135.040 135.754 134.785 135.421 135.675 134.277 135.014 134.338 116.127 104.038 105.559 97.086 95.669 90.473 92.815 97.406 102.367 101.837 99.333 100.568 108.186 113.202 125.259 127.033 121.329 118.973 112.503 116.937 119.237 124.244 120.567 115.170 113.098 104.468
-9999.000 -9999.000 -9999.000 -9999.000 -9999.000 -9999.000 98.891 90.419 103.294 93.504 85.801 90.042 97.927 102.754 112.878 114.513 111.134 109.734 109.814 111.597 119.058 122.464 122.439 123.816 125.781 129.341 130.218 131.933 136.070 134.024 137.514 136.377 133.717 133.810 134.199 132.397 127.167 133.466 125.759 125.895 100.319 95.230 96.081 87.894 82.095 79.591 83.188 87.700 93.744 88.068 87.262 91.020 99.282 106.870 122.506 125.729 110.247 107.931 106.249 111.081 114.208 113.171 114.104 114.337 112.450 109.210
-9999.000 -9999.000 -9999.000 -9999.000 -9999.000 -9999.000 -9999.000 96.810 97.481 92.115 85.517 84.362 92.459 102.534 111.721 110.996 106.533 104.624 106.019 108.476 112.558 118.185 123.252 124.026 126.079 127.304 127.908 129.603 130.271 131.802 131.650 129.619 129.937 126.638 123.020 119.229 118.724 121.701 121.115 117.590 100.351 95.688 86.831 80.999 75.894 76.575 78.816 78.694 82.386 81.788 82.471 86.550 93.816 103.036 120.328 121.730 102.203 98.159 97.290 106.078 106.451 106.487 104.186 104.507 107.767 108.479
-9999.000 -9999.000 -9999.000 -9999.000 -9999.000 -9999.000 -9999.000 88.876 90.627 86.053 88.639 82.837 89.608 102.344 108.987 108.344 91.481 93.496 96.861 101.799 108.423 111.635 121.323 124.015 126.156 126.241 127.716 128.690 129.681 130.664 128.228 129.072 120.693 118.608 110.902 107.656 107.849 115.499 114.414 109.766 100.302 92.126 80.685 73.955 77.915 82.564 87.580 93.785 73.179 74.863 77.851 81.941 92.184 99.735 117.552 115.976 96.995 89.930 90.293 96.430 95.792 95.327 90.874 93.209 100.951 105.298
-9999.000 -9999.000 -9999.000 -9999.000 -9999.000 -9999.000 -9999.000 -9999.000 90.949 87.569 79.393 80.963 91.771 103.149 106.976 101.478 88.598 89.231 89.974 92.819 104.020 111.049 120.158 124.003 125.514 126.509 122.744 128.613 126.145 125.163 119.984 118.734 110.350 112.688 106.032 102.074 103.108 108.727 109.605 101.987 97.205 86.817 79.775 75.239 91.575 86.260 74.453 78.746 87.811 74.982 79.115 86.061 90.897 106.143 113.759 110.930 93.297 87.107 88.962 93.326 91.800 92.816 86.315 87.445 95.672 97.497
-9999.000 -9999.000 -9999.000 -9999.000 -9999.000 -9999.000 -9999.000 -9999.000 102.182 92.490 80.881 83.908 90.077 99.245 99.345 85.800 81.050 82.861 99.738 88.073 99.182 113.587 124.105 124.356 124.879 125.203 123.371 124.271 121.343 117.194 109.258 105.586 100.132 101.827 105.385 100.551 94.752 99.729 96.157 95.064 90.499 89.039 83.525 76.799 81.690 93.449 77.336 83.455 89.343 73.992 80.330 83.599 100.604 115.538 108.394 104.077 88.449 84.815 88.151 90.522 89.147 87.991 82.314 83.419 90.258 94.437
-9999.000 -9999.000 -9999.000 -9999.000 -9999.000 -9999.000 -9999.000 87.277 102.198 95.182 83.216 101.874 89.087 100.481 90.601 77.875 92.918 91.982 87.129 93.211 101.372 114.656 126.429 123.443 122.540 118.372 115.737 114.401 112.442 108.047 104.455 101.011 96.087 95.564 94.346 94.388 85.323 93.063 92.950 91.100 87.646 85.353 84.410 82.651 86.128 75.580 92.945 85.080 83.365 69.874 76.534 88.924 105.794 105.334 104.104 99.178 87.271 84.547 85.710 89.449 88.192 84.379 81.442 82.788 89.060 92.132
-9999.000 -9999.000 -9999.000 -9999.000 -9999.000 -9999.000 82.696 95.862 98.968 92.162 103.968 103.900 91.322 91.673 84.452 77.515 95.577 80.740 98.897 83.582 89.095 108.200 125.236 123.221 114.748 110.179 103.425 108.030 105.035 102.803 98.019 90.633 89.903 86.200 82.939 89.979 82.610 86.239 88.034 86.827 83.988 81.486 91.293 91.729 94.571 93.701 82.524 85.956 86.694 71.384 83.546 83.989 96.846 98.805 98.694 93.182 88.913 85.574 85.989 86.361 82.987 79.964 91.634 80.768 86.515 90.656
-9999.000 -9999.000 -9999.000 -9999.000 -9999.000 101.292 93.924 98.546 103.224 97.053 103.794 106.079 98.786 86.201 77.259 89.360 86.682 84.419 95.596 84.370 91.316 120.155 125.894 119.583 108.403 101.674 89.988 98.712 99.927 98.117 93.179 87.076 82.448 79.711 89.612 85.793 93.788 82.684 85.272 84.901 83.807 93.180 94.086 92.779 92.592 92.238 89.290 93.515 88.025 77.447 79.643 79.827 92.536 97.053 95.660 88.152 83.999 82.843 83.104 82.778 79.324 78.354 94.034 81.628 85.918 90.365
-9999.000 -9999.000 -9999.000 104.189 103.119 99.159 96.431 93.244 94.941 96.868 98.286 95.765 95.947 83.832 74.343 87.023 81.171 76.332 80.233 81.287 114.159 129.094 121.025 112.976 96.358 90.839 82.593 91.231 93.667 89.062 88.274 86.627 77.829 83.531 91.377 79.162 95.784 89.358 82.096 82.523 91.250 92.371 92.251 91.559 88.828 88.344 86.709 83.264 87.523 75.343 80.204 80.974 90.826 94.231 91.284 84.305 75.905 75.365 76.943 77.349 75.510 82.127 77.858 82.291 86.026 88.690
-9999.000 -9999.000 93.842 100.801 95.940 96.934 91.924 91.064 83.447 81.750 92.254 93.199 95.978 82.055 73.466 87.154 90.555 83.571 77.200 85.811 110.337 116.037 111.008 106.893 90.999 87.875 92.029 87.379 89.586 85.007 86.355 85.261 82.080 95.925 78.474 86.729 87.647 86.655 93.460 92.782 90.006 93.320 89.981 89.828 82.615 84.883 85.622 85.860 71.403 77.511 82.843 87.175 90.651 92.461 89.322 82.535 77.713 76.929 84.060 88.785 76.989 74.688 79.407 83.529 86.096 87.589
-9999.000 -9999.000 92.917 100.524 94.508 92.928 85.317 78.668 73.622 72.842 80.211 92.523 92.588 80.861 72.630 85.714 88.080 74.229 79.366 85.885 103.507 108.367 104.641 101.585 87.287 79.699 87.296 81.844 85.154 84.434 91.682 94.051 94.926 95.160 87.526 82.597 75.088 84.497 92.194 95.138 90.275 94.631 93.413 88.736 88.411 87.496 91.720 92.437 71.784 76.322 81.291 85.427 84.699 89.258 85.792 80.372 77.228 76.200 90.049 76.270 79.958 80.434 83.408 84.115 86.313 89.629
-9999.000 -9999.000 -9999.000 100.284 93.669 85.182 79.179 70.161 82.527 84.569 87.140 91.408 90.511 79.588 70.234 89.368 83.297 74.195 79.666 85.273 101.170 103.868 93.924 95.230 82.200 77.013 82.926 80.583 92.985 91.365 97.062 93.828 92.310 90.833 88.835 87.078 92.368 75.126 90.717 90.633 91.760 92.468 85.207 90.630 89.992 90.287 83.634 82.889 73.974 77.502 72.935 79.040 80.079 85.523 82.444 79.665 73.874 89.904 75.414 79.493 83.811 84.015 83.433 85.710 88.640 91.128
-9999.000 -9999.000 -9999.000 -9999.000 -9999.000 -9999.000 87.760 77.083 77.185 83.042 87.965 88.152 86.975 74.330 68.721 85.993 72.381 75.674 85.807 94.219 100.722 102.926 88.487 88.345 85.044 71.818 91.346 78.498 94.833 95.122 90.339 80.578 90.121 77.342 85.457 83.982 76.520 96.647 86.651 84.280 92.318 87.241 79.168 82.031 87.181 86.417 82.596 82.478 73.378 74.178 70.508 72.068 78.653 80.774 77.419 78.304 89.498 75.735 79.371 82.216 85.710 87.082 89.308 89.349 92.258 92.352
-9999.000 -9999.000 -9999.000 -9999.000 -9999.000 -9999.000 -9999.000 85.473 75.365 71.686 72.206 73.272 72.782 67.869 91.142 66.966 74.217 77.957 90.994 94.631 99.670 99.481 89.617 86.837 84.974 74.118 94.452 91.346 95.052 91.559 76.070 73.634 85.614 85.495 81.091 89.008 76.318 86.004 86.201 81.668 82.377 84.358 88.797 89.609 91.701 88.769 90.249 88.390 89.217 82.366 83.815 71.899 78.754 81.184 79.168 80.576 75.333 78.230 81.878 84.396 86.385 88.960 92.403 91.550 95.613 92.370
-9999.000 -9999.000 -9999.000 -9999.000 -9999.000 -9999.000 -9999.000 89.976 89.320 86.041 82.410 79.106 86.238 88.385 85.821 69.040 76.869 89.163 88.315 79.885 85.449 88.182 88.993 96.551 85.418 77.226 89.831 77.941 87.647 76.570 72.697 80.825 74.796 85.954 87.936 74.967 86.486 80.545 86.191 81.149 84.772 84.165 75.966 74.603 77.495 71.689 89.346 86.457 75.366 71.775 69.548 71.026 78.816 82.660 79.794 82.295 81.222 84.578 86.157 87.383 88.770 89.803 92.579 94.581 99.895 93.963
-9999.000 -9999.000 -9999.000 -9999.000 -9999.000 -9999.000 -9999.000 -9999.000 92.207 92.421 90.712 89.597 93.556 88.281 79.601 71.690 80.491 104.347 82.700 73.613 75.015 85.927 87.131 82.361 80.332 78.622 87.418 89.795 85.858 83.203 86.432 93.243 84.686 93.013 90.328 84.963 92.559 91.209 92.472 71.167 71.775 74.285 77.665 77.302 79.686 75.861 71.090 73.038 76.572 77.167 75.227 75.222 80.225 84.426 83.871 84.412 85.768 86.369 87.955 88.414 88.627 89.455 93.070 97.287 107.433 98.440
-9999.000 -9999.000 -9999.000 -9999.000 -9999.000 -9999.000 -9999.000 -9999.000 -9999.000 97.915 99.287 90.118 90.395 73.257 74.703 77.994 87.582 89.272 77.712 91.268 76.053 84.390 83.118 74.339 76.312 91.962 93.026 94.836 94.621 90.866 92.210 92.933 88.752 83.099 74.025 90.782 76.342 74.845 77.265 75.059 79.249 78.204 81.460 81.265 80.916 82.973 76.317 77.807 77.216 78.158 81.928 82.092 83.929 89.563 87.771 88.325 89.737 88.256 91.143 90.755 88.007 89.581 93.897 97.315 114.123 111.190
-9999.000 -9999.000 -9999.000 -9999.000 -9999.000 -9999.000 -9999.000 -9999.000 -9999.000 -9999.000 97.739 98.902 96.404 78.738 80.506 85.913 88.551 82.151 72.109 89.123 80.034 102.159 79.860 76.007 92.772 94.407 75.679 75.705 75.281 75.712 73.026 72.467 72.728 75.444 78.825 75.284 78.822 82.511 80.980 80.392 83.389 79.223 87.013 83.299 81.313 86.217 77.222 78.653 78.028 78.009 81.010 85.466 88.144 91.727 92.138 90.350 93.597 91.315 94.128 94.022 91.329 90.883 93.798 99.173 114.762 116.096
