test_integration/test_sample_run/example/output_maps/SWEDENSITYN0138.asc
ncols         174
nrows         141
xllcorner     744500.000000
yllcorner     5140950.000000
cellsize      250.000000
NODATA_value  -9999.0
[rows 62 to 92 of 141, columns 70 to 139 of 174]
nan 194.131 201.894 192.189 198.302 210.165 nan nan nan nan nan nan nan nan nan nan nan nan nan nan nan nan 210.309 200.451 174.589 182.041 nan nan nan nan nan nan nan nan nan nan nan nan nan nan nan 195.296 185.495 173.336 162.971 161.329 159.715 161.702 183.961 166.019 161.013 165.746 188.447 nan nan nan nan nan nan nan 194.025 186.258 186.832 185.173 179.235 165.051 158.109 155.414 157.784 157.897
187.464 176.051 186.214 170.646 185.045 186.410 193.105 nan nan nan nan nan nan nan nan nan nan nan nan 208.925 195.481 212.783 200.726 198.371 203.767 nan nan nan nan nan nan nan nan nan nan nan nan nan nan nan nan nan nan 63.502 203.256 202.888 204.519 184.235 175.462 162.160 161.399 177.635 nan nan 209.564 nan nan nan nan nan nan nan 197.037 163.879 158.672 158.446 156.387 149.494 174.929 171.643
187.711 163.440 165.183 162.268 164.447 176.114 196.383 191.884 176.228 182.971 193.407 206.181 nan nan nan nan nan nan 200.371 191.097 181.613 182.740 188.648 nan nan nan nan nan nan nan nan nan nan 142.702 195.706 224.248 nan nan nan nan nan nan nan nan nan nan nan 206.438 158.701 157.851 171.945 195.251 nan 167.401 180.505 213.152 nan nan nan nan nan nan 205.445 189.571 151.630 151.055 178.410 nan nan nan
195.917 181.523 159.859 175.216 167.583 179.826 188.025 174.340 166.173 169.755 183.820 186.112 207.737 nan nan nan nan nan 214.044 nan 87.031 nan nan nan nan nan nan nan nan nan nan 226.475 190.346 185.170 172.200 208.811 nan 216.950 200.219 nan nan nan nan nan nan nan nan 204.494 162.220 156.532 25.129 nan 167.089 161.539 176.574 187.655 nan nan nan nan nan nan nan 197.580 146.645 185.180 186.802 nan nan nan
nan nan 186.205 183.535 191.567 200.141 180.778 166.278 161.598 181.179 181.110 182.682 204.225 nan nan nan nan nan nan nan nan nan nan nan nan nan nan nan nan 227.813 192.959 186.448 173.461 169.511 207.302 nan 52.209 190.463 175.566 174.505 188.801 190.820 nan nan 207.935 nan 201.305 193.906 203.964 196.275 nan nan 162.503 162.329 195.320 28.085 nan nan nan nan nan nan 171.951 165.200 201.785 nan nan nan nan nan
nan nan 198.079 181.639 199.652 192.337 164.494 164.317 167.918 174.602 181.099 190.166 nan 7.253 nan nan nan nan nan nan nan nan nan nan nan 190.341 nan 193.730 190.935 181.938 172.073 166.883 166.890 160.295 nan nan 217.061 208.978 168.539 169.417 171.966 178.131 202.873 204.681 206.193 198.733 188.063 194.089 204.484 nan nan 194.441 178.139 181.250 nan nan nan nan nan 102.140 199.523 185.868 153.426 154.730 nan nan nan nan 198.698 164.690
5.916 nan nan 200.224 200.624 187.904 181.498 181.547 207.527 192.516 196.915 191.964 nan nan nan nan nan nan nan nan nan nan 201.746 192.836 197.026 195.932 195.801 183.542 172.286 168.308 166.031 158.963 160.341 92.487 nan 209.531 210.850 nan 175.681 162.732 168.288 167.896 170.222 184.375 nan nan 28.859 33.305 nan nan 203.844 171.076 187.897 203.626 nan nan nan nan 184.938 173.662 172.187 165.310 175.312 11.650 nan nan nan 171.291 161.902 155.947
203.952 nan nan nan nan 10.823 nan nan nan nan 206.827 203.276 nan nan nan nan nan nan nan nan nan 192.656 168.635 172.798 166.381 172.898 174.812 174.516 174.347 179.009 155.753 179.117 157.600 nan nan 195.071 215.865 nan 183.687 163.269 161.189 161.063 167.828 175.115 nan nan nan nan nan 209.067 189.123 184.016 198.378 nan nan nan nan nan 196.858 177.122 176.513 184.535 203.545 nan nan nan 182.407 159.289 156.854 154.903
201.940 206.795 201.719 nan nan nan nan nan 197.860 nan nan nan nan nan nan nan nan nan nan nan 187.566 179.472 159.726 167.272 168.099 173.350 167.582 171.682 183.570 nan 179.901 165.538 214.825 190.928 113.279 192.278 210.612 27.538 201.917 205.983 164.537 168.203 166.253 182.343 188.186 111.063 nan nan nan 208.120 160.704 164.317 209.840 nan nan nan nan nan nan nan nan nan nan nan 202.332 174.786 159.177 -9999.000 -9999.000 -9999.000
192.593 199.771 202.929 204.318 nan 201.709 190.694 179.327 178.998 nan nan nan nan nan nan nan nan nan nan nan 105.211 175.803 158.381 161.850 166.926 159.638 157.715 159.509 171.231 nan 194.727 160.039 201.028 nan 183.346 186.185 195.570 206.772 nan nan 207.645 199.140 190.896 186.923 184.879 187.033 206.003 212.456 nan nan 211.541 202.324 196.921 nan nan nan nan nan nan nan nan nan nan nan nan 187.549 -9999.000 -9999.000 -9999.000 -9999.000
183.867 184.054 199.525 nan 207.639 195.146 180.029 179.880 198.456 nan nan nan nan nan nan nan nan nan nan nan nan 194.678 199.314 184.856 158.343 158.940 157.535 170.923 168.059 164.536 196.850 185.650 196.832 205.909 168.820 187.160 175.272 206.228 nan nan nan nan 216.829 184.721 176.041 170.988 168.442 168.346 202.691 nan nan nan nan nan nan nan nan nan nan nan nan nan nan nan nan -9999.000 -9999.000 -9999.000 -9999.000 -9999.000
177.763 177.720 201.988 nan 193.036 186.834 173.288 184.336 nan nan nan nan nan nan nan nan nan nan nan nan nan 201.463 198.299 198.008 150.236 157.150 156.171 173.039 165.185 159.819 182.485 190.214 190.448 182.048 206.145 171.445 168.995 179.603 191.220 186.437 208.501 30.508 204.319 197.927 169.224 165.772 163.937 169.041 187.219 201.766 nan nan nan nan nan nan nan nan nan nan nan 203.995 187.972 215.322 nan -9999.000 -9999.000 -9999.000 -9999.000 -9999.000
180.905 198.826 107.324 187.619 163.773 169.743 209.821 nan nan nan nan nan nan nan nan nan nan nan nan nan nan 199.661 nan nan nan nan nan 189.755 160.975 160.092 177.592 193.171 199.854 195.904 199.508 174.731 174.857 170.965 168.881 165.515 181.787 190.685 172.193 167.405 165.907 162.539 160.892 163.947 164.046 166.749 212.828 nan nan nan nan 207.288 nan nan nan 212.051 181.151 162.720 159.129 164.219 184.380 -9999.000 -9999.000 -9999.000 -9999.000 -9999.000
198.558 7.151 197.348 176.907 165.527 197.480 nan nan nan nan nan nan nan nan nan nan nan nan nan 209.850 nan nan nan nan nan nan nan nan 164.932 183.515 184.612 215.645 nan nan 206.494 181.934 170.809 167.349 165.527 162.883 168.316 169.820 171.529 159.876 161.771 156.952 162.408 171.096 215.863 202.805 nan nan nan nan nan nan nan nan 155.611 196.362 179.967 166.556 152.348 160.412 -9999.000 -9999.000 -9999.000 -9999.000 -9999.000 -9999.000
nan 200.364 192.967 184.619 205.287 nan nan nan nan nan nan nan nan nan nan nan nan nan nan nan nan nan nan nan nan nan nan nan nan 193.662 200.132 208.862 201.392 186.322 189.425 186.446 164.463 163.343 161.041 165.273 165.070 161.978 203.957 217.687 211.576 213.522 nan nan nan nan nan nan nan nan nan nan nan nan nan 204.434 nan nan nan nan -9999.000 -9999.000 -9999.000 -9999.000 -9999.000 -9999.000
195.895 182.647 188.900 192.951 nan nan nan nan nan nan nan nan nan nan nan nan nan nan nan nan 210.711 101.813 209.482 nan nan nan nan 203.075 199.871 192.360 203.243 nan 197.500 186.258 167.453 178.836 167.965 158.497 193.614 218.050 201.248 217.772 207.640 nan nan nan nan nan nan nan nan nan nan nan nan nan nan nan nan nan nan nan nan nan -9999.000 -9999.000 -9999.000 -9999.000 -9999.000 -9999.000
178.182 177.844 180.586 199.226 nan nan nan nan nan nan nan nan nan nan nan nan nan nan nan nan 200.790 207.231 187.463 184.352 211.391 nan 202.956 203.118 200.485 nan nan nan 216.935 nan 204.464 201.899 205.411 210.867 nan nan nan nan nan nan nan nan nan nan 212.272 nan nan 176.509 190.054 202.858 nan nan nan nan nan nan nan nan nan nan -9999.000 -9999.000 -9999.000 -9999.000 -9999.000 -9999.000
195.405 171.839 197.895 nan nan nan nan nan nan nan nan nan nan nan nan nan nan nan nan nan nan nan nan 45.979 206.449 nan nan nan nan nan nan nan nan nan nan 211.008 nan nan nan nan nan nan nan nan nan nan nan nan nan 211.365 186.456 187.834 210.091 nan nan nan nan nan nan nan nan nan nan nan -9999.000 -9999.000 -9999.000 -9999.000 -9999.000 -9999.000
192.969 nan nan nan nan 119.072 191.897 nan nan nan nan nan nan nan nan nan nan nan nan nan nan nan nan nan nan nan nan nan nan nan nan nan nan nan nan nan nan nan nan nan nan nan nan nan nan nan nan nan 215.624 207.131 216.708 nan nan nan nan 212.842 nan nan nan nan nan nan nan nan -9999.000 -9999.000 -9999.000 -9999.000 -9999.000 -9999.000
nan nan nan nan nan nan nan nan nan nan nan nan nan nan nan nan nan nan nan nan nan nan nan nan nan nan nan nan nan nan nan nan nan nan nan nan nan nan nan nan nan nan nan nan nan nan nan nan 212.607 nan nan nan nan nan 212.757 201.044 203.817 213.949 nan nan nan nan 81.262 nan nan -9999.000 -9999.000 -9999.000 -9999.000 -9999.000
nan nan nan nan nan nan nan nan nan nan nan nan nan nan nan nan nan nan nan nan nan nan nan nan nan nan nan nan nan nan nan nan nan nan nan nan nan nan nan nan nan nan nan nan nan nan nan nan nan nan nan 211.601 210.423 200.215 199.377 186.604 192.623 210.036 nan nan 200.484 199.106 170.065 nan nan -9999.000 -9999.000 -9999.000 -9999.000 -9999.000
nan nan nan nan nan nan nan nan nan nan nan nan nan nan nan nan nan nan nan nan nan nan nan nan nan nan nan nan nan nan nan nan nan nan nan nan nan nan nan nan nan nan nan nan nan nan nan nan nan nan 212.462 196.081 204.476 215.271 188.926 194.767 210.973 213.270 214.547 215.475 186.776 196.682 80.409 nan nan -9999.000 -9999.000 -9999.000 -9999.000 -9999.000
nan nan nan nan nan nan nan nan nan nan nan nan nan nan nan nan nan nan nan nan nan nan nan nan nan nan nan nan 206.240 nan nan nan nan nan nan nan nan nan nan nan nan 216.979 217.936 216.515 nan nan nan nan nan 204.769 203.672 215.330 214.099 213.067 196.808 212.503 nan nan 80.500 196.492 200.748 210.762 210.262 nan -9999.000 -9999.000 -9999.000 -9999.000 -9999.000 -9999.000
nan nan nan nan nan nan nan nan nan nan nan nan nan nan nan nan nan nan nan nan nan nan nan 213.070 189.523 209.433 210.827 207.735 212.822 nan nan nan nan nan nan nan nan nan nan 211.943 211.747 188.047 169.948 179.014 173.669 192.687 nan 212.680 211.932 208.043 208.592 215.097 214.322 215.836 213.803 nan nan nan 212.437 209.898 212.598 210.264 210.077 nan -9999.000 -9999.000 -9999.000 -9999.000 -9999.000 -9999.000
nan nan nan nan nan nan nan nan nan nan nan nan nan nan nan nan nan nan nan nan nan nan 208.219 83.300 212.744 nan nan nan nan nan nan nan nan nan nan nan nan 207.894 184.845 184.011 191.282 189.632 180.904 176.782 190.601 198.101 211.826 213.139 214.576 213.547 nan nan nan nan nan nan nan nan 213.326 210.704 nan 210.059 197.599 nan -9999.000 -9999.000 -9999.000 -9999.000 -9999.000 -9999.000
nan nan nan nan nan nan nan nan nan nan nan nan nan nan nan nan nan nan nan nan nan nan nan nan nan nan nan nan nan nan nan nan nan nan nan nan 207.933 190.538 172.742 168.254 209.613 208.953 203.208 215.428 212.853 212.080 211.603 213.342 213.608 212.890 nan 210.746 213.258 214.329 nan nan nan 87.651 210.621 211.518 210.175 211.293 181.912 209.226 -9999.000 -9999.000 -9999.000 -9999.000 -9999.000 -9999.000
86.540 21.992 18.995 nan nan nan nan nan nan nan nan nan nan nan nan nan nan nan nan nan nan nan nan nan nan nan nan nan nan nan nan nan nan 197.285 186.298 208.971 194.138 188.706 188.703 178.895 206.626 205.148 217.121 214.123 213.226 207.486 211.864 207.410 183.541 193.194 184.149 199.026 214.847 213.062 212.708 210.307 209.349 211.153 211.494 211.961 210.388 206.875 203.184 210.396 -9999.000 -9999.000 -9999.000 -9999.000 -9999.000 -9999.000
159.132 74.147 nan nan nan nan nan nan nan nan nan nan nan nan nan nan nan nan nan nan nan nan nan nan nan nan nan nan nan nan nan 202.285 193.227 180.954 177.322 196.829 194.797 196.875 195.980 210.656 191.113 213.744 219.302 187.191 185.443 197.826 211.711 206.538 198.856 195.075 192.327 197.937 215.150 213.390 211.516 215.247 210.881 215.736 212.707 212.523 209.514 79.185 nan nan -9999.000 -9999.000 -9999.000 -9999.000 -9999.000 -9999.000
nan nan nan nan nan nan nan nan nan nan nan nan nan nan nan nan nan nan nan nan nan nan nan nan 204.817 195.672 193.872 192.390 nan 214.704 195.758 190.041 179.851 191.303 173.887 188.613 214.144 208.968 211.519 nan 210.523 212.595 211.427 201.520 201.782 200.631 nan nan nan nan 213.618 210.311 nan 211.286 215.047 215.636 214.323 202.286 212.266 209.492 212.147 nan nan -9999.000 -9999.000 -9999.000 -9999.000 -9999.000 -9999.000 -9999.000
nan nan nan nan nan nan nan nan nan nan nan nan nan nan nan nan nan nan nan nan nan nan nan nan 188.370 171.306 172.179 173.473 198.596 nan 112.977 207.411 212.988 213.725 211.998 196.441 208.401 214.742 nan nan 211.203 204.305 nan nan nan 207.707 212.720 -9999.000 -9999.000 -9999.000 -9999.000 -9999.000 -9999.000 -9999.000 213.143 213.081 212.600 194.525 190.563 196.891 nan nan -9999.000 -9999.000 -9999.000 -9999.000 -9999.000 -9999.000 -9999.000 -9999.000
nan nan nan nan nan nan nan nan nan nan nan nan nan nan nan nan nan nan nan nan nan nan 215.033 201.319 201.038 191.037 165.980 186.129 nan nan nan nan nan nan nan nan nan nan nan 209.351 nan nan 215.427 -9999.000 -9999.000 -9999.000 -9999.000 -9999.000 -9999.000 -9999.000 -9999.000 -9999.000 -9999.000 -9999.000 -9999.000 -9999.000 212.188 208.886 175.154 208.389 nan -9999.000 -9999.000 -9999.000 -9999.000 -9999.000 -9999.000 -9999.000 -9999.000 -9999.000
