test_integration/test_sample_run/example/output_maps/SWEDENSITYN0134.asc
ncols         174
nrows         141
xllcorner     744500.000000
yllcorner     5140950.000000
cellsize      250.000000
NODATA_value  -9999.0
[rows 31 to 61 of 141, columns 70 to 139 of 174]
183.420 178.014 201.967 201.457 171.085 202.578 206.640 203.511 212.697 215.648 215.472 nan nan 215.472 nan nan nan nan nan nan nan nan nan 210.099 213.524 218.443 nan nan nan nan nan nan nan nan nan nan nan nan nan nan nan nan nan nan 204.710 210.130 nan nan 205.275 203.874 nan nan nan nan nan nan nan nan nan nan nan nan nan nan nan nan 201.376 193.554 181.468 177.550
162.640 195.805 179.310 168.051 210.411 213.678 208.810 214.411 202.375 206.743 160.868 139.606 nan nan nan nan nan nan nan nan nan 214.246 213.870 211.775 213.179 nan nan nan nan nan nan nan nan nan nan nan nan nan nan nan nan nan nan 208.630 208.372 nan nan nan nan 202.733 200.962 209.682 nan nan nan nan nan nan nan nan nan nan nan nan nan nan 198.226 189.023 177.542 166.785
152.268 158.808 163.777 160.992 nan nan 211.964 212.598 203.364 202.729 207.829 214.241 nan nan nan nan nan nan nan nan 214.667 214.497 216.317 65.228 nan nan nan nan nan nan nan nan nan nan 209.597 215.095 216.104 218.462 158.758 214.342 208.495 210.122 199.175 206.444 nan nan nan nan nan nan nan nan nan nan nan nan nan nan 95.340 nan nan nan nan nan nan nan nan 184.062 174.226 158.089
160.622 173.816 176.395 206.000 198.433 167.155 165.048 170.671 204.728 205.989 201.741 211.169 213.687 216.884 nan nan nan nan nan nan nan nan nan nan nan nan nan nan nan nan nan nan nan 210.058 210.270 191.788 191.467 195.386 174.010 192.437 184.582 194.679 193.148 194.332 nan nan nan nan nan nan nan nan 205.806 197.870 186.023 189.280 188.054 184.998 184.009 181.275 183.044 185.080 nan nan nan nan nan 40.280 186.639 173.355
204.886 206.238 203.015 204.429 168.844 158.890 158.137 164.538 207.850 196.411 204.674 212.645 206.737 213.467 214.999 18.197 nan nan nan nan nan nan nan nan nan nan nan nan nan nan nan nan 79.814 208.397 209.936 201.064 189.950 188.284 188.497 184.342 183.769 184.486 192.010 210.136 nan nan nan nan nan nan nan nan 206.709 185.796 184.644 204.390 181.407 173.018 174.860 166.279 164.487 172.538 197.880 nan nan nan nan nan nan nan
202.008 nan 206.421 156.216 158.713 197.239 210.099 201.111 198.664 206.841 213.190 215.127 214.738 108.554 215.422 nan nan nan nan nan nan nan nan nan nan nan nan nan nan nan nan nan nan nan 65.652 48.453 204.708 191.984 205.419 203.353 211.648 199.542 213.972 nan nan nan nan nan nan nan nan nan nan nan nan nan 183.905 180.987 160.685 159.904 158.326 177.821 nan nan nan nan 63.508 nan nan nan
200.384 203.984 201.047 171.377 193.037 206.895 nan nan nan nan nan nan nan nan nan nan nan nan nan nan nan nan nan nan nan nan nan nan nan nan nan nan nan nan nan nan 205.580 212.006 213.109 nan 58.990 212.668 94.479 nan nan nan nan nan nan nan nan nan nan nan nan nan 196.136 183.284 158.661 157.081 179.273 nan nan nan nan nan nan nan nan 195.139
nan nan 195.151 204.742 202.872 nan nan nan nan nan nan nan nan nan nan nan nan nan nan nan nan nan nan nan nan nan nan nan nan nan nan nan nan nan nan 60.519 nan nan nan nan nan nan 214.270 209.305 nan nan nan nan nan nan 211.503 nan nan nan nan nan nan 200.278 203.564 nan nan nan nan nan nan nan 199.966 174.011 179.035 nan
nan nan 193.417 204.023 201.259 126.918 nan nan nan nan nan 212.796 212.461 nan nan 173.849 214.065 216.362 nan nan nan nan nan nan nan nan nan nan nan nan nan nan nan nan nan 176.124 nan nan nan nan nan nan 213.217 208.475 nan nan nan nan nan nan nan nan nan nan nan nan nan nan nan nan nan nan nan nan nan nan 188.835 173.266 152.514 nan
nan 215.783 46.811 nan 204.550 191.807 196.012 190.646 172.049 190.393 212.038 nan 211.500 94.120 206.144 205.697 211.757 211.590 28.893 nan nan nan nan nan nan nan nan nan nan nan nan nan nan nan nan nan nan nan nan nan nan nan 209.028 206.684 204.063 208.572 200.642 203.916 nan nan nan nan nan nan nan nan nan nan nan nan nan nan nan nan nan nan nan 196.139 nan nan
nan 217.887 199.317 197.372 176.213 164.405 153.971 160.337 181.891 193.938 206.740 nan 214.473 211.428 206.644 207.548 212.046 212.391 219.208 213.255 nan 38.494 nan nan nan nan nan nan nan nan nan nan nan nan nan nan nan nan nan nan 174.052 211.992 204.747 210.025 205.872 206.280 208.317 nan nan nan nan nan nan nan nan nan nan nan nan nan nan nan nan nan nan nan nan nan nan nan
210.322 201.786 174.800 153.640 153.884 191.097 204.452 190.665 nan 55.721 nan 213.087 211.151 211.106 211.957 209.970 211.383 nan 43.837 nan 206.107 206.769 11.266 nan nan nan nan nan nan nan nan nan nan nan nan nan nan nan nan nan nan 205.733 211.303 nan nan nan nan nan nan nan nan nan nan nan nan nan nan nan nan nan nan nan nan nan nan nan nan nan nan nan
195.581 178.699 161.476 176.406 187.967 187.175 nan nan nan nan 207.545 211.325 209.922 209.762 211.187 216.642 nan 98.460 216.859 nan 216.386 nan nan nan nan nan nan nan nan nan nan nan nan nan nan nan nan nan 79.235 215.266 211.265 205.004 nan nan nan nan nan nan nan nan nan nan nan nan nan nan nan nan nan nan nan nan nan nan nan nan nan nan nan nan
nan 185.370 179.675 190.450 201.599 187.744 194.940 189.689 190.624 203.504 204.214 196.890 207.941 204.312 209.053 210.551 69.933 nan nan nan nan nan 191.047 191.135 196.313 192.379 208.134 nan nan nan nan nan nan nan nan nan nan nan nan nan 67.984 215.403 nan nan nan nan nan nan nan nan nan 213.690 nan nan nan nan nan nan nan nan nan nan nan 194.311 nan nan nan nan nan nan
nan nan nan nan nan 190.676 162.496 150.797 165.446 190.460 189.416 183.909 208.480 208.099 207.339 208.214 213.068 104.002 nan nan nan 206.310 197.469 187.464 190.322 187.722 194.852 16.694 211.173 nan nan nan nan nan nan nan nan nan nan nan nan nan nan nan nan nan nan nan nan nan nan nan nan nan nan nan nan nan nan nan nan nan 184.904 168.472 194.372 nan nan nan nan nan
nan nan 57.651 nan 55.841 nan 203.109 184.740 160.084 188.371 201.356 202.870 211.157 212.104 208.827 209.005 210.279 208.559 nan nan nan 203.379 207.848 205.093 188.369 193.507 200.439 196.427 192.903 191.151 198.886 nan nan nan nan nan nan nan nan nan nan nan nan nan nan nan nan nan nan nan nan nan nan nan nan nan nan nan nan nan 137.601 203.806 171.914 166.402 184.118 167.931 166.404 177.887 nan nan
198.960 199.396 192.887 197.472 nan nan nan 191.045 202.856 182.880 207.285 197.593 nan nan 27.392 214.313 208.618 122.266 nan nan 212.705 206.499 210.656 206.690 204.422 204.113 192.547 190.074 190.447 190.299 195.188 201.229 nan nan nan nan nan nan nan nan nan nan nan nan nan nan nan nan nan nan nan nan nan nan nan nan nan nan 206.697 191.972 190.643 202.610 177.565 175.360 196.212 170.709 154.884 176.867 nan nan
nan nan nan nan nan nan nan nan nan 201.185 nan nan nan nan nan nan nan 207.668 27.552 210.335 201.155 201.503 212.309 210.152 nan 210.171 201.220 188.232 189.986 195.959 203.836 204.925 nan nan nan nan nan nan nan nan nan nan nan nan nan nan nan nan nan nan nan nan nan nan nan nan nan nan nan 207.859 197.492 187.440 181.616 178.382 182.240 176.483 177.080 nan nan nan
nan nan nan nan nan nan nan nan nan nan nan nan nan nan nan nan nan 119.376 209.066 209.865 201.749 207.426 nan nan nan nan 208.848 206.818 207.935 203.764 201.912 110.364 47.211 nan nan nan nan nan nan nan nan nan nan nan nan nan nan nan nan nan nan nan nan nan nan nan 189.026 189.537 208.398 nan 201.495 188.351 178.026 179.860 177.893 178.083 nan nan 183.960 185.784
nan nan nan nan nan nan nan nan nan nan nan nan nan nan nan nan nan nan 208.073 208.292 nan nan nan nan nan nan nan nan 213.184 209.500 200.043 205.546 199.255 176.929 nan nan nan nan nan nan nan nan nan nan nan nan nan nan nan nan nan nan nan nan 199.320 208.317 nan 187.625 186.962 203.991 193.429 68.870 179.057 175.318 163.296 158.395 nan 173.760 148.325 nan
nan nan nan nan nan nan nan nan nan nan nan nan nan nan nan nan nan nan 208.807 208.546 nan nan nan nan nan nan nan nan nan nan 209.799 201.297 197.890 207.490 nan nan nan nan nan nan nan nan nan nan nan nan nan nan nan nan nan nan nan nan 203.460 194.582 nan nan 183.249 180.314 187.450 179.668 191.564 162.351 176.100 175.469 173.860 174.560 nan 182.138
nan nan nan nan nan nan nan nan nan nan nan nan nan nan nan nan nan nan nan nan nan nan nan nan nan nan nan nan nan nan nan nan nan nan nan 203.670 nan nan nan nan nan nan nan nan nan nan nan nan nan nan nan nan nan nan nan 202.235 188.888 nan 199.480 186.069 188.411 158.966 157.193 186.052 174.954 184.958 173.143 nan nan 192.485
nan nan nan nan nan nan nan nan nan nan nan nan nan nan nan nan nan nan nan nan nan nan nan nan nan nan nan nan nan nan nan nan nan nan 208.414 200.851 nan nan nan nan nan nan nan nan nan nan nan nan nan nan nan nan nan nan nan 204.669 182.600 181.073 187.261 201.817 192.078 192.079 145.316 183.012 177.509 176.960 188.908 nan 191.796 70.897
nan nan nan nan nan nan nan nan nan nan nan nan nan nan nan nan 200.785 197.797 208.234 nan nan nan nan nan nan nan nan nan nan nan nan nan nan nan nan nan nan nan nan nan nan nan nan nan nan nan nan 69.872 198.811 nan nan nan nan nan nan nan nan 202.229 192.984 197.162 70.837 nan nan nan nan nan nan nan 18.785 nan
nan nan nan nan nan nan nan nan nan nan nan nan nan nan nan 35.562 206.902 206.508 207.794 nan nan nan nan nan nan nan 204.887 202.983 nan nan nan nan nan nan nan nan nan nan nan nan nan nan nan nan nan nan 206.938 195.971 195.043 198.252 nan nan nan nan nan nan nan nan nan 206.414 200.060 nan nan nan nan nan nan nan nan nan
nan nan nan nan nan nan nan nan nan nan nan nan nan nan nan nan nan nan nan nan nan nan nan 17.874 212.612 215.506 197.022 197.594 196.277 203.035 70.591 206.743 nan nan nan nan nan nan nan nan nan nan nan nan 207.362 206.233 197.855 203.035 203.638 nan nan nan nan nan nan nan nan nan nan nan nan nan nan nan nan nan nan nan nan nan
nan nan nan nan nan nan nan nan nan nan nan nan nan nan 208.839 209.878 nan nan nan nan nan nan nan 209.981 nan nan 210.189 202.096 nan 105.991 184.376 189.069 nan nan nan nan nan nan nan nan nan nan 222.311 209.120 196.725 64.241 199.921 195.431 nan nan nan nan nan nan nan nan nan nan nan nan nan nan nan nan nan nan nan nan nan nan
nan nan nan nan nan nan nan nan nan nan nan nan nan nan 83.426 nan nan nan nan nan nan nan nan nan nan nan nan nan nan 210.981 nan nan nan nan nan nan nan nan nan nan nan 221.591 207.573 209.305 204.575 191.080 204.215 188.745 204.324 nan nan nan nan nan nan nan nan nan 206.650 205.421 202.510 198.685 207.184 nan nan nan nan nan nan nan
199.912 202.849 nan nan nan nan nan nan nan nan nan nan nan nan nan nan nan nan nan nan nan nan nan nan nan nan nan nan 200.698 nan nan nan nan nan nan nan 188.575 210.438 nan nan 207.235 191.356 184.907 171.831 171.089 188.333 187.644 185.601 182.761 190.015 nan 189.172 212.034 nan nan nan nan 202.457 169.808 160.844 170.089 161.924 174.159 194.571 nan nan nan nan nan nan
nan nan nan nan nan nan nan nan nan nan nan nan nan nan nan nan nan nan nan nan nan nan nan 210.514 202.189 191.035 199.044 200.417 118.597 nan nan nan nan nan nan nan 188.598 190.209 nan nan 186.874 168.420 167.070 167.256 166.968 167.583 164.619 165.260 181.624 187.542 171.879 185.500 186.847 210.138 nan nan nan 206.993 177.354 158.088 156.422 156.981 157.489 175.584 nan 198.754 200.539 nan nan nan
nan nan nan nan nan nan nan nan nan nan nan nan nan nan nan nan nan nan nan nan nan nan 172.126 201.261 182.160 182.628 201.340 209.073 202.893 186.758 183.930 182.611 187.052 nan nan nan 74.161 200.754 nan nan 197.322 160.502 159.948 161.255 161.283 160.626 160.041 161.644 185.585 197.243 166.993 168.797 183.084 194.800 nan nan nan nan 199.349 188.777 148.688 148.075 148.260 184.571 191.019 182.778 180.556 171.126 177.085 176.921
