test_integration/test_sample_run/example/output_maps/SWEDENSITYN0149.asc
ncols         174
nrows         141
xllcorner     744500.000000
yllcorner     5140950.000000
cellsize      250.000000
NODATA_value  -9999.0
[rows 64 to 95 of 141, columns 0 to 70 of 174]
-9999.000 -9999.000 -9999.000 -9999.000 -9999.000 nan nan 211.794 208.223 184.514 183.696 188.651 nan nan nan nan nan nan nan nan nan nan nan nan nan nan nan nan nan nan nan nan nan nan nan nan nan nan nan nan nan nan nan nan 209.464 210.712 57.298 nan nan nan nan nan nan nan nan nan nan nan nan nan 215.324 199.949 186.486 184.230 63.012 nan nan nan nan nan 205.472
-9999.000 -9999.000 -9999.000 -9999.000 -9999.000 -9999.000 nan 203.974 190.590 195.823 201.286 203.456 189.254 199.183 nan nan nan nan nan nan nan nan nan nan nan nan nan nan nan nan nan nan nan nan nan nan nan nan nan nan nan nan nan 78.879 188.138 187.381 188.896 209.580 nan nan nan nan nan nan nan nan nan nan nan nan 2.238 71.579 195.678 184.761 194.400 nan nan nan nan nan 213.340
-9999.000 -9999.000 -9999.000 -9999.000 -9999.000 nan 224.829 180.418 172.382 196.064 nan nan nan nan nan nan nan nan nan nan nan nan nan nan nan nan nan nan nan nan nan nan nan nan nan nan nan nan nan nan nan 214.631 205.696 198.970 180.248 184.124 180.643 182.778 192.161 119.991 nan nan nan nan nan nan nan nan nan nan nan nan nan nan nan nan nan 199.728 201.867 nan nan
-9999.000 -9999.000 -9999.000 -9999.000 -9999.000 nan 220.962 185.731 158.678 188.852 nan nan nan nan nan nan nan nan nan nan nan nan nan nan nan nan nan nan nan nan nan nan nan nan nan nan nan nan nan nan 90.255 203.093 196.341 186.932 185.792 178.819 178.751 179.184 181.823 182.952 198.246 nan nan nan nan nan nan nan 76.517 nan nan nan nan nan nan nan 187.468 187.278 nan 199.403 nan
-9999.000 -9999.000 -9999.000 -9999.000 -9999.000 -9999.000 219.095 192.123 216.945 190.013 nan nan nan nan nan nan nan nan nan nan nan nan nan nan nan nan nan nan nan nan nan nan nan nan nan nan nan nan nan nan 204.303 178.367 180.827 186.035 176.849 172.991 178.141 177.885 180.302 178.453 177.479 182.621 41.801 nan nan nan nan nan 200.426 nan nan nan nan nan nan nan 213.620 197.200 nan 22.628 nan
-9999.000 -9999.000 -9999.000 -9999.000 -9999.000 -9999.000 221.581 199.097 nan nan nan 192.230 nan nan nan nan 223.126 205.296 208.524 nan nan nan nan nan nan nan nan nan nan nan nan nan nan nan nan nan nan nan nan nan 202.842 193.364 176.963 179.494 170.873 166.749 172.294 171.813 176.422 174.319 174.853 192.142 89.636 nan nan nan 197.017 197.867 199.656 nan nan nan nan nan nan nan nan nan nan nan nan
-9999.000 -9999.000 -9999.000 -9999.000 -9999.000 -9999.000 -9999.000 nan 223.079 214.067 173.908 195.210 nan nan 88.252 224.393 181.569 180.834 197.458 205.101 nan nan nan nan nan nan nan nan nan nan nan nan nan nan 210.152 197.525 199.662 nan nan nan nan nan 179.828 169.621 163.507 163.894 167.203 166.259 170.376 171.081 169.157 195.370 nan nan nan nan 202.473 177.929 182.683 196.411 185.946 180.620 179.481 196.065 13.788 nan nan nan nan nan nan
-9999.000 -9999.000 -9999.000 -9999.000 -9999.000 -9999.000 -9999.000 201.761 188.218 171.720 195.867 nan nan nan 214.272 9.590 180.390 179.026 187.741 194.966 nan nan nan nan nan nan nan nan nan nan nan nan 209.737 205.814 199.834 180.251 186.312 209.138 187.368 202.619 nan 210.699 191.181 175.749 158.713 186.762 201.228 186.126 155.597 153.374 194.693 nan nan nan nan nan nan 178.003 188.298 196.482 177.499 182.402 176.800 180.230 201.424 nan nan nan nan nan nan
-9999.000 -9999.000 -9999.000 -9999.000 -9999.000 -9999.000 -9999.000 -9999.000 221.380 193.152 nan nan nan 200.707 193.128 181.003 181.545 176.952 179.018 192.639 nan nan nan nan nan nan nan nan nan nan 207.135 190.355 182.583 187.090 203.851 196.508 192.762 183.059 183.940 183.245 200.591 206.190 56.722 118.263 200.167 204.672 156.092 164.707 182.504 92.424 nan nan nan nan nan nan 61.830 184.989 203.287 195.708 180.150 196.264 173.604 189.875 200.192 198.831 nan nan 199.302 nan 202.117
-9999.000 -9999.000 -9999.000 -9999.000 -9999.000 -9999.000 -9999.000 -9999.000 nan nan nan nan 198.209 204.698 196.443 176.691 171.160 176.252 nan nan nan nan nan nan nan nan nan nan nan 207.283 191.990 188.681 178.216 178.027 181.713 190.701 175.705 178.551 176.471 185.494 185.213 208.424 nan nan nan nan 156.002 173.740 197.737 179.144 nan nan nan nan nan nan 109.854 188.329 206.224 197.947 194.982 193.797 169.755 192.721 202.215 202.140 nan nan 201.794 nan 195.875
-9999.000 -9999.000 -9999.000 -9999.000 -9999.000 -9999.000 -9999.000 nan nan nan nan nan 204.849 183.662 201.866 168.900 186.972 208.375 nan 202.266 58.997 nan nan nan nan 213.109 192.528 188.540 186.629 190.458 197.319 181.869 186.438 176.716 174.888 177.115 172.930 176.422 179.237 187.331 184.134 175.534 197.015 nan nan nan nan 171.985 167.032 nan nan nan nan 216.560 22.013 203.306 nan nan 197.597 192.795 190.842 176.518 188.322 205.157 nan 207.639 nan nan 200.553 194.413 198.891
-9999.000 -9999.000 -9999.000 -9999.000 -9999.000 -9999.000 nan nan nan nan nan nan 203.490 179.481 181.304 187.020 212.597 nan 210.423 173.779 nan nan nan nan 108.154 200.240 177.914 182.403 179.985 192.998 193.789 176.481 176.659 174.028 171.316 177.752 178.111 186.796 176.282 180.785 191.396 177.174 194.427 196.336 212.277 210.920 nan 191.676 nan nan 62.656 191.077 nan 203.744 206.856 181.931 206.789 86.498 199.213 176.746 176.023 171.137 201.694 30.441 nan nan 11.169 210.256 213.424 197.953 nan
-9999.000 -9999.000 -9999.000 -9999.000 -9999.000 nan nan nan nan nan 206.937 215.076 186.552 187.609 166.194 178.724 196.571 183.702 179.177 nan nan nan nan nan 200.148 191.678 172.712 177.848 179.498 178.437 192.642 200.504 168.244 167.048 201.454 175.031 202.186 171.429 173.458 179.446 192.336 205.760 206.029 205.841 210.642 208.338 195.886 43.780 nan nan 189.157 nan nan 207.202 197.164 192.557 172.311 169.227 170.267 170.021 166.810 162.153 nan nan nan nan 196.491 208.622 nan nan nan
-9999.000 -9999.000 -9999.000 nan nan nan 216.705 197.656 180.771 196.540 188.078 198.865 195.772 193.517 171.872 174.141 171.378 171.389 189.750 nan nan nan nan nan 193.098 193.878 167.751 183.247 180.116 175.922 179.054 206.570 193.042 171.365 185.769 162.083 216.392 182.748 184.499 186.603 187.507 197.550 196.894 196.362 194.885 199.482 184.190 167.558 214.096 nan nan nan nan 206.093 195.087 204.957 176.465 155.021 160.113 161.589 166.740 186.128 nan nan nan 199.704 199.627 nan nan nan nan
-9999.000 -9999.000 nan nan 207.536 221.997 178.533 175.593 170.431 169.627 178.470 180.262 192.798 189.568 186.738 174.394 216.689 204.834 nan nan nan 209.471 212.296 55.976 202.069 183.893 184.993 175.788 177.370 174.219 172.953 191.878 nan nan 168.972 170.027 173.660 172.309 204.415 199.275 196.858 207.569 196.332 192.301 169.561 187.651 202.889 201.341 nan nan nan nan 193.436 200.138 196.020 194.411 203.636 198.034 180.976 200.168 nan nan nan nan nan nan nan nan nan 204.805 196.263
-9999.000 -9999.000 nan nan 209.244 193.950 168.871 168.426 153.367 162.447 164.374 176.697 181.849 170.907 186.112 171.821 210.132 nan nan nan nan 195.198 182.022 180.838 200.803 176.680 177.053 176.138 172.341 197.956 184.952 200.590 210.778 nan 196.881 166.600 160.810 193.381 nan 212.571 196.046 213.686 212.608 208.580 199.445 192.636 210.720 nan 42.184 190.990 182.948 173.841 172.744 184.092 193.034 201.173 183.828 185.357 nan nan nan nan nan nan nan nan nan nan 200.579 196.101 97.363
-9999.000 -9999.000 -9999.000 nan 212.017 183.945 161.821 146.506 160.099 nan 173.468 175.055 173.401 169.975 177.302 206.794 nan nan nan nan 204.805 209.687 176.192 177.607 nan 169.689 168.791 189.534 185.926 189.485 221.050 205.992 195.054 196.389 208.140 193.901 111.301 nan 207.683 195.817 203.698 200.541 169.988 207.471 nan 206.197 172.102 189.422 nan 161.037 155.947 168.875 176.754 173.535 170.390 183.619 178.060 nan nan nan nan nan nan nan nan nan nan nan nan 203.683 nan
-9999.000 -9999.000 -9999.000 -9999.000 -9999.000 -9999.000 201.030 155.297 196.986 166.152 171.336 170.749 168.974 158.359 154.835 207.362 nan nan nan nan 208.831 183.274 206.000 176.090 nan 177.164 216.764 198.720 205.878 203.028 176.246 169.356 187.179 170.614 190.062 176.656 nan nan 178.972 177.582 214.489 197.180 161.283 171.366 193.989 202.191 179.752 207.386 178.748 153.723 146.225 171.188 192.943 168.500 163.420 188.820 nan nan nan nan nan nan nan nan nan nan nan nan nan nan nan
-9999.000 -9999.000 -9999.000 -9999.000 -9999.000 -9999.000 -9999.000 215.143 154.309 151.486 153.016 154.983 152.392 146.772 207.856 nan nan nan 179.589 178.658 181.967 182.072 209.916 198.210 64.186 nan nan 210.787 201.205 204.018 156.391 153.127 172.228 191.090 170.742 nan 189.655 173.576 190.944 162.442 170.249 185.086 nan 209.191 nan 201.486 nan nan 97.705 187.766 205.893 34.832 nan nan nan nan nan nan nan nan nan nan nan nan nan nan nan nan nan nan nan
-9999.000 -9999.000 -9999.000 -9999.000 -9999.000 -9999.000 -9999.000 nan nan 191.236 165.311 155.450 183.702 216.911 nan nan nan nan 188.350 169.456 171.214 176.580 198.160 205.719 181.686 nan 194.126 175.013 172.049 158.937 184.102 162.576 180.307 202.284 197.050 nan 188.564 161.075 191.275 168.283 196.723 208.476 nan nan nan nan nan nan nan nan nan nan nan nan nan nan nan nan nan nan nan nan nan nan nan nan nan nan nan nan nan
-9999.000 -9999.000 -9999.000 -9999.000 -9999.000 -9999.000 -9999.000 -9999.000 nan nan nan nan nan nan nan nan nan 220.199 201.425 153.828 175.299 190.706 197.566 169.266 168.974 166.675 206.289 195.455 175.374 171.477 173.077 nan 177.813 213.365 nan 193.788 nan nan nan nan nan nan nan nan nan nan nan nan nan nan nan nan nan nan nan nan nan nan nan nan nan nan nan nan nan nan nan nan nan nan nan
-9999.000 -9999.000 -9999.000 -9999.000 -9999.000 -9999.000 -9999.000 -9999.000 -9999.000 nan nan nan nan nan nan nan nan 211.324 189.552 202.679 nan 200.742 201.763 161.576 163.918 205.790 nan nan nan nan 211.989 nan nan nan nan nan nan nan nan nan nan nan nan nan nan nan nan nan nan nan nan nan nan nan nan nan nan nan nan nan nan nan nan nan nan nan nan nan nan nan nan
-9999.000 -9999.000 -9999.000 -9999.000 -9999.000 -9999.000 -9999.000 -9999.000 -9999.000 -9999.000 nan nan nan nan nan nan 197.191 172.951 159.432 nan nan nan 188.394 197.316 216.100 nan nan nan nan nan nan nan nan nan nan nan nan nan nan nan nan nan nan nan nan nan nan nan nan 32.469 nan nan nan nan nan nan nan nan nan nan nan nan nan nan nan nan nan nan nan nan nan
-9999.000 -9999.000 -9999.000 -9999.000 -9999.000 -9999.000 -9999.000 -9999.000 -9999.000 -9999.000 -9999.000 nan nan nan nan 217.295 189.126 170.191 158.838 nan nan 216.641 182.365 162.219 nan 187.781 nan nan nan nan nan nan nan nan nan nan nan nan nan nan nan nan nan nan nan nan nan nan nan nan nan nan nan nan nan nan nan nan nan nan nan nan nan nan nan nan nan nan nan nan nan
-9999.000 -9999.000 -9999.000 -9999.000 -9999.000 -9999.000 -9999.000 -9999.000 -9999.000 -9999.000 -9999.000 -9999.000 nan nan 202.038 194.634 173.024 164.639 210.005 nan 207.414 207.897 195.872 nan 154.123 172.703 nan nan nan nan nan nan nan nan nan nan nan nan nan nan nan nan nan nan nan nan nan nan nan nan nan nan nan nan nan nan nan nan nan nan nan nan nan nan nan nan nan nan nan nan nan
-9999.000 -9999.000 -9999.000 -9999.000 -9999.000 -9999.000 -9999.000 -9999.000 -9999.000 -9999.000 -9999.000 -9999.000 nan 222.124 184.197 201.121 168.618 165.135 nan nan 197.804 205.412 nan nan 185.910 162.552 177.448 nan nan nan nan nan nan nan nan nan nan nan nan nan nan nan nan nan nan nan nan nan nan nan nan nan nan nan nan nan nan nan nan nan nan nan nan nan nan nan nan nan nan nan nan
-9999.000 -9999.000 -9999.000 -9999.000 -9999.000 -9999.000 -9999.000 -9999.000 -9999.000 -9999.000 -9999.000 -9999.000 nan nan 216.442 213.191 181.979 nan nan 46.048 203.305 217.506 214.329 195.462 191.569 175.230 nan 22.904 196.433 60.655 nan nan nan nan nan nan nan nan nan nan nan nan nan nan nan nan nan nan nan nan nan nan nan nan nan nan nan nan nan nan nan nan nan nan nan nan nan nan nan nan nan
-9999.000 -9999.000 -9999.000 -9999.000 -9999.000 -9999.000 -9999.000 -9999.000 -9999.000 -9999.000 -9999.000 -9999.000 -9999.000 -9999.000 -9999.000 -9999.000 -9999.000 nan nan 219.941 210.478 217.121 199.438 185.534 178.627 nan nan nan 193.871 191.028 nan nan nan nan nan nan nan nan nan nan nan nan nan nan nan nan nan nan nan nan nan nan nan nan nan nan nan nan nan nan nan nan nan nan nan nan nan nan nan nan nan
-9999.000 -9999.000 -9999.000 -9999.000 -9999.000 -9999.000 -9999.000 -9999.000 -9999.000 -9999.000 -9999.000 -9999.000 -9999.000 -9999.000 -9999.000 -9999.000 -9999.000 -9999.000 nan nan nan 195.249 190.400 191.693 200.195 nan nan nan nan nan nan nan nan nan nan nan nan nan nan nan nan nan nan nan nan nan nan nan nan nan nan nan nan nan nan nan nan nan nan nan nan nan nan nan nan nan nan nan nan nan nan
-9999.000 -9999.000 -9999.000 -9999.000 -9999.000 -9999.000 -9999.000 -9999.000 -9999.000 -9999.000 -9999.000 -9999.000 -9999.000 -9999.000 -9999.000 -9999.000 -9999.000 -9999.000 -9999.000 -9999.000 nan 210.457 190.711 185.847 nan nan nan nan nan nan nan nan nan nan nan nan nan nan nan nan nan nan nan nan nan nan nan nan nan nan nan nan nan nan nan nan nan nan nan nan nan nan nan nan nan nan nan nan nan nan nan
-9999.000 -9999.000 -9999.000 -9999.000 -9999.000 -9999.000 -9999.000 -9999.000 -9999.000 -9999.000 -9999.000 -9999.000 -9999.000 -9999.000 -9999.000 -9999.000 -9999.000 -9999.000 -9999.000 -9999.000 -9999.000 206.421 200.970 212.779 nan nan nan nan nan nan nan 68.161 198.717 192.270 182.833 182.785 182.727 181.528 182.264 182.628 182.963 96.381 84.985 nan nan nan nan nan nan nan nan nan nan nan nan nan nan nan nan nan nan nan nan nan nan nan nan nan nan nan nan
-9999.000 -9999.000 -9999.000 -9999.000 -9999.000 -9999.000 -9999.000 -9999.000 -9999.000 -9999.000 -9999.000 -9999.000 -9999.000 -9999.000 -9999.000 -9999.000 -9999.000 -9999.000 -9999.000 -9999.000 -9999.000 -9999.000 nan nan nan nan nan nan nan nan nan 192.350 188.901 179.253 172.928 184.174 175.425 174.147 177.592 179.296 178.254 177.095 94.685 nan nan nan nan nan nan nan nan nan nan nan nan nan nan nan nan nan nan nan nan nan nan nan nan nan nan nan nan
