test_integration/test_sample_run/example/output_maps/SWEDENSITYN0039.asc
ncols         174
nrows         141
xllcorner     744500.000000
yllcorner     5140950.000000
cellsize      250.000000
NODATA_value  -9999.0
[rows 29 to 57 of 141, columns 0 to 65 of 174]
-9999.000 -9999.000 -9999.000 -9999.000 -9999.000 -9999.000 -9999.000 -9999.000 -9999.000 -9999.000 -9999.000 -9999.000 -9999.000 -9999.000 -9999.000 -9999.000 -9999.000 -9999.000 -9999.000 -9999.000 -9999.000 -9999.000 -9999.000 -9999.000 -9999.000 -9999.000 -9999.000 -9999.000 -9999.000 -9999.000 -9999.000 -9999.000 -9999.000 -9999.000 -9999.000 -9999.000 -9999.000 -9999.000 -9999.000 116.952 118.656 119.057 118.551 -9999.000 114.863 -9999.000 -9999.000 -9999.000 -9999.000 -9999.000 -9999.000 -9999.000 -9999.000 -9999.000 -9999.000 -9999.000 -9999.000 -9999.000 -9999.000 -9999.000 -9999.000 117.828 114.948 94.494 96.450 88.840
-9999.000 -9999.000 -9999.000 -9999.000 -9999.000 -9999.000 -9999.000 -9999.000 -9999.000 -9999.000 -9999.000 -9999.000 -9999.000 -9999.000 -9999.000 -9999.000 -9999.000 -9999.000 -9999.000 -9999.000 -9999.000 -9999.000 -9999.000 -9999.000 -9999.000 -9999.000 -9999.000 -9999.000 -9999.000 -9999.000 -9999.000 -9999.000 -9999.000 -9999.000 -9999.000 -9999.000 -9999.000 -9999.000 106.358 103.493 116.212 116.875 119.501 113.329 103.907 110.061 -9999.000 -9999.000 -9999.000 -9999.000 -9999.000 -9999.000 -9999.000 -9999.000 -9999.000 -9999.000 -9999.000 -9999.000 -9999.000 -9999.000 88.362 107.488 113.232 110.080 103.889 100.597
-9999.000 -9999.000 -9999.000 -9999.000 -9999.000 -9999.000 -9999.000 -9999.000 -9999.000 -9999.000 -9999.000 -9999.000 -9999.000 -9999.000 -9999.000 -9999.000 -9999.000 -9999.000 -9999.000 -9999.000 -9999.000 -9999.000 -9999.000 -9999.000 -9999.000 -9999.000 -9999.000 -9999.000 -9999.000 -9999.000 -9999.000 -9999.000 -9999.000 -9999.000 -9999.000 -9999.000 -9999.000 116.611 116.171 113.107 114.636 116.585 116.680 106.937 111.227 113.014 117.115 118.198 -9999.000 -9999.000 -9999.000 -9999.000 -9999.000 -9999.000 -9999.000 -9999.000 -9999.000 -9999.000 -9999.000 109.483 95.871 108.342 116.504 102.055 103.016 108.208
-9999.000 -9999.000 -9999.000 -9999.000 -9999.000 -9999.000 -9999.000 -9999.000 -9999.000 -9999.000 -9999.000 -9999.000 -9999.000 -9999.000 -9999.000 -9999.000 -9999.000 -9999.000 -9999.000 -9999.000 -9999.000 -9999.000 -9999.000 -9999.000 -9999.000 -9999.000 -9999.000 -9999.000 -9999.000 -9999.000 -9999.000 -9999.000 -9999.000 -9999.000 -9999.000 -9999.000 115.570 114.717 110.064 114.221 115.494 114.789 120.391 107.990 109.412 92.286 117.063 113.307 114.679 -9999.000 -9999.000 -9999.000 -9999.000 -9999.000 -9999.000 -9999.000 112.775 118.071 103.701 108.399 91.435 96.775 120.219 110.695 92.980 100.534
-9999.000 -9999.000 -9999.000 -9999.000 -9999.000 -9999.000 -9999.000 -9999.000 -9999.000 -9999.000 -9999.000 -9999.000 -9999.000 -9999.000 -9999.000 -9999.000 -9999.000 -9999.000 -9999.000 -9999.000 -9999.000 -9999.000 -9999.000 -9999.000 -9999.000 -9999.000 -9999.000 -9999.000 -9999.000 -9999.000 -9999.000 -9999.000 -9999.000 -9999.000 -9999.000 116.108 115.830 113.759 111.642 108.573 114.191 113.810 122.533 103.147 90.564 94.890 105.794 114.405 117.443 116.859 80.372 91.663 81.061 111.438 117.787 119.451 101.352 113.636 80.023 104.197 93.039 97.550 122.901 85.047 91.760 109.517
-9999.000 -9999.000 -9999.000 -9999.000 -9999.000 -9999.000 -9999.000 -9999.000 -9999.000 -9999.000 -9999.000 -9999.000 -9999.000 -9999.000 -9999.000 -9999.000 -9999.000 -9999.000 -9999.000 -9999.000 -9999.000 -9999.000 -9999.000 -9999.000 -9999.000 -9999.000 -9999.000 -9999.000 -9999.000 -9999.000 -9999.000 -9999.000 -9999.000 116.712 116.522 117.377 114.401 113.821 113.996 105.378 107.682 114.152 121.839 116.984 115.998 126.410 114.011 102.622 98.621 101.263 92.717 102.330 77.581 100.003 111.305 111.538 115.430 120.106 84.553 80.682 112.121 98.612 125.577 86.006 100.702 108.173
-9999.000 -9999.000 -9999.000 -9999.000 -9999.000 -9999.000 -9999.000 -9999.000 -9999.000 -9999.000 -9999.000 -9999.000 -9999.000 -9999.000 -9999.000 -9999.000 -9999.000 -9999.000 -9999.000 -9999.000 -9999.000 -9999.000 -9999.000 -9999.000 -9999.000 -9999.000 -9999.000 -9999.000 -9999.000 -9999.000 -9999.000 -9999.000 117.786 120.453 114.537 114.441 115.880 116.308 110.017 108.536 109.960 105.295 100.794 127.320 127.180 98.663 98.011 93.606 98.570 108.285 112.353 104.187 102.948 87.712 99.068 103.412 110.451 118.093 103.971 88.855 116.766 89.004 128.333 87.882 98.496 112.251
-9999.000 -9999.000 -9999.000 -9999.000 -9999.000 -9999.000 -9999.000 -9999.000 -9999.000 -9999.000 -9999.000 -9999.000 -9999.000 -9999.000 -9999.000 -9999.000 -9999.000 -9999.000 -9999.000 -9999.000 -9999.000 -9999.000 -9999.000 -9999.000 -9999.000 -9999.000 -9999.000 -9999.000 -9999.000 -9999.000 -9999.000 -9999.000 -9999.000 116.521 120.139 116.174 116.872 119.943 104.355 109.947 103.738 103.090 118.103 129.541 118.300 94.859 101.535 105.718 111.145 112.023 104.324 101.867 107.228 108.376 102.222 95.480 96.517 110.632 121.644 94.984 97.881 90.073 128.833 93.253 88.574 117.194
-9999.000 -9999.000 -9999.000 -9999.000 -9999.000 -9999.000 -9999.000 -9999.000 -9999.000 -9999.000 -9999.000 -9999.000 -9999.000 -9999.000 -9999.000 -9999.000 -9999.000 -9999.000 -9999.000 -9999.000 -9999.000 -9999.000 -9999.000 -9999.000 -9999.000 -9999.000 -9999.000 -9999.000 -9999.000 -9999.000 -9999.000 -9999.000 -9999.000 102.448 107.846 119.232 114.284 119.957 96.339 109.248 118.792 106.441 103.242 130.240 120.825 96.407 108.580 115.501 116.001 101.979 96.340 103.968 96.519 94.364 109.307 112.826 92.576 89.894 113.820 123.438 103.325 104.076 129.778 101.270 95.759 96.706
-9999.000 -9999.000 -9999.000 -9999.000 -9999.000 -9999.000 -9999.000 -9999.000 -9999.000 -9999.000 -9999.000 -9999.000 -9999.000 -9999.000 -9999.000 -9999.000 -9999.000 -9999.000 -9999.000 -9999.000 -9999.000 -9999.000 -9999.000 -9999.000 -9999.000 -9999.000 -9999.000 -9999.000 -9999.000 -9999.000 -9999.000 -9999.000 -9999.000 106.501 101.379 102.584 114.783 105.794 105.932 94.567 101.144 112.973 104.417 130.850 105.712 97.094 113.201 116.133 107.156 108.195 108.224 103.721 102.270 113.864 108.925 102.807 110.077 84.180 94.203 116.634 116.609 112.386 130.404 105.488 90.605 82.364
-9999.000 -9999.000 -9999.000 -9999.000 -9999.000 -9999.000 -9999.000 -9999.000 -9999.000 -9999.000 -9999.000 -9999.000 -9999.000 -9999.000 -9999.000 -9999.000 -9999.000 -9999.000 -9999.000 -9999.000 -9999.000 -9999.000 -9999.000 -9999.000 -9999.000 -9999.000 -9999.000 -9999.000 -9999.000 -9999.000 -9999.000 -9999.000 -9999.000 115.903 114.201 110.854 93.685 104.901 115.284 114.155 114.724 105.683 111.528 131.334 102.954 113.626 115.897 109.694 113.618 115.037 112.356 112.519 111.072 104.036 117.736 91.804 105.530 95.657 92.276 97.803 112.029 121.138 121.862 108.458 85.935 100.112
-9999.000 -9999.000 -9999.000 -9999.000 -9999.000 -9999.000 -9999.000 -9999.000 -9999.000 -9999.000 -9999.000 -9999.000 -9999.000 -9999.000 -9999.000 -9999.000 -9999.000 -9999.000 -9999.000 -9999.000 -9999.000 -9999.000 -9999.000 -9999.000 -9999.000 -9999.000 -9999.000 -9999.000 -9999.000 -9999.000 -9999.000 -9999.000 108.443 99.364 102.728 93.662 100.742 119.909 120.345 127.645 130.948 119.902 119.562 117.621 100.580 119.321 121.402 92.900 111.616 115.648 116.821 113.685 113.299 98.652 106.534 99.281 85.980 113.643 105.443 91.332 106.948 131.866 125.115 114.102 88.383 82.172
-9999.000 -9999.000 -9999.000 -9999.000 -9999.000 -9999.000 -9999.000 -9999.000 -9999.000 -9999.000 -9999.000 -9999.000 -9999.000 -9999.000 -9999.000 -9999.000 -9999.000 -9999.000 -9999.000 -9999.000 -9999.000 -9999.000 -9999.000 -9999.000 -9999.000 -9999.000 -9999.000 -9999.000 -9999.000 -9999.000 -9999.000 109.652 109.015 107.927 117.348 118.151 117.182 114.038 106.528 109.788 112.806 120.952 127.834 120.021 103.472 121.418 109.415 100.386 93.378 92.978 117.373 107.545 114.925 110.203 90.414 112.013 93.431 108.304 95.862 101.835 108.348 118.738 124.545 109.621 89.609 84.585
-9999.000 -9999.000 -9999.000 -9999.000 -9999.000 -9999.000 -9999.000 -9999.000 -9999.000 -9999.000 -9999.000 -9999.000 -9999.000 -9999.000 -9999.000 -9999.000 -9999.000 -9999.000 -9999.000 -9999.000 -9999.000 -9999.000 -9999.000 -9999.000 -9999.000 -9999.000 -9999.000 -9999.000 -9999.000 -9999.000 113.905 116.344 112.808 113.375 107.585 113.063 104.240 97.160 99.521 101.079 108.624 115.276 125.704 125.903 110.266 106.162 118.020 110.868 107.467 101.745 94.950 115.070 100.287 114.164 91.708 122.897 104.259 96.873 114.265 95.335 106.446 123.305 124.520 108.932 90.606 81.823
-9999.000 -9999.000 -9999.000 -9999.000 -9999.000 -9999.000 -9999.000 -9999.000 -9999.000 -9999.000 -9999.000 -9999.000 -9999.000 -9999.000 -9999.000 -9999.000 -9999.000 -9999.000 -9999.000 -9999.000 -9999.000 -9999.000 -9999.000 -9999.000 -9999.000 -9999.000 -9999.000 -9999.000 -9999.000 -9999.000 120.896 114.050 103.467 107.209 102.285 106.960 93.039 88.780 98.685 94.130 102.796 112.106 125.103 131.233 135.791 134.152 127.721 117.448 113.095 117.350 110.526 97.347 107.710 93.244 112.184 104.905 116.318 103.051 117.885 109.668 102.806 122.731 124.655 103.288 93.531 98.655
-9999.000 -9999.000 -9999.000 -9999.000 -9999.000 -9999.000 -9999.000 -9999.000 -9999.000 -9999.000 -9999.000 -9999.000 -9999.000 -9999.000 -9999.000 -9999.000 -9999.000 -9999.000 -9999.000 -9999.000 -9999.000 -9999.000 -9999.000 -9999.000 -9999.000 -9999.000 -9999.000 -9999.000 -9999.000 -9999.000 108.504 104.861 107.658 100.512 110.607 103.758 87.361 111.261 103.383 92.636 106.374 117.248 117.548 117.264 121.871 126.405 130.735 134.564 132.020 127.012 120.672 108.961 106.332 105.477 117.338 110.895 119.863 103.760 102.466 114.920 108.835 126.552 124.754 112.017 92.941 115.887
-9999.000 -9999.000 -9999.000 -9999.000 -9999.000 -9999.000 -9999.000 -9999.000 -9999.000 -9999.000 -9999.000 -9999.000 -9999.000 -9999.000 -9999.000 -9999.000 -9999.000 -9999.000 -9999.000 -9999.000 -9999.000 -9999.000 123.033 122.232 123.751 119.004 114.779 -9999.000 -9999.000 -9999.000 108.155 100.712 106.909 93.224 105.562 94.957 107.051 102.017 93.937 98.694 116.885 121.634 112.090 108.273 113.737 116.915 122.591 126.348 135.160 139.201 136.883 127.645 119.074 120.351 110.507 124.526 121.821 114.670 115.918 108.435 116.933 135.837 125.667 102.565 92.328 114.994
-9999.000 -9999.000 -9999.000 -9999.000 -9999.000 -9999.000 -9999.000 -9999.000 -9999.000 -9999.000 -9999.000 -9999.000 -9999.000 -9999.000 -9999.000 -9999.000 -9999.000 -9999.000 -9999.000 -9999.000 -9999.000 123.614 121.238 116.704 112.749 104.807 112.032 114.426 -9999.000 110.204 106.827 102.271 103.042 105.320 98.574 110.461 106.378 87.942 95.361 107.159 118.034 113.548 105.933 113.245 108.728 109.108 112.568 117.086 131.290 138.900 139.562 131.735 132.844 128.978 129.795 127.766 130.583 131.058 131.123 128.802 133.412 139.894 119.505 96.812 103.176 114.501
-9999.000 -9999.000 -9999.000 -9999.000 -9999.000 -9999.000 -9999.000 -9999.000 -9999.000 -9999.000 -9999.000 -9999.000 -9999.000 -9999.000 -9999.000 -9999.000 -9999.000 -9999.000 -9999.000 125.043 126.979 121.485 114.771 112.562 106.419 107.447 100.056 106.014 102.061 109.613 98.535 109.777 109.798 111.401 108.135 86.180 91.766 93.906 102.685 115.428 111.883 102.973 98.162 108.824 102.262 99.224 107.808 107.821 118.070 133.936 140.582 137.558 137.191 138.483 138.701 139.080 139.507 139.182 137.693 136.960 141.114 137.624 117.067 106.138 109.057 115.173
-9999.000 -9999.000 -9999.000 -9999.000 -9999.000 -9999.000 -9999.000 -9999.000 -9999.000 -9999.000 -9999.000 -9999.000 -9999.000 -9999.000 -9999.000 -9999.000 118.514 118.319 123.606 125.701 117.966 113.859 112.555 110.476 106.560 105.082 108.611 95.008 92.677 105.503 93.099 104.196 112.695 113.056 95.368 89.415 97.871 101.686 110.326 111.259 104.325 100.325 94.910 94.246 95.922 108.359 115.258 102.986 112.373 124.139 142.057 141.619 140.941 142.425 141.237 140.903 141.492 141.845 144.187 143.642 142.905 136.512 128.072 125.404 113.409 106.544
-9999.000 -9999.000 -9999.000 -9999.000 -9999.000 -9999.000 -9999.000 -9999.000 -9999.000 -9999.000 -9999.000 -9999.000 -9999.000 -9999.000 -9999.000 -9999.000 117.819 116.092 119.689 120.030 114.597 114.415 111.929 107.478 105.240 97.286 104.304 96.383 102.989 101.516 102.336 96.996 100.565 98.932 93.055 97.899 105.844 124.140 106.414 101.100 112.106 94.007 96.309 105.943 103.202 95.048 103.241 114.643 123.865 124.675 142.065 144.437 143.048 143.265 142.726 143.083 143.463 144.870 146.923 146.805 145.622 142.860 136.679 132.691 128.520 121.869
-9999.000 -9999.000 -9999.000 -9999.000 -9999.000 -9999.000 -9999.000 -9999.000 -9999.000 -9999.000 -9999.000 -9999.000 -9999.000 -9999.000 -9999.000 115.197 121.426 118.663 119.267 117.672 115.399 114.337 111.424 109.370 104.382 98.719 99.504 108.029 105.776 96.927 102.450 94.507 87.221 109.482 114.211 118.514 112.052 104.505 98.497 105.180 110.931 91.604 114.423 110.352 92.208 98.430 104.690 115.471 126.702 134.353 143.025 144.758 145.854 141.309 134.248 134.587 135.143 135.235 135.033 137.795 146.833 146.040 141.766 138.799 133.019 129.717
-9999.000 -9999.000 -9999.000 -9999.000 -9999.000 -9999.000 -9999.000 -9999.000 -9999.000 -9999.000 -9999.000 -9999.000 -9999.000 -9999.000 115.956 119.523 116.272 119.252 120.335 116.119 116.139 114.175 112.484 110.360 104.251 106.041 95.311 96.074 101.396 104.561 92.628 94.153 90.421 112.707 117.318 114.356 107.332 95.567 104.795 112.073 105.433 108.431 102.139 94.063 104.779 107.380 115.928 121.806 137.312 139.660 144.957 142.140 132.721 126.449 121.155 118.141 118.640 117.606 118.109 125.042 142.806 146.652 146.363 143.447 139.944 137.185
-9999.000 -9999.000 -9999.000 -9999.000 -9999.000 -9999.000 -9999.000 -9999.000 -9999.000 -9999.000 -9999.000 -9999.000 -9999.000 108.164 119.786 114.990 117.683 119.145 119.472 116.142 115.348 113.372 112.756 110.385 105.360 105.408 105.111 98.650 108.254 101.993 101.987 103.874 104.300 111.398 106.699 104.931 110.726 106.337 111.021 113.756 105.447 113.491 94.525 100.135 109.701 112.916 122.440 128.611 140.568 141.877 142.222 130.816 120.187 117.597 114.626 111.272 109.649 110.060 114.547 122.691 133.034 143.542 147.662 147.262 145.116 142.886
-9999.000 -9999.000 -9999.000 -9999.000 -9999.000 -9999.000 -9999.000 -9999.000 -9999.000 -9999.000 -9999.000 -9999.000 115.796 117.504 116.514 116.916 118.607 119.990 118.199 114.677 112.992 113.050 111.805 109.540 105.235 107.300 107.072 105.733 102.963 110.521 110.830 108.767 107.445 115.507 101.714 109.626 109.262 107.518 110.746 113.340 114.370 90.980 103.928 107.272 109.895 114.626 127.315 135.001 140.920 144.010 134.029 126.336 111.699 109.579 105.114 103.698 100.508 101.920 111.075 113.585 124.325 132.128 145.967 147.389 147.195 146.569
-9999.000 -9999.000 -9999.000 -9999.000 111.845 -9999.000 -9999.000 -9999.000 -9999.000 -9999.000 -9999.000 116.213 117.009 114.500 117.000 118.625 119.844 119.942 116.941 114.687 114.216 113.836 111.107 112.359 109.944 108.658 108.914 104.451 107.932 103.213 109.855 112.233 108.519 114.236 111.459 110.001 109.958 111.504 112.961 90.904 97.523 103.496 108.838 109.151 111.878 116.332 124.662 137.331 142.139 143.646 126.684 119.403 109.565 105.169 101.322 99.410 115.100 99.612 112.068 114.246 127.896 136.262 143.561 146.898 147.093 148.085
-9999.000 -9999.000 -9999.000 -9999.000 115.677 78.553 85.173 112.860 117.732 119.624 116.188 119.156 116.795 116.354 118.017 119.468 120.644 120.351 117.667 115.936 114.018 113.318 115.371 115.888 114.468 101.218 112.817 109.943 113.080 110.509 111.190 113.978 107.138 112.386 108.778 108.403 111.043 110.101 94.358 102.894 111.896 104.057 110.774 111.518 113.612 119.461 132.541 140.405 143.288 138.439 125.654 113.217 105.930 100.972 108.708 110.721 105.178 111.068 115.182 122.271 137.778 141.012 145.768 138.578 138.729 138.666
-9999.000 -9999.000 -9999.000 -9999.000 108.149 90.484 112.431 116.516 115.379 114.225 113.635 115.936 117.410 116.826 117.279 119.231 120.811 121.266 117.972 115.001 113.152 116.552 115.878 116.533 116.463 116.205 115.983 112.248 112.925 109.771 109.184 112.712 109.106 101.077 106.078 106.282 109.414 92.871 101.590 112.525 106.963 110.570 111.719 113.518 115.989 122.776 138.026 141.665 138.415 132.012 118.060 112.217 103.660 100.338 114.328 97.896 108.958 119.201 128.465 128.174 134.242 141.680 144.951 133.199 130.710 130.331
-9999.000 -9999.000 -9999.000 -9999.000 -9999.000 112.472 112.180 118.478 118.445 117.346 115.956 115.547 115.805 117.819 119.307 119.958 121.539 121.517 117.156 114.824 116.906 117.645 117.643 117.189 116.843 116.545 115.821 115.818 111.610 113.073 111.780 110.134 109.386 101.037 107.776 105.962 91.094 96.677 103.802 108.367 114.138 112.108 117.420 124.989 130.330 130.942 142.606 143.301 132.365 131.754 119.037 111.519 102.379 111.046 115.636 101.066 114.574 124.694 134.687 137.478 139.479 142.400 139.321 131.188 123.571 124.793
