test_integration/test_sample_run/example/output_maps/SWEDENSITYN0065.asc
ncols         174
nrows         141
xllcorner     744500.000000
yllcorner     5140950.000000
cellsize      250.000000
NODATA_value  -9999.0
[rows 87 to 115 of 141, columns 65 to 129 of 174]
nan nan nan nan nan nan nan nan nan nan nan nan nan nan nan nan nan nan nan nan nan nan 182.709 176.139 174.758 171.071 164.941 149.760 151.646 151.334 154.057 155.546 154.749 61.291 46.157 160.991 160.790 164.746 161.990 162.313 160.763 145.024 133.069 129.688 129.093 150.521 146.793 143.257 155.561 158.134 156.596 156.179 159.180 157.587 156.651 159.303 158.304 156.784 156.673 155.368 154.017 155.178 156.560 153.927 152.674
129.967 143.515 132.985 131.222 153.065 131.334 134.714 131.269 132.382 161.866 173.885 nan nan nan nan nan nan nan nan nan nan nan nan 62.184 182.438 172.524 169.036 160.173 53.538 13.745 163.560 159.746 160.753 160.060 162.001 163.590 165.029 163.333 146.268 144.518 148.728 135.535 130.408 134.548 129.364 145.443 153.070 152.349 156.512 157.584 156.776 156.556 156.803 129.966 132.879 129.020 139.625 154.544 156.559 154.980 153.075 146.514 154.620 152.814 153.059
116.771 119.817 118.332 120.019 122.997 121.402 122.474 122.831 128.422 144.324 148.718 172.108 nan nan nan nan nan 197.583 191.688 193.254 188.243 184.380 20.882 nan 79.318 178.918 167.585 69.194 47.550 181.085 67.394 168.787 174.551 171.409 173.977 163.203 146.171 137.217 133.776 134.549 138.585 135.695 138.921 137.262 148.195 131.146 155.285 155.483 129.454 129.070 138.588 156.969 152.668 139.176 135.920 131.992 137.547 156.030 156.976 155.271 150.282 154.073 151.282 153.796 153.861
113.048 113.985 113.195 115.634 119.032 131.827 142.271 10.173 149.930 13.286 62.511 nan 74.605 nan nan nan nan 191.416 182.363 182.692 179.226 182.652 164.017 165.770 190.062 188.654 178.620 182.742 181.233 153.241 152.942 152.060 151.252 169.062 160.105 139.401 133.831 132.277 136.490 132.173 132.684 156.594 152.738 156.037 159.552 155.748 149.023 153.650 141.698 140.654 144.444 157.114 148.619 147.498 154.240 154.902 153.717 152.085 152.912 152.611 153.573 149.446 142.011 148.228 152.568
108.525 107.353 110.366 133.157 114.623 35.982 nan nan nan nan nan nan nan nan nan nan 14.320 185.240 178.661 175.016 171.361 161.989 157.296 146.583 157.824 184.812 186.665 178.012 161.967 132.769 130.752 132.294 134.280 143.119 155.062 151.896 151.365 157.877 157.811 151.649 137.613 155.553 157.799 152.542 151.992 156.187 143.147 160.137 151.275 157.644 151.222 153.127 -9999.000 -9999.000 -9999.000 -9999.000 -9999.000 -9999.000 -9999.000 150.669 150.478 154.407 135.557 128.521 138.371
125.125 nan 85.552 130.667 0.845 nan nan nan nan nan nan nan nan nan nan nan nan nan 16.125 174.911 169.557 162.575 160.633 156.051 148.338 149.707 164.625 151.800 140.207 138.035 131.826 126.539 128.090 154.070 156.297 153.265 149.693 147.611 146.734 150.207 150.160 156.100 153.374 155.954 155.109 144.560 159.531 153.112 -9999.000 -9999.000 -9999.000 -9999.000 -9999.000 -9999.000 -9999.000 -9999.000 -9999.000 -9999.000 -9999.000 -9999.000 -9999.000 151.334 152.479 125.453 145.836
nan nan nan nan nan nan nan nan nan nan nan nan nan nan nan nan nan nan nan 175.840 171.711 165.003 161.084 154.510 137.957 135.332 140.546 153.363 148.121 148.360 148.096 156.826 149.918 138.067 144.990 155.318 155.689 156.353 152.923 147.237 151.238 145.202 150.464 148.962 156.750 158.039 -9999.000 -9999.000 -9999.000 -9999.000 -9999.000 -9999.000 -9999.000 -9999.000 -9999.000 -9999.000 -9999.000 -9999.000 -9999.000 -9999.000 -9999.000 -9999.000 149.153 154.834 149.705
nan nan nan nan nan nan nan nan nan nan nan nan nan nan nan nan nan nan 186.253 174.013 170.179 158.070 154.117 153.278 151.507 130.887 132.402 134.296 151.219 147.206 147.398 157.246 150.766 151.005 154.261 156.723 155.474 154.993 153.564 151.207 152.835 158.496 143.952 146.303 158.508 -9999.000 -9999.000 -9999.000 -9999.000 -9999.000 -9999.000 -9999.000 -9999.000 -9999.000 -9999.000 -9999.000 -9999.000 -9999.000 -9999.000 -9999.000 -9999.000 -9999.000 -9999.000 152.937 -9999.000
nan nan nan nan nan nan nan nan nan nan nan nan nan nan nan nan nan nan 177.442 159.861 157.284 150.782 149.460 150.669 149.025 141.515 128.990 128.434 133.855 149.013 147.047 158.557 149.247 138.194 145.658 141.298 142.236 152.448 147.945 -9999.000 -9999.000 -9999.000 159.067 148.005 -9999.000 -9999.000 -9999.000 -9999.000 -9999.000 -9999.000 -9999.000 -9999.000 -9999.000 -9999.000 -9999.000 -9999.000 -9999.000 -9999.000 -9999.000 -9999.000 -9999.000 -9999.000 -9999.000 -9999.000 -9999.000
nan nan nan nan nan nan nan nan nan nan nan nan nan nan 181.866 174.239 205.083 2.555 nan nan nan nan 42.875 157.191 154.110 147.102 146.992 148.043 149.218 148.260 147.531 144.478 144.658 148.913 134.081 132.359 155.380 147.323 -9999.000 -9999.000 -9999.000 -9999.000 -9999.000 -9999.000 -9999.000 -9999.000 -9999.000 -9999.000 -9999.000 -9999.000 -9999.000 -9999.000 -9999.000 -9999.000 -9999.000 -9999.000 -9999.000 -9999.000 -9999.000 -9999.000 -9999.000 -9999.000 -9999.000 -9999.000 -9999.000
nan nan nan nan nan nan nan nan nan nan nan nan nan nan 169.231 153.668 146.477 152.704 nan nan nan nan nan nan nan 157.263 39.441 52.068 154.467 149.794 149.871 151.743 151.504 150.448 149.518 157.554 149.440 -9999.000 -9999.000 -9999.000 -9999.000 -9999.000 -9999.000 -9999.000 -9999.000 -9999.000 -9999.000 -9999.000 -9999.000 -9999.000 -9999.000 -9999.000 -9999.000 -9999.000 -9999.000 -9999.000 -9999.000 -9999.000 -9999.000 -9999.000 -9999.000 -9999.000 -9999.000 -9999.000 -9999.000
nan nan nan nan nan nan nan nan nan nan nan nan nan nan 89.015 138.403 135.979 160.994 156.977 146.885 145.648 150.451 173.199 171.066 56.180 56.691 163.718 161.244 158.882 156.352 156.970 155.656 154.219 151.408 149.151 159.784 -9999.000 -9999.000 -9999.000 -9999.000 -9999.000 -9999.000 -9999.000 -9999.000 -9999.000 -9999.000 -9999.000 -9999.000 -9999.000 -9999.000 -9999.000 -9999.000 -9999.000 -9999.000 -9999.000 -9999.000 -9999.000 -9999.000 -9999.000 -9999.000 -9999.000 -9999.000 -9999.000 -9999.000 -9999.000
nan nan nan nan nan nan nan nan nan nan nan nan nan nan 76.085 148.807 146.265 155.135 133.076 130.316 129.089 129.566 135.127 174.890 173.803 166.587 165.595 161.625 160.759 159.621 157.987 155.828 154.592 152.312 153.579 nan nan -9999.000 -9999.000 -9999.000 -9999.000 -9999.000 -9999.000 -9999.000 -9999.000 -9999.000 -9999.000 -9999.000 -9999.000 -9999.000 -9999.000 -9999.000 -9999.000 -9999.000 -9999.000 -9999.000 -9999.000 -9999.000 -9999.000 -9999.000 -9999.000 -9999.000 -9999.000 -9999.000 -9999.000
nan nan nan nan nan nan nan nan nan nan nan nan nan nan nan nan 153.637 127.614 126.255 125.541 125.443 125.341 127.151 135.773 170.051 159.649 157.363 153.746 153.841 149.894 148.391 142.639 145.314 151.558 151.675 158.049 157.673 -9999.000 -9999.000 -9999.000 -9999.000 -9999.000 -9999.000 -9999.000 -9999.000 -9999.000 -9999.000 -9999.000 -9999.000 -9999.000 -9999.000 -9999.000 -9999.000 -9999.000 -9999.000 -9999.000 -9999.000 -9999.000 -9999.000 -9999.000 -9999.000 -9999.000 -9999.000 -9999.000 -9999.000
nan nan nan nan nan nan nan nan nan nan nan nan 166.060 143.944 162.665 nan 151.781 120.662 120.462 119.727 121.000 119.318 122.211 145.482 159.669 153.199 131.496 129.951 131.186 132.575 130.186 130.404 130.759 131.991 153.390 157.338 -9999.000 -9999.000 -9999.000 -9999.000 -9999.000 -9999.000 -9999.000 -9999.000 -9999.000 -9999.000 -9999.000 -9999.000 -9999.000 -9999.000 -9999.000 -9999.000 -9999.000 -9999.000 -9999.000 -9999.000 -9999.000 -9999.000 -9999.000 -9999.000 -9999.000 -9999.000 -9999.000 -9999.000 -9999.000
nan nan nan nan nan nan nan nan nan nan nan nan nan 148.239 139.212 151.986 146.645 137.310 117.074 116.111 116.668 117.695 139.305 144.497 147.269 158.111 147.073 127.375 126.699 130.707 127.547 127.526 127.909 129.609 148.621 -9999.000 -9999.000 -9999.000 -9999.000 -9999.000 -9999.000 -9999.000 -9999.000 -9999.000 -9999.000 -9999.000 -9999.000 -9999.000 -9999.000 -9999.000 -9999.000 -9999.000 -9999.000 -9999.000 -9999.000 -9999.000 -9999.000 -9999.000 -9999.000 -9999.000 -9999.000 -9999.000 -9999.000 -9999.000 -9999.000
nan nan nan nan nan nan nan nan nan 166.172 nan nan nan nan 144.672 127.976 143.537 137.016 133.974 116.971 112.584 124.750 133.688 143.578 139.848 160.451 151.411 143.412 123.556 126.108 128.218 124.085 126.203 126.730 -9999.000 -9999.000 -9999.000 -9999.000 -9999.000 -9999.000 -9999.000 -9999.000 -9999.000 -9999.000 -9999.000 -9999.000 -9999.000 -9999.000 -9999.000 -9999.000 -9999.000 -9999.000 -9999.000 -9999.000 -9999.000 -9999.000 -9999.000 -9999.000 -9999.000 -9999.000 -9999.000 -9999.000 -9999.000 -9999.000 -9999.000
nan nan nan nan nan nan nan nan nan 155.889 142.741 143.051 nan nan 140.756 121.767 121.492 119.597 136.142 130.693 113.327 115.644 119.940 138.497 146.506 156.432 149.675 143.039 142.912 122.252 125.493 122.534 122.133 -9999.000 -9999.000 -9999.000 -9999.000 -9999.000 -9999.000 -9999.000 -9999.000 -9999.000 -9999.000 -9999.000 -9999.000 -9999.000 -9999.000 -9999.000 -9999.000 -9999.000 -9999.000 -9999.000 -9999.000 -9999.000 -9999.000 -9999.000 -9999.000 -9999.000 -9999.000 -9999.000 -9999.000 -9999.000 -9999.000 -9999.000 -9999.000
nan nan nan nan nan nan nan nan nan 153.898 128.944 127.105 134.094 nan 139.334 116.604 115.835 112.663 116.010 130.908 123.182 110.240 113.812 135.835 143.252 151.292 149.063 145.060 141.551 121.533 143.006 125.183 -9999.000 -9999.000 -9999.000 -9999.000 -9999.000 -9999.000 -9999.000 -9999.000 -9999.000 -9999.000 -9999.000 -9999.000 -9999.000 -9999.000 -9999.000 -9999.000 -9999.000 -9999.000 -9999.000 -9999.000 -9999.000 -9999.000 -9999.000 -9999.000 -9999.000 -9999.000 -9999.000 -9999.000 -9999.000 -9999.000 -9999.000 -9999.000 -9999.000
nan nan nan nan nan nan nan nan nan nan nan 123.824 124.216 126.057 137.545 132.565 112.870 111.149 112.390 119.312 129.027 112.834 110.445 132.388 130.931 148.584 147.156 144.675 141.585 141.967 128.170 -9999.000 -9999.000 -9999.000 -9999.000 -9999.000 -9999.000 -9999.000 -9999.000 -9999.000 -9999.000 -9999.000 -9999.000 -9999.000 -9999.000 -9999.000 -9999.000 -9999.000 -9999.000 -9999.000 -9999.000 -9999.000 -9999.000 -9999.000 -9999.000 -9999.000 -9999.000 -9999.000 -9999.000 -9999.000 -9999.000 -9999.000 -9999.000 -9999.000 -9999.000
nan nan nan nan nan nan nan nan nan nan nan 137.487 121.110 116.612 117.079 131.284 126.154 105.472 103.538 111.419 131.590 131.283 110.120 113.505 138.569 140.340 147.104 144.451 141.099 137.849 133.177 -9999.000 -9999.000 -9999.000 -9999.000 -9999.000 -9999.000 -9999.000 -9999.000 -9999.000 -9999.000 -9999.000 -9999.000 -9999.000 -9999.000 -9999.000 -9999.000 -9999.000 -9999.000 -9999.000 -9999.000 -9999.000 -9999.000 -9999.000 -9999.000 -9999.000 -9999.000 -9999.000 -9999.000 -9999.000 -9999.000 -9999.000 -9999.000 -9999.000 -9999.000
nan nan nan nan nan nan nan nan nan nan 78.779 nan 46.921 131.118 112.226 113.807 127.190 120.884 105.708 106.099 109.011 111.382 113.210 118.607 137.235 133.909 136.571 142.818 138.078 136.058 136.319 -9999.000 -9999.000 -9999.000 -9999.000 -9999.000 -9999.000 -9999.000 -9999.000 -9999.000 -9999.000 -9999.000 -9999.000 -9999.000 -9999.000 -9999.000 -9999.000 -9999.000 -9999.000 -9999.000 -9999.000 -9999.000 -9999.000 -9999.000 -9999.000 -9999.000 -9999.000 -9999.000 -9999.000 -9999.000 -9999.000 -9999.000 -9999.000 -9999.000 -9999.000
nan nan nan nan nan nan 90.496 nan nan nan 52.347 nan nan nan 127.683 107.664 115.508 122.481 124.485 101.492 103.736 105.787 130.588 131.027 135.031 122.801 127.384 124.819 132.945 136.990 132.410 -9999.000 -9999.000 -9999.000 -9999.000 -9999.000 -9999.000 -9999.000 -9999.000 -9999.000 -9999.000 -9999.000 -9999.000 -9999.000 -9999.000 -9999.000 -9999.000 -9999.000 -9999.000 -9999.000 -9999.000 -9999.000 -9999.000 -9999.000 -9999.000 -9999.000 -9999.000 -9999.000 -9999.000 -9999.000 -9999.000 -9999.000 -9999.000 -9999.000 -9999.000
nan nan nan nan nan 163.227 159.241 166.702 158.173 nan nan nan nan nan nan 122.625 118.633 126.099 120.785 104.007 104.296 103.003 116.263 117.199 119.320 121.582 123.454 127.913 131.243 134.744 -9999.000 -9999.000 -9999.000 -9999.000 -9999.000 -9999.000 -9999.000 -9999.000 -9999.000 -9999.000 -9999.000 -9999.000 -9999.000 -9999.000 -9999.000 -9999.000 -9999.000 -9999.000 -9999.000 -9999.000 -9999.000 -9999.000 -9999.000 -9999.000 -9999.000 -9999.000 -9999.000 -9999.000 -9999.000 -9999.000 -9999.000 -9999.000 -9999.000 -9999.000 -9999.000
nan nan nan 90.281 162.821 130.164 133.762 135.812 134.105 163.240 nan nan nan nan nan 8.459 126.866 118.412 123.647 120.914 127.506 108.269 104.333 108.526 111.666 119.066 120.129 120.798 128.599 134.714 -9999.000 -9999.000 -9999.000 -9999.000 -9999.000 -9999.000 -9999.000 -9999.000 -9999.000 -9999.000 -9999.000 -9999.000 -9999.000 -9999.000 -9999.000 -9999.000 -9999.000 -9999.000 -9999.000 -9999.000 -9999.000 -9999.000 -9999.000 -9999.000 -9999.000 -9999.000 -9999.000 -9999.000 -9999.000 -9999.000 -9999.000 -9999.000 -9999.000 -9999.000 -9999.000
nan 74.506 165.582 156.772 143.814 123.294 124.492 124.591 126.149 128.990 160.829 nan nan nan nan nan 125.273 117.542 115.955 125.233 125.329 115.669 105.087 113.803 115.011 117.482 117.639 118.044 118.248 133.798 -9999.000 -9999.000 -9999.000 -9999.000 -9999.000 -9999.000 -9999.000 -9999.000 -9999.000 -9999.000 -9999.000 -9999.000 -9999.000 -9999.000 -9999.000 -9999.000 -9999.000 -9999.000 -9999.000 -9999.000 -9999.000 -9999.000 -9999.000 -9999.000 -9999.000 -9999.000 -9999.000 -9999.000 -9999.000 -9999.000 -9999.000 -9999.000 -9999.000 -9999.000 -9999.000
nan 42.321 nan 45.253 146.803 138.245 120.612 119.869 120.411 123.551 128.470 162.021 nan nan nan nan 33.224 120.470 122.634 110.632 104.809 105.099 105.021 111.644 113.604 115.458 110.114 113.216 114.024 129.752 -9999.000 -9999.000 -9999.000 -9999.000 -9999.000 -9999.000 -9999.000 -9999.000 -9999.000 -9999.000 -9999.000 -9999.000 -9999.000 -9999.000 -9999.000 -9999.000 -9999.000 -9999.000 -9999.000 -9999.000 -9999.000 -9999.000 -9999.000 -9999.000 -9999.000 -9999.000 -9999.000 -9999.000 -9999.000 -9999.000 -9999.000 -9999.000 -9999.000 -9999.000 -9999.000
nan nan nan nan nan nan 138.164 117.551 117.794 121.826 130.748 143.645 161.838 nan 35.270 7.258 nan 20.344 121.575 121.731 103.794 127.052 129.574 100.108 108.284 110.408 104.548 104.098 104.196 -9999.000 -9999.000 -9999.000 -9999.000 -9999.000 -9999.000 -9999.000 -9999.000 -9999.000 -9999.000 -9999.000 -9999.000 -9999.000 -9999.000 -9999.000 -9999.000 -9999.000 -9999.000 -9999.000 -9999.000 -9999.000 -9999.000 -9999.000 -9999.000 -9999.000 -9999.000 -9999.000 -9999.000 -9999.000 -9999.000 -9999.000 -9999.000 -9999.000 -9999.000 -9999.000 -9999.000
nan nan 169.931 nan nan nan 25.944 120.019 115.321 138.629 121.053 131.229 131.361 nan 45.021 32.373 nan nan 124.127 120.264 121.236 123.891 122.258 129.963 107.036 106.350 108.525 109.393 136.611 -9999.000 -9999.000 -9999.000 -9999.000 -9999.000 -9999.000 -9999.000 -9999.000 -9999.000 -9999.000 -9999.000 -9999.000 -9999.000 -9999.000 -9999.000 -9999.000 -9999.000 -9999.000 -9999.000 -9999.000 -9999.000 -9999.000 -9999.000 -9999.000 -9999.000 -9999.000 -9999.000 -9999.000 -9999.000 -9999.000 -9999.000 -9999.000 -9999.000 -9999.000 -9999.000 -9999.000
