test_integration/test_sample_run/example/output_maps/SWEDENSITYN0209.asc
ncols         174
nrows         141
xllcorner     744500.000000
yllcorner     5140950.000000
cellsize      250.000000
NODATA_value  -9999.0
[rows 64 to 95 of 141, columns 72 to 143 of 174]
201.605 199.332 200.649 210.538 nan nan nan nan nan nan nan nan nan nan nan nan nan nan 232.897 185.166 nan nan nan nan nan nan nan nan nan nan nan nan nan nan nan nan nan nan nan nan nan nan nan nan nan nan 182.150 182.850 211.526 nan nan 222.921 nan nan nan nan nan nan nan nan nan nan 175.904 176.942 197.870 nan nan nan nan nan nan nan
196.967 219.861 203.824 nan nan 215.517 202.787 205.192 nan nan nan nan nan nan nan nan nan nan nan nan nan nan nan nan nan nan nan nan nan nan nan nan 207.246 nan nan nan nan nan nan nan nan nan nan nan nan nan 193.858 184.768 nan nan 194.775 186.856 142.425 nan nan nan nan nan nan nan nan nan 175.632 230.850 nan nan nan nan nan nan nan nan
nan 232.516 nan nan 214.373 202.641 198.855 215.226 nan nan nan nan nan nan nan nan nan nan nan nan nan nan nan nan nan nan nan nan nan nan nan nan nan nan nan nan 210.804 209.512 234.743 nan nan nan nan nan nan nan 246.838 nan nan nan 186.362 187.036 nan nan nan nan nan nan nan nan 221.699 204.758 nan nan nan nan nan nan nan 204.722 197.380 nan
nan 233.312 nan nan 201.699 202.986 211.024 209.727 nan nan nan nan nan nan nan nan nan nan nan nan nan nan nan nan nan nan nan 76.686 207.697 61.026 207.415 184.995 nan nan nan nan 197.008 203.318 206.385 215.006 nan nan nan nan 231.333 231.041 244.236 nan nan 230.144 203.934 214.645 nan nan nan nan nan nan nan 231.472 183.174 184.804 nan nan nan nan nan 200.012 202.631 191.827 182.554 nan
nan nan nan nan 230.684 231.409 nan nan nan nan nan nan nan nan nan nan nan nan nan nan nan nan nan nan nan nan 207.733 202.576 9.705 184.582 187.356 nan nan nan nan nan 212.902 187.444 197.115 199.441 204.996 229.098 nan nan nan nan nan nan nan 208.820 234.161 nan nan nan nan nan 236.686 224.986 219.729 203.003 224.199 nan nan nan nan 221.507 194.401 187.206 179.092 185.027 nan 94.303
nan nan nan nan nan nan nan nan nan nan nan nan nan nan nan nan nan nan nan nan 113.258 207.049 203.047 208.059 208.014 207.639 222.425 228.854 178.545 202.042 183.447 nan nan nan nan nan 229.741 188.014 183.520 183.879 190.936 202.890 nan nan nan nan nan nan 211.121 230.060 232.365 nan nan nan nan nan nan 227.222 221.100 229.354 nan nan nan nan 221.836 186.586 184.965 180.944 180.221 223.064 nan -9999.000
nan nan nan nan nan nan nan nan nan nan nan nan nan nan nan nan nan nan 6.635 nan 199.595 nan 200.072 198.977 nan 39.531 nan nan 204.827 199.387 244.571 nan nan nan nan nan nan 250.651 195.665 202.854 189.793 209.122 236.782 nan nan nan nan nan 188.229 193.656 246.253 nan nan nan nan nan nan nan nan nan nan nan 15.972 196.998 183.334 -9999.000 -9999.000 -9999.000 nan -9999.000 -9999.000 -9999.000
nan nan nan nan nan 229.442 227.710 nan nan nan nan nan nan nan nan nan nan nan nan 124.700 183.520 183.648 205.504 191.623 182.549 187.356 201.740 nan nan 188.195 234.448 nan nan 233.622 242.805 nan nan nan nan 234.217 208.788 225.201 220.747 236.382 nan nan nan nan 254.919 235.044 231.804 nan nan nan nan nan nan nan nan nan nan nan nan 222.680 -9999.000 -9999.000 -9999.000 -9999.000 -9999.000 -9999.000 -9999.000 -9999.000
nan nan nan nan 230.706 229.983 nan nan nan nan nan nan nan nan nan nan nan nan nan nan 244.917 218.035 190.587 183.717 180.887 196.580 196.850 193.671 nan 226.287 231.660 nan 192.527 233.725 202.956 251.484 nan nan nan nan nan 202.763 213.134 207.047 190.863 202.767 nan nan nan nan nan nan nan nan nan nan nan nan nan nan nan nan nan -9999.000 -9999.000 -9999.000 -9999.000 -9999.000 -9999.000 -9999.000 -9999.000 -9999.000
nan nan nan nan 227.045 nan nan nan nan nan nan nan nan nan nan nan nan nan nan nan nan 238.613 175.563 180.495 184.311 209.387 190.086 182.359 229.818 229.723 223.871 206.003 nan 210.950 192.293 201.212 228.444 226.981 nan nan nan 245.940 203.580 197.427 193.084 200.177 231.959 231.937 nan nan nan nan nan nan nan nan nan nan nan nan 237.683 nan nan -9999.000 -9999.000 -9999.000 -9999.000 -9999.000 -9999.000 -9999.000 -9999.000 -9999.000
nan nan 195.583 216.507 nan nan nan nan nan nan nan nan nan nan nan nan nan nan nan nan nan nan nan nan nan 224.240 183.916 183.488 203.884 237.571 nan nan nan 196.754 195.963 192.298 209.482 197.270 214.522 237.205 202.063 194.894 194.721 190.912 188.703 192.728 193.213 197.629 244.750 nan nan nan nan nan nan nan nan nan 227.945 187.199 182.595 190.148 226.317 -9999.000 -9999.000 -9999.000 -9999.000 -9999.000 -9999.000 -9999.000 -9999.000 -9999.000
nan 227.025 211.213 244.522 nan nan nan nan nan nan nan nan nan nan nan nan nan nan nan nan nan nan nan nan nan nan 196.365 231.229 219.080 261.645 nan nan 239.530 229.381 193.314 200.426 196.872 189.794 196.528 198.289 198.878 183.876 188.013 181.012 190.470 197.334 261.070 nan nan nan nan nan nan nan nan nan nan nan 227.710 199.154 182.341 190.366 -9999.000 -9999.000 -9999.000 -9999.000 -9999.000 -9999.000 -9999.000 -9999.000 -9999.000 -9999.000
nan 230.230 nan nan nan nan nan nan nan nan nan nan nan nan nan nan nan nan nan nan nan nan nan nan nan nan nan 230.026 244.805 nan nan 220.697 222.904 223.602 194.657 191.708 189.389 193.065 193.628 189.668 251.322 262.590 238.081 nan nan nan nan nan nan nan nan nan nan nan nan nan nan nan nan nan nan nan -9999.000 -9999.000 -9999.000 -9999.000 -9999.000 -9999.000 -9999.000 -9999.000 -9999.000 -9999.000
nan nan nan nan nan nan nan nan nan nan nan nan nan nan nan nan nan nan nan nan nan nan nan nan nan nan nan 57.386 245.501 nan 246.586 221.884 200.610 209.607 199.630 182.498 218.329 247.307 232.849 262.935 nan nan nan nan nan nan nan nan nan nan nan nan nan nan nan nan nan nan nan nan nan nan -9999.000 -9999.000 -9999.000 -9999.000 -9999.000 -9999.000 -9999.000 -9999.000 -9999.000 -9999.000
227.938 nan nan nan nan nan nan nan nan nan nan nan nan nan nan nan nan nan nan nan 80.550 217.206 nan nan nan nan nan nan nan nan nan nan 248.079 248.179 254.612 nan nan nan nan nan nan nan nan nan nan nan nan nan nan 220.486 208.953 241.148 nan nan nan nan nan nan nan nan nan nan -9999.000 -9999.000 -9999.000 -9999.000 -9999.000 -9999.000 -9999.000 -9999.000 -9999.000 -9999.000
nan nan nan nan nan nan nan nan nan nan nan nan nan nan nan nan nan nan nan nan nan nan nan nan nan nan nan nan nan nan nan nan nan nan nan nan nan nan nan nan nan nan nan nan nan nan nan nan 213.620 223.691 46.079 nan nan nan nan nan nan nan nan nan nan nan -9999.000 -9999.000 -9999.000 -9999.000 -9999.000 -9999.000 -9999.000 -9999.000 -9999.000 -9999.000
nan nan nan nan nan nan nan nan nan nan nan nan nan nan nan nan nan nan nan nan nan nan nan nan nan nan nan nan nan nan nan nan nan nan nan nan nan nan nan nan nan nan nan nan nan nan nan 237.352 248.225 nan nan nan nan nan nan nan nan nan nan nan nan nan -9999.000 -9999.000 -9999.000 -9999.000 -9999.000 -9999.000 -9999.000 -9999.000 -9999.000 -9999.000
nan nan nan nan nan nan nan nan nan nan nan nan nan nan nan nan nan nan nan nan nan nan nan nan nan nan nan nan nan nan nan nan nan nan nan nan nan nan nan nan nan nan nan nan nan nan nan nan nan nan nan nan nan 244.204 nan nan nan nan nan nan nan nan nan -9999.000 -9999.000 -9999.000 -9999.000 -9999.000 -9999.000 -9999.000 -9999.000 -9999.000
nan nan nan nan nan nan nan nan nan nan nan nan nan nan nan nan nan nan nan nan nan nan nan nan nan nan nan nan nan nan nan nan nan nan nan nan nan nan nan nan nan nan nan nan nan nan nan nan nan nan 243.733 234.307 232.219 201.950 223.552 nan nan nan nan 245.649 nan nan nan -9999.000 -9999.000 -9999.000 -9999.000 -9999.000 -9999.000 -9999.000 -9999.000 -9999.000
nan nan nan nan nan nan nan nan nan nan nan nan nan nan nan nan nan nan nan nan nan nan nan nan nan nan nan nan nan nan nan nan nan nan nan nan nan nan nan nan nan nan nan nan nan nan nan nan nan 225.182 234.480 247.311 204.649 221.723 nan nan nan nan 228.717 237.261 nan nan nan -9999.000 -9999.000 -9999.000 -9999.000 -9999.000 -9999.000 -9999.000 -9999.000 -9999.000
nan nan nan nan nan nan nan nan nan nan nan nan nan nan nan nan nan nan nan nan nan nan nan nan nan nan nan nan nan nan nan nan nan nan nan nan nan nan nan nan nan nan nan nan nan nan nan nan 245.957 246.008 243.844 242.937 230.749 nan nan nan nan 242.074 245.261 nan nan nan -9999.000 -9999.000 -9999.000 -9999.000 -9999.000 -9999.000 -9999.000 -9999.000 -9999.000 -9999.000
nan nan nan nan nan nan nan nan nan nan nan nan nan nan nan nan nan nan nan nan nan nan nan nan nan nan nan nan nan nan nan nan nan nan nan nan nan nan nan 218.521 193.035 199.499 195.220 229.955 nan nan nan nan nan nan nan 246.566 nan nan nan nan nan nan nan nan nan nan -9999.000 -9999.000 -9999.000 -9999.000 -9999.000 -9999.000 -9999.000 -9999.000 -9999.000 -9999.000
nan nan nan nan nan nan nan nan nan nan nan nan nan nan nan nan nan nan nan nan nan nan nan nan nan nan nan nan nan nan nan nan nan nan nan nan 222.932 212.350 226.447 208.691 207.655 205.994 209.612 223.494 240.311 249.341 nan nan nan nan nan nan nan nan nan nan nan nan nan nan 233.611 nan -9999.000 -9999.000 -9999.000 -9999.000 -9999.000 -9999.000 -9999.000 -9999.000 -9999.000 -9999.000
nan nan nan nan nan nan nan nan nan nan nan nan nan nan nan nan nan nan nan nan nan nan nan nan nan nan nan nan nan nan nan nan nan nan nan 226.423 194.836 190.510 240.946 237.127 231.475 243.324 nan nan nan nan nan nan nan nan nan nan nan nan nan nan nan nan nan nan 202.549 nan -9999.000 -9999.000 -9999.000 -9999.000 -9999.000 -9999.000 -9999.000 -9999.000 -9999.000 -9999.000
nan nan nan nan nan nan nan nan nan nan nan nan nan nan nan nan nan nan nan nan nan nan nan nan nan nan nan nan nan nan nan 238.479 210.012 nan 235.008 224.126 215.183 214.616 234.536 241.203 245.200 nan nan nan nan nan 221.981 229.393 218.868 230.141 nan nan nan nan 246.272 nan nan nan nan nan 233.629 nan -9999.000 -9999.000 -9999.000 -9999.000 -9999.000 -9999.000 -9999.000 -9999.000 -9999.000 -9999.000
nan nan nan nan nan nan nan nan nan nan nan nan nan nan nan nan nan nan nan nan nan nan nan nan nan nan nan nan nan nan nan 205.450 202.287 nan 239.447 223.850 232.258 239.307 217.922 20.186 246.981 224.295 217.811 213.018 nan nan 245.467 233.312 237.127 227.412 nan nan nan 247.051 nan 254.194 nan nan nan nan nan nan -9999.000 -9999.000 -9999.000 -9999.000 -9999.000 -9999.000 -9999.000 -9999.000 -9999.000 -9999.000
nan nan nan nan nan nan nan nan nan nan nan nan nan nan nan nan nan nan nan nan nan nan nan nan nan nan nan nan nan 229.683 203.047 225.139 196.346 224.229 nan nan nan nan nan 239.921 242.342 246.158 217.658 230.813 nan nan nan nan nan nan nan nan nan 248.701 244.856 232.490 243.875 nan nan nan nan -9999.000 -9999.000 -9999.000 -9999.000 -9999.000 -9999.000 -9999.000 -9999.000 -9999.000 -9999.000 -9999.000
nan nan nan nan nan nan nan nan nan nan nan nan nan nan nan nan nan nan nan nan nan nan nan 210.195 nan 199.325 nan nan nan nan nan nan 242.131 222.000 244.866 nan nan nan nan 247.428 nan nan nan nan nan -9999.000 -9999.000 -9999.000 -9999.000 -9999.000 -9999.000 -9999.000 nan nan nan 218.546 220.262 226.875 nan nan -9999.000 -9999.000 -9999.000 -9999.000 -9999.000 -9999.000 -9999.000 -9999.000 -9999.000 -9999.000 -9999.000 -9999.000
nan nan nan nan nan nan nan nan nan nan nan nan nan nan nan nan nan nan nan nan nan nan nan nan 188.974 nan nan nan nan nan nan nan nan nan nan nan nan nan nan nan 243.307 -9999.000 -9999.000 -9999.000 -9999.000 -9999.000 -9999.000 -9999.000 -9999.000 -9999.000 -9999.000 -9999.000 -9999.000 -9999.000 nan nan 214.416 241.825 nan -9999.000 -9999.000 -9999.000 -9999.000 -9999.000 -9999.000 -9999.000 -9999.000 -9999.000 -9999.000 -9999.000 -9999.000 -9999.000
nan nan nan nan nan nan nan nan nan nan nan nan nan nan nan nan nan nan nan nan nan nan nan nan nan nan nan nan nan nan nan nan nan nan nan nan 236.825 nan nan -9999.000 -9999.000 -9999.000 -9999.000 -9999.000 -9999.000 -9999.000 -9999.000 -9999.000 -9999.000 -9999.000 -9999.000 -9999.000 -9999.000 -9999.000 -9999.000 243.014 nan nan -9999.000 -9999.000 -9999.000 -9999.000 -9999.000 -9999.000 -9999.000 -9999.000 -9999.000 -9999.000 -9999.000 -9999.000 -9999.000 -9999.000
nan nan nan nan nan nan nan nan nan nan nan nan nan nan nan nan nan nan nan nan 215.544 nan nan nan nan nan nan nan nan nan nan nan nan nan nan nan nan nan -9999.000 -9999.000 -9999.000 -9999.000 -9999.000 -9999.000 -9999.000 -9999.000 -9999.000 -9999.000 -9999.000 -9999.000 -9999.000 -9999.000 -9999.000 -9999.000 -9999.000 -9999.000 nan -9999.000 -9999.000 -9999.000 -9999.000 -9999.000 -9999.000 -9999.000 -9999.000 -9999.000 -9999.000 -9999.000 -9999.000 -9999.000 -9999.000 -9999.000
nan nan nan nan nan nan nan nan nan nan nan nan nan nan nan nan nan nan nan nan 224.319 nan nan nan nan nan nan nan nan nan nan nan -9999.000 -9999.000 -9999.000 nan nan -9999.000 -9999.000 -9999.000 -9999.000 -9999.000 -9999.000 -9999.000 -9999.000 -9999.000 -9999.000 -9999.000 -9999.000 -9999.000 -9999.000 -9999.000 -9999.000 -9999.000 -9999.000 -9999.000 -9999.000 -9999.000 -9999.000 -9999.000 -9999.000 -9999.000 -9999.000 -9999.000 -9999.000 -9999.000 -9999.000 -9999.000 -9999.000 -9999.000 -9999.000 -9999.000
