test_integration/test_sample_run/example/output_maps/SWEDENSITYN0207.asc
ncols         174
nrows         141
xllcorner     744500.000000
yllcorner     5140950.000000
cellsize      250.000000
NODATA_value  -9999.0
[rows 64 to 95 of 141, columns 72 to 143 of 174]
201.568 199.293 200.614 210.514 nan nan nan nan nan nan nan nan nan nan nan nan nan nan 232.770 185.010 nan nan nan nan nan nan nan nan nan nan nan nan nan nan nan nan nan nan nan nan nan nan nan nan nan nan 182.041 182.753 211.465 nan nan 222.870 nan nan nan nan nan nan nan nan nan nan 175.812 176.838 197.809 nan nan nan nan nan nan nan
196.919 219.836 203.789 nan nan 215.495 202.755 205.162 nan nan nan nan nan nan nan nan nan nan nan nan nan nan nan nan nan nan nan nan nan nan nan nan 207.152 nan nan nan nan nan nan nan nan nan nan nan nan nan 193.778 184.672 nan nan 194.696 186.771 142.242 nan nan nan nan nan nan nan nan nan 175.530 230.823 nan nan nan nan nan nan nan nan
nan 232.491 nan nan 214.351 202.605 198.813 215.202 nan nan nan nan nan nan nan nan nan nan nan nan nan nan nan nan nan nan nan nan nan nan nan nan nan nan nan nan 210.733 209.438 234.609 nan nan nan nan nan nan nan 246.794 nan nan nan 186.267 186.942 nan nan nan nan nan nan nan nan 221.663 204.710 nan nan nan nan nan nan nan 204.682 197.337 nan
nan 233.292 nan nan 201.657 202.945 210.989 209.695 nan nan nan nan nan nan nan nan nan nan nan nan nan nan nan nan nan nan nan 76.458 207.622 60.781 207.341 184.902 nan nan nan nan 196.928 203.244 206.315 214.943 nan nan nan nan 231.284 230.992 244.190 nan nan 230.097 203.866 214.590 nan nan nan nan nan nan nan 231.349 183.096 184.711 nan nan nan nan nan 199.959 202.593 191.778 182.489 nan
nan nan nan nan 230.659 231.391 nan nan nan nan nan nan nan nan nan nan nan nan nan nan nan nan nan nan nan nan 207.658 202.484 9.479 184.491 187.268 nan nan nan nan nan 212.840 187.354 197.038 199.366 204.927 229.033 nan nan nan nan nan nan nan 208.751 234.116 nan nan nan nan nan 236.595 224.948 219.690 202.953 224.162 nan nan nan nan 221.477 194.343 187.149 179.024 184.958 nan 94.287
nan nan nan nan nan nan nan nan nan nan nan nan nan nan nan nan nan nan nan nan 113.100 206.982 202.980 207.992 207.885 207.557 222.273 228.802 178.445 201.965 183.345 nan nan nan nan nan 229.674 187.916 183.422 183.779 190.852 202.819 nan nan nan nan nan nan 211.056 230.013 232.316 nan nan nan nan nan nan 227.183 221.059 229.318 nan nan nan nan 221.797 186.505 184.891 180.862 180.123 223.036 nan -9999.000
nan nan nan nan nan nan nan nan nan nan nan nan nan nan nan nan nan nan 6.543 nan 199.530 nan 199.997 198.810 nan 39.299 nan nan 204.756 199.308 244.521 nan nan nan nan nan nan 250.594 195.586 202.776 189.701 209.057 236.730 nan nan nan nan nan 188.133 193.567 246.174 nan nan nan nan nan nan nan nan nan nan nan 15.889 196.916 183.244 -9999.000 -9999.000 -9999.000 nan -9999.000 -9999.000 -9999.000
nan nan nan nan nan 229.421 227.687 nan nan nan nan nan nan nan nan nan nan nan nan 124.579 183.435 183.565 205.442 191.546 182.458 187.272 201.661 nan nan 188.097 234.395 nan nan 233.566 242.737 nan nan nan nan 234.163 208.720 225.143 220.686 236.333 nan nan nan nan 254.882 234.997 231.721 nan nan nan nan nan nan nan nan nan nan nan nan 222.638 -9999.000 -9999.000 -9999.000 -9999.000 -9999.000 -9999.000 -9999.000 -9999.000
nan nan nan nan 230.681 229.961 nan nan nan nan nan nan nan nan nan nan nan nan nan nan 244.847 217.985 190.509 183.626 180.787 196.507 196.770 193.594 nan 226.236 231.609 nan 192.444 233.668 202.881 251.304 nan nan nan nan nan 202.688 213.065 206.976 190.763 202.690 nan nan nan nan nan nan nan nan nan nan nan nan nan nan nan nan nan -9999.000 -9999.000 -9999.000 -9999.000 -9999.000 -9999.000 -9999.000 -9999.000 -9999.000
nan nan nan nan 227.015 nan nan nan nan nan nan nan nan nan nan nan nan nan nan nan nan 238.571 175.446 180.381 184.212 209.223 189.988 182.260 229.764 229.673 223.817 205.936 nan 210.886 192.197 201.132 228.388 226.924 nan nan nan 245.898 203.503 197.344 192.996 200.097 231.909 231.885 nan nan nan nan nan nan nan nan nan nan nan nan 237.578 nan nan -9999.000 -9999.000 -9999.000 -9999.000 -9999.000 -9999.000 -9999.000 -9999.000 -9999.000
nan nan 195.526 216.472 nan nan nan nan nan nan nan nan nan nan nan nan nan nan nan nan nan nan nan nan nan 224.179 183.821 183.388 203.816 237.526 nan nan nan 196.662 195.869 192.203 209.413 197.188 214.454 237.158 201.985 194.797 194.630 190.823 188.607 192.637 193.124 197.543 244.668 nan nan nan nan nan nan nan nan nan 227.901 187.112 182.504 190.059 226.278 -9999.000 -9999.000 -9999.000 -9999.000 -9999.000 -9999.000 -9999.000 -9999.000 -9999.000
nan 227.003 211.174 244.502 nan nan nan nan nan nan nan nan nan nan nan nan nan nan nan nan nan nan nan nan nan nan 196.282 231.182 219.023 261.609 nan nan 239.479 229.329 193.218 200.345 196.791 189.696 196.435 198.207 198.797 183.768 187.909 180.902 190.369 197.249 261.027 nan nan nan nan nan nan nan nan nan nan nan 227.664 199.088 182.247 190.274 -9999.000 -9999.000 -9999.000 -9999.000 -9999.000 -9999.000 -9999.000 -9999.000 -9999.000 -9999.000
nan 230.191 nan nan nan nan nan nan nan nan nan nan nan nan nan nan nan nan nan nan nan nan nan nan nan nan nan 229.975 244.763 nan nan 220.637 222.844 223.545 194.575 191.618 189.299 192.970 193.536 189.573 251.283 262.548 238.002 nan nan nan nan nan nan nan nan nan nan nan nan nan nan nan nan nan nan nan -9999.000 -9999.000 -9999.000 -9999.000 -9999.000 -9999.000 -9999.000 -9999.000 -9999.000 -9999.000
nan nan nan nan nan nan nan nan nan nan nan nan nan nan nan nan nan nan nan nan nan nan nan nan nan nan nan 57.169 245.258 nan 246.544 221.830 200.532 209.539 199.557 182.387 218.264 247.254 232.798 262.896 nan nan nan nan nan nan nan nan nan nan nan nan nan nan nan nan nan nan nan nan nan nan -9999.000 -9999.000 -9999.000 -9999.000 -9999.000 -9999.000 -9999.000 -9999.000 -9999.000 -9999.000
227.909 nan nan nan nan nan nan nan nan nan nan nan nan nan nan nan nan nan nan nan 80.398 217.149 nan nan nan nan nan nan nan nan nan nan 248.036 248.138 254.573 nan nan nan nan nan nan nan nan nan nan nan nan nan nan 220.422 208.883 241.081 nan nan nan nan nan nan nan nan nan nan -9999.000 -9999.000 -9999.000 -9999.000 -9999.000 -9999.000 -9999.000 -9999.000 -9999.000 -9999.000
nan nan nan nan nan nan nan nan nan nan nan nan nan nan nan nan nan nan nan nan nan nan nan nan nan nan nan nan nan nan nan nan nan nan nan nan nan nan nan nan nan nan nan nan nan nan nan nan 213.551 223.631 45.780 nan nan nan nan nan nan nan nan nan nan nan -9999.000 -9999.000 -9999.000 -9999.000 -9999.000 -9999.000 -9999.000 -9999.000 -9999.000 -9999.000
nan nan nan nan nan nan nan nan nan nan nan nan nan nan nan nan nan nan nan nan nan nan nan nan nan nan nan nan nan nan nan nan nan nan nan nan nan nan nan nan nan nan nan nan nan nan nan 237.299 248.174 nan nan nan nan nan nan nan nan nan nan nan nan nan -9999.000 -9999.000 -9999.000 -9999.000 -9999.000 -9999.000 -9999.000 -9999.000 -9999.000 -9999.000
nan nan nan nan nan nan nan nan nan nan nan nan nan nan nan nan nan nan nan nan nan nan nan nan nan nan nan nan nan nan nan nan nan nan nan nan nan nan nan nan nan nan nan nan nan nan nan nan nan nan nan nan nan 244.132 nan nan nan nan nan nan nan nan nan -9999.000 -9999.000 -9999.000 -9999.000 -9999.000 -9999.000 -9999.000 -9999.000 -9999.000
nan nan nan nan nan nan nan nan nan nan nan nan nan nan nan nan nan nan nan nan nan nan nan nan nan nan nan nan nan nan nan nan nan nan nan nan nan nan nan nan nan nan nan nan nan nan nan nan nan nan 243.645 234.250 232.163 201.871 223.495 nan nan nan nan 245.511 nan nan nan -9999.000 -9999.000 -9999.000 -9999.000 -9999.000 -9999.000 -9999.000 -9999.000 -9999.000
nan nan nan nan nan nan nan nan nan nan nan nan nan nan nan nan nan nan nan nan nan nan nan nan nan nan nan nan nan nan nan nan nan nan nan nan nan nan nan nan nan nan nan nan nan nan nan nan nan 225.122 234.422 247.242 204.573 221.663 nan nan nan nan 228.668 237.211 nan nan nan -9999.000 -9999.000 -9999.000 -9999.000 -9999.000 -9999.000 -9999.000 -9999.000 -9999.000
nan nan nan nan nan nan nan nan nan nan nan nan nan nan nan nan nan nan nan nan nan nan nan nan nan nan nan nan nan nan nan nan nan nan nan nan nan nan nan nan nan nan nan nan nan nan nan nan 245.777 245.935 243.781 242.875 230.694 nan nan nan nan 242.001 245.209 nan nan nan -9999.000 -9999.000 -9999.000 -9999.000 -9999.000 -9999.000 -9999.000 -9999.000 -9999.000 -9999.000
nan nan nan nan nan nan nan nan nan nan nan nan nan nan nan nan nan nan nan nan nan nan nan nan nan nan nan nan nan nan nan nan nan nan nan nan nan nan nan 218.459 192.941 199.414 195.128 229.895 nan nan nan nan nan nan nan 246.476 nan nan nan nan nan nan nan nan nan nan -9999.000 -9999.000 -9999.000 -9999.000 -9999.000 -9999.000 -9999.000 -9999.000 -9999.000 -9999.000
nan nan nan nan nan nan nan nan nan nan nan nan nan nan nan nan nan nan nan nan nan nan nan nan nan nan nan nan nan nan nan nan nan nan nan nan 222.872 212.282 226.389 208.619 207.577 205.914 209.537 223.429 240.039 249.274 nan nan nan nan nan nan nan nan nan nan nan nan nan nan 233.561 nan -9999.000 -9999.000 -9999.000 -9999.000 -9999.000 -9999.000 -9999.000 -9999.000 -9999.000 -9999.000
nan nan nan nan nan nan nan nan nan nan nan nan nan nan nan nan nan nan nan nan nan nan nan nan nan nan nan nan nan nan nan nan nan nan nan 226.355 194.747 190.411 240.881 237.070 231.416 243.118 nan nan nan nan nan nan nan nan nan nan nan nan nan nan nan nan nan nan 202.473 nan -9999.000 -9999.000 -9999.000 -9999.000 -9999.000 -9999.000 -9999.000 -9999.000 -9999.000 -9999.000
nan nan nan nan nan nan nan nan nan nan nan nan nan nan nan nan nan nan nan nan nan nan nan nan nan nan nan nan nan nan nan 238.351 209.935 nan 234.879 224.070 215.119 214.545 234.481 240.969 245.144 nan nan nan nan nan 221.922 229.336 218.802 230.083 nan nan nan nan 246.203 nan nan nan nan nan 233.580 nan -9999.000 -9999.000 -9999.000 -9999.000 -9999.000 -9999.000 -9999.000 -9999.000 -9999.000 -9999.000
nan nan nan nan nan nan nan nan nan nan nan nan nan nan nan nan nan nan nan nan nan nan nan nan nan nan nan nan nan nan nan 205.370 202.205 nan 239.306 223.790 232.201 239.250 217.855 19.771 246.921 224.237 217.744 212.947 nan nan 245.418 233.255 237.078 227.353 nan nan nan 246.985 nan 254.025 nan nan nan nan nan nan -9999.000 -9999.000 -9999.000 -9999.000 -9999.000 -9999.000 -9999.000 -9999.000 -9999.000 -9999.000
nan nan nan nan nan nan nan nan nan nan nan nan nan nan nan nan nan nan nan nan nan nan nan nan nan nan nan nan nan 229.611 202.967 225.074 196.257 224.169 nan nan nan nan nan 239.866 242.254 246.112 217.590 230.749 nan nan nan nan nan nan nan nan nan 248.626 244.786 232.432 243.813 nan nan nan nan -9999.000 -9999.000 -9999.000 -9999.000 -9999.000 -9999.000 -9999.000 -9999.000 -9999.000 -9999.000 -9999.000
nan nan nan nan nan nan nan nan nan nan nan nan nan nan nan nan nan nan nan nan nan nan nan 210.027 nan 199.092 nan nan nan nan nan nan 242.046 221.936 244.771 nan nan nan nan 247.377 nan nan nan nan nan -9999.000 -9999.000 -9999.000 -9999.000 -9999.000 -9999.000 -9999.000 nan nan nan 218.483 220.201 226.820 nan nan -9999.000 -9999.000 -9999.000 -9999.000 -9999.000 -9999.000 -9999.000 -9999.000 -9999.000 -9999.000 -9999.000 -9999.000
nan nan nan nan nan nan nan nan nan nan nan nan nan nan nan nan nan nan nan nan nan nan nan nan 188.882 nan nan nan nan nan nan nan nan nan nan nan nan nan nan nan 243.294 -9999.000 -9999.000 -9999.000 -9999.000 -9999.000 -9999.000 -9999.000 -9999.000 -9999.000 -9999.000 -9999.000 -9999.000 -9999.000 nan nan 214.352 241.803 nan -9999.000 -9999.000 -9999.000 -9999.000 -9999.000 -9999.000 -9999.000 -9999.000 -9999.000 -9999.000 -9999.000 -9999.000 -9999.000
nan nan nan nan nan nan nan nan nan nan nan nan nan nan nan nan nan nan nan nan nan nan nan nan nan nan nan nan nan nan nan nan nan nan nan nan 236.764 nan nan -9999.000 -9999.000 -9999.000 -9999.000 -9999.000 -9999.000 -9999.000 -9999.000 -9999.000 -9999.000 -9999.000 -9999.000 -9999.000 -9999.000 -9999.000 -9999.000 242.997 nan nan -9999.000 -9999.000 -9999.000 -9999.000 -9999.000 -9999.000 -9999.000 -9999.000 -9999.000 -9999.000 -9999.000 -9999.000 -9999.000 -9999.000
nan nan nan nan nan nan nan nan nan nan nan nan nan nan nan nan nan nan nan nan 215.408 nan nan nan nan nan nan nan nan nan nan nan nan nan nan nan nan nan -9999.000 -9999.000 -9999.000 -9999.000 -9999.000 -9999.000 -9999.000 -9999.000 -9999.000 -9999.000 -9999.000 -9999.000 -9999.000 -9999.000 -9999.000 -9999.000 -9999.000 -9999.000 nan -9999.000 -9999.000 -9999.000 -9999.000 -9999.000 -9999.000 -9999.000 -9999.000 -9999.000 -9999.000 -9999.000 -9999.000 -9999.000 -9999.000 -9999.000
nan nan nan nan nan nan nan nan nan nan nan nan nan nan nan nan nan nan nan nan 224.261 nan nan nan nan nan nan nan nan nan nan nan -9999.000 -9999.000 -9999.000 nan nan -9999.000 -9999.000 -9999.000 -9999.000 -9999.000 -9999.000 -9999.000 -9999.000 -9999.000 -9999.000 -9999.000 -9999.000 -9999.000 -9999.000 -9999.000 -9999.000 -9999.000 -9999.000 -9999.000 -9999.000 -9999.000 -9999.000 -9999.000 -9999.000 -9999.000 -9999.000 -9999.000 -9999.000 -9999.000 -9999.000 -9999.000 -9999.000 -9999.000 -9999.000 -9999.000
