test_integration/test_sample_run/example/output_maps/SWEDENSITYN0022.asc
ncols         174
nrows         141
xllcorner     744500.000000
yllcorner     5140950.000000
cellsize      250.000000
NODATA_value  -9999.0
[rows 60 to 89 of 141, columns 0 to 66 of 174]
-9999.000 -9999.000 -9999.000 -9999.000 -9999.000 80.237 81.138 83.064 84.510 83.248 81.824 81.519 82.063 83.856 87.130 89.377 92.260 89.646 84.475 82.028 85.844 83.971 84.856 84.161 81.057 79.322 77.233 76.064 76.092 77.896 76.736 75.293 70.286 73.855 80.985 82.622 84.327 86.052 87.174 85.637 92.187 96.364 101.292 107.060 111.392 113.193 112.902 106.185 103.555 100.223 95.621 90.187 83.803 80.080 76.873 78.263 85.791 89.221 96.788 106.201 108.897 103.301 94.584 92.671 89.946 88.450 93.189
-9999.000 -9999.000 -9999.000 -9999.000 -9999.000 82.145 83.581 84.181 86.284 85.623 84.948 84.704 85.678 86.669 89.183 90.921 93.847 92.558 89.341 87.012 88.907 87.496 87.316 84.477 81.374 80.913 79.585 79.208 80.045 80.586 79.553 78.720 79.560 81.567 84.836 85.815 87.850 90.595 89.865 91.595 97.495 100.092 103.742 112.548 113.356 113.150 110.608 99.989 93.451 93.828 95.156 90.523 83.742 81.692 80.558 80.057 89.123 93.356 104.797 109.190 105.872 98.568 89.994 87.228 85.586 85.570 89.715
-9999.000 -9999.000 -9999.000 -9999.000 -9999.000 82.405 84.490 85.407 86.274 87.385 86.807 85.070 86.132 87.162 90.653 92.280 94.715 94.172 92.820 90.286 91.315 89.769 88.995 85.528 82.442 82.289 81.293 81.242 82.388 82.353 81.854 81.533 84.010 85.819 86.290 88.131 89.766 90.515 95.626 95.464 99.204 98.656 108.389 113.488 113.331 113.062 106.634 97.994 91.164 90.469 91.348 90.528 84.161 83.534 81.487 82.734 89.911 96.670 107.260 109.194 104.476 99.115 88.163 85.384 83.887 83.720 84.851
-9999.000 -9999.000 -9999.000 -9999.000 80.414 80.668 82.275 86.033 87.801 88.011 90.219 89.814 87.136 85.593 87.789 91.047 95.346 96.653 95.726 94.281 92.353 91.097 90.295 87.542 85.156 83.891 83.812 83.932 85.265 84.840 85.170 85.364 87.349 92.366 89.735 90.871 94.106 97.859 103.904 103.623 102.962 108.538 113.622 113.506 113.057 112.080 105.549 99.032 92.043 89.889 86.222 85.078 85.818 87.296 84.692 88.794 96.030 103.291 108.864 105.653 102.719 99.874 95.525 91.035 83.060 82.342 83.943
-9999.000 -9999.000 -9999.000 -9999.000 -9999.000 77.509 77.473 83.379 85.408 87.534 89.464 91.110 92.863 92.969 88.571 92.964 94.910 97.279 97.227 96.229 94.005 92.277 92.033 89.293 87.583 86.775 86.153 86.301 87.214 87.055 87.926 88.967 91.225 95.188 93.985 95.203 99.339 103.646 106.183 107.011 110.597 113.124 113.675 113.312 111.564 111.028 107.762 103.192 93.682 89.247 85.156 84.029 87.040 93.095 89.412 92.419 101.195 105.642 108.095 105.839 100.509 94.290 89.585 88.278 85.301 84.000 87.943
-9999.000 -9999.000 -9999.000 -9999.000 -9999.000 -9999.000 81.354 82.954 81.232 81.005 81.343 81.724 85.245 87.705 95.310 96.939 98.217 98.662 99.240 98.792 96.486 94.345 94.594 92.756 92.124 90.250 90.072 88.890 91.057 91.185 94.053 93.625 94.255 97.626 102.521 104.093 107.614 108.781 110.002 111.163 111.565 113.848 111.532 110.393 102.559 104.507 100.420 105.093 101.155 95.702 90.537 88.438 90.993 93.859 99.692 102.346 105.884 105.762 104.426 97.711 91.701 87.713 82.479 81.056 79.831 83.203 89.894
-9999.000 -9999.000 -9999.000 -9999.000 -9999.000 78.710 80.300 79.172 76.950 80.243 83.301 83.202 80.814 83.445 92.574 96.774 98.791 98.906 99.713 99.807 97.572 96.637 96.352 95.687 93.548 91.022 92.148 92.694 94.291 93.895 96.323 96.292 97.742 98.810 105.314 106.337 108.724 110.045 111.704 112.219 113.622 110.686 108.228 103.663 94.567 99.768 94.879 99.406 99.989 97.986 95.501 95.022 94.904 96.061 101.801 104.009 104.737 104.954 104.241 101.300 93.675 89.088 81.316 79.133 77.966 79.053 86.047
-9999.000 -9999.000 -9999.000 -9999.000 -9999.000 75.862 76.612 73.778 68.199 71.604 80.304 84.888 87.362 87.741 94.466 98.677 99.653 99.882 100.587 102.287 100.460 99.883 99.557 98.792 96.496 94.402 98.042 98.263 97.762 99.211 101.979 103.543 104.598 106.801 109.081 109.020 110.392 111.059 111.241 111.675 109.365 103.973 99.928 90.951 87.453 91.377 86.652 90.787 94.816 95.485 93.863 95.082 96.475 98.595 102.830 103.357 102.887 101.278 99.185 99.982 99.361 93.810 86.564 87.099 82.071 80.978 81.791
-9999.000 -9999.000 -9999.000 -9999.000 -9999.000 -9999.000 74.876 71.764 67.634 67.628 77.486 83.811 88.058 91.097 97.562 99.738 100.519 101.025 102.728 103.120 102.735 101.655 101.757 101.573 102.373 101.450 103.186 102.373 101.239 102.096 103.614 105.162 108.624 109.683 109.954 110.233 110.640 109.901 111.070 111.237 103.428 93.700 94.561 86.000 84.791 80.761 81.782 86.149 90.429 90.528 88.073 88.913 92.551 96.281 101.546 102.154 100.634 98.444 94.817 96.289 96.470 96.716 92.217 89.397 86.779 82.389 77.445
-9999.000 -9999.000 -9999.000 -9999.000 -9999.000 -9999.000 72.556 69.478 69.522 69.375 75.549 79.687 86.300 90.949 99.334 100.467 100.713 98.999 99.121 100.775 104.125 104.331 104.087 104.551 105.367 106.232 106.848 106.912 107.624 107.057 109.137 109.412 109.589 109.902 110.070 109.951 110.117 110.200 108.367 106.459 90.200 83.523 85.429 78.074 72.905 70.546 73.735 78.281 82.991 77.996 77.125 80.421 87.323 91.159 100.015 100.824 94.352 92.887 89.885 93.041 94.023 93.798 92.471 91.231 88.589 85.311 80.267
-9999.000 -9999.000 -9999.000 -9999.000 -9999.000 -9999.000 -9999.000 68.136 69.609 71.188 74.412 73.501 82.565 91.121 99.275 99.985 96.416 93.739 94.931 97.712 101.372 104.654 105.360 105.458 106.416 107.257 107.568 108.013 108.427 108.763 109.299 109.502 109.857 109.822 109.621 107.771 107.006 106.762 105.360 102.467 88.672 83.844 76.998 71.859 67.355 65.920 68.182 68.729 73.462 72.543 72.071 76.115 82.537 88.310 98.609 98.558 88.683 86.577 85.331 89.884 91.362 91.261 89.177 88.627 89.259 86.680 82.643
-9999.000 -9999.000 -9999.000 -9999.000 -9999.000 -9999.000 -9999.000 67.654 68.714 68.985 68.916 72.739 79.699 91.328 98.029 97.912 81.603 82.846 86.312 90.917 97.711 100.532 105.408 105.992 107.035 107.226 107.727 108.052 108.578 108.731 109.302 109.256 108.311 107.465 101.828 97.797 97.631 103.067 103.545 99.514 88.494 81.822 71.730 65.294 62.077 63.996 67.217 70.788 64.721 64.519 67.483 72.196 81.232 85.489 96.996 95.778 85.070 78.894 78.884 84.087 83.979 83.358 79.863 81.687 84.866 86.857 81.447
-9999.000 -9999.000 -9999.000 -9999.000 -9999.000 -9999.000 -9999.000 -9999.000 66.017 64.467 68.763 71.190 82.072 91.651 95.679 91.422 78.807 78.615 79.362 82.771 93.043 98.051 104.333 105.522 106.590 106.966 107.385 107.941 108.407 108.678 108.350 107.916 101.507 103.687 95.292 90.165 92.029 98.801 100.073 91.329 86.484 77.042 69.969 65.205 62.592 62.208 65.085 67.731 63.007 64.704 69.221 75.039 79.299 87.282 95.363 93.737 82.572 75.872 76.760 81.345 79.977 80.840 75.358 76.609 82.848 83.735 82.549
-9999.000 -9999.000 -9999.000 -9999.000 -9999.000 -9999.000 -9999.000 -9999.000 66.188 65.537 70.056 73.009 79.727 87.218 88.178 77.491 70.923 71.890 75.433 77.673 88.881 98.483 105.157 106.696 107.078 107.305 107.779 107.865 107.782 106.287 99.928 95.356 89.280 91.150 94.053 88.918 84.372 88.718 85.692 84.081 79.742 77.432 72.671 66.970 63.544 63.352 61.010 65.123 64.530 64.148 70.274 73.537 83.724 92.482 92.223 89.481 78.400 72.816 76.195 78.107 76.686 76.527 70.987 72.515 78.777 81.422 81.846
-9999.000 -9999.000 -9999.000 -9999.000 -9999.000 -9999.000 -9999.000 66.441 68.411 67.550 72.166 75.064 78.432 88.390 81.277 69.041 70.973 70.824 76.877 82.734 90.697 100.828 106.077 106.546 107.068 107.093 106.468 105.528 103.912 98.293 93.435 90.316 84.783 84.937 84.402 83.670 75.509 82.475 81.778 80.009 76.594 74.545 72.609 70.920 67.264 64.961 61.641 64.395 61.578 60.651 68.595 79.273 88.414 90.897 89.749 87.430 77.135 72.299 74.026 77.183 76.099 73.763 69.806 71.846 77.556 79.697 81.728
-9999.000 -9999.000 -9999.000 -9999.000 -9999.000 -9999.000 64.398 67.407 70.473 71.597 74.473 76.349 79.452 80.811 75.607 67.450 68.293 70.009 76.851 72.985 80.030 96.323 106.049 106.193 103.979 101.060 93.597 98.159 94.401 91.496 87.035 80.462 79.417 76.382 73.764 78.862 71.418 76.042 76.817 75.719 72.837 70.205 70.149 69.250 67.616 66.355 64.113 62.026 60.739 63.594 73.618 74.245 85.721 86.571 86.440 82.310 77.923 73.507 73.604 74.505 72.043 69.319 67.946 70.198 75.348 78.440 80.924
-9999.000 -9999.000 -9999.000 -9999.000 -9999.000 67.186 68.409 69.994 73.335 74.306 76.355 77.033 77.033 75.417 68.539 67.018 68.177 73.261 74.365 73.160 82.125 100.310 106.135 104.886 98.915 91.745 80.806 88.133 88.674 87.115 82.852 76.350 72.636 70.553 69.757 75.442 70.955 72.289 73.947 73.293 72.145 69.850 69.432 68.493 67.319 65.917 64.956 63.313 63.742 66.452 69.013 70.484 82.303 84.865 84.152 77.504 74.195 72.577 71.856 71.915 69.157 68.002 68.531 70.611 74.685 78.311 79.373
-9999.000 -9999.000 -9999.000 67.344 68.023 67.874 70.144 72.076 74.571 75.893 76.873 76.110 73.747 72.928 64.920 64.616 63.850 66.607 69.601 72.979 94.855 104.871 104.388 100.610 86.559 81.334 72.269 81.095 82.423 79.021 77.214 75.855 68.096 65.971 71.472 68.731 69.389 68.954 70.662 71.055 69.608 68.937 68.527 67.763 66.432 65.182 63.237 63.296 62.649 65.476 69.273 71.115 80.201 82.169 80.017 74.616 66.843 65.384 67.096 67.371 65.083 63.948 67.723 71.057 74.517 76.775 76.949
-9999.000 -9999.000 67.055 68.121 67.726 68.065 69.782 71.479 72.690 72.277 73.670 74.052 72.798 71.562 63.660 63.242 63.847 65.184 68.224 77.380 97.745 104.323 101.498 97.208 81.011 78.252 71.738 77.324 78.684 73.959 75.125 73.746 70.938 67.040 67.701 68.174 69.491 68.033 69.488 69.392 68.323 67.995 67.443 66.717 64.773 64.260 62.379 60.845 62.645 67.847 72.347 76.133 79.472 80.714 78.294 72.828 67.682 65.753 65.039 65.841 65.641 64.597 68.925 71.945 74.201 75.543 76.976
-9999.000 -9999.000 66.945 67.979 65.989 67.002 67.584 68.178 64.752 63.162 69.762 71.677 71.232 70.121 63.207 61.698 63.281 64.339 70.310 76.883 93.218 97.896 94.086 91.095 78.111 70.916 68.414 71.864 74.074 72.924 71.127 72.248 70.326 69.465 65.593 64.821 64.673 64.519 68.853 69.196 67.090 67.813 66.462 65.622 62.554 63.051 63.490 62.624 61.990 67.409 71.498 74.443 74.728 77.861 75.367 70.294 67.110 65.124 65.367 66.233 69.749 69.966 71.667 72.684 75.105 77.887 77.716
-9999.000 -9999.000 -9999.000 68.059 66.042 65.435 62.788 61.696 62.717 63.760 69.243 70.443 69.690 69.038 61.545 61.221 62.392 64.586 70.448 75.993 90.435 92.055 83.699 85.136 73.108 67.698 66.396 69.684 71.722 70.912 71.102 72.052 69.961 69.045 66.280 63.828 63.509 64.676 69.122 68.376 66.484 67.587 66.813 66.328 64.380 62.924 62.749 61.865 63.732 66.881 64.686 70.031 69.866 75.135 72.580 70.138 64.682 64.096 65.979 69.321 72.584 72.816 72.587 74.929 77.520 79.416 78.542
-9999.000 -9999.000 -9999.000 -9999.000 -9999.000 -9999.000 62.348 59.178 60.500 65.774 68.472 68.117 67.548 65.403 59.870 60.314 63.769 66.806 76.755 83.235 88.921 91.645 77.895 77.840 75.575 63.598 63.984 67.795 70.020 69.358 70.589 69.599 68.802 66.700 65.208 63.557 65.657 67.570 67.095 65.763 66.165 66.349 62.566 65.021 63.711 62.822 60.773 60.457 63.202 64.004 61.285 63.615 68.635 70.615 67.800 67.421 65.599 66.330 69.107 71.669 74.744 76.184 77.772 78.240 80.847 80.830 80.504
-9999.000 -9999.000 -9999.000 -9999.000 -9999.000 -9999.000 -9999.000 60.372 60.557 62.805 63.510 64.266 63.394 59.751 60.477 58.468 65.954 69.167 81.043 83.957 88.457 88.837 79.395 75.034 74.984 64.473 66.332 68.945 70.138 69.672 65.845 64.813 68.009 64.273 63.637 61.523 66.223 67.192 65.175 64.420 65.572 65.087 62.420 63.168 63.433 62.150 61.446 61.727 62.973 62.465 60.741 63.302 67.826 69.352 67.332 69.451 65.728 68.762 71.637 73.671 75.581 78.194 81.208 80.568 83.876 81.109 83.855
-9999.000 -9999.000 -9999.000 -9999.000 -9999.000 -9999.000 -9999.000 60.207 60.429 60.288 59.942 59.532 61.203 60.637 61.144 60.395 68.809 77.278 76.969 71.656 76.838 77.984 77.582 74.757 74.325 67.859 64.826 66.763 68.137 66.679 62.789 60.955 64.459 64.755 62.180 64.331 65.976 63.461 65.000 61.592 62.920 63.556 65.530 63.925 66.299 62.581 62.205 62.326 64.186 61.921 60.771 62.505 69.683 71.900 69.796 71.638 71.752 74.122 75.510 76.510 77.803 78.989 81.782 83.729 86.078 83.107 82.719
-9999.000 -9999.000 -9999.000 -9999.000 -9999.000 -9999.000 -9999.000 -9999.000 61.587 61.610 61.016 60.526 61.794 60.413 62.986 63.286 71.337 78.602 73.491 64.475 66.661 75.206 75.416 72.319 70.335 68.802 63.701 65.162 64.704 63.549 66.264 63.136 63.957 63.739 62.465 64.472 64.765 62.377 63.473 60.959 62.379 63.947 67.498 67.123 67.945 66.898 61.727 63.272 65.969 67.483 66.508 66.260 70.481 74.086 73.605 73.987 75.343 75.576 77.367 77.645 77.829 79.022 82.819 86.700 90.439 85.497 82.353
-9999.000 -9999.000 -9999.000 -9999.000 -9999.000 -9999.000 -9999.000 -9999.000 -9999.000 64.704 64.690 64.396 64.609 63.247 65.137 68.912 76.069 77.379 69.433 65.079 66.262 73.353 72.815 64.930 65.957 67.126 63.969 65.063 64.957 63.669 63.105 62.661 62.375 65.144 64.179 63.352 66.322 65.736 67.451 66.202 68.945 67.107 71.563 70.726 69.708 72.044 66.885 67.153 65.914 68.524 71.639 72.296 74.093 78.745 77.377 77.846 79.236 77.827 80.703 80.366 77.497 79.512 83.827 87.254 94.827 92.026 85.874
-9999.000 -9999.000 -9999.000 -9999.000 -9999.000 -9999.000 -9999.000 -9999.000 -9999.000 -9999.000 65.844 66.587 67.653 67.840 70.081 74.040 76.651 73.059 64.066 65.009 70.447 74.538 70.079 65.604 65.498 68.392 66.414 66.404 66.305 66.404 64.261 63.659 63.586 65.433 68.553 64.509 68.582 71.266 70.521 70.406 71.751 68.449 76.223 73.203 71.113 75.085 67.848 68.024 68.206 67.174 71.846 75.041 77.837 80.897 81.140 80.020 82.074 80.948 83.656 83.450 81.294 80.831 84.007 89.372 97.655 95.490 89.711
-9999.000 -9999.000 -9999.000 -9999.000 -9999.000 -9999.000 -9999.000 -9999.000 -9999.000 -9999.000 -9999.000 67.998 70.377 70.992 74.220 74.509 71.897 66.475 61.891 63.455 71.890 73.336 66.637 64.104 66.154 67.462 73.565 75.264 76.142 72.676 71.716 71.182 69.972 71.001 72.473 67.727 69.067 71.156 75.580 76.089 71.840 70.420 73.730 79.400 76.700 78.383 73.108 71.410 71.733 68.520 69.345 73.942 78.942 81.478 85.712 86.468 88.465 87.235 86.008 82.735 84.596 85.639 85.067 89.193 96.645 100.897 97.167
-9999.000 -9999.000 -9999.000 -9999.000 -9999.000 -9999.000 -9999.000 -9999.000 -9999.000 -9999.000 -9999.000 -9999.000 71.213 71.903 73.015 71.894 69.473 62.987 62.659 63.429 71.853 71.850 64.670 62.511 65.076 63.650 72.725 76.986 80.153 80.333 76.904 77.557 75.168 73.942 75.090 69.546 70.099 74.513 80.632 82.072 72.526 73.178 75.775 77.757 82.957 82.894 78.644 78.780 75.068 71.860 71.214 74.097 77.564 79.229 83.563 87.100 90.777 91.602 83.986 82.613 86.055 89.597 90.119 92.719 98.775 103.407 105.031
-9999.000 -9999.000 -9999.000 -9999.000 -9999.000 -9999.000 -9999.000 -9999.000 -9999.000 -9999.000 -9999.000 -9999.000 71.480 71.457 70.265 69.482 64.931 61.829 61.784 66.524 70.943 70.694 69.002 65.305 61.290 61.029 65.629 71.937 77.812 80.616 85.435 85.766 83.138 81.990 77.220 73.095 75.273 77.187 85.919 88.512 81.553 83.323 82.998 81.571 86.509 89.418 84.917 82.808 79.309 76.955 75.534 77.618 79.726 81.533 85.783 86.520 95.457 92.373 83.187 83.797 85.033 85.869 87.534 92.053 93.634 92.815 98.208
