test_integration/test_sample_run/example/output_maps/SWEDENSITYN0162.asc
ncols         174
nrows         141
xllcorner     744500.000000
yllcorner     5140950.000000
cellsize      250.000000
NODATA_value  -9999.0
[rows 64 to 95 of 141, columns 0 to 70 of 174]
-9999.000 -9999.000 -9999.000 -9999.000 -9999.000 nan nan 212.311 208.792 185.939 184.995 189.681 nan nan nan nan nan nan nan nan nan nan nan nan nan nan nan nan nan nan nan nan nan nan nan nan nan nan nan nan nan nan nan nan 209.865 211.238 57.716 nan nan nan nan nan nan nan nan nan nan nan nan nan 215.772 200.409 187.331 185.248 63.203 nan nan nan nan nan 205.857
-9999.000 -9999.000 -9999.000 -9999.000 -9999.000 -9999.000 nan 204.696 191.779 196.793 202.007 204.097 190.096 199.746 nan nan nan nan nan nan nan nan nan nan nan nan nan nan nan nan nan nan nan nan nan nan nan nan nan nan nan nan nan 79.531 188.817 188.173 189.618 209.989 nan nan nan nan nan nan nan nan nan nan nan nan 2.453 71.788 196.455 185.962 195.287 nan nan nan nan nan 213.806
-9999.000 -9999.000 -9999.000 -9999.000 -9999.000 nan 224.902 181.976 173.909 196.888 nan nan nan nan nan nan nan nan nan nan nan nan nan nan nan nan nan nan nan nan nan nan nan nan nan nan nan nan nan nan nan 215.140 206.119 199.438 181.216 185.026 181.650 183.656 192.936 120.511 nan nan nan nan nan nan nan nan nan nan nan nan nan nan nan nan nan 200.148 202.453 nan nan
-9999.000 -9999.000 -9999.000 -9999.000 -9999.000 nan 221.007 186.800 161.076 189.522 nan nan nan nan nan nan nan nan nan nan nan nan nan nan nan nan nan nan nan nan nan nan nan nan nan nan nan nan nan nan 90.864 203.536 196.872 187.627 186.865 179.787 179.936 180.227 182.879 184.041 198.800 nan nan nan nan nan nan nan 76.869 nan nan nan nan nan nan nan 188.396 188.058 nan 199.824 nan
-9999.000 -9999.000 -9999.000 -9999.000 -9999.000 -9999.000 218.935 192.922 217.474 190.714 nan nan nan nan nan nan nan nan nan nan nan nan nan nan nan nan nan nan nan nan nan nan nan nan nan nan nan nan nan nan 204.939 179.209 181.767 186.880 177.960 174.001 179.327 178.990 181.380 179.408 178.490 183.464 42.175 nan nan nan nan nan 200.850 nan nan nan nan nan nan nan 214.144 197.662 nan 22.811 nan
-9999.000 -9999.000 -9999.000 -9999.000 -9999.000 -9999.000 221.414 200.103 nan nan nan 192.892 nan nan nan nan 223.441 205.763 209.236 nan nan nan nan nan nan nan nan nan nan nan nan nan nan nan nan nan nan nan nan nan 203.530 194.169 178.006 180.409 172.059 168.116 173.459 172.825 177.506 175.431 176.027 192.730 90.176 nan nan nan 197.516 198.420 200.150 nan nan nan nan nan nan nan nan nan nan nan nan
-9999.000 -9999.000 -9999.000 -9999.000 -9999.000 -9999.000 -9999.000 nan 223.651 214.566 175.635 195.873 nan nan 89.319 224.682 182.469 181.865 198.098 206.026 nan nan nan nan nan nan nan nan nan nan nan nan nan nan 210.530 198.047 200.145 nan nan nan nan nan 180.770 170.823 165.022 165.924 169.540 168.184 171.449 172.228 170.828 195.878 nan nan nan nan 202.891 178.947 183.567 196.909 186.762 181.625 180.474 196.662 14.006 nan nan nan nan nan nan
-9999.000 -9999.000 -9999.000 -9999.000 -9999.000 -9999.000 -9999.000 202.744 189.774 173.531 196.712 nan nan nan 214.609 10.453 181.325 180.190 188.507 195.526 nan nan nan nan nan nan nan nan nan nan nan nan 210.119 206.244 200.319 181.126 187.040 209.670 188.135 203.048 nan 211.557 191.747 176.804 160.714 187.689 201.816 187.439 157.632 156.469 195.233 nan nan nan nan nan nan 179.138 189.121 197.029 178.610 183.386 177.975 181.180 201.829 nan nan nan nan nan nan
-9999.000 -9999.000 -9999.000 -9999.000 -9999.000 -9999.000 -9999.000 -9999.000 221.178 194.169 nan nan nan 201.270 194.004 181.754 182.481 178.356 180.242 193.224 nan nan nan nan nan nan nan nan nan nan 207.531 190.947 183.333 187.775 204.308 197.171 193.373 183.892 184.684 184.004 201.055 206.647 57.377 119.274 200.712 205.207 158.559 167.211 183.918 93.043 nan nan nan nan nan nan 62.306 185.993 203.700 196.317 181.351 196.976 175.144 190.592 200.730 199.341 nan nan 199.745 nan 202.513
-9999.000 -9999.000 -9999.000 -9999.000 -9999.000 -9999.000 -9999.000 -9999.000 nan nan nan nan 198.732 205.226 197.105 177.479 172.798 177.798 nan nan nan nan nan nan nan nan nan nan nan 207.788 192.574 189.331 179.254 179.004 182.763 191.500 176.796 179.584 177.507 186.370 186.140 208.865 nan nan nan nan 158.135 175.353 198.666 180.081 nan nan nan nan nan nan 110.285 189.414 206.834 198.562 195.698 194.568 171.780 193.320 202.865 202.551 nan nan 202.221 nan 196.505
-9999.000 -9999.000 -9999.000 -9999.000 -9999.000 -9999.000 -9999.000 nan nan nan nan nan 205.327 184.997 202.274 170.145 188.198 209.546 nan 202.767 59.748 nan nan nan nan 213.453 193.130 189.256 187.361 191.080 197.892 182.736 187.401 177.835 175.893 178.251 174.211 177.563 180.449 188.261 185.176 176.973 197.678 nan nan nan nan 173.982 168.987 nan nan nan nan 217.004 22.329 203.703 nan nan 198.173 193.725 191.743 177.711 189.497 205.844 nan 208.218 nan nan 201.037 195.031 199.401
-9999.000 -9999.000 -9999.000 -9999.000 -9999.000 -9999.000 nan nan nan nan nan nan 204.084 180.772 182.062 187.893 213.170 nan 210.899 175.289 nan nan nan nan 108.793 200.710 178.726 183.252 180.934 193.698 194.436 177.597 177.892 175.245 172.507 179.134 179.654 187.592 177.756 181.998 192.241 178.721 195.314 197.135 212.732 211.375 nan 192.599 nan nan 63.135 191.620 nan 204.158 207.246 182.790 207.202 87.064 199.794 178.317 177.485 172.859 202.389 30.705 nan nan 11.418 210.606 213.757 198.480 nan
-9999.000 -9999.000 -9999.000 -9999.000 -9999.000 nan nan nan nan nan 207.471 215.531 187.813 188.565 167.520 180.371 197.310 185.009 180.707 nan nan nan nan nan 200.593 192.204 173.691 178.853 180.597 179.558 193.312 201.039 169.780 168.535 202.065 176.336 202.800 173.000 175.163 180.851 193.135 206.323 206.611 206.434 211.180 208.952 196.797 44.390 nan nan 189.835 nan nan 207.593 197.671 193.162 173.501 170.753 172.279 171.853 168.690 164.383 nan nan nan nan 197.033 208.981 nan nan nan
-9999.000 -9999.000 -9999.000 nan nan nan 218.387 198.331 182.518 197.508 189.334 199.760 196.724 194.150 173.487 176.020 173.160 172.876 190.401 nan nan nan nan nan 193.626 194.397 169.597 184.084 181.340 177.083 180.364 207.019 193.623 173.097 186.828 164.322 216.844 183.890 185.641 187.741 188.585 198.303 197.679 197.196 195.668 200.231 185.458 169.575 214.881 nan nan nan nan 206.505 195.666 205.512 177.468 157.609 162.224 163.731 169.054 187.097 nan nan nan 200.150 200.081 nan nan nan nan
-9999.000 -9999.000 nan nan 208.314 222.461 180.280 177.439 172.357 171.035 180.080 181.892 193.841 190.315 187.451 176.315 217.275 205.347 nan nan nan 209.790 212.617 56.531 202.519 184.682 186.222 176.996 178.752 175.816 174.778 192.775 nan nan 170.791 171.824 175.487 174.065 204.997 199.975 197.637 208.140 197.092 193.252 171.308 188.692 203.530 202.064 nan nan nan nan 194.060 200.629 196.509 194.916 204.049 198.718 182.163 200.849 nan nan nan nan nan nan nan nan nan 205.306 196.823
-9999.000 -9999.000 nan nan 210.047 195.061 170.710 170.236 155.730 164.456 166.504 178.561 183.514 172.736 186.834 173.885 210.709 nan nan nan nan 195.817 182.877 181.673 201.256 177.583 178.616 177.251 174.092 198.676 186.137 201.222 211.260 nan 197.647 168.551 162.795 194.158 nan 213.007 196.814 214.118 213.090 209.066 200.275 193.612 211.221 nan 42.675 191.535 183.718 175.266 173.954 185.110 193.615 201.619 184.610 186.445 nan nan nan nan nan nan nan nan nan nan 200.993 196.644 97.823
-9999.000 -9999.000 -9999.000 nan 212.224 185.567 164.300 149.399 162.347 nan 175.264 176.995 175.399 171.793 178.616 207.783 nan nan nan nan 205.176 210.056 177.276 178.560 nan 171.026 170.642 190.213 187.054 190.543 221.475 206.632 195.905 197.237 208.622 194.748 112.137 nan 208.155 196.604 204.347 201.239 171.818 208.019 nan 206.804 173.880 190.388 nan 163.598 157.800 170.040 177.815 174.804 171.678 184.382 179.003 nan nan nan nan nan nan nan nan nan nan nan nan 204.218 nan
-9999.000 -9999.000 -9999.000 -9999.000 -9999.000 -9999.000 201.506 157.964 197.645 168.097 173.352 172.817 171.048 160.488 157.477 207.966 nan nan nan nan 209.252 184.275 206.442 177.462 nan 177.952 217.317 199.294 206.456 203.684 177.825 171.277 188.301 172.512 191.065 178.238 nan nan 180.320 178.993 214.956 197.896 163.291 173.094 194.889 202.896 181.092 208.006 179.631 156.724 149.406 172.197 193.455 170.096 165.215 189.484 nan nan nan nan nan nan nan nan nan nan nan nan nan nan nan
-9999.000 -9999.000 -9999.000 -9999.000 -9999.000 -9999.000 -9999.000 215.257 156.503 154.217 155.539 157.434 155.227 149.787 208.628 nan nan nan 180.530 179.803 183.040 182.963 210.314 198.885 64.894 nan nan 211.260 201.770 204.633 159.054 155.393 174.047 192.000 172.395 nan 190.253 175.305 191.893 164.398 172.152 186.267 nan 209.785 nan 202.470 nan nan 98.228 188.695 206.514 35.242 nan nan nan nan nan nan nan nan nan nan nan nan nan nan nan nan nan nan nan
-9999.000 -9999.000 -9999.000 -9999.000 -9999.000 -9999.000 -9999.000 nan nan 192.976 167.760 157.867 185.688 217.594 nan nan nan nan 189.396 170.500 172.195 177.807 198.837 206.412 182.926 nan 195.145 176.447 173.857 161.281 184.920 164.766 181.635 202.892 198.041 nan 189.621 163.047 192.251 170.138 197.424 208.948 nan nan nan nan nan nan nan nan nan nan nan nan nan nan nan nan nan nan nan nan nan nan nan nan nan nan nan nan nan
-9999.000 -9999.000 -9999.000 -9999.000 -9999.000 -9999.000 -9999.000 -9999.000 nan nan nan nan nan nan nan nan nan 220.512 201.829 156.287 176.082 191.494 198.321 170.826 170.735 168.527 206.872 196.387 177.019 173.314 175.108 nan 179.358 213.873 nan 194.604 nan nan nan nan nan nan nan nan nan nan nan nan nan nan nan nan nan nan nan nan nan nan nan nan nan nan nan nan nan nan nan nan nan nan nan
-9999.000 -9999.000 -9999.000 -9999.000 -9999.000 -9999.000 -9999.000 -9999.000 -9999.000 nan nan nan nan nan nan nan nan 211.789 189.978 203.390 nan 201.276 202.254 163.721 165.867 206.386 nan nan nan nan 212.473 nan nan nan nan nan nan nan nan nan nan nan nan nan nan nan nan nan nan nan nan nan nan nan nan nan nan nan nan nan nan nan nan nan nan nan nan nan nan nan nan
-9999.000 -9999.000 -9999.000 -9999.000 -9999.000 -9999.000 -9999.000 -9999.000 -9999.000 -9999.000 nan nan nan nan nan nan 197.979 174.005 161.171 nan nan nan 189.066 197.944 216.574 nan nan nan nan nan nan nan nan nan nan nan nan nan nan nan nan nan nan nan nan nan nan nan nan 32.834 nan nan nan nan nan nan nan nan nan nan nan nan nan nan nan nan nan nan nan nan nan
-9999.000 -9999.000 -9999.000 -9999.000 -9999.000 -9999.000 -9999.000 -9999.000 -9999.000 -9999.000 -9999.000 nan nan nan nan 217.718 190.034 171.158 160.942 nan nan 217.506 183.131 164.277 nan 188.430 nan nan nan nan nan nan nan nan nan nan nan nan nan nan nan nan nan nan nan nan nan nan nan nan nan nan nan nan nan nan nan nan nan nan nan nan nan nan nan nan nan nan nan nan nan
-9999.000 -9999.000 -9999.000 -9999.000 -9999.000 -9999.000 -9999.000 -9999.000 -9999.000 -9999.000 -9999.000 -9999.000 nan nan 202.690 195.521 174.356 166.230 210.627 nan 208.439 208.308 196.533 nan 156.937 173.792 nan nan nan nan nan nan nan nan nan nan nan nan nan nan nan nan nan nan nan nan nan nan nan nan nan nan nan nan nan nan nan nan nan nan nan nan nan nan nan nan nan nan nan nan nan
-9999.000 -9999.000 -9999.000 -9999.000 -9999.000 -9999.000 -9999.000 -9999.000 -9999.000 -9999.000 -9999.000 -9999.000 nan 222.553 185.434 201.735 170.292 166.961 nan nan 198.487 205.892 nan nan 187.032 164.588 178.217 nan nan nan nan nan nan nan nan nan nan nan nan nan nan nan nan nan nan nan nan nan nan nan nan nan nan nan nan nan nan nan nan nan nan nan nan nan nan nan nan nan nan nan nan
-9999.000 -9999.000 -9999.000 -9999.000 -9999.000 -9999.000 -9999.000 -9999.000 -9999.000 -9999.000 -9999.000 -9999.000 nan nan 216.428 213.212 182.731 nan nan 47.115 203.895 217.895 214.742 196.096 192.187 177.116 nan 23.586 196.948 61.247 nan nan nan nan nan nan nan nan nan nan nan nan nan nan nan nan nan nan nan nan nan nan nan nan nan nan nan nan nan nan nan nan nan nan nan nan nan nan nan nan nan
-9999.000 -9999.000 -9999.000 -9999.000 -9999.000 -9999.000 -9999.000 -9999.000 -9999.000 -9999.000 -9999.000 -9999.000 -9999.000 -9999.000 -9999.000 -9999.000 -9999.000 nan nan 220.318 211.011 217.515 200.038 186.513 179.802 nan nan nan 194.443 191.645 nan nan nan nan nan nan nan nan nan nan nan nan nan nan nan nan nan nan nan nan nan nan nan nan nan nan nan nan nan nan nan nan nan nan nan nan nan nan nan nan nan
-9999.000 -9999.000 -9999.000 -9999.000 -9999.000 -9999.000 -9999.000 -9999.000 -9999.000 -9999.000 -9999.000 -9999.000 -9999.000 -9999.000 -9999.000 -9999.000 -9999.000 -9999.000 nan nan nan 196.047 191.321 192.512 201.443 nan nan nan nan nan nan nan nan nan nan nan nan nan nan nan nan nan nan nan nan nan nan nan nan nan nan nan nan nan nan nan nan nan nan nan nan nan nan nan nan nan nan nan nan nan nan
-9999.000 -9999.000 -9999.000 -9999.000 -9999.000 -9999.000 -9999.000 -9999.000 -9999.000 -9999.000 -9999.000 -9999.000 -9999.000 -9999.000 -9999.000 -9999.000 -9999.000 -9999.000 -9999.000 -9999.000 nan 210.514 191.625 187.195 nan nan nan nan nan nan nan nan nan nan nan nan nan nan nan nan nan nan nan nan nan nan nan nan nan nan nan nan nan nan nan nan nan nan nan nan nan nan nan nan nan nan nan nan nan nan nan
-9999.000 -9999.000 -9999.000 -9999.000 -9999.000 -9999.000 -9999.000 -9999.000 -9999.000 -9999.000 -9999.000 -9999.000 -9999.000 -9999.000 -9999.000 -9999.000 -9999.000 -9999.000 -9999.000 -9999.000 -9999.000 206.922 201.480 213.281 nan nan nan nan nan nan nan 68.730 199.186 192.899 183.527 183.517 183.417 182.183 182.924 183.277 183.631 96.596 85.204 nan nan nan nan nan nan nan nan nan nan nan nan nan nan nan nan nan nan nan nan nan nan nan nan nan nan nan nan
-9999.000 -9999.000 -9999.000 -9999.000 -9999.000 -9999.000 -9999.000 -9999.000 -9999.000 -9999.000 -9999.000 -9999.000 -9999.000 -9999.000 -9999.000 -9999.000 -9999.000 -9999.000 -9999.000 -9999.000 -9999.000 -9999.000 nan nan nan nan nan nan nan nan nan 193.046 189.643 180.149 173.786 184.885 176.281 174.979 178.334 179.973 178.954 177.804 94.960 nan nan nan nan nan nan nan nan nan nan nan nan nan nan nan nan nan nan nan nan nan nan nan nan nan nan nan nan
