test_integration/test_sample_run/example/output_maps/SWEDENSITYN0005.asc
ncols         174
nrows         141
xllcorner     744500.000000
yllcorner     5140950.000000
cellsize      250.000000
NODATA_value  -9999.0
[rows 58 to 86 of 141, columns 0 to 66 of 174]
-9999.000 -9999.000 -9999.000 -9999.000 -9999.000 69.955 76.283 78.812 77.816 74.210 75.623 77.163 80.147 82.123 86.453 88.105 91.286 90.639 84.573 80.720 77.730 79.493 78.466 78.062 77.528 76.404 73.758 73.038 70.372 69.706 70.455 68.290 67.189 65.955 65.962 69.989 75.113 80.995 87.172 92.123 99.294 105.027 109.681 116.643 125.889 130.603 143.337 140.252 130.622 124.189 113.506 104.721 89.702 82.865 82.022 88.144 96.873 104.596 116.264 126.395 135.795 138.343 132.902 126.744 115.392 117.875 122.449
-9999.000 -9999.000 -9999.000 -9999.000 -9999.000 74.577 78.257 81.863 81.860 78.600 77.099 76.587 78.551 83.548 88.510 89.830 94.359 91.033 84.408 81.017 84.434 81.941 83.188 82.069 80.129 78.075 74.508 72.575 71.376 72.514 72.787 69.925 67.338 69.093 74.514 80.419 85.223 84.994 87.125 90.119 98.391 105.039 115.273 122.370 135.058 140.016 141.206 135.514 130.976 126.829 114.267 104.602 89.904 84.644 79.272 83.164 87.329 98.434 114.268 128.561 138.601 135.975 123.026 119.526 108.884 109.695 119.955
-9999.000 -9999.000 -9999.000 -9999.000 -9999.000 78.575 80.140 82.776 84.818 83.071 81.202 80.899 81.618 84.168 89.055 92.493 96.628 93.404 86.038 81.959 87.505 84.897 86.147 85.231 80.909 78.556 75.797 74.320 74.872 77.247 75.579 74.496 68.440 74.657 83.610 84.778 87.471 90.729 92.253 90.478 101.161 107.783 115.798 128.652 137.514 141.379 141.113 127.875 122.638 116.522 109.530 101.534 91.851 86.374 81.433 85.375 97.855 103.288 116.190 132.075 136.010 128.117 115.039 112.582 108.548 107.181 117.391
-9999.000 -9999.000 -9999.000 -9999.000 -9999.000 80.965 83.485 84.342 87.192 86.337 85.517 85.131 86.659 88.213 92.162 94.863 99.161 97.497 93.342 89.793 92.206 90.246 89.948 85.970 81.328 80.716 79.059 78.807 80.185 80.801 79.566 78.694 82.141 84.203 87.881 89.747 93.206 97.284 96.855 100.053 109.453 113.547 121.127 140.195 141.549 141.294 136.865 116.015 106.013 106.560 108.477 102.169 91.715 88.454 87.265 88.029 103.101 109.571 129.653 136.205 131.725 120.475 107.499 102.540 100.347 101.980 111.004
-9999.000 -9999.000 -9999.000 -9999.000 -9999.000 81.516 84.796 85.924 87.258 88.922 88.366 85.839 87.250 89.038 94.489 96.866 100.597 99.929 98.221 94.572 95.815 93.605 92.619 87.776 83.096 82.788 81.578 81.645 83.444 83.431 83.002 82.965 86.933 90.190 90.251 93.427 96.154 97.906 106.748 106.317 111.946 112.123 131.691 141.713 141.477 141.232 128.823 112.585 101.673 100.638 103.018 102.119 92.180 91.681 88.756 92.509 104.403 115.513 133.387 136.268 129.139 121.167 103.882 99.345 97.359 97.774 100.155
-9999.000 -9999.000 -9999.000 -9999.000 78.664 79.280 82.363 87.068 89.535 89.899 93.431 93.294 89.411 86.815 90.291 95.541 101.920 103.923 102.629 100.648 97.560 95.673 94.672 90.763 87.324 85.327 85.361 85.685 87.765 87.244 88.161 88.889 92.404 99.989 96.011 98.003 103.615 110.326 119.387 119.047 118.263 131.810 141.872 141.654 140.919 139.274 126.229 114.112 103.423 99.895 94.771 93.342 94.631 98.007 94.397 102.174 113.742 125.805 135.378 130.563 125.297 121.300 115.300 109.643 96.596 95.431 98.887
-9999.000 -9999.000 -9999.000 -9999.000 -9999.000 74.802 75.210 84.100 86.676 90.073 93.332 95.669 97.537 97.970 91.728 98.566 101.247 105.041 105.089 103.705 100.321 97.612 97.464 93.620 91.237 90.009 89.152 89.340 91.014 91.011 92.876 94.551 98.111 104.272 103.093 105.522 112.466 119.341 124.969 127.280 135.232 140.616 141.821 141.265 138.226 137.109 130.653 121.468 106.931 99.512 93.078 91.506 97.514 106.925 102.542 107.706 121.483 129.769 134.130 131.106 122.333 113.613 105.924 104.236 99.520 97.824 106.410
-9999.000 -9999.000 -9999.000 -9999.000 -9999.000 -9999.000 80.244 82.709 80.739 80.360 80.797 81.948 88.083 91.392 102.366 104.435 106.606 107.337 108.400 107.888 104.365 100.995 101.494 98.957 98.099 95.183 95.241 93.647 97.161 97.509 102.297 101.588 102.862 108.481 116.724 119.535 128.113 130.495 133.155 135.892 136.934 141.982 137.321 135.553 119.583 123.492 115.973 124.786 116.980 110.001 102.361 99.282 103.570 108.333 118.012 122.581 129.623 129.664 127.751 117.143 107.812 102.562 95.071 93.463 92.016 97.532 108.776
-9999.000 -9999.000 -9999.000 -9999.000 -9999.000 76.550 78.834 78.252 76.797 79.975 83.259 83.255 80.012 85.306 98.777 104.383 107.548 107.819 109.250 109.605 106.182 104.850 104.468 103.653 100.365 96.437 98.699 99.857 102.172 101.871 105.977 106.337 108.736 110.805 121.861 123.958 130.080 132.958 136.806 138.129 141.323 135.540 130.900 122.344 107.205 114.483 108.044 114.868 115.284 112.817 109.375 109.173 109.198 111.426 120.741 125.252 127.229 128.104 127.112 122.130 110.334 104.795 93.339 90.082 88.353 91.460 102.307
-9999.000 -9999.000 -9999.000 -9999.000 -9999.000 72.964 74.265 71.765 65.253 70.861 81.003 86.065 90.273 91.047 101.394 107.497 108.997 109.506 110.833 113.753 110.971 110.132 109.770 108.754 105.544 102.500 108.333 108.799 107.937 110.420 115.018 117.797 120.123 125.076 130.479 130.494 133.443 135.077 135.677 136.846 132.626 121.102 114.713 101.869 95.038 102.793 94.983 102.114 108.198 109.197 107.080 109.263 111.526 114.879 122.266 123.617 123.176 120.916 118.261 119.585 119.020 110.602 101.109 102.180 95.165 93.060 95.545
-9999.000 -9999.000 -9999.000 -9999.000 -9999.000 -9999.000 71.804 69.285 62.490 65.084 78.441 85.252 91.076 96.121 106.076 109.147 110.466 111.430 114.505 115.119 114.618 113.073 113.212 113.126 114.899 113.802 116.693 115.351 113.728 115.147 117.978 121.080 129.322 131.505 132.181 132.913 133.874 132.557 135.279 136.099 119.907 106.002 106.723 93.622 92.221 87.534 88.009 94.861 101.421 102.728 99.135 100.566 106.214 111.978 119.874 121.127 119.339 116.426 111.190 113.058 113.338 115.038 108.531 104.934 101.611 95.787 88.240
-9999.000 -9999.000 -9999.000 -9999.000 -9999.000 -9999.000 68.800 65.584 64.795 65.867 75.050 80.773 89.298 96.312 108.947 110.310 110.889 108.516 108.930 111.661 117.483 118.043 117.661 118.885 120.574 122.460 124.225 124.071 125.759 124.684 130.083 130.685 131.101 131.895 132.390 132.329 132.847 133.164 129.729 127.048 100.512 88.628 92.853 82.579 75.694 72.611 77.194 84.443 90.845 83.979 82.882 88.098 98.378 104.724 117.544 118.825 110.232 108.430 104.262 108.861 110.253 110.170 108.596 107.174 103.959 99.522 92.643
-9999.000 -9999.000 -9999.000 -9999.000 -9999.000 -9999.000 -9999.000 62.803 65.323 67.786 72.602 71.707 85.611 97.064 108.800 109.598 105.728 101.470 102.922 107.242 112.858 118.882 120.262 120.575 122.610 124.438 125.761 126.261 127.319 128.874 130.187 130.751 131.640 131.723 131.797 128.393 126.920 126.087 122.151 117.097 97.080 89.286 80.668 73.957 68.260 64.456 67.785 69.378 77.720 76.288 74.665 81.233 91.169 100.395 115.187 115.410 101.775 99.130 97.297 104.626 106.970 107.154 104.849 103.979 104.759 101.200 95.560
-9999.000 -9999.000 -9999.000 -9999.000 -9999.000 -9999.000 -9999.000 62.867 64.329 65.446 65.268 71.514 81.504 97.786 106.735 107.718 84.126 85.483 90.962 97.712 107.525 111.779 120.487 121.621 123.851 124.834 125.497 126.305 128.300 128.099 130.162 130.207 128.701 126.211 116.379 110.613 110.193 117.680 118.206 113.756 96.669 87.449 73.788 65.017 59.500 62.085 65.866 69.996 65.294 63.447 67.836 75.800 89.347 95.731 113.084 111.639 96.456 87.214 87.256 95.414 95.811 95.156 90.957 93.783 98.084 101.087 93.542
-9999.000 -9999.000 -9999.000 -9999.000 -9999.000 -9999.000 -9999.000 -9999.000 60.530 59.620 65.766 69.781 84.858 97.617 103.245 98.691 80.473 79.382 80.528 85.896 100.610 108.116 118.478 120.632 122.871 123.735 124.718 126.009 127.161 128.701 128.517 128.295 115.976 118.679 106.154 97.310 101.331 112.204 114.024 101.294 93.909 80.579 70.429 63.749 59.093 58.859 64.418 66.768 60.019 63.724 70.790 78.705 85.782 98.558 110.297 108.711 92.896 81.729 82.639 90.738 89.173 90.765 83.158 85.822 95.026 96.168 94.488
-9999.000 -9999.000 -9999.000 -9999.000 -9999.000 -9999.000 -9999.000 -9999.000 60.589 61.183 67.316 71.196 81.051 90.450 92.903 79.807 69.213 69.704 73.752 78.567 95.193 109.246 119.883 122.837 123.737 124.335 125.412 125.767 125.755 123.295 113.070 106.280 96.529 99.741 103.552 95.608 90.084 96.339 92.426 89.572 83.281 79.177 73.247 66.336 61.098 60.200 57.989 62.996 61.378 63.088 71.989 77.247 93.424 105.462 105.259 102.192 86.485 75.794 81.551 84.585 82.570 83.621 75.122 78.415 88.930 92.297 92.912
-9999.000 -9999.000 -9999.000 -9999.000 -9999.000 -9999.000 -9999.000 62.416 64.191 63.696 69.623 72.943 78.940 92.040 84.219 67.952 67.466 67.821 77.560 85.700 97.489 112.856 121.250 122.400 123.639 123.972 123.400 121.245 118.579 110.363 102.397 98.147 89.029 90.163 90.226 88.388 77.180 87.005 85.422 83.020 78.133 75.492 72.275 69.928 65.412 63.028 57.541 61.513 58.211 58.856 71.582 86.284 98.791 102.591 101.049 98.740 84.013 74.140 77.910 82.692 81.391 79.382 72.172 76.685 85.940 89.010 92.177
-9999.000 -9999.000 -9999.000 -9999.000 -9999.000 -9999.000 59.961 63.120 67.020 68.536 71.809 74.276 78.698 82.034 76.508 64.693 63.840 67.588 75.361 71.648 83.082 107.125 121.420 121.491 117.890 114.005 103.411 109.755 103.890 98.994 92.714 83.480 81.682 78.032 75.038 80.543 69.966 77.632 77.866 76.563 72.554 69.097 68.374 67.308 65.017 63.428 61.505 58.579 57.185 64.125 76.573 77.957 95.122 95.584 95.719 90.823 83.818 76.096 76.059 78.253 75.580 71.909 68.306 73.883 81.805 86.287 90.511
-9999.000 -9999.000 -9999.000 -9999.000 -9999.000 62.209 64.212 66.286 70.257 71.431 74.004 74.694 75.389 74.549 67.340 62.712 64.857 71.037 72.368 71.474 86.484 112.654 120.890 118.809 110.875 100.345 84.522 94.370 94.574 92.586 86.825 77.253 72.585 70.421 67.191 76.265 68.666 71.995 73.829 72.772 71.277 67.708 67.012 65.901 64.552 62.689 61.871 59.207 60.960 64.889 68.865 72.572 90.261 92.715 92.508 82.833 78.623 75.896 74.046 74.732 71.435 69.698 68.730 73.611 80.035 85.465 87.440
-9999.000 -9999.000 -9999.000 62.395 62.415 62.740 66.308 68.598 71.753 73.359 74.617 73.797 70.843 71.060 61.935 59.788 59.408 63.893 67.050 73.903 105.548 117.854 117.398 113.037 92.516 84.920 71.352 83.981 85.200 81.185 77.918 76.477 66.526 62.403 69.306 67.079 66.121 66.549 69.066 69.376 67.603 66.226 65.724 64.868 63.380 61.973 59.500 59.682 59.067 64.402 68.950 72.915 86.123 87.998 85.616 79.042 68.048 65.104 67.919 68.352 64.820 62.466 69.368 73.551 78.843 82.259 82.567
-9999.000 -9999.000 62.412 62.442 62.450 63.069 65.723 67.999 70.589 71.367 70.877 71.201 69.538 69.523 60.049 57.933 58.388 61.346 66.925 79.912 109.205 116.924 113.627 108.348 83.850 80.138 69.115 78.469 79.955 73.175 74.662 72.623 69.336 63.405 64.877 65.286 66.708 65.211 66.506 66.536 65.432 64.766 64.267 63.482 61.738 60.817 58.721 56.009 61.219 67.736 73.460 78.690 83.952 85.589 82.741 75.838 68.153 64.042 62.983 63.816 64.239 64.367 70.432 74.033 77.358 79.523 81.918
-9999.000 -9999.000 61.983 62.455 60.278 62.121 63.854 64.890 61.999 59.298 67.073 68.171 67.516 67.089 59.795 55.824 58.261 60.889 69.379 78.497 101.817 108.002 102.835 98.570 80.427 70.680 64.897 71.141 73.163 70.926 68.519 69.645 67.195 66.607 61.763 60.916 61.559 60.582 66.262 66.178 63.622 64.350 62.734 62.328 58.220 58.727 59.037 58.089 59.311 67.682 72.706 75.888 77.566 81.077 78.426 71.435 66.863 62.920 62.992 66.134 71.343 71.563 72.864 74.821 78.964 83.067 82.617
-9999.000 -9999.000 -9999.000 62.461 60.319 60.601 57.895 58.480 57.579 59.310 65.699 66.551 65.581 65.860 58.279 54.301 58.050 61.493 69.455 77.046 97.072 98.656 87.301 89.775 73.426 66.045 62.612 67.237 69.202 68.039 67.823 69.328 66.752 65.844 62.768 59.446 58.435 61.675 66.298 65.617 62.567 64.079 63.733 62.751 60.736 58.363 58.570 57.549 61.102 64.957 64.353 71.255 69.907 77.581 74.436 71.300 64.008 60.863 65.918 70.176 74.064 74.596 74.708 78.548 82.453 84.922 83.731
-9999.000 -9999.000 -9999.000 -9999.000 -9999.000 -9999.000 56.646 52.855 56.027 61.814 64.315 63.761 63.275 62.871 55.911 54.078 61.297 65.124 78.348 85.998 93.896 98.246 78.763 78.701 76.532 61.436 58.709 64.918 66.356 65.466 67.695 66.878 65.251 63.477 61.272 58.875 62.526 63.716 63.824 62.130 61.945 62.870 58.549 61.451 59.503 58.634 56.061 55.734 60.241 61.299 58.616 62.588 68.246 70.914 67.552 65.873 62.313 66.164 69.396 72.890 77.185 79.657 82.701 83.001 87.367 86.964 86.882
-9999.000 -9999.000 -9999.000 -9999.000 -9999.000 -9999.000 -9999.000 52.424 55.979 59.494 60.576 61.283 59.859 56.335 52.764 54.373 64.276 68.105 83.289 87.268 93.783 94.698 81.027 73.437 75.015 61.562 61.690 65.298 66.379 66.111 62.799 62.595 64.499 59.955 59.742 56.086 63.840 63.816 61.069 60.695 61.743 61.447 58.209 58.234 59.157 57.584 56.149 57.097 58.363 58.361 55.886 61.851 66.037 67.394 64.660 68.448 64.894 69.441 72.837 75.417 78.282 82.583 87.164 86.489 91.884 87.212 92.040
-9999.000 -9999.000 -9999.000 -9999.000 -9999.000 -9999.000 -9999.000 51.134 52.438 52.742 53.103 53.330 54.675 53.345 56.453 56.898 68.206 77.194 76.286 71.816 78.749 79.049 77.357 72.451 73.097 66.100 59.814 63.200 64.756 64.115 59.210 55.536 60.955 60.568 56.565 60.807 61.832 59.539 60.764 56.741 58.161 59.391 62.784 60.428 63.215 60.178 57.686 58.141 60.571 58.831 58.304 60.806 70.376 72.147 69.964 71.965 73.563 76.002 77.963 79.294 81.322 83.416 88.095 91.606 95.491 90.632 90.160
-9999.000 -9999.000 -9999.000 -9999.000 -9999.000 -9999.000 -9999.000 -9999.000 56.273 56.498 55.853 55.261 56.417 55.170 58.648 60.827 70.547 77.216 73.350 61.598 65.037 74.595 73.612 71.324 68.711 66.852 59.008 60.086 59.984 58.709 61.542 57.718 59.149 58.326 57.706 59.908 60.137 57.425 58.882 56.938 59.363 60.515 65.583 65.147 64.766 66.234 58.761 60.453 63.280 66.564 66.274 65.692 70.781 75.562 75.036 75.473 77.671 77.548 80.709 81.009 81.219 83.599 90.001 96.476 102.764 95.213 89.252
-9999.000 -9999.000 -9999.000 -9999.000 -9999.000 -9999.000 -9999.000 -9999.000 -9999.000 58.996 59.380 59.801 60.122 59.372 62.149 67.404 74.938 76.251 68.703 60.152 63.464 71.760 71.791 62.027 62.225 62.623 59.213 60.226 60.192 59.220 57.549 57.223 57.179 61.213 61.026 58.038 63.763 63.960 65.669 64.916 67.715 64.021 71.458 69.629 67.573 71.618 65.560 64.797 62.492 67.699 71.650 73.249 75.854 82.312 80.492 81.168 83.408 81.343 85.935 85.552 80.941 84.573 91.683 97.684 110.013 105.800 95.459
-9999.000 -9999.000 -9999.000 -9999.000 -9999.000 -9999.000 -9999.000 -9999.000 -9999.000 -9999.000 60.288 61.719 63.510 64.421 67.852 71.743 74.823 72.692 61.841 60.307 69.043 71.762 68.513 61.784 60.327 64.498 64.256 64.292 64.508 64.353 62.031 61.224 60.835 62.619 66.501 60.804 66.452 69.296 69.129 69.493 69.654 66.010 76.969 73.544 70.478 75.732 66.978 65.910 67.086 64.501 72.786 76.309 80.801 85.026 86.139 84.644 87.974 86.523 90.401 90.022 87.297 86.583 92.061 101.302 114.527 111.470 102.173
