test_integration/test_sample_run/example/output_maps/SWEDENSITYN0018.asc
ncols         174
nrows         141
xllcorner     744500.000000
yllcorner     5140950.000000
cellsize      250.000000
NODATA_value  -9999.0
[rows 90 to 119 of 141, columns 67 to 133 of 174]
84.653 86.435 93.270 91.176 95.621 98.111 99.413 106.179 110.884 117.837 125.354 163.627 167.083 182.015 182.051 157.890 146.500 148.009 142.115 149.546 148.254 147.844 161.022 152.945 136.781 145.406 150.515 148.504 148.933 147.708 146.737 143.469 134.689 121.374 117.424 114.160 113.076 112.118 113.002 107.049 102.351 96.248 95.357 96.173 97.385 93.459 90.869 92.038 95.072 101.285 100.122 92.705 91.090 88.844 87.703 91.159 92.443 92.678 92.906 93.561 94.806 93.954 92.135 91.088 90.887 87.393 -9999.000
79.735 86.323 84.921 91.452 97.213 103.727 103.428 109.140 112.440 127.732 141.983 164.228 181.790 173.022 163.439 147.925 138.942 135.708 131.675 128.354 126.899 126.593 137.959 152.809 154.862 148.558 132.608 117.412 114.932 118.626 121.064 122.176 122.287 116.257 111.757 108.914 108.274 106.655 106.483 104.442 100.115 99.038 101.287 98.959 93.886 93.656 91.121 91.770 92.476 96.985 -9999.000 -9999.000 -9999.000 -9999.000 -9999.000 -9999.000 -9999.000 86.621 89.656 90.736 90.744 90.016 90.214 90.109 89.700 -9999.000 -9999.000
79.150 82.317 85.474 92.357 100.209 107.371 107.829 113.027 115.984 127.672 143.907 169.893 181.680 161.893 163.308 144.769 137.063 133.154 125.630 121.766 121.442 119.799 125.505 135.789 139.636 129.372 121.939 112.199 105.748 102.913 107.156 122.415 123.813 117.934 112.461 111.572 111.764 106.929 104.983 103.305 104.018 105.140 102.744 95.926 92.531 91.796 -9999.000 -9999.000 -9999.000 -9999.000 -9999.000 -9999.000 -9999.000 -9999.000 -9999.000 -9999.000 -9999.000 -9999.000 -9999.000 88.778 88.750 86.339 86.744 89.274 -9999.000 -9999.000 -9999.000
82.429 83.394 87.809 99.689 105.653 110.495 113.063 118.306 126.168 142.246 150.091 173.363 180.910 161.375 157.406 148.049 147.477 132.139 127.254 121.823 120.639 116.150 116.365 119.615 123.510 119.363 111.175 106.032 105.723 102.421 106.616 113.256 119.405 120.075 118.390 119.213 114.727 111.699 112.815 108.958 105.648 102.813 100.125 96.686 -9999.000 -9999.000 -9999.000 -9999.000 -9999.000 -9999.000 -9999.000 -9999.000 -9999.000 -9999.000 -9999.000 -9999.000 -9999.000 -9999.000 -9999.000 -9999.000 85.698 82.872 83.636 -9999.000 -9999.000 -9999.000 -9999.000
84.050 87.355 93.353 102.848 110.062 116.397 119.569 120.781 128.238 141.796 149.079 171.688 180.121 160.548 156.515 151.734 148.243 134.214 128.337 120.771 118.973 116.175 112.239 111.691 115.625 119.155 116.477 108.259 104.034 103.887 107.004 111.742 115.514 120.185 121.082 120.374 117.922 116.839 115.111 111.842 106.906 98.869 97.049 -9999.000 -9999.000 -9999.000 -9999.000 -9999.000 -9999.000 -9999.000 -9999.000 -9999.000 -9999.000 -9999.000 -9999.000 -9999.000 -9999.000 -9999.000 -9999.000 -9999.000 -9999.000 83.951 -9999.000 -9999.000 -9999.000 -9999.000 -9999.000
92.179 95.562 97.415 103.454 109.581 119.979 124.073 128.518 139.922 153.404 161.847 176.936 177.047 175.623 177.440 145.789 134.563 119.872 117.527 112.229 110.345 110.454 110.232 108.444 108.418 107.718 107.916 104.622 104.292 103.335 106.076 109.061 114.405 117.166 116.578 114.202 111.643 -9999.000 -9999.000 -9999.000 106.601 103.598 -9999.000 -9999.000 -9999.000 -9999.000 -9999.000 -9999.000 -9999.000 -9999.000 -9999.000 -9999.000 -9999.000 -9999.000 -9999.000 -9999.000 -9999.000 -9999.000 -9999.000 -9999.000 -9999.000 -9999.000 -9999.000 -9999.000 -9999.000 -9999.000 -9999.000
103.045 105.119 100.309 103.832 108.875 113.956 120.297 130.838 135.485 155.013 172.378 162.382 142.736 144.632 169.626 159.155 135.875 118.620 117.820 113.848 113.591 109.646 109.144 106.008 104.330 104.793 107.595 105.897 104.233 101.422 104.020 106.343 109.650 112.315 113.235 109.474 -9999.000 -9999.000 -9999.000 -9999.000 -9999.000 -9999.000 -9999.000 -9999.000 -9999.000 -9999.000 -9999.000 -9999.000 -9999.000 -9999.000 -9999.000 -9999.000 -9999.000 -9999.000 -9999.000 -9999.000 -9999.000 -9999.000 -9999.000 -9999.000 -9999.000 -9999.000 -9999.000 -9999.000 -9999.000 -9999.000 -9999.000
101.518 112.658 109.802 110.044 110.380 113.692 120.364 133.072 139.038 161.445 166.616 134.058 124.049 123.697 126.749 127.659 144.099 145.879 146.513 128.450 123.269 120.628 117.855 109.796 110.548 111.517 111.194 107.782 105.762 106.616 108.032 108.615 107.652 106.764 109.402 -9999.000 -9999.000 -9999.000 -9999.000 -9999.000 -9999.000 -9999.000 -9999.000 -9999.000 -9999.000 -9999.000 -9999.000 -9999.000 -9999.000 -9999.000 -9999.000 -9999.000 -9999.000 -9999.000 -9999.000 -9999.000 -9999.000 -9999.000 -9999.000 -9999.000 -9999.000 -9999.000 -9999.000 -9999.000 -9999.000 -9999.000 -9999.000
103.337 113.137 118.691 116.007 117.230 119.071 127.858 136.112 147.119 159.996 152.651 135.092 122.843 115.516 115.710 119.524 130.914 128.058 132.340 138.686 135.830 126.494 123.325 117.690 116.334 116.217 115.095 112.232 112.148 112.028 112.105 111.615 107.254 105.939 -9999.000 -9999.000 -9999.000 -9999.000 -9999.000 -9999.000 -9999.000 -9999.000 -9999.000 -9999.000 -9999.000 -9999.000 -9999.000 -9999.000 -9999.000 -9999.000 -9999.000 -9999.000 -9999.000 -9999.000 -9999.000 -9999.000 -9999.000 -9999.000 -9999.000 -9999.000 -9999.000 -9999.000 -9999.000 -9999.000 -9999.000 -9999.000 -9999.000
104.613 114.169 121.567 124.126 129.999 133.443 134.715 141.958 155.515 152.173 142.045 126.269 115.897 107.924 108.087 113.802 116.377 112.905 111.702 112.587 118.929 137.596 133.489 121.801 121.398 121.072 120.760 119.118 118.310 117.396 116.809 114.243 113.476 110.178 109.571 -9999.000 -9999.000 -9999.000 -9999.000 -9999.000 -9999.000 -9999.000 -9999.000 -9999.000 -9999.000 -9999.000 -9999.000 -9999.000 -9999.000 -9999.000 -9999.000 -9999.000 -9999.000 -9999.000 -9999.000 -9999.000 -9999.000 -9999.000 -9999.000 -9999.000 -9999.000 -9999.000 -9999.000 -9999.000 -9999.000 -9999.000 -9999.000
107.515 117.127 123.625 131.581 136.891 138.715 130.422 148.409 154.592 133.645 132.315 124.178 116.775 107.383 107.012 109.215 107.391 106.039 105.219 105.577 108.967 120.609 130.404 122.600 122.902 120.006 119.208 117.423 116.761 114.840 114.847 114.187 114.068 111.929 110.187 -9999.000 -9999.000 -9999.000 -9999.000 -9999.000 -9999.000 -9999.000 -9999.000 -9999.000 -9999.000 -9999.000 -9999.000 -9999.000 -9999.000 -9999.000 -9999.000 -9999.000 -9999.000 -9999.000 -9999.000 -9999.000 -9999.000 -9999.000 -9999.000 -9999.000 -9999.000 -9999.000 -9999.000 -9999.000 -9999.000 -9999.000 -9999.000
114.733 127.245 132.367 138.312 135.901 143.724 141.029 151.202 143.697 123.830 119.640 117.169 114.168 110.883 106.017 96.180 96.314 94.462 96.255 93.148 97.171 106.908 124.155 116.228 112.655 111.401 113.232 110.926 110.282 109.267 109.746 110.344 111.154 112.615 -9999.000 -9999.000 -9999.000 -9999.000 -9999.000 -9999.000 -9999.000 -9999.000 -9999.000 -9999.000 -9999.000 -9999.000 -9999.000 -9999.000 -9999.000 -9999.000 -9999.000 -9999.000 -9999.000 -9999.000 -9999.000 -9999.000 -9999.000 -9999.000 -9999.000 -9999.000 -9999.000 -9999.000 -9999.000 -9999.000 -9999.000 -9999.000 -9999.000
122.976 132.536 134.983 137.092 138.294 140.422 148.264 141.503 144.565 118.651 112.597 107.029 108.074 108.609 103.449 92.892 88.183 87.821 88.527 87.438 94.703 106.032 117.166 116.770 108.770 105.272 106.184 107.154 104.867 104.984 104.876 105.987 107.317 -9999.000 -9999.000 -9999.000 -9999.000 -9999.000 -9999.000 -9999.000 -9999.000 -9999.000 -9999.000 -9999.000 -9999.000 -9999.000 -9999.000 -9999.000 -9999.000 -9999.000 -9999.000 -9999.000 -9999.000 -9999.000 -9999.000 -9999.000 -9999.000 -9999.000 -9999.000 -9999.000 -9999.000 -9999.000 -9999.000 -9999.000 -9999.000 -9999.000 -9999.000
132.254 138.049 143.063 140.049 140.219 139.813 132.900 123.153 128.510 127.165 116.560 107.048 104.471 104.052 101.881 92.051 86.335 81.126 81.536 83.841 91.352 100.617 110.563 117.649 109.777 100.226 96.368 102.572 98.448 96.571 97.702 97.455 -9999.000 -9999.000 -9999.000 -9999.000 -9999.000 -9999.000 -9999.000 -9999.000 -9999.000 -9999.000 -9999.000 -9999.000 -9999.000 -9999.000 -9999.000 -9999.000 -9999.000 -9999.000 -9999.000 -9999.000 -9999.000 -9999.000 -9999.000 -9999.000 -9999.000 -9999.000 -9999.000 -9999.000 -9999.000 -9999.000 -9999.000 -9999.000 -9999.000 -9999.000 -9999.000
139.363 143.601 138.087 141.265 143.765 135.908 122.741 116.136 116.468 120.360 117.877 106.776 100.706 98.453 97.749 93.516 89.655 82.305 78.382 83.837 88.446 98.944 105.682 117.043 110.229 99.740 93.517 94.216 96.470 90.682 90.476 -9999.000 -9999.000 -9999.000 -9999.000 -9999.000 -9999.000 -9999.000 -9999.000 -9999.000 -9999.000 -9999.000 -9999.000 -9999.000 -9999.000 -9999.000 -9999.000 -9999.000 -9999.000 -9999.000 -9999.000 -9999.000 -9999.000 -9999.000 -9999.000 -9999.000 -9999.000 -9999.000 -9999.000 -9999.000 -9999.000 -9999.000 -9999.000 -9999.000 -9999.000 -9999.000 -9999.000
149.028 140.626 142.002 145.472 140.255 121.850 117.279 107.608 106.531 107.006 111.914 106.623 96.702 88.893 88.179 83.259 85.932 81.141 77.633 77.452 82.380 91.269 101.496 112.016 109.955 102.458 94.993 87.794 90.163 82.516 -9999.000 -9999.000 -9999.000 -9999.000 -9999.000 -9999.000 -9999.000 -9999.000 -9999.000 -9999.000 -9999.000 -9999.000 -9999.000 -9999.000 -9999.000 -9999.000 -9999.000 -9999.000 -9999.000 -9999.000 -9999.000 -9999.000 -9999.000 -9999.000 -9999.000 -9999.000 -9999.000 -9999.000 -9999.000 -9999.000 -9999.000 -9999.000 -9999.000 -9999.000 -9999.000 -9999.000 -9999.000
151.038 143.047 150.651 150.901 151.383 126.480 114.692 106.906 103.286 101.874 103.229 106.721 95.613 87.076 83.263 80.936 82.683 79.911 76.022 74.907 78.680 91.069 95.882 110.144 108.110 102.056 95.297 86.884 86.546 -9999.000 -9999.000 -9999.000 -9999.000 -9999.000 -9999.000 -9999.000 -9999.000 -9999.000 -9999.000 -9999.000 -9999.000 -9999.000 -9999.000 -9999.000 -9999.000 -9999.000 -9999.000 -9999.000 -9999.000 -9999.000 -9999.000 -9999.000 -9999.000 -9999.000 -9999.000 -9999.000 -9999.000 -9999.000 -9999.000 -9999.000 -9999.000 -9999.000 -9999.000 -9999.000 -9999.000 -9999.000 -9999.000
154.107 154.795 147.807 132.750 136.894 151.772 125.405 110.361 110.113 95.052 95.996 90.534 90.227 84.578 79.078 74.251 74.222 78.161 77.853 75.246 74.773 82.517 91.147 106.175 107.280 101.333 95.485 85.022 80.022 -9999.000 -9999.000 -9999.000 -9999.000 -9999.000 -9999.000 -9999.000 -9999.000 -9999.000 -9999.000 -9999.000 -9999.000 -9999.000 -9999.000 -9999.000 -9999.000 -9999.000 -9999.000 -9999.000 -9999.000 -9999.000 -9999.000 -9999.000 -9999.000 -9999.000 -9999.000 -9999.000 -9999.000 -9999.000 -9999.000 -9999.000 -9999.000 -9999.000 -9999.000 -9999.000 -9999.000 -9999.000 -9999.000
159.036 154.006 143.804 129.075 133.048 154.989 128.392 123.537 111.647 94.953 92.903 85.190 82.843 84.169 80.132 72.834 69.834 74.748 75.231 75.897 73.350 79.557 87.758 103.598 104.919 100.545 91.253 83.286 78.683 -9999.000 -9999.000 -9999.000 -9999.000 -9999.000 -9999.000 -9999.000 -9999.000 -9999.000 -9999.000 -9999.000 -9999.000 -9999.000 -9999.000 -9999.000 -9999.000 -9999.000 -9999.000 -9999.000 -9999.000 -9999.000 -9999.000 -9999.000 -9999.000 -9999.000 -9999.000 -9999.000 -9999.000 -9999.000 -9999.000 -9999.000 -9999.000 -9999.000 -9999.000 -9999.000 -9999.000 -9999.000 -9999.000
156.701 139.463 127.636 120.834 122.969 133.462 146.634 114.129 99.038 102.408 98.115 86.306 80.135 77.424 78.684 73.646 70.704 69.279 70.565 71.294 73.183 78.207 85.127 97.244 100.395 94.781 90.173 83.118 76.809 -9999.000 -9999.000 -9999.000 -9999.000 -9999.000 -9999.000 -9999.000 -9999.000 -9999.000 -9999.000 -9999.000 -9999.000 -9999.000 -9999.000 -9999.000 -9999.000 -9999.000 -9999.000 -9999.000 -9999.000 -9999.000 -9999.000 -9999.000 -9999.000 -9999.000 -9999.000 -9999.000 -9999.000 -9999.000 -9999.000 -9999.000 -9999.000 -9999.000 -9999.000 -9999.000 -9999.000 -9999.000 -9999.000
150.858 125.784 122.454 117.387 116.413 123.253 132.442 123.016 111.472 106.712 102.651 91.975 86.327 74.853 76.123 75.108 70.607 66.569 67.160 67.994 73.042 81.246 86.831 93.060 97.103 92.524 83.965 77.460 -9999.000 -9999.000 -9999.000 -9999.000 -9999.000 -9999.000 -9999.000 -9999.000 -9999.000 -9999.000 -9999.000 -9999.000 -9999.000 -9999.000 -9999.000 -9999.000 -9999.000 -9999.000 -9999.000 -9999.000 -9999.000 -9999.000 -9999.000 -9999.000 -9999.000 -9999.000 -9999.000 -9999.000 -9999.000 -9999.000 -9999.000 -9999.000 -9999.000 -9999.000 -9999.000 -9999.000 -9999.000 -9999.000 -9999.000
135.033 124.990 117.164 108.859 110.086 113.972 113.785 126.541 116.079 109.640 107.010 100.397 91.144 78.728 76.929 73.662 71.752 67.157 66.922 66.601 70.583 74.885 79.183 88.285 89.325 89.903 83.992 79.403 -9999.000 -9999.000 -9999.000 -9999.000 -9999.000 -9999.000 -9999.000 -9999.000 -9999.000 -9999.000 -9999.000 -9999.000 -9999.000 -9999.000 -9999.000 -9999.000 -9999.000 -9999.000 -9999.000 -9999.000 -9999.000 -9999.000 -9999.000 -9999.000 -9999.000 -9999.000 -9999.000 -9999.000 -9999.000 -9999.000 -9999.000 -9999.000 -9999.000 -9999.000 -9999.000 -9999.000 -9999.000 -9999.000 -9999.000
120.074 111.799 109.388 101.647 103.564 104.400 106.094 109.899 121.030 115.136 109.312 102.651 96.758 82.649 77.541 73.250 72.109 70.230 69.434 68.660 67.154 71.446 76.876 86.013 86.118 85.226 83.835 79.478 -9999.000 -9999.000 -9999.000 -9999.000 -9999.000 -9999.000 -9999.000 -9999.000 -9999.000 -9999.000 -9999.000 -9999.000 -9999.000 -9999.000 -9999.000 -9999.000 -9999.000 -9999.000 -9999.000 -9999.000 -9999.000 -9999.000 -9999.000 -9999.000 -9999.000 -9999.000 -9999.000 -9999.000 -9999.000 -9999.000 -9999.000 -9999.000 -9999.000 -9999.000 -9999.000 -9999.000 -9999.000 -9999.000 -9999.000
117.479 110.234 103.070 93.180 95.536 94.864 95.842 101.450 107.756 113.067 112.023 105.344 102.836 91.728 80.732 71.625 70.766 70.857 69.823 66.045 66.308 72.793 78.005 80.979 77.308 79.549 79.043 78.145 -9999.000 -9999.000 -9999.000 -9999.000 -9999.000 -9999.000 -9999.000 -9999.000 -9999.000 -9999.000 -9999.000 -9999.000 -9999.000 -9999.000 -9999.000 -9999.000 -9999.000 -9999.000 -9999.000 -9999.000 -9999.000 -9999.000 -9999.000 -9999.000 -9999.000 -9999.000 -9999.000 -9999.000 -9999.000 -9999.000 -9999.000 -9999.000 -9999.000 -9999.000 -9999.000 -9999.000 -9999.000 -9999.000 -9999.000
117.255 108.486 104.049 95.202 92.153 90.449 90.634 94.439 104.307 109.035 113.504 107.733 103.397 93.989 83.803 75.572 72.089 68.140 65.576 65.980 66.106 67.572 74.995 76.672 70.918 71.985 70.096 -9999.000 -9999.000 -9999.000 -9999.000 -9999.000 -9999.000 -9999.000 -9999.000 -9999.000 -9999.000 -9999.000 -9999.000 -9999.000 -9999.000 -9999.000 -9999.000 -9999.000 -9999.000 -9999.000 -9999.000 -9999.000 -9999.000 -9999.000 -9999.000 -9999.000 -9999.000 -9999.000 -9999.000 -9999.000 -9999.000 -9999.000 -9999.000 -9999.000 -9999.000 -9999.000 -9999.000 -9999.000 -9999.000 -9999.000 -9999.000
128.758 120.750 112.919 101.431 94.096 84.766 85.503 91.152 95.670 102.475 106.629 110.055 105.484 99.059 93.510 81.961 76.100 72.176 66.381 69.356 69.932 66.406 69.180 69.791 66.769 65.651 65.815 -9999.000 -9999.000 -9999.000 -9999.000 -9999.000 -9999.000 -9999.000 -9999.000 -9999.000 -9999.000 -9999.000 -9999.000 -9999.000 -9999.000 -9999.000 -9999.000 -9999.000 -9999.000 -9999.000 -9999.000 -9999.000 -9999.000 -9999.000 -9999.000 -9999.000 -9999.000 -9999.000 -9999.000 -9999.000 -9999.000 -9999.000 -9999.000 -9999.000 -9999.000 -9999.000 -9999.000 -9999.000 -9999.000 -9999.000 -9999.000
110.133 112.386 105.663 97.501 94.891 84.211 84.480 91.423 93.102 99.559 102.745 110.226 105.917 99.530 95.965 86.579 78.999 73.887 70.453 71.020 72.693 69.207 69.813 69.256 68.171 66.642 66.736 -9999.000 -9999.000 -9999.000 -9999.000 -9999.000 -9999.000 -9999.000 -9999.000 -9999.000 -9999.000 -9999.000 -9999.000 -9999.000 -9999.000 -9999.000 -9999.000 -9999.000 -9999.000 -9999.000 -9999.000 -9999.000 -9999.000 -9999.000 -9999.000 -9999.000 -9999.000 -9999.000 -9999.000 -9999.000 -9999.000 -9999.000 -9999.000 -9999.000 -9999.000 -9999.000 -9999.000 -9999.000 -9999.000 -9999.000 -9999.000
112.516 99.539 96.993 90.105 88.043 84.533 85.832 89.377 93.086 98.190 104.748 110.161 108.120 104.351 99.979 90.697 87.778 85.019 81.480 75.354 75.242 74.468 73.319 76.241 77.428 76.561 76.096 -9999.000 -9999.000 -9999.000 -9999.000 -9999.000 -9999.000 -9999.000 -9999.000 -9999.000 -9999.000 -9999.000 -9999.000 -9999.000 -9999.000 -9999.000 -9999.000 -9999.000 -9999.000 -9999.000 -9999.000 -9999.000 -9999.000 -9999.000 -9999.000 -9999.000 -9999.000 -9999.000 -9999.000 -9999.000 -9999.000 -9999.000 -9999.000 -9999.000 -9999.000 -9999.000 -9999.000 -9999.000 -9999.000 -9999.000 -9999.000
125.296 97.536 91.947 85.474 86.259 84.134 85.224 88.436 92.904 97.066 97.797 106.428 109.484 105.628 101.362 93.859 92.902 91.906 89.100 83.360 81.731 80.959 81.151 82.354 81.225 76.871 74.749 -9999.000 -9999.000 -9999.000 -9999.000 -9999.000 -9999.000 -9999.000 -9999.000 -9999.000 -9999.000 -9999.000 -9999.000 -9999.000 -9999.000 -9999.000 -9999.000 -9999.000 -9999.000 -9999.000 -9999.000 -9999.000 -9999.000 -9999.000 -9999.000 -9999.000 -9999.000 -9999.000 -9999.000 -9999.000 -9999.000 -9999.000 -9999.000 -9999.000 -9999.000 -9999.000 -9999.000 -9999.000 -9999.000 -9999.000 -9999.000
-9999.000 104.105 90.276 84.264 83.486 82.988 84.816 89.318 93.466 94.799 96.446 102.877 107.172 107.571 104.970 100.629 100.173 97.477 94.736 91.678 89.309 87.772 87.250 84.646 81.343 74.696 72.438 -9999.000 -9999.000 -9999.000 -9999.000 -9999.000 -9999.000 -9999.000 -9999.000 -9999.000 -9999.000 -9999.000 -9999.000 -9999.000 -9999.000 -9999.000 -9999.000 -9999.000 -9999.000 -9999.000 -9999.000 -9999.000 -9999.000 -9999.000 -9999.000 -9999.000 -9999.000 -9999.000 -9999.000 -9999.000 -9999.000 -9999.000 -9999.000 -9999.000 -9999.000 -9999.000 -9999.000 -9999.000 -9999.000 -9999.000 -9999.000
