test_integration/test_sample_run/example/output_maps/SWEDENSITYN0167.asc
ncols         174
nrows         141
xllcorner     744500.000000
yllcorner     5140950.000000
cellsize      250.000000
NODATA_value  -9999.0
[rows 64 to 95 of 141, columns 0 to 71 of 174]
-9999.000 -9999.000 -9999.000 -9999.000 -9999.000 nan nan 105.471 226.235 186.444 185.482 197.434 nan nan nan nan nan nan nan nan nan nan nan nan nan nan nan nan nan nan nan nan nan nan nan nan nan nan nan nan nan nan nan nan 225.532 227.148 nan nan nan nan nan nan nan nan nan nan nan nan nan nan 96.178 217.808 195.517 191.809 nan nan nan nan nan nan 221.677 197.976
-9999.000 -9999.000 -9999.000 -9999.000 -9999.000 -9999.000 nan 204.997 192.226 197.186 204.683 210.370 193.979 215.755 nan nan nan nan nan nan nan nan nan nan nan nan nan nan nan nan nan nan nan nan nan nan nan nan nan nan nan nan nan nan 205.687 204.908 206.705 95.550 nan nan nan nan nan nan nan nan nan nan nan nan nan 3.158 202.650 186.402 209.076 nan nan nan nan nan 229.656 216.957
-9999.000 -9999.000 -9999.000 -9999.000 -9999.000 nan 241.946 182.507 174.457 201.002 nan nan nan nan nan nan nan nan nan nan nan nan nan nan nan nan nan nan nan nan nan nan nan nan nan nan nan nan nan nan nan 77.757 223.476 216.647 187.746 197.235 188.427 196.467 206.388 nan nan nan nan nan nan nan nan nan nan nan nan nan nan nan nan nan nan 71.757 nan nan nan nan
-9999.000 -9999.000 -9999.000 -9999.000 -9999.000 nan 225.289 187.217 161.848 189.829 nan nan nan nan nan nan nan nan nan nan nan nan nan nan nan nan nan nan nan nan nan nan nan nan nan nan nan nan nan nan nan 221.021 214.401 193.735 187.992 185.739 181.233 184.989 189.911 191.412 214.945 nan nan nan nan nan nan nan nan nan nan nan nan nan nan nan 204.014 205.804 nan 216.005 nan nan
-9999.000 -9999.000 -9999.000 -9999.000 -9999.000 -9999.000 223.766 193.263 217.699 195.566 nan nan nan nan nan nan nan nan nan nan nan nan nan nan nan nan nan nan nan nan nan nan nan nan nan nan nan nan nan nan 25.483 187.092 189.659 188.659 178.903 174.443 179.805 181.308 186.039 186.388 183.130 198.280 nan nan nan nan nan nan 217.048 nan nan nan nan nan nan nan 1.956 213.805 nan nan nan nan
-9999.000 -9999.000 -9999.000 -9999.000 -9999.000 -9999.000 228.762 200.463 nan nan nan 198.906 nan nan nan nan 236.729 221.708 nan nan nan nan nan nan nan nan nan nan nan nan nan nan nan nan nan nan nan nan nan nan 219.392 194.516 179.579 180.795 172.538 168.650 173.931 173.268 179.141 175.893 176.496 208.897 nan nan nan nan 213.529 216.183 216.140 nan nan nan nan nan nan nan nan nan nan nan nan nan
-9999.000 -9999.000 -9999.000 -9999.000 -9999.000 -9999.000 -9999.000 nan 238.963 230.144 176.227 199.962 nan nan nan 238.448 187.580 184.644 214.142 nan nan nan nan nan nan nan nan nan nan nan nan nan nan nan 226.749 215.922 216.158 nan nan nan nan nan 181.164 171.317 165.584 166.660 170.202 168.793 171.904 172.701 171.417 212.007 nan nan nan nan 218.720 183.100 197.269 213.098 194.601 189.089 186.821 212.761 nan nan nan nan nan nan nan nan
-9999.000 -9999.000 -9999.000 -9999.000 -9999.000 -9999.000 -9999.000 206.701 190.252 174.213 206.508 nan nan nan 228.163 nan 181.711 180.662 194.502 211.627 nan nan nan nan nan nan nan nan nan nan nan nan 227.559 223.839 218.131 189.213 203.420 64.126 204.989 220.197 nan 120.997 191.988 177.208 161.525 197.060 209.938 187.947 158.324 157.365 211.391 nan nan nan nan nan nan 179.605 198.991 213.127 181.377 185.750 178.451 191.454 54.809 nan nan nan nan nan nan nan
-9999.000 -9999.000 -9999.000 -9999.000 -9999.000 -9999.000 -9999.000 -9999.000 223.187 198.576 nan nan nan 204.390 198.045 186.487 182.866 178.864 180.725 209.353 nan nan nan nan nan nan nan nan nan nan 223.280 208.937 197.203 206.030 220.108 204.292 209.559 195.681 202.196 189.786 204.491 206.794 46.118 67.433 200.911 218.789 159.310 167.803 184.427 nan nan nan nan nan nan nan nan 186.396 219.899 212.433 181.837 197.287 175.676 202.314 nan 215.372 nan nan 215.864 nan 219.153 218.234
-9999.000 -9999.000 -9999.000 -9999.000 -9999.000 -9999.000 -9999.000 -9999.000 nan nan nan nan 215.692 205.695 197.750 177.812 173.357 178.346 nan nan nan nan nan nan nan nan nan nan nan 223.559 204.609 196.583 180.743 182.300 187.246 193.114 177.254 182.212 178.315 186.747 186.528 213.834 nan nan nan nan 158.997 178.454 205.686 180.514 nan nan nan nan nan nan 58.259 189.835 nan 216.054 206.912 194.895 172.395 209.486 nan 218.624 nan nan 218.235 nan 214.543 212.566
-9999.000 -9999.000 -9999.000 -9999.000 -9999.000 -9999.000 -9999.000 nan nan nan nan nan 221.127 185.484 202.425 170.651 192.361 225.491 nan 210.254 nan nan nan nan nan 230.821 211.213 205.606 202.910 200.530 202.819 185.607 187.803 178.300 176.322 178.717 174.711 178.032 180.935 188.648 185.600 177.500 197.992 nan nan nan nan 174.630 169.668 nan nan nan nan 79.843 nan 217.564 nan nan 214.225 194.102 192.120 178.185 189.910 nan nan nan nan nan 217.023 211.186 215.419 nan
-9999.000 -9999.000 -9999.000 -9999.000 -9999.000 -9999.000 nan nan nan nan nan nan 219.332 181.254 182.391 188.259 213.446 nan 226.558 175.857 nan nan nan nan nan 215.385 184.678 191.519 185.556 196.658 195.155 178.054 178.380 175.729 172.990 179.654 180.183 188.333 178.301 182.469 192.599 179.244 195.687 197.480 215.467 213.063 nan 193.003 nan nan nan 207.785 nan 220.059 223.016 184.041 207.388 nan 215.786 178.867 177.997 173.421 206.524 nan nan nan nan 226.267 229.443 214.537 nan nan
-9999.000 -9999.000 -9999.000 -9999.000 -9999.000 nan nan nan nan nan 223.265 231.058 188.286 188.955 168.061 180.946 203.952 185.507 181.258 nan nan nan nan nan 214.661 198.828 174.119 180.229 181.477 180.022 193.602 201.272 170.353 169.087 202.376 176.844 203.101 173.576 175.762 181.371 193.490 206.588 206.890 206.709 211.421 209.213 197.138 nan nan nan 194.313 nan nan 223.391 212.324 193.440 173.989 171.324 172.907 172.457 169.295 165.076 nan nan nan nan 213.103 224.786 nan nan nan nan
-9999.000 -9999.000 -9999.000 nan nan nan 4.721 214.456 183.147 212.040 194.749 201.611 201.678 194.451 173.998 176.631 174.431 173.432 194.122 nan nan nan nan nan 194.582 194.617 170.221 189.415 181.822 177.552 180.860 207.203 193.879 174.959 192.664 165.038 219.772 191.187 186.099 188.186 189.007 198.643 198.028 197.551 200.969 200.533 185.944 170.306 230.482 nan nan nan nan 223.654 201.065 205.692 177.871 158.412 162.923 164.413 169.666 196.625 nan nan nan 216.158 216.074 nan nan nan nan 217.021
-9999.000 -9999.000 nan nan 217.042 224.367 180.877 178.095 172.979 171.574 183.550 186.235 200.894 190.666 187.779 176.930 217.524 205.590 nan nan nan 225.426 229.807 30.136 202.690 185.021 186.695 177.471 179.268 176.381 175.386 193.156 nan nan 172.661 172.535 176.184 176.154 207.732 200.302 203.531 208.406 204.796 193.631 172.008 189.435 203.770 209.659 nan nan nan nan 210.237 218.017 204.022 195.140 204.215 199.001 186.300 201.749 nan nan nan nan nan nan nan nan nan 221.421 210.608 204.463
-9999.000 -9999.000 nan nan 214.983 198.844 171.404 170.899 156.522 165.285 167.201 179.215 184.079 173.400 187.150 174.537 213.550 nan nan nan nan 205.652 188.528 186.001 201.417 177.978 180.866 177.736 174.695 198.999 186.604 203.535 211.505 nan 197.962 169.287 163.581 205.368 nan 218.597 203.586 220.486 213.292 209.269 200.574 197.627 211.419 nan nan 191.796 184.108 179.632 174.461 185.539 193.882 201.814 184.965 186.846 nan nan nan nan nan nan nan nan nan nan 217.055 214.554 nan 197.037
-9999.000 -9999.000 -9999.000 nan 212.410 186.054 165.069 150.324 163.165 nan 175.928 177.665 176.086 172.165 179.028 208.129 nan nan nan nan 221.130 225.718 177.726 179.003 nan 171.551 171.381 191.107 187.512 190.968 222.923 220.812 196.275 197.593 208.817 196.517 52.992 nan 214.476 196.941 204.640 203.154 172.557 208.282 nan 207.044 174.506 195.484 nan 164.353 158.487 170.546 178.301 175.326 172.208 184.738 179.391 nan nan nan nan nan nan nan nan nan nan nan nan 101.986 nan nan
-9999.000 -9999.000 -9999.000 -9999.000 -9999.000 -9999.000 201.745 158.842 197.901 168.829 174.041 173.518 171.758 161.191 158.242 208.174 nan nan nan nan 225.026 187.879 206.615 177.972 nan 178.308 217.548 215.294 207.502 205.701 178.484 171.841 193.740 173.104 191.443 179.406 nan nan 182.085 180.408 217.235 198.208 164.080 175.749 195.233 203.164 181.595 208.241 180.045 157.598 150.360 172.670 209.642 170.684 165.844 189.799 nan nan nan nan nan nan nan nan nan nan nan nan nan nan nan nan
-9999.000 -9999.000 -9999.000 -9999.000 -9999.000 -9999.000 -9999.000 215.471 157.371 155.069 156.337 158.215 156.096 150.684 208.871 nan nan nan 180.925 180.251 184.295 186.261 210.440 199.190 53.510 nan nan 228.777 208.203 205.012 159.872 156.174 176.779 192.853 173.077 nan 199.860 175.989 193.153 165.212 172.904 186.690 nan 210.032 nan 107.890 nan nan 49.403 190.342 206.757 0.541 nan nan nan nan nan nan nan nan nan nan nan nan nan nan nan nan nan nan nan nan
-9999.000 -9999.000 -9999.000 -9999.000 -9999.000 -9999.000 -9999.000 nan nan 193.453 168.527 158.760 186.220 219.779 nan nan nan nan 189.812 170.953 172.615 178.284 199.133 206.713 183.406 nan 196.151 176.995 174.557 162.027 185.261 165.541 182.101 203.162 199.855 nan 191.437 163.868 194.233 170.786 208.806 209.157 nan nan nan nan nan nan nan nan nan nan nan nan nan nan nan nan nan nan nan nan nan nan nan nan nan nan nan nan nan nan
-9999.000 -9999.000 -9999.000 -9999.000 -9999.000 -9999.000 -9999.000 -9999.000 nan nan nan nan nan nan nan nan nan 220.636 202.002 157.080 176.502 197.013 198.648 171.407 171.324 169.142 207.117 201.735 177.627 174.120 175.763 nan 180.686 214.044 nan 204.132 nan nan nan nan nan nan nan nan nan nan nan nan nan nan nan nan nan nan nan nan nan nan nan nan nan nan nan nan nan nan nan nan nan nan nan nan
-9999.000 -9999.000 -9999.000 -9999.000 -9999.000 -9999.000 -9999.000 -9999.000 -9999.000 nan nan nan nan nan nan nan nan 212.010 190.231 203.686 nan 217.440 202.471 164.380 166.641 206.665 nan nan nan nan 212.655 nan nan nan nan nan nan nan nan nan nan nan nan nan nan nan nan nan nan nan nan nan nan nan nan nan nan nan nan nan nan nan nan nan nan nan nan nan nan nan nan nan
-9999.000 -9999.000 -9999.000 -9999.000 -9999.000 -9999.000 -9999.000 -9999.000 -9999.000 -9999.000 nan nan nan nan nan nan 198.324 174.459 161.783 nan nan nan 189.393 198.226 218.189 nan nan nan nan nan nan nan nan nan nan nan nan nan nan nan nan nan nan nan nan nan nan nan nan nan nan nan nan nan nan nan nan nan nan nan nan nan nan nan nan nan nan nan nan nan nan nan
-9999.000 -9999.000 -9999.000 -9999.000 -9999.000 -9999.000 -9999.000 -9999.000 -9999.000 -9999.000 -9999.000 nan nan nan nan 222.880 190.421 171.605 161.733 nan nan 144.047 183.491 165.054 nan 197.512 nan nan nan nan nan nan nan nan nan nan nan nan nan nan nan nan nan nan nan nan nan nan nan nan nan nan nan nan nan nan nan nan nan nan nan nan nan nan nan nan nan nan nan nan nan nan
-9999.000 -9999.000 -9999.000 -9999.000 -9999.000 -9999.000 -9999.000 -9999.000 -9999.000 -9999.000 -9999.000 -9999.000 nan nan 203.008 195.897 174.871 166.772 210.877 nan nan 208.502 196.738 nan 157.803 174.278 nan nan nan nan nan nan nan nan nan nan nan nan nan nan nan nan nan nan nan nan nan nan nan nan nan nan nan nan nan nan nan nan nan nan nan nan nan nan nan nan nan nan nan nan nan nan
-9999.000 -9999.000 -9999.000 -9999.000 -9999.000 -9999.000 -9999.000 -9999.000 -9999.000 -9999.000 -9999.000 -9999.000 nan 227.604 188.539 202.036 170.835 167.637 nan nan 198.830 206.167 nan nan 187.471 165.223 178.566 nan nan nan nan nan nan nan nan nan nan nan nan nan nan nan nan nan nan nan nan nan nan nan nan nan nan nan nan nan nan nan nan nan nan nan nan nan nan nan nan nan nan nan nan nan
-9999.000 -9999.000 -9999.000 -9999.000 -9999.000 -9999.000 -9999.000 -9999.000 -9999.000 -9999.000 -9999.000 -9999.000 nan nan 216.612 213.368 183.080 nan nan nan 204.199 220.143 214.960 196.405 192.425 177.698 nan nan 213.014 nan nan nan nan nan nan nan nan nan nan nan nan nan nan nan nan nan nan nan nan nan nan nan nan nan nan nan nan nan nan nan nan nan nan nan nan nan nan nan nan nan nan nan
-9999.000 -9999.000 -9999.000 -9999.000 -9999.000 -9999.000 -9999.000 -9999.000 -9999.000 -9999.000 -9999.000 -9999.000 -9999.000 -9999.000 -9999.000 -9999.000 -9999.000 nan nan 222.091 226.648 217.747 200.333 186.889 180.291 nan nan nan 205.762 191.945 nan nan nan nan nan nan nan nan nan nan nan nan nan nan nan nan nan nan nan nan nan nan nan nan nan nan nan nan nan nan nan nan nan nan nan nan nan nan nan nan nan nan
-9999.000 -9999.000 -9999.000 -9999.000 -9999.000 -9999.000 -9999.000 -9999.000 -9999.000 -9999.000 -9999.000 -9999.000 -9999.000 -9999.000 -9999.000 -9999.000 -9999.000 -9999.000 nan nan nan 196.409 191.693 192.836 201.789 nan nan nan nan nan nan nan nan nan nan nan nan nan nan nan nan nan nan nan nan nan nan nan nan nan nan nan nan nan nan nan nan nan nan nan nan nan nan nan nan nan nan nan nan nan nan nan
-9999.000 -9999.000 -9999.000 -9999.000 -9999.000 -9999.000 -9999.000 -9999.000 -9999.000 -9999.000 -9999.000 -9999.000 -9999.000 -9999.000 -9999.000 -9999.000 -9999.000 -9999.000 -9999.000 -9999.000 nan 210.713 191.988 187.677 nan nan nan nan nan nan nan nan nan nan nan nan nan nan nan nan nan nan nan nan nan nan nan nan nan nan nan nan nan nan nan nan nan nan nan nan nan nan nan nan nan nan nan nan nan nan nan nan
-9999.000 -9999.000 -9999.000 -9999.000 -9999.000 -9999.000 -9999.000 -9999.000 -9999.000 -9999.000 -9999.000 -9999.000 -9999.000 -9999.000 -9999.000 -9999.000 -9999.000 -9999.000 -9999.000 -9999.000 -9999.000 207.041 201.757 213.464 nan nan nan nan nan nan nan nan 207.522 199.793 194.400 193.145 194.347 198.683 199.582 200.250 85.008 34.297 nan nan nan nan nan nan nan nan nan nan nan nan nan nan nan nan nan nan nan nan nan nan nan nan nan nan nan nan nan nan
-9999.000 -9999.000 -9999.000 -9999.000 -9999.000 -9999.000 -9999.000 -9999.000 -9999.000 -9999.000 -9999.000 -9999.000 -9999.000 -9999.000 -9999.000 -9999.000 -9999.000 -9999.000 -9999.000 -9999.000 -9999.000 -9999.000 nan nan nan nan nan nan nan nan nan 196.305 192.077 182.590 174.184 189.683 177.342 176.127 181.091 185.996 182.700 180.257 nan nan nan nan nan nan nan nan nan nan nan nan nan nan nan nan nan nan nan nan nan nan nan nan nan nan nan nan nan nan
