test_integration/test_sample_run/example/output_maps/SWEDENSITYN0007.asc
ncols         174
nrows         141
xllcorner     744500.000000
yllcorner     5140950.000000
cellsize      250.000000
NODATA_value  -9999.0
[rows 30 to 59 of 141, columns 0 to 66 of 174]
-9999.000 -9999.000 -9999.000 -9999.000 -9999.000 -9999.000 -9999.000 -9999.000 -9999.000 -9999.000 -9999.000 -9999.000 -9999.000 -9999.000 -9999.000 -9999.000 -9999.000 -9999.000 -9999.000 -9999.000 -9999.000 -9999.000 -9999.000 -9999.000 -9999.000 -9999.000 -9999.000 -9999.000 -9999.000 -9999.000 -9999.000 -9999.000 -9999.000 -9999.000 -9999.000 -9999.000 -9999.000 -9999.000 57.513 64.301 65.652 65.753 65.262 64.643 60.719 59.323 -9999.000 -9999.000 -9999.000 -9999.000 -9999.000 -9999.000 -9999.000 -9999.000 -9999.000 -9999.000 -9999.000 -9999.000 -9999.000 -9999.000 58.739 63.139 64.271 58.574 60.851 57.442 60.350
-9999.000 -9999.000 -9999.000 -9999.000 -9999.000 -9999.000 -9999.000 -9999.000 -9999.000 -9999.000 -9999.000 -9999.000 -9999.000 -9999.000 -9999.000 -9999.000 -9999.000 -9999.000 -9999.000 -9999.000 -9999.000 -9999.000 -9999.000 -9999.000 -9999.000 -9999.000 -9999.000 -9999.000 -9999.000 -9999.000 -9999.000 -9999.000 -9999.000 -9999.000 -9999.000 -9999.000 -9999.000 61.367 62.197 63.973 66.085 66.514 66.576 62.425 59.382 60.451 63.083 63.415 -9999.000 -9999.000 -9999.000 -9999.000 -9999.000 -9999.000 -9999.000 -9999.000 -9999.000 -9999.000 -9999.000 54.471 59.997 61.377 65.657 63.485 58.540 56.886 56.811
-9999.000 -9999.000 -9999.000 -9999.000 -9999.000 -9999.000 -9999.000 -9999.000 -9999.000 -9999.000 -9999.000 -9999.000 -9999.000 -9999.000 -9999.000 -9999.000 -9999.000 -9999.000 -9999.000 -9999.000 -9999.000 -9999.000 -9999.000 -9999.000 -9999.000 -9999.000 -9999.000 -9999.000 -9999.000 -9999.000 -9999.000 -9999.000 -9999.000 -9999.000 -9999.000 -9999.000 62.187 61.495 62.693 65.598 65.521 66.445 69.661 64.294 61.943 62.966 65.273 62.642 60.612 -9999.000 -9999.000 -9999.000 -9999.000 -9999.000 -9999.000 -9999.000 58.105 63.762 60.799 54.815 57.448 64.221 68.294 65.769 59.951 56.447 54.139
-9999.000 -9999.000 -9999.000 -9999.000 -9999.000 -9999.000 -9999.000 -9999.000 -9999.000 -9999.000 -9999.000 -9999.000 -9999.000 -9999.000 -9999.000 -9999.000 -9999.000 -9999.000 -9999.000 -9999.000 -9999.000 -9999.000 -9999.000 -9999.000 -9999.000 -9999.000 -9999.000 -9999.000 -9999.000 -9999.000 -9999.000 -9999.000 -9999.000 -9999.000 -9999.000 62.112 62.615 62.231 62.061 64.201 66.482 69.127 73.181 71.197 69.870 74.216 64.817 63.512 62.953 62.201 59.581 52.766 60.957 63.661 63.804 65.390 66.190 67.142 59.612 54.838 60.602 63.841 72.567 66.231 56.401 56.121 55.742
-9999.000 -9999.000 -9999.000 -9999.000 -9999.000 -9999.000 -9999.000 -9999.000 -9999.000 -9999.000 -9999.000 -9999.000 -9999.000 -9999.000 -9999.000 -9999.000 -9999.000 -9999.000 -9999.000 -9999.000 -9999.000 -9999.000 -9999.000 -9999.000 -9999.000 -9999.000 -9999.000 -9999.000 -9999.000 -9999.000 -9999.000 -9999.000 -9999.000 62.777 62.364 63.121 63.027 62.972 62.887 63.323 68.715 73.033 75.873 77.627 77.321 78.441 73.614 70.909 64.656 62.654 60.025 53.186 58.165 63.654 64.544 65.566 68.005 69.640 63.951 61.073 62.436 65.026 76.113 67.534 57.875 58.109 58.808
-9999.000 -9999.000 -9999.000 -9999.000 -9999.000 -9999.000 -9999.000 -9999.000 -9999.000 -9999.000 -9999.000 -9999.000 -9999.000 -9999.000 -9999.000 -9999.000 -9999.000 -9999.000 -9999.000 -9999.000 -9999.000 -9999.000 -9999.000 -9999.000 -9999.000 -9999.000 -9999.000 -9999.000 -9999.000 -9999.000 -9999.000 -9999.000 65.177 66.821 64.571 64.477 66.938 67.840 63.410 61.636 68.214 68.177 81.699 84.438 83.473 78.420 67.369 64.833 59.201 58.916 60.522 58.250 55.195 60.863 63.576 63.832 69.052 71.477 71.877 67.957 65.065 67.674 81.109 68.912 61.322 62.550 62.027
-9999.000 -9999.000 -9999.000 -9999.000 -9999.000 -9999.000 -9999.000 -9999.000 -9999.000 -9999.000 -9999.000 -9999.000 -9999.000 -9999.000 -9999.000 -9999.000 -9999.000 -9999.000 -9999.000 -9999.000 -9999.000 -9999.000 -9999.000 -9999.000 -9999.000 -9999.000 -9999.000 -9999.000 -9999.000 -9999.000 -9999.000 -9999.000 -9999.000 68.472 70.367 68.763 67.909 71.495 63.099 63.027 68.472 74.551 83.652 87.605 82.920 74.475 67.327 61.235 59.908 61.222 60.867 58.831 56.803 56.603 58.404 61.477 68.123 71.034 75.361 73.904 66.980 70.043 82.208 72.194 67.690 66.165 64.443
-9999.000 -9999.000 -9999.000 -9999.000 -9999.000 -9999.000 -9999.000 -9999.000 -9999.000 -9999.000 -9999.000 -9999.000 -9999.000 -9999.000 -9999.000 -9999.000 -9999.000 -9999.000 -9999.000 -9999.000 -9999.000 -9999.000 -9999.000 -9999.000 -9999.000 -9999.000 -9999.000 -9999.000 -9999.000 -9999.000 -9999.000 -9999.000 -9999.000 67.102 70.978 73.954 74.899 71.281 74.448 68.514 71.713 70.587 84.939 89.676 84.727 76.180 67.651 64.914 64.578 63.825 57.352 55.861 59.616 63.444 62.049 62.233 63.269 69.981 75.571 79.258 79.335 80.094 85.496 78.724 74.651 65.245 61.537
-9999.000 -9999.000 -9999.000 -9999.000 -9999.000 -9999.000 -9999.000 -9999.000 -9999.000 -9999.000 -9999.000 -9999.000 -9999.000 -9999.000 -9999.000 -9999.000 -9999.000 -9999.000 -9999.000 -9999.000 -9999.000 -9999.000 -9999.000 -9999.000 -9999.000 -9999.000 -9999.000 -9999.000 -9999.000 -9999.000 -9999.000 -9999.000 -9999.000 64.035 67.315 73.189 79.710 81.538 80.767 74.243 77.339 72.840 86.235 91.972 86.816 76.870 69.255 67.765 63.707 60.360 58.724 57.463 63.022 65.947 67.792 66.283 60.586 65.025 74.835 82.130 86.025 87.494 88.858 83.366 72.694 63.202 57.695
-9999.000 -9999.000 -9999.000 -9999.000 -9999.000 -9999.000 -9999.000 -9999.000 -9999.000 -9999.000 -9999.000 -9999.000 -9999.000 -9999.000 -9999.000 -9999.000 -9999.000 -9999.000 -9999.000 -9999.000 -9999.000 -9999.000 -9999.000 -9999.000 -9999.000 -9999.000 -9999.000 -9999.000 -9999.000 -9999.000 -9999.000 -9999.000 -9999.000 63.681 66.999 67.953 74.216 86.972 92.111 90.471 90.125 82.732 90.540 95.622 83.994 75.613 73.653 67.703 64.026 64.109 63.224 62.882 63.893 66.700 73.001 71.178 62.167 62.361 74.145 78.501 92.874 97.456 93.292 88.076 68.858 62.920 58.434
-9999.000 -9999.000 -9999.000 -9999.000 -9999.000 -9999.000 -9999.000 -9999.000 -9999.000 -9999.000 -9999.000 -9999.000 -9999.000 -9999.000 -9999.000 -9999.000 -9999.000 -9999.000 -9999.000 -9999.000 -9999.000 -9999.000 -9999.000 -9999.000 -9999.000 -9999.000 -9999.000 -9999.000 -9999.000 -9999.000 -9999.000 -9999.000 65.465 66.848 71.173 73.622 81.227 90.155 94.685 97.722 97.495 98.665 98.017 98.588 82.411 74.360 76.936 72.338 67.171 66.332 66.956 64.114 62.975 64.143 73.695 75.191 67.404 63.425 68.736 73.208 92.803 98.880 96.386 92.909 72.552 63.549 57.911
-9999.000 -9999.000 -9999.000 -9999.000 -9999.000 -9999.000 -9999.000 -9999.000 -9999.000 -9999.000 -9999.000 -9999.000 -9999.000 -9999.000 -9999.000 -9999.000 -9999.000 -9999.000 -9999.000 -9999.000 -9999.000 -9999.000 -9999.000 -9999.000 -9999.000 -9999.000 -9999.000 -9999.000 -9999.000 -9999.000 -9999.000 68.179 73.307 75.949 78.911 82.086 86.921 88.130 88.831 93.432 98.912 104.604 108.048 101.875 86.006 76.614 84.794 79.958 73.102 72.280 69.444 67.345 65.415 65.052 72.384 85.278 75.148 67.628 75.322 80.860 90.356 98.296 101.418 91.880 72.524 66.542 58.006
-9999.000 -9999.000 -9999.000 -9999.000 -9999.000 -9999.000 -9999.000 -9999.000 -9999.000 -9999.000 -9999.000 -9999.000 -9999.000 -9999.000 -9999.000 -9999.000 -9999.000 -9999.000 -9999.000 -9999.000 -9999.000 -9999.000 -9999.000 -9999.000 -9999.000 -9999.000 -9999.000 -9999.000 -9999.000 -9999.000 66.916 71.245 75.162 77.413 80.128 82.478 83.899 78.918 80.887 83.484 93.236 102.853 109.855 106.395 89.529 83.640 92.870 80.345 83.243 79.486 73.317 75.005 69.729 67.247 73.562 87.568 80.413 74.669 72.208 76.533 91.171 101.649 101.545 92.900 76.051 63.437 60.014
-9999.000 -9999.000 -9999.000 -9999.000 -9999.000 -9999.000 -9999.000 -9999.000 -9999.000 -9999.000 -9999.000 -9999.000 -9999.000 -9999.000 -9999.000 -9999.000 -9999.000 -9999.000 -9999.000 -9999.000 -9999.000 -9999.000 -9999.000 -9999.000 -9999.000 -9999.000 -9999.000 -9999.000 -9999.000 -9999.000 70.622 70.983 70.226 72.524 69.683 75.788 73.861 68.804 70.855 74.238 86.670 99.912 112.118 113.592 109.213 106.564 103.740 94.669 89.442 92.617 87.218 76.973 75.929 72.485 76.521 84.733 90.246 82.099 72.366 76.353 86.858 102.714 102.492 87.440 74.751 69.356 65.126
-9999.000 -9999.000 -9999.000 -9999.000 -9999.000 -9999.000 -9999.000 -9999.000 -9999.000 -9999.000 -9999.000 -9999.000 -9999.000 -9999.000 -9999.000 -9999.000 -9999.000 -9999.000 -9999.000 -9999.000 -9999.000 -9999.000 -9999.000 -9999.000 -9999.000 -9999.000 -9999.000 -9999.000 -9999.000 -9999.000 69.652 68.624 66.826 69.585 70.086 73.493 67.667 63.920 68.514 74.765 89.789 101.786 111.297 112.142 114.314 113.980 111.197 111.265 105.205 102.081 96.937 85.852 81.984 81.735 78.133 89.923 95.708 82.058 78.839 76.993 89.383 102.230 101.364 91.839 76.235 69.369 71.659
-9999.000 -9999.000 -9999.000 -9999.000 -9999.000 -9999.000 -9999.000 -9999.000 -9999.000 -9999.000 -9999.000 -9999.000 -9999.000 -9999.000 -9999.000 -9999.000 -9999.000 -9999.000 -9999.000 -9999.000 -9999.000 -9999.000 75.014 74.136 72.752 70.374 66.041 -9999.000 -9999.000 -9999.000 66.130 64.579 65.557 64.613 68.319 67.330 63.160 67.537 74.992 81.327 99.172 105.367 100.023 94.465 104.839 109.965 116.550 121.373 120.423 117.952 112.002 101.811 93.918 93.469 86.614 100.770 98.482 89.711 89.289 83.462 95.223 112.929 103.538 88.123 74.070 70.851 78.844
-9999.000 -9999.000 -9999.000 -9999.000 -9999.000 -9999.000 -9999.000 -9999.000 -9999.000 -9999.000 -9999.000 -9999.000 -9999.000 -9999.000 -9999.000 -9999.000 -9999.000 -9999.000 -9999.000 -9999.000 -9999.000 76.902 74.665 73.872 72.800 69.496 66.226 66.193 -9999.000 62.203 65.439 61.929 62.712 60.323 64.943 62.955 63.941 68.296 78.273 88.314 101.784 102.805 91.587 85.411 94.990 97.803 102.947 112.518 124.142 121.744 118.067 108.096 106.728 102.524 101.685 102.764 103.828 101.949 101.354 99.012 108.792 120.623 101.221 82.172 72.746 72.312 78.483
-9999.000 -9999.000 -9999.000 -9999.000 -9999.000 -9999.000 -9999.000 -9999.000 -9999.000 -9999.000 -9999.000 -9999.000 -9999.000 -9999.000 -9999.000 -9999.000 -9999.000 -9999.000 -9999.000 78.404 79.141 76.360 73.991 72.385 69.548 65.330 63.500 64.304 62.567 61.642 62.256 60.033 60.835 62.006 61.621 66.060 72.088 73.951 84.060 95.450 98.032 87.649 78.872 81.327 84.489 82.327 93.664 96.366 110.525 125.559 126.378 120.347 118.628 118.934 122.366 122.073 123.107 125.214 122.241 120.926 127.870 120.230 98.893 82.178 81.659 75.662 83.082
-9999.000 -9999.000 -9999.000 -9999.000 -9999.000 -9999.000 -9999.000 -9999.000 -9999.000 -9999.000 -9999.000 -9999.000 -9999.000 -9999.000 -9999.000 -9999.000 69.701 72.732 78.148 79.010 79.541 75.975 72.240 70.852 68.542 66.966 60.270 63.211 59.615 60.690 59.491 62.715 64.518 65.261 65.452 70.283 77.087 80.703 90.537 96.185 87.535 81.845 75.094 74.611 76.424 76.143 84.882 85.269 100.098 116.481 127.974 129.658 127.278 128.037 127.812 125.610 125.667 126.968 130.168 130.325 129.375 118.092 98.960 93.553 86.243 79.135 85.892
-9999.000 -9999.000 -9999.000 -9999.000 -9999.000 -9999.000 -9999.000 -9999.000 -9999.000 -9999.000 -9999.000 -9999.000 -9999.000 -9999.000 -9999.000 -9999.000 72.527 76.092 79.549 79.536 76.840 74.614 71.363 68.453 64.735 65.023 63.677 57.521 56.216 59.040 56.251 60.515 63.181 69.670 72.138 77.302 83.766 87.119 89.143 83.512 81.760 75.797 67.388 67.521 69.992 76.420 86.308 94.547 104.242 110.921 127.044 131.159 131.844 132.018 130.931 130.176 130.030 130.922 132.904 133.026 130.727 129.554 118.514 110.346 95.604 89.795 96.987
-9999.000 -9999.000 -9999.000 -9999.000 -9999.000 -9999.000 -9999.000 -9999.000 -9999.000 -9999.000 -9999.000 -9999.000 -9999.000 -9999.000 -9999.000 70.450 75.518 77.476 79.354 79.508 75.968 73.854 70.328 67.796 63.966 60.220 63.781 61.171 57.960 57.064 57.440 61.968 66.931 72.264 76.442 81.035 84.844 86.732 80.112 77.098 79.294 72.693 66.332 69.238 72.491 78.952 85.860 97.665 107.554 115.102 131.272 131.960 132.610 132.352 132.737 132.108 131.439 131.154 130.590 132.071 131.332 130.603 125.080 120.073 109.323 99.473 105.634
-9999.000 -9999.000 -9999.000 -9999.000 -9999.000 -9999.000 -9999.000 -9999.000 -9999.000 -9999.000 -9999.000 -9999.000 -9999.000 -9999.000 70.103 72.756 76.712 78.633 79.742 78.012 75.335 73.250 69.720 67.365 63.785 59.611 58.925 60.621 56.809 54.947 58.813 62.759 70.342 74.551 79.049 81.626 77.065 76.768 74.116 72.672 75.236 68.483 70.924 74.343 82.343 85.224 94.523 102.419 115.415 122.612 131.538 131.307 126.033 119.539 112.380 108.377 108.431 106.435 106.456 114.123 127.627 130.229 130.860 128.011 121.010 115.777 114.232
-9999.000 -9999.000 -9999.000 -9999.000 -9999.000 -9999.000 -9999.000 -9999.000 -9999.000 -9999.000 -9999.000 -9999.000 -9999.000 68.742 71.975 74.519 77.861 79.483 80.428 77.605 75.242 72.950 70.101 67.551 63.806 60.499 58.021 56.760 59.545 58.203 62.301 64.746 71.000 75.416 79.481 75.200 75.215 72.848 71.262 73.198 70.687 68.767 75.251 79.630 88.254 92.018 101.527 109.060 122.882 129.500 128.717 120.846 111.738 106.895 103.117 97.753 96.715 95.662 98.568 108.186 121.153 128.039 131.599 130.725 127.069 123.442 117.265
-9999.000 -9999.000 -9999.000 -9999.000 -9999.000 -9999.000 -9999.000 -9999.000 -9999.000 -9999.000 -9999.000 -9999.000 68.183 71.022 75.219 75.859 79.668 80.485 80.401 77.060 73.882 71.451 69.233 67.397 63.453 60.513 59.101 57.066 61.512 62.515 64.523 66.487 71.078 74.625 71.192 71.978 71.620 69.858 70.489 70.180 69.098 73.225 82.419 85.126 89.530 96.235 108.580 114.604 124.340 128.932 123.521 112.600 99.183 96.139 90.376 87.816 84.114 85.535 91.899 97.355 108.747 117.062 128.778 129.893 129.325 128.127 125.727
-9999.000 -9999.000 -9999.000 -9999.000 58.298 -9999.000 -9999.000 -9999.000 -9999.000 -9999.000 -9999.000 67.587 70.787 73.620 76.723 78.516 81.072 81.301 79.698 76.404 73.112 71.456 68.418 66.892 63.706 61.667 62.522 59.923 59.759 62.803 66.485 67.942 70.506 73.310 70.086 70.469 70.170 67.852 68.235 71.781 76.801 81.001 86.576 88.396 91.919 98.115 108.065 117.933 124.844 128.535 112.895 106.135 93.824 88.848 84.319 81.370 78.954 80.003 91.039 92.090 103.634 112.385 122.953 129.040 131.120 130.807 127.121
-9999.000 -9999.000 -9999.000 -9999.000 61.732 57.635 65.997 68.020 66.680 66.406 68.978 72.346 74.256 75.967 78.875 80.537 82.238 81.763 79.247 76.758 73.217 71.191 68.323 68.350 68.960 69.047 67.065 65.277 63.647 64.317 67.451 68.308 68.662 72.218 68.808 68.560 68.419 69.700 74.901 79.489 81.382 84.344 90.163 92.123 93.895 101.246 112.049 121.982 128.634 124.573 109.951 98.735 89.566 83.317 77.904 76.801 81.844 85.241 90.801 97.898 111.468 118.235 126.152 119.987 120.611 120.537 129.228
-9999.000 -9999.000 -9999.000 -9999.000 64.180 65.631 68.787 70.754 70.325 68.095 72.285 73.428 75.855 76.283 79.933 81.767 83.366 83.372 80.204 77.385 72.804 71.188 71.500 70.913 70.188 70.045 69.342 67.456 64.312 64.793 67.526 68.623 67.385 70.416 66.767 66.872 68.716 73.221 80.005 82.863 84.616 86.611 90.318 92.147 95.537 104.965 119.288 127.854 126.120 117.257 103.561 96.258 86.208 81.782 76.011 77.739 85.390 92.559 97.693 99.190 108.477 118.970 125.025 113.135 112.089 110.947 119.535
-9999.000 -9999.000 -9999.000 -9999.000 -9999.000 67.743 72.992 74.498 73.544 72.132 73.236 74.569 77.066 79.414 81.822 83.272 85.576 85.617 81.046 78.014 73.700 74.891 74.596 73.920 73.397 71.670 70.456 70.063 67.419 64.935 66.592 67.565 66.382 65.514 65.110 64.990 71.688 77.039 83.939 87.533 91.707 90.233 96.972 102.677 105.898 110.001 127.992 127.571 117.431 113.416 100.663 92.330 83.944 79.233 77.290 80.797 92.935 99.922 106.744 109.732 115.308 119.062 117.652 105.343 103.126 102.735 104.413
-9999.000 -9999.000 -9999.000 -9999.000 -9999.000 68.383 74.087 76.386 75.467 72.185 73.462 74.845 77.527 79.287 83.216 84.663 87.460 86.871 81.468 78.006 75.293 76.874 75.927 75.546 75.049 74.014 71.541 70.872 68.433 67.795 68.461 66.477 65.456 64.311 64.328 67.913 72.508 77.707 83.076 87.321 93.483 98.236 101.861 107.532 114.564 118.210 127.729 125.145 117.648 112.261 103.540 96.175 83.752 77.759 76.825 81.395 88.357 93.672 102.246 109.489 117.052 118.829 112.268 105.854 95.874 96.056 97.205
-9999.000 -9999.000 -9999.000 -9999.000 -9999.000 72.604 75.864 79.112 79.094 76.203 74.774 74.303 76.058 80.602 85.008 86.156 90.141 87.178 81.280 78.177 81.263 79.035 80.123 79.102 77.350 75.486 72.251 70.421 69.311 70.374 70.606 67.976 65.567 67.158 71.989 77.244 81.439 81.184 82.980 85.501 92.614 98.151 106.356 111.809 121.847 125.349 125.923 121.663 117.811 114.225 104.025 95.961 83.820 79.148 74.433 77.408 80.287 88.627 100.475 111.034 119.559 116.295 103.961 100.136 91.167 90.295 95.392
