test_integration/test_sample_run/example/output_maps/SWEDENSITYN0197.asc
ncols         174
nrows         141
xllcorner     744500.000000
yllcorner     5140950.000000
cellsize      250.000000
NODATA_value  -9999.0
[rows 64 to 95 of 141, columns 0 to 71 of 174]
-9999.000 -9999.000 -9999.000 -9999.000 -9999.000 nan nan nan 244.994 188.556 187.513 197.866 nan nan nan nan nan nan nan nan nan nan nan nan nan nan nan nan nan nan nan nan nan nan nan nan nan nan nan nan nan nan nan nan nan nan nan nan nan nan nan nan nan nan nan nan nan nan nan nan nan 82.083 215.851 219.849 nan nan nan nan nan nan nan 200.526
-9999.000 -9999.000 -9999.000 -9999.000 -9999.000 -9999.000 nan 227.739 194.212 198.892 213.881 211.771 193.184 230.424 nan nan nan nan nan nan nan nan nan nan nan nan nan nan nan nan nan nan nan nan nan nan nan nan nan nan nan nan nan nan 205.363 204.302 208.010 nan nan nan nan nan nan nan nan nan nan nan nan nan nan nan 228.198 198.084 212.986 nan nan nan nan nan nan 231.331
-9999.000 -9999.000 -9999.000 -9999.000 -9999.000 nan nan 184.853 176.798 202.790 nan nan nan nan nan nan nan nan nan nan nan nan nan nan nan nan nan nan nan nan nan nan nan nan nan nan nan nan nan nan nan nan nan 84.659 196.210 201.530 194.508 200.205 219.956 nan nan nan nan nan nan nan nan nan nan nan nan nan nan nan nan nan nan nan nan nan nan nan
-9999.000 -9999.000 -9999.000 -9999.000 -9999.000 nan 248.289 206.761 165.200 193.165 nan nan nan nan nan nan nan nan nan nan nan nan nan nan nan nan nan nan nan nan nan nan nan nan nan nan nan nan nan nan nan 229.666 80.372 214.504 194.647 190.944 184.232 189.634 196.638 198.542 229.577 nan nan nan nan nan nan nan nan nan nan nan nan nan nan nan 205.032 204.412 nan nan nan nan
-9999.000 -9999.000 -9999.000 -9999.000 -9999.000 -9999.000 39.628 216.749 242.918 206.776 nan nan nan nan nan nan nan nan nan nan nan nan nan nan nan nan nan nan nan nan nan nan nan nan nan nan nan nan nan nan nan 193.179 196.320 208.368 181.328 176.257 181.764 184.078 190.884 192.816 187.639 201.654 nan nan nan nan nan nan nan nan nan nan nan nan nan nan nan 17.742 nan nan nan nan
-9999.000 -9999.000 -9999.000 -9999.000 -9999.000 -9999.000 nan 230.667 nan nan nan 203.061 nan nan nan nan nan nan nan nan nan nan nan nan nan nan nan nan nan nan nan nan nan nan nan nan nan nan nan nan nan 219.383 182.001 195.937 174.560 170.899 175.910 175.100 181.334 177.800 178.425 212.948 nan nan nan nan 193.867 229.813 232.918 nan nan nan nan nan nan nan nan nan nan nan nan nan
-9999.000 -9999.000 -9999.000 -9999.000 -9999.000 -9999.000 -9999.000 nan nan 97.183 178.773 211.934 nan nan nan nan 190.418 186.689 215.162 nan nan nan nan nan nan nan nan nan nan nan nan nan nan nan nan 227.312 218.638 nan nan nan nan nan 191.801 173.460 167.981 173.014 173.014 171.388 173.810 174.692 173.894 221.986 nan nan nan nan nan 188.088 201.678 222.593 213.977 197.219 193.894 216.853 nan nan nan nan nan nan nan nan
-9999.000 -9999.000 -9999.000 -9999.000 -9999.000 -9999.000 -9999.000 223.511 197.923 179.779 224.504 nan nan nan nan nan 190.438 182.618 193.842 228.706 nan nan nan nan nan nan nan nan nan nan nan nan nan nan 229.198 195.618 203.133 nan 218.276 nan nan nan 220.705 190.455 166.472 213.748 223.229 203.856 161.284 161.110 nan nan nan nan nan nan nan 185.307 201.999 226.443 187.648 200.574 180.725 195.744 nan nan nan nan nan nan nan nan
-9999.000 -9999.000 -9999.000 -9999.000 -9999.000 -9999.000 -9999.000 -9999.000 230.649 210.165 nan nan nan 230.771 214.062 213.465 191.177 180.999 182.739 219.987 nan nan nan nan nan nan nan nan nan nan nan 206.028 198.980 203.072 9.235 229.781 209.020 200.047 200.327 197.098 234.767 nan nan nan nan 219.598 162.604 170.978 199.331 nan nan nan nan nan nan nan nan 208.094 nan 226.485 187.150 228.379 177.920 203.306 nan 227.670 nan nan nan nan nan nan
-9999.000 -9999.000 -9999.000 -9999.000 -9999.000 -9999.000 -9999.000 -9999.000 nan nan nan nan 228.745 238.738 229.200 186.579 175.876 180.685 nan nan nan nan nan nan nan nan nan nan nan nan 222.166 213.497 183.466 184.602 191.210 219.994 179.115 184.468 180.178 200.234 195.960 0.246 nan nan nan nan 162.974 187.972 228.448 193.863 nan nan nan nan nan nan nan 208.198 nan 230.350 227.080 226.164 175.141 220.808 nan nan nan nan nan nan 229.397 227.971
-9999.000 -9999.000 -9999.000 -9999.000 -9999.000 -9999.000 -9999.000 nan nan nan nan nan 129.136 187.522 70.781 172.973 207.688 nan nan nan nan nan nan nan nan nan 209.177 204.977 202.965 219.557 229.791 195.128 197.001 180.192 178.083 180.634 176.782 179.963 182.986 198.989 194.455 180.798 227.650 nan nan nan nan 180.903 175.330 nan nan nan nan nan nan nan nan nan 227.376 217.845 225.224 194.467 191.886 nan nan nan nan nan 232.289 227.179 228.228 nan
-9999.000 -9999.000 -9999.000 -9999.000 -9999.000 -9999.000 nan nan nan nan nan nan 233.567 183.292 203.830 211.598 219.745 nan 238.405 178.261 nan nan nan nan nan 230.652 188.140 197.704 191.129 222.773 219.837 179.989 180.418 177.748 175.000 181.820 182.515 189.447 180.607 186.553 220.422 181.602 198.585 213.156 242.217 4.682 nan 222.262 nan nan nan 218.762 nan nan nan 215.514 231.655 nan 229.902 185.062 184.750 179.627 216.976 nan nan nan nan nan nan 228.860 nan nan
-9999.000 -9999.000 -9999.000 -9999.000 -9999.000 nan nan nan nan nan 233.926 60.380 190.384 205.323 170.490 189.131 222.028 195.646 183.606 nan nan nan nan nan 228.662 223.122 175.900 182.532 184.184 181.908 225.864 230.347 172.786 171.409 203.714 178.997 225.742 176.005 178.302 183.708 218.603 232.793 228.607 229.549 237.832 233.155 214.915 nan nan nan 193.207 nan nan nan 226.673 223.588 176.034 173.697 175.552 174.990 171.915 168.020 nan nan nan nan 227.781 nan nan nan nan nan
-9999.000 -9999.000 -9999.000 nan nan nan nan 243.609 189.307 227.256 213.448 219.506 218.547 223.340 177.350 181.674 179.287 175.861 207.747 nan nan nan nan nan 224.096 223.307 172.845 189.676 183.866 179.489 183.033 226.542 222.347 181.772 210.771 168.112 240.368 201.747 188.068 190.183 190.922 210.415 207.981 215.364 214.673 225.467 208.378 176.181 nan nan nan nan nan nan 225.603 nan 192.981 161.847 165.889 167.316 172.912 210.766 nan nan nan 54.715 44.740 nan nan nan nan nan
-9999.000 -9999.000 nan nan 237.239 236.820 186.101 182.947 175.647 173.896 191.235 193.847 222.220 206.446 218.642 180.592 224.690 219.884 nan nan nan nan nan nan 7.796 217.588 188.815 179.466 181.416 178.880 177.985 211.818 nan nan 181.129 178.662 182.578 182.968 220.766 210.685 224.520 230.037 222.527 204.229 181.290 221.037 233.865 232.518 nan nan nan nan 223.797 225.729 nan 221.596 nan 227.597 204.718 203.630 nan nan nan nan nan nan nan nan nan nan 227.642 219.052
-9999.000 -9999.000 nan nan 238.895 215.841 176.829 173.781 159.950 170.948 170.199 183.787 192.797 184.250 217.761 177.804 221.717 nan nan nan nan 218.612 194.659 188.544 nan 189.137 189.715 179.773 177.260 219.881 188.690 225.154 237.286 nan 222.856 175.014 169.018 224.158 nan 243.044 221.417 245.839 242.994 237.479 219.728 219.769 236.029 nan nan 207.492 185.722 181.159 176.549 199.774 223.453 225.784 216.661 190.240 nan nan nan nan nan nan nan nan nan nan nan 225.581 nan 224.483
-9999.000 -9999.000 -9999.000 nan 233.928 195.580 168.626 154.288 166.740 nan 181.941 181.806 179.925 174.865 196.336 213.930 nan nan nan nan 161.448 138.095 179.581 180.683 nan 174.969 177.306 195.054 189.529 192.898 256.379 236.271 219.324 207.763 236.190 222.157 nan nan 227.184 203.499 217.423 217.275 182.388 223.671 nan 232.599 183.953 214.136 nan 167.632 161.405 172.688 180.343 177.492 175.775 214.418 200.485 nan nan nan nan nan nan nan nan nan nan nan nan nan nan nan
-9999.000 -9999.000 -9999.000 -9999.000 -9999.000 -9999.000 228.587 162.893 211.775 174.030 177.867 177.052 175.328 164.259 161.816 217.950 nan nan nan nan 238.059 207.200 nan 180.095 nan 208.528 226.178 nan 219.055 219.514 187.988 178.867 214.547 175.786 202.308 185.648 nan nan 198.994 196.317 227.623 217.244 169.464 181.610 204.486 229.721 199.492 209.580 183.635 161.329 154.445 174.677 nan 173.201 168.602 218.804 nan nan nan nan nan nan nan nan nan nan nan nan nan nan nan nan
-9999.000 -9999.000 -9999.000 -9999.000 -9999.000 -9999.000 -9999.000 230.684 161.325 158.775 159.811 161.613 159.860 154.656 228.540 nan nan nan 182.625 182.122 186.171 188.064 nan 225.437 nan nan nan 235.729 229.443 234.083 163.400 159.499 188.377 219.757 184.729 nan 211.100 193.880 221.528 170.599 178.393 189.366 nan 212.884 nan nan nan nan nan 218.268 207.873 nan nan nan nan nan nan nan nan nan nan nan nan nan nan nan nan nan nan nan nan nan
-9999.000 -9999.000 -9999.000 -9999.000 -9999.000 -9999.000 -9999.000 nan nan 195.804 172.059 162.747 188.787 237.387 nan nan nan nan 200.294 172.883 174.403 180.278 229.111 237.286 198.418 nan 226.808 179.376 181.123 165.217 217.084 169.047 184.158 229.384 220.368 nan 219.692 169.299 221.912 176.820 226.072 222.513 nan nan nan nan nan nan nan nan nan nan nan nan nan nan nan nan nan nan nan nan nan nan nan nan nan nan nan nan nan nan
-9999.000 -9999.000 -9999.000 -9999.000 -9999.000 -9999.000 -9999.000 -9999.000 nan nan nan nan nan nan nan nan nan nan 229.150 160.539 178.296 204.028 222.516 173.898 173.841 171.782 235.118 228.304 186.459 180.054 184.697 nan 187.825 nan nan 224.090 nan nan nan nan nan nan nan nan nan nan nan nan nan nan nan nan nan nan nan nan nan nan nan nan nan nan nan nan nan nan nan nan nan nan nan nan
-9999.000 -9999.000 -9999.000 -9999.000 -9999.000 -9999.000 -9999.000 -9999.000 -9999.000 nan nan nan nan nan nan nan nan 239.036 216.605 227.666 nan 227.769 230.209 167.362 172.671 229.708 nan nan nan nan 237.884 nan nan nan nan nan nan nan nan nan nan nan nan nan nan nan nan nan nan nan nan nan nan nan nan nan nan nan nan nan nan nan nan nan nan nan nan nan nan nan nan nan
-9999.000 -9999.000 -9999.000 -9999.000 -9999.000 -9999.000 -9999.000 -9999.000 -9999.000 -9999.000 nan nan nan nan nan nan 217.930 198.784 164.523 nan nan nan 217.073 224.299 229.351 nan nan nan nan nan nan nan nan nan nan nan nan nan nan nan nan nan nan nan nan nan nan nan nan nan nan nan nan nan nan nan nan nan nan nan nan nan nan nan nan nan nan nan nan nan nan nan
-9999.000 -9999.000 -9999.000 -9999.000 -9999.000 -9999.000 -9999.000 -9999.000 -9999.000 -9999.000 -9999.000 nan nan nan nan 245.238 208.496 174.999 166.801 nan nan nan 208.138 170.155 nan 210.514 nan nan nan nan nan nan nan nan nan nan nan nan nan nan nan nan nan nan nan nan nan nan nan nan nan nan nan nan nan nan nan nan nan nan nan nan nan nan nan nan nan nan nan nan nan nan
-9999.000 -9999.000 -9999.000 -9999.000 -9999.000 -9999.000 -9999.000 -9999.000 -9999.000 -9999.000 -9999.000 -9999.000 nan nan 209.121 197.750 183.879 169.297 223.224 nan nan 234.661 nan nan 161.473 176.376 nan nan nan nan nan nan nan nan nan nan nan nan nan nan nan nan nan nan nan nan nan nan nan nan nan nan nan nan nan nan nan nan nan nan nan nan nan nan nan nan nan nan nan nan nan nan
-9999.000 -9999.000 -9999.000 -9999.000 -9999.000 -9999.000 -9999.000 -9999.000 -9999.000 -9999.000 -9999.000 -9999.000 nan 250.027 206.253 224.386 173.386 175.232 nan nan 200.333 228.277 nan nan 214.020 168.014 194.634 nan nan nan nan nan nan nan nan nan nan nan nan nan nan nan nan nan nan nan nan nan nan nan nan nan nan nan nan nan nan nan nan nan nan nan nan nan nan nan nan nan nan nan nan nan
-9999.000 -9999.000 -9999.000 -9999.000 -9999.000 -9999.000 -9999.000 -9999.000 -9999.000 -9999.000 -9999.000 -9999.000 nan nan 236.374 234.464 208.365 nan nan nan 207.849 238.786 242.074 222.041 91.614 180.465 nan nan nan nan nan nan nan nan nan nan nan nan nan nan nan nan nan nan nan nan nan nan nan nan nan nan nan nan nan nan nan nan nan nan nan nan nan nan nan nan nan nan nan nan nan nan
-9999.000 -9999.000 -9999.000 -9999.000 -9999.000 -9999.000 -9999.000 -9999.000 -9999.000 -9999.000 -9999.000 -9999.000 -9999.000 -9999.000 -9999.000 -9999.000 -9999.000 nan nan 234.362 nan 239.632 223.111 197.065 202.621 nan nan nan 214.472 193.176 nan nan nan nan nan nan nan nan nan nan nan nan nan nan nan nan nan nan nan nan nan nan nan nan nan nan nan nan nan nan nan nan nan nan nan nan nan nan nan nan nan nan
-9999.000 -9999.000 -9999.000 -9999.000 -9999.000 -9999.000 -9999.000 -9999.000 -9999.000 -9999.000 -9999.000 -9999.000 -9999.000 -9999.000 -9999.000 -9999.000 -9999.000 -9999.000 nan nan nan 207.788 197.638 204.401 nan nan nan nan nan nan nan nan nan nan nan nan nan nan nan nan nan nan nan nan nan nan nan nan nan nan nan nan nan nan nan nan nan nan nan nan nan nan nan nan nan nan nan nan nan nan nan nan
-9999.000 -9999.000 -9999.000 -9999.000 -9999.000 -9999.000 -9999.000 -9999.000 -9999.000 -9999.000 -9999.000 -9999.000 -9999.000 -9999.000 -9999.000 -9999.000 -9999.000 -9999.000 -9999.000 -9999.000 nan 237.477 204.806 200.270 nan nan nan nan nan nan nan nan nan nan nan nan nan nan nan nan nan nan nan nan nan nan nan nan nan nan nan nan nan nan nan nan nan nan nan nan nan nan nan nan nan nan nan nan nan nan nan nan
-9999.000 -9999.000 -9999.000 -9999.000 -9999.000 -9999.000 -9999.000 -9999.000 -9999.000 -9999.000 -9999.000 -9999.000 -9999.000 -9999.000 -9999.000 -9999.000 -9999.000 -9999.000 -9999.000 -9999.000 -9999.000 nan 222.897 220.976 nan nan nan nan nan nan nan nan 229.174 221.679 200.621 200.340 200.260 195.087 196.217 194.024 nan nan nan nan nan nan nan nan nan nan nan nan nan nan nan nan nan nan nan nan nan nan nan nan nan nan nan nan nan nan nan nan
-9999.000 -9999.000 -9999.000 -9999.000 -9999.000 -9999.000 -9999.000 -9999.000 -9999.000 -9999.000 -9999.000 -9999.000 -9999.000 -9999.000 -9999.000 -9999.000 -9999.000 -9999.000 -9999.000 -9999.000 -9999.000 -9999.000 nan nan nan nan nan nan nan nan nan 224.777 216.018 184.481 175.787 194.641 178.909 177.655 183.662 188.463 185.794 182.467 nan nan nan nan nan nan nan nan nan nan nan nan nan nan nan nan nan nan nan nan nan nan nan nan nan nan nan nan nan nan
