test_integration/test_sample_run/example/output_maps/SWEDENSITYN0086.asc
ncols         174
nrows         141
xllcorner     744500.000000
yllcorner     5140950.000000
cellsize      250.000000
NODATA_value  -9999.0
[rows 30 to 59 of 141, columns 0 to 65 of 174]
-9999.000 -9999.000 -9999.000 -9999.000 -9999.000 -9999.000 -9999.000 -9999.000 -9999.000 -9999.000 -9999.000 -9999.000 -9999.000 -9999.000 -9999.000 -9999.000 -9999.000 -9999.000 -9999.000 -9999.000 -9999.000 -9999.000 -9999.000 -9999.000 -9999.000 -9999.000 -9999.000 -9999.000 -9999.000 -9999.000 -9999.000 -9999.000 -9999.000 -9999.000 -9999.000 -9999.000 -9999.000 -9999.000 162.271 162.363 173.930 173.345 nan 157.232 170.450 166.919 -9999.000 -9999.000 -9999.000 -9999.000 -9999.000 -9999.000 -9999.000 -9999.000 -9999.000 -9999.000 -9999.000 -9999.000 -9999.000 -9999.000 151.815 160.512 156.018 171.586 140.466 135.522
-9999.000 -9999.000 -9999.000 -9999.000 -9999.000 -9999.000 -9999.000 -9999.000 -9999.000 -9999.000 -9999.000 -9999.000 -9999.000 -9999.000 -9999.000 -9999.000 -9999.000 -9999.000 -9999.000 -9999.000 -9999.000 -9999.000 -9999.000 -9999.000 -9999.000 -9999.000 -9999.000 -9999.000 -9999.000 -9999.000 -9999.000 -9999.000 -9999.000 -9999.000 -9999.000 -9999.000 -9999.000 nan nan 170.448 175.825 175.816 161.236 167.219 173.247 nan nan nan -9999.000 -9999.000 -9999.000 -9999.000 -9999.000 -9999.000 -9999.000 -9999.000 -9999.000 -9999.000 -9999.000 nan 157.215 169.522 162.709 158.186 165.434 173.415
-9999.000 -9999.000 -9999.000 -9999.000 -9999.000 -9999.000 -9999.000 -9999.000 -9999.000 -9999.000 -9999.000 -9999.000 -9999.000 -9999.000 -9999.000 -9999.000 -9999.000 -9999.000 -9999.000 -9999.000 -9999.000 -9999.000 -9999.000 -9999.000 -9999.000 -9999.000 -9999.000 -9999.000 -9999.000 -9999.000 -9999.000 -9999.000 -9999.000 -9999.000 -9999.000 -9999.000 66.743 164.816 174.528 175.140 175.554 166.734 164.420 163.243 58.615 nan 172.877 166.765 87.075 -9999.000 -9999.000 -9999.000 -9999.000 -9999.000 -9999.000 -9999.000 nan nan 160.111 160.350 155.725 159.786 36.474 157.574 145.725 164.445
-9999.000 -9999.000 -9999.000 -9999.000 -9999.000 -9999.000 -9999.000 -9999.000 -9999.000 -9999.000 -9999.000 -9999.000 -9999.000 -9999.000 -9999.000 -9999.000 -9999.000 -9999.000 -9999.000 -9999.000 -9999.000 -9999.000 -9999.000 -9999.000 -9999.000 -9999.000 -9999.000 -9999.000 -9999.000 -9999.000 -9999.000 -9999.000 -9999.000 -9999.000 -9999.000 nan 166.134 174.039 173.863 171.839 163.049 162.493 175.561 nan nan nan 160.714 161.898 nan nan nan 160.640 150.102 160.755 nan nan nan 166.725 143.779 152.586 154.342 159.372 nan 150.116 150.621 171.710
-9999.000 -9999.000 -9999.000 -9999.000 -9999.000 -9999.000 -9999.000 -9999.000 -9999.000 -9999.000 -9999.000 -9999.000 -9999.000 -9999.000 -9999.000 -9999.000 -9999.000 -9999.000 -9999.000 -9999.000 -9999.000 -9999.000 -9999.000 -9999.000 -9999.000 -9999.000 -9999.000 -9999.000 -9999.000 -9999.000 -9999.000 -9999.000 -9999.000 nan nan nan 160.808 165.809 174.433 168.743 160.792 167.536 41.553 nan nan 166.003 143.983 153.571 131.317 128.908 151.687 160.884 116.117 166.639 173.621 172.105 161.418 171.593 153.883 nan 167.197 156.941 nan 152.778 154.456 166.345
-9999.000 -9999.000 -9999.000 -9999.000 -9999.000 -9999.000 -9999.000 -9999.000 -9999.000 -9999.000 -9999.000 -9999.000 -9999.000 -9999.000 -9999.000 -9999.000 -9999.000 -9999.000 -9999.000 -9999.000 -9999.000 -9999.000 -9999.000 -9999.000 -9999.000 -9999.000 -9999.000 -9999.000 -9999.000 -9999.000 -9999.000 -9999.000 nan nan 162.409 164.578 167.856 164.151 169.844 173.587 168.672 164.447 166.647 nan 169.853 154.598 144.086 122.991 137.093 173.740 174.235 160.922 173.067 120.588 127.870 156.576 162.834 168.413 nan nan 172.750 155.516 21.613 153.186 160.797 164.541
-9999.000 -9999.000 -9999.000 -9999.000 -9999.000 -9999.000 -9999.000 -9999.000 -9999.000 -9999.000 -9999.000 -9999.000 -9999.000 -9999.000 -9999.000 -9999.000 -9999.000 -9999.000 -9999.000 -9999.000 -9999.000 -9999.000 -9999.000 -9999.000 -9999.000 -9999.000 -9999.000 -9999.000 -9999.000 -9999.000 -9999.000 -9999.000 -9999.000 nan 174.023 172.692 162.539 165.300 158.438 158.753 161.983 163.013 170.060 178.414 167.514 156.040 156.573 166.471 161.199 156.816 141.497 148.934 163.421 171.338 168.872 161.392 147.143 166.044 167.317 nan nan 160.917 57.087 159.176 nan 156.860
-9999.000 -9999.000 -9999.000 -9999.000 -9999.000 -9999.000 -9999.000 -9999.000 -9999.000 -9999.000 -9999.000 -9999.000 -9999.000 -9999.000 -9999.000 -9999.000 -9999.000 -9999.000 -9999.000 -9999.000 -9999.000 -9999.000 -9999.000 -9999.000 -9999.000 -9999.000 -9999.000 -9999.000 -9999.000 -9999.000 -9999.000 -9999.000 -9999.000 162.957 169.156 172.064 nan 63.062 nan nan 168.781 165.335 165.089 171.646 169.025 159.409 158.265 161.007 157.831 155.977 152.489 173.012 158.877 nan 48.814 166.279 124.569 149.396 166.212 57.406 nan nan nan 19.044 160.456 155.485
-9999.000 -9999.000 -9999.000 -9999.000 -9999.000 -9999.000 -9999.000 -9999.000 -9999.000 -9999.000 -9999.000 -9999.000 -9999.000 -9999.000 -9999.000 -9999.000 -9999.000 -9999.000 -9999.000 -9999.000 -9999.000 -9999.000 -9999.000 -9999.000 -9999.000 -9999.000 -9999.000 -9999.000 -9999.000 -9999.000 -9999.000 -9999.000 -9999.000 166.021 160.765 150.490 165.761 nan nan nan nan nan 168.068 178.179 162.178 157.149 165.080 164.565 166.530 170.014 160.934 155.486 161.742 167.084 nan 164.138 173.246 120.466 151.479 169.013 nan nan nan 30.904 145.198 136.779
-9999.000 -9999.000 -9999.000 -9999.000 -9999.000 -9999.000 -9999.000 -9999.000 -9999.000 -9999.000 -9999.000 -9999.000 -9999.000 -9999.000 -9999.000 -9999.000 -9999.000 -9999.000 -9999.000 -9999.000 -9999.000 -9999.000 -9999.000 -9999.000 -9999.000 -9999.000 -9999.000 -9999.000 -9999.000 -9999.000 -9999.000 -9999.000 -9999.000 nan 162.040 168.397 154.007 46.082 nan nan nan nan nan 159.338 158.503 169.419 167.773 160.747 167.201 162.774 163.026 160.880 172.820 164.875 163.838 38.999 161.347 161.629 143.191 146.510 nan nan nan nan 148.795 156.019
-9999.000 -9999.000 -9999.000 -9999.000 -9999.000 -9999.000 -9999.000 -9999.000 -9999.000 -9999.000 -9999.000 -9999.000 -9999.000 -9999.000 -9999.000 -9999.000 -9999.000 -9999.000 -9999.000 -9999.000 -9999.000 -9999.000 -9999.000 -9999.000 -9999.000 -9999.000 -9999.000 -9999.000 -9999.000 -9999.000 -9999.000 -9999.000 nan nan nan nan nan 173.434 165.776 172.683 125.223 nan nan 174.507 160.560 168.099 nan 161.166 166.394 171.258 163.086 161.112 171.445 163.252 163.253 nan 38.267 162.981 161.395 154.560 165.210 176.255 nan 41.787 151.848 151.922
-9999.000 -9999.000 -9999.000 -9999.000 -9999.000 -9999.000 -9999.000 -9999.000 -9999.000 -9999.000 -9999.000 -9999.000 -9999.000 -9999.000 -9999.000 -9999.000 -9999.000 -9999.000 -9999.000 -9999.000 -9999.000 -9999.000 -9999.000 -9999.000 -9999.000 -9999.000 -9999.000 -9999.000 -9999.000 -9999.000 -9999.000 nan nan nan nan 169.827 149.630 134.435 130.847 132.868 166.958 175.749 nan 37.302 163.661 174.910 nan 164.264 nan nan 162.995 168.586 162.111 164.437 150.453 nan nan nan 164.200 165.835 166.370 174.540 nan 165.317 153.976 149.708
-9999.000 -9999.000 -9999.000 -9999.000 -9999.000 -9999.000 -9999.000 -9999.000 -9999.000 -9999.000 -9999.000 -9999.000 -9999.000 -9999.000 -9999.000 -9999.000 -9999.000 -9999.000 -9999.000 -9999.000 -9999.000 -9999.000 -9999.000 -9999.000 -9999.000 -9999.000 -9999.000 -9999.000 -9999.000 -9999.000 nan nan 171.201 157.125 130.312 134.218 128.701 124.335 125.906 126.692 152.646 170.865 57.131 nan nan nan nan nan nan nan nan nan 164.003 163.902 159.192 171.817 nan nan 171.093 147.639 164.198 nan 177.598 164.021 152.746 148.587
-9999.000 -9999.000 -9999.000 -9999.000 -9999.000 -9999.000 -9999.000 -9999.000 -9999.000 -9999.000 -9999.000 -9999.000 -9999.000 -9999.000 -9999.000 -9999.000 -9999.000 -9999.000 -9999.000 -9999.000 -9999.000 -9999.000 -9999.000 -9999.000 -9999.000 -9999.000 -9999.000 -9999.000 -9999.000 -9999.000 nan 174.357 128.347 131.224 127.797 130.307 122.804 120.318 125.218 133.202 158.260 168.419 179.272 nan nan nan nan nan nan nan nan 162.099 nan nan 166.357 166.504 nan 165.141 163.881 164.793 162.563 176.919 176.936 161.339 158.031 161.462
-9999.000 -9999.000 -9999.000 -9999.000 -9999.000 -9999.000 -9999.000 -9999.000 -9999.000 -9999.000 -9999.000 -9999.000 -9999.000 -9999.000 -9999.000 -9999.000 -9999.000 -9999.000 -9999.000 -9999.000 -9999.000 -9999.000 -9999.000 -9999.000 -9999.000 -9999.000 -9999.000 -9999.000 -9999.000 -9999.000 171.480 130.426 143.974 126.754 169.916 128.122 120.609 172.178 161.611 159.928 nan 64.824 135.971 135.264 173.237 175.440 nan nan nan nan nan nan nan nan nan nan nan 165.513 nan 169.972 nan nan 177.288 167.448 158.092 168.196
-9999.000 -9999.000 -9999.000 -9999.000 -9999.000 -9999.000 -9999.000 -9999.000 -9999.000 -9999.000 -9999.000 -9999.000 -9999.000 -9999.000 -9999.000 -9999.000 -9999.000 -9999.000 -9999.000 -9999.000 -9999.000 -9999.000 175.378 167.534 nan 163.415 168.973 -9999.000 -9999.000 -9999.000 172.966 126.837 140.214 121.586 132.909 122.429 152.879 161.587 nan nan 173.015 172.178 132.532 129.353 135.604 139.888 164.404 175.402 nan nan nan nan nan nan nan nan nan nan nan nan nan nan 176.457 159.786 151.486 164.940
-9999.000 -9999.000 -9999.000 -9999.000 -9999.000 -9999.000 -9999.000 -9999.000 -9999.000 -9999.000 -9999.000 -9999.000 -9999.000 -9999.000 -9999.000 -9999.000 -9999.000 -9999.000 -9999.000 -9999.000 -9999.000 104.667 167.345 172.121 165.612 140.414 159.256 162.061 -9999.000 168.341 149.046 134.501 134.950 167.805 126.551 171.837 163.671 156.997 66.016 nan 171.529 133.427 128.110 137.306 129.792 129.196 132.466 138.156 178.877 37.417 nan nan nan nan nan nan nan nan nan nan nan nan 169.587 154.927 163.933 166.073
-9999.000 -9999.000 -9999.000 -9999.000 -9999.000 -9999.000 -9999.000 -9999.000 -9999.000 -9999.000 -9999.000 -9999.000 -9999.000 -9999.000 -9999.000 -9999.000 -9999.000 -9999.000 -9999.000 nan nan 166.778 171.920 166.845 151.032 168.159 126.761 155.050 170.373 168.968 126.157 172.299 171.222 156.614 170.445 158.400 nan nan nan 175.163 137.392 127.423 125.658 131.298 127.033 124.995 129.947 128.636 154.730 180.258 nan nan nan nan nan nan nan nan nan nan nan 59.652 168.154 23.776 nan 70.950
-9999.000 -9999.000 -9999.000 -9999.000 -9999.000 -9999.000 -9999.000 -9999.000 -9999.000 -9999.000 -9999.000 -9999.000 -9999.000 -9999.000 -9999.000 -9999.000 nan nan nan nan 171.100 168.157 171.782 153.661 139.563 157.308 170.957 123.073 121.791 149.536 122.382 162.911 158.054 61.962 nan nan nan nan 170.010 133.048 129.769 130.364 124.461 123.612 124.343 160.392 167.010 165.867 166.393 167.152 nan nan nan nan nan nan nan nan nan nan nan nan nan nan nan nan
-9999.000 -9999.000 -9999.000 -9999.000 -9999.000 -9999.000 -9999.000 -9999.000 -9999.000 -9999.000 -9999.000 -9999.000 -9999.000 -9999.000 -9999.000 -9999.000 nan 165.065 169.780 172.435 170.083 169.487 169.025 160.496 142.161 124.308 159.491 152.604 172.653 139.221 169.360 161.953 157.832 91.549 nan nan nan 173.744 134.947 126.359 154.750 133.104 124.496 143.392 161.706 159.111 164.965 nan nan 174.446 nan 8.126 nan nan nan nan nan nan nan nan nan nan nan nan nan nan
-9999.000 -9999.000 -9999.000 -9999.000 -9999.000 -9999.000 -9999.000 -9999.000 -9999.000 -9999.000 -9999.000 -9999.000 -9999.000 -9999.000 -9999.000 nan nan 165.930 170.380 170.852 169.763 169.521 167.905 166.735 157.655 127.084 125.919 148.672 164.761 127.321 153.899 157.730 158.211 165.487 173.116 170.701 133.619 129.000 125.636 129.134 150.701 130.067 162.002 165.846 nan 166.485 168.917 nan nan nan nan nan 187.447 179.874 145.300 145.372 145.845 145.710 145.426 153.352 190.897 nan nan nan nan nan
-9999.000 -9999.000 -9999.000 -9999.000 -9999.000 -9999.000 -9999.000 -9999.000 -9999.000 -9999.000 -9999.000 -9999.000 -9999.000 -9999.000 nan nan 169.013 171.661 168.567 169.711 170.213 169.295 166.492 163.041 155.867 167.953 124.199 124.271 156.713 168.396 155.748 154.138 159.456 166.070 170.667 161.001 134.990 124.268 130.072 167.772 132.962 152.507 83.394 22.043 nan nan nan nan nan nan 188.815 184.112 151.415 139.879 135.969 133.583 133.852 133.066 133.611 149.875 184.721 191.714 nan nan nan nan
-9999.000 -9999.000 -9999.000 -9999.000 -9999.000 -9999.000 -9999.000 -9999.000 -9999.000 -9999.000 -9999.000 -9999.000 -9999.000 nan nan 168.402 170.267 170.066 171.836 169.621 169.659 169.071 168.937 161.464 156.042 158.200 168.384 137.546 161.140 162.090 162.159 162.811 162.150 166.474 129.747 130.321 147.607 133.993 160.779 171.169 136.638 164.363 nan nan 11.096 nan nan nan nan nan 184.563 167.887 135.326 134.062 132.109 130.743 129.167 129.856 137.799 159.977 167.456 184.886 nan nan nan nan
-9999.000 -9999.000 -9999.000 -9999.000 -9999.000 -9999.000 -9999.000 -9999.000 -9999.000 -9999.000 -9999.000 -9999.000 nan nan 166.476 170.351 171.262 172.644 169.480 168.779 169.506 169.087 169.075 164.005 158.787 161.663 156.767 159.285 165.608 159.628 168.015 160.325 164.234 170.687 127.117 148.487 146.565 139.199 164.295 170.221 169.824 28.457 nan nan 169.289 174.371 nan nan 50.424 191.466 172.826 170.429 133.009 130.396 127.729 127.354 125.317 126.650 158.676 140.112 158.917 169.420 188.827 11.495 nan nan
-9999.000 -9999.000 -9999.000 -9999.000 nan -9999.000 -9999.000 -9999.000 -9999.000 -9999.000 -9999.000 nan nan 165.479 170.466 171.233 171.154 168.488 170.050 166.804 169.061 169.094 168.399 162.484 164.165 158.249 40.094 162.753 166.861 160.887 164.035 162.247 168.688 170.862 172.140 157.456 159.206 169.377 163.741 160.198 nan nan 12.678 171.187 170.463 173.357 61.386 nan nan 186.433 170.352 161.612 156.693 129.195 126.874 126.423 168.227 158.737 167.284 170.828 94.808 79.490 69.891 189.880 188.290 189.324
-9999.000 -9999.000 -9999.000 -9999.000 nan nan nan nan nan nan nan nan 169.761 166.079 170.922 171.021 171.949 170.187 168.899 166.813 168.586 168.639 162.960 164.482 164.223 nan 167.755 166.199 160.487 169.354 169.025 169.200 160.800 170.202 157.650 151.229 170.459 164.915 nan nan 82.596 166.237 169.616 166.706 170.969 nan nan nan 4.928 180.951 171.706 159.616 155.804 145.180 142.456 166.438 169.079 nan 17.285 nan nan nan nan 172.745 165.193 162.494
-9999.000 -9999.000 -9999.000 -9999.000 nan nan nan 165.235 168.737 167.431 164.417 163.582 169.687 169.959 169.986 170.843 169.706 170.889 167.748 166.924 166.120 168.357 168.391 164.846 163.108 165.610 168.828 165.403 162.078 168.613 169.978 170.000 171.261 126.253 146.797 150.565 163.262 160.939 nan nan nan 167.746 170.531 4.616 nan nan nan nan 181.177 176.205 166.502 164.827 157.865 156.639 167.780 161.732 nan nan nan nan 11.409 nan 186.226 168.611 144.892 147.454
-9999.000 -9999.000 -9999.000 -9999.000 -9999.000 nan 168.613 172.711 166.440 164.410 169.491 170.261 164.499 170.680 170.458 170.759 170.086 170.073 168.137 166.992 165.323 169.384 166.242 165.796 165.065 169.000 165.177 168.599 164.691 162.511 169.855 171.567 170.386 127.400 162.952 163.592 159.406 161.810 166.092 168.614 nan nan nan nan nan nan nan 187.360 177.113 177.076 169.347 165.887 162.822 163.354 169.874 162.833 11.743 151.506 nan nan nan nan 183.068 176.711 138.158 141.080
-9999.000 -9999.000 -9999.000 -9999.000 -9999.000 nan 165.988 169.561 168.001 169.337 169.284 168.520 168.948 167.275 170.820 170.777 170.295 169.098 166.783 168.748 168.989 168.487 168.303 168.302 165.323 168.516 164.544 165.324 169.066 166.747 161.963 168.346 168.769 166.692 161.200 nan 163.583 161.498 164.200 160.750 168.171 nan nan nan nan nan 68.856 183.175 183.375 180.496 176.669 171.504 160.282 166.960 167.086 152.503 132.840 152.940 173.314 185.437 nan 185.935 170.706 177.944 142.028 137.018
-9999.000 -9999.000 -9999.000 -9999.000 -9999.000 nan 167.461 169.407 169.955 169.616 165.458 165.757 167.109 169.359 170.818 170.202 170.832 162.659 166.872 168.348 nan 168.727 170.820 169.309 168.740 165.282 165.993 168.530 163.923 164.283 162.958 160.778 167.293 164.065 nan nan nan nan 169.048 162.072 169.070 169.880 36.949 nan nan nan 186.140 178.681 178.465 176.951 170.804 165.999 161.575 160.465 167.113 167.703 164.190 165.817 173.549 nan 188.245 181.042 152.499 165.842 168.137 152.091
