test_integration/test_sample_run/example/output_maps/SWEDENSITYN0111.asc
ncols         174
nrows         141
xllcorner     744500.000000
yllcorner     5140950.000000
cellsize      250.000000
NODATA_value  -9999.0
[rows 60 to 89 of 141, columns 0 to 66 of 174]
-9999.000 -9999.000 -9999.000 -9999.000 -9999.000 nan 189.674 189.863 192.582 nan nan nan nan 190.236 191.069 106.580 56.420 189.818 188.760 nan nan 9.148 83.538 188.065 188.943 187.037 187.063 186.698 nan nan 187.671 nan nan nan nan nan nan nan nan nan nan nan nan nan nan nan 38.052 184.446 162.559 164.337 189.811 186.229 183.153 182.237 185.512 183.115 nan nan nan nan 200.754 191.884 173.275 162.330 183.583 183.312 187.678
-9999.000 -9999.000 -9999.000 -9999.000 -9999.000 nan 188.919 189.356 188.820 190.397 nan 189.519 79.678 191.528 nan 116.009 67.201 7.694 nan nan nan nan 103.614 186.600 186.994 188.641 187.243 nan nan 122.720 22.705 nan nan nan nan nan nan nan nan nan nan nan nan nan nan nan 198.715 186.198 157.901 160.246 188.210 187.331 183.147 184.751 nan nan nan nan nan nan 198.598 194.721 181.575 164.328 165.045 174.725 164.099
-9999.000 -9999.000 -9999.000 -9999.000 -9999.000 nan 189.259 188.560 190.876 189.098 nan nan 191.107 189.075 182.147 187.366 189.185 4.618 nan nan 64.971 187.993 185.210 181.835 188.591 187.206 188.091 102.204 nan 190.339 nan nan nan nan nan nan nan nan nan nan nan nan nan nan nan nan 195.388 189.693 186.283 181.620 160.479 181.808 184.402 nan nan nan nan nan nan 202.908 198.219 nan nan 117.131 183.628 177.618 167.580
-9999.000 -9999.000 -9999.000 -9999.000 186.692 187.386 161.650 190.288 188.154 191.487 nan 42.961 nan nan 181.642 187.660 190.289 13.619 nan nan 187.557 186.152 189.053 186.394 nan 122.465 nan nan nan nan nan nan nan nan nan nan nan nan nan nan nan nan nan 127.902 200.374 203.345 nan nan nan 186.303 164.048 157.920 189.483 nan nan nan nan nan nan 198.990 197.914 196.073 46.066 nan 185.069 188.418 103.168
-9999.000 -9999.000 -9999.000 -9999.000 -9999.000 186.769 nan 172.892 166.824 159.226 159.521 158.866 187.224 190.354 nan nan 64.609 103.422 nan nan 18.810 191.659 44.386 nan nan nan nan nan nan nan nan nan nan nan nan nan nan nan nan nan nan nan 200.424 197.110 167.878 171.128 176.654 36.903 nan nan 59.966 186.943 nan nan nan nan nan nan 199.279 193.414 179.447 162.347 157.776 157.044 182.073 188.711 nan
-9999.000 -9999.000 -9999.000 -9999.000 -9999.000 -9999.000 nan 170.017 160.813 161.541 167.845 164.435 154.966 159.149 nan nan nan 87.762 nan nan nan nan nan nan nan 74.804 nan nan nan nan nan nan nan nan nan nan nan nan nan nan nan 200.410 197.449 188.822 160.466 162.774 159.929 168.515 177.207 193.805 nan nan nan nan nan nan nan nan 198.087 191.915 182.197 181.392 156.744 156.595 156.308 175.725 189.272
-9999.000 -9999.000 -9999.000 -9999.000 -9999.000 132.889 189.256 154.246 146.425 156.128 184.630 187.765 190.575 180.153 188.471 nan 57.522 147.410 60.624 nan nan nan nan nan nan nan nan nan nan nan nan nan nan nan nan nan nan nan nan nan 200.520 175.232 165.025 161.055 156.538 160.546 156.969 159.674 161.302 178.853 185.311 nan nan nan nan nan 197.718 197.585 197.962 nan nan nan 185.500 70.595 186.149 176.928 171.655
-9999.000 -9999.000 -9999.000 -9999.000 -9999.000 187.033 184.862 146.914 134.632 145.508 169.728 182.887 nan nan nan nan nan nan nan nan nan nan nan nan nan nan nan nan nan nan nan nan nan nan nan nan nan nan nan nan 177.679 161.374 158.711 154.195 156.450 155.144 154.601 155.384 158.148 159.278 159.245 178.948 190.620 nan nan 196.917 196.023 188.314 167.590 196.087 nan nan nan nan nan 185.814 154.925
-9999.000 -9999.000 -9999.000 -9999.000 -9999.000 -9999.000 186.590 152.842 183.123 147.527 167.894 173.697 185.165 nan nan nan nan 190.369 195.018 190.739 nan nan nan nan nan nan nan nan nan nan nan nan nan nan nan nan nan nan 199.379 197.647 162.955 154.770 157.128 153.839 152.719 148.702 154.153 153.870 156.526 154.822 153.664 154.939 164.832 181.917 194.688 196.073 179.598 180.525 161.703 183.087 190.277 140.791 nan nan nan nan 176.882
-9999.000 -9999.000 -9999.000 -9999.000 -9999.000 -9999.000 184.203 155.426 184.197 179.750 168.325 152.382 176.681 59.000 190.108 190.467 182.734 164.937 167.866 182.713 191.552 nan nan nan nan nan nan nan nan nan nan nan nan nan nan 42.905 195.166 198.383 193.958 191.119 162.746 156.202 152.982 148.760 144.983 140.182 147.151 147.379 152.353 150.109 150.158 153.011 158.549 176.106 192.466 195.106 158.489 157.399 158.951 175.572 183.925 181.471 189.215 189.334 99.606 nan nan
-9999.000 -9999.000 -9999.000 -9999.000 -9999.000 -9999.000 -9999.000 178.217 186.459 179.676 146.928 151.573 170.573 183.115 187.114 186.715 157.504 156.974 158.512 165.475 181.791 191.353 nan nan nan nan nan nan nan nan 42.669 195.320 195.234 199.376 169.880 163.678 163.455 180.269 181.412 183.533 181.714 180.371 150.474 144.174 134.297 140.260 137.423 136.787 146.034 146.303 142.773 154.757 168.880 174.285 191.448 192.345 164.939 154.236 154.298 157.552 157.419 157.192 156.063 158.229 172.955 186.570 183.920
-9999.000 -9999.000 -9999.000 -9999.000 -9999.000 -9999.000 -9999.000 158.465 151.789 144.937 154.158 167.646 181.000 172.828 175.330 186.502 150.658 154.821 154.762 155.785 179.546 182.588 48.744 nan nan nan nan nan 37.047 nan 194.310 194.787 168.187 163.740 159.282 156.739 157.626 169.291 162.426 161.682 181.970 173.212 152.550 133.440 134.317 146.639 165.374 151.798 127.108 129.882 154.754 165.441 172.867 183.484 190.844 189.287 177.376 152.348 154.132 156.143 153.288 153.626 152.595 152.327 162.804 180.648 183.944
-9999.000 -9999.000 -9999.000 -9999.000 -9999.000 -9999.000 -9999.000 -9999.000 187.847 151.081 172.734 168.617 174.001 161.050 161.180 155.398 151.790 150.046 152.563 153.261 176.770 188.250 nan nan nan nan 197.523 nan 196.512 192.514 166.793 162.983 158.374 160.210 163.981 157.243 155.421 158.637 158.830 154.465 163.132 168.707 170.709 161.913 160.841 164.506 130.028 139.121 145.391 157.711 171.955 178.342 nan nan 186.498 188.257 174.142 149.183 164.834 154.137 153.819 155.132 146.441 152.378 161.422 160.142 183.504
-9999.000 -9999.000 -9999.000 -9999.000 -9999.000 -9999.000 -9999.000 -9999.000 nan 178.014 176.552 178.015 157.432 166.358 157.044 145.696 139.935 148.470 180.185 174.551 69.236 nan 137.045 134.850 192.784 198.906 195.987 199.354 175.191 166.674 158.059 156.096 154.229 154.156 157.846 155.931 151.458 154.641 152.437 153.233 153.553 171.612 173.614 168.569 169.450 169.361 133.893 141.889 154.606 132.214 173.599 nan nan 28.983 183.888 184.490 170.064 146.371 167.890 157.721 155.024 152.396 140.760 153.229 161.268 162.607 182.098
-9999.000 -9999.000 -9999.000 -9999.000 -9999.000 -9999.000 -9999.000 nan nan 33.127 177.285 183.205 167.186 158.963 162.068 137.358 151.602 177.999 177.233 162.294 171.593 187.569 nan 191.839 194.148 172.936 162.028 161.890 160.334 157.629 156.488 154.127 154.651 152.459 150.711 152.853 146.040 152.100 155.026 154.207 150.055 145.602 158.172 176.331 175.504 168.500 162.100 141.784 138.920 149.694 nan nan nan 177.347 180.318 163.884 172.689 179.046 158.756 151.803 149.881 146.800 151.773 165.506 169.284 169.215 181.496
-9999.000 -9999.000 -9999.000 -9999.000 -9999.000 -9999.000 nan nan 126.033 nan 183.593 180.439 167.573 155.122 147.065 140.146 176.388 175.574 176.145 143.870 168.103 182.733 32.725 191.818 181.233 159.538 154.256 158.099 156.193 156.101 154.852 152.031 151.911 148.476 144.755 152.707 146.984 151.768 148.786 147.926 146.575 140.597 159.056 160.374 180.794 180.029 168.350 149.035 162.883 nan 154.545 150.217 177.128 165.773 169.791 151.653 170.302 180.395 161.437 145.905 143.005 139.230 166.217 167.028 167.523 176.862 177.662
-9999.000 -9999.000 -9999.000 -9999.000 -9999.000 nan nan 182.421 183.211 179.202 178.067 182.724 158.175 149.858 136.581 146.496 154.117 154.451 154.303 178.650 nan nan 92.547 189.518 158.482 154.451 148.275 153.890 155.325 154.274 151.591 162.609 142.206 138.950 165.103 150.337 166.363 142.604 144.604 144.546 153.253 170.355 170.411 170.064 174.590 171.558 158.443 179.627 168.231 170.647 143.846 163.685 170.778 170.107 158.629 153.542 147.926 142.739 141.688 141.593 137.659 135.069 180.723 171.867 170.882 173.913 157.186
-9999.000 -9999.000 -9999.000 nan nan nan 185.613 160.059 153.056 157.357 158.692 160.761 157.137 153.283 131.804 143.875 140.667 133.794 145.867 nan nan nan 190.943 185.148 152.982 155.449 139.905 150.926 155.793 151.525 149.569 169.722 153.920 141.995 148.776 135.639 183.457 148.693 150.019 150.989 153.695 161.905 161.088 160.670 154.546 162.182 144.025 139.346 179.186 168.811 176.088 nan 171.396 168.898 156.173 166.889 135.374 129.659 132.737 133.954 131.912 145.943 170.054 171.339 172.664 158.880 160.692
-9999.000 -9999.000 176.710 180.632 167.516 186.430 149.261 148.903 142.653 143.684 151.533 152.162 153.311 146.657 142.524 145.121 178.251 171.830 170.841 nan 185.625 170.700 172.191 167.715 164.693 149.465 153.224 151.479 151.922 144.118 145.086 147.384 177.292 178.029 139.689 143.030 145.991 143.615 168.716 163.766 154.707 173.785 155.495 156.287 139.438 144.919 169.664 158.465 154.348 nan 176.193 176.297 153.705 161.831 156.584 156.147 166.305 161.451 144.059 164.126 170.196 nan 173.320 174.984 175.818 180.014 180.382
-9999.000 -9999.000 179.688 181.247 169.269 152.502 142.520 142.911 127.851 136.809 138.599 149.847 149.719 144.219 142.471 144.838 178.872 155.797 71.561 174.431 166.926 160.329 157.118 155.686 162.340 143.186 146.289 144.422 144.229 163.081 152.900 164.444 176.145 179.052 159.441 139.384 137.711 150.731 174.244 181.390 155.290 180.208 179.992 173.857 167.776 148.923 178.440 177.408 149.508 146.307 145.331 147.129 148.147 152.678 154.002 163.927 140.053 149.717 170.282 169.190 nan nan 177.132 176.873 108.855 nan 178.599
-9999.000 -9999.000 -9999.000 183.848 188.480 146.626 138.174 123.080 139.443 169.032 145.631 148.951 148.113 143.465 128.006 167.892 172.012 170.739 nan nan 165.540 168.835 151.907 153.107 169.024 136.214 141.422 143.767 153.203 155.230 184.925 164.319 157.106 155.689 174.230 151.835 181.101 165.353 170.363 159.079 167.489 165.452 141.352 173.423 163.928 173.527 139.021 145.035 156.126 134.874 125.280 142.433 140.902 148.828 145.082 144.239 130.719 166.428 99.615 nan nan nan nan nan nan 118.395 179.083
-9999.000 -9999.000 -9999.000 -9999.000 -9999.000 -9999.000 171.809 135.505 163.845 139.935 146.170 146.154 144.610 131.222 124.852 179.971 nan nan nan 185.990 170.111 158.199 168.543 150.028 174.005 131.941 179.367 158.883 169.571 167.916 148.373 142.649 148.832 140.043 152.453 141.944 171.234 174.858 144.668 142.898 179.405 160.541 135.585 139.945 157.987 167.916 139.470 170.734 131.542 129.051 123.486 124.917 151.186 139.982 133.612 147.045 176.468 nan nan nan nan nan nan nan nan 179.337 nan
-9999.000 -9999.000 -9999.000 -9999.000 -9999.000 -9999.000 -9999.000 179.594 131.387 125.810 126.549 128.613 127.432 121.334 174.877 145.809 nan nan 151.518 154.088 157.098 156.441 171.356 163.419 172.367 165.769 177.320 179.859 161.033 169.276 131.325 126.443 143.800 149.012 137.778 177.770 146.974 142.535 147.486 136.879 141.567 145.171 160.579 175.767 167.643 161.343 175.759 163.418 177.259 144.103 171.518 141.656 173.288 174.912 166.770 nan nan nan nan nan nan nan nan nan nan 7.940 nan
-9999.000 -9999.000 -9999.000 -9999.000 -9999.000 -9999.000 -9999.000 170.593 166.512 156.484 143.177 136.890 150.066 176.353 174.475 166.527 nan 179.332 152.162 144.759 146.519 152.304 159.131 172.203 147.905 103.454 151.026 140.784 144.062 133.303 139.672 137.771 144.152 166.892 154.313 173.171 147.102 135.449 147.471 136.707 153.679 174.516 nan 170.748 nan 21.380 160.817 163.513 170.658 70.032 nan 165.254 nan nan nan nan nan nan nan nan 57.903 179.613 nan nan nan nan 171.838
-9999.000 -9999.000 -9999.000 -9999.000 -9999.000 -9999.000 -9999.000 -9999.000 nan nan 170.014 160.253 164.650 165.550 173.288 nan 169.648 182.536 163.187 127.517 132.855 150.393 162.832 143.015 140.387 138.510 173.248 153.202 142.206 140.834 143.119 161.830 142.804 182.038 161.835 150.968 166.000 161.461 173.406 169.073 nan 169.951 nan nan 175.293 nan 162.533 168.053 168.948 nan nan nan nan nan nan nan nan nan nan nan 175.202 176.137 nan nan nan nan nan
-9999.000 -9999.000 -9999.000 -9999.000 -9999.000 -9999.000 -9999.000 -9999.000 -9999.000 nan nan nan nan nan nan nan 179.065 172.511 148.699 172.014 171.534 162.439 164.205 129.833 136.779 168.902 168.211 175.388 171.186 166.668 180.922 159.178 174.918 173.808 nan 179.107 nan nan nan nan nan nan nan nan nan nan nan nan 169.968 163.590 nan nan nan nan nan nan nan nan nan nan nan nan nan nan nan nan nan
-9999.000 -9999.000 -9999.000 -9999.000 -9999.000 -9999.000 -9999.000 -9999.000 -9999.000 -9999.000 nan nan nan nan nan 176.588 160.497 148.226 125.479 177.666 nan 182.861 147.801 159.320 183.161 181.813 nan nan nan nan nan nan nan nan nan 169.953 172.800 nan nan nan 175.470 175.066 nan nan nan nan nan nan nan 156.993 162.191 nan nan nan nan nan nan nan nan nan nan nan nan nan nan nan nan
-9999.000 -9999.000 -9999.000 -9999.000 -9999.000 -9999.000 -9999.000 -9999.000 -9999.000 -9999.000 -9999.000 nan nan 182.037 182.441 184.510 146.958 135.027 134.972 156.278 173.191 177.856 138.671 137.811 174.240 146.858 nan nan nan nan nan nan nan nan nan 33.617 178.222 nan nan nan 172.741 nan 174.546 nan nan nan nan nan nan nan 163.107 166.910 176.387 178.077 nan nan nan nan nan 176.226 nan nan nan nan nan nan nan
-9999.000 -9999.000 -9999.000 -9999.000 -9999.000 -9999.000 -9999.000 -9999.000 -9999.000 -9999.000 -9999.000 -9999.000 nan 185.267 166.126 157.437 139.845 125.248 176.708 167.401 169.485 170.644 155.737 161.505 129.842 126.793 158.965 173.302 nan nan nan nan nan nan nan nan nan nan nan nan nan nan nan nan nan nan nan nan nan nan nan nan 176.355 176.016 nan nan nan nan 174.243 nan nan nan nan nan nan 174.984 nan
-9999.000 -9999.000 -9999.000 -9999.000 -9999.000 -9999.000 -9999.000 -9999.000 -9999.000 -9999.000 -9999.000 -9999.000 nan 186.422 149.833 163.618 130.070 135.597 163.298 97.160 160.315 169.672 180.160 nan 143.773 123.705 134.507 162.911 166.864 182.172 nan nan nan nan nan nan nan nan nan nan nan nan nan nan nan nan nan nan nan nan nan nan nan nan nan nan nan nan nan nan nan 171.854 165.085 169.706 153.117 151.945 155.514
