test_integration/test_sample_run/example/output_maps/SWEDENSITYN0177.asc
ncols         174
nrows         141
xllcorner     744500.000000
yllcorner     5140950.000000
cellsize      250.000000
NODATA_value  -9999.0
[rows 64 to 95 of 141, columns 72 to 143 of 174]
200.789 198.431 199.877 209.975 nan nan 169.179 nan nan nan nan nan nan nan nan nan nan nan 215.088 215.880 220.604 nan nan nan nan nan nan nan nan nan nan nan nan nan nan nan nan nan nan nan nan nan nan nan nan nan 180.153 181.149 210.324 nan nan 206.848 10.224 nan nan nan nan nan nan nan nan nan 174.009 174.775 196.385 nan nan nan nan nan nan nan
195.894 210.361 202.996 nan nan 209.504 202.072 204.543 nan nan nan nan nan nan nan nan nan nan nan nan nan nan nan nan nan nan nan nan nan nan nan nan 206.386 nan nan nan nan nan nan nan nan nan nan nan nan nan 192.215 182.801 nan nan 193.454 185.416 210.944 nan nan nan nan nan nan nan nan nan 173.410 218.587 nan nan nan nan nan nan nan nan
219.963 217.601 nan nan 213.871 201.832 197.934 214.675 nan nan nan nan nan nan nan nan nan nan nan nan nan nan nan nan nan nan nan nan nan nan nan nan nan nan nan nan 210.055 208.787 219.124 nan nan nan nan nan nan 220.429 231.960 220.699 nan nan 184.684 185.324 nan nan nan nan nan nan nan nan 205.673 190.698 nan nan nan nan nan nan nan 203.852 196.460 nan
25.651 216.172 nan nan 200.739 202.054 205.636 208.993 27.401 nan nan nan nan nan nan nan nan nan nan nan nan nan nan nan nan nan nan 208.218 206.890 62.197 206.694 183.484 nan nan nan nan 195.809 202.473 205.517 214.312 nan nan nan 229.525 215.891 215.534 229.194 nan nan 214.003 195.298 213.700 nan nan nan nan nan nan 228.394 215.318 175.660 182.676 nan nan nan nan nan 198.927 201.866 190.762 181.077 218.035
nan nan nan 103.470 215.546 215.704 nan nan nan nan nan nan nan nan nan nan nan nan nan nan nan nan nan nan nan 203.489 206.919 201.701 10.890 183.215 186.087 nan nan nan nan nan 203.853 186.094 196.101 198.596 204.227 213.672 nan nan nan nan nan nan nan 207.651 218.375 nan nan nan nan nan 219.763 207.129 202.183 187.720 207.645 nan nan nan nan 205.118 193.273 186.075 177.626 183.551 nan 222.941
nan nan nan nan nan nan nan nan nan nan nan nan nan nan nan nan nan nan nan nan 137.179 206.205 202.114 207.234 207.065 206.856 208.792 213.310 176.920 197.436 181.612 nan nan nan nan nan 214.545 186.359 182.026 182.267 189.771 201.926 nan nan nan nan nan nan 207.735 220.862 215.195 nan nan nan nan nan 20.355 211.160 205.228 214.073 nan nan nan nan 210.418 185.050 183.595 179.368 178.283 212.066 nan -9999.000
nan nan nan nan nan nan nan nan nan nan nan nan nan nan nan nan nan nan 122.112 nan 198.661 nan 198.765 197.886 nan 43.812 nan nan 197.436 197.923 229.779 nan nan 217.484 nan nan nan 235.710 194.292 201.609 188.261 206.134 221.319 nan nan nan nan nan 186.387 191.939 229.456 nan nan nan nan nan nan nan nan nan nan nan 231.865 195.353 181.605 -9999.000 -9999.000 -9999.000 nan -9999.000 -9999.000 -9999.000
nan nan nan nan nan 213.780 212.645 nan nan nan nan nan nan nan nan nan nan nan nan 212.966 181.952 182.266 204.639 190.533 181.007 186.104 200.472 nan 222.455 186.296 219.114 nan 205.365 218.181 228.053 nan nan nan nan 226.872 207.691 209.444 204.750 220.580 238.052 nan nan nan 242.147 234.069 216.410 nan nan nan nan nan nan nan nan nan nan nan nan 206.648 -9999.000 -9999.000 -9999.000 -9999.000 -9999.000 -9999.000 -9999.000 -9999.000
nan nan nan nan 214.761 214.362 nan nan nan nan nan nan nan nan nan nan nan nan nan nan 230.070 208.315 189.548 182.207 179.141 195.444 195.604 192.655 nan 217.151 215.995 nan 191.258 218.335 201.913 238.158 nan nan nan nan nan 201.517 212.075 205.804 189.180 201.419 227.640 nan nan nan nan nan nan nan nan nan nan nan nan nan nan nan nan -9999.000 -9999.000 -9999.000 -9999.000 -9999.000 -9999.000 -9999.000 -9999.000 -9999.000
nan nan nan 220.200 210.588 218.481 nan nan nan nan nan nan nan nan nan nan nan nan nan nan nan 223.431 173.356 178.355 182.339 197.355 188.405 180.802 215.573 219.664 221.090 200.510 nan 192.740 190.701 195.457 212.573 220.360 nan nan 233.118 230.273 202.202 195.952 191.538 198.697 225.519 216.019 nan nan nan nan nan nan nan nan nan nan nan nan 219.834 251.106 nan -9999.000 -9999.000 -9999.000 -9999.000 -9999.000 -9999.000 -9999.000 -9999.000 -9999.000
nan 221.256 193.238 204.082 nan nan nan nan nan nan nan nan nan nan nan nan nan nan nan nan nan nan nan nan nan 209.056 182.451 181.842 194.542 224.345 nan nan nan 195.204 194.375 190.745 208.225 195.851 213.323 223.540 200.635 193.132 193.105 189.350 186.988 191.108 191.636 196.034 230.239 nan nan nan nan nan nan nan nan nan 210.724 185.686 181.009 188.490 208.713 -9999.000 -9999.000 -9999.000 -9999.000 -9999.000 -9999.000 -9999.000 -9999.000 -9999.000
nan 211.588 198.810 231.961 nan nan nan nan nan nan nan nan nan nan nan nan nan nan nan nan nan nan nan nan nan nan 194.695 219.307 203.572 248.847 nan nan 224.350 220.348 191.723 198.946 195.545 188.043 194.851 196.815 197.378 181.905 186.140 178.930 188.461 195.649 248.387 nan nan nan nan nan nan nan nan nan nan 227.481 211.799 188.509 180.469 188.595 -9999.000 -9999.000 -9999.000 -9999.000 -9999.000 -9999.000 -9999.000 -9999.000 -9999.000 -9999.000
nan 218.313 nan nan nan nan nan nan nan nan nan nan nan nan nan nan nan nan nan nan nan nan nan nan nan nan nan 214.964 231.510 nan nan 219.825 206.197 217.297 193.296 190.129 187.809 191.260 191.972 187.980 236.433 249.680 223.909 nan nan nan nan nan nan nan nan nan nan nan nan nan nan nan nan nan nan nan -9999.000 -9999.000 -9999.000 -9999.000 -9999.000 -9999.000 -9999.000 -9999.000 -9999.000 -9999.000
221.319 nan nan nan nan nan nan nan nan nan nan nan nan nan nan nan nan nan nan nan nan nan nan nan nan nan nan 223.536 234.012 nan 230.881 216.930 199.224 206.939 196.486 180.399 215.735 231.916 225.013 250.259 nan nan nan nan nan nan nan nan nan nan nan nan nan nan nan nan nan nan nan nan nan nan -9999.000 -9999.000 -9999.000 -9999.000 -9999.000 -9999.000 -9999.000 -9999.000 -9999.000 -9999.000
215.204 nan nan nan nan nan nan nan nan nan nan nan nan nan nan nan nan nan nan nan 218.877 216.475 nan nan nan nan nan nan nan nan nan nan 234.172 232.885 239.825 nan nan nan nan nan nan nan nan nan nan nan nan nan nan 213.084 207.855 226.159 nan nan nan nan nan nan nan nan nan nan -9999.000 -9999.000 -9999.000 -9999.000 -9999.000 -9999.000 -9999.000 -9999.000 -9999.000 -9999.000
nan nan nan nan nan nan nan nan nan nan nan nan nan nan nan nan nan nan nan nan nan nan nan nan nan nan nan nan nan nan nan nan nan nan nan nan nan nan nan nan nan nan nan nan nan nan nan nan 212.534 222.820 231.487 nan nan nan nan nan nan nan nan nan nan nan -9999.000 -9999.000 -9999.000 -9999.000 -9999.000 -9999.000 -9999.000 -9999.000 -9999.000 -9999.000
nan nan nan nan nan nan nan nan nan nan nan nan nan nan nan nan nan nan nan nan nan nan nan nan nan nan nan nan nan nan nan nan nan nan nan nan nan nan nan nan nan nan nan nan nan nan nan 222.024 231.918 nan nan nan nan nan nan nan nan nan nan nan nan nan -9999.000 -9999.000 -9999.000 -9999.000 -9999.000 -9999.000 -9999.000 -9999.000 -9999.000 -9999.000
nan nan nan nan nan nan nan nan nan nan nan nan nan nan nan nan nan nan nan nan nan nan nan nan nan nan nan nan nan nan nan nan nan nan nan nan nan nan nan nan nan nan nan nan nan nan nan nan nan nan nan nan nan 229.060 230.224 nan nan nan nan nan nan nan nan -9999.000 -9999.000 -9999.000 -9999.000 -9999.000 -9999.000 -9999.000 -9999.000 -9999.000
nan nan nan nan nan nan nan nan nan nan nan nan nan nan nan nan nan nan nan nan nan nan nan nan nan nan nan nan nan nan nan nan nan nan nan nan nan nan nan nan nan nan nan nan nan nan nan nan nan 232.756 228.234 218.961 216.742 200.698 215.915 nan nan nan 231.030 230.413 nan nan nan -9999.000 -9999.000 -9999.000 -9999.000 -9999.000 -9999.000 -9999.000 -9999.000 -9999.000
nan nan nan nan nan nan nan nan nan nan nan nan nan nan nan nan nan nan nan nan nan nan nan nan nan nan nan nan nan nan nan nan nan nan nan nan nan nan nan nan nan nan nan nan nan nan nan nan nan 220.785 219.237 231.122 202.320 207.448 nan nan nan nan 212.771 220.590 nan nan nan -9999.000 -9999.000 -9999.000 -9999.000 -9999.000 -9999.000 -9999.000 -9999.000 -9999.000
nan nan nan nan nan nan nan nan nan nan nan nan nan nan nan nan nan nan nan nan nan nan nan nan nan nan nan nan nan nan nan nan nan nan nan nan nan nan nan nan nan nan nan nan nan nan nan nan 233.006 231.259 229.290 227.825 213.091 nan nan nan nan 226.666 229.902 236.404 nan nan -9999.000 -9999.000 -9999.000 -9999.000 -9999.000 -9999.000 -9999.000 -9999.000 -9999.000 -9999.000
nan nan nan nan nan nan nan nan nan nan nan nan nan nan nan nan nan nan nan nan nan nan nan nan nan nan nan nan nan nan nan nan nan nan nan nan nan nan 240.378 208.309 191.639 198.233 193.842 212.940 nan nan 36.150 nan 235.415 nan nan 231.918 nan nan nan nan nan 236.033 nan 234.687 nan nan -9999.000 -9999.000 -9999.000 -9999.000 -9999.000 -9999.000 -9999.000 -9999.000 -9999.000 -9999.000
nan nan nan nan nan nan nan nan nan nan nan nan nan nan nan nan nan nan nan nan nan nan nan nan nan nan nan nan nan nan nan nan nan nan nan 235.660 208.008 205.305 211.477 203.032 206.494 204.800 208.486 211.779 230.985 234.686 nan nan nan nan nan nan nan nan nan nan 237.306 nan nan nan 217.650 nan -9999.000 -9999.000 -9999.000 -9999.000 -9999.000 -9999.000 -9999.000 -9999.000 -9999.000 -9999.000
nan nan nan nan nan nan nan nan nan nan nan nan nan nan nan nan nan nan nan nan nan nan nan nan nan nan nan nan nan nan nan nan nan nan nan 212.126 193.587 189.024 226.095 222.445 216.124 231.038 nan nan 227.908 nan nan nan nan nan nan nan nan nan nan nan 236.607 238.105 nan nan 201.230 nan -9999.000 -9999.000 -9999.000 -9999.000 -9999.000 -9999.000 -9999.000 -9999.000 -9999.000 -9999.000
nan nan nan nan nan nan nan nan nan nan nan nan nan nan nan nan nan nan nan nan nan nan nan nan nan nan nan nan nan nan nan 230.222 209.368 nan 223.056 209.305 205.219 213.614 219.393 230.225 230.807 nan nan nan 229.149 235.723 218.637 220.531 216.891 214.568 230.564 nan nan 227.816 229.805 231.051 236.665 nan nan nan 217.904 nan -9999.000 -9999.000 -9999.000 -9999.000 -9999.000 -9999.000 -9999.000 -9999.000 -9999.000 -9999.000
nan nan nan nan nan nan nan nan nan nan nan nan nan nan nan nan nan nan nan nan nan nan nan nan nan nan nan nan nan nan 226.810 204.670 201.430 229.608 227.148 208.646 217.384 225.239 216.976 232.428 232.215 223.444 216.894 209.940 nan 233.422 230.680 226.207 227.385 224.938 nan nan nan 232.145 nan 240.987 nan nan 235.564 nan nan nan -9999.000 -9999.000 -9999.000 -9999.000 -9999.000 -9999.000 -9999.000 -9999.000 -9999.000 -9999.000
nan nan nan nan nan nan nan nan nan nan nan nan nan nan nan nan nan nan nan nan nan nan nan nan nan nan nan nan nan 215.300 202.167 210.113 195.108 209.164 237.646 230.176 nan nan nan 225.211 227.885 232.599 216.709 213.825 nan nan nan nan nan nan nan 231.398 234.527 233.946 229.891 217.155 228.666 238.427 nan nan nan -9999.000 -9999.000 -9999.000 -9999.000 -9999.000 -9999.000 -9999.000 -9999.000 -9999.000 -9999.000 -9999.000
nan nan nan nan nan nan nan nan nan nan nan nan nan nan nan nan nan nan nan nan nan nan nan 209.547 nan 198.416 nan nan nan nan nan nan 227.473 208.241 230.460 nan nan nan nan 233.308 nan nan nan 223.909 nan -9999.000 -9999.000 -9999.000 -9999.000 -9999.000 -9999.000 -9999.000 230.112 nan nan 208.246 219.367 209.604 nan nan -9999.000 -9999.000 -9999.000 -9999.000 -9999.000 -9999.000 -9999.000 -9999.000 -9999.000 -9999.000 -9999.000 -9999.000
nan nan nan nan nan nan nan nan nan nan nan nan nan nan nan nan nan nan nan nan nan nan nan 224.370 187.619 nan nan nan nan nan nan nan nan nan nan nan nan nan nan nan 228.533 -9999.000 -9999.000 -9999.000 -9999.000 -9999.000 -9999.000 -9999.000 -9999.000 -9999.000 -9999.000 -9999.000 -9999.000 -9999.000 228.104 235.569 213.047 228.629 nan -9999.000 -9999.000 -9999.000 -9999.000 -9999.000 -9999.000 -9999.000 -9999.000 -9999.000 -9999.000 -9999.000 -9999.000 -9999.000
nan nan nan nan nan nan nan nan nan nan nan nan nan nan nan nan nan nan nan nan nan nan nan nan nan nan nan nan nan nan nan nan nan nan nan nan 222.308 nan nan -9999.000 -9999.000 -9999.000 -9999.000 -9999.000 -9999.000 -9999.000 -9999.000 -9999.000 -9999.000 -9999.000 -9999.000 -9999.000 -9999.000 -9999.000 -9999.000 229.012 nan nan -9999.000 -9999.000 -9999.000 -9999.000 -9999.000 -9999.000 -9999.000 -9999.000 -9999.000 -9999.000 -9999.000 -9999.000 -9999.000 -9999.000
nan nan nan nan nan nan nan nan nan nan nan nan nan nan nan nan nan nan nan nan 204.163 nan nan nan nan nan nan nan nan nan nan nan nan nan nan nan nan nan -9999.000 -9999.000 -9999.000 -9999.000 -9999.000 -9999.000 -9999.000 -9999.000 -9999.000 -9999.000 -9999.000 -9999.000 -9999.000 -9999.000 -9999.000 -9999.000 -9999.000 -9999.000 nan -9999.000 -9999.000 -9999.000 -9999.000 -9999.000 -9999.000 -9999.000 -9999.000 -9999.000 -9999.000 -9999.000 -9999.000 -9999.000 -9999.000 -9999.000
nan nan nan nan nan nan nan nan nan nan nan nan nan nan nan nan nan nan nan nan 220.932 nan nan nan nan nan nan nan nan nan nan 64.261 -9999.000 -9999.000 -9999.000 nan nan -9999.000 -9999.000 -9999.000 -9999.000 -9999.000 -9999.000 -9999.000 -9999.000 -9999.000 -9999.000 -9999.000 -9999.000 -9999.000 -9999.000 -9999.000 -9999.000 -9999.000 -9999.000 -9999.000 -9999.000 -9999.000 -9999.000 -9999.000 -9999.000 -9999.000 -9999.000 -9999.000 -9999.000 -9999.000 -9999.000 -9999.000 -9999.000 -9999.000 -9999.000 -9999.000
