test_integration/test_sample_run/example/output_maps/SWEDENSITYN0215.asc
ncols         174
nrows         141
xllcorner     744500.000000
yllcorner     5140950.000000
cellsize      250.000000
NODATA_value  -9999.0
[rows 64 to 95 of 141, columns 73 to 145 of 174]
199.493 200.800 210.641 nan nan nan nan nan nan nan nan nan nan nan nan nan nan 157.167 94.031 nan nan nan nan nan nan nan nan nan nan nan nan nan nan nan nan nan nan nan nan nan nan nan nan nan nan 182.495 183.152 211.765 nan nan 238.253 nan nan nan nan nan nan nan nan nan nan 176.224 177.302 198.136 nan nan nan nan nan nan nan 189.097 189.304
219.975 203.989 nan nan 215.603 202.917 205.314 nan nan nan nan nan nan nan nan nan nan nan nan nan nan nan nan nan nan nan nan nan nan nan nan 207.419 nan nan nan nan nan nan nan nan nan nan nan nan nan 194.119 185.136 nan nan 195.027 187.122 nan nan nan nan nan nan nan nan nan nan 175.998 239.745 nan nan nan nan nan nan nan nan 194.124 173.669
nan nan nan 229.829 202.791 199.021 222.410 nan nan nan nan nan nan nan nan nan nan nan nan nan nan nan nan nan nan nan nan nan nan nan nan nan nan nan nan 210.961 209.685 250.013 nan nan nan nan nan nan nan 246.937 nan nan nan 186.665 187.337 nan nan nan nan nan nan nan nan 221.806 204.911 nan nan nan nan nan nan nan 204.874 197.517 nan nan nan
242.673 nan nan 201.881 203.150 211.164 209.881 nan nan nan nan nan nan nan nan nan nan nan nan nan nan nan nan nan nan nan 76.874 207.859 61.220 207.568 185.267 nan nan nan nan 197.234 203.500 206.581 223.201 nan nan nan nan 231.442 231.162 251.536 nan nan 245.277 204.139 214.857 nan nan nan nan nan nan nan 231.629 183.427 185.158 nan nan nan nan nan 200.210 202.768 192.006 182.797 nan nan nan
nan nan nan 245.793 246.463 nan nan nan nan nan nan nan nan nan nan nan nan nan nan nan nan nan nan nan nan 207.892 202.752 9.888 184.835 187.595 nan nan nan nan nan 213.056 187.704 197.327 199.628 205.170 229.209 nan nan nan nan nan nan nan 209.030 234.281 nan nan nan nan nan 236.813 225.083 219.835 203.152 224.307 nan nan nan nan 236.976 194.608 187.405 179.336 185.281 nan 79.117 192.342 -9999.000
nan nan nan nan nan nan nan nan nan nan nan nan nan nan nan nan nan nan nan 113.411 207.201 203.205 208.213 208.226 207.801 222.628 228.955 178.836 202.268 183.790 nan nan nan nan nan 229.848 188.314 183.808 184.181 191.202 203.114 nan nan nan nan nan nan 224.631 230.213 241.503 nan nan nan nan nan nan 227.317 221.210 229.452 nan nan nan nan 237.199 186.868 185.221 181.230 180.560 nan nan -9999.000 -9999.000 -9999.000
nan nan nan nan nan nan nan nan nan nan nan nan nan nan nan nan nan 6.737 nan 199.755 nan 200.305 199.244 nan 39.685 nan nan 205.028 199.645 259.412 nan nan nan nan nan nan 265.296 195.919 203.111 190.128 224.847 251.777 nan nan nan nan nan 188.554 193.984 29.070 nan nan nan nan nan nan nan nan nan nan nan nan 199.258 183.638 -9999.000 -9999.000 -9999.000 nan -9999.000 -9999.000 -9999.000 -9999.000 -9999.000
nan nan nan nan 244.543 243.016 nan nan nan nan nan nan nan nan nan nan nan nan 124.827 183.783 183.907 205.672 191.824 182.823 187.598 201.980 nan nan 188.515 249.574 nan nan 248.667 242.906 nan nan nan nan 243.128 224.589 240.550 236.231 236.535 nan nan nan nan 255.009 250.126 nan nan nan nan nan nan nan nan nan nan nan nan nan 222.815 -9999.000 -9999.000 -9999.000 -9999.000 -9999.000 -9999.000 -9999.000 -9999.000 -9999.000 -9999.000
nan nan nan 230.805 245.075 nan nan nan nan nan nan nan nan nan nan nan nan nan nan 245.017 233.542 190.790 183.991 181.194 200.947 197.092 193.884 nan 226.442 246.830 nan 201.438 248.793 203.167 251.673 nan nan nan nan nan 213.686 213.332 207.272 191.174 203.025 nan nan nan nan nan nan nan nan nan nan nan nan nan nan nan nan nan -9999.000 -9999.000 -9999.000 -9999.000 -9999.000 -9999.000 -9999.000 -9999.000 -9999.000 -9999.000 -9999.000
nan nan nan 227.160 nan nan nan nan nan nan nan nan nan nan nan nan nan nan nan nan 238.722 175.930 180.851 184.654 nan 190.397 182.652 229.914 229.872 239.227 221.861 nan 226.575 192.584 201.444 228.581 227.136 nan nan nan 254.877 203.824 197.691 193.363 200.478 241.567 247.070 nan nan nan nan nan nan nan nan nan nan nan nan 254.853 nan nan -9999.000 -9999.000 -9999.000 -9999.000 -9999.000 -9999.000 -9999.000 -9999.000 -9999.000 -9999.000 -9999.000
nan 195.790 216.634 nan nan nan nan nan nan nan nan nan nan nan nan nan nan nan nan nan nan nan nan nan 239.682 184.201 183.787 204.069 237.703 nan nan nan 197.042 196.248 192.583 209.696 197.528 214.730 237.331 202.305 195.204 195.011 191.195 189.009 193.018 193.497 197.911 259.788 nan nan nan nan nan nan nan nan nan 228.064 187.482 182.888 190.450 226.448 -9999.000 -9999.000 -9999.000 -9999.000 -9999.000 -9999.000 -9999.000 -9999.000 -9999.000 -9999.000 -9999.000
227.103 211.357 259.377 nan nan nan nan nan nan nan nan nan nan nan nan nan nan nan nan nan nan nan nan nan nan 196.675 231.366 219.220 273.863 nan nan 254.532 229.539 193.602 200.678 197.124 190.105 196.827 198.544 199.126 184.222 188.341 181.365 190.816 197.663 275.511 nan nan nan nan nan nan nan nan nan nan nan 227.802 199.351 182.660 190.675 -9999.000 -9999.000 -9999.000 -9999.000 -9999.000 -9999.000 -9999.000 -9999.000 -9999.000 -9999.000 -9999.000 -9999.000
118.632 nan nan nan nan nan nan nan nan nan nan nan nan nan nan nan nan nan nan nan nan nan nan nan nan nan 230.149 244.897 nan nan 229.894 238.299 223.768 194.912 191.991 189.674 193.407 193.919 189.969 251.413 274.650 253.134 nan nan nan nan nan nan nan nan nan nan nan nan nan nan nan nan nan nan nan -9999.000 -9999.000 -9999.000 -9999.000 -9999.000 -9999.000 -9999.000 -9999.000 -9999.000 -9999.000 -9999.000 -9999.000
nan nan nan nan nan nan nan nan nan nan nan nan nan nan nan nan nan nan nan nan nan nan nan nan nan nan 55.689 261.090 nan 259.400 230.407 200.890 209.815 199.847 182.853 218.546 262.096 234.705 271.953 nan nan nan nan nan nan nan nan nan nan nan nan nan nan nan nan nan nan nan nan nan nan -9999.000 -9999.000 -9999.000 -9999.000 -9999.000 -9999.000 -9999.000 -9999.000 -9999.000 -9999.000 -9999.000 -9999.000
nan nan nan nan nan nan nan nan nan nan nan nan nan nan nan nan nan nan nan 53.920 225.829 nan nan nan nan nan nan nan nan nan nan 260.790 248.286 254.698 nan nan nan nan nan nan nan nan nan nan nan nan nan nan 223.301 217.027 256.146 nan nan nan nan nan nan nan nan nan nan -9999.000 -9999.000 -9999.000 -9999.000 -9999.000 -9999.000 -9999.000 -9999.000 -9999.000 -9999.000 -9999.000 -9999.000
nan nan nan nan nan nan nan nan nan nan nan nan nan nan nan nan nan nan nan nan nan nan nan nan nan nan nan nan nan nan nan nan nan nan nan nan nan nan nan nan nan nan nan nan nan nan nan 213.837 223.865 nan nan nan nan nan nan nan nan nan nan nan nan -9999.000 -9999.000 -9999.000 -9999.000 -9999.000 -9999.000 -9999.000 -9999.000 -9999.000 -9999.000 -9999.000 -9999.000
nan nan nan nan nan nan nan nan nan nan nan nan nan nan nan nan nan nan nan nan nan nan nan nan nan nan nan nan nan nan nan nan nan nan nan nan nan nan nan nan nan nan nan nan nan nan 246.166 262.973 nan nan nan nan nan nan nan nan nan nan nan nan nan -9999.000 -9999.000 -9999.000 -9999.000 -9999.000 -9999.000 -9999.000 -9999.000 -9999.000 -9999.000 -9999.000 -9999.000
nan nan nan nan nan nan nan nan nan nan nan nan nan nan nan nan nan nan nan nan nan nan nan nan nan nan nan nan nan nan nan nan nan nan nan nan nan nan nan nan nan nan nan nan nan nan nan nan nan nan nan nan 259.054 nan nan nan nan nan nan nan nan nan -9999.000 -9999.000 -9999.000 -9999.000 -9999.000 -9999.000 -9999.000 -9999.000 -9999.000 -9999.000 -9999.000
nan nan nan nan nan nan nan nan nan nan nan nan nan nan nan nan nan nan nan nan nan nan nan nan nan nan nan nan nan nan nan nan nan nan nan nan nan nan nan nan nan nan nan nan nan nan nan nan nan nan 249.381 247.306 202.199 238.880 nan nan nan nan 260.552 nan nan nan -9999.000 -9999.000 -9999.000 -9999.000 -9999.000 -9999.000 -9999.000 -9999.000 -9999.000 -9999.000 -9999.000
nan nan nan nan nan nan nan nan nan nan nan nan nan nan nan nan nan nan nan nan nan nan nan nan nan nan nan nan nan nan nan nan nan nan nan nan nan nan nan nan nan nan nan nan nan nan nan nan 229.592 249.563 262.169 204.902 229.478 nan nan nan nan 228.839 252.233 nan nan nan -9999.000 -9999.000 -9999.000 -9999.000 -9999.000 -9999.000 -9999.000 -9999.000 -9999.000 -9999.000 -9999.000
nan nan nan nan nan nan nan nan nan nan nan nan nan nan nan nan nan nan nan nan nan nan nan nan nan nan nan nan nan nan nan nan nan nan nan nan nan nan nan nan nan nan nan nan nan nan nan 260.794 260.835 258.775 257.823 235.325 nan nan nan nan 258.617 260.355 nan nan nan -9999.000 -9999.000 -9999.000 -9999.000 -9999.000 -9999.000 -9999.000 -9999.000 -9999.000 -9999.000 -9999.000 -9999.000
nan nan nan nan nan nan nan nan nan nan nan nan nan nan nan nan nan nan nan nan nan nan nan nan nan nan nan nan nan nan nan nan nan nan nan nan nan nan 218.667 193.304 199.745 195.507 245.117 nan nan nan nan nan nan nan 262.743 nan nan nan nan nan nan nan nan nan nan -9999.000 -9999.000 -9999.000 -9999.000 -9999.000 -9999.000 -9999.000 -9999.000 -9999.000 -9999.000 -9999.000 -9999.000
nan nan nan nan nan nan nan nan nan nan nan nan nan nan nan nan nan nan nan nan nan nan nan nan nan nan nan nan nan nan nan nan nan nan nan 223.051 212.504 226.564 208.880 207.877 206.226 209.858 238.871 nan 264.544 nan nan nan nan nan nan nan nan nan nan nan nan nan nan 248.681 nan -9999.000 -9999.000 -9999.000 -9999.000 -9999.000 -9999.000 -9999.000 -9999.000 -9999.000 -9999.000 -9999.000 -9999.000
nan nan nan nan nan nan nan nan nan nan nan nan nan nan nan nan nan nan nan nan nan nan nan nan nan nan nan nan nan nan nan nan nan nan 226.533 195.079 190.797 252.661 237.245 231.629 49.434 nan nan nan nan nan nan nan nan nan nan nan nan nan nan nan nan nan nan 202.807 nan -9999.000 -9999.000 -9999.000 -9999.000 -9999.000 -9999.000 -9999.000 -9999.000 -9999.000 -9999.000 -9999.000 -9999.000
nan nan nan nan nan nan nan nan nan nan nan nan nan nan nan nan nan nan nan nan nan nan nan nan nan nan nan nan nan nan 238.629 210.169 nan 235.163 224.241 215.340 214.824 251.274 102.678 260.008 nan nan nan nan nan 222.145 229.544 219.052 230.307 nan nan nan nan 261.120 nan nan nan nan nan 245.193 nan -9999.000 -9999.000 -9999.000 -9999.000 -9999.000 -9999.000 -9999.000 -9999.000 -9999.000 -9999.000 -9999.000 -9999.000
nan nan nan nan nan nan nan nan nan nan nan nan nan nan nan nan nan nan nan nan nan nan nan nan nan nan nan nan nan nan 205.623 202.476 nan 239.607 223.979 232.402 254.268 218.130 nan 261.726 224.760 218.021 228.660 nan nan 245.580 233.468 237.280 238.326 nan nan nan 261.873 nan nan nan nan nan nan nan nan -9999.000 -9999.000 -9999.000 -9999.000 -9999.000 -9999.000 -9999.000 -9999.000 -9999.000 -9999.000 -9999.000 -9999.000
nan nan nan nan nan nan nan nan nan nan nan nan nan nan nan nan nan nan nan nan nan nan nan nan nan nan nan nan 229.793 203.235 225.272 196.599 224.353 nan nan nan nan nan 251.059 257.204 249.724 233.195 246.050 nan nan nan nan nan nan nan nan nan 263.627 259.772 247.603 258.702 nan nan nan nan -9999.000 -9999.000 -9999.000 -9999.000 -9999.000 -9999.000 -9999.000 -9999.000 -9999.000 -9999.000 -9999.000 -9999.000 -9999.000
nan nan nan nan nan nan nan nan nan nan nan nan nan nan nan nan nan nan nan nan nan nan 210.406 nan 199.612 nan nan nan nan nan nan 256.995 222.162 259.661 nan nan nan nan 247.543 nan nan nan nan nan -9999.000 -9999.000 -9999.000 -9999.000 -9999.000 -9999.000 -9999.000 nan nan nan 226.179 220.454 239.184 nan nan -9999.000 -9999.000 -9999.000 -9999.000 -9999.000 -9999.000 -9999.000 -9999.000 -9999.000 -9999.000 -9999.000 -9999.000 -9999.000 -9999.000
nan nan nan nan nan nan nan nan nan nan nan nan nan nan nan nan nan nan nan nan nan nan nan 189.243 nan nan nan nan nan nan nan nan nan nan nan nan nan nan nan 258.119 -9999.000 -9999.000 -9999.000 -9999.000 -9999.000 -9999.000 -9999.000 -9999.000 -9999.000 -9999.000 -9999.000 -9999.000 -9999.000 nan nan 214.627 46.052 nan -9999.000 -9999.000 -9999.000 -9999.000 -9999.000 -9999.000 -9999.000 -9999.000 -9999.000 -9999.000 -9999.000 -9999.000 -9999.000 -9999.000 -9999.000
nan nan nan nan nan nan nan nan nan nan nan nan nan nan nan nan nan nan nan nan nan nan nan nan nan nan nan nan nan nan nan nan nan nan nan 245.593 nan nan -9999.000 -9999.000 -9999.000 -9999.000 -9999.000 -9999.000 -9999.000 -9999.000 -9999.000 -9999.000 -9999.000 -9999.000 -9999.000 -9999.000 -9999.000 -9999.000 257.846 nan nan -9999.000 -9999.000 -9999.000 -9999.000 -9999.000 -9999.000 -9999.000 -9999.000 -9999.000 -9999.000 -9999.000 -9999.000 -9999.000 -9999.000 -9999.000 -9999.000
nan nan nan nan nan nan nan nan nan nan nan nan nan nan nan nan nan nan nan 215.724 nan nan nan nan nan nan nan nan nan nan nan nan nan nan nan nan nan -9999.000 -9999.000 -9999.000 -9999.000 -9999.000 -9999.000 -9999.000 -9999.000 -9999.000 -9999.000 -9999.000 -9999.000 -9999.000 -9999.000 -9999.000 -9999.000 -9999.000 -9999.000 nan -9999.000 -9999.000 -9999.000 -9999.000 -9999.000 -9999.000 -9999.000 -9999.000 -9999.000 -9999.000 -9999.000 -9999.000 -9999.000 -9999.000 -9999.000 -9999.000 -9999.000
nan nan nan nan nan nan nan nan nan nan nan nan nan nan nan nan nan nan nan 224.425 nan nan nan nan nan nan nan nan nan nan nan -9999.000 -9999.000 -9999.000 nan nan -9999.000 -9999.000 -9999.000 -9999.000 -9999.000 -9999.000 -9999.000 -9999.000 -9999.000 -9999.000 -9999.000 -9999.000 -9999.000 -9999.000 -9999.000 -9999.000 -9999.000 -9999.000 -9999.000 -9999.000 -9999.000 -9999.000 -9999.000 -9999.000 -9999.000 -9999.000 -9999.000 -9999.000 -9999.000 -9999.000 -9999.000 -9999.000 -9999.000 -9999.000 -9999.000 -9999.000 -9999.000
