test_integration/test_sample_run/example/output_maps/SWEDENSITYN0109.asc
ncols         174
nrows         141
xllcorner     744500.000000
yllcorner     5140950.000000
cellsize      250.000000
NODATA_value  -9999.0
[rows 60 to 89 of 141, columns 67 to 133 of 174]
178.164 183.773 200.638 33.961 nan nan nan nan nan nan nan nan nan nan nan nan nan nan nan nan nan nan nan nan 76.196 192.452 190.861 183.146 171.036 179.955 181.453 186.212 188.949 nan nan nan nan nan 198.543 168.565 169.038 nan nan 163.005 159.995 160.043 160.717 160.829 161.626 159.623 160.361 160.693 167.893 163.984 163.506 165.921 190.171 nan nan 185.160 184.526 154.192 153.604 151.900 152.457 152.945 153.069
160.622 191.769 nan nan nan nan 206.769 nan nan nan nan nan nan nan nan nan nan nan nan nan nan nan nan nan 194.210 189.599 182.414 161.214 161.564 182.368 190.718 184.139 166.574 162.374 162.493 167.121 nan nan nan 190.829 181.458 nan nan 172.447 155.078 155.601 156.828 156.789 156.254 155.504 157.027 165.048 177.145 160.428 160.846 161.432 173.818 nan nan 185.735 181.589 179.296 168.892 142.662 142.379 141.936 164.736
186.718 nan nan 204.097 174.203 183.743 173.094 179.511 192.389 208.182 nan nan nan nan nan nan nan nan nan nan nan nan nan 43.506 193.645 189.069 181.328 156.894 161.624 189.311 nan 191.806 192.136 nan nan nan nan nan nan nan nan nan nan 181.443 175.725 166.294 162.457 156.793 156.088 154.099 155.571 162.441 160.862 156.323 157.853 166.426 186.832 191.679 nan nan nan 180.499 176.484 174.315 165.246 174.920 164.889
nan nan nan 167.973 163.373 166.548 161.643 165.482 167.156 174.345 202.621 205.468 202.698 nan nan nan nan nan nan nan nan 202.665 188.608 176.134 191.117 181.826 179.237 184.930 188.413 nan nan nan nan nan nan nan nan nan nan nan nan nan nan nan nan 186.121 186.434 183.812 183.139 184.755 161.101 156.593 156.931 156.108 156.227 183.728 nan 189.434 191.344 nan nan nan 179.178 174.420 181.696 177.407 146.280
nan nan 200.403 168.286 159.633 161.606 158.304 160.981 161.055 177.705 171.688 166.972 168.810 173.121 188.047 94.441 nan nan nan nan 201.276 179.443 169.665 160.799 162.096 168.607 183.954 nan nan nan nan nan nan nan nan 225.541 219.415 175.276 202.024 nan nan nan nan nan nan nan nan nan nan 184.327 192.705 153.101 152.635 160.096 175.021 nan 160.102 161.468 192.351 46.557 nan nan nan nan 85.478 180.694 178.154
192.712 190.450 197.466 177.296 158.670 155.606 157.437 157.601 159.440 168.733 162.715 161.026 160.347 162.828 166.826 188.510 nan nan nan 198.796 196.493 193.648 190.382 187.488 186.545 189.460 nan nan nan nan nan nan nan nan 207.673 177.161 172.634 163.388 189.117 203.130 192.961 180.982 203.363 nan nan nan nan nan nan 182.599 183.484 152.549 150.537 178.766 nan 161.438 156.771 156.265 167.049 nan nan nan nan nan 51.383 nan 173.852
161.012 160.530 183.886 72.644 187.940 165.914 161.251 170.133 180.447 158.375 158.919 157.442 158.905 160.907 162.814 185.238 189.860 nan nan nan nan nan nan nan nan nan nan nan nan nan nan 212.141 208.101 170.434 172.583 163.520 159.115 188.039 nan 199.628 167.749 164.530 166.040 167.275 169.543 nan nan 185.996 189.963 179.641 174.148 189.538 185.109 nan 183.392 157.324 157.126 175.632 184.080 190.311 nan nan nan 185.413 182.003 153.992 142.212
155.438 170.084 159.311 nan 18.590 179.394 158.463 180.784 172.816 156.089 157.347 156.301 157.710 158.254 170.704 185.788 187.652 nan nan nan nan nan nan nan nan nan nan 207.918 175.656 213.502 179.023 167.871 165.437 163.759 157.907 159.380 155.549 nan 33.774 196.317 187.161 162.100 162.076 164.510 165.487 183.571 182.912 184.930 179.520 174.795 172.449 189.605 182.909 182.435 172.452 158.102 160.159 nan nan 190.105 190.020 186.820 184.479 179.272 164.009 138.224 148.008
157.759 175.092 164.388 194.790 187.045 182.200 181.465 179.953 167.676 160.268 158.063 187.888 170.752 177.862 172.624 193.117 196.778 nan nan nan nan nan nan nan nan 180.921 178.506 178.943 179.256 179.109 165.934 163.928 159.973 156.842 154.466 155.924 187.563 nan 190.880 190.793 187.670 160.011 158.169 161.578 160.767 162.793 162.523 nan 180.956 181.504 181.400 185.384 180.696 184.822 161.474 165.963 190.209 182.935 nan nan nan 163.938 154.665 150.858 148.092 151.434 181.158
183.663 181.551 184.131 185.034 190.901 nan 183.966 186.643 185.725 185.149 186.986 nan 186.233 186.877 181.733 191.931 nan nan nan nan nan nan nan 209.810 177.404 160.318 164.531 159.342 164.755 165.750 165.537 158.863 156.547 150.952 162.329 151.593 182.869 186.955 173.484 192.565 189.524 163.415 158.106 156.479 156.056 156.763 162.065 192.967 nan nan nan nan 194.060 166.355 163.180 177.935 187.431 nan nan nan 189.543 176.245 155.817 154.810 171.000 187.678 nan
185.251 185.958 189.565 183.225 188.166 182.993 185.320 187.106 186.777 186.781 187.893 178.735 nan nan nan nan nan nan nan nan nan nan nan 164.105 164.000 155.583 157.069 162.609 163.132 158.088 161.099 160.151 181.837 161.324 160.322 195.895 170.498 177.108 169.273 190.704 185.049 181.383 195.894 159.607 161.025 155.493 160.169 167.183 187.848 nan nan 181.797 193.806 155.046 158.774 192.701 59.358 nan nan 192.423 184.910 56.726 182.466 nan nan nan 98.861
185.765 179.682 177.012 173.053 180.915 184.049 185.228 187.154 182.715 170.731 157.785 157.501 101.309 nan nan nan nan nan nan nan nan nan nan 185.680 153.790 150.612 147.503 160.597 155.405 152.939 155.099 164.815 183.663 175.423 154.318 181.447 180.853 161.872 163.461 172.107 184.886 180.201 nan 186.565 177.843 169.347 164.158 166.413 167.641 193.368 192.312 183.777 179.824 191.615 182.614 184.832 182.002 nan nan 189.799 187.524 nan nan nan nan nan nan
184.043 159.941 179.534 163.256 163.561 180.518 184.331 186.804 175.750 156.788 158.268 179.043 184.033 nan nan nan nan nan nan nan 203.141 nan nan 180.955 175.627 180.180 161.923 154.070 154.194 152.427 156.147 162.164 158.563 175.391 164.128 176.497 183.590 157.745 164.817 164.661 183.968 189.723 189.614 nan 190.271 194.447 162.205 164.775 164.140 163.478 163.134 183.545 182.524 185.387 190.551 184.297 nan nan nan 190.361 188.495 80.869 53.063 nan nan nan 108.693
182.939 160.698 178.941 155.673 156.037 182.977 185.284 173.350 166.737 150.713 161.613 180.786 nan nan nan nan nan nan nan nan nan nan nan 179.205 180.412 178.694 178.221 143.809 151.376 150.227 151.439 159.699 155.007 162.045 167.941 170.279 160.932 187.564 160.492 161.317 160.857 167.977 164.797 189.682 179.320 193.648 176.111 162.389 160.543 158.725 161.326 163.604 179.822 188.569 191.408 nan nan nan 192.216 191.026 189.646 188.689 192.203 184.383 182.168 174.956 192.772
180.914 159.320 154.432 159.521 179.676 184.953 167.420 153.799 152.951 188.118 181.968 nan nan nan nan nan nan nan nan nan nan 220.183 177.304 178.932 180.443 179.998 180.806 185.716 187.268 nan 168.430 156.328 155.004 154.921 172.093 188.863 175.264 180.000 165.262 166.193 163.528 163.719 160.430 166.697 167.935 161.299 161.650 160.456 157.351 155.366 158.543 158.761 160.553 197.395 189.944 45.452 nan 189.233 186.990 189.135 188.042 187.377 186.855 159.995 157.761 154.141 158.661
173.423 176.569 157.413 178.783 184.655 178.156 155.652 146.995 177.376 nan nan nan nan nan nan nan nan nan nan nan nan 196.764 183.384 nan nan nan nan nan nan nan 180.180 157.580 163.384 171.007 193.983 nan 184.289 185.247 164.946 163.010 161.254 160.414 157.350 162.709 159.832 158.399 154.095 156.005 150.924 155.662 159.211 194.385 192.273 189.209 nan nan nan 195.401 190.483 190.859 189.956 189.535 176.595 159.194 151.444 146.015 154.607
170.983 181.289 181.934 182.577 181.051 173.406 164.174 181.601 121.316 nan nan nan nan nan nan nan nan nan nan nan nan nan nan nan nan nan nan nan nan nan nan 184.427 179.466 186.015 193.624 182.456 163.138 164.875 167.171 159.423 158.164 155.849 158.618 159.581 156.548 183.324 197.039 197.251 193.171 189.404 181.146 nan nan nan nan nan nan 106.336 nan 189.555 187.913 188.056 184.872 181.077 183.400 182.999 nan
177.331 182.325 182.191 176.515 161.771 168.860 173.179 180.624 nan nan nan nan nan nan nan nan nan nan nan nan nan nan nan 191.550 199.017 189.099 nan nan nan 185.045 182.465 178.782 172.821 189.667 184.661 175.939 164.373 160.090 163.346 155.390 152.398 171.286 198.438 179.968 197.106 193.654 nan nan nan nan nan 189.342 188.570 nan nan 26.895 195.347 195.166 199.723 189.158 187.929 189.096 185.865 190.237 nan nan nan
174.428 169.049 166.189 156.697 154.002 159.360 179.543 nan nan nan nan nan nan nan nan nan nan nan nan nan nan nan nan 181.621 188.045 167.140 161.252 191.482 187.482 184.129 183.972 180.047 177.617 nan nan 196.386 192.430 183.425 180.582 185.096 194.462 11.501 nan nan nan nan nan nan nan 183.480 189.524 191.359 185.499 192.091 167.058 167.965 183.625 197.482 198.386 191.791 189.213 78.107 58.744 85.970 nan nan nan
176.503 161.228 154.028 175.990 149.139 177.820 179.864 nan 182.481 178.893 186.543 nan nan nan nan nan nan nan nan nan nan nan nan nan nan nan 193.536 187.435 186.781 187.604 nan 184.063 95.962 nan nan nan nan 189.590 192.086 178.002 nan nan nan nan nan nan nan nan 185.190 193.387 nan 193.296 192.614 165.038 166.157 197.824 192.609 190.074 199.172 201.028 197.978 nan nan nan nan nan nan
67.025 180.685 164.577 173.208 178.741 nan nan 181.404 175.393 172.060 186.374 nan nan nan nan nan nan nan nan nan nan nan nan nan nan nan nan nan nan nan 190.337 185.779 nan nan nan nan nan nan nan nan nan nan nan nan nan nan nan nan 183.140 186.452 75.079 196.286 187.095 197.577 191.836 nan nan 196.145 194.461 194.731 201.326 200.355 134.928 nan nan nan nan
nan 175.762 179.064 nan nan nan nan nan 183.815 181.309 176.947 125.400 nan nan nan nan nan nan nan nan 144.110 nan nan nan nan nan nan nan nan 25.359 96.921 nan nan nan nan nan nan nan nan nan nan nan nan nan nan nan nan 145.211 190.569 nan 186.141 192.478 195.249 192.128 190.377 197.147 192.212 194.257 181.771 184.981 195.938 197.448 199.410 195.424 186.681 193.862 193.611
nan nan nan nan nan nan nan nan nan nan 103.337 nan nan nan nan nan nan nan nan nan nan nan nan nan nan nan nan nan 71.174 102.543 nan nan nan nan nan nan nan nan 193.374 nan nan nan nan nan nan nan nan 46.257 nan nan 191.418 nan nan 194.195 198.790 195.884 179.138 178.091 167.676 170.418 190.549 194.870 198.190 181.179 179.743 192.486 191.677
nan nan nan nan nan nan nan nan nan nan nan nan nan nan nan nan nan nan nan nan nan nan nan nan nan nan nan nan nan nan nan nan nan nan nan nan nan 193.560 196.867 nan nan nan nan nan nan nan nan nan nan nan nan nan 192.468 193.329 173.914 185.302 197.144 169.055 173.765 192.353 193.480 195.677 195.755 165.895 178.545 191.672 nan
nan nan nan nan nan nan nan nan nan nan nan nan nan nan nan nan nan nan nan nan nan nan nan nan nan nan nan nan nan nan 190.730 187.943 196.850 193.676 nan nan 0.398 nan nan nan nan nan nan 197.169 200.459 196.318 198.530 198.683 193.367 85.049 196.750 195.694 188.340 190.569 198.587 194.294 194.292 175.952 193.124 195.451 194.116 193.659 176.860 185.285 195.269 191.684 193.147
nan nan nan nan nan nan nan nan nan nan nan nan nan nan nan nan nan nan nan nan nan nan nan nan nan 193.291 192.110 169.409 190.849 192.165 189.677 195.324 195.150 nan nan nan nan nan nan nan nan 192.291 191.306 189.475 166.863 162.183 166.807 165.483 172.610 197.061 194.968 193.967 189.835 192.908 195.067 195.963 199.252 193.364 193.626 192.773 193.395 193.588 191.609 191.788 195.676 191.434 192.561
nan nan nan nan nan nan nan nan nan nan nan nan nan nan nan nan nan nan nan nan nan nan nan nan nan 188.497 190.653 192.586 192.595 31.767 nan nan nan nan nan nan nan nan nan 194.305 185.039 167.538 166.434 169.161 169.046 167.231 166.641 168.411 177.980 196.986 198.394 196.700 194.617 189.884 194.526 195.453 194.762 191.760 193.344 195.419 195.296 195.123 191.998 192.254 191.006 177.097 191.050
nan nan nan nan nan nan nan nan nan nan nan nan nan nan nan nan nan nan nan nan nan nan nan nan nan 62.972 nan nan nan nan nan nan nan nan nan nan nan nan 28.267 185.189 167.839 163.349 161.299 194.284 188.809 182.782 199.935 194.809 194.528 196.129 196.539 195.667 194.892 196.072 195.918 194.651 194.438 192.379 194.420 192.292 194.129 193.993 193.092 191.380 192.778 164.045 193.135
22.307 90.144 47.779 161.808 164.322 161.982 165.469 nan nan nan nan nan nan nan nan nan nan nan nan nan nan nan nan nan nan nan nan nan nan nan nan nan nan nan nan 202.077 175.040 174.343 188.229 171.371 164.742 167.781 166.264 185.512 193.227 198.201 196.372 195.250 193.494 196.651 192.534 167.104 170.768 166.279 178.286 198.631 194.653 194.349 197.547 190.679 194.569 193.121 193.537 191.584 187.618 183.555 192.543
154.111 154.247 156.531 155.924 155.678 158.070 67.614 nan nan nan nan nan nan nan nan nan nan nan nan nan nan nan nan nan nan nan nan nan nan nan nan nan nan 201.693 179.536 168.801 167.123 167.737 175.345 173.774 175.185 174.627 191.480 168.177 199.289 200.375 166.517 166.290 177.176 197.681 190.228 178.187 173.542 169.627 176.490 197.011 194.881 196.019 197.058 196.379 197.317 194.376 194.116 193.013 186.928 nan 192.505
