test_integration/test_sample_run/example/output_maps/SWEDENSITYN0026.asc
ncols         174
nrows         141
xllcorner     744500.000000
yllcorner     5140950.000000
cellsize      250.000000
NODATA_value  -9999.0
[rows 90 to 119 of 141, columns 66 to 131 of 174]
93.323 91.771 93.789 101.004 99.146 105.654 118.696 116.309 131.601 137.005 141.850 147.345 180.481 183.528 196.415 196.196 174.731 166.167 166.973 162.760 167.594 162.611 161.571 178.201 171.798 158.593 165.424 166.869 151.524 151.358 149.856 148.859 147.435 137.440 125.602 122.220 119.492 118.987 118.048 118.788 122.403 117.262 118.330 119.633 117.449 115.646 114.294 109.694 108.356 109.409 116.487 121.002 116.594 114.608 107.714 106.113 109.850 109.234 108.779 112.555 112.237 112.486 112.914 113.014 112.857 113.815
83.831 86.543 93.845 92.227 99.518 118.301 131.244 130.463 135.848 137.453 151.082 162.083 181.260 197.413 188.526 179.843 168.259 159.862 156.422 152.037 141.659 138.774 136.373 148.143 171.202 172.815 162.657 137.638 121.797 119.522 122.581 124.904 126.586 126.742 121.502 117.869 124.017 124.752 120.911 118.472 120.029 121.580 122.682 124.771 119.781 111.846 114.764 114.160 111.468 106.573 110.087 -9999.000 -9999.000 -9999.000 -9999.000 -9999.000 -9999.000 -9999.000 102.105 103.909 109.337 108.346 105.822 108.236 112.409 111.218
84.680 86.151 89.442 92.834 110.431 126.701 135.062 135.911 140.713 143.167 152.080 163.765 120.804 114.084 178.905 179.999 165.271 158.865 154.712 148.658 139.249 136.514 130.255 134.425 144.097 148.444 135.549 125.710 117.383 112.387 110.093 113.233 126.468 128.153 122.979 118.554 117.850 118.090 125.525 125.825 125.618 126.154 126.978 120.506 114.456 114.590 108.351 -9999.000 -9999.000 -9999.000 -9999.000 -9999.000 -9999.000 -9999.000 -9999.000 -9999.000 -9999.000 -9999.000 -9999.000 -9999.000 104.576 106.893 101.393 101.130 108.523 -9999.000
92.674 89.637 90.615 98.507 125.806 133.991 139.209 141.260 145.381 150.014 163.139 170.017 49.866 60.682 178.748 174.886 166.679 167.415 154.198 149.506 141.982 136.945 127.321 123.784 125.336 130.004 126.130 116.842 113.015 112.962 122.564 113.603 118.702 124.267 125.100 123.855 124.791 120.439 117.990 118.909 115.645 124.998 118.131 116.630 116.086 -9999.000 -9999.000 -9999.000 -9999.000 -9999.000 -9999.000 -9999.000 -9999.000 -9999.000 -9999.000 -9999.000 -9999.000 -9999.000 -9999.000 -9999.000 -9999.000 102.235 102.907 102.638 -9999.000 -9999.000
106.133 97.176 105.762 121.898 128.506 137.731 142.635 145.285 145.834 151.712 96.338 109.962 55.868 69.427 178.374 174.529 169.907 168.766 155.403 150.419 134.101 129.108 126.060 120.250 117.298 120.462 123.507 121.783 114.490 111.613 127.009 114.088 117.814 120.994 125.124 125.980 125.278 123.490 123.462 120.866 130.093 113.773 119.277 116.716 -9999.000 -9999.000 -9999.000 -9999.000 -9999.000 -9999.000 -9999.000 -9999.000 -9999.000 -9999.000 -9999.000 -9999.000 -9999.000 -9999.000 -9999.000 -9999.000 -9999.000 -9999.000 102.587 -9999.000 -9999.000 -9999.000
120.908 119.414 124.804 123.618 129.013 134.322 146.982 149.138 83.857 53.194 nan nan nan 96.502 191.793 91.449 164.943 157.091 136.830 132.537 122.826 119.867 118.797 118.330 114.791 114.570 113.916 114.335 112.011 111.989 125.467 113.389 115.578 120.009 122.409 121.920 119.814 117.761 -9999.000 -9999.000 -9999.000 119.758 122.322 -9999.000 -9999.000 -9999.000 -9999.000 -9999.000 -9999.000 -9999.000 -9999.000 -9999.000 -9999.000 -9999.000 -9999.000 -9999.000 -9999.000 -9999.000 -9999.000 -9999.000 -9999.000 -9999.000 -9999.000 -9999.000 -9999.000 -9999.000
107.636 83.738 43.170 126.867 129.600 134.784 139.121 145.911 65.669 83.506 12.931 nan 69.511 164.156 164.401 187.487 176.570 156.335 143.661 142.659 140.284 138.749 125.960 121.967 113.162 111.775 112.217 114.569 113.038 111.774 109.866 111.850 113.707 116.113 118.156 119.211 116.255 -9999.000 -9999.000 -9999.000 -9999.000 -9999.000 -9999.000 -9999.000 -9999.000 -9999.000 -9999.000 -9999.000 -9999.000 -9999.000 -9999.000 -9999.000 -9999.000 -9999.000 -9999.000 -9999.000 -9999.000 -9999.000 -9999.000 -9999.000 -9999.000 -9999.000 -9999.000 -9999.000 -9999.000 -9999.000
114.474 126.750 41.807 20.496 43.578 88.457 100.702 73.278 nan nan nan nan 155.332 148.230 146.453 141.578 147.411 165.384 165.060 165.689 150.311 147.839 145.005 143.430 125.685 125.796 125.935 121.704 114.893 113.177 115.090 115.208 115.403 114.749 124.549 116.164 -9999.000 -9999.000 -9999.000 -9999.000 -9999.000 -9999.000 -9999.000 -9999.000 -9999.000 -9999.000 -9999.000 -9999.000 -9999.000 -9999.000 -9999.000 -9999.000 -9999.000 -9999.000 -9999.000 -9999.000 -9999.000 -9999.000 -9999.000 -9999.000 -9999.000 -9999.000 -9999.000 -9999.000 -9999.000 -9999.000
122.372 125.999 63.177 35.856 28.235 24.411 35.144 34.301 13.507 nan nan 5.336 156.687 147.772 129.938 127.644 138.836 150.990 142.336 140.990 147.185 155.196 147.752 147.663 140.079 134.038 130.973 128.223 123.826 123.674 121.728 120.275 117.727 114.142 130.619 -9999.000 -9999.000 -9999.000 -9999.000 -9999.000 -9999.000 -9999.000 -9999.000 -9999.000 -9999.000 -9999.000 -9999.000 -9999.000 -9999.000 -9999.000 -9999.000 -9999.000 -9999.000 -9999.000 -9999.000 -9999.000 -9999.000 -9999.000 -9999.000 -9999.000 -9999.000 -9999.000 -9999.000 -9999.000 -9999.000 -9999.000
125.886 129.285 72.953 18.332 nan nan nan nan nan nan nan 84.701 149.130 142.077 121.472 119.847 129.234 123.422 118.930 117.378 118.141 126.176 157.012 153.461 141.859 139.508 135.360 133.767 131.136 128.863 126.242 124.353 120.017 120.651 122.895 121.109 -9999.000 -9999.000 -9999.000 -9999.000 -9999.000 -9999.000 -9999.000 -9999.000 -9999.000 -9999.000 -9999.000 -9999.000 -9999.000 -9999.000 -9999.000 -9999.000 -9999.000 -9999.000 -9999.000 -9999.000 -9999.000 -9999.000 -9999.000 -9999.000 -9999.000 -9999.000 -9999.000 -9999.000 -9999.000 -9999.000
84.968 54.833 nan nan nan nan nan nan nan nan 100.361 154.038 147.101 141.473 134.304 124.798 115.264 113.214 112.117 111.554 111.732 114.443 127.277 150.294 135.936 132.757 127.261 126.506 122.565 121.758 120.186 120.288 119.906 119.873 122.292 120.518 -9999.000 -9999.000 -9999.000 -9999.000 -9999.000 -9999.000 -9999.000 -9999.000 -9999.000 -9999.000 -9999.000 -9999.000 -9999.000 -9999.000 -9999.000 -9999.000 -9999.000 -9999.000 -9999.000 -9999.000 -9999.000 -9999.000 -9999.000 -9999.000 -9999.000 -9999.000 -9999.000 -9999.000 -9999.000 -9999.000
43.934 4.244 nan nan nan nan nan nan nan nan 147.245 143.788 138.567 140.434 138.224 123.293 103.960 104.015 102.293 104.119 100.995 104.980 112.770 136.545 126.462 117.994 116.920 118.515 116.758 116.151 115.479 115.906 116.539 117.424 121.727 -9999.000 -9999.000 -9999.000 -9999.000 -9999.000 -9999.000 -9999.000 -9999.000 -9999.000 -9999.000 -9999.000 -9999.000 -9999.000 -9999.000 -9999.000 -9999.000 -9999.000 -9999.000 -9999.000 -9999.000 -9999.000 -9999.000 -9999.000 -9999.000 -9999.000 -9999.000 -9999.000 -9999.000 -9999.000 -9999.000 -9999.000
28.587 nan nan nan nan nan nan nan nan nan 105.791 140.047 121.258 121.521 126.039 116.489 100.823 95.892 95.344 96.101 95.358 102.722 112.205 125.407 132.707 115.255 111.994 112.442 113.735 111.734 111.817 111.842 112.744 114.010 -9999.000 -9999.000 -9999.000 -9999.000 -9999.000 -9999.000 -9999.000 -9999.000 -9999.000 -9999.000 -9999.000 -9999.000 -9999.000 -9999.000 -9999.000 -9999.000 -9999.000 -9999.000 -9999.000 -9999.000 -9999.000 -9999.000 -9999.000 -9999.000 -9999.000 -9999.000 -9999.000 -9999.000 -9999.000 -9999.000 -9999.000 -9999.000
nan 6.221 nan nan nan nan nan 28.143 148.106 150.858 68.180 142.533 134.412 115.492 110.728 111.845 99.970 93.977 88.660 88.874 91.709 99.251 107.925 116.933 135.002 120.706 107.888 104.773 109.833 106.856 105.010 106.137 106.039 -9999.000 -9999.000 -9999.000 -9999.000 -9999.000 -9999.000 -9999.000 -9999.000 -9999.000 -9999.000 -9999.000 -9999.000 -9999.000 -9999.000 -9999.000 -9999.000 -9999.000 -9999.000 -9999.000 -9999.000 -9999.000 -9999.000 -9999.000 -9999.000 -9999.000 -9999.000 -9999.000 -9999.000 -9999.000 -9999.000 -9999.000 -9999.000 -9999.000
nan nan nan nan nan nan nan 96.605 140.919 137.002 136.951 142.395 134.982 108.125 106.026 105.429 101.415 97.579 89.639 86.142 91.329 96.121 106.592 112.016 130.090 120.548 107.421 102.671 102.624 105.249 99.025 98.783 -9999.000 -9999.000 -9999.000 -9999.000 -9999.000 -9999.000 -9999.000 -9999.000 -9999.000 -9999.000 -9999.000 -9999.000 -9999.000 -9999.000 -9999.000 -9999.000 -9999.000 -9999.000 -9999.000 -9999.000 -9999.000 -9999.000 -9999.000 -9999.000 -9999.000 -9999.000 -9999.000 -9999.000 -9999.000 -9999.000 -9999.000 -9999.000 -9999.000 -9999.000
nan nan nan nan nan nan 89.921 144.117 130.527 117.634 114.309 125.235 135.116 105.243 96.380 95.529 90.392 93.601 88.519 85.302 84.594 89.537 99.035 108.518 122.375 119.218 109.794 103.378 96.541 98.932 90.576 -9999.000 -9999.000 -9999.000 -9999.000 -9999.000 -9999.000 -9999.000 -9999.000 -9999.000 -9999.000 -9999.000 -9999.000 -9999.000 -9999.000 -9999.000 -9999.000 -9999.000 -9999.000 -9999.000 -9999.000 -9999.000 -9999.000 -9999.000 -9999.000 -9999.000 -9999.000 -9999.000 -9999.000 -9999.000 -9999.000 -9999.000 -9999.000 -9999.000 -9999.000 -9999.000
nan nan nan nan nan nan nan 78.229 135.645 130.402 108.899 109.901 112.707 103.462 94.508 90.394 87.990 89.783 87.248 83.502 82.760 85.359 98.747 103.801 118.674 115.645 109.462 103.644 95.561 94.818 -9999.000 -9999.000 -9999.000 -9999.000 -9999.000 -9999.000 -9999.000 -9999.000 -9999.000 -9999.000 -9999.000 -9999.000 -9999.000 -9999.000 -9999.000 -9999.000 -9999.000 -9999.000 -9999.000 -9999.000 -9999.000 -9999.000 -9999.000 -9999.000 -9999.000 -9999.000 -9999.000 -9999.000 -9999.000 -9999.000 -9999.000 -9999.000 -9999.000 -9999.000 -9999.000 -9999.000
nan nan nan nan 77.198 64.702 nan 31.669 97.479 137.110 102.969 103.933 97.825 97.705 91.854 85.930 80.860 80.447 85.566 85.633 83.116 81.955 89.420 98.714 112.461 114.903 108.971 103.700 92.707 87.656 -9999.000 -9999.000 -9999.000 -9999.000 -9999.000 -9999.000 -9999.000 -9999.000 -9999.000 -9999.000 -9999.000 -9999.000 -9999.000 -9999.000 -9999.000 -9999.000 -9999.000 -9999.000 -9999.000 -9999.000 -9999.000 -9999.000 -9999.000 -9999.000 -9999.000 -9999.000 -9999.000 -9999.000 -9999.000 -9999.000 -9999.000 -9999.000 -9999.000 -9999.000 -9999.000 -9999.000
nan nan nan 2.946 98.051 79.483 nan 31.926 148.768 138.871 113.514 102.465 92.492 89.921 91.431 87.081 79.199 76.887 81.371 82.385 83.473 81.329 86.512 95.050 110.309 111.835 108.066 99.197 91.139 86.386 -9999.000 -9999.000 -9999.000 -9999.000 -9999.000 -9999.000 -9999.000 -9999.000 -9999.000 -9999.000 -9999.000 -9999.000 -9999.000 -9999.000 -9999.000 -9999.000 -9999.000 -9999.000 -9999.000 -9999.000 -9999.000 -9999.000 -9999.000 -9999.000 -9999.000 -9999.000 -9999.000 -9999.000 -9999.000 -9999.000 -9999.000 -9999.000 -9999.000 -9999.000 -9999.000 -9999.000
nan nan 32.235 152.280 146.550 147.065 155.103 28.707 140.014 115.256 131.276 127.244 93.575 87.220 84.157 85.854 80.390 77.766 75.643 77.140 78.194 80.811 85.509 92.557 105.161 108.240 103.185 98.366 90.566 85.304 -9999.000 -9999.000 -9999.000 -9999.000 -9999.000 -9999.000 -9999.000 -9999.000 -9999.000 -9999.000 -9999.000 -9999.000 -9999.000 -9999.000 -9999.000 -9999.000 -9999.000 -9999.000 -9999.000 -9999.000 -9999.000 -9999.000 -9999.000 -9999.000 -9999.000 -9999.000 -9999.000 -9999.000 -9999.000 -9999.000 -9999.000 -9999.000 -9999.000 -9999.000 -9999.000 -9999.000
nan nan 149.055 147.520 142.016 139.317 146.226 154.501 92.048 138.412 135.314 132.114 113.482 96.860 81.526 83.491 82.253 77.019 73.489 74.350 74.629 79.554 88.459 94.733 101.410 105.359 100.764 91.393 85.044 -9999.000 -9999.000 -9999.000 -9999.000 -9999.000 -9999.000 -9999.000 -9999.000 -9999.000 -9999.000 -9999.000 -9999.000 -9999.000 -9999.000 -9999.000 -9999.000 -9999.000 -9999.000 -9999.000 -9999.000 -9999.000 -9999.000 -9999.000 -9999.000 -9999.000 -9999.000 -9999.000 -9999.000 -9999.000 -9999.000 -9999.000 -9999.000 -9999.000 -9999.000 -9999.000 -9999.000 -9999.000
nan 156.248 147.561 142.932 119.589 124.429 127.556 125.126 148.486 141.939 136.588 135.108 130.179 108.634 85.490 84.157 80.718 78.594 73.851 74.575 74.207 76.922 81.626 86.190 96.415 97.662 98.343 92.004 87.331 -9999.000 -9999.000 -9999.000 -9999.000 -9999.000 -9999.000 -9999.000 -9999.000 -9999.000 -9999.000 -9999.000 -9999.000 -9999.000 -9999.000 -9999.000 -9999.000 -9999.000 -9999.000 -9999.000 -9999.000 -9999.000 -9999.000 -9999.000 -9999.000 -9999.000 -9999.000 -9999.000 -9999.000 -9999.000 -9999.000 -9999.000 -9999.000 -9999.000 -9999.000 -9999.000 -9999.000 -9999.000
154.514 145.467 131.536 123.668 108.604 110.188 110.759 112.904 117.102 138.271 140.078 136.690 130.733 122.714 89.556 84.482 80.253 79.422 77.585 76.915 76.449 74.429 78.238 83.837 93.906 94.015 93.316 92.118 87.856 -9999.000 -9999.000 -9999.000 -9999.000 -9999.000 -9999.000 -9999.000 -9999.000 -9999.000 -9999.000 -9999.000 -9999.000 -9999.000 -9999.000 -9999.000 -9999.000 -9999.000 -9999.000 -9999.000 -9999.000 -9999.000 -9999.000 -9999.000 -9999.000 -9999.000 -9999.000 -9999.000 -9999.000 -9999.000 -9999.000 -9999.000 -9999.000 -9999.000 -9999.000 -9999.000 -9999.000 -9999.000
145.821 143.811 136.850 116.680 101.154 103.435 102.704 103.607 108.424 116.320 138.660 139.088 134.109 131.874 108.075 87.380 78.089 78.338 78.526 76.599 73.278 73.325 79.292 85.814 88.854 84.143 86.884 86.239 86.572 -9999.000 -9999.000 -9999.000 -9999.000 -9999.000 -9999.000 -9999.000 -9999.000 -9999.000 -9999.000 -9999.000 -9999.000 -9999.000 -9999.000 -9999.000 -9999.000 -9999.000 -9999.000 -9999.000 -9999.000 -9999.000 -9999.000 -9999.000 -9999.000 -9999.000 -9999.000 -9999.000 -9999.000 -9999.000 -9999.000 -9999.000 -9999.000 -9999.000 -9999.000 -9999.000 -9999.000 -9999.000
148.165 142.463 135.897 133.339 114.349 100.222 98.096 98.286 102.266 110.765 121.115 138.818 135.735 125.912 107.206 90.861 82.103 78.739 74.741 72.717 73.785 73.807 73.583 81.663 83.592 77.359 78.104 76.260 -9999.000 -9999.000 -9999.000 -9999.000 -9999.000 -9999.000 -9999.000 -9999.000 -9999.000 -9999.000 -9999.000 -9999.000 -9999.000 -9999.000 -9999.000 -9999.000 -9999.000 -9999.000 -9999.000 -9999.000 -9999.000 -9999.000 -9999.000 -9999.000 -9999.000 -9999.000 -9999.000 -9999.000 -9999.000 -9999.000 -9999.000 -9999.000 -9999.000 -9999.000 -9999.000 -9999.000 -9999.000 -9999.000
155.161 149.265 144.962 138.435 125.674 106.310 92.074 92.923 99.042 103.543 109.412 115.358 136.846 130.793 116.587 111.534 88.914 83.000 78.560 73.325 76.583 76.869 74.835 76.454 76.880 74.354 78.160 77.785 -9999.000 -9999.000 -9999.000 -9999.000 -9999.000 -9999.000 -9999.000 -9999.000 -9999.000 -9999.000 -9999.000 -9999.000 -9999.000 -9999.000 -9999.000 -9999.000 -9999.000 -9999.000 -9999.000 -9999.000 -9999.000 -9999.000 -9999.000 -9999.000 -9999.000 -9999.000 -9999.000 -9999.000 -9999.000 -9999.000 -9999.000 -9999.000 -9999.000 -9999.000 -9999.000 -9999.000 -9999.000 -9999.000
142.291 124.882 120.875 112.023 105.283 102.861 91.620 92.052 99.434 101.277 107.269 114.432 137.485 130.236 115.695 110.252 94.068 85.874 80.469 76.542 78.537 80.524 75.909 77.876 76.994 74.792 73.090 73.322 -9999.000 -9999.000 -9999.000 -9999.000 -9999.000 -9999.000 -9999.000 -9999.000 -9999.000 -9999.000 -9999.000 -9999.000 -9999.000 -9999.000 -9999.000 -9999.000 -9999.000 -9999.000 -9999.000 -9999.000 -9999.000 -9999.000 -9999.000 -9999.000 -9999.000 -9999.000 -9999.000 -9999.000 -9999.000 -9999.000 -9999.000 -9999.000 -9999.000 -9999.000 -9999.000 -9999.000 -9999.000 -9999.000
163.768 80.253 106.924 104.772 97.655 95.624 92.242 93.616 97.284 101.322 106.122 115.524 130.567 136.042 128.530 116.191 99.437 99.886 98.044 90.457 82.143 82.702 81.520 80.298 83.214 84.707 83.946 86.249 -9999.000 -9999.000 -9999.000 -9999.000 -9999.000 -9999.000 -9999.000 -9999.000 -9999.000 -9999.000 -9999.000 -9999.000 -9999.000 -9999.000 -9999.000 -9999.000 -9999.000 -9999.000 -9999.000 -9999.000 -9999.000 -9999.000 -9999.000 -9999.000 -9999.000 -9999.000 -9999.000 -9999.000 -9999.000 -9999.000 -9999.000 -9999.000 -9999.000 -9999.000 -9999.000 -9999.000 -9999.000 -9999.000
-9999.000 148.834 124.854 99.782 92.993 93.964 91.847 92.992 96.362 101.169 105.287 105.708 116.548 130.959 127.375 117.877 106.325 106.670 105.527 101.035 91.830 89.708 88.829 89.006 90.686 89.548 84.932 82.829 -9999.000 -9999.000 -9999.000 -9999.000 -9999.000 -9999.000 -9999.000 -9999.000 -9999.000 -9999.000 -9999.000 -9999.000 -9999.000 -9999.000 -9999.000 -9999.000 -9999.000 -9999.000 -9999.000 -9999.000 -9999.000 -9999.000 -9999.000 -9999.000 -9999.000 -9999.000 -9999.000 -9999.000 -9999.000 -9999.000 -9999.000 -9999.000 -9999.000 -9999.000 -9999.000 -9999.000 -9999.000 -9999.000
-9999.000 -9999.000 131.578 114.089 91.905 91.111 90.595 92.544 97.226 101.720 103.006 104.486 109.690 116.379 129.196 127.490 121.198 120.239 112.678 108.128 104.190 100.856 97.590 95.914 93.137 89.174 82.295 80.051 -9999.000 -9999.000 -9999.000 -9999.000 -9999.000 -9999.000 -9999.000 -9999.000 -9999.000 -9999.000 -9999.000 -9999.000 -9999.000 -9999.000 -9999.000 -9999.000 -9999.000 -9999.000 -9999.000 -9999.000 -9999.000 -9999.000 -9999.000 -9999.000 -9999.000 -9999.000 -9999.000 -9999.000 -9999.000 -9999.000 -9999.000 -9999.000 -9999.000 -9999.000 -9999.000 -9999.000 -9999.000 -9999.000
