test_integration/test_sample_run/example/output_maps/SWEDENSITYN0047.asc
ncols         174
nrows         141
xllcorner     744500.000000
yllcorner     5140950.000000
cellsize      250.000000
NODATA_value  -9999.0
[rows 87 to 115 of 141, columns 65 to 129 of 174]
151.652 150.247 30.263 21.901 17.129 nan nan 39.652 164.207 167.023 168.572 167.367 39.037 43.447 nan nan 202.721 4.794 196.595 189.828 190.391 184.702 179.996 173.336 171.570 167.648 153.431 129.124 141.146 144.200 147.010 148.127 147.372 150.637 152.444 153.026 153.588 159.694 155.535 156.590 138.495 129.790 126.549 122.915 122.464 128.192 126.168 126.275 136.689 149.863 148.625 136.559 144.174 139.333 137.426 146.981 143.824 142.762 149.751 148.737 149.276 150.543 141.374 128.967 129.955
125.109 140.363 128.695 126.666 140.010 126.883 130.712 126.882 127.964 159.883 172.281 61.520 47.770 42.118 30.044 90.551 53.224 208.059 202.329 198.615 197.555 195.552 183.419 177.886 177.410 169.213 161.546 152.804 156.290 156.144 155.599 152.574 152.968 152.858 154.485 158.520 160.667 146.348 142.337 140.436 132.666 126.748 124.094 127.144 122.112 130.166 127.404 131.959 148.374 150.528 142.189 137.256 132.420 122.303 123.316 121.297 123.730 137.960 145.036 144.814 134.446 130.747 132.568 129.556 132.228
109.515 113.340 111.658 113.734 116.988 115.402 116.558 116.598 122.940 138.315 145.635 169.163 195.516 nan 68.870 nan 11.221 198.033 185.649 190.946 179.759 182.927 195.232 192.611 183.737 174.374 165.540 167.017 173.000 174.787 168.382 161.386 166.923 164.338 169.668 142.839 137.102 132.286 128.234 129.148 128.005 123.020 125.414 123.639 131.770 123.784 132.000 131.423 121.798 121.485 128.537 139.593 126.632 122.342 122.773 121.173 124.910 145.314 146.208 139.687 132.485 138.688 130.765 132.424 134.193
104.904 106.234 105.021 107.659 112.440 115.462 135.643 145.343 143.794 155.814 159.663 164.169 167.996 nan nan nan 211.083 187.675 177.144 176.708 170.179 175.076 160.255 159.215 188.553 183.217 173.385 178.589 178.310 150.533 150.313 149.169 148.276 147.550 139.376 130.615 128.215 126.386 126.538 125.700 126.229 130.675 126.522 136.399 151.979 143.700 128.248 128.998 124.765 128.454 133.379 148.665 142.744 145.602 149.292 128.938 142.157 145.061 128.556 128.817 134.339 131.838 126.856 127.035 130.985
98.147 96.986 100.845 117.750 106.181 132.627 146.111 32.564 56.913 44.449 57.598 nan nan nan nan 205.405 195.094 183.659 175.649 170.298 160.177 143.392 141.047 139.086 152.139 183.228 183.949 163.004 139.366 127.593 125.614 127.584 129.612 132.066 132.194 128.193 125.841 135.639 139.324 130.539 127.363 128.602 140.958 154.135 155.397 134.995 124.125 140.873 152.242 148.413 135.895 141.641 -9999.000 -9999.000 -9999.000 -9999.000 -9999.000 -9999.000 -9999.000 130.675 133.779 137.305 122.491 119.936 123.551
119.036 117.805 119.439 118.157 127.079 5.967 nan nan nan nan nan nan nan nan nan 196.403 195.903 180.458 175.090 171.334 163.147 152.844 149.485 140.017 140.694 144.881 148.146 138.007 130.643 124.297 121.336 119.869 121.806 151.515 139.435 137.064 139.907 137.114 137.281 149.030 154.986 154.750 155.724 155.365 131.749 128.727 141.953 125.359 -9999.000 -9999.000 -9999.000 -9999.000 -9999.000 -9999.000 -9999.000 -9999.000 -9999.000 -9999.000 -9999.000 -9999.000 -9999.000 130.350 125.243 117.063 125.668
120.504 40.602 123.226 124.831 nan nan nan nan nan nan nan nan nan nan nan 197.713 191.314 183.097 182.279 170.908 167.187 161.285 150.291 139.849 129.453 130.575 134.036 131.014 124.361 122.495 122.974 148.461 144.597 131.641 133.876 147.326 149.149 149.295 141.287 136.246 142.718 134.972 143.684 127.262 128.748 132.493 -9999.000 -9999.000 -9999.000 -9999.000 -9999.000 -9999.000 -9999.000 -9999.000 -9999.000 -9999.000 -9999.000 -9999.000 -9999.000 -9999.000 -9999.000 -9999.000 121.153 133.465 142.410
50.341 27.312 40.858 nan nan nan nan nan nan nan nan nan nan nan nan nan 88.147 186.133 183.352 163.756 158.098 137.354 133.411 132.986 126.785 124.909 127.029 129.370 127.821 122.811 122.075 157.518 144.193 136.682 139.059 143.894 140.253 133.292 142.434 138.779 129.963 140.332 128.677 138.897 134.422 -9999.000 -9999.000 -9999.000 -9999.000 -9999.000 -9999.000 -9999.000 -9999.000 -9999.000 -9999.000 -9999.000 -9999.000 -9999.000 -9999.000 -9999.000 -9999.000 -9999.000 -9999.000 137.443 -9999.000
52.676 nan nan nan nan nan nan nan nan nan nan nan nan nan nan nan nan 181.374 172.098 139.505 139.466 128.552 131.929 127.995 130.207 123.249 122.775 122.257 122.990 122.169 131.932 143.864 134.424 128.412 133.539 129.325 128.793 127.595 126.156 -9999.000 -9999.000 -9999.000 134.583 141.433 -9999.000 -9999.000 -9999.000 -9999.000 -9999.000 -9999.000 -9999.000 -9999.000 -9999.000 -9999.000 -9999.000 -9999.000 -9999.000 -9999.000 -9999.000 -9999.000 -9999.000 -9999.000 -9999.000 -9999.000 -9999.000
26.690 nan nan nan nan nan nan nan nan nan nan nan nan nan 165.258 170.449 198.294 192.663 172.336 163.034 162.793 160.534 159.218 149.594 146.582 131.191 133.080 142.001 143.909 133.625 128.148 139.039 133.882 141.986 125.433 125.984 132.325 131.054 -9999.000 -9999.000 -9999.000 -9999.000 -9999.000 -9999.000 -9999.000 -9999.000 -9999.000 -9999.000 -9999.000 -9999.000 -9999.000 -9999.000 -9999.000 -9999.000 -9999.000 -9999.000 -9999.000 -9999.000 -9999.000 -9999.000 -9999.000 -9999.000 -9999.000 -9999.000 -9999.000
16.978 nan nan nan nan nan nan nan nan nan nan nan nan 157.278 163.261 148.078 143.880 148.674 181.789 182.649 181.850 169.074 167.186 164.856 162.154 149.425 151.022 150.892 146.749 141.553 141.824 143.702 143.725 145.442 128.328 145.708 136.398 -9999.000 -9999.000 -9999.000 -9999.000 -9999.000 -9999.000 -9999.000 -9999.000 -9999.000 -9999.000 -9999.000 -9999.000 -9999.000 -9999.000 -9999.000 -9999.000 -9999.000 -9999.000 -9999.000 -9999.000 -9999.000 -9999.000 -9999.000 -9999.000 -9999.000 -9999.000 -9999.000 -9999.000
nan nan nan nan nan nan nan nan nan nan nan nan nan 175.399 157.525 134.006 132.092 152.419 151.418 144.103 142.922 148.037 170.446 165.820 165.599 159.966 156.041 153.773 151.348 148.489 149.057 147.699 146.539 143.508 135.388 150.493 -9999.000 -9999.000 -9999.000 -9999.000 -9999.000 -9999.000 -9999.000 -9999.000 -9999.000 -9999.000 -9999.000 -9999.000 -9999.000 -9999.000 -9999.000 -9999.000 -9999.000 -9999.000 -9999.000 -9999.000 -9999.000 -9999.000 -9999.000 -9999.000 -9999.000 -9999.000 -9999.000 -9999.000 -9999.000
nan nan nan nan nan nan nan nan nan nan nan nan 51.929 169.652 143.672 127.016 132.556 139.635 128.815 125.491 124.200 124.763 130.995 173.099 169.654 160.961 159.599 156.438 155.245 153.428 151.796 149.939 149.687 142.550 146.168 149.775 142.465 -9999.000 -9999.000 -9999.000 -9999.000 -9999.000 -9999.000 -9999.000 -9999.000 -9999.000 -9999.000 -9999.000 -9999.000 -9999.000 -9999.000 -9999.000 -9999.000 -9999.000 -9999.000 -9999.000 -9999.000 -9999.000 -9999.000 -9999.000 -9999.000 -9999.000 -9999.000 -9999.000 -9999.000
nan nan nan nan nan nan nan nan nan nan nan 68.261 168.910 164.281 161.898 154.996 148.238 122.666 121.032 120.134 119.831 119.784 121.911 131.724 167.385 147.873 136.159 132.008 131.876 128.889 128.353 127.279 127.515 131.822 133.419 148.474 147.288 -9999.000 -9999.000 -9999.000 -9999.000 -9999.000 -9999.000 -9999.000 -9999.000 -9999.000 -9999.000 -9999.000 -9999.000 -9999.000 -9999.000 -9999.000 -9999.000 -9999.000 -9999.000 -9999.000 -9999.000 -9999.000 -9999.000 -9999.000 -9999.000 -9999.000 -9999.000 -9999.000 -9999.000
nan nan nan nan nan nan nan nan nan nan nan 156.005 145.871 141.076 146.550 158.164 128.197 114.118 114.136 113.086 114.475 112.382 115.557 141.459 158.196 134.564 125.038 124.248 125.556 124.467 124.012 123.853 124.238 124.961 143.602 148.408 -9999.000 -9999.000 -9999.000 -9999.000 -9999.000 -9999.000 -9999.000 -9999.000 -9999.000 -9999.000 -9999.000 -9999.000 -9999.000 -9999.000 -9999.000 -9999.000 -9999.000 -9999.000 -9999.000 -9999.000 -9999.000 -9999.000 -9999.000 -9999.000 -9999.000 -9999.000 -9999.000 -9999.000 -9999.000
nan nan nan nan nan nan nan nan nan nan nan 56.239 161.323 126.981 127.193 130.684 122.773 112.174 108.936 108.405 109.049 109.441 135.844 140.443 137.759 150.191 123.546 120.841 120.765 122.521 120.916 121.018 121.234 122.432 128.809 -9999.000 -9999.000 -9999.000 -9999.000 -9999.000 -9999.000 -9999.000 -9999.000 -9999.000 -9999.000 -9999.000 -9999.000 -9999.000 -9999.000 -9999.000 -9999.000 -9999.000 -9999.000 -9999.000 -9999.000 -9999.000 -9999.000 -9999.000 -9999.000 -9999.000 -9999.000 -9999.000 -9999.000 -9999.000 -9999.000
nan nan nan nan nan nan nan nan 24.099 147.870 166.801 nan 75.001 156.874 122.524 119.375 119.600 111.731 109.710 103.418 103.372 112.242 125.587 137.035 133.549 155.967 133.009 117.758 116.333 119.555 118.141 116.811 118.232 118.467 -9999.000 -9999.000 -9999.000 -9999.000 -9999.000 -9999.000 -9999.000 -9999.000 -9999.000 -9999.000 -9999.000 -9999.000 -9999.000 -9999.000 -9999.000 -9999.000 -9999.000 -9999.000 -9999.000 -9999.000 -9999.000 -9999.000 -9999.000 -9999.000 -9999.000 -9999.000 -9999.000 -9999.000 -9999.000 -9999.000 -9999.000
nan nan nan nan nan nan nan nan 66.562 143.070 139.823 140.174 158.941 150.112 117.384 115.681 115.342 112.651 110.377 103.828 102.481 106.890 112.314 132.113 140.086 153.967 130.108 117.928 116.779 114.929 117.491 113.691 113.522 -9999.000 -9999.000 -9999.000 -9999.000 -9999.000 -9999.000 -9999.000 -9999.000 -9999.000 -9999.000 -9999.000 -9999.000 -9999.000 -9999.000 -9999.000 -9999.000 -9999.000 -9999.000 -9999.000 -9999.000 -9999.000 -9999.000 -9999.000 -9999.000 -9999.000 -9999.000 -9999.000 -9999.000 -9999.000 -9999.000 -9999.000 -9999.000
nan nan nan nan nan nan nan 61.761 161.220 134.111 124.148 122.141 130.092 150.750 114.992 108.831 108.173 103.947 107.583 103.010 101.457 99.892 104.582 128.981 138.293 148.160 127.831 123.269 116.143 112.503 114.352 108.052 -9999.000 -9999.000 -9999.000 -9999.000 -9999.000 -9999.000 -9999.000 -9999.000 -9999.000 -9999.000 -9999.000 -9999.000 -9999.000 -9999.000 -9999.000 -9999.000 -9999.000 -9999.000 -9999.000 -9999.000 -9999.000 -9999.000 -9999.000 -9999.000 -9999.000 -9999.000 -9999.000 -9999.000 -9999.000 -9999.000 -9999.000 -9999.000 -9999.000
nan nan nan nan nan nan nan nan 31.637 156.508 153.042 118.016 118.680 120.888 113.812 107.444 103.851 101.825 103.592 101.869 99.728 100.882 100.268 126.627 124.770 143.992 124.753 119.673 115.161 111.828 111.195 -9999.000 -9999.000 -9999.000 -9999.000 -9999.000 -9999.000 -9999.000 -9999.000 -9999.000 -9999.000 -9999.000 -9999.000 -9999.000 -9999.000 -9999.000 -9999.000 -9999.000 -9999.000 -9999.000 -9999.000 -9999.000 -9999.000 -9999.000 -9999.000 -9999.000 -9999.000 -9999.000 -9999.000 -9999.000 -9999.000 -9999.000 -9999.000 -9999.000 -9999.000
nan nan nan nan nan 56.909 nan nan nan nan 49.193 113.555 114.318 109.661 109.810 105.257 99.293 94.176 93.021 101.152 102.864 103.624 98.836 104.409 132.359 130.082 125.604 118.800 115.035 108.133 104.999 -9999.000 -9999.000 -9999.000 -9999.000 -9999.000 -9999.000 -9999.000 -9999.000 -9999.000 -9999.000 -9999.000 -9999.000 -9999.000 -9999.000 -9999.000 -9999.000 -9999.000 -9999.000 -9999.000 -9999.000 -9999.000 -9999.000 -9999.000 -9999.000 -9999.000 -9999.000 -9999.000 -9999.000 -9999.000 -9999.000 -9999.000 -9999.000 -9999.000 -9999.000
nan nan nan nan nan 14.488 nan nan nan 130.702 140.346 141.082 125.173 105.759 103.370 105.075 100.642 92.012 93.156 95.244 98.246 100.635 100.256 109.162 131.175 126.212 120.857 117.848 112.091 107.493 104.145 -9999.000 -9999.000 -9999.000 -9999.000 -9999.000 -9999.000 -9999.000 -9999.000 -9999.000 -9999.000 -9999.000 -9999.000 -9999.000 -9999.000 -9999.000 -9999.000 -9999.000 -9999.000 -9999.000 -9999.000 -9999.000 -9999.000 -9999.000 -9999.000 -9999.000 -9999.000 -9999.000 -9999.000 -9999.000 -9999.000 -9999.000 -9999.000 -9999.000 -9999.000
nan nan nan 23.396 156.380 166.293 166.506 29.638 nan 148.394 134.491 45.107 149.570 114.394 105.569 97.351 100.068 94.233 94.385 90.316 92.310 94.173 109.857 122.392 127.880 115.810 118.559 115.054 112.249 106.895 103.759 -9999.000 -9999.000 -9999.000 -9999.000 -9999.000 -9999.000 -9999.000 -9999.000 -9999.000 -9999.000 -9999.000 -9999.000 -9999.000 -9999.000 -9999.000 -9999.000 -9999.000 -9999.000 -9999.000 -9999.000 -9999.000 -9999.000 -9999.000 -9999.000 -9999.000 -9999.000 -9999.000 -9999.000 -9999.000 -9999.000 -9999.000 -9999.000 -9999.000 -9999.000
nan nan nan 166.396 163.607 144.140 148.086 166.471 156.380 nan nan 156.980 153.687 139.332 127.187 94.825 99.251 97.048 90.944 89.636 91.337 90.696 104.712 108.702 110.883 113.954 116.432 113.427 106.668 102.753 -9999.000 -9999.000 -9999.000 -9999.000 -9999.000 -9999.000 -9999.000 -9999.000 -9999.000 -9999.000 -9999.000 -9999.000 -9999.000 -9999.000 -9999.000 -9999.000 -9999.000 -9999.000 -9999.000 -9999.000 -9999.000 -9999.000 -9999.000 -9999.000 -9999.000 -9999.000 -9999.000 -9999.000 -9999.000 -9999.000 -9999.000 -9999.000 -9999.000 -9999.000 -9999.000
nan nan 154.765 149.522 144.611 125.620 129.667 132.109 130.225 161.772 67.364 158.323 156.682 151.746 136.747 108.798 102.992 95.508 94.023 90.026 94.595 92.803 92.489 97.412 101.708 110.758 112.053 112.837 108.570 110.602 -9999.000 -9999.000 -9999.000 -9999.000 -9999.000 -9999.000 -9999.000 -9999.000 -9999.000 -9999.000 -9999.000 -9999.000 -9999.000 -9999.000 -9999.000 -9999.000 -9999.000 -9999.000 -9999.000 -9999.000 -9999.000 -9999.000 -9999.000 -9999.000 -9999.000 -9999.000 -9999.000 -9999.000 -9999.000 -9999.000 -9999.000 -9999.000 -9999.000 -9999.000 -9999.000
nan 154.311 147.140 135.150 128.720 117.590 118.961 119.240 121.046 124.390 159.225 160.881 156.999 152.137 145.487 115.909 102.690 95.052 95.971 99.520 101.577 94.787 91.938 100.730 102.813 109.017 109.219 109.409 109.126 109.229 -9999.000 -9999.000 -9999.000 -9999.000 -9999.000 -9999.000 -9999.000 -9999.000 -9999.000 -9999.000 -9999.000 -9999.000 -9999.000 -9999.000 -9999.000 -9999.000 -9999.000 -9999.000 -9999.000 -9999.000 -9999.000 -9999.000 -9999.000 -9999.000 -9999.000 -9999.000 -9999.000 -9999.000 -9999.000 -9999.000 -9999.000 -9999.000 -9999.000 -9999.000 -9999.000
155.837 164.784 162.844 146.327 123.123 112.520 114.094 113.385 114.137 117.866 123.565 158.935 159.908 155.582 152.959 137.454 100.428 91.736 96.068 96.099 92.472 90.434 90.660 100.383 103.406 105.962 99.736 103.411 103.096 105.814 -9999.000 -9999.000 -9999.000 -9999.000 -9999.000 -9999.000 -9999.000 -9999.000 -9999.000 -9999.000 -9999.000 -9999.000 -9999.000 -9999.000 -9999.000 -9999.000 -9999.000 -9999.000 -9999.000 -9999.000 -9999.000 -9999.000 -9999.000 -9999.000 -9999.000 -9999.000 -9999.000 -9999.000 -9999.000 -9999.000 -9999.000 -9999.000 -9999.000 -9999.000 -9999.000
nan 65.335 162.945 157.431 154.934 140.423 118.962 110.245 110.613 115.635 126.004 136.754 157.530 156.687 147.703 129.384 116.676 106.063 98.313 90.189 89.617 97.928 100.094 88.521 97.156 99.617 92.761 92.677 91.353 -9999.000 -9999.000 -9999.000 -9999.000 -9999.000 -9999.000 -9999.000 -9999.000 -9999.000 -9999.000 -9999.000 -9999.000 -9999.000 -9999.000 -9999.000 -9999.000 -9999.000 -9999.000 -9999.000 -9999.000 -9999.000 -9999.000 -9999.000 -9999.000 -9999.000 -9999.000 -9999.000 -9999.000 -9999.000 -9999.000 -9999.000 -9999.000 -9999.000 -9999.000 -9999.000 -9999.000
nan 168.905 151.299 145.849 139.912 141.980 124.507 105.421 106.933 133.473 114.555 124.935 125.908 158.499 154.337 144.033 137.957 114.010 106.310 96.404 97.292 113.619 103.940 100.888 94.113 93.806 92.719 98.210 114.542 -9999.000 -9999.000 -9999.000 -9999.000 -9999.000 -9999.000 -9999.000 -9999.000 -9999.000 -9999.000 -9999.000 -9999.000 -9999.000 -9999.000 -9999.000 -9999.000 -9999.000 -9999.000 -9999.000 -9999.000 -9999.000 -9999.000 -9999.000 -9999.000 -9999.000 -9999.000 -9999.000 -9999.000 -9999.000 -9999.000 -9999.000 -9999.000 -9999.000 -9999.000 -9999.000 -9999.000
