test_integration/test_sample_run/example/output_maps/SWEDENSITYN0137.asc
ncols         174
nrows         141
xllcorner     744500.000000
yllcorner     5140950.000000
cellsize      250.000000
NODATA_value  -9999.0
[rows 62 to 92 of 141, columns 70 to 139 of 174]
nan 194.090 201.863 192.150 198.267 210.142 nan nan nan nan nan nan nan nan nan nan nan nan nan nan nan nan 210.193 200.391 174.474 181.938 nan nan nan nan nan nan nan nan nan nan nan nan nan nan nan 195.227 185.399 173.210 162.813 161.171 159.553 161.545 183.876 165.863 160.868 165.610 188.378 nan nan nan nan nan nan nan 193.969 186.171 186.770 185.115 179.153 164.916 157.963 155.279 157.640 157.761
187.413 175.976 186.160 170.562 184.993 186.359 193.067 nan nan nan nan nan nan nan nan nan nan nan nan 208.878 195.421 212.727 200.668 198.311 203.707 nan nan nan nan nan nan nan nan nan nan nan nan nan nan nan nan nan nan 63.414 203.189 202.819 204.450 184.147 175.355 162.002 161.240 177.538 nan nan 209.519 nan nan nan nan nan nan nan 196.976 163.756 158.520 158.292 156.237 149.313 174.843 171.545
187.660 163.331 165.080 162.156 164.346 176.041 196.351 191.839 176.156 182.915 193.365 206.151 nan nan nan nan nan nan 200.320 191.033 181.528 182.657 188.576 nan nan nan nan nan nan nan nan nan nan 142.557 195.642 224.164 nan nan nan nan nan nan nan nan nan nan nan 206.374 158.539 157.693 171.815 195.185 nan 167.284 180.423 213.111 nan nan nan nan nan nan 205.330 189.513 151.467 150.870 178.311 nan nan nan
195.879 181.453 159.739 175.132 167.488 179.768 187.978 174.260 166.073 169.665 183.763 186.060 207.680 nan nan nan nan nan 213.949 nan 86.983 nan nan nan nan nan nan nan nan nan nan 226.432 190.273 185.093 172.093 208.757 nan 216.904 200.163 nan nan nan nan nan nan nan nan 204.423 162.070 156.362 24.866 nan 166.944 161.392 176.494 187.589 nan nan nan nan nan nan nan 197.527 146.444 185.108 186.746 nan nan nan
nan nan 186.145 183.470 191.521 200.112 180.714 166.174 161.480 181.109 181.045 182.623 204.171 nan nan nan nan nan nan nan nan nan nan nan nan nan nan nan nan 227.736 192.890 186.375 173.362 169.410 207.244 nan 52.103 190.393 175.458 174.391 188.718 190.750 nan nan 207.876 nan 201.248 193.842 203.902 196.210 nan nan 162.347 162.172 195.260 27.960 nan nan nan nan nan nan 171.847 165.084 201.676 nan nan nan nan nan
nan nan 198.041 181.563 199.621 192.293 164.381 164.202 167.811 174.515 181.032 190.119 nan 7.214 nan nan nan nan nan nan nan nan nan nan nan 190.273 nan 193.662 190.863 181.851 171.960 166.774 166.775 160.148 nan nan 217.019 208.931 168.403 169.297 171.840 178.022 202.815 204.640 206.140 198.670 187.979 194.014 204.423 nan nan 194.361 178.036 181.155 nan nan nan nan nan 102.028 199.472 185.806 153.273 154.553 nan nan nan nan 198.655 164.549
5.907 nan nan 200.195 200.591 187.847 181.426 181.472 207.496 192.466 196.875 191.918 nan nan nan nan nan nan nan nan nan nan 201.690 192.767 196.967 195.869 195.740 183.457 172.176 168.198 165.922 158.823 160.204 92.305 nan 209.487 210.808 nan 175.572 162.591 168.161 167.778 170.102 184.295 nan nan 28.777 33.222 nan nan 203.789 170.941 187.808 203.569 nan nan nan nan 184.866 173.566 172.089 165.199 175.221 11.591 nan nan nan 171.177 161.764 155.813
203.924 nan nan nan nan 10.817 nan nan nan nan 206.768 203.189 nan nan nan nan nan nan nan nan nan 192.593 168.533 172.692 166.264 172.787 174.708 174.411 174.252 178.921 155.604 179.007 157.434 nan nan 195.005 215.817 nan 183.608 163.113 161.044 160.910 167.710 175.001 nan nan nan nan nan 209.011 189.035 183.913 198.300 nan nan nan nan nan 196.807 177.030 176.418 184.455 203.491 nan nan nan 182.311 159.139 156.710 154.753
201.907 206.767 201.686 nan nan nan nan nan 197.816 nan nan nan nan nan nan nan nan nan nan nan 187.497 179.397 159.596 167.169 167.952 173.251 167.476 171.583 183.493 nan 179.802 165.387 214.770 190.857 113.156 192.205 210.566 27.481 201.866 205.917 164.392 168.064 166.111 182.248 188.093 110.885 nan nan nan 208.062 160.540 164.161 209.782 nan nan nan nan nan nan nan nan nan nan nan 202.278 174.667 159.029 -9999.000 -9999.000 -9999.000
192.547 199.734 202.896 204.286 nan 201.673 190.638 179.246 178.919 nan nan nan nan nan nan nan nan nan nan nan 105.049 175.723 158.241 161.736 166.799 159.506 157.568 159.372 171.087 nan 194.667 159.873 200.966 nan 183.272 186.098 195.499 206.734 nan nan 207.576 199.061 190.815 186.839 184.777 186.932 205.944 212.411 nan nan 211.482 202.255 196.858 nan nan nan nan nan nan nan nan nan nan nan nan 187.468 -9999.000 -9999.000 -9999.000 -9999.000
183.805 183.988 199.486 nan 207.581 195.096 179.945 179.797 198.415 nan nan nan nan nan nan nan nan nan nan nan nan 194.621 199.253 184.772 158.210 158.795 157.380 170.810 167.919 164.410 196.777 185.549 196.763 205.794 168.695 187.076 175.149 206.174 nan nan nan nan 216.686 184.629 175.917 170.848 168.299 168.197 202.633 nan nan nan nan nan nan nan nan nan nan nan nan nan nan nan nan -9999.000 -9999.000 -9999.000 -9999.000 -9999.000
177.678 177.637 201.952 nan 192.984 186.773 173.186 184.267 nan nan nan nan nan nan nan nan nan nan nan nan nan 201.395 198.240 197.941 150.046 156.986 156.000 172.948 165.026 159.673 182.405 190.120 190.374 181.954 206.094 171.321 168.843 179.494 191.131 186.339 208.451 30.429 204.259 197.844 169.077 165.622 163.785 168.897 187.117 201.687 nan nan nan nan nan nan nan nan nan nan nan 203.943 187.889 215.277 nan -9999.000 -9999.000 -9999.000 -9999.000 -9999.000
180.830 198.785 107.289 187.556 163.652 169.637 209.742 nan nan nan nan nan nan nan nan nan nan nan nan nan nan 199.605 nan nan nan nan nan 189.684 160.834 159.940 177.499 193.082 199.770 195.836 199.454 174.604 174.729 170.834 168.735 165.367 181.668 190.591 172.062 167.246 165.753 162.388 160.731 163.792 163.893 166.596 212.770 nan nan nan nan 207.215 nan nan nan 211.954 181.048 162.571 158.979 164.067 184.284 -9999.000 -9999.000 -9999.000 -9999.000 -9999.000
198.518 7.121 197.303 176.826 165.410 197.429 nan nan nan nan nan nan nan nan nan nan nan nan nan 209.743 nan nan nan nan nan nan nan nan 164.783 183.414 184.528 215.587 nan nan 206.427 181.822 170.675 167.201 165.380 162.723 168.161 169.686 171.398 159.708 161.605 156.779 162.237 170.960 215.805 202.744 nan nan nan nan nan nan nan nan 155.490 196.305 179.883 166.430 152.168 160.250 -9999.000 -9999.000 -9999.000 -9999.000 -9999.000 -9999.000
nan 200.325 192.915 184.554 205.200 nan nan nan nan nan nan nan nan nan nan nan nan nan nan nan nan nan nan nan nan nan nan nan nan 193.587 200.067 208.804 201.339 186.230 189.331 186.343 164.316 163.193 160.889 165.116 164.917 161.820 203.888 217.629 211.521 213.454 nan nan nan nan nan nan nan nan nan nan nan nan nan 204.383 nan nan nan nan -9999.000 -9999.000 -9999.000 -9999.000 -9999.000 -9999.000
195.850 182.578 188.841 192.898 nan nan nan nan nan nan nan nan nan nan nan nan nan nan nan nan 210.664 101.720 209.434 nan nan nan nan 203.018 199.816 192.296 203.181 nan 197.420 186.163 167.311 178.722 167.839 158.324 193.514 217.996 201.165 217.713 207.567 nan nan nan nan nan nan nan nan nan nan nan nan nan nan nan nan nan nan nan nan nan -9999.000 -9999.000 -9999.000 -9999.000 -9999.000 -9999.000
178.101 177.758 180.511 199.185 nan nan nan nan nan nan nan nan nan nan nan nan nan nan nan nan 200.734 207.179 187.385 184.261 211.304 nan 202.904 203.063 200.423 nan nan nan 216.867 nan 204.393 201.823 205.344 210.809 nan nan nan nan nan nan nan nan nan nan 212.206 nan nan 176.378 189.964 202.799 nan nan nan nan nan nan nan nan nan nan -9999.000 -9999.000 -9999.000 -9999.000 -9999.000 -9999.000
195.360 171.741 197.851 nan nan nan nan nan nan nan nan nan nan nan nan nan nan nan nan nan nan nan nan 45.841 206.396 nan nan nan nan nan nan nan nan nan nan 210.961 nan nan nan nan nan nan nan nan nan nan nan nan nan 211.324 186.357 187.737 210.036 nan nan nan nan nan nan nan nan nan nan nan -9999.000 -9999.000 -9999.000 -9999.000 -9999.000 -9999.000
192.922 nan nan nan nan 119.018 191.847 nan nan nan nan nan nan nan nan nan nan nan nan nan nan nan nan nan nan nan nan nan nan nan nan nan nan nan nan nan nan nan nan nan nan nan nan nan nan nan nan nan 215.610 207.063 216.654 nan nan nan nan 212.802 nan nan nan nan nan nan nan nan -9999.000 -9999.000 -9999.000 -9999.000 -9999.000 -9999.000
nan nan nan nan nan nan nan nan nan nan nan nan nan nan nan nan nan nan nan nan nan nan nan nan nan nan nan nan nan nan nan nan nan nan nan nan nan nan nan nan nan nan nan nan nan nan nan nan 212.564 nan nan nan nan nan 212.720 200.978 203.758 213.908 nan nan nan nan 81.210 nan nan -9999.000 -9999.000 -9999.000 -9999.000 -9999.000
nan nan nan nan nan nan nan nan nan nan nan nan nan nan nan nan nan nan nan nan nan nan nan nan nan nan nan nan nan nan nan nan nan nan nan nan nan nan nan nan nan nan nan nan nan nan nan nan nan nan nan 211.550 210.373 200.151 199.307 186.506 192.539 209.989 nan nan 200.420 199.040 169.920 nan nan -9999.000 -9999.000 -9999.000 -9999.000 -9999.000
nan nan nan nan nan nan nan nan nan nan nan nan nan nan nan nan nan nan nan nan nan nan nan nan nan nan nan nan nan nan nan nan nan nan nan nan nan nan nan nan nan nan nan nan nan nan nan nan nan nan 212.425 195.997 204.414 215.223 188.835 194.685 210.929 213.217 214.507 215.433 186.682 196.614 80.286 nan nan -9999.000 -9999.000 -9999.000 -9999.000 -9999.000
nan nan nan nan nan nan nan nan nan nan nan nan nan nan nan nan nan nan nan nan nan nan nan nan nan nan nan nan 206.219 nan nan nan nan nan nan nan nan nan nan nan nan 216.962 217.911 216.487 nan nan nan nan nan 204.749 203.613 215.275 214.050 213.015 196.727 212.455 nan nan 80.387 196.421 200.679 210.708 210.214 nan -9999.000 -9999.000 -9999.000 -9999.000 -9999.000 -9999.000
nan nan nan nan nan nan nan nan nan nan nan nan nan nan nan nan nan nan nan nan nan nan nan 212.993 189.452 209.393 210.789 207.715 212.805 nan nan nan nan nan nan nan nan nan nan 211.908 211.704 187.955 169.802 178.901 173.532 192.603 nan 212.647 211.893 208.008 208.544 215.080 214.278 215.783 213.754 nan nan nan 212.397 209.849 212.541 210.210 210.030 nan -9999.000 -9999.000 -9999.000 -9999.000 -9999.000 -9999.000
nan nan nan nan nan nan nan nan nan nan nan nan nan nan nan nan nan nan nan nan nan nan 208.150 83.256 212.667 nan nan nan nan nan nan nan nan nan nan nan nan 207.845 184.757 183.917 191.202 189.545 180.791 176.659 190.513 198.038 211.776 213.089 214.539 213.524 nan nan nan nan nan nan nan nan 213.278 210.658 nan 210.010 197.531 nan -9999.000 -9999.000 -9999.000 -9999.000 -9999.000 -9999.000
nan nan nan nan nan nan nan nan nan nan nan nan nan nan nan nan nan nan nan nan nan nan nan nan nan nan nan nan nan nan nan nan nan nan nan nan 207.893 190.465 172.613 168.102 209.557 208.896 203.138 215.382 212.836 212.062 211.557 213.324 213.577 212.854 nan 210.730 213.219 214.312 nan nan nan 87.563 210.569 211.468 210.128 211.244 181.804 209.205 -9999.000 -9999.000 -9999.000 -9999.000 -9999.000 -9999.000
86.483 21.936 18.935 nan nan nan nan nan nan nan nan nan nan nan nan nan nan nan nan nan nan nan nan nan nan nan nan nan nan nan nan nan nan 197.220 186.207 208.939 194.076 188.628 188.622 178.777 206.562 205.094 217.072 214.096 213.199 207.442 211.819 207.363 183.435 193.107 184.043 198.947 214.799 213.021 212.668 210.254 209.296 211.102 211.445 211.912 210.342 206.825 203.116 210.357 -9999.000 -9999.000 -9999.000 -9999.000 -9999.000 -9999.000
159.019 74.082 nan nan nan nan nan nan nan nan nan nan nan nan nan nan nan nan nan nan nan nan nan nan nan nan nan nan nan nan nan 202.241 193.166 180.857 177.213 196.772 194.736 196.809 195.897 210.600 191.023 213.699 219.257 187.094 185.344 197.755 211.669 206.492 198.778 194.986 192.234 197.857 215.110 213.350 211.468 215.199 210.831 215.685 212.660 212.475 209.460 79.132 nan nan -9999.000 -9999.000 -9999.000 -9999.000 -9999.000 -9999.000
nan nan nan nan nan nan nan nan nan nan nan nan nan nan nan nan nan nan nan nan nan nan nan nan 204.783 195.621 193.813 192.328 nan 214.688 195.708 189.969 179.750 191.219 173.752 188.522 214.107 208.928 211.496 nan 210.483 212.538 211.377 201.440 201.713 200.573 nan nan nan nan 213.581 210.293 nan 211.238 215.004 215.582 214.274 202.221 212.214 209.437 212.097 nan nan -9999.000 -9999.000 -9999.000 -9999.000 -9999.000 -9999.000 -9999.000
nan nan nan nan nan nan nan nan nan nan nan nan nan nan nan nan nan nan nan nan nan nan nan nan 188.307 171.207 172.093 173.383 198.554 nan 113.129 207.373 212.960 213.704 211.946 196.367 208.348 214.724 nan nan 211.176 204.235 nan nan nan 207.660 212.690 -9999.000 -9999.000 -9999.000 -9999.000 -9999.000 -9999.000 -9999.000 213.101 213.046 212.580 194.442 190.475 196.814 nan nan -9999.000 -9999.000 -9999.000 -9999.000 -9999.000 -9999.000 -9999.000 -9999.000
nan nan nan nan nan nan nan nan nan nan nan nan nan nan nan nan nan nan nan nan nan nan 214.978 201.277 200.994 190.971 165.838 186.069 nan nan nan nan nan nan nan nan nan nan nan 209.320 nan nan 215.376 -9999.000 -9999.000 -9999.000 -9999.000 -9999.000 -9999.000 -9999.000 -9999.000 -9999.000 -9999.000 -9999.000 -9999.000 -9999.000 212.148 208.839 175.026 208.336 nan -9999.000 -9999.000 -9999.000 -9999.000 -9999.000 -9999.000 -9999.000 -9999.000 -9999.000
