test_integration/test_sample_run/example/output_maps/SWEDENSITYN0083.asc
ncols         174
nrows         141
xllcorner     744500.000000
yllcorner     5140950.000000
cellsize      250.000000
NODATA_value  -9999.0
[rows 0 to 29 of 141, columns 66 to 131 of 174]
-9999.000 -9999.000 -9999.000 -9999.000 -9999.000 -9999.000 -9999.000 -9999.000 -9999.000 -9999.000 -9999.000 -9999.000 -9999.000 -9999.000 -9999.000 -9999.000 -9999.000 -9999.000 -9999.000 -9999.000 -9999.000 -9999.000 -9999.000 -9999.000 -9999.000 -9999.000 -9999.000 -9999.000 -9999.000 -9999.000 -9999.000 -9999.000 -9999.000 -9999.000 -9999.000 -9999.000 -9999.000 -9999.000 -9999.000 -9999.000 -9999.000 -9999.000 -9999.000 -9999.000 -9999.000 -9999.000 -9999.000 -9999.000 -9999.000 -9999.000 -9999.000 -9999.000 -9999.000 -9999.000 -9999.000 -9999.000 -9999.000 -9999.000 -9999.000 -9999.000 -9999.000 -9999.000 -9999.000 -9999.000 -9999.000 -9999.000
-9999.000 -9999.000 -9999.000 -9999.000 -9999.000 -9999.000 -9999.000 -9999.000 -9999.000 -9999.000 -9999.000 -9999.000 -9999.000 -9999.000 -9999.000 -9999.000 -9999.000 -9999.000 -9999.000 -9999.000 -9999.000 -9999.000 -9999.000 -9999.000 -9999.000 -9999.000 -9999.000 -9999.000 -9999.000 -9999.000 -9999.000 -9999.000 -9999.000 -9999.000 -9999.000 -9999.000 -9999.000 -9999.000 -9999.000 -9999.000 -9999.000 -9999.000 -9999.000 -9999.000 -9999.000 -9999.000 -9999.000 -9999.000 -9999.000 -9999.000 -9999.000 -9999.000 -9999.000 -9999.000 -9999.000 -9999.000 -9999.000 -9999.000 -9999.000 -9999.000 -9999.000 -9999.000 -9999.000 -9999.000 -9999.000 -9999.000
-9999.000 -9999.000 -9999.000 -9999.000 -9999.000 -9999.000 -9999.000 -9999.000 -9999.000 -9999.000 -9999.000 -9999.000 -9999.000 -9999.000 -9999.000 -9999.000 -9999.000 -9999.000 -9999.000 -9999.000 -9999.000 -9999.000 -9999.000 -9999.000 -9999.000 -9999.000 -9999.000 -9999.000 -9999.000 -9999.000 -9999.000 -9999.000 -9999.000 -9999.000 -9999.000 -9999.000 -9999.000 -9999.000 -9999.000 -9999.000 -9999.000 -9999.000 -9999.000 -9999.000 -9999.000 -9999.000 -9999.000 -9999.000 -9999.000 -9999.000 -9999.000 -9999.000 -9999.000 -9999.000 -9999.000 -9999.000 -9999.000 -9999.000 -9999.000 -9999.000 -9999.000 -9999.000 -9999.000 -9999.000 -9999.000 -9999.000
-9999.000 -9999.000 -9999.000 -9999.000 -9999.000 -9999.000 -9999.000 -9999.000 -9999.000 -9999.000 -9999.000 -9999.000 -9999.000 -9999.000 -9999.000 -9999.000 -9999.000 -9999.000 -9999.000 -9999.000 -9999.000 -9999.000 -9999.000 -9999.000 -9999.000 -9999.000 -9999.000 -9999.000 -9999.000 -9999.000 -9999.000 -9999.000 -9999.000 -9999.000 -9999.000 -9999.000 -9999.000 -9999.000 -9999.000 -9999.000 -9999.000 -9999.000 -9999.000 -9999.000 -9999.000 -9999.000 -9999.000 -9999.000 -9999.000 -9999.000 -9999.000 -9999.000 -9999.000 -9999.000 -9999.000 -9999.000 -9999.000 -9999.000 -9999.000 -9999.000 -9999.000 -9999.000 -9999.000 -9999.000 -9999.000 -9999.000
-9999.000 -9999.000 -9999.000 -9999.000 -9999.000 -9999.000 -9999.000 -9999.000 -9999.000 -9999.000 -9999.000 -9999.000 -9999.000 -9999.000 -9999.000 -9999.000 -9999.000 -9999.000 -9999.000 -9999.000 -9999.000 -9999.000 -9999.000 -9999.000 -9999.000 -9999.000 -9999.000 nan -9999.000 -9999.000 -9999.000 -9999.000 -9999.000 -9999.000 -9999.000 -9999.000 -9999.000 -9999.000 -9999.000 -9999.000 -9999.000 -9999.000 -9999.000 -9999.000 -9999.000 -9999.000 -9999.000 -9999.000 -9999.000 -9999.000 -9999.000 -9999.000 -9999.000 -9999.000 -9999.000 -9999.000 -9999.000 -9999.000 -9999.000 -9999.000 -9999.000 -9999.000 -9999.000 -9999.000 -9999.000 -9999.000
-9999.000 -9999.000 -9999.000 -9999.000 -9999.000 -9999.000 -9999.000 -9999.000 -9999.000 -9999.000 -9999.000 -9999.000 -9999.000 -9999.000 -9999.000 -9999.000 -9999.000 -9999.000 -9999.000 -9999.000 -9999.000 -9999.000 -9999.000 -9999.000 -9999.000 -9999.000 nan nan nan nan nan nan -9999.000 -9999.000 -9999.000 -9999.000 -9999.000 -9999.000 -9999.000 -9999.000 -9999.000 -9999.000 -9999.000 -9999.000 -9999.000 -9999.000 -9999.000 -9999.000 -9999.000 -9999.000 -9999.000 -9999.000 -9999.000 -9999.000 -9999.000 -9999.000 -9999.000 -9999.000 -9999.000 -9999.000 -9999.000 -9999.000 -9999.000 -9999.000 -9999.000 -9999.000
-9999.000 -9999.000 -9999.000 -9999.000 -9999.000 -9999.000 -9999.000 -9999.000 -9999.000 -9999.000 -9999.000 -9999.000 -9999.000 -9999.000 -9999.000 -9999.000 -9999.000 -9999.000 -9999.000 -9999.000 26.235 61.913 nan nan nan nan nan 180.825 170.284 171.427 171.106 163.899 161.663 nan -9999.000 -9999.000 -9999.000 -9999.000 -9999.000 -9999.000 -9999.000 -9999.000 -9999.000 -9999.000 -9999.000 -9999.000 -9999.000 -9999.000 -9999.000 -9999.000 -9999.000 -9999.000 -9999.000 -9999.000 -9999.000 -9999.000 -9999.000 -9999.000 -9999.000 -9999.000 -9999.000 -9999.000 -9999.000 -9999.000 -9999.000 -9999.000
-9999.000 -9999.000 -9999.000 -9999.000 -9999.000 -9999.000 -9999.000 -9999.000 -9999.000 -9999.000 -9999.000 -9999.000 -9999.000 -9999.000 -9999.000 -9999.000 -9999.000 -9999.000 -9999.000 -9999.000 147.782 179.209 169.302 173.958 167.184 174.278 170.861 179.542 172.993 169.971 173.823 169.310 173.481 nan nan -9999.000 -9999.000 -9999.000 -9999.000 -9999.000 -9999.000 -9999.000 -9999.000 -9999.000 -9999.000 -9999.000 -9999.000 -9999.000 -9999.000 -9999.000 -9999.000 -9999.000 -9999.000 -9999.000 -9999.000 -9999.000 -9999.000 -9999.000 -9999.000 -9999.000 -9999.000 -9999.000 -9999.000 -9999.000 -9999.000 -9999.000
-9999.000 -9999.000 -9999.000 -9999.000 -9999.000 -9999.000 -9999.000 -9999.000 -9999.000 -9999.000 -9999.000 -9999.000 155.494 158.199 -9999.000 -9999.000 -9999.000 -9999.000 -9999.000 160.311 165.299 178.472 180.629 182.099 176.489 165.880 167.007 173.165 173.787 177.168 172.490 162.888 169.962 168.432 nan nan -9999.000 -9999.000 -9999.000 -9999.000 -9999.000 -9999.000 -9999.000 -9999.000 -9999.000 -9999.000 -9999.000 -9999.000 -9999.000 -9999.000 -9999.000 -9999.000 -9999.000 -9999.000 -9999.000 -9999.000 -9999.000 -9999.000 -9999.000 -9999.000 -9999.000 -9999.000 -9999.000 -9999.000 -9999.000 -9999.000
-9999.000 -9999.000 -9999.000 -9999.000 -9999.000 -9999.000 -9999.000 -9999.000 -9999.000 -9999.000 162.543 159.824 162.999 164.007 nan 157.597 158.429 157.711 nan 170.296 176.047 176.396 181.568 180.990 183.375 176.967 179.493 174.148 176.612 177.900 177.612 167.979 166.744 174.557 175.830 nan nan -9999.000 -9999.000 -9999.000 -9999.000 -9999.000 -9999.000 -9999.000 -9999.000 -9999.000 -9999.000 -9999.000 -9999.000 -9999.000 -9999.000 -9999.000 -9999.000 -9999.000 -9999.000 -9999.000 -9999.000 -9999.000 -9999.000 -9999.000 -9999.000 -9999.000 -9999.000 -9999.000 -9999.000 -9999.000
-9999.000 -9999.000 -9999.000 -9999.000 -9999.000 -9999.000 -9999.000 -9999.000 166.551 160.071 163.476 185.895 164.727 173.867 183.623 183.104 182.089 155.969 167.807 180.597 165.641 152.122 152.829 174.432 180.949 182.169 185.045 178.521 171.632 179.186 165.941 170.019 172.990 165.279 169.140 166.191 nan nan -9999.000 -9999.000 -9999.000 -9999.000 -9999.000 -9999.000 -9999.000 -9999.000 -9999.000 -9999.000 -9999.000 -9999.000 -9999.000 -9999.000 -9999.000 -9999.000 -9999.000 -9999.000 -9999.000 -9999.000 -9999.000 -9999.000 -9999.000 -9999.000 -9999.000 -9999.000 -9999.000 -9999.000
-9999.000 -9999.000 -9999.000 -9999.000 -9999.000 -9999.000 -9999.000 nan 167.716 186.512 181.380 184.802 185.257 174.460 177.834 169.832 172.493 168.858 167.279 178.637 170.781 149.284 171.614 181.140 181.945 177.608 170.272 179.800 184.928 178.172 173.015 179.032 165.987 178.616 171.031 167.064 174.694 nan nan nan -9999.000 -9999.000 -9999.000 -9999.000 -9999.000 -9999.000 -9999.000 -9999.000 -9999.000 -9999.000 -9999.000 -9999.000 -9999.000 -9999.000 -9999.000 -9999.000 -9999.000 -9999.000 -9999.000 -9999.000 -9999.000 -9999.000 -9999.000 nan nan nan
-9999.000 -9999.000 -9999.000 -9999.000 -9999.000 -9999.000 180.613 78.400 178.648 179.616 184.195 182.938 183.256 184.761 176.567 172.960 173.056 174.683 173.918 169.561 179.519 178.506 168.807 181.553 179.059 168.487 180.579 180.136 179.957 180.613 180.342 179.407 172.019 179.581 167.014 167.817 168.983 178.829 172.082 28.009 nan -9999.000 -9999.000 -9999.000 -9999.000 -9999.000 -9999.000 -9999.000 -9999.000 -9999.000 -9999.000 -9999.000 -9999.000 -9999.000 -9999.000 -9999.000 -9999.000 -9999.000 -9999.000 -9999.000 -9999.000 -9999.000 nan nan 170.550 nan
-9999.000 -9999.000 -9999.000 -9999.000 -9999.000 nan 170.792 181.335 185.244 182.896 180.103 176.447 185.992 178.789 177.244 176.493 175.768 174.690 172.899 173.380 173.586 179.341 140.311 149.864 178.729 181.172 182.326 183.062 183.454 181.804 180.798 183.106 181.378 175.372 177.174 175.957 177.733 175.390 173.450 176.734 nan nan nan -9999.000 -9999.000 -9999.000 -9999.000 -9999.000 -9999.000 -9999.000 -9999.000 -9999.000 -9999.000 -9999.000 -9999.000 -9999.000 -9999.000 -9999.000 -9999.000 nan nan nan nan 168.955 170.194 166.990
-9999.000 -9999.000 -9999.000 -9999.000 -9999.000 nan 173.849 174.004 172.772 172.347 177.374 173.532 179.878 186.982 178.771 174.434 173.346 177.682 175.870 172.845 171.123 172.327 171.465 162.902 179.459 179.576 180.911 182.476 180.155 177.247 156.190 166.042 168.668 182.594 179.760 172.638 172.672 176.241 170.757 174.359 175.227 163.926 nan nan -9999.000 -9999.000 -9999.000 -9999.000 -9999.000 -9999.000 158.689 164.915 nan nan nan nan nan nan nan nan 161.483 163.187 166.970 170.874 172.595 166.377
-9999.000 -9999.000 -9999.000 -9999.000 nan nan 169.433 174.047 175.384 175.381 180.539 169.815 176.290 184.961 183.803 179.143 177.850 163.857 170.837 177.866 176.040 172.857 178.577 176.286 179.077 180.593 181.868 180.205 168.125 155.903 161.865 166.817 179.865 180.552 183.333 178.217 170.186 171.706 169.460 169.482 179.651 162.329 172.693 nan nan -9999.000 -9999.000 -9999.000 -9999.000 163.823 168.451 157.774 164.870 172.578 172.980 170.381 165.066 164.897 165.225 167.902 170.416 170.284 nan 172.857 41.723 57.921
-9999.000 -9999.000 -9999.000 167.294 nan 155.118 157.285 177.630 175.746 180.018 183.984 183.082 168.811 178.729 186.024 181.155 184.136 165.794 178.482 176.849 172.205 167.367 163.831 177.609 180.835 179.562 177.985 153.290 178.347 179.302 179.576 180.218 181.072 181.563 182.315 183.045 174.623 171.098 169.095 173.761 177.013 165.932 23.887 168.861 nan nan nan nan nan nan 163.149 169.268 163.726 164.580 168.514 175.029 172.191 171.017 166.319 70.532 nan nan nan 174.579 nan 164.362
-9999.000 -9999.000 165.371 149.716 143.053 154.426 154.140 161.746 172.923 177.910 179.470 178.164 175.906 172.831 184.169 187.117 183.558 174.692 167.034 170.945 179.400 169.593 167.004 175.098 178.115 177.813 158.061 169.295 180.214 179.580 181.042 181.704 181.958 182.173 182.139 182.716 174.153 180.811 179.709 178.483 177.582 171.720 2.415 53.534 167.436 164.510 163.787 153.667 173.195 170.060 161.110 164.797 168.698 166.676 167.099 172.817 174.195 170.557 165.382 171.646 nan nan nan nan nan 166.899
-9999.000 -9999.000 134.920 130.492 131.381 132.985 154.717 171.058 173.624 174.992 178.408 183.902 178.082 174.013 176.444 183.974 182.531 179.770 175.294 173.981 175.049 171.238 174.999 173.032 180.478 177.215 161.836 180.143 180.298 178.930 179.908 181.793 178.275 179.702 178.609 179.608 179.987 181.320 154.943 157.116 178.790 177.822 176.532 171.966 175.320 162.208 156.176 160.564 163.588 164.335 170.082 172.191 170.294 169.074 167.756 171.280 175.540 nan nan nan nan nan nan nan 175.314 168.421
-9999.000 167.424 146.902 130.608 131.162 129.827 154.405 174.010 174.811 175.622 178.145 178.648 180.888 179.621 177.846 178.496 182.688 179.859 175.834 178.756 172.591 169.512 174.544 174.990 167.362 172.612 178.872 178.842 179.781 180.362 178.678 181.245 176.091 178.082 177.280 173.408 182.575 175.975 168.633 144.355 148.561 138.387 174.755 180.030 176.746 174.547 161.458 161.263 167.113 nan 164.018 166.931 175.292 170.974 155.159 160.995 168.678 169.971 nan nan nan nan nan nan 168.594 48.048
161.467 nan 166.975 167.425 161.273 151.262 151.723 169.647 173.696 176.998 180.573 176.667 180.841 182.843 179.533 174.871 182.617 177.585 178.514 172.541 177.854 179.654 163.196 166.500 167.954 166.008 178.637 179.171 177.547 180.054 181.918 176.915 176.478 177.922 170.498 172.634 183.292 168.972 163.754 180.070 178.351 178.009 146.848 141.323 156.406 175.318 174.451 175.688 170.611 166.503 42.887 16.939 165.276 166.768 172.010 168.328 169.963 171.667 171.031 173.432 nan nan nan 173.142 nan nan
nan 161.944 166.977 167.569 169.805 157.266 156.827 164.678 174.971 176.164 178.887 181.239 179.531 180.805 183.487 180.024 183.205 181.236 178.855 175.860 176.154 173.512 177.801 174.937 169.954 173.745 178.966 177.688 175.327 175.365 177.261 170.796 177.471 175.386 176.242 180.997 174.329 179.610 174.629 175.125 171.032 170.959 176.534 150.158 136.223 150.202 164.903 178.627 168.633 173.832 171.446 nan nan nan nan nan nan nan 177.334 172.735 170.197 168.755 169.102 170.844 nan nan
166.516 167.939 168.503 171.229 169.464 168.729 165.342 170.866 177.918 175.585 178.548 182.482 178.504 178.565 180.519 180.502 176.979 182.276 172.766 178.250 179.176 172.346 180.900 175.387 178.108 178.288 174.642 177.310 179.673 180.231 177.239 178.520 174.744 169.051 176.277 176.116 175.371 173.098 175.852 175.059 177.391 167.282 166.409 177.084 175.697 133.147 128.012 129.278 142.019 170.377 171.086 173.934 173.084 174.495 173.158 173.132 136.932 137.658 151.490 134.086 134.553 162.517 169.914 169.176 168.807 172.434
nan 170.493 172.468 172.662 174.122 nan 173.799 175.641 177.738 180.212 179.139 179.664 179.851 182.870 179.835 182.350 180.678 180.592 182.316 180.422 178.319 166.411 179.784 173.965 176.612 176.639 164.369 174.908 180.124 180.081 179.044 179.022 175.859 171.857 176.769 177.418 178.465 173.427 174.405 172.899 173.350 165.516 172.486 175.962 160.129 129.207 122.109 128.804 127.826 129.519 133.211 164.714 150.915 165.504 137.986 142.301 131.722 129.159 129.665 129.578 169.904 166.641 168.460 168.191 168.413 169.574
166.742 171.269 171.846 171.998 172.645 173.621 173.162 176.946 177.404 180.117 178.385 179.941 180.268 179.964 183.120 182.841 184.266 180.490 180.525 174.680 179.808 174.061 175.664 175.308 174.791 171.131 174.265 175.888 179.827 179.838 174.996 174.761 175.531 175.923 177.448 178.532 181.626 174.438 169.714 172.299 159.762 142.283 129.212 127.783 124.448 131.737 168.373 173.804 174.925 169.061 163.615 130.676 131.747 132.031 130.877 130.542 132.734 130.913 146.094 166.888 166.259 168.642 159.885 163.795 170.395 169.502
132.903 143.421 153.221 171.334 171.282 172.916 173.898 177.830 180.288 180.775 181.306 183.230 181.861 183.036 184.170 183.887 183.406 183.860 180.968 178.252 174.379 173.793 173.519 171.998 172.586 175.146 168.993 171.500 179.357 179.572 173.351 176.969 176.706 177.951 180.689 179.616 177.449 178.545 173.649 165.841 170.293 168.904 166.423 153.529 164.488 174.494 170.340 170.326 167.803 165.776 172.542 154.740 171.133 132.601 129.965 127.630 129.909 147.269 166.643 164.001 166.400 159.546 165.785 167.851 161.643 169.315
129.496 130.372 129.887 131.175 138.269 177.555 175.204 175.700 177.774 177.767 178.744 179.209 179.006 179.774 182.382 183.286 182.618 182.072 181.257 179.247 176.314 178.954 173.660 174.085 170.325 170.511 167.495 161.035 177.541 179.944 171.038 176.186 174.849 178.567 177.635 179.261 179.823 180.137 174.610 167.812 174.039 172.196 166.297 162.999 158.586 160.009 158.805 165.350 161.219 172.405 172.436 171.464 164.601 166.736 171.564 131.014 160.001 162.149 163.351 167.999 170.276 168.634 167.506 167.183 167.698 168.264
129.546 125.369 124.959 125.339 138.328 168.702 165.555 158.420 154.171 144.404 172.284 176.700 179.440 180.583 180.503 184.872 182.661 183.256 183.720 180.892 179.262 176.251 169.719 169.402 170.986 169.496 170.328 167.287 171.374 179.361 178.364 178.828 177.472 178.810 175.835 176.669 180.664 180.461 174.436 173.873 170.620 174.054 166.936 50.587 nan nan nan nan 169.043 165.709 172.582 172.463 169.505 164.968 163.601 165.499 169.449 164.268 161.529 165.348 167.212 168.379 166.466 167.064 3.497 169.591
123.888 131.238 170.031 159.114 149.421 161.349 144.367 139.210 137.622 137.662 144.951 175.628 161.246 162.780 174.614 181.087 182.176 182.030 182.928 181.763 179.957 177.909 179.309 176.478 171.176 168.682 172.317 170.098 170.099 177.756 179.014 177.988 175.257 177.458 179.776 174.054 178.804 180.610 173.730 178.092 171.815 173.196 167.695 172.503 165.822 59.650 nan nan 169.578 166.915 173.410 172.122 169.319 168.650 163.025 160.920 161.249 164.063 161.906 162.976 166.603 32.172 171.382 nan 47.321 nan
120.743 158.736 159.838 165.066 165.204 143.423 140.533 146.379 139.656 150.135 136.341 159.198 176.001 174.087 171.008 176.908 178.462 181.249 183.411 182.314 180.994 179.971 177.196 175.336 177.802 173.058 174.087 168.602 170.709 177.028 178.868 178.780 178.983 177.266 178.794 175.540 177.666 180.210 176.271 176.122 177.126 173.747 172.167 166.876 171.140 nan 168.735 nan 62.877 167.882 170.734 136.093 165.797 171.363 168.095 nan nan nan nan 3.161 167.904 167.462 32.586 47.439 168.357 170.865
