test_integration/test_sample_run/example/output_maps/SWEDENSITYN0194.asc
ncols         174
nrows         141
xllcorner     744500.000000
yllcorner     5140950.000000
cellsize      250.000000
NODATA_value  -9999.0
[rows 64 to 95 of 141, columns 72 to 143 of 174]
201.267 198.967 200.331 210.323 nan nan nan nan nan nan nan nan nan nan nan nan nan nan 231.163 232.566 nan nan nan nan nan nan nan nan nan nan nan nan nan nan nan nan nan nan nan nan nan nan nan nan nan nan 181.266 182.091 211.034 nan nan 222.673 nan nan nan nan nan nan nan nan nan nan 175.073 175.991 197.265 nan nan nan nan nan nan nan
196.514 219.695 203.494 nan nan 215.321 202.495 204.925 nan nan nan nan nan nan nan nan nan nan nan nan nan nan nan nan nan nan nan nan nan nan nan nan 206.816 nan nan nan nan nan nan nan nan nan nan nan nan nan 193.141 183.944 nan nan 194.172 186.210 142.106 nan nan nan nan nan nan nan nan nan 174.668 230.590 nan nan nan nan nan nan nan nan
nan 233.556 nan nan 214.183 202.308 198.468 215.004 nan nan nan nan nan nan nan nan nan nan nan nan nan nan nan nan nan nan nan nan nan nan nan nan nan nan nan nan 210.443 209.150 234.404 nan nan nan nan nan nan nan 247.402 nan nan nan 185.612 186.276 nan nan nan nan nan nan nan nan 221.801 204.936 nan nan nan nan nan nan nan 204.323 196.823 nan
nan 233.321 nan nan 201.308 202.598 210.764 209.429 nan nan nan nan nan nan nan nan nan nan nan nan nan nan nan nan nan nan nan 89.389 207.308 61.052 207.059 184.331 nan nan nan nan 196.471 202.914 205.971 214.677 nan nan nan nan 231.743 231.448 244.749 nan nan 229.957 203.457 214.261 nan nan nan nan nan nan nan 232.190 183.020 183.903 nan nan nan nan nan 199.521 202.267 191.349 181.912 nan
nan nan nan nan 231.420 231.465 nan nan nan nan nan nan nan nan nan nan nan nan nan nan nan nan nan nan nan nan 207.341 202.143 9.730 183.971 186.784 nan nan nan nan nan 212.765 186.833 196.637 199.030 204.624 228.899 nan nan nan nan nan nan nan 208.288 234.168 nan nan nan nan nan 235.485 224.770 219.538 203.247 224.610 nan nan nan nan 221.317 193.886 186.693 178.452 184.378 nan 101.008
nan nan nan nan nan nan nan nan nan nan nan nan nan nan nan nan nan nan nan nan 115.718 206.643 202.618 207.671 207.467 207.249 223.368 229.078 177.831 201.602 182.662 nan nan nan nan nan 230.369 187.275 182.838 183.150 190.411 202.452 nan nan nan nan nan nan 210.635 229.651 232.419 nan nan nan nan nan nan 227.076 221.427 230.010 nan nan nan nan 221.621 185.888 184.341 180.220 179.340 222.911 nan -9999.000
nan nan nan nan nan nan nan nan nan nan nan nan nan nan nan nan nan nan 7.134 nan 199.162 nan 199.492 198.295 nan 41.174 nan nan 204.720 198.742 245.319 nan nan nan nan nan nan 251.031 195.065 202.303 189.131 208.755 236.733 nan nan nan nan nan 187.430 192.917 246.817 nan nan nan nan nan nan nan nan nan nan nan 15.189 196.274 182.536 -9999.000 -9999.000 -9999.000 nan -9999.000 -9999.000 -9999.000
nan nan nan nan nan 229.644 227.497 nan nan nan nan nan nan nan nan nan nan nan nan 126.380 182.822 183.052 205.103 191.130 181.874 186.796 201.166 nan nan 187.378 234.197 nan nan 233.416 243.078 nan nan nan nan 234.180 208.357 224.956 220.558 236.364 nan nan nan nan 254.637 234.753 231.528 nan nan nan nan nan nan nan nan nan nan nan nan 222.843 -9999.000 -9999.000 -9999.000 -9999.000 -9999.000 -9999.000 -9999.000 -9999.000
nan nan nan nan 230.699 230.189 nan nan nan nan nan nan nan nan nan nan nan nan nan nan 245.872 217.700 190.103 183.044 180.120 196.090 196.279 193.193 nan 225.814 231.411 nan 191.981 233.525 202.481 253.949 nan nan nan nan nan 202.242 212.655 206.490 190.103 202.164 nan nan nan nan nan nan nan nan nan nan nan nan nan nan nan nan nan -9999.000 -9999.000 -9999.000 -9999.000 -9999.000 -9999.000 -9999.000 -9999.000 -9999.000
nan nan nan nan 227.119 nan nan nan nan nan nan nan nan nan nan nan nan nan nan nan nan 239.182 174.599 179.550 183.463 208.822 189.324 181.652 231.358 229.248 223.579 205.600 nan 210.991 191.576 200.940 228.604 227.008 nan nan nan 245.643 202.969 196.768 192.396 199.542 231.598 231.916 nan nan nan nan nan nan nan nan nan nan nan nan 237.607 nan nan -9999.000 -9999.000 -9999.000 -9999.000 -9999.000 -9999.000 -9999.000 -9999.000 -9999.000
nan nan 195.190 216.524 nan nan nan nan nan nan nan nan nan nan nan nan nan nan nan nan nan nan nan nan nan 223.973 183.244 182.747 204.262 237.121 nan nan nan 196.071 195.242 191.591 208.905 196.637 213.996 236.805 201.410 194.111 193.999 190.215 187.940 192.004 192.509 196.928 245.748 nan nan nan nan nan nan nan nan nan 227.662 186.514 181.878 189.399 226.661 -9999.000 -9999.000 -9999.000 -9999.000 -9999.000 -9999.000 -9999.000 -9999.000 -9999.000
nan 227.464 211.268 245.258 nan nan nan nan nan nan nan nan nan nan nan nan nan nan nan nan nan nan nan nan nan nan 195.671 230.747 219.874 261.972 nan nan 239.728 228.933 192.592 199.752 196.272 189.017 195.782 197.629 198.193 183.004 187.178 180.082 189.599 196.629 261.558 nan nan nan nan nan nan nan nan nan nan nan 227.684 198.845 181.525 189.567 -9999.000 -9999.000 -9999.000 -9999.000 -9999.000 -9999.000 -9999.000 -9999.000 -9999.000 -9999.000
nan 234.618 nan nan nan nan nan nan nan nan nan nan nan nan nan nan nan nan nan nan nan nan nan nan nan nan nan 230.887 244.438 nan nan 220.323 222.837 223.142 194.039 191.004 188.684 192.288 192.892 188.916 251.714 262.312 239.580 nan nan nan nan nan nan nan nan nan nan nan nan nan nan nan nan nan nan nan -9999.000 -9999.000 -9999.000 -9999.000 -9999.000 -9999.000 -9999.000 -9999.000 -9999.000 -9999.000
nan nan nan nan nan nan nan nan nan nan nan nan nan nan nan nan nan nan nan nan nan nan nan nan nan nan nan 61.807 249.808 nan 246.256 221.483 200.008 209.056 199.008 181.556 218.114 247.970 232.428 262.713 nan nan nan nan nan nan nan nan nan nan nan nan nan nan nan nan nan nan nan nan nan nan -9999.000 -9999.000 -9999.000 -9999.000 -9999.000 -9999.000 -9999.000 -9999.000 -9999.000 -9999.000
231.110 nan nan nan nan nan nan nan nan nan nan nan nan nan nan nan nan nan nan nan 83.246 216.898 nan nan nan nan nan nan nan nan nan nan 247.819 248.398 255.058 nan nan nan nan nan nan nan nan nan nan nan nan nan nan 220.297 208.487 241.280 nan nan nan nan nan nan nan nan nan nan -9999.000 -9999.000 -9999.000 -9999.000 -9999.000 -9999.000 -9999.000 -9999.000 -9999.000 -9999.000
nan nan nan nan nan nan nan nan nan nan nan nan nan nan nan nan nan nan nan nan nan nan nan nan nan nan nan nan nan nan nan nan nan nan nan nan nan nan nan nan nan nan nan nan nan nan nan nan 213.147 223.305 49.685 nan nan nan nan nan nan nan nan nan nan nan -9999.000 -9999.000 -9999.000 -9999.000 -9999.000 -9999.000 -9999.000 -9999.000 -9999.000 -9999.000
nan nan nan nan nan nan nan nan nan nan nan nan nan nan nan nan nan nan nan nan nan nan nan nan nan nan nan nan nan nan nan nan nan nan nan nan nan nan nan nan nan nan nan nan nan nan nan 237.755 248.980 nan nan nan nan nan nan nan nan nan nan nan nan nan -9999.000 -9999.000 -9999.000 -9999.000 -9999.000 -9999.000 -9999.000 -9999.000 -9999.000 -9999.000
nan nan nan nan nan nan nan nan nan nan nan nan nan nan nan nan nan nan nan nan nan nan nan nan nan nan nan nan nan nan nan nan nan nan nan nan nan nan nan nan nan nan nan nan nan nan nan nan nan nan nan nan nan 244.387 nan nan nan nan nan nan nan nan nan -9999.000 -9999.000 -9999.000 -9999.000 -9999.000 -9999.000 -9999.000 -9999.000 -9999.000
nan nan nan nan nan nan nan nan nan nan nan nan nan nan nan nan nan nan nan nan nan nan nan nan nan nan nan nan nan nan nan nan nan nan nan nan nan nan nan nan nan nan nan nan nan nan nan nan nan nan 244.284 234.383 232.530 201.403 223.407 nan nan nan nan 245.821 nan nan nan -9999.000 -9999.000 -9999.000 -9999.000 -9999.000 -9999.000 -9999.000 -9999.000 -9999.000
nan nan nan nan nan nan nan nan nan nan nan nan nan nan nan nan nan nan nan nan nan nan nan nan nan nan nan nan nan nan nan nan nan nan nan nan nan nan nan nan nan nan nan nan nan nan nan nan nan 225.048 234.640 247.724 204.132 221.764 nan nan nan nan 228.642 237.283 nan nan nan -9999.000 -9999.000 -9999.000 -9999.000 -9999.000 -9999.000 -9999.000 -9999.000 -9999.000
nan nan nan nan nan nan nan nan nan nan nan nan nan nan nan nan nan nan nan nan nan nan nan nan nan nan nan nan nan nan nan nan nan nan nan nan nan nan nan nan nan nan nan nan nan nan nan nan 248.587 246.657 244.168 243.282 230.934 nan nan nan nan 242.208 245.270 nan nan nan -9999.000 -9999.000 -9999.000 -9999.000 -9999.000 -9999.000 -9999.000 -9999.000 -9999.000 -9999.000
nan nan nan nan nan nan nan nan nan nan nan nan nan nan nan nan nan nan nan nan nan nan nan nan nan nan nan nan nan nan nan nan nan nan nan nan nan nan nan 219.022 192.411 198.936 194.622 230.131 nan nan nan nan nan nan nan 247.286 nan nan nan nan nan nan nan nan nan nan -9999.000 -9999.000 -9999.000 -9999.000 -9999.000 -9999.000 -9999.000 -9999.000 -9999.000 -9999.000
nan nan nan nan nan nan nan nan nan nan nan nan nan nan nan nan nan nan nan nan nan nan nan nan nan nan nan nan nan nan nan nan nan nan nan nan 223.943 212.652 227.341 208.562 207.139 205.465 209.135 223.238 246.876 249.959 nan nan nan nan nan nan nan nan nan nan nan nan nan nan 233.643 nan -9999.000 -9999.000 -9999.000 -9999.000 -9999.000 -9999.000 -9999.000 -9999.000 -9999.000 -9999.000
nan nan nan nan nan nan nan nan nan nan nan nan nan nan nan nan nan nan nan nan nan nan nan nan nan nan nan nan nan nan nan nan nan nan nan 227.932 194.275 189.849 241.613 238.089 232.024 246.490 nan nan nan nan nan nan nan nan nan nan nan nan nan nan nan nan nan nan 201.978 nan -9999.000 -9999.000 -9999.000 -9999.000 -9999.000 -9999.000 -9999.000 -9999.000 -9999.000 -9999.000
nan nan nan nan nan nan nan nan nan nan nan nan nan nan nan nan nan nan nan nan nan nan nan nan nan nan nan nan nan nan nan 245.416 209.704 nan 238.638 225.171 215.667 214.177 234.747 246.208 246.208 nan nan nan nan nan 221.576 229.649 218.671 230.443 nan nan nan nan 246.604 nan nan nan nan nan 233.752 nan -9999.000 -9999.000 -9999.000 -9999.000 -9999.000 -9999.000 -9999.000 -9999.000 -9999.000 -9999.000
nan nan nan nan nan nan nan nan nan nan nan nan nan nan nan nan nan nan nan nan nan nan nan nan nan nan nan nan nan nan nan 205.087 201.892 nan 242.720 224.673 232.768 240.249 217.517 31.323 247.582 223.941 217.419 212.647 nan nan 246.083 233.300 236.700 227.077 nan nan nan 247.445 nan 256.082 nan nan nan nan nan nan -9999.000 -9999.000 -9999.000 -9999.000 -9999.000 -9999.000 -9999.000 -9999.000 -9999.000 -9999.000
nan nan nan nan nan nan nan nan nan nan nan nan nan nan nan nan nan nan nan nan nan nan nan nan nan nan nan nan nan 230.934 202.644 226.009 195.802 225.115 nan nan nan nan nan 240.804 243.492 245.841 217.283 230.596 nan nan nan nan nan nan nan nan nan 249.258 245.260 232.925 244.107 nan nan nan nan -9999.000 -9999.000 -9999.000 -9999.000 -9999.000 -9999.000 -9999.000 -9999.000 -9999.000 -9999.000 -9999.000
nan nan nan nan nan nan nan nan nan nan nan nan nan nan nan nan nan nan nan nan nan nan nan 209.790 nan 198.775 nan nan nan nan nan nan 242.937 222.519 245.999 nan nan nan nan 248.197 nan nan nan nan nan -9999.000 -9999.000 -9999.000 -9999.000 -9999.000 -9999.000 -9999.000 nan nan nan 218.589 219.874 227.043 nan nan -9999.000 -9999.000 -9999.000 -9999.000 -9999.000 -9999.000 -9999.000 -9999.000 -9999.000 -9999.000 -9999.000 -9999.000
nan nan nan nan nan nan nan nan nan nan nan nan nan nan nan nan nan nan nan nan nan nan nan nan 188.356 nan nan nan nan nan nan nan nan nan nan nan nan nan nan nan 244.074 -9999.000 -9999.000 -9999.000 -9999.000 -9999.000 -9999.000 -9999.000 -9999.000 -9999.000 -9999.000 -9999.000 -9999.000 -9999.000 nan nan 213.897 244.115 nan -9999.000 -9999.000 -9999.000 -9999.000 -9999.000 -9999.000 -9999.000 -9999.000 -9999.000 -9999.000 -9999.000 -9999.000 -9999.000
nan nan nan nan nan nan nan nan nan nan nan nan nan nan nan nan nan nan nan nan nan nan nan nan nan nan nan nan nan nan nan nan nan nan nan nan 237.950 nan nan -9999.000 -9999.000 -9999.000 -9999.000 -9999.000 -9999.000 -9999.000 -9999.000 -9999.000 -9999.000 -9999.000 -9999.000 -9999.000 -9999.000 -9999.000 -9999.000 244.552 nan nan -9999.000 -9999.000 -9999.000 -9999.000 -9999.000 -9999.000 -9999.000 -9999.000 -9999.000 -9999.000 -9999.000 -9999.000 -9999.000 -9999.000
nan nan nan nan nan nan nan nan nan nan nan nan nan nan nan nan nan nan nan nan 220.125 nan nan nan nan nan nan nan nan nan nan nan nan nan nan nan nan nan -9999.000 -9999.000 -9999.000 -9999.000 -9999.000 -9999.000 -9999.000 -9999.000 -9999.000 -9999.000 -9999.000 -9999.000 -9999.000 -9999.000 -9999.000 -9999.000 -9999.000 -9999.000 nan -9999.000 -9999.000 -9999.000 -9999.000 -9999.000 -9999.000 -9999.000 -9999.000 -9999.000 -9999.000 -9999.000 -9999.000 -9999.000 -9999.000 -9999.000
nan nan nan nan nan nan nan nan nan nan nan nan nan nan nan nan nan nan nan nan 225.076 nan nan nan nan nan nan nan nan nan nan nan -9999.000 -9999.000 -9999.000 nan nan -9999.000 -9999.000 -9999.000 -9999.000 -9999.000 -9999.000 -9999.000 -9999.000 -9999.000 -9999.000 -9999.000 -9999.000 -9999.000 -9999.000 -9999.000 -9999.000 -9999.000 -9999.000 -9999.000 -9999.000 -9999.000 -9999.000 -9999.000 -9999.000 -9999.000 -9999.000 -9999.000 -9999.000 -9999.000 -9999.000 -9999.000 -9999.000 -9999.000 -9999.000 -9999.000
