test_integration/test_sample_run/example/output_maps/SWEDENSITYN0175.asc
ncols         174
nrows         141
xllcorner     744500.000000
yllcorner     5140950.000000
cellsize      250.000000
NODATA_value  -9999.0
[rows 64 to 95 of 141, columns 72 to 143 of 174]
200.737 198.376 199.830 209.943 nan nan 169.173 nan nan nan nan nan nan nan nan nan nan nan 215.054 215.846 220.553 nan nan nan nan nan nan nan nan nan nan nan nan nan nan nan nan nan nan nan nan nan nan nan nan nan 180.017 181.038 210.248 nan nan 206.811 11.725 nan nan nan nan nan nan nan nan nan 173.883 174.622 196.297 nan nan nan nan nan nan nan
195.824 210.317 202.946 nan nan 209.472 202.030 204.505 nan nan nan nan nan nan nan nan nan nan nan nan nan nan nan nan nan nan nan nan nan nan nan nan 206.356 nan nan nan nan nan nan nan nan nan nan nan nan nan 192.112 182.671 nan nan 193.368 185.325 210.920 nan nan nan nan nan nan nan nan nan 173.241 218.551 nan nan nan nan nan nan nan nan
219.941 217.575 nan nan 213.845 201.783 197.876 214.645 nan nan nan nan nan nan nan nan nan nan nan nan nan nan nan nan nan nan nan nan nan nan nan nan nan nan nan nan 210.019 208.750 219.102 nan nan nan nan nan nan 220.414 231.929 220.682 nan nan 184.573 185.209 nan nan nan nan nan nan nan nan 205.617 190.617 nan nan nan nan nan nan nan 203.796 196.416 nan
25.648 216.131 nan nan 200.680 201.996 205.581 208.951 27.398 nan nan nan nan nan nan nan nan nan nan nan nan nan nan nan nan nan nan 208.191 206.855 62.110 206.662 183.395 nan nan nan nan 195.739 202.426 205.465 214.273 nan nan nan 229.508 215.846 215.480 229.160 nan nan 213.946 195.209 213.650 nan nan nan nan nan nan 228.378 215.295 175.542 182.526 nan nan nan nan nan 198.854 201.819 190.697 180.985 218.016
nan nan nan 103.465 215.516 215.672 nan nan nan nan nan nan nan nan nan nan nan nan nan nan nan nan nan nan nan 203.459 206.885 201.667 10.750 183.140 186.016 nan nan nan nan nan 203.799 186.011 196.038 198.546 204.180 213.645 nan nan nan nan nan nan nan 207.571 218.323 nan nan nan nan nan 219.741 207.086 202.133 187.644 207.589 nan nan nan nan 205.066 193.198 186.006 177.537 183.453 nan 222.918
nan nan nan nan nan nan nan nan nan nan nan nan nan nan nan nan nan nan nan nan 137.085 206.171 202.070 207.197 207.035 206.823 208.765 213.278 176.826 197.349 181.497 nan nan nan nan nan 214.515 186.246 181.928 182.159 189.701 201.866 nan nan nan nan nan nan 207.666 220.794 215.133 nan nan nan nan nan 21.215 211.118 205.173 214.028 nan nan nan nan 210.360 184.944 183.502 179.261 178.145 212.037 nan -9999.000
nan nan nan nan nan nan nan nan nan nan nan nan nan nan nan nan nan nan 122.046 nan 198.615 nan 198.686 197.848 nan 43.729 nan nan 197.353 197.824 229.746 nan nan 217.462 nan nan nan 235.683 194.201 201.523 188.162 206.084 221.283 nan nan nan nan nan 186.257 191.818 229.435 nan nan nan nan nan nan nan nan nan nan nan 231.850 195.243 181.488 -9999.000 -9999.000 -9999.000 nan -9999.000 -9999.000 -9999.000
nan nan nan nan nan 213.748 212.616 nan nan nan nan nan nan nan nan nan nan nan nan 212.946 181.854 182.185 204.591 190.478 180.914 186.035 200.391 nan 222.440 186.166 219.079 nan 205.335 218.149 228.030 nan nan nan nan 226.825 207.633 209.403 204.666 220.520 238.041 nan nan nan 242.115 234.033 216.386 nan nan nan nan nan nan nan nan nan nan nan nan 206.576 -9999.000 -9999.000 -9999.000 -9999.000 -9999.000 -9999.000 -9999.000 -9999.000
nan nan nan nan 214.716 214.328 nan nan nan nan nan nan nan nan nan nan nan nan nan nan 230.040 208.262 189.492 182.118 179.033 195.382 195.525 192.592 nan 217.083 215.958 nan 191.182 218.303 201.846 238.140 nan nan nan nan nan 201.441 212.001 205.704 189.058 201.312 227.624 nan nan nan nan nan nan nan nan nan nan nan nan nan nan nan nan -9999.000 -9999.000 -9999.000 -9999.000 -9999.000 -9999.000 -9999.000 -9999.000 -9999.000
nan nan nan 220.178 210.530 218.457 nan nan nan nan nan nan nan nan nan nan nan nan nan nan nan 223.382 173.203 178.214 182.202 197.320 188.291 180.701 215.540 219.597 221.053 200.449 nan 192.660 190.593 195.364 212.504 220.303 nan nan 233.104 230.229 202.093 195.838 191.420 198.590 225.444 215.954 nan nan nan nan nan nan nan nan nan nan nan nan 219.801 251.100 nan -9999.000 -9999.000 -9999.000 -9999.000 -9999.000 -9999.000 -9999.000 -9999.000 -9999.000
nan 221.230 193.156 204.019 nan nan nan nan nan nan nan nan nan nan nan nan nan nan nan nan nan nan nan nan nan 209.023 182.355 181.734 194.461 224.284 nan nan nan 195.099 194.265 190.636 208.114 195.740 213.234 223.471 200.532 192.996 192.979 189.228 186.857 190.982 191.512 195.915 230.215 nan nan nan nan nan nan nan nan nan 210.666 185.581 180.900 188.376 208.646 -9999.000 -9999.000 -9999.000 -9999.000 -9999.000 -9999.000 -9999.000 -9999.000 -9999.000
nan 211.548 198.737 231.939 nan nan nan nan nan nan nan nan nan nan nan nan nan nan nan nan nan nan nan nan nan nan 194.589 219.235 203.505 248.811 nan nan 224.303 220.269 191.610 198.831 195.448 187.910 194.718 196.705 197.277 181.757 185.997 178.779 188.318 195.536 248.353 nan nan nan nan nan nan nan nan nan nan 227.465 211.763 188.415 180.339 188.450 -9999.000 -9999.000 -9999.000 -9999.000 -9999.000 -9999.000 -9999.000 -9999.000 -9999.000 -9999.000
nan 218.284 nan nan nan nan nan nan nan nan nan nan nan nan nan nan nan nan nan nan nan nan nan nan nan nan nan 214.909 231.471 nan nan 219.770 206.123 217.220 193.200 190.003 187.683 191.129 191.838 187.846 236.398 249.646 223.880 nan nan nan nan nan nan nan nan nan nan nan nan nan nan nan nan nan nan nan -9999.000 -9999.000 -9999.000 -9999.000 -9999.000 -9999.000 -9999.000 -9999.000 -9999.000 -9999.000
221.283 nan nan nan nan nan nan nan nan nan nan nan nan nan nan nan nan nan nan nan nan nan nan nan nan nan nan 223.518 233.995 nan 230.830 216.863 199.111 206.850 196.388 180.245 215.655 231.882 224.950 250.231 nan nan nan nan nan nan nan nan nan nan nan nan nan nan nan nan nan nan nan nan nan nan -9999.000 -9999.000 -9999.000 -9999.000 -9999.000 -9999.000 -9999.000 -9999.000 -9999.000 -9999.000
215.173 nan nan nan nan nan nan nan nan nan nan nan nan nan nan nan nan nan nan nan 218.856 216.444 nan nan nan nan nan nan nan nan nan nan 234.135 232.840 239.791 nan nan nan nan nan nan nan nan nan nan nan nan nan nan 213.003 207.783 226.134 nan nan nan nan nan nan nan nan nan nan -9999.000 -9999.000 -9999.000 -9999.000 -9999.000 -9999.000 -9999.000 -9999.000 -9999.000 -9999.000
nan nan nan nan nan nan nan nan nan nan nan nan nan nan nan nan nan nan nan nan nan nan nan nan nan nan nan nan nan nan nan nan nan nan nan nan nan nan nan nan nan nan nan nan nan nan nan nan 212.465 222.763 231.469 nan nan nan nan nan nan nan nan nan nan nan -9999.000 -9999.000 -9999.000 -9999.000 -9999.000 -9999.000 -9999.000 -9999.000 -9999.000 -9999.000
nan nan nan nan nan nan nan nan nan nan nan nan nan nan nan nan nan nan nan nan nan nan nan nan nan nan nan nan nan nan nan nan nan nan nan nan nan nan nan nan nan nan nan nan nan nan nan 221.970 231.884 nan nan nan nan nan nan nan nan nan nan nan nan nan -9999.000 -9999.000 -9999.000 -9999.000 -9999.000 -9999.000 -9999.000 -9999.000 -9999.000 -9999.000
nan nan nan nan nan nan nan nan nan nan nan nan nan nan nan nan nan nan nan nan nan nan nan nan nan nan nan nan nan nan nan nan nan nan nan nan nan nan nan nan nan nan nan nan nan nan nan nan nan nan nan nan nan 229.037 230.208 nan nan nan nan nan nan nan nan -9999.000 -9999.000 -9999.000 -9999.000 -9999.000 -9999.000 -9999.000 -9999.000 -9999.000
nan nan nan nan nan nan nan nan nan nan nan nan nan nan nan nan nan nan nan nan nan nan nan nan nan nan nan nan nan nan nan nan nan nan nan nan nan nan nan nan nan nan nan nan nan nan nan nan nan 232.740 228.211 218.924 216.697 200.617 215.873 nan nan nan 231.014 230.393 nan nan nan -9999.000 -9999.000 -9999.000 -9999.000 -9999.000 -9999.000 -9999.000 -9999.000 -9999.000
nan nan nan nan nan nan nan nan nan nan nan nan nan nan nan nan nan nan nan nan nan nan nan nan nan nan nan nan nan nan nan nan nan nan nan nan nan nan nan nan nan nan nan nan nan nan nan nan nan 220.730 219.197 231.097 202.242 207.382 nan nan nan nan 212.720 220.556 nan nan nan -9999.000 -9999.000 -9999.000 -9999.000 -9999.000 -9999.000 -9999.000 -9999.000 -9999.000
nan nan nan nan nan nan nan nan nan nan nan nan nan nan nan nan nan nan nan nan nan nan nan nan nan nan nan nan nan nan nan nan nan nan nan nan nan nan nan nan nan nan nan nan nan nan nan nan 232.984 231.232 229.263 227.795 213.028 nan nan nan nan 226.641 229.874 236.389 nan nan -9999.000 -9999.000 -9999.000 -9999.000 -9999.000 -9999.000 -9999.000 -9999.000 -9999.000 -9999.000
nan nan nan nan nan nan nan nan nan nan nan nan nan nan nan nan nan nan nan nan nan nan nan nan nan nan nan nan nan nan nan nan nan nan nan nan nan nan 240.364 208.251 191.540 198.144 193.746 212.895 nan nan 41.057 nan 235.402 nan nan 231.895 nan nan nan nan nan 236.020 nan 234.672 nan nan -9999.000 -9999.000 -9999.000 -9999.000 -9999.000 -9999.000 -9999.000 -9999.000 -9999.000 -9999.000
nan nan nan nan nan nan nan nan nan nan nan nan nan nan nan nan nan nan nan nan nan nan nan nan nan nan nan nan nan nan nan nan nan nan nan 235.644 207.961 205.249 211.428 202.959 206.414 204.716 208.413 211.735 230.963 234.660 nan nan nan nan nan nan nan nan nan nan 237.294 nan nan nan 217.611 nan -9999.000 -9999.000 -9999.000 -9999.000 -9999.000 -9999.000 -9999.000 -9999.000 -9999.000 -9999.000
nan nan nan nan nan nan nan nan nan nan nan nan nan nan nan nan nan nan nan nan nan nan nan nan nan nan nan nan nan nan nan nan nan nan nan 212.089 193.501 188.916 226.062 222.402 216.063 231.015 nan nan 227.889 nan nan nan nan nan nan nan nan nan nan nan 236.593 238.093 nan nan 201.144 nan -9999.000 -9999.000 -9999.000 -9999.000 -9999.000 -9999.000 -9999.000 -9999.000 -9999.000 -9999.000
nan nan nan nan nan nan nan nan nan nan nan nan nan nan nan nan nan nan nan nan nan nan nan nan nan nan nan nan nan nan nan 230.203 209.325 nan 223.032 209.258 205.154 213.544 219.344 230.202 230.770 nan nan nan 229.132 235.708 218.551 220.472 216.826 214.503 230.546 nan nan 227.797 229.781 231.034 236.652 nan nan nan 217.853 nan -9999.000 -9999.000 -9999.000 -9999.000 -9999.000 -9999.000 -9999.000 -9999.000 -9999.000 -9999.000
nan nan nan nan nan nan nan nan nan nan nan nan nan nan nan nan nan nan nan nan nan nan nan nan nan nan nan nan nan nan 226.790 204.619 201.372 229.589 227.126 208.589 217.321 225.198 216.914 232.409 232.182 223.392 216.834 209.883 nan 233.406 230.635 226.330 227.300 224.889 nan nan nan 232.120 nan 240.970 nan nan 235.551 nan nan nan -9999.000 -9999.000 -9999.000 -9999.000 -9999.000 -9999.000 -9999.000 -9999.000 -9999.000 -9999.000
nan nan nan nan nan nan nan nan nan nan nan nan nan nan nan nan nan nan nan nan nan nan nan nan nan nan nan nan nan 215.267 202.109 210.065 195.023 209.111 237.633 230.160 nan nan nan 225.166 227.856 232.556 216.655 213.785 nan nan nan nan nan nan nan 231.378 234.508 233.921 229.865 217.114 228.636 238.414 nan nan nan -9999.000 -9999.000 -9999.000 -9999.000 -9999.000 -9999.000 -9999.000 -9999.000 -9999.000 -9999.000 -9999.000
nan nan nan nan nan nan nan nan nan nan nan nan nan nan nan nan nan nan nan nan nan nan nan 209.516 nan 198.370 nan nan nan nan nan nan 227.446 208.178 230.436 nan nan nan nan 233.239 nan nan nan 223.889 nan -9999.000 -9999.000 -9999.000 -9999.000 -9999.000 -9999.000 -9999.000 230.092 nan nan 208.179 219.311 209.545 nan nan -9999.000 -9999.000 -9999.000 -9999.000 -9999.000 -9999.000 -9999.000 -9999.000 -9999.000 -9999.000 -9999.000 -9999.000
nan nan nan nan nan nan nan nan nan nan nan nan nan nan nan nan nan nan nan nan nan nan nan 224.351 187.525 nan nan nan nan nan nan nan nan nan nan nan nan nan nan nan 228.499 -9999.000 -9999.000 -9999.000 -9999.000 -9999.000 -9999.000 -9999.000 -9999.000 -9999.000 -9999.000 -9999.000 -9999.000 -9999.000 228.087 235.551 212.941 228.601 nan -9999.000 -9999.000 -9999.000 -9999.000 -9999.000 -9999.000 -9999.000 -9999.000 -9999.000 -9999.000 -9999.000 -9999.000 -9999.000
nan nan nan nan nan nan nan nan nan nan nan nan nan nan nan nan nan nan nan nan nan nan nan nan nan nan nan nan nan nan nan nan nan nan nan nan 222.267 nan nan -9999.000 -9999.000 -9999.000 -9999.000 -9999.000 -9999.000 -9999.000 -9999.000 -9999.000 -9999.000 -9999.000 -9999.000 -9999.000 -9999.000 -9999.000 -9999.000 228.978 nan nan -9999.000 -9999.000 -9999.000 -9999.000 -9999.000 -9999.000 -9999.000 -9999.000 -9999.000 -9999.000 -9999.000 -9999.000 -9999.000 -9999.000
nan nan nan nan nan nan nan nan nan nan nan nan nan nan nan nan nan nan nan nan 204.127 nan nan nan nan nan nan nan nan nan nan nan nan nan nan nan nan nan -9999.000 -9999.000 -9999.000 -9999.000 -9999.000 -9999.000 -9999.000 -9999.000 -9999.000 -9999.000 -9999.000 -9999.000 -9999.000 -9999.000 -9999.000 -9999.000 -9999.000 -9999.000 nan -9999.000 -9999.000 -9999.000 -9999.000 -9999.000 -9999.000 -9999.000 -9999.000 -9999.000 -9999.000 -9999.000 -9999.000 -9999.000 -9999.000 -9999.000
nan nan nan nan nan nan nan nan nan nan nan nan nan nan nan nan nan nan nan nan 220.910 nan nan nan nan nan nan nan nan nan nan 73.914 -9999.000 -9999.000 -9999.000 nan nan -9999.000 -9999.000 -9999.000 -9999.000 -9999.000 -9999.000 -9999.000 -9999.000 -9999.000 -9999.000 -9999.000 -9999.000 -9999.000 -9999.000 -9999.000 -9999.000 -9999.000 -9999.000 -9999.000 -9999.000 -9999.000 -9999.000 -9999.000 -9999.000 -9999.000 -9999.000 -9999.000 -9999.000 -9999.000 -9999.000 -9999.000 -9999.000 -9999.000 -9999.000 -9999.000
