test_integration/test_sample_run/example/output_maps/SWEDENSITYN0123.asc
ncols         174
nrows         141
xllcorner     744500.000000
yllcorner     5140950.000000
cellsize      250.000000
NODATA_value  -9999.0
[rows 62 to 92 of 141, columns 0 to 69 of 174]
-9999.000 -9999.000 -9999.000 -9999.000 -9999.000 nan 92.104 nan nan nan nan nan nan nan nan nan nan nan nan nan nan nan nan nan nan nan nan nan nan nan nan nan nan nan nan nan nan nan nan nan nan nan nan nan nan nan nan nan 76.056 199.836 181.837 199.650 nan nan nan nan nan nan nan nan nan nan nan nan 201.648 195.896 188.521 nan nan nan
-9999.000 -9999.000 -9999.000 -9999.000 nan 205.661 181.627 210.617 nan nan nan nan nan nan 201.100 nan nan nan nan nan nan nan nan nan nan nan nan nan nan nan nan nan nan nan nan nan nan nan nan nan nan nan nan nan nan nan nan nan nan nan 183.173 178.296 nan nan nan nan nan nan nan nan nan 167.924 nan nan nan 51.097 nan nan nan nan
-9999.000 -9999.000 -9999.000 -9999.000 -9999.000 nan nan 192.954 189.183 161.775 161.954 167.567 206.961 nan nan nan nan nan nan nan nan nan nan nan nan nan nan nan nan nan nan nan nan nan nan nan nan nan nan nan nan nan nan 218.118 189.121 191.994 195.837 nan nan nan nan nan nan nan nan nan nan nan nan 213.137 197.066 181.037 166.156 163.442 200.014 nan nan nan nan nan
-9999.000 -9999.000 -9999.000 -9999.000 -9999.000 -9999.000 nan 190.065 171.912 177.881 183.953 184.061 168.650 179.527 nan nan nan nan nan nan nan nan nan nan nan nan nan nan nan nan nan nan nan nan nan nan nan nan nan nan nan nan 152.027 209.428 167.706 166.159 168.475 188.946 196.327 nan nan nan nan nan nan nan nan nan nan 212.520 199.999 199.270 176.051 162.959 173.366 194.046 nan nan 150.523 216.806
-9999.000 -9999.000 -9999.000 -9999.000 -9999.000 nan 206.862 160.012 149.327 175.757 203.026 nan nan nan nan nan nan nan nan nan nan nan nan nan nan nan nan nan nan nan nan nan nan nan nan nan nan nan nan nan nan 196.180 185.849 177.541 158.692 162.536 159.118 161.621 172.052 198.495 205.557 nan nan nan nan nan nan nan nan nan nan nan nan nan nan 195.214 191.276 180.307 181.972 203.539
-9999.000 -9999.000 -9999.000 -9999.000 -9999.000 205.387 201.424 165.375 138.655 167.946 189.104 nan nan nan nan nan nan nan nan nan nan nan nan nan nan nan nan nan nan nan nan nan nan nan nan nan nan nan nan nan 198.886 182.500 175.639 166.572 164.691 157.246 156.921 157.563 160.331 161.488 178.697 197.018 81.893 nan nan nan nan 206.185 186.364 nan nan nan nan nan nan nan 167.155 167.262 188.811 180.203
-9999.000 -9999.000 -9999.000 -9999.000 -9999.000 -9999.000 199.773 169.780 198.284 168.403 1.755 192.365 nan nan nan nan nan nan nan nan nan nan nan nan nan nan nan nan nan nan nan nan nan nan nan nan nan nan nan nan 184.802 156.766 159.194 165.407 154.988 150.942 156.415 156.118 158.726 156.904 155.816 161.615 183.803 200.184 nan nan 197.547 198.380 180.898 201.020 208.492 nan nan nan nan nan 195.121 178.018 193.943 183.603
-9999.000 -9999.000 -9999.000 -9999.000 -9999.000 -9999.000 202.349 176.469 nan nan 187.159 172.248 196.312 nan nan 210.386 204.759 186.022 186.754 200.923 nan nan nan nan nan nan nan nan nan nan nan nan nan nan nan nan nan nan 28.164 3.420 181.386 173.153 155.184 158.211 147.482 143.017 149.539 149.650 154.594 152.364 152.427 172.566 177.951 194.620 4.749 nan 177.602 178.531 180.379 193.740 201.821 199.862 nan nan nan nan nan nan nan nan
-9999.000 -9999.000 -9999.000 -9999.000 -9999.000 -9999.000 -9999.000 197.462 203.439 195.825 150.552 174.113 nan 203.062 204.717 205.112 159.586 159.185 177.723 184.480 200.052 nan nan nan nan nan nan nan nan nan nan nan nan 222.335 191.516 175.712 178.033 200.506 203.518 203.726 nan 68.539 158.873 146.784 137.570 143.631 141.121 140.231 148.339 148.682 145.727 176.025 188.058 nan nan nan 183.649 156.379 161.706 176.878 165.315 159.283 158.133 176.553 191.607 nan nan nan nan nan
-9999.000 -9999.000 -9999.000 -9999.000 -9999.000 -9999.000 -9999.000 179.544 164.126 148.144 174.716 187.629 nan 191.549 193.662 206.678 159.118 157.191 167.313 175.212 197.670 200.976 nan nan nan nan nan nan nan nan nan nan 189.397 184.740 179.484 158.746 165.558 188.890 164.434 181.355 nan 191.517 171.858 151.652 138.206 163.956 180.337 163.957 131.093 134.239 175.036 nan nan nan nan nan 195.639 156.405 168.030 177.039 155.627 161.313 154.780 159.026 182.022 198.669 202.845 204.971 198.476 195.537
-9999.000 -9999.000 -9999.000 -9999.000 -9999.000 -9999.000 -9999.000 -9999.000 203.144 171.467 14.529 67.180 192.252 180.304 171.754 157.382 160.378 152.723 155.951 172.866 197.266 nan nan nan nan nan nan nan nan nan 188.040 168.224 160.261 164.234 185.022 176.636 172.869 160.603 160.700 162.447 181.748 187.208 190.028 182.260 180.846 184.575 134.024 142.814 159.678 177.827 nan nan nan nan 204.184 206.786 192.568 163.103 184.156 175.991 157.715 176.593 149.110 170.075 180.643 179.560 44.759 202.735 179.982 197.963
-9999.000 -9999.000 -9999.000 -9999.000 -9999.000 -9999.000 -9999.000 -9999.000 nan nan nan nan 178.825 185.550 175.977 155.287 146.041 154.786 191.926 nan nan nan nan nan nan nan nan 221.269 197.521 188.272 171.226 168.367 156.443 156.298 160.045 170.270 153.733 156.833 154.639 164.685 164.288 190.132 nan nan nan 12.145 137.693 148.200 177.770 155.189 nan nan nan nan 201.740 204.427 188.577 164.859 186.883 178.344 174.970 173.858 144.139 173.171 182.282 182.997 200.632 201.543 182.684 197.402
-9999.000 -9999.000 -9999.000 -9999.000 -9999.000 -9999.000 -9999.000 nan nan nan nan nan 185.841 161.450 182.777 146.143 163.089 189.420 nan 183.071 189.776 210.049 nan nan 216.415 193.727 170.139 165.734 164.036 169.758 177.746 160.723 165.553 154.760 152.919 155.171 148.636 154.429 157.390 166.565 162.690 151.253 177.242 197.383 nan 21.557 186.614 146.598 145.319 171.746 nan nan nan 196.497 198.279 183.969 66.511 197.786 178.271 171.351 170.079 154.816 170.172 185.734 188.033 188.123 200.235 199.513 181.336 174.638
-9999.000 -9999.000 -9999.000 -9999.000 -9999.000 -9999.000 nan nan nan nan nan 199.985 183.894 157.567 160.340 163.438 195.506 nan 191.889 148.304 nan nan nan nan 201.121 179.017 156.219 160.095 158.336 172.984 173.959 154.351 154.317 150.926 147.302 155.249 157.293 166.442 151.672 157.169 169.075 155.398 176.739 179.769 193.790 192.904 nan 169.347 183.451 nan 174.727 171.399 195.801 184.666 188.265 160.933 188.538 200.858 179.803 152.037 151.769 147.347 185.292 185.999 186.417 195.587 196.036 192.050 195.242 178.485
-9999.000 -9999.000 -9999.000 -9999.000 -9999.000 nan nan nan nan 200.138 187.886 196.888 167.695 166.390 142.925 155.252 174.229 161.332 158.900 nan nan nan nan 81.146 178.832 170.003 150.528 156.075 157.646 156.570 172.799 181.573 145.174 141.994 184.080 152.878 185.443 145.779 147.873 154.699 171.387 189.157 189.108 188.845 190.642 188.572 178.159 191.407 190.367 66.039 166.920 182.963 190.780 188.591 177.827 173.009 150.290 145.579 144.888 144.685 140.951 138.608 199.249 192.082 190.077 192.676 176.905 190.047 nan nan
-9999.000 -9999.000 -9999.000 nan nan nan 197.806 182.275 155.912 174.688 171.704 182.204 175.327 173.423 146.127 151.217 145.478 146.252 167.084 nan nan nan nan nan 173.485 174.483 143.232 162.368 158.228 153.834 155.403 188.237 173.655 146.019 164.302 139.379 201.639 159.539 165.165 167.978 169.985 181.417 180.469 179.851 174.124 181.882 161.115 143.081 195.014 nan nan nan 191.872 187.482 175.563 185.526 152.864 133.699 136.391 137.529 140.249 162.323 nan 193.183 193.411 180.409 180.337 196.277 nan nan
-9999.000 -9999.000 nan nan 186.576 207.200 155.453 151.916 146.029 146.606 154.394 155.006 172.443 167.335 163.854 152.317 199.998 185.289 nan nan nan 190.696 194.050 186.230 183.343 163.112 166.172 153.860 154.486 148.919 148.257 169.194 196.607 nan 143.345 146.270 149.132 146.911 187.814 182.865 175.871 192.472 175.574 175.827 145.013 165.078 184.079 180.044 176.347 nan nan nan 173.677 180.969 176.303 175.387 185.253 177.580 156.122 183.644 nan nan nan nan 196.260 39.230 200.808 193.506 188.252 185.563
-9999.000 -9999.000 nan nan 188.177 171.948 145.804 146.219 132.285 140.518 142.267 152.846 158.166 147.483 163.749 151.507 191.936 176.450 nan nan 186.834 173.008 159.154 157.716 182.034 155.296 152.071 151.889 147.458 181.355 166.840 183.830 194.601 149.808 179.247 142.978 141.279 171.875 188.968 194.253 175.051 193.725 193.397 188.564 183.998 170.524 192.703 193.713 170.779 171.635 162.251 149.909 150.597 163.068 173.538 182.714 161.226 167.345 193.761 nan nan nan nan nan nan nan nan 195.556 181.135 176.498
-9999.000 -9999.000 -9999.000 nan 194.034 159.704 141.938 128.082 142.975 189.920 148.763 152.018 151.232 146.820 152.934 186.671 nan nan nan nan 183.975 188.980 154.202 155.269 190.484 146.761 144.900 166.656 166.633 170.965 202.327 185.582 178.041 177.121 189.211 171.945 196.018 105.474 190.823 178.523 186.653 184.622 144.834 187.506 184.261 187.683 147.874 166.976 176.519 138.710 129.447 145.117 152.487 151.315 147.748 162.936 154.225 189.509 nan nan nan nan nan nan nan nan nan nan nan 184.185
-9999.000 -9999.000 -9999.000 -9999.000 -9999.000 -9999.000 182.215 139.414 178.382 143.482 149.354 149.363 147.869 135.342 134.659 189.444 nan nan nan nan 189.225 160.362 187.200 152.611 nan 153.929 199.175 179.154 188.338 186.827 152.945 146.065 165.017 150.678 173.116 152.454 nan 171.356 154.424 152.395 195.462 175.807 139.408 144.778 178.043 182.958 156.570 189.058 155.057 133.489 128.270 146.659 172.963 143.135 137.235 167.894 188.128 nan nan nan nan nan nan nan nan nan nan nan nan nan
-9999.000 -9999.000 -9999.000 -9999.000 -9999.000 -9999.000 -9999.000 200.279 135.667 130.708 131.255 133.156 132.250 126.567 190.980 170.430 nan nan 158.018 156.414 159.332 158.532 191.661 181.147 191.307 nan 192.263 192.512 179.413 182.762 135.583 130.750 147.062 169.091 145.549 192.403 167.552 147.861 168.875 140.714 145.178 167.974 184.995 195.188 15.675 181.638 186.936 185.942 189.568 165.059 187.446 163.522 nan 195.494 188.216 nan nan nan nan nan nan nan nan nan nan nan nan nan nan nan
-9999.000 -9999.000 -9999.000 -9999.000 -9999.000 -9999.000 -9999.000 nan nan 169.677 146.712 140.588 160.469 196.844 nan nan nan nan 167.316 147.177 148.842 154.685 178.527 185.350 159.505 nan 172.024 154.176 147.311 137.209 161.379 141.623 158.544 181.256 175.514 nan 166.218 139.438 169.072 145.817 175.079 190.426 nan nan nan nan 184.737 nan nan nan nan nan nan nan nan nan nan nan nan nan nan nan nan nan nan nan nan nan nan nan
-9999.000 -9999.000 -9999.000 -9999.000 -9999.000 -9999.000 -9999.000 -9999.000 nan nan nan nan nan nan nan nan nan 202.466 182.926 131.972 151.240 170.303 182.538 146.054 143.648 141.931 187.212 173.642 151.379 146.235 151.077 183.238 153.482 195.405 nan 172.350 186.746 nan nan nan nan nan nan nan nan nan nan nan nan nan nan nan nan nan nan nan nan nan nan nan nan nan nan nan nan nan nan nan nan nan
-9999.000 -9999.000 -9999.000 -9999.000 -9999.000 -9999.000 -9999.000 -9999.000 -9999.000 nan nan nan nan nan nan nan 198.884 192.917 169.962 187.541 nan 181.598 183.047 137.193 140.575 188.079 nan nan nan nan 194.082 nan 189.050 nan nan 193.732 nan nan nan nan nan nan nan nan nan nan nan nan nan 182.840 nan nan nan nan nan nan nan nan nan nan nan nan nan nan nan nan nan nan nan nan
-9999.000 -9999.000 -9999.000 -9999.000 -9999.000 -9999.000 -9999.000 -9999.000 -9999.000 -9999.000 nan nan nan nan nan nan 180.450 150.674 132.161 191.147 nan 201.326 167.940 175.810 198.315 nan nan nan nan nan nan nan nan nan nan nan nan nan nan nan nan nan nan nan nan nan nan nan nan 177.527 51.577 nan nan nan nan nan nan nan nan nan nan nan nan nan nan nan nan nan nan nan
-9999.000 -9999.000 -9999.000 -9999.000 -9999.000 -9999.000 -9999.000 -9999.000 -9999.000 -9999.000 -9999.000 nan nan nan nan 199.339 166.968 147.484 138.779 177.560 nan 198.355 159.733 141.437 188.169 167.627 nan nan nan nan nan nan nan nan nan nan nan nan nan nan nan nan nan nan nan nan nan nan nan nan 182.526 nan nan nan nan nan nan nan nan nan nan nan nan nan nan nan nan nan nan nan
-9999.000 -9999.000 -9999.000 -9999.000 -9999.000 -9999.000 -9999.000 -9999.000 -9999.000 -9999.000 -9999.000 -9999.000 nan 203.680 185.253 175.558 150.392 138.173 196.043 nan 188.192 189.586 176.181 186.292 134.312 148.248 178.165 192.501 nan nan nan nan nan nan nan nan nan nan nan nan nan nan nan nan nan nan nan nan nan nan nan nan nan nan nan nan nan nan nan nan nan nan nan nan nan nan nan nan nan nan
-9999.000 -9999.000 -9999.000 -9999.000 -9999.000 -9999.000 -9999.000 -9999.000 -9999.000 -9999.000 -9999.000 -9999.000 nan 202.950 160.344 183.599 142.533 143.166 184.296 nan 179.319 189.748 25.388 nan 163.996 136.533 156.318 181.966 185.894 nan nan nan nan nan nan nan nan nan nan nan nan nan nan nan nan nan nan nan nan nan nan nan nan nan nan nan nan nan nan nan nan nan nan nan 48.336 170.459 157.031 155.862 nan nan
-9999.000 -9999.000 -9999.000 -9999.000 -9999.000 -9999.000 -9999.000 -9999.000 -9999.000 -9999.000 -9999.000 -9999.000 nan nan 198.033 193.718 160.680 nan nan 188.104 185.682 198.020 194.541 174.018 172.433 151.812 170.022 181.231 176.831 183.363 192.118 nan nan nan nan nan nan nan nan nan nan nan nan nan nan nan nan nan nan nan nan nan nan nan nan nan nan nan nan nan nan nan nan 167.758 164.852 161.962 152.179 160.853 nan nan
-9999.000 -9999.000 -9999.000 -9999.000 -9999.000 -9999.000 -9999.000 -9999.000 -9999.000 -9999.000 -9999.000 -9999.000 -9999.000 -9999.000 -9999.000 -9999.000 -9999.000 nan nan 200.159 191.707 197.256 177.978 162.900 155.948 192.417 nan 188.340 174.145 171.290 184.414 nan nan nan nan nan nan nan nan nan nan nan nan nan nan nan nan nan nan 191.519 nan 6.888 112.630 nan nan nan nan nan nan nan nan nan nan nan 165.247 166.917 165.862 nan nan nan
-9999.000 -9999.000 -9999.000 -9999.000 -9999.000 -9999.000 -9999.000 -9999.000 -9999.000 -9999.000 -9999.000 -9999.000 -9999.000 -9999.000 -9999.000 -9999.000 -9999.000 -9999.000 nan nan nan 178.059 173.714 170.268 181.754 nan nan nan nan nan nan nan nan nan nan nan nan nan nan nan nan nan nan nan nan nan nan nan nan nan nan nan nan 19.979 nan nan nan nan nan nan nan nan nan nan nan nan nan nan nan nan
