test_integration/test_sample_run/example/output_maps/SWEDENSITYN0045.asc
ncols         174
nrows         141
xllcorner     744500.000000
yllcorner     5140950.000000
cellsize      250.000000
NODATA_value  -9999.0
[rows 87 to 115 of 141, columns 65 to 129 of 174]
133.352 135.064 147.793 153.981 156.187 155.690 155.627 161.034 146.124 152.665 156.999 157.937 169.595 167.037 175.178 191.076 199.135 198.032 189.023 186.594 186.999 167.205 162.875 155.909 153.896 149.857 142.661 124.647 125.944 124.283 132.303 131.627 130.872 140.899 143.690 140.893 141.906 140.959 136.480 137.579 137.898 129.059 125.756 121.969 121.514 127.220 125.172 125.219 127.941 132.226 132.088 129.680 131.531 130.307 129.315 130.930 129.705 128.246 129.466 130.587 132.900 130.140 129.405 125.755 125.334
116.132 119.569 118.946 122.037 131.152 126.277 130.171 126.283 127.207 142.748 156.544 173.561 177.300 174.844 187.605 195.171 202.246 200.701 185.773 181.752 180.847 178.892 166.097 160.110 159.858 151.536 147.471 133.677 144.743 145.796 143.220 135.686 139.438 137.903 142.256 139.576 142.219 141.236 141.822 139.886 132.014 125.967 123.247 126.308 121.006 127.508 126.064 126.368 129.956 131.399 128.996 129.773 129.919 121.290 122.331 120.256 122.568 126.246 127.366 127.172 124.912 124.061 126.250 125.673 125.462
108.331 112.423 110.709 112.783 116.054 114.560 115.706 115.568 118.997 126.573 132.649 160.659 188.966 193.493 193.940 201.555 203.898 179.685 174.062 175.569 170.351 166.000 178.365 175.790 166.585 156.841 145.816 156.516 154.556 160.444 155.981 147.871 157.043 152.985 151.640 141.466 136.521 131.641 127.488 128.413 127.229 122.126 124.513 122.618 124.923 122.620 127.995 126.702 120.538 120.210 122.654 128.693 125.614 121.277 121.613 119.980 120.470 127.081 127.868 126.278 123.500 124.999 124.906 126.098 125.839
103.715 105.106 103.800 105.930 111.340 110.261 114.967 124.723 124.813 144.156 146.140 153.848 161.543 196.068 198.906 210.428 195.002 172.479 163.707 164.248 160.577 164.304 159.974 158.886 171.800 166.087 155.588 160.888 161.988 150.178 149.956 148.778 147.873 146.347 138.831 129.927 127.473 125.593 125.615 124.782 125.340 129.801 125.519 128.199 132.193 128.127 125.785 125.712 122.701 120.565 122.245 128.993 131.717 130.096 129.943 123.360 123.124 128.011 121.917 121.630 124.200 123.342 123.031 123.670 124.683
96.628 95.402 98.498 106.105 104.435 119.017 137.538 150.841 145.820 156.993 159.289 169.437 179.447 196.545 nan 189.051 178.692 165.906 158.350 155.352 151.652 142.875 140.478 138.460 147.719 166.256 166.867 158.784 138.867 126.905 124.897 126.928 128.967 131.216 131.290 127.320 124.782 131.033 131.033 128.162 126.387 127.611 130.121 136.903 135.584 128.721 123.034 128.587 130.281 127.470 121.177 124.204 -9999.000 -9999.000 -9999.000 -9999.000 -9999.000 -9999.000 -9999.000 117.947 119.460 123.015 120.520 118.661 120.557
95.587 96.650 98.307 101.791 112.286 136.441 148.783 157.019 156.659 159.614 161.882 170.214 181.422 36.490 81.345 179.464 179.153 163.176 157.372 153.842 148.839 141.125 138.868 133.780 136.855 144.357 147.706 137.474 130.018 123.533 120.440 118.935 120.647 135.647 132.468 128.312 125.392 125.160 125.160 132.210 132.374 134.709 138.178 134.325 128.144 125.640 128.963 122.220 -9999.000 -9999.000 -9999.000 -9999.000 -9999.000 -9999.000 -9999.000 -9999.000 -9999.000 -9999.000 -9999.000 -9999.000 -9999.000 119.097 121.342 115.829 116.808
102.780 110.952 102.050 106.816 128.184 148.001 154.805 158.419 160.205 163.797 169.137 179.047 72.057 nan nan 179.752 174.345 165.260 164.767 153.341 149.376 143.296 139.125 131.406 128.606 129.831 133.373 130.281 123.496 121.465 121.744 131.156 125.201 125.226 129.560 130.431 130.719 129.848 126.852 125.308 125.629 123.209 131.621 126.256 126.443 127.372 -9999.000 -9999.000 -9999.000 -9999.000 -9999.000 -9999.000 -9999.000 -9999.000 -9999.000 -9999.000 -9999.000 -9999.000 -9999.000 -9999.000 -9999.000 -9999.000 118.505 122.281 124.219
111.049 120.814 110.483 132.784 145.066 150.306 157.801 54.118 93.228 164.305 169.369 19.352 52.390 8.642 66.352 177.116 174.104 168.799 166.499 154.540 150.256 136.755 132.733 130.312 125.892 123.969 126.200 128.691 127.098 121.864 120.826 134.858 123.141 125.188 127.432 130.372 131.055 130.499 129.622 129.363 127.536 137.101 122.187 129.448 128.025 -9999.000 -9999.000 -9999.000 -9999.000 -9999.000 -9999.000 -9999.000 -9999.000 -9999.000 -9999.000 -9999.000 -9999.000 -9999.000 -9999.000 -9999.000 -9999.000 -9999.000 -9999.000 120.543 -9999.000
114.376 144.325 85.206 78.556 147.928 152.334 154.864 99.428 81.974 nan 7.262 nan nan nan 88.127 211.729 68.791 163.967 155.855 138.980 135.432 127.741 125.453 124.778 124.545 122.244 121.901 121.406 122.064 120.945 120.867 133.371 121.974 123.473 126.548 128.292 127.902 126.677 125.126 -9999.000 -9999.000 -9999.000 128.738 131.154 -9999.000 -9999.000 -9999.000 -9999.000 -9999.000 -9999.000 -9999.000 -9999.000 -9999.000 -9999.000 -9999.000 -9999.000 -9999.000 -9999.000 -9999.000 -9999.000 -9999.000 -9999.000 -9999.000 -9999.000 -9999.000
120.271 134.396 41.558 13.541 100.968 150.953 154.578 141.516 163.534 33.735 65.365 nan nan 64.919 165.080 165.142 188.959 176.198 154.904 144.145 143.229 141.277 140.122 130.111 127.082 120.941 120.505 121.183 122.702 121.564 120.843 119.566 121.555 122.307 123.905 125.030 126.641 124.313 -9999.000 -9999.000 -9999.000 -9999.000 -9999.000 -9999.000 -9999.000 -9999.000 -9999.000 -9999.000 -9999.000 -9999.000 -9999.000 -9999.000 -9999.000 -9999.000 -9999.000 -9999.000 -9999.000 -9999.000 -9999.000 -9999.000 -9999.000 -9999.000 -9999.000 -9999.000 -9999.000
123.352 139.498 149.340 8.031 4.531 31.412 79.025 46.823 26.422 nan nan nan nan 157.036 149.484 147.696 143.518 148.269 163.923 173.353 170.649 154.767 154.221 152.139 143.325 129.714 138.112 136.662 127.119 122.324 121.632 127.675 126.132 123.609 122.856 133.946 124.391 -9999.000 -9999.000 -9999.000 -9999.000 -9999.000 -9999.000 -9999.000 -9999.000 -9999.000 -9999.000 -9999.000 -9999.000 -9999.000 -9999.000 -9999.000 -9999.000 -9999.000 -9999.000 -9999.000 -9999.000 -9999.000 -9999.000 -9999.000 -9999.000 -9999.000 -9999.000 -9999.000 -9999.000
142.771 145.676 68.494 31.523 17.380 20.408 1.134 5.469 0.860 nan nan nan nan 157.998 148.827 133.491 131.481 140.840 151.148 143.726 142.556 147.699 154.035 147.334 147.171 141.039 139.809 136.372 131.978 129.179 133.559 130.835 127.932 124.740 122.292 143.426 -9999.000 -9999.000 -9999.000 -9999.000 -9999.000 -9999.000 -9999.000 -9999.000 -9999.000 -9999.000 -9999.000 -9999.000 -9999.000 -9999.000 -9999.000 -9999.000 -9999.000 -9999.000 -9999.000 -9999.000 -9999.000 -9999.000 -9999.000 -9999.000 -9999.000 -9999.000 -9999.000 -9999.000 -9999.000
61.269 134.293 63.541 42.832 nan nan nan nan nan nan nan nan 83.850 150.675 143.260 126.283 125.217 132.805 128.246 124.834 123.524 124.057 130.223 155.378 151.846 142.703 140.908 137.697 136.435 134.385 132.632 130.790 129.332 126.563 126.581 133.043 130.429 -9999.000 -9999.000 -9999.000 -9999.000 -9999.000 -9999.000 -9999.000 -9999.000 -9999.000 -9999.000 -9999.000 -9999.000 -9999.000 -9999.000 -9999.000 -9999.000 -9999.000 -9999.000 -9999.000 -9999.000 -9999.000 -9999.000 -9999.000 -9999.000 -9999.000 -9999.000 -9999.000 -9999.000
32.978 80.588 24.672 nan nan nan nan nan nan nan nan 97.586 154.290 148.736 142.600 136.437 129.119 121.983 120.301 119.375 119.042 119.000 121.064 130.995 149.666 138.009 135.558 131.262 130.765 128.039 127.491 126.375 126.564 126.502 126.539 128.775 127.420 -9999.000 -9999.000 -9999.000 -9999.000 -9999.000 -9999.000 -9999.000 -9999.000 -9999.000 -9999.000 -9999.000 -9999.000 -9999.000 -9999.000 -9999.000 -9999.000 -9999.000 -9999.000 -9999.000 -9999.000 -9999.000 -9999.000 -9999.000 -9999.000 -9999.000 -9999.000 -9999.000 -9999.000
23.246 40.008 nan nan nan nan nan nan nan nan nan 147.659 145.527 140.688 142.075 139.721 127.559 113.227 113.237 112.138 113.546 111.388 114.300 124.653 138.528 130.445 124.246 123.438 124.776 123.632 123.160 122.922 123.289 123.950 125.321 131.263 -9999.000 -9999.000 -9999.000 -9999.000 -9999.000 -9999.000 -9999.000 -9999.000 -9999.000 -9999.000 -9999.000 -9999.000 -9999.000 -9999.000 -9999.000 -9999.000 -9999.000 -9999.000 -9999.000 -9999.000 -9999.000 -9999.000 -9999.000 -9999.000 -9999.000 -9999.000 -9999.000 -9999.000 -9999.000
23.836 11.933 nan nan nan nan nan nan nan nan nan 103.612 141.463 126.256 126.527 130.086 121.994 111.107 107.796 107.292 107.948 108.041 115.872 128.261 129.608 135.311 121.977 119.956 119.934 121.610 120.029 120.127 120.308 121.373 122.657 -9999.000 -9999.000 -9999.000 -9999.000 -9999.000 -9999.000 -9999.000 -9999.000 -9999.000 -9999.000 -9999.000 -9999.000 -9999.000 -9999.000 -9999.000 -9999.000 -9999.000 -9999.000 -9999.000 -9999.000 -9999.000 -9999.000 -9999.000 -9999.000 -9999.000 -9999.000 -9999.000 -9999.000 -9999.000 -9999.000
nan nan nan nan nan nan nan nan 26.048 147.551 149.071 66.229 141.758 136.570 121.750 118.544 118.848 110.520 106.139 101.923 101.951 105.425 111.232 121.525 123.074 137.345 125.506 116.787 115.297 118.638 117.116 115.792 117.122 117.289 -9999.000 -9999.000 -9999.000 -9999.000 -9999.000 -9999.000 -9999.000 -9999.000 -9999.000 -9999.000 -9999.000 -9999.000 -9999.000 -9999.000 -9999.000 -9999.000 -9999.000 -9999.000 -9999.000 -9999.000 -9999.000 -9999.000 -9999.000 -9999.000 -9999.000 -9999.000 -9999.000 -9999.000 -9999.000 -9999.000 -9999.000
nan nan nan nan nan nan nan nan 93.232 142.706 139.413 139.792 143.505 136.852 116.498 114.843 114.473 111.690 109.162 102.294 100.671 104.616 108.438 117.536 121.801 133.488 125.255 116.174 114.957 113.887 116.451 112.462 112.283 -9999.000 -9999.000 -9999.000 -9999.000 -9999.000 -9999.000 -9999.000 -9999.000 -9999.000 -9999.000 -9999.000 -9999.000 -9999.000 -9999.000 -9999.000 -9999.000 -9999.000 -9999.000 -9999.000 -9999.000 -9999.000 -9999.000 -9999.000 -9999.000 -9999.000 -9999.000 -9999.000 -9999.000 -9999.000 -9999.000 -9999.000 -9999.000
nan nan nan nan nan nan nan 87.815 143.417 133.599 123.417 121.376 129.586 136.892 114.067 107.762 107.095 102.688 106.247 101.495 99.703 98.257 102.651 113.393 120.724 127.342 124.704 117.950 113.921 111.242 113.053 106.555 -9999.000 -9999.000 -9999.000 -9999.000 -9999.000 -9999.000 -9999.000 -9999.000 -9999.000 -9999.000 -9999.000 -9999.000 -9999.000 -9999.000 -9999.000 -9999.000 -9999.000 -9999.000 -9999.000 -9999.000 -9999.000 -9999.000 -9999.000 -9999.000 -9999.000 -9999.000 -9999.000 -9999.000 -9999.000 -9999.000 -9999.000 -9999.000 -9999.000
nan nan nan nan nan nan nan nan 79.015 137.513 133.280 117.115 117.880 120.173 112.889 106.253 102.604 100.459 102.291 100.304 97.918 98.761 98.077 112.619 114.400 124.375 122.323 117.991 114.063 110.461 109.840 -9999.000 -9999.000 -9999.000 -9999.000 -9999.000 -9999.000 -9999.000 -9999.000 -9999.000 -9999.000 -9999.000 -9999.000 -9999.000 -9999.000 -9999.000 -9999.000 -9999.000 -9999.000 -9999.000 -9999.000 -9999.000 -9999.000 -9999.000 -9999.000 -9999.000 -9999.000 -9999.000 -9999.000 -9999.000 -9999.000 -9999.000 -9999.000 -9999.000 -9999.000
nan nan nan nan nan 74.975 60.934 nan 33.305 95.665 136.549 112.567 113.378 108.670 108.797 103.922 97.832 92.861 91.762 99.348 100.420 98.931 96.861 102.355 113.314 119.877 121.968 117.783 113.984 106.846 103.414 -9999.000 -9999.000 -9999.000 -9999.000 -9999.000 -9999.000 -9999.000 -9999.000 -9999.000 -9999.000 -9999.000 -9999.000 -9999.000 -9999.000 -9999.000 -9999.000 -9999.000 -9999.000 -9999.000 -9999.000 -9999.000 -9999.000 -9999.000 -9999.000 -9999.000 -9999.000 -9999.000 -9999.000 -9999.000 -9999.000 -9999.000 -9999.000 -9999.000 -9999.000
nan nan nan nan nan 95.110 68.318 nan 32.226 130.188 140.002 119.609 111.897 104.446 102.057 103.854 99.122 90.653 91.461 93.889 96.774 98.898 97.894 100.146 110.131 118.215 119.984 116.886 110.987 106.109 102.458 -9999.000 -9999.000 -9999.000 -9999.000 -9999.000 -9999.000 -9999.000 -9999.000 -9999.000 -9999.000 -9999.000 -9999.000 -9999.000 -9999.000 -9999.000 -9999.000 -9999.000 -9999.000 -9999.000 -9999.000 -9999.000 -9999.000 -9999.000 -9999.000 -9999.000 -9999.000 -9999.000 -9999.000 -9999.000 -9999.000 -9999.000 -9999.000 -9999.000 -9999.000
nan nan nan 31.107 150.945 148.079 148.811 155.292 28.889 137.786 121.260 136.480 130.042 105.157 99.234 96.019 98.502 92.592 92.059 88.996 90.929 92.689 96.936 104.459 111.800 114.617 117.540 113.993 111.131 105.436 101.869 -9999.000 -9999.000 -9999.000 -9999.000 -9999.000 -9999.000 -9999.000 -9999.000 -9999.000 -9999.000 -9999.000 -9999.000 -9999.000 -9999.000 -9999.000 -9999.000 -9999.000 -9999.000 -9999.000 -9999.000 -9999.000 -9999.000 -9999.000 -9999.000 -9999.000 -9999.000 -9999.000 -9999.000 -9999.000 -9999.000 -9999.000 -9999.000 -9999.000 -9999.000
nan nan nan 148.739 149.053 143.749 141.379 148.038 156.143 90.634 137.427 136.916 133.999 119.459 107.326 93.228 96.747 95.345 89.476 88.127 89.665 88.921 93.544 102.436 108.223 112.780 115.441 112.314 105.373 101.000 -9999.000 -9999.000 -9999.000 -9999.000 -9999.000 -9999.000 -9999.000 -9999.000 -9999.000 -9999.000 -9999.000 -9999.000 -9999.000 -9999.000 -9999.000 -9999.000 -9999.000 -9999.000 -9999.000 -9999.000 -9999.000 -9999.000 -9999.000 -9999.000 -9999.000 -9999.000 -9999.000 -9999.000 -9999.000 -9999.000 -9999.000 -9999.000 -9999.000 -9999.000 -9999.000
nan nan 154.531 149.241 144.287 125.006 128.960 131.553 129.603 150.280 142.451 138.063 136.690 132.224 115.715 97.036 96.872 93.942 92.356 87.874 90.712 90.496 90.610 95.702 100.088 109.599 110.913 111.700 107.109 103.523 -9999.000 -9999.000 -9999.000 -9999.000 -9999.000 -9999.000 -9999.000 -9999.000 -9999.000 -9999.000 -9999.000 -9999.000 -9999.000 -9999.000 -9999.000 -9999.000 -9999.000 -9999.000 -9999.000 -9999.000 -9999.000 -9999.000 -9999.000 -9999.000 -9999.000 -9999.000 -9999.000 -9999.000 -9999.000 -9999.000 -9999.000 -9999.000 -9999.000 -9999.000 -9999.000
nan 154.095 146.823 134.669 128.168 116.818 118.102 118.499 120.242 123.612 140.765 141.268 138.131 133.428 126.219 101.165 96.592 93.515 94.268 92.692 92.433 92.873 90.153 92.906 97.906 107.792 108.000 108.147 107.738 104.905 -9999.000 -9999.000 -9999.000 -9999.000 -9999.000 -9999.000 -9999.000 -9999.000 -9999.000 -9999.000 -9999.000 -9999.000 -9999.000 -9999.000 -9999.000 -9999.000 -9999.000 -9999.000 -9999.000 -9999.000 -9999.000 -9999.000 -9999.000 -9999.000 -9999.000 -9999.000 -9999.000 -9999.000 -9999.000 -9999.000 -9999.000 -9999.000 -9999.000 -9999.000 -9999.000
155.597 147.092 145.023 138.881 122.397 111.380 113.017 112.419 113.106 116.791 122.608 140.546 140.359 136.254 134.121 115.409 98.764 90.196 93.898 94.404 91.016 88.845 88.594 93.337 101.855 104.541 98.234 101.926 101.442 104.050 -9999.000 -9999.000 -9999.000 -9999.000 -9999.000 -9999.000 -9999.000 -9999.000 -9999.000 -9999.000 -9999.000 -9999.000 -9999.000 -9999.000 -9999.000 -9999.000 -9999.000 -9999.000 -9999.000 -9999.000 -9999.000 -9999.000 -9999.000 -9999.000 -9999.000 -9999.000 -9999.000 -9999.000 -9999.000 -9999.000 -9999.000 -9999.000 -9999.000 -9999.000 -9999.000
77.197 149.199 143.291 137.535 135.206 120.581 110.818 109.150 109.378 112.327 118.703 126.330 140.780 137.568 129.638 114.870 102.710 93.606 91.564 88.575 88.072 90.448 90.381 86.824 95.662 98.052 91.309 91.283 89.827 -9999.000 -9999.000 -9999.000 -9999.000 -9999.000 -9999.000 -9999.000 -9999.000 -9999.000 -9999.000 -9999.000 -9999.000 -9999.000 -9999.000 -9999.000 -9999.000 -9999.000 -9999.000 -9999.000 -9999.000 -9999.000 -9999.000 -9999.000 -9999.000 -9999.000 -9999.000 -9999.000 -9999.000 -9999.000 -9999.000 -9999.000 -9999.000 -9999.000 -9999.000 -9999.000 -9999.000
nan 156.368 151.047 145.558 139.555 129.256 114.478 104.135 105.222 110.366 113.221 117.662 121.811 138.869 133.696 122.423 118.140 100.811 95.505 90.929 88.083 92.169 91.451 90.783 92.227 92.239 90.994 96.644 98.916 -9999.000 -9999.000 -9999.000 -9999.000 -9999.000 -9999.000 -9999.000 -9999.000 -9999.000 -9999.000 -9999.000 -9999.000 -9999.000 -9999.000 -9999.000 -9999.000 -9999.000 -9999.000 -9999.000 -9999.000 -9999.000 -9999.000 -9999.000 -9999.000 -9999.000 -9999.000 -9999.000 -9999.000 -9999.000 -9999.000 -9999.000 -9999.000 -9999.000 -9999.000 -9999.000 -9999.000
