test_integration/test_sample_run/example/output_maps/SWEN0059.asc
ncols         174
nrows         141
xllcorner     744500.000000
yllcorner     5140950.000000
cellsize      250.000000
NODATA_value  -9999.0
[rows 0 to 30 of 141, columns 70 to 139 of 174]
-9999.000 -9999.000 -9999.000 -9999.000 -9999.000 -9999.000 -9999.000 -9999.000 -9999.000 -9999.000 -9999.000 -9999.000 -9999.000 -9999.000 -9999.000 -9999.000 -9999.000 -9999.000 -9999.000 -9999.000 -9999.000 -9999.000 -9999.000 -9999.000 -9999.000 -9999.000 -9999.000 -9999.000 -9999.000 -9999.000 -9999.000 -9999.000 -9999.000 -9999.000 -9999.000 -9999.000 -9999.000 -9999.000 -9999.000 -9999.000 -9999.000 -9999.000 -9999.000 -9999.000 -9999.000 -9999.000 -9999.000 -9999.000 -9999.000 -9999.000 -9999.000 -9999.000 -9999.000 -9999.000 -9999.000 -9999.000 -9999.000 -9999.000 -9999.000 -9999.000 -9999.000 -9999.000 -9999.000 -9999.000 -9999.000 -9999.000 -9999.000 -9999.000 -9999.000 -9999.000
-9999.000 -9999.000 -9999.000 -9999.000 -9999.000 -9999.000 -9999.000 -9999.000 -9999.000 -9999.000 -9999.000 -9999.000 -9999.000 -9999.000 -9999.000 -9999.000 -9999.000 -9999.000 -9999.000 -9999.000 -9999.000 -9999.000 -9999.000 -9999.000 -9999.000 -9999.000 -9999.000 -9999.000 -9999.000 -9999.000 -9999.000 -9999.000 -9999.000 -9999.000 -9999.000 -9999.000 -9999.000 -9999.000 -9999.000 -9999.000 -9999.000 -9999.000 -9999.000 -9999.000 -9999.000 -9999.000 -9999.000 -9999.000 -9999.000 -9999.000 -9999.000 -9999.000 -9999.000 -9999.000 -9999.000 -9999.000 -9999.000 -9999.000 -9999.000 -9999.000 -9999.000 -9999.000 -9999.000 -9999.000 -9999.000 -9999.000 -9999.000 -9999.000 -9999.000 -9999.000
-9999.000 -9999.000 -9999.000 -9999.000 -9999.000 -9999.000 -9999.000 -9999.000 -9999.000 -9999.000 -9999.000 -9999.000 -9999.000 -9999.000 -9999.000 -9999.000 -9999.000 -9999.000 -9999.000 -9999.000 -9999.000 -9999.000 -9999.000 -9999.000 -9999.000 -9999.000 -9999.000 -9999.000 -9999.000 -9999.000 -9999.000 -9999.000 -9999.000 -9999.000 -9999.000 -9999.000 -9999.000 -9999.000 -9999.000 -9999.000 -9999.000 -9999.000 -9999.000 -9999.000 -9999.000 -9999.000 -9999.000 -9999.000 -9999.000 -9999.000 -9999.000 -9999.000 -9999.000 -9999.000 -9999.000 -9999.000 -9999.000 -9999.000 -9999.000 -9999.000 -9999.000 -9999.000 -9999.000 -9999.000 -9999.000 -9999.000 -9999.000 -9999.000 -9999.000 -9999.000
-9999.000 -9999.000 -9999.000 -9999.000 -9999.000 -9999.000 -9999.000 -9999.000 -9999.000 -9999.000 -9999.000 -9999.000 -9999.000 -9999.000 -9999.000 -9999.000 -9999.000 -9999.000 -9999.000 -9999.000 -9999.000 -9999.000 -9999.000 -9999.000 -9999.000 -9999.000 -9999.000 -9999.000 -9999.000 -9999.000 -9999.000 -9999.000 -9999.000 -9999.000 -9999.000 -9999.000 -9999.000 -9999.000 -9999.000 -9999.000 -9999.000 -9999.000 -9999.000 -9999.000 -9999.000 -9999.000 -9999.000 -9999.000 -9999.000 -9999.000 -9999.000 -9999.000 -9999.000 -9999.000 -9999.000 -9999.000 -9999.000 -9999.000 -9999.000 -9999.000 -9999.000 -9999.000 -9999.000 -9999.000 -9999.000 -9999.000 -9999.000 -9999.000 -9999.000 -9999.000
-9999.000 -9999.000 -9999.000 -9999.000 -9999.000 -9999.000 -9999.000 -9999.000 -9999.000 -9999.000 -9999.000 -9999.000 -9999.000 -9999.000 -9999.000 -9999.000 -9999.000 -9999.000 -9999.000 -9999.000 -9999.000 -9999.000 -9999.000 10.130 -9999.000 -9999.000 -9999.000 -9999.000 -9999.000 -9999.000 -9999.000 -9999.000 -9999.000 -9999.000 -9999.000 -9999.000 -9999.000 -9999.000 -9999.000 -9999.000 -9999.000 -9999.000 -9999.000 -9999.000 -9999.000 -9999.000 -9999.000 -9999.000 -9999.000 -9999.000 -9999.000 -9999.000 -9999.000 -9999.000 -9999.000 -9999.000 -9999.000 -9999.000 -9999.000 -9999.000 -9999.000 -9999.000 -9999.000 -9999.000 -9999.000 -9999.000 -9999.000 -9999.000 -9999.000 -9999.000
-9999.000 -9999.000 -9999.000 -9999.000 -9999.000 -9999.000 -9999.000 -9999.000 -9999.000 -9999.000 -9999.000 -9999.000 -9999.000 -9999.000 -9999.000 -9999.000 -9999.000 -9999.000 -9999.000 -9999.000 -9999.000 -9999.000 5.511 8.224 6.272 8.089 6.212 8.187 -9999.000 -9999.000 -9999.000 -9999.000 -9999.000 -9999.000 -9999.000 -9999.000 -9999.000 -9999.000 -9999.000 -9999.000 -9999.000 -9999.000 -9999.000 -9999.000 -9999.000 -9999.000 -9999.000 -9999.000 -9999.000 -9999.000 -9999.000 -9999.000 -9999.000 -9999.000 -9999.000 -9999.000 -9999.000 -9999.000 -9999.000 -9999.000 -9999.000 -9999.000 -9999.000 -9999.000 -9999.000 -9999.000 -9999.000 -9999.000 -9999.000 -9999.000
-9999.000 -9999.000 -9999.000 -9999.000 -9999.000 -9999.000 -9999.000 -9999.000 -9999.000 -9999.000 -9999.000 -9999.000 -9999.000 -9999.000 -9999.000 -9999.000 12.378 12.236 10.748 8.540 7.868 5.803 9.737 16.707 12.395 12.044 12.801 10.412 13.181 7.888 -9999.000 -9999.000 -9999.000 -9999.000 -9999.000 -9999.000 -9999.000 -9999.000 -9999.000 -9999.000 -9999.000 -9999.000 -9999.000 -9999.000 -9999.000 -9999.000 -9999.000 -9999.000 -9999.000 -9999.000 -9999.000 -9999.000 -9999.000 -9999.000 -9999.000 -9999.000 -9999.000 -9999.000 -9999.000 -9999.000 -9999.000 -9999.000 -9999.000 -9999.000 -9999.000 -9999.000 -9999.000 -9999.000 -9999.000 -9999.000
-9999.000 -9999.000 -9999.000 -9999.000 -9999.000 -9999.000 -9999.000 -9999.000 -9999.000 -9999.000 -9999.000 -9999.000 -9999.000 -9999.000 -9999.000 -9999.000 15.886 18.481 13.522 12.496 11.488 11.831 13.572 14.583 12.717 11.502 12.407 12.737 14.771 8.398 5.538 -9999.000 -9999.000 -9999.000 -9999.000 -9999.000 -9999.000 -9999.000 -9999.000 -9999.000 -9999.000 -9999.000 -9999.000 -9999.000 -9999.000 -9999.000 -9999.000 -9999.000 -9999.000 -9999.000 -9999.000 -9999.000 -9999.000 -9999.000 -9999.000 -9999.000 -9999.000 -9999.000 -9999.000 -9999.000 -9999.000 -9999.000 -9999.000 -9999.000 -9999.000 -9999.000 -9999.000 -9999.000 -9999.000 -9999.000
-9999.000 -9999.000 -9999.000 -9999.000 -9999.000 -9999.000 -9999.000 -9999.000 17.535 15.419 -9999.000 -9999.000 -9999.000 -9999.000 -9999.000 17.554 16.607 20.871 14.989 16.052 13.834 11.607 11.193 11.561 12.084 11.564 11.296 12.280 12.626 13.412 7.138 5.332 -9999.000 -9999.000 -9999.000 -9999.000 -9999.000 -9999.000 -9999.000 -9999.000 -9999.000 -9999.000 -9999.000 -9999.000 -9999.000 -9999.000 -9999.000 -9999.000 -9999.000 -9999.000 -9999.000 -9999.000 -9999.000 -9999.000 -9999.000 -9999.000 -9999.000 -9999.000 -9999.000 -9999.000 -9999.000 -9999.000 -9999.000 -9999.000 -9999.000 -9999.000 -9999.000 -9999.000 -9999.000 -9999.000
-9999.000 -9999.000 -9999.000 -9999.000 -9999.000 -9999.000 15.236 15.322 12.747 13.144 11.390 12.421 13.671 13.359 10.185 17.355 20.517 20.343 20.949 19.557 16.146 12.654 10.412 10.358 11.108 12.181 10.861 11.872 11.473 11.074 11.042 8.318 7.027 -9999.000 -9999.000 -9999.000 -9999.000 -9999.000 -9999.000 -9999.000 -9999.000 -9999.000 -9999.000 -9999.000 -9999.000 -9999.000 -9999.000 -9999.000 -9999.000 -9999.000 -9999.000 -9999.000 -9999.000 -9999.000 -9999.000 -9999.000 -9999.000 -9999.000 -9999.000 -9999.000 -9999.000 -9999.000 -9999.000 -9999.000 -9999.000 -9999.000 -9999.000 -9999.000 -9999.000 -9999.000
-9999.000 -9999.000 -9999.000 -9999.000 13.075 14.685 15.782 19.841 17.412 17.237 18.477 18.592 19.148 17.313 18.338 19.586 23.219 22.077 21.555 21.029 16.299 16.874 14.201 12.720 11.672 11.074 11.426 11.416 10.215 10.061 11.364 11.856 4.271 2.385 -9999.000 -9999.000 -9999.000 -9999.000 -9999.000 -9999.000 -9999.000 -9999.000 -9999.000 -9999.000 -9999.000 -9999.000 -9999.000 -9999.000 -9999.000 -9999.000 -9999.000 -9999.000 -9999.000 -9999.000 -9999.000 -9999.000 -9999.000 -9999.000 -9999.000 -9999.000 -9999.000 -9999.000 -9999.000 -9999.000 -9999.000 -9999.000 -9999.000 -9999.000 -9999.000 -9999.000
-9999.000 -9999.000 -9999.000 9.952 12.227 18.696 21.831 19.755 19.276 17.224 14.250 14.110 17.581 12.990 14.043 18.587 24.488 22.855 21.371 17.133 17.442 18.814 18.059 17.177 14.085 11.674 11.443 9.393 8.972 9.725 11.478 10.210 10.228 5.341 4.179 7.748 -9999.000 -9999.000 -9999.000 -9999.000 -9999.000 -9999.000 -9999.000 -9999.000 -9999.000 -9999.000 -9999.000 -9999.000 -9999.000 -9999.000 -9999.000 -9999.000 -9999.000 -9999.000 -9999.000 -9999.000 -9999.000 -9999.000 -9999.000 1.158 0.829 2.850 -9999.000 -9999.000 -9999.000 -9999.000 -9999.000 -9999.000 -9999.000 -9999.000
-9999.000 -9999.000 9.995 10.108 13.791 14.699 19.656 20.356 19.456 17.686 13.386 13.879 13.625 13.297 15.425 14.516 19.288 20.989 21.208 18.889 19.646 19.463 18.429 17.155 16.015 15.736 12.922 11.907 10.069 9.628 10.801 10.467 11.253 12.488 11.666 9.539 4.540 -9999.000 -9999.000 -9999.000 -9999.000 -9999.000 -9999.000 -9999.000 -9999.000 -9999.000 -9999.000 -9999.000 -9999.000 -9999.000 -9999.000 -9999.000 -9999.000 -9999.000 -9999.000 -9999.000 -9999.000 -9999.000 0.000 1.727 9.613 6.160 4.930 -9999.000 -9999.000 -9999.000 -9999.000 -9999.000 -9999.000 -9999.000
-9999.000 7.492 11.196 13.096 13.152 13.013 13.109 14.437 15.710 14.251 12.928 12.646 12.281 13.628 14.662 13.045 14.060 19.300 22.310 21.106 20.670 18.359 16.098 16.085 16.012 15.479 15.888 15.746 12.022 11.456 9.940 9.934 10.945 11.024 11.742 12.475 5.419 5.593 7.747 -9999.000 -9999.000 -9999.000 -9999.000 -9999.000 -9999.000 -9999.000 -9999.000 -9999.000 -9999.000 -9999.000 -9999.000 -9999.000 -9999.000 -9999.000 -9999.000 3.444 5.965 4.382 4.783 8.102 8.792 10.633 5.253 3.298 -9999.000 -9999.000 -9999.000 -9999.000 -9999.000 -9999.000
-9999.000 3.499 10.595 11.217 10.859 10.556 10.288 11.134 13.956 14.749 13.133 11.530 11.478 12.876 12.207 13.528 13.267 14.036 23.033 22.099 16.659 15.149 15.745 16.093 16.594 17.211 16.553 16.212 15.553 15.020 11.813 10.055 9.840 10.983 11.849 11.035 10.189 11.322 7.174 4.554 -9999.000 -9999.000 -9999.000 -9999.000 -9999.000 -9999.000 13.352 12.123 7.415 3.630 1.557 0.714 0.609 1.651 4.321 4.035 11.235 10.079 10.258 8.030 7.961 8.215 8.884 2.164 2.930 -9999.000 -9999.000 -9999.000 -9999.000 0.000
3.221 3.012 8.984 9.474 11.047 9.621 9.902 10.031 11.829 13.339 12.553 11.696 11.463 11.190 12.167 12.488 12.442 12.741 15.553 19.443 15.748 16.378 17.239 17.628 18.488 17.507 17.175 16.863 15.822 14.949 13.608 11.584 10.308 11.771 10.228 9.084 9.020 10.584 9.820 3.925 0.000 -9999.000 -9999.000 -9999.000 -9999.000 12.925 13.881 11.747 12.471 12.813 9.893 8.225 9.443 9.377 10.132 8.831 8.532 8.282 6.422 8.070 7.233 7.050 8.478 7.374 5.099 5.286 2.729 0.446 0.000 0.000
5.601 8.768 9.636 10.068 10.557 11.409 11.565 10.866 10.682 11.090 13.142 12.789 12.245 11.391 12.465 12.470 13.239 13.124 13.370 18.769 17.679 18.538 18.857 18.493 18.334 18.176 17.768 16.275 14.647 14.424 13.504 12.739 10.035 10.066 9.291 8.681 9.751 8.929 7.838 8.967 2.489 1.897 1.851 1.920 4.498 6.153 9.546 11.878 11.841 11.399 11.270 9.716 9.339 9.731 10.531 8.132 6.802 7.101 6.201 7.589 5.859 7.568 8.114 7.150 9.228 8.026 8.622 7.610 7.507 4.797
8.640 9.140 9.988 10.311 11.551 11.797 11.366 10.518 10.294 10.489 12.602 13.461 12.116 11.666 11.307 12.423 13.727 13.241 11.751 14.093 19.921 19.579 19.433 20.028 17.612 17.514 15.827 14.910 14.176 14.055 13.173 12.973 11.049 9.344 9.908 10.190 10.165 8.405 7.648 8.220 9.272 8.801 10.073 11.782 14.185 12.024 10.074 8.717 9.840 10.765 10.700 9.568 8.301 9.255 9.624 8.424 6.995 5.597 6.741 6.338 6.568 6.940 6.376 7.160 8.010 6.662 7.427 7.399 4.729 3.708
8.590 9.159 10.236 9.674 11.562 12.251 12.232 12.228 10.439 10.623 11.600 12.840 12.153 11.942 12.088 11.978 11.691 12.010 13.018 13.788 19.698 20.738 21.238 17.744 16.432 14.444 14.009 14.140 13.000 12.116 11.602 11.336 11.594 13.012 14.016 14.329 14.764 14.169 11.640 10.314 11.044 11.221 11.786 12.645 11.578 10.595 12.233 12.708 11.985 11.311 10.811 10.990 8.287 6.796 5.078 5.116 5.785 6.645 5.404 5.731 7.529 7.220 6.734 8.060 7.425 5.752 5.719 7.286 3.518 3.918
10.299 9.258 9.659 8.813 10.153 10.995 12.634 13.059 10.882 10.436 11.125 11.555 12.025 11.793 12.127 11.792 11.748 12.273 13.968 12.300 11.427 12.946 15.340 17.827 15.944 15.174 13.458 14.168 12.208 11.842 11.815 10.616 11.889 12.749 14.562 14.867 14.575 14.495 14.632 13.814 13.846 12.667 11.294 11.486 8.965 7.789 9.899 11.115 13.033 14.007 12.344 11.471 11.414 9.467 3.716 2.475 1.557 3.603 4.723 5.371 7.898 6.691 7.153 6.754 6.855 3.191 3.988 5.574 2.471 4.121
8.817 10.776 9.380 9.887 9.245 11.051 10.893 11.071 12.680 11.433 10.097 10.885 11.974 11.743 11.830 11.793 13.875 13.489 11.448 10.316 11.292 11.910 14.626 16.314 14.718 14.382 13.974 12.574 13.000 12.163 10.612 10.357 12.610 11.912 11.440 13.002 14.724 14.645 14.563 14.165 14.768 15.010 14.022 12.904 11.167 10.305 8.178 7.757 9.548 9.876 10.020 11.125 11.193 10.768 9.049 7.870 6.166 5.936 6.583 7.036 6.141 5.762 6.659 5.426 5.430 4.340 6.253 7.450 5.264 5.195
10.565 10.674 10.281 10.603 9.390 10.892 11.072 10.091 11.349 11.627 9.676 9.921 12.060 11.428 11.939 12.101 11.808 11.368 10.158 11.108 12.147 13.771 15.819 14.639 13.227 12.932 12.567 11.174 11.802 11.479 10.236 10.796 11.782 12.245 12.077 11.790 12.025 11.822 15.855 15.319 14.745 15.281 15.948 14.760 11.900 11.361 9.754 7.250 6.094 5.070 4.609 4.717 5.144 5.295 7.612 8.378 9.501 8.941 8.428 7.524 6.047 5.661 4.849 5.670 3.257 4.956 7.900 7.874 6.144 5.450
9.023 10.426 9.906 9.999 8.919 9.532 10.255 10.275 10.051 10.617 10.894 9.623 10.546 11.610 10.484 11.179 9.839 10.751 12.616 13.442 14.773 14.699 13.664 13.678 14.601 14.265 12.443 12.801 10.804 10.548 10.331 11.123 10.059 11.002 12.794 11.832 10.117 10.157 11.994 13.966 16.110 15.151 13.946 14.134 14.328 13.780 13.117 12.457 11.151 10.576 10.658 10.379 11.498 11.375 11.235 10.841 10.461 10.641 9.711 9.232 8.195 6.979 5.373 6.180 4.583 6.421 7.405 7.021 6.774 6.434
8.134 7.274 9.486 10.222 9.719 8.148 8.650 9.211 9.313 9.892 10.817 10.493 8.811 10.736 9.549 9.892 10.195 11.375 14.331 13.393 14.080 12.538 11.293 12.649 15.980 15.027 15.079 13.812 11.971 11.113 11.030 11.071 10.154 10.671 11.512 9.309 11.645 12.348 13.004 14.332 14.729 13.354 13.798 15.071 12.986 12.646 12.625 13.680 13.172 12.924 11.881 12.049 11.360 10.872 10.722 10.701 10.578 10.058 10.308 10.233 8.236 7.534 6.670 4.411 6.253 5.782 4.683 5.332 6.225 5.975
8.930 9.638 9.648 9.619 10.122 9.135 9.153 9.143 9.563 9.526 10.069 10.826 9.402 9.123 10.243 10.430 12.394 11.895 11.832 11.822 11.808 11.521 11.720 12.307 15.295 14.966 13.182 12.041 11.812 11.617 11.177 10.994 10.495 10.798 9.324 10.988 13.676 12.687 12.511 13.114 12.513 14.124 19.224 14.653 15.290 14.750 12.950 12.905 13.078 12.748 12.325 11.586 12.235 11.751 12.158 11.352 7.575 9.642 10.609 10.194 9.612 8.798 7.322 6.658 6.477 5.452 6.319 4.583 5.451 4.798
10.361 10.177 9.817 9.694 9.511 9.636 10.124 10.179 10.006 9.418 9.345 9.693 9.930 9.307 10.110 10.216 11.131 11.690 11.678 11.847 11.487 11.491 11.844 12.020 14.018 14.550 12.384 11.413 12.020 11.475 11.233 11.207 10.550 9.821 8.845 11.553 12.896 12.856 15.128 15.490 16.727 15.674 13.510 13.059 11.975 11.153 12.156 14.925 15.024 13.461 13.042 12.292 12.903 12.729 10.570 8.777 10.316 10.889 10.915 10.003 9.932 9.217 7.411 7.189 6.313 6.308 4.639 3.410 3.989 5.684
10.833 10.976 10.499 10.611 11.083 11.164 11.212 11.798 10.324 10.256 9.947 9.909 10.168 10.147 10.194 9.736 10.248 10.716 11.759 11.630 10.771 10.581 11.320 11.547 13.153 13.709 12.428 12.577 11.336 11.655 11.354 11.074 9.126 8.350 10.964 11.268 9.649 8.453 8.547 9.755 9.263 8.779 9.214 10.924 11.515 11.911 12.385 12.098 9.879 11.857 14.344 13.657 14.247 10.995 10.355 9.785 10.059 9.706 9.456 8.981 8.395 8.459 6.877 7.249 6.507 6.430 4.679 5.226 5.069 5.978
10.100 11.246 11.635 11.720 11.706 11.422 12.091 12.271 11.767 11.935 10.173 10.485 10.005 9.933 9.285 9.340 9.123 9.681 10.952 9.720 9.276 10.748 11.741 11.896 12.054 13.297 13.087 13.497 12.644 12.444 11.431 11.131 9.192 7.958 10.614 10.419 8.984 8.750 8.233 7.922 7.453 7.443 6.651 6.525 8.813 11.385 12.185 12.178 9.387 8.819 11.043 15.164 13.148 11.830 11.155 10.128 7.929 7.866 8.642 7.917 6.067 6.844 6.759 6.885 6.850 6.783 6.931 7.195 7.366 6.802
9.990 12.122 11.946 11.644 11.783 11.842 11.427 12.491 12.166 11.949 11.662 11.228 10.697 10.228 9.551 9.244 9.300 9.177 8.643 8.982 10.915 11.301 11.967 11.730 11.706 12.881 14.613 13.544 13.237 13.003 12.490 11.999 10.043 8.520 8.940 10.717 10.894 10.010 10.213 9.998 9.118 8.408 7.622 6.832 8.529 8.909 13.828 12.927 11.748 9.820 10.678 9.957 9.569 9.968 8.215 8.697 8.012 6.783 7.007 6.357 6.277 5.317 6.910 6.974 7.135 6.982 7.617 8.060 8.435 8.062
12.380 12.795 12.640 13.116 12.828 13.311 11.609 12.195 13.001 12.825 12.131 12.027 11.809 10.416 9.645 9.056 9.192 8.810 8.630 11.289 12.301 11.714 11.268 10.718 11.431 12.400 13.855 13.330 12.834 12.731 12.024 11.493 9.976 9.686 8.191 9.327 10.286 9.885 9.862 9.474 8.816 7.774 8.476 6.748 7.941 9.049 13.605 13.162 11.297 10.001 10.054 6.049 4.030 4.786 4.046 6.662 7.659 7.864 6.524 6.424 7.410 6.689 7.049 7.047 7.033 6.864 7.368 7.665 8.433 8.407
12.102 11.817 13.857 13.276 13.519 13.658 13.717 12.165 12.904 12.508 12.234 12.569 12.079 11.606 9.925 9.989 9.122 8.989 10.851 11.408 10.928 10.265 10.541 11.104 11.885 12.743 11.676 10.612 11.030 10.406 11.028 10.962 9.889 9.483 8.464 8.019 8.803 8.683 8.234 7.776 7.502 7.425 8.361 9.319 10.036 10.876 10.360 13.935 10.960 11.630 7.319 4.660 2.749 3.410 4.789 5.562 6.018 6.541 6.265 6.800 6.676 7.134 7.119 6.956 6.948 6.805 7.969 8.235 8.188 8.294
