test_integration/test_sample_run/example/output_maps/SWEN0113.asc
ncols         174
nrows         141
xllcorner     744500.000000
yllcorner     5140950.000000
cellsize      250.000000
NODATA_value  -9999.0
[rows 62 to 92 of 141, columns 0 to 69 of 174]
-9999.000 -9999.000 -9999.000 -9999.000 -9999.000 0.000 6.921 3.768 4.225 3.066 0.000 0.000 4.264 6.236 5.220 3.970 2.631 0.049 0.000 0.000 0.623 1.358 2.365 3.376 2.815 3.916 2.405 0.698 0.000 1.482 0.000 0.000 0.000 0.000 0.000 0.000 0.000 0.000 0.000 0.000 0.000 0.000 0.000 0.000 0.000 0.000 2.854 2.056 5.974 8.861 9.072 8.490 4.478 0.000 0.000 0.000 0.000 0.000 0.000 1.395 2.862 0.000 0.000 0.911 9.190 9.982 9.604 3.776 0.000 0.000
-9999.000 -9999.000 -9999.000 -9999.000 1.718 7.620 10.862 6.744 5.261 4.417 0.000 0.391 0.000 0.000 6.942 3.843 3.528 0.125 0.000 0.000 2.368 2.283 1.486 1.813 0.000 0.964 0.000 0.000 0.000 0.000 0.000 0.000 0.000 0.000 0.000 0.000 0.000 0.000 0.000 0.000 0.000 0.000 0.000 0.696 3.772 2.258 0.000 0.000 0.000 5.536 9.926 10.177 1.242 0.000 0.000 0.000 0.000 0.000 0.000 2.317 3.957 5.164 0.418 0.000 4.223 7.097 0.732 0.000 0.000 0.000
-9999.000 -9999.000 -9999.000 -9999.000 -9999.000 3.511 0.000 9.679 10.710 10.870 10.187 10.033 7.363 2.270 0.000 0.000 0.620 0.832 0.000 0.000 0.170 1.650 0.407 0.000 0.000 0.000 0.000 0.000 0.000 0.000 0.000 0.000 0.000 0.000 0.000 0.000 0.000 0.000 0.000 0.000 0.000 0.000 2.936 5.433 6.145 6.362 6.599 0.239 0.000 0.000 0.556 1.799 0.000 0.000 0.000 0.000 0.000 0.000 3.056 5.976 6.756 7.404 8.101 8.662 8.703 3.772 0.000 0.000 0.000 4.645
-9999.000 -9999.000 -9999.000 -9999.000 -9999.000 -9999.000 0.000 11.582 11.456 11.532 11.315 10.771 9.286 9.166 0.000 0.000 0.000 0.664 0.000 0.000 0.000 0.000 0.000 0.000 0.000 0.735 0.000 0.000 0.000 0.000 0.000 0.000 0.000 0.000 0.000 0.000 0.000 0.000 0.000 0.000 0.000 2.886 4.323 5.700 6.391 7.040 7.308 7.059 6.016 1.661 0.000 0.000 0.000 0.000 0.000 0.000 0.000 0.000 3.348 5.101 7.375 7.793 9.488 9.833 10.254 7.633 2.747 2.425 5.608 5.143
-9999.000 -9999.000 -9999.000 -9999.000 -9999.000 0.975 10.836 11.232 9.672 10.954 8.161 5.039 6.199 5.218 2.484 0.000 0.391 0.961 0.418 0.000 0.000 0.000 0.000 0.000 0.000 0.000 0.000 0.000 0.000 0.000 0.000 0.000 0.000 0.000 0.000 0.000 0.000 0.000 0.000 0.000 2.466 6.029 6.203 5.224 7.464 7.374 7.792 7.066 8.046 7.791 6.749 0.000 0.000 0.000 0.000 0.000 2.783 4.155 4.931 0.000 0.000 0.000 1.619 0.655 4.863 8.553 6.700 7.641 7.172 7.197
-9999.000 -9999.000 -9999.000 -9999.000 -9999.000 8.321 11.912 10.994 10.897 8.518 6.967 2.658 0.000 0.000 0.000 0.000 0.000 0.000 0.000 0.000 0.000 0.000 0.000 0.000 0.000 0.000 0.000 0.000 0.000 0.000 0.000 0.000 0.000 0.000 0.000 0.000 0.000 0.000 0.000 0.000 5.934 5.841 6.417 6.684 9.491 7.130 8.803 7.825 8.249 8.613 8.606 7.717 5.461 0.000 0.000 1.556 4.341 6.368 7.316 5.449 0.000 0.000 0.000 0.000 0.000 2.655 9.100 8.060 7.373 7.355
-9999.000 -9999.000 -9999.000 -9999.000 -9999.000 -9999.000 11.214 11.016 13.458 9.966 4.787 8.231 4.418 0.000 0.000 0.000 0.000 2.090 3.606 2.405 0.000 0.000 0.000 0.000 0.000 0.000 0.000 0.000 0.000 0.000 0.000 0.000 0.000 0.000 0.000 0.000 0.000 0.000 1.872 2.929 4.822 6.114 7.166 7.960 7.971 6.762 8.820 8.071 8.201 6.995 7.360 7.684 7.370 6.185 2.994 3.838 7.129 7.163 7.746 7.349 6.388 0.823 0.000 0.000 0.000 0.000 8.917 9.240 6.498 7.543
-9999.000 -9999.000 -9999.000 -9999.000 -9999.000 -9999.000 10.635 12.697 7.296 7.043 8.221 8.805 6.342 0.395 4.712 5.549 8.351 8.640 8.305 6.834 1.924 0.000 0.000 0.000 0.000 0.000 0.000 0.000 0.000 0.000 0.000 0.000 0.000 0.000 0.000 0.292 1.745 1.976 4.480 3.523 5.385 9.483 7.454 7.535 7.738 7.943 7.880 6.518 7.632 7.780 8.215 7.798 7.007 6.193 4.673 3.651 7.328 7.718 8.384 7.733 7.754 7.019 5.525 3.490 0.754 0.000 0.000 6.385 5.926 5.647
-9999.000 -9999.000 -9999.000 -9999.000 -9999.000 -9999.000 -9999.000 10.269 10.963 11.168 10.982 10.708 4.534 5.210 7.455 8.028 7.088 7.951 8.364 7.820 6.388 3.954 0.000 0.000 0.000 0.000 0.000 0.000 0.000 0.000 0.408 2.705 3.267 4.709 6.228 6.207 6.159 6.336 6.683 5.507 3.599 5.595 7.956 7.819 7.800 11.030 10.616 9.535 6.812 7.612 9.372 7.954 6.302 4.551 4.272 3.878 7.522 7.759 8.322 8.018 8.136 8.036 7.849 8.473 8.484 2.914 4.337 6.272 3.255 5.186
-9999.000 -9999.000 -9999.000 -9999.000 -9999.000 -9999.000 -9999.000 13.688 13.522 11.959 12.510 7.249 2.135 7.296 8.564 5.723 7.808 9.107 7.998 7.406 6.943 6.289 0.466 0.000 0.000 0.000 0.000 0.000 0.247 0.000 3.135 3.076 6.412 6.604 6.264 6.522 6.924 6.882 7.467 6.079 3.473 6.368 7.261 8.450 11.629 11.241 10.965 12.546 8.141 10.942 10.016 5.010 4.506 1.970 4.566 3.910 6.138 8.845 9.258 8.468 8.512 8.649 8.507 8.307 8.610 8.116 7.117 7.862 7.331 8.773
-9999.000 -9999.000 -9999.000 -9999.000 -9999.000 -9999.000 -9999.000 -9999.000 12.606 13.991 6.918 6.043 5.732 8.401 8.868 5.819 8.283 9.642 9.536 7.377 5.106 1.647 0.000 0.000 0.000 0.000 2.660 0.000 2.450 3.324 6.271 5.688 5.937 5.949 7.144 8.856 7.251 6.595 5.926 6.462 6.902 6.789 7.189 8.478 10.377 13.489 9.488 10.971 13.788 10.129 2.073 1.524 0.000 0.000 6.151 5.063 5.823 9.473 9.984 9.141 9.570 9.222 9.196 8.704 8.218 9.318 6.167 8.439 9.427 8.554
-9999.000 -9999.000 -9999.000 -9999.000 -9999.000 -9999.000 -9999.000 -9999.000 0.000 7.092 3.117 4.209 8.473 9.495 8.378 5.475 10.073 11.054 8.992 4.586 0.650 0.000 0.877 0.843 2.854 1.914 4.022 5.065 6.602 6.064 6.274 6.456 7.606 7.017 8.050 8.671 7.599 7.500 7.272 8.265 8.879 9.593 4.883 2.809 4.693 7.508 12.418 11.983 14.130 10.062 3.262 0.000 0.000 0.258 6.822 5.384 5.949 10.880 9.564 10.381 10.658 9.498 10.329 9.435 7.993 9.479 8.078 8.438 10.013 8.885
-9999.000 -9999.000 -9999.000 -9999.000 -9999.000 -9999.000 -9999.000 0.000 0.000 0.247 2.012 5.405 9.063 9.872 6.196 8.495 12.786 9.301 4.774 7.180 6.299 4.650 0.000 3.484 5.272 6.694 6.175 6.792 6.343 6.452 7.496 7.070 8.974 7.943 6.718 8.054 8.481 8.001 9.229 9.300 9.685 9.703 11.012 7.655 4.465 6.530 8.506 12.891 13.501 8.656 0.000 0.000 0.000 7.607 7.259 6.682 4.394 8.794 10.244 10.330 10.324 8.908 11.055 9.095 8.154 9.357 7.870 8.511 10.240 9.331
-9999.000 -9999.000 -9999.000 -9999.000 -9999.000 -9999.000 0.000 0.000 0.922 0.000 4.064 8.024 11.087 9.548 6.959 10.547 14.093 5.894 10.992 10.328 3.198 2.978 0.220 3.133 6.772 6.381 5.632 6.668 7.212 7.942 7.917 8.200 8.916 8.386 7.828 9.621 11.067 8.717 9.989 9.923 10.347 11.004 11.781 11.889 10.965 10.657 5.664 13.165 10.195 0.000 7.039 7.341 5.155 8.185 8.094 7.526 8.115 8.790 11.027 10.316 9.629 9.800 12.076 8.940 8.365 8.109 9.273 9.543 10.537 10.294
-9999.000 -9999.000 -9999.000 -9999.000 -9999.000 0.000 0.000 2.016 2.886 8.879 11.638 10.928 11.544 10.184 8.396 13.351 11.361 11.026 11.344 4.554 0.000 0.000 0.786 4.298 6.016 5.529 6.395 7.211 8.296 8.164 7.809 9.293 8.951 8.339 11.617 9.015 11.860 9.626 10.484 10.846 11.013 11.844 12.313 12.388 12.505 13.013 12.649 9.782 8.652 7.263 9.986 6.978 4.849 8.325 7.751 8.031 7.854 8.773 10.049 9.572 9.184 9.669 9.470 7.468 7.563 8.326 9.547 10.033 5.054 4.687
-9999.000 -9999.000 -9999.000 0.000 0.000 0.000 10.085 12.862 12.650 12.727 12.446 12.220 12.257 10.617 10.248 13.873 12.615 10.249 10.753 0.000 0.000 0.000 3.040 3.363 6.046 6.409 9.889 7.805 9.439 8.359 9.913 9.096 9.424 12.187 11.536 10.365 12.748 11.358 11.044 11.249 11.339 12.271 12.390 12.398 12.382 12.414 13.181 13.159 10.789 5.294 2.131 0.000 5.695 8.692 8.257 6.481 8.188 9.823 9.210 9.284 10.366 11.547 5.888 7.246 8.442 9.672 9.994 8.700 6.365 3.536
-9999.000 -9999.000 2.227 5.443 15.021 14.350 13.226 12.669 10.674 8.920 11.898 12.237 12.958 10.382 10.828 14.758 14.604 11.233 3.821 0.000 1.893 6.924 6.852 5.284 7.111 7.492 11.655 8.544 9.545 10.381 10.448 10.852 8.182 6.832 11.239 11.508 11.853 11.507 12.355 12.242 12.080 12.650 12.431 12.394 11.586 12.337 12.045 14.578 7.356 0.000 3.083 3.725 8.387 8.761 8.192 7.374 8.518 11.128 11.644 12.064 4.207 0.000 2.471 6.596 7.612 7.149 7.371 8.730 8.832 8.962
-9999.000 -9999.000 5.939 6.210 15.718 14.143 11.527 11.045 9.539 11.046 10.710 12.934 13.175 11.175 10.356 15.610 11.172 9.764 0.630 1.802 5.496 7.411 6.732 6.383 6.311 7.746 12.108 9.330 10.420 11.224 11.599 12.073 12.265 6.988 12.277 12.358 11.036 12.468 8.745 10.868 12.505 10.984 11.722 10.866 13.396 13.599 11.893 8.111 9.856 7.773 8.342 9.351 8.047 9.238 8.177 8.532 9.360 11.154 8.414 1.888 0.000 0.000 2.621 2.543 0.790 0.000 5.016 8.273 9.408 9.351
-9999.000 -9999.000 -9999.000 4.719 12.970 13.289 13.063 9.728 13.993 9.235 11.642 13.150 13.337 11.062 9.829 17.822 7.164 5.027 0.000 0.000 6.629 8.215 7.609 6.845 5.966 9.184 11.954 10.827 11.408 11.779 12.249 12.056 12.208 11.846 10.796 12.919 9.917 8.220 11.543 11.292 12.852 12.510 11.575 12.308 9.424 12.519 12.965 13.054 9.366 10.296 7.511 7.458 9.065 8.418 8.106 8.022 8.694 8.544 0.903 0.000 0.000 0.000 0.000 0.000 0.000 0.942 1.752 0.616 6.273 9.214
-9999.000 -9999.000 -9999.000 -9999.000 -9999.000 -9999.000 12.765 14.840 10.546 11.472 12.974 13.261 13.003 9.272 10.705 11.948 0.000 0.000 0.000 3.496 8.548 7.757 8.689 9.263 1.753 8.260 13.642 10.739 12.687 12.906 11.604 11.125 12.284 11.154 12.043 13.397 2.437 8.011 11.534 11.864 12.173 11.702 12.104 11.689 12.715 12.547 13.205 12.775 10.444 10.378 9.865 8.001 8.852 8.804 8.608 10.024 8.894 0.000 0.000 0.000 0.000 0.000 0.000 0.000 0.000 2.072 0.000 0.000 3.312 6.357
-9999.000 -9999.000 -9999.000 -9999.000 -9999.000 -9999.000 -9999.000 16.167 11.590 9.875 9.407 9.667 10.451 9.585 14.140 8.314 0.000 0.000 7.492 8.134 8.077 6.843 7.097 11.028 6.903 5.465 7.395 11.510 12.734 12.223 10.738 8.909 11.696 12.455 11.466 9.471 10.024 11.468 12.326 11.490 12.020 11.505 8.093 13.469 8.187 10.174 8.872 9.120 9.555 12.093 12.671 7.932 5.894 8.484 9.193 0.000 0.000 0.000 0.000 0.000 0.000 0.000 0.000 0.000 0.000 0.064 0.000 0.000 0.000 0.000
-9999.000 -9999.000 -9999.000 -9999.000 -9999.000 -9999.000 -9999.000 2.945 7.271 18.208 16.606 15.011 16.626 17.749 2.514 3.492 0.000 2.060 10.385 6.788 5.945 8.699 10.224 11.618 10.365 0.794 13.662 11.282 11.336 10.056 10.770 13.956 11.017 12.046 14.908 6.214 12.314 11.433 12.272 12.979 12.979 11.206 0.000 1.112 0.000 0.395 8.469 8.093 3.021 0.543 0.000 4.515 0.000 0.000 0.000 0.000 0.000 0.000 0.000 0.000 0.514 2.504 0.000 0.000 0.000 0.000 3.976 0.000 0.000 0.000
-9999.000 -9999.000 -9999.000 -9999.000 -9999.000 -9999.000 -9999.000 -9999.000 0.000 0.000 2.465 2.670 2.939 3.714 2.712 0.000 3.526 10.093 7.331 9.783 7.943 9.773 11.101 9.352 9.565 9.553 12.560 13.719 13.038 13.122 13.278 9.108 13.087 10.533 6.906 12.632 9.381 7.646 4.393 2.294 0.000 4.764 0.000 0.000 2.480 0.000 2.188 2.198 6.743 0.000 0.000 0.000 0.000 0.000 0.000 0.000 0.000 0.000 0.000 0.000 5.009 2.045 0.000 0.000 0.000 0.000 0.000 0.000 0.000 0.000
-9999.000 -9999.000 -9999.000 -9999.000 -9999.000 -9999.000 -9999.000 -9999.000 -9999.000 0.000 0.000 0.000 0.000 0.000 0.000 0.000 7.474 10.449 7.148 13.562 4.881 10.334 9.390 9.924 11.206 12.831 6.377 6.594 6.314 5.851 11.258 8.026 7.959 3.899 0.000 9.164 0.000 0.000 0.000 0.000 0.000 0.000 0.000 0.000 0.000 0.000 0.000 0.000 7.607 8.115 0.000 0.000 0.000 0.000 0.000 0.000 0.000 0.000 0.000 0.000 0.000 0.000 0.000 0.000 0.000 0.000 0.000 0.000 0.000 0.000
-9999.000 -9999.000 -9999.000 -9999.000 -9999.000 -9999.000 -9999.000 -9999.000 -9999.000 -9999.000 0.000 0.000 0.000 0.000 0.000 4.468 11.200 7.846 8.086 9.516 0.000 9.013 9.247 11.139 12.342 5.829 0.000 0.000 0.000 0.000 0.000 0.000 0.000 0.000 0.000 1.332 3.448 0.000 0.000 0.000 2.853 3.211 0.000 0.000 0.000 0.000 0.000 0.000 0.000 9.698 4.895 0.000 0.000 0.000 0.000 0.000 0.000 0.000 0.000 0.000 0.000 0.000 0.000 0.000 0.000 0.000 0.000 0.000 0.000 0.000
-9999.000 -9999.000 -9999.000 -9999.000 -9999.000 -9999.000 -9999.000 -9999.000 -9999.000 -9999.000 -9999.000 0.000 0.000 4.210 5.002 11.661 10.676 7.528 12.392 8.173 4.155 9.064 9.172 12.271 10.345 9.422 0.000 0.000 0.000 0.000 0.000 0.000 0.000 0.000 0.000 0.268 6.752 0.000 0.000 0.000 3.308 0.000 3.067 0.000 0.000 0.000 0.000 0.000 0.000 0.000 8.120 2.951 1.499 2.125 0.000 0.000 0.000 0.000 0.000 2.190 0.000 0.000 0.000 0.000 0.000 0.000 0.000 0.000 0.000 0.000
-9999.000 -9999.000 -9999.000 -9999.000 -9999.000 -9999.000 -9999.000 -9999.000 -9999.000 -9999.000 -9999.000 -9999.000 0.000 9.108 11.947 11.635 9.610 8.708 13.817 4.294 8.843 10.113 7.770 8.631 10.710 9.135 5.517 7.129 0.000 0.000 0.000 0.000 0.000 0.000 0.000 0.000 0.000 0.000 0.000 0.000 0.000 0.000 0.000 0.000 0.000 0.000 0.000 0.000 0.000 0.000 0.000 0.000 1.518 1.781 0.000 0.000 0.000 0.000 2.146 0.000 0.000 0.000 0.000 0.000 0.000 1.255 0.000 0.144 0.819 0.450
-9999.000 -9999.000 -9999.000 -9999.000 -9999.000 -9999.000 -9999.000 -9999.000 -9999.000 -9999.000 -9999.000 -9999.000 0.000 12.456 11.835 11.889 9.746 12.139 9.824 0.876 11.468 11.862 6.653 0.000 13.309 9.701 6.973 7.206 6.909 1.679 0.000 0.000 0.000 0.000 0.000 0.000 0.000 0.000 0.000 0.000 0.000 0.000 0.000 0.000 0.000 0.000 0.000 0.000 0.000 0.000 0.000 0.000 0.000 0.000 0.000 0.000 0.000 0.000 0.000 0.000 0.000 2.110 2.499 1.903 2.535 2.322 2.057 1.918 1.451 1.531
-9999.000 -9999.000 -9999.000 -9999.000 -9999.000 -9999.000 -9999.000 -9999.000 -9999.000 -9999.000 -9999.000 -9999.000 4.503 5.190 12.495 11.184 9.511 6.007 6.200 10.333 12.624 12.574 12.386 11.224 9.867 14.526 7.115 7.434 8.048 6.653 5.227 0.000 0.000 0.000 0.000 0.000 0.000 0.000 0.000 0.000 0.000 0.000 0.000 0.000 0.000 0.000 0.000 0.000 0.000 2.546 1.740 0.000 0.000 0.000 0.000 0.000 0.000 0.000 0.000 0.000 0.000 0.000 2.535 2.856 2.596 2.599 1.898 2.412 1.626 1.609
-9999.000 -9999.000 -9999.000 -9999.000 -9999.000 -9999.000 -9999.000 -9999.000 -9999.000 -9999.000 -9999.000 -9999.000 -9999.000 -9999.000 -9999.000 -9999.000 -9999.000 0.000 0.000 12.855 10.434 12.655 11.714 11.023 11.681 8.805 5.493 8.029 9.499 8.104 5.117 0.000 0.000 0.000 0.000 0.000 0.000 0.000 0.000 0.000 0.000 0.000 0.000 0.000 0.000 0.000 0.000 0.000 3.163 5.514 5.125 4.605 4.754 3.456 0.000 0.000 0.000 0.000 0.000 0.000 0.000 0.000 0.000 3.077 3.010 2.905 2.987 0.551 0.000 1.865
-9999.000 -9999.000 -9999.000 -9999.000 -9999.000 -9999.000 -9999.000 -9999.000 -9999.000 -9999.000 -9999.000 -9999.000 -9999.000 -9999.000 -9999.000 -9999.000 -9999.000 -9999.000 1.559 1.616 4.114 12.286 11.756 11.021 10.172 6.426 2.019 0.000 5.481 0.000 0.000 0.000 0.000 0.000 0.000 0.000 0.000 0.000 0.000 0.000 0.000 0.000 0.000 0.000 0.000 0.000 0.000 0.000 0.000 0.000 0.000 0.000 1.845 3.953 0.000 0.000 0.000 0.000 0.000 0.000 0.000 0.000 0.000 0.000 0.000 0.000 0.000 0.000 0.000 0.000
