test_integration/test_sample_run/example/output_maps/SWEN0071.asc
ncols         174
nrows         141
xllcorner     744500.000000
yllcorner     5140950.000000
cellsize      250.000000
NODATA_value  -9999.0
[rows 62 to 92 of 141, columns 70 to 139 of 174]
6.815 8.161 8.137 8.018 7.806 7.822 7.177 5.452 2.345 1.454 0.175 1.273 0.000 0.000 0.000 0.000 0.000 0.000 2.762 4.820 6.863 7.609 9.136 10.169 10.430 11.178 10.356 5.427 8.129 8.115 6.893 3.309 0.900 0.000 0.890 1.673 4.287 0.000 3.438 5.138 6.445 11.019 12.724 11.917 11.350 10.479 11.039 10.623 10.630 10.784 8.780 9.465 9.349 7.013 7.872 5.393 6.202 5.278 7.045 8.888 11.418 14.080 11.226 8.293 9.439 9.704 8.417 6.745 8.176 7.713
8.479 8.044 8.493 7.842 7.948 7.689 7.746 7.884 7.439 7.621 4.105 2.164 0.000 0.000 0.000 0.000 0.000 0.000 7.279 8.337 8.631 8.861 9.345 9.509 11.568 9.488 4.004 2.554 0.000 0.167 0.000 0.000 0.000 0.000 4.020 0.000 0.000 0.000 5.548 5.384 5.765 6.411 9.339 11.560 13.797 14.344 15.009 12.497 10.438 10.472 10.582 9.882 6.267 3.689 8.000 7.818 5.725 5.806 6.449 7.893 8.691 8.773 13.113 9.757 9.392 9.596 8.829 9.276 8.528 8.933
8.488 8.313 8.138 8.379 7.715 7.926 7.999 7.852 7.490 6.989 7.031 7.263 5.960 0.800 1.762 3.540 5.334 7.399 7.865 8.491 9.156 9.086 9.734 8.272 0.736 0.000 0.000 0.710 0.000 0.000 0.000 0.000 7.040 7.530 7.367 7.539 3.766 5.309 6.372 3.778 1.232 0.000 0.617 2.572 4.872 6.164 11.130 13.110 11.327 9.710 12.913 9.742 2.493 7.805 7.462 8.799 6.493 5.104 4.681 5.201 6.790 7.800 11.034 11.000 8.475 10.019 11.295 9.450 8.361 6.670
8.572 9.310 8.673 9.544 8.672 8.442 8.170 8.064 8.011 7.969 7.472 7.267 7.445 5.126 1.228 3.573 7.756 7.986 9.011 9.003 9.663 9.623 8.108 0.000 0.000 0.000 0.000 0.000 0.845 3.424 5.343 7.596 7.593 7.084 7.650 8.851 7.778 8.764 9.031 8.866 0.431 0.000 0.290 0.000 3.902 5.895 9.914 11.816 12.978 13.007 9.355 2.544 10.201 9.179 6.783 7.876 4.425 3.813 5.761 6.358 5.493 8.121 6.931 10.190 11.271 11.501 10.710 6.025 0.000 0.000
6.577 8.162 10.314 10.243 10.161 9.500 8.421 8.517 8.475 8.534 8.303 7.797 7.627 7.113 1.851 0.000 2.069 3.770 4.008 3.126 2.021 0.000 0.000 0.000 0.000 0.000 0.000 0.000 7.394 7.812 7.775 6.980 7.158 6.146 10.604 3.748 8.445 8.648 8.786 8.881 9.417 9.510 3.323 2.131 10.026 9.638 10.756 11.262 14.844 12.542 2.531 6.902 10.389 10.592 10.269 6.596 8.677 5.900 5.563 6.787 8.457 8.896 9.494 9.930 11.840 8.403 4.806 0.933 0.000 1.545
4.295 6.502 9.696 10.432 10.309 10.104 9.274 9.114 9.537 9.142 8.997 8.572 7.681 7.039 3.830 0.408 0.000 2.941 3.990 0.000 0.000 0.000 3.477 2.594 5.798 6.988 5.495 7.431 8.015 7.935 8.246 6.383 7.382 8.916 2.400 5.932 8.746 8.806 9.846 8.644 9.572 9.575 10.380 8.100 9.828 11.389 12.071 13.152 14.730 9.385 5.496 12.780 11.328 11.970 2.716 4.432 8.083 7.946 8.832 8.390 9.364 8.051 9.218 13.755 6.018 3.879 0.183 1.971 8.727 9.148
9.319 6.842 8.204 10.530 10.298 10.465 10.543 10.337 10.919 10.471 9.378 8.584 7.780 5.750 3.233 1.141 2.987 5.765 3.209 0.459 0.136 5.598 7.547 7.681 6.794 7.206 6.988 8.159 8.056 7.137 6.151 7.838 7.970 9.659 3.732 9.313 9.190 7.638 9.793 9.051 9.078 8.265 8.816 8.643 6.795 9.279 9.583 10.848 10.152 7.214 11.455 12.516 12.927 12.480 5.986 3.669 5.810 6.633 8.408 8.490 8.582 8.512 11.503 11.088 4.950 5.496 4.881 9.660 8.575 6.787
9.450 7.617 6.132 8.433 10.351 10.457 9.115 8.479 6.660 8.061 10.513 9.120 6.220 3.185 1.787 0.000 5.522 5.014 0.650 0.336 7.093 6.812 6.515 7.941 7.518 8.330 7.976 8.083 7.567 8.597 7.852 11.952 10.552 6.630 7.144 9.748 9.552 6.407 9.514 10.974 9.239 9.989 8.954 10.132 8.715 5.743 6.120 2.926 6.966 14.069 13.904 14.122 14.960 7.384 0.000 1.207 5.531 6.462 7.948 9.691 10.563 12.029 13.329 4.777 4.687 6.302 10.705 9.048 7.828 7.987
9.629 9.477 9.909 9.099 7.484 8.124 8.421 9.017 10.201 5.713 0.000 0.000 0.193 1.661 0.000 0.000 3.236 0.612 4.457 4.156 7.421 5.573 6.989 5.813 10.474 7.286 6.333 6.865 8.192 6.729 11.803 12.516 15.097 8.210 7.734 9.864 10.151 7.034 9.292 14.333 11.887 12.304 11.065 10.817 12.244 11.062 6.992 7.496 9.911 13.682 13.493 13.775 14.306 5.220 0.000 1.565 7.609 7.031 6.084 8.028 7.252 5.833 2.568 6.278 11.779 11.535 9.380 -9999.000 -9999.000 -9999.000
9.773 9.710 10.120 10.867 10.520 10.538 10.502 10.354 10.182 4.812 0.000 0.000 0.000 0.000 0.000 0.000 0.000 2.278 3.243 3.978 6.194 6.144 8.563 6.959 8.624 7.186 8.423 7.744 10.919 6.786 10.189 13.685 13.445 7.538 8.562 10.052 10.426 8.219 9.262 7.442 12.202 15.632 13.405 11.515 12.995 13.188 13.785 11.850 8.482 9.777 16.146 15.709 12.234 6.201 3.508 3.447 9.340 8.425 4.588 1.874 3.892 1.472 0.000 4.857 10.980 12.040 -9999.000 -9999.000 -9999.000 -9999.000
9.689 9.638 10.277 10.011 10.497 10.437 10.021 10.501 10.458 5.113 1.772 0.000 0.000 0.000 0.000 0.000 2.344 7.303 1.791 2.888 5.517 7.877 11.550 11.286 6.850 8.634 9.323 9.573 10.147 8.238 8.575 15.191 12.688 9.551 10.009 10.466 10.574 10.953 10.177 9.296 7.021 10.424 12.438 12.643 13.123 12.904 12.222 12.977 12.883 9.464 8.900 8.434 8.012 4.281 1.370 6.333 8.758 8.775 8.051 7.586 6.432 3.837 4.796 7.993 3.209 -9999.000 -9999.000 -9999.000 -9999.000 -9999.000
9.770 9.954 10.616 9.675 10.302 9.810 10.559 10.885 9.088 3.501 0.909 3.065 0.000 0.000 0.000 0.000 3.429 4.673 1.811 1.270 5.478 8.976 10.527 13.288 10.344 11.375 12.801 8.702 11.068 9.109 10.143 16.166 13.095 11.826 11.557 10.343 11.532 11.626 13.268 13.227 12.906 11.506 14.157 15.719 13.618 12.817 12.566 13.949 14.749 15.087 11.842 8.457 0.713 4.115 1.628 8.515 7.925 8.527 8.285 8.759 9.100 10.476 12.010 12.042 0.000 -9999.000 -9999.000 -9999.000 -9999.000 -9999.000
10.325 10.465 10.316 10.062 9.165 9.625 10.397 8.499 3.387 0.939 0.000 1.404 3.462 0.000 0.000 0.000 2.101 0.000 6.037 4.192 5.400 9.691 7.739 8.699 10.242 11.197 6.296 11.148 8.917 9.990 11.511 16.717 12.104 9.877 11.432 12.526 12.554 11.996 12.998 12.560 14.949 14.372 14.076 15.406 13.677 12.242 13.100 13.161 12.789 14.406 15.215 9.824 6.550 4.747 6.399 10.266 8.585 8.713 9.384 10.139 10.784 9.925 9.251 10.415 11.055 -9999.000 -9999.000 -9999.000 -9999.000 -9999.000
10.325 10.028 10.248 9.210 9.952 11.025 5.680 2.091 0.000 0.000 0.000 0.000 0.000 0.000 0.000 0.000 0.000 0.000 5.756 6.496 4.686 4.559 0.000 0.080 2.441 0.219 0.857 10.099 14.192 13.691 13.457 17.784 4.760 8.298 14.466 14.124 12.403 13.431 12.438 14.046 14.581 13.259 14.527 14.288 14.472 13.993 17.210 16.251 17.469 12.492 7.057 5.198 3.846 4.907 8.902 8.111 9.039 9.142 10.168 9.495 9.617 10.336 11.524 11.941 -9999.000 -9999.000 -9999.000 -9999.000 -9999.000 -9999.000
8.222 10.133 9.900 9.878 10.288 6.216 0.959 0.000 0.000 0.000 0.000 0.000 0.000 0.000 0.000 0.000 0.000 2.043 1.786 0.000 0.000 0.000 0.000 0.000 0.000 0.000 4.470 3.461 8.404 13.755 15.073 13.985 11.688 13.767 14.492 14.518 12.182 12.486 12.091 15.831 13.409 13.197 16.045 19.002 16.820 14.101 10.487 9.366 5.422 4.440 1.913 3.858 4.485 5.264 6.940 6.666 9.621 9.439 9.361 10.248 9.428 8.754 8.630 0.000 -9999.000 -9999.000 -9999.000 -9999.000 -9999.000 -9999.000
9.790 9.792 9.881 10.491 7.212 0.659 0.000 0.000 0.000 0.000 0.000 0.000 0.000 0.000 0.000 0.000 2.582 5.149 3.912 4.738 8.404 7.520 8.979 3.538 0.000 3.651 9.370 10.549 10.782 11.191 14.595 9.652 16.087 15.034 13.017 14.068 12.712 15.076 18.920 18.118 18.257 19.191 13.463 6.965 6.978 4.612 5.661 6.618 9.378 7.753 4.204 4.959 6.948 8.836 8.608 9.514 8.398 9.287 9.220 8.590 8.282 6.737 1.485 0.000 -9999.000 -9999.000 -9999.000 -9999.000 -9999.000 -9999.000
9.661 9.468 9.844 10.504 4.062 0.251 0.000 2.038 1.486 0.946 0.000 0.000 0.000 0.000 0.000 0.000 0.000 1.524 4.100 5.304 9.644 9.242 9.807 10.106 10.371 8.752 10.376 11.006 11.413 11.208 6.554 5.996 13.433 12.380 16.638 16.158 16.335 14.767 7.502 4.014 5.088 3.956 3.156 2.494 5.274 7.121 9.852 10.434 11.652 7.959 9.736 13.491 12.785 12.694 8.968 8.802 8.655 9.601 8.177 7.848 8.027 6.389 3.890 0.000 -9999.000 -9999.000 -9999.000 -9999.000 -9999.000 -9999.000
9.657 9.795 10.029 7.767 4.031 5.778 7.123 5.883 3.462 1.260 0.000 0.000 0.000 0.000 0.000 1.214 2.264 0.000 0.000 0.000 0.000 5.114 6.310 10.213 11.151 9.836 9.358 7.868 8.997 8.383 4.082 6.052 6.908 6.722 11.128 13.795 10.709 6.219 2.962 0.000 0.345 0.000 0.000 4.002 6.242 9.419 10.308 7.410 10.168 11.937 13.672 14.100 13.976 9.874 8.165 9.393 10.346 9.992 7.366 5.576 5.702 3.168 1.961 0.000 -9999.000 -9999.000 -9999.000 -9999.000 -9999.000 -9999.000
9.499 8.075 3.324 2.371 7.445 8.605 7.866 5.454 1.215 0.520 1.454 0.000 0.000 0.000 2.810 4.366 5.512 5.170 3.668 0.984 0.000 2.779 4.420 4.618 5.196 5.831 6.578 8.643 9.421 6.523 4.791 3.274 4.529 6.597 7.236 6.612 3.497 1.216 1.443 0.867 2.978 5.347 5.334 7.823 6.619 11.313 9.732 8.115 12.833 15.714 15.828 9.546 5.567 6.048 8.905 11.071 10.594 10.314 9.966 8.122 5.627 3.905 5.097 0.000 -9999.000 -9999.000 -9999.000 -9999.000 -9999.000 -9999.000
3.937 0.000 0.000 0.000 5.912 5.903 5.877 6.060 4.749 4.153 4.240 0.000 0.000 0.000 4.366 4.309 4.659 6.416 4.375 1.487 0.000 2.081 3.685 3.857 1.684 4.965 7.763 8.296 6.869 5.201 2.684 1.666 5.713 5.707 5.128 4.419 1.430 0.035 0.000 2.372 4.501 5.834 4.696 5.705 9.091 10.779 6.842 11.245 12.575 11.342 9.256 7.705 9.634 10.279 11.904 12.282 11.853 11.762 9.835 9.935 8.109 9.099 10.341 8.598 4.051 -9999.000 -9999.000 -9999.000 -9999.000 -9999.000
0.000 0.000 0.000 0.000 0.000 0.000 1.218 5.264 3.515 3.822 0.000 0.000 0.000 0.889 3.269 5.014 5.414 3.056 3.477 3.329 3.829 3.380 3.833 2.819 5.307 7.586 7.966 6.771 5.314 5.723 3.116 4.040 6.203 6.196 6.603 8.519 2.671 3.368 6.527 5.202 3.312 3.752 7.368 5.289 8.673 4.938 6.572 10.880 7.185 6.204 10.306 14.021 13.794 13.075 12.887 12.566 12.334 11.838 10.023 10.496 11.488 11.212 10.414 10.793 8.471 -9999.000 -9999.000 -9999.000 -9999.000 -9999.000
0.000 0.000 0.000 0.000 0.000 0.000 0.000 2.218 0.000 0.000 0.000 0.000 0.000 0.000 4.757 5.772 4.302 0.056 4.369 4.158 3.919 5.154 2.453 1.367 5.403 6.589 5.293 3.705 6.404 7.520 6.316 3.359 5.941 7.146 10.353 10.479 4.955 1.692 3.572 1.738 1.940 3.745 5.282 3.399 3.207 3.293 7.007 6.771 6.398 8.959 12.675 14.994 14.329 14.375 13.238 13.919 11.985 10.384 11.117 11.484 11.395 12.402 10.886 5.032 10.214 -9999.000 -9999.000 -9999.000 -9999.000 -9999.000
0.196 0.000 0.000 0.000 0.000 0.000 0.000 0.000 0.000 0.000 0.000 0.000 0.000 0.000 5.117 3.107 0.000 0.000 2.670 2.068 4.757 4.382 4.103 5.433 5.431 6.227 7.318 8.492 10.233 10.675 7.612 6.679 5.669 8.142 6.976 0.530 0.000 0.000 0.000 3.274 8.559 10.982 12.611 11.827 10.874 9.188 8.651 9.927 10.702 11.456 13.512 15.471 14.404 14.522 14.344 12.170 9.311 9.238 11.066 11.575 12.764 12.898 12.123 8.957 -9999.000 -9999.000 -9999.000 -9999.000 -9999.000 -9999.000
0.000 0.000 0.000 0.000 0.000 0.000 0.000 0.000 0.000 0.000 0.000 0.000 2.630 0.000 1.131 0.000 0.000 0.000 0.226 2.722 5.495 4.455 7.928 8.581 9.446 10.109 10.629 9.985 10.572 8.391 4.933 5.330 0.737 1.942 0.000 0.000 0.000 5.972 10.014 11.367 11.255 11.249 11.464 12.024 12.214 12.580 10.633 12.462 13.140 12.191 13.391 13.122 14.014 14.955 12.071 9.573 9.160 9.048 11.606 11.987 11.625 13.313 12.170 9.228 -9999.000 -9999.000 -9999.000 -9999.000 -9999.000 -9999.000
0.000 0.000 0.000 0.000 0.000 0.000 0.000 0.000 0.000 0.000 0.000 0.000 0.000 0.000 0.000 0.000 0.000 0.840 2.857 4.970 3.942 5.675 8.309 8.674 9.891 9.855 7.658 7.260 4.489 0.188 0.000 0.817 0.000 0.626 1.742 2.175 9.386 10.554 9.929 10.488 11.245 12.332 13.559 13.464 13.999 13.204 13.568 13.942 13.820 12.500 10.900 9.987 11.134 10.291 9.898 9.187 8.705 10.076 12.819 12.122 10.808 12.439 12.707 9.778 -9999.000 -9999.000 -9999.000 -9999.000 -9999.000 -9999.000
0.000 0.000 0.000 0.000 0.000 0.000 0.000 0.000 0.000 0.000 0.000 0.000 0.000 0.000 0.000 0.000 0.000 1.819 2.914 1.903 2.812 3.955 6.803 5.723 3.036 0.644 0.749 1.134 0.000 0.000 0.000 0.000 2.595 1.909 2.409 7.864 10.124 10.236 11.084 11.592 13.710 14.439 15.214 15.500 12.385 11.578 13.804 12.495 13.630 13.643 11.824 12.409 13.447 12.574 11.082 9.334 10.383 11.406 12.952 12.951 12.376 12.746 12.807 11.510 -9999.000 -9999.000 -9999.000 -9999.000 -9999.000 -9999.000
3.780 3.795 3.661 3.879 1.953 0.200 0.000 0.000 0.000 0.000 0.000 0.000 0.000 0.000 0.000 0.000 0.000 0.000 0.000 0.000 2.950 3.548 0.529 0.000 0.000 0.000 0.481 0.000 0.000 0.000 2.084 4.071 8.788 9.506 9.695 9.132 10.030 10.355 11.974 14.026 14.468 14.140 16.222 13.398 13.005 14.115 13.896 13.608 13.711 14.293 14.096 15.031 14.671 13.655 13.111 13.850 13.592 13.291 12.953 13.087 12.379 11.630 14.397 12.666 -9999.000 -9999.000 -9999.000 -9999.000 -9999.000 -9999.000
3.432 3.580 3.937 3.763 3.088 2.909 0.000 0.000 0.000 0.000 0.000 0.000 0.000 2.693 2.470 3.607 2.986 0.000 0.000 0.000 0.629 3.448 0.000 0.000 0.000 0.000 0.000 0.000 0.000 1.495 8.305 9.321 8.942 9.831 9.927 10.169 10.938 12.599 14.840 15.944 14.431 14.808 16.323 14.833 14.218 14.309 14.197 13.168 14.988 15.420 15.602 15.492 14.024 13.528 13.989 14.512 13.491 13.760 13.157 13.097 13.337 11.124 6.100 9.843 -9999.000 -9999.000 -9999.000 -9999.000 -9999.000 -9999.000
3.893 0.696 0.000 0.000 0.000 0.000 0.000 0.000 0.000 0.000 0.000 0.000 0.000 2.618 3.193 4.273 4.125 5.473 5.735 2.218 0.000 0.000 0.000 4.411 7.318 7.294 7.935 8.122 8.287 8.342 8.990 9.561 10.136 11.498 11.334 11.298 12.089 12.579 13.077 11.681 14.927 15.891 15.309 16.975 15.655 14.006 10.722 9.172 8.849 10.482 14.746 12.908 9.464 14.109 13.959 14.634 14.183 13.744 13.859 13.524 13.277 8.306 1.832 -9999.000 -9999.000 -9999.000 -9999.000 -9999.000 -9999.000 -9999.000
0.000 0.000 0.000 0.000 0.000 0.000 0.000 0.000 0.000 0.000 0.000 0.000 1.211 0.788 2.641 4.425 5.974 6.315 6.543 6.315 3.516 1.234 5.322 6.922 7.552 7.269 6.675 7.497 9.644 9.334 9.588 11.172 11.832 11.851 13.705 13.279 13.870 12.680 7.192 7.396 13.053 15.868 12.854 10.733 12.140 14.171 12.374 -9999.000 -9999.000 -9999.000 -9999.000 -9999.000 -9999.000 -9999.000 14.409 13.132 12.681 14.204 13.767 14.017 9.167 9.243 -9999.000 -9999.000 -9999.000 -9999.000 -9999.000 -9999.000 -9999.000 -9999.000
0.000 0.000 0.000 0.000 0.000 0.000 0.000 0.000 0.000 0.000 0.000 0.000 0.000 0.000 1.317 2.925 4.142 4.756 6.687 6.744 6.584 6.819 7.208 7.216 7.683 9.364 9.941 8.712 6.955 8.194 6.956 6.934 3.455 6.513 9.064 8.852 9.665 8.308 9.860 12.545 11.581 12.037 16.206 -9999.000 -9999.000 -9999.000 -9999.000 -9999.000 -9999.000 -9999.000 -9999.000 -9999.000 -9999.000 -9999.000 -9999.000 -9999.000 13.724 13.993 13.978 13.703 10.481 -9999.000 -9999.000 -9999.000 -9999.000 -9999.000 -9999.000 -9999.000 -9999.000 -9999.000
