test_integration/test_sample_run/example/output_maps/SWEN0106.asc
ncols         174
nrows         141
xllcorner     744500.000000
yllcorner     5140950.000000
cellsize      250.000000
NODATA_value  -9999.0
[rows 62 to 92 of 141, columns 0 to 69 of 174]
-9999.000 -9999.000 -9999.000 -9999.000 -9999.000 0.000 6.906 3.754 4.211 3.053 0.000 0.000 4.250 6.222 5.207 3.958 2.620 0.019 0.000 0.000 0.592 1.333 2.353 3.363 2.802 3.902 2.392 0.666 0.000 1.453 0.000 0.000 0.000 0.000 0.000 0.000 0.000 0.000 0.000 0.000 0.000 0.000 0.000 0.000 0.000 0.000 2.848 2.050 5.968 8.854 9.063 8.484 4.472 0.000 0.000 0.000 0.000 0.000 0.000 1.392 2.861 0.000 0.000 0.909 9.188 9.979 9.597 3.775 0.000 0.000
-9999.000 -9999.000 -9999.000 -9999.000 1.713 7.610 10.842 6.730 5.248 4.404 0.000 0.360 0.000 0.000 6.928 3.831 3.517 0.096 0.000 0.000 2.357 2.272 1.461 1.788 0.000 0.933 0.000 0.000 0.000 0.000 0.000 0.000 0.000 0.000 0.000 0.000 0.000 0.000 0.000 0.000 0.000 0.000 0.000 0.684 3.767 2.253 0.000 0.000 0.000 5.530 9.913 10.161 1.234 0.000 0.000 0.000 0.000 0.000 0.000 2.315 3.955 5.163 0.416 0.000 4.221 7.095 0.730 0.000 0.000 0.000
-9999.000 -9999.000 -9999.000 -9999.000 -9999.000 3.507 0.000 9.662 10.692 10.854 10.173 10.018 7.350 2.259 0.000 0.000 0.593 0.807 0.000 0.000 0.142 1.627 0.379 0.000 0.000 0.000 0.000 0.000 0.000 0.000 0.000 0.000 0.000 0.000 0.000 0.000 0.000 0.000 0.000 0.000 0.000 0.000 2.931 5.428 6.139 6.356 6.594 0.229 0.000 0.000 0.547 1.790 0.000 0.000 0.000 0.000 0.000 0.000 3.054 5.973 6.754 7.402 8.098 8.657 8.700 3.771 0.000 0.000 0.000 4.644
-9999.000 -9999.000 -9999.000 -9999.000 -9999.000 -9999.000 0.000 11.569 11.442 11.519 11.301 10.750 9.268 9.150 0.000 0.000 0.000 0.640 0.000 0.000 0.000 0.000 0.000 0.000 0.000 0.709 0.000 0.000 0.000 0.000 0.000 0.000 0.000 0.000 0.000 0.000 0.000 0.000 0.000 0.000 0.000 2.881 4.318 5.695 6.385 7.033 7.302 7.053 6.011 1.652 0.000 0.000 0.000 0.000 0.000 0.000 0.000 0.000 3.346 5.098 7.372 7.790 9.475 9.815 10.234 7.631 2.746 2.424 5.607 5.142
-9999.000 -9999.000 -9999.000 -9999.000 -9999.000 0.963 10.837 11.218 9.649 10.937 8.147 5.026 6.185 5.205 2.474 0.000 0.366 0.939 0.394 0.000 0.000 0.000 0.000 0.000 0.000 0.000 0.000 0.000 0.000 0.000 0.000 0.000 0.000 0.000 0.000 0.000 0.000 0.000 0.000 0.000 2.461 6.023 6.198 5.219 7.457 7.368 7.785 7.060 8.041 7.786 6.744 0.000 0.000 0.000 0.000 0.000 2.781 4.152 4.929 0.000 0.000 0.000 1.616 0.653 4.861 8.551 6.698 7.639 7.170 7.195
-9999.000 -9999.000 -9999.000 -9999.000 -9999.000 8.314 11.907 10.964 10.861 8.493 6.952 2.646 0.000 0.000 0.000 0.000 0.000 0.000 0.000 0.000 0.000 0.000 0.000 0.000 0.000 0.000 0.000 0.000 0.000 0.000 0.000 0.000 0.000 0.000 0.000 0.000 0.000 0.000 0.000 0.000 5.928 5.835 6.411 6.677 9.478 7.123 8.793 7.818 8.243 8.607 8.600 7.712 5.457 0.000 0.000 1.552 4.338 6.366 7.313 5.446 0.000 0.000 0.000 0.000 0.000 2.654 9.090 8.057 7.372 7.354
-9999.000 -9999.000 -9999.000 -9999.000 -9999.000 -9999.000 11.214 10.990 13.439 9.934 4.773 8.217 4.406 0.000 0.000 0.000 0.000 2.082 3.597 2.397 0.000 0.000 0.000 0.000 0.000 0.000 0.000 0.000 0.000 0.000 0.000 0.000 0.000 0.000 0.000 0.000 0.000 0.000 1.861 2.924 4.816 6.107 7.159 7.952 7.962 6.754 8.807 8.063 8.194 6.990 7.355 7.679 7.366 6.181 2.991 3.836 7.126 7.160 7.742 7.346 6.386 0.820 0.000 0.000 0.000 0.000 8.915 9.230 6.497 7.541
-9999.000 -9999.000 -9999.000 -9999.000 -9999.000 -9999.000 10.626 12.681 7.276 7.024 8.204 8.787 6.330 0.369 4.703 5.540 8.342 8.630 8.295 6.825 1.916 0.000 0.000 0.000 0.000 0.000 0.000 0.000 0.000 0.000 0.000 0.000 0.000 0.000 0.000 0.279 1.734 1.965 4.475 3.518 5.379 9.468 7.446 7.526 7.727 7.931 7.868 6.512 7.624 7.771 8.205 7.791 7.002 6.189 4.670 3.648 7.325 7.715 8.380 7.730 7.751 7.017 5.523 3.488 0.752 0.000 0.000 6.383 5.924 5.645
-9999.000 -9999.000 -9999.000 -9999.000 -9999.000 -9999.000 -9999.000 10.250 10.947 11.153 10.954 10.679 4.523 5.200 7.446 8.019 7.078 7.940 8.352 7.810 6.379 3.947 0.000 0.000 0.000 0.000 0.000 0.000 0.000 0.000 0.393 2.699 3.261 4.703 6.221 6.201 6.153 6.330 6.677 5.502 3.593 5.588 7.945 7.806 7.788 11.024 10.586 9.518 6.804 7.601 9.357 7.947 6.298 4.547 4.269 3.876 7.518 7.755 8.318 8.014 8.133 8.033 7.846 8.469 8.482 2.912 4.335 6.270 3.254 5.184
-9999.000 -9999.000 -9999.000 -9999.000 -9999.000 -9999.000 -9999.000 13.676 13.505 11.942 12.493 7.232 2.124 7.285 8.555 5.715 7.794 9.091 7.986 7.395 6.935 6.280 0.448 0.000 0.000 0.000 0.000 0.000 0.232 0.000 3.129 3.071 6.405 6.597 6.258 6.515 6.917 6.876 7.460 6.073 3.467 6.361 7.251 8.434 11.623 11.235 10.959 12.540 8.129 10.905 9.999 5.005 4.502 1.966 4.563 3.907 6.134 8.835 9.246 8.463 8.508 8.645 8.500 8.303 8.607 8.114 7.114 7.860 7.329 8.771
-9999.000 -9999.000 -9999.000 -9999.000 -9999.000 -9999.000 -9999.000 -9999.000 12.595 13.973 6.900 6.027 5.721 8.391 8.859 5.810 8.266 9.622 9.516 7.365 5.098 1.631 0.000 0.000 0.000 0.000 2.654 0.000 2.444 3.318 6.264 5.682 5.930 5.943 7.136 8.847 7.244 6.589 5.920 6.456 6.896 6.782 7.180 8.468 10.364 13.484 9.464 10.934 13.783 10.117 2.068 1.516 0.000 0.000 6.148 5.060 5.820 9.462 9.973 9.133 9.558 9.210 9.189 8.695 8.215 9.310 6.165 8.437 9.419 8.552
-9999.000 -9999.000 -9999.000 -9999.000 -9999.000 -9999.000 -9999.000 -9999.000 0.000 7.072 3.103 4.196 8.458 9.483 8.367 5.463 10.047 11.041 8.981 4.575 0.628 0.000 0.862 0.829 2.848 1.902 4.016 5.059 6.595 6.058 6.267 6.449 7.597 7.010 8.042 8.662 7.591 7.493 7.264 8.257 8.866 9.583 4.876 2.803 4.687 7.501 12.414 11.978 14.125 10.031 3.257 0.000 0.000 0.253 6.819 5.381 5.946 10.862 9.558 10.362 10.637 9.482 10.317 9.420 7.990 9.472 8.075 8.436 10.004 8.883
-9999.000 -9999.000 -9999.000 -9999.000 -9999.000 -9999.000 -9999.000 0.000 0.000 0.209 1.999 5.392 9.048 9.863 6.185 8.472 12.772 9.289 4.763 7.169 6.290 4.644 0.000 3.478 5.266 6.688 6.169 6.785 6.336 6.444 7.489 7.062 8.963 7.934 6.710 8.045 8.469 7.991 9.215 9.285 9.669 9.688 10.998 7.647 4.458 6.523 8.499 12.886 13.496 8.646 0.000 0.000 0.000 7.604 7.256 6.678 4.390 8.790 10.229 10.314 10.309 8.898 11.052 9.090 8.151 9.353 7.868 8.508 10.227 9.324
-9999.000 -9999.000 -9999.000 -9999.000 -9999.000 -9999.000 0.000 0.000 0.886 0.000 4.051 8.010 11.076 9.535 6.945 10.514 14.079 5.880 10.982 10.304 3.189 2.971 0.205 3.127 6.765 6.374 5.624 6.661 7.204 7.934 7.908 8.188 8.902 8.374 7.816 9.605 11.059 8.702 9.972 9.908 10.328 10.981 11.775 11.883 10.959 10.652 5.659 13.161 10.185 0.000 7.033 7.335 5.151 8.182 8.090 7.522 8.111 8.785 11.024 10.305 9.619 9.790 12.074 8.936 8.361 8.106 9.270 9.540 10.533 10.280
-9999.000 -9999.000 -9999.000 -9999.000 -9999.000 0.000 0.000 2.002 2.873 8.863 11.627 10.917 11.533 10.161 8.374 13.336 11.348 11.015 11.333 4.542 0.000 0.000 0.772 4.292 6.009 5.522 6.385 7.203 8.287 8.155 7.800 9.280 8.936 8.325 11.608 8.997 11.852 9.611 10.466 10.826 10.998 11.838 12.307 12.382 12.500 13.008 12.644 9.778 8.646 7.257 9.965 6.973 4.846 8.321 7.747 8.027 7.848 8.767 10.038 9.564 9.176 9.661 9.467 7.465 7.560 8.323 9.539 10.029 5.051 4.685
-9999.000 -9999.000 -9999.000 0.000 0.000 0.000 10.071 12.849 12.637 12.715 12.435 12.208 12.245 10.591 10.209 13.859 12.602 10.217 10.723 0.000 0.000 0.000 3.034 3.357 6.038 6.400 9.871 7.795 9.425 8.347 9.896 9.085 9.408 12.179 11.528 10.344 12.741 11.351 11.037 11.243 11.333 12.265 12.384 12.393 12.377 12.409 13.177 13.155 10.786 5.290 2.127 0.000 5.691 8.688 8.252 6.478 8.182 9.812 9.203 9.276 10.347 11.545 5.886 7.243 8.439 9.665 9.986 8.697 6.363 3.534
-9999.000 -9999.000 2.213 5.426 15.006 14.335 13.210 12.655 10.648 8.899 11.886 12.225 12.945 10.355 10.787 14.744 14.592 11.220 3.810 0.000 1.888 6.919 6.846 5.277 7.102 7.481 11.646 8.529 9.528 10.363 10.431 10.828 8.171 6.822 11.231 11.501 11.845 11.500 12.349 12.236 12.074 12.644 12.425 12.389 11.581 12.333 12.041 14.575 7.350 0.000 3.080 3.722 8.382 8.756 8.188 7.370 8.513 11.126 11.642 12.062 4.205 0.000 2.469 6.593 7.609 7.147 7.369 8.727 8.829 8.960
-9999.000 -9999.000 5.922 6.192 15.702 14.127 11.512 11.031 9.505 11.032 10.680 12.921 13.162 11.162 10.317 15.595 11.161 9.738 0.604 1.793 5.489 7.404 6.724 6.376 6.302 7.731 12.098 9.310 10.401 11.216 11.590 12.066 12.257 6.978 12.270 12.351 11.030 12.461 8.739 10.862 12.499 10.978 11.717 10.862 13.391 13.595 11.889 8.107 9.841 7.766 8.333 9.340 8.042 9.229 8.172 8.528 9.352 11.151 8.411 1.886 0.000 0.000 2.619 2.541 0.787 0.000 5.014 8.270 9.404 9.344
-9999.000 -9999.000 -9999.000 4.704 12.956 13.271 13.046 9.682 13.978 9.212 11.629 13.136 13.323 11.049 9.786 17.808 7.148 5.013 0.000 0.000 6.622 8.207 7.599 6.837 5.956 9.162 11.944 10.796 11.399 11.771 12.242 12.049 12.201 11.839 10.789 12.913 9.911 8.211 11.536 11.286 12.847 12.504 11.570 12.303 9.416 12.515 12.961 13.050 9.358 10.270 7.505 7.452 9.057 8.411 8.100 8.017 8.688 8.541 0.900 0.000 0.000 0.000 0.000 0.000 0.000 0.939 1.749 0.613 6.271 9.211
-9999.000 -9999.000 -9999.000 -9999.000 -9999.000 -9999.000 12.752 14.819 10.533 11.458 12.960 13.246 12.989 9.239 10.662 11.938 0.000 0.000 0.000 3.489 8.540 7.750 8.679 9.248 1.746 8.241 13.634 10.714 12.679 12.898 11.596 11.117 12.276 11.147 12.037 13.391 2.431 8.003 11.528 11.859 12.168 11.697 12.099 11.684 12.711 12.543 13.201 12.772 10.411 10.345 9.832 7.994 8.846 8.798 8.603 10.016 8.892 0.000 0.000 0.000 0.000 0.000 0.000 0.000 0.000 2.070 0.000 0.000 3.310 6.355
-9999.000 -9999.000 -9999.000 -9999.000 -9999.000 -9999.000 -9999.000 16.156 11.577 9.835 9.367 9.628 10.409 9.543 14.130 8.289 0.000 0.000 7.481 8.124 8.069 6.837 7.088 11.018 6.894 5.454 7.387 11.501 12.726 12.215 10.704 8.890 11.688 12.449 11.459 9.466 10.004 11.462 12.321 11.485 12.015 11.500 8.087 13.465 8.181 10.165 8.869 9.114 9.552 12.090 12.669 7.926 5.890 8.480 9.189 0.000 0.000 0.000 0.000 0.000 0.000 0.000 0.000 0.000 0.000 0.062 0.000 0.000 0.000 0.000
-9999.000 -9999.000 -9999.000 -9999.000 -9999.000 -9999.000 -9999.000 2.936 7.253 18.188 16.587 14.997 16.608 17.737 2.503 3.480 0.000 2.052 10.366 6.776 5.935 8.685 10.207 11.610 10.343 0.774 13.654 11.274 11.328 10.030 10.734 13.949 11.011 12.040 14.902 6.207 12.308 11.428 12.267 12.974 12.975 11.202 0.000 1.105 0.000 0.392 8.464 8.088 3.018 0.539 0.000 4.512 0.000 0.000 0.000 0.000 0.000 0.000 0.000 0.000 0.511 2.503 0.000 0.000 0.000 0.000 3.974 0.000 0.000 0.000
-9999.000 -9999.000 -9999.000 -9999.000 -9999.000 -9999.000 -9999.000 -9999.000 0.000 0.000 2.454 2.659 2.928 3.703 2.701 0.000 3.517 10.081 7.320 9.752 7.926 9.753 11.092 9.335 9.544 9.529 12.552 13.711 13.030 13.114 13.271 9.096 13.080 10.528 6.899 12.626 9.372 7.639 4.388 2.290 0.000 4.759 0.000 0.000 2.476 0.000 2.185 2.195 6.739 0.000 0.000 0.000 0.000 0.000 0.000 0.000 0.000 0.000 0.000 0.000 5.007 2.044 0.000 0.000 0.000 0.000 0.000 0.000 0.000 0.000
-9999.000 -9999.000 -9999.000 -9999.000 -9999.000 -9999.000 -9999.000 -9999.000 -9999.000 0.000 0.000 0.000 0.000 0.000 0.000 0.000 7.465 10.435 7.134 13.553 4.870 10.314 9.375 9.896 11.197 12.823 6.368 6.585 6.305 5.842 11.252 8.017 7.954 3.892 0.000 9.159 0.000 0.000 0.000 0.000 0.000 0.000 0.000 0.000 0.000 0.000 0.000 0.000 7.603 8.111 0.000 0.000 0.000 0.000 0.000 0.000 0.000 0.000 0.000 0.000 0.000 0.000 0.000 0.000 0.000 0.000 0.000 0.000 0.000 0.000
-9999.000 -9999.000 -9999.000 -9999.000 -9999.000 -9999.000 -9999.000 -9999.000 -9999.000 -9999.000 0.000 0.000 0.000 0.000 0.000 4.459 11.193 7.832 8.065 9.507 0.000 9.002 9.227 11.130 12.334 5.820 0.000 0.000 0.000 0.000 0.000 0.000 0.000 0.000 0.000 1.322 3.442 0.000 0.000 0.000 2.849 3.207 0.000 0.000 0.000 0.000 0.000 0.000 0.000 9.693 4.893 0.000 0.000 0.000 0.000 0.000 0.000 0.000 0.000 0.000 0.000 0.000 0.000 0.000 0.000 0.000 0.000 0.000 0.000 0.000
-9999.000 -9999.000 -9999.000 -9999.000 -9999.000 -9999.000 -9999.000 -9999.000 -9999.000 -9999.000 -9999.000 0.000 0.000 4.199 4.992 11.652 10.650 7.512 12.382 8.157 4.146 9.053 9.151 12.262 10.338 9.404 0.000 0.000 0.000 0.000 0.000 0.000 0.000 0.000 0.000 0.259 6.745 0.000 0.000 0.000 3.304 0.000 3.064 0.000 0.000 0.000 0.000 0.000 0.000 0.000 8.116 2.949 1.496 2.124 0.000 0.000 0.000 0.000 0.000 2.189 0.000 0.000 0.000 0.000 0.000 0.000 0.000 0.000 0.000 0.000
-9999.000 -9999.000 -9999.000 -9999.000 -9999.000 -9999.000 -9999.000 -9999.000 -9999.000 -9999.000 -9999.000 -9999.000 0.000 9.095 11.938 11.625 9.587 8.681 13.809 4.284 8.831 10.096 7.758 8.619 10.670 9.110 5.510 7.122 0.000 0.000 0.000 0.000 0.000 0.000 0.000 0.000 0.000 0.000 0.000 0.000 0.000 0.000 0.000 0.000 0.000 0.000 0.000 0.000 0.000 0.000 0.000 0.000 1.515 1.779 0.000 0.000 0.000 0.000 2.145 0.000 0.000 0.000 0.000 0.000 0.000 1.254 0.000 0.144 0.819 0.450
-9999.000 -9999.000 -9999.000 -9999.000 -9999.000 -9999.000 -9999.000 -9999.000 -9999.000 -9999.000 -9999.000 -9999.000 0.000 12.446 11.825 11.880 9.717 12.130 9.806 0.855 11.459 11.854 6.643 0.000 13.302 9.661 6.961 7.198 6.902 1.669 0.000 0.000 0.000 0.000 0.000 0.000 0.000 0.000 0.000 0.000 0.000 0.000 0.000 0.000 0.000 0.000 0.000 0.000 0.000 0.000 0.000 0.000 0.000 0.000 0.000 0.000 0.000 0.000 0.000 0.000 0.000 2.110 2.499 1.902 2.535 2.322 2.057 1.918 1.450 1.530
-9999.000 -9999.000 -9999.000 -9999.000 -9999.000 -9999.000 -9999.000 -9999.000 -9999.000 -9999.000 -9999.000 -9999.000 4.493 5.180 12.485 11.175 9.481 5.992 6.189 10.312 12.616 12.566 12.378 11.216 9.845 14.519 7.104 7.425 8.040 6.648 5.222 0.000 0.000 0.000 0.000 0.000 0.000 0.000 0.000 0.000 0.000 0.000 0.000 0.000 0.000 0.000 0.000 0.000 0.000 2.544 1.737 0.000 0.000 0.000 0.000 0.000 0.000 0.000 0.000 0.000 0.000 0.000 2.535 2.856 2.596 2.599 1.897 2.412 1.625 1.609
-9999.000 -9999.000 -9999.000 -9999.000 -9999.000 -9999.000 -9999.000 -9999.000 -9999.000 -9999.000 -9999.000 -9999.000 -9999.000 -9999.000 -9999.000 -9999.000 -9999.000 0.000 0.000 12.846 10.426 12.647 11.707 11.016 11.674 8.800 5.485 8.020 9.484 8.095 5.111 0.000 0.000 0.000 0.000 0.000 0.000 0.000 0.000 0.000 0.000 0.000 0.000 0.000 0.000 0.000 0.000 0.000 3.161 5.512 5.123 4.603 4.753 3.455 0.000 0.000 0.000 0.000 0.000 0.000 0.000 0.000 0.000 3.076 3.009 2.904 2.986 0.551 0.000 1.865
-9999.000 -9999.000 -9999.000 -9999.000 -9999.000 -9999.000 -9999.000 -9999.000 -9999.000 -9999.000 -9999.000 -9999.000 -9999.000 -9999.000 -9999.000 -9999.000 -9999.000 -9999.000 1.539 1.595 4.105 12.278 11.749 11.013 10.156 6.418 2.012 0.000 5.474 0.000 0.000 0.000 0.000 0.000 0.000 0.000 0.000 0.000 0.000 0.000 0.000 0.000 0.000 0.000 0.000 0.000 0.000 0.000 0.000 0.000 0.000 0.000 1.844 3.952 0.000 0.000 0.000 0.000 0.000 0.000 0.000 0.000 0.000 0.000 0.000 0.000 0.000 0.000 0.000 0.000
