test_integration/test_sample_run/example/output_maps/SWEN0031.asc
ncols         174
nrows         141
xllcorner     744500.000000
yllcorner     5140950.000000
cellsize      250.000000
NODATA_value  -9999.0
[rows 62 to 92 of 141, columns 69 to 137 of 174]
8.097 8.185 8.129 8.092 7.990 7.778 7.796 7.588 7.391 7.109 6.962 6.977 6.946 6.986 6.890 7.391 7.559 7.843 8.095 8.519 8.698 8.805 8.919 9.318 10.058 10.331 11.148 12.200 11.457 11.702 10.897 11.148 10.568 8.817 7.530 7.433 6.942 9.156 8.645 8.037 6.777 6.980 10.897 12.661 11.856 11.291 10.370 10.921 10.510 10.557 10.690 8.710 9.386 9.288 8.047 8.622 8.088 8.535 8.263 8.904 10.026 11.368 14.006 11.406 8.941 9.339 9.598 8.339 6.707
8.897 8.429 8.006 8.441 7.811 7.917 7.663 7.720 7.889 7.420 7.622 7.226 7.063 6.463 6.713 7.335 6.773 6.787 7.542 8.518 8.311 8.603 8.816 9.283 9.404 11.537 12.312 9.889 10.392 9.097 9.599 7.988 6.940 6.242 6.897 7.766 6.927 8.276 7.172 8.729 7.314 7.899 9.882 12.468 13.772 13.725 14.263 14.921 12.447 10.333 10.371 10.471 9.783 8.771 8.267 8.698 8.623 8.568 8.154 8.807 10.059 10.959 12.905 13.070 9.637 9.287 9.484 8.721 9.151
8.868 8.428 8.265 8.093 8.323 7.680 7.892 7.971 7.822 7.470 6.974 7.019 7.254 7.160 6.680 7.348 7.504 7.610 7.895 7.843 8.465 9.125 9.052 9.640 10.977 10.270 9.437 9.730 9.353 7.622 8.135 8.422 8.258 7.644 7.798 7.331 7.504 7.842 8.616 8.750 7.657 7.885 8.575 9.629 9.886 11.035 12.560 13.752 15.577 11.266 9.605 12.842 10.502 7.993 7.754 7.416 8.749 8.540 8.763 8.795 9.280 10.617 10.425 12.808 12.673 8.364 9.892 11.244 11.735
8.791 8.460 9.206 8.576 9.440 8.579 8.386 8.131 8.033 7.984 7.944 7.456 7.255 7.433 7.052 6.994 7.586 8.282 8.341 9.025 9.646 10.070 10.531 11.532 9.213 8.064 8.816 7.992 7.610 7.726 7.092 7.210 7.637 7.559 7.051 7.613 8.813 8.602 8.719 8.983 9.156 8.165 7.571 8.774 9.351 10.413 10.178 12.565 13.870 12.898 12.929 11.412 8.921 10.122 9.099 6.738 7.833 9.152 8.393 9.187 9.555 9.411 11.286 10.610 10.958 11.217 11.468 11.163 9.433
8.787 8.622 9.920 10.160 10.115 10.023 9.376 8.372 8.470 8.429 8.495 8.275 7.780 7.614 7.120 6.579 5.749 7.172 8.325 8.905 9.045 9.528 8.716 7.725 8.093 7.392 6.646 6.504 6.527 7.695 7.782 7.743 6.950 7.127 6.116 10.551 8.169 8.917 8.602 8.737 8.833 9.366 9.464 9.347 8.432 10.541 11.922 11.277 11.289 14.971 13.905 9.147 11.253 10.297 10.486 10.280 7.365 9.406 8.714 8.605 10.384 10.890 10.844 9.373 9.765 15.079 10.901 9.855 8.588
8.448 9.307 8.703 9.530 10.314 10.165 9.963 9.174 9.017 9.434 9.047 8.929 8.543 7.990 7.454 6.827 6.279 6.157 7.467 8.784 8.139 8.439 6.864 6.133 6.786 7.095 6.966 7.298 7.405 7.985 7.903 8.211 6.354 7.345 8.855 7.419 8.948 8.711 8.758 9.787 8.594 9.517 9.522 10.334 8.060 9.943 11.325 12.004 13.079 15.337 13.561 9.505 12.713 11.267 11.910 7.970 8.713 9.951 9.881 10.023 9.268 9.266 7.953 9.092 13.684 11.479 10.084 8.807 8.434
8.843 9.386 8.294 9.576 11.214 10.158 10.313 10.404 10.225 10.824 10.333 9.287 8.557 8.382 7.905 6.911 6.317 6.343 7.818 8.851 7.342 7.357 7.059 7.527 7.660 6.774 7.183 6.965 8.130 8.024 7.106 6.123 7.787 7.922 11.325 7.087 9.276 9.147 8.932 9.730 8.994 9.027 8.217 8.769 8.599 9.564 11.395 11.624 13.454 16.215 12.134 12.540 12.446 12.853 13.873 8.080 8.271 10.009 9.280 8.347 8.411 8.489 8.406 11.448 14.942 9.757 9.993 9.613 9.562
9.533 9.319 9.455 8.904 10.483 10.898 10.807 10.853 10.575 10.321 10.707 10.380 9.566 7.918 7.803 7.059 6.129 6.956 8.429 7.858 6.376 7.768 6.795 6.496 7.918 7.493 8.302 7.949 8.053 7.532 8.536 7.783 11.905 10.451 8.053 8.079 9.708 10.021 7.723 9.436 10.884 9.174 9.913 8.894 10.074 11.696 10.124 11.535 11.283 12.604 16.212 13.839 14.039 14.877 12.772 8.465 8.142 9.990 7.861 7.868 9.581 10.415 11.956 16.594 10.072 10.868 11.635 10.629 8.975
9.632 9.495 9.337 9.742 10.640 10.400 10.405 10.378 10.313 10.063 10.126 8.612 8.006 8.112 7.495 6.398 5.636 7.147 7.657 7.857 6.938 7.403 5.559 6.965 5.795 10.413 7.262 6.309 6.839 8.154 8.118 11.754 12.464 15.045 8.802 7.709 9.823 10.105 7.605 9.221 14.385 11.824 12.240 11.010 10.751 12.188 12.517 11.985 11.786 12.547 16.292 13.411 13.694 15.057 9.746 7.965 9.886 10.331 8.014 8.289 10.797 11.122 11.013 10.594 11.593 11.788 11.483 9.296 -9999.000
9.822 9.643 9.564 9.949 10.692 10.427 10.376 10.347 10.239 10.079 7.711 6.083 5.772 7.402 7.762 5.674 5.445 6.394 6.942 7.759 6.248 6.234 6.124 8.478 6.888 8.587 7.151 8.354 7.700 10.862 7.552 10.091 13.621 13.419 10.515 8.534 10.009 10.383 8.573 11.501 12.241 15.090 15.554 13.363 11.473 12.930 13.122 13.737 12.661 11.786 12.210 16.395 15.635 12.453 9.867 8.387 9.833 10.542 9.863 9.579 9.449 10.416 10.289 9.563 11.218 13.241 11.990 -9999.000 -9999.000
9.874 9.587 9.515 10.110 10.581 10.360 10.277 9.912 10.385 10.341 7.734 6.607 7.384 6.732 6.586 6.167 5.415 6.134 7.884 6.783 5.453 5.934 7.803 11.539 11.262 6.810 8.568 9.242 9.506 10.096 8.200 9.047 15.101 12.679 10.683 9.949 10.422 10.529 10.898 12.643 12.940 11.864 14.511 15.892 12.584 13.057 12.838 12.159 12.909 13.722 12.647 13.811 15.119 13.781 8.959 8.475 10.329 10.860 10.609 10.868 10.496 10.973 11.769 11.931 11.402 11.404 -9999.000 -9999.000 -9999.000
9.946 9.662 9.843 10.448 10.336 10.146 9.657 10.439 10.745 10.004 7.771 6.683 6.996 6.400 6.018 6.043 5.354 6.209 8.298 6.838 4.558 5.961 9.293 11.005 13.251 10.236 11.339 12.751 8.628 11.032 9.050 10.047 16.057 13.083 11.801 12.212 10.290 11.483 11.575 13.208 13.165 14.650 14.542 15.093 15.639 13.548 12.748 12.495 13.872 14.672 15.010 15.425 15.006 11.840 10.853 9.135 10.756 10.982 10.757 10.769 11.618 11.329 11.166 11.952 12.124 12.161 -9999.000 -9999.000 -9999.000
9.574 10.180 10.302 10.170 9.922 9.063 9.516 11.339 10.562 8.930 7.460 7.146 7.676 7.401 6.416 5.052 5.190 6.384 6.755 6.127 4.182 6.235 9.590 10.368 12.480 14.728 15.027 13.262 11.136 8.870 9.918 11.457 16.598 16.609 10.854 11.384 12.474 12.502 11.942 12.939 12.496 14.880 14.302 14.001 15.324 13.605 12.174 13.023 13.087 12.717 14.325 16.705 14.257 12.647 11.077 10.155 11.060 11.094 11.011 11.356 11.081 10.700 9.848 9.170 10.360 11.004 -9999.000 -9999.000 -9999.000
10.172 10.213 10.122 10.088 9.100 9.836 10.941 9.824 9.066 8.125 7.708 6.762 6.961 6.700 6.074 5.038 5.361 5.714 4.453 6.284 6.475 7.826 11.280 9.255 8.598 10.862 10.885 10.010 12.698 14.127 13.631 13.393 17.794 11.462 13.711 14.412 14.063 12.349 13.367 12.380 13.970 14.513 13.192 14.444 14.205 14.391 13.905 17.093 16.153 17.408 15.747 13.748 12.487 12.049 12.172 12.111 11.457 10.996 10.962 10.875 9.421 9.516 10.229 11.464 11.877 -9999.000 -9999.000 -9999.000 -9999.000
10.228 9.888 9.979 9.747 9.727 11.093 9.856 8.527 7.841 7.362 7.114 6.930 6.678 6.055 5.531 4.997 5.121 5.256 4.942 6.065 6.723 6.880 6.624 8.615 7.838 9.404 9.617 11.299 10.145 12.414 13.697 14.998 17.725 12.712 13.728 14.435 14.457 12.125 12.426 12.031 15.749 13.348 13.129 15.955 19.962 19.173 19.223 17.446 15.145 13.006 13.368 12.382 12.656 12.464 12.440 11.736 11.525 11.510 11.142 10.332 10.479 11.524 11.560 12.620 13.446 -9999.000 -9999.000 -9999.000 -9999.000
9.689 9.646 9.653 9.731 10.334 10.235 8.421 7.262 7.329 7.167 7.050 6.418 6.083 4.760 4.496 4.850 4.707 5.850 6.641 7.259 7.567 8.379 8.066 8.945 9.360 8.585 10.268 11.482 11.431 11.363 12.031 16.978 16.329 16.038 14.991 12.964 14.008 12.644 14.991 18.798 19.586 18.167 19.459 18.691 15.298 15.820 14.086 14.836 14.846 15.306 13.811 12.738 13.084 12.689 12.687 12.515 11.887 11.549 11.247 10.899 11.115 11.719 12.090 11.186 10.092 -9999.000 -9999.000 -9999.000 -9999.000
9.381 9.535 9.359 9.704 10.378 8.749 7.433 7.523 7.887 7.200 7.052 6.032 5.531 4.262 4.672 4.709 4.694 5.427 6.130 7.344 7.286 9.602 9.209 9.758 10.059 10.777 9.952 10.311 11.856 13.413 14.886 14.055 14.412 17.835 17.895 16.593 16.092 16.250 19.805 15.912 13.755 14.856 13.641 13.515 13.101 14.582 15.223 16.040 16.598 15.326 13.117 13.109 13.429 12.735 12.650 12.067 12.045 11.595 11.372 10.921 11.007 11.929 12.176 12.141 11.514 -9999.000 -9999.000 -9999.000 -9999.000
9.254 9.515 9.671 9.932 9.309 8.391 8.177 7.664 7.939 7.430 6.765 5.779 5.309 4.383 4.570 4.691 4.789 5.384 5.551 6.149 6.180 7.460 8.726 9.137 11.725 11.640 11.291 12.192 12.324 12.449 14.027 13.304 13.930 14.607 14.763 16.895 16.924 17.113 14.471 12.717 11.240 12.608 12.224 12.393 13.953 14.293 15.100 16.032 14.901 15.641 14.273 13.613 14.032 14.261 12.297 11.472 12.083 11.927 11.741 11.330 10.507 11.165 11.140 11.084 11.012 -9999.000 -9999.000 -9999.000 -9999.000
9.372 9.379 9.583 8.691 8.506 8.538 8.544 7.850 6.979 6.547 6.506 6.169 5.612 4.237 4.371 5.047 5.661 6.674 6.454 6.760 6.629 7.334 7.992 8.818 10.305 11.228 11.032 11.015 11.767 12.900 13.580 13.590 12.788 13.198 13.982 14.484 14.644 13.564 12.563 12.342 12.737 13.330 14.149 14.027 14.861 14.242 15.295 15.594 14.931 15.978 15.652 15.775 13.962 12.468 12.505 12.232 12.273 12.003 11.873 11.788 11.398 11.317 11.259 11.561 11.844 -9999.000 -9999.000 -9999.000 -9999.000
9.130 8.495 7.375 7.452 7.486 8.707 8.529 7.979 7.064 6.407 6.530 5.975 5.101 4.129 4.277 5.780 6.301 6.799 7.147 7.329 6.982 6.865 7.455 8.445 9.828 10.072 10.353 10.800 11.699 12.563 13.092 12.544 12.193 12.992 13.545 13.643 13.581 12.495 12.013 12.076 13.111 13.383 13.975 13.425 13.708 13.886 14.773 14.397 14.951 15.205 16.135 14.375 13.337 13.377 13.174 12.762 12.237 11.812 11.742 11.879 11.788 11.725 11.523 11.750 12.125 12.181 -9999.000 -9999.000 -9999.000
7.539 6.627 6.270 6.484 7.006 6.544 7.157 7.806 7.721 6.532 6.472 5.831 4.074 4.081 4.720 6.060 6.567 6.987 7.358 7.302 7.155 7.441 7.564 8.186 9.615 10.077 9.992 10.670 11.434 11.901 13.141 12.429 12.419 12.910 13.391 13.937 14.833 12.987 13.238 13.807 13.393 12.568 12.906 13.805 12.650 13.714 13.314 13.726 14.744 14.383 13.980 15.266 14.176 13.758 13.036 12.839 12.509 12.288 11.804 11.735 11.946 11.437 11.160 11.871 12.669 12.264 -9999.000 -9999.000 -9999.000
6.748 6.452 5.647 5.599 6.094 5.251 5.971 6.826 7.544 6.575 5.597 3.384 3.576 3.974 4.345 5.948 6.783 7.209 6.824 7.393 7.320 7.527 7.847 8.372 8.386 9.746 10.478 10.800 10.917 11.561 12.782 12.674 11.942 12.388 13.090 13.702 15.130 13.180 12.011 12.940 11.532 11.809 11.509 12.947 12.488 12.028 12.127 13.336 13.391 13.602 14.059 14.780 14.936 14.286 14.333 13.183 13.860 13.232 12.139 11.910 11.701 11.339 12.349 12.305 11.938 12.205 -9999.000 -9999.000 -9999.000
6.091 6.074 5.223 5.143 5.222 4.800 4.937 5.886 5.942 5.619 5.089 4.072 3.486 4.115 4.237 6.430 7.062 6.925 6.458 7.398 7.350 7.421 8.157 8.392 8.826 9.017 9.590 10.480 10.611 11.533 13.251 12.519 12.265 11.556 12.333 13.129 11.712 10.222 10.388 10.213 11.208 12.383 12.580 12.598 12.541 12.832 12.749 13.040 13.848 14.161 13.825 13.849 16.088 14.373 14.479 14.283 14.416 12.928 12.817 12.469 11.522 12.705 12.850 12.652 12.161 -9999.000 -9999.000 -9999.000 -9999.000
4.904 5.579 4.937 4.612 4.021 3.843 4.157 4.317 3.616 6.117 5.299 3.808 2.861 4.823 4.587 6.094 6.344 5.823 6.032 6.788 6.920 7.597 7.787 8.260 8.571 9.417 10.093 10.615 11.142 12.285 12.972 11.877 11.593 10.521 11.032 9.661 9.001 9.985 11.002 11.463 11.360 11.244 11.231 11.440 12.001 12.190 12.573 13.304 13.363 13.915 13.410 14.501 16.234 15.926 15.545 14.977 13.678 13.121 12.855 12.662 12.241 13.487 13.299 12.747 12.185 -9999.000 -9999.000 -9999.000 -9999.000
4.095 4.080 4.393 4.125 4.186 4.146 3.748 3.699 3.891 4.259 4.156 3.491 2.836 4.412 4.334 5.244 5.445 5.398 5.644 6.586 7.130 7.621 7.777 8.284 8.937 10.141 10.840 11.196 11.081 11.445 10.653 10.377 10.329 9.917 10.202 10.439 10.473 11.127 10.574 9.944 10.498 11.229 12.309 13.526 13.429 13.971 13.200 13.553 13.908 14.985 14.537 14.604 15.267 15.463 15.079 14.498 13.985 13.250 13.143 12.845 13.145 13.165 13.841 12.654 12.359 -9999.000 -9999.000 -9999.000 -9999.000
3.153 2.900 2.881 3.272 3.937 3.832 3.327 3.738 3.198 3.435 2.925 2.893 2.808 2.740 3.245 3.758 3.993 4.794 5.886 6.799 7.148 7.420 7.216 8.617 9.519 9.941 9.708 9.720 10.106 9.116 9.192 9.470 9.638 9.910 9.900 10.156 10.158 10.137 10.249 11.068 11.572 13.696 14.413 15.182 16.230 15.528 14.354 14.255 14.920 14.979 14.906 14.959 15.142 15.548 15.152 14.452 13.473 13.208 13.224 13.143 13.429 13.554 13.760 12.743 13.042 -9999.000 -9999.000 -9999.000 -9999.000
3.826 3.768 3.783 3.650 3.869 3.741 3.512 2.797 2.679 2.934 2.822 2.899 2.624 2.505 2.965 3.428 3.784 3.780 4.835 5.863 6.346 7.268 7.337 8.035 8.075 7.968 8.442 9.160 8.997 9.457 9.331 9.560 9.757 9.804 9.522 9.717 9.157 10.045 10.369 11.959 13.998 14.462 14.710 16.205 15.203 15.074 14.845 14.541 14.466 13.664 14.247 14.042 14.978 15.642 15.132 14.351 13.825 13.552 13.264 13.412 13.781 13.591 12.967 14.330 13.144 -9999.000 -9999.000 -9999.000 -9999.000
3.534 3.418 3.567 3.927 3.912 3.777 3.639 3.166 2.580 2.212 2.594 2.268 2.125 3.352 3.967 4.326 4.777 5.225 4.153 4.613 5.486 6.724 7.612 7.530 7.180 7.658 7.887 8.425 8.230 8.604 8.607 9.201 9.328 8.952 9.837 9.938 10.187 10.943 12.581 14.808 15.936 14.412 15.652 16.516 14.803 14.193 14.298 14.884 13.807 14.936 15.368 15.543 15.447 15.519 15.290 15.061 14.471 13.938 13.717 13.904 14.037 13.925 13.334 13.886 14.596 -9999.000 -9999.000 -9999.000 -9999.000
3.324 3.908 3.789 3.842 3.899 3.699 3.702 3.475 3.280 1.862 1.937 1.873 2.118 3.361 4.521 4.792 5.341 5.296 5.465 5.731 5.358 5.761 7.106 7.045 7.246 7.302 7.282 7.927 8.116 8.357 8.347 8.991 9.561 10.137 11.485 11.320 11.289 12.386 13.347 15.486 16.488 16.603 15.871 16.127 16.933 15.638 14.009 14.284 14.266 14.944 16.316 16.180 16.075 14.737 14.468 14.145 14.676 14.143 13.697 13.807 14.088 14.147 13.837 13.392 -9999.000 -9999.000 -9999.000 -9999.000 -9999.000
3.594 3.199 3.164 2.790 3.066 2.883 2.966 2.260 2.178 1.722 0.911 2.168 2.872 3.933 4.531 5.013 5.700 5.970 6.310 6.538 6.312 6.292 6.195 6.820 6.980 7.530 7.252 6.665 7.490 9.657 9.784 10.197 11.234 12.836 13.453 13.699 13.263 13.923 15.271 14.661 14.629 15.121 15.831 16.740 17.558 16.842 14.827 13.898 -9999.000 -9999.000 -9999.000 -9999.000 -9999.000 -9999.000 -9999.000 14.892 13.808 14.492 14.148 13.706 13.961 14.282 14.065 -9999.000 -9999.000 -9999.000 -9999.000 -9999.000 -9999.000
3.044 2.673 2.473 2.329 2.363 2.346 2.312 2.257 2.028 1.008 0.919 2.220 2.628 3.657 4.274 4.857 5.740 6.275 6.631 6.988 6.741 6.579 6.809 7.191 7.196 7.662 9.338 9.914 8.734 8.546 9.840 9.853 11.130 11.333 11.681 12.661 13.588 14.680 14.521 14.704 14.099 14.362 16.810 16.321 -9999.000 -9999.000 -9999.000 -9999.000 -9999.000 -9999.000 -9999.000 -9999.000 -9999.000 -9999.000 -9999.000 -9999.000 -9999.000 14.158 14.500 13.909 13.698 14.035 -9999.000 -9999.000 -9999.000 -9999.000 -9999.000 -9999.000 -9999.000
