test_integration/test_sample_run/example/output_maps/SWEN0114.asc
ncols         174
nrows         141
xllcorner     744500.000000
yllcorner     5140950.000000
cellsize      250.000000
NODATA_value  -9999.0
[rows 62 to 92 of 141, columns 0 to 69 of 174]
-9999.000 -9999.000 -9999.000 -9999.000 -9999.000 0.000 6.923 3.770 4.227 3.068 0.000 0.000 4.265 6.237 5.222 3.972 2.632 0.054 0.000 0.000 0.627 1.361 2.366 3.378 2.817 3.917 2.406 0.703 0.000 1.486 0.000 0.000 0.000 0.000 0.000 0.000 0.000 0.000 0.000 0.000 0.000 0.000 0.000 0.000 0.000 0.000 2.854 2.057 5.975 8.861 9.072 8.490 4.478 0.000 0.000 0.000 0.000 0.000 0.000 1.395 2.862 0.000 0.000 0.911 9.190 9.982 9.604 3.776 0.000 0.000
-9999.000 -9999.000 -9999.000 -9999.000 1.719 7.621 10.865 6.745 5.263 4.419 0.000 0.396 0.000 0.000 6.944 3.845 3.529 0.130 0.000 0.000 2.369 2.285 1.489 1.817 0.000 0.968 0.000 0.000 0.000 0.000 0.000 0.000 0.000 0.000 0.000 0.000 0.000 0.000 0.000 0.000 0.000 0.000 0.000 0.697 3.773 2.259 0.000 0.000 0.000 5.537 9.927 10.178 1.243 0.000 0.000 0.000 0.000 0.000 0.000 2.317 3.957 5.165 0.418 0.000 4.223 7.097 0.732 0.000 0.000 0.000
-9999.000 -9999.000 -9999.000 -9999.000 -9999.000 3.512 0.000 9.682 10.712 10.872 10.189 10.035 7.364 2.271 0.000 0.000 0.624 0.836 0.000 0.000 0.174 1.653 0.411 0.000 0.000 0.000 0.000 0.000 0.000 0.000 0.000 0.000 0.000 0.000 0.000 0.000 0.000 0.000 0.000 0.000 0.000 0.000 2.937 5.434 6.145 6.363 6.600 0.240 0.000 0.000 0.557 1.800 0.000 0.000 0.000 0.000 0.000 0.000 3.057 5.976 6.756 7.404 8.102 8.662 8.703 3.772 0.000 0.000 0.000 4.645
-9999.000 -9999.000 -9999.000 -9999.000 -9999.000 -9999.000 0.000 11.584 11.458 11.534 11.317 10.773 9.288 9.168 0.000 0.000 0.000 0.668 0.000 0.000 0.000 0.000 0.000 0.000 0.000 0.739 0.000 0.000 0.000 0.000 0.000 0.000 0.000 0.000 0.000 0.000 0.000 0.000 0.000 0.000 0.000 2.887 4.324 5.701 6.392 7.040 7.309 7.059 6.017 1.662 0.000 0.000 0.000 0.000 0.000 0.000 0.000 0.000 3.348 5.101 7.375 7.793 9.488 9.833 10.254 7.633 2.747 2.425 5.609 5.144
-9999.000 -9999.000 -9999.000 -9999.000 -9999.000 0.977 10.837 11.234 9.675 10.957 8.163 5.041 6.201 5.219 2.485 0.000 0.394 0.964 0.421 0.000 0.000 0.000 0.000 0.000 0.000 0.000 0.000 0.000 0.000 0.000 0.000 0.000 0.000 0.000 0.000 0.000 0.000 0.000 0.000 0.000 2.466 6.030 6.204 5.225 7.464 7.375 7.792 7.066 8.047 7.792 6.750 0.000 0.000 0.000 0.000 0.000 2.784 4.155 4.931 0.000 0.000 0.000 1.619 0.656 4.863 8.553 6.700 7.642 7.172 7.197
-9999.000 -9999.000 -9999.000 -9999.000 -9999.000 8.322 11.914 10.997 10.902 8.521 6.969 2.659 0.000 0.000 0.000 0.000 0.000 0.000 0.000 0.000 0.000 0.000 0.000 0.000 0.000 0.000 0.000 0.000 0.000 0.000 0.000 0.000 0.000 0.000 0.000 0.000 0.000 0.000 0.000 0.000 5.934 5.842 6.418 6.685 9.492 7.130 8.803 7.825 8.250 8.614 8.606 7.718 5.461 0.000 0.000 1.557 4.341 6.369 7.316 5.449 0.000 0.000 0.000 0.000 0.000 2.655 9.100 8.061 7.374 7.356
-9999.000 -9999.000 -9999.000 -9999.000 -9999.000 -9999.000 11.216 11.018 13.460 9.970 4.789 8.233 4.419 0.000 0.000 0.000 0.000 2.091 3.607 2.406 0.000 0.000 0.000 0.000 0.000 0.000 0.000 0.000 0.000 0.000 0.000 0.000 0.000 0.000 0.000 0.000 0.000 0.000 1.873 2.929 4.823 6.115 7.166 7.961 7.971 6.763 8.821 8.071 8.202 6.996 7.361 7.684 7.371 6.185 2.994 3.839 7.129 7.163 7.746 7.349 6.389 0.823 0.000 0.000 0.000 0.000 8.918 9.240 6.498 7.543
-9999.000 -9999.000 -9999.000 -9999.000 -9999.000 -9999.000 10.637 12.699 7.299 7.046 8.223 8.807 6.344 0.399 4.713 5.550 8.352 8.642 8.306 6.835 1.925 0.000 0.000 0.000 0.000 0.000 0.000 0.000 0.000 0.000 0.000 0.000 0.000 0.000 0.000 0.293 1.746 1.977 4.481 3.524 5.386 9.484 7.455 7.536 7.739 7.944 7.881 6.519 7.633 7.781 8.216 7.798 7.007 6.193 4.673 3.651 7.329 7.718 8.384 7.733 7.754 7.019 5.525 3.490 0.754 0.000 0.000 6.385 5.926 5.647
-9999.000 -9999.000 -9999.000 -9999.000 -9999.000 -9999.000 -9999.000 10.272 10.965 11.170 10.985 10.711 4.535 5.211 7.456 8.029 7.089 7.953 8.365 7.822 6.389 3.955 0.000 0.000 0.000 0.000 0.000 0.000 0.000 0.000 0.410 2.705 3.268 4.710 6.228 6.208 6.160 6.337 6.684 5.508 3.600 5.595 7.957 7.820 7.802 11.031 10.617 9.536 6.812 7.613 9.373 7.955 6.303 4.551 4.272 3.879 7.522 7.759 8.322 8.018 8.136 8.036 7.850 8.473 8.484 2.914 4.337 6.272 3.255 5.186
-9999.000 -9999.000 -9999.000 -9999.000 -9999.000 -9999.000 -9999.000 13.691 13.524 11.961 12.512 7.251 2.136 7.297 8.565 5.724 7.810 9.109 8.000 7.408 6.945 6.290 0.468 0.000 0.000 0.000 0.000 0.000 0.249 0.000 3.135 3.077 6.412 6.604 6.265 6.523 6.925 6.883 7.467 6.080 3.473 6.369 7.262 8.451 11.629 11.242 10.965 12.547 8.141 10.945 10.016 5.010 4.506 1.970 4.566 3.910 6.138 8.845 9.258 8.468 8.513 8.650 8.508 8.307 8.610 8.116 7.117 7.863 7.332 8.773
-9999.000 -9999.000 -9999.000 -9999.000 -9999.000 -9999.000 -9999.000 -9999.000 12.607 13.993 6.921 6.045 5.733 8.402 8.869 5.820 8.285 9.643 9.538 7.378 5.107 1.649 0.000 0.000 0.000 0.000 2.661 0.000 2.451 3.325 6.271 5.689 5.938 5.950 7.144 8.857 7.252 6.596 5.926 6.463 6.903 6.790 7.190 8.479 10.378 13.490 9.489 10.974 13.788 10.130 2.073 1.525 0.000 0.000 6.151 5.063 5.823 9.474 9.984 9.141 9.570 9.222 9.196 8.704 8.218 9.318 6.168 8.439 9.427 8.554
-9999.000 -9999.000 -9999.000 -9999.000 -9999.000 -9999.000 -9999.000 -9999.000 0.000 7.095 3.119 4.211 8.475 9.496 8.379 5.477 10.076 11.055 8.993 4.587 0.652 0.000 0.879 0.845 2.855 1.916 4.023 5.066 6.603 6.065 6.275 6.457 7.607 7.018 8.050 8.672 7.600 7.501 7.272 8.266 8.880 9.594 4.884 2.810 4.694 7.508 12.419 11.984 14.130 10.064 3.262 0.000 0.000 0.259 6.822 5.385 5.950 10.881 9.564 10.381 10.659 9.498 10.329 9.435 7.993 9.479 8.078 8.438 10.013 8.886
-9999.000 -9999.000 -9999.000 -9999.000 -9999.000 -9999.000 -9999.000 0.000 0.000 0.253 2.013 5.406 9.065 9.874 6.197 8.497 12.787 9.303 4.775 7.182 6.300 4.651 0.000 3.485 5.273 6.695 6.176 6.792 6.344 6.453 7.497 7.070 8.975 7.944 6.719 8.055 8.482 8.002 9.230 9.301 9.686 9.705 11.013 7.656 4.465 6.531 8.506 12.892 13.501 8.657 0.000 0.000 0.000 7.607 7.260 6.682 4.394 8.794 10.245 10.331 10.324 8.908 11.055 9.095 8.154 9.357 7.870 8.511 10.241 9.331
-9999.000 -9999.000 -9999.000 -9999.000 -9999.000 -9999.000 0.000 0.000 0.927 0.000 4.065 8.026 11.088 9.550 6.961 10.551 14.094 5.896 10.993 10.330 3.199 2.979 0.222 3.133 6.772 6.382 5.633 6.669 7.213 7.943 7.918 8.201 8.917 8.388 7.829 9.623 11.068 8.718 9.990 9.924 10.349 11.004 11.782 11.890 10.965 10.657 5.665 13.165 10.196 0.000 7.040 7.342 5.155 8.186 8.094 7.527 8.115 8.790 11.027 10.317 9.629 9.800 12.076 8.940 8.365 8.109 9.273 9.543 10.537 10.295
-9999.000 -9999.000 -9999.000 -9999.000 -9999.000 0.000 0.000 2.018 2.887 8.881 11.640 10.929 11.546 10.186 8.398 13.352 11.363 11.028 11.345 4.555 0.000 0.000 0.788 4.299 6.017 5.530 6.396 7.212 8.297 8.165 7.810 9.295 8.952 8.340 11.618 9.016 11.861 9.628 10.485 10.848 11.013 11.845 12.313 12.389 12.506 13.014 12.649 9.782 8.653 7.263 9.986 6.979 4.850 8.325 7.752 8.032 7.855 8.774 10.049 9.572 9.184 9.670 9.471 7.468 7.563 8.326 9.547 10.033 5.054 4.687
-9999.000 -9999.000 -9999.000 0.000 0.000 0.000 10.086 12.864 12.651 12.728 12.448 12.221 12.259 10.619 10.253 13.875 12.617 10.253 10.756 0.000 0.000 0.000 3.041 3.363 6.047 6.410 9.891 7.806 9.440 8.361 9.915 9.097 9.426 12.188 11.537 10.366 12.749 11.359 11.044 11.250 11.340 12.272 12.390 12.399 12.382 12.414 13.182 13.160 10.789 5.295 2.131 0.000 5.695 8.692 8.257 6.482 8.188 9.824 9.210 9.284 10.366 11.547 5.889 7.246 8.442 9.673 9.994 8.700 6.365 3.536
-9999.000 -9999.000 2.228 5.445 15.023 14.352 13.227 12.671 10.677 8.923 11.900 12.239 12.960 10.384 10.833 14.760 14.605 11.234 3.823 0.000 1.894 6.925 6.853 5.284 7.112 7.493 11.656 8.545 9.546 10.383 10.450 10.853 8.183 6.833 11.240 11.509 11.854 11.507 12.356 12.243 12.080 12.651 12.431 12.395 11.586 12.338 12.046 14.579 7.356 0.000 3.084 3.726 8.388 8.761 8.192 7.374 8.518 11.128 11.645 12.064 4.207 0.000 2.471 6.596 7.612 7.149 7.371 8.730 8.832 8.963
-9999.000 -9999.000 5.942 6.212 15.719 14.145 11.528 11.047 9.543 11.047 10.713 12.936 13.177 11.176 10.360 15.612 11.173 9.766 0.633 1.803 5.497 7.411 6.732 6.384 6.312 7.747 12.109 9.331 10.421 11.225 11.600 12.074 12.265 6.989 12.278 12.359 11.037 12.468 8.745 10.869 12.505 10.984 11.723 10.867 13.396 13.599 11.893 8.111 9.857 7.773 8.343 9.352 8.048 9.239 8.177 8.533 9.360 11.154 8.415 1.888 0.000 0.000 2.621 2.543 0.790 0.000 5.016 8.273 9.408 9.351
-9999.000 -9999.000 -9999.000 4.721 12.972 13.291 13.065 9.734 13.995 9.237 11.644 13.151 13.339 11.063 9.835 17.823 7.166 5.028 0.000 0.000 6.630 8.215 7.610 6.846 5.967 9.186 11.955 10.830 11.409 11.780 12.250 12.057 12.209 11.847 10.797 12.920 9.918 8.221 11.543 11.293 12.853 12.510 11.575 12.308 9.425 12.519 12.965 13.054 9.366 10.297 7.511 7.458 9.066 8.419 8.106 8.023 8.694 8.545 0.904 0.000 0.000 0.000 0.000 0.000 0.000 0.942 1.752 0.616 6.273 9.214
-9999.000 -9999.000 -9999.000 -9999.000 -9999.000 -9999.000 12.767 14.842 10.547 11.473 12.975 13.262 13.004 9.276 10.712 11.949 0.000 0.000 0.000 3.497 8.549 7.758 8.690 9.264 1.754 8.262 13.643 10.741 12.688 12.907 11.605 11.126 12.285 11.155 12.044 13.398 2.438 8.012 11.535 11.865 12.173 11.703 12.104 11.689 12.716 12.548 13.205 12.775 10.447 10.381 9.868 8.001 8.852 8.805 8.609 10.025 8.894 0.000 0.000 0.000 0.000 0.000 0.000 0.000 0.000 2.072 0.000 0.000 3.312 6.357
-9999.000 -9999.000 -9999.000 -9999.000 -9999.000 -9999.000 -9999.000 16.168 11.592 9.881 9.412 9.672 10.457 9.591 14.141 8.316 0.000 0.000 7.493 8.135 8.078 6.844 7.098 11.029 6.904 5.466 7.396 11.511 12.735 12.224 10.741 8.911 11.697 12.456 11.466 9.472 10.025 11.469 12.326 11.490 12.021 11.505 8.093 13.469 8.188 10.175 8.873 9.120 9.555 12.094 12.672 7.932 5.894 8.485 9.193 0.000 0.000 0.000 0.000 0.000 0.000 0.000 0.000 0.000 0.000 0.064 0.000 0.000 0.000 0.000
-9999.000 -9999.000 -9999.000 -9999.000 -9999.000 -9999.000 -9999.000 2.946 7.273 18.210 16.608 15.012 16.628 17.750 2.515 3.493 0.000 2.061 10.386 6.789 5.946 8.700 10.226 11.619 10.366 0.796 13.663 11.283 11.337 10.058 10.773 13.957 11.018 12.047 14.908 6.215 12.315 11.434 12.273 12.980 12.979 11.207 0.000 1.113 0.000 0.396 8.470 8.094 3.021 0.544 0.000 4.516 0.000 0.000 0.000 0.000 0.000 0.000 0.000 0.000 0.514 2.505 0.000 0.000 0.000 0.000 3.976 0.000 0.000 0.000
-9999.000 -9999.000 -9999.000 -9999.000 -9999.000 -9999.000 -9999.000 -9999.000 0.000 0.000 2.466 2.672 2.941 3.715 2.713 0.000 3.527 10.094 7.333 9.786 7.945 9.774 11.102 9.354 9.567 9.555 12.561 13.720 13.039 13.123 13.279 9.109 13.087 10.534 6.907 12.632 9.381 7.647 4.394 2.294 0.000 4.764 0.000 0.000 2.480 0.000 2.188 2.198 6.743 0.000 0.000 0.000 0.000 0.000 0.000 0.000 0.000 0.000 0.000 0.000 5.009 2.046 0.000 0.000 0.000 0.000 0.000 0.000 0.000 0.000
-9999.000 -9999.000 -9999.000 -9999.000 -9999.000 -9999.000 -9999.000 -9999.000 -9999.000 0.000 0.000 0.000 0.000 0.000 0.000 0.000 7.476 10.450 7.149 13.563 4.882 10.336 9.391 9.926 11.207 12.832 6.378 6.595 6.315 5.851 11.259 8.027 7.960 3.899 0.000 9.164 0.000 0.000 0.000 0.000 0.000 0.000 0.000 0.000 0.000 0.000 0.000 0.000 7.607 8.115 0.000 0.000 0.000 0.000 0.000 0.000 0.000 0.000 0.000 0.000 0.000 0.000 0.000 0.000 0.000 0.000 0.000 0.000 0.000 0.000
-9999.000 -9999.000 -9999.000 -9999.000 -9999.000 -9999.000 -9999.000 -9999.000 -9999.000 -9999.000 0.000 0.000 0.000 0.000 0.000 4.469 11.201 7.848 8.088 9.517 0.000 9.014 9.249 11.140 12.343 5.831 0.000 0.000 0.000 0.000 0.000 0.000 0.000 0.000 0.000 1.333 3.449 0.000 0.000 0.000 2.854 3.211 0.000 0.000 0.000 0.000 0.000 0.000 0.000 9.699 4.896 0.000 0.000 0.000 0.000 0.000 0.000 0.000 0.000 0.000 0.000 0.000 0.000 0.000 0.000 0.000 0.000 0.000 0.000 0.000
-9999.000 -9999.000 -9999.000 -9999.000 -9999.000 -9999.000 -9999.000 -9999.000 -9999.000 -9999.000 -9999.000 0.000 0.000 4.211 5.003 11.662 10.678 7.530 12.393 8.175 4.156 9.065 9.174 12.272 10.346 9.424 0.000 0.000 0.000 0.000 0.000 0.000 0.000 0.000 0.000 0.269 6.752 0.000 0.000 0.000 3.308 0.000 3.068 0.000 0.000 0.000 0.000 0.000 0.000 0.000 8.120 2.952 1.499 2.125 0.000 0.000 0.000 0.000 0.000 2.190 0.000 0.000 0.000 0.000 0.000 0.000 0.000 0.000 0.000 0.000
-9999.000 -9999.000 -9999.000 -9999.000 -9999.000 -9999.000 -9999.000 -9999.000 -9999.000 -9999.000 -9999.000 -9999.000 0.000 9.109 11.948 11.636 9.612 8.711 13.818 4.295 8.845 10.114 7.772 8.632 10.714 9.137 5.518 7.130 0.000 0.000 0.000 0.000 0.000 0.000 0.000 0.000 0.000 0.000 0.000 0.000 0.000 0.000 0.000 0.000 0.000 0.000 0.000 0.000 0.000 0.000 0.000 0.000 1.518 1.781 0.000 0.000 0.000 0.000 2.146 0.000 0.000 0.000 0.000 0.000 0.000 1.255 0.000 0.145 0.820 0.450
-9999.000 -9999.000 -9999.000 -9999.000 -9999.000 -9999.000 -9999.000 -9999.000 -9999.000 -9999.000 -9999.000 -9999.000 0.000 12.457 11.836 11.890 9.749 12.140 9.826 0.878 11.469 11.863 6.654 0.000 13.309 9.706 6.974 7.207 6.909 1.680 0.000 0.000 0.000 0.000 0.000 0.000 0.000 0.000 0.000 0.000 0.000 0.000 0.000 0.000 0.000 0.000 0.000 0.000 0.000 0.000 0.000 0.000 0.000 0.000 0.000 0.000 0.000 0.000 0.000 0.000 0.000 2.110 2.499 1.903 2.535 2.323 2.057 1.918 1.451 1.531
-9999.000 -9999.000 -9999.000 -9999.000 -9999.000 -9999.000 -9999.000 -9999.000 -9999.000 -9999.000 -9999.000 -9999.000 4.504 5.191 12.497 11.185 9.515 6.009 6.202 10.334 12.625 12.575 12.386 11.225 9.869 14.527 7.116 7.435 8.049 6.654 5.227 0.000 0.000 0.000 0.000 0.000 0.000 0.000 0.000 0.000 0.000 0.000 0.000 0.000 0.000 0.000 0.000 0.000 0.000 2.546 1.740 0.000 0.000 0.000 0.000 0.000 0.000 0.000 0.000 0.000 0.000 0.000 2.535 2.857 2.596 2.600 1.898 2.412 1.626 1.609
-9999.000 -9999.000 -9999.000 -9999.000 -9999.000 -9999.000 -9999.000 -9999.000 -9999.000 -9999.000 -9999.000 -9999.000 -9999.000 -9999.000 -9999.000 -9999.000 -9999.000 0.000 0.000 12.856 10.435 12.656 11.715 11.024 11.681 8.806 5.494 8.030 9.500 8.105 5.117 0.000 0.000 0.000 0.000 0.000 0.000 0.000 0.000 0.000 0.000 0.000 0.000 0.000 0.000 0.000 0.000 0.000 3.163 5.514 5.125 4.605 4.755 3.456 0.000 0.000 0.000 0.000 0.000 0.000 0.000 0.000 0.000 3.077 3.010 2.905 2.987 0.551 0.000 1.865
-9999.000 -9999.000 -9999.000 -9999.000 -9999.000 -9999.000 -9999.000 -9999.000 -9999.000 -9999.000 -9999.000 -9999.000 -9999.000 -9999.000 -9999.000 -9999.000 -9999.000 -9999.000 1.562 1.619 4.116 12.286 11.757 11.021 10.173 6.427 2.020 0.000 5.482 0.000 0.000 0.000 0.000 0.000 0.000 0.000 0.000 0.000 0.000 0.000 0.000 0.000 0.000 0.000 0.000 0.000 0.000 0.000 0.000 0.000 0.000 0.000 1.846 3.954 0.000 0.000 0.000 0.000 0.000 0.000 0.000 0.000 0.000 0.000 0.000 0.000 0.000 0.000 0.000 0.000
