test_integration/test_sample_run/example/output_maps/SWEN0062.asc
ncols         174
nrows         141
xllcorner     744500.000000
yllcorner     5140950.000000
cellsize      250.000000
NODATA_value  -9999.0
[rows 31 to 61 of 141, columns 0 to 69 of 174]
-9999.000 -9999.000 -9999.000 -9999.000 -9999.000 -9999.000 -9999.000 -9999.000 -9999.000 -9999.000 -9999.000 -9999.000 -9999.000 -9999.000 -9999.000 -9999.000 -9999.000 -9999.000 -9999.000 -9999.000 -9999.000 -9999.000 -9999.000 -9999.000 -9999.000 -9999.000 -9999.000 -9999.000 -9999.000 -9999.000 -9999.000 -9999.000 -9999.000 -9999.000 -9999.000 -9999.000 -9999.000 7.597 4.188 12.100 14.008 13.268 11.421 13.503 14.376 6.817 4.597 8.201 -9999.000 -9999.000 -9999.000 -9999.000 -9999.000 -9999.000 -9999.000 -9999.000 -9999.000 -9999.000 -9999.000 7.977 11.494 12.460 11.167 9.241 14.285 18.201 15.514 10.671 10.453 13.857
-9999.000 -9999.000 -9999.000 -9999.000 -9999.000 -9999.000 -9999.000 -9999.000 -9999.000 -9999.000 -9999.000 -9999.000 -9999.000 -9999.000 -9999.000 -9999.000 -9999.000 -9999.000 -9999.000 -9999.000 -9999.000 -9999.000 -9999.000 -9999.000 -9999.000 -9999.000 -9999.000 -9999.000 -9999.000 -9999.000 -9999.000 -9999.000 -9999.000 -9999.000 -9999.000 -9999.000 9.443 10.531 14.291 13.346 13.590 11.579 9.437 9.390 7.976 7.332 12.011 10.961 9.364 -9999.000 -9999.000 -9999.000 -9999.000 -9999.000 -9999.000 -9999.000 0.000 5.266 8.859 13.494 12.119 11.052 8.240 10.553 13.038 15.023 22.245 12.062 10.369 12.092
-9999.000 -9999.000 -9999.000 -9999.000 -9999.000 -9999.000 -9999.000 -9999.000 -9999.000 -9999.000 -9999.000 -9999.000 -9999.000 -9999.000 -9999.000 -9999.000 -9999.000 -9999.000 -9999.000 -9999.000 -9999.000 -9999.000 -9999.000 -9999.000 -9999.000 -9999.000 -9999.000 -9999.000 -9999.000 -9999.000 -9999.000 -9999.000 -9999.000 -9999.000 -9999.000 7.389 10.213 13.239 14.605 15.337 10.790 10.024 9.328 5.556 5.400 4.806 9.645 9.356 6.315 5.370 6.166 15.420 10.415 11.073 7.312 4.852 0.000 8.982 10.896 11.031 10.324 12.179 6.929 9.030 13.600 14.283 11.155 14.050 12.696 14.881
-9999.000 -9999.000 -9999.000 -9999.000 -9999.000 -9999.000 -9999.000 -9999.000 -9999.000 -9999.000 -9999.000 -9999.000 -9999.000 -9999.000 -9999.000 -9999.000 -9999.000 -9999.000 -9999.000 -9999.000 -9999.000 -9999.000 -9999.000 -9999.000 -9999.000 -9999.000 -9999.000 -9999.000 -9999.000 -9999.000 -9999.000 -9999.000 -9999.000 3.176 5.367 7.943 11.526 11.380 13.263 15.433 11.491 11.856 8.098 6.253 6.068 9.880 12.477 12.986 13.752 15.635 11.903 11.564 10.988 14.321 15.092 14.526 11.545 10.146 8.001 6.908 10.956 11.323 5.346 8.607 10.778 10.645 9.339 10.663 16.803 15.145
-9999.000 -9999.000 -9999.000 -9999.000 -9999.000 -9999.000 -9999.000 -9999.000 -9999.000 -9999.000 -9999.000 -9999.000 -9999.000 -9999.000 -9999.000 -9999.000 -9999.000 -9999.000 -9999.000 -9999.000 -9999.000 -9999.000 -9999.000 -9999.000 -9999.000 -9999.000 -9999.000 -9999.000 -9999.000 -9999.000 -9999.000 -9999.000 4.947 3.661 9.444 10.844 10.599 8.372 13.398 14.462 11.841 11.557 7.740 7.236 8.665 10.450 11.782 11.497 15.265 17.416 13.894 10.268 18.894 11.419 14.540 15.084 12.393 12.133 5.715 7.091 10.793 10.788 8.006 8.434 8.504 8.277 10.119 11.546 17.846 15.574
-9999.000 -9999.000 -9999.000 -9999.000 -9999.000 -9999.000 -9999.000 -9999.000 -9999.000 -9999.000 -9999.000 -9999.000 -9999.000 -9999.000 -9999.000 -9999.000 -9999.000 -9999.000 -9999.000 -9999.000 -9999.000 -9999.000 -9999.000 -9999.000 -9999.000 -9999.000 -9999.000 -9999.000 -9999.000 -9999.000 -9999.000 -9999.000 -9999.000 7.075 9.267 8.443 9.932 10.284 9.130 10.471 10.744 9.818 8.394 8.543 9.672 11.044 11.228 13.517 11.170 11.428 16.929 16.767 11.563 13.285 15.456 12.779 11.876 12.634 10.258 6.307 6.718 8.282 8.184 8.136 6.904 11.266 13.846 12.618 15.557 14.333
-9999.000 -9999.000 -9999.000 -9999.000 -9999.000 -9999.000 -9999.000 -9999.000 -9999.000 -9999.000 -9999.000 -9999.000 -9999.000 -9999.000 -9999.000 -9999.000 -9999.000 -9999.000 -9999.000 -9999.000 -9999.000 -9999.000 -9999.000 -9999.000 -9999.000 -9999.000 -9999.000 -9999.000 -9999.000 -9999.000 -9999.000 -9999.000 -9999.000 11.623 13.665 10.114 6.345 8.359 3.159 6.788 8.458 11.836 8.580 8.991 8.868 9.826 11.544 9.658 11.245 13.710 14.563 18.409 10.320 5.867 7.820 11.498 12.699 11.107 11.673 7.985 2.582 4.016 7.500 7.030 8.464 11.754 12.852 14.828 12.289 11.680
-9999.000 -9999.000 -9999.000 -9999.000 -9999.000 -9999.000 -9999.000 -9999.000 -9999.000 -9999.000 -9999.000 -9999.000 -9999.000 -9999.000 -9999.000 -9999.000 -9999.000 -9999.000 -9999.000 -9999.000 -9999.000 -9999.000 -9999.000 -9999.000 -9999.000 -9999.000 -9999.000 -9999.000 -9999.000 -9999.000 -9999.000 -9999.000 -9999.000 12.539 12.933 11.402 11.483 4.494 4.677 4.503 4.927 7.656 7.789 8.291 9.966 10.615 10.232 11.579 13.280 14.118 10.447 10.321 10.212 10.835 6.340 7.973 16.088 10.407 10.012 10.217 5.638 4.587 7.017 6.557 9.204 10.435 15.155 19.079 9.620 11.024
-9999.000 -9999.000 -9999.000 -9999.000 -9999.000 -9999.000 -9999.000 -9999.000 -9999.000 -9999.000 -9999.000 -9999.000 -9999.000 -9999.000 -9999.000 -9999.000 -9999.000 -9999.000 -9999.000 -9999.000 -9999.000 -9999.000 -9999.000 -9999.000 -9999.000 -9999.000 -9999.000 -9999.000 -9999.000 -9999.000 -9999.000 -9999.000 -9999.000 5.331 11.531 11.982 10.238 7.178 4.871 1.431 2.726 2.634 6.641 7.466 10.319 12.497 9.139 10.538 11.944 9.639 8.365 9.183 13.368 12.304 8.686 7.279 10.017 12.391 9.457 10.279 6.122 5.138 6.864 4.845 8.834 12.207 12.690 16.882 9.970 7.416
-9999.000 -9999.000 -9999.000 -9999.000 -9999.000 -9999.000 -9999.000 -9999.000 -9999.000 -9999.000 -9999.000 -9999.000 -9999.000 -9999.000 -9999.000 -9999.000 -9999.000 -9999.000 -9999.000 -9999.000 -9999.000 -9999.000 -9999.000 -9999.000 -9999.000 -9999.000 -9999.000 -9999.000 -9999.000 -9999.000 -9999.000 -9999.000 0.000 0.545 6.300 6.896 5.823 10.254 11.652 10.009 7.380 4.156 4.546 6.917 8.749 11.876 7.333 7.664 8.870 9.211 9.583 11.286 12.832 12.271 10.576 6.066 6.902 10.827 11.675 9.527 7.669 8.609 6.315 5.607 6.576 10.184 13.494 11.350 11.262 11.208
-9999.000 -9999.000 -9999.000 -9999.000 -9999.000 -9999.000 -9999.000 -9999.000 -9999.000 -9999.000 -9999.000 -9999.000 -9999.000 -9999.000 -9999.000 -9999.000 -9999.000 -9999.000 -9999.000 -9999.000 -9999.000 -9999.000 -9999.000 -9999.000 -9999.000 -9999.000 -9999.000 -9999.000 -9999.000 -9999.000 -9999.000 0.000 0.000 5.415 7.294 8.834 12.421 11.630 11.189 10.679 10.620 8.246 4.981 5.906 7.104 8.559 4.611 7.490 6.412 6.218 9.665 7.925 9.646 11.998 9.502 4.365 5.429 7.228 9.039 7.581 9.256 8.004 6.412 6.187 7.884 9.855 12.260 9.636 10.044 9.047
-9999.000 -9999.000 -9999.000 -9999.000 -9999.000 -9999.000 -9999.000 -9999.000 -9999.000 -9999.000 -9999.000 -9999.000 -9999.000 -9999.000 -9999.000 -9999.000 -9999.000 -9999.000 -9999.000 -9999.000 -9999.000 -9999.000 -9999.000 -9999.000 -9999.000 -9999.000 -9999.000 -9999.000 -9999.000 -9999.000 3.792 5.907 12.930 13.216 11.724 12.543 11.222 9.971 10.251 9.760 9.826 10.127 7.160 4.681 4.107 2.325 3.193 6.507 4.666 4.550 5.910 6.440 7.612 9.401 9.363 9.057 5.466 6.141 13.666 10.346 8.405 6.729 7.710 7.870 6.445 10.429 9.135 9.870 9.275 7.377
-9999.000 -9999.000 -9999.000 -9999.000 -9999.000 -9999.000 -9999.000 -9999.000 -9999.000 -9999.000 -9999.000 -9999.000 -9999.000 -9999.000 -9999.000 -9999.000 -9999.000 -9999.000 -9999.000 -9999.000 -9999.000 -9999.000 -9999.000 -9999.000 -9999.000 -9999.000 -9999.000 -9999.000 -9999.000 -9999.000 5.401 14.464 13.254 13.343 13.104 12.515 10.441 11.018 11.838 10.833 8.968 8.580 7.339 5.974 0.487 0.000 3.170 1.493 3.675 2.073 2.379 7.475 6.089 5.856 8.990 9.331 4.272 6.746 9.979 10.553 8.397 7.140 7.190 7.260 9.685 8.278 6.369 7.803 4.604 4.553
-9999.000 -9999.000 -9999.000 -9999.000 -9999.000 -9999.000 -9999.000 -9999.000 -9999.000 -9999.000 -9999.000 -9999.000 -9999.000 -9999.000 -9999.000 -9999.000 -9999.000 -9999.000 -9999.000 -9999.000 -9999.000 -9999.000 -9999.000 -9999.000 -9999.000 -9999.000 -9999.000 -9999.000 -9999.000 -9999.000 13.770 13.723 14.947 12.954 13.993 12.662 10.923 14.813 10.692 8.671 4.676 6.788 9.774 9.366 10.242 8.994 5.617 2.712 0.502 2.186 2.755 3.176 4.984 3.589 7.538 4.263 6.264 8.023 5.542 8.784 5.558 4.730 7.472 6.402 9.144 12.129 5.425 5.275 2.297 5.569
-9999.000 -9999.000 -9999.000 -9999.000 -9999.000 -9999.000 -9999.000 -9999.000 -9999.000 -9999.000 -9999.000 -9999.000 -9999.000 -9999.000 -9999.000 -9999.000 -9999.000 -9999.000 -9999.000 -9999.000 -9999.000 -9999.000 8.821 9.562 7.993 8.752 10.025 -9999.000 -9999.000 -9999.000 14.055 14.305 15.226 12.644 14.058 11.697 16.143 10.508 6.783 5.089 5.920 9.977 9.786 9.325 9.187 9.430 9.564 9.403 5.378 3.494 1.869 2.212 2.209 2.414 2.970 3.501 6.252 3.898 2.321 3.060 2.344 0.291 6.335 7.858 10.404 11.047 6.072 2.115 5.306 6.771
-9999.000 -9999.000 -9999.000 -9999.000 -9999.000 -9999.000 -9999.000 -9999.000 -9999.000 -9999.000 -9999.000 -9999.000 -9999.000 -9999.000 -9999.000 -9999.000 -9999.000 -9999.000 -9999.000 -9999.000 -9999.000 8.430 9.834 13.251 13.637 12.972 13.283 11.047 -9999.000 10.023 15.195 15.399 15.348 16.937 13.716 15.054 9.717 10.055 6.822 5.595 9.403 9.598 8.916 11.362 9.407 8.631 8.997 8.069 8.973 6.043 3.690 3.619 1.843 1.903 0.000 3.075 1.991 0.000 0.000 0.000 0.000 2.791 5.693 8.240 8.679 9.796 8.589 6.986 6.296 8.297
-9999.000 -9999.000 -9999.000 -9999.000 -9999.000 -9999.000 -9999.000 -9999.000 -9999.000 -9999.000 -9999.000 -9999.000 -9999.000 -9999.000 -9999.000 -9999.000 -9999.000 -9999.000 -9999.000 6.921 6.706 9.596 13.467 13.677 13.003 14.221 14.504 15.737 15.246 12.820 14.700 14.063 12.616 11.089 13.090 9.350 5.347 6.456 5.336 7.547 10.317 8.905 10.843 11.398 10.318 9.696 9.387 8.390 7.613 6.994 3.572 1.659 1.825 0.000 0.000 0.000 0.000 0.000 0.000 0.000 0.000 4.800 5.695 6.241 4.402 7.689 5.794 3.753 7.130 7.426
-9999.000 -9999.000 -9999.000 -9999.000 -9999.000 -9999.000 -9999.000 -9999.000 -9999.000 -9999.000 -9999.000 -9999.000 -9999.000 -9999.000 -9999.000 -9999.000 3.710 4.039 4.810 7.135 12.513 12.197 13.580 13.793 13.768 11.540 14.397 13.610 14.272 16.911 14.566 12.736 11.383 8.170 6.905 7.406 6.304 5.921 8.074 10.702 9.891 10.418 11.034 11.003 10.990 12.230 11.116 10.849 8.065 7.908 5.642 3.114 2.818 2.658 3.644 3.963 4.116 4.078 2.137 1.526 3.774 2.969 2.828 0.591 4.272 4.824 3.703 3.854 8.149 7.731
-9999.000 -9999.000 -9999.000 -9999.000 -9999.000 -9999.000 -9999.000 -9999.000 -9999.000 -9999.000 -9999.000 -9999.000 -9999.000 -9999.000 -9999.000 -9999.000 0.950 10.020 11.304 11.761 12.960 12.755 13.089 13.318 14.647 13.557 10.798 14.273 18.199 16.711 18.507 12.411 11.924 7.768 6.912 6.202 6.601 8.026 11.122 10.059 11.524 10.093 11.981 14.125 12.440 10.307 9.389 5.096 5.380 7.450 4.761 5.216 4.186 4.231 3.993 3.586 3.587 3.715 4.395 4.982 4.136 1.194 0.000 0.000 1.492 1.329 0.111 6.348 7.741 6.730
-9999.000 -9999.000 -9999.000 -9999.000 -9999.000 -9999.000 -9999.000 -9999.000 -9999.000 -9999.000 -9999.000 -9999.000 -9999.000 -9999.000 -9999.000 3.700 3.844 11.194 11.122 11.990 12.298 12.395 12.990 12.863 12.611 15.532 14.541 11.311 13.692 16.733 11.914 10.919 9.233 8.851 8.034 9.150 11.653 11.038 10.337 11.782 12.138 10.531 11.147 9.681 7.878 8.075 7.481 6.044 4.648 4.100 4.193 5.392 6.957 8.377 8.002 7.778 7.802 7.616 7.497 7.912 5.912 4.367 1.857 0.414 0.000 0.092 1.179 5.425 5.438 4.856
-9999.000 -9999.000 -9999.000 -9999.000 -9999.000 -9999.000 -9999.000 -9999.000 -9999.000 -9999.000 -9999.000 -9999.000 -9999.000 -9999.000 2.251 4.582 10.866 11.063 11.514 12.220 12.087 12.239 12.413 12.401 12.124 13.795 15.319 14.952 12.741 14.693 10.589 11.253 9.854 9.985 9.762 12.198 11.935 11.118 12.159 13.599 11.903 13.897 7.879 7.622 3.449 5.660 3.759 4.434 2.914 3.169 5.991 7.970 8.120 8.029 8.081 7.844 7.743 7.680 7.943 7.710 6.920 5.822 3.076 1.954 0.290 0.000 2.118 3.427 3.825 3.872
-9999.000 -9999.000 -9999.000 -9999.000 -9999.000 -9999.000 -9999.000 -9999.000 -9999.000 -9999.000 -9999.000 -9999.000 -9999.000 1.625 3.855 10.948 10.708 11.187 11.398 11.826 12.369 12.692 12.463 12.077 12.499 12.541 14.585 17.264 9.762 8.905 9.015 10.918 10.588 11.171 11.893 11.900 12.796 12.578 13.784 13.509 12.893 11.048 7.262 7.147 6.990 5.935 3.765 4.064 3.504 3.751 7.423 8.264 7.997 8.530 8.591 9.088 8.651 9.092 9.114 7.863 7.560 7.705 4.867 4.162 2.923 1.938 2.644 1.677 1.185 1.568
-9999.000 -9999.000 -9999.000 -9999.000 -9999.000 -9999.000 -9999.000 -9999.000 -9999.000 -9999.000 -9999.000 -9999.000 0.000 3.766 9.781 10.678 10.413 10.946 11.364 11.757 12.809 12.859 13.371 12.678 12.561 12.707 11.011 11.243 11.919 10.118 10.743 11.047 11.868 12.717 12.370 13.383 13.303 13.554 13.894 13.278 10.603 7.224 5.651 6.567 9.243 7.048 5.044 4.588 5.650 5.780 8.233 8.074 8.887 9.395 9.450 9.814 9.833 9.749 9.828 8.497 7.966 7.874 6.394 5.026 3.952 3.295 2.556 0.000 0.000 0.078
-9999.000 -9999.000 -9999.000 -9999.000 2.877 -9999.000 -9999.000 -9999.000 -9999.000 -9999.000 -9999.000 0.200 3.094 9.961 10.407 9.800 10.678 11.023 11.580 11.283 12.280 12.245 13.046 12.164 10.622 8.568 7.712 8.594 11.821 12.296 11.323 10.904 12.905 13.194 13.786 13.789 13.648 12.907 11.320 8.896 6.006 5.962 7.105 7.657 8.990 7.501 6.326 4.636 5.043 6.330 8.430 8.492 9.548 10.071 10.259 10.766 11.621 10.729 9.132 8.865 5.957 5.850 5.704 6.990 6.182 5.980 4.082 3.810 2.380 1.462
-9999.000 -9999.000 -9999.000 -9999.000 0.885 0.000 0.000 0.000 0.778 2.723 0.694 2.043 9.451 11.037 10.407 10.351 10.197 10.538 11.310 11.246 11.977 12.248 11.668 10.933 8.446 6.908 8.324 8.062 10.026 12.158 12.231 11.915 13.663 13.541 13.686 14.025 13.643 10.233 6.274 5.890 7.632 8.291 9.132 8.393 8.913 6.080 3.942 3.489 5.090 7.368 7.819 8.874 9.884 10.524 11.234 12.063 8.243 5.206 6.495 5.171 3.683 3.448 4.376 8.377 8.202 8.044 6.283 4.584 4.232 3.241
-9999.000 -9999.000 -9999.000 -9999.000 4.243 0.068 7.826 8.573 8.844 10.102 9.991 11.472 10.912 10.900 10.360 10.409 9.872 9.480 10.663 10.685 11.457 11.121 9.402 9.659 10.489 11.403 10.901 10.228 11.142 12.399 12.777 12.991 14.239 12.717 13.781 14.135 10.904 8.928 7.026 7.288 6.485 7.845 8.306 6.909 5.832 4.777 1.878 3.739 7.924 7.646 8.688 9.335 10.222 10.919 11.388 8.797 5.163 3.211 2.636 4.493 5.469 5.277 7.042 8.388 8.401 8.256 7.415 7.730 6.186 4.943
-9999.000 -9999.000 -9999.000 -9999.000 -9999.000 4.121 8.867 8.632 9.232 10.212 12.047 11.620 11.347 10.362 9.845 10.076 9.235 9.358 10.355 10.859 11.334 9.312 9.786 9.788 9.658 10.441 11.586 10.714 10.556 11.072 11.892 14.308 14.343 13.548 14.846 11.445 10.282 9.304 9.323 7.965 6.574 6.409 5.335 3.253 2.179 3.502 2.283 5.996 8.153 7.474 7.375 8.276 10.507 11.497 11.353 8.339 5.704 6.429 5.621 3.380 3.293 5.667 8.093 8.454 8.768 8.821 8.124 7.838 7.876 7.739
-9999.000 -9999.000 -9999.000 -9999.000 -9999.000 2.715 10.279 9.518 9.473 10.719 11.987 11.448 11.379 11.076 9.848 9.909 8.853 9.774 10.496 11.592 8.825 10.065 9.684 9.789 10.158 10.096 11.603 11.813 12.018 10.035 10.621 12.504 13.607 12.218 9.656 7.303 8.257 9.045 10.494 10.825 9.416 6.467 5.603 4.945 2.665 2.566 5.760 6.957 6.324 6.514 6.317 6.179 8.800 11.161 11.954 10.251 9.004 8.984 8.497 6.326 4.647 6.519 8.356 7.750 9.201 9.222 9.189 8.338 8.182 8.105
-9999.000 -9999.000 -9999.000 -9999.000 -9999.000 0.000 10.370 9.720 8.520 7.954 9.861 11.000 11.319 9.985 9.857 9.217 8.544 9.355 10.048 11.483 6.987 9.590 8.234 8.694 10.269 11.001 11.236 12.053 10.732 8.875 9.892 9.671 12.053 8.219 3.973 3.680 5.083 6.725 8.839 9.493 8.983 8.281 6.161 4.575 3.576 3.621 6.303 8.243 7.963 7.881 7.827 7.630 8.512 9.278 11.543 11.027 10.317 8.262 6.750 5.123 5.729 7.728 8.416 8.869 9.881 9.808 8.889 8.707 8.776 8.647
-9999.000 -9999.000 -9999.000 -9999.000 -9999.000 1.653 9.725 10.618 8.933 8.147 8.058 7.932 8.103 9.467 9.307 8.699 8.413 8.363 8.331 8.224 7.760 8.178 8.549 9.455 10.890 10.813 10.276 9.708 8.394 7.757 9.066 7.544 5.973 5.727 4.513 6.751 7.552 6.490 7.512 7.779 5.880 6.539 6.207 3.061 4.751 5.590 6.452 8.261 8.152 8.584 9.216 8.763 8.993 9.399 8.515 8.859 3.276 5.048 3.493 3.998 7.681 8.041 8.891 9.258 9.984 10.110 9.172 8.923 9.026 8.301
-9999.000 -9999.000 -9999.000 -9999.000 -9999.000 3.483 9.498 10.088 9.868 8.902 8.312 9.219 8.645 8.873 8.409 8.621 8.280 8.263 6.614 6.550 7.093 7.478 8.270 9.663 10.686 9.822 9.536 8.399 7.943 8.748 8.389 7.516 2.235 3.811 7.214 6.836 7.500 7.512 5.724 4.570 5.092 6.911 3.434 2.330 4.829 5.623 6.910 7.941 9.100 9.567 10.024 8.132 9.725 8.593 7.733 7.958 5.411 4.128 1.122 4.313 7.508 7.508 9.261 9.857 10.234 10.162 9.307 9.113 8.593 5.854
