test_integration/test_sample_run/example/output_maps/SWEN0056.asc
ncols         174
nrows         141
xllcorner     744500.000000
yllcorner     5140950.000000
cellsize      250.000000
NODATA_value  -9999.0
[rows 62 to 92 of 141, columns 70 to 139 of 174]
7.526 8.159 8.134 8.016 7.803 7.819 7.330 6.162 4.049 3.373 2.743 3.003 1.306 0.884 2.198 2.034 1.469 2.236 4.767 5.822 6.848 7.593 9.117 10.148 10.407 11.153 10.538 7.634 9.556 9.692 8.261 6.408 4.829 2.731 3.486 2.503 5.206 2.436 5.222 5.109 6.417 10.975 12.673 11.867 11.301 10.434 10.991 10.576 10.587 10.735 8.740 9.420 9.309 8.047 8.630 5.356 6.163 5.242 7.006 8.841 11.363 14.016 11.369 8.935 9.398 9.661 8.381 6.716 8.142 7.682
8.475 8.041 8.490 7.839 7.944 7.685 7.742 7.917 7.435 7.630 5.201 4.150 1.361 1.903 2.460 0.483 0.000 2.179 7.266 8.323 8.616 8.845 9.327 9.490 11.544 10.579 7.290 5.926 1.817 4.368 1.671 0.000 0.000 0.000 5.701 1.905 0.536 0.000 6.111 5.356 5.736 6.396 9.300 11.509 13.742 14.285 14.947 12.450 10.394 10.426 10.535 9.840 8.097 6.351 8.707 7.929 5.688 5.771 6.413 7.852 8.645 9.473 13.059 9.715 9.351 9.554 8.791 9.237 8.494 8.898
8.484 8.309 8.134 8.375 7.712 7.922 7.995 7.848 7.486 6.984 7.026 7.258 6.342 2.781 3.625 4.702 5.671 7.388 7.854 8.477 9.141 9.069 9.716 8.252 4.550 3.118 3.224 4.868 0.000 0.000 0.580 4.045 7.612 7.778 7.339 7.511 4.715 6.072 6.714 3.990 2.457 1.429 3.103 4.181 6.010 7.482 11.077 13.056 11.279 9.669 12.858 10.507 5.754 7.769 7.427 8.760 6.492 5.268 4.939 5.442 7.256 7.763 10.976 11.443 8.439 9.976 11.248 10.180 9.920 8.696
8.567 9.305 8.668 9.538 8.667 8.437 8.165 8.059 8.006 7.963 7.466 7.261 7.439 5.890 2.941 4.508 7.746 7.974 8.998 8.988 9.647 9.605 9.198 2.779 0.000 0.739 0.000 0.000 2.497 3.403 5.320 7.571 7.567 7.059 7.625 8.825 7.750 8.732 8.997 8.835 3.180 0.600 2.282 2.169 5.174 6.091 9.875 11.763 12.924 12.953 10.907 6.347 10.157 9.140 6.754 7.845 5.812 4.194 5.768 6.321 5.668 8.080 7.395 10.137 11.223 11.460 11.145 8.574 3.022 2.901
6.573 8.157 10.306 10.235 10.154 9.495 8.415 8.512 8.469 8.527 8.296 7.791 7.620 7.121 3.639 0.748 3.134 4.783 5.163 4.629 4.478 1.650 0.000 0.000 0.000 0.000 0.000 0.205 7.372 7.789 7.752 6.958 7.137 6.127 10.578 5.614 8.418 8.618 8.755 8.849 9.382 9.479 5.060 2.841 9.989 9.599 10.714 11.223 14.786 12.840 6.424 8.759 10.346 10.548 10.304 7.326 8.639 5.865 5.531 6.878 8.410 8.848 9.454 9.884 11.797 10.459 7.943 5.071 3.864 4.016
5.663 6.497 9.682 10.424 10.301 10.096 9.267 9.107 9.529 9.134 8.989 8.565 7.992 7.452 5.589 2.351 0.871 3.818 5.185 2.257 2.061 0.000 3.465 4.061 6.843 6.971 6.584 7.411 7.994 7.914 8.224 6.366 7.361 8.891 4.813 7.105 8.720 8.778 9.813 8.615 9.538 9.541 10.351 8.075 9.794 11.347 12.025 13.102 14.673 11.024 8.250 12.730 11.282 11.926 5.937 6.308 8.489 7.908 8.789 8.351 9.325 8.018 9.180 13.699 8.769 7.449 4.561 4.744 8.693 9.113
9.312 6.837 8.196 10.524 10.294 10.456 10.534 10.328 10.886 10.462 9.371 8.577 8.402 7.317 5.392 2.888 3.508 5.754 4.904 1.971 1.782 5.585 7.532 7.664 6.779 7.189 6.971 8.140 8.036 7.119 6.136 7.818 7.949 10.819 5.437 9.291 9.164 7.613 9.763 9.023 9.048 8.237 8.786 8.614 6.775 9.250 9.551 10.814 10.963 9.645 11.768 12.467 12.876 12.662 7.895 6.393 7.156 6.599 8.373 8.456 8.547 8.478 11.457 12.143 8.054 8.427 7.722 9.623 8.542 6.762
9.443 7.611 6.131 8.532 10.669 10.430 9.585 9.690 8.039 8.914 10.495 9.637 7.836 5.793 4.596 2.209 5.512 5.761 3.222 1.769 7.080 6.799 6.503 7.926 7.503 8.312 7.958 8.064 7.550 8.577 7.833 11.922 10.526 8.053 7.792 9.727 9.528 6.385 9.486 10.941 9.211 9.958 8.927 10.101 9.102 5.890 6.792 4.755 7.712 14.028 13.862 14.070 14.909 9.727 4.606 4.843 7.011 6.430 7.917 9.653 10.521 11.982 13.287 7.993 8.139 8.609 10.667 9.014 7.799 7.958
9.621 9.462 9.887 9.437 8.744 8.999 9.149 9.489 10.191 7.234 2.166 1.563 4.078 4.777 1.913 1.210 3.979 2.790 5.153 4.533 7.409 5.563 6.976 5.802 10.454 7.271 6.320 6.850 8.174 6.713 11.775 12.485 15.070 8.793 7.726 9.843 10.122 7.014 9.268 14.294 11.850 12.266 11.032 10.790 12.207 11.024 7.492 7.493 9.884 13.634 13.443 13.725 14.269 8.161 2.342 5.259 8.195 7.001 6.056 8.000 7.430 6.565 5.492 8.983 11.741 11.493 9.345 -9999.000 -9999.000 -9999.000
9.764 9.700 10.094 10.834 10.502 10.519 10.491 10.344 10.172 7.025 0.000 0.000 0.204 3.428 0.859 1.129 1.795 3.469 4.087 3.966 6.183 6.134 8.548 6.947 8.608 7.173 8.406 7.729 10.895 6.770 10.166 13.652 13.432 9.748 8.556 10.030 10.398 8.198 9.246 7.782 12.168 15.595 13.383 11.496 12.954 13.145 13.751 11.815 8.465 9.751 16.091 15.679 12.226 8.767 6.439 6.488 9.309 8.394 5.258 3.574 5.276 3.988 2.380 6.246 10.961 11.995 -9999.000 -9999.000 -9999.000 -9999.000
9.680 9.629 10.258 10.009 10.470 10.425 10.011 10.490 10.444 7.185 4.736 2.653 0.000 0.000 2.103 1.574 3.069 7.291 2.801 2.878 5.508 7.865 11.531 11.269 6.838 8.618 9.305 9.557 10.126 8.222 8.556 15.156 12.688 10.695 9.989 10.450 10.548 10.926 10.167 9.286 7.204 10.420 12.944 12.614 13.083 12.864 12.183 12.935 12.846 9.446 9.143 9.732 10.196 7.348 5.449 8.346 9.054 8.745 8.026 7.558 6.992 6.147 6.658 7.964 4.535 -9999.000 -9999.000 -9999.000 -9999.000 -9999.000
9.760 9.944 10.592 9.683 10.291 9.799 10.547 10.873 10.070 6.302 4.301 5.454 1.896 0.000 0.333 1.667 3.665 5.644 2.911 1.261 5.469 8.961 10.505 13.265 10.325 11.353 12.776 8.692 11.046 9.091 10.122 16.130 13.099 11.817 11.657 10.320 11.504 11.597 13.234 13.193 12.871 11.472 14.118 15.681 13.577 12.779 12.527 13.906 14.705 15.041 11.808 10.243 5.094 7.686 5.643 9.637 8.565 8.500 8.257 8.727 9.059 10.435 11.967 12.005 2.830 -9999.000 -9999.000 -9999.000 -9999.000 -9999.000
10.313 10.447 10.291 10.051 9.156 9.614 10.371 9.834 6.512 4.588 3.616 4.473 5.559 3.042 0.000 1.858 3.011 0.001 6.026 4.185 5.391 9.674 7.732 8.719 10.633 11.418 8.150 11.142 8.901 9.971 11.487 16.681 13.088 10.848 11.411 12.498 12.524 11.967 12.966 12.528 14.909 14.333 14.037 15.362 13.638 12.206 13.060 13.121 12.749 14.361 15.180 11.302 9.253 7.981 8.670 10.386 9.198 8.687 9.356 10.099 10.746 9.890 9.219 10.380 11.016 -9999.000 -9999.000 -9999.000 -9999.000 -9999.000
10.315 10.212 10.230 9.200 9.940 11.016 7.999 5.542 2.782 3.455 2.803 2.243 1.893 1.924 0.122 1.896 0.000 0.000 5.746 6.486 4.678 6.298 1.161 2.139 4.889 4.161 3.320 10.094 14.166 13.664 13.430 17.775 8.110 10.482 14.439 14.092 12.375 13.400 12.408 14.010 14.544 13.225 14.488 14.249 14.431 13.953 17.159 16.209 17.441 13.223 9.538 8.318 7.288 7.911 10.247 9.690 9.818 9.118 10.140 9.463 9.584 10.300 11.483 11.900 -9999.000 -9999.000 -9999.000 -9999.000 -9999.000 -9999.000
9.253 10.114 9.887 9.865 10.251 8.353 4.799 2.763 1.293 0.430 1.843 1.850 0.310 0.047 0.525 0.880 1.450 2.372 2.244 1.331 0.000 0.000 0.194 0.491 2.109 0.881 5.795 4.646 8.410 13.729 15.045 14.669 11.781 13.757 14.465 14.486 12.155 12.458 12.064 15.796 13.378 13.165 16.006 18.966 16.793 14.089 12.013 11.096 8.497 7.764 5.878 7.277 7.644 8.020 9.114 8.581 9.947 9.417 9.336 10.216 9.402 8.733 8.626 1.486 -9999.000 -9999.000 -9999.000 -9999.000 -9999.000 -9999.000
9.778 9.780 9.869 10.471 8.616 4.521 2.005 1.969 1.166 0.970 0.374 0.192 0.000 0.000 0.789 0.189 3.332 5.145 4.591 4.725 8.390 7.508 8.965 4.630 1.230 5.032 9.361 10.532 10.771 11.170 14.573 11.510 16.078 15.027 12.996 14.039 12.685 15.042 18.879 18.108 18.227 19.159 14.038 9.135 9.265 7.101 8.353 9.323 11.075 10.128 7.583 7.897 9.220 10.004 9.741 10.283 9.335 9.266 9.198 8.570 8.263 7.594 4.582 0.000 -9999.000 -9999.000 -9999.000 -9999.000 -9999.000 -9999.000
9.650 9.457 9.832 10.479 6.770 4.063 2.447 4.980 4.438 4.031 0.017 0.000 0.000 0.516 0.597 0.978 1.556 2.545 4.364 5.296 9.632 9.232 9.793 10.093 10.366 8.741 10.363 10.993 11.395 11.198 8.094 8.105 13.436 12.996 16.631 16.130 16.304 15.096 9.582 6.863 7.885 6.502 6.472 6.136 7.859 8.852 10.536 11.652 12.601 10.128 10.955 13.453 12.758 12.673 10.208 9.836 9.436 9.583 8.160 7.831 8.247 7.536 6.458 0.000 -9999.000 -9999.000 -9999.000 -9999.000 -9999.000 -9999.000
9.643 9.784 10.010 9.009 6.588 7.562 7.664 7.236 5.683 4.179 2.384 1.117 0.000 0.296 1.486 2.379 3.057 1.743 0.979 0.539 1.683 5.491 6.306 10.209 11.141 9.832 9.362 8.183 9.009 8.974 6.575 7.582 8.392 8.455 11.688 13.786 11.255 8.846 6.768 2.839 4.301 3.493 4.008 6.858 8.016 9.928 10.994 9.227 11.656 12.582 13.640 14.063 13.961 11.008 9.855 10.192 10.361 10.032 8.078 6.455 6.741 5.602 5.091 0.000 -9999.000 -9999.000 -9999.000 -9999.000 -9999.000 -9999.000
9.486 8.906 5.854 5.205 8.545 8.599 7.859 6.930 4.120 3.576 3.851 2.686 0.000 0.000 3.335 4.374 5.694 5.458 4.386 2.313 1.955 3.745 5.004 5.941 7.078 6.887 7.086 8.651 9.439 8.114 7.319 5.926 6.699 7.960 8.473 8.207 6.220 5.153 5.584 5.269 6.134 7.797 7.726 9.379 8.313 11.309 10.632 9.738 12.823 15.684 15.808 11.269 8.448 8.638 10.214 11.055 10.616 10.301 9.952 8.519 6.992 6.242 7.066 2.985 -9999.000 -9999.000 -9999.000 -9999.000 -9999.000 -9999.000
6.084 2.741 2.721 1.950 6.747 7.481 7.379 7.041 6.154 5.755 5.504 0.849 0.000 1.391 4.381 4.738 5.091 6.410 5.457 3.297 1.796 3.066 4.465 5.444 4.534 6.129 7.774 8.311 7.739 7.382 6.008 4.839 7.242 7.578 7.299 6.851 4.964 4.403 4.400 5.988 7.019 8.158 7.208 7.835 9.469 10.803 8.995 11.243 12.556 12.104 11.109 9.940 10.974 10.999 11.888 12.258 11.831 11.741 9.945 9.919 8.783 9.107 10.317 8.996 6.369 -9999.000 -9999.000 -9999.000 -9999.000 -9999.000
1.266 0.000 0.000 1.140 0.000 1.487 3.910 6.859 5.576 5.566 0.965 0.000 0.000 2.000 3.863 5.260 5.635 4.547 5.009 4.564 4.576 4.014 4.475 4.932 6.702 7.592 7.976 7.399 6.716 7.919 6.313 6.355 7.490 7.752 8.285 10.116 6.101 6.628 8.974 7.856 6.038 6.480 9.045 6.990 9.151 7.198 8.153 10.902 8.799 8.348 11.429 14.014 13.782 13.059 12.861 12.534 12.311 11.822 10.320 10.470 11.457 11.179 10.391 10.762 9.361 -9999.000 -9999.000 -9999.000 -9999.000 -9999.000
2.839 0.000 0.000 0.000 0.000 0.000 1.575 4.600 2.325 1.769 0.000 0.000 0.000 1.124 4.751 5.766 5.341 2.800 5.362 5.186 4.722 5.387 3.851 3.200 6.224 7.339 6.684 5.849 7.351 8.564 8.468 5.922 7.280 8.271 10.386 11.270 7.916 5.061 6.671 5.597 5.411 5.702 7.371 6.280 5.563 5.667 8.207 8.053 8.051 9.574 12.659 14.968 14.314 14.360 13.209 13.890 12.190 11.019 11.104 11.452 11.361 12.372 10.860 6.167 10.215 -9999.000 -9999.000 -9999.000 -9999.000 -9999.000
3.303 1.839 0.000 0.000 0.000 0.000 0.414 0.000 1.352 0.352 0.000 0.000 1.830 1.419 5.112 4.508 2.589 2.320 4.171 4.028 5.260 5.224 5.176 6.067 5.997 6.630 7.770 8.505 10.241 10.816 9.373 8.320 6.759 8.259 7.913 4.709 3.518 2.699 1.964 5.522 9.046 10.976 12.595 11.818 10.879 9.260 9.026 10.081 10.722 11.440 13.487 15.454 14.397 14.505 14.313 12.544 10.701 10.406 11.052 11.544 12.730 12.873 12.097 8.947 -9999.000 -9999.000 -9999.000 -9999.000 -9999.000 -9999.000
0.067 1.449 0.284 0.000 0.000 0.000 0.000 0.000 0.779 1.547 0.000 0.000 3.048 1.652 2.373 1.758 0.000 1.978 2.712 3.953 5.777 5.121 7.925 8.578 9.440 10.114 10.635 9.994 10.586 9.484 7.578 7.694 3.980 4.804 0.581 0.000 2.356 6.666 10.010 11.357 11.245 11.237 11.449 12.008 12.200 12.580 10.654 12.451 13.129 12.173 13.370 13.118 14.007 14.940 12.557 11.140 10.515 10.309 11.584 11.956 11.597 13.290 12.147 9.220 -9999.000 -9999.000 -9999.000 -9999.000 -9999.000 -9999.000
0.000 0.000 0.000 0.000 0.000 0.000 0.000 0.000 0.000 0.000 0.000 0.000 0.000 0.000 0.000 0.000 0.014 2.467 3.724 5.310 4.793 5.678 8.305 8.674 9.897 9.871 8.294 7.772 6.366 4.167 4.008 4.616 2.787 3.668 4.259 4.612 9.406 10.554 9.929 10.486 11.235 12.318 13.542 13.447 13.990 13.214 13.563 13.927 13.815 12.492 10.923 10.708 11.832 11.292 10.982 10.575 10.283 10.686 12.795 12.096 10.794 12.414 12.679 9.778 -9999.000 -9999.000 -9999.000 -9999.000 -9999.000 -9999.000
0.000 0.000 0.000 0.000 0.000 0.000 0.000 0.000 0.000 0.000 0.000 0.000 0.000 0.000 0.000 0.000 0.000 2.815 3.869 3.601 4.119 4.177 6.810 6.475 5.289 4.026 3.870 4.200 0.973 0.639 1.850 2.961 4.674 4.049 4.582 7.888 10.124 10.236 11.075 11.582 13.704 14.428 15.202 15.504 13.040 12.371 13.802 12.497 13.623 13.636 11.821 12.403 13.441 12.708 11.787 10.742 11.022 11.389 12.926 12.924 12.350 12.716 12.771 11.487 -9999.000 -9999.000 -9999.000 -9999.000 -9999.000 -9999.000
3.776 3.791 3.658 3.876 3.222 2.359 0.000 0.000 0.000 0.000 0.000 0.000 0.000 0.000 0.000 0.000 0.000 0.000 0.622 1.848 4.002 4.189 2.721 0.739 0.140 1.171 3.364 2.145 3.224 2.720 4.367 5.638 8.807 9.507 9.697 9.137 10.032 10.357 11.966 14.016 14.468 14.135 16.225 13.717 13.310 14.126 13.894 13.593 13.686 14.268 14.067 15.007 14.663 13.653 13.124 13.839 13.578 13.273 12.928 13.063 12.354 11.599 14.362 12.650 -9999.000 -9999.000 -9999.000 -9999.000 -9999.000 -9999.000
3.429 3.577 3.934 3.915 3.772 3.640 1.976 0.000 0.000 0.000 0.000 0.000 1.611 2.974 2.964 3.786 3.924 0.150 0.000 0.937 2.408 4.442 0.877 0.498 2.031 0.992 1.857 1.116 2.084 3.461 8.321 9.321 8.943 9.831 9.928 10.173 10.940 12.591 14.827 15.954 14.428 14.807 16.322 14.827 14.213 14.317 14.204 13.156 14.964 15.396 15.575 15.479 14.028 13.527 13.981 14.499 13.482 13.742 13.134 13.075 13.312 11.096 7.261 10.667 -9999.000 -9999.000 -9999.000 -9999.000 -9999.000 -9999.000
3.892 2.500 0.114 1.206 0.115 0.447 0.000 0.613 0.000 0.000 0.000 0.000 1.432 3.046 3.595 4.523 4.451 5.472 5.739 3.260 1.460 2.184 2.129 4.811 7.314 7.291 7.932 8.120 8.300 8.347 8.991 9.560 10.135 11.494 11.328 11.292 12.088 12.577 13.086 12.232 14.947 15.888 15.304 16.962 15.662 14.026 11.783 9.234 8.914 10.888 14.750 13.431 11.097 14.107 13.962 14.622 14.170 13.723 13.834 13.500 13.255 9.103 4.467 -9999.000 -9999.000 -9999.000 -9999.000 -9999.000 -9999.000 -9999.000
0.486 0.000 0.000 0.000 0.000 0.000 0.000 0.000 0.000 0.000 0.000 0.105 1.905 2.104 3.233 4.563 5.976 6.318 6.548 6.322 4.659 2.581 5.329 6.921 7.548 7.267 6.675 7.497 9.662 9.354 9.600 11.172 11.839 11.865 13.711 13.275 13.871 12.695 9.088 9.095 13.059 15.855 12.890 11.619 13.000 14.212 12.796 -9999.000 -9999.000 -9999.000 -9999.000 -9999.000 -9999.000 -9999.000 14.423 13.146 12.685 14.179 13.737 13.991 10.163 10.189 -9999.000 -9999.000 -9999.000 -9999.000 -9999.000 -9999.000 -9999.000 -9999.000
0.000 0.000 0.000 0.000 0.000 0.000 0.000 0.000 0.000 0.000 0.000 0.000 0.000 0.134 2.225 3.538 4.610 5.127 6.695 6.753 6.592 6.822 7.207 7.213 7.680 9.359 9.935 8.748 8.011 8.220 6.985 7.442 5.811 7.348 9.110 9.284 10.271 9.819 10.447 12.549 11.609 12.071 16.226 -9999.000 -9999.000 -9999.000 -9999.000 -9999.000 -9999.000 -9999.000 -9999.000 -9999.000 -9999.000 -9999.000 -9999.000 -9999.000 13.727 13.977 13.943 13.698 11.235 -9999.000 -9999.000 -9999.000 -9999.000 -9999.000 -9999.000 -9999.000 -9999.000 -9999.000
