test_integration/test_sample_run/example/output_maps/SWEN0019.asc
ncols         174
nrows         141
xllcorner     744500.000000
yllcorner     5140950.000000
cellsize      250.000000
NODATA_value  -9999.0
[rows 62 to 92 of 141, columns 69 to 137 of 174]
7.637 7.674 7.609 7.577 7.479 7.283 7.301 7.293 7.332 7.383 7.344 7.387 7.344 7.438 7.408 7.617 7.687 7.847 7.929 8.205 8.313 8.331 8.458 8.872 9.583 9.829 10.611 11.605 10.903 11.140 10.410 10.655 10.112 8.446 7.194 7.277 6.945 8.787 8.305 7.670 6.501 6.725 10.439 12.083 11.308 10.804 9.929 10.451 10.065 10.124 10.265 8.377 9.025 8.944 7.775 8.306 7.843 8.284 8.033 8.627 9.689 10.945 13.447 10.976 8.647 9.053 9.308 8.109 6.545
8.383 7.894 7.495 7.905 7.312 7.414 7.178 7.235 7.399 7.109 7.139 7.281 7.253 7.114 7.235 7.589 7.332 7.327 7.750 8.042 7.852 8.139 8.367 8.837 8.961 10.957 11.699 9.439 9.926 8.715 9.183 7.647 7.130 6.807 7.170 7.336 7.028 7.941 7.371 8.322 7.023 7.607 9.493 11.893 13.123 13.077 13.580 14.202 11.864 9.895 9.943 10.033 9.385 8.454 7.978 8.379 8.329 8.301 7.913 8.530 9.722 10.574 12.403 12.566 9.291 8.991 9.178 8.452 8.858
8.315 7.899 7.744 7.584 7.799 7.197 7.396 7.473 7.338 7.009 6.547 6.585 6.799 7.056 7.130 7.506 7.505 7.529 7.445 7.405 8.008 8.659 8.602 9.169 10.455 9.800 9.016 9.298 8.936 7.384 7.790 8.048 7.867 7.217 7.347 6.911 7.080 7.618 8.188 8.329 7.340 7.609 8.274 9.269 9.510 10.582 11.977 13.099 14.810 10.758 9.191 12.254 10.063 7.710 7.459 7.151 8.438 8.267 8.494 8.528 8.982 10.252 10.069 12.302 12.180 8.077 9.546 10.860 11.343
8.248 7.940 8.651 8.055 8.873 8.060 7.872 7.628 7.537 7.494 7.460 7.006 6.819 6.988 6.965 7.313 7.539 7.806 7.870 8.534 9.146 9.563 10.010 10.938 8.787 7.713 8.427 7.643 7.284 7.603 7.073 6.815 7.190 7.117 6.661 7.243 8.376 8.156 8.281 8.547 8.710 7.801 7.306 8.453 9.007 10.009 9.770 11.970 13.195 12.263 12.291 10.905 8.565 9.712 8.737 6.493 7.551 8.845 8.142 8.898 9.248 9.103 10.896 10.256 10.575 10.774 11.022 10.772 9.139
8.252 8.111 9.341 9.560 9.516 9.431 8.823 7.861 7.954 7.920 7.984 7.780 7.318 7.164 6.695 6.825 6.516 7.266 8.008 8.417 8.574 9.055 8.301 7.384 7.725 7.258 6.771 6.883 6.934 7.252 7.325 7.309 6.562 6.776 5.835 10.049 7.771 8.462 8.181 8.311 8.399 8.908 9.007 8.961 8.114 10.087 11.360 10.782 10.778 14.202 13.207 8.766 10.797 9.857 10.031 9.856 7.109 9.062 8.432 8.331 10.027 10.515 10.468 9.027 9.386 14.438 10.505 9.528 8.336
7.936 8.746 8.196 8.981 9.710 9.575 9.383 8.638 8.494 8.892 8.530 8.421 8.051 7.521 7.018 6.567 6.810 6.807 7.462 8.310 8.030 8.160 7.084 5.946 6.470 6.697 6.557 6.861 6.954 7.556 7.488 7.797 6.060 7.005 8.422 7.092 8.498 8.277 8.349 9.304 8.184 9.056 9.062 9.841 7.727 9.507 10.808 11.396 12.426 14.530 12.871 9.093 12.121 10.761 11.331 7.668 8.406 9.579 9.527 9.662 8.945 8.930 7.671 8.723 13.086 11.017 9.735 8.535 8.200
8.334 8.825 7.827 9.041 10.569 9.575 9.721 9.808 9.640 10.215 9.750 8.769 8.078 7.898 7.447 6.571 6.709 6.660 7.450 8.372 7.544 7.482 6.660 7.072 7.193 6.366 6.747 6.540 7.696 7.609 6.762 5.850 7.416 7.542 10.770 6.776 8.808 8.699 8.525 9.254 8.559 8.592 7.828 8.351 8.199 9.153 10.876 11.027 12.756 15.338 11.523 11.926 11.834 12.227 13.190 7.752 7.957 9.630 8.952 8.033 8.091 8.160 8.072 10.951 14.266 9.390 9.631 9.296 9.235
8.998 8.781 8.918 8.415 9.900 10.285 10.199 10.247 9.986 9.750 10.118 9.808 9.042 7.473 7.355 6.722 6.626 6.892 7.987 7.684 6.925 7.297 6.384 6.161 7.493 7.116 7.860 7.518 7.623 7.170 8.119 7.399 11.253 9.897 7.666 7.703 9.217 9.525 7.377 8.979 10.325 8.729 9.422 8.467 9.583 11.088 9.692 10.977 10.782 11.963 15.337 13.127 13.321 14.108 12.148 8.124 7.840 9.601 7.578 7.569 9.182 9.967 11.413 15.802 9.671 10.461 11.169 10.263 8.686
9.100 8.963 8.817 9.203 10.050 9.825 9.829 9.805 9.745 9.508 9.575 8.159 7.588 7.669 7.068 6.469 6.316 7.151 7.640 7.611 7.021 6.995 5.269 6.626 5.524 9.870 6.883 6.004 6.501 7.748 7.746 11.095 11.770 14.188 8.358 7.344 9.323 9.589 7.261 8.777 13.579 11.154 11.558 10.439 10.215 11.529 11.866 11.371 11.182 11.895 15.393 12.691 12.972 14.263 9.303 7.675 9.493 9.911 7.713 7.979 10.355 10.667 10.567 10.167 11.083 11.280 11.017 8.964 -9999.000
9.285 9.113 9.042 9.405 10.103 9.854 9.805 9.776 9.673 9.521 7.301 6.395 6.628 7.542 7.368 5.983 6.132 6.886 7.089 7.674 6.432 5.935 5.835 8.041 6.539 8.158 6.798 7.929 7.317 10.287 7.218 9.567 12.829 12.657 9.966 8.108 9.486 9.838 8.166 10.923 11.575 14.218 14.652 12.609 10.873 12.229 12.416 13.002 12.002 11.165 11.566 15.466 14.764 11.793 9.409 8.038 9.425 10.094 9.461 9.218 9.106 10.017 9.904 9.221 10.781 12.688 11.493 -9999.000 -9999.000
9.343 9.068 9.001 9.563 10.009 9.799 9.718 9.369 9.818 9.781 7.331 6.241 7.341 7.163 6.869 6.346 6.019 6.453 7.417 7.109 5.719 5.668 7.417 10.896 10.648 6.488 8.135 8.756 9.015 9.575 7.799 8.590 14.200 11.939 10.119 9.427 9.875 9.960 10.330 11.947 12.231 11.207 13.671 14.958 11.866 12.333 12.122 11.480 12.199 12.981 11.975 13.053 14.277 13.035 8.542 8.117 9.870 10.383 10.157 10.417 10.075 10.523 11.238 11.403 10.946 10.991 -9999.000 -9999.000 -9999.000
9.420 9.144 9.314 9.889 9.788 9.603 9.143 9.866 10.158 9.473 7.375 6.322 6.600 6.611 6.703 6.511 5.936 6.402 7.827 7.057 5.076 5.698 8.828 10.426 12.493 9.664 10.708 12.001 8.167 10.454 8.582 9.503 15.074 12.300 11.104 11.498 9.742 10.854 10.945 12.449 12.402 13.803 13.700 14.207 14.711 12.772 12.014 11.773 13.080 13.842 14.175 14.554 14.169 11.219 10.338 8.736 10.260 10.489 10.286 10.310 11.064 10.868 10.694 11.390 11.561 11.666 -9999.000 -9999.000 -9999.000
9.073 9.641 9.760 9.637 9.396 8.574 9.005 10.727 10.008 8.475 7.090 6.764 7.248 6.977 6.474 5.793 5.763 6.625 6.993 5.927 3.963 5.949 9.098 9.831 11.773 13.855 14.136 12.482 10.503 8.419 9.380 10.799 15.560 15.573 10.235 10.768 11.741 11.767 11.223 12.176 11.743 14.001 13.458 13.165 14.400 12.805 11.450 12.252 12.326 11.984 13.502 15.727 13.454 11.968 10.539 9.680 10.532 10.576 10.514 10.850 10.598 10.222 9.420 8.777 9.944 10.564 -9999.000 -9999.000 -9999.000
9.637 9.684 9.603 9.569 8.624 9.308 10.352 9.322 8.613 7.730 7.332 6.403 6.833 6.761 6.267 5.653 5.870 6.300 5.481 5.937 6.161 7.466 10.708 8.827 8.201 10.314 10.331 9.524 11.948 13.266 12.826 12.578 16.652 10.815 12.897 13.553 13.222 11.602 12.556 11.627 13.104 13.633 12.392 13.553 13.325 13.513 13.047 16.018 15.157 16.337 14.805 12.958 11.796 11.394 11.522 11.460 10.902 10.467 10.453 10.380 9.007 9.081 9.747 10.902 11.311 -9999.000 -9999.000 -9999.000 -9999.000
9.715 9.396 9.473 9.250 9.224 10.517 9.354 8.114 7.468 7.015 6.765 6.667 6.653 6.402 6.052 5.577 5.723 5.769 5.403 6.180 6.522 6.584 6.354 8.222 7.495 8.953 9.161 10.734 9.634 11.687 12.867 14.057 16.576 11.941 12.883 13.556 13.578 11.368 11.651 11.273 14.740 12.529 12.311 14.941 18.652 17.938 17.980 16.336 14.213 12.245 12.596 11.687 11.952 11.783 11.766 11.088 10.959 10.946 10.612 9.861 10.003 10.978 10.992 11.991 12.818 -9999.000 -9999.000 -9999.000 -9999.000
9.216 9.167 9.167 9.240 9.805 9.721 8.021 6.932 6.990 6.817 6.818 6.492 6.243 5.547 5.355 5.470 5.376 6.022 6.463 7.025 7.328 7.902 7.636 8.460 8.887 8.184 9.752 10.876 10.820 10.731 11.290 15.875 15.267 15.011 14.030 12.155 13.138 11.836 14.011 17.544 18.276 16.971 18.166 17.464 14.322 14.822 13.219 13.920 13.942 14.382 13.000 12.018 12.347 11.984 11.984 11.825 11.217 10.974 10.702 10.391 10.611 11.127 11.496 10.699 9.756 -9999.000 -9999.000 -9999.000 -9999.000
8.925 9.060 8.888 9.218 9.856 8.327 7.097 7.186 7.514 6.835 6.682 6.197 5.899 5.061 5.319 5.323 5.291 5.855 6.316 6.941 6.902 9.089 8.714 9.227 9.495 10.184 9.424 9.752 11.136 12.594 13.946 13.168 13.499 16.660 16.708 15.507 15.052 15.175 18.462 14.868 12.874 13.905 12.779 12.666 12.293 13.672 14.268 15.028 15.549 14.382 12.346 12.358 12.652 11.999 11.930 11.377 11.362 10.993 10.808 10.406 10.502 11.319 11.563 11.539 11.057 -9999.000 -9999.000 -9999.000 -9999.000
8.802 9.057 9.188 9.444 8.856 7.999 7.797 7.309 7.567 7.068 6.421 5.731 5.599 5.037 5.213 5.221 5.186 5.584 5.869 6.423 6.371 7.085 8.272 8.668 11.020 10.947 10.667 11.467 11.593 11.698 13.152 12.476 13.056 13.671 13.814 15.778 15.805 15.964 13.525 11.921 10.614 11.834 11.481 11.640 13.091 13.407 14.151 15.015 13.975 14.666 13.415 12.800 13.198 13.423 11.586 10.869 11.387 11.241 11.076 10.778 10.030 10.656 10.647 10.599 10.620 -9999.000 -9999.000 -9999.000 -9999.000
8.926 8.935 9.130 8.296 8.119 8.138 8.140 7.483 6.665 6.236 6.176 5.934 5.679 4.878 5.009 5.274 5.633 6.341 6.196 6.575 6.593 6.949 7.576 8.367 9.760 10.613 10.430 10.415 11.049 12.108 12.730 12.739 11.995 12.368 13.090 13.547 13.694 12.691 11.767 11.563 11.949 12.499 13.259 13.148 13.922 13.353 14.326 14.600 13.999 14.972 14.673 14.796 13.124 11.746 11.790 11.521 11.561 11.306 11.190 11.121 10.843 10.790 10.746 11.003 11.311 -9999.000 -9999.000 -9999.000 -9999.000
8.714 8.121 7.072 7.147 7.188 8.316 8.139 7.620 6.749 6.117 6.210 5.663 5.329 4.755 4.840 5.715 6.152 6.476 6.713 6.879 6.808 6.755 7.055 8.004 9.299 9.527 9.786 10.198 11.002 11.792 12.278 11.766 11.443 12.177 12.687 12.774 12.717 11.705 11.248 11.315 12.292 12.542 13.093 12.585 12.849 13.026 13.836 13.490 14.019 14.243 15.109 13.491 12.544 12.595 12.407 12.017 11.515 11.114 11.058 11.198 11.124 11.084 10.970 11.131 11.556 11.632 -9999.000 -9999.000 -9999.000
7.234 6.383 6.055 6.256 6.747 6.308 6.879 7.481 7.382 6.253 6.167 5.571 4.591 4.732 5.162 6.020 6.239 6.571 6.924 6.855 6.761 6.987 7.130 7.745 9.088 9.505 9.428 10.063 10.784 11.151 12.317 11.648 11.638 12.099 12.539 13.040 13.868 12.164 12.398 12.918 12.528 11.764 12.085 12.916 11.852 12.854 12.481 12.869 13.815 13.482 13.115 14.315 13.317 12.939 12.262 12.082 11.773 11.569 11.112 11.055 11.268 10.854 10.604 11.238 12.020 11.689 -9999.000 -9999.000 -9999.000
6.514 6.229 5.477 5.430 5.891 5.262 5.773 6.568 7.233 6.307 5.364 4.089 4.494 4.625 4.933 5.739 6.392 6.790 6.641 6.945 6.863 7.061 7.379 7.904 7.926 9.199 9.875 10.179 10.292 10.886 11.964 11.857 11.168 11.586 12.244 12.815 14.136 12.328 11.221 12.102 10.839 11.064 10.823 12.107 11.675 11.254 11.354 12.498 12.560 12.761 13.193 13.859 14.006 13.418 13.471 12.399 13.046 12.473 11.434 11.213 11.029 10.754 11.674 11.647 11.369 11.627 -9999.000 -9999.000 -9999.000
5.909 5.876 5.069 5.226 5.179 5.066 5.121 5.685 5.737 5.398 4.976 4.489 4.353 4.574 4.760 6.079 6.667 6.594 6.390 6.958 6.900 6.956 7.669 7.886 8.306 8.494 9.034 9.861 9.974 10.835 12.391 11.693 11.434 10.860 11.520 12.283 11.010 9.624 9.772 9.616 10.525 11.527 11.714 11.724 11.686 11.975 11.917 12.209 12.968 13.271 12.972 12.991 15.063 13.488 13.603 13.424 13.555 12.186 12.085 11.753 10.919 12.004 12.151 11.975 11.574 -9999.000 -9999.000 -9999.000 -9999.000
4.802 5.433 4.807 4.489 4.566 4.684 4.742 4.764 4.478 5.875 5.078 4.150 3.853 4.990 5.007 6.017 6.242 5.975 6.082 6.584 6.561 7.128 7.306 7.767 8.062 8.849 9.479 9.960 10.459 11.468 12.123 11.065 10.867 9.892 10.370 9.117 8.507 9.400 10.317 10.710 10.600 10.517 10.510 10.710 11.177 11.360 11.727 12.439 12.507 13.036 12.581 13.585 15.190 14.918 14.574 14.059 12.866 12.362 12.115 11.936 11.547 12.737 12.569 12.062 11.591 -9999.000 -9999.000 -9999.000 -9999.000
4.309 4.204 4.355 4.305 4.440 4.571 4.519 4.522 4.664 4.774 4.606 4.163 3.767 4.973 4.951 5.577 5.712 5.588 5.665 6.306 6.687 7.154 7.306 7.792 8.409 9.535 10.174 10.513 10.408 10.763 10.022 9.753 9.697 9.309 9.582 9.796 9.818 10.396 9.850 9.287 9.812 10.514 11.474 12.622 12.531 13.046 12.330 12.665 13.019 14.023 13.619 13.678 14.295 14.487 14.142 13.615 13.149 12.478 12.381 12.104 12.405 12.435 13.072 11.960 11.752 -9999.000 -9999.000 -9999.000 -9999.000
3.936 3.796 3.731 4.004 4.224 4.251 4.175 4.393 4.185 4.338 4.035 3.866 3.664 3.892 4.177 4.649 4.789 5.212 5.844 6.413 6.713 6.961 6.790 8.125 8.966 9.367 9.142 9.148 9.506 8.592 8.660 8.903 9.039 9.276 9.275 9.507 9.485 9.467 9.583 10.355 10.821 12.777 13.451 14.159 15.128 14.488 13.415 13.325 13.954 14.016 13.955 14.011 14.184 14.563 14.207 13.568 12.671 12.431 12.451 12.389 12.666 12.792 12.992 12.029 12.389 -9999.000 -9999.000 -9999.000 -9999.000
3.756 3.685 3.696 3.564 3.772 3.641 3.629 3.757 3.770 3.927 3.776 3.767 3.522 3.355 3.681 4.103 4.272 4.307 5.187 5.983 6.267 6.815 6.889 7.582 7.621 7.523 7.956 8.610 8.461 8.878 8.757 8.953 9.113 9.134 8.828 9.023 8.546 9.390 9.705 11.135 13.038 13.493 13.723 15.094 14.182 14.075 13.870 13.589 13.531 12.774 13.331 13.141 14.022 14.644 14.184 13.469 12.998 12.748 12.486 12.640 12.991 12.824 12.246 13.519 12.467 -9999.000 -9999.000 -9999.000 -9999.000
3.488 3.362 3.505 3.852 3.834 3.695 3.548 3.330 3.236 3.382 3.547 3.306 3.188 3.834 4.151 4.500 4.771 5.121 4.469 4.949 5.616 6.422 7.137 7.078 6.858 7.184 7.393 7.903 7.704 8.046 8.017 8.574 8.684 8.338 9.174 9.262 9.518 10.245 11.723 13.792 14.836 13.428 14.586 15.374 13.793 13.235 13.345 13.909 12.920 13.953 14.360 14.523 14.445 14.526 14.326 14.126 13.587 13.104 12.912 13.093 13.225 13.129 12.590 13.150 13.826 -9999.000 -9999.000 -9999.000 -9999.000
3.279 3.866 3.757 3.812 3.853 3.647 3.708 3.713 3.507 2.886 3.084 2.952 2.996 3.837 4.615 4.793 5.098 5.127 5.118 5.354 5.268 5.778 6.709 6.696 6.741 6.770 6.746 7.343 7.515 7.762 7.773 8.385 8.921 9.460 10.718 10.562 10.535 11.533 12.449 14.416 15.337 15.448 14.782 15.012 15.752 14.566 13.069 13.399 13.400 14.013 15.286 15.162 15.072 13.850 13.611 13.318 13.776 13.293 12.887 13.001 13.268 13.332 13.106 12.698 -9999.000 -9999.000 -9999.000 -9999.000 -9999.000
3.558 3.213 3.180 3.169 3.337 3.297 3.314 3.087 3.148 2.776 2.716 3.012 3.486 4.229 4.675 4.964 5.395 5.637 5.948 6.149 5.913 5.867 6.026 6.358 6.530 7.057 6.789 6.249 6.993 9.012 9.137 9.530 10.499 11.943 12.529 12.756 12.345 12.981 14.224 13.661 13.642 14.094 14.735 15.627 16.382 15.728 13.866 13.023 -9999.000 -9999.000 -9999.000 -9999.000 -9999.000 -9999.000 -9999.000 13.998 13.004 13.656 13.299 12.890 13.145 13.503 13.314 -9999.000 -9999.000 -9999.000 -9999.000 -9999.000 -9999.000
3.083 2.733 2.691 2.849 2.942 2.992 3.017 3.000 2.945 2.555 2.607 3.060 3.412 4.154 4.580 4.899 5.453 5.941 6.265 6.590 6.335 6.158 6.362 6.732 6.749 7.192 8.764 9.288 8.185 7.989 9.195 9.231 10.421 10.617 10.938 11.797 12.671 13.684 13.538 13.710 13.157 13.436 15.687 15.234 -9999.000 -9999.000 -9999.000 -9999.000 -9999.000 -9999.000 -9999.000 -9999.000 -9999.000 -9999.000 -9999.000 -9999.000 -9999.000 13.340 13.670 13.070 12.930 13.272 -9999.000 -9999.000 -9999.000 -9999.000 -9999.000 -9999.000 -9999.000
