test_integration/test_sample_run/example/output_maps/SWEN0037.asc
ncols         174
nrows         141
xllcorner     744500.000000
yllcorner     5140950.000000
cellsize      250.000000
NODATA_value  -9999.0
[rows 31 to 61 of 141, columns 0 to 68 of 174]
-9999.000 -9999.000 -9999.000 -9999.000 -9999.000 -9999.000 -9999.000 -9999.000 -9999.000 -9999.000 -9999.000 -9999.000 -9999.000 -9999.000 -9999.000 -9999.000 -9999.000 -9999.000 -9999.000 -9999.000 -9999.000 -9999.000 -9999.000 -9999.000 -9999.000 -9999.000 -9999.000 -9999.000 -9999.000 -9999.000 -9999.000 -9999.000 -9999.000 -9999.000 -9999.000 -9999.000 -9999.000 17.887 15.120 16.474 16.570 16.755 14.932 14.795 18.697 16.336 15.366 16.974 -9999.000 -9999.000 -9999.000 -9999.000 -9999.000 -9999.000 -9999.000 -9999.000 -9999.000 -9999.000 -9999.000 20.358 13.852 15.771 15.307 11.649 15.258 19.898 15.330 10.559 10.412
-9999.000 -9999.000 -9999.000 -9999.000 -9999.000 -9999.000 -9999.000 -9999.000 -9999.000 -9999.000 -9999.000 -9999.000 -9999.000 -9999.000 -9999.000 -9999.000 -9999.000 -9999.000 -9999.000 -9999.000 -9999.000 -9999.000 -9999.000 -9999.000 -9999.000 -9999.000 -9999.000 -9999.000 -9999.000 -9999.000 -9999.000 -9999.000 -9999.000 -9999.000 -9999.000 -9999.000 17.924 18.196 16.722 16.487 16.963 15.639 14.221 12.514 12.954 11.564 16.740 16.246 17.469 -9999.000 -9999.000 -9999.000 -9999.000 -9999.000 -9999.000 -9999.000 13.787 14.230 12.077 19.947 13.166 11.490 13.912 12.806 12.940 15.851 22.167 11.994 10.319
-9999.000 -9999.000 -9999.000 -9999.000 -9999.000 -9999.000 -9999.000 -9999.000 -9999.000 -9999.000 -9999.000 -9999.000 -9999.000 -9999.000 -9999.000 -9999.000 -9999.000 -9999.000 -9999.000 -9999.000 -9999.000 -9999.000 -9999.000 -9999.000 -9999.000 -9999.000 -9999.000 -9999.000 -9999.000 -9999.000 -9999.000 -9999.000 -9999.000 -9999.000 -9999.000 17.185 17.740 17.746 17.775 15.910 15.061 13.349 13.963 11.385 10.462 9.821 12.082 14.251 15.860 15.813 10.597 22.975 10.672 16.700 16.856 15.886 11.611 12.704 10.911 16.147 11.613 12.292 13.004 9.083 13.504 19.896 16.811 17.919 12.622
-9999.000 -9999.000 -9999.000 -9999.000 -9999.000 -9999.000 -9999.000 -9999.000 -9999.000 -9999.000 -9999.000 -9999.000 -9999.000 -9999.000 -9999.000 -9999.000 -9999.000 -9999.000 -9999.000 -9999.000 -9999.000 -9999.000 -9999.000 -9999.000 -9999.000 -9999.000 -9999.000 -9999.000 -9999.000 -9999.000 -9999.000 -9999.000 -9999.000 14.937 16.344 17.047 16.406 15.821 17.520 15.465 12.891 13.791 12.953 11.824 11.656 13.516 13.489 12.939 13.656 15.494 11.880 17.086 10.906 14.421 16.815 16.032 14.913 14.215 10.515 10.195 15.221 11.516 12.631 8.864 12.945 15.006 14.908 15.309 16.637
-9999.000 -9999.000 -9999.000 -9999.000 -9999.000 -9999.000 -9999.000 -9999.000 -9999.000 -9999.000 -9999.000 -9999.000 -9999.000 -9999.000 -9999.000 -9999.000 -9999.000 -9999.000 -9999.000 -9999.000 -9999.000 -9999.000 -9999.000 -9999.000 -9999.000 -9999.000 -9999.000 -9999.000 -9999.000 -9999.000 -9999.000 -9999.000 15.304 14.481 14.032 15.152 14.655 13.021 15.322 16.831 13.972 12.676 9.906 12.254 12.632 10.420 11.718 11.417 15.137 18.870 18.322 13.292 20.071 11.358 14.428 15.004 13.596 14.800 11.517 10.487 15.303 10.915 12.913 9.260 11.866 13.426 15.075 14.094 17.683
-9999.000 -9999.000 -9999.000 -9999.000 -9999.000 -9999.000 -9999.000 -9999.000 -9999.000 -9999.000 -9999.000 -9999.000 -9999.000 -9999.000 -9999.000 -9999.000 -9999.000 -9999.000 -9999.000 -9999.000 -9999.000 -9999.000 -9999.000 -9999.000 -9999.000 -9999.000 -9999.000 -9999.000 -9999.000 -9999.000 -9999.000 -9999.000 -9999.000 14.759 13.928 12.989 14.002 13.851 12.060 14.017 11.951 11.191 11.515 12.746 11.636 11.010 11.317 14.864 16.346 15.902 16.778 16.629 16.562 19.182 16.545 13.071 11.853 13.881 13.836 11.007 11.545 10.130 12.979 10.545 10.579 15.216 15.059 12.549 16.901
-9999.000 -9999.000 -9999.000 -9999.000 -9999.000 -9999.000 -9999.000 -9999.000 -9999.000 -9999.000 -9999.000 -9999.000 -9999.000 -9999.000 -9999.000 -9999.000 -9999.000 -9999.000 -9999.000 -9999.000 -9999.000 -9999.000 -9999.000 -9999.000 -9999.000 -9999.000 -9999.000 -9999.000 -9999.000 -9999.000 -9999.000 -9999.000 -9999.000 13.348 13.669 13.754 11.850 13.378 9.504 12.060 13.168 12.775 9.790 12.602 11.431 10.443 12.648 14.143 15.600 13.639 14.463 19.672 12.189 11.861 12.876 15.836 12.638 11.090 12.703 12.456 9.490 10.043 12.407 10.963 10.622 11.678 12.759 14.709 18.805
-9999.000 -9999.000 -9999.000 -9999.000 -9999.000 -9999.000 -9999.000 -9999.000 -9999.000 -9999.000 -9999.000 -9999.000 -9999.000 -9999.000 -9999.000 -9999.000 -9999.000 -9999.000 -9999.000 -9999.000 -9999.000 -9999.000 -9999.000 -9999.000 -9999.000 -9999.000 -9999.000 -9999.000 -9999.000 -9999.000 -9999.000 -9999.000 -9999.000 15.387 12.926 11.397 12.703 10.688 10.479 9.834 10.666 11.815 9.908 12.233 11.077 10.579 12.716 14.248 14.222 16.269 15.312 14.120 12.423 14.676 11.981 11.505 17.942 10.322 10.082 11.874 11.165 10.696 11.916 10.064 9.130 10.353 15.039 18.902 14.965
-9999.000 -9999.000 -9999.000 -9999.000 -9999.000 -9999.000 -9999.000 -9999.000 -9999.000 -9999.000 -9999.000 -9999.000 -9999.000 -9999.000 -9999.000 -9999.000 -9999.000 -9999.000 -9999.000 -9999.000 -9999.000 -9999.000 -9999.000 -9999.000 -9999.000 -9999.000 -9999.000 -9999.000 -9999.000 -9999.000 -9999.000 -9999.000 -9999.000 15.575 14.613 14.221 10.312 9.952 10.969 9.180 9.760 9.234 10.781 11.552 10.268 12.726 12.030 12.537 15.512 14.598 13.307 13.974 16.020 13.213 12.977 10.511 12.592 12.827 9.469 10.262 9.796 11.045 11.346 8.106 8.790 12.271 14.201 19.123 12.539
-9999.000 -9999.000 -9999.000 -9999.000 -9999.000 -9999.000 -9999.000 -9999.000 -9999.000 -9999.000 -9999.000 -9999.000 -9999.000 -9999.000 -9999.000 -9999.000 -9999.000 -9999.000 -9999.000 -9999.000 -9999.000 -9999.000 -9999.000 -9999.000 -9999.000 -9999.000 -9999.000 -9999.000 -9999.000 -9999.000 -9999.000 -9999.000 12.316 11.383 11.363 10.483 9.888 11.284 11.782 11.830 11.512 9.668 10.590 10.320 9.643 13.975 12.278 10.708 12.369 13.651 14.010 14.796 16.866 12.907 11.469 10.944 9.716 15.188 12.373 9.591 8.512 11.591 11.315 8.636 7.819 10.167 14.407 15.889 12.386
-9999.000 -9999.000 -9999.000 -9999.000 -9999.000 -9999.000 -9999.000 -9999.000 -9999.000 -9999.000 -9999.000 -9999.000 -9999.000 -9999.000 -9999.000 -9999.000 -9999.000 -9999.000 -9999.000 -9999.000 -9999.000 -9999.000 -9999.000 -9999.000 -9999.000 -9999.000 -9999.000 -9999.000 -9999.000 -9999.000 -9999.000 11.835 11.179 11.474 11.919 11.696 12.387 11.591 11.156 10.632 11.139 10.905 10.440 9.479 9.320 12.688 10.773 11.020 10.337 11.117 13.319 12.060 13.910 14.133 9.567 11.006 8.963 11.981 10.970 10.984 10.445 10.958 11.009 8.074 8.875 9.800 15.776 12.692 13.138
-9999.000 -9999.000 -9999.000 -9999.000 -9999.000 -9999.000 -9999.000 -9999.000 -9999.000 -9999.000 -9999.000 -9999.000 -9999.000 -9999.000 -9999.000 -9999.000 -9999.000 -9999.000 -9999.000 -9999.000 -9999.000 -9999.000 -9999.000 -9999.000 -9999.000 -9999.000 -9999.000 -9999.000 -9999.000 -9999.000 12.911 12.904 13.182 13.190 11.685 12.503 11.186 9.884 10.167 9.697 9.823 10.303 10.675 9.234 8.761 8.912 10.279 11.183 10.468 9.441 10.467 11.859 11.352 13.337 9.699 11.767 9.996 10.290 14.195 10.328 8.872 10.609 10.874 8.694 7.418 10.377 14.013 12.947 11.110
-9999.000 -9999.000 -9999.000 -9999.000 -9999.000 -9999.000 -9999.000 -9999.000 -9999.000 -9999.000 -9999.000 -9999.000 -9999.000 -9999.000 -9999.000 -9999.000 -9999.000 -9999.000 -9999.000 -9999.000 -9999.000 -9999.000 -9999.000 -9999.000 -9999.000 -9999.000 -9999.000 -9999.000 -9999.000 -9999.000 13.928 14.678 13.209 13.297 13.060 12.474 10.340 10.903 11.797 10.779 9.024 9.287 9.911 10.272 8.690 7.927 9.531 8.046 10.015 9.437 8.179 11.096 11.291 11.016 11.490 10.955 10.494 9.720 12.992 11.169 8.859 9.823 9.945 8.524 10.210 11.396 11.036 11.704 8.882
-9999.000 -9999.000 -9999.000 -9999.000 -9999.000 -9999.000 -9999.000 -9999.000 -9999.000 -9999.000 -9999.000 -9999.000 -9999.000 -9999.000 -9999.000 -9999.000 -9999.000 -9999.000 -9999.000 -9999.000 -9999.000 -9999.000 -9999.000 -9999.000 -9999.000 -9999.000 -9999.000 -9999.000 -9999.000 -9999.000 13.809 13.666 14.887 12.912 14.503 12.621 10.776 16.470 11.849 9.494 8.328 9.584 9.729 9.326 10.233 10.246 9.979 8.612 8.257 9.133 8.723 8.642 10.329 9.476 11.638 9.147 10.760 10.544 10.178 11.659 8.583 9.841 10.464 8.598 9.226 13.999 10.485 9.609 8.805
-9999.000 -9999.000 -9999.000 -9999.000 -9999.000 -9999.000 -9999.000 -9999.000 -9999.000 -9999.000 -9999.000 -9999.000 -9999.000 -9999.000 -9999.000 -9999.000 -9999.000 -9999.000 -9999.000 -9999.000 -9999.000 -9999.000 13.844 14.021 13.678 13.324 14.472 -9999.000 -9999.000 -9999.000 14.895 14.253 15.150 12.601 14.008 11.657 16.037 11.296 10.014 8.809 8.674 10.973 9.730 9.261 9.153 9.405 9.564 9.692 8.937 8.768 8.469 8.516 8.921 9.374 9.222 9.724 10.449 9.581 9.074 9.395 7.720 8.094 8.746 7.778 10.287 13.325 10.195 9.279 10.987
-9999.000 -9999.000 -9999.000 -9999.000 -9999.000 -9999.000 -9999.000 -9999.000 -9999.000 -9999.000 -9999.000 -9999.000 -9999.000 -9999.000 -9999.000 -9999.000 -9999.000 -9999.000 -9999.000 -9999.000 -9999.000 13.365 13.795 14.025 13.605 12.933 14.970 15.256 -9999.000 16.514 15.167 15.307 15.259 16.860 13.672 16.592 12.585 10.615 9.094 8.823 10.259 9.550 8.854 11.332 9.346 8.585 8.967 8.051 9.125 9.438 8.953 9.296 8.782 8.977 7.792 9.506 9.031 7.793 7.916 7.206 6.703 8.329 7.150 8.140 11.368 12.428 10.635 10.306 10.996
-9999.000 -9999.000 -9999.000 -9999.000 -9999.000 -9999.000 -9999.000 -9999.000 -9999.000 -9999.000 -9999.000 -9999.000 -9999.000 -9999.000 -9999.000 -9999.000 -9999.000 -9999.000 -9999.000 13.339 13.177 13.202 13.631 13.647 12.969 14.216 14.447 15.704 15.337 16.905 14.632 17.457 16.782 15.250 15.965 10.971 10.014 10.316 8.937 10.256 10.259 8.838 10.754 11.370 10.243 9.623 9.333 8.355 7.616 8.770 8.590 8.069 8.326 7.675 7.146 7.478 7.430 6.652 6.458 6.213 6.721 7.339 7.163 9.840 9.753 11.981 9.562 9.561 10.814
-9999.000 -9999.000 -9999.000 -9999.000 -9999.000 -9999.000 -9999.000 -9999.000 -9999.000 -9999.000 -9999.000 -9999.000 -9999.000 -9999.000 -9999.000 -9999.000 13.188 12.562 12.606 13.191 13.002 12.738 13.579 13.757 13.726 12.496 16.731 13.571 14.225 16.795 14.515 14.897 15.193 13.288 11.567 10.185 10.470 10.080 10.321 10.644 9.820 10.309 10.970 10.906 10.897 12.237 11.223 11.010 8.117 7.941 8.739 8.215 8.241 8.204 8.385 8.588 8.634 8.468 7.832 7.585 7.864 6.950 8.118 7.677 9.110 10.163 8.564 9.603 10.124
-9999.000 -9999.000 -9999.000 -9999.000 -9999.000 -9999.000 -9999.000 -9999.000 -9999.000 -9999.000 -9999.000 -9999.000 -9999.000 -9999.000 -9999.000 -9999.000 12.185 12.402 12.952 13.050 12.943 13.160 13.372 13.286 14.588 13.520 12.448 14.215 18.714 16.593 18.528 13.554 12.667 11.228 10.861 10.370 11.031 11.672 11.097 9.986 11.498 9.975 11.939 14.090 12.449 10.343 9.899 9.327 9.488 8.975 8.260 8.534 8.186 8.148 8.179 8.155 8.151 8.095 8.147 8.045 8.055 7.065 5.971 5.890 7.645 8.595 8.293 10.006 9.890
-9999.000 -9999.000 -9999.000 -9999.000 -9999.000 -9999.000 -9999.000 -9999.000 -9999.000 -9999.000 -9999.000 -9999.000 -9999.000 -9999.000 -9999.000 12.271 12.335 13.036 13.067 12.901 13.019 13.179 13.490 13.570 13.339 15.442 14.499 13.909 16.555 16.593 15.470 11.920 10.958 11.720 11.585 11.798 11.626 11.014 10.257 11.752 12.113 10.398 14.526 12.369 10.578 10.369 9.749 9.034 9.006 8.429 7.855 8.420 8.496 8.350 7.981 7.758 7.783 7.598 7.480 7.900 8.211 7.946 7.465 6.874 6.315 7.528 8.131 9.339 9.549
-9999.000 -9999.000 -9999.000 -9999.000 -9999.000 -9999.000 -9999.000 -9999.000 -9999.000 -9999.000 -9999.000 -9999.000 -9999.000 -9999.000 12.197 12.721 12.722 12.966 13.004 12.892 13.199 13.206 13.617 13.760 13.134 15.755 15.259 14.902 15.193 19.033 12.031 11.337 10.761 12.122 12.168 12.179 11.902 11.093 12.124 13.586 11.870 13.860 11.605 10.420 9.343 10.063 8.987 8.900 8.257 8.103 8.414 8.420 8.099 8.007 8.057 7.821 7.720 7.658 7.922 7.705 7.983 8.208 7.642 7.291 6.859 6.446 7.800 8.095 8.761
-9999.000 -9999.000 -9999.000 -9999.000 -9999.000 -9999.000 -9999.000 -9999.000 -9999.000 -9999.000 -9999.000 -9999.000 -9999.000 12.113 12.708 12.852 12.684 12.860 12.829 12.819 13.130 13.258 13.617 13.529 13.575 14.603 16.623 17.126 15.165 13.059 12.360 12.522 11.511 12.202 11.866 11.869 12.771 12.546 13.763 13.572 12.857 13.430 10.139 10.166 10.333 9.967 8.962 8.568 8.093 8.120 8.575 8.237 7.973 8.504 8.564 9.040 8.610 9.039 9.085 7.876 7.570 8.085 7.895 7.782 7.625 7.323 7.553 7.513 7.505
-9999.000 -9999.000 -9999.000 -9999.000 -9999.000 -9999.000 -9999.000 -9999.000 -9999.000 -9999.000 -9999.000 -9999.000 12.442 12.460 12.615 12.856 12.473 12.774 12.662 12.573 13.007 13.529 13.961 13.626 13.673 15.483 14.858 16.739 14.215 14.192 14.043 13.239 12.417 13.406 12.341 13.361 13.274 13.518 13.875 14.099 13.343 9.687 9.861 11.010 10.783 9.457 8.838 8.881 8.596 8.600 8.205 8.037 8.853 9.340 9.389 9.750 9.767 9.693 9.779 8.486 7.967 7.883 7.903 7.941 7.759 7.630 7.503 6.662 6.509
-9999.000 -9999.000 -9999.000 -9999.000 14.703 -9999.000 -9999.000 -9999.000 -9999.000 -9999.000 -9999.000 12.618 12.378 12.541 12.639 12.439 12.520 12.630 12.513 12.570 13.265 13.467 13.971 14.046 13.429 13.186 12.834 12.658 16.263 13.498 13.541 13.968 13.157 13.511 13.846 13.768 13.622 14.533 13.550 11.101 10.028 10.308 10.963 11.104 10.736 9.694 8.822 8.629 8.586 8.322 8.392 8.447 9.451 10.003 10.187 10.690 12.211 10.673 9.769 9.913 8.341 8.268 7.951 8.029 7.773 7.759 7.773 7.692 7.303
-9999.000 -9999.000 -9999.000 -9999.000 13.983 10.907 9.097 12.262 12.704 14.079 12.410 12.335 12.779 12.828 12.470 12.440 12.433 12.404 12.513 12.547 13.066 13.398 14.072 14.036 12.927 11.858 12.630 12.363 14.332 14.637 14.011 14.463 13.657 13.559 13.659 13.997 14.330 12.368 9.999 10.601 11.470 11.110 10.945 11.091 10.650 9.138 8.345 8.199 8.387 8.072 8.112 8.813 9.774 10.398 11.213 12.065 10.483 9.661 9.558 8.394 7.917 7.912 7.990 8.357 8.192 8.038 7.860 7.709 7.656
-9999.000 -9999.000 -9999.000 -9999.000 12.614 10.636 12.546 13.023 12.756 13.534 12.685 13.296 12.988 12.782 12.216 12.281 12.175 12.057 12.186 12.092 12.908 13.618 12.926 13.152 13.587 13.956 13.723 13.048 14.454 14.824 14.003 14.372 14.323 12.692 13.747 14.109 12.797 10.657 10.540 11.346 11.012 11.210 10.923 10.522 9.596 8.326 7.456 8.094 8.345 8.079 8.638 9.246 10.102 10.786 12.396 10.987 9.013 8.751 8.863 9.129 8.266 8.012 8.174 8.359 8.390 8.249 7.412 7.726 7.802
-9999.000 -9999.000 -9999.000 -9999.000 -9999.000 12.610 12.016 12.801 12.912 13.366 13.491 13.111 12.639 12.304 12.134 12.060 11.861 11.745 11.879 12.036 13.166 12.601 12.875 12.901 12.822 13.159 13.782 13.429 13.031 14.758 14.429 14.364 14.494 13.512 14.809 13.512 10.556 10.704 10.855 11.009 10.655 10.447 9.516 9.050 8.685 8.298 7.445 8.336 8.727 8.683 8.857 9.537 10.385 11.484 12.267 9.719 8.567 9.144 9.132 8.529 8.147 8.557 8.198 8.884 8.752 8.807 8.114 7.834 7.888
-9999.000 -9999.000 -9999.000 -9999.000 -9999.000 12.531 11.988 12.757 12.428 13.334 13.358 13.030 12.616 12.271 11.827 11.868 11.629 11.543 11.623 12.273 12.259 12.622 12.520 12.605 12.800 12.695 13.368 13.544 13.895 13.323 13.621 14.330 14.694 15.056 13.078 10.178 10.598 11.015 11.072 10.792 10.363 10.023 9.591 9.036 8.436 8.115 8.381 8.461 8.817 8.973 9.103 8.757 9.487 11.712 11.957 10.196 8.968 8.952 8.741 8.638 8.325 8.617 8.324 8.644 9.145 9.179 9.122 8.449 8.165
-9999.000 -9999.000 -9999.000 -9999.000 -9999.000 12.025 12.269 12.397 12.089 11.777 12.753 13.118 12.427 11.516 11.680 11.587 11.383 11.108 11.536 12.720 11.441 12.272 11.862 11.926 12.421 12.468 12.821 13.534 13.527 12.550 12.961 12.500 14.723 11.539 8.762 9.440 10.541 11.384 11.577 10.985 10.103 9.748 9.109 8.681 8.203 8.146 8.546 8.557 8.866 8.726 8.829 8.691 9.723 10.963 12.563 11.464 10.317 8.519 8.105 8.123 8.429 8.175 8.383 8.811 9.769 9.728 9.102 8.999 8.750
-9999.000 -9999.000 -9999.000 -9999.000 -9999.000 12.372 12.388 12.306 12.098 11.826 11.867 11.889 11.864 11.759 11.395 11.174 11.168 10.741 10.841 11.861 11.515 11.687 11.757 11.792 12.124 12.428 12.629 12.721 11.952 11.998 12.371 11.209 11.063 8.916 9.804 11.304 11.192 10.605 10.904 10.702 9.356 9.568 8.883 8.104 8.422 8.448 8.295 8.240 8.134 8.564 9.417 9.539 10.136 10.849 11.688 10.081 8.532 9.173 7.917 8.021 8.686 8.003 8.837 9.206 9.877 10.011 9.114 8.891 8.984
-9999.000 -9999.000 -9999.000 -9999.000 -9999.000 12.487 12.154 12.150 11.985 11.863 11.777 12.007 11.752 11.588 11.203 11.046 10.984 10.839 10.452 10.755 11.136 11.168 11.335 11.422 12.182 12.285 12.251 12.023 11.662 12.056 11.907 11.786 8.913 9.961 11.234 10.970 10.607 10.660 10.176 9.391 9.380 9.509 8.126 7.513 8.290 8.387 7.768 7.906 9.074 9.539 9.947 9.537 10.354 11.165 11.183 10.046 8.600 8.310 7.079 8.288 8.445 8.330 9.159 9.782 10.150 10.073 9.265 9.069 9.048
