test_integration/test_sample_run/example/output_maps/SWEN0048.asc
ncols         174
nrows         141
xllcorner     744500.000000
yllcorner     5140950.000000
cellsize      250.000000
NODATA_value  -9999.0
[rows 62 to 92 of 141, columns 69 to 137 of 174]
5.921 7.835 8.157 8.128 8.014 7.802 7.817 7.604 6.787 5.643 5.241 4.892 5.255 4.210 3.940 5.165 5.189 4.611 4.485 6.438 7.784 8.812 8.937 9.337 10.121 10.405 11.153 11.764 9.448 10.313 10.299 9.897 8.240 5.670 3.626 5.103 5.754 8.205 4.308 6.093 6.785 6.995 10.960 12.672 11.867 11.301 10.434 10.990 10.576 10.586 10.735 8.740 9.420 9.309 8.047 8.629 8.042 8.549 8.283 8.962 10.100 11.375 14.015 11.357 8.933 9.397 9.660 8.380 6.715
7.764 8.472 8.039 8.487 7.838 7.943 7.684 7.741 7.907 7.430 7.629 6.056 5.231 3.858 4.470 4.992 3.500 3.120 4.878 8.533 8.321 8.614 8.831 9.308 9.466 11.542 11.112 7.930 7.797 5.216 6.155 3.277 0.524 0.000 2.103 6.156 4.943 4.210 1.740 8.149 7.324 7.920 9.815 11.570 13.559 13.742 14.284 14.947 12.449 10.393 10.426 10.535 9.839 8.092 6.436 8.707 7.928 8.565 8.171 8.861 10.120 11.006 11.549 13.065 9.713 9.350 9.553 8.790 9.235
8.918 8.476 8.307 8.132 8.373 7.710 7.921 7.993 7.847 7.485 6.983 7.025 7.257 6.882 4.864 5.645 6.310 7.190 7.907 7.852 8.476 9.139 9.068 9.700 10.430 7.504 5.475 5.895 6.146 1.808 3.202 3.473 5.798 7.619 7.805 7.339 7.511 6.213 7.814 8.409 7.057 6.425 5.773 7.200 8.189 9.598 10.561 13.607 14.754 11.279 9.668 12.858 10.493 5.789 7.769 7.427 8.759 7.989 8.395 8.349 8.901 10.642 10.471 12.626 11.874 8.438 9.975 11.247 10.850
8.844 8.527 9.300 8.665 9.534 8.665 8.435 8.163 8.057 8.004 7.961 7.465 7.260 7.438 6.387 5.277 6.652 8.295 8.355 9.043 9.669 10.107 10.596 10.349 5.160 3.256 4.075 2.560 2.955 5.151 6.263 7.217 7.644 7.567 7.059 7.625 8.825 8.496 8.732 8.997 9.167 6.936 5.110 6.436 6.542 9.083 9.703 12.374 13.891 12.920 12.952 10.901 6.678 10.157 9.140 6.754 7.844 7.466 7.677 9.161 9.605 9.352 11.278 10.685 11.010 11.223 11.460 11.127 8.776
8.835 8.703 10.008 10.258 10.209 10.108 9.449 8.413 8.510 8.467 8.525 8.294 7.789 7.619 7.120 4.550 3.752 5.949 7.306 7.759 7.485 7.406 5.331 2.966 2.927 2.617 1.577 3.303 3.463 7.372 7.789 7.752 6.958 7.137 6.127 10.575 6.186 8.931 8.617 8.755 8.849 9.382 9.479 7.052 7.061 10.586 11.936 11.292 11.306 15.016 13.002 6.758 9.686 10.346 10.548 10.296 7.325 9.416 8.730 8.631 10.256 10.946 10.909 9.440 9.853 13.661 10.842 8.533 6.048
8.490 8.087 8.785 9.626 10.412 10.239 10.050 9.264 9.104 9.526 9.131 8.986 8.562 7.990 7.450 5.769 4.320 4.014 6.436 7.617 5.341 5.182 2.216 6.139 6.792 7.100 6.971 6.584 7.411 7.994 7.914 8.224 6.366 7.361 8.891 4.813 7.757 8.726 8.778 9.813 8.614 9.538 9.541 10.350 8.075 9.988 11.342 12.027 13.104 15.387 11.185 8.246 12.730 11.282 11.925 5.937 6.839 9.894 9.902 10.051 9.301 9.317 8.010 9.176 13.698 9.522 8.206 5.822 6.038
8.916 9.459 8.373 9.667 11.215 10.233 10.406 10.500 10.320 10.910 10.417 9.342 8.574 8.387 7.317 5.489 4.367 5.598 7.800 7.097 4.982 4.752 7.065 7.531 7.664 6.778 7.189 6.971 8.140 8.036 7.119 6.136 7.818 7.949 10.824 5.437 9.291 9.164 8.953 9.763 9.023 9.048 8.237 8.786 8.613 9.606 11.413 11.645 13.479 12.523 9.863 12.023 12.467 12.875 13.076 7.890 6.400 8.719 9.300 8.373 8.455 8.547 8.477 11.459 12.200 8.431 8.870 8.195 9.622
9.577 9.394 9.537 8.932 10.558 10.945 10.866 10.907 10.602 9.727 10.696 10.444 9.594 7.828 6.111 4.918 3.875 6.959 7.704 5.076 4.111 7.773 6.799 6.502 7.926 7.502 8.312 7.958 8.064 7.549 8.576 7.833 11.922 10.525 8.049 7.792 9.727 10.039 7.739 9.482 10.941 9.211 9.958 8.927 10.101 10.389 9.582 10.462 8.923 11.187 15.360 13.861 14.068 14.909 10.319 5.122 5.187 8.529 7.878 7.911 9.646 10.496 11.971 14.947 8.545 9.013 9.675 10.665 9.013
9.682 9.575 9.421 9.834 10.698 10.193 10.425 10.425 10.372 10.146 9.242 5.121 3.841 5.118 5.193 2.793 3.257 6.262 5.250 6.651 6.866 7.408 5.563 6.976 5.801 10.454 7.271 6.319 6.850 8.173 8.154 11.772 12.485 15.072 8.792 7.726 9.843 10.122 7.621 9.266 14.415 11.850 12.266 11.032 10.790 12.207 12.534 10.551 10.659 12.571 16.209 13.443 13.724 14.908 8.196 3.249 6.644 9.869 8.034 8.336 10.861 10.777 9.999 8.584 9.671 11.787 11.492 9.343 -9999.000
9.905 9.727 9.650 10.042 10.779 10.483 10.464 10.441 10.334 10.168 7.000 0.035 0.152 3.347 4.575 1.827 3.079 4.347 5.621 6.298 6.252 6.240 6.133 8.547 6.946 8.607 7.172 8.406 7.728 10.895 7.576 10.165 13.651 13.433 9.740 8.556 10.030 10.398 8.592 11.524 10.819 15.078 15.592 13.384 11.496 12.954 13.145 13.760 12.682 11.268 12.235 16.461 15.680 12.373 8.763 6.438 7.333 10.563 9.888 8.745 7.602 9.160 8.135 6.650 9.683 13.260 12.010 -9999.000 -9999.000
9.954 9.673 9.603 10.203 10.644 10.445 10.371 10.007 10.481 10.391 7.162 4.736 3.799 2.613 1.983 3.073 3.312 5.223 7.890 5.068 5.456 5.941 7.852 11.547 11.269 6.838 8.617 9.305 9.556 10.126 8.222 9.109 15.148 12.690 10.690 9.989 10.449 10.548 10.923 12.661 12.002 10.509 13.129 14.311 12.614 13.082 12.864 12.183 12.935 13.749 12.180 11.783 11.752 10.825 7.345 5.732 8.912 10.876 10.639 10.866 10.540 10.142 9.131 9.652 10.735 10.030 -9999.000 -9999.000 -9999.000
10.028 9.756 9.938 10.538 10.410 10.240 9.750 10.539 10.833 10.024 6.332 4.411 5.489 2.863 2.236 2.714 3.455 5.675 7.321 5.003 4.384 5.971 9.359 11.019 13.265 10.324 11.353 12.776 8.691 11.046 9.091 10.114 16.119 13.102 11.817 11.727 10.320 11.504 11.597 13.233 13.193 14.676 14.551 15.125 15.677 13.577 12.779 12.527 13.906 14.704 15.041 14.458 11.740 7.377 8.315 6.082 10.124 10.227 10.784 10.807 11.037 11.343 11.178 11.967 12.133 8.549 -9999.000 -9999.000 -9999.000
9.666 10.276 10.392 10.244 10.014 9.153 9.610 10.900 10.568 7.199 4.989 4.133 5.228 5.919 3.851 1.517 3.790 5.330 2.529 6.131 4.185 6.249 9.658 10.448 11.250 12.368 13.311 10.387 11.142 8.901 9.970 11.485 16.668 13.977 10.835 11.408 12.498 12.524 11.967 12.966 12.528 14.909 14.333 14.037 15.362 13.638 12.206 13.060 13.121 12.749 14.361 16.750 11.554 10.019 8.625 8.719 11.021 10.468 10.583 11.278 11.096 10.746 9.890 9.218 10.379 11.016 -9999.000 -9999.000 -9999.000
10.263 10.264 10.173 10.181 9.191 9.933 11.014 8.811 6.898 4.528 4.450 3.374 3.484 3.384 3.109 2.366 3.768 2.675 1.581 6.289 6.483 7.851 9.336 5.246 6.492 8.815 7.685 7.747 12.170 14.166 13.662 13.434 17.865 8.777 11.207 14.439 14.092 12.375 13.399 12.408 14.010 14.544 13.225 14.486 14.248 14.431 13.952 17.158 16.208 17.460 13.869 10.548 9.338 8.594 9.234 10.707 10.194 10.375 10.988 10.911 9.457 9.575 10.299 11.483 11.900 -9999.000 -9999.000 -9999.000 -9999.000
10.269 9.915 10.068 9.840 9.823 11.052 9.079 6.013 4.337 3.072 2.639 3.084 3.144 2.154 1.828 2.511 2.947 3.234 4.291 5.166 5.057 3.866 2.237 4.512 5.004 6.262 4.899 9.785 8.817 11.406 13.733 15.051 15.499 11.795 13.757 14.464 14.486 12.155 12.458 12.064 15.796 13.377 13.165 16.005 20.031 19.109 17.218 13.391 11.432 9.611 9.505 8.118 9.065 9.268 9.495 9.790 9.847 10.857 11.120 10.366 10.527 11.543 11.568 11.149 7.158 -9999.000 -9999.000 -9999.000 -9999.000
9.732 9.734 9.746 9.825 10.430 10.086 5.877 3.408 3.438 2.929 2.941 2.151 2.244 0.125 0.929 2.788 2.735 5.035 6.405 6.489 7.396 8.390 7.524 8.963 8.060 5.528 8.697 11.501 11.452 11.389 12.065 17.049 12.409 16.076 15.026 12.995 14.039 12.683 15.041 18.864 19.407 18.220 19.522 16.124 10.959 11.374 10.165 10.737 11.084 12.048 10.919 9.228 9.758 10.261 10.899 10.756 10.623 10.379 10.964 10.933 11.117 10.790 10.706 8.149 1.987 -9999.000 -9999.000 -9999.000 -9999.000
9.470 9.629 9.451 9.798 10.442 7.485 4.749 3.886 5.841 4.981 4.634 2.214 1.685 0.602 2.648 2.682 2.943 3.754 4.948 6.706 7.296 9.627 9.229 9.792 10.093 10.806 9.982 10.359 11.882 13.445 14.240 11.026 10.935 16.138 15.094 16.630 16.128 16.303 17.546 11.385 9.474 10.583 9.664 9.071 8.805 10.788 11.578 12.879 13.653 13.397 10.620 11.642 13.453 12.758 12.673 10.712 10.486 10.780 11.381 10.917 10.747 10.704 10.341 9.195 4.578 -9999.000 -9999.000 -9999.000 -9999.000
9.345 9.607 9.767 9.976 9.320 7.191 7.701 7.654 7.520 6.099 4.576 2.851 2.325 1.667 2.549 2.983 3.694 4.480 3.887 3.953 4.095 5.207 8.135 9.138 11.740 11.655 11.309 11.524 10.934 11.670 11.727 9.787 10.821 11.220 11.191 14.547 16.811 14.470 10.427 8.433 6.148 7.923 7.108 7.611 10.141 11.011 12.568 13.315 11.466 12.888 13.099 13.640 14.063 14.284 11.146 10.117 10.705 11.249 10.885 10.129 9.598 9.795 8.766 8.108 4.073 -9999.000 -9999.000 -9999.000 -9999.000
9.463 9.457 9.610 7.331 6.861 8.553 8.576 7.855 6.926 4.444 4.052 4.260 3.370 1.386 2.451 4.499 5.450 6.592 6.233 6.018 5.041 5.298 6.846 8.028 8.844 9.337 9.614 10.095 11.075 11.891 10.973 10.186 9.271 10.031 11.015 11.371 11.218 9.587 7.923 7.625 7.903 9.336 10.780 10.720 11.756 11.096 14.060 12.649 11.743 15.027 15.684 15.807 11.472 9.541 9.730 10.778 12.135 11.718 11.285 11.191 10.493 9.740 8.945 9.564 8.063 -9999.000 -9999.000 -9999.000 -9999.000
9.190 7.464 4.639 4.571 4.778 8.644 8.078 7.718 7.034 6.152 5.763 5.503 1.767 1.301 3.065 5.553 5.888 6.369 7.153 6.477 5.223 4.770 6.209 7.486 8.248 7.394 9.014 10.690 10.922 10.472 10.183 8.787 8.323 10.520 10.721 10.492 10.190 8.243 7.015 7.057 8.847 10.149 10.875 10.217 10.757 12.083 13.465 10.990 13.829 15.230 13.933 11.601 10.715 11.305 12.047 12.775 12.258 11.831 11.758 10.899 11.263 10.614 10.874 11.767 11.280 9.870 -9999.000 -9999.000 -9999.000
5.611 3.122 2.042 2.478 4.098 3.149 4.060 5.863 7.183 5.576 5.598 2.099 0.000 1.673 3.766 5.415 6.318 6.763 6.055 6.098 5.993 6.605 6.666 7.327 7.640 8.808 10.007 10.680 10.102 9.722 10.309 8.741 9.499 10.378 10.558 10.887 11.827 8.844 9.286 10.837 10.189 9.193 9.499 11.073 10.184 11.788 10.224 10.828 13.422 11.246 10.904 13.153 14.197 13.782 13.059 12.861 12.534 12.311 11.822 11.285 11.962 11.457 11.179 11.890 12.623 11.032 -9999.000 -9999.000 -9999.000
4.326 3.915 0.783 0.689 2.009 0.330 2.324 4.400 6.000 3.493 2.255 0.000 0.000 2.105 3.138 5.952 6.789 6.407 4.634 6.567 6.410 6.584 7.394 6.674 6.358 8.832 9.664 9.384 8.801 10.167 10.668 10.177 8.849 10.275 10.787 12.839 13.314 9.704 8.109 9.194 7.582 8.160 9.123 10.193 9.062 8.981 9.034 10.906 10.848 10.754 11.970 14.802 14.968 14.314 14.360 13.209 13.890 12.682 11.456 11.886 11.718 11.361 12.372 12.146 10.175 12.210 -9999.000 -9999.000 -9999.000
3.900 4.017 2.344 0.528 0.749 0.000 1.537 3.675 1.631 2.154 0.992 0.000 0.000 3.104 3.422 6.435 5.889 4.228 4.223 5.979 5.627 6.868 7.196 7.198 8.140 8.361 9.051 9.989 10.626 11.555 12.520 10.444 10.192 9.831 10.848 10.726 7.278 5.360 5.490 5.453 8.614 10.947 12.573 12.596 12.537 12.735 11.400 11.406 12.417 12.936 13.840 13.875 16.118 14.397 14.505 14.313 13.365 10.898 11.435 12.122 11.544 12.730 12.873 12.673 12.026 -9999.000 -9999.000 -9999.000 -9999.000
1.448 2.473 1.997 0.952 0.000 0.000 0.814 0.000 0.000 3.294 2.083 0.099 0.000 4.322 3.560 4.617 3.552 2.319 4.001 4.768 5.660 7.258 7.051 8.279 8.591 9.440 10.114 10.635 11.164 12.302 10.905 9.095 9.351 7.211 8.074 4.237 2.863 5.762 9.420 11.460 11.357 11.245 11.236 11.449 12.008 12.200 12.580 12.845 13.375 13.931 13.429 14.526 15.140 15.314 15.574 13.626 11.428 11.498 11.510 12.683 12.264 13.512 13.322 12.768 12.187 -9999.000 -9999.000 -9999.000 -9999.000
0.000 0.000 0.000 0.000 0.444 0.719 0.000 0.000 0.045 0.000 0.000 0.000 0.000 2.195 2.054 2.509 1.727 2.487 4.182 5.540 6.732 6.633 7.500 8.304 8.959 10.165 10.862 10.227 10.144 9.257 6.643 6.252 6.650 5.872 7.014 7.251 7.392 11.042 10.554 9.928 10.486 11.235 12.318 13.542 13.446 13.989 13.214 13.563 13.927 15.002 14.552 13.483 12.845 13.586 13.015 12.057 11.510 10.924 12.037 12.868 13.169 13.142 13.865 12.679 12.361 -9999.000 -9999.000 -9999.000 -9999.000
0.000 0.000 0.000 0.000 1.977 1.280 0.000 0.000 0.000 0.000 0.000 0.000 0.000 0.000 0.000 0.000 0.260 2.311 4.669 5.656 5.509 6.073 6.605 8.640 8.696 7.864 6.452 6.666 7.014 4.268 4.064 4.978 5.545 7.247 7.131 7.365 10.138 10.124 10.236 11.075 11.581 13.704 14.428 15.201 16.247 14.017 13.004 14.266 14.621 14.994 14.922 14.113 14.594 15.149 13.999 12.966 11.225 12.132 13.137 13.168 13.455 13.580 13.787 12.771 13.047 -9999.000 -9999.000 -9999.000 -9999.000
3.717 3.772 3.787 3.654 3.873 3.222 2.358 0.000 0.000 0.000 0.000 0.000 0.000 0.000 1.404 1.475 2.051 2.226 2.666 3.219 4.152 5.984 6.496 5.752 3.974 3.491 4.409 6.256 5.228 6.009 5.390 6.723 7.781 9.791 9.507 9.697 9.137 10.031 10.356 11.965 14.015 14.467 14.724 16.224 14.301 14.033 14.849 14.552 14.477 13.686 14.268 14.067 15.006 15.668 14.432 13.704 13.850 13.578 13.287 13.437 13.807 13.616 12.993 14.362 13.150 -9999.000 -9999.000 -9999.000 -9999.000
3.538 3.422 3.572 3.931 3.913 3.773 3.640 1.978 0.000 0.000 0.000 0.000 0.000 2.755 3.677 3.846 4.559 4.539 2.243 2.736 3.534 4.896 6.414 3.733 3.538 5.171 4.268 4.823 4.100 4.841 6.043 9.197 9.321 8.943 9.830 9.927 10.172 10.939 12.590 14.826 15.953 14.427 15.665 16.534 14.826 14.213 14.316 14.896 13.823 14.963 15.395 15.574 15.478 14.743 14.474 15.078 14.499 13.960 13.742 13.930 14.064 13.952 13.359 11.636 13.063 -9999.000 -9999.000 -9999.000 -9999.000
3.329 3.905 2.885 1.659 2.085 1.373 1.685 1.158 1.394 0.000 0.000 0.000 0.607 2.820 4.074 4.425 5.159 5.057 5.472 5.739 4.373 3.916 4.715 4.289 6.365 7.314 7.291 7.932 8.120 8.359 8.347 8.991 9.560 10.135 11.494 11.328 11.292 12.387 13.356 15.501 14.500 16.162 15.887 16.146 16.959 15.661 14.025 12.826 13.516 13.578 14.664 16.171 14.971 12.325 14.461 14.141 14.702 14.170 13.724 13.834 14.114 14.174 12.171 10.116 -9999.000 -9999.000 -9999.000 -9999.000 -9999.000
3.595 0.867 0.000 0.000 0.000 0.000 0.000 0.000 0.000 0.000 0.000 0.530 2.165 3.273 3.505 4.439 5.525 5.977 6.319 6.548 6.322 5.403 4.501 6.828 6.995 7.548 7.267 6.675 7.497 9.662 9.787 10.199 11.249 12.846 13.464 13.711 13.274 13.934 15.228 11.243 11.495 15.130 15.854 16.179 15.322 15.132 14.778 13.273 -9999.000 -9999.000 -9999.000 -9999.000 -9999.000 -9999.000 -9999.000 14.881 13.785 14.272 14.178 13.737 13.990 12.622 12.565 -9999.000 -9999.000 -9999.000 -9999.000 -9999.000 -9999.000
0.596 0.000 0.000 0.000 0.000 0.000 0.000 0.000 0.000 0.000 0.000 0.293 1.255 2.219 2.515 3.827 5.094 5.857 6.312 6.998 6.753 6.592 6.822 7.207 7.213 7.680 9.359 9.935 8.748 8.011 9.841 9.584 10.089 8.706 10.226 11.400 11.610 12.558 11.601 12.738 14.107 14.336 16.025 16.303 -9999.000 -9999.000 -9999.000 -9999.000 -9999.000 -9999.000 -9999.000 -9999.000 -9999.000 -9999.000 -9999.000 -9999.000 -9999.000 14.156 14.501 13.943 13.700 12.862 -9999.000 -9999.000 -9999.000 -9999.000 -9999.000 -9999.000 -9999.000
