test_integration/test_sample_run/example/output_maps/SWEN0021.asc
ncols         174
nrows         141
xllcorner     744500.000000
yllcorner     5140950.000000
cellsize      250.000000
NODATA_value  -9999.0
[rows 0 to 30 of 141, columns 69 to 137 of 174]
-9999.000 -9999.000 -9999.000 -9999.000 -9999.000 -9999.000 -9999.000 -9999.000 -9999.000 -9999.000 -9999.000 -9999.000 -9999.000 -9999.000 -9999.000 -9999.000 -9999.000 -9999.000 -9999.000 -9999.000 -9999.000 -9999.000 -9999.000 -9999.000 -9999.000 -9999.000 -9999.000 -9999.000 -9999.000 -9999.000 -9999.000 -9999.000 -9999.000 -9999.000 -9999.000 -9999.000 -9999.000 -9999.000 -9999.000 -9999.000 -9999.000 -9999.000 -9999.000 -9999.000 -9999.000 -9999.000 -9999.000 -9999.000 -9999.000 -9999.000 -9999.000 -9999.000 -9999.000 -9999.000 -9999.000 -9999.000 -9999.000 -9999.000 -9999.000 -9999.000 -9999.000 -9999.000 -9999.000 -9999.000 -9999.000 -9999.000 -9999.000 -9999.000 -9999.000
-9999.000 -9999.000 -9999.000 -9999.000 -9999.000 -9999.000 -9999.000 -9999.000 -9999.000 -9999.000 -9999.000 -9999.000 -9999.000 -9999.000 -9999.000 -9999.000 -9999.000 -9999.000 -9999.000 -9999.000 -9999.000 -9999.000 -9999.000 -9999.000 -9999.000 -9999.000 -9999.000 -9999.000 -9999.000 -9999.000 -9999.000 -9999.000 -9999.000 -9999.000 -9999.000 -9999.000 -9999.000 -9999.000 -9999.000 -9999.000 -9999.000 -9999.000 -9999.000 -9999.000 -9999.000 -9999.000 -9999.000 -9999.000 -9999.000 -9999.000 -9999.000 -9999.000 -9999.000 -9999.000 -9999.000 -9999.000 -9999.000 -9999.000 -9999.000 -9999.000 -9999.000 -9999.000 -9999.000 -9999.000 -9999.000 -9999.000 -9999.000 -9999.000 -9999.000
-9999.000 -9999.000 -9999.000 -9999.000 -9999.000 -9999.000 -9999.000 -9999.000 -9999.000 -9999.000 -9999.000 -9999.000 -9999.000 -9999.000 -9999.000 -9999.000 -9999.000 -9999.000 -9999.000 -9999.000 -9999.000 -9999.000 -9999.000 -9999.000 -9999.000 -9999.000 -9999.000 -9999.000 -9999.000 -9999.000 -9999.000 -9999.000 -9999.000 -9999.000 -9999.000 -9999.000 -9999.000 -9999.000 -9999.000 -9999.000 -9999.000 -9999.000 -9999.000 -9999.000 -9999.000 -9999.000 -9999.000 -9999.000 -9999.000 -9999.000 -9999.000 -9999.000 -9999.000 -9999.000 -9999.000 -9999.000 -9999.000 -9999.000 -9999.000 -9999.000 -9999.000 -9999.000 -9999.000 -9999.000 -9999.000 -9999.000 -9999.000 -9999.000 -9999.000
-9999.000 -9999.000 -9999.000 -9999.000 -9999.000 -9999.000 -9999.000 -9999.000 -9999.000 -9999.000 -9999.000 -9999.000 -9999.000 -9999.000 -9999.000 -9999.000 -9999.000 -9999.000 -9999.000 -9999.000 -9999.000 -9999.000 -9999.000 -9999.000 -9999.000 -9999.000 -9999.000 -9999.000 -9999.000 -9999.000 -9999.000 -9999.000 -9999.000 -9999.000 -9999.000 -9999.000 -9999.000 -9999.000 -9999.000 -9999.000 -9999.000 -9999.000 -9999.000 -9999.000 -9999.000 -9999.000 -9999.000 -9999.000 -9999.000 -9999.000 -9999.000 -9999.000 -9999.000 -9999.000 -9999.000 -9999.000 -9999.000 -9999.000 -9999.000 -9999.000 -9999.000 -9999.000 -9999.000 -9999.000 -9999.000 -9999.000 -9999.000 -9999.000 -9999.000
-9999.000 -9999.000 -9999.000 -9999.000 -9999.000 -9999.000 -9999.000 -9999.000 -9999.000 -9999.000 -9999.000 -9999.000 -9999.000 -9999.000 -9999.000 -9999.000 -9999.000 -9999.000 -9999.000 -9999.000 -9999.000 -9999.000 -9999.000 -9999.000 21.668 -9999.000 -9999.000 -9999.000 -9999.000 -9999.000 -9999.000 -9999.000 -9999.000 -9999.000 -9999.000 -9999.000 -9999.000 -9999.000 -9999.000 -9999.000 -9999.000 -9999.000 -9999.000 -9999.000 -9999.000 -9999.000 -9999.000 -9999.000 -9999.000 -9999.000 -9999.000 -9999.000 -9999.000 -9999.000 -9999.000 -9999.000 -9999.000 -9999.000 -9999.000 -9999.000 -9999.000 -9999.000 -9999.000 -9999.000 -9999.000 -9999.000 -9999.000 -9999.000 -9999.000
-9999.000 -9999.000 -9999.000 -9999.000 -9999.000 -9999.000 -9999.000 -9999.000 -9999.000 -9999.000 -9999.000 -9999.000 -9999.000 -9999.000 -9999.000 -9999.000 -9999.000 -9999.000 -9999.000 -9999.000 -9999.000 -9999.000 -9999.000 20.624 20.517 19.640 20.422 18.932 18.804 -9999.000 -9999.000 -9999.000 -9999.000 -9999.000 -9999.000 -9999.000 -9999.000 -9999.000 -9999.000 -9999.000 -9999.000 -9999.000 -9999.000 -9999.000 -9999.000 -9999.000 -9999.000 -9999.000 -9999.000 -9999.000 -9999.000 -9999.000 -9999.000 -9999.000 -9999.000 -9999.000 -9999.000 -9999.000 -9999.000 -9999.000 -9999.000 -9999.000 -9999.000 -9999.000 -9999.000 -9999.000 -9999.000 -9999.000 -9999.000
-9999.000 -9999.000 -9999.000 -9999.000 -9999.000 -9999.000 -9999.000 -9999.000 -9999.000 -9999.000 -9999.000 -9999.000 -9999.000 -9999.000 -9999.000 -9999.000 -9999.000 23.308 22.537 21.442 20.747 20.205 19.609 20.982 20.926 19.838 19.535 19.505 18.510 20.165 20.576 -9999.000 -9999.000 -9999.000 -9999.000 -9999.000 -9999.000 -9999.000 -9999.000 -9999.000 -9999.000 -9999.000 -9999.000 -9999.000 -9999.000 -9999.000 -9999.000 -9999.000 -9999.000 -9999.000 -9999.000 -9999.000 -9999.000 -9999.000 -9999.000 -9999.000 -9999.000 -9999.000 -9999.000 -9999.000 -9999.000 -9999.000 -9999.000 -9999.000 -9999.000 -9999.000 -9999.000 -9999.000 -9999.000
-9999.000 -9999.000 -9999.000 -9999.000 -9999.000 -9999.000 -9999.000 -9999.000 -9999.000 -9999.000 -9999.000 -9999.000 -9999.000 -9999.000 -9999.000 -9999.000 -9999.000 22.670 21.839 20.550 19.801 18.611 18.964 20.070 20.592 19.365 18.124 18.907 17.136 20.028 19.796 19.112 -9999.000 -9999.000 -9999.000 -9999.000 -9999.000 -9999.000 -9999.000 -9999.000 -9999.000 -9999.000 -9999.000 -9999.000 -9999.000 -9999.000 -9999.000 -9999.000 -9999.000 -9999.000 -9999.000 -9999.000 -9999.000 -9999.000 -9999.000 -9999.000 -9999.000 -9999.000 -9999.000 -9999.000 -9999.000 -9999.000 -9999.000 -9999.000 -9999.000 -9999.000 -9999.000 -9999.000 -9999.000
-9999.000 -9999.000 -9999.000 -9999.000 -9999.000 -9999.000 -9999.000 -9999.000 -9999.000 24.798 24.054 -9999.000 -9999.000 -9999.000 -9999.000 -9999.000 23.034 21.844 20.719 20.004 20.269 19.739 18.291 18.362 18.946 18.541 18.235 17.852 17.218 18.695 19.830 18.689 17.142 -9999.000 -9999.000 -9999.000 -9999.000 -9999.000 -9999.000 -9999.000 -9999.000 -9999.000 -9999.000 -9999.000 -9999.000 -9999.000 -9999.000 -9999.000 -9999.000 -9999.000 -9999.000 -9999.000 -9999.000 -9999.000 -9999.000 -9999.000 -9999.000 -9999.000 -9999.000 -9999.000 -9999.000 -9999.000 -9999.000 -9999.000 -9999.000 -9999.000 -9999.000 -9999.000 -9999.000
-9999.000 -9999.000 -9999.000 -9999.000 -9999.000 -9999.000 -9999.000 24.750 24.296 23.302 23.162 22.638 22.987 23.292 23.289 22.646 24.894 22.252 21.238 20.478 19.907 18.778 18.752 17.104 16.822 17.499 18.012 16.901 16.060 17.837 17.572 17.482 17.103 18.208 -9999.000 -9999.000 -9999.000 -9999.000 -9999.000 -9999.000 -9999.000 -9999.000 -9999.000 -9999.000 -9999.000 -9999.000 -9999.000 -9999.000 -9999.000 -9999.000 -9999.000 -9999.000 -9999.000 -9999.000 -9999.000 -9999.000 -9999.000 -9999.000 -9999.000 -9999.000 -9999.000 -9999.000 -9999.000 -9999.000 -9999.000 -9999.000 -9999.000 -9999.000 -9999.000
-9999.000 -9999.000 -9999.000 -9999.000 -9999.000 22.613 24.660 24.316 23.652 22.323 21.621 22.124 22.227 22.544 22.027 22.187 23.634 22.652 21.548 21.051 20.493 18.081 17.962 18.318 18.077 17.280 17.064 17.070 15.890 16.264 16.164 17.056 17.213 16.888 16.696 -9999.000 -9999.000 -9999.000 -9999.000 -9999.000 -9999.000 -9999.000 -9999.000 -9999.000 -9999.000 -9999.000 -9999.000 -9999.000 -9999.000 -9999.000 -9999.000 -9999.000 -9999.000 -9999.000 -9999.000 -9999.000 -9999.000 -9999.000 -9999.000 -9999.000 -9999.000 -9999.000 -9999.000 -9999.000 -9999.000 -9999.000 -9999.000 -9999.000 -9999.000
-9999.000 -9999.000 -9999.000 -9999.000 20.048 21.431 22.539 23.374 22.790 22.294 21.282 20.874 20.836 21.734 20.763 20.755 21.384 23.837 22.292 20.833 20.269 19.218 18.389 17.629 17.353 16.934 16.702 16.427 15.237 15.182 15.793 16.643 15.911 16.210 16.430 16.513 17.274 -9999.000 -9999.000 -9999.000 -9999.000 -9999.000 -9999.000 -9999.000 -9999.000 -9999.000 -9999.000 -9999.000 -9999.000 -9999.000 -9999.000 -9999.000 -9999.000 -9999.000 -9999.000 -9999.000 -9999.000 -9999.000 -9999.000 -9999.000 13.941 13.450 13.365 -9999.000 -9999.000 -9999.000 -9999.000 -9999.000 -9999.000
-9999.000 -9999.000 -9999.000 16.261 18.472 19.757 20.884 22.105 22.132 21.583 21.078 20.264 20.248 20.588 20.360 20.401 20.165 22.201 22.751 20.669 20.305 19.242 18.962 18.712 17.786 16.437 15.923 16.485 16.240 15.613 15.291 15.876 15.813 16.530 16.639 16.611 17.643 17.215 -9999.000 -9999.000 -9999.000 -9999.000 -9999.000 -9999.000 -9999.000 -9999.000 -9999.000 -9999.000 -9999.000 -9999.000 -9999.000 -9999.000 -9999.000 -9999.000 -9999.000 -9999.000 -9999.000 -9999.000 -9999.000 13.703 13.358 13.544 13.102 13.144 -9999.000 -9999.000 -9999.000 -9999.000 -9999.000
-9999.000 -9999.000 12.323 13.729 16.021 17.718 18.614 19.399 20.500 20.518 20.013 19.223 18.986 19.335 19.322 19.985 19.571 20.081 21.813 21.758 20.526 20.319 19.882 18.681 18.427 17.708 16.747 15.806 16.134 15.848 15.648 14.930 14.748 15.588 16.044 16.140 17.067 16.680 15.130 17.547 -9999.000 -9999.000 -9999.000 -9999.000 -9999.000 -9999.000 -9999.000 -9999.000 -9999.000 -9999.000 -9999.000 -9999.000 -9999.000 -9999.000 -9999.000 -9999.000 16.337 14.613 13.785 13.156 12.879 12.790 12.992 12.991 14.561 -9999.000 -9999.000 -9999.000 -9999.000
-9999.000 -9999.000 10.073 11.917 13.769 15.259 16.001 16.118 17.158 19.253 19.247 18.841 17.989 17.765 18.485 18.658 19.094 19.250 19.547 22.486 21.606 20.224 19.255 18.902 18.542 17.139 16.844 16.211 15.899 15.280 15.370 15.511 14.715 14.801 14.703 15.449 16.508 15.774 14.565 16.977 17.430 -9999.000 -9999.000 -9999.000 -9999.000 -9999.000 -9999.000 13.409 14.874 14.421 14.502 13.873 13.066 13.633 13.932 13.775 15.060 14.704 13.486 12.627 12.082 12.262 11.657 12.314 13.231 13.665 -9999.000 -9999.000 -9999.000
-9999.000 8.421 8.915 9.849 11.644 13.064 14.052 14.915 14.938 16.826 18.200 17.645 17.466 17.227 16.926 17.648 18.119 18.414 17.881 20.646 21.347 19.943 19.708 19.130 18.879 18.037 17.098 16.796 16.514 15.884 15.420 14.883 15.210 14.371 15.138 15.213 15.005 14.764 14.212 15.151 16.338 14.550 -9999.000 -9999.000 -9999.000 -9999.000 19.863 15.709 11.752 12.626 14.190 13.773 13.045 13.352 13.503 13.539 13.899 12.999 12.509 11.453 12.216 11.995 11.383 11.979 11.990 12.698 13.259 13.290 12.047
8.250 8.434 8.865 9.720 11.079 12.592 13.747 14.589 14.843 15.204 16.311 17.106 17.077 16.987 16.293 17.254 17.651 18.062 17.554 18.716 21.391 19.845 19.604 19.112 18.017 18.840 18.146 17.846 17.109 16.116 15.613 14.811 14.978 14.333 14.257 14.562 14.450 14.653 13.454 13.494 15.038 14.678 13.324 14.695 15.831 16.858 17.919 15.714 15.700 13.219 12.486 13.142 13.400 13.194 13.283 13.825 13.212 12.257 11.656 11.255 11.905 11.247 10.805 11.780 11.574 12.210 12.100 12.309 11.712
8.573 8.629 9.153 9.971 10.899 11.818 12.631 13.562 14.018 14.504 14.943 16.388 16.594 16.498 16.043 15.891 16.816 17.610 17.661 17.609 19.752 20.438 20.054 18.908 19.489 18.966 19.021 18.283 17.268 16.366 16.025 14.844 14.377 14.559 14.019 14.485 14.524 14.543 13.822 13.222 13.925 14.668 13.825 14.497 15.022 16.436 17.490 14.337 14.257 14.502 13.971 12.662 13.186 12.610 12.648 13.477 12.705 11.871 11.384 11.568 11.148 11.162 10.615 10.896 11.233 11.555 11.371 11.652 11.117
8.832 8.448 9.031 10.260 11.264 12.169 12.089 12.408 13.664 13.952 14.364 15.312 16.179 16.003 15.879 15.842 15.678 16.585 17.552 17.609 17.658 20.690 20.779 20.702 19.789 18.992 18.641 17.992 17.269 16.310 15.740 14.955 14.418 14.330 14.245 13.826 14.151 14.594 14.300 14.765 14.594 14.661 13.753 14.433 15.163 17.020 15.466 15.390 15.143 14.392 13.374 12.490 13.047 12.524 11.681 11.203 11.418 11.403 11.135 10.766 10.880 11.131 10.719 10.634 10.980 11.347 10.623 10.674 10.785
10.471 10.144 9.105 9.666 11.017 11.936 12.872 13.003 12.867 13.534 13.515 14.259 15.401 15.514 15.327 15.617 16.271 16.160 15.606 16.843 17.838 18.192 19.063 20.067 20.209 18.182 18.084 17.863 17.058 15.632 15.223 14.359 14.153 14.463 13.122 14.351 14.655 14.390 14.311 14.487 14.796 14.521 14.507 14.512 15.624 14.997 14.139 15.152 15.597 14.910 13.993 12.359 11.487 11.946 12.293 11.068 10.474 9.972 10.412 10.505 10.524 10.795 10.564 10.580 10.506 11.048 9.866 9.937 10.186
11.036 11.006 10.774 9.399 10.939 11.463 12.594 13.014 13.525 12.974 13.754 13.500 14.594 15.158 15.079 15.286 15.082 15.906 16.642 16.967 16.007 16.896 17.669 18.658 20.402 18.617 17.587 17.216 16.920 15.499 15.093 13.793 13.936 14.135 13.372 14.053 16.031 15.711 15.977 14.399 14.020 14.621 14.884 15.070 16.210 15.700 14.847 13.827 13.302 14.351 14.425 13.635 13.381 12.865 12.361 11.436 11.240 10.896 10.784 10.687 10.595 10.407 10.164 10.314 9.985 10.378 9.955 10.125 10.390
10.296 11.379 10.754 10.360 10.698 11.475 12.474 12.685 12.906 13.610 13.215 13.294 13.362 14.745 14.562 14.971 15.072 15.466 16.005 15.401 15.983 16.347 16.524 18.141 19.604 17.594 17.548 16.956 15.981 15.895 14.175 13.035 14.089 13.871 14.362 14.763 15.071 15.302 15.368 15.753 15.140 14.579 15.125 15.791 16.203 15.426 14.729 13.658 13.054 12.386 11.657 11.441 11.256 11.273 11.257 11.633 11.370 10.914 10.893 10.657 10.446 10.151 9.880 9.758 9.989 9.416 9.756 9.897 10.286
10.376 10.526 10.703 10.040 10.898 11.484 11.999 12.344 12.723 12.875 13.306 13.276 12.803 14.076 14.301 13.979 14.697 14.574 15.357 15.820 15.330 16.023 16.671 18.477 18.812 17.725 16.790 15.899 16.021 15.334 14.496 13.015 13.983 13.476 13.328 14.430 15.487 14.335 13.734 15.026 15.514 16.459 14.979 13.811 14.011 14.243 13.898 13.373 13.530 13.510 13.175 12.616 12.346 11.492 11.370 11.233 10.852 10.484 10.680 10.558 10.393 10.235 10.043 9.511 9.980 9.557 9.320 9.729 9.981
10.650 10.391 10.192 11.229 11.150 11.461 11.518 11.886 12.225 12.424 12.911 13.174 13.116 12.684 13.874 13.612 13.984 14.000 13.729 15.435 15.804 16.635 17.409 16.903 18.252 18.278 17.226 16.277 15.332 14.490 13.790 13.159 13.663 13.182 12.767 14.534 13.941 14.335 13.722 14.241 14.901 14.564 13.211 13.641 14.907 12.907 12.587 12.579 13.639 13.140 12.905 11.864 12.043 11.338 10.835 10.695 10.673 11.201 10.455 10.348 10.270 10.099 9.924 9.748 9.320 9.529 9.364 9.141 9.523
11.143 11.017 11.253 11.397 11.304 11.459 11.708 11.793 11.984 12.218 12.473 12.893 13.008 12.900 12.846 13.392 13.424 14.143 14.304 15.269 15.507 16.190 16.454 16.668 17.111 18.595 17.076 16.318 15.242 14.262 13.891 13.335 13.482 13.256 12.889 13.776 14.147 13.505 12.545 12.365 12.964 12.373 13.950 19.002 17.164 17.286 15.055 12.922 12.840 13.022 12.704 12.290 11.560 12.213 11.730 12.148 11.393 10.190 10.909 10.628 10.222 9.749 9.775 9.645 9.476 9.454 9.083 9.171 9.141
11.292 11.376 11.456 11.408 11.395 11.598 11.734 11.873 11.993 12.111 12.160 12.417 12.548 12.644 12.599 12.891 12.808 13.435 14.229 14.964 15.165 15.628 15.813 16.060 16.263 18.018 16.944 15.148 14.918 14.541 13.881 13.149 13.325 13.209 13.297 13.128 12.676 12.742 12.772 14.907 15.261 16.441 19.002 18.542 15.882 15.671 15.501 15.344 14.815 14.931 13.390 12.986 12.249 12.856 12.709 11.846 10.807 10.576 10.895 10.924 10.502 9.953 9.674 9.495 9.396 9.276 9.064 8.967 8.623
9.334 10.685 11.452 11.613 11.406 11.401 11.519 11.763 11.847 12.010 12.154 12.213 12.293 12.498 12.522 12.809 12.609 12.844 13.609 14.772 15.078 15.127 15.065 15.417 15.424 17.222 17.069 15.132 14.410 13.788 13.712 13.394 13.118 12.931 12.491 12.691 12.880 13.336 12.546 12.154 13.814 14.444 14.502 15.515 15.177 15.085 15.513 15.366 15.131 14.160 14.632 15.253 13.577 14.183 12.028 11.001 11.561 11.453 11.123 10.715 10.501 10.138 9.556 9.352 9.314 9.150 8.998 8.720 8.688
9.548 9.979 11.070 11.447 11.518 11.492 11.175 11.908 12.100 11.720 11.938 12.107 12.167 12.214 12.286 12.381 12.341 12.402 12.638 13.953 14.147 13.998 14.473 14.835 14.926 16.294 16.828 15.405 14.910 13.818 13.495 12.948 12.443 12.431 11.619 12.514 13.445 13.081 12.599 12.557 12.673 12.787 13.363 12.620 12.690 14.346 15.469 15.037 14.246 13.618 12.867 13.101 15.049 14.072 12.528 11.150 10.406 10.842 10.967 10.616 10.263 9.836 9.645 9.180 9.210 9.033 8.893 8.750 8.625
11.024 9.976 11.941 11.716 11.399 11.523 11.587 11.188 12.302 11.954 11.741 11.466 12.060 12.070 12.157 12.196 12.192 12.357 12.338 13.021 13.504 13.915 13.786 14.603 15.158 15.468 16.971 15.878 14.917 13.890 13.585 13.249 12.267 11.953 11.869 11.688 13.229 13.551 13.051 13.335 13.727 13.814 13.717 13.417 12.623 13.653 13.687 15.286 14.027 13.675 12.906 12.515 13.959 13.603 12.421 10.725 10.219 10.161 10.517 10.396 9.773 9.508 9.342 9.234 9.096 8.950 8.802 8.681 8.575
12.290 12.203 12.540 12.386 12.856 12.559 13.052 11.355 11.994 12.789 12.612 11.936 11.839 11.969 11.893 11.967 11.845 12.127 12.463 12.513 13.012 13.820 14.048 14.419 14.512 14.776 16.196 16.400 15.234 14.449 13.727 13.362 12.509 11.439 12.135 11.395 12.510 13.284 12.840 13.077 13.607 13.616 13.017 13.432 12.601 12.745 12.423 14.689 13.066 12.811 13.212 13.170 11.879 10.549 10.473 10.211 10.694 10.176 10.283 9.981 9.791 9.598 9.282 9.157 9.013 8.866 8.694 8.637 8.608
13.654 11.820 11.540 13.587 13.745 13.243 13.381 13.469 11.972 12.747 13.070 12.544 12.362 12.147 11.621 11.804 11.902 12.064 11.952 12.445 13.163 13.828 13.788 14.137 14.192 14.288 15.751 15.985 14.734 14.036 13.804 13.449 12.456 11.325 12.114 11.761 11.715 12.445 12.574 12.410 12.486 12.665 12.636 13.101 13.274 12.920 11.646 12.267 15.263 10.956 13.404 12.220 10.475 9.890 10.083 10.448 10.470 10.261 10.157 9.838 9.686 9.454 9.281 9.076 8.933 8.783 8.608 8.527 8.237
