test_integration/test_sample_run/example/output_maps/SWEN0090.asc
ncols         174
nrows         141
xllcorner     744500.000000
yllcorner     5140950.000000
cellsize      250.000000
NODATA_value  -9999.0
[rows 31 to 61 of 141, columns 70 to 139 of 174]
14.202 13.333 12.558 13.883 12.811 14.420 10.642 13.000 13.029 9.729 9.776 8.985 8.599 9.479 8.052 6.702 4.443 4.087 5.571 5.518 3.274 5.146 7.940 9.900 10.792 9.753 5.964 4.464 2.337 2.467 3.925 5.032 4.867 3.864 2.960 1.573 1.572 0.628 0.644 0.000 0.000 0.000 0.997 5.979 10.395 8.688 2.380 1.348 12.904 11.050 0.000 0.000 0.000 0.000 0.000 0.000 0.000 0.000 0.000 1.162 1.532 2.277 3.174 2.992 3.216 3.517 7.873 8.234 8.560 8.337
13.819 14.904 12.986 12.982 15.775 9.738 10.491 13.914 12.296 12.201 9.509 9.203 8.151 8.010 8.035 7.628 6.430 4.311 4.305 4.583 7.970 10.143 10.632 9.579 10.051 8.211 5.505 4.829 4.032 1.785 0.000 0.000 0.000 2.483 5.927 3.552 3.388 2.433 0.592 0.786 3.621 5.666 7.859 8.911 10.151 0.766 0.000 0.000 4.100 10.097 8.879 9.366 2.959 1.352 0.000 0.088 2.936 4.105 4.898 3.701 3.653 3.976 2.953 2.745 2.953 4.957 7.656 8.473 8.379 7.846
12.695 12.875 13.467 13.497 6.534 9.232 13.030 11.928 13.613 12.751 12.429 11.351 8.356 7.939 8.051 7.812 6.581 5.602 3.371 5.245 9.698 9.141 9.829 8.860 8.018 6.782 5.628 4.131 3.279 3.394 0.025 0.000 0.000 5.599 11.450 10.734 9.106 8.852 8.718 10.420 11.489 10.987 12.485 12.790 7.094 0.000 0.573 0.000 0.000 0.000 5.944 7.209 7.714 7.634 6.024 8.000 6.821 7.349 8.662 6.567 7.186 6.242 2.504 2.538 2.663 2.747 5.131 8.111 8.071 7.609
16.482 15.119 13.941 14.628 12.235 14.173 13.259 13.255 14.077 13.130 12.553 10.437 9.642 9.391 8.329 7.761 6.642 6.418 4.886 5.979 7.163 7.985 6.682 7.275 5.856 5.610 8.563 8.210 4.394 4.350 1.290 0.000 3.773 9.486 11.350 11.561 11.607 11.610 11.166 11.613 11.792 11.933 12.739 13.200 8.818 6.689 2.035 0.959 0.000 0.000 0.000 2.214 9.700 10.765 10.361 10.403 9.866 9.534 9.239 8.753 8.974 8.671 7.628 3.709 2.045 0.000 0.917 5.911 8.414 8.645
11.443 9.407 15.359 13.775 14.208 13.513 13.471 13.061 13.277 13.431 12.368 11.649 12.275 11.549 10.444 8.682 6.361 6.808 5.140 4.427 3.844 4.806 3.989 4.670 4.951 3.908 8.991 8.535 7.748 5.210 1.351 0.000 8.431 9.643 9.452 12.265 12.404 12.012 12.480 12.213 12.444 12.581 13.389 12.161 8.158 7.651 3.750 0.000 0.000 0.000 0.212 3.052 9.359 11.064 10.828 9.826 10.185 9.748 9.780 9.031 8.591 8.302 7.783 3.947 2.069 2.683 1.131 2.969 5.586 5.322
8.921 7.001 11.030 14.199 14.196 16.627 13.866 11.832 10.700 11.282 9.409 9.273 9.205 8.938 9.722 8.115 7.285 7.118 5.592 2.374 1.147 0.000 1.561 2.532 3.224 4.069 6.833 8.815 6.746 5.703 3.104 1.483 7.195 7.763 8.174 8.516 12.966 12.746 13.221 13.323 13.552 13.822 14.082 8.676 5.507 5.114 5.348 5.416 0.000 2.150 2.619 6.560 4.522 5.526 5.179 5.963 10.375 10.532 9.648 9.129 8.665 8.608 4.990 3.956 0.000 4.229 5.892 0.769 4.188 3.718
11.620 9.609 11.593 17.563 15.010 9.323 5.702 7.016 7.307 5.473 5.791 6.077 5.589 6.587 7.139 7.258 7.399 6.804 6.536 3.135 0.000 0.000 0.000 0.000 1.780 3.826 5.018 8.485 5.858 5.634 3.381 3.070 3.691 5.297 6.442 5.922 9.411 11.595 10.061 8.587 8.570 10.386 9.188 8.797 7.289 5.085 0.874 7.434 0.568 4.855 7.635 8.032 0.000 0.000 0.000 5.620 10.118 10.615 9.592 10.048 10.661 6.988 2.324 4.098 0.000 1.747 4.182 3.874 2.109 7.690
7.812 5.877 11.303 16.078 9.560 8.443 5.223 4.757 3.393 3.132 5.016 7.339 6.072 7.009 4.611 6.669 7.632 7.888 7.218 6.089 2.654 3.640 0.000 0.000 1.533 2.675 4.255 5.169 6.353 6.114 2.918 2.091 3.819 5.163 7.794 8.092 6.500 3.593 2.850 2.992 5.643 6.357 9.197 9.586 7.980 7.771 4.450 0.872 2.291 4.680 8.137 7.788 0.837 0.000 0.729 5.914 4.576 9.064 8.817 8.604 4.120 0.000 0.000 0.000 0.000 1.875 6.408 7.288 8.203 3.149
0.781 3.205 11.028 9.138 10.628 8.626 7.921 6.756 4.794 6.814 7.731 10.035 9.927 8.607 6.935 8.711 9.266 8.908 7.020 5.890 5.481 2.672 0.000 0.000 0.362 0.938 1.948 1.675 6.038 5.442 0.764 0.000 5.869 5.968 7.398 8.463 4.871 0.000 0.871 2.115 4.793 6.032 9.847 11.044 8.614 8.382 8.248 4.098 2.212 1.857 2.791 4.909 0.000 0.000 3.827 2.867 1.572 0.620 0.000 0.000 0.047 0.000 0.000 0.000 0.824 3.988 6.369 8.244 8.860 4.955
5.961 8.259 7.707 3.633 14.526 12.588 13.441 12.742 11.818 12.471 11.164 8.342 9.511 8.577 11.680 11.732 10.428 9.657 8.409 8.914 8.597 2.902 3.963 2.035 0.000 0.000 0.000 0.000 3.574 3.647 0.763 0.000 4.550 5.200 6.595 7.339 0.000 0.000 3.074 5.730 7.469 6.714 9.205 11.271 9.913 9.654 10.829 9.801 5.712 1.149 0.000 2.386 2.822 0.000 1.515 0.000 0.715 0.000 0.000 0.000 0.000 0.000 0.000 0.000 3.190 4.765 4.197 6.879 8.083 6.852
3.063 8.379 8.567 15.020 16.253 13.693 11.467 13.373 12.869 11.853 9.463 8.785 9.450 10.723 12.341 11.767 11.034 9.561 8.504 8.312 9.145 9.031 8.857 5.815 0.000 0.000 0.000 0.000 0.000 2.808 0.252 0.000 3.395 4.889 6.720 3.349 0.000 0.000 5.828 7.339 8.559 8.467 9.859 9.707 9.687 9.976 9.323 8.493 8.279 3.119 0.854 1.890 3.493 1.706 0.000 0.000 0.000 0.000 0.000 0.000 0.000 0.000 0.000 0.000 2.639 1.621 4.108 1.818 0.000 2.784
9.243 11.014 11.254 12.131 16.114 16.663 14.494 9.818 7.712 8.909 8.095 9.509 10.560 11.615 10.121 9.452 9.080 8.104 8.303 7.941 10.838 10.701 9.159 6.942 3.418 0.000 0.000 0.000 0.000 0.000 1.613 2.228 4.394 5.529 4.166 0.000 0.000 5.975 5.918 6.450 7.947 9.325 8.730 5.137 5.524 6.761 6.626 7.803 5.937 5.023 0.000 0.859 5.615 2.642 0.000 0.000 0.000 0.000 0.000 0.000 0.000 0.000 0.000 0.000 0.000 0.000 0.000 0.000 0.000 0.000
11.083 11.014 11.034 16.174 18.234 10.342 3.366 4.729 7.323 8.203 9.248 11.697 11.995 11.737 10.223 9.090 8.147 8.478 8.573 7.918 8.546 8.052 8.736 8.408 7.769 2.370 0.000 0.000 0.000 0.000 0.154 1.239 3.065 3.358 0.000 0.000 1.495 5.867 8.091 8.254 8.411 9.416 4.872 2.057 1.171 2.206 3.323 4.775 2.308 2.817 0.713 4.106 6.205 3.563 0.000 0.000 0.000 0.000 0.000 0.000 0.000 0.000 0.000 0.000 0.000 0.000 0.000 0.000 0.000 0.000
4.533 9.949 10.343 9.433 12.297 10.032 11.617 13.185 12.733 12.706 12.041 12.581 12.444 12.522 10.802 10.608 8.367 8.491 7.554 8.085 6.873 7.524 10.673 10.316 9.893 9.409 9.363 8.533 0.336 0.000 0.000 1.134 0.594 0.000 0.000 0.000 7.018 5.178 5.003 6.591 8.290 8.983 4.675 2.714 0.158 0.175 0.000 0.000 0.000 0.000 4.669 8.500 3.964 2.916 3.394 0.000 0.000 0.000 0.000 0.000 0.000 0.000 3.471 6.674 0.000 0.000 0.000 0.000 0.000 0.000
1.774 3.217 5.121 5.363 8.283 14.422 12.956 12.046 11.524 12.480 12.322 12.396 12.907 12.640 12.193 11.273 8.615 8.415 7.231 7.719 6.803 8.696 11.179 10.828 10.458 10.202 9.951 8.666 8.980 8.054 2.484 2.882 0.000 0.000 0.000 1.614 4.306 0.442 1.120 2.891 5.273 7.649 7.293 4.777 0.962 0.000 0.000 0.000 0.000 0.000 4.665 3.993 0.000 0.000 3.026 0.455 0.000 0.000 0.000 0.000 0.000 4.862 6.383 6.665 6.876 4.969 5.822 0.000 0.000 0.000
5.731 4.938 7.430 5.930 7.862 6.739 11.636 15.807 11.036 11.517 13.300 13.233 9.565 9.534 11.513 9.874 10.112 9.461 7.929 7.137 7.539 8.986 11.241 11.062 10.881 10.717 10.340 10.040 9.816 9.455 8.945 7.632 0.000 0.000 1.147 2.126 0.188 2.391 5.523 5.598 3.865 3.911 7.403 7.405 6.354 4.974 2.689 0.337 0.000 0.000 2.397 0.000 0.000 0.000 0.000 0.000 0.000 0.000 2.702 4.727 6.632 6.387 6.517 6.731 6.955 6.419 5.279 5.431 5.661 0.000
7.928 8.758 11.176 10.495 5.566 0.538 3.529 9.471 14.691 10.728 10.324 9.385 7.239 7.412 8.946 8.843 8.854 8.373 7.839 7.481 8.705 8.831 10.988 11.708 11.206 10.194 10.797 10.626 10.437 10.353 9.670 9.078 6.195 1.137 0.000 0.000 4.313 5.732 4.550 3.683 4.113 2.602 7.297 7.456 8.091 8.643 6.051 3.749 0.000 0.000 0.000 0.000 0.000 0.000 0.000 0.000 0.000 4.578 7.319 7.412 7.318 6.447 7.275 7.568 6.979 6.350 6.473 5.765 3.490 0.026
5.282 5.412 5.341 2.753 0.793 5.672 2.328 5.813 7.200 9.313 8.472 6.094 5.482 2.977 5.068 5.118 7.488 8.828 8.292 8.690 10.614 9.403 8.658 10.083 8.245 9.170 10.834 10.916 10.823 10.677 10.243 9.432 7.614 7.335 0.013 0.000 1.837 2.250 2.989 1.873 2.903 3.733 5.478 5.671 5.509 7.006 5.958 4.158 2.256 1.758 0.000 0.000 0.000 0.000 0.000 2.199 6.541 6.301 6.597 7.314 7.598 6.696 8.088 8.579 7.551 7.238 8.839 0.000 1.870 5.936
4.112 0.000 0.434 0.000 0.000 2.466 0.000 4.067 5.707 5.465 7.790 5.186 2.741 0.000 0.069 2.635 8.338 8.729 8.718 10.651 11.567 11.160 8.545 6.472 5.584 8.113 11.241 11.060 10.830 10.575 10.537 8.930 8.435 7.710 3.917 0.000 0.000 0.422 1.709 0.909 0.992 2.519 2.344 0.000 0.000 0.000 0.987 2.898 3.639 3.398 0.000 0.000 0.000 0.000 5.498 5.500 7.738 8.037 7.544 5.940 7.355 7.615 9.118 9.314 7.976 8.326 2.681 2.318 6.759 6.372
0.000 0.000 0.000 0.000 0.000 0.000 0.000 1.768 2.278 2.075 7.877 6.844 3.087 3.016 0.000 3.157 6.765 7.474 10.095 10.061 8.557 7.206 5.931 3.543 5.891 6.465 5.745 5.819 8.608 9.401 10.742 9.736 9.643 8.597 6.479 1.422 0.000 0.000 0.000 0.000 0.000 0.000 0.000 0.000 0.000 0.000 0.000 0.000 0.000 0.000 0.000 0.000 1.567 5.581 7.813 7.259 5.933 8.546 8.496 7.874 7.703 6.216 9.167 9.293 8.408 8.335 2.266 7.131 7.057 6.554
0.000 0.000 0.000 0.000 0.000 0.000 0.000 0.000 0.000 0.000 4.049 6.658 2.544 2.507 0.000 2.481 3.180 4.922 9.015 8.642 5.560 4.601 4.948 5.282 6.818 6.596 2.067 1.723 4.809 6.786 9.073 10.696 10.303 8.887 6.956 6.553 0.000 0.000 0.000 0.000 0.000 0.000 0.000 0.000 0.000 0.000 0.000 0.000 0.000 0.000 0.000 0.000 4.687 6.790 8.158 8.590 4.786 5.613 8.820 7.981 9.056 7.685 8.105 10.104 8.694 9.327 8.183 8.073 5.767 7.392
0.000 0.000 0.000 0.000 1.538 0.000 0.000 0.000 0.000 0.000 0.000 3.270 1.690 0.937 1.133 2.287 2.627 4.497 6.946 6.883 4.724 5.602 5.639 5.303 5.960 5.229 2.516 2.218 1.710 1.216 1.271 5.192 8.901 8.310 7.560 8.630 6.653 0.957 0.000 0.000 0.000 0.000 0.000 0.000 0.000 0.000 0.000 0.000 0.000 0.000 0.000 2.507 4.906 5.202 6.636 8.592 8.652 6.097 8.170 9.342 8.575 8.516 9.081 11.382 9.356 10.249 8.846 4.925 6.334 7.822
0.000 0.000 0.000 0.000 1.727 0.000 0.000 0.000 0.000 0.000 1.268 1.664 1.137 1.236 0.055 4.477 7.209 7.238 6.801 6.135 6.867 6.539 5.446 5.503 5.126 3.100 1.950 1.506 0.715 0.000 0.000 0.000 3.621 6.632 9.254 9.414 7.870 5.929 0.000 0.000 0.000 0.000 0.000 0.000 0.000 0.000 0.000 0.000 4.102 1.693 0.000 4.119 6.358 5.517 6.861 8.418 9.092 8.883 9.257 8.172 8.222 8.069 9.961 11.076 10.105 10.005 8.442 3.044 8.242 7.463
0.000 0.000 0.000 0.000 0.000 0.000 0.000 0.000 0.000 2.410 3.327 1.163 0.169 0.295 3.511 7.173 10.553 9.549 8.328 7.549 8.018 6.165 6.231 5.975 4.674 4.336 6.566 6.417 2.009 0.000 0.000 0.000 0.000 0.000 3.565 5.893 7.912 7.788 2.508 0.000 0.000 0.000 0.000 0.000 0.000 0.000 5.124 7.401 8.229 7.177 2.596 0.322 4.655 6.055 3.408 3.140 5.534 8.924 10.475 10.252 7.163 4.047 5.384 3.953 7.394 6.286 0.543 5.280 7.564 6.100
0.000 0.000 0.000 0.000 0.000 0.000 0.000 0.000 2.291 2.457 0.000 0.000 0.000 0.000 5.409 7.129 9.569 9.245 8.338 7.519 5.009 4.657 5.487 5.396 5.827 7.334 10.383 10.100 7.598 5.849 0.000 0.000 0.000 0.000 0.000 0.000 4.265 6.364 3.680 0.000 0.000 0.000 0.000 0.000 3.878 6.999 8.067 8.705 8.894 8.438 3.418 0.000 0.058 2.331 0.000 0.461 2.780 3.577 5.719 8.151 8.893 5.787 0.000 0.000 0.000 0.000 0.000 3.132 3.801 4.664
0.000 0.000 0.000 0.000 0.000 0.000 0.000 2.779 0.000 0.000 0.000 0.000 0.000 0.000 6.250 7.171 7.203 6.952 6.588 6.056 6.313 7.226 3.348 8.929 9.397 9.179 10.890 10.726 10.278 9.781 8.478 9.221 4.661 1.618 0.000 0.000 0.000 0.000 0.000 0.000 0.145 2.728 4.341 6.304 8.202 8.663 8.734 9.143 9.428 6.417 2.410 2.348 0.000 0.000 2.534 3.400 6.119 4.081 2.476 1.756 1.932 0.000 0.000 0.000 0.000 0.000 0.000 0.795 0.110 0.000
0.665 0.000 0.000 0.000 0.000 0.000 0.000 0.000 0.000 0.000 0.000 0.000 0.000 4.749 7.599 8.102 5.611 6.963 5.308 5.702 5.803 6.377 3.091 9.437 7.765 7.342 8.632 9.106 8.686 9.285 9.720 9.817 8.160 5.453 0.000 0.000 0.000 0.000 0.000 0.173 1.663 4.431 7.547 8.432 8.873 8.030 9.413 9.831 7.972 3.428 4.881 3.106 0.000 0.000 1.675 1.595 2.158 1.405 1.615 1.335 0.000 0.000 0.373 0.471 0.000 0.264 0.000 0.961 0.000 0.000
5.776 3.241 0.000 0.000 0.000 0.000 0.000 0.000 0.000 0.000 0.000 0.000 3.027 3.750 7.200 5.517 3.892 2.410 0.000 0.000 0.000 0.000 4.653 4.101 5.186 6.190 5.981 6.348 8.191 9.447 7.048 3.139 2.105 0.082 0.000 0.000 4.225 2.062 1.851 3.265 5.716 7.701 8.578 8.641 9.752 9.370 9.381 10.095 9.218 7.643 5.285 7.003 5.205 0.648 0.461 0.628 2.339 4.673 8.189 7.917 10.437 10.462 8.616 2.987 1.518 0.000 0.179 0.323 0.280 0.000
8.042 7.737 3.406 0.000 0.000 0.000 0.000 0.000 0.000 0.000 0.000 0.000 4.123 3.289 1.128 0.000 2.818 0.000 0.000 0.000 0.000 0.000 3.506 3.469 5.746 7.866 7.955 7.354 9.221 2.287 0.000 0.000 0.000 0.000 0.000 2.430 8.071 8.056 3.482 4.289 8.139 8.341 8.760 9.215 9.725 9.920 10.046 10.749 9.865 8.902 6.091 8.499 7.721 5.406 3.107 0.009 5.213 8.814 9.202 9.464 10.168 10.289 10.510 9.918 3.622 1.717 2.056 0.000 0.223 0.000
3.762 2.330 3.772 3.752 0.000 0.000 0.000 0.000 0.000 0.000 0.000 0.000 0.014 0.000 0.000 0.000 0.000 0.000 0.000 0.000 0.000 3.769 5.969 9.001 10.217 10.698 10.703 10.537 9.083 5.649 3.613 1.543 1.335 0.000 0.000 5.972 9.373 8.033 3.766 3.288 7.710 7.100 7.721 8.472 8.842 9.370 9.528 10.394 10.340 8.678 8.536 8.724 8.172 7.904 3.073 1.744 4.918 7.188 9.231 9.324 8.817 9.058 9.317 8.871 7.566 9.323 9.043 7.726 6.987 5.008
0.000 0.000 1.715 5.520 2.865 0.000 0.000 0.000 0.000 0.000 0.000 0.000 0.000 0.000 0.000 0.000 0.000 0.000 0.000 0.000 2.327 5.733 7.679 10.289 10.537 10.921 11.561 10.857 10.072 9.954 8.977 8.597 8.580 4.575 0.000 1.864 7.839 8.960 2.227 2.721 7.075 8.079 9.434 9.913 10.107 9.631 9.986 10.515 11.057 10.136 8.222 9.232 8.092 8.091 3.412 2.100 4.053 4.766 8.014 11.063 10.414 9.570 10.770 8.764 8.009 9.746 9.063 8.950 8.548 8.228
