test_integration/test_sample_run/example/output_maps/SWEN0046.asc
ncols         174
nrows         141
xllcorner     744500.000000
yllcorner     5140950.000000
cellsize      250.000000
NODATA_value  -9999.0
[rows 62 to 92 of 141, columns 69 to 137 of 174]
8.081 8.216 8.157 8.128 8.014 7.802 7.818 7.605 7.394 7.104 6.952 6.967 6.939 6.978 6.881 7.389 7.554 7.821 7.693 8.526 8.708 8.821 8.937 9.337 10.121 10.405 11.153 12.199 11.449 11.695 10.914 11.149 10.571 8.229 6.300 7.383 6.948 9.171 7.613 8.041 6.785 6.995 10.960 12.672 11.867 11.301 10.434 10.990 10.576 10.587 10.735 8.740 9.420 9.309 8.050 8.630 8.098 8.549 8.284 8.963 10.102 11.375 14.016 11.398 8.956 9.397 9.660 8.380 6.715
8.942 8.472 8.039 8.487 7.837 7.943 7.684 7.741 7.908 7.431 7.630 7.224 7.053 6.452 6.702 7.328 6.731 6.492 7.541 8.533 8.321 8.614 8.831 9.308 9.466 11.542 12.305 9.893 10.392 9.084 9.421 6.604 4.896 4.161 5.629 7.769 6.930 7.879 5.721 8.738 7.325 7.920 9.936 12.481 13.787 13.743 14.284 14.948 12.456 10.393 10.426 10.535 9.839 8.773 8.207 8.707 8.634 8.582 8.172 8.863 10.130 11.013 12.908 13.073 9.713 9.350 9.553 8.790 9.235
8.919 8.476 8.307 8.132 8.373 7.710 7.921 7.994 7.847 7.485 6.983 7.025 7.257 7.162 6.671 7.343 7.503 7.617 7.908 7.852 8.476 9.140 9.068 9.700 11.013 10.282 9.265 9.695 9.161 5.996 7.342 7.302 8.259 7.619 7.805 7.339 7.511 7.852 8.624 8.761 7.668 7.903 8.590 9.661 9.933 11.046 12.569 13.770 15.607 11.279 9.668 12.858 10.511 7.678 7.769 7.427 8.760 8.554 8.784 8.841 9.343 10.684 10.506 12.815 12.671 8.438 9.974 11.247 11.732
8.845 8.527 9.300 8.665 9.534 8.665 8.435 8.163 8.057 8.004 7.961 7.465 7.260 7.438 7.046 6.987 7.592 8.295 8.355 9.044 9.670 10.107 10.597 11.525 8.782 7.514 8.191 6.732 7.117 7.735 7.100 7.217 7.644 7.567 7.059 7.625 8.825 8.614 8.732 8.997 9.167 8.174 7.583 8.793 9.377 10.454 10.232 12.583 13.893 12.920 12.952 11.407 8.913 10.157 9.140 6.754 7.845 9.166 8.410 9.225 9.607 9.478 11.293 10.688 11.010 11.223 11.467 11.155 9.450
8.836 8.704 10.011 10.258 10.209 10.110 9.452 8.413 8.510 8.467 8.526 8.294 7.789 7.620 7.120 6.573 5.746 7.179 8.337 8.920 9.061 9.544 8.710 7.252 6.991 6.910 6.010 6.511 6.534 7.702 7.789 7.752 6.958 7.137 6.127 10.575 8.178 8.931 8.617 8.755 8.849 9.382 9.479 9.362 8.448 10.586 11.937 11.292 11.306 15.017 13.926 9.114 11.265 10.346 10.548 10.304 7.380 9.422 8.731 8.631 10.441 10.947 10.909 9.440 9.853 15.097 10.912 9.865 8.597
8.490 9.374 8.786 9.626 10.412 10.243 10.052 9.264 9.104 9.526 9.131 8.987 8.563 7.991 7.451 6.813 6.275 6.154 7.474 8.797 8.146 8.444 6.351 6.139 6.792 7.100 6.971 7.304 7.411 7.994 7.914 8.224 6.366 7.361 8.891 7.414 8.960 8.726 8.778 9.813 8.614 9.538 9.541 10.351 8.075 9.989 11.342 12.027 13.104 15.387 13.371 9.499 12.730 11.282 11.925 7.912 8.727 9.970 9.903 10.051 9.301 9.317 8.010 9.176 13.698 11.445 10.090 8.807 8.466
8.917 9.460 8.374 9.668 11.216 10.237 10.406 10.501 10.320 10.912 10.419 9.346 8.576 8.388 7.890 6.867 6.312 6.345 7.828 8.862 7.350 7.366 7.065 7.531 7.664 6.778 7.189 6.971 8.140 8.036 7.119 6.136 7.818 7.949 11.322 7.097 9.291 9.164 8.953 9.763 9.023 9.048 8.237 8.786 8.614 9.607 11.414 11.647 13.484 16.271 11.446 12.553 12.467 12.875 13.891 8.069 8.133 10.027 9.300 8.373 8.455 8.547 8.477 11.459 14.963 9.763 10.003 9.620 9.622
9.587 9.396 9.538 8.988 10.571 10.962 10.882 10.923 10.630 10.380 10.772 10.451 9.599 7.879 7.784 6.646 6.125 6.959 8.439 7.859 6.379 7.773 6.799 6.502 7.926 7.502 8.312 7.958 8.064 7.549 8.576 7.833 11.922 10.525 8.057 8.093 9.727 10.039 7.740 9.482 10.941 9.211 9.958 8.927 10.101 11.709 10.160 11.553 11.302 12.628 16.261 13.866 14.068 14.910 12.730 7.770 7.418 10.008 7.878 7.911 9.646 10.496 11.971 16.660 10.078 10.872 11.610 10.666 9.013
9.687 9.576 9.422 9.834 10.713 10.457 10.467 10.442 10.379 10.147 10.181 8.615 7.459 7.812 7.176 5.349 5.632 7.151 7.660 7.864 6.942 7.408 5.563 6.976 5.801 10.454 7.271 6.319 6.850 8.173 8.154 11.772 12.485 15.076 8.798 7.727 9.843 10.122 7.621 9.266 14.416 11.850 12.266 11.032 10.790 12.207 12.534 12.003 11.805 12.573 16.345 13.443 13.724 15.090 9.747 6.684 9.540 10.350 8.034 8.337 10.868 11.134 11.025 10.614 11.564 11.798 11.492 9.343 -9999.000
9.906 9.728 9.650 10.042 10.782 10.497 10.466 10.442 10.335 10.168 7.673 4.157 4.592 6.952 7.166 4.413 5.413 6.393 6.943 7.766 6.252 6.240 6.133 8.547 6.946 8.607 7.172 8.406 7.728 10.895 7.576 10.165 13.651 13.439 10.515 8.557 10.030 10.398 8.592 11.524 12.264 15.126 15.595 13.388 11.496 12.954 13.145 13.760 12.682 11.809 12.239 16.461 15.686 12.469 9.864 8.272 9.839 10.564 9.888 9.618 9.492 10.464 10.312 9.577 11.227 13.267 12.010 -9999.000 -9999.000
9.957 9.673 9.603 10.204 10.659 10.448 10.371 10.007 10.481 10.406 7.699 6.217 6.687 6.143 5.402 5.363 5.411 6.136 7.890 6.787 5.457 5.941 7.852 11.547 11.269 6.838 8.617 9.305 9.556 10.126 8.222 9.109 15.148 12.702 10.696 9.989 10.450 10.548 10.923 12.661 12.957 11.885 14.542 15.927 12.614 13.082 12.864 12.183 12.935 13.749 12.673 13.840 15.153 13.292 8.952 7.924 10.345 10.884 10.639 10.910 10.542 11.010 11.775 11.937 11.414 11.416 -9999.000 -9999.000 -9999.000
10.030 9.756 9.938 10.540 10.425 10.240 9.750 10.539 10.834 10.040 7.740 6.161 6.926 5.483 5.281 5.363 5.352 6.211 8.303 6.842 4.562 5.971 9.359 11.019 13.265 10.324 11.353 12.776 8.691 11.046 9.091 10.114 16.119 13.113 11.823 12.232 10.320 11.504 11.597 13.233 13.193 14.677 14.568 15.125 15.678 13.577 12.779 12.527 13.906 14.704 15.041 15.459 15.032 10.655 10.849 8.447 10.774 11.003 10.785 10.807 11.632 11.343 11.178 11.967 12.137 12.162 -9999.000 -9999.000 -9999.000
9.666 10.276 10.395 10.259 10.014 9.153 9.610 11.340 10.599 8.948 7.317 6.451 7.374 7.391 5.850 4.154 5.189 6.386 5.800 6.131 4.185 6.249 9.658 10.452 12.494 14.749 15.053 13.279 11.146 8.901 9.970 11.485 16.668 16.671 10.867 11.409 12.498 12.524 11.967 12.966 12.528 14.909 14.333 14.037 15.362 13.638 12.206 13.060 13.121 12.749 14.361 16.755 14.280 12.063 11.072 10.162 11.076 11.109 11.026 11.371 11.096 10.746 9.890 9.218 10.379 11.016 -9999.000 -9999.000 -9999.000
10.263 10.283 10.189 10.182 9.191 9.933 11.014 9.852 9.085 7.796 7.230 5.811 6.104 5.957 5.361 4.518 5.360 5.312 4.441 6.289 6.483 7.852 11.286 9.259 8.634 10.890 10.903 10.045 12.726 14.166 13.662 13.434 17.867 11.448 13.729 14.439 14.092 12.375 13.399 12.408 14.010 14.544 13.225 14.486 14.248 14.431 13.952 17.158 16.207 17.464 15.789 13.243 11.657 11.168 11.574 12.123 11.471 11.014 10.989 10.911 9.457 9.575 10.299 11.483 11.900 -9999.000 -9999.000 -9999.000 -9999.000
10.291 9.933 10.070 9.841 9.823 11.095 9.884 8.543 7.451 6.450 6.024 5.895 5.761 5.016 4.535 4.553 5.114 5.256 4.945 6.071 6.731 6.880 6.440 8.619 7.851 9.424 9.480 11.316 10.200 12.441 13.733 15.051 17.798 12.735 13.761 14.464 14.486 12.155 12.458 12.064 15.796 13.377 13.165 16.005 20.032 19.236 19.294 17.293 14.592 11.996 12.413 11.323 11.825 11.805 12.313 11.684 11.540 11.527 11.159 10.367 10.527 11.544 11.579 12.643 12.018 -9999.000 -9999.000 -9999.000 -9999.000
9.750 9.736 9.746 9.825 10.431 10.278 8.440 6.535 6.556 6.165 6.088 5.223 4.954 3.279 3.618 4.834 4.707 5.853 6.645 7.265 7.574 8.390 8.077 8.963 9.376 8.605 10.300 11.501 11.452 11.389 12.065 17.052 16.087 16.082 15.032 12.995 14.039 12.683 15.041 18.864 19.650 18.222 19.523 18.752 14.754 15.355 14.017 14.228 14.241 15.326 13.594 11.908 12.814 12.701 12.703 12.532 11.901 11.566 11.265 10.934 11.133 11.738 12.110 11.190 8.561 -9999.000 -9999.000 -9999.000 -9999.000
9.471 9.629 9.451 9.798 10.469 8.775 7.348 6.892 7.856 7.078 6.654 4.933 4.389 3.164 4.651 4.688 4.695 5.429 6.134 7.352 7.296 9.627 9.229 9.792 10.093 10.807 9.982 10.359 11.882 13.445 14.927 14.089 14.443 17.895 17.954 16.635 16.128 16.303 19.872 15.361 12.851 14.255 13.569 12.501 12.060 14.542 15.248 16.072 16.636 15.353 12.998 13.125 13.453 12.758 12.673 12.082 12.060 11.613 11.391 10.953 11.025 11.949 12.190 12.152 10.353 -9999.000 -9999.000 -9999.000 -9999.000
9.345 9.608 9.767 10.007 9.348 8.412 8.168 7.656 7.922 7.402 6.387 4.841 4.450 3.737 4.536 4.692 4.791 5.387 5.554 6.153 6.186 7.472 8.745 9.165 11.741 11.655 11.309 12.214 12.346 12.475 14.053 13.324 13.952 14.635 14.789 16.936 16.968 17.163 13.614 11.401 10.593 11.755 11.139 11.481 13.942 14.306 15.119 16.058 14.922 15.667 14.292 13.640 14.063 14.285 12.313 11.490 12.098 11.943 11.755 11.348 10.536 11.184 11.157 11.090 9.919 -9999.000 -9999.000 -9999.000 -9999.000
9.464 9.471 9.646 8.724 8.538 8.570 8.590 7.860 6.946 6.190 5.951 5.826 5.116 3.451 4.369 5.050 5.664 6.679 6.459 6.766 6.636 7.344 8.009 8.842 10.339 11.244 11.050 11.037 11.787 12.927 13.600 13.607 12.803 13.214 13.999 14.505 14.664 13.538 11.395 10.950 11.460 13.164 14.155 14.033 14.871 14.251 15.317 15.615 14.948 16.005 15.684 15.808 13.984 11.789 12.359 12.247 12.292 12.020 11.889 11.803 11.417 11.335 11.275 11.575 11.828 -9999.000 -9999.000 -9999.000 -9999.000
9.221 8.533 7.396 7.443 7.470 8.765 8.557 7.964 7.037 6.379 6.518 5.972 3.985 3.325 4.278 5.784 6.306 6.805 7.154 7.336 6.989 6.874 7.469 8.466 9.854 10.094 10.376 10.832 11.716 12.585 13.106 11.917 12.168 13.003 13.555 13.653 13.588 11.756 10.605 10.680 12.493 13.386 13.980 13.429 13.716 13.893 14.792 14.404 14.968 15.233 16.162 14.396 13.282 13.393 13.194 12.782 12.258 11.831 11.759 11.895 11.804 11.740 11.541 11.767 12.127 12.168 -9999.000 -9999.000 -9999.000
7.565 6.224 5.637 5.977 6.981 6.514 7.129 7.787 7.700 6.501 6.455 4.569 2.341 3.638 4.723 6.064 6.572 6.993 7.365 7.310 7.163 7.452 7.577 8.205 9.638 10.099 10.015 10.697 11.458 11.918 13.155 12.006 12.428 12.922 13.401 13.947 14.843 12.403 12.752 13.796 13.376 12.569 12.909 13.808 12.655 13.722 13.324 13.736 14.762 14.397 13.994 15.285 14.198 13.782 13.060 12.861 12.534 12.311 11.823 11.751 11.963 11.457 11.179 11.890 12.689 12.262 -9999.000 -9999.000 -9999.000
6.724 6.409 4.428 4.640 5.504 4.383 5.939 6.816 7.524 6.022 4.507 0.816 2.096 3.949 4.348 5.952 6.789 7.215 6.828 7.402 7.330 7.538 7.862 8.390 8.405 9.770 10.500 10.821 10.935 11.582 12.797 12.687 11.942 12.396 13.099 13.712 15.141 12.677 11.338 12.507 10.679 11.376 11.516 12.948 12.446 12.023 12.127 13.342 13.399 13.613 14.073 14.803 14.968 14.314 14.360 13.209 13.890 13.252 12.157 11.927 11.718 11.361 12.373 12.325 11.938 12.210 -9999.000 -9999.000 -9999.000
6.078 6.038 4.518 4.082 4.401 3.647 4.900 5.875 5.130 4.589 3.625 2.443 2.396 4.117 4.241 6.435 7.068 6.514 6.448 7.407 7.360 7.433 8.172 8.408 8.843 9.034 9.609 10.499 10.626 11.555 13.271 12.532 12.268 11.573 12.339 13.139 10.782 8.861 9.372 9.502 11.211 12.372 12.573 12.596 12.537 12.831 12.749 13.048 13.857 14.172 13.841 13.876 16.119 14.398 14.505 14.313 14.439 12.947 12.837 12.489 11.544 12.730 12.874 12.674 12.162 -9999.000 -9999.000 -9999.000 -9999.000
4.869 5.539 4.203 3.470 2.518 2.890 3.954 3.279 2.265 6.095 4.235 2.206 1.963 4.826 4.591 6.099 5.894 4.944 6.039 6.797 6.929 7.610 7.801 8.279 8.591 9.440 10.114 10.635 11.164 12.302 12.989 11.355 11.607 10.519 11.043 8.554 7.449 9.965 10.998 11.461 11.357 11.245 11.236 11.449 12.008 12.200 12.580 13.309 13.376 13.931 13.429 14.526 16.261 15.951 15.575 15.001 13.697 13.139 12.875 12.683 12.264 13.512 13.323 12.768 12.188 -9999.000 -9999.000 -9999.000 -9999.000
3.450 3.177 3.056 2.764 3.117 3.389 2.822 2.748 3.258 3.271 2.374 1.685 2.329 4.413 4.269 5.182 4.513 4.775 5.651 6.594 7.141 7.634 7.792 8.304 8.959 10.166 10.863 11.218 11.103 11.467 10.080 9.590 9.783 9.435 10.194 10.428 10.460 11.124 10.554 9.928 10.486 11.235 12.318 13.542 13.446 13.989 13.215 13.563 13.927 15.002 14.553 14.624 15.286 15.484 15.100 14.516 14.002 13.268 13.163 12.869 13.169 13.189 13.867 12.679 12.362 -9999.000 -9999.000 -9999.000 -9999.000
1.914 1.587 0.993 2.018 3.824 3.397 2.611 2.912 2.012 2.200 0.960 1.528 2.268 1.772 2.668 2.902 3.153 4.672 5.893 6.808 7.158 7.433 7.231 8.640 9.541 9.962 9.647 9.734 10.116 8.101 8.047 8.713 8.932 9.897 9.888 10.140 10.139 10.124 10.236 11.075 11.581 13.704 14.428 15.201 16.248 15.541 14.368 14.267 14.932 14.995 14.923 14.975 15.162 15.573 15.173 14.471 13.491 13.227 13.245 13.168 13.455 13.580 13.787 12.771 13.048 -9999.000 -9999.000 -9999.000 -9999.000
3.830 3.771 3.787 3.653 3.873 3.728 3.478 1.962 1.816 1.855 1.765 2.098 1.832 2.139 2.963 3.300 3.758 3.785 4.841 5.845 6.355 7.280 7.351 8.053 7.433 7.150 7.892 9.171 8.602 9.346 8.726 9.556 9.749 9.792 9.507 9.697 9.137 10.031 10.356 11.965 14.015 14.468 14.724 16.225 15.216 15.082 14.856 14.552 14.477 13.686 14.268 14.067 15.006 15.668 15.154 14.372 13.850 13.578 13.288 13.438 13.807 13.616 12.993 14.362 13.152 -9999.000 -9999.000 -9999.000 -9999.000
3.538 3.422 3.572 3.932 3.916 3.775 3.641 2.806 2.109 1.347 1.877 1.265 1.670 3.354 3.970 4.330 4.782 5.231 4.004 4.620 5.495 6.735 7.626 6.889 6.908 7.668 7.474 8.043 7.483 8.032 8.603 9.197 9.321 8.943 9.830 9.927 10.173 10.939 12.591 14.827 15.954 14.427 15.665 16.534 14.826 14.213 14.317 14.897 13.823 14.963 15.396 15.574 15.479 15.541 15.311 15.087 14.499 13.960 13.743 13.930 14.064 13.952 13.359 13.894 14.595 -9999.000 -9999.000 -9999.000 -9999.000
3.329 3.913 3.777 3.811 3.866 3.184 3.299 2.898 2.703 0.000 0.607 0.680 2.120 3.364 4.525 4.796 5.347 5.301 5.472 5.739 5.366 5.771 7.119 7.013 7.258 7.314 7.291 7.932 8.120 8.360 8.347 8.991 9.560 10.135 11.494 11.328 11.292 12.388 13.357 15.501 16.500 16.617 15.888 16.146 16.959 15.662 14.027 14.258 14.230 14.926 16.302 16.172 16.062 14.717 14.462 14.142 14.702 14.171 13.724 13.834 14.115 14.174 13.835 13.381 -9999.000 -9999.000 -9999.000 -9999.000 -9999.000
3.600 2.754 2.400 1.830 2.273 1.857 1.931 0.704 0.860 0.000 0.000 2.170 2.874 3.936 4.534 5.018 5.706 5.977 6.319 6.548 6.323 6.302 6.206 6.833 6.995 7.548 7.267 6.675 7.497 9.663 9.787 10.200 11.249 12.846 13.464 13.711 13.274 13.935 15.282 14.667 14.630 15.130 15.854 16.718 17.532 16.815 14.807 13.874 -9999.000 -9999.000 -9999.000 -9999.000 -9999.000 -9999.000 -9999.000 14.884 13.796 14.485 14.179 13.737 13.991 14.273 14.054 -9999.000 -9999.000 -9999.000 -9999.000 -9999.000 -9999.000
2.608 1.446 1.189 1.319 1.379 1.259 0.902 1.122 0.798 0.000 0.000 2.222 2.631 3.660 4.277 4.861 5.746 6.282 6.639 6.999 6.753 6.592 6.822 7.207 7.213 7.680 9.359 9.935 8.748 8.548 9.841 9.856 11.145 11.345 11.691 12.666 13.594 14.685 14.525 14.702 14.107 14.337 16.788 16.304 -9999.000 -9999.000 -9999.000 -9999.000 -9999.000 -9999.000 -9999.000 -9999.000 -9999.000 -9999.000 -9999.000 -9999.000 -9999.000 14.158 14.502 13.943 13.702 14.024 -9999.000 -9999.000 -9999.000 -9999.000 -9999.000 -9999.000 -9999.000
