test_integration/test_sample_run/example/output_maps/SWEN0088.asc
ncols         174
nrows         141
xllcorner     744500.000000
yllcorner     5140950.000000
cellsize      250.000000
NODATA_value  -9999.0
[rows 31 to 61 of 141, columns 0 to 69 of 174]
-9999.000 -9999.000 -9999.000 -9999.000 -9999.000 -9999.000 -9999.000 -9999.000 -9999.000 -9999.000 -9999.000 -9999.000 -9999.000 -9999.000 -9999.000 -9999.000 -9999.000 -9999.000 -9999.000 -9999.000 -9999.000 -9999.000 -9999.000 -9999.000 -9999.000 -9999.000 -9999.000 -9999.000 -9999.000 -9999.000 -9999.000 -9999.000 -9999.000 -9999.000 -9999.000 -9999.000 -9999.000 0.000 0.000 9.306 11.889 10.612 7.372 12.626 11.700 0.000 0.000 0.000 -9999.000 -9999.000 -9999.000 -9999.000 -9999.000 -9999.000 -9999.000 -9999.000 -9999.000 -9999.000 -9999.000 0.000 8.195 10.694 6.354 4.847 13.731 16.567 15.634 10.736 10.410 13.854
-9999.000 -9999.000 -9999.000 -9999.000 -9999.000 -9999.000 -9999.000 -9999.000 -9999.000 -9999.000 -9999.000 -9999.000 -9999.000 -9999.000 -9999.000 -9999.000 -9999.000 -9999.000 -9999.000 -9999.000 -9999.000 -9999.000 -9999.000 -9999.000 -9999.000 -9999.000 -9999.000 -9999.000 -9999.000 -9999.000 -9999.000 -9999.000 -9999.000 -9999.000 -9999.000 -9999.000 0.470 3.500 12.571 10.688 11.159 8.572 3.188 4.753 0.994 0.000 8.582 6.239 0.877 -9999.000 -9999.000 -9999.000 -9999.000 -9999.000 -9999.000 -9999.000 0.000 0.000 3.299 8.811 10.117 8.746 0.464 7.106 13.076 14.575 22.267 12.064 10.309 12.160
-9999.000 -9999.000 -9999.000 -9999.000 -9999.000 -9999.000 -9999.000 -9999.000 -9999.000 -9999.000 -9999.000 -9999.000 -9999.000 -9999.000 -9999.000 -9999.000 -9999.000 -9999.000 -9999.000 -9999.000 -9999.000 -9999.000 -9999.000 -9999.000 -9999.000 -9999.000 -9999.000 -9999.000 -9999.000 -9999.000 -9999.000 -9999.000 -9999.000 -9999.000 -9999.000 0.000 3.079 10.310 12.585 15.119 7.274 4.568 2.385 0.000 0.000 0.000 5.557 3.468 0.000 0.000 0.000 7.944 6.470 4.862 0.000 0.000 0.000 3.413 9.572 5.690 6.746 10.043 0.000 6.912 13.638 10.713 6.700 11.286 12.708 14.921
-9999.000 -9999.000 -9999.000 -9999.000 -9999.000 -9999.000 -9999.000 -9999.000 -9999.000 -9999.000 -9999.000 -9999.000 -9999.000 -9999.000 -9999.000 -9999.000 -9999.000 -9999.000 -9999.000 -9999.000 -9999.000 -9999.000 -9999.000 -9999.000 -9999.000 -9999.000 -9999.000 -9999.000 -9999.000 -9999.000 -9999.000 -9999.000 -9999.000 0.000 0.000 0.000 7.224 6.545 10.394 15.438 8.197 9.759 0.403 0.000 0.000 4.449 11.192 13.003 13.805 15.706 10.904 7.505 11.020 13.996 13.619 13.505 7.394 4.704 1.857 0.000 5.754 7.520 0.000 5.900 8.389 5.511 3.466 6.319 16.885 15.227
-9999.000 -9999.000 -9999.000 -9999.000 -9999.000 -9999.000 -9999.000 -9999.000 -9999.000 -9999.000 -9999.000 -9999.000 -9999.000 -9999.000 -9999.000 -9999.000 -9999.000 -9999.000 -9999.000 -9999.000 -9999.000 -9999.000 -9999.000 -9999.000 -9999.000 -9999.000 -9999.000 -9999.000 -9999.000 -9999.000 -9999.000 -9999.000 0.000 0.000 3.794 6.033 5.419 1.551 12.122 12.839 9.860 9.243 1.619 0.000 2.622 9.865 11.812 11.547 15.323 16.474 10.901 6.268 18.034 11.457 14.604 15.092 9.936 8.818 0.000 0.000 5.772 6.575 0.397 5.218 2.855 1.256 4.324 8.554 17.937 15.667
-9999.000 -9999.000 -9999.000 -9999.000 -9999.000 -9999.000 -9999.000 -9999.000 -9999.000 -9999.000 -9999.000 -9999.000 -9999.000 -9999.000 -9999.000 -9999.000 -9999.000 -9999.000 -9999.000 -9999.000 -9999.000 -9999.000 -9999.000 -9999.000 -9999.000 -9999.000 -9999.000 -9999.000 -9999.000 -9999.000 -9999.000 -9999.000 -9999.000 0.000 2.625 1.709 3.965 5.636 4.543 5.597 7.122 5.624 2.516 2.106 6.422 10.068 9.998 12.674 6.404 7.236 17.004 16.833 7.442 10.567 14.738 12.231 11.886 11.335 5.328 0.000 0.000 1.699 0.735 2.459 0.000 7.453 12.724 12.642 14.731 12.016
-9999.000 -9999.000 -9999.000 -9999.000 -9999.000 -9999.000 -9999.000 -9999.000 -9999.000 -9999.000 -9999.000 -9999.000 -9999.000 -9999.000 -9999.000 -9999.000 -9999.000 -9999.000 -9999.000 -9999.000 -9999.000 -9999.000 -9999.000 -9999.000 -9999.000 -9999.000 -9999.000 -9999.000 -9999.000 -9999.000 -9999.000 -9999.000 -9999.000 9.080 13.573 4.365 0.000 0.975 0.000 0.000 1.392 10.139 3.757 3.352 4.674 7.217 9.367 4.082 6.565 12.911 14.600 17.564 6.251 0.000 0.746 6.837 12.731 11.108 9.043 0.984 0.000 0.000 0.000 0.295 3.521 11.759 12.909 14.882 9.073 9.034
-9999.000 -9999.000 -9999.000 -9999.000 -9999.000 -9999.000 -9999.000 -9999.000 -9999.000 -9999.000 -9999.000 -9999.000 -9999.000 -9999.000 -9999.000 -9999.000 -9999.000 -9999.000 -9999.000 -9999.000 -9999.000 -9999.000 -9999.000 -9999.000 -9999.000 -9999.000 -9999.000 -9999.000 -9999.000 -9999.000 -9999.000 -9999.000 -9999.000 9.297 12.935 11.421 8.934 0.000 0.000 0.000 0.000 0.000 1.977 2.057 7.693 9.204 6.127 8.265 12.556 12.888 6.402 5.800 5.579 5.980 0.000 1.760 14.949 10.421 7.543 6.467 0.000 0.000 0.000 0.514 9.238 10.496 15.203 19.176 4.293 5.819
-9999.000 -9999.000 -9999.000 -9999.000 -9999.000 -9999.000 -9999.000 -9999.000 -9999.000 -9999.000 -9999.000 -9999.000 -9999.000 -9999.000 -9999.000 -9999.000 -9999.000 -9999.000 -9999.000 -9999.000 -9999.000 -9999.000 -9999.000 -9999.000 -9999.000 -9999.000 -9999.000 -9999.000 -9999.000 -9999.000 -9999.000 -9999.000 -9999.000 0.000 7.237 10.110 7.643 0.480 0.000 0.000 0.000 0.000 0.000 1.019 9.484 11.776 3.926 7.343 8.264 3.956 1.598 2.863 11.062 10.778 2.194 0.800 6.104 11.591 8.891 10.298 0.000 0.000 0.000 0.000 7.455 11.040 11.597 15.323 5.020 0.000
-9999.000 -9999.000 -9999.000 -9999.000 -9999.000 -9999.000 -9999.000 -9999.000 -9999.000 -9999.000 -9999.000 -9999.000 -9999.000 -9999.000 -9999.000 -9999.000 -9999.000 -9999.000 -9999.000 -9999.000 -9999.000 -9999.000 -9999.000 -9999.000 -9999.000 -9999.000 -9999.000 -9999.000 -9999.000 -9999.000 -9999.000 -9999.000 0.000 0.000 0.000 0.000 0.000 7.039 10.876 6.739 0.789 0.000 0.000 1.648 6.262 9.565 0.000 1.157 3.104 2.963 3.892 7.306 10.574 11.216 7.508 0.000 0.754 6.087 8.778 6.530 3.764 3.508 0.000 0.718 3.388 7.798 12.841 7.367 8.079 6.990
-9999.000 -9999.000 -9999.000 -9999.000 -9999.000 -9999.000 -9999.000 -9999.000 -9999.000 -9999.000 -9999.000 -9999.000 -9999.000 -9999.000 -9999.000 -9999.000 -9999.000 -9999.000 -9999.000 -9999.000 -9999.000 -9999.000 -9999.000 -9999.000 -9999.000 -9999.000 -9999.000 -9999.000 -9999.000 -9999.000 -9999.000 0.000 0.000 0.000 0.000 3.515 12.453 11.665 11.222 10.714 8.718 2.618 0.000 0.530 2.796 2.120 0.000 1.635 0.000 0.000 4.408 1.260 4.264 8.581 6.850 0.000 0.000 0.000 3.696 1.509 5.024 2.491 0.000 3.079 4.929 8.577 10.166 4.287 4.968 2.655
-9999.000 -9999.000 -9999.000 -9999.000 -9999.000 -9999.000 -9999.000 -9999.000 -9999.000 -9999.000 -9999.000 -9999.000 -9999.000 -9999.000 -9999.000 -9999.000 -9999.000 -9999.000 -9999.000 -9999.000 -9999.000 -9999.000 -9999.000 -9999.000 -9999.000 -9999.000 -9999.000 -9999.000 -9999.000 -9999.000 0.000 0.000 12.213 13.248 11.760 12.579 11.255 10.013 10.293 9.797 9.817 7.252 0.550 0.000 0.000 0.000 0.000 0.000 0.000 0.000 0.000 0.000 1.355 3.310 4.919 4.263 0.000 0.000 13.099 9.660 5.030 0.000 2.815 5.828 3.853 8.708 3.528 4.362 3.317 0.000
-9999.000 -9999.000 -9999.000 -9999.000 -9999.000 -9999.000 -9999.000 -9999.000 -9999.000 -9999.000 -9999.000 -9999.000 -9999.000 -9999.000 -9999.000 -9999.000 -9999.000 -9999.000 -9999.000 -9999.000 -9999.000 -9999.000 -9999.000 -9999.000 -9999.000 -9999.000 -9999.000 -9999.000 -9999.000 -9999.000 0.000 14.439 13.294 13.383 13.145 12.552 10.487 11.053 11.875 10.860 6.375 4.822 1.751 0.000 0.000 0.000 0.000 0.000 0.000 0.000 0.000 1.416 0.000 0.000 3.763 4.073 0.000 1.532 5.325 7.930 4.938 2.205 2.783 4.697 7.391 2.781 0.000 0.000 0.000 0.000
-9999.000 -9999.000 -9999.000 -9999.000 -9999.000 -9999.000 -9999.000 -9999.000 -9999.000 -9999.000 -9999.000 -9999.000 -9999.000 -9999.000 -9999.000 -9999.000 -9999.000 -9999.000 -9999.000 -9999.000 -9999.000 -9999.000 -9999.000 -9999.000 -9999.000 -9999.000 -9999.000 -9999.000 -9999.000 -9999.000 13.263 13.765 14.984 12.993 13.551 12.700 10.980 13.898 7.199 3.743 0.000 0.680 9.805 9.397 8.725 5.939 0.000 0.000 0.000 0.000 0.000 0.000 0.000 0.000 0.000 0.000 0.000 3.250 0.000 2.956 0.000 0.000 2.798 2.835 7.332 9.569 0.000 0.000 0.000 0.000
-9999.000 -9999.000 -9999.000 -9999.000 -9999.000 -9999.000 -9999.000 -9999.000 -9999.000 -9999.000 -9999.000 -9999.000 -9999.000 -9999.000 -9999.000 -9999.000 -9999.000 -9999.000 -9999.000 -9999.000 -9999.000 -9999.000 1.524 2.965 0.000 1.812 4.030 -9999.000 -9999.000 -9999.000 12.790 14.350 15.266 12.683 14.098 11.733 16.180 6.389 0.000 0.000 1.636 7.569 9.818 9.358 9.212 9.456 8.874 7.441 0.000 0.000 0.000 0.000 0.000 0.000 0.000 0.000 0.000 0.000 0.000 0.000 0.000 0.000 2.394 7.110 9.965 7.110 0.000 0.000 0.000 1.461
-9999.000 -9999.000 -9999.000 -9999.000 -9999.000 -9999.000 -9999.000 -9999.000 -9999.000 -9999.000 -9999.000 -9999.000 -9999.000 -9999.000 -9999.000 -9999.000 -9999.000 -9999.000 -9999.000 -9999.000 -9999.000 0.988 3.985 12.380 13.667 13.002 11.318 5.995 -9999.000 2.461 15.202 15.447 15.395 16.958 13.756 14.390 4.179 5.236 0.641 0.000 7.007 9.628 8.947 11.391 9.439 8.661 9.024 8.090 7.190 0.437 0.000 0.000 0.000 0.000 0.000 0.000 0.000 0.000 0.000 0.000 0.000 0.000 3.223 7.549 3.898 4.935 2.888 0.105 0.000 4.438
-9999.000 -9999.000 -9999.000 -9999.000 -9999.000 -9999.000 -9999.000 -9999.000 -9999.000 -9999.000 -9999.000 -9999.000 -9999.000 -9999.000 -9999.000 -9999.000 -9999.000 -9999.000 -9999.000 0.000 0.000 4.029 13.065 13.707 13.031 14.245 14.550 15.744 14.634 9.498 14.747 12.088 10.490 6.154 10.747 4.063 0.000 0.000 0.000 1.360 10.349 8.935 10.883 11.427 10.354 9.730 9.417 8.416 7.490 2.967 0.000 0.000 0.000 0.000 0.000 0.000 0.000 0.000 0.000 0.000 0.000 0.792 3.188 0.308 0.000 0.876 0.000 0.000 0.940 4.015
-9999.000 -9999.000 -9999.000 -9999.000 -9999.000 -9999.000 -9999.000 -9999.000 -9999.000 -9999.000 -9999.000 -9999.000 -9999.000 -9999.000 -9999.000 -9999.000 0.000 0.000 0.000 0.000 11.561 11.252 13.485 13.823 13.801 10.381 13.086 13.651 14.316 16.953 14.610 11.031 6.428 0.850 0.000 0.000 0.000 0.000 3.096 10.734 9.924 10.460 11.062 11.031 11.022 12.252 10.241 8.555 5.494 6.256 0.000 0.000 0.000 0.000 0.000 0.000 0.000 0.000 0.000 0.000 0.000 0.000 0.000 0.000 0.000 0.000 0.000 0.000 4.638 4.601
-9999.000 -9999.000 -9999.000 -9999.000 -9999.000 -9999.000 -9999.000 -9999.000 -9999.000 -9999.000 -9999.000 -9999.000 -9999.000 -9999.000 -9999.000 -9999.000 0.000 5.154 8.273 9.414 12.869 12.058 12.544 13.345 14.679 13.597 7.571 14.298 18.104 16.764 18.562 10.952 9.189 0.831 0.000 0.000 0.000 2.086 11.149 10.093 11.548 10.145 12.014 14.154 12.326 6.908 5.604 0.000 0.000 3.351 0.000 0.093 0.000 0.000 0.000 0.000 0.000 0.000 0.000 0.000 0.000 0.000 0.000 0.000 0.000 0.000 0.000 0.498 4.007 2.255
-9999.000 -9999.000 -9999.000 -9999.000 -9999.000 -9999.000 -9999.000 -9999.000 -9999.000 -9999.000 -9999.000 -9999.000 -9999.000 -9999.000 -9999.000 0.000 0.000 7.564 8.771 10.434 11.179 11.289 12.350 12.037 12.067 15.581 14.583 7.993 11.880 16.800 8.795 7.751 2.945 3.206 1.455 3.517 11.682 11.065 10.372 11.811 12.161 10.594 7.958 4.168 0.000 1.687 1.671 0.000 0.000 0.000 0.000 0.000 4.193 7.784 8.019 7.794 7.817 7.630 7.510 7.925 1.899 0.000 0.000 0.000 0.000 0.000 0.000 0.000 0.000 0.000
-9999.000 -9999.000 -9999.000 -9999.000 -9999.000 -9999.000 -9999.000 -9999.000 -9999.000 -9999.000 -9999.000 -9999.000 -9999.000 -9999.000 0.000 0.000 7.123 7.720 8.785 11.031 10.486 10.909 10.858 11.151 11.004 12.745 15.365 14.995 11.338 11.881 7.142 8.412 4.792 5.294 4.976 12.222 11.964 11.146 12.189 13.623 11.932 13.923 0.891 0.294 0.000 0.000 0.000 0.000 0.000 0.000 1.891 6.373 8.137 8.046 8.098 7.860 7.758 7.694 7.956 7.722 3.970 1.550 0.000 0.000 0.000 0.000 0.000 0.000 0.000 0.000
-9999.000 -9999.000 -9999.000 -9999.000 -9999.000 -9999.000 -9999.000 -9999.000 -9999.000 -9999.000 -9999.000 -9999.000 -9999.000 0.000 0.000 7.189 6.758 7.981 8.872 10.220 11.206 11.883 11.081 10.470 11.471 11.017 13.557 17.328 4.196 2.499 3.042 7.068 7.528 8.512 11.923 11.930 12.821 12.608 13.809 13.009 12.921 6.672 0.000 0.000 0.121 0.000 0.000 0.000 0.000 0.000 5.001 8.279 8.014 8.548 8.608 9.105 8.667 9.108 9.129 7.485 6.815 5.911 0.000 0.000 0.000 0.000 0.000 0.000 0.000 0.000
-9999.000 -9999.000 -9999.000 -9999.000 -9999.000 -9999.000 -9999.000 -9999.000 -9999.000 -9999.000 -9999.000 -9999.000 0.000 0.000 4.531 6.437 6.349 7.896 9.518 10.399 12.171 12.038 12.835 11.449 11.686 10.858 7.114 8.216 10.192 4.460 5.850 7.268 10.037 11.580 12.401 13.409 13.328 13.583 13.919 12.332 5.877 0.338 0.000 0.000 4.351 1.438 0.000 0.000 0.389 1.197 7.729 7.491 8.906 9.415 9.469 9.834 9.852 9.767 9.136 8.510 7.666 6.916 2.803 0.121 0.000 0.000 0.000 0.000 0.000 0.000
-9999.000 -9999.000 -9999.000 -9999.000 0.000 -9999.000 -9999.000 -9999.000 -9999.000 -9999.000 -9999.000 0.000 0.000 5.057 6.062 5.036 7.055 8.136 9.946 9.474 10.907 10.666 12.145 10.392 6.718 2.230 0.566 2.872 9.364 9.953 7.568 8.052 12.239 12.453 13.723 13.814 13.672 11.356 7.282 2.783 0.000 0.000 0.175 1.610 3.964 2.134 0.422 0.000 0.000 3.032 7.750 8.514 9.584 10.093 10.280 10.789 10.269 8.534 5.945 5.247 0.919 0.765 0.482 4.154 3.131 2.684 0.000 0.000 0.000 0.000
-9999.000 -9999.000 -9999.000 -9999.000 0.000 0.000 0.000 0.000 0.000 0.000 0.000 0.000 3.977 7.317 6.337 6.390 6.739 7.539 8.960 8.792 10.396 10.748 8.381 6.706 1.790 0.000 1.868 1.639 4.899 9.303 9.847 9.640 13.688 13.092 13.710 14.050 12.822 5.532 0.000 0.000 0.925 2.796 4.078 3.670 4.053 0.000 0.000 0.000 0.057 5.835 6.538 8.576 9.927 10.580 11.250 11.655 2.421 0.000 0.171 0.000 0.000 0.000 0.000 8.072 8.215 8.051 2.650 0.000 0.000 0.000
-9999.000 -9999.000 -9999.000 -9999.000 0.000 0.000 0.000 1.922 2.924 4.789 5.047 8.069 7.233 7.077 6.554 6.703 5.927 5.522 8.012 8.375 9.511 7.350 3.901 4.674 6.143 7.697 6.840 5.951 7.144 10.015 11.259 11.545 14.238 12.747 13.806 14.159 7.511 3.042 0.000 0.000 0.000 2.218 2.499 0.066 0.000 0.000 0.000 0.000 6.358 6.314 7.841 8.378 10.050 10.945 9.621 4.313 0.000 0.000 0.000 0.000 0.143 0.000 4.732 8.406 8.409 8.263 7.420 7.734 3.094 0.214
-9999.000 -9999.000 -9999.000 -9999.000 -9999.000 0.000 2.743 2.209 3.900 5.692 9.248 8.721 8.414 6.470 5.650 6.279 4.827 5.602 7.914 8.800 8.163 3.974 5.164 5.167 4.908 6.351 8.322 6.671 6.734 7.637 9.906 14.315 14.365 13.582 14.869 9.447 6.206 4.202 4.388 2.402 0.000 0.000 0.000 0.000 0.000 0.000 0.000 2.131 6.381 4.927 4.475 5.545 9.317 11.181 8.996 3.874 0.149 0.966 0.000 0.000 0.000 0.000 7.123 6.915 8.775 8.830 8.130 7.843 6.256 6.191
-9999.000 -9999.000 -9999.000 -9999.000 -9999.000 0.000 6.157 4.250 4.535 6.847 9.286 9.183 9.323 8.299 5.922 6.123 4.232 6.868 8.562 9.614 3.342 5.734 5.005 5.149 6.068 6.104 8.758 9.862 9.304 4.938 6.405 10.877 12.811 9.922 4.232 0.000 1.509 4.594 8.204 8.911 5.633 0.000 0.000 0.000 0.000 0.000 0.575 4.285 2.278 2.694 2.051 2.040 6.809 9.276 11.369 9.554 9.017 9.013 6.065 1.182 0.000 2.884 8.284 5.780 9.228 9.231 8.858 6.225 8.047 8.113
-9999.000 -9999.000 -9999.000 -9999.000 -9999.000 0.000 5.816 5.150 3.070 2.036 5.456 7.149 8.781 6.842 6.120 4.956 3.771 6.291 7.699 8.919 0.000 5.154 2.540 3.621 6.882 8.093 8.486 9.710 6.697 3.043 5.268 5.241 9.747 1.672 0.000 0.000 0.000 0.000 4.153 7.571 4.992 3.941 0.369 0.000 0.000 0.000 2.374 6.757 5.843 5.746 5.636 5.489 5.772 6.250 9.840 9.720 7.520 5.344 2.934 0.000 1.352 6.459 8.436 8.862 8.938 9.859 6.579 6.690 8.808 8.139
-9999.000 -9999.000 -9999.000 -9999.000 -9999.000 0.000 5.027 7.092 3.915 2.590 2.187 1.784 2.144 5.088 5.310 4.037 3.736 3.933 3.505 2.463 1.867 2.787 3.474 5.778 8.703 8.048 6.609 4.894 2.112 0.876 3.820 1.516 0.000 0.000 0.000 0.000 1.299 0.000 0.877 1.523 0.000 0.450 0.621 0.000 0.000 0.822 3.308 8.276 8.167 8.599 7.786 6.698 6.208 6.033 3.392 4.632 0.000 0.000 0.000 0.000 5.554 7.631 8.922 9.270 9.567 10.012 7.911 8.956 9.063 5.467
-9999.000 -9999.000 -9999.000 -9999.000 -9999.000 0.000 4.988 6.217 6.149 4.228 2.970 4.679 3.614 4.247 3.457 4.125 3.716 3.276 0.000 0.000 0.690 1.708 3.550 6.772 8.116 6.026 4.996 2.601 1.524 3.486 2.871 0.617 0.000 0.000 0.786 0.186 1.148 1.323 0.000 0.000 0.000 1.560 0.000 0.000 0.000 1.190 5.227 7.436 9.118 9.584 8.952 5.184 7.571 4.326 2.328 2.465 0.000 0.000 0.000 0.000 5.332 5.754 8.947 9.894 10.279 10.221 9.328 9.120 6.070 0.734
