tests/3D/Borden05m/output-maps-SE27XX/psiliqL0009N0001.asc
ncols         160
nrows         34
xllcorner     620200.000000
yllcorner     5168000.000000
cellsize      0.500000
NODATA_value  -9999.0
[rows 0 to 25 of 34, columns 57 to 113 of 160]
-9999.0 -9999.0 -9999.0 -9999.0 -9999.0 -9999.0 -9999.0 -9999.0 -9999.0 -9999.0 -9999.0 -9999.0 -9999.0 -9999.0 -9999.0 -9999.0 -9999.0 -9999.0 -9999.0 -9999.0 -9999.0 -9999.0 -9999.0 -9999.0 -9999.0 -9999.0 -9999.0 -9999.0 -9999.0 -9999.0 -9999.0 -9999.0 -9999.0 -9999.0 -9999.0 -9999.0 -9999.0 -9999.0 -9999.0 -9999.0 -9999.0 -9999.0 -9999.0 -9999.0 -9999.0 -9999.0 -9999.0 -9999.0 -9999.0 -9999.0 -9999.0 -9999.0 -9999.0 -9999.0 -9999.0 -9999.0 -9999.0
-9999.0 -9999.0 4.167086 -1.425598 -6.905521 -12.083020 -21.338793 -30.769008 -39.581697 -43.738558 -44.819264 -45.831794 -46.373112 -41.206034 -33.385953 -25.880529 -18.762718 -16.481974 -14.138480 -11.901365 -11.450033 -12.812246 -16.133549 -19.489189 -22.957463 -24.473383 -32.845841 -44.368739 -53.378673 -56.178856 -51.678887 -47.143016 -44.588128 -38.451416 -27.491538 -16.476934 -7.782616 4.086705 9.737673 15.018978 18.369926 14.522329 11.190403 7.709854 3.147325 -7.740202 -9999.0 -9999.0 -9999.0 -9999.0 -9999.0 -9999.0 -9999.0 -9999.0 -9999.0 -9999.0 -9999.0
-13.700494 -10.519246 -21.379653 -26.278983 -29.737034 -32.095189 -37.407991 -46.406777 -52.011357 -57.686709 -59.587842 -59.779817 -59.897249 -55.854984 -46.062714 -38.193561 -33.514922 -31.187396 -28.798537 -28.830474 -29.406137 -29.869768 -32.848911 -36.343045 -39.808348 -41.653960 -41.620850 -49.296606 -54.694437 -58.014869 -59.294588 -56.831347 -54.487564 -51.385092 -41.662975 -33.261675 -24.845076 -10.578113 1.845919 7.207181 4.990677 0.181628 -3.277603 -9.436015 -19.005692 -29.264607 -39.553924 -46.577426 -51.770812 -56.809986 -50.483893 -43.842911 -33.396118 -23.063135 -10.860008 1.395154 -9999.0
-30.225796 -27.571506 -38.589522 -47.203299 -51.868917 -52.020856 -50.048157 -54.000006 -58.944436 -63.431067 -55.765376 -54.738804 -53.769333 -50.718184 -47.486378 -45.209910 -42.549821 -37.347818 -28.501734 -25.979364 -25.582056 -25.564638 -27.485640 -30.678254 -32.533372 -35.367878 -40.638886 -41.624275 -41.247829 -41.268743 -36.071598 -34.582657 -33.178024 -40.144068 -36.719348 -30.350617 -23.338382 -16.246382 -9.121539 -4.376476 -7.295548 -8.247625 -16.270990 -29.755614 -40.891917 -49.332009 -51.586563 -54.501413 -61.933186 -73.895428 -66.729638 -50.950420 -46.053327 -42.175267 -30.074094 -17.637231 -7.329431
-46.403678 -43.713825 -49.067592 -48.351055 -47.163301 -45.953100 -47.858915 -51.152677 -52.886151 -40.241569 -30.991644 -29.539940 -26.870003 -23.664501 -25.031246 -37.537998 -40.315138 -31.920694 -21.571123 -15.797756 -15.784920 -15.970589 -17.689088 -18.806759 -19.386129 -21.844492 -20.838758 -18.298098 -17.730401 -12.700918 -7.057935 -4.299654 -12.846063 -22.096525 -21.541257 -13.793262 -5.713689 1.789510 12.911094 24.773036 23.737531 18.256333 9.636864 -3.710687 -26.890155 -46.482554 -56.757490 -63.091364 -69.734027 -70.134301 -72.140823 -61.192814 -59.142491 -57.160775 -48.372713 -37.864035 -27.577344
-34.289568 -26.411040 -32.866436 -38.861380 -42.592835 -42.308761 -42.329473 -39.123009 -26.159454 -12.496737 2.293147 4.643193 6.903183 6.339882 -3.548944 -14.087697 -18.515352 -3.549416 12.167625 20.288860 21.034227 21.263732 29.154046 27.107783 24.476885 18.930967 21.235092 23.797806 34.960439 42.406312 49.100666 47.145860 35.341751 24.309706 22.440112 24.509141 26.801908 32.823492 43.413790 53.745562 49.101958 41.976239 31.900461 3.199749 -24.451896 -41.189712 -40.165776 -39.381200 -43.647963 -46.442355 -49.746050 -56.981532 -57.102010 -57.423701 -57.681310 -45.458891 -33.013628
10.061087 25.845223 19.477814 10.543115 -0.806984 -0.734448 2.450608 10.503253 23.537287 41.649278 65.499750 68.739493 72.240381 75.839694 64.855062 52.499223 40.577005 56.522494 66.096140 74.948444 77.903072 89.127194 99.263088 94.299236 85.648674 75.915926 82.299871 95.687908 110.543115 116.782332 120.089438 120.045445 110.022957 104.684780 102.196574 102.935518 99.374838 102.646295 113.645380 129.085850 129.361136 119.186550 96.740426 60.959511 26.133395 4.310914 9.068853 2.920856 -2.894482 -6.785586 -20.678861 -31.834997 -31.796193 -41.111773 -47.161424 -35.517119 -29.280899
52.853613 70.527839 66.225127 54.709991 41.834931 41.531790 49.394529 58.602688 77.187703 100.807850 125.287099 136.367388 142.496127 151.651530 144.933440 135.493558 126.315952 133.241404 145.486172 157.535568 168.720888 181.672403 193.775067 186.717287 176.547596 173.175309 177.717068 195.285116 210.635688 215.841924 218.014579 222.173300 215.573645 208.327700 200.292262 192.965703 185.889829 181.034987 196.789981 211.658717 209.850396 186.620928 162.873240 128.736288 92.180691 58.755900 54.980343 53.867608 52.805390 37.743544 22.544986 4.429812 -6.112792 -14.926518 -29.680170 -24.750078 -18.971502
143.557378 163.251264 166.673075 151.596726 145.916475 150.743943 162.327122 168.450987 182.177876 208.459911 242.447789 267.784582 290.300521 294.956947 285.613378 275.384472 260.410605 254.588599 268.513778 280.815580 293.303115 306.165253 319.602829 327.605413 326.967871 327.195892 330.105795 335.065507 342.245397 349.217766 355.917302 363.124674 363.249942 353.835152 345.113238 334.378154 325.056872 321.398490 320.541789 327.957403 326.024063 303.407606 276.143628 244.918650 208.420917 176.881378 156.568149 159.255653 146.721490 129.515091 108.860650 72.998587 54.606835 38.127875 8.221071 3.662821 13.883141
247.588027 263.411563 278.584717 277.305173 280.264578 284.255735 291.163955 296.829459 305.583326 339.387462 377.680218 413.332259 442.229174 453.059400 442.937835 430.882235 415.890139 402.928094 403.438313 418.115744 437.912986 457.644762 471.604789 477.414959 477.231820 478.096906 480.051643 483.386327 486.361287 492.342581 500.510682 512.397103 525.535472 520.828087 502.440627 487.337265 470.690276 463.183349 459.459266 454.266416 452.131499 445.584298 414.947195 383.681551 348.254535 313.987676 288.939004 270.275734 250.958570 230.334154 188.024044 148.678005 114.501968 86.229662 57.473541 53.019597 77.748604
367.800591 395.865458 414.431936 421.894068 426.705099 431.933396 440.277142 447.815377 458.075327 482.568205 525.548667 573.562335 611.555207 620.250102 612.065795 598.665274 581.270756 564.813968 559.124980 568.484780 585.640203 607.125288 622.568788 634.891401 635.773793 636.691186 637.024178 639.230978 641.282205 643.216355 650.020495 661.413536 671.922076 673.289854 661.246759 644.368341 626.759861 617.906198 609.416653 600.511103 596.538434 592.816559 581.675469 548.758415 504.937893 454.290152 418.102369 390.739475 375.137695 359.207685 338.829250 293.411025 266.066641 231.974453 195.746105 169.972031 202.593497
497.136141 533.283154 560.156377 576.520064 583.573463 591.562916 602.701296 611.957973 624.569534 643.000627 668.091818 701.100807 731.198050 749.994915 747.014510 734.233732 714.669973 706.612769 704.435377 708.327860 719.014627 729.902261 745.827810 760.636361 765.877676 766.730127 764.684923 766.757402 767.948151 768.373711 769.177769 772.800371 778.712406 780.745639 777.176278 764.173379 747.206501 733.687547 724.831543 718.881543 713.879497 710.956955 704.525211 686.795402 652.953481 608.704567 562.118617 528.635117 507.110423 491.717307 479.811884 463.059712 442.645720 408.816099 362.606060 321.896618 310.035324
632.335736 662.435535 691.145457 712.142052 720.786272 730.046930 736.497863 747.077018 761.913771 778.938196 791.931411 808.235340 828.144426 838.869733 843.665516 843.297105 841.116211 841.379605 841.270108 829.408475 834.116826 838.300827 843.166014 848.785527 850.295643 850.432221 849.939418 850.825419 851.262082 851.913665 851.999395 851.374839 852.384099 852.609587 852.209106 848.544704 847.957078 834.124666 824.100973 817.173381 809.263101 799.636096 788.230199 776.116139 758.656433 730.127047 692.149693 659.130458 644.519495 636.641717 628.936039 620.012602 598.156837 564.997894 524.411015 477.501216 432.289355
748.356312 768.421501 793.638719 811.416736 821.999818 830.524114 835.207172 845.853280 856.902776 855.289617 857.651269 860.215277 862.357512 862.761229 862.406380 861.706611 859.046351 858.726274 858.128323 854.953322 848.106059 850.829041 852.422318 854.487482 857.394818 855.680216 856.270345 859.036692 857.912251 853.324640 850.568055 849.286735 849.410392 855.982031 858.967788 860.252713 861.081473 861.669603 862.234819 861.693365 860.310126 857.856258 854.476799 852.285272 842.300786 821.053047 791.181011 759.910599 745.599998 740.260677 740.118440 734.632427 723.891664 697.809351 662.813837 617.860956 566.882659
852.671344 856.913907 862.642334 865.837825 867.405920 869.258287 870.993992 870.864450 867.363543 863.970833 859.828277 858.972534 857.621681 854.882377 854.983637 852.786955 849.294891 846.986894 842.952992 834.999883 825.810706 824.396542 828.514118 832.244180 835.314647 837.303484 839.834725 840.950394 836.600496 829.509048 823.237107 821.478841 827.578682 832.987464 838.137488 839.578941 839.401727 838.872898 840.236946 838.656464 838.930188 843.603162 853.809119 858.646388 858.914957 858.316309 854.517955 848.222244 836.062751 818.417199 820.948912 815.646741 803.141940 781.154136 756.145183 724.421296 690.449678
866.216613 865.246875 860.583851 855.760876 855.189676 858.349553 864.074630 864.819354 857.995018 850.358650 844.070679 837.725783 835.062509 832.500310 830.674782 830.114561 825.400184 819.762685 807.680080 798.663737 789.105449 783.049479 780.384795 784.291222 792.647596 800.479454 804.163342 797.776302 789.668969 778.314558 769.675377 769.674702 772.900902 783.076726 797.846466 803.174887 805.537735 802.772359 800.516605 795.943095 794.245244 799.595042 811.610954 823.770561 835.188539 842.370238 849.138499 855.122486 860.739536 861.533001 861.392412 860.045342 856.668607 842.715849 824.048997 802.710938 779.641447
853.358160 849.865400 844.457651 839.372359 837.583302 839.262135 841.261438 837.310489 829.906116 819.202545 807.928630 797.222912 789.297031 787.085898 786.602096 785.715928 779.495343 766.725986 751.621362 739.772372 726.192914 720.210087 712.429388 707.588381 719.153907 735.802597 741.113034 727.018916 713.391823 694.146223 683.027645 679.340696 683.072361 697.662069 723.003326 744.659690 748.410885 741.629298 734.511025 730.873910 728.747016 734.796853 751.520972 770.116687 785.163321 795.863334 802.524947 810.971824 820.439763 831.627046 843.301195 852.504127 860.855613 862.538446 861.423613 858.716902 845.648294
834.488527 828.053497 821.584925 815.283789 810.276678 806.803919 802.992981 795.139221 785.195534 768.862457 753.252949 737.649592 718.904959 709.902265 703.105296 701.938885 689.092548 677.202945 657.570385 641.126090 623.276961 609.277983 597.763833 589.978487 599.495093 618.568358 628.043002 610.753925 592.883887 569.763378 557.254312 552.405545 557.001042 575.442663 609.693039 635.428114 645.595738 639.611224 634.582761 632.217038 631.589964 637.530786 654.253157 678.165664 705.106912 726.608074 739.693676 750.031928 762.333440 778.658499 793.747541 807.337117 822.847459 840.250739 852.909067 861.205567 866.125226
803.364085 793.554098 781.708518 768.697490 760.035028 758.300986 748.944033 738.218410 717.608308 663.275388 637.196313 611.484588 586.879380 573.166470 560.469925 551.044140 538.624484 528.814916 517.042508 498.602462 478.410452 459.486043 451.294284 445.887180 440.585438 449.442305 453.527800 452.591969 441.070293 429.532573 423.395904 420.078398 425.341631 443.386203 462.085278 477.666840 485.897383 483.585730 489.426996 494.869889 497.276235 513.886582 531.250234 556.504337 590.145090 624.475004 644.562333 659.727106 677.059228 700.655014 724.459927 745.777840 770.271242 795.339035 811.037851 821.918345 833.712968
752.351282 734.651366 715.970980 695.456552 676.719254 672.828911 664.716507 650.106656 600.833907 540.837288 497.316054 471.653989 444.334690 429.476028 417.119531 392.322337 377.696028 369.405044 371.005724 358.821903 340.245427 324.508310 315.847271 309.635493 298.466327 292.686861 297.168037 307.104110 299.970982 295.493079 297.503283 295.100948 293.031469 301.904192 318.632464 328.725248 338.680967 348.305801 351.851264 358.377832 382.070723 396.156680 412.785297 436.760242 464.935941 494.499450 520.167230 539.475714 562.783613 594.902635 624.946327 655.997137 689.131952 725.746691 749.653369 767.179354 781.815382
656.839411 631.929787 604.109870 571.889335 542.300941 535.085009 523.999217 502.007400 450.003164 400.288284 363.621375 338.407130 312.463877 294.276790 269.699412 239.577585 220.345405 223.744142 230.307599 228.709091 214.237595 201.161398 191.088195 178.663868 164.134178 154.126231 162.218260 170.494492 175.784511 177.854006 180.943288 182.359954 181.215526 178.428073 186.208198 195.075145 204.974695 214.175188 224.548918 250.914051 273.922839 289.804379 309.979860 331.019714 355.710946 382.055693 405.815754 424.907737 448.311251 475.209387 505.328469 537.349009 577.085569 621.952330 656.489893 680.643840 704.087050
532.321035 501.303197 468.713355 425.382710 406.464611 396.050669 384.255596 349.302010 304.925642 265.331562 238.464310 213.758238 190.226835 165.073635 135.982817 109.969333 91.320287 98.206898 105.204603 115.058819 103.090902 91.577255 85.216726 71.091223 57.508248 43.881817 51.838368 61.118324 76.499235 79.826970 82.717172 88.712477 87.243618 84.983643 77.748028 86.169154 95.499204 107.585209 132.582931 155.986314 178.537449 197.923347 216.941698 238.421407 261.972771 286.045310 311.232809 331.099448 351.614503 375.913828 400.693695 425.829639 456.148896 492.698725 525.565439 555.976795 590.911296
405.466146 377.565747 340.563306 296.093434 263.908751 251.390108 218.258105 186.146395 149.203716 129.299864 110.761891 88.478962 67.754812 47.493804 22.054013 -0.157986 -22.819238 -18.466652 -6.012308 7.836270 1.066684 -3.015848 -6.104560 -17.382303 -30.788951 -44.136509 -40.430902 -25.737051 -9.313753 -2.738153 3.331476 10.522268 10.386704 3.783118 -4.725835 0.488702 13.392828 28.456527 48.966354 70.354243 91.025245 109.976069 131.062830 153.252823 175.929149 200.532336 226.134875 245.222864 268.465324 293.271919 314.538242 329.699107 348.473565 377.718081 401.536390 429.496989 459.944123
293.206375 266.805403 227.540106 186.427191 145.517669 110.830838 79.930894 50.163045 31.934082 13.723797 -3.818922 -21.533979 -41.448657 -60.372039 -79.059237 -100.283285 -118.909936 -113.292978 -99.693545 -87.292863 -85.015317 -87.837720 -90.722691 -98.384721 -111.796200 -122.999057 -114.834608 -99.482825 -84.475433 -74.802120 -68.343428 -62.284319 -65.180406 -73.505907 -80.425735 -72.948199 -58.126030 -43.730738 -26.715623 -6.075059 14.442570 34.947457 56.373061 77.790970 101.446908 125.857771 150.608229 174.847415 197.640595 219.739371 231.495032 243.827927 254.052191 272.588550 292.931190 316.152228 342.755924
175.526891 149.016230 116.862541 79.043399 48.989004 18.420242 -11.111833 -40.360113 -64.267767 -81.134586 -90.601765 -104.774321 -123.516087 -136.636360 -153.071086 -171.591039 -172.545384 -168.666520 -156.247282 -153.872522 -153.026545 -155.874957 -156.866642 -161.528011 -173.098592 -167.191856 -159.411299 -144.491698 -133.604517 -124.382725 -118.205523 -114.145784 -114.797341 -122.017560 -119.441143 -112.469762 -98.175360 -86.717069 -71.885462 -51.571571 -34.725192 -15.903330 5.285409 27.127038 50.122282 74.464872 100.686007 124.391613 143.718107 153.384984 164.241308 171.095741 167.029332 181.983665 197.679886 213.806154 237.559323
64.962351 40.365723 15.223281 -15.222483 -46.158427 -75.247669 -104.281637 -132.894189 -156.753300 -165.721735 -176.078641 -187.305104 -200.336230 -213.786731 -226.024119 -226.190907 -228.306651 -228.529396 -226.487893 -223.366856 -220.739877 -221.661232 -222.709393 -222.079151 -216.363647 -212.126461 -206.595102 -196.080188 -185.038210 -174.889539 -170.929797 -166.828869 -164.070607 -161.004103 -158.614446 -154.391742 -143.205117 -131.716495 -118.748291 -102.197343 -85.259188 -66.924321 -45.322183 -23.426009 0.000790 25.805172 51.885719 71.894967 81.571967 91.527892 95.712331 91.786132 88.194618 96.630285 109.453391 121.378422 142.421409
