tests/3D/Borden05m/output-maps-SE27XX/psiliqL0007N0001.asc
ncols         160
nrows         34
xllcorner     620200.000000
yllcorner     5168000.000000
cellsize      0.500000
NODATA_value  -9999.0
[rows 0 to 24 of 34, columns 0 to 55 of 160]
-9999.0 -9999.0 -9999.0 -9999.0 -9999.0 -9999.0 -9999.0 -9999.0 -9999.0 -9999.0 -9999.0 -9999.0 -9999.0 -9999.0 -9999.0 -9999.0 -9999.0 -9999.0 -9999.0 -9999.0 -9999.0 -9999.0 -9999.0 -9999.0 -9999.0 -9999.0 -9999.0 -9999.0 -9999.0 -9999.0 -9999.0 -9999.0 -9999.0 -9999.0 -9999.0 -9999.0 -9999.0 -9999.0 -9999.0 -9999.0 -9999.0 -9999.0 -9999.0 -9999.0 -9999.0 -9999.0 -9999.0 -9999.0 -9999.0 -9999.0 -9999.0 -9999.0 -9999.0 -9999.0 -9999.0 -9999.0
-9999.0 -9999.0 -9999.0 -9999.0 -9999.0 -9999.0 -9999.0 -9999.0 -9999.0 -9999.0 -9999.0 -9999.0 -9999.0 -9999.0 -9999.0 -9999.0 -9999.0 -9999.0 -9999.0 -9999.0 -9999.0 -9999.0 -9999.0 -9999.0 -9999.0 -9999.0 -9999.0 -9999.0 -9999.0 -9999.0 -9999.0 -9999.0 -9999.0 -9999.0 -9999.0 -9999.0 -9999.0 -9999.0 -9999.0 -9999.0 -9999.0 -9999.0 -9999.0 -9999.0 -9999.0 -9999.0 -9999.0 -9999.0 -9999.0 -9999.0 -9999.0 -9999.0 -9999.0 -9999.0 -9999.0 -9999.0
-9999.0 -9999.0 -9999.0 -9999.0 -9999.0 -9999.0 -9999.0 -9999.0 -9999.0 -9999.0 -9999.0 -9999.0 -9999.0 -9999.0 -9999.0 -9999.0 -9999.0 -9999.0 -9999.0 -9999.0 -9999.0 -9999.0 -9999.0 -9999.0 -9999.0 -9999.0 -9999.0 -9999.0 -9999.0 -9999.0 -9999.0 -9999.0 -9999.0 -9999.0 -9999.0 -9999.0 -9999.0 -9999.0 -9999.0 -9999.0 -9999.0 -9999.0 -9999.0 -9999.0 -9999.0 -9999.0 -9999.0 -522.140140 -539.695330 -556.822463 -558.490366 -535.923303 -513.118310 -490.110807 -470.277858 -452.205450
-9999.0 -9999.0 -9999.0 -9999.0 -9999.0 -9999.0 -9999.0 -9999.0 -9999.0 -9999.0 -9999.0 -9999.0 -9999.0 -9999.0 -9999.0 -9999.0 -9999.0 -9999.0 -9999.0 -9999.0 -9999.0 -9999.0 -9999.0 -9999.0 -9999.0 -9999.0 -9999.0 -9999.0 -9999.0 -9999.0 -9999.0 -9999.0 -9999.0 -9999.0 -9999.0 -9999.0 -9999.0 -9999.0 -9999.0 -9999.0 -474.870946 -469.182685 -467.605586 -478.736452 -490.219225 -501.981746 -521.831398 -539.730029 -555.634297 -558.824687 -556.568999 -550.985513 -528.261072 -504.787301 -486.062127 -469.196533
-9999.0 -9999.0 -9999.0 -9999.0 -9999.0 -9999.0 -9999.0 -9999.0 -9999.0 -9999.0 -9999.0 -9999.0 -9999.0 -9999.0 -9999.0 -9999.0 -9999.0 -9999.0 -9999.0 -9999.0 -9999.0 -9999.0 -9999.0 -9999.0 -9999.0 -9999.0 -9999.0 -9999.0 -9999.0 -9999.0 -9999.0 -9999.0 -9999.0 -9999.0 -565.155802 -547.785182 -530.100685 -512.332849 -496.276414 -490.099167 -484.430798 -478.826793 -483.050494 -488.193888 -499.729473 -518.251065 -538.158266 -552.748014 -555.829844 -558.825198 -554.799556 -542.058160 -526.061493 -510.222285 -490.051212 -467.892236
-9999.0 -9999.0 -9999.0 -9999.0 -9999.0 -9999.0 -9999.0 -9999.0 -9999.0 -9999.0 -9999.0 -9999.0 -9999.0 -9999.0 -9999.0 -9999.0 -9999.0 -9999.0 -9999.0 -9999.0 -9999.0 -9999.0 -9999.0 -9999.0 -9999.0 -9999.0 -9999.0 -9999.0 -559.541285 -565.648042 -571.152797 -573.016596 -574.690785 -576.303693 -569.631309 -557.545337 -539.587289 -518.746969 -506.581657 -499.958732 -493.925138 -493.484348 -498.583347 -501.240201 -501.513121 -513.440009 -525.330774 -536.511575 -547.320486 -548.822996 -539.805974 -526.752727 -511.633961 -497.795310 -483.497132 -470.746487
-9999.0 -9999.0 -9999.0 -9999.0 -9999.0 -9999.0 -9999.0 -9999.0 -9999.0 -9999.0 -9999.0 -9999.0 -9999.0 -9999.0 -9999.0 -9999.0 -9999.0 -9999.0 -9999.0 -9999.0 -9999.0 -9999.0 -9999.0 -587.732714 -581.738448 -575.569790 -568.624526 -568.106387 -572.795272 -578.846014 -582.484131 -584.514279 -586.472750 -582.591421 -574.524795 -561.279660 -545.903860 -525.056925 -517.088444 -510.842464 -498.909413 -497.420238 -493.558156 -490.164115 -492.579916 -495.662195 -507.829858 -516.915602 -511.462032 -505.809351 -500.314913 -493.886824 -482.009006 -467.361402 -450.630988 -431.073530
-9999.0 -9999.0 -9999.0 -9999.0 -9999.0 -9999.0 -9999.0 -9999.0 -9999.0 -9999.0 -9999.0 -9999.0 -9999.0 -9999.0 -9999.0 -9999.0 -9999.0 -9999.0 -9999.0 -611.858810 -611.272061 -610.629298 -606.418344 -605.653932 -603.683409 -597.028440 -589.296099 -587.732632 -589.667356 -591.864992 -590.807825 -588.673099 -585.105633 -574.099084 -560.838372 -547.361090 -533.826559 -513.792421 -499.836318 -486.559346 -471.159746 -473.490092 -478.793460 -481.805187 -482.144803 -482.156103 -476.262340 -473.002044 -468.295502 -463.026103 -456.833909 -449.201440 -439.898564 -422.768062 -403.889822 -385.042587
-9999.0 -9999.0 -9999.0 -9999.0 -9999.0 -9999.0 -9999.0 -9999.0 -9999.0 -9999.0 -9999.0 -9999.0 -9999.0 -9999.0 -9999.0 -9999.0 -639.496304 -637.866785 -636.118176 -631.123169 -629.124465 -625.577671 -619.163861 -618.585228 -615.129738 -608.517084 -603.975822 -596.089331 -588.888878 -582.116364 -576.795997 -574.728639 -567.558301 -558.562163 -547.379899 -532.392693 -511.269014 -489.740285 -474.507024 -458.984457 -443.374066 -444.121926 -446.255708 -446.099480 -446.116856 -438.706596 -421.415085 -416.224470 -413.473006 -395.401667 -382.408000 -378.312988 -372.648861 -356.617412 -334.943368 -310.262292
-9999.0 -9999.0 -9999.0 -9999.0 -9999.0 -9999.0 -9999.0 -9999.0 -9999.0 -9999.0 -9999.0 -9999.0 -9999.0 -682.664436 -678.717776 -670.000120 -662.535234 -660.779497 -657.409829 -652.293672 -640.636634 -637.645481 -631.934042 -624.810839 -614.132121 -606.258989 -597.620090 -586.510171 -578.688202 -572.181938 -565.748447 -559.586114 -546.492084 -531.854314 -516.743970 -497.492973 -477.239299 -457.384204 -437.568612 -424.138247 -411.236476 -408.567666 -411.718043 -411.348752 -404.199238 -387.042534 -369.442484 -357.961514 -337.406989 -315.489821 -302.708094 -291.063958 -283.644233 -273.401085 -255.294302 -221.070964
-9999.0 -9999.0 -9999.0 -9999.0 -9999.0 -9999.0 -9999.0 -9999.0 -9999.0 -9999.0 -717.984641 -715.464262 -719.145178 -718.323474 -714.182974 -702.824132 -690.290730 -683.747046 -673.191278 -653.387167 -637.082555 -634.188694 -619.898011 -610.684458 -604.847999 -594.794627 -582.388508 -570.085870 -553.446568 -541.594572 -529.574253 -509.565302 -494.238953 -479.169590 -462.963934 -444.953647 -425.372488 -396.725129 -371.222160 -358.630387 -335.891211 -322.682386 -327.435200 -328.848927 -322.857011 -306.605577 -284.041537 -258.286471 -236.668497 -210.920393 -190.963947 -177.700112 -168.175473 -156.865980 -142.886535 -112.902100
-9999.0 -9999.0 -9999.0 -9999.0 -9999.0 -9999.0 -9999.0 -9999.0 -741.491998 -735.019732 -728.891616 -732.190482 -737.271864 -740.612032 -728.253837 -712.962022 -697.620624 -681.416951 -666.146213 -649.127375 -634.140792 -618.178965 -599.850186 -588.805593 -577.714258 -563.460263 -550.683449 -533.537608 -513.329786 -499.362250 -481.152060 -460.779463 -442.781287 -426.596316 -410.238088 -394.012574 -367.168455 -335.156706 -304.920420 -281.681680 -255.691006 -231.933961 -232.757160 -230.699474 -227.264801 -202.079305 -172.631301 -142.561565 -114.152931 -84.324499 -53.870508 -36.885532 -26.165664 -12.947444 4.186169 23.659835
-9999.0 -9999.0 -9999.0 -9999.0 -9999.0 -9999.0 -766.422330 -742.643464 -728.292369 -736.301620 -744.151194 -747.628858 -751.221403 -733.645497 -713.056381 -696.968720 -681.054089 -664.574142 -649.156297 -634.761326 -600.149299 -585.186397 -571.094576 -551.941397 -539.198471 -526.462017 -510.343963 -488.027706 -466.144946 -434.621146 -405.950995 -380.733711 -356.445159 -338.885699 -322.650262 -305.490248 -275.927900 -240.716332 -206.180673 -177.824005 -151.809437 -124.117480 -114.934438 -109.167977 -100.806776 -82.906296 -52.811088 -20.255360 20.336603 62.087716 94.573751 111.080070 125.676305 143.437876 168.528021 201.776526
-9999.0 -9999.0 -9999.0 -9999.0 -799.343478 -778.657917 -758.236510 -727.721973 -705.509098 -711.375094 -704.247117 -703.920119 -705.410579 -703.781430 -698.995154 -681.887018 -665.241170 -648.556629 -630.495297 -593.002898 -553.261216 -537.646155 -511.694151 -481.082619 -468.586569 -455.417156 -441.820594 -420.616974 -392.698166 -359.729854 -314.763744 -276.958877 -252.633389 -231.503801 -213.027746 -192.061115 -162.617301 -127.947838 -92.554318 -57.749849 -26.077165 0.796934 19.371824 31.540706 46.809266 64.990752 89.731748 127.532026 182.152968 242.980798 279.730381 298.317892 308.252408 320.977858 337.069852 358.214490
-9999.0 -9999.0 -9999.0 -845.170502 -807.049927 -770.857434 -743.564616 -713.022023 -682.095194 -675.666823 -668.052496 -661.642588 -655.030756 -646.598608 -636.840228 -621.617217 -609.065862 -598.255181 -578.767482 -543.523614 -508.773440 -475.704882 -445.428104 -416.420288 -395.179316 -381.543315 -367.230001 -345.313431 -308.236576 -270.760109 -221.893289 -170.713126 -134.540200 -110.738216 -92.350000 -68.567298 -46.041288 -11.176570 29.063810 70.042124 111.433176 151.011871 192.173323 220.187553 241.477070 255.655341 275.300661 300.435237 330.837886 368.099164 396.232437 414.648642 424.455338 431.283953 444.133817 457.628823
-9999.0 -9999.0 -891.071812 -854.651484 -819.194577 -767.343949 -715.401138 -682.738119 -642.532811 -617.523912 -610.823091 -592.380874 -575.896686 -567.968051 -551.563815 -535.090861 -523.920780 -522.461082 -512.249678 -477.492748 -425.665949 -379.065361 -348.120565 -294.762454 -264.408941 -244.579059 -233.764675 -211.300883 -181.264983 -138.215762 -89.348248 -38.866906 6.422720 41.833103 58.451121 77.167212 103.811797 136.159892 195.477530 246.964418 285.825737 318.104149 348.332995 365.997110 376.721328 390.897187 408.625489 427.220062 446.246713 464.511095 476.769014 479.451829 480.616422 481.405149 482.688116 484.130850
-9999.0 -9999.0 -915.380823 -871.889502 -828.427490 -757.360853 -683.476014 -646.212383 -603.760667 -560.686568 -542.428914 -520.151155 -501.010804 -482.805535 -460.713649 -438.121288 -436.191977 -435.228917 -437.741047 -386.820437 -332.081649 -271.249755 -202.248080 -145.449266 -108.506226 -101.157317 -95.640887 -77.734538 -50.216435 0.662687 60.089709 128.105237 206.053855 248.684953 267.266156 283.318994 303.021725 324.851290 352.532335 392.822903 414.216979 433.585145 453.863054 470.968727 478.904978 480.713637 478.428257 481.317357 483.862326 485.538507 486.124716 483.529750 483.049853 483.748171 485.260115 482.292326
-9999.0 -1000.725984 -949.115931 -894.628470 -823.541577 -753.568804 -666.730357 -586.115739 -538.695784 -498.928350 -472.363692 -453.444581 -399.613974 -352.841868 -329.206670 -302.085417 -306.703263 -311.121729 -321.812896 -283.192290 -229.817146 -140.970557 -20.217308 38.661744 72.427315 76.137124 72.871504 92.561707 134.998703 205.821453 276.705651 326.054288 381.070452 414.247071 425.002859 428.394671 440.805889 456.285010 467.353275 477.457342 481.650138 484.253160 481.450732 482.204860 483.485473 484.762731 483.273558 479.867014 475.525746 472.943468 471.189331 468.300770 470.931347 473.950133 475.692536 471.324823
-9999.0 -1034.162848 -973.611508 -900.649443 -828.200077 -747.960220 -633.029363 -509.058205 -465.811347 -434.534429 -406.939688 -361.438335 -278.972555 -215.689114 -180.449941 -141.699364 -145.881026 -159.164557 -162.264830 -126.841862 -67.749241 18.226358 181.858423 276.327566 291.925338 304.874865 315.480564 341.906757 377.606394 411.352260 434.964010 452.239166 463.989114 468.923280 470.966721 472.356007 474.033833 475.212308 474.002725 472.939464 470.636280 471.566871 474.949452 475.115514 473.811998 472.881289 470.161138 466.074191 463.849675 462.262094 461.757247 460.449372 459.947691 460.888023 458.137409 454.357334
-9999.0 -1056.372133 -987.943562 -921.470881 -844.706815 -716.278656 -596.124068 -471.124924 -386.724074 -353.643935 -308.018645 -224.790432 -132.378796 -44.864171 10.083779 39.927597 53.840616 47.696644 68.015435 130.219557 215.925411 298.972491 370.226023 428.836456 439.470789 443.276434 441.504959 448.909818 456.371936 460.701725 462.605907 462.416683 467.115446 469.625742 469.487808 468.291115 465.902418 461.138448 458.960042 458.581540 457.519847 458.325320 460.901040 461.459197 460.025063 457.783063 455.306205 452.247012 449.248268 445.790283 444.511203 442.667159 441.748046 438.406419 434.180849 427.882589
-9999.0 -1139.037631 -1056.694136 -992.316010 -850.836816 -688.865105 -567.453650 -416.204318 -290.592077 -247.241912 -161.181023 -62.300113 34.835056 127.705768 211.811076 271.684986 304.730270 330.985164 362.234632 372.976849 413.397108 442.615456 454.811042 460.390953 457.187754 460.251019 457.481768 445.704156 440.658394 436.787553 438.201326 443.376771 447.348726 452.016143 450.691274 451.728984 452.264889 450.800084 449.847757 445.204355 440.648892 437.175749 436.279960 440.670976 435.792657 432.039737 426.045383 418.904644 411.990196 406.327615 401.117095 396.345428 394.259027 388.709090 384.693087 370.379894
-9999.0 -1219.651906 -1140.080239 -1030.549389 -874.262260 -711.742541 -561.607237 -393.393474 -215.869063 -122.443508 -34.264270 20.974649 109.196679 226.958666 329.420805 382.173528 404.706421 411.561885 411.010209 412.134568 390.666178 388.389296 404.545215 426.308883 435.617690 440.150729 435.443446 429.458082 426.000604 424.832435 420.549057 416.773895 414.038207 411.919364 409.539890 411.328406 415.387907 411.284715 405.774725 400.544694 395.704803 389.279228 383.995594 379.905626 375.367491 369.623689 354.304839 336.836723 321.700611 311.237419 302.515094 296.068162 292.888336 285.834651 272.730261 244.686380
-9999.0 -1302.627326 -1189.760993 -1083.575935 -943.055692 -801.925516 -662.395871 -494.956249 -340.368511 -147.159800 13.473267 59.592056 106.186474 196.365642 293.324756 373.140861 387.829759 362.618392 329.375685 306.484948 305.503554 317.065944 338.601728 367.167303 384.876776 394.061323 396.157049 390.746734 378.775602 365.974941 347.738893 329.149595 317.526090 314.974058 314.627423 321.578858 324.593606 314.461423 300.619241 284.355733 269.912058 258.317001 252.052481 248.399676 241.047238 225.522596 200.186169 173.552909 149.433869 131.231055 119.134304 111.007215 102.642190 90.969250 76.554816 57.932836
-9999.0 -9999.0 -1257.261031 -1144.431920 -1025.892125 -895.264247 -763.039762 -605.216473 -453.681206 -274.205301 -164.802566 -75.446993 -20.766787 34.087580 116.098826 203.999231 228.222648 235.083918 190.610680 168.067598 163.910874 172.070076 199.232740 234.852707 257.897504 270.691297 277.950003 275.693232 261.992662 232.374405 184.241300 151.466300 134.489607 125.692756 135.744904 150.891242 149.127023 138.216180 120.554953 99.355549 81.655393 64.797677 58.640122 57.633499 55.495323 49.128942 39.314758 22.373531 6.418366 -7.940239 -14.778236 -21.198817 -27.545165 -38.938116 -51.224162 -65.701009
-9999.0 -9999.0 -1338.333848 -1226.035210 -1102.519150 -974.975169 -863.984833 -748.203576 -588.892803 -470.229291 -376.410468 -295.830221 -231.237689 -177.084849 -128.452453 -67.033391 -37.030433 -27.716255 -29.273191 -22.548533 -7.089755 11.089253 27.664251 46.057476 63.830438 78.378567 88.520651 76.628810 61.740880 38.931015 10.789718 -15.455551 -29.073803 -35.353036 -30.646592 -22.376640 -26.928448 -37.728281 -53.315335 -71.294082 -85.805659 -99.296835 -104.033813 -106.258216 -107.113253 -110.223014 -114.330796 -124.596869 -137.082231 -145.743785 -153.086878 -159.197628 -162.287206 -169.661641 -179.155822 -185.803082
