tests/3D/Borden05m/output-maps-SE27XX/psiliqL0016N0001.asc
ncols         160
nrows         34
xllcorner     620200.000000
yllcorner     5168000.000000
cellsize      0.500000
NODATA_value  -9999.0
[rows 0 to 24 of 34, columns 0 to 54 of 160]
-9999.0 -9999.0 -9999.0 -9999.0 -9999.0 -9999.0 -9999.0 -9999.0 -9999.0 -9999.0 -9999.0 -9999.0 -9999.0 -9999.0 -9999.0 -9999.0 -9999.0 -9999.0 -9999.0 -9999.0 -9999.0 -9999.0 -9999.0 -9999.0 -9999.0 -9999.0 -9999.0 -9999.0 -9999.0 -9999.0 -9999.0 -9999.0 -9999.0 -9999.0 -9999.0 -9999.0 -9999.0 -9999.0 -9999.0 -9999.0 -9999.0 -9999.0 -9999.0 -9999.0 -9999.0 -9999.0 -9999.0 -9999.0 -9999.0 -9999.0 -9999.0 -9999.0 -9999.0 -9999.0 -9999.0
-9999.0 -9999.0 -9999.0 -9999.0 -9999.0 -9999.0 -9999.0 -9999.0 -9999.0 -9999.0 -9999.0 -9999.0 -9999.0 -9999.0 -9999.0 -9999.0 -9999.0 -9999.0 -9999.0 -9999.0 -9999.0 -9999.0 -9999.0 -9999.0 -9999.0 -9999.0 -9999.0 -9999.0 -9999.0 -9999.0 -9999.0 -9999.0 -9999.0 -9999.0 -9999.0 -9999.0 -9999.0 -9999.0 -9999.0 -9999.0 -9999.0 -9999.0 -9999.0 -9999.0 -9999.0 -9999.0 -9999.0 -9999.0 -9999.0 -9999.0 -9999.0 -9999.0 -9999.0 -9999.0 -9999.0
-9999.0 -9999.0 -9999.0 -9999.0 -9999.0 -9999.0 -9999.0 -9999.0 -9999.0 -9999.0 -9999.0 -9999.0 -9999.0 -9999.0 -9999.0 -9999.0 -9999.0 -9999.0 -9999.0 -9999.0 -9999.0 -9999.0 -9999.0 -9999.0 -9999.0 -9999.0 -9999.0 -9999.0 -9999.0 -9999.0 -9999.0 -9999.0 -9999.0 -9999.0 -9999.0 -9999.0 -9999.0 -9999.0 -9999.0 -9999.0 -9999.0 -9999.0 -9999.0 -9999.0 -9999.0 -9999.0 -9999.0 1279.875063 1262.566291 1247.326267 1244.310173 1266.260889 1289.325722 1312.862320 1333.172277
-9999.0 -9999.0 -9999.0 -9999.0 -9999.0 -9999.0 -9999.0 -9999.0 -9999.0 -9999.0 -9999.0 -9999.0 -9999.0 -9999.0 -9999.0 -9999.0 -9999.0 -9999.0 -9999.0 -9999.0 -9999.0 -9999.0 -9999.0 -9999.0 -9999.0 -9999.0 -9999.0 -9999.0 -9999.0 -9999.0 -9999.0 -9999.0 -9999.0 -9999.0 -9999.0 -9999.0 -9999.0 -9999.0 -9999.0 -9999.0 1328.528135 1334.361825 1335.125480 1324.694746 1313.375290 1300.756166 1280.590133 1263.020799 1248.551431 1246.082813 1248.549048 1252.852746 1274.715731 1299.280729 1318.743811
-9999.0 -9999.0 -9999.0 -9999.0 -9999.0 -9999.0 -9999.0 -9999.0 -9999.0 -9999.0 -9999.0 -9999.0 -9999.0 -9999.0 -9999.0 -9999.0 -9999.0 -9999.0 -9999.0 -9999.0 -9999.0 -9999.0 -9999.0 -9999.0 -9999.0 -9999.0 -9999.0 -9999.0 -9999.0 -9999.0 -9999.0 -9999.0 -9999.0 -9999.0 1237.160725 1254.335780 1272.178847 1290.391668 1306.956045 1313.606909 1319.327527 1324.849546 1320.495896 1315.792595 1304.272007 1284.627174 1265.108618 1251.491130 1249.558413 1246.985316 1250.932663 1263.246888 1279.718730 1295.335354 1315.871080
-9999.0 -9999.0 -9999.0 -9999.0 -9999.0 -9999.0 -9999.0 -9999.0 -9999.0 -9999.0 -9999.0 -9999.0 -9999.0 -9999.0 -9999.0 -9999.0 -9999.0 -9999.0 -9999.0 -9999.0 -9999.0 -9999.0 -9999.0 -9999.0 -9999.0 -9999.0 -9999.0 -9999.0 1242.719734 1236.719304 1231.596587 1229.925922 1228.409049 1227.146253 1233.774642 1245.409042 1262.968071 1284.484401 1297.277484 1304.292604 1310.811571 1311.293268 1305.910011 1303.828798 1304.054945 1291.905729 1279.964913 1268.778768 1257.925318 1255.820200 1264.982003 1278.838189 1294.729479 1309.177457 1324.201877
-9999.0 -9999.0 -9999.0 -9999.0 -9999.0 -9999.0 -9999.0 -9999.0 -9999.0 -9999.0 -9999.0 -9999.0 -9999.0 -9999.0 -9999.0 -9999.0 -9999.0 -9999.0 -9999.0 -9999.0 -9999.0 -9999.0 -9999.0 1213.567174 1219.070688 1225.462383 1232.815085 1233.590564 1229.566689 1223.878721 1220.762180 1219.089715 1217.036134 1221.285413 1228.862550 1242.003357 1257.379336 1279.007778 1287.201828 1292.590300 1304.345728 1307.035306 1312.962373 1316.763484 1314.780137 1311.409661 1298.129316 1288.067573 1292.172680 1297.293202 1303.727854 1311.385050 1324.369715 1338.918144 1355.317237
-9999.0 -9999.0 -9999.0 -9999.0 -9999.0 -9999.0 -9999.0 -9999.0 -9999.0 -9999.0 -9999.0 -9999.0 -9999.0 -9999.0 -9999.0 -9999.0 -9999.0 -9999.0 -9999.0 1189.080961 1189.943939 1191.076270 1195.669557 1196.280021 1198.205872 1204.976987 1212.906267 1215.177764 1213.156786 1211.609282 1212.857907 1215.270432 1219.358574 1230.138376 1243.486396 1257.205917 1270.422573 1290.808442 1305.036814 1317.922219 1333.350061 1332.521861 1328.237832 1326.103624 1326.141337 1325.636450 1328.240251 1329.818762 1335.594956 1339.051646 1344.364148 1353.156978 1364.217281 1381.531712 1400.271061
-9999.0 -9999.0 -9999.0 -9999.0 -9999.0 -9999.0 -9999.0 -9999.0 -9999.0 -9999.0 -9999.0 -9999.0 -9999.0 -9999.0 -9999.0 -9999.0 1160.631944 1162.373959 1164.488242 1169.783248 1172.678176 1176.500812 1183.269742 1184.372213 1187.864427 1194.747176 1199.285236 1207.886569 1215.683970 1222.616748 1228.188810 1230.414274 1237.237516 1246.290283 1257.538623 1271.953858 1292.558133 1315.089735 1330.615482 1346.809535 1363.351757 1363.453984 1361.796178 1362.325734 1361.996601 1366.957271 1383.312583 1388.069555 1387.583104 1402.244211 1415.261395 1419.406251 1426.377090 1444.895339 1467.556079
-9999.0 -9999.0 -9999.0 -9999.0 -9999.0 -9999.0 -9999.0 -9999.0 -9999.0 -9999.0 -9999.0 -9999.0 -9999.0 1114.275490 1118.267199 1127.766122 1137.220259 1139.666300 1143.880293 1149.846932 1161.814064 1165.199116 1171.117206 1178.333203 1190.016131 1198.287646 1207.009098 1218.410299 1226.303438 1232.999130 1239.391637 1243.994636 1256.323798 1270.673854 1285.468896 1304.729686 1325.900887 1345.268893 1364.550289 1379.690690 1392.371213 1392.981712 1391.471823 1393.266995 1399.906808 1415.792004 1433.644972 1440.751990 1457.017454 1479.104364 1491.555333 1502.047946 1509.810402 1522.726103 1543.329922
-9999.0 -9999.0 -9999.0 -9999.0 -9999.0 -9999.0 -9999.0 -9999.0 -9999.0 -9999.0 1082.805424 1084.842303 1081.163807 1080.318771 1085.296113 1097.194577 1110.777357 1116.926720 1128.283862 1148.955864 1166.530144 1169.613432 1183.579046 1193.373831 1199.688225 1209.627201 1222.211540 1234.354687 1250.358195 1262.095561 1272.600266 1290.914834 1306.520697 1322.206152 1339.048491 1358.425745 1376.728201 1403.481278 1429.215861 1440.591974 1461.269748 1470.392937 1466.902810 1466.313987 1474.882762 1489.755527 1509.642154 1531.571303 1552.590136 1577.250039 1593.472299 1607.492415 1617.844675 1629.756697 1645.330608
-9999.0 -9999.0 -9999.0 -9999.0 -9999.0 -9999.0 -9999.0 -9999.0 1058.684192 1065.933002 1071.689930 1068.388594 1063.592172 1059.069511 1072.582110 1088.001075 1103.652872 1120.977822 1136.507931 1154.265309 1168.883206 1184.400588 1203.723876 1214.740788 1225.683923 1240.375548 1253.354691 1269.525193 1290.011528 1301.365621 1316.557379 1336.839993 1354.184678 1371.159912 1388.893653 1405.863259 1430.382481 1462.331648 1492.792155 1513.668409 1540.506801 1562.097086 1560.409376 1562.146310 1566.009081 1591.135811 1619.930658 1650.358409 1675.019012 1702.142368 1731.734043 1750.198893 1761.004264 1773.713908 1789.124938
-9999.0 -9999.0 -9999.0 -9999.0 -9999.0 -9999.0 1032.009797 1056.036188 1070.740518 1062.395274 1051.522599 1047.243230 1042.458069 1066.381253 1087.915329 1104.710314 1121.128408 1138.266929 1154.263175 1166.097798 1198.646108 1216.001028 1229.364264 1246.105683 1260.004561 1273.915998 1290.515333 1312.866205 1333.328660 1361.111905 1384.758626 1406.794694 1431.725849 1450.175876 1467.773877 1484.402613 1514.050594 1549.873875 1585.245535 1612.752919 1639.091761 1669.605645 1675.815226 1681.235762 1687.924397 1709.588738 1741.895551 1772.806470 1807.168615 1840.014942 1867.894550 1880.544085 1891.539039 1903.396933 1917.503440
-9999.0 -9999.0 -9999.0 -9999.0 999.425835 1020.104936 1039.590891 1069.790940 1091.809076 1086.316783 1092.141688 1091.421793 1088.654176 1092.038342 1098.613731 1116.010977 1134.097678 1152.451242 1169.174299 1202.346402 1245.959551 1260.099825 1282.643495 1313.433120 1326.013638 1340.391583 1355.806020 1377.704333 1402.463706 1434.085634 1475.390861 1510.391608 1534.564193 1556.013035 1575.980481 1596.304390 1629.442864 1666.162580 1702.332443 1735.954138 1765.509005 1791.640949 1804.057687 1812.332419 1824.791475 1842.182278 1864.770698 1893.382096 1926.319831 1959.765910 1985.879394 2000.067880 2008.594025 2019.930755 2030.822558
-9999.0 -9999.0 -9999.0 949.710957 988.228008 1025.948396 1052.343484 1082.623194 1114.137365 1117.506633 1125.683617 1129.196396 1132.503104 1139.876873 1147.015338 1163.299680 1178.986700 1194.630035 1215.801376 1251.198883 1284.448513 1311.656679 1342.035431 1366.412587 1385.219625 1399.902189 1417.623888 1440.267720 1478.585144 1514.009327 1562.502094 1614.184424 1649.423296 1672.392885 1693.915031 1720.503293 1744.987501 1781.272171 1816.219825 1849.703927 1881.965238 1907.273484 1926.498967 1935.002585 1945.874349 1955.519262 1972.738355 1995.723783 2019.289572 2049.895470 2079.752419 2106.301538 2121.505981 2132.489392 2149.327560
-9999.0 -9999.0 902.624173 940.467639 973.918537 1023.257624 1075.611373 1109.349625 1149.166745 1171.418940 1176.719703 1191.900137 1206.182343 1211.631058 1225.365223 1241.045168 1258.331947 1264.492419 1280.805000 1308.399477 1355.290122 1397.964218 1414.802251 1462.892220 1494.691068 1522.016188 1539.459892 1565.434177 1600.381795 1640.191878 1687.360633 1736.587450 1774.145197 1804.656343 1820.995805 1840.382432 1862.714630 1887.396163 1922.366559 1951.840192 1984.662307 2011.817179 2034.517288 2041.999763 2048.192691 2065.435310 2091.733150 2119.881319 2146.473437 2172.210725 2175.050982 2189.538786 2196.818079 2201.388228 2207.440813
-9999.0 -9999.0 875.472578 920.362410 959.556766 1024.392708 1104.118988 1139.961258 1181.361119 1225.825233 1242.488800 1265.107293 1273.573478 1279.531630 1301.090198 1321.494336 1333.803210 1339.794815 1337.964017 1391.811650 1447.986046 1494.011494 1534.934902 1601.662783 1646.951899 1664.123341 1676.978201 1697.419993 1721.343451 1763.654488 1809.878816 1862.683868 1906.197170 1937.321718 1953.663164 1972.393732 1992.801392 2010.759788 2030.812387 2072.054205 2101.830462 2129.479648 2158.084380 2179.643328 2189.310815 2194.511520 2183.953198 2196.625376 2205.915939 2211.112009 2214.079114 2212.232034 2212.780001 2214.351584 2215.936570
-9999.0 786.271582 838.287913 890.832372 958.670502 1024.489503 1105.660866 1183.673179 1240.102263 1286.129717 1312.959630 1321.218688 1351.806628 1390.637749 1414.588880 1439.104806 1441.793935 1446.913084 1435.517726 1483.409716 1530.514393 1600.657812 1707.338290 1763.382746 1809.999025 1811.925689 1807.027165 1819.246982 1842.612702 1886.806379 1955.404191 2004.150906 2059.162611 2100.985578 2117.080774 2124.698123 2142.935732 2163.541439 2147.452163 2173.677369 2186.818260 2197.962232 2202.868580 2206.194726 2208.904032 2210.772691 2209.367597 2204.827707 2198.858376 2194.931157 2192.253269 2188.768857 2191.813317 2195.339948 2195.989706
-9999.0 750.434326 809.451426 880.179383 950.165921 1014.693808 1114.386914 1258.253637 1310.893544 1346.065627 1364.700142 1379.659737 1452.868983 1516.485813 1548.627271 1592.416833 1585.916333 1575.106420 1559.135587 1590.636658 1638.263066 1711.085050 1855.318105 1939.857452 1971.662823 1983.860745 1991.712240 2019.581865 2058.058166 2096.607242 2131.978329 2129.376083 2159.621251 2175.614410 2181.210695 2184.214586 2189.497997 2191.077807 2190.965905 2189.108039 2186.263748 2188.117889 2193.641257 2194.824545 2193.407103 2191.683878 2187.485046 2181.271989 2176.971369 2173.349352 2171.368431 2168.829941 2167.252576 2166.839107 2161.763497
-9999.0 719.477280 790.903299 853.387659 915.486900 1026.143625 1151.006344 1285.198811 1375.774426 1410.373552 1425.861791 1488.539004 1587.045267 1682.615285 1734.019776 1759.390384 1759.399731 1736.353332 1737.614673 1782.093916 1847.316132 1941.767240 2038.796252 2118.710750 2134.375817 2140.546614 2119.476213 2136.611495 2152.579512 2157.424039 2161.080756 2167.182629 2174.473593 2179.349783 2180.106229 2179.221314 2176.367389 2170.138558 2166.748342 2164.770308 2162.436289 2162.803619 2166.030603 2167.910289 2165.978509 2162.794267 2158.910382 2153.790624 2148.073427 2141.850834 2138.090356 2134.018059 2131.451804 2125.663765 2120.097672
-9999.0 617.168481 706.202268 759.056691 868.297957 1042.881986 1168.058541 1314.372999 1459.233539 1493.033446 1561.458455 1680.333007 1785.098396 1859.107009 1899.070818 1940.857046 1970.406615 1993.905975 2029.426905 1979.685779 2039.092102 2101.565217 2130.563219 2145.998645 2151.911596 2156.210072 2151.211127 2134.823238 2127.094146 2122.724844 2126.305158 2135.136321 2141.897675 2148.596188 2147.847634 2149.702966 2150.976821 2148.479103 2145.472064 2137.909745 2130.819831 2125.261811 2123.371126 2128.494604 2123.681134 2120.665655 2114.710035 2106.658037 2097.868526 2090.258042 2082.447022 2075.420588 2071.963229 2065.249242 2061.903978
-9999.0 536.318832 612.421095 697.842294 832.035448 994.996253 1119.007113 1282.517442 1490.587991 1605.204689 1730.055309 1801.784254 1873.377020 1932.275704 1994.178985 2042.686700 2069.246299 2080.948767 2069.573834 2082.847610 2051.624374 2046.598401 2066.515547 2095.811711 2112.422917 2119.332211 2113.834939 2105.911315 2100.651142 2100.884188 2100.321711 2099.044668 2097.536908 2095.810825 2093.427495 2096.187830 2101.352084 2095.516423 2086.873549 2078.625039 2071.033006 2062.421622 2056.524764 2052.481551 2051.102818 2050.446293 2042.551972 2031.870505 2021.036469 2012.585374 2004.643900 1998.638075 1995.080712 1988.657165 1978.462891
-9999.0 435.356285 557.661328 649.247616 767.244290 902.141027 1024.432705 1184.404508 1327.784078 1546.073155 1697.826176 1812.171968 1854.016128 1914.436646 1973.493998 2042.354350 2047.622686 2020.426309 1988.352131 1974.856856 1982.389165 1993.466764 2007.697517 2028.438131 2048.032450 2059.843087 2064.308037 2058.605776 2045.918990 2036.409814 2028.875975 2018.269380 2010.747427 2009.441782 2010.944682 2018.742137 2020.843096 2011.872862 1998.786437 1982.245856 1967.658696 1956.410381 1953.027282 1953.867445 1953.303199 1948.930149 1941.652062 1930.613962 1917.736061 1905.577024 1898.057114 1892.222875 1884.391820 1873.013077 1860.151588
-9999.0 -9999.0 481.101535 591.565211 697.531428 818.141640 929.204107 1067.678995 1214.066990 1390.590429 1504.593502 1638.150456 1712.101003 1757.729464 1806.037144 1861.669697 1882.532970 1904.183029 1890.095142 1895.945890 1903.481697 1910.170833 1920.312431 1932.427642 1946.798056 1958.239159 1967.543478 1966.194490 1957.525026 1939.742875 1918.171777 1901.445973 1891.972006 1884.506955 1894.110618 1905.547688 1902.193518 1895.451510 1883.263852 1867.181516 1853.824689 1839.529631 1835.138518 1834.624440 1834.023112 1830.508733 1825.718866 1812.539517 1799.447646 1787.669179 1782.082807 1775.623394 1769.931833 1758.554745 1746.215145
-9999.0 -9999.0 396.308977 504.289352 616.994500 738.966076 836.370255 902.961815 1051.139187 1163.098638 1264.840698 1362.012897 1444.080733 1506.782329 1548.630859 1609.392181 1652.293504 1668.411026 1690.806917 1723.379065 1749.887240 1779.124367 1798.465988 1811.450164 1826.104453 1840.445255 1849.630802 1837.986250 1827.209496 1810.466633 1788.663115 1764.764423 1752.281573 1748.997818 1750.591670 1755.027196 1749.042876 1739.629262 1725.305909 1709.874288 1696.768950 1685.467546 1680.942665 1676.640087 1674.569405 1671.194729 1667.850194 1659.649121 1648.840697 1641.662444 1633.351523 1627.656273 1624.777535 1618.475860 1609.664944
