tests/3D/Borden05m/output-maps-SE27XX/psiliqL0028N0001.asc
ncols         160
nrows         34
xllcorner     620200.000000
yllcorner     5168000.000000
cellsize      0.500000
NODATA_value  -9999.0
[rows 0 to 24 of 34, columns 55 to 109 of 160]
-9999.0 -9999.0 -9999.0 -9999.0 -9999.0 -9999.0 -9999.0 -9999.0 -9999.0 -9999.0 -9999.0 -9999.0 -9999.0 -9999.0 -9999.0 -9999.0 -9999.0 -9999.0 -9999.0 -9999.0 -9999.0 -9999.0 -9999.0 -9999.0 -9999.0 -9999.0 -9999.0 -9999.0 -9999.0 -9999.0 -9999.0 -9999.0 -9999.0 -9999.0 -9999.0 -9999.0 -9999.0 -9999.0 -9999.0 -9999.0 -9999.0 -9999.0 -9999.0 -9999.0 -9999.0 -9999.0 -9999.0 -9999.0 -9999.0 -9999.0 -9999.0 -9999.0 -9999.0 -9999.0 -9999.0
-9999.0 -9999.0 -9999.0 -9999.0 3797.616391 3792.342751 3787.643272 3783.186286 3774.726507 3765.396967 3757.615530 3753.392009 3752.177813 3751.313334 3750.620258 3755.389031 3763.408350 3770.968995 3777.752035 3780.118711 3782.403871 3784.152167 3784.300679 3783.131984 3779.849335 3776.450277 3773.022503 3771.258946 3763.994252 3752.890512 3744.646742 3741.958192 3746.085386 3750.396257 3752.841632 3757.901767 3768.214772 3778.766310 3787.340699 3799.997634 3807.187018 3812.555401 3815.072193 3811.091611 3807.856356 3803.852300 3797.544417 3786.435295 -9999.0 -9999.0 -9999.0 -9999.0 -9999.0 -9999.0 -9999.0
3742.560018 3760.886242 3781.985025 3785.056458 3773.250605 3768.127846 3764.992730 3763.366368 3759.198130 3750.711769 3745.592171 3740.067634 3737.259387 3737.209124 3737.006263 3740.536933 3751.324314 3759.021958 3763.481704 3766.072419 3768.892126 3767.057713 3766.177049 3765.905901 3762.945450 3759.395718 3755.963341 3754.055823 3755.640919 3748.021519 3741.925096 3737.935393 3734.762380 3737.526000 3740.255048 3745.015826 3754.116502 3761.965337 3769.896845 3785.200883 3798.497266 3804.260511 3801.711747 3797.191120 3793.377277 3785.855680 3774.994163 3765.065360 3757.239880 3751.305739 3746.001192 3739.499386 3746.018846 3754.126759 3763.394888
3725.735542 3744.874101 3765.328366 3767.809294 3757.584484 3749.912975 3742.753401 3743.283555 3746.888650 3743.661657 3738.769299 3730.488368 3740.689061 3741.574724 3742.126172 3745.208680 3746.806407 3752.153964 3754.434237 3759.680659 3768.571314 3771.316324 3771.658208 3771.611031 3769.527672 3766.177940 3764.118951 3761.248973 3755.900822 3753.947903 3753.460037 3751.983771 3755.911479 3757.424853 3760.513346 3755.205074 3759.760657 3766.018131 3773.005018 3778.364688 3784.426072 3786.731736 3783.447372 3784.285032 3775.976677 3762.387253 3752.773330 3745.522515 3746.148002 3743.293360 3735.416318 3721.597470 3730.159787 3746.429162 3751.307413
3730.160994 3738.986907 3749.298826 3751.668296 3746.579595 3748.878523 3750.635563 3751.732040 3749.764274 3746.073403 3741.248496 3751.262687 3759.306327 3760.538179 3762.795215 3766.694766 3767.681404 3756.897696 3754.840563 3761.861944 3771.319238 3776.281115 3776.368837 3775.869980 3771.848239 3770.583545 3770.328389 3768.524233 3767.745531 3769.108905 3766.251755 3768.894874 3774.312594 3777.679770 3772.863569 3764.566716 3767.037009 3775.604894 3784.886218 3792.518619 3802.609670 3813.301547 3813.799136 3809.476792 3801.075832 3788.836062 3766.577780 3749.431717 3738.502327 3730.430668 3723.216500 3726.738520 3721.849970 3736.150801 3738.041209
3714.211502 3735.439585 3755.244416 3760.720923 3754.651131 3751.071990 3750.014292 3750.560867 3749.341409 3749.323046 3757.373493 3768.773354 3779.386808 3781.178177 3782.792652 3781.294096 3773.947584 3763.558788 3760.993887 3773.932950 3790.665474 3798.385344 3797.641986 3792.670465 3795.110773 3795.430600 3796.257805 3793.117990 3793.597302 3790.536186 3795.218539 3802.893692 3810.990231 3809.695592 3797.239349 3784.755951 3784.922219 3790.814468 3798.351937 3806.148391 3816.281814 3825.300484 3820.546298 3815.721763 3808.787784 3783.667865 3761.770876 3747.916378 3748.318927 3749.232373 3744.941030 3743.173082 3742.726374 3739.169676 3739.584337
3749.327239 3768.186214 3788.400934 3800.862815 3794.594842 3787.192440 3779.000293 3779.089505 3779.020760 3784.446377 3794.342492 3806.282756 3827.577070 3826.461571 3826.427495 3824.420808 3811.205423 3797.812867 3788.006206 3810.726718 3821.867953 3828.752136 3825.451565 3829.772991 3838.190167 3834.758959 3828.732918 3816.375206 3821.859057 3827.482925 3842.642388 3850.769230 3856.283081 3851.173737 3836.829300 3829.895939 3831.899926 3839.048332 3840.811741 3850.120693 3858.639733 3873.529243 3872.055884 3869.627195 3850.130253 3813.074223 3784.532056 3773.145765 3785.444289 3779.980388 3773.647199 3774.133538 3763.573170 3757.009030 3760.014674
3779.462573 3792.243614 3808.179815 3824.466273 3814.962699 3804.893444 3787.899194 3784.358317 3788.005192 3798.193588 3815.486184 3832.718161 3852.060302 3849.278889 3841.213865 3850.887100 3843.824617 3832.746209 3825.343196 3848.390682 3858.191031 3868.196152 3873.305558 3885.958999 3896.238101 3878.639299 3860.779807 3849.552479 3856.876729 3883.428678 3906.686142 3911.467572 3910.201686 3909.107697 3892.794098 3888.221419 3885.315367 3886.511119 3884.363486 3882.815683 3909.261148 3931.575343 3931.527777 3910.172842 3887.524933 3847.260612 3809.355252 3786.111830 3801.094616 3797.553150 3801.446439 3792.032416 3780.834736 3775.079982 3773.646325
3826.638024 3847.213811 3863.089206 3885.185778 3874.636961 3850.647385 3833.425813 3835.742196 3849.505809 3857.805264 3876.870267 3893.012281 3918.067213 3928.883665 3939.008806 3942.979343 3936.161484 3927.695591 3915.864325 3922.282708 3947.325294 3958.968529 3966.987517 3975.066683 3987.792951 3987.380412 3979.788183 3977.745986 3982.327675 3996.863890 4012.244081 4019.036824 4021.752198 4023.914923 4009.171045 3995.808557 3994.463358 3989.487619 3989.077511 3988.531255 4001.350797 4023.348757 4019.865838 3981.535244 3954.525924 3918.767442 3879.910326 3850.630681 3846.031305 3866.928156 3865.990704 3849.926475 3840.690472 3815.959671 3812.469521
3893.988282 3926.811907 3950.913471 3960.675913 3967.374880 3951.164454 3948.625941 3952.953654 3961.651692 3964.628525 3970.991568 4003.584371 4037.433697 4061.975110 4084.692531 4091.753455 4079.163420 4069.399299 4055.627392 4046.939837 4059.153521 4076.977290 4094.898269 4109.780174 4121.182558 4123.032504 4121.395672 4121.428686 4124.750344 4127.783954 4132.351390 4141.265360 4149.021743 4157.495805 4165.057975 4153.834367 4136.742186 4127.920430 4119.607871 4119.444696 4121.240745 4125.928283 4127.093689 4108.706573 4064.674202 4032.239935 3999.776041 3981.360059 3969.096730 3970.792570 3952.516362 3927.579536 3874.955459 3837.790832 3806.790709
3978.335144 4023.480306 4052.892817 4069.239203 4081.783338 4077.987087 4079.912912 4080.829542 4084.364283 4086.403433 4088.537760 4116.308863 4158.994869 4199.141211 4230.950966 4230.231799 4215.756917 4204.266475 4195.382098 4180.333463 4176.313057 4189.890674 4206.177204 4227.343956 4237.675665 4243.183821 4239.417064 4239.614135 4241.689164 4244.118888 4246.353801 4250.336503 4260.534974 4276.295265 4291.467301 4290.244163 4270.164142 4251.924560 4236.037185 4234.328058 4232.429557 4227.555336 4230.209714 4232.187878 4214.566542 4181.818098 4140.851097 4100.376147 4084.965930 4070.520727 4059.673180 4042.212809 3998.665860 3928.869180 3887.521964
4094.365705 4130.221292 4159.630814 4190.286174 4204.728869 4206.170469 4203.236544 4201.644535 4208.771583 4210.999247 4215.984967 4232.756854 4266.842898 4303.952319 4334.546068 4349.795983 4341.258117 4322.215920 4298.970995 4288.226931 4284.994763 4288.970766 4299.143318 4313.066854 4333.526332 4353.793068 4359.688702 4360.612240 4357.874517 4360.396785 4362.074656 4362.215219 4365.547059 4374.876590 4385.391867 4388.946821 4380.496290 4358.253416 4333.903720 4322.989550 4316.795401 4313.502802 4315.008700 4320.838356 4324.658357 4309.000881 4271.595682 4225.310535 4195.525173 4181.259242 4168.693945 4154.162656 4141.062786 4105.123704 4083.124412
4205.044199 4220.934474 4250.149078 4279.786606 4302.434384 4317.018036 4316.839143 4319.484289 4324.382218 4331.353983 4346.508734 4370.984279 4391.350252 4415.466928 4443.465643 4460.697761 4465.927747 4463.834593 4459.136632 4460.209025 4460.612638 4388.930864 4395.990396 4403.039598 4422.541671 4439.745000 4446.042123 4446.769630 4443.867018 4445.889722 4446.762811 4446.601095 4446.221425 4449.106164 4454.898073 4457.111723 4454.375100 4440.269360 4462.122854 4441.260178 4427.330997 4418.866763 4410.402575 4402.106399 4392.567436 4382.443378 4361.247218 4329.083193 4294.004629 4273.306488 4265.802400 4259.488237 4250.299431 4244.227372 4226.440721
4304.613812 4315.247609 4334.291767 4357.915918 4393.698557 4418.390767 4430.181041 4439.812965 4444.565118 4459.042847 4476.617844 4458.017031 4467.525302 4477.364610 4487.140993 4490.498288 4491.459558 4491.016005 4488.571978 4487.685302 4485.070470 4481.852323 4471.120024 4472.759025 4474.818677 4477.474918 4481.269929 4480.215363 4481.375181 4484.345931 4482.515771 4476.315848 4472.105046 4470.525082 4471.656932 4479.189778 4482.777846 4483.781240 4479.833899 4478.830922 4477.690860 4473.798770 4468.939574 4462.089542 4453.326997 4470.912709 4458.243211 4428.807590 4386.477151 4343.396549 4336.829670 4339.723297 4339.280538 4337.830088 4332.081878
4434.927119 4449.223406 4464.632198 4437.810232 4463.377894 4476.462421 4482.580516 4487.112698 4490.060257 4493.706871 4490.746329 4487.827479 4482.865102 4481.206617 4479.822526 4477.352284 4477.970587 4476.080417 4471.950318 4467.752759 4459.379596 4447.554575 4436.371880 4432.543038 4436.783203 4442.564387 4447.935839 4452.705704 4456.541900 4456.290299 4450.614295 4441.992102 4434.281320 4432.673737 4439.683710 4445.502553 4452.367680 4453.300732 4451.897372 4449.274580 4448.910904 4445.423331 4445.563430 4452.832888 4468.047570 4470.078314 4476.832784 4475.870884 4456.818725 4422.319265 4438.291336 4418.046598 4424.567332 4419.837106 4408.312280
4481.673651 4484.844848 4482.978750 4482.038716 4475.520043 4469.363509 4468.550692 4472.606279 4479.720904 4480.718097 4473.593481 4464.868432 4457.493966 4449.830275 4447.380880 4446.949338 4446.763099 4447.338383 4441.993410 4432.247392 4414.717082 4403.056225 4391.963062 4386.004228 4381.746361 4384.849154 4396.484222 4409.337003 4414.500856 4404.548880 4395.795660 4383.627326 4375.502712 4375.996192 4376.751481 4386.434327 4404.073344 4412.374871 4413.215693 4406.405711 4399.430744 4392.582516 4389.277073 4395.685834 4411.219836 4428.519608 4444.759298 4454.251933 4462.159342 4469.510349 4466.690692 4469.827853 4471.554080 4469.116885 4473.126116
4476.378098 4469.252487 4462.128301 4456.718282 4450.256242 4444.996136 4443.091706 4444.814314 4446.498634 4442.162559 4435.781685 4425.727032 4414.559885 4404.760157 4396.729799 4397.768617 4400.147990 4401.953733 4394.385645 4378.679628 4360.612005 4347.006765 4333.052532 4329.086008 4322.908047 4314.408031 4324.448719 4344.877736 4352.564767 4335.799744 4324.621316 4309.116792 4302.679219 4298.451537 4299.067655 4307.934071 4331.178666 4356.538647 4358.874438 4347.622933 4336.430036 4331.756245 4328.450646 4332.749527 4349.337662 4370.582632 4387.176204 4397.964290 4403.336714 4411.154295 4420.627546 4435.504070 4450.842825 4463.619843 4467.496604
4450.814415 4443.008087 4435.293990 4427.592701 4420.651808 4414.383326 4410.020807 4408.038011 4403.738056 4397.524497 4390.402635 4368.168181 4355.539837 4342.279519 4326.950245 4322.869272 4317.581788 4318.474961 4306.807458 4299.265065 4283.160662 4267.752033 4252.063500 4238.000612 4232.260818 4225.341583 4222.304741 4235.363092 4243.680320 4235.014732 4225.437160 4215.260635 4211.107504 4207.735441 4210.373333 4220.909250 4239.960201 4258.302166 4267.151730 4260.005498 4259.666013 4260.315421 4258.754191 4265.346302 4275.494918 4293.222356 4316.168658 4335.987177 4346.151325 4352.964732 4362.107295 4376.690706 4391.008035 4405.616405 4424.012272
4420.110380 4410.699738 4400.681136 4390.828007 4380.220994 4369.555720 4362.874527 4365.760518 4359.762786 4354.195049 4329.696840 4272.397343 4250.454450 4231.147887 4214.569776 4207.510330 4198.742104 4180.656833 4172.029531 4167.964515 4172.138243 4158.457753 4140.900324 4122.823239 4117.981647 4114.577847 4095.273506 4088.522274 4088.468254 4107.569592 4101.818996 4101.627595 4104.498673 4102.168662 4103.049741 4115.656818 4122.464779 4126.906814 4133.898674 4140.262486 4151.833922 4160.503938 4172.344130 4189.967845 4200.419516 4215.370712 4235.607950 4261.889627 4278.006058 4287.610573 4297.972438 4313.292030 4329.469965 4347.411327 4369.969945
4385.152750 4367.957545 4353.091894 4338.621837 4325.807394 4312.822488 4296.301635 4298.320003 4296.377344 4285.590103 4227.476510 4186.930319 4152.627278 4135.558479 4111.460191 4097.324039 4079.650994 4038.352042 4020.140882 4020.984749 4038.185847 4036.142199 4021.257887 4009.898504 4000.196449 3990.206967 3971.349392 3950.238896 3956.666336 3976.690538 3978.974700 3983.570501 3992.402506 3992.220256 3984.737620 3980.069415 3991.579184 3996.464064 4008.061336 4027.316327 4032.473520 4050.793886 4086.467589 4099.197086 4114.255075 4132.275112 4152.373527 4174.345879 4197.475402 4211.725251 4227.037962 4245.400657 4262.034902 4282.254436 4304.673942
4333.268223 4301.385811 4279.865137 4262.251496 4242.649695 4214.212963 4194.218717 4191.918365 4185.849478 4154.394920 4100.544536 4065.956871 4044.006915 4022.275504 3999.507022 3974.534616 3934.698362 3899.175702 3877.001132 3895.336654 3907.652260 3921.983381 3911.278491 3901.056093 3891.659488 3872.626108 3855.460180 3837.868032 3849.546381 3858.280229 3879.976355 3887.757273 3891.791261 3898.547168 3897.026063 3884.653968 3876.949394 3884.795506 3894.529768 3906.882015 3930.428736 3967.463140 3992.266950 4010.699785 4031.035270 4049.224955 4070.081030 4092.630746 4115.496855 4132.486719 4150.549223 4168.653293 4189.273664 4207.807493 4230.011733
4250.352376 4222.130923 4195.977938 4172.768062 4139.884111 4091.746569 4077.436664 4068.383097 4044.285648 3994.095369 3952.613149 3935.280420 3925.016210 3902.313305 3882.182392 3852.833786 3818.410560 3798.143608 3777.692381 3789.242155 3800.659056 3823.215128 3815.464594 3809.928182 3807.911853 3792.570253 3779.555715 3762.677863 3768.732012 3781.547887 3806.720740 3813.260142 3817.630251 3827.694059 3827.027808 3821.772904 3801.904872 3808.060149 3818.856516 3833.695634 3865.570283 3887.536991 3909.446003 3931.106142 3949.998571 3970.994307 3992.520532 4014.907443 4041.139134 4060.354418 4078.950134 4100.065615 4118.564804 4131.607839 4146.370836
4140.124254 4116.798335 4098.182732 4074.236259 4029.938961 3986.032946 3943.580524 3914.324132 3858.654625 3823.626826 3807.128067 3810.526926 3800.418568 3782.153988 3764.602779 3746.492776 3726.321681 3709.168571 3684.413591 3690.783796 3707.984260 3726.298982 3729.846162 3732.344999 3731.654814 3723.155272 3709.968362 3696.465126 3700.333936 3718.041847 3736.417429 3747.241158 3755.285644 3763.071005 3762.610140 3752.180867 3741.486912 3745.743704 3761.131935 3776.877140 3793.104002 3812.746602 3832.653422 3852.384338 3874.160115 3895.890413 3917.857656 3941.783007 3967.824673 3988.688312 4011.620153 4035.231762 4050.381577 4057.623429 4063.257852
4036.773111 4018.839667 3996.440284 3969.033578 3927.088483 3888.377054 3848.351763 3799.395409 3766.961732 3739.811019 3736.609716 3723.293293 3712.484712 3700.284449 3681.425500 3667.040766 3654.458816 3634.392159 3627.264186 3635.754924 3649.875340 3657.691243 3666.057712 3664.666520 3662.971006 3658.227052 3644.512821 3642.118703 3652.656510 3667.838761 3681.215215 3693.149679 3700.042553 3704.785632 3701.480894 3691.818401 3689.381904 3697.257986 3712.304926 3724.880988 3738.254139 3757.736073 3776.368187 3796.729323 3817.913253 3838.550728 3861.622389 3885.423324 3910.242516 3936.534620 3957.518612 3974.169879 3981.176734 3988.965186 3985.596197
3912.855009 3903.527274 3878.434324 3850.666970 3823.194613 3792.503236 3770.881654 3741.301199 3712.995977 3685.838975 3661.383636 3651.870154 3648.190858 3637.483800 3622.657508 3613.471828 3599.570777 3592.658600 3601.326829 3602.765344 3610.474379 3608.224864 3609.757441 3607.950579 3607.903336 3606.648932 3602.080575 3615.463252 3621.750160 3634.756346 3644.498338 3654.206059 3659.721448 3662.941185 3664.207974 3660.355462 3666.537690 3671.846609 3684.665392 3694.908657 3707.068064 3725.644071 3741.106397 3758.412684 3779.043326 3800.373228 3822.446577 3846.433387 3872.846903 3895.739626 3911.350569 3915.800883 3922.960412 3921.693664 3907.637017
