tests/3D/Borden05m/output-maps-SE27XX/psiliqL0002N0001.asc
ncols         160
nrows         34
xllcorner     620200.000000
yllcorner     5168000.000000
cellsize      0.500000
NODATA_value  -9999.0
[rows 0 to 24 of 34, columns 0 to 55 of 160]
-9999.0 -9999.0 -9999.0 -9999.0 -9999.0 -9999.0 -9999.0 -9999.0 -9999.0 -9999.0 -9999.0 -9999.0 -9999.0 -9999.0 -9999.0 -9999.0 -9999.0 -9999.0 -9999.0 -9999.0 -9999.0 -9999.0 -9999.0 -9999.0 -9999.0 -9999.0 -9999.0 -9999.0 -9999.0 -9999.0 -9999.0 -9999.0 -9999.0 -9999.0 -9999.0 -9999.0 -9999.0 -9999.0 -9999.0 -9999.0 -9999.0 -9999.0 -9999.0 -9999.0 -9999.0 -9999.0 -9999.0 -9999.0 -9999.0 -9999.0 -9999.0 -9999.0 -9999.0 -9999.0 -9999.0 -9999.0
-9999.0 -9999.0 -9999.0 -9999.0 -9999.0 -9999.0 -9999.0 -9999.0 -9999.0 -9999.0 -9999.0 -9999.0 -9999.0 -9999.0 -9999.0 -9999.0 -9999.0 -9999.0 -9999.0 -9999.0 -9999.0 -9999.0 -9999.0 -9999.0 -9999.0 -9999.0 -9999.0 -9999.0 -9999.0 -9999.0 -9999.0 -9999.0 -9999.0 -9999.0 -9999.0 -9999.0 -9999.0 -9999.0 -9999.0 -9999.0 -9999.0 -9999.0 -9999.0 -9999.0 -9999.0 -9999.0 -9999.0 -9999.0 -9999.0 -9999.0 -9999.0 -9999.0 -9999.0 -9999.0 -9999.0 -9999.0
-9999.0 -9999.0 -9999.0 -9999.0 -9999.0 -9999.0 -9999.0 -9999.0 -9999.0 -9999.0 -9999.0 -9999.0 -9999.0 -9999.0 -9999.0 -9999.0 -9999.0 -9999.0 -9999.0 -9999.0 -9999.0 -9999.0 -9999.0 -9999.0 -9999.0 -9999.0 -9999.0 -9999.0 -9999.0 -9999.0 -9999.0 -9999.0 -9999.0 -9999.0 -9999.0 -9999.0 -9999.0 -9999.0 -9999.0 -9999.0 -9999.0 -9999.0 -9999.0 -9999.0 -9999.0 -9999.0 -9999.0 -713.300616 -722.676748 -733.934109 -736.905544 -724.024702 -717.571417 -711.433336 -706.980796 -702.820946
-9999.0 -9999.0 -9999.0 -9999.0 -9999.0 -9999.0 -9999.0 -9999.0 -9999.0 -9999.0 -9999.0 -9999.0 -9999.0 -9999.0 -9999.0 -9999.0 -9999.0 -9999.0 -9999.0 -9999.0 -9999.0 -9999.0 -9999.0 -9999.0 -9999.0 -9999.0 -9999.0 -9999.0 -9999.0 -9999.0 -9999.0 -9999.0 -9999.0 -9999.0 -9999.0 -9999.0 -9999.0 -9999.0 -9999.0 -9999.0 -710.849152 -706.774461 -703.645402 -709.776171 -712.867139 -713.238048 -720.350002 -728.360160 -736.502957 -734.486619 -734.204343 -738.940450 -729.539755 -721.660919 -718.117665 -714.998976
-9999.0 -9999.0 -9999.0 -9999.0 -9999.0 -9999.0 -9999.0 -9999.0 -9999.0 -9999.0 -9999.0 -9999.0 -9999.0 -9999.0 -9999.0 -9999.0 -9999.0 -9999.0 -9999.0 -9999.0 -9999.0 -9999.0 -9999.0 -9999.0 -9999.0 -9999.0 -9999.0 -9999.0 -9999.0 -9999.0 -9999.0 -9999.0 -9999.0 -9999.0 -734.466694 -726.043944 -721.769840 -717.644406 -712.080671 -713.179659 -714.065477 -710.380470 -713.631794 -714.126663 -718.652399 -726.970684 -735.482938 -740.515699 -736.301246 -737.920602 -737.657127 -733.080551 -729.689459 -727.683089 -721.077943 -711.359235
-9999.0 -9999.0 -9999.0 -9999.0 -9999.0 -9999.0 -9999.0 -9999.0 -9999.0 -9999.0 -9999.0 -9999.0 -9999.0 -9999.0 -9999.0 -9999.0 -9999.0 -9999.0 -9999.0 -9999.0 -9999.0 -9999.0 -9999.0 -9999.0 -9999.0 -9999.0 -9999.0 -9999.0 -722.915648 -726.151896 -728.681661 -728.627506 -729.765070 -733.937384 -734.650741 -733.243142 -728.222084 -720.646638 -718.840584 -719.142463 -718.239319 -719.657335 -724.167891 -724.796672 -720.204007 -725.319882 -728.146787 -731.724830 -739.773098 -741.669927 -736.818710 -731.900846 -727.398022 -725.502088 -723.825584 -722.709790
-9999.0 -9999.0 -9999.0 -9999.0 -9999.0 -9999.0 -9999.0 -9999.0 -9999.0 -9999.0 -9999.0 -9999.0 -9999.0 -9999.0 -9999.0 -9999.0 -9999.0 -9999.0 -9999.0 -9999.0 -9999.0 -9999.0 -9999.0 -729.347866 -726.330749 -725.040114 -722.333339 -723.543295 -729.536804 -733.538259 -735.328318 -736.765674 -740.002384 -740.159265 -739.799895 -737.056255 -734.674724 -726.671244 -729.427681 -731.074269 -724.595038 -725.803670 -721.835194 -717.438302 -718.604693 -717.897233 -726.510922 -732.995708 -726.371741 -723.460160 -723.336923 -724.196669 -721.271811 -717.422949 -712.712861 -705.471571
-9999.0 -9999.0 -9999.0 -9999.0 -9999.0 -9999.0 -9999.0 -9999.0 -9999.0 -9999.0 -9999.0 -9999.0 -9999.0 -9999.0 -9999.0 -9999.0 -9999.0 -9999.0 -9999.0 -730.103955 -730.962080 -732.678772 -731.846465 -737.471441 -739.788955 -737.881921 -734.507061 -736.216148 -739.544265 -742.438482 -742.052167 -741.561242 -742.058179 -737.244972 -733.125989 -731.234929 -731.298483 -724.772310 -722.272565 -718.436288 -709.864952 -714.869279 -720.030861 -722.772828 -722.959122 -724.364944 -719.360992 -717.638016 -716.792436 -716.804649 -716.124999 -714.275427 -712.734318 -705.325519 -698.221160 -692.000072
-9999.0 -9999.0 -9999.0 -9999.0 -9999.0 -9999.0 -9999.0 -9999.0 -9999.0 -9999.0 -9999.0 -9999.0 -9999.0 -9999.0 -9999.0 -9999.0 -731.810674 -732.268064 -734.396015 -737.718343 -740.698470 -740.636614 -738.041601 -742.275769 -743.544415 -742.297831 -743.951433 -741.463208 -738.862900 -735.853119 -734.386408 -737.235015 -736.297100 -736.204151 -735.857517 -733.542694 -726.197040 -719.332002 -717.059630 -712.089828 -704.255900 -708.023301 -709.691422 -709.404494 -711.745239 -709.067647 -697.901449 -698.913677 -702.743680 -691.255169 -685.016273 -686.452057 -686.745157 -679.157554 -668.264691 -655.389098
-9999.0 -9999.0 -9999.0 -9999.0 -9999.0 -9999.0 -9999.0 -9999.0 -9999.0 -9999.0 -9999.0 -9999.0 -9999.0 -734.261734 -734.618434 -733.746989 -739.034950 -743.331794 -745.864650 -749.338844 -744.221814 -747.456125 -748.281984 -747.187700 -742.593710 -742.152856 -741.282047 -738.178368 -738.638869 -739.494194 -740.286447 -742.366477 -738.216672 -733.971242 -730.677986 -724.635238 -719.569866 -715.247669 -708.565412 -706.356306 -701.915875 -702.753064 -706.671482 -707.367329 -703.633223 -693.359941 -685.307472 -682.019124 -669.132999 -656.660230 -651.270509 -644.328611 -641.299822 -637.284811 -627.962642 -604.571954
-9999.0 -9999.0 -9999.0 -9999.0 -9999.0 -9999.0 -9999.0 -9999.0 -9999.0 -9999.0 -744.040965 -741.087985 -745.624702 -753.749693 -757.167978 -754.947236 -752.580890 -755.410256 -754.921809 -745.818280 -740.658310 -748.268549 -742.372272 -741.885602 -744.854845 -743.537316 -740.779423 -739.770942 -733.946400 -733.011763 -732.151237 -723.079408 -720.038979 -716.819390 -712.686664 -708.143004 -703.819897 -690.693185 -679.633497 -678.622404 -664.917173 -656.692035 -662.935903 -665.208487 -663.260631 -654.434097 -641.146161 -624.419288 -612.418230 -595.633903 -581.954018 -573.704020 -567.907483 -560.591290 -552.321034 -531.831953
-9999.0 -9999.0 -9999.0 -9999.0 -9999.0 -9999.0 -9999.0 -9999.0 -756.717651 -751.855305 -748.747455 -752.622072 -757.859560 -767.086914 -763.206628 -759.325043 -756.537534 -752.612309 -750.482472 -748.514051 -749.897744 -746.381959 -740.377422 -741.228343 -740.072385 -735.978164 -735.141277 -731.158561 -725.388938 -726.382372 -722.522964 -716.887785 -711.863155 -707.324789 -702.175275 -698.388723 -685.271438 -669.022722 -653.053940 -640.684729 -625.101021 -608.085183 -610.965025 -609.962246 -609.795262 -591.739703 -571.285812 -550.465911 -529.909721 -507.939056 -484.350751 -472.377751 -465.192238 -455.842018 -443.604355 -431.796977
-9999.0 -9999.0 -9999.0 -9999.0 -9999.0 -9999.0 -764.638639 -753.390657 -747.957196 -760.019568 -769.478537 -772.756925 -778.397564 -765.897297 -754.844822 -752.344112 -750.288354 -747.919634 -748.330623 -754.292427 -737.641563 -740.910215 -743.020021 -737.419330 -736.878656 -735.571180 -731.623638 -723.826257 -719.371278 -705.109455 -694.468642 -685.340219 -674.221198 -667.373813 -660.663216 -653.407157 -636.197704 -614.817759 -593.042847 -574.606302 -557.132793 -536.960248 -530.731687 -527.555378 -522.038320 -510.417470 -488.229052 -464.087969 -432.098099 -394.782147 -362.898335 -346.146092 -330.657124 -310.365922 -276.980327 -212.574764
-9999.0 -9999.0 -9999.0 -9999.0 -759.537483 -756.702164 -758.200757 -748.220744 -741.368700 -755.724936 -750.511101 -753.069907 -757.823120 -763.447533 -769.990737 -764.373243 -760.835705 -758.190766 -758.163317 -741.597030 -727.305065 -734.051087 -726.296945 -712.946299 -714.371516 -711.957166 -710.084089 -703.308834 -692.172493 -678.834378 -652.947776 -631.821286 -620.001588 -607.999092 -597.472438 -584.200442 -564.760629 -540.587825 -515.373329 -489.423224 -465.266502 -445.457872 -431.737256 -424.481272 -412.892141 -397.360519 -374.349102 -334.810006 -251.640283 -133.854442 -90.275475 -72.802802 -64.358674 -52.400756 -35.638926 -10.299844
-9999.0 -9999.0 -9999.0 -767.174712 -755.781004 -751.111351 -755.418871 -752.693111 -744.007836 -751.384313 -752.531795 -753.589820 -754.065308 -753.496149 -753.573436 -750.065988 -748.885947 -750.279829 -747.047704 -736.337820 -730.131619 -720.785623 -713.251803 -703.436423 -695.320026 -691.621106 -686.870091 -676.841906 -654.797896 -634.207044 -603.662564 -568.665098 -543.759811 -527.429929 -515.544461 -498.396979 -483.150979 -457.588929 -426.319109 -389.561452 -347.386148 -299.477250 -229.477869 -167.571815 -127.265003 -111.832508 -94.899214 -72.212762 -39.377460 1.792960 14.329645 15.707619 16.350037 16.749737 17.738565 18.803918
-9999.0 -9999.0 -766.255988 -759.486804 -762.896220 -754.198967 -744.640549 -749.362212 -738.409202 -734.421029 -743.451467 -737.148343 -733.492058 -738.578176 -733.902146 -728.898995 -726.131402 -732.492122 -736.227247 -723.950547 -700.111914 -681.397058 -672.706429 -637.718968 -621.329788 -610.871420 -607.408206 -593.965132 -576.373842 -546.063231 -510.994736 -474.447243 -439.008932 -407.569754 -394.087366 -377.858228 -351.553890 -318.188159 -213.344497 -126.930339 -85.579949 -53.546767 -20.537443 1.610715 12.865292 14.007180 15.250052 16.548477 17.964727 19.373893 24.086166 24.208001 24.139872 24.066333 23.976460 23.893477
-9999.0 -9999.0 -773.806366 -762.854407 -768.953588 -751.776726 -735.577266 -747.736546 -741.711847 -725.902929 -728.319904 -725.157590 -725.387305 -723.090047 -715.798129 -703.345433 -708.483447 -710.061633 -721.621118 -689.852896 -663.422054 -628.674298 -579.470319 -542.868734 -517.866248 -516.944388 -516.054466 -504.450220 -485.625145 -445.032482 -390.530882 -317.516316 -172.105139 -119.699111 -101.675990 -87.752123 -70.744626 -50.015453 -18.144272 13.985304 15.660692 17.041503 18.575617 20.067219 24.382139 24.330861 24.067218 24.046274 24.042667 24.012016 23.570346 20.478547 20.104853 20.436377 21.288741 20.017472
-9999.0 -777.982924 -771.851346 -770.478734 -758.909603 -760.399091 -745.854740 -726.326400 -724.460830 -716.321577 -713.889357 -720.254553 -688.745668 -663.604724 -655.941856 -637.712173 -645.565675 -650.431501 -663.616224 -640.863667 -608.727012 -543.046305 -445.451454 -394.727929 -367.385758 -365.958678 -372.368483 -353.185727 -300.560936 -169.728926 -94.138505 -46.359968 11.473263 15.878695 16.567796 16.619288 17.528850 18.739312 26.482014 28.595397 28.577856 28.534629 24.057737 23.890583 23.882037 23.939610 21.140496 19.897069 19.474596 19.272598 19.141486 18.820372 19.093970 19.408652 19.665448 19.233739
-9999.0 -794.298258 -772.932067 -759.980566 -763.076266 -769.006246 -738.212995 -694.995140 -705.181682 -705.623716 -704.088539 -681.487570 -626.654714 -586.907231 -565.143002 -536.648414 -541.678427 -554.357393 -556.289271 -530.738812 -484.575793 -415.071807 -191.405994 -87.915512 -77.359495 -65.548718 -55.803260 -31.620352 0.285092 15.396700 17.212718 21.407025 23.889143 23.906904 23.892917 23.923577 23.873057 23.838387 20.463646 19.500499 19.184965 19.236051 19.658592 19.655538 19.434759 19.384580 19.166414 18.870517 18.785245 18.724893 18.749273 18.666236 18.609839 18.795198 18.566257 18.394894
-9999.0 -778.769464 -754.692124 -759.431590 -776.601064 -746.654438 -731.678824 -699.448933 -675.055882 -676.632549 -652.333846 -591.632648 -526.221330 -461.205270 -417.415771 -391.679770 -375.884284 -380.732959 -358.108790 -277.348406 -144.012357 -63.469162 1.286897 17.138504 18.901292 19.240905 19.509146 20.164488 20.744309 21.024538 20.979986 18.965275 19.367573 19.741307 19.470742 19.327348 19.102031 18.643080 18.470121 18.500200 18.439447 18.518505 18.750050 18.821101 18.697508 18.569232 18.461722 18.324787 18.193970 17.986508 17.983181 17.896221 17.897645 17.682872 17.436845 17.117849
-9999.0 -808.438625 -773.436204 -799.954086 -759.297735 -724.121883 -724.015934 -674.332600 -623.210523 -612.806099 -546.489988 -472.752532 -393.943444 -295.629092 -150.340194 -84.010236 -53.906931 -29.530340 -2.587106 13.072108 17.042257 23.456890 24.135225 24.067931 19.707917 20.296114 19.007589 17.940023 17.597402 17.242439 17.355868 17.786294 18.043219 18.472284 18.252927 18.382935 18.446774 18.363376 18.400040 18.062790 17.762847 17.536534 17.476532 17.998385 17.563673 17.322002 16.825156 16.257276 15.740358 15.352120 14.994065 14.656157 14.575184 14.158651 13.937317 10.820940
-9999.0 -831.428834 -805.379143 -785.900433 -750.053782 -723.832243 -697.970687 -646.983069 -560.206393 -511.650116 -451.225600 -411.563797 -323.775126 -140.412211 -15.187253 14.524604 16.936991 17.442496 17.443163 16.596828 14.495423 14.227590 15.485901 17.190245 17.660945 17.988537 17.522924 17.169934 17.059341 17.102651 16.600446 16.205253 15.939972 15.735750 15.529161 15.684816 16.084782 15.724349 15.322837 14.987060 14.702166 14.243960 13.835656 13.473094 13.009028 8.918874 -11.398177 -32.816836 -49.536701 -60.059551 -68.196277 -73.868509 -76.229509 -82.289324 -96.047094 -135.017113
-9999.0 -880.831038 -798.723903 -787.340726 -764.807181 -755.759308 -745.663625 -701.672285 -644.708951 -520.092060 -378.259705 -360.638836 -321.032222 -178.616183 -60.979760 13.438129 15.004679 12.422580 -23.190260 -53.051083 -54.926948 -42.566822 -18.067798 12.525944 14.091699 14.750387 14.915638 14.542428 13.580048 9.658978 -17.135140 -40.105472 -52.795307 -55.232227 -55.075665 -47.610096 -44.833882 -55.271121 -68.998788 -84.551833 -97.933764 -108.517180 -116.338483 -123.990463 -139.197106 -173.929529 -231.632253 -279.206381 -313.168928 -335.206323 -349.397536 -358.283489 -366.440872 -377.363007 -390.007941 -404.959620
-9999.0 -9999.0 -836.030610 -788.383892 -780.749386 -771.626225 -762.212007 -726.449490 -689.831843 -595.637453 -530.944210 -473.096844 -437.489021 -394.900234 -301.258111 -151.049478 -122.137701 -120.540034 -208.802211 -270.636501 -282.480845 -273.924241 -220.505326 -136.106830 -106.219417 -93.947034 -87.455441 -89.019733 -103.215744 -145.116351 -255.090187 -304.305514 -323.491326 -333.070509 -320.027949 -297.878757 -299.633783 -315.099084 -337.834114 -362.828500 -382.382107 -400.021310 -405.592721 -404.981464 -405.271367 -409.125537 -415.891644 -429.195706 -441.671071 -453.486496 -458.358911 -462.986824 -467.654466 -476.445672 -485.305772 -495.502082
-9999.0 -9999.0 -890.406930 -813.980973 -781.133163 -758.427389 -759.450146 -752.883790 -705.034638 -681.606473 -652.571867 -615.678730 -580.861811 -548.419816 -515.254388 -468.573037 -450.318733 -445.841858 -454.848508 -455.149042 -444.616105 -433.402912 -423.515505 -408.996264 -392.727225 -379.007097 -368.087436 -380.837842 -395.972074 -417.100474 -439.219795 -458.855299 -468.432467 -473.873482 -468.931231 -460.715946 -464.154456 -472.921278 -485.103755 -499.383483 -510.220177 -520.900164 -523.815663 -524.446209 -524.090487 -525.772724 -528.063963 -535.829946 -545.368818 -551.533800 -556.423723 -560.933631 -562.503709 -567.877872 -574.603315 -577.794332
