tests/3D/Borden05m/output-maps-SE27XX/psiliqL0022N0001.asc
ncols         160
nrows         34
xllcorner     620200.000000
yllcorner     5168000.000000
cellsize      0.500000
NODATA_value  -9999.0
[rows 0 to 24 of 34, columns 0 to 54 of 160]
-9999.0 -9999.0 -9999.0 -9999.0 -9999.0 -9999.0 -9999.0 -9999.0 -9999.0 -9999.0 -9999.0 -9999.0 -9999.0 -9999.0 -9999.0 -9999.0 -9999.0 -9999.0 -9999.0 -9999.0 -9999.0 -9999.0 -9999.0 -9999.0 -9999.0 -9999.0 -9999.0 -9999.0 -9999.0 -9999.0 -9999.0 -9999.0 -9999.0 -9999.0 -9999.0 -9999.0 -9999.0 -9999.0 -9999.0 -9999.0 -9999.0 -9999.0 -9999.0 -9999.0 -9999.0 -9999.0 -9999.0 -9999.0 -9999.0 -9999.0 -9999.0 -9999.0 -9999.0 -9999.0 -9999.0
-9999.0 -9999.0 -9999.0 -9999.0 -9999.0 -9999.0 -9999.0 -9999.0 -9999.0 -9999.0 -9999.0 -9999.0 -9999.0 -9999.0 -9999.0 -9999.0 -9999.0 -9999.0 -9999.0 -9999.0 -9999.0 -9999.0 -9999.0 -9999.0 -9999.0 -9999.0 -9999.0 -9999.0 -9999.0 -9999.0 -9999.0 -9999.0 -9999.0 -9999.0 -9999.0 -9999.0 -9999.0 -9999.0 -9999.0 -9999.0 -9999.0 -9999.0 -9999.0 -9999.0 -9999.0 -9999.0 -9999.0 -9999.0 -9999.0 -9999.0 -9999.0 -9999.0 -9999.0 -9999.0 -9999.0
-9999.0 -9999.0 -9999.0 -9999.0 -9999.0 -9999.0 -9999.0 -9999.0 -9999.0 -9999.0 -9999.0 -9999.0 -9999.0 -9999.0 -9999.0 -9999.0 -9999.0 -9999.0 -9999.0 -9999.0 -9999.0 -9999.0 -9999.0 -9999.0 -9999.0 -9999.0 -9999.0 -9999.0 -9999.0 -9999.0 -9999.0 -9999.0 -9999.0 -9999.0 -9999.0 -9999.0 -9999.0 -9999.0 -9999.0 -9999.0 -9999.0 -9999.0 -9999.0 -9999.0 -9999.0 -9999.0 -9999.0 2479.828442 2462.654035 2448.616402 2444.624102 2466.068008 2489.195727 2512.964706 2533.465092
-9999.0 -9999.0 -9999.0 -9999.0 -9999.0 -9999.0 -9999.0 -9999.0 -9999.0 -9999.0 -9999.0 -9999.0 -9999.0 -9999.0 -9999.0 -9999.0 -9999.0 -9999.0 -9999.0 -9999.0 -9999.0 -9999.0 -9999.0 -9999.0 -9999.0 -9999.0 -9999.0 -9999.0 -9999.0 -9999.0 -9999.0 -9999.0 -9999.0 -9999.0 -9999.0 -9999.0 -9999.0 -9999.0 -9999.0 -9999.0 2529.507767 2535.407351 2535.579174 2525.556034 2514.283709 2501.037251 2480.622504 2463.282256 2449.725900 2447.665042 2450.175252 2453.509710 2474.666075 2499.813682 2519.613833
-9999.0 -9999.0 -9999.0 -9999.0 -9999.0 -9999.0 -9999.0 -9999.0 -9999.0 -9999.0 -9999.0 -9999.0 -9999.0 -9999.0 -9999.0 -9999.0 -9999.0 -9999.0 -9999.0 -9999.0 -9999.0 -9999.0 -9999.0 -9999.0 -9999.0 -9999.0 -9999.0 -9999.0 -9999.0 -9999.0 -9999.0 -9999.0 -9999.0 -9999.0 2437.592118 2454.594363 2472.477586 2490.911745 2507.741251 2514.650652 2520.393012 2525.810364 2521.301743 2516.813132 2505.218203 2484.739753 2465.400775 2452.358007 2451.097366 2448.689111 2452.444763 2464.312006 2480.916840 2496.183692 2516.740829
-9999.0 -9999.0 -9999.0 -9999.0 -9999.0 -9999.0 -9999.0 -9999.0 -9999.0 -9999.0 -9999.0 -9999.0 -9999.0 -9999.0 -9999.0 -9999.0 -9999.0 -9999.0 -9999.0 -9999.0 -9999.0 -9999.0 -9999.0 -9999.0 -9999.0 -9999.0 -9999.0 -9999.0 2443.302631 2437.338635 2432.416931 2430.810669 2429.330405 2428.238882 2434.805243 2446.070902 2463.275620 2485.143474 2498.253465 2505.434052 2512.189834 2512.601123 2506.918364 2505.099378 2505.525398 2493.085445 2480.964573 2469.621997 2458.570169 2455.873465 2464.916070 2479.059967 2495.181992 2509.730033 2524.891125
-9999.0 -9999.0 -9999.0 -9999.0 -9999.0 -9999.0 -9999.0 -9999.0 -9999.0 -9999.0 -9999.0 -9999.0 -9999.0 -9999.0 -9999.0 -9999.0 -9999.0 -9999.0 -9999.0 -9999.0 -9999.0 -9999.0 -9999.0 2413.665904 2418.803173 2425.286407 2432.846727 2433.734485 2430.119296 2424.614818 2421.771360 2420.251217 2418.040297 2422.436887 2429.587777 2442.540758 2457.780204 2479.779015 2487.964364 2492.621585 2504.099287 2507.422853 2514.548476 2518.425183 2516.509577 2512.698834 2498.420918 2487.441358 2490.360558 2494.816635 2501.536543 2509.617275 2522.859346 2536.861380 2552.492798
-9999.0 -9999.0 -9999.0 -9999.0 -9999.0 -9999.0 -9999.0 -9999.0 -9999.0 -9999.0 -9999.0 -9999.0 -9999.0 -9999.0 -9999.0 -9999.0 -9999.0 -9999.0 -9999.0 2389.103890 2390.109991 2391.505161 2396.279728 2396.728006 2398.557884 2405.328847 2413.303139 2415.956300 2413.786892 2412.568995 2413.827218 2416.293047 2420.583344 2431.054776 2444.289504 2457.976948 2470.762387 2491.139818 2505.285943 2517.646654 2532.829617 2532.731310 2528.839547 2526.972830 2526.889956 2525.604625 2525.575173 2525.580031 2531.591590 2533.339470 2537.527337 2546.464626 2557.851641 2574.577385 2592.532371
-9999.0 -9999.0 -9999.0 -9999.0 -9999.0 -9999.0 -9999.0 -9999.0 -9999.0 -9999.0 -9999.0 -9999.0 -9999.0 -9999.0 -9999.0 -9999.0 2360.229565 2362.007480 2364.311043 2369.754091 2373.176125 2377.088928 2383.976535 2385.302650 2388.717152 2395.665873 2400.072999 2409.008564 2417.048414 2423.915557 2429.464562 2431.584794 2437.945027 2446.785135 2457.802454 2471.523630 2491.419149 2514.213600 2529.470873 2545.674437 2562.407857 2562.634600 2560.830663 2561.099707 2559.948901 2562.447109 2577.457983 2581.184841 2577.747614 2589.342003 2601.572353 2604.950547 2612.769469 2632.243888 2654.685543
-9999.0 -9999.0 -9999.0 -9999.0 -9999.0 -9999.0 -9999.0 -9999.0 -9999.0 -9999.0 -9999.0 -9999.0 -9999.0 2311.846331 2315.828840 2325.792319 2336.516347 2339.348821 2344.033152 2350.457452 2362.498639 2365.989312 2371.864788 2378.975537 2391.204335 2399.574192 2408.153502 2419.524498 2427.212599 2433.752418 2439.807288 2443.026916 2454.464546 2468.219948 2482.366569 2501.126436 2522.291305 2540.660893 2558.754373 2574.326936 2586.168459 2584.684710 2583.524996 2585.489399 2590.969411 2605.908510 2623.131368 2626.274496 2638.451619 2659.589247 2670.807577 2679.572186 2686.710392 2700.461708 2721.678740
-9999.0 -9999.0 -9999.0 -9999.0 -9999.0 -9999.0 -9999.0 -9999.0 -9999.0 -9999.0 2283.047901 2284.726058 2280.995506 2278.982951 2284.447244 2296.618065 2310.796662 2316.555220 2328.287147 2349.342136 2367.531595 2370.485725 2383.968269 2394.006915 2400.424623 2410.020725 2422.414779 2434.095430 2449.262590 2460.454176 2469.436758 2486.048046 2501.182425 2516.625450 2533.205283 2552.693358 2569.097807 2593.649393 2619.314041 2629.069985 2647.425682 2652.708001 2648.954615 2647.834950 2657.055148 2670.069249 2687.124007 2705.284724 2723.748852 2746.714700 2759.576725 2773.051689 2782.953592 2794.324345 2809.986594
-9999.0 -9999.0 -9999.0 -9999.0 -9999.0 -9999.0 -9999.0 -9999.0 2258.575227 2266.306355 2271.766368 2268.397813 2263.708187 2258.297631 2272.460613 2287.821893 2303.508697 2321.367724 2336.802282 2354.722931 2368.728436 2383.582530 2403.338876 2414.023752 2424.491945 2439.048506 2451.676222 2466.626293 2486.611668 2495.416762 2507.755002 2527.037407 2542.793856 2559.262309 2576.893582 2593.298677 2615.924059 2646.714526 2676.327735 2694.540438 2720.758200 2738.871749 2735.050482 2735.182491 2738.030376 2762.313915 2789.833998 2819.373830 2798.817940 2822.055753 2849.264531 2866.584743 2875.247476 2885.785508 2898.993953
-9999.0 -9999.0 -9999.0 -9999.0 -9999.0 -9999.0 2230.804099 2254.961586 2269.850539 2261.214554 2248.238690 2243.311729 2237.590973 2265.577438 2287.543076 2304.576142 2321.049596 2338.279859 2354.227507 2363.866815 2394.675284 2413.131766 2425.483037 2440.031237 2454.077650 2468.099399 2484.258308 2505.724056 2524.088957 2547.975827 2566.959375 2585.562388 2610.399100 2628.157454 2645.401004 2660.433928 2688.981968 2723.248363 2758.190564 2784.106382 2809.342747 2802.699134 2803.720461 2805.685320 2808.085746 2829.388939 2860.891194 2889.413155 2920.482058 2950.293540 2976.796022 2986.013289 2994.511218 3003.947631 3015.817954
-9999.0 -9999.0 -9999.0 -9999.0 2198.507713 2219.157003 2237.975579 2267.905755 2289.710241 2284.353709 2289.158462 2287.544108 2283.682259 2287.950468 2295.387143 2312.593858 2331.190502 2350.111464 2365.308300 2395.081371 2440.578608 2452.905529 2472.248353 2502.142980 2513.778795 2527.918567 2543.380325 2564.372584 2585.316710 2615.236883 2652.604950 2684.394779 2707.144196 2726.635177 2746.311947 2765.092673 2799.465284 2797.032679 2831.060021 2861.724861 2888.038449 2912.320929 2919.897035 2924.725369 2934.241237 2949.847210 2970.816998 2996.233425 3027.680710 3058.581030 3081.485387 3091.377300 3096.772611 3105.884373 3113.718001
-9999.0 -9999.0 -9999.0 2146.220456 2184.979677 2223.679757 2249.412846 2279.422739 2311.192082 2312.333613 2320.628521 2321.870094 2322.562505 2328.745693 2333.582825 2349.951210 2367.023161 2385.089944 2406.687050 2441.205425 2472.210676 2494.119432 2523.026412 2542.634878 2558.301594 2572.138709 2590.409922 2611.803159 2650.309924 2683.081781 2729.524847 2780.749116 2814.381618 2795.782710 2816.054095 2841.491322 2864.677562 2900.441932 2933.027127 2963.862685 2992.372644 3014.102405 3028.830235 3033.525314 3042.062357 3047.985587 3061.029473 3081.201379 3102.366850 3131.331462 3159.292152 3185.620364 3199.646219 3209.639381 3225.655359
-9999.0 -9999.0 2098.369496 2137.138437 2169.212222 2216.820492 2269.353792 2303.661823 2343.002492 2363.117468 2367.064305 2379.508899 2391.755064 2394.797797 2405.881583 2420.082470 2440.411622 2448.551993 2467.598894 2488.705384 2530.205500 2568.109627 2573.357492 2617.231169 2648.786116 2679.583342 2698.890292 2725.803790 2763.144806 2800.087375 2803.899724 2851.366098 2885.124237 2912.254050 2926.634236 2944.816592 2964.346560 2987.283162 3021.250254 3046.737446 3078.083523 3102.498731 3121.812897 3124.052300 3126.834287 3141.970758 3167.832153 3195.813498 3222.155982 3248.274861 3239.856935 3258.177980 3266.335636 3270.886989 3278.043332
-9999.0 -9999.0 2069.323544 2115.116776 2151.409618 2212.009517 2295.491003 2330.164422 2370.538150 2415.533713 2430.517437 2452.506657 2452.781478 2449.273870 2469.033324 2486.467073 2504.110128 2511.715508 2508.262789 2561.531975 2617.060214 2651.354678 2672.598295 2745.661256 2795.738385 2817.620070 2793.080978 2811.591236 2831.330278 2869.399945 2909.476647 2960.965312 3000.302711 3028.719723 3042.280771 3060.043167 3078.312658 3092.994369 3111.040046 3153.527828 3184.688270 3212.494286 3241.476646 3261.585878 3269.182022 3273.102827 3253.057740 3268.316111 3278.663728 3283.126590 3284.823503 3281.160585 3280.524329 3281.270139 3282.202462
-9999.0 1977.578337 2029.844816 2081.052982 2146.649081 2209.581637 2286.778770 2362.751315 2424.791362 2474.357105 2500.390504 2500.156482 2513.410447 2544.814271 2566.757907 2587.433977 2592.673812 2601.689680 2587.016643 2639.939904 2682.200385 2740.157083 2806.462264 2861.393580 2915.223926 2912.009540 2901.534281 2907.885301 2925.194469 2968.524626 3039.849498 3090.598196 3149.508115 3193.316377 3208.311917 3214.405458 3231.510263 3250.828320 3213.438044 3247.864747 3263.539398 3276.618690 3283.005097 3284.807844 3285.814682 3285.627195 3282.072886 3275.283595 3267.273473 3261.554142 3257.407019 3252.904633 3255.330357 3258.636968 3259.066647
-9999.0 1940.144443 1998.116841 2067.305173 2135.554510 2189.443478 2278.721846 2435.500576 2493.826437 2530.646994 2541.819328 2534.304812 2598.799717 2661.164175 2689.839057 2735.530965 2725.220849 2713.451370 2686.892989 2716.239144 2759.453463 2791.500436 2947.954114 3031.568386 3072.600917 3080.445619 3082.473121 3108.756494 3148.585667 3190.201512 3229.653713 3209.089249 3248.664951 3267.951750 3271.982072 3272.546232 3276.873635 3275.710780 3273.866732 3269.603215 3264.578687 3264.714951 3269.060472 3268.874078 3265.995561 3262.759378 3257.150736 3249.723305 3244.435733 3239.823650 3237.142102 3234.258858 3232.453948 3232.033081 3227.464963
-9999.0 1903.363075 1976.761856 2036.529698 2088.738712 2187.344784 2315.027229 2454.892111 2548.828296 2583.143924 2576.486955 2623.678588 2724.814380 2812.291603 2861.482194 2881.789148 2868.298374 2828.403952 2815.114324 2856.651954 2922.339812 3028.008392 3146.444091 3234.970439 3248.254619 3250.942475 3212.826253 3233.335326 3252.344638 3254.600393 3255.492964 3261.481508 3266.404768 3269.158278 3267.650327 3264.772910 3260.023998 3251.957868 3247.116010 3243.567359 3239.889224 3238.939903 3241.102879 3242.668308 3239.953370 3236.106478 3231.647174 3226.063017 3219.852024 3213.189393 3209.046796 3204.937323 3202.871001 3197.683389 3194.024561
-9999.0 1787.971255 1881.437601 1926.545995 2014.167197 2196.931341 2324.239627 2466.645637 2623.578447 2649.643464 2704.506273 2826.228056 2936.806830 3011.329146 3041.671621 3075.528712 3099.447576 3116.120050 3150.057687 3057.611635 3126.905308 3207.319445 3243.080708 3258.588085 3264.847334 3265.143815 3255.797307 3235.514911 3224.888208 3218.144297 3219.746247 3226.953759 3231.830117 3236.779400 3234.528815 3235.380350 3236.077765 3232.756844 3228.844991 3220.338191 3212.600446 3206.239584 3203.474983 3208.334008 3203.640191 3201.059449 3195.030435 3186.852356 3178.150628 3170.819838 3163.095324 3156.631787 3154.362447 3149.345696 3148.219132
-9999.0 1706.980281 1780.742354 1850.025328 1969.360080 2132.384705 2238.580304 2398.236777 2625.950320 2753.353882 2894.479899 2975.390082 3043.494523 3089.369783 3141.182149 3188.482312 3212.468890 3221.828326 3197.027922 3213.562240 3173.621522 3163.036335 3179.456671 3206.694208 3221.857422 3225.587068 3217.431845 3207.750397 3200.525819 3199.400793 3197.500326 3194.267738 3190.921699 3187.787201 3184.645189 3187.235637 3192.246394 3185.503086 3175.890490 3166.939983 3158.855439 3149.999896 3144.249824 3140.067953 3139.991705 3140.172130 3132.738577 3122.470628 3111.908522 3103.848712 3096.694814 3092.028884 3089.600416 3084.867916 3076.092386
-9999.0 1594.039710 1722.615268 1804.410355 1907.274445 2037.803916 2148.218989 2302.527797 2437.381979 2671.373632 2810.367304 2968.891655 3012.792966 3075.808553 3124.885208 3193.205894 3190.085945 3158.326047 3117.949031 3101.244707 3109.238854 3117.354739 3126.286973 3141.624694 3158.524938 3168.025608 3171.763466 3165.113694 3151.069422 3139.622868 3129.963694 3117.591256 3108.975980 3106.918737 3109.816868 3118.802873 3119.888397 3110.716155 3097.104300 3079.750222 3064.804869 3053.518746 3051.286283 3053.641592 3054.464701 3050.711317 3044.764409 3034.340645 3022.052113 3010.159404 3004.176819 2999.755458 2992.833933 2982.404884 2971.928827
-9999.0 -9999.0 1640.034876 1748.877131 1846.365465 1960.118870 2056.749970 2181.741224 2323.736092 2496.918532 2612.898055 2774.416517 2850.147362 2892.411486 2929.636569 2982.525815 3003.757225 3029.245422 3018.588957 3026.551800 3034.089633 3038.513763 3044.258463 3051.116344 3061.847115 3071.209132 3080.221032 3077.478283 3068.498529 3049.161085 3025.393344 3007.007472 2997.129877 2988.713105 2999.818883 3011.907279 3007.313860 3000.577037 2988.320451 2973.216044 2960.659229 2946.756538 2943.301801 2943.445229 2943.980281 2941.636787 2938.670370 2926.482339 2914.338906 2904.124512 2899.918920 2894.463382 2890.622105 2880.908048 2870.501171
-9999.0 -9999.0 1552.784192 1657.854973 1763.282024 1881.407931 1969.511322 2002.872387 2142.890318 2249.228485 2354.467611 2460.438165 2551.624748 2619.225343 2656.703918 2719.155254 2771.031941 2789.549395 2796.869479 2840.902499 2870.847572 2904.877558 2925.147560 2934.775967 2947.061622 2960.569711 2968.094044 2953.977428 2942.826515 2926.038576 2903.644110 2878.431335 2865.596439 2864.149345 2864.331555 2867.125406 2860.279141 2851.302261 2837.126061 2822.889869 2810.649477 2801.113722 2797.509338 2792.827955 2791.007193 2788.417946 2786.536626 2821.963423 2812.385383 2806.400759 2797.768542 2792.795688 2790.673572 2785.836113 2778.457829
