tests/3D/Borden05m/output-maps-SE27XX/psiliqL0030N0001.asc
ncols         160
nrows         34
xllcorner     620200.000000
yllcorner     5168000.000000
cellsize      0.500000
NODATA_value  -9999.0
[rows 0 to 24 of 34, columns 55 to 109 of 160]
-9999.0 -9999.0 -9999.0 -9999.0 -9999.0 -9999.0 -9999.0 -9999.0 -9999.0 -9999.0 -9999.0 -9999.0 -9999.0 -9999.0 -9999.0 -9999.0 -9999.0 -9999.0 -9999.0 -9999.0 -9999.0 -9999.0 -9999.0 -9999.0 -9999.0 -9999.0 -9999.0 -9999.0 -9999.0 -9999.0 -9999.0 -9999.0 -9999.0 -9999.0 -9999.0 -9999.0 -9999.0 -9999.0 -9999.0 -9999.0 -9999.0 -9999.0 -9999.0 -9999.0 -9999.0 -9999.0 -9999.0 -9999.0 -9999.0 -9999.0 -9999.0 -9999.0 -9999.0 -9999.0 -9999.0
-9999.0 -9999.0 -9999.0 -9999.0 4197.054387 4191.814466 4187.197590 4182.817467 4174.441958 4165.123519 4157.451740 4153.223679 4151.998897 4151.153616 4150.448366 4155.180447 4163.226925 4170.799553 4177.553053 4179.933071 4182.216114 4183.916603 4184.036056 4182.889602 4179.611835 4176.208603 4172.785271 4170.995885 4163.845686 4152.782478 4144.616669 4141.939307 4146.028814 4150.317632 4152.752407 4157.701059 4167.949638 4178.456218 4187.020757 4199.762529 4207.113581 4212.488633 4214.912375 4210.909619 4207.675629 4203.607389 4197.107346 4185.968518 -9999.0 -9999.0 -9999.0 -9999.0 -9999.0 -9999.0 -9999.0
4142.062150 4160.375282 4181.666295 4184.730191 4172.820867 4167.674055 4164.574232 4163.027340 4158.981805 4150.551074 4145.485122 4139.979769 4137.080606 4137.049907 4136.842543 4140.324753 4151.223401 4158.908935 4163.350776 4165.973901 4168.843801 4166.823480 4165.913826 4165.665560 4162.708477 4159.153659 4155.725331 4153.812056 4155.560989 4147.945910 4141.774893 4137.714576 4134.343004 4137.139282 4139.909103 4144.844407 4153.882161 4161.675570 4169.558707 4184.975436 4198.364266 4204.166933 4201.575734 4197.075461 4193.213642 4185.536172 4174.526441 4164.622404 4157.050085 4151.222825 4145.898314 4139.234656 4145.769387 4154.027758 4163.168915
4125.253462 4144.454028 4165.010771 4167.479864 4157.338917 4149.767693 4142.348589 4142.955355 4146.737891 4143.592001 4138.710518 4130.037165 4140.514522 4141.392997 4141.907127 4144.999213 4146.429933 4152.104098 4154.348642 4159.606673 4168.511005 4171.286217 4171.627411 4171.577922 4169.480659 4166.116484 4164.038016 4161.165490 4155.809836 4153.757083 4153.180886 4151.554305 4155.352456 4156.869514 4160.133200 4154.993596 4159.667100 4165.914139 4172.899914 4178.078285 4184.027445 4186.072303 4182.739067 4183.751846 4175.395974 4161.775095 4152.302119 4145.161035 4146.078904 4143.220463 4135.285800 4121.261091 4129.964024 4146.280996 4151.152305
4129.976393 4138.840261 4149.035756 4151.382202 4146.326787 4148.798400 4150.622411 4151.715194 4149.749328 4146.026039 4140.888364 4150.645034 4158.580899 4159.803554 4162.028848 4166.010069 4167.246635 4156.639618 4154.659342 4161.547225 4170.925136 4175.813978 4175.918520 4175.395084 4171.138304 4169.863840 4169.647394 4167.915227 4166.954513 4168.201568 4164.991482 4167.392307 4172.793664 4176.226136 4171.793239 4163.584317 4166.250379 4174.904041 4184.311427 4191.955101 4201.936458 4212.499974 4213.143740 4208.921628 4200.516322 4188.360835 4166.163121 4149.244625 4138.225931 4129.954974 4122.665559 4126.587765 4121.384440 4136.030016 4137.894937
4112.780142 4134.688055 4154.419260 4159.663986 4153.645274 4150.328333 4149.561034 4150.148179 4148.818121 4148.481596 4156.046135 4167.244274 4177.453777 4179.212915 4180.780103 4179.194877 4172.115039 4161.733147 4159.361883 4172.105124 4188.965508 4196.663250 4195.780881 4190.280719 4192.167863 4192.748946 4193.947832 4191.066759 4191.365591 4187.727355 4191.746077 4199.459963 4207.713663 4206.488416 4193.951633 4181.298579 4181.665391 4187.948461 4196.026145 4203.999326 4214.076009 4222.943085 4218.151089 4213.532982 4206.884613 4182.083007 4160.731811 4147.133082 4147.441387 4148.344064 4144.026217 4142.344398 4142.177124 4138.987512 4139.442577
4147.464881 4166.169712 4186.572928 4198.723484 4192.488874 4185.263289 4177.418191 4177.532018 4177.150178 4182.339683 4191.957170 4203.308531 4224.398105 4222.877869 4222.514939 4219.945125 4206.496955 4192.982481 4183.385465 4206.829425 4218.156296 4224.863812 4220.941921 4224.580909 4232.857412 4229.610780 4223.873600 4211.250544 4216.661529 4221.498497 4236.720891 4245.069582 4250.831425 4245.194473 4230.384136 4223.262402 4225.712695 4233.506061 4235.797426 4245.713941 4253.950356 4268.756413 4267.054685 4265.376747 4246.108990 4208.825229 4180.849676 4170.480721 4183.520407 4178.080850 4171.651212 4172.557671 4162.304501 4156.184265 4159.472087
4176.098540 4188.404764 4204.229167 4220.433616 4210.430157 4200.548197 4183.152733 4179.314766 4182.574147 4192.932626 4210.175213 4226.843105 4245.771815 4241.657508 4232.203140 4241.995797 4234.903299 4223.621633 4216.364745 4241.095429 4250.662607 4260.512412 4265.070278 4277.792959 4287.968996 4269.310729 4250.667456 4238.638639 4246.293472 4273.846432 4297.988803 4302.767792 4301.175456 4299.555170 4282.216571 4277.888778 4275.460499 4277.478874 4275.774844 4274.508925 4302.034016 4325.076221 4325.127583 4303.843725 4281.156833 4240.074283 4201.858683 4179.540062 4196.388628 4192.505767 4196.846139 4187.952614 4177.103218 4172.577848 4172.042609
4220.715306 4240.439667 4255.929986 4278.404998 4266.492022 4241.644615 4223.288444 4225.433441 4239.533535 4248.178473 4267.957948 4283.248219 4307.647409 4317.257594 4326.355079 4330.398008 4323.852673 4315.484997 4303.848526 4311.454002 4337.670424 4349.353942 4357.095391 4364.887674 4377.722556 4376.548959 4368.296115 4366.064794 4370.871307 4386.470185 4402.776336 4409.622928 4412.001739 4413.716199 4397.447734 4383.613535 4382.916406 4378.398902 4378.785394 4378.440299 4392.573843 4415.972489 4412.163365 4371.959528 4344.691532 4308.121271 4268.678020 4239.335419 4236.145468 4258.780760 4258.913311 4242.835969 4234.674339 4210.988572 4208.954586
4286.354093 4319.165264 4343.112907 4352.484924 4358.532744 4340.962288 4338.038364 4342.590570 4351.668013 4354.557752 4360.913399 4393.761769 4427.725929 4451.864063 4474.578699 4481.563119 4468.720311 4458.985619 4444.982911 4436.417279 4449.778495 4468.154083 4486.332168 4501.184453 4512.665325 4514.298244 4512.610616 4512.622617 4516.148667 4519.216627 4524.028107 4533.356882 4541.215078 4549.508222 4556.622917 4544.644095 4527.445350 4519.037912 4511.381311 4511.794878 4513.950587 4519.403032 4520.619106 4500.622021 4454.634555 4421.380348 4388.534001 4371.177079 4359.747523 4363.196194 4344.741588 4319.115670 4265.170400 4228.000260 4197.114173
4369.413888 4415.584159 4445.176468 4460.800835 4473.234688 4468.736622 4470.775294 4471.626945 4475.013152 4476.785005 4478.408204 4507.073031 4550.717846 4591.517476 4623.808913 4622.579176 4607.476654 4595.867035 4587.200141 4571.573750 4567.488640 4581.889027 4598.924205 4620.835348 4631.067636 4636.055632 4631.884904 4632.060438 4634.368251 4636.868588 4639.178798 4643.451958 4654.103901 4670.423378 4686.143659 4684.607062 4663.574712 4645.106221 4629.339932 4628.287042 4626.854200 4622.011959 4624.907562 4626.942600 4607.789233 4573.779648 4531.829062 4491.281344 4477.011536 4463.140372 4452.283656 4434.298153 4387.985505 4315.256347 4272.041274
4486.194269 4523.508212 4553.220666 4584.180307 4598.271748 4599.047957 4595.809022 4593.878107 4601.107888 4602.921728 4607.351347 4624.292753 4659.933352 4698.332083 4729.615511 4744.719042 4735.590722 4715.692171 4691.634060 4680.156034 4676.673463 4680.933388 4691.615949 4706.362759 4727.540482 4748.447800 4754.430727 4755.384349 4752.605113 4755.199925 4756.962704 4757.120342 4760.766382 4770.723105 4781.715427 4785.404413 4776.441514 4753.303072 4728.307433 4717.769937 4711.828204 4708.630706 4710.531997 4716.888433 4721.172250 4704.846061 4666.062544 4618.366750 4588.749441 4575.220038 4562.833855 4547.901604 4534.246009 4495.776779 4472.908615
4598.125409 4614.513576 4644.470705 4674.734408 4697.366678 4711.853608 4711.233968 4713.587626 4718.590913 4725.287080 4740.499267 4765.822931 4787.146861 4812.339864 4841.346980 4859.277143 4864.485847 4862.084344 4856.927835 4857.909364 4858.348180 4780.550509 4788.158948 4795.763828 4816.925652 4835.370949 4842.165708 4842.955131 4839.805487 4841.958639 4842.906033 4842.705028 4842.320276 4845.594346 4851.879184 4854.281229 4851.311703 4836.184196 4860.540968 4839.102751 4824.853639 4816.214566 4807.598533 4799.273754 4789.657435 4779.365361 4757.349951 4724.260482 4688.671416 4668.571730 4661.373661 4654.891498 4645.155555 4638.787998 4620.405896
4698.389464 4709.066123 4728.715742 4752.970898 4790.045670 4815.632541 4827.699421 4837.562158 4842.374920 4857.229472 4875.450003 4855.065282 4865.382768 4876.059464 4886.667879 4890.310902 4891.353982 4890.872679 4888.393427 4887.431290 4884.682428 4881.642315 4870.725136 4872.384477 4874.520684 4877.201295 4881.038439 4880.019217 4881.213075 4884.194949 4882.317121 4876.009953 4871.707185 4870.123815 4871.347731 4878.947213 4882.603204 4883.637513 4879.292949 4878.242922 4877.005833 4872.782501 4867.509757 4860.076743 4850.568449 4870.051665 4856.958376 4826.553763 4782.773074 4738.363920 4732.576020 4736.253786 4735.558890 4734.153495 4728.286283
4832.486030 4847.210070 4863.047715 4833.067270 4860.810904 4875.009008 4881.647792 4886.463567 4889.507080 4893.506595 4890.580053 4887.722591 4882.707241 4880.984207 4879.577627 4877.085248 4877.694894 4875.802148 4871.626093 4867.318945 4858.661272 4846.657088 4835.469915 4831.457332 4835.652420 4841.542630 4847.062297 4852.050863 4855.963337 4855.532886 4849.715942 4840.962485 4833.141861 4831.569368 4838.667849 4844.535958 4851.632167 4852.603782 4851.193317 4848.480925 4848.036930 4844.402331 4844.494778 4851.893557 4867.417574 4868.965831 4876.295150 4875.251386 4854.577766 4817.142182 4836.172295 4815.712685 4822.571363 4817.736436 4806.076724
4881.249282 4884.690369 4882.665454 4881.834346 4875.219629 4868.991887 4868.153296 4872.231495 4879.388222 4880.336666 4873.158040 4864.327021 4856.847493 4849.015837 4846.489895 4846.144183 4845.999111 4846.619947 4841.234545 4831.184188 4813.292163 4801.568237 4790.451840 4784.476932 4779.891573 4782.747812 4794.648834 4807.964826 4813.211562 4802.806661 4793.851450 4781.442411 4773.280805 4773.805225 4774.366916 4784.170875 4802.353636 4811.179545 4812.055322 4805.016414 4797.712507 4790.739318 4787.276821 4793.675261 4809.369609 4827.033612 4843.700513 4853.428258 4861.460559 4868.969093 4865.299255 4868.703408 4870.576548 4867.931932 4872.622816
4876.181350 4868.953980 4861.723043 4856.227919 4849.744436 4844.502197 4842.539516 4844.144034 4845.640654 4841.127036 4834.729922 4824.615285 4813.327540 4803.435914 4795.097442 4796.133604 4798.515470 4800.406817 4792.625271 4776.658316 4758.390055 4744.677120 4730.640826 4726.635447 4720.246598 4711.149995 4721.133720 4742.044352 4749.941349 4732.701851 4721.315041 4705.592272 4699.251911 4694.864435 4695.369585 4704.199101 4727.964075 4754.197247 4756.712266 4745.263184 4733.864082 4729.239329 4725.885585 4729.981817 4746.499171 4768.063700 4785.021829 4796.068493 4801.477716 4809.325719 4818.861379 4834.159745 4849.862649 4862.939825 4866.254614
4850.279480 4842.425791 4834.655178 4826.874643 4819.874942 4813.527448 4809.087261 4807.065071 4802.482579 4796.156373 4788.927959 4765.544204 4752.725346 4739.163732 4723.485583 4719.217287 4713.531729 4714.246448 4702.411503 4695.126783 4679.225396 4663.719015 4647.928470 4633.321521 4627.540892 4620.441284 4616.455790 4629.225476 4637.461621 4629.362371 4619.849685 4609.984942 4606.075799 4602.692506 4605.443401 4616.053011 4634.776395 4653.150862 4662.314423 4655.319166 4655.665679 4656.783967 4655.263476 4662.095776 4671.844263 4689.477029 4712.868976 4733.343540 4743.745488 4750.553224 4759.680684 4774.403113 4788.888720 4803.703752 4822.398846
4819.372535 4809.851204 4799.716130 4789.714655 4778.968303 4768.167274 4761.304701 4764.305249 4758.263440 4752.670363 4726.838695 4667.896697 4645.259932 4625.583453 4608.654011 4601.260993 4592.161850 4572.640384 4563.950351 4560.097662 4565.575547 4552.010753 4534.323337 4515.905226 4511.043057 4507.687457 4487.021040 4478.794805 4478.327689 4499.343170 4493.778910 4494.292076 4497.804941 4495.508982 4496.123753 4508.651450 4514.879652 4518.673355 4525.860271 4533.315467 4545.632557 4554.781717 4567.792988 4585.849371 4596.124155 4610.951189 4631.257135 4658.105768 4674.778479 4684.553606 4694.992227 4710.430928 4726.704863 4744.870167 4767.619310
4784.079801 4766.353929 4751.205238 4736.526676 4723.533131 4710.337592 4693.212405 4695.228938 4693.317546 4682.050547 4621.556215 4580.979709 4546.176833 4529.004313 4504.398070 4489.684391 4470.973625 4427.565827 4408.673720 4410.229403 4428.851022 4427.637706 4412.895160 4401.764767 4391.771468 4381.287559 4361.610626 4338.910298 4345.540923 4366.558663 4369.681480 4375.065872 4384.513364 4384.547936 4376.581676 4370.690641 4381.928053 4386.510368 4398.463147 4418.860687 4424.292535 4443.973797 4481.086115 4493.927909 4509.212098 4527.219382 4547.345735 4569.470629 4593.195007 4607.775907 4623.372247 4641.872205 4658.660845 4678.992687 4701.465766
4731.233170 4698.633970 4676.667275 4658.723968 4638.622443 4608.982574 4588.812650 4586.302909 4580.117515 4546.860879 4491.727907 4457.536175 4436.248358 4414.263205 4391.350171 4365.298413 4323.570569 4287.249382 4264.587609 4284.371270 4297.187765 4313.082388 4302.647720 4292.608106 4283.186254 4263.388337 4245.903596 4227.494254 4239.547772 4248.314297 4271.699445 4280.037888 4284.146258 4291.466929 4289.942315 4276.634739 4267.408926 4275.258954 4285.073577 4297.843028 4322.862670 4361.130633 4386.257327 4405.128709 4425.717428 4443.939419 4464.834304 4487.491244 4510.785947 4528.125579 4546.363634 4564.540385 4585.325034 4603.757926 4625.817843
4646.051306 4617.564196 4591.240737 4567.693010 4533.719349 4484.073084 4469.523196 4460.113576 4434.280175 4381.974966 4340.214271 4324.658324 4315.697580 4292.868487 4272.830261 4242.824755 4207.664228 4187.863913 4167.121517 4179.101910 4190.938122 4214.785775 4207.419874 4202.455679 4200.849022 4185.337925 4172.351085 4155.109176 4160.961126 4174.150266 4200.353139 4207.223553 4211.746870 4222.246745 4221.681249 4216.138260 4194.977623 4200.943568 4211.946440 4227.131007 4259.797549 4281.694174 4303.632040 4325.647093 4344.670796 4365.803182 4387.350358 4409.830638 4436.470129 4455.953086 4474.763766 4496.081422 4514.576273 4527.149785 4541.319849
4533.886327 4510.612657 4492.211905 4467.979781 4422.302285 4377.917462 4333.972066 4302.647880 4244.319695 4208.690387 4194.040237 4199.631347 4190.198869 4172.185812 4154.829394 4136.830040 4117.112454 4100.407604 4075.361980 4081.915180 4099.603356 4118.374634 4122.979458 4126.144567 4125.681602 4117.445931 4104.255025 4090.714928 4094.600659 4112.638610 4131.234222 4142.511900 4150.769522 4158.626839 4158.139515 4147.314557 4136.402400 4140.582314 4156.267421 4172.125406 4187.949441 4207.462058 4227.349038 4247.233220 4269.169484 4290.961942 4312.990226 4337.003685 4363.270168 4384.522204 4407.662720 4431.442972 4446.302564 4453.138609 4457.927457
4429.232098 4411.620908 4389.162867 4361.277294 4318.713031 4279.953827 4239.768943 4189.110770 4156.344856 4129.310687 4127.546709 4114.616967 4104.407669 4092.691638 4073.860869 4059.885933 4047.891050 4027.900430 4021.948806 4030.728969 4044.900484 4052.230080 4061.227730 4059.975163 4058.393227 4053.943399 4040.183704 4038.707533 4049.497066 4064.669294 4077.882890 4090.061997 4097.006183 4101.616740 4098.271602 4088.469336 4086.508876 4094.440792 4109.533436 4121.944895 4134.968536 4154.369775 4172.848038 4193.245005 4214.461620 4235.084401 4258.174092 4282.004030 4306.938905 4333.573318 4354.514238 4370.762212 4377.464112 4385.003922 4380.480122
4303.795865 4295.160225 4269.799791 4241.699061 4214.537128 4184.433722 4163.560947 4133.962586 4105.675633 4078.635492 4054.038418 4045.234421 4042.114341 4031.727522 4017.273468 4008.469429 3994.805737 3989.089127 3998.757196 3999.933462 4007.147095 4004.407408 4006.007435 4004.303822 4004.350422 4003.447998 3999.608286 4013.778414 4019.911866 4032.723704 4042.350969 4052.114655 4057.564123 4060.698730 4062.169511 4058.672523 4065.238760 4070.380791 4083.056480 4093.185981 4105.082362 4123.499743 4138.844821 4156.026539 4176.639348 4197.963288 4219.993524 4244.003039 4270.504503 4293.388096 4308.694453 4312.692014 4319.572364 4317.575668 4302.610375
