tests/3D/Borden05m/output-maps-SE27XX/thetaliqL0008N0001.asc
ncols         160
nrows         34
xllcorner     620200.000000
yllcorner     5168000.000000
cellsize      0.500000
NODATA_value  -9999.0
[rows 0 to 27 of 34, columns 0 to 62 of 160]
-9999.0 -9999.0 -9999.0 -9999.0 -9999.0 -9999.0 -9999.0 -9999.0 -9999.0 -9999.0 -9999.0 -9999.0 -9999.0 -9999.0 -9999.0 -9999.0 -9999.0 -9999.0 -9999.0 -9999.0 -9999.0 -9999.0 -9999.0 -9999.0 -9999.0 -9999.0 -9999.0 -9999.0 -9999.0 -9999.0 -9999.0 -9999.0 -9999.0 -9999.0 -9999.0 -9999.0 -9999.0 -9999.0 -9999.0 -9999.0 -9999.0 -9999.0 -9999.0 -9999.0 -9999.0 -9999.0 -9999.0 -9999.0 -9999.0 -9999.0 -9999.0 -9999.0 -9999.0 -9999.0 -9999.0 -9999.0 -9999.0 -9999.0 -9999.0 -9999.0 -9999.0 -9999.0 -9999.0
-9999.0 -9999.0 -9999.0 -9999.0 -9999.0 -9999.0 -9999.0 -9999.0 -9999.0 -9999.0 -9999.0 -9999.0 -9999.0 -9999.0 -9999.0 -9999.0 -9999.0 -9999.0 -9999.0 -9999.0 -9999.0 -9999.0 -9999.0 -9999.0 -9999.0 -9999.0 -9999.0 -9999.0 -9999.0 -9999.0 -9999.0 -9999.0 -9999.0 -9999.0 -9999.0 -9999.0 -9999.0 -9999.0 -9999.0 -9999.0 -9999.0 -9999.0 -9999.0 -9999.0 -9999.0 -9999.0 -9999.0 -9999.0 -9999.0 -9999.0 -9999.0 -9999.0 -9999.0 -9999.0 -9999.0 -9999.0 -9999.0 -9999.0 -9999.0 0.369322 0.369197 0.369056 0.368904
-9999.0 -9999.0 -9999.0 -9999.0 -9999.0 -9999.0 -9999.0 -9999.0 -9999.0 -9999.0 -9999.0 -9999.0 -9999.0 -9999.0 -9999.0 -9999.0 -9999.0 -9999.0 -9999.0 -9999.0 -9999.0 -9999.0 -9999.0 -9999.0 -9999.0 -9999.0 -9999.0 -9999.0 -9999.0 -9999.0 -9999.0 -9999.0 -9999.0 -9999.0 -9999.0 -9999.0 -9999.0 -9999.0 -9999.0 -9999.0 -9999.0 -9999.0 -9999.0 -9999.0 -9999.0 -9999.0 -9999.0 0.357291 0.352827 0.347481 0.346835 0.353858 0.359199 0.363075 0.365439 0.366976 0.368080 0.368851 0.368949 0.368584 0.368387 0.368233 0.368119
-9999.0 -9999.0 -9999.0 -9999.0 -9999.0 -9999.0 -9999.0 -9999.0 -9999.0 -9999.0 -9999.0 -9999.0 -9999.0 -9999.0 -9999.0 -9999.0 -9999.0 -9999.0 -9999.0 -9999.0 -9999.0 -9999.0 -9999.0 -9999.0 -9999.0 -9999.0 -9999.0 -9999.0 -9999.0 -9999.0 -9999.0 -9999.0 -9999.0 -9999.0 -9999.0 -9999.0 -9999.0 -9999.0 -9999.0 -9999.0 0.364976 0.365561 0.365703 0.364542 0.363082 0.361257 0.357363 0.352824 0.347883 0.346789 0.347582 0.349404 0.355842 0.360778 0.363641 0.365551 0.367089 0.368204 0.368322 0.367774 0.367247 0.366932 0.366916
-9999.0 -9999.0 -9999.0 -9999.0 -9999.0 -9999.0 -9999.0 -9999.0 -9999.0 -9999.0 -9999.0 -9999.0 -9999.0 -9999.0 -9999.0 -9999.0 -9999.0 -9999.0 -9999.0 -9999.0 -9999.0 -9999.0 -9999.0 -9999.0 -9999.0 -9999.0 -9999.0 -9999.0 -9999.0 -9999.0 -9999.0 -9999.0 -9999.0 -9999.0 0.344403 0.350426 0.355413 0.359383 0.362192 0.363103 0.363858 0.364534 0.364025 0.363363 0.361648 0.358151 0.353266 0.348837 0.347830 0.346789 0.348177 0.352181 0.356423 0.359795 0.363106 0.365698 0.366447 0.367290 0.367458 0.367104 0.367144 0.367219 0.367295
-9999.0 -9999.0 -9999.0 -9999.0 -9999.0 -9999.0 -9999.0 -9999.0 -9999.0 -9999.0 -9999.0 -9999.0 -9999.0 -9999.0 -9999.0 -9999.0 -9999.0 -9999.0 -9999.0 -9999.0 -9999.0 -9999.0 -9999.0 -9999.0 -9999.0 -9999.0 -9999.0 -9999.0 0.346498 0.344232 0.342069 0.341306 0.340607 0.339933 0.342689 0.347201 0.352874 0.358068 0.360478 0.361618 0.362561 0.362624 0.361835 0.361409 0.361369 0.359180 0.356591 0.353742 0.350569 0.350063 0.352777 0.356220 0.359515 0.361954 0.363980 0.365372 0.366663 0.367980 0.368353 0.368047 0.367717 0.367483 0.367494
-9999.0 -9999.0 -9999.0 -9999.0 -9999.0 -9999.0 -9999.0 -9999.0 -9999.0 -9999.0 -9999.0 -9999.0 -9999.0 -9999.0 -9999.0 -9999.0 -9999.0 -9999.0 -9999.0 -9999.0 -9999.0 -9999.0 -9999.0 0.334714 0.337464 0.340171 0.343034 0.343244 0.341378 0.338812 0.337206 0.336284 0.335355 0.337158 0.340653 0.345847 0.351008 0.356651 0.358423 0.359655 0.361751 0.362005 0.362622 0.363110 0.362769 0.362301 0.360232 0.358412 0.359479 0.360520 0.361480 0.362506 0.364132 0.365720 0.367088 0.368213 0.368982 0.369417 0.369653 0.369568 0.369420 0.369172 0.369170
-9999.0 -9999.0 -9999.0 -9999.0 -9999.0 -9999.0 -9999.0 -9999.0 -9999.0 -9999.0 -9999.0 -9999.0 -9999.0 -9999.0 -9999.0 -9999.0 -9999.0 -9999.0 -9999.0 0.321973 0.322322 0.322714 0.325106 0.325513 0.326582 0.330107 0.333971 0.334747 0.333802 0.332749 0.333266 0.334301 0.335999 0.340836 0.346017 0.350571 0.354446 0.359085 0.361617 0.363560 0.365348 0.365121 0.364544 0.364194 0.364153 0.364141 0.364784 0.365115 0.365603 0.366074 0.366586 0.367159 0.367751 0.368566 0.369164 0.369538 0.369751 0.369872 0.369940 0.369927 0.369880 0.369801 0.369798
-9999.0 -9999.0 -9999.0 -9999.0 -9999.0 -9999.0 -9999.0 -9999.0 -9999.0 -9999.0 -9999.0 -9999.0 -9999.0 -9999.0 -9999.0 -9999.0 0.304422 0.305534 0.306732 0.310062 0.311415 0.313691 0.317684 0.318055 0.320110 0.323933 0.326436 0.330631 0.334222 0.337373 0.339714 0.340584 0.343465 0.346812 0.350535 0.354788 0.359540 0.363121 0.364997 0.366464 0.367567 0.367527 0.367396 0.367407 0.367404 0.367826 0.368617 0.368802 0.368884 0.369341 0.369568 0.369625 0.369695 0.369834 0.369934 0.369981 0.369997 0.370000 0.370000 0.370000 0.370000 0.370000 0.370000
-9999.0 -9999.0 -9999.0 -9999.0 -9999.0 -9999.0 -9999.0 -9999.0 -9999.0 -9999.0 -9999.0 -9999.0 -9999.0 0.271942 0.275058 0.281912 0.287762 0.289123 0.291684 0.295484 0.303734 0.305784 0.309590 0.314161 0.320712 0.325212 0.329831 0.335322 0.338860 0.341609 0.344145 0.346357 0.350704 0.354844 0.358370 0.361907 0.364660 0.366561 0.367870 0.368509 0.368959 0.369031 0.368945 0.368963 0.369159 0.369507 0.369732 0.369823 0.369924 0.369974 0.369987 0.369994 0.369997 0.369999 0.370000 0.370000 0.370000 0.370000 0.370000 0.370000 0.370000 0.370000 0.370000
-9999.0 -9999.0 -9999.0 -9999.0 -9999.0 -9999.0 -9999.0 -9999.0 -9999.0 -9999.0 0.243764 0.245758 0.242750 0.243249 0.246671 0.255938 0.266141 0.271311 0.279658 0.294648 0.306183 0.308106 0.317184 0.322653 0.325930 0.331205 0.337150 0.342389 0.348489 0.352193 0.355400 0.359761 0.362376 0.364406 0.366081 0.367447 0.368452 0.369318 0.369708 0.369816 0.369928 0.369961 0.369951 0.369949 0.369963 0.369984 0.369996 0.370000 0.370000 0.370000 0.370000 0.370000 0.370000 0.370000 0.370000 0.370000 0.370000 0.370000 0.370000 0.370000 0.370000 0.370000 0.370000
-9999.0 -9999.0 -9999.0 -9999.0 -9999.0 -9999.0 -9999.0 -9999.0 0.224838 0.230044 0.234914 0.232242 0.228182 0.225399 0.235353 0.247730 0.260190 0.273243 0.285105 0.297722 0.308020 0.318104 0.328534 0.334082 0.339130 0.344906 0.349377 0.354386 0.359073 0.361559 0.364114 0.366231 0.367541 0.368384 0.368981 0.369379 0.369748 0.369932 0.369986 0.369997 0.370000 0.370000 0.370000 0.370000 0.370000 0.370000 0.370000 0.370000 0.370000 0.370000 0.370000 0.370000 0.370000 0.370000 0.370000 0.370000 0.370000 0.370000 0.370000 0.370000 0.370000 0.370000 0.370000
-9999.0 -9999.0 -9999.0 -9999.0 -9999.0 -9999.0 0.205531 0.223811 0.235283 0.228812 0.222307 0.219486 0.216560 0.230934 0.247629 0.260718 0.273466 0.286260 0.297638 0.307370 0.328063 0.335644 0.341753 0.348735 0.352699 0.356080 0.359588 0.363257 0.365762 0.367993 0.369076 0.369579 0.369826 0.369917 0.369962 0.369985 0.369998 0.370000 0.370000 0.370000 0.370000 0.370000 0.370000 0.370000 0.370000 0.370000 0.370000 0.370000 0.370000 0.370000 0.370000 0.370000 0.370000 0.370000 0.370000 0.370000 0.370000 0.370000 0.370000 0.370000 0.370000 0.370000 0.370000
-9999.0 -9999.0 -9999.0 -9999.0 0.182402 0.196635 0.211647 0.235618 0.253613 0.248847 0.254497 0.254629 0.253254 0.254683 0.258670 0.272375 0.285390 0.297798 0.310023 0.331496 0.348341 0.353096 0.359196 0.364083 0.365477 0.366659 0.367609 0.368636 0.369399 0.369809 0.369974 0.369998 0.370000 0.370000 0.370000 0.370000 0.370000 0.370000 0.370000 0.370000 0.370000 0.370000 0.370000 0.370000 0.370000 0.370000 0.370000 0.370000 0.370000 0.370000 0.370000 0.370000 0.370000 0.370000 0.370000 0.370000 0.370000 0.370000 0.370000 0.370000 0.370000 0.370000 0.370000
-9999.0 -9999.0 -9999.0 0.154948 0.177152 0.202129 0.222849 0.247358 0.272365 0.277132 0.283048 0.287632 0.292232 0.298204 0.304750 0.314739 0.322429 0.328625 0.338140 0.351257 0.359735 0.364635 0.367323 0.368735 0.369322 0.369568 0.369743 0.369893 0.369983 0.369999 0.370000 0.370000 0.370000 0.370000 0.370000 0.370000 0.370000 0.370000 0.370000 0.370000 0.370000 0.370000 0.370000 0.370000 0.370000 0.370000 0.370000 0.370000 0.370000 0.370000 0.370000 0.370000 0.370000 0.370000 0.370000 0.370000 0.370000 0.370000 0.370000 0.370000 0.370000 0.370000 0.370000
-9999.0 -9999.0 0.133620 0.150097 0.169480 0.204207 0.245017 0.271501 0.301708 0.317831 0.321676 0.331448 0.339040 0.342208 0.348160 0.353200 0.356250 0.356690 0.359041 0.364409 0.368362 0.369595 0.369867 0.369991 0.369999 0.370000 0.370000 0.370000 0.370000 0.370000 0.370000 0.370000 0.370000 0.370000 0.370000 0.370000 0.370000 0.370000 0.370000 0.370000 0.370000 0.370000 0.370000 0.370000 0.370000 0.370000 0.370000 0.370000 0.370000 0.370000 0.370000 0.370000 0.370000 0.370000 0.370000 0.370000 0.370000 0.370000 0.370000 0.370000 0.370000 0.370000 0.370000
-9999.0 -9999.0 0.124406 0.141745 0.163722 0.210955 0.270532 0.298696 0.325581 0.345457 0.351487 0.357315 0.360876 0.363455 0.365921 0.367597 0.367779 0.367867 0.367743 0.369487 0.369940 0.369999 0.370000 0.370000 0.370000 0.370000 0.370000 0.370000 0.370000 0.370000 0.370000 0.370000 0.370000 0.370000 0.370000 0.370000 0.370000 0.370000 0.370000 0.370000 0.370000 0.370000 0.370000 0.370000 0.370000 0.370000 0.370000 0.370000 0.370000 0.370000 0.370000 0.370000 0.370000 0.370000 0.370000 0.370000 0.370000 0.370000 0.370000 0.370000 0.370000 0.370000 0.370000
-9999.0 0.101553 0.113786 0.131838 0.166178 0.213529 0.282332 0.333860 0.352426 0.361462 0.365034 0.366662 0.369132 0.369817 0.369933 0.369983 0.369980 0.369977 0.369961 0.369997 0.370000 0.370000 0.370000 0.370000 0.370000 0.370000 0.370000 0.370000 0.370000 0.370000 0.370000 0.370000 0.370000 0.370000 0.370000 0.370000 0.370000 0.370000 0.370000 0.370000 0.370000 0.370000 0.370000 0.370000 0.370000 0.370000 0.370000 0.370000 0.370000 0.370000 0.370000 0.370000 0.370000 0.370000 0.370000 0.370000 0.370000 0.370000 0.370000 0.370000 0.370000 0.370000 0.370000
-9999.0 0.095511 0.107360 0.129324 0.163237 0.216523 0.304896 0.359292 0.365612 0.367922 0.368988 0.369742 0.369996 0.370000 0.370000 0.370000 0.370000 0.370000 0.370000 0.370000 0.370000 0.370000 0.370000 0.370000 0.370000 0.370000 0.370000 0.370000 0.370000 0.370000 0.370000 0.370000 0.370000 0.370000 0.370000 0.370000 0.370000 0.370000 0.370000 0.370000 0.370000 0.370000 0.370000 0.370000 0.370000 0.370000 0.370000 0.370000 0.370000 0.370000 0.370000 0.370000 0.370000 0.370000 0.370000 0.370000 0.370000 0.370000 0.370000 0.370000 0.370000 0.370000 0.370000
-9999.0 0.092052 0.104014 0.121745 0.153166 0.239915 0.327473 0.364834 0.369427 0.369820 0.369973 0.370000 0.370000 0.370000 0.370000 0.370000 0.370000 0.370000 0.370000 0.370000 0.370000 0.370000 0.370000 0.370000 0.370000 0.370000 0.370000 0.370000 0.370000 0.370000 0.370000 0.370000 0.370000 0.370000 0.370000 0.370000 0.370000 0.370000 0.370000 0.370000 0.370000 0.370000 0.370000 0.370000 0.370000 0.370000 0.370000 0.370000 0.370000 0.370000 0.370000 0.370000 0.370000 0.370000 0.370000 0.370000 0.370000 0.370000 0.370000 0.370000 0.370000 0.370000 0.370000
-9999.0 0.082931 0.091809 0.102450 0.147800 0.261219 0.340589 0.368509 0.369991 0.370000 0.370000 0.370000 0.370000 0.370000 0.370000 0.370000 0.370000 0.370000 0.370000 0.370000 0.370000 0.370000 0.370000 0.370000 0.370000 0.370000 0.370000 0.370000 0.370000 0.370000 0.370000 0.370000 0.370000 0.370000 0.370000 0.370000 0.370000 0.370000 0.370000 0.370000 0.370000 0.370000 0.370000 0.370000 0.370000 0.370000 0.370000 0.370000 0.370000 0.370000 0.370000 0.370000 0.370000 0.370000 0.370000 0.370000 0.370000 0.370000 0.370000 0.370000 0.370000 0.370000 0.370000
-9999.0 0.077675 0.082812 0.095090 0.136532 0.240374 0.340481 0.369063 0.370000 0.370000 0.370000 0.370000 0.370000 0.370000 0.370000 0.370000 0.370000 0.370000 0.370000 0.370000 0.370000 0.370000 0.370000 0.370000 0.370000 0.370000 0.370000 0.370000 0.370000 0.370000 0.370000 0.370000 0.370000 0.370000 0.370000 0.370000 0.370000 0.370000 0.370000 0.370000 0.370000 0.370000 0.370000 0.370000 0.370000 0.370000 0.370000 0.370000 0.370000 0.370000 0.370000 0.370000 0.370000 0.370000 0.370000 0.370000 0.370000 0.370000 0.370000 0.370000 0.370000 0.370000 0.370000
-9999.0 0.074209 0.079284 0.088039 0.113084 0.173963 0.278293 0.360119 0.369837 0.370000 0.370000 0.370000 0.370000 0.370000 0.370000 0.370000 0.370000 0.370000 0.370000 0.370000 0.370000 0.370000 0.370000 0.370000 0.370000 0.370000 0.370000 0.370000 0.370000 0.370000 0.370000 0.370000 0.370000 0.370000 0.370000 0.370000 0.370000 0.370000 0.370000 0.370000 0.370000 0.370000 0.370000 0.370000 0.370000 0.370000 0.370000 0.370000 0.370000 0.370000 0.370000 0.370000 0.370000 0.370000 0.370000 0.370000 0.370000 0.370000 0.370000 0.370000 0.370000 0.370000 0.370000
-9999.0 -9999.0 0.075860 0.082318 0.095743 0.128516 0.199298 0.317481 0.365618 0.369994 0.370000 0.370000 0.370000 0.370000 0.370000 0.370000 0.370000 0.370000 0.370000 0.370000 0.370000 0.370000 0.370000 0.370000 0.370000 0.370000 0.370000 0.370000 0.370000 0.370000 0.370000 0.370000 0.370000 0.370000 0.370000 0.370000 0.370000 0.370000 0.370000 0.370000 0.370000 0.370000 0.370000 0.370000 0.370000 0.370000 0.370000 0.370000 0.370000 0.370000 0.370000 0.370000 0.370000 0.370000 0.370000 0.370000 0.370000 0.370000 0.370000 0.370000 0.370000 0.370000 0.369994
-9999.0 -9999.0 0.073153 0.077214 0.085865 0.105266 0.140671 0.206828 0.324842 0.363249 0.369375 0.369979 0.370000 0.370000 0.370000 0.370000 0.370000 0.370000 0.370000 0.370000 0.370000 0.370000 0.370000 0.370000 0.370000 0.370000 0.370000 0.370000 0.370000 0.370000 0.370000 0.370000 0.370000 0.370000 0.370000 0.370000 0.370000 0.370000 0.370000 0.370000 0.370000 0.370000 0.370000 0.370000 0.370000 0.370000 0.370000 0.370000 0.370000 0.370000 0.370000 0.370000 0.370000 0.370000 0.370000 0.370000 0.370000 0.370000 0.370000 0.369996 0.369962 0.369857 0.369572
-9999.0 -9999.0 -9999.0 0.074283 0.078573 0.085120 0.097941 0.116026 0.156925 0.235361 0.311706 0.354285 0.365065 0.368482 0.369650 0.369949 0.369992 0.369998 0.369999 0.370000 0.370000 0.370000 0.370000 0.370000 0.370000 0.370000 0.370000 0.370000 0.370000 0.370000 0.370000 0.370000 0.370000 0.370000 0.370000 0.370000 0.370000 0.370000 0.370000 0.370000 0.370000 0.370000 0.370000 0.370000 0.370000 0.370000 0.370000 0.370000 0.369999 0.369999 0.369998 0.369997 0.369996 0.369995 0.369993 0.369989 0.369980 0.369929 0.369808 0.369533 0.368833 0.367402 0.364947
-9999.0 -9999.0 -9999.0 -9999.0 -9999.0 0.075687 0.081083 0.089737 0.102124 0.120693 0.155986 0.220900 0.259521 0.296998 0.329581 0.347689 0.357805 0.364080 0.367944 0.369321 0.369851 0.369965 0.369995 0.370000 0.370000 0.370000 0.370000 0.370000 0.370000 0.370000 0.369997 0.369990 0.369987 0.369987 0.369987 0.369986 0.369981 0.369975 0.369965 0.369936 0.369897 0.369874 0.369852 0.369828 0.369798 0.369771 0.369742 0.369713 0.369620 0.369534 0.369548 0.369513 0.369474 0.369436 0.369318 0.369162 0.368939 0.367991 0.366686 0.365400 0.361351 0.355809 0.350416
-9999.0 -9999.0 -9999.0 -9999.0 -9999.0 -9999.0 0.074074 0.077785 0.082672 0.090437 0.104359 0.123920 0.135817 0.157912 0.188641 0.228716 0.274011 0.305576 0.329912 0.347479 0.358871 0.364363 0.367430 0.368968 0.369325 0.369520 0.369671 0.369571 0.369433 0.369266 0.368738 0.368624 0.368395 0.368394 0.368375 0.368363 0.368128 0.367848 0.367561 0.366925 0.366570 0.366104 0.365739 0.365363 0.364939 0.364553 0.364258 0.363968 0.363271 0.363470 0.363542 0.363342 0.363060 0.362734 0.361814 0.360418 0.358888 0.355361 0.351638 0.347160 0.337476 0.328412 0.317334
