tests/3D/example/output-maps-METEOIO-ON/SWEDENSITYN0013.asc
ncols         174
nrows         141
xllcorner     744500.000000
yllcorner     5140950.000000
cellsize      250.000000
NODATA_value  -9999.0
[rows 60 to 89 of 141, columns 0 to 66 of 174]
-9999.000 -9999.000 -9999.000 -9999.000 -9999.000 209.963 209.963 202.076 194.267 199.856 207.831 209.247 205.977 195.721 180.546 172.250 163.659 170.156 189.345 204.533 184.896 193.311 189.165 192.212 209.415 209.963 209.963 0.000 209.963 209.963 209.963 0.000 0.000 0.000 197.863 193.734 185.087 176.316 172.563 176.973 155.172 146.544 137.407 127.396 122.130 120.110 120.098 127.512 131.098 135.904 143.348 153.817 171.975 188.097 207.462 192.015 158.911 150.519 135.522 123.019 119.945 125.847 136.842 139.495 144.305 146.766 136.974
-9999.000 -9999.000 -9999.000 -9999.000 -9999.000 209.963 199.709 196.467 186.140 188.785 191.467 192.807 187.816 183.312 173.390 167.543 159.547 162.394 170.707 179.083 173.346 178.052 178.843 190.368 208.278 209.963 209.963 209.963 209.963 209.963 209.963 209.963 204.681 196.506 184.616 179.554 171.086 162.689 163.459 157.394 145.036 140.450 133.109 121.196 120.419 120.414 122.501 137.018 148.760 147.902 145.222 153.603 173.350 182.493 186.396 183.967 151.520 142.117 125.239 120.344 123.525 132.197 145.544 151.364 154.934 154.066 143.536
-9999.000 -9999.000 -9999.000 -9999.000 -9999.000 208.119 195.257 190.527 186.383 181.727 183.269 190.902 186.501 181.502 168.695 163.962 157.608 158.654 161.488 168.576 166.073 170.736 172.988 185.372 201.590 202.752 208.021 207.948 200.365 200.447 202.183 202.349 188.182 179.058 178.999 171.289 165.495 162.217 148.950 149.512 142.680 142.433 126.143 120.715 120.718 120.717 127.676 140.700 155.363 156.856 153.281 154.380 173.250 174.473 182.818 172.252 150.337 137.163 122.876 120.690 125.786 132.014 149.875 157.484 161.501 160.762 156.122
-9999.000 -9999.000 -9999.000 -9999.000 209.963 209.963 204.191 187.384 180.462 179.555 171.298 171.585 180.890 188.426 178.700 166.916 155.984 153.250 155.014 157.923 163.167 166.850 168.952 177.926 187.401 193.985 193.931 192.865 186.314 187.948 185.229 183.192 174.236 159.144 166.375 162.589 153.528 145.051 134.863 135.181 136.002 126.439 121.005 121.011 121.267 121.980 129.804 139.643 153.558 158.740 168.291 171.521 168.537 161.592 168.840 154.535 139.396 128.969 121.844 125.220 129.039 132.180 137.652 144.014 163.964 167.091 159.246
-9999.000 -9999.000 -9999.000 -9999.000 -9999.000 0.000 209.963 197.875 189.085 179.448 171.793 166.895 163.346 162.557 175.632 161.570 157.304 152.132 152.103 153.937 158.869 163.536 163.837 171.754 177.378 180.528 182.891 182.456 178.200 178.271 173.764 170.029 162.925 153.553 154.724 151.594 143.108 135.764 131.432 129.803 124.766 121.975 121.300 121.481 122.923 123.393 127.141 133.676 149.314 160.067 173.130 177.202 163.507 148.682 154.946 147.150 132.917 126.474 123.138 125.291 131.938 140.023 148.042 150.586 158.799 162.385 149.559
-9999.000 -9999.000 -9999.000 -9999.000 -9999.000 -9999.000 209.963 203.811 209.963 209.963 209.963 207.507 185.368 176.755 155.897 153.161 150.488 149.562 148.252 148.930 153.456 158.260 157.547 161.635 163.182 168.986 168.901 172.449 165.129 164.513 156.706 157.762 155.990 148.239 138.818 135.693 129.621 128.020 126.307 124.757 124.169 121.580 123.843 124.700 135.824 132.636 138.885 131.519 137.373 145.829 156.380 161.238 154.539 147.498 136.540 132.586 127.152 127.015 128.338 137.026 146.635 154.942 169.631 174.111 178.897 163.909 146.572
-9999.000 -9999.000 -9999.000 -9999.000 -9999.000 209.963 209.963 209.963 209.963 209.963 202.293 202.379 209.963 194.836 161.816 153.549 149.564 149.262 147.541 147.146 151.506 153.228 153.772 154.903 159.782 166.907 162.678 160.751 157.248 157.748 152.237 151.811 148.363 145.894 134.034 132.375 128.625 126.759 124.616 123.900 122.251 125.149 127.935 134.046 150.460 140.883 149.296 140.529 139.893 143.108 147.271 147.430 147.252 144.185 134.683 130.991 129.425 128.686 129.328 133.153 143.690 152.084 175.502 186.286 193.508 182.505 155.438
-9999.000 -9999.000 -9999.000 -9999.000 -9999.000 0.000 0.000 0.000 0.000 0.000 209.963 192.601 180.297 178.419 157.941 149.877 148.036 147.491 145.964 142.773 145.882 146.907 147.379 148.672 152.863 157.042 148.999 148.781 149.955 146.630 141.623 138.463 135.887 131.759 128.689 128.676 126.776 125.840 125.494 124.848 127.214 134.755 141.409 158.477 171.117 157.194 171.374 158.336 149.681 148.289 151.167 148.056 144.996 140.646 133.976 132.797 133.089 134.898 137.196 135.887 136.296 143.722 159.228 157.095 171.955 178.617 171.358
-9999.000 -9999.000 -9999.000 -9999.000 -9999.000 -9999.000 0.000 0.000 0.000 0.000 209.963 195.854 178.737 167.506 151.930 148.113 146.586 145.526 142.237 141.469 142.011 143.872 143.554 143.684 141.866 143.034 140.153 141.525 143.256 141.822 138.885 135.546 129.732 128.308 127.884 127.423 126.812 127.631 126.009 125.549 135.824 153.278 152.307 175.006 178.665 192.446 191.362 172.592 160.245 158.168 164.086 161.742 153.122 145.025 136.567 135.419 136.931 139.585 145.078 142.174 141.462 140.696 147.868 153.820 159.417 171.928 198.544
-9999.000 -9999.000 -9999.000 -9999.000 -9999.000 -9999.000 0.000 0.000 0.000 0.000 0.000 209.963 183.725 167.468 148.571 146.992 146.378 149.331 148.872 145.656 139.489 139.004 139.399 138.279 136.408 134.515 133.366 133.133 131.785 132.659 129.443 129.078 128.831 128.341 128.041 128.094 127.765 127.561 129.823 131.718 161.637 189.389 177.616 209.963 0.000 0.000 209.963 205.430 184.163 208.309 209.963 193.861 166.712 156.310 139.320 138.054 147.715 150.184 156.839 149.249 146.947 146.818 149.056 151.183 156.780 164.734 183.259
-9999.000 -9999.000 -9999.000 -9999.000 -9999.000 -9999.000 -9999.000 0.000 0.000 0.000 0.000 0.000 195.441 166.295 149.036 148.127 152.731 159.094 157.100 151.431 144.448 138.368 136.977 136.682 134.669 133.110 132.514 131.729 131.026 130.479 129.639 129.302 128.756 128.733 128.725 131.051 132.107 132.712 135.057 139.399 168.678 188.433 209.963 0.000 0.000 0.000 0.000 0.000 209.963 0.000 0.000 209.963 185.691 164.135 142.259 142.005 161.860 166.622 170.635 157.252 153.212 152.758 156.648 158.166 156.832 163.119 176.254
-9999.000 -9999.000 -9999.000 -9999.000 -9999.000 -9999.000 -9999.000 0.000 0.000 0.000 0.000 0.000 209.963 165.204 151.984 150.372 200.671 197.454 180.991 166.075 151.458 146.025 136.889 135.831 133.807 133.392 132.513 131.932 131.089 130.767 129.922 129.937 131.014 132.182 141.824 148.600 149.214 140.007 139.277 144.963 170.381 195.019 0.000 0.000 0.000 0.000 0.000 0.000 0.000 0.000 0.000 0.000 193.092 174.922 146.036 147.815 173.423 202.486 202.894 176.735 175.985 177.848 191.043 182.220 171.205 164.886 184.223
-9999.000 -9999.000 -9999.000 -9999.000 -9999.000 -9999.000 -9999.000 -9999.000 0.000 0.000 0.000 0.000 197.524 165.897 156.884 163.182 209.963 209.963 209.963 195.396 160.919 151.112 139.311 137.011 134.865 134.138 133.352 132.377 131.575 131.129 131.317 131.534 142.633 138.775 154.918 169.139 162.115 147.318 144.462 162.521 177.444 209.963 0.000 0.000 0.000 0.000 0.000 0.000 0.000 0.000 0.000 209.963 207.170 169.824 150.791 152.989 184.186 209.963 209.963 192.608 198.901 193.205 209.963 209.963 180.781 178.014 183.268
-9999.000 -9999.000 -9999.000 -9999.000 -9999.000 -9999.000 -9999.000 -9999.000 0.000 0.000 0.000 0.000 209.963 182.533 176.577 209.963 0.000 0.000 0.000 209.963 171.239 149.669 137.671 134.941 134.236 133.799 132.955 132.732 132.761 134.710 146.090 154.809 170.699 164.762 159.046 173.369 187.534 172.049 181.706 190.038 209.963 209.963 0.000 0.000 0.000 0.000 0.000 0.000 0.000 0.000 0.000 0.000 182.989 159.223 159.749 164.623 208.039 0.000 209.963 209.963 209.963 209.963 0.000 0.000 203.981 192.000 190.446
-9999.000 -9999.000 -9999.000 -9999.000 -9999.000 -9999.000 -9999.000 0.000 0.000 0.000 0.000 0.000 209.963 178.961 201.525 0.000 0.000 0.000 209.963 198.730 166.953 145.721 136.227 135.499 134.438 134.234 134.716 136.817 139.660 149.594 160.618 167.847 190.166 187.225 187.193 193.021 209.963 198.332 204.577 209.963 209.963 0.000 0.000 0.000 0.000 0.000 0.000 0.000 0.000 0.000 0.000 207.709 171.670 165.053 168.007 172.463 209.963 0.000 0.000 209.963 209.963 0.000 0.000 0.000 209.963 206.439 195.239
-9999.000 -9999.000 -9999.000 -9999.000 -9999.000 -9999.000 0.000 0.000 0.000 0.000 0.000 0.000 209.963 209.963 209.963 0.000 0.000 0.000 0.000 0.000 208.414 153.022 136.295 136.393 140.645 145.226 158.794 150.478 158.587 166.554 180.444 209.963 209.963 209.963 0.000 209.963 0.000 209.963 209.963 0.000 0.000 0.000 0.000 0.000 0.000 0.000 0.000 0.000 0.000 0.000 0.000 0.000 181.645 181.168 181.222 196.194 209.963 0.000 0.000 0.000 0.000 0.000 0.000 0.000 209.963 209.963 203.872
-9999.000 -9999.000 -9999.000 -9999.000 -9999.000 0.000 0.000 0.000 0.000 0.000 0.000 0.000 0.000 0.000 0.000 0.000 0.000 0.000 0.000 0.000 195.705 145.948 136.693 138.994 149.039 163.590 205.155 176.066 176.014 181.184 198.216 0.000 0.000 0.000 0.000 0.000 0.000 0.000 0.000 0.000 0.000 0.000 0.000 0.000 0.000 0.000 0.000 0.000 0.000 0.000 0.000 0.000 197.682 191.063 192.099 209.963 0.000 0.000 0.000 0.000 0.000 0.000 0.000 0.000 0.000 209.963 209.963
-9999.000 -9999.000 -9999.000 0.000 0.000 0.000 0.000 0.000 0.000 0.000 0.000 0.000 0.000 0.000 0.000 0.000 0.000 0.000 0.000 0.000 155.424 139.327 140.593 146.575 180.315 203.906 0.000 208.466 205.792 209.963 209.963 0.000 0.000 0.000 0.000 0.000 0.000 0.000 0.000 0.000 0.000 0.000 0.000 0.000 0.000 0.000 0.000 0.000 0.000 0.000 0.000 0.000 209.963 208.525 209.963 0.000 0.000 0.000 0.000 0.000 0.000 0.000 0.000 0.000 0.000 209.963 209.963
-9999.000 -9999.000 0.000 0.000 0.000 0.000 0.000 0.000 0.000 0.000 0.000 0.000 0.000 0.000 0.000 0.000 0.000 0.000 0.000 209.963 151.053 140.874 146.150 152.746 208.611 209.963 0.000 209.963 209.963 0.000 0.000 0.000 0.000 0.000 0.000 0.000 0.000 0.000 0.000 0.000 0.000 0.000 0.000 0.000 0.000 0.000 0.000 0.000 0.000 0.000 0.000 0.000 209.963 209.963 209.963 0.000 0.000 0.000 0.000 0.000 0.000 0.000 0.000 0.000 0.000 0.000 0.000
-9999.000 -9999.000 0.000 0.000 0.000 0.000 0.000 0.000 0.000 0.000 0.000 0.000 0.000 0.000 0.000 0.000 0.000 0.000 0.000 209.963 161.621 153.341 160.636 167.744 209.963 0.000 0.000 0.000 0.000 0.000 0.000 0.000 0.000 0.000 0.000 0.000 0.000 0.000 0.000 0.000 0.000 0.000 0.000 0.000 0.000 0.000 0.000 0.000 0.000 0.000 0.000 0.000 0.000 209.963 0.000 0.000 0.000 0.000 0.000 0.000 0.000 0.000 0.000 0.000 0.000 0.000 0.000
-9999.000 -9999.000 -9999.000 0.000 0.000 0.000 0.000 0.000 0.000 0.000 0.000 0.000 0.000 0.000 0.000 0.000 0.000 0.000 0.000 209.963 170.497 168.567 196.356 188.962 0.000 0.000 0.000 0.000 0.000 0.000 0.000 0.000 0.000 0.000 0.000 0.000 0.000 0.000 0.000 0.000 0.000 0.000 0.000 0.000 0.000 0.000 0.000 0.000 0.000 0.000 0.000 0.000 0.000 0.000 0.000 0.000 0.000 0.000 0.000 0.000 0.000 0.000 0.000 0.000 0.000 209.963 0.000
-9999.000 -9999.000 -9999.000 -9999.000 -9999.000 -9999.000 0.000 0.000 0.000 0.000 0.000 0.000 0.000 0.000 0.000 0.000 0.000 0.000 209.963 201.937 179.290 168.933 209.963 209.963 0.000 0.000 0.000 0.000 0.000 0.000 0.000 0.000 0.000 0.000 0.000 0.000 0.000 0.000 0.000 0.000 0.000 0.000 0.000 0.000 0.000 0.000 0.000 0.000 0.000 0.000 0.000 0.000 0.000 0.000 0.000 0.000 0.000 0.000 0.000 0.000 0.000 0.000 0.000 0.000 209.963 209.963 209.963
-9999.000 -9999.000 -9999.000 -9999.000 -9999.000 -9999.000 -9999.000 0.000 0.000 0.000 0.000 0.000 0.000 0.000 0.000 0.000 0.000 0.000 209.963 197.940 179.920 176.703 209.963 0.000 0.000 0.000 0.000 0.000 0.000 0.000 0.000 0.000 0.000 0.000 0.000 0.000 0.000 0.000 0.000 0.000 0.000 0.000 0.000 0.000 0.000 0.000 0.000 0.000 0.000 0.000 0.000 0.000 0.000 0.000 0.000 0.000 0.000 0.000 0.000 0.000 0.000 0.000 209.963 209.963 209.963 209.963 209.963
-9999.000 -9999.000 -9999.000 -9999.000 -9999.000 -9999.000 -9999.000 0.000 0.000 0.000 0.000 0.000 0.000 0.000 0.000 0.000 0.000 0.000 0.000 0.000 209.963 209.963 0.000 0.000 0.000 0.000 0.000 0.000 0.000 0.000 0.000 0.000 0.000 0.000 0.000 0.000 0.000 0.000 0.000 0.000 0.000 0.000 0.000 0.000 0.000 0.000 0.000 0.000 0.000 0.000 0.000 0.000 0.000 0.000 0.000 0.000 0.000 0.000 0.000 0.000 0.000 0.000 209.963 209.963 208.345 209.963 209.963
-9999.000 -9999.000 -9999.000 -9999.000 -9999.000 -9999.000 -9999.000 -9999.000 0.000 0.000 0.000 0.000 0.000 0.000 0.000 0.000 0.000 0.000 0.000 0.000 0.000 0.000 0.000 0.000 0.000 0.000 0.000 0.000 0.000 0.000 0.000 0.000 0.000 0.000 0.000 0.000 0.000 0.000 0.000 0.000 0.000 0.000 0.000 0.000 0.000 0.000 0.000 0.000 0.000 0.000 0.000 0.000 0.000 0.000 0.000 0.000 0.000 0.000 0.000 0.000 0.000 0.000 209.963 207.649 190.742 209.963 209.963
-9999.000 -9999.000 -9999.000 -9999.000 -9999.000 -9999.000 -9999.000 -9999.000 -9999.000 0.000 0.000 0.000 0.000 0.000 0.000 0.000 0.000 0.000 0.000 0.000 0.000 0.000 0.000 0.000 0.000 0.000 0.000 0.000 0.000 0.000 0.000 0.000 0.000 0.000 0.000 0.000 0.000 0.000 0.000 0.000 0.000 0.000 0.000 0.000 0.000 0.000 0.000 0.000 0.000 0.000 0.000 0.000 0.000 0.000 0.000 0.000 0.000 0.000 209.963 0.000 0.000 0.000 209.963 207.271 178.495 187.383 209.963
-9999.000 -9999.000 -9999.000 -9999.000 -9999.000 -9999.000 -9999.000 -9999.000 -9999.000 -9999.000 0.000 0.000 0.000 0.000 0.000 0.000 0.000 0.000 0.000 0.000 0.000 0.000 0.000 0.000 0.000 0.000 0.000 0.000 0.000 0.000 0.000 0.000 0.000 0.000 0.000 0.000 0.000 0.000 0.000 0.000 0.000 0.000 0.000 0.000 0.000 0.000 0.000 0.000 0.000 0.000 0.000 0.000 0.000 209.963 209.963 0.000 209.963 209.963 209.963 209.963 0.000 0.000 209.963 199.999 173.231 179.432 201.165
-9999.000 -9999.000 -9999.000 -9999.000 -9999.000 -9999.000 -9999.000 -9999.000 -9999.000 -9999.000 -9999.000 0.000 0.000 0.000 0.000 0.000 0.000 0.000 0.000 0.000 0.000 0.000 0.000 0.000 0.000 0.000 0.000 0.000 0.000 0.000 0.000 0.000 0.000 0.000 0.000 0.000 0.000 0.000 0.000 0.000 0.000 0.000 0.000 0.000 0.000 0.000 0.000 0.000 0.000 0.000 0.000 0.000 0.000 209.963 209.963 209.963 201.451 207.389 209.963 209.963 209.963 209.963 209.963 204.626 177.718 167.807 176.944
-9999.000 -9999.000 -9999.000 -9999.000 -9999.000 -9999.000 -9999.000 -9999.000 -9999.000 -9999.000 -9999.000 -9999.000 0.000 0.000 0.000 0.000 0.000 0.000 0.000 0.000 0.000 0.000 0.000 0.000 0.000 0.000 0.000 0.000 209.963 209.963 0.000 0.000 0.000 0.000 0.000 0.000 0.000 0.000 209.963 209.963 0.000 0.000 0.000 0.000 209.963 209.963 0.000 0.000 0.000 0.000 0.000 0.000 0.000 0.000 209.963 209.769 193.431 191.197 209.963 209.963 209.963 205.347 203.970 192.879 174.519 164.226 161.200
-9999.000 -9999.000 -9999.000 -9999.000 -9999.000 -9999.000 -9999.000 -9999.000 -9999.000 -9999.000 -9999.000 -9999.000 0.000 0.000 0.000 0.000 0.000 0.000 0.000 0.000 0.000 0.000 0.000 0.000 0.000 0.000 0.000 0.000 0.000 209.963 199.566 198.031 209.818 209.963 0.000 0.000 0.000 0.000 199.098 190.149 209.963 209.963 209.963 209.963 202.264 190.292 209.963 209.963 0.000 0.000 0.000 0.000 0.000 209.963 209.963 209.963 179.077 189.595 209.963 209.963 209.963 209.963 209.963 198.177 192.959 196.289 179.514
