tests/3D/example/output-maps-METEOIO-ON/SWEN0019.asc
ncols         174
nrows         141
xllcorner     744500.000000
yllcorner     5140950.000000
cellsize      250.000000
NODATA_value  -9999.0
[rows 31 to 61 of 141, columns 71 to 141 of 174]
0.017 0.066 0.081 0.052 0.053 0.081 0.100 0.122 0.143 0.157 0.170 0.188 0.197 0.233 0.251 0.250 0.230 0.192 0.176 0.164 0.164 0.124 0.099 0.059 0.032 0.046 0.070 0.100 0.116 0.134 0.143 0.185 0.240 0.217 0.190 0.170 0.152 0.126 0.113 0.101 0.098 0.079 0.081 0.045 0.003 0.000 0.000 0.000 0.009 0.043 0.072 0.088 0.089 0.101 0.108 0.134 0.150 0.164 0.167 0.173 0.180 0.184 0.186 0.188 0.186 0.150 0.127 0.110 0.109 0.090 0.075
0.008 0.044 0.045 0.011 0.044 0.076 0.077 0.103 0.133 0.162 0.176 0.197 0.206 0.227 0.251 0.259 0.248 0.206 0.192 0.186 0.155 0.125 0.096 0.062 0.044 0.066 0.083 0.123 0.146 0.163 0.161 0.200 0.248 0.252 0.227 0.199 0.192 0.164 0.166 0.154 0.133 0.111 0.088 0.038 0.028 0.016 0.000 0.000 0.000 0.044 0.071 0.118 0.136 0.137 0.142 0.158 0.166 0.174 0.180 0.188 0.190 0.192 0.193 0.195 0.179 0.126 0.120 0.093 0.075 0.049 0.042
0.000 0.003 0.006 0.021 0.053 0.076 0.074 0.085 0.099 0.139 0.155 0.181 0.199 0.224 0.239 0.258 0.265 0.234 0.206 0.173 0.153 0.123 0.110 0.073 0.065 0.092 0.122 0.144 0.173 0.203 0.215 0.251 0.274 0.222 0.233 0.221 0.213 0.202 0.178 0.149 0.123 0.089 0.079 0.052 0.078 0.066 0.052 0.026 0.009 0.027 0.058 0.111 0.136 0.154 0.160 0.165 0.169 0.172 0.181 0.185 0.189 0.199 0.201 0.201 0.169 0.121 0.084 0.051 0.024 0.000 0.000
0.000 0.000 0.000 0.031 0.049 0.047 0.056 0.066 0.089 0.112 0.140 0.185 0.203 0.223 0.240 0.256 0.269 0.251 0.209 0.171 0.160 0.130 0.116 0.093 0.079 0.108 0.128 0.173 0.192 0.223 0.252 0.292 0.238 0.194 0.188 0.175 0.174 0.142 0.134 0.108 0.099 0.058 0.055 0.066 0.100 0.085 0.082 0.065 0.058 0.074 0.085 0.113 0.132 0.139 0.135 0.153 0.151 0.144 0.159 0.168 0.173 0.201 0.208 0.209 0.187 0.106 0.065 0.020 0.000 0.000 0.000
0.000 0.000 0.000 0.005 0.000 0.000 0.000 0.039 0.059 0.090 0.122 0.152 0.175 0.204 0.226 0.259 0.271 0.263 0.224 0.188 0.171 0.157 0.140 0.123 0.112 0.116 0.134 0.175 0.203 0.249 0.291 0.280 0.222 0.179 0.152 0.137 0.131 0.100 0.095 0.067 0.057 0.034 0.028 0.057 0.091 0.130 0.122 0.114 0.117 0.112 0.115 0.109 0.105 0.105 0.126 0.118 0.104 0.103 0.098 0.117 0.118 0.157 0.211 0.216 0.205 0.136 0.065 0.018 0.000 0.000 0.000
0.000 0.000 0.000 0.000 0.000 0.000 0.000 0.022 0.039 0.079 0.114 0.147 0.167 0.189 0.211 0.256 0.270 0.275 0.246 0.210 0.189 0.175 0.157 0.141 0.137 0.122 0.139 0.176 0.204 0.254 0.318 0.258 0.217 0.174 0.145 0.119 0.105 0.087 0.064 0.038 0.029 0.005 0.036 0.078 0.103 0.117 0.158 0.151 0.154 0.145 0.133 0.104 0.090 0.096 0.134 0.099 0.082 0.077 0.071 0.069 0.074 0.133 0.207 0.222 0.195 0.121 0.074 0.025 0.012 0.000 0.000
0.000 0.000 0.000 0.000 0.000 0.000 0.000 0.025 0.046 0.085 0.115 0.145 0.170 0.188 0.213 0.251 0.268 0.278 0.284 0.258 0.243 0.216 0.196 0.178 0.168 0.149 0.147 0.186 0.217 0.267 0.331 0.270 0.229 0.193 0.157 0.090 0.077 0.066 0.061 0.046 0.014 0.008 0.039 0.086 0.124 0.155 0.146 0.188 0.175 0.163 0.135 0.148 0.138 0.133 0.141 0.069 0.052 0.015 0.005 0.015 0.043 0.107 0.188 0.240 0.174 0.132 0.111 0.033 0.000 0.000 0.000
0.000 0.000 0.000 0.000 0.000 0.004 0.001 0.043 0.077 0.109 0.139 0.173 0.187 0.202 0.219 0.252 0.264 0.276 0.287 0.289 0.271 0.254 0.233 0.201 0.186 0.164 0.156 0.192 0.219 0.271 0.336 0.295 0.241 0.196 0.168 0.117 0.095 0.090 0.086 0.060 0.037 0.021 0.047 0.086 0.119 0.179 0.164 0.209 0.177 0.146 0.134 0.165 0.151 0.172 0.133 0.064 0.029 0.000 0.000 0.021 0.059 0.131 0.178 0.272 0.191 0.119 0.072 0.056 0.006 0.000 0.000
0.000 0.000 0.000 0.000 0.000 0.018 0.040 0.076 0.100 0.123 0.126 0.157 0.175 0.213 0.226 0.241 0.250 0.272 0.282 0.308 0.290 0.297 0.275 0.244 0.223 0.194 0.185 0.211 0.224 0.280 0.356 0.294 0.245 0.195 0.175 0.138 0.142 0.130 0.131 0.094 0.058 0.018 0.030 0.090 0.124 0.171 0.205 0.231 0.197 0.149 0.139 0.195 0.194 0.186 0.144 0.101 0.047 0.030 0.020 0.051 0.077 0.129 0.220 0.271 0.140 0.060 0.024 0.000 0.020 0.000 0.006
0.000 0.000 0.000 0.000 0.000 0.016 0.034 0.070 0.097 0.122 0.127 0.149 0.172 0.193 0.197 0.223 0.233 0.260 0.282 0.298 0.311 0.325 0.315 0.268 0.249 0.223 0.217 0.225 0.234 0.291 0.367 0.290 0.258 0.204 0.182 0.166 0.169 0.176 0.158 0.112 0.082 0.030 0.026 0.077 0.114 0.162 0.181 0.243 0.234 0.189 0.165 0.202 0.248 0.195 0.174 0.121 0.101 0.079 0.072 0.075 0.122 0.174 0.265 0.238 0.121 0.066 0.014 0.000 0.019 0.038 0.050
0.006 0.000 0.000 0.000 0.000 0.000 0.000 0.005 0.035 0.089 0.124 0.143 0.166 0.161 0.169 0.197 0.216 0.243 0.264 0.285 0.314 0.320 0.331 0.328 0.297 0.272 0.259 0.253 0.264 0.312 0.377 0.309 0.264 0.213 0.202 0.211 0.248 0.184 0.165 0.120 0.093 0.033 0.016 0.058 0.099 0.133 0.168 0.219 0.263 0.228 0.196 0.220 0.270 0.235 0.219 0.166 0.156 0.131 0.141 0.129 0.183 0.221 0.327 0.180 0.111 0.069 0.023 0.016 0.011 0.098 0.119
0.018 0.000 0.000 0.000 0.000 0.000 0.000 0.003 0.034 0.090 0.126 0.139 0.149 0.155 0.162 0.184 0.208 0.238 0.254 0.273 0.282 0.299 0.318 0.353 0.337 0.313 0.280 0.281 0.281 0.330 0.384 0.315 0.274 0.230 0.221 0.280 0.250 0.202 0.171 0.124 0.094 0.031 0.028 0.063 0.091 0.139 0.175 0.216 0.265 0.259 0.218 0.233 0.277 0.268 0.242 0.211 0.200 0.182 0.167 0.202 0.182 0.237 0.341 0.195 0.146 0.077 0.058 0.047 0.036 0.121 0.189
0.000 0.000 0.000 0.000 0.000 0.000 0.000 0.030 0.050 0.090 0.115 0.120 0.134 0.145 0.157 0.184 0.205 0.227 0.253 0.254 0.280 0.300 0.317 0.344 0.368 0.372 0.366 0.332 0.326 0.363 0.391 0.327 0.291 0.266 0.264 0.338 0.257 0.217 0.189 0.133 0.092 0.059 0.073 0.100 0.127 0.153 0.175 0.227 0.265 0.306 0.257 0.243 0.261 0.341 0.291 0.272 0.256 0.238 0.222 0.260 0.264 0.322 0.354 0.248 0.199 0.136 0.134 0.134 0.124 0.220 0.159
0.000 0.000 0.000 0.000 0.000 0.000 0.000 0.025 0.046 0.081 0.096 0.105 0.114 0.132 0.148 0.180 0.196 0.220 0.243 0.257 0.281 0.278 0.289 0.309 0.337 0.365 0.368 0.386 0.389 0.390 0.398 0.350 0.321 0.294 0.326 0.329 0.247 0.195 0.172 0.132 0.101 0.096 0.108 0.140 0.156 0.182 0.201 0.251 0.283 0.316 0.244 0.251 0.262 0.336 0.358 0.321 0.305 0.291 0.281 0.331 0.364 0.370 0.347 0.347 0.284 0.203 0.190 0.181 0.186 0.247 0.148
0.000 0.000 0.000 0.000 0.000 0.000 0.000 0.000 0.014 0.050 0.060 0.081 0.088 0.114 0.126 0.166 0.194 0.225 0.236 0.260 0.267 0.237 0.247 0.277 0.286 0.318 0.352 0.377 0.390 0.403 0.409 0.394 0.387 0.385 0.376 0.312 0.294 0.258 0.206 0.141 0.110 0.120 0.145 0.187 0.206 0.246 0.258 0.287 0.353 0.290 0.251 0.262 0.292 0.331 0.365 0.380 0.371 0.368 0.370 0.387 0.361 0.291 0.277 0.327 0.360 0.354 0.313 0.265 0.270 0.224 0.184
0.015 0.000 0.000 0.000 0.000 0.000 0.000 0.000 0.000 0.023 0.027 0.064 0.080 0.091 0.114 0.157 0.177 0.213 0.235 0.263 0.253 0.222 0.231 0.249 0.272 0.302 0.328 0.344 0.351 0.381 0.403 0.421 0.411 0.413 0.379 0.369 0.334 0.260 0.224 0.172 0.127 0.130 0.147 0.205 0.240 0.284 0.312 0.342 0.383 0.309 0.281 0.298 0.310 0.342 0.361 0.398 0.409 0.404 0.390 0.359 0.292 0.207 0.213 0.272 0.293 0.226 0.287 0.348 0.320 0.217 0.162
0.012 0.000 0.000 0.000 0.000 0.000 0.000 0.000 0.000 0.011 0.021 0.071 0.087 0.092 0.109 0.137 0.167 0.210 0.233 0.251 0.233 0.199 0.204 0.220 0.243 0.273 0.292 0.312 0.314 0.336 0.363 0.410 0.434 0.426 0.416 0.369 0.332 0.288 0.253 0.208 0.175 0.151 0.165 0.206 0.235 0.285 0.314 0.368 0.419 0.340 0.332 0.346 0.370 0.392 0.411 0.421 0.403 0.381 0.357 0.314 0.240 0.151 0.140 0.245 0.201 0.129 0.166 0.242 0.341 0.303 0.235
0.014 0.000 0.000 0.000 0.000 0.000 0.000 0.000 0.000 0.010 0.028 0.074 0.095 0.099 0.113 0.148 0.163 0.202 0.229 0.235 0.232 0.194 0.191 0.208 0.239 0.252 0.272 0.290 0.302 0.331 0.345 0.399 0.426 0.446 0.421 0.375 0.354 0.312 0.277 0.230 0.203 0.156 0.169 0.200 0.229 0.280 0.319 0.383 0.442 0.378 0.378 0.408 0.419 0.438 0.434 0.406 0.395 0.366 0.337 0.281 0.194 0.132 0.119 0.219 0.168 0.129 0.166 0.267 0.309 0.347 0.324
0.035 0.003 0.001 0.002 0.000 0.009 0.000 0.000 0.000 0.019 0.050 0.090 0.131 0.121 0.142 0.155 0.159 0.196 0.209 0.192 0.205 0.200 0.191 0.224 0.231 0.223 0.236 0.260 0.267 0.299 0.326 0.378 0.412 0.445 0.448 0.413 0.379 0.347 0.330 0.271 0.232 0.197 0.199 0.231 0.246 0.289 0.323 0.380 0.434 0.443 0.436 0.442 0.452 0.435 0.419 0.361 0.363 0.354 0.318 0.222 0.144 0.096 0.083 0.162 0.158 0.115 0.190 0.242 0.260 0.310 0.319
0.062 0.024 0.028 0.030 0.014 0.027 0.000 0.000 0.000 0.019 0.054 0.107 0.144 0.154 0.160 0.156 0.159 0.185 0.194 0.189 0.202 0.205 0.215 0.242 0.245 0.226 0.234 0.249 0.254 0.282 0.317 0.352 0.387 0.430 0.471 0.440 0.404 0.366 0.350 0.312 0.267 0.228 0.242 0.288 0.304 0.332 0.354 0.391 0.421 0.461 0.461 0.468 0.442 0.421 0.411 0.353 0.328 0.324 0.294 0.194 0.145 0.069 0.053 0.136 0.120 0.167 0.170 0.220 0.240 0.287 0.297
0.099 0.058 0.070 0.066 0.046 0.060 0.036 0.008 0.034 0.038 0.059 0.121 0.155 0.197 0.178 0.166 0.173 0.173 0.187 0.200 0.222 0.230 0.241 0.251 0.254 0.257 0.270 0.255 0.254 0.262 0.291 0.319 0.351 0.407 0.452 0.483 0.454 0.426 0.409 0.369 0.345 0.307 0.327 0.352 0.392 0.403 0.410 0.443 0.466 0.480 0.482 0.461 0.432 0.385 0.381 0.366 0.301 0.273 0.222 0.173 0.129 0.020 0.000 0.078 0.049 0.130 0.102 0.188 0.216 0.224 0.255
0.122 0.077 0.089 0.078 0.065 0.081 0.070 0.046 0.060 0.060 0.073 0.132 0.171 0.210 0.204 0.194 0.190 0.175 0.182 0.212 0.237 0.241 0.249 0.259 0.264 0.285 0.299 0.285 0.273 0.268 0.290 0.314 0.341 0.403 0.437 0.472 0.500 0.469 0.453 0.406 0.378 0.347 0.383 0.397 0.419 0.461 0.479 0.495 0.499 0.497 0.487 0.463 0.433 0.386 0.369 0.350 0.320 0.222 0.189 0.140 0.043 0.040 0.000 0.026 0.039 0.065 0.089 0.173 0.204 0.220 0.228
0.129 0.112 0.116 0.087 0.082 0.123 0.115 0.098 0.110 0.098 0.104 0.151 0.195 0.237 0.224 0.216 0.204 0.191 0.202 0.233 0.249 0.258 0.272 0.275 0.281 0.315 0.336 0.327 0.320 0.338 0.322 0.334 0.348 0.390 0.405 0.452 0.484 0.510 0.477 0.460 0.429 0.431 0.459 0.474 0.487 0.514 0.518 0.511 0.513 0.509 0.487 0.464 0.428 0.365 0.333 0.275 0.255 0.218 0.175 0.085 0.000 0.000 0.000 0.000 0.008 0.035 0.112 0.165 0.183 0.210 0.243
0.147 0.117 0.127 0.079 0.079 0.135 0.142 0.136 0.135 0.112 0.120 0.168 0.202 0.255 0.214 0.195 0.195 0.192 0.205 0.223 0.250 0.266 0.274 0.287 0.307 0.346 0.369 0.371 0.381 0.359 0.383 0.345 0.362 0.390 0.401 0.442 0.463 0.511 0.516 0.494 0.483 0.498 0.513 0.529 0.535 0.522 0.502 0.501 0.501 0.522 0.490 0.451 0.425 0.362 0.319 0.261 0.222 0.170 0.169 0.100 0.024 0.000 0.000 0.000 0.000 0.033 0.113 0.150 0.173 0.219 0.236
0.165 0.143 0.142 0.110 0.116 0.164 0.169 0.144 0.139 0.131 0.142 0.185 0.231 0.246 0.201 0.180 0.175 0.181 0.200 0.231 0.265 0.275 0.292 0.308 0.324 0.326 0.338 0.381 0.419 0.432 0.465 0.434 0.432 0.433 0.431 0.448 0.435 0.488 0.541 0.537 0.534 0.543 0.550 0.541 0.522 0.507 0.477 0.477 0.475 0.519 0.519 0.445 0.428 0.412 0.377 0.295 0.236 0.177 0.141 0.093 0.018 0.000 0.010 0.014 0.051 0.107 0.131 0.149 0.173 0.215 0.244
0.164 0.153 0.147 0.139 0.154 0.192 0.164 0.149 0.144 0.150 0.178 0.217 0.285 0.228 0.204 0.185 0.181 0.182 0.209 0.246 0.278 0.286 0.303 0.312 0.321 0.311 0.321 0.348 0.370 0.433 0.458 0.514 0.531 0.479 0.470 0.463 0.463 0.514 0.553 0.562 0.563 0.558 0.539 0.524 0.518 0.491 0.465 0.456 0.459 0.519 0.545 0.502 0.470 0.457 0.360 0.301 0.264 0.190 0.163 0.086 0.071 0.068 0.063 0.066 0.101 0.140 0.156 0.177 0.185 0.203 0.243
0.163 0.157 0.154 0.158 0.168 0.179 0.175 0.171 0.202 0.208 0.219 0.290 0.259 0.218 0.204 0.195 0.193 0.202 0.220 0.252 0.270 0.324 0.281 0.294 0.313 0.282 0.294 0.327 0.360 0.366 0.379 0.448 0.477 0.530 0.539 0.524 0.524 0.558 0.576 0.576 0.567 0.549 0.536 0.500 0.499 0.438 0.425 0.436 0.451 0.521 0.557 0.548 0.484 0.425 0.402 0.305 0.290 0.252 0.217 0.185 0.164 0.134 0.110 0.124 0.143 0.178 0.189 0.207 0.227 0.242 0.264
0.165 0.163 0.162 0.169 0.180 0.183 0.187 0.218 0.234 0.230 0.236 0.307 0.249 0.209 0.211 0.214 0.188 0.202 0.219 0.261 0.275 0.331 0.287 0.303 0.314 0.302 0.296 0.353 0.371 0.345 0.362 0.450 0.517 0.539 0.551 0.573 0.583 0.589 0.588 0.580 0.564 0.540 0.503 0.474 0.478 0.427 0.402 0.430 0.476 0.519 0.554 0.567 0.553 0.473 0.411 0.374 0.347 0.282 0.249 0.217 0.193 0.167 0.156 0.163 0.174 0.212 0.209 0.238 0.247 0.283 0.302
0.153 0.167 0.174 0.179 0.193 0.206 0.214 0.239 0.252 0.250 0.276 0.293 0.255 0.212 0.226 0.235 0.235 0.248 0.283 0.306 0.360 0.340 0.331 0.326 0.332 0.311 0.323 0.321 0.331 0.362 0.411 0.476 0.526 0.545 0.577 0.519 0.564 0.600 0.599 0.566 0.542 0.487 0.478 0.451 0.406 0.377 0.341 0.348 0.371 0.504 0.508 0.555 0.575 0.528 0.442 0.351 0.286 0.216 0.203 0.167 0.145 0.120 0.159 0.198 0.228 0.241 0.245 0.262 0.272 0.302 0.317
0.171 0.169 0.182 0.196 0.207 0.224 0.240 0.252 0.270 0.274 0.293 0.280 0.277 0.254 0.257 0.254 0.284 0.305 0.358 0.403 0.401 0.347 0.332 0.321 0.301 0.283 0.297 0.300 0.396 0.495 0.540 0.575 0.577 0.603 0.525 0.490 0.522 0.610 0.595 0.458 0.376 0.329 0.335 0.334 0.345 0.289 0.293 0.291 0.307 0.482 0.442 0.502 0.560 0.569 0.454 0.330 0.229 0.103 0.083 0.090 0.072 0.054 0.085 0.186 0.218 0.267 0.273 0.284 0.290 0.313 0.329
0.190 0.198 0.197 0.207 0.224 0.239 0.254 0.270 0.284 0.298 0.312 0.307 0.314 0.322 0.315 0.292 0.323 0.395 0.411 0.413 0.381 0.329 0.297 0.263 0.249 0.235 0.250 0.282 0.307 0.379 0.409 0.484 0.549 0.621 0.523 0.460 0.429 0.589 0.532 0.284 0.188 0.173 0.196 0.184 0.184 0.150 0.157 0.207 0.242 0.334 0.338 0.362 0.474 0.591 0.454 0.310 0.188 0.064 0.000 0.000 0.000 0.000 0.000 0.141 0.174 0.213 0.244 0.248 0.255 0.268 0.290
