tests/3D/example/output-maps-METEOIO-ON/SWEN0017.asc
ncols         174
nrows         141
xllcorner     744500.000000
yllcorner     5140950.000000
cellsize      250.000000
NODATA_value  -9999.0
[rows 31 to 61 of 141, columns 71 to 141 of 174]
0.019 0.068 0.083 0.054 0.055 0.082 0.101 0.123 0.144 0.158 0.171 0.188 0.197 0.233 0.250 0.250 0.230 0.192 0.176 0.165 0.165 0.125 0.101 0.061 0.034 0.048 0.072 0.101 0.117 0.135 0.144 0.186 0.239 0.218 0.190 0.171 0.153 0.127 0.114 0.102 0.099 0.081 0.083 0.047 0.005 0.000 0.000 0.000 0.011 0.045 0.074 0.089 0.091 0.102 0.109 0.135 0.150 0.165 0.167 0.173 0.180 0.184 0.186 0.188 0.186 0.150 0.128 0.112 0.110 0.091 0.076
0.011 0.046 0.047 0.013 0.046 0.078 0.078 0.105 0.134 0.162 0.176 0.197 0.206 0.227 0.250 0.259 0.248 0.206 0.192 0.186 0.155 0.126 0.097 0.064 0.046 0.068 0.084 0.124 0.147 0.164 0.162 0.200 0.248 0.252 0.227 0.199 0.192 0.165 0.167 0.155 0.134 0.113 0.090 0.040 0.030 0.018 0.000 0.000 0.000 0.046 0.073 0.119 0.137 0.137 0.143 0.159 0.166 0.174 0.180 0.188 0.190 0.192 0.193 0.195 0.179 0.127 0.121 0.094 0.076 0.051 0.044
0.000 0.005 0.008 0.023 0.055 0.078 0.076 0.087 0.101 0.140 0.155 0.182 0.199 0.224 0.239 0.257 0.265 0.233 0.206 0.173 0.154 0.125 0.111 0.074 0.067 0.094 0.123 0.145 0.174 0.204 0.215 0.250 0.273 0.222 0.233 0.221 0.213 0.202 0.179 0.150 0.124 0.090 0.080 0.053 0.079 0.068 0.054 0.028 0.011 0.029 0.060 0.113 0.137 0.154 0.160 0.166 0.169 0.173 0.182 0.185 0.189 0.199 0.201 0.201 0.170 0.121 0.085 0.053 0.026 0.000 0.000
0.000 0.000 0.000 0.034 0.051 0.049 0.058 0.068 0.090 0.114 0.141 0.186 0.203 0.223 0.240 0.256 0.269 0.251 0.209 0.172 0.160 0.132 0.118 0.094 0.081 0.109 0.129 0.174 0.193 0.223 0.252 0.292 0.238 0.194 0.189 0.176 0.174 0.143 0.135 0.109 0.100 0.060 0.057 0.068 0.101 0.087 0.083 0.067 0.060 0.075 0.087 0.115 0.133 0.140 0.136 0.154 0.152 0.145 0.159 0.169 0.173 0.201 0.208 0.209 0.187 0.107 0.066 0.022 0.000 0.000 0.000
0.000 0.000 0.000 0.007 0.001 0.000 0.000 0.042 0.061 0.092 0.123 0.153 0.175 0.204 0.226 0.258 0.271 0.262 0.224 0.188 0.172 0.158 0.142 0.124 0.113 0.118 0.135 0.176 0.203 0.248 0.291 0.280 0.222 0.180 0.153 0.139 0.132 0.102 0.097 0.069 0.059 0.036 0.030 0.059 0.092 0.131 0.123 0.115 0.118 0.114 0.116 0.110 0.106 0.106 0.127 0.119 0.106 0.104 0.100 0.118 0.119 0.158 0.211 0.216 0.205 0.137 0.067 0.020 0.000 0.000 0.000
0.000 0.000 0.000 0.000 0.000 0.000 0.000 0.024 0.041 0.081 0.115 0.148 0.168 0.189 0.211 0.256 0.269 0.275 0.246 0.210 0.190 0.176 0.158 0.142 0.138 0.123 0.140 0.177 0.204 0.254 0.317 0.258 0.217 0.175 0.146 0.120 0.106 0.089 0.065 0.040 0.031 0.007 0.038 0.080 0.104 0.118 0.159 0.152 0.155 0.146 0.134 0.105 0.091 0.097 0.135 0.100 0.084 0.079 0.072 0.071 0.076 0.134 0.207 0.222 0.195 0.122 0.075 0.027 0.014 0.000 0.000
0.000 0.000 0.000 0.000 0.000 0.000 0.000 0.027 0.048 0.087 0.117 0.146 0.171 0.189 0.213 0.251 0.267 0.277 0.284 0.258 0.243 0.216 0.196 0.179 0.168 0.150 0.148 0.186 0.217 0.266 0.330 0.269 0.229 0.194 0.158 0.092 0.079 0.067 0.063 0.048 0.016 0.010 0.041 0.088 0.125 0.156 0.147 0.188 0.175 0.163 0.136 0.149 0.139 0.134 0.142 0.071 0.054 0.017 0.006 0.017 0.045 0.108 0.188 0.240 0.174 0.133 0.113 0.035 0.000 0.000 0.000
0.000 0.000 0.000 0.000 0.000 0.006 0.002 0.045 0.079 0.110 0.140 0.174 0.188 0.202 0.219 0.251 0.263 0.276 0.286 0.288 0.271 0.254 0.233 0.201 0.187 0.164 0.157 0.193 0.219 0.270 0.335 0.295 0.241 0.197 0.169 0.118 0.096 0.092 0.087 0.061 0.039 0.023 0.049 0.088 0.120 0.180 0.165 0.209 0.178 0.147 0.135 0.165 0.152 0.173 0.134 0.066 0.031 0.000 0.000 0.023 0.061 0.132 0.178 0.272 0.191 0.120 0.073 0.058 0.008 0.000 0.000
0.000 0.000 0.000 0.000 0.000 0.020 0.042 0.078 0.102 0.124 0.127 0.158 0.176 0.213 0.226 0.240 0.250 0.271 0.282 0.307 0.289 0.297 0.275 0.244 0.223 0.194 0.186 0.211 0.224 0.279 0.355 0.293 0.245 0.196 0.176 0.139 0.143 0.131 0.132 0.096 0.060 0.020 0.032 0.092 0.126 0.172 0.206 0.232 0.197 0.150 0.140 0.195 0.195 0.187 0.145 0.103 0.049 0.032 0.022 0.053 0.079 0.130 0.220 0.270 0.140 0.062 0.026 0.000 0.022 0.001 0.008
0.000 0.000 0.000 0.000 0.000 0.018 0.036 0.072 0.098 0.123 0.129 0.150 0.173 0.193 0.197 0.223 0.233 0.260 0.281 0.297 0.310 0.324 0.314 0.268 0.249 0.223 0.218 0.225 0.234 0.290 0.366 0.289 0.257 0.205 0.183 0.167 0.170 0.176 0.159 0.113 0.084 0.032 0.028 0.079 0.115 0.163 0.182 0.243 0.234 0.190 0.166 0.202 0.248 0.196 0.175 0.123 0.102 0.080 0.074 0.077 0.123 0.174 0.264 0.238 0.122 0.068 0.017 0.000 0.021 0.040 0.052
0.008 0.000 0.000 0.000 0.000 0.000 0.000 0.007 0.037 0.091 0.125 0.144 0.166 0.161 0.169 0.198 0.216 0.243 0.263 0.284 0.313 0.319 0.330 0.327 0.296 0.271 0.259 0.253 0.263 0.311 0.375 0.309 0.264 0.214 0.203 0.212 0.248 0.185 0.166 0.122 0.095 0.035 0.018 0.060 0.101 0.134 0.169 0.220 0.263 0.229 0.196 0.221 0.270 0.235 0.220 0.167 0.157 0.132 0.142 0.130 0.183 0.221 0.326 0.180 0.112 0.070 0.025 0.018 0.013 0.100 0.120
0.020 0.000 0.000 0.000 0.000 0.000 0.000 0.005 0.036 0.092 0.127 0.140 0.150 0.156 0.162 0.184 0.208 0.238 0.254 0.273 0.282 0.299 0.318 0.352 0.336 0.312 0.279 0.281 0.281 0.329 0.383 0.314 0.274 0.230 0.221 0.280 0.251 0.203 0.172 0.125 0.096 0.033 0.030 0.065 0.093 0.140 0.176 0.217 0.265 0.259 0.219 0.233 0.277 0.268 0.242 0.212 0.200 0.183 0.168 0.202 0.183 0.237 0.340 0.195 0.147 0.079 0.060 0.049 0.038 0.122 0.190
0.000 0.000 0.000 0.000 0.000 0.000 0.000 0.032 0.052 0.092 0.116 0.121 0.135 0.146 0.158 0.185 0.206 0.227 0.253 0.254 0.279 0.299 0.316 0.343 0.366 0.370 0.365 0.331 0.325 0.362 0.390 0.327 0.291 0.266 0.264 0.337 0.257 0.218 0.190 0.134 0.093 0.061 0.075 0.101 0.128 0.154 0.176 0.228 0.265 0.305 0.257 0.243 0.261 0.340 0.291 0.272 0.256 0.238 0.222 0.259 0.263 0.321 0.352 0.247 0.199 0.137 0.135 0.135 0.125 0.220 0.160
0.000 0.000 0.000 0.000 0.000 0.000 0.000 0.027 0.048 0.083 0.098 0.106 0.116 0.133 0.149 0.180 0.197 0.220 0.243 0.257 0.280 0.278 0.289 0.309 0.336 0.364 0.367 0.385 0.388 0.388 0.396 0.349 0.321 0.294 0.325 0.329 0.247 0.196 0.173 0.134 0.102 0.098 0.110 0.142 0.157 0.183 0.201 0.251 0.283 0.315 0.244 0.251 0.262 0.336 0.357 0.321 0.305 0.291 0.280 0.330 0.363 0.369 0.345 0.346 0.284 0.203 0.190 0.181 0.187 0.247 0.149
0.000 0.000 0.000 0.000 0.000 0.000 0.000 0.000 0.016 0.052 0.062 0.082 0.089 0.116 0.127 0.166 0.195 0.225 0.236 0.260 0.267 0.237 0.247 0.277 0.286 0.317 0.351 0.376 0.388 0.401 0.407 0.392 0.386 0.384 0.375 0.312 0.293 0.258 0.207 0.143 0.111 0.121 0.146 0.188 0.207 0.246 0.259 0.287 0.353 0.290 0.252 0.262 0.292 0.330 0.364 0.379 0.370 0.366 0.368 0.385 0.360 0.290 0.276 0.326 0.359 0.353 0.312 0.264 0.269 0.224 0.185
0.017 0.000 0.000 0.000 0.000 0.000 0.000 0.000 0.000 0.025 0.029 0.066 0.081 0.092 0.115 0.158 0.178 0.214 0.235 0.263 0.253 0.222 0.231 0.249 0.272 0.302 0.327 0.343 0.350 0.380 0.401 0.419 0.410 0.412 0.378 0.369 0.334 0.260 0.225 0.173 0.129 0.131 0.148 0.205 0.241 0.284 0.312 0.342 0.383 0.309 0.281 0.298 0.310 0.342 0.360 0.396 0.407 0.402 0.388 0.358 0.291 0.207 0.214 0.271 0.292 0.225 0.286 0.347 0.318 0.217 0.162
0.014 0.000 0.000 0.000 0.000 0.000 0.000 0.000 0.000 0.013 0.023 0.072 0.089 0.094 0.110 0.138 0.168 0.211 0.233 0.251 0.233 0.200 0.205 0.220 0.244 0.273 0.291 0.312 0.314 0.335 0.362 0.408 0.432 0.425 0.415 0.368 0.332 0.289 0.253 0.209 0.176 0.152 0.167 0.207 0.236 0.285 0.313 0.368 0.418 0.339 0.331 0.346 0.369 0.390 0.409 0.419 0.401 0.380 0.356 0.313 0.240 0.152 0.142 0.245 0.201 0.130 0.167 0.242 0.340 0.302 0.235
0.016 0.000 0.000 0.000 0.000 0.000 0.000 0.000 0.000 0.012 0.030 0.076 0.096 0.101 0.114 0.149 0.164 0.202 0.229 0.236 0.232 0.194 0.192 0.209 0.239 0.253 0.273 0.290 0.302 0.331 0.344 0.398 0.424 0.444 0.420 0.374 0.353 0.312 0.278 0.230 0.204 0.158 0.170 0.201 0.230 0.280 0.318 0.382 0.441 0.378 0.377 0.406 0.417 0.435 0.432 0.404 0.394 0.365 0.337 0.281 0.194 0.134 0.121 0.220 0.169 0.130 0.167 0.266 0.308 0.346 0.323
0.037 0.005 0.002 0.004 0.000 0.011 0.000 0.000 0.000 0.021 0.052 0.091 0.132 0.123 0.144 0.156 0.160 0.197 0.209 0.192 0.205 0.200 0.191 0.225 0.232 0.224 0.236 0.260 0.268 0.299 0.325 0.377 0.411 0.443 0.446 0.412 0.379 0.347 0.330 0.271 0.233 0.198 0.200 0.232 0.246 0.289 0.323 0.380 0.433 0.442 0.435 0.440 0.450 0.433 0.417 0.360 0.362 0.353 0.318 0.222 0.145 0.097 0.085 0.164 0.160 0.117 0.190 0.242 0.260 0.309 0.318
0.063 0.026 0.030 0.031 0.016 0.030 0.000 0.000 0.000 0.021 0.056 0.109 0.145 0.155 0.161 0.157 0.160 0.186 0.195 0.190 0.203 0.206 0.216 0.242 0.246 0.226 0.235 0.250 0.254 0.283 0.317 0.352 0.386 0.428 0.469 0.439 0.403 0.365 0.350 0.312 0.267 0.229 0.242 0.289 0.304 0.331 0.354 0.390 0.420 0.459 0.459 0.465 0.440 0.420 0.409 0.352 0.328 0.323 0.294 0.195 0.147 0.071 0.055 0.138 0.122 0.168 0.171 0.221 0.240 0.286 0.296
0.100 0.059 0.072 0.067 0.048 0.062 0.038 0.010 0.036 0.040 0.060 0.122 0.156 0.198 0.179 0.167 0.173 0.173 0.188 0.201 0.222 0.230 0.241 0.252 0.255 0.258 0.270 0.255 0.255 0.262 0.292 0.319 0.351 0.405 0.450 0.481 0.452 0.425 0.408 0.369 0.345 0.307 0.327 0.352 0.391 0.402 0.409 0.441 0.464 0.478 0.480 0.459 0.430 0.384 0.381 0.366 0.301 0.273 0.223 0.175 0.130 0.022 0.000 0.080 0.051 0.131 0.104 0.189 0.217 0.225 0.255
0.122 0.078 0.090 0.079 0.067 0.082 0.072 0.048 0.061 0.062 0.075 0.133 0.172 0.210 0.204 0.195 0.190 0.176 0.183 0.212 0.238 0.241 0.250 0.259 0.265 0.285 0.299 0.286 0.273 0.269 0.291 0.314 0.341 0.402 0.435 0.470 0.498 0.467 0.452 0.406 0.378 0.346 0.383 0.396 0.418 0.460 0.477 0.493 0.497 0.495 0.485 0.462 0.432 0.385 0.369 0.350 0.320 0.223 0.190 0.142 0.045 0.043 0.000 0.028 0.041 0.067 0.090 0.174 0.205 0.221 0.228
0.129 0.112 0.116 0.088 0.083 0.123 0.115 0.099 0.111 0.099 0.105 0.152 0.195 0.237 0.224 0.216 0.205 0.192 0.203 0.233 0.249 0.258 0.273 0.275 0.282 0.315 0.336 0.327 0.320 0.338 0.322 0.334 0.348 0.389 0.404 0.451 0.482 0.508 0.476 0.458 0.428 0.430 0.458 0.472 0.485 0.512 0.516 0.509 0.511 0.507 0.485 0.462 0.427 0.365 0.333 0.275 0.256 0.219 0.176 0.087 0.000 0.000 0.000 0.000 0.010 0.037 0.114 0.166 0.184 0.210 0.243
0.145 0.117 0.126 0.080 0.080 0.135 0.142 0.136 0.136 0.113 0.121 0.169 0.202 0.254 0.214 0.196 0.196 0.193 0.206 0.224 0.250 0.266 0.274 0.287 0.307 0.345 0.369 0.371 0.381 0.359 0.382 0.345 0.362 0.390 0.400 0.441 0.461 0.509 0.514 0.492 0.482 0.496 0.511 0.527 0.533 0.520 0.500 0.499 0.499 0.520 0.488 0.450 0.425 0.362 0.319 0.262 0.223 0.172 0.170 0.102 0.026 0.000 0.000 0.000 0.000 0.035 0.115 0.151 0.174 0.220 0.236
0.162 0.141 0.141 0.110 0.116 0.163 0.169 0.145 0.139 0.132 0.143 0.185 0.231 0.246 0.202 0.180 0.176 0.182 0.201 0.232 0.266 0.275 0.292 0.308 0.324 0.326 0.338 0.380 0.419 0.431 0.463 0.433 0.431 0.432 0.431 0.447 0.434 0.486 0.539 0.535 0.532 0.541 0.548 0.539 0.520 0.505 0.476 0.476 0.474 0.518 0.517 0.444 0.427 0.411 0.377 0.295 0.237 0.178 0.143 0.095 0.021 0.000 0.012 0.016 0.053 0.109 0.132 0.151 0.175 0.216 0.245
0.161 0.151 0.145 0.138 0.153 0.191 0.163 0.149 0.144 0.150 0.178 0.217 0.284 0.228 0.205 0.185 0.182 0.183 0.210 0.246 0.278 0.287 0.303 0.312 0.321 0.311 0.321 0.347 0.370 0.432 0.457 0.512 0.529 0.478 0.469 0.462 0.462 0.512 0.551 0.560 0.561 0.556 0.537 0.522 0.516 0.490 0.464 0.455 0.459 0.517 0.543 0.501 0.469 0.456 0.359 0.301 0.265 0.192 0.165 0.088 0.073 0.070 0.065 0.068 0.103 0.142 0.158 0.178 0.186 0.204 0.243
0.160 0.154 0.152 0.156 0.166 0.177 0.175 0.170 0.201 0.208 0.219 0.288 0.258 0.218 0.205 0.195 0.194 0.203 0.220 0.253 0.271 0.324 0.282 0.294 0.313 0.283 0.294 0.328 0.360 0.365 0.379 0.447 0.476 0.528 0.537 0.522 0.522 0.556 0.573 0.573 0.565 0.547 0.535 0.499 0.498 0.437 0.425 0.435 0.451 0.520 0.555 0.547 0.483 0.425 0.401 0.305 0.290 0.253 0.218 0.186 0.166 0.136 0.112 0.126 0.144 0.179 0.190 0.208 0.228 0.243 0.265
0.162 0.160 0.160 0.167 0.178 0.181 0.185 0.217 0.232 0.229 0.235 0.305 0.248 0.209 0.211 0.214 0.189 0.202 0.219 0.261 0.275 0.331 0.287 0.303 0.314 0.302 0.296 0.353 0.371 0.345 0.362 0.449 0.516 0.537 0.549 0.570 0.581 0.586 0.585 0.577 0.562 0.538 0.502 0.474 0.478 0.427 0.402 0.430 0.475 0.518 0.552 0.565 0.551 0.471 0.411 0.374 0.348 0.282 0.250 0.218 0.195 0.168 0.157 0.164 0.175 0.213 0.210 0.238 0.248 0.283 0.302
0.151 0.164 0.171 0.176 0.190 0.203 0.211 0.237 0.250 0.249 0.274 0.292 0.255 0.212 0.226 0.235 0.235 0.248 0.283 0.306 0.360 0.339 0.331 0.326 0.332 0.312 0.324 0.321 0.331 0.362 0.410 0.475 0.525 0.543 0.575 0.518 0.563 0.597 0.597 0.564 0.541 0.486 0.478 0.450 0.406 0.377 0.342 0.348 0.371 0.503 0.507 0.554 0.574 0.527 0.441 0.351 0.287 0.217 0.204 0.168 0.146 0.122 0.161 0.200 0.229 0.242 0.246 0.263 0.273 0.303 0.318
0.170 0.167 0.180 0.193 0.204 0.221 0.237 0.250 0.267 0.272 0.290 0.279 0.277 0.254 0.257 0.254 0.284 0.305 0.357 0.402 0.400 0.347 0.332 0.321 0.301 0.284 0.298 0.301 0.396 0.494 0.539 0.574 0.575 0.600 0.524 0.489 0.521 0.608 0.593 0.457 0.375 0.329 0.335 0.335 0.346 0.289 0.293 0.292 0.308 0.481 0.442 0.501 0.559 0.568 0.454 0.330 0.229 0.105 0.085 0.092 0.074 0.056 0.087 0.188 0.219 0.268 0.274 0.285 0.290 0.313 0.329
0.188 0.195 0.195 0.204 0.221 0.236 0.251 0.267 0.281 0.295 0.309 0.305 0.313 0.320 0.314 0.292 0.322 0.393 0.410 0.412 0.380 0.329 0.297 0.264 0.250 0.236 0.251 0.283 0.308 0.379 0.408 0.483 0.547 0.618 0.521 0.460 0.429 0.587 0.531 0.284 0.190 0.175 0.197 0.186 0.185 0.152 0.159 0.208 0.243 0.334 0.338 0.362 0.473 0.590 0.453 0.310 0.189 0.066 0.000 0.000 0.000 0.000 0.000 0.142 0.176 0.215 0.245 0.249 0.256 0.269 0.291
