tests/3D/hillslope01/output-maps-SE27XX/psiliqL0002N0001.asc
ncols         104
nrows         10
xllcorner     -2.000000
yllcorner     0.000000
cellsize      1.000000
NODATA_value  -9999.0
-9999.0 -9999.0 -9999.0 -9999.0 -9999.0 -9999.0 -9999.0 -9999.0 -9999.0 -9999.0 -9999.0 -9999.0 -9999.0 -9999.0 -9999.0 -9999.0 -9999.0 -9999.0 -9999.0 -9999.0 -9999.0 -9999.0 -9999.0 -9999.0 -9999.0 -9999.0 -9999.0 -9999.0 -9999.0 -9999.0 -9999.0 -9999.0 -9999.0 -9999.0 -9999.0 -9999.0 -9999.0 -9999.0 -9999.0 -9999.0 -9999.0 -9999.0 -9999.0 -9999.0 -9999.0 -9999.0 -9999.0 -9999.0 -9999.0 -9999.0 -9999.0 -9999.0 -9999.0 -9999.0 -9999.0 -9999.0 -9999.0 -9999.0 -9999.0 -9999.0 -9999.0 -9999.0 -9999.0 -9999.0 -9999.0 -9999.0 -9999.0 -9999.0 -9999.0 -9999.0 -9999.0 -9999.0 -9999.0 -9999.0 -9999.0 -9999.0 -9999.0 -9999.0 -9999.0 -9999.0 -9999.0 -9999.0 -9999.0 -9999.0 -9999.0 -9999.0 -9999.0 -9999.0 -9999.0 -9999.0 -9999.0 -9999.0 -9999.0 -9999.0 -9999.0 -9999.0 -9999.0 -9999.0 -9999.0 -9999.0 -9999.0 -9999.0 -9999.0 -9999.0
-9999.0 -9999.0 -9999.0 -9999.0 -9999.0 -9999.0 -9999.0 -9999.0 -9999.0 -9999.0 -9999.0 -9999.0 -9999.0 -9999.0 -9999.0 -9999.0 -9999.0 -9999.0 -9999.0 -9999.0 -9999.0 -9999.0 -9999.0 -9999.0 -9999.0 -9999.0 -9999.0 -9999.0 -9999.0 -9999.0 -9999.0 -9999.0 -9999.0 -9999.0 -9999.0 -9999.0 -9999.0 -9999.0 -9999.0 -9999.0 -9999.0 -9999.0 -9999.0 -9999.0 -9999.0 -9999.0 -9999.0 -9999.0 -9999.0 -9999.0 -9999.0 -9999.0 -9999.0 -9999.0 -9999.0 -9999.0 -9999.0 -9999.0 -9999.0 -9999.0 -9999.0 -9999.0 -9999.0 -9999.0 -9999.0 -9999.0 -9999.0 -9999.0 -9999.0 -9999.0 -9999.0 -9999.0 -9999.0 -9999.0 -9999.0 -9999.0 -9999.0 -9999.0 -9999.0 -9999.0 -9999.0 -9999.0 -9999.0 -9999.0 -9999.0 -9999.0 -9999.0 -9999.0 -9999.0 -9999.0 -9999.0 -9999.0 -9999.0 -9999.0 -9999.0 -9999.0 -9999.0 -9999.0 -9999.0 -9999.0 -9999.0 -9999.0 -9999.0 -9999.0
-9999.0 -9999.0 -1046.089997 -1177.047029 -1245.368527 -1282.340600 -1303.087913 -1315.134001 -1322.343108 -1326.769335 -1329.543927 -1331.311753 -1332.452283 -1333.195084 -1333.682282 -1334.003519 -1334.216161 -1334.357332 -1334.451258 -1334.513855 -1334.555624 -1334.583522 -1334.602168 -1334.614637 -1334.622979 -1334.628561 -1334.632297 -1334.634797 -1334.636470 -1334.637590 -1334.638340 -1334.638841 -1334.639176 -1334.639401 -1334.639551 -1334.639652 -1334.639719 -1334.639765 -1334.639795 -1334.639815 -1334.639829 -1334.639838 -1334.639844 -1334.639848 -1334.639851 -1334.639853 -1334.639854 -1334.639855 -1334.639856 -1334.639856 -1334.639856 -1334.639857 -1334.639857 -1334.639857 -1334.639857 -1334.639858 -1334.639859 -1334.639860 -1334.639861 -1334.639863 -1334.639866 -1334.639871 -1334.639878 -1334.639888 -1334.639904 -1334.639927 -1334.639962 -1334.640014 -1334.640091 -1334.640206 -1334.640378 -1334.640635 -1334.641019 -1334.641592 -1334.642448 -1334.643726 -1334.645636 -1334.648490 -1334.652756 -1334.659137 -1334.668685 -1334.682982 -1334.704406 -1334.736541 -1334.784800 -1334.857383 -1334.966759 -1335.131970 -1335.382280 -1335.763005 -1336.345001 -1337.240453 -1338.629811 -1340.809106 -1344.275817 -1349.890201 -1359.189207 -1375.017892 -1402.835923 -1453.468621 -1548.857360 -1733.155628 -9999.0 -9999.0
-9999.0 -9999.0 -1046.089999 -1177.047029 -1245.368527 -1282.340600 -1303.087914 -1315.133999 -1322.343105 -1326.769334 -1329.543925 -1331.311752 -1332.452282 -1333.195083 -1333.682282 -1334.003518 -1334.216160 -1334.357330 -1334.451257 -1334.513854 -1334.555623 -1334.583520 -1334.602167 -1334.614636 -1334.622978 -1334.628560 -1334.632295 -1334.634796 -1334.636469 -1334.637589 -1334.638338 -1334.638840 -1334.639175 -1334.639400 -1334.639550 -1334.639650 -1334.639718 -1334.639763 -1334.639793 -1334.639814 -1334.639827 -1334.639837 -1334.639843 -1334.639847 -1334.639850 -1334.639852 -1334.639853 -1334.639854 -1334.639854 -1334.639855 -1334.639855 -1334.639855 -1334.639855 -1334.639856 -1334.639856 -1334.639857 -1334.639857 -1334.639858 -1334.639860 -1334.639862 -1334.639865 -1334.639869 -1334.639876 -1334.639887 -1334.639902 -1334.639926 -1334.639960 -1334.640012 -1334.640089 -1334.640205 -1334.640377 -1334.640634 -1334.641018 -1334.641591 -1334.642447 -1334.643725 -1334.645634 -1334.648488 -1334.652755 -1334.659136 -1334.668684 -1334.682981 -1334.704404 -1334.736539 -1334.784798 -1334.857382 -1334.966757 -1335.131968 -1335.382279 -1335.763004 -1336.344999 -1337.240451 -1338.629809 -1340.809104 -1344.275813 -1349.890197 -1359.189202 -1375.017890 -1402.835919 -1453.468618 -1548.857358 -1733.155625 -9999.0 -9999.0
-9999.0 -9999.0 -1046.089999 -1177.047030 -1245.368528 -1282.340598 -1303.087914 -1315.133999 -1322.343104 -1326.769332 -1329.543924 -1331.311751 -1332.452281 -1333.195082 -1333.682281 -1334.003517 -1334.216159 -1334.357329 -1334.451256 -1334.513852 -1334.555622 -1334.583519 -1334.602165 -1334.614635 -1334.622976 -1334.628558 -1334.632294 -1334.634794 -1334.636468 -1334.637587 -1334.638337 -1334.638838 -1334.639174 -1334.639398 -1334.639548 -1334.639649 -1334.639717 -1334.639762 -1334.639792 -1334.639812 -1334.639826 -1334.639835 -1334.639841 -1334.639846 -1334.639848 -1334.639850 -1334.639851 -1334.639852 -1334.639853 -1334.639853 -1334.639854 -1334.639854 -1334.639854 -1334.639854 -1334.639855 -1334.639855 -1334.639856 -1334.639857 -1334.639858 -1334.639860 -1334.639863 -1334.639868 -1334.639875 -1334.639886 -1334.639901 -1334.639924 -1334.639959 -1334.640011 -1334.640088 -1334.640203 -1334.640376 -1334.640633 -1334.641016 -1334.641589 -1334.642445 -1334.643723 -1334.645633 -1334.648487 -1334.652753 -1334.659134 -1334.668682 -1334.682979 -1334.704403 -1334.736538 -1334.784797 -1334.857380 -1334.966755 -1335.131966 -1335.382277 -1335.763002 -1336.344998 -1337.240449 -1338.629807 -1340.809100 -1344.275809 -1349.890192 -1359.189199 -1375.017887 -1402.835918 -1453.468617 -1548.857354 -1733.155622 -9999.0 -9999.0
-9999.0 -9999.0 -1046.089999 -1177.047030 -1245.368528 -1282.340598 -1303.087914 -1315.133999 -1322.343104 -1326.769332 -1329.543924 -1331.311751 -1332.452281 -1333.195082 -1333.682281 -1334.003517 -1334.216159 -1334.357329 -1334.451256 -1334.513852 -1334.555622 -1334.583519 -1334.602165 -1334.614635 -1334.622976 -1334.628558 -1334.632294 -1334.634794 -1334.636468 -1334.637587 -1334.638337 -1334.638838 -1334.639174 -1334.639398 -1334.639548 -1334.639649 -1334.639717 -1334.639762 -1334.639792 -1334.639812 -1334.639826 -1334.639835 -1334.639841 -1334.639846 -1334.639848 -1334.639850 -1334.639851 -1334.639852 -1334.639853 -1334.639853 -1334.639854 -1334.639854 -1334.639854 -1334.639854 -1334.639855 -1334.639855 -1334.639856 -1334.639857 -1334.639858 -1334.639860 -1334.639863 -1334.639868 -1334.639875 -1334.639886 -1334.639901 -1334.639924 -1334.639959 -1334.640011 -1334.640088 -1334.640203 -1334.640376 -1334.640633 -1334.641016 -1334.641589 -1334.642445 -1334.643723 -1334.645633 -1334.648487 -1334.652753 -1334.659134 -1334.668682 -1334.682979 -1334.704403 -1334.736538 -1334.784797 -1334.857380 -1334.966755 -1335.131966 -1335.382277 -1335.763002 -1336.344998 -1337.240449 -1338.629807 -1340.809100 -1344.275809 -1349.890192 -1359.189199 -1375.017887 -1402.835918 -1453.468617 -1548.857354 -1733.155622 -9999.0 -9999.0
-9999.0 -9999.0 -1046.089999 -1177.047029 -1245.368527 -1282.340600 -1303.087914 -1315.133999 -1322.343105 -1326.769334 -1329.543925 -1331.311752 -1332.452282 -1333.195083 -1333.682282 -1334.003518 -1334.216160 -1334.357330 -1334.451257 -1334.513854 -1334.555623 -1334.583520 -1334.602167 -1334.614636 -1334.622978 -1334.628560 -1334.632295 -1334.634796 -1334.636469 -1334.637589 -1334.638338 -1334.638840 -1334.639175 -1334.639400 -1334.639550 -1334.639650 -1334.639718 -1334.639763 -1334.639793 -1334.639814 -1334.639827 -1334.639837 -1334.639843 -1334.639847 -1334.639850 -1334.639852 -1334.639853 -1334.639854 -1334.639854 -1334.639855 -1334.639855 -1334.639855 -1334.639855 -1334.639856 -1334.639856 -1334.639857 -1334.639857 -1334.639858 -1334.639860 -1334.639862 -1334.639865 -1334.639869 -1334.639876 -1334.639887 -1334.639902 -1334.639926 -1334.639960 -1334.640012 -1334.640089 -1334.640205 -1334.640377 -1334.640634 -1334.641018 -1334.641591 -1334.642447 -1334.643725 -1334.645634 -1334.648488 -1334.652755 -1334.659136 -1334.668684 -1334.682981 -1334.704404 -1334.736539 -1334.784798 -1334.857382 -1334.966757 -1335.131968 -1335.382279 -1335.763004 -1336.344999 -1337.240451 -1338.629809 -1340.809104 -1344.275813 -1349.890197 -1359.189202 -1375.017890 -1402.835919 -1453.468618 -1548.857358 -1733.155625 -9999.0 -9999.0
-9999.0 -9999.0 -1046.089997 -1177.047029 -1245.368527 -1282.340600 -1303.087913 -1315.134001 -1322.343108 -1326.769335 -1329.543927 -1331.311753 -1332.452283 -1333.195084 -1333.682282 -1334.003519 -1334.216161 -1334.357332 -1334.451258 -1334.513855 -1334.555624 -1334.583522 -1334.602168 -1334.614637 -1334.622979 -1334.628561 -1334.632297 -1334.634797 -1334.636470 -1334.637590 -1334.638340 -1334.638841 -1334.639176 -1334.639401 -1334.639551 -1334.639652 -1334.639719 -1334.639765 -1334.639795 -1334.639815 -1334.639829 -1334.639838 -1334.639844 -1334.639848 -1334.639851 -1334.639853 -1334.639854 -1334.639855 -1334.639856 -1334.639856 -1334.639856 -1334.639857 -1334.639857 -1334.639857 -1334.639857 -1334.639858 -1334.639859 -1334.639860 -1334.639861 -1334.639863 -1334.639866 -1334.639871 -1334.639878 -1334.639888 -1334.639904 -1334.639927 -1334.639962 -1334.640014 -1334.640091 -1334.640206 -1334.640378 -1334.640635 -1334.641019 -1334.641592 -1334.642448 -1334.643726 -1334.645636 -1334.648490 -1334.652756 -1334.659137 -1334.668685 -1334.682982 -1334.704406 -1334.736541 -1334.784800 -1334.857383 -1334.966759 -1335.131970 -1335.382280 -1335.763005 -1336.345001 -1337.240453 -1338.629811 -1340.809106 -1344.275817 -1349.890201 -1359.189207 -1375.017892 -1402.835923 -1453.468621 -1548.857360 -1733.155628 -9999.0 -9999.0
-9999.0 -9999.0 -9999.0 -9999.0 -9999.0 -9999.0 -9999.0 -9999.0 -9999.0 -9999.0 -9999.0 -9999.0 -9999.0 -9999.0 -9999.0 -9999.0 -9999.0 -9999.0 -9999.0 -9999.0 -9999.0 -9999.0 -9999.0 -9999.0 -9999.0 -9999.0 -9999.0 -9999.0 -9999.0 -9999.0 -9999.0 -9999.0 -9999.0 -9999.0 -9999.0 -9999.0 -9999.0 -9999.0 -9999.0 -9999.0 -9999.0 -9999.0 -9999.0 -9999.0 -9999.0 -9999.0 -9999.0 -9999.0 -9999.0 -9999.0 -9999.0 -9999.0 -9999.0 -9999.0 -9999.0 -9999.0 -9999.0 -9999.0 -9999.0 -9999.0 -9999.0 -9999.0 -9999.0 -9999.0 -9999.0 -9999.0 -9999.0 -9999.0 -9999.0 -9999.0 -9999.0 -9999.0 -9999.0 -9999.0 -9999.0 -9999.0 -9999.0 -9999.0 -9999.0 -9999.0 -9999.0 -9999.0 -9999.0 -9999.0 -9999.0 -9999.0 -9999.0 -9999.0 -9999.0 -9999.0 -9999.0 -9999.0 -9999.0 -9999.0 -9999.0 -9999.0 -9999.0 -9999.0 -9999.0 -9999.0 -9999.0 -9999.0 -9999.0 -9999.0
-9999.0 -9999.0 -9999.0 -9999.0 -9999.0 -9999.0 -9999.0 -9999.0 -9999.0 -9999.0 -9999.0 -9999.0 -9999.0 -9999.0 -9999.0 -9999.0 -9999.0 -9999.0 -9999.0 -9999.0 -9999.0 -9999.0 -9999.0 -9999.0 -9999.0 -9999.0 -9999.0 -9999.0 -9999.0 -9999.0 -9999.0 -9999.0 -9999.0 -9999.0 -9999.0 -9999.0 -9999.0 -9999.0 -9999.0 -9999.0 -9999.0 -9999.0 -9999.0 -9999.0 -9999.0 -9999.0 -9999.0 -9999.0 -9999.0 -9999.0 -9999.0 -9999.0 -9999.0 -9999.0 -9999.0 -9999.0 -9999.0 -9999.0 -9999.0 -9999.0 -9999.0 -9999.0 -9999.0 -9999.0 -9999.0 -9999.0 -9999.0 -9999.0 -9999.0 -9999.0 -9999.0 -9999.0 -9999.0 -9999.0 -9999.0 -9999.0 -9999.0 -9999.0 -9999.0 -9999.0 -9999.0 -9999.0 -9999.0 -9999.0 -9999.0 -9999.0 -9999.0 -9999.0 -9999.0 -9999.0 -9999.0 -9999.0 -9999.0 -9999.0 -9999.0 -9999.0 -9999.0 -9999.0 -9999.0 -9999.0 -9999.0 -9999.0 -9999.0 -9999.0