tests/3D/hillslope01/output-maps-SE27XX/psiliqL0083N0001.asc
ncols         104
nrows         10
xllcorner     -2.000000
yllcorner     0.000000
cellsize      1.000000
NODATA_value  -9999.0
-9999.0 -9999.0 -9999.0 -9999.0 -9999.0 -9999.0 -9999.0 -9999.0 -9999.0 -9999.0 -9999.0 -9999.0 -9999.0 -9999.0 -9999.0 -9999.0 -9999.0 -9999.0 -9999.0 -9999.0 -9999.0 -9999.0 -9999.0 -9999.0 -9999.0 -9999.0 -9999.0 -9999.0 -9999.0 -9999.0 -9999.0 -9999.0 -9999.0 -9999.0 -9999.0 -9999.0 -9999.0 -9999.0 -9999.0 -9999.0 -9999.0 -9999.0 -9999.0 -9999.0 -9999.0 -9999.0 -9999.0 -9999.0 -9999.0 -9999.0 -9999.0 -9999.0 -9999.0 -9999.0 -9999.0 -9999.0 -9999.0 -9999.0 -9999.0 -9999.0 -9999.0 -9999.0 -9999.0 -9999.0 -9999.0 -9999.0 -9999.0 -9999.0 -9999.0 -9999.0 -9999.0 -9999.0 -9999.0 -9999.0 -9999.0 -9999.0 -9999.0 -9999.0 -9999.0 -9999.0 -9999.0 -9999.0 -9999.0 -9999.0 -9999.0 -9999.0 -9999.0 -9999.0 -9999.0 -9999.0 -9999.0 -9999.0 -9999.0 -9999.0 -9999.0 -9999.0 -9999.0 -9999.0 -9999.0 -9999.0 -9999.0 -9999.0 -9999.0 -9999.0
-9999.0 -9999.0 -9999.0 -9999.0 -9999.0 -9999.0 -9999.0 -9999.0 -9999.0 -9999.0 -9999.0 -9999.0 -9999.0 -9999.0 -9999.0 -9999.0 -9999.0 -9999.0 -9999.0 -9999.0 -9999.0 -9999.0 -9999.0 -9999.0 -9999.0 -9999.0 -9999.0 -9999.0 -9999.0 -9999.0 -9999.0 -9999.0 -9999.0 -9999.0 -9999.0 -9999.0 -9999.0 -9999.0 -9999.0 -9999.0 -9999.0 -9999.0 -9999.0 -9999.0 -9999.0 -9999.0 -9999.0 -9999.0 -9999.0 -9999.0 -9999.0 -9999.0 -9999.0 -9999.0 -9999.0 -9999.0 -9999.0 -9999.0 -9999.0 -9999.0 -9999.0 -9999.0 -9999.0 -9999.0 -9999.0 -9999.0 -9999.0 -9999.0 -9999.0 -9999.0 -9999.0 -9999.0 -9999.0 -9999.0 -9999.0 -9999.0 -9999.0 -9999.0 -9999.0 -9999.0 -9999.0 -9999.0 -9999.0 -9999.0 -9999.0 -9999.0 -9999.0 -9999.0 -9999.0 -9999.0 -9999.0 -9999.0 -9999.0 -9999.0 -9999.0 -9999.0 -9999.0 -9999.0 -9999.0 -9999.0 -9999.0 -9999.0 -9999.0 -9999.0
-9999.0 -9999.0 3950.857342 3860.246118 3778.776396 3706.008621 3641.385255 3584.280644 3534.042554 3490.017748 3451.575498 3418.120777 3389.097592 3363.990653 3342.323474 3323.661681 3307.618870 3293.858769 3282.088518 3272.047752 3263.504099 3256.251074 3250.106424 3244.910409 3240.523918 3236.826469 3233.714196 3231.097897 3228.901210 3227.058942 3225.515563 3224.223872 3223.143822 3222.241484 3221.488160 3220.859600 3220.335335 3219.898105 3219.533353 3219.228809 3218.974122 3218.760544 3218.580668 3218.428191 3218.297722 3218.184602 3218.084766 3217.994606 3217.910872 3217.830589 3217.750994 3217.669474 3217.583448 3217.490253 3217.387055 3217.270754 3217.137896 3216.984579 3216.806349 3216.598082 3216.353852 3216.066784 3215.728881 3215.330827 3214.861765 3214.309038 3213.657892 3212.891141 3211.988775 3210.927519 3209.680324 3208.215798 3206.497551 3204.483463 3202.124870 3199.365663 3196.141305 3192.377798 3187.990622 3182.883726 3176.948684 3170.064224 3162.096365 3152.899053 3142.313186 3130.157760 3116.211910 3100.211682 3081.854830 3060.809311 3036.722803 3009.224320 2977.902888 2942.283193 2901.854788 2856.087792 2804.395879 2746.170150 2680.765214 2607.547222 2525.882367 2435.216874 -9999.0 -9999.0
-9999.0 -9999.0 3950.857342 3860.246117 3778.776395 3706.008621 3641.385255 3584.280644 3534.042554 3490.017748 3451.575498 3418.120777 3389.097592 3363.990653 3342.323474 3323.661681 3307.618870 3293.858769 3282.088518 3272.047752 3263.504099 3256.251074 3250.106424 3244.910409 3240.523918 3236.826469 3233.714196 3231.097897 3228.901210 3227.058942 3225.515563 3224.223872 3223.143822 3222.241484 3221.488160 3220.859600 3220.335335 3219.898105 3219.533353 3219.228809 3218.974122 3218.760544 3218.580668 3218.428191 3218.297722 3218.184602 3218.084766 3217.994606 3217.910872 3217.830589 3217.750994 3217.669474 3217.583448 3217.490253 3217.387055 3217.270754 3217.137896 3216.984579 3216.806349 3216.598082 3216.353852 3216.066784 3215.728881 3215.330827 3214.861765 3214.309038 3213.657892 3212.891141 3211.988775 3210.927519 3209.680324 3208.215798 3206.497551 3204.483463 3202.124870 3199.365663 3196.141305 3192.377798 3187.990622 3182.883726 3176.948684 3170.064224 3162.096365 3152.899053 3142.313186 3130.157760 3116.211910 3100.211682 3081.854830 3060.809311 3036.722803 3009.224320 2977.902888 2942.283193 2901.854788 2856.087792 2804.395879 2746.170150 2680.765214 2607.547222 2525.882367 2435.216874 -9999.0 -9999.0
-9999.0 -9999.0 3950.857342 3860.246117 3778.776395 3706.008621 3641.385255 3584.280644 3534.042554 3490.017748 3451.575497 3418.120777 3389.097592 3363.990653 3342.323474 3323.661681 3307.618870 3293.858769 3282.088518 3272.047752 3263.504099 3256.251074 3250.106424 3244.910409 3240.523918 3236.826469 3233.714196 3231.097897 3228.901210 3227.058942 3225.515563 3224.223872 3223.143822 3222.241484 3221.488160 3220.859600 3220.335335 3219.898105 3219.533353 3219.228809 3218.974122 3218.760544 3218.580668 3218.428191 3218.297722 3218.184602 3218.084766 3217.994606 3217.910872 3217.830589 3217.750994 3217.669474 3217.583448 3217.490253 3217.387055 3217.270754 3217.137896 3216.984579 3216.806349 3216.598082 3216.353852 3216.066784 3215.728881 3215.330827 3214.861765 3214.309038 3213.657892 3212.891141 3211.988775 3210.927519 3209.680324 3208.215798 3206.497551 3204.483463 3202.124870 3199.365663 3196.141305 3192.377798 3187.990622 3182.883726 3176.948684 3170.064224 3162.096365 3152.899053 3142.313186 3130.157760 3116.211910 3100.211682 3081.854830 3060.809311 3036.722803 3009.224320 2977.902888 2942.283193 2901.854788 2856.087792 2804.395879 2746.170150 2680.765214 2607.547222 2525.882367 2435.216874 -9999.0 -9999.0
-9999.0 -9999.0 3950.857342 3860.246117 3778.776395 3706.008621 3641.385255 3584.280644 3534.042554 3490.017748 3451.575497 3418.120777 3389.097592 3363.990653 3342.323474 3323.661681 3307.618870 3293.858769 3282.088518 3272.047752 3263.504099 3256.251074 3250.106424 3244.910409 3240.523918 3236.826469 3233.714196 3231.097897 3228.901210 3227.058942 3225.515563 3224.223872 3223.143822 3222.241484 3221.488160 3220.859600 3220.335335 3219.898105 3219.533353 3219.228809 3218.974122 3218.760544 3218.580668 3218.428191 3218.297722 3218.184602 3218.084766 3217.994606 3217.910872 3217.830589 3217.750994 3217.669474 3217.583448 3217.490253 3217.387055 3217.270754 3217.137896 3216.984579 3216.806349 3216.598082 3216.353852 3216.066784 3215.728881 3215.330827 3214.861765 3214.309038 3213.657892 3212.891141 3211.988775 3210.927519 3209.680324 3208.215798 3206.497551 3204.483463 3202.124870 3199.365663 3196.141305 3192.377798 3187.990622 3182.883726 3176.948684 3170.064224 3162.096365 3152.899053 3142.313186 3130.157760 3116.211910 3100.211682 3081.854830 3060.809311 3036.722803 3009.224320 2977.902888 2942.283193 2901.854788 2856.087792 2804.395879 2746.170150 2680.765214 2607.547222 2525.882367 2435.216874 -9999.0 -9999.0
-9999.0 -9999.0 3950.857342 3860.246117 3778.776395 3706.008621 3641.385255 3584.280644 3534.042554 3490.017748 3451.575498 3418.120777 3389.097592 3363.990653 3342.323474 3323.661681 3307.618870 3293.858769 3282.088518 3272.047752 3263.504099 3256.251074 3250.106424 3244.910409 3240.523918 3236.826469 3233.714196 3231.097897 3228.901210 3227.058942 3225.515563 3224.223872 3223.143822 3222.241484 3221.488160 3220.859600 3220.335335 3219.898105 3219.533353 3219.228809 3218.974122 3218.760544 3218.580668 3218.428191 3218.297722 3218.184602 3218.084766 3217.994606 3217.910872 3217.830589 3217.750994 3217.669474 3217.583448 3217.490253 3217.387055 3217.270754 3217.137896 3216.984579 3216.806349 3216.598082 3216.353852 3216.066784 3215.728881 3215.330827 3214.861765 3214.309038 3213.657892 3212.891141 3211.988775 3210.927519 3209.680324 3208.215798 3206.497551 3204.483463 3202.124870 3199.365663 3196.141305 3192.377798 3187.990622 3182.883726 3176.948684 3170.064224 3162.096365 3152.899053 3142.313186 3130.157760 3116.211910 3100.211682 3081.854830 3060.809311 3036.722803 3009.224320 2977.902888 2942.283193 2901.854788 2856.087792 2804.395879 2746.170150 2680.765214 2607.547222 2525.882367 2435.216874 -9999.0 -9999.0
-9999.0 -9999.0 3950.857342 3860.246118 3778.776396 3706.008621 3641.385255 3584.280644 3534.042554 3490.017748 3451.575498 3418.120777 3389.097592 3363.990653 3342.323474 3323.661681 3307.618870 3293.858769 3282.088518 3272.047752 3263.504099 3256.251074 3250.106424 3244.910409 3240.523918 3236.826469 3233.714196 3231.097897 3228.901210 3227.058942 3225.515563 3224.223872 3223.143822 3222.241484 3221.488160 3220.859600 3220.335335 3219.898105 3219.533353 3219.228809 3218.974122 3218.760544 3218.580668 3218.428191 3218.297722 3218.184602 3218.084766 3217.994606 3217.910872 3217.830589 3217.750994 3217.669474 3217.583448 3217.490253 3217.387055 3217.270754 3217.137896 3216.984579 3216.806349 3216.598082 3216.353852 3216.066784 3215.728881 3215.330827 3214.861765 3214.309038 3213.657892 3212.891141 3211.988775 3210.927519 3209.680324 3208.215798 3206.497551 3204.483463 3202.124870 3199.365663 3196.141305 3192.377798 3187.990622 3182.883726 3176.948684 3170.064224 3162.096365 3152.899053 3142.313186 3130.157760 3116.211910 3100.211682 3081.854830 3060.809311 3036.722803 3009.224320 2977.902888 2942.283193 2901.854788 2856.087792 2804.395879 2746.170150 2680.765214 2607.547222 2525.882367 2435.216874 -9999.0 -9999.0
-9999.0 -9999.0 -9999.0 -9999.0 -9999.0 -9999.0 -9999.0 -9999.0 -9999.0 -9999.0 -9999.0 -9999.0 -9999.0 -9999.0 -9999.0 -9999.0 -9999.0 -9999.0 -9999.0 -9999.0 -9999.0 -9999.0 -9999.0 -9999.0 -9999.0 -9999.0 -9999.0 -9999.0 -9999.0 -9999.0 -9999.0 -9999.0 -9999.0 -9999.0 -9999.0 -9999.0 -9999.0 -9999.0 -9999.0 -9999.0 -9999.0 -9999.0 -9999.0 -9999.0 -9999.0 -9999.0 -9999.0 -9999.0 -9999.0 -9999.0 -9999.0 -9999.0 -9999.0 -9999.0 -9999.0 -9999.0 -9999.0 -9999.0 -9999.0 -9999.0 -9999.0 -9999.0 -9999.0 -9999.0 -9999.0 -9999.0 -9999.0 -9999.0 -9999.0 -9999.0 -9999.0 -9999.0 -9999.0 -9999.0 -9999.0 -9999.0 -9999.0 -9999.0 -9999.0 -9999.0 -9999.0 -9999.0 -9999.0 -9999.0 -9999.0 -9999.0 -9999.0 -9999.0 -9999.0 -9999.0 -9999.0 -9999.0 -9999.0 -9999.0 -9999.0 -9999.0 -9999.0 -9999.0 -9999.0 -9999.0 -9999.0 -9999.0 -9999.0 -9999.0
-9999.0 -9999.0 -9999.0 -9999.0 -9999.0 -9999.0 -9999.0 -9999.0 -9999.0 -9999.0 -9999.0 -9999.0 -9999.0 -9999.0 -9999.0 -9999.0 -9999.0 -9999.0 -9999.0 -9999.0 -9999.0 -9999.0 -9999.0 -9999.0 -9999.0 -9999.0 -9999.0 -9999.0 -9999.0 -9999.0 -9999.0 -9999.0 -9999.0 -9999.0 -9999.0 -9999.0 -9999.0 -9999.0 -9999.0 -9999.0 -9999.0 -9999.0 -9999.0 -9999.0 -9999.0 -9999.0 -9999.0 -9999.0 -9999.0 -9999.0 -9999.0 -9999.0 -9999.0 -9999.0 -9999.0 -9999.0 -9999.0 -9999.0 -9999.0 -9999.0 -9999.0 -9999.0 -9999.0 -9999.0 -9999.0 -9999.0 -9999.0 -9999.0 -9999.0 -9999.0 -9999.0 -9999.0 -9999.0 -9999.0 -9999.0 -9999.0 -9999.0 -9999.0 -9999.0 -9999.0 -9999.0 -9999.0 -9999.0 -9999.0 -9999.0 -9999.0 -9999.0 -9999.0 -9999.0 -9999.0 -9999.0 -9999.0 -9999.0 -9999.0 -9999.0 -9999.0 -9999.0 -9999.0 -9999.0 -9999.0 -9999.0 -9999.0 -9999.0 -9999.0