tests/3D/hillslope01/output-maps-SE27XX/psiliqL0067N0001.asc
ncols         104
nrows         10
xllcorner     -2.000000
yllcorner     0.000000
cellsize      1.000000
NODATA_value  -9999.0
-9999.0 -9999.0 -9999.0 -9999.0 -9999.0 -9999.0 -9999.0 -9999.0 -9999.0 -9999.0 -9999.0 -9999.0 -9999.0 -9999.0 -9999.0 -9999.0 -9999.0 -9999.0 -9999.0 -9999.0 -9999.0 -9999.0 -9999.0 -9999.0 -9999.0 -9999.0 -9999.0 -9999.0 -9999.0 -9999.0 -9999.0 -9999.0 -9999.0 -9999.0 -9999.0 -9999.0 -9999.0 -9999.0 -9999.0 -9999.0 -9999.0 -9999.0 -9999.0 -9999.0 -9999.0 -9999.0 -9999.0 -9999.0 -9999.0 -9999.0 -9999.0 -9999.0 -9999.0 -9999.0 -9999.0 -9999.0 -9999.0 -9999.0 -9999.0 -9999.0 -9999.0 -9999.0 -9999.0 -9999.0 -9999.0 -9999.0 -9999.0 -9999.0 -9999.0 -9999.0 -9999.0 -9999.0 -9999.0 -9999.0 -9999.0 -9999.0 -9999.0 -9999.0 -9999.0 -9999.0 -9999.0 -9999.0 -9999.0 -9999.0 -9999.0 -9999.0 -9999.0 -9999.0 -9999.0 -9999.0 -9999.0 -9999.0 -9999.0 -9999.0 -9999.0 -9999.0 -9999.0 -9999.0 -9999.0 -9999.0 -9999.0 -9999.0 -9999.0 -9999.0
-9999.0 -9999.0 -9999.0 -9999.0 -9999.0 -9999.0 -9999.0 -9999.0 -9999.0 -9999.0 -9999.0 -9999.0 -9999.0 -9999.0 -9999.0 -9999.0 -9999.0 -9999.0 -9999.0 -9999.0 -9999.0 -9999.0 -9999.0 -9999.0 -9999.0 -9999.0 -9999.0 -9999.0 -9999.0 -9999.0 -9999.0 -9999.0 -9999.0 -9999.0 -9999.0 -9999.0 -9999.0 -9999.0 -9999.0 -9999.0 -9999.0 -9999.0 -9999.0 -9999.0 -9999.0 -9999.0 -9999.0 -9999.0 -9999.0 -9999.0 -9999.0 -9999.0 -9999.0 -9999.0 -9999.0 -9999.0 -9999.0 -9999.0 -9999.0 -9999.0 -9999.0 -9999.0 -9999.0 -9999.0 -9999.0 -9999.0 -9999.0 -9999.0 -9999.0 -9999.0 -9999.0 -9999.0 -9999.0 -9999.0 -9999.0 -9999.0 -9999.0 -9999.0 -9999.0 -9999.0 -9999.0 -9999.0 -9999.0 -9999.0 -9999.0 -9999.0 -9999.0 -9999.0 -9999.0 -9999.0 -9999.0 -9999.0 -9999.0 -9999.0 -9999.0 -9999.0 -9999.0 -9999.0 -9999.0 -9999.0 -9999.0 -9999.0 -9999.0 -9999.0
-9999.0 -9999.0 2329.241499 2239.591362 2159.835556 2089.247086 2027.087065 1972.560949 1924.918158 1883.407036 1847.342465 1816.115131 1789.157176 1765.961324 1746.037302 1728.928694 1714.240433 1701.661969 1690.943827 1681.840942 1674.129917 1667.611628 1662.111117 1657.476359 1653.576275 1650.298432 1647.546738 1645.239282 1643.306391 1641.688901 1640.336652 1639.207183 1638.264591 1637.478563 1636.823531 1636.277953 1635.823692 1635.445491 1635.130516 1634.867973 1634.648776 1634.465265 1634.310965 1634.180379 1634.068807 1633.972192 1633.886979 1633.809991 1633.738319 1633.669241 1633.600260 1633.529233 1633.454015 1633.372329 1633.281701 1633.179394 1633.062341 1632.927065 1632.769581 1632.585300 1632.368901 1632.114200 1631.813992 1631.459868 1631.042013 1630.548963 1629.967332 1629.281501 1628.473246 1627.521332 1626.401025 1625.083547 1623.535446 1621.717874 1619.585767 1617.086909 1614.160873 1610.737835 1606.737263 1602.066520 1596.619462 1590.275370 1582.899403 1574.348983 1564.495716 1553.232255 1540.345779 1525.555571 1508.530436 1488.904228 1466.313073 1440.463693 1411.055397 1377.485492 1339.167997 1295.758224 1246.480270 1190.826734 1127.899522 1057.151692 977.628636 888.249799 -9999.0 -9999.0
-9999.0 -9999.0 2329.241499 2239.591362 2159.835556 2089.247086 2027.087065 1972.560949 1924.918158 1883.407036 1847.342465 1816.115131 1789.157176 1765.961324 1746.037302 1728.928694 1714.240433 1701.661969 1690.943827 1681.840942 1674.129917 1667.611628 1662.111117 1657.476359 1653.576275 1650.298432 1647.546738 1645.239282 1643.306391 1641.688901 1640.336652 1639.207183 1638.264591 1637.478563 1636.823531 1636.277953 1635.823692 1635.445490 1635.130516 1634.867973 1634.648776 1634.465265 1634.310965 1634.180379 1634.068807 1633.972192 1633.886979 1633.809991 1633.738319 1633.669241 1633.600260 1633.529233 1633.454015 1633.372329 1633.281701 1633.179394 1633.062341 1632.927065 1632.769581 1632.585300 1632.368901 1632.114200 1631.813992 1631.459868 1631.042013 1630.548963 1629.967332 1629.281501 1628.473246 1627.521332 1626.401025 1625.083547 1623.535446 1621.717874 1619.585767 1617.086909 1614.160873 1610.737835 1606.737263 1602.066520 1596.619462 1590.275370 1582.899403 1574.348983 1564.495716 1553.232255 1540.345779 1525.555571 1508.530436 1488.904228 1466.313073 1440.463693 1411.055397 1377.485492 1339.167997 1295.758224 1246.480270 1190.826734 1127.899522 1057.151692 977.628636 888.249799 -9999.0 -9999.0
-9999.0 -9999.0 2329.241499 2239.591362 2159.835556 2089.247086 2027.087065 1972.560949 1924.918158 1883.407036 1847.342465 1816.115130 1789.157176 1765.961324 1746.037302 1728.928694 1714.240433 1701.661969 1690.943827 1681.840942 1674.129917 1667.611628 1662.111117 1657.476359 1653.576275 1650.298432 1647.546738 1645.239282 1643.306391 1641.688901 1640.336652 1639.207183 1638.264591 1637.478563 1636.823531 1636.277953 1635.823692 1635.445490 1635.130516 1634.867973 1634.648776 1634.465265 1634.310965 1634.180379 1634.068807 1633.972192 1633.886979 1633.809991 1633.738319 1633.669241 1633.600260 1633.529233 1633.454015 1633.372329 1633.281701 1633.179394 1633.062341 1632.927065 1632.769581 1632.585300 1632.368901 1632.114200 1631.813992 1631.459868 1631.042013 1630.548963 1629.967332 1629.281501 1628.473246 1627.521332 1626.401025 1625.083547 1623.535446 1621.717874 1619.585767 1617.086909 1614.160873 1610.737835 1606.737263 1602.066520 1596.619462 1590.275370 1582.899403 1574.348983 1564.495716 1553.232255 1540.345779 1525.555571 1508.530436 1488.904228 1466.313073 1440.463693 1411.055397 1377.485492 1339.167997 1295.758224 1246.480270 1190.826734 1127.899522 1057.151692 977.628636 888.249800 -9999.0 -9999.0
-9999.0 -9999.0 2329.241499 2239.591362 2159.835556 2089.247086 2027.087065 1972.560949 1924.918158 1883.407036 1847.342465 1816.115130 1789.157176 1765.961324 1746.037302 1728.928694 1714.240433 1701.661969 1690.943827 1681.840942 1674.129917 1667.611628 1662.111117 1657.476359 1653.576275 1650.298432 1647.546738 1645.239282 1643.306391 1641.688901 1640.336652 1639.207183 1638.264591 1637.478563 1636.823531 1636.277953 1635.823692 1635.445490 1635.130516 1634.867973 1634.648776 1634.465265 1634.310965 1634.180379 1634.068807 1633.972192 1633.886979 1633.809991 1633.738319 1633.669241 1633.600260 1633.529233 1633.454015 1633.372329 1633.281701 1633.179394 1633.062341 1632.927065 1632.769581 1632.585300 1632.368901 1632.114200 1631.813992 1631.459868 1631.042013 1630.548963 1629.967332 1629.281501 1628.473246 1627.521332 1626.401025 1625.083547 1623.535446 1621.717874 1619.585767 1617.086909 1614.160873 1610.737835 1606.737263 1602.066520 1596.619462 1590.275370 1582.899403 1574.348983 1564.495716 1553.232255 1540.345779 1525.555571 1508.530436 1488.904228 1466.313073 1440.463693 1411.055397 1377.485492 1339.167997 1295.758224 1246.480270 1190.826734 1127.899522 1057.151692 977.628636 888.249800 -9999.0 -9999.0
-9999.0 -9999.0 2329.241499 2239.591362 2159.835556 2089.247086 2027.087065 1972.560949 1924.918158 1883.407036 1847.342465 1816.115131 1789.157176 1765.961324 1746.037302 1728.928694 1714.240433 1701.661969 1690.943827 1681.840942 1674.129917 1667.611628 1662.111117 1657.476359 1653.576275 1650.298432 1647.546738 1645.239282 1643.306391 1641.688901 1640.336652 1639.207183 1638.264591 1637.478563 1636.823531 1636.277953 1635.823692 1635.445490 1635.130516 1634.867973 1634.648776 1634.465265 1634.310965 1634.180379 1634.068807 1633.972192 1633.886979 1633.809991 1633.738319 1633.669241 1633.600260 1633.529233 1633.454015 1633.372329 1633.281701 1633.179394 1633.062341 1632.927065 1632.769581 1632.585300 1632.368901 1632.114200 1631.813992 1631.459868 1631.042013 1630.548963 1629.967332 1629.281501 1628.473246 1627.521332 1626.401025 1625.083547 1623.535446 1621.717874 1619.585767 1617.086909 1614.160873 1610.737835 1606.737263 1602.066520 1596.619462 1590.275370 1582.899403 1574.348983 1564.495716 1553.232255 1540.345779 1525.555571 1508.530436 1488.904228 1466.313073 1440.463693 1411.055397 1377.485492 1339.167997 1295.758224 1246.480270 1190.826734 1127.899522 1057.151692 977.628636 888.249799 -9999.0 -9999.0
-9999.0 -9999.0 2329.241499 2239.591362 2159.835556 2089.247086 2027.087065 1972.560949 1924.918158 1883.407036 1847.342465 1816.115131 1789.157176 1765.961324 1746.037302 1728.928694 1714.240433 1701.661969 1690.943827 1681.840942 1674.129917 1667.611628 1662.111117 1657.476359 1653.576275 1650.298432 1647.546738 1645.239282 1643.306391 1641.688901 1640.336652 1639.207183 1638.264591 1637.478563 1636.823531 1636.277953 1635.823692 1635.445490 1635.130516 1634.867973 1634.648776 1634.465265 1634.310965 1634.180379 1634.068807 1633.972192 1633.886979 1633.809991 1633.738319 1633.669241 1633.600260 1633.529233 1633.454015 1633.372329 1633.281701 1633.179394 1633.062341 1632.927065 1632.769581 1632.585300 1632.368901 1632.114200 1631.813992 1631.459868 1631.042013 1630.548963 1629.967332 1629.281501 1628.473246 1627.521332 1626.401025 1625.083547 1623.535446 1621.717874 1619.585767 1617.086909 1614.160873 1610.737835 1606.737263 1602.066520 1596.619462 1590.275370 1582.899403 1574.348983 1564.495716 1553.232255 1540.345779 1525.555571 1508.530436 1488.904228 1466.313073 1440.463693 1411.055397 1377.485492 1339.167997 1295.758224 1246.480270 1190.826734 1127.899522 1057.151692 977.628636 888.249799 -9999.0 -9999.0
-9999.0 -9999.0 -9999.0 -9999.0 -9999.0 -9999.0 -9999.0 -9999.0 -9999.0 -9999.0 -9999.0 -9999.0 -9999.0 -9999.0 -9999.0 -9999.0 -9999.0 -9999.0 -9999.0 -9999.0 -9999.0 -9999.0 -9999.0 -9999.0 -9999.0 -9999.0 -9999.0 -9999.0 -9999.0 -9999.0 -9999.0 -9999.0 -9999.0 -9999.0 -9999.0 -9999.0 -9999.0 -9999.0 -9999.0 -9999.0 -9999.0 -9999.0 -9999.0 -9999.0 -9999.0 -9999.0 -9999.0 -9999.0 -9999.0 -9999.0 -9999.0 -9999.0 -9999.0 -9999.0 -9999.0 -9999.0 -9999.0 -9999.0 -9999.0 -9999.0 -9999.0 -9999.0 -9999.0 -9999.0 -9999.0 -9999.0 -9999.0 -9999.0 -9999.0 -9999.0 -9999.0 -9999.0 -9999.0 -9999.0 -9999.0 -9999.0 -9999.0 -9999.0 -9999.0 -9999.0 -9999.0 -9999.0 -9999.0 -9999.0 -9999.0 -9999.0 -9999.0 -9999.0 -9999.0 -9999.0 -9999.0 -9999.0 -9999.0 -9999.0 -9999.0 -9999.0 -9999.0 -9999.0 -9999.0 -9999.0 -9999.0 -9999.0 -9999.0 -9999.0
-9999.0 -9999.0 -9999.0 -9999.0 -9999.0 -9999.0 -9999.0 -9999.0 -9999.0 -9999.0 -9999.0 -9999.0 -9999.0 -9999.0 -9999.0 -9999.0 -9999.0 -9999.0 -9999.0 -9999.0 -9999.0 -9999.0 -9999.0 -9999.0 -9999.0 -9999.0 -9999.0 -9999.0 -9999.0 -9999.0 -9999.0 -9999.0 -9999.0 -9999.0 -9999.0 -9999.0 -9999.0 -9999.0 -9999.0 -9999.0 -9999.0 -9999.0 -9999.0 -9999.0 -9999.0 -9999.0 -9999.0 -9999.0 -9999.0 -9999.0 -9999.0 -9999.0 -9999.0 -9999.0 -9999.0 -9999.0 -9999.0 -9999.0 -9999.0 -9999.0 -9999.0 -9999.0 -9999.0 -9999.0 -9999.0 -9999.0 -9999.0 -9999.0 -9999.0 -9999.0 -9999.0 -9999.0 -9999.0 -9999.0 -9999.0 -9999.0 -9999.0 -9999.0 -9999.0 -9999.0 -9999.0 -9999.0 -9999.0 -9999.0 -9999.0 -9999.0 -9999.0 -9999.0 -9999.0 -9999.0 -9999.0 -9999.0 -9999.0 -9999.0 -9999.0 -9999.0 -9999.0 -9999.0 -9999.0 -9999.0 -9999.0 -9999.0 -9999.0 -9999.0