tests/3D/hillslope01/output-maps-SE27XX/psiliqL0051N0001.asc
ncols         104
nrows         10
xllcorner     -2.000000
yllcorner     0.000000
cellsize      1.000000
NODATA_value  -9999.0
-9999.0 -9999.0 -9999.0 -9999.0 -9999.0 -9999.0 -9999.0 -9999.0 -9999.0 -9999.0 -9999.0 -9999.0 -9999.0 -9999.0 -9999.0 -9999.0 -9999.0 -9999.0 -9999.0 -9999.0 -9999.0 -9999.0 -9999.0 -9999.0 -9999.0 -9999.0 -9999.0 -9999.0 -9999.0 -9999.0 -9999.0 -9999.0 -9999.0 -9999.0 -9999.0 -9999.0 -9999.0 -9999.0 -9999.0 -9999.0 -9999.0 -9999.0 -9999.0 -9999.0 -9999.0 -9999.0 -9999.0 -9999.0 -9999.0 -9999.0 -9999.0 -9999.0 -9999.0 -9999.0 -9999.0 -9999.0 -9999.0 -9999.0 -9999.0 -9999.0 -9999.0 -9999.0 -9999.0 -9999.0 -9999.0 -9999.0 -9999.0 -9999.0 -9999.0 -9999.0 -9999.0 -9999.0 -9999.0 -9999.0 -9999.0 -9999.0 -9999.0 -9999.0 -9999.0 -9999.0 -9999.0 -9999.0 -9999.0 -9999.0 -9999.0 -9999.0 -9999.0 -9999.0 -9999.0 -9999.0 -9999.0 -9999.0 -9999.0 -9999.0 -9999.0 -9999.0 -9999.0 -9999.0 -9999.0 -9999.0 -9999.0 -9999.0 -9999.0 -9999.0
-9999.0 -9999.0 -9999.0 -9999.0 -9999.0 -9999.0 -9999.0 -9999.0 -9999.0 -9999.0 -9999.0 -9999.0 -9999.0 -9999.0 -9999.0 -9999.0 -9999.0 -9999.0 -9999.0 -9999.0 -9999.0 -9999.0 -9999.0 -9999.0 -9999.0 -9999.0 -9999.0 -9999.0 -9999.0 -9999.0 -9999.0 -9999.0 -9999.0 -9999.0 -9999.0 -9999.0 -9999.0 -9999.0 -9999.0 -9999.0 -9999.0 -9999.0 -9999.0 -9999.0 -9999.0 -9999.0 -9999.0 -9999.0 -9999.0 -9999.0 -9999.0 -9999.0 -9999.0 -9999.0 -9999.0 -9999.0 -9999.0 -9999.0 -9999.0 -9999.0 -9999.0 -9999.0 -9999.0 -9999.0 -9999.0 -9999.0 -9999.0 -9999.0 -9999.0 -9999.0 -9999.0 -9999.0 -9999.0 -9999.0 -9999.0 -9999.0 -9999.0 -9999.0 -9999.0 -9999.0 -9999.0 -9999.0 -9999.0 -9999.0 -9999.0 -9999.0 -9999.0 -9999.0 -9999.0 -9999.0 -9999.0 -9999.0 -9999.0 -9999.0 -9999.0 -9999.0 -9999.0 -9999.0 -9999.0 -9999.0 -9999.0 -9999.0 -9999.0 -9999.0
-9999.0 -9999.0 681.291812 593.852877 517.799809 451.207369 393.581484 343.488698 300.380290 263.113682 230.939432 203.386727 179.743117 159.705427 142.689857 128.144299 115.580244 104.776740 95.741771 88.140264 81.763497 76.420105 71.945710 68.201252 65.069633 62.452359 60.266582 58.442602 56.921767 55.654732 54.599996 53.722676 52.993468 52.387780 51.884985 51.467796 51.121737 50.834688 50.596508 50.398704 50.234165 50.096922 49.981953 49.885012 49.802485 49.731260 49.668612 49.612083 49.559345 49.507853 49.454667 49.399467 49.340757 49.276782 49.205574 49.124939 49.032402 48.925137 48.799897 48.652923 48.479844 48.275559 48.034107 47.748506 47.410578 47.010741 46.537771 45.978522 45.317608 44.537030 43.615749 42.529183 41.248626 39.740567 37.965894 35.878947 33.426399 30.545913 27.164525 23.196671 18.541714 13.080489 6.668300 -0.902109 -9.825103 -19.529363 -30.469225 -42.912076 -57.155655 -73.528379 -92.391662 -113.525593 -135.458906 -158.970118 -184.063982 -208.459905 -232.136708 -254.009122 -273.447542 -290.116952 -304.217365 -318.305013 -9999.0 -9999.0
-9999.0 -9999.0 681.291812 593.852877 517.799809 451.207369 393.581484 343.488698 300.380290 263.113682 230.939432 203.386727 179.743117 159.705427 142.689857 128.144299 115.580244 104.776740 95.741771 88.140264 81.763497 76.420105 71.945710 68.201252 65.069633 62.452358 60.266582 58.442602 56.921767 55.654732 54.599996 53.722676 52.993468 52.387780 51.884985 51.467796 51.121737 50.834688 50.596508 50.398704 50.234165 50.096922 49.981953 49.885012 49.802485 49.731260 49.668612 49.612083 49.559345 49.507853 49.454667 49.399467 49.340757 49.276782 49.205574 49.124939 49.032402 48.925137 48.799897 48.652923 48.479844 48.275559 48.034107 47.748506 47.410578 47.010741 46.537771 45.978522 45.317608 44.537030 43.615749 42.529183 41.248626 39.740567 37.965894 35.878947 33.426399 30.545913 27.164525 23.196671 18.541714 13.080489 6.668300 -0.902109 -9.825103 -19.529363 -30.469225 -42.912076 -57.155655 -73.528379 -92.391662 -113.525593 -135.458906 -158.970118 -184.063982 -208.459905 -232.136708 -254.009122 -273.447542 -290.116952 -304.217365 -318.305013 -9999.0 -9999.0
-9999.0 -9999.0 681.291812 593.852877 517.799809 451.207369 393.581484 343.488698 300.380290 263.113682 230.939432 203.386727 179.743117 159.705427 142.689857 128.144299 115.580244 104.776739 95.741771 88.140263 81.763497 76.420105 71.945710 68.201252 65.069633 62.452358 60.266582 58.442602 56.921767 55.654732 54.599996 53.722676 52.993468 52.387780 51.884985 51.467796 51.121737 50.834688 50.596508 50.398704 50.234165 50.096922 49.981953 49.885012 49.802485 49.731260 49.668612 49.612083 49.559345 49.507853 49.454667 49.399467 49.340757 49.276782 49.205574 49.124939 49.032402 48.925137 48.799897 48.652923 48.479844 48.275559 48.034107 47.748506 47.410578 47.010741 46.537771 45.978522 45.317608 44.537030 43.615749 42.529183 41.248625 39.740567 37.965894 35.878947 33.426399 30.545913 27.164525 23.196671 18.541714 13.080489 6.668300 -0.902109 -9.825103 -19.529363 -30.469225 -42.912076 -57.155655 -73.528379 -92.391662 -113.525593 -135.458906 -158.970118 -184.063982 -208.459905 -232.136708 -254.009122 -273.447542 -290.116952 -304.217365 -318.305013 -9999.0 -9999.0
-9999.0 -9999.0 681.291812 593.852877 517.799809 451.207369 393.581484 343.488698 300.380290 263.113682 230.939432 203.386727 179.743117 159.705427 142.689857 128.144299 115.580244 104.776739 95.741771 88.140263 81.763497 76.420105 71.945710 68.201252 65.069633 62.452358 60.266582 58.442602 56.921767 55.654732 54.599996 53.722676 52.993468 52.387780 51.884985 51.467796 51.121737 50.834688 50.596508 50.398704 50.234165 50.096922 49.981953 49.885012 49.802485 49.731260 49.668612 49.612083 49.559345 49.507853 49.454667 49.399467 49.340757 49.276782 49.205574 49.124939 49.032402 48.925137 48.799897 48.652923 48.479844 48.275559 48.034107 47.748506 47.410578 47.010741 46.537771 45.978522 45.317608 44.537030 43.615749 42.529183 41.248626 39.740567 37.965894 35.878947 33.426399 30.545913 27.164525 23.196671 18.541714 13.080489 6.668300 -0.902109 -9.825103 -19.529363 -30.469225 -42.912076 -57.155655 -73.528379 -92.391662 -113.525593 -135.458906 -158.970118 -184.063982 -208.459905 -232.136708 -254.009122 -273.447542 -290.116952 -304.217365 -318.305013 -9999.0 -9999.0
-9999.0 -9999.0 681.291812 593.852877 517.799809 451.207369 393.581484 343.488698 300.380290 263.113682 230.939432 203.386727 179.743117 159.705427 142.689857 128.144299 115.580244 104.776740 95.741771 88.140264 81.763497 76.420105 71.945710 68.201252 65.069633 62.452358 60.266582 58.442602 56.921767 55.654732 54.599996 53.722676 52.993468 52.387780 51.884985 51.467796 51.121737 50.834688 50.596508 50.398704 50.234165 50.096922 49.981953 49.885012 49.802485 49.731260 49.668612 49.612083 49.559345 49.507853 49.454667 49.399467 49.340757 49.276782 49.205574 49.124939 49.032402 48.925137 48.799897 48.652923 48.479844 48.275559 48.034107 47.748506 47.410578 47.010741 46.537771 45.978522 45.317608 44.537030 43.615749 42.529183 41.248626 39.740567 37.965894 35.878947 33.426399 30.545913 27.164525 23.196671 18.541714 13.080489 6.668300 -0.902109 -9.825103 -19.529363 -30.469225 -42.912076 -57.155655 -73.528379 -92.391662 -113.525593 -135.458906 -158.970118 -184.063982 -208.459905 -232.136708 -254.009122 -273.447542 -290.116952 -304.217365 -318.305013 -9999.0 -9999.0
-9999.0 -9999.0 681.291812 593.852877 517.799809 451.207369 393.581484 343.488698 300.380290 263.113682 230.939432 203.386727 179.743117 159.705427 142.689857 128.144299 115.580244 104.776740 95.741771 88.140264 81.763497 76.420105 71.945710 68.201252 65.069633 62.452359 60.266582 58.442602 56.921767 55.654732 54.599996 53.722676 52.993468 52.387780 51.884985 51.467796 51.121737 50.834688 50.596508 50.398704 50.234165 50.096922 49.981953 49.885012 49.802485 49.731260 49.668612 49.612083 49.559345 49.507853 49.454667 49.399467 49.340757 49.276782 49.205574 49.124939 49.032402 48.925137 48.799897 48.652923 48.479844 48.275559 48.034107 47.748506 47.410578 47.010741 46.537771 45.978522 45.317608 44.537030 43.615749 42.529183 41.248626 39.740567 37.965894 35.878947 33.426399 30.545913 27.164525 23.196671 18.541714 13.080489 6.668300 -0.902109 -9.825103 -19.529363 -30.469224 -42.912076 -57.155655 -73.528379 -92.391662 -113.525593 -135.458906 -158.970118 -184.063982 -208.459905 -232.136708 -254.009122 -273.447542 -290.116952 -304.217365 -318.305013 -9999.0 -9999.0
-9999.0 -9999.0 -9999.0 -9999.0 -9999.0 -9999.0 -9999.0 -9999.0 -9999.0 -9999.0 -9999.0 -9999.0 -9999.0 -9999.0 -9999.0 -9999.0 -9999.0 -9999.0 -9999.0 -9999.0 -9999.0 -9999.0 -9999.0 -9999.0 -9999.0 -9999.0 -9999.0 -9999.0 -9999.0 -9999.0 -9999.0 -9999.0 -9999.0 -9999.0 -9999.0 -9999.0 -9999.0 -9999.0 -9999.0 -9999.0 -9999.0 -9999.0 -9999.0 -9999.0 -9999.0 -9999.0 -9999.0 -9999.0 -9999.0 -9999.0 -9999.0 -9999.0 -9999.0 -9999.0 -9999.0 -9999.0 -9999.0 -9999.0 -9999.0 -9999.0 -9999.0 -9999.0 -9999.0 -9999.0 -9999.0 -9999.0 -9999.0 -9999.0 -9999.0 -9999.0 -9999.0 -9999.0 -9999.0 -9999.0 -9999.0 -9999.0 -9999.0 -9999.0 -9999.0 -9999.0 -9999.0 -9999.0 -9999.0 -9999.0 -9999.0 -9999.0 -9999.0 -9999.0 -9999.0 -9999.0 -9999.0 -9999.0 -9999.0 -9999.0 -9999.0 -9999.0 -9999.0 -9999.0 -9999.0 -9999.0 -9999.0 -9999.0 -9999.0 -9999.0
-9999.0 -9999.0 -9999.0 -9999.0 -9999.0 -9999.0 -9999.0 -9999.0 -9999.0 -9999.0 -9999.0 -9999.0 -9999.0 -9999.0 -9999.0 -9999.0 -9999.0 -9999.0 -9999.0 -9999.0 -9999.0 -9999.0 -9999.0 -9999.0 -9999.0 -9999.0 -9999.0 -9999.0 -9999.0 -9999.0 -9999.0 -9999.0 -9999.0 -9999.0 -9999.0 -9999.0 -9999.0 -9999.0 -9999.0 -9999.0 -9999.0 -9999.0 -9999.0 -9999.0 -9999.0 -9999.0 -9999.0 -9999.0 -9999.0 -9999.0 -9999.0 -9999.0 -9999.0 -9999.0 -9999.0 -9999.0 -9999.0 -9999.0 -9999.0 -9999.0 -9999.0 -9999.0 -9999.0 -9999.0 -9999.0 -9999.0 -9999.0 -9999.0 -9999.0 -9999.0 -9999.0 -9999.0 -9999.0 -9999.0 -9999.0 -9999.0 -9999.0 -9999.0 -9999.0 -9999.0 -9999.0 -9999.0 -9999.0 -9999.0 -9999.0 -9999.0 -9999.0 -9999.0 -9999.0 -9999.0 -9999.0 -9999.0 -9999.0 -9999.0 -9999.0 -9999.0 -9999.0 -9999.0 -9999.0 -9999.0 -9999.0 -9999.0 -9999.0 -9999.0