tests/3D/hillslope01/output-maps-SE27XX/psiliqL0091N0001.asc
ncols         104
nrows         10
xllcorner     -2.000000
yllcorner     0.000000
cellsize      1.000000
NODATA_value  -9999.0
-9999.0 -9999.0 -9999.0 -9999.0 -9999.0 -9999.0 -9999.0 -9999.0 -9999.0 -9999.0 -9999.0 -9999.0 -9999.0 -9999.0 -9999.0 -9999.0 -9999.0 -9999.0 -9999.0 -9999.0 -9999.0 -9999.0 -9999.0 -9999.0 -9999.0 -9999.0 -9999.0 -9999.0 -9999.0 -9999.0 -9999.0 -9999.0 -9999.0 -9999.0 -9999.0 -9999.0 -9999.0 -9999.0 -9999.0 -9999.0 -9999.0 -9999.0 -9999.0 -9999.0 -9999.0 -9999.0 -9999.0 -9999.0 -9999.0 -9999.0 -9999.0 -9999.0 -9999.0 -9999.0 -9999.0 -9999.0 -9999.0 -9999.0 -9999.0 -9999.0 -9999.0 -9999.0 -9999.0 -9999.0 -9999.0 -9999.0 -9999.0 -9999.0 -9999.0 -9999.0 -9999.0 -9999.0 -9999.0 -9999.0 -9999.0 -9999.0 -9999.0 -9999.0 -9999.0 -9999.0 -9999.0 -9999.0 -9999.0 -9999.0 -9999.0 -9999.0 -9999.0 -9999.0 -9999.0 -9999.0 -9999.0 -9999.0 -9999.0 -9999.0 -9999.0 -9999.0 -9999.0 -9999.0 -9999.0 -9999.0 -9999.0 -9999.0 -9999.0 -9999.0
-9999.0 -9999.0 -9999.0 -9999.0 -9999.0 -9999.0 -9999.0 -9999.0 -9999.0 -9999.0 -9999.0 -9999.0 -9999.0 -9999.0 -9999.0 -9999.0 -9999.0 -9999.0 -9999.0 -9999.0 -9999.0 -9999.0 -9999.0 -9999.0 -9999.0 -9999.0 -9999.0 -9999.0 -9999.0 -9999.0 -9999.0 -9999.0 -9999.0 -9999.0 -9999.0 -9999.0 -9999.0 -9999.0 -9999.0 -9999.0 -9999.0 -9999.0 -9999.0 -9999.0 -9999.0 -9999.0 -9999.0 -9999.0 -9999.0 -9999.0 -9999.0 -9999.0 -9999.0 -9999.0 -9999.0 -9999.0 -9999.0 -9999.0 -9999.0 -9999.0 -9999.0 -9999.0 -9999.0 -9999.0 -9999.0 -9999.0 -9999.0 -9999.0 -9999.0 -9999.0 -9999.0 -9999.0 -9999.0 -9999.0 -9999.0 -9999.0 -9999.0 -9999.0 -9999.0 -9999.0 -9999.0 -9999.0 -9999.0 -9999.0 -9999.0 -9999.0 -9999.0 -9999.0 -9999.0 -9999.0 -9999.0 -9999.0 -9999.0 -9999.0 -9999.0 -9999.0 -9999.0 -9999.0 -9999.0 -9999.0 -9999.0 -9999.0 -9999.0 -9999.0
-9999.0 -9999.0 4752.659400 4661.827609 4579.953163 4506.650177 4441.410073 4383.648356 4332.743565 4288.066087 4249.000370 4214.959082 4185.390047 4159.779599 4137.653886 4118.581392 4102.175849 4088.096493 4076.043647 4065.752021 4056.986014 4049.536742 4043.219833 4037.873473 4033.356457 4029.546222 4026.336887 4023.637346 4021.369481 4019.466507 4017.871467 4016.535899 4015.418645 4014.484810 4013.704853 4013.053797 4012.510547 4012.057299 4011.679035 4011.363085 4011.098756 4010.877006 4010.690177 4010.531748 4010.396141 4010.278537 4010.174732 4010.081006 4009.994012 4009.910691 4009.828195 4009.743805 4009.654829 4009.558505 4009.451895 4009.331801 4009.194662 4009.036463 4008.852620 4008.637866 4008.386112 4008.090297 4007.742210 4007.332291 4006.849403 4006.280569 4005.610668 4004.822093 4003.894355 4002.803633 4001.522262 4000.018153 3998.254135 3996.187229 3993.767826 3990.938806 3987.634582 3983.780106 3979.289870 3974.066979 3968.002350 3960.974122 3952.847175 3943.472213 3932.682806 3920.288278 3906.064065 3889.748151 3871.043133 3849.621165 3825.128340 3797.183256 3765.366378 3729.211198 3688.213569 3641.838022 3589.511174 3530.634285 3464.591984 3390.780654 3308.635176 3217.694808 -9999.0 -9999.0
-9999.0 -9999.0 4752.659400 4661.827609 4579.953163 4506.650177 4441.410072 4383.648356 4332.743565 4288.066086 4249.000370 4214.959082 4185.390047 4159.779599 4137.653886 4118.581392 4102.175849 4088.096493 4076.043647 4065.752021 4056.986014 4049.536741 4043.219833 4037.873473 4033.356457 4029.546222 4026.336887 4023.637346 4021.369481 4019.466507 4017.871467 4016.535899 4015.418645 4014.484810 4013.704853 4013.053797 4012.510547 4012.057299 4011.679035 4011.363085 4011.098756 4010.877006 4010.690177 4010.531748 4010.396141 4010.278537 4010.174732 4010.081006 4009.994012 4009.910691 4009.828195 4009.743805 4009.654829 4009.558505 4009.451895 4009.331801 4009.194662 4009.036463 4008.852620 4008.637866 4008.386112 4008.090297 4007.742210 4007.332291 4006.849403 4006.280569 4005.610668 4004.822093 4003.894355 4002.803633 4001.522262 4000.018153 3998.254135 3996.187229 3993.767826 3990.938806 3987.634582 3983.780106 3979.289870 3974.066979 3968.002350 3960.974122 3952.847175 3943.472213 3932.682806 3920.288278 3906.064065 3889.748151 3871.043133 3849.621165 3825.128340 3797.183256 3765.366378 3729.211198 3688.213569 3641.838022 3589.511174 3530.634285 3464.591984 3390.780654 3308.635176 3217.694808 -9999.0 -9999.0
-9999.0 -9999.0 4752.659400 4661.827609 4579.953163 4506.650177 4441.410072 4383.648356 4332.743565 4288.066086 4249.000370 4214.959082 4185.390047 4159.779599 4137.653886 4118.581392 4102.175849 4088.096493 4076.043647 4065.752020 4056.986014 4049.536741 4043.219833 4037.873473 4033.356457 4029.546222 4026.336887 4023.637346 4021.369481 4019.466507 4017.871467 4016.535899 4015.418645 4014.484810 4013.704853 4013.053797 4012.510547 4012.057299 4011.679035 4011.363085 4011.098756 4010.877006 4010.690177 4010.531748 4010.396141 4010.278537 4010.174732 4010.081006 4009.994012 4009.910691 4009.828195 4009.743805 4009.654829 4009.558505 4009.451895 4009.331801 4009.194662 4009.036463 4008.852620 4008.637866 4008.386112 4008.090297 4007.742209 4007.332291 4006.849403 4006.280569 4005.610668 4004.822093 4003.894355 4002.803633 4001.522262 4000.018153 3998.254135 3996.187229 3993.767826 3990.938806 3987.634582 3983.780106 3979.289870 3974.066979 3968.002350 3960.974122 3952.847175 3943.472213 3932.682806 3920.288278 3906.064065 3889.748151 3871.043133 3849.621165 3825.128340 3797.183256 3765.366378 3729.211198 3688.213569 3641.838022 3589.511174 3530.634285 3464.591984 3390.780654 3308.635176 3217.694808 -9999.0 -9999.0
-9999.0 -9999.0 4752.659400 4661.827609 4579.953163 4506.650177 4441.410072 4383.648356 4332.743565 4288.066086 4249.000370 4214.959082 4185.390047 4159.779599 4137.653886 4118.581392 4102.175849 4088.096493 4076.043647 4065.752020 4056.986014 4049.536741 4043.219833 4037.873473 4033.356457 4029.546222 4026.336887 4023.637346 4021.369481 4019.466507 4017.871467 4016.535899 4015.418645 4014.484810 4013.704853 4013.053797 4012.510547 4012.057299 4011.679035 4011.363085 4011.098756 4010.877006 4010.690177 4010.531748 4010.396141 4010.278537 4010.174732 4010.081006 4009.994012 4009.910691 4009.828195 4009.743805 4009.654829 4009.558505 4009.451895 4009.331801 4009.194662 4009.036463 4008.852620 4008.637866 4008.386112 4008.090297 4007.742209 4007.332291 4006.849403 4006.280569 4005.610668 4004.822093 4003.894355 4002.803633 4001.522262 4000.018152 3998.254135 3996.187229 3993.767826 3990.938806 3987.634582 3983.780106 3979.289870 3974.066979 3968.002350 3960.974122 3952.847175 3943.472213 3932.682806 3920.288278 3906.064065 3889.748151 3871.043133 3849.621165 3825.128340 3797.183256 3765.366378 3729.211198 3688.213569 3641.838022 3589.511174 3530.634285 3464.591984 3390.780654 3308.635176 3217.694808 -9999.0 -9999.0
-9999.0 -9999.0 4752.659400 4661.827609 4579.953163 4506.650177 4441.410072 4383.648356 4332.743565 4288.066086 4249.000370 4214.959082 4185.390047 4159.779599 4137.653886 4118.581392 4102.175849 4088.096493 4076.043647 4065.752021 4056.986014 4049.536741 4043.219833 4037.873473 4033.356457 4029.546222 4026.336887 4023.637346 4021.369481 4019.466507 4017.871467 4016.535899 4015.418645 4014.484810 4013.704853 4013.053797 4012.510547 4012.057299 4011.679035 4011.363085 4011.098756 4010.877006 4010.690177 4010.531748 4010.396141 4010.278537 4010.174732 4010.081006 4009.994012 4009.910691 4009.828195 4009.743805 4009.654829 4009.558505 4009.451895 4009.331801 4009.194662 4009.036463 4008.852620 4008.637866 4008.386112 4008.090297 4007.742209 4007.332291 4006.849403 4006.280569 4005.610668 4004.822093 4003.894355 4002.803633 4001.522262 4000.018153 3998.254135 3996.187229 3993.767826 3990.938806 3987.634582 3983.780106 3979.289870 3974.066979 3968.002350 3960.974122 3952.847175 3943.472213 3932.682806 3920.288278 3906.064065 3889.748151 3871.043133 3849.621165 3825.128340 3797.183256 3765.366378 3729.211198 3688.213569 3641.838022 3589.511174 3530.634285 3464.591984 3390.780654 3308.635176 3217.694808 -9999.0 -9999.0
-9999.0 -9999.0 4752.659400 4661.827609 4579.953163 4506.650177 4441.410073 4383.648356 4332.743565 4288.066087 4249.000370 4214.959082 4185.390047 4159.779599 4137.653886 4118.581392 4102.175849 4088.096493 4076.043647 4065.752021 4056.986014 4049.536742 4043.219833 4037.873473 4033.356457 4029.546222 4026.336887 4023.637346 4021.369481 4019.466507 4017.871467 4016.535899 4015.418645 4014.484810 4013.704853 4013.053797 4012.510547 4012.057299 4011.679035 4011.363085 4011.098756 4010.877006 4010.690177 4010.531748 4010.396141 4010.278537 4010.174732 4010.081006 4009.994012 4009.910691 4009.828195 4009.743805 4009.654829 4009.558505 4009.451895 4009.331801 4009.194662 4009.036463 4008.852620 4008.637866 4008.386112 4008.090297 4007.742210 4007.332291 4006.849403 4006.280569 4005.610668 4004.822093 4003.894355 4002.803633 4001.522262 4000.018153 3998.254135 3996.187229 3993.767826 3990.938806 3987.634582 3983.780106 3979.289870 3974.066979 3968.002350 3960.974122 3952.847175 3943.472213 3932.682806 3920.288278 3906.064065 3889.748151 3871.043133 3849.621165 3825.128340 3797.183256 3765.366378 3729.211198 3688.213569 3641.838022 3589.511174 3530.634285 3464.591984 3390.780654 3308.635176 3217.694808 -9999.0 -9999.0
-9999.0 -9999.0 -9999.0 -9999.0 -9999.0 -9999.0 -9999.0 -9999.0 -9999.0 -9999.0 -9999.0 -9999.0 -9999.0 -9999.0 -9999.0 -9999.0 -9999.0 -9999.0 -9999.0 -9999.0 -9999.0 -9999.0 -9999.0 -9999.0 -9999.0 -9999.0 -9999.0 -9999.0 -9999.0 -9999.0 -9999.0 -9999.0 -9999.0 -9999.0 -9999.0 -9999.0 -9999.0 -9999.0 -9999.0 -9999.0 -9999.0 -9999.0 -9999.0 -9999.0 -9999.0 -9999.0 -9999.0 -9999.0 -9999.0 -9999.0 -9999.0 -9999.0 -9999.0 -9999.0 -9999.0 -9999.0 -9999.0 -9999.0 -9999.0 -9999.0 -9999.0 -9999.0 -9999.0 -9999.0 -9999.0 -9999.0 -9999.0 -9999.0 -9999.0 -9999.0 -9999.0 -9999.0 -9999.0 -9999.0 -9999.0 -9999.0 -9999.0 -9999.0 -9999.0 -9999.0 -9999.0 -9999.0 -9999.0 -9999.0 -9999.0 -9999.0 -9999.0 -9999.0 -9999.0 -9999.0 -9999.0 -9999.0 -9999.0 -9999.0 -9999.0 -9999.0 -9999.0 -9999.0 -9999.0 -9999.0 -9999.0 -9999.0 -9999.0 -9999.0
-9999.0 -9999.0 -9999.0 -9999.0 -9999.0 -9999.0 -9999.0 -9999.0 -9999.0 -9999.0 -9999.0 -9999.0 -9999.0 -9999.0 -9999.0 -9999.0 -9999.0 -9999.0 -9999.0 -9999.0 -9999.0 -9999.0 -9999.0 -9999.0 -9999.0 -9999.0 -9999.0 -9999.0 -9999.0 -9999.0 -9999.0 -9999.0 -9999.0 -9999.0 -9999.0 -9999.0 -9999.0 -9999.0 -9999.0 -9999.0 -9999.0 -9999.0 -9999.0 -9999.0 -9999.0 -9999.0 -9999.0 -9999.0 -9999.0 -9999.0 -9999.0 -9999.0 -9999.0 -9999.0 -9999.0 -9999.0 -9999.0 -9999.0 -9999.0 -9999.0 -9999.0 -9999.0 -9999.0 -9999.0 -9999.0 -9999.0 -9999.0 -9999.0 -9999.0 -9999.0 -9999.0 -9999.0 -9999.0 -9999.0 -9999.0 -9999.0 -9999.0 -9999.0 -9999.0 -9999.0 -9999.0 -9999.0 -9999.0 -9999.0 -9999.0 -9999.0 -9999.0 -9999.0 -9999.0 -9999.0 -9999.0 -9999.0 -9999.0 -9999.0 -9999.0 -9999.0 -9999.0 -9999.0 -9999.0 -9999.0 -9999.0 -9999.0 -9999.0 -9999.0