tests/3D/hillslope01/output-maps-SE27XX/psiliqL0099N0001.asc
ncols         104
nrows         10
xllcorner     -2.000000
yllcorner     0.000000
cellsize      1.000000
NODATA_value  -9999.0
-9999.0 -9999.0 -9999.0 -9999.0 -9999.0 -9999.0 -9999.0 -9999.0 -9999.0 -9999.0 -9999.0 -9999.0 -9999.0 -9999.0 -9999.0 -9999.0 -9999.0 -9999.0 -9999.0 -9999.0 -9999.0 -9999.0 -9999.0 -9999.0 -9999.0 -9999.0 -9999.0 -9999.0 -9999.0 -9999.0 -9999.0 -9999.0 -9999.0 -9999.0 -9999.0 -9999.0 -9999.0 -9999.0 -9999.0 -9999.0 -9999.0 -9999.0 -9999.0 -9999.0 -9999.0 -9999.0 -9999.0 -9999.0 -9999.0 -9999.0 -9999.0 -9999.0 -9999.0 -9999.0 -9999.0 -9999.0 -9999.0 -9999.0 -9999.0 -9999.0 -9999.0 -9999.0 -9999.0 -9999.0 -9999.0 -9999.0 -9999.0 -9999.0 -9999.0 -9999.0 -9999.0 -9999.0 -9999.0 -9999.0 -9999.0 -9999.0 -9999.0 -9999.0 -9999.0 -9999.0 -9999.0 -9999.0 -9999.0 -9999.0 -9999.0 -9999.0 -9999.0 -9999.0 -9999.0 -9999.0 -9999.0 -9999.0 -9999.0 -9999.0 -9999.0 -9999.0 -9999.0 -9999.0 -9999.0 -9999.0 -9999.0 -9999.0 -9999.0 -9999.0
-9999.0 -9999.0 -9999.0 -9999.0 -9999.0 -9999.0 -9999.0 -9999.0 -9999.0 -9999.0 -9999.0 -9999.0 -9999.0 -9999.0 -9999.0 -9999.0 -9999.0 -9999.0 -9999.0 -9999.0 -9999.0 -9999.0 -9999.0 -9999.0 -9999.0 -9999.0 -9999.0 -9999.0 -9999.0 -9999.0 -9999.0 -9999.0 -9999.0 -9999.0 -9999.0 -9999.0 -9999.0 -9999.0 -9999.0 -9999.0 -9999.0 -9999.0 -9999.0 -9999.0 -9999.0 -9999.0 -9999.0 -9999.0 -9999.0 -9999.0 -9999.0 -9999.0 -9999.0 -9999.0 -9999.0 -9999.0 -9999.0 -9999.0 -9999.0 -9999.0 -9999.0 -9999.0 -9999.0 -9999.0 -9999.0 -9999.0 -9999.0 -9999.0 -9999.0 -9999.0 -9999.0 -9999.0 -9999.0 -9999.0 -9999.0 -9999.0 -9999.0 -9999.0 -9999.0 -9999.0 -9999.0 -9999.0 -9999.0 -9999.0 -9999.0 -9999.0 -9999.0 -9999.0 -9999.0 -9999.0 -9999.0 -9999.0 -9999.0 -9999.0 -9999.0 -9999.0 -9999.0 -9999.0 -9999.0 -9999.0 -9999.0 -9999.0 -9999.0 -9999.0
-9999.0 -9999.0 5548.678013 5457.759736 5375.725481 5302.209320 5236.722090 5178.695831 5127.521811 5082.579992 5043.261112 5008.981279 4979.190075 4953.374750 4931.062469 4911.822638 4895.268897 4881.058847 4868.890374 4858.496204 4849.639354 4842.109909 4835.722609 4830.314785 4825.744381 4821.887993 4818.638920 4815.905288 4813.608264 4811.680412 4810.064197 4808.710640 4807.578130 4806.631377 4805.840495 4805.180210 4804.629170 4804.169350 4803.785540 4803.464908 4803.196621 4802.971517 4802.781832 4802.620960 4802.483242 4802.363798 4802.258365 4802.163175 4802.074844 4801.990277 4801.906589 4801.821018 4801.730831 4801.633221 4801.525211 4801.403560 4801.264666 4801.104464 4800.918320 4800.700906 4800.446068 4800.146668 4799.794406 4799.379625 4798.891073 4798.315639 4797.638054 4796.840539 4795.902408 4794.799619 4793.504254 4791.983938 4790.201187 4788.112666 4785.668386 4782.810819 4779.473952 4775.582314 4771.050006 4765.779787 4759.662291 4752.575346 4744.383230 4734.935185 4724.061997 4711.569688 4697.232217 4680.788112 4661.941587 4640.366058 4615.706816 4587.579124 4555.561016 4519.188197 4477.958487 4431.336110 4378.751889 4319.612584 4253.314183 4179.267856 4096.935191 4005.889097 -9999.0 -9999.0
-9999.0 -9999.0 5548.678013 5457.759736 5375.725481 5302.209320 5236.722090 5178.695831 5127.521811 5082.579991 5043.261112 5008.981279 4979.190075 4953.374750 4931.062469 4911.822638 4895.268897 4881.058847 4868.890374 4858.496204 4849.639354 4842.109909 4835.722609 4830.314785 4825.744381 4821.887993 4818.638920 4815.905288 4813.608264 4811.680412 4810.064197 4808.710640 4807.578130 4806.631377 4805.840495 4805.180210 4804.629170 4804.169350 4803.785540 4803.464908 4803.196621 4802.971517 4802.781832 4802.620959 4802.483242 4802.363798 4802.258365 4802.163175 4802.074844 4801.990277 4801.906589 4801.821018 4801.730831 4801.633221 4801.525211 4801.403560 4801.264666 4801.104464 4800.918320 4800.700906 4800.446068 4800.146668 4799.794406 4799.379625 4798.891073 4798.315639 4797.638054 4796.840539 4795.902408 4794.799619 4793.504254 4791.983938 4790.201187 4788.112666 4785.668386 4782.810819 4779.473952 4775.582314 4771.050006 4765.779787 4759.662291 4752.575346 4744.383230 4734.935185 4724.061997 4711.569688 4697.232217 4680.788112 4661.941587 4640.366058 4615.706816 4587.579124 4555.561016 4519.188197 4477.958487 4431.336110 4378.751889 4319.612584 4253.314183 4179.267856 4096.935191 4005.889097 -9999.0 -9999.0
-9999.0 -9999.0 5548.678013 5457.759736 5375.725481 5302.209320 5236.722090 5178.695831 5127.521811 5082.579991 5043.261112 5008.981279 4979.190075 4953.374750 4931.062469 4911.822637 4895.268897 4881.058847 4868.890374 4858.496204 4849.639354 4842.109909 4835.722609 4830.314785 4825.744381 4821.887993 4818.638920 4815.905288 4813.608264 4811.680412 4810.064197 4808.710640 4807.578130 4806.631377 4805.840495 4805.180210 4804.629170 4804.169350 4803.785540 4803.464908 4803.196621 4802.971517 4802.781832 4802.620959 4802.483242 4802.363798 4802.258365 4802.163175 4802.074844 4801.990277 4801.906589 4801.821018 4801.730831 4801.633221 4801.525211 4801.403560 4801.264666 4801.104464 4800.918320 4800.700906 4800.446068 4800.146668 4799.794406 4799.379625 4798.891073 4798.315639 4797.638054 4796.840539 4795.902408 4794.799619 4793.504254 4791.983938 4790.201187 4788.112666 4785.668386 4782.810819 4779.473952 4775.582314 4771.050006 4765.779787 4759.662291 4752.575346 4744.383230 4734.935185 4724.061997 4711.569688 4697.232217 4680.788112 4661.941587 4640.366058 4615.706816 4587.579124 4555.561016 4519.188197 4477.958487 4431.336110 4378.751889 4319.612584 4253.314183 4179.267856 4096.935191 4005.889097 -9999.0 -9999.0
-9999.0 -9999.0 5548.678013 5457.759736 5375.725481 5302.209320 5236.722090 5178.695831 5127.521811 5082.579991 5043.261112 5008.981279 4979.190075 4953.374750 4931.062469 4911.822637 4895.268897 4881.058847 4868.890374 4858.496204 4849.639354 4842.109909 4835.722609 4830.314785 4825.744381 4821.887993 4818.638920 4815.905288 4813.608264 4811.680412 4810.064197 4808.710640 4807.578130 4806.631377 4805.840495 4805.180210 4804.629170 4804.169350 4803.785540 4803.464908 4803.196621 4802.971517 4802.781832 4802.620959 4802.483242 4802.363797 4802.258365 4802.163175 4802.074844 4801.990277 4801.906589 4801.821018 4801.730831 4801.633221 4801.525211 4801.403560 4801.264666 4801.104464 4800.918320 4800.700906 4800.446068 4800.146668 4799.794406 4799.379625 4798.891073 4798.315639 4797.638054 4796.840539 4795.902408 4794.799619 4793.504254 4791.983938 4790.201187 4788.112666 4785.668386 4782.810819 4779.473952 4775.582314 4771.050006 4765.779787 4759.662291 4752.575346 4744.383230 4734.935185 4724.061997 4711.569688 4697.232217 4680.788112 4661.941587 4640.366058 4615.706816 4587.579124 4555.561016 4519.188197 4477.958487 4431.336109 4378.751889 4319.612584 4253.314183 4179.267856 4096.935191 4005.889097 -9999.0 -9999.0
-9999.0 -9999.0 5548.678013 5457.759736 5375.725481 5302.209320 5236.722090 5178.695831 5127.521811 5082.579991 5043.261112 5008.981279 4979.190075 4953.374750 4931.062469 4911.822638 4895.268897 4881.058847 4868.890374 4858.496204 4849.639354 4842.109909 4835.722609 4830.314785 4825.744381 4821.887993 4818.638920 4815.905288 4813.608264 4811.680412 4810.064197 4808.710640 4807.578130 4806.631377 4805.840495 4805.180210 4804.629170 4804.169350 4803.785540 4803.464908 4803.196621 4802.971517 4802.781832 4802.620959 4802.483242 4802.363798 4802.258365 4802.163175 4802.074844 4801.990277 4801.906589 4801.821018 4801.730831 4801.633221 4801.525211 4801.403560 4801.264666 4801.104464 4800.918320 4800.700906 4800.446068 4800.146668 4799.794406 4799.379625 4798.891073 4798.315639 4797.638054 4796.840539 4795.902408 4794.799619 4793.504254 4791.983938 4790.201187 4788.112666 4785.668386 4782.810819 4779.473952 4775.582314 4771.050006 4765.779787 4759.662291 4752.575346 4744.383230 4734.935185 4724.061997 4711.569688 4697.232217 4680.788112 4661.941587 4640.366058 4615.706816 4587.579124 4555.561016 4519.188197 4477.958487 4431.336110 4378.751889 4319.612584 4253.314183 4179.267856 4096.935191 4005.889097 -9999.0 -9999.0
-9999.0 -9999.0 5548.678013 5457.759736 5375.725481 5302.209320 5236.722090 5178.695831 5127.521811 5082.579992 5043.261112 5008.981279 4979.190075 4953.374750 4931.062469 4911.822638 4895.268897 4881.058847 4868.890374 4858.496204 4849.639354 4842.109909 4835.722609 4830.314785 4825.744381 4821.887993 4818.638920 4815.905288 4813.608264 4811.680412 4810.064197 4808.710640 4807.578130 4806.631377 4805.840495 4805.180210 4804.629170 4804.169350 4803.785540 4803.464908 4803.196621 4802.971517 4802.781832 4802.620960 4802.483242 4802.363798 4802.258365 4802.163175 4802.074844 4801.990277 4801.906589 4801.821018 4801.730831 4801.633221 4801.525211 4801.403560 4801.264666 4801.104464 4800.918320 4800.700906 4800.446068 4800.146668 4799.794406 4799.379625 4798.891073 4798.315639 4797.638054 4796.840539 4795.902408 4794.799619 4793.504254 4791.983938 4790.201187 4788.112666 4785.668386 4782.810819 4779.473952 4775.582314 4771.050006 4765.779787 4759.662291 4752.575346 4744.383230 4734.935185 4724.061997 4711.569688 4697.232217 4680.788112 4661.941587 4640.366058 4615.706816 4587.579124 4555.561016 4519.188197 4477.958487 4431.336110 4378.751889 4319.612584 4253.314183 4179.267856 4096.935191 4005.889097 -9999.0 -9999.0
-9999.0 -9999.0 -9999.0 -9999.0 -9999.0 -9999.0 -9999.0 -9999.0 -9999.0 -9999.0 -9999.0 -9999.0 -9999.0 -9999.0 -9999.0 -9999.0 -9999.0 -9999.0 -9999.0 -9999.0 -9999.0 -9999.0 -9999.0 -9999.0 -9999.0 -9999.0 -9999.0 -9999.0 -9999.0 -9999.0 -9999.0 -9999.0 -9999.0 -9999.0 -9999.0 -9999.0 -9999.0 -9999.0 -9999.0 -9999.0 -9999.0 -9999.0 -9999.0 -9999.0 -9999.0 -9999.0 -9999.0 -9999.0 -9999.0 -9999.0 -9999.0 -9999.0 -9999.0 -9999.0 -9999.0 -9999.0 -9999.0 -9999.0 -9999.0 -9999.0 -9999.0 -9999.0 -9999.0 -9999.0 -9999.0 -9999.0 -9999.0 -9999.0 -9999.0 -9999.0 -9999.0 -9999.0 -9999.0 -9999.0 -9999.0 -9999.0 -9999.0 -9999.0 -9999.0 -9999.0 -9999.0 -9999.0 -9999.0 -9999.0 -9999.0 -9999.0 -9999.0 -9999.0 -9999.0 -9999.0 -9999.0 -9999.0 -9999.0 -9999.0 -9999.0 -9999.0 -9999.0 -9999.0 -9999.0 -9999.0 -9999.0 -9999.0 -9999.0 -9999.0
-9999.0 -9999.0 -9999.0 -9999.0 -9999.0 -9999.0 -9999.0 -9999.0 -9999.0 -9999.0 -9999.0 -9999.0 -9999.0 -9999.0 -9999.0 -9999.0 -9999.0 -9999.0 -9999.0 -9999.0 -9999.0 -9999.0 -9999.0 -9999.0 -9999.0 -9999.0 -9999.0 -9999.0 -9999.0 -9999.0 -9999.0 -9999.0 -9999.0 -9999.0 -9999.0 -9999.0 -9999.0 -9999.0 -9999.0 -9999.0 -9999.0 -9999.0 -9999.0 -9999.0 -9999.0 -9999.0 -9999.0 -9999.0 -9999.0 -9999.0 -9999.0 -9999.0 -9999.0 -9999.0 -9999.0 -9999.0 -9999.0 -9999.0 -9999.0 -9999.0 -9999.0 -9999.0 -9999.0 -9999.0 -9999.0 -9999.0 -9999.0 -9999.0 -9999.0 -9999.0 -9999.0 -9999.0 -9999.0 -9999.0 -9999.0 -9999.0 -9999.0 -9999.0 -9999.0 -9999.0 -9999.0 -9999.0 -9999.0 -9999.0 -9999.0 -9999.0 -9999.0 -9999.0 -9999.0 -9999.0 -9999.0 -9999.0 -9999.0 -9999.0 -9999.0 -9999.0 -9999.0 -9999.0 -9999.0 -9999.0 -9999.0 -9999.0 -9999.0 -9999.0