tests/3D/hillslope01/output-maps-SE27XX/psiliqL0085N0001.asc
ncols         104
nrows         10
xllcorner     -2.000000
yllcorner     0.000000
cellsize      1.000000
NODATA_value  -9999.0
-9999.0 -9999.0 -9999.0 -9999.0 -9999.0 -9999.0 -9999.0 -9999.0 -9999.0 -9999.0 -9999.0 -9999.0 -9999.0 -9999.0 -9999.0 -9999.0 -9999.0 -9999.0 -9999.0 -9999.0 -9999.0 -9999.0 -9999.0 -9999.0 -9999.0 -9999.0 -9999.0 -9999.0 -9999.0 -9999.0 -9999.0 -9999.0 -9999.0 -9999.0 -9999.0 -9999.0 -9999.0 -9999.0 -9999.0 -9999.0 -9999.0 -9999.0 -9999.0 -9999.0 -9999.0 -9999.0 -9999.0 -9999.0 -9999.0 -9999.0 -9999.0 -9999.0 -9999.0 -9999.0 -9999.0 -9999.0 -9999.0 -9999.0 -9999.0 -9999.0 -9999.0 -9999.0 -9999.0 -9999.0 -9999.0 -9999.0 -9999.0 -9999.0 -9999.0 -9999.0 -9999.0 -9999.0 -9999.0 -9999.0 -9999.0 -9999.0 -9999.0 -9999.0 -9999.0 -9999.0 -9999.0 -9999.0 -9999.0 -9999.0 -9999.0 -9999.0 -9999.0 -9999.0 -9999.0 -9999.0 -9999.0 -9999.0 -9999.0 -9999.0 -9999.0 -9999.0 -9999.0 -9999.0 -9999.0 -9999.0 -9999.0 -9999.0 -9999.0 -9999.0
-9999.0 -9999.0 -9999.0 -9999.0 -9999.0 -9999.0 -9999.0 -9999.0 -9999.0 -9999.0 -9999.0 -9999.0 -9999.0 -9999.0 -9999.0 -9999.0 -9999.0 -9999.0 -9999.0 -9999.0 -9999.0 -9999.0 -9999.0 -9999.0 -9999.0 -9999.0 -9999.0 -9999.0 -9999.0 -9999.0 -9999.0 -9999.0 -9999.0 -9999.0 -9999.0 -9999.0 -9999.0 -9999.0 -9999.0 -9999.0 -9999.0 -9999.0 -9999.0 -9999.0 -9999.0 -9999.0 -9999.0 -9999.0 -9999.0 -9999.0 -9999.0 -9999.0 -9999.0 -9999.0 -9999.0 -9999.0 -9999.0 -9999.0 -9999.0 -9999.0 -9999.0 -9999.0 -9999.0 -9999.0 -9999.0 -9999.0 -9999.0 -9999.0 -9999.0 -9999.0 -9999.0 -9999.0 -9999.0 -9999.0 -9999.0 -9999.0 -9999.0 -9999.0 -9999.0 -9999.0 -9999.0 -9999.0 -9999.0 -9999.0 -9999.0 -9999.0 -9999.0 -9999.0 -9999.0 -9999.0 -9999.0 -9999.0 -9999.0 -9999.0 -9999.0 -9999.0 -9999.0 -9999.0 -9999.0 -9999.0 -9999.0 -9999.0 -9999.0 -9999.0
-9999.0 -9999.0 4151.856163 4061.176247 3979.580925 3906.647794 3841.834442 3784.527882 3734.085192 3689.860383 3651.227327 3617.593225 3588.403181 3563.142295 3541.334912 3522.547628 3506.394143 3492.536733 3480.680318 3470.563025 3461.951523 3454.638615 3448.441408 3443.199533 3438.773237 3435.041402 3431.899542 3429.257874 3427.039498 3425.178734 3423.619617 3422.314562 3421.223180 3420.311250 3419.549815 3418.914405 3418.384360 3417.942252 3417.573387 3417.265371 3417.007748 3416.791683 3416.609691 3416.455403 3416.323369 3416.208885 3416.107840 3416.016594 3415.931867 3415.850659 3415.770182 3415.687789 3415.600865 3415.506718 3415.402481 3415.285025 3415.150863 3414.996059 3414.816120 3414.605877 3414.359355 3414.069622 3413.728617 3413.326948 3412.853673 3412.296038 3411.639178 3410.865776 3409.955678 3408.885442 3407.627831 3406.151239 3404.419039 3402.388847 3400.011711 3397.231212 3393.982490 3390.191223 3385.772588 3380.630275 3374.655662 3367.727322 3359.710981 3350.459654 3339.811929 3327.583583 3313.552615 3297.455761 3278.992387 3257.831909 3233.621600 3205.986929 3174.513843 3138.730319 3098.128103 3052.174727 3000.288360 2941.862581 2876.261641 2802.859823 2721.044800 2630.292890 -9999.0 -9999.0
-9999.0 -9999.0 4151.856162 4061.176247 3979.580925 3906.647794 3841.834442 3784.527882 3734.085192 3689.860383 3651.227327 3617.593225 3588.403181 3563.142295 3541.334912 3522.547628 3506.394143 3492.536733 3480.680318 3470.563025 3461.951523 3454.638614 3448.441408 3443.199533 3438.773237 3435.041402 3431.899542 3429.257874 3427.039498 3425.178734 3423.619617 3422.314562 3421.223180 3420.311250 3419.549815 3418.914405 3418.384360 3417.942252 3417.573387 3417.265371 3417.007748 3416.791683 3416.609691 3416.455403 3416.323369 3416.208885 3416.107840 3416.016594 3415.931867 3415.850659 3415.770182 3415.687789 3415.600865 3415.506718 3415.402481 3415.285025 3415.150863 3414.996059 3414.816120 3414.605877 3414.359355 3414.069622 3413.728617 3413.326948 3412.853673 3412.296038 3411.639178 3410.865776 3409.955678 3408.885442 3407.627831 3406.151239 3404.419039 3402.388847 3400.011711 3397.231212 3393.982490 3390.191223 3385.772588 3380.630275 3374.655662 3367.727322 3359.710981 3350.459654 3339.811929 3327.583583 3313.552615 3297.455761 3278.992387 3257.831909 3233.621600 3205.986929 3174.513843 3138.730319 3098.128103 3052.174727 3000.288360 2941.862581 2876.261641 2802.859823 2721.044800 2630.292890 -9999.0 -9999.0
-9999.0 -9999.0 4151.856162 4061.176247 3979.580925 3906.647794 3841.834442 3784.527882 3734.085192 3689.860383 3651.227327 3617.593225 3588.403181 3563.142295 3541.334912 3522.547628 3506.394143 3492.536733 3480.680318 3470.563025 3461.951523 3454.638614 3448.441408 3443.199533 3438.773237 3435.041402 3431.899542 3429.257874 3427.039498 3425.178734 3423.619617 3422.314562 3421.223180 3420.311250 3419.549815 3418.914405 3418.384360 3417.942252 3417.573387 3417.265371 3417.007748 3416.791683 3416.609691 3416.455403 3416.323369 3416.208885 3416.107840 3416.016594 3415.931867 3415.850659 3415.770182 3415.687789 3415.600865 3415.506718 3415.402481 3415.285025 3415.150863 3414.996059 3414.816120 3414.605877 3414.359355 3414.069622 3413.728616 3413.326948 3412.853673 3412.296038 3411.639178 3410.865776 3409.955678 3408.885442 3407.627831 3406.151239 3404.419039 3402.388847 3400.011711 3397.231212 3393.982490 3390.191223 3385.772588 3380.630275 3374.655662 3367.727322 3359.710981 3350.459654 3339.811929 3327.583583 3313.552615 3297.455761 3278.992387 3257.831909 3233.621600 3205.986929 3174.513843 3138.730319 3098.128103 3052.174727 3000.288360 2941.862581 2876.261641 2802.859823 2721.044800 2630.292890 -9999.0 -9999.0
-9999.0 -9999.0 4151.856162 4061.176247 3979.580925 3906.647794 3841.834442 3784.527882 3734.085192 3689.860383 3651.227327 3617.593225 3588.403181 3563.142295 3541.334912 3522.547628 3506.394143 3492.536733 3480.680318 3470.563025 3461.951523 3454.638614 3448.441408 3443.199533 3438.773237 3435.041402 3431.899542 3429.257874 3427.039498 3425.178734 3423.619617 3422.314562 3421.223180 3420.311250 3419.549815 3418.914405 3418.384360 3417.942252 3417.573387 3417.265371 3417.007748 3416.791683 3416.609691 3416.455403 3416.323369 3416.208885 3416.107840 3416.016594 3415.931867 3415.850659 3415.770182 3415.687789 3415.600865 3415.506718 3415.402481 3415.285025 3415.150863 3414.996059 3414.816120 3414.605877 3414.359355 3414.069622 3413.728617 3413.326948 3412.853673 3412.296038 3411.639178 3410.865776 3409.955678 3408.885442 3407.627831 3406.151239 3404.419039 3402.388847 3400.011711 3397.231212 3393.982490 3390.191223 3385.772588 3380.630275 3374.655662 3367.727322 3359.710981 3350.459654 3339.811929 3327.583583 3313.552615 3297.455761 3278.992387 3257.831909 3233.621600 3205.986929 3174.513843 3138.730319 3098.128103 3052.174727 3000.288360 2941.862581 2876.261641 2802.859823 2721.044800 2630.292890 -9999.0 -9999.0
-9999.0 -9999.0 4151.856162 4061.176247 3979.580925 3906.647794 3841.834442 3784.527882 3734.085192 3689.860383 3651.227327 3617.593225 3588.403181 3563.142295 3541.334912 3522.547628 3506.394143 3492.536733 3480.680318 3470.563025 3461.951523 3454.638614 3448.441408 3443.199533 3438.773237 3435.041402 3431.899542 3429.257874 3427.039498 3425.178734 3423.619617 3422.314562 3421.223180 3420.311250 3419.549815 3418.914405 3418.384360 3417.942252 3417.573387 3417.265371 3417.007748 3416.791683 3416.609691 3416.455403 3416.323369 3416.208885 3416.107840 3416.016594 3415.931867 3415.850659 3415.770182 3415.687789 3415.600865 3415.506718 3415.402481 3415.285025 3415.150863 3414.996059 3414.816120 3414.605877 3414.359355 3414.069622 3413.728617 3413.326948 3412.853673 3412.296038 3411.639178 3410.865776 3409.955678 3408.885442 3407.627831 3406.151239 3404.419039 3402.388847 3400.011711 3397.231212 3393.982490 3390.191223 3385.772588 3380.630275 3374.655662 3367.727322 3359.710981 3350.459654 3339.811929 3327.583583 3313.552615 3297.455761 3278.992387 3257.831909 3233.621600 3205.986929 3174.513843 3138.730319 3098.128103 3052.174727 3000.288360 2941.862581 2876.261641 2802.859823 2721.044800 2630.292890 -9999.0 -9999.0
-9999.0 -9999.0 4151.856163 4061.176247 3979.580925 3906.647794 3841.834442 3784.527882 3734.085192 3689.860383 3651.227327 3617.593225 3588.403181 3563.142295 3541.334912 3522.547628 3506.394143 3492.536733 3480.680318 3470.563025 3461.951523 3454.638614 3448.441408 3443.199533 3438.773237 3435.041402 3431.899542 3429.257874 3427.039498 3425.178734 3423.619617 3422.314562 3421.223180 3420.311250 3419.549815 3418.914405 3418.384360 3417.942252 3417.573387 3417.265371 3417.007748 3416.791683 3416.609691 3416.455403 3416.323369 3416.208885 3416.107840 3416.016594 3415.931867 3415.850659 3415.770182 3415.687789 3415.600865 3415.506718 3415.402481 3415.285025 3415.150863 3414.996059 3414.816120 3414.605877 3414.359355 3414.069622 3413.728617 3413.326948 3412.853673 3412.296038 3411.639178 3410.865776 3409.955678 3408.885442 3407.627831 3406.151239 3404.419039 3402.388847 3400.011711 3397.231212 3393.982490 3390.191223 3385.772588 3380.630275 3374.655662 3367.727322 3359.710981 3350.459654 3339.811929 3327.583583 3313.552615 3297.455761 3278.992387 3257.831909 3233.621600 3205.986929 3174.513843 3138.730319 3098.128103 3052.174727 3000.288360 2941.862581 2876.261641 2802.859823 2721.044800 2630.292890 -9999.0 -9999.0
-9999.0 -9999.0 -9999.0 -9999.0 -9999.0 -9999.0 -9999.0 -9999.0 -9999.0 -9999.0 -9999.0 -9999.0 -9999.0 -9999.0 -9999.0 -9999.0 -9999.0 -9999.0 -9999.0 -9999.0 -9999.0 -9999.0 -9999.0 -9999.0 -9999.0 -9999.0 -9999.0 -9999.0 -9999.0 -9999.0 -9999.0 -9999.0 -9999.0 -9999.0 -9999.0 -9999.0 -9999.0 -9999.0 -9999.0 -9999.0 -9999.0 -9999.0 -9999.0 -9999.0 -9999.0 -9999.0 -9999.0 -9999.0 -9999.0 -9999.0 -9999.0 -9999.0 -9999.0 -9999.0 -9999.0 -9999.0 -9999.0 -9999.0 -9999.0 -9999.0 -9999.0 -9999.0 -9999.0 -9999.0 -9999.0 -9999.0 -9999.0 -9999.0 -9999.0 -9999.0 -9999.0 -9999.0 -9999.0 -9999.0 -9999.0 -9999.0 -9999.0 -9999.0 -9999.0 -9999.0 -9999.0 -9999.0 -9999.0 -9999.0 -9999.0 -9999.0 -9999.0 -9999.0 -9999.0 -9999.0 -9999.0 -9999.0 -9999.0 -9999.0 -9999.0 -9999.0 -9999.0 -9999.0 -9999.0 -9999.0 -9999.0 -9999.0 -9999.0 -9999.0
-9999.0 -9999.0 -9999.0 -9999.0 -9999.0 -9999.0 -9999.0 -9999.0 -9999.0 -9999.0 -9999.0 -9999.0 -9999.0 -9999.0 -9999.0 -9999.0 -9999.0 -9999.0 -9999.0 -9999.0 -9999.0 -9999.0 -9999.0 -9999.0 -9999.0 -9999.0 -9999.0 -9999.0 -9999.0 -9999.0 -9999.0 -9999.0 -9999.0 -9999.0 -9999.0 -9999.0 -9999.0 -9999.0 -9999.0 -9999.0 -9999.0 -9999.0 -9999.0 -9999.0 -9999.0 -9999.0 -9999.0 -9999.0 -9999.0 -9999.0 -9999.0 -9999.0 -9999.0 -9999.0 -9999.0 -9999.0 -9999.0 -9999.0 -9999.0 -9999.0 -9999.0 -9999.0 -9999.0 -9999.0 -9999.0 -9999.0 -9999.0 -9999.0 -9999.0 -9999.0 -9999.0 -9999.0 -9999.0 -9999.0 -9999.0 -9999.0 -9999.0 -9999.0 -9999.0 -9999.0 -9999.0 -9999.0 -9999.0 -9999.0 -9999.0 -9999.0 -9999.0 -9999.0 -9999.0 -9999.0 -9999.0 -9999.0 -9999.0 -9999.0 -9999.0 -9999.0 -9999.0 -9999.0 -9999.0 -9999.0 -9999.0 -9999.0 -9999.0 -9999.0