tests/3D/hillslope01/output-maps-SE27XX/psiliqL0094N0001.asc
ncols         104
nrows         10
xllcorner     -2.000000
yllcorner     0.000000
cellsize      1.000000
NODATA_value  -9999.0
-9999.0 -9999.0 -9999.0 -9999.0 -9999.0 -9999.0 -9999.0 -9999.0 -9999.0 -9999.0 -9999.0 -9999.0 -9999.0 -9999.0 -9999.0 -9999.0 -9999.0 -9999.0 -9999.0 -9999.0 -9999.0 -9999.0 -9999.0 -9999.0 -9999.0 -9999.0 -9999.0 -9999.0 -9999.0 -9999.0 -9999.0 -9999.0 -9999.0 -9999.0 -9999.0 -9999.0 -9999.0 -9999.0 -9999.0 -9999.0 -9999.0 -9999.0 -9999.0 -9999.0 -9999.0 -9999.0 -9999.0 -9999.0 -9999.0 -9999.0 -9999.0 -9999.0 -9999.0 -9999.0 -9999.0 -9999.0 -9999.0 -9999.0 -9999.0 -9999.0 -9999.0 -9999.0 -9999.0 -9999.0 -9999.0 -9999.0 -9999.0 -9999.0 -9999.0 -9999.0 -9999.0 -9999.0 -9999.0 -9999.0 -9999.0 -9999.0 -9999.0 -9999.0 -9999.0 -9999.0 -9999.0 -9999.0 -9999.0 -9999.0 -9999.0 -9999.0 -9999.0 -9999.0 -9999.0 -9999.0 -9999.0 -9999.0 -9999.0 -9999.0 -9999.0 -9999.0 -9999.0 -9999.0 -9999.0 -9999.0 -9999.0 -9999.0 -9999.0 -9999.0
-9999.0 -9999.0 -9999.0 -9999.0 -9999.0 -9999.0 -9999.0 -9999.0 -9999.0 -9999.0 -9999.0 -9999.0 -9999.0 -9999.0 -9999.0 -9999.0 -9999.0 -9999.0 -9999.0 -9999.0 -9999.0 -9999.0 -9999.0 -9999.0 -9999.0 -9999.0 -9999.0 -9999.0 -9999.0 -9999.0 -9999.0 -9999.0 -9999.0 -9999.0 -9999.0 -9999.0 -9999.0 -9999.0 -9999.0 -9999.0 -9999.0 -9999.0 -9999.0 -9999.0 -9999.0 -9999.0 -9999.0 -9999.0 -9999.0 -9999.0 -9999.0 -9999.0 -9999.0 -9999.0 -9999.0 -9999.0 -9999.0 -9999.0 -9999.0 -9999.0 -9999.0 -9999.0 -9999.0 -9999.0 -9999.0 -9999.0 -9999.0 -9999.0 -9999.0 -9999.0 -9999.0 -9999.0 -9999.0 -9999.0 -9999.0 -9999.0 -9999.0 -9999.0 -9999.0 -9999.0 -9999.0 -9999.0 -9999.0 -9999.0 -9999.0 -9999.0 -9999.0 -9999.0 -9999.0 -9999.0 -9999.0 -9999.0 -9999.0 -9999.0 -9999.0 -9999.0 -9999.0 -9999.0 -9999.0 -9999.0 -9999.0 -9999.0 -9999.0 -9999.0
-9999.0 -9999.0 5051.839410 4960.960213 4878.998245 4805.578636 4740.203440 4682.297199 4631.245385 4586.423608 4547.219740 4513.048305 4483.358070 4457.635852 4435.408359 4416.244592 4399.758243 4385.607642 4373.491762 4363.144228 4354.328689 4346.835702 4340.480413 4335.100543 4330.554421 4326.719026 4323.488030 4320.769906 4318.486148 4316.569615 4314.963034 4313.617662 4312.492094 4311.551218 4310.765308 4310.109223 4309.561727 4309.104898 4308.723612 4308.405111 4308.138624 4307.915047 4307.726662 4307.566902 4307.430144 4307.311537 4307.206846 4307.112322 4307.024599 4306.940599 4306.857454 4306.772420 4306.682785 4306.585760 4306.478387 4306.357445 4306.219349 4306.060058 4305.874961 4305.658758 4305.405323 4305.107554 4304.757191 4304.344623 4303.858648 4303.286216 4302.612127 4301.818679 4300.885276 4299.787977 4298.498977 4296.986034 4295.211804 4293.133115 4290.700150 4287.855567 4284.533545 4280.658806 4276.145628 4270.896927 4264.803467 4257.743222 4249.580755 4240.165979 4229.330931 4216.883095 4202.597095 4186.211231 4167.429005 4145.923292 4121.339751 4093.295105 4061.368428 4025.094501 3983.970284 3937.460029 3884.992695 3825.972468 3759.790207 3685.850221 3603.602048 3512.603585 -9999.0 -9999.0
-9999.0 -9999.0 5051.839410 4960.960213 4878.998245 4805.578636 4740.203440 4682.297199 4631.245385 4586.423607 4547.219740 4513.048305 4483.358070 4457.635852 4435.408359 4416.244592 4399.758243 4385.607642 4373.491762 4363.144228 4354.328689 4346.835702 4340.480413 4335.100543 4330.554421 4326.719026 4323.488030 4320.769906 4318.486148 4316.569615 4314.963034 4313.617662 4312.492094 4311.551218 4310.765308 4310.109223 4309.561727 4309.104898 4308.723612 4308.405111 4308.138624 4307.915047 4307.726662 4307.566902 4307.430144 4307.311537 4307.206846 4307.112322 4307.024599 4306.940599 4306.857454 4306.772420 4306.682785 4306.585759 4306.478387 4306.357444 4306.219349 4306.060058 4305.874961 4305.658758 4305.405323 4305.107554 4304.757191 4304.344623 4303.858648 4303.286216 4302.612127 4301.818679 4300.885276 4299.787977 4298.498977 4296.986034 4295.211804 4293.133115 4290.700150 4287.855567 4284.533545 4280.658806 4276.145628 4270.896927 4264.803467 4257.743222 4249.580755 4240.165979 4229.330931 4216.883095 4202.597095 4186.211231 4167.429005 4145.923291 4121.339751 4093.295105 4061.368428 4025.094501 3983.970284 3937.460029 3884.992695 3825.972468 3759.790207 3685.850221 3603.602048 3512.603585 -9999.0 -9999.0
-9999.0 -9999.0 5051.839410 4960.960213 4878.998245 4805.578636 4740.203440 4682.297199 4631.245385 4586.423607 4547.219740 4513.048305 4483.358070 4457.635852 4435.408359 4416.244592 4399.758243 4385.607642 4373.491762 4363.144228 4354.328689 4346.835702 4340.480413 4335.100543 4330.554421 4326.719026 4323.488030 4320.769906 4318.486148 4316.569615 4314.963034 4313.617662 4312.492094 4311.551218 4310.765308 4310.109223 4309.561727 4309.104898 4308.723612 4308.405111 4308.138624 4307.915047 4307.726662 4307.566902 4307.430144 4307.311537 4307.206846 4307.112322 4307.024599 4306.940599 4306.857454 4306.772420 4306.682785 4306.585759 4306.478387 4306.357444 4306.219349 4306.060058 4305.874961 4305.658758 4305.405323 4305.107554 4304.757191 4304.344623 4303.858647 4303.286216 4302.612127 4301.818679 4300.885276 4299.787977 4298.498977 4296.986034 4295.211804 4293.133115 4290.700150 4287.855567 4284.533545 4280.658806 4276.145627 4270.896927 4264.803467 4257.743222 4249.580755 4240.165979 4229.330931 4216.883095 4202.597095 4186.211231 4167.429005 4145.923291 4121.339751 4093.295105 4061.368428 4025.094501 3983.970284 3937.460029 3884.992695 3825.972468 3759.790207 3685.850221 3603.602048 3512.603585 -9999.0 -9999.0
-9999.0 -9999.0 5051.839410 4960.960213 4878.998245 4805.578636 4740.203440 4682.297199 4631.245385 4586.423607 4547.219740 4513.048305 4483.358070 4457.635852 4435.408359 4416.244592 4399.758243 4385.607642 4373.491762 4363.144227 4354.328689 4346.835702 4340.480413 4335.100543 4330.554421 4326.719026 4323.488030 4320.769906 4318.486148 4316.569615 4314.963034 4313.617662 4312.492094 4311.551218 4310.765308 4310.109223 4309.561727 4309.104898 4308.723612 4308.405111 4308.138624 4307.915047 4307.726662 4307.566902 4307.430144 4307.311537 4307.206846 4307.112322 4307.024599 4306.940599 4306.857454 4306.772420 4306.682785 4306.585759 4306.478387 4306.357444 4306.219349 4306.060058 4305.874961 4305.658758 4305.405323 4305.107554 4304.757191 4304.344623 4303.858647 4303.286216 4302.612127 4301.818679 4300.885276 4299.787977 4298.498977 4296.986034 4295.211804 4293.133115 4290.700150 4287.855567 4284.533545 4280.658806 4276.145628 4270.896927 4264.803467 4257.743222 4249.580755 4240.165979 4229.330931 4216.883095 4202.597095 4186.211231 4167.429005 4145.923291 4121.339751 4093.295105 4061.368428 4025.094501 3983.970284 3937.460029 3884.992695 3825.972468 3759.790207 3685.850221 3603.602048 3512.603585 -9999.0 -9999.0
-9999.0 -9999.0 5051.839410 4960.960213 4878.998245 4805.578636 4740.203440 4682.297199 4631.245385 4586.423607 4547.219740 4513.048305 4483.358070 4457.635852 4435.408359 4416.244592 4399.758243 4385.607642 4373.491762 4363.144228 4354.328689 4346.835702 4340.480413 4335.100543 4330.554421 4326.719026 4323.488030 4320.769906 4318.486148 4316.569615 4314.963034 4313.617662 4312.492094 4311.551218 4310.765308 4310.109223 4309.561727 4309.104898 4308.723612 4308.405111 4308.138624 4307.915047 4307.726662 4307.566902 4307.430144 4307.311537 4307.206846 4307.112322 4307.024599 4306.940599 4306.857454 4306.772420 4306.682785 4306.585760 4306.478387 4306.357445 4306.219349 4306.060058 4305.874961 4305.658758 4305.405323 4305.107554 4304.757191 4304.344623 4303.858647 4303.286216 4302.612127 4301.818679 4300.885276 4299.787977 4298.498977 4296.986034 4295.211804 4293.133115 4290.700150 4287.855567 4284.533545 4280.658806 4276.145627 4270.896927 4264.803467 4257.743222 4249.580755 4240.165979 4229.330931 4216.883095 4202.597095 4186.211231 4167.429005 4145.923291 4121.339751 4093.295105 4061.368428 4025.094501 3983.970284 3937.460029 3884.992695 3825.972468 3759.790207 3685.850221 3603.602048 3512.603585 -9999.0 -9999.0
-9999.0 -9999.0 5051.839410 4960.960213 4878.998245 4805.578636 4740.203440 4682.297199 4631.245385 4586.423608 4547.219740 4513.048305 4483.358070 4457.635852 4435.408359 4416.244592 4399.758243 4385.607642 4373.491762 4363.144228 4354.328689 4346.835702 4340.480413 4335.100543 4330.554421 4326.719026 4323.488030 4320.769906 4318.486148 4316.569615 4314.963034 4313.617662 4312.492094 4311.551218 4310.765308 4310.109223 4309.561727 4309.104898 4308.723612 4308.405111 4308.138624 4307.915047 4307.726662 4307.566902 4307.430144 4307.311537 4307.206846 4307.112322 4307.024599 4306.940599 4306.857454 4306.772420 4306.682785 4306.585760 4306.478387 4306.357445 4306.219349 4306.060058 4305.874961 4305.658758 4305.405323 4305.107554 4304.757191 4304.344623 4303.858648 4303.286216 4302.612127 4301.818679 4300.885276 4299.787977 4298.498977 4296.986034 4295.211805 4293.133115 4290.700150 4287.855567 4284.533545 4280.658806 4276.145628 4270.896927 4264.803467 4257.743222 4249.580755 4240.165979 4229.330931 4216.883095 4202.597095 4186.211231 4167.429005 4145.923291 4121.339751 4093.295105 4061.368428 4025.094501 3983.970284 3937.460029 3884.992695 3825.972468 3759.790207 3685.850221 3603.602048 3512.603585 -9999.0 -9999.0
-9999.0 -9999.0 -9999.0 -9999.0 -9999.0 -9999.0 -9999.0 -9999.0 -9999.0 -9999.0 -9999.0 -9999.0 -9999.0 -9999.0 -9999.0 -9999.0 -9999.0 -9999.0 -9999.0 -9999.0 -9999.0 -9999.0 -9999.0 -9999.0 -9999.0 -9999.0 -9999.0 -9999.0 -9999.0 -9999.0 -9999.0 -9999.0 -9999.0 -9999.0 -9999.0 -9999.0 -9999.0 -9999.0 -9999.0 -9999.0 -9999.0 -9999.0 -9999.0 -9999.0 -9999.0 -9999.0 -9999.0 -9999.0 -9999.0 -9999.0 -9999.0 -9999.0 -9999.0 -9999.0 -9999.0 -9999.0 -9999.0 -9999.0 -9999.0 -9999.0 -9999.0 -9999.0 -9999.0 -9999.0 -9999.0 -9999.0 -9999.0 -9999.0 -9999.0 -9999.0 -9999.0 -9999.0 -9999.0 -9999.0 -9999.0 -9999.0 -9999.0 -9999.0 -9999.0 -9999.0 -9999.0 -9999.0 -9999.0 -9999.0 -9999.0 -9999.0 -9999.0 -9999.0 -9999.0 -9999.0 -9999.0 -9999.0 -9999.0 -9999.0 -9999.0 -9999.0 -9999.0 -9999.0 -9999.0 -9999.0 -9999.0 -9999.0 -9999.0 -9999.0
-9999.0 -9999.0 -9999.0 -9999.0 -9999.0 -9999.0 -9999.0 -9999.0 -9999.0 -9999.0 -9999.0 -9999.0 -9999.0 -9999.0 -9999.0 -9999.0 -9999.0 -9999.0 -9999.0 -9999.0 -9999.0 -9999.0 -9999.0 -9999.0 -9999.0 -9999.0 -9999.0 -9999.0 -9999.0 -9999.0 -9999.0 -9999.0 -9999.0 -9999.0 -9999.0 -9999.0 -9999.0 -9999.0 -9999.0 -9999.0 -9999.0 -9999.0 -9999.0 -9999.0 -9999.0 -9999.0 -9999.0 -9999.0 -9999.0 -9999.0 -9999.0 -9999.0 -9999.0 -9999.0 -9999.0 -9999.0 -9999.0 -9999.0 -9999.0 -9999.0 -9999.0 -9999.0 -9999.0 -9999.0 -9999.0 -9999.0 -9999.0 -9999.0 -9999.0 -9999.0 -9999.0 -9999.0 -9999.0 -9999.0 -9999.0 -9999.0 -9999.0 -9999.0 -9999.0 -9999.0 -9999.0 -9999.0 -9999.0 -9999.0 -9999.0 -9999.0 -9999.0 -9999.0 -9999.0 -9999.0 -9999.0 -9999.0 -9999.0 -9999.0 -9999.0 -9999.0 -9999.0 -9999.0 -9999.0 -9999.0 -9999.0 -9999.0 -9999.0 -9999.0