tests/3D/hillslope01/output-maps-SE27XX/psiliqL0080N0001.asc
ncols         104
nrows         10
xllcorner     -2.000000
yllcorner     0.000000
cellsize      1.000000
NODATA_value  -9999.0
-9999.0 -9999.0 -9999.0 -9999.0 -9999.0 -9999.0 -9999.0 -9999.0 -9999.0 -9999.0 -9999.0 -9999.0 -9999.0 -9999.0 -9999.0 -9999.0 -9999.0 -9999.0 -9999.0 -9999.0 -9999.0 -9999.0 -9999.0 -9999.0 -9999.0 -9999.0 -9999.0 -9999.0 -9999.0 -9999.0 -9999.0 -9999.0 -9999.0 -9999.0 -9999.0 -9999.0 -9999.0 -9999.0 -9999.0 -9999.0 -9999.0 -9999.0 -9999.0 -9999.0 -9999.0 -9999.0 -9999.0 -9999.0 -9999.0 -9999.0 -9999.0 -9999.0 -9999.0 -9999.0 -9999.0 -9999.0 -9999.0 -9999.0 -9999.0 -9999.0 -9999.0 -9999.0 -9999.0 -9999.0 -9999.0 -9999.0 -9999.0 -9999.0 -9999.0 -9999.0 -9999.0 -9999.0 -9999.0 -9999.0 -9999.0 -9999.0 -9999.0 -9999.0 -9999.0 -9999.0 -9999.0 -9999.0 -9999.0 -9999.0 -9999.0 -9999.0 -9999.0 -9999.0 -9999.0 -9999.0 -9999.0 -9999.0 -9999.0 -9999.0 -9999.0 -9999.0 -9999.0 -9999.0 -9999.0 -9999.0 -9999.0 -9999.0 -9999.0 -9999.0
-9999.0 -9999.0 -9999.0 -9999.0 -9999.0 -9999.0 -9999.0 -9999.0 -9999.0 -9999.0 -9999.0 -9999.0 -9999.0 -9999.0 -9999.0 -9999.0 -9999.0 -9999.0 -9999.0 -9999.0 -9999.0 -9999.0 -9999.0 -9999.0 -9999.0 -9999.0 -9999.0 -9999.0 -9999.0 -9999.0 -9999.0 -9999.0 -9999.0 -9999.0 -9999.0 -9999.0 -9999.0 -9999.0 -9999.0 -9999.0 -9999.0 -9999.0 -9999.0 -9999.0 -9999.0 -9999.0 -9999.0 -9999.0 -9999.0 -9999.0 -9999.0 -9999.0 -9999.0 -9999.0 -9999.0 -9999.0 -9999.0 -9999.0 -9999.0 -9999.0 -9999.0 -9999.0 -9999.0 -9999.0 -9999.0 -9999.0 -9999.0 -9999.0 -9999.0 -9999.0 -9999.0 -9999.0 -9999.0 -9999.0 -9999.0 -9999.0 -9999.0 -9999.0 -9999.0 -9999.0 -9999.0 -9999.0 -9999.0 -9999.0 -9999.0 -9999.0 -9999.0 -9999.0 -9999.0 -9999.0 -9999.0 -9999.0 -9999.0 -9999.0 -9999.0 -9999.0 -9999.0 -9999.0 -9999.0 -9999.0 -9999.0 -9999.0 -9999.0 -9999.0
-9999.0 -9999.0 3648.664887 3558.175140 3476.926539 3404.448192 3340.156191 3283.402798 3233.519950 3189.841788 3151.729713 3118.585131 3089.850287 3065.009459 3043.584673 3025.139646 3009.287650 2995.695099 2984.073293 2974.164458 2965.737811 2958.588057 2952.534024 2947.417058 2943.099158 2939.460948 2936.399630 2933.827014 2931.667666 2929.857233 2928.340939 2927.072247 2926.011694 2925.125860 2924.386487 2923.769710 2923.255389 2922.826545 2922.468868 2922.170295 2921.920654 2921.711353 2921.535116 2921.385754 2921.257973 2921.147201 2921.049442 2920.961151 2920.879126 2920.800433 2920.722355 2920.642335 2920.557849 2920.466292 2920.364881 2920.250566 2920.119951 2919.969193 2919.793905 2919.589038 2919.348752 2919.066271 2918.733708 2918.341876 2917.880064 2917.335785 2916.694479 2915.939178 2915.050125 2914.004331 2912.775075 2911.331329 2909.637114 2907.650768 2905.324126 2902.601614 2899.419258 2895.703623 2891.370719 2886.324947 2880.458208 2873.649452 2865.765080 2856.660498 2846.180723 2834.150964 2820.352284 2804.519333 2786.346799 2765.499720 2741.626242 2714.362327 2683.303526 2647.967298 2607.838678 2562.394623 2511.039378 2453.161535 2388.097510 2315.202384 2233.804146 2143.293291 -9999.0 -9999.0
-9999.0 -9999.0 3648.664887 3558.175140 3476.926538 3404.448192 3340.156191 3283.402798 3233.519950 3189.841788 3151.729713 3118.585131 3089.850286 3065.009459 3043.584673 3025.139646 3009.287650 2995.695099 2984.073293 2974.164458 2965.737811 2958.588057 2952.534024 2947.417058 2943.099158 2939.460948 2936.399630 2933.827014 2931.667665 2929.857233 2928.340939 2927.072247 2926.011694 2925.125860 2924.386487 2923.769710 2923.255389 2922.826545 2922.468868 2922.170295 2921.920654 2921.711353 2921.535116 2921.385754 2921.257973 2921.147201 2921.049442 2920.961151 2920.879126 2920.800433 2920.722355 2920.642335 2920.557849 2920.466292 2920.364881 2920.250566 2920.119951 2919.969193 2919.793905 2919.589038 2919.348752 2919.066271 2918.733708 2918.341876 2917.880064 2917.335785 2916.694479 2915.939178 2915.050125 2914.004331 2912.775075 2911.331329 2909.637114 2907.650768 2905.324126 2902.601614 2899.419258 2895.703623 2891.370719 2886.324947 2880.458208 2873.649452 2865.765080 2856.660498 2846.180723 2834.150964 2820.352284 2804.519333 2786.346799 2765.499720 2741.626242 2714.362327 2683.303526 2647.967298 2607.838678 2562.394623 2511.039378 2453.161535 2388.097510 2315.202384 2233.804146 2143.293291 -9999.0 -9999.0
-9999.0 -9999.0 3648.664886 3558.175140 3476.926538 3404.448192 3340.156191 3283.402798 3233.519950 3189.841788 3151.729713 3118.585131 3089.850286 3065.009459 3043.584673 3025.139646 3009.287650 2995.695099 2984.073293 2974.164458 2965.737811 2958.588057 2952.534023 2947.417058 2943.099158 2939.460948 2936.399630 2933.827014 2931.667665 2929.857233 2928.340939 2927.072247 2926.011694 2925.125860 2924.386487 2923.769710 2923.255389 2922.826545 2922.468868 2922.170295 2921.920654 2921.711353 2921.535116 2921.385754 2921.257973 2921.147201 2921.049442 2920.961151 2920.879126 2920.800433 2920.722355 2920.642335 2920.557849 2920.466292 2920.364881 2920.250566 2920.119951 2919.969193 2919.793905 2919.589038 2919.348752 2919.066271 2918.733708 2918.341876 2917.880064 2917.335785 2916.694478 2915.939178 2915.050125 2914.004331 2912.775074 2911.331329 2909.637114 2907.650768 2905.324126 2902.601614 2899.419258 2895.703623 2891.370719 2886.324947 2880.458208 2873.649452 2865.765080 2856.660498 2846.180723 2834.150964 2820.352284 2804.519333 2786.346799 2765.499720 2741.626242 2714.362327 2683.303526 2647.967298 2607.838678 2562.394623 2511.039378 2453.161535 2388.097510 2315.202384 2233.804146 2143.293291 -9999.0 -9999.0
-9999.0 -9999.0 3648.664886 3558.175140 3476.926538 3404.448192 3340.156191 3283.402798 3233.519950 3189.841788 3151.729713 3118.585131 3089.850286 3065.009459 3043.584673 3025.139646 3009.287650 2995.695099 2984.073293 2974.164458 2965.737811 2958.588057 2952.534023 2947.417058 2943.099158 2939.460948 2936.399630 2933.827014 2931.667665 2929.857233 2928.340939 2927.072247 2926.011694 2925.125860 2924.386487 2923.769710 2923.255389 2922.826545 2922.468868 2922.170295 2921.920654 2921.711353 2921.535116 2921.385754 2921.257973 2921.147201 2921.049442 2920.961151 2920.879126 2920.800433 2920.722355 2920.642335 2920.557849 2920.466292 2920.364881 2920.250566 2920.119951 2919.969193 2919.793905 2919.589038 2919.348752 2919.066271 2918.733708 2918.341876 2917.880064 2917.335785 2916.694479 2915.939178 2915.050125 2914.004331 2912.775074 2911.331329 2909.637114 2907.650768 2905.324126 2902.601614 2899.419258 2895.703623 2891.370719 2886.324947 2880.458208 2873.649452 2865.765080 2856.660498 2846.180723 2834.150964 2820.352284 2804.519333 2786.346799 2765.499720 2741.626242 2714.362327 2683.303526 2647.967298 2607.838678 2562.394623 2511.039378 2453.161535 2388.097510 2315.202384 2233.804146 2143.293291 -9999.0 -9999.0
-9999.0 -9999.0 3648.664887 3558.175140 3476.926538 3404.448192 3340.156191 3283.402798 3233.519950 3189.841788 3151.729713 3118.585131 3089.850286 3065.009459 3043.584673 3025.139646 3009.287650 2995.695099 2984.073293 2974.164458 2965.737811 2958.588057 2952.534023 2947.417058 2943.099158 2939.460948 2936.399630 2933.827014 2931.667665 2929.857233 2928.340939 2927.072247 2926.011694 2925.125860 2924.386487 2923.769710 2923.255389 2922.826545 2922.468868 2922.170295 2921.920654 2921.711353 2921.535116 2921.385754 2921.257973 2921.147201 2921.049442 2920.961151 2920.879126 2920.800433 2920.722355 2920.642335 2920.557849 2920.466292 2920.364881 2920.250566 2920.119951 2919.969193 2919.793905 2919.589038 2919.348752 2919.066271 2918.733708 2918.341876 2917.880064 2917.335785 2916.694479 2915.939178 2915.050125 2914.004331 2912.775074 2911.331329 2909.637114 2907.650768 2905.324126 2902.601614 2899.419258 2895.703623 2891.370719 2886.324947 2880.458208 2873.649452 2865.765080 2856.660498 2846.180723 2834.150964 2820.352284 2804.519333 2786.346799 2765.499720 2741.626242 2714.362327 2683.303526 2647.967298 2607.838678 2562.394623 2511.039378 2453.161535 2388.097510 2315.202384 2233.804146 2143.293291 -9999.0 -9999.0
-9999.0 -9999.0 3648.664887 3558.175140 3476.926539 3404.448192 3340.156191 3283.402798 3233.519950 3189.841788 3151.729713 3118.585131 3089.850287 3065.009459 3043.584673 3025.139646 3009.287650 2995.695099 2984.073293 2974.164458 2965.737811 2958.588057 2952.534024 2947.417058 2943.099158 2939.460948 2936.399630 2933.827014 2931.667666 2929.857233 2928.340939 2927.072247 2926.011694 2925.125860 2924.386487 2923.769710 2923.255389 2922.826545 2922.468868 2922.170295 2921.920654 2921.711353 2921.535116 2921.385754 2921.257973 2921.147201 2921.049442 2920.961151 2920.879126 2920.800433 2920.722355 2920.642335 2920.557849 2920.466292 2920.364881 2920.250566 2920.119951 2919.969193 2919.793905 2919.589038 2919.348752 2919.066271 2918.733708 2918.341876 2917.880064 2917.335785 2916.694479 2915.939178 2915.050125 2914.004331 2912.775075 2911.331329 2909.637114 2907.650768 2905.324126 2902.601614 2899.419258 2895.703623 2891.370719 2886.324947 2880.458208 2873.649452 2865.765080 2856.660498 2846.180723 2834.150964 2820.352284 2804.519333 2786.346799 2765.499720 2741.626242 2714.362327 2683.303526 2647.967298 2607.838678 2562.394623 2511.039378 2453.161535 2388.097510 2315.202384 2233.804146 2143.293291 -9999.0 -9999.0
-9999.0 -9999.0 -9999.0 -9999.0 -9999.0 -9999.0 -9999.0 -9999.0 -9999.0 -9999.0 -9999.0 -9999.0 -9999.0 -9999.0 -9999.0 -9999.0 -9999.0 -9999.0 -9999.0 -9999.0 -9999.0 -9999.0 -9999.0 -9999.0 -9999.0 -9999.0 -9999.0 -9999.0 -9999.0 -9999.0 -9999.0 -9999.0 -9999.0 -9999.0 -9999.0 -9999.0 -9999.0 -9999.0 -9999.0 -9999.0 -9999.0 -9999.0 -9999.0 -9999.0 -9999.0 -9999.0 -9999.0 -9999.0 -9999.0 -9999.0 -9999.0 -9999.0 -9999.0 -9999.0 -9999.0 -9999.0 -9999.0 -9999.0 -9999.0 -9999.0 -9999.0 -9999.0 -9999.0 -9999.0 -9999.0 -9999.0 -9999.0 -9999.0 -9999.0 -9999.0 -9999.0 -9999.0 -9999.0 -9999.0 -9999.0 -9999.0 -9999.0 -9999.0 -9999.0 -9999.0 -9999.0 -9999.0 -9999.0 -9999.0 -9999.0 -9999.0 -9999.0 -9999.0 -9999.0 -9999.0 -9999.0 -9999.0 -9999.0 -9999.0 -9999.0 -9999.0 -9999.0 -9999.0 -9999.0 -9999.0 -9999.0 -9999.0 -9999.0 -9999.0
-9999.0 -9999.0 -9999.0 -9999.0 -9999.0 -9999.0 -9999.0 -9999.0 -9999.0 -9999.0 -9999.0 -9999.0 -9999.0 -9999.0 -9999.0 -9999.0 -9999.0 -9999.0 -9999.0 -9999.0 -9999.0 -9999.0 -9999.0 -9999.0 -9999.0 -9999.0 -9999.0 -9999.0 -9999.0 -9999.0 -9999.0 -9999.0 -9999.0 -9999.0 -9999.0 -9999.0 -9999.0 -9999.0 -9999.0 -9999.0 -9999.0 -9999.0 -9999.0 -9999.0 -9999.0 -9999.0 -9999.0 -9999.0 -9999.0 -9999.0 -9999.0 -9999.0 -9999.0 -9999.0 -9999.0 -9999.0 -9999.0 -9999.0 -9999.0 -9999.0 -9999.0 -9999.0 -9999.0 -9999.0 -9999.0 -9999.0 -9999.0 -9999.0 -9999.0 -9999.0 -9999.0 -9999.0 -9999.0 -9999.0 -9999.0 -9999.0 -9999.0 -9999.0 -9999.0 -9999.0 -9999.0 -9999.0 -9999.0 -9999.0 -9999.0 -9999.0 -9999.0 -9999.0 -9999.0 -9999.0 -9999.0 -9999.0 -9999.0 -9999.0 -9999.0 -9999.0 -9999.0 -9999.0 -9999.0 -9999.0 -9999.0 -9999.0 -9999.0 -9999.0