tests/3D/hillslope01/output-maps-SE27XX/psiliqL0096N0001.asc
ncols         104
nrows         10
xllcorner     -2.000000
yllcorner     0.000000
cellsize      1.000000
NODATA_value  -9999.0
-9999.0 -9999.0 -9999.0 -9999.0 -9999.0 -9999.0 -9999.0 -9999.0 -9999.0 -9999.0 -9999.0 -9999.0 -9999.0 -9999.0 -9999.0 -9999.0 -9999.0 -9999.0 -9999.0 -9999.0 -9999.0 -9999.0 -9999.0 -9999.0 -9999.0 -9999.0 -9999.0 -9999.0 -9999.0 -9999.0 -9999.0 -9999.0 -9999.0 -9999.0 -9999.0 -9999.0 -9999.0 -9999.0 -9999.0 -9999.0 -9999.0 -9999.0 -9999.0 -9999.0 -9999.0 -9999.0 -9999.0 -9999.0 -9999.0 -9999.0 -9999.0 -9999.0 -9999.0 -9999.0 -9999.0 -9999.0 -9999.0 -9999.0 -9999.0 -9999.0 -9999.0 -9999.0 -9999.0 -9999.0 -9999.0 -9999.0 -9999.0 -9999.0 -9999.0 -9999.0 -9999.0 -9999.0 -9999.0 -9999.0 -9999.0 -9999.0 -9999.0 -9999.0 -9999.0 -9999.0 -9999.0 -9999.0 -9999.0 -9999.0 -9999.0 -9999.0 -9999.0 -9999.0 -9999.0 -9999.0 -9999.0 -9999.0 -9999.0 -9999.0 -9999.0 -9999.0 -9999.0 -9999.0 -9999.0 -9999.0 -9999.0 -9999.0 -9999.0 -9999.0
-9999.0 -9999.0 -9999.0 -9999.0 -9999.0 -9999.0 -9999.0 -9999.0 -9999.0 -9999.0 -9999.0 -9999.0 -9999.0 -9999.0 -9999.0 -9999.0 -9999.0 -9999.0 -9999.0 -9999.0 -9999.0 -9999.0 -9999.0 -9999.0 -9999.0 -9999.0 -9999.0 -9999.0 -9999.0 -9999.0 -9999.0 -9999.0 -9999.0 -9999.0 -9999.0 -9999.0 -9999.0 -9999.0 -9999.0 -9999.0 -9999.0 -9999.0 -9999.0 -9999.0 -9999.0 -9999.0 -9999.0 -9999.0 -9999.0 -9999.0 -9999.0 -9999.0 -9999.0 -9999.0 -9999.0 -9999.0 -9999.0 -9999.0 -9999.0 -9999.0 -9999.0 -9999.0 -9999.0 -9999.0 -9999.0 -9999.0 -9999.0 -9999.0 -9999.0 -9999.0 -9999.0 -9999.0 -9999.0 -9999.0 -9999.0 -9999.0 -9999.0 -9999.0 -9999.0 -9999.0 -9999.0 -9999.0 -9999.0 -9999.0 -9999.0 -9999.0 -9999.0 -9999.0 -9999.0 -9999.0 -9999.0 -9999.0 -9999.0 -9999.0 -9999.0 -9999.0 -9999.0 -9999.0 -9999.0 -9999.0 -9999.0 -9999.0 -9999.0 -9999.0
-9999.0 -9999.0 5250.843533 5159.942794 5077.940996 5004.468212 4939.031337 4881.059039 4829.939976 4785.052152 4745.785015 4711.553955 4681.808183 4656.034753 4633.760623 4614.555021 4598.031613 4583.848323 4571.703524 4561.330345 4552.492089 4544.979054 4538.606162 4533.210920 4528.651447 4524.804508 4521.563573 4518.836922 4516.545870 4514.623114 4513.011236 4511.661364 4510.531979 4509.587872 4508.799229 4508.140835 4507.591391 4507.132917 4506.750243 4506.430571 4506.163094 4505.938678 4505.749578 4505.589206 4505.451921 4505.332854 4505.227755 4505.132865 4505.044808 4504.960496 4504.877052 4504.791723 4504.701785 4504.604438 4504.496715 4504.375383 4504.236849 4504.077057 4503.891384 4503.674515 4503.420309 4503.121643 4502.770236 4502.356451 4501.869059 4501.294977 4500.618966 4499.823282 4498.887279 4497.786961 4496.494462 4494.977465 4493.198550 4491.114454 4488.675268 4485.823545 4482.493360 4478.609328 4474.085629 4468.825095 4462.718416 4455.643489 4447.464720 4438.031656 4427.175643 4414.703352 4400.389041 4383.971139 4365.153544 4343.609435 4318.984270 4290.893957 4258.916986 4222.588662 4181.406424 4134.834486 4082.302844 4023.217082 3956.970888 3882.972316 3800.677552 3709.652805 -9999.0 -9999.0
-9999.0 -9999.0 5250.843533 5159.942794 5077.940996 5004.468212 4939.031337 4881.059039 4829.939976 4785.052152 4745.785015 4711.553954 4681.808183 4656.034753 4633.760623 4614.555021 4598.031613 4583.848323 4571.703524 4561.330345 4552.492089 4544.979054 4538.606162 4533.210920 4528.651447 4524.804508 4521.563573 4518.836922 4516.545870 4514.623114 4513.011236 4511.661364 4510.531979 4509.587872 4508.799229 4508.140835 4507.591391 4507.132917 4506.750243 4506.430571 4506.163094 4505.938678 4505.749578 4505.589206 4505.451921 4505.332854 4505.227755 4505.132865 4505.044808 4504.960496 4504.877052 4504.791723 4504.701785 4504.604438 4504.496715 4504.375383 4504.236849 4504.077057 4503.891384 4503.674515 4503.420309 4503.121643 4502.770236 4502.356451 4501.869059 4501.294977 4500.618966 4499.823282 4498.887279 4497.786961 4496.494462 4494.977465 4493.198550 4491.114454 4488.675268 4485.823545 4482.493360 4478.609328 4474.085629 4468.825095 4462.718416 4455.643489 4447.464720 4438.031656 4427.175643 4414.703352 4400.389041 4383.971139 4365.153544 4343.609435 4318.984270 4290.893957 4258.916986 4222.588662 4181.406423 4134.834486 4082.302844 4023.217082 3956.970888 3882.972316 3800.677552 3709.652805 -9999.0 -9999.0
-9999.0 -9999.0 5250.843533 5159.942794 5077.940996 5004.468212 4939.031337 4881.059039 4829.939976 4785.052152 4745.785015 4711.553954 4681.808183 4656.034753 4633.760623 4614.555021 4598.031613 4583.848323 4571.703524 4561.330345 4552.492089 4544.979054 4538.606162 4533.210920 4528.651447 4524.804508 4521.563573 4518.836922 4516.545870 4514.623114 4513.011236 4511.661364 4510.531979 4509.587872 4508.799229 4508.140835 4507.591391 4507.132917 4506.750243 4506.430571 4506.163094 4505.938678 4505.749578 4505.589206 4505.451921 4505.332854 4505.227755 4505.132865 4505.044808 4504.960496 4504.877052 4504.791723 4504.701784 4504.604438 4504.496715 4504.375383 4504.236849 4504.077057 4503.891384 4503.674515 4503.420309 4503.121643 4502.770236 4502.356451 4501.869059 4501.294977 4500.618966 4499.823282 4498.887279 4497.786961 4496.494462 4494.977465 4493.198550 4491.114454 4488.675268 4485.823545 4482.493360 4478.609328 4474.085629 4468.825095 4462.718416 4455.643489 4447.464720 4438.031656 4427.175643 4414.703352 4400.389041 4383.971139 4365.153544 4343.609435 4318.984270 4290.893957 4258.916986 4222.588662 4181.406423 4134.834486 4082.302843 4023.217082 3956.970888 3882.972316 3800.677552 3709.652805 -9999.0 -9999.0
-9999.0 -9999.0 5250.843533 5159.942794 5077.940996 5004.468212 4939.031337 4881.059039 4829.939976 4785.052152 4745.785015 4711.553954 4681.808183 4656.034753 4633.760623 4614.555021 4598.031613 4583.848323 4571.703524 4561.330345 4552.492089 4544.979054 4538.606162 4533.210920 4528.651447 4524.804508 4521.563573 4518.836922 4516.545870 4514.623114 4513.011236 4511.661364 4510.531979 4509.587872 4508.799229 4508.140835 4507.591391 4507.132917 4506.750243 4506.430571 4506.163094 4505.938678 4505.749578 4505.589206 4505.451921 4505.332854 4505.227755 4505.132865 4505.044808 4504.960496 4504.877052 4504.791723 4504.701784 4504.604438 4504.496715 4504.375383 4504.236849 4504.077057 4503.891384 4503.674515 4503.420309 4503.121643 4502.770236 4502.356451 4501.869059 4501.294977 4500.618966 4499.823282 4498.887279 4497.786961 4496.494462 4494.977465 4493.198550 4491.114454 4488.675268 4485.823545 4482.493360 4478.609328 4474.085629 4468.825095 4462.718416 4455.643489 4447.464720 4438.031656 4427.175643 4414.703352 4400.389041 4383.971139 4365.153544 4343.609435 4318.984270 4290.893957 4258.916986 4222.588662 4181.406423 4134.834486 4082.302844 4023.217082 3956.970888 3882.972316 3800.677552 3709.652805 -9999.0 -9999.0
-9999.0 -9999.0 5250.843533 5159.942794 5077.940996 5004.468212 4939.031337 4881.059039 4829.939976 4785.052152 4745.785015 4711.553954 4681.808183 4656.034753 4633.760623 4614.555021 4598.031613 4583.848323 4571.703524 4561.330345 4552.492089 4544.979054 4538.606162 4533.210920 4528.651447 4524.804508 4521.563573 4518.836922 4516.545870 4514.623114 4513.011236 4511.661364 4510.531979 4509.587872 4508.799229 4508.140835 4507.591391 4507.132917 4506.750243 4506.430571 4506.163094 4505.938678 4505.749578 4505.589206 4505.451921 4505.332854 4505.227755 4505.132865 4505.044808 4504.960496 4504.877052 4504.791723 4504.701784 4504.604438 4504.496715 4504.375383 4504.236849 4504.077057 4503.891384 4503.674515 4503.420309 4503.121643 4502.770236 4502.356451 4501.869059 4501.294977 4500.618966 4499.823282 4498.887279 4497.786961 4496.494462 4494.977465 4493.198550 4491.114454 4488.675268 4485.823545 4482.493360 4478.609328 4474.085629 4468.825095 4462.718416 4455.643489 4447.464720 4438.031656 4427.175643 4414.703352 4400.389041 4383.971139 4365.153544 4343.609435 4318.984270 4290.893957 4258.916986 4222.588662 4181.406423 4134.834486 4082.302844 4023.217082 3956.970888 3882.972316 3800.677552 3709.652805 -9999.0 -9999.0
-9999.0 -9999.0 5250.843533 5159.942794 5077.940996 5004.468212 4939.031337 4881.059039 4829.939976 4785.052152 4745.785015 4711.553955 4681.808183 4656.034753 4633.760623 4614.555021 4598.031613 4583.848323 4571.703524 4561.330345 4552.492089 4544.979054 4538.606162 4533.210920 4528.651447 4524.804508 4521.563573 4518.836922 4516.545870 4514.623114 4513.011236 4511.661364 4510.531979 4509.587872 4508.799229 4508.140835 4507.591391 4507.132917 4506.750243 4506.430571 4506.163094 4505.938678 4505.749578 4505.589206 4505.451921 4505.332854 4505.227755 4505.132865 4505.044808 4504.960496 4504.877052 4504.791723 4504.701785 4504.604438 4504.496715 4504.375383 4504.236849 4504.077057 4503.891384 4503.674515 4503.420309 4503.121643 4502.770236 4502.356451 4501.869059 4501.294977 4500.618966 4499.823282 4498.887279 4497.786961 4496.494462 4494.977465 4493.198550 4491.114454 4488.675268 4485.823545 4482.493360 4478.609328 4474.085629 4468.825095 4462.718416 4455.643489 4447.464720 4438.031656 4427.175643 4414.703352 4400.389041 4383.971139 4365.153544 4343.609435 4318.984270 4290.893957 4258.916986 4222.588662 4181.406424 4134.834486 4082.302844 4023.217082 3956.970888 3882.972316 3800.677552 3709.652805 -9999.0 -9999.0
-9999.0 -9999.0 -9999.0 -9999.0 -9999.0 -9999.0 -9999.0 -9999.0 -9999.0 -9999.0 -9999.0 -9999.0 -9999.0 -9999.0 -9999.0 -9999.0 -9999.0 -9999.0 -9999.0 -9999.0 -9999.0 -9999.0 -9999.0 -9999.0 -9999.0 -9999.0 -9999.0 -9999.0 -9999.0 -9999.0 -9999.0 -9999.0 -9999.0 -9999.0 -9999.0 -9999.0 -9999.0 -9999.0 -9999.0 -9999.0 -9999.0 -9999.0 -9999.0 -9999.0 -9999.0 -9999.0 -9999.0 -9999.0 -9999.0 -9999.0 -9999.0 -9999.0 -9999.0 -9999.0 -9999.0 -9999.0 -9999.0 -9999.0 -9999.0 -9999.0 -9999.0 -9999.0 -9999.0 -9999.0 -9999.0 -9999.0 -9999.0 -9999.0 -9999.0 -9999.0 -9999.0 -9999.0 -9999.0 -9999.0 -9999.0 -9999.0 -9999.0 -9999.0 -9999.0 -9999.0 -9999.0 -9999.0 -9999.0 -9999.0 -9999.0 -9999.0 -9999.0 -9999.0 -9999.0 -9999.0 -9999.0 -9999.0 -9999.0 -9999.0 -9999.0 -9999.0 -9999.0 -9999.0 -9999.0 -9999.0 -9999.0 -9999.0 -9999.0 -9999.0
-9999.0 -9999.0 -9999.0 -9999.0 -9999.0 -9999.0 -9999.0 -9999.0 -9999.0 -9999.0 -9999.0 -9999.0 -9999.0 -9999.0 -9999.0 -9999.0 -9999.0 -9999.0 -9999.0 -9999.0 -9999.0 -9999.0 -9999.0 -9999.0 -9999.0 -9999.0 -9999.0 -9999.0 -9999.0 -9999.0 -9999.0 -9999.0 -9999.0 -9999.0 -9999.0 -9999.0 -9999.0 -9999.0 -9999.0 -9999.0 -9999.0 -9999.0 -9999.0 -9999.0 -9999.0 -9999.0 -9999.0 -9999.0 -9999.0 -9999.0 -9999.0 -9999.0 -9999.0 -9999.0 -9999.0 -9999.0 -9999.0 -9999.0 -9999.0 -9999.0 -9999.0 -9999.0 -9999.0 -9999.0 -9999.0 -9999.0 -9999.0 -9999.0 -9999.0 -9999.0 -9999.0 -9999.0 -9999.0 -9999.0 -9999.0 -9999.0 -9999.0 -9999.0 -9999.0 -9999.0 -9999.0 -9999.0 -9999.0 -9999.0 -9999.0 -9999.0 -9999.0 -9999.0 -9999.0 -9999.0 -9999.0 -9999.0 -9999.0 -9999.0 -9999.0 -9999.0 -9999.0 -9999.0 -9999.0 -9999.0 -9999.0 -9999.0 -9999.0 -9999.0