tests/3D/hillslope01/output-maps-SE27XX/psiliqL0048N0001.asc
ncols         104
nrows         10
xllcorner     -2.000000
yllcorner     0.000000
cellsize      1.000000
NODATA_value  -9999.0
-9999.0 -9999.0 -9999.0 -9999.0 -9999.0 -9999.0 -9999.0 -9999.0 -9999.0 -9999.0 -9999.0 -9999.0 -9999.0 -9999.0 -9999.0 -9999.0 -9999.0 -9999.0 -9999.0 -9999.0 -9999.0 -9999.0 -9999.0 -9999.0 -9999.0 -9999.0 -9999.0 -9999.0 -9999.0 -9999.0 -9999.0 -9999.0 -9999.0 -9999.0 -9999.0 -9999.0 -9999.0 -9999.0 -9999.0 -9999.0 -9999.0 -9999.0 -9999.0 -9999.0 -9999.0 -9999.0 -9999.0 -9999.0 -9999.0 -9999.0 -9999.0 -9999.0 -9999.0 -9999.0 -9999.0 -9999.0 -9999.0 -9999.0 -9999.0 -9999.0 -9999.0 -9999.0 -9999.0 -9999.0 -9999.0 -9999.0 -9999.0 -9999.0 -9999.0 -9999.0 -9999.0 -9999.0 -9999.0 -9999.0 -9999.0 -9999.0 -9999.0 -9999.0 -9999.0 -9999.0 -9999.0 -9999.0 -9999.0 -9999.0 -9999.0 -9999.0 -9999.0 -9999.0 -9999.0 -9999.0 -9999.0 -9999.0 -9999.0 -9999.0 -9999.0 -9999.0 -9999.0 -9999.0 -9999.0 -9999.0 -9999.0 -9999.0 -9999.0 -9999.0
-9999.0 -9999.0 -9999.0 -9999.0 -9999.0 -9999.0 -9999.0 -9999.0 -9999.0 -9999.0 -9999.0 -9999.0 -9999.0 -9999.0 -9999.0 -9999.0 -9999.0 -9999.0 -9999.0 -9999.0 -9999.0 -9999.0 -9999.0 -9999.0 -9999.0 -9999.0 -9999.0 -9999.0 -9999.0 -9999.0 -9999.0 -9999.0 -9999.0 -9999.0 -9999.0 -9999.0 -9999.0 -9999.0 -9999.0 -9999.0 -9999.0 -9999.0 -9999.0 -9999.0 -9999.0 -9999.0 -9999.0 -9999.0 -9999.0 -9999.0 -9999.0 -9999.0 -9999.0 -9999.0 -9999.0 -9999.0 -9999.0 -9999.0 -9999.0 -9999.0 -9999.0 -9999.0 -9999.0 -9999.0 -9999.0 -9999.0 -9999.0 -9999.0 -9999.0 -9999.0 -9999.0 -9999.0 -9999.0 -9999.0 -9999.0 -9999.0 -9999.0 -9999.0 -9999.0 -9999.0 -9999.0 -9999.0 -9999.0 -9999.0 -9999.0 -9999.0 -9999.0 -9999.0 -9999.0 -9999.0 -9999.0 -9999.0 -9999.0 -9999.0 -9999.0 -9999.0 -9999.0 -9999.0 -9999.0 -9999.0 -9999.0 -9999.0 -9999.0 -9999.0
-9999.0 -9999.0 368.978968 282.214269 207.268347 141.610988 85.166217 36.092162 -5.888708 -42.153372 -73.323619 -100.297973 -123.638669 -143.323715 -159.973208 -174.157152 -186.345473 -196.727934 -205.375656 -212.573775 -218.549415 -223.507679 -227.621623 -231.035235 -233.867816 -236.218143 -238.168040 -239.785358 -241.126417 -242.238005 -243.159019 -243.921812 -244.553296 -245.075865 -245.508153 -245.865663 -246.161297 -246.405789 -246.608075 -246.775597 -246.914562 -247.030153 -247.126712 -247.207896 -247.276805 -247.336096 -247.388089 -247.434864 -247.478381 -247.519338 -247.548827 -247.578601 -247.610230 -247.644724 -247.683279 -247.727115 -247.777655 -247.836529 -247.905625 -247.987139 -248.083637 -248.198127 -248.334143 -248.495836 -248.688082 -248.916610 -249.188138 -249.510531 -249.892983 -250.346213 -250.882682 -251.516833 -252.265346 -253.147402 -254.184959 -255.403016 -256.829862 -258.497281 -260.440682 -262.699120 -265.315150 -268.334518 -271.806028 -275.785137 -280.321108 -285.357062 -290.873875 -296.860191 -303.331983 -310.297979 -317.753194 -325.617408 -333.690074 -341.828490 -349.935876 -357.843758 -365.406474 -372.515399 -379.052106 -385.029552 -390.609140 -398.093395 -9999.0 -9999.0
-9999.0 -9999.0 368.978968 282.214269 207.268347 141.610988 85.166217 36.092162 -5.888708 -42.153372 -73.323619 -100.297973 -123.638669 -143.323715 -159.973208 -174.157152 -186.345473 -196.727934 -205.375656 -212.573775 -218.549415 -223.507679 -227.621623 -231.035235 -233.867816 -236.218143 -238.168040 -239.785358 -241.126417 -242.238005 -243.159019 -243.921812 -244.553296 -245.075865 -245.508153 -245.865663 -246.161297 -246.405789 -246.608075 -246.775597 -246.914562 -247.030153 -247.126712 -247.207896 -247.276805 -247.336096 -247.388089 -247.434864 -247.478381 -247.519338 -247.548827 -247.578601 -247.610230 -247.644724 -247.683279 -247.727115 -247.777655 -247.836529 -247.905625 -247.987139 -248.083637 -248.198128 -248.334143 -248.495836 -248.688082 -248.916610 -249.188138 -249.510531 -249.892983 -250.346213 -250.882682 -251.516833 -252.265346 -253.147402 -254.184959 -255.403016 -256.829862 -258.497281 -260.440682 -262.699120 -265.315150 -268.334518 -271.806028 -275.785137 -280.321108 -285.357062 -290.873875 -296.860191 -303.331983 -310.297979 -317.753194 -325.617408 -333.690074 -341.828490 -349.935876 -357.843758 -365.406474 -372.515399 -379.052106 -385.029552 -390.609140 -398.093395 -9999.0 -9999.0
-9999.0 -9999.0 368.978968 282.214269 207.268347 141.610988 85.166217 36.092162 -5.888708 -42.153372 -73.323619 -100.297973 -123.638669 -143.323715 -159.973208 -174.157152 -186.345473 -196.727934 -205.375656 -212.573775 -218.549415 -223.507679 -227.621623 -231.035235 -233.867816 -236.218143 -238.168040 -239.785358 -241.126417 -242.238005 -243.159019 -243.921812 -244.553296 -245.075865 -245.508153 -245.865664 -246.161297 -246.405789 -246.608075 -246.775597 -246.914562 -247.030153 -247.126712 -247.207896 -247.276805 -247.336096 -247.388089 -247.434864 -247.478381 -247.519338 -247.548827 -247.578601 -247.610230 -247.644724 -247.683279 -247.727115 -247.777655 -247.836529 -247.905625 -247.987139 -248.083637 -248.198128 -248.334143 -248.495836 -248.688082 -248.916610 -249.188138 -249.510531 -249.892983 -250.346213 -250.882682 -251.516833 -252.265346 -253.147403 -254.184959 -255.403016 -256.829862 -258.497281 -260.440682 -262.699120 -265.315150 -268.334518 -271.806028 -275.785137 -280.321108 -285.357062 -290.873875 -296.860191 -303.331983 -310.297979 -317.753194 -325.617408 -333.690074 -341.828490 -349.935876 -357.843758 -365.406474 -372.515399 -379.052106 -385.029552 -390.609140 -398.093395 -9999.0 -9999.0
-9999.0 -9999.0 368.978968 282.214269 207.268347 141.610988 85.166217 36.092162 -5.888708 -42.153372 -73.323619 -100.297973 -123.638669 -143.323715 -159.973208 -174.157152 -186.345473 -196.727934 -205.375656 -212.573775 -218.549415 -223.507679 -227.621623 -231.035235 -233.867816 -236.218143 -238.168040 -239.785358 -241.126417 -242.238005 -243.159019 -243.921812 -244.553296 -245.075865 -245.508153 -245.865664 -246.161297 -246.405789 -246.608075 -246.775597 -246.914562 -247.030153 -247.126712 -247.207896 -247.276805 -247.336096 -247.388089 -247.434864 -247.478381 -247.519338 -247.548827 -247.578601 -247.610230 -247.644724 -247.683279 -247.727115 -247.777655 -247.836529 -247.905625 -247.987139 -248.083637 -248.198128 -248.334143 -248.495836 -248.688082 -248.916610 -249.188138 -249.510531 -249.892983 -250.346213 -250.882682 -251.516833 -252.265346 -253.147403 -254.184959 -255.403016 -256.829862 -258.497281 -260.440682 -262.699120 -265.315150 -268.334518 -271.806028 -275.785137 -280.321108 -285.357062 -290.873875 -296.860191 -303.331983 -310.297979 -317.753194 -325.617408 -333.690074 -341.828490 -349.935876 -357.843758 -365.406474 -372.515399 -379.052106 -385.029552 -390.609140 -398.093395 -9999.0 -9999.0
-9999.0 -9999.0 368.978968 282.214269 207.268347 141.610988 85.166217 36.092162 -5.888708 -42.153372 -73.323619 -100.297973 -123.638669 -143.323715 -159.973208 -174.157152 -186.345473 -196.727934 -205.375656 -212.573775 -218.549415 -223.507679 -227.621623 -231.035235 -233.867816 -236.218143 -238.168040 -239.785358 -241.126417 -242.238005 -243.159019 -243.921812 -244.553296 -245.075865 -245.508153 -245.865663 -246.161297 -246.405789 -246.608075 -246.775597 -246.914562 -247.030153 -247.126712 -247.207896 -247.276805 -247.336096 -247.388089 -247.434864 -247.478381 -247.519338 -247.548827 -247.578601 -247.610230 -247.644724 -247.683279 -247.727115 -247.777655 -247.836529 -247.905625 -247.987139 -248.083637 -248.198128 -248.334143 -248.495836 -248.688082 -248.916610 -249.188138 -249.510531 -249.892983 -250.346213 -250.882682 -251.516833 -252.265346 -253.147402 -254.184959 -255.403016 -256.829862 -258.497281 -260.440682 -262.699120 -265.315150 -268.334518 -271.806028 -275.785137 -280.321108 -285.357062 -290.873875 -296.860191 -303.331983 -310.297979 -317.753194 -325.617408 -333.690074 -341.828490 -349.935876 -357.843758 -365.406474 -372.515399 -379.052106 -385.029552 -390.609140 -398.093395 -9999.0 -9999.0
-9999.0 -9999.0 368.978968 282.214269 207.268347 141.610988 85.166217 36.092162 -5.888708 -42.153372 -73.323619 -100.297973 -123.638669 -143.323715 -159.973208 -174.157152 -186.345473 -196.727934 -205.375656 -212.573775 -218.549415 -223.507679 -227.621623 -231.035235 -233.867816 -236.218143 -238.168040 -239.785358 -241.126417 -242.238005 -243.159019 -243.921812 -244.553296 -245.075865 -245.508153 -245.865663 -246.161297 -246.405789 -246.608075 -246.775597 -246.914562 -247.030153 -247.126712 -247.207896 -247.276805 -247.336096 -247.388089 -247.434864 -247.478381 -247.519338 -247.548827 -247.578601 -247.610230 -247.644724 -247.683279 -247.727115 -247.777655 -247.836529 -247.905625 -247.987139 -248.083637 -248.198128 -248.334143 -248.495836 -248.688082 -248.916610 -249.188138 -249.510531 -249.892983 -250.346213 -250.882682 -251.516833 -252.265346 -253.147402 -254.184959 -255.403016 -256.829862 -258.497281 -260.440682 -262.699120 -265.315150 -268.334518 -271.806028 -275.785137 -280.321108 -285.357062 -290.873875 -296.860191 -303.331983 -310.297979 -317.753194 -325.617408 -333.690074 -341.828490 -349.935876 -357.843758 -365.406474 -372.515399 -379.052106 -385.029552 -390.609140 -398.093395 -9999.0 -9999.0
-9999.0 -9999.0 -9999.0 -9999.0 -9999.0 -9999.0 -9999.0 -9999.0 -9999.0 -9999.0 -9999.0 -9999.0 -9999.0 -9999.0 -9999.0 -9999.0 -9999.0 -9999.0 -9999.0 -9999.0 -9999.0 -9999.0 -9999.0 -9999.0 -9999.0 -9999.0 -9999.0 -9999.0 -9999.0 -9999.0 -9999.0 -9999.0 -9999.0 -9999.0 -9999.0 -9999.0 -9999.0 -9999.0 -9999.0 -9999.0 -9999.0 -9999.0 -9999.0 -9999.0 -9999.0 -9999.0 -9999.0 -9999.0 -9999.0 -9999.0 -9999.0 -9999.0 -9999.0 -9999.0 -9999.0 -9999.0 -9999.0 -9999.0 -9999.0 -9999.0 -9999.0 -9999.0 -9999.0 -9999.0 -9999.0 -9999.0 -9999.0 -9999.0 -9999.0 -9999.0 -9999.0 -9999.0 -9999.0 -9999.0 -9999.0 -9999.0 -9999.0 -9999.0 -9999.0 -9999.0 -9999.0 -9999.0 -9999.0 -9999.0 -9999.0 -9999.0 -9999.0 -9999.0 -9999.0 -9999.0 -9999.0 -9999.0 -9999.0 -9999.0 -9999.0 -9999.0 -9999.0 -9999.0 -9999.0 -9999.0 -9999.0 -9999.0 -9999.0 -9999.0
-9999.0 -9999.0 -9999.0 -9999.0 -9999.0 -9999.0 -9999.0 -9999.0 -9999.0 -9999.0 -9999.0 -9999.0 -9999.0 -9999.0 -9999.0 -9999.0 -9999.0 -9999.0 -9999.0 -9999.0 -9999.0 -9999.0 -9999.0 -9999.0 -9999.0 -9999.0 -9999.0 -9999.0 -9999.0 -9999.0 -9999.0 -9999.0 -9999.0 -9999.0 -9999.0 -9999.0 -9999.0 -9999.0 -9999.0 -9999.0 -9999.0 -9999.0 -9999.0 -9999.0 -9999.0 -9999.0 -9999.0 -9999.0 -9999.0 -9999.0 -9999.0 -9999.0 -9999.0 -9999.0 -9999.0 -9999.0 -9999.0 -9999.0 -9999.0 -9999.0 -9999.0 -9999.0 -9999.0 -9999.0 -9999.0 -9999.0 -9999.0 -9999.0 -9999.0 -9999.0 -9999.0 -9999.0 -9999.0 -9999.0 -9999.0 -9999.0 -9999.0 -9999.0 -9999.0 -9999.0 -9999.0 -9999.0 -9999.0 -9999.0 -9999.0 -9999.0 -9999.0 -9999.0 -9999.0 -9999.0 -9999.0 -9999.0 -9999.0 -9999.0 -9999.0 -9999.0 -9999.0 -9999.0 -9999.0 -9999.0 -9999.0 -9999.0 -9999.0 -9999.0