tests/3D/hillslope01/output-maps-SE27XX/psiliqL0057N0001.asc
ncols         104
nrows         10
xllcorner     -2.000000
yllcorner     0.000000
cellsize      1.000000
NODATA_value  -9999.0
-9999.0 -9999.0 -9999.0 -9999.0 -9999.0 -9999.0 -9999.0 -9999.0 -9999.0 -9999.0 -9999.0 -9999.0 -9999.0 -9999.0 -9999.0 -9999.0 -9999.0 -9999.0 -9999.0 -9999.0 -9999.0 -9999.0 -9999.0 -9999.0 -9999.0 -9999.0 -9999.0 -9999.0 -9999.0 -9999.0 -9999.0 -9999.0 -9999.0 -9999.0 -9999.0 -9999.0 -9999.0 -9999.0 -9999.0 -9999.0 -9999.0 -9999.0 -9999.0 -9999.0 -9999.0 -9999.0 -9999.0 -9999.0 -9999.0 -9999.0 -9999.0 -9999.0 -9999.0 -9999.0 -9999.0 -9999.0 -9999.0 -9999.0 -9999.0 -9999.0 -9999.0 -9999.0 -9999.0 -9999.0 -9999.0 -9999.0 -9999.0 -9999.0 -9999.0 -9999.0 -9999.0 -9999.0 -9999.0 -9999.0 -9999.0 -9999.0 -9999.0 -9999.0 -9999.0 -9999.0 -9999.0 -9999.0 -9999.0 -9999.0 -9999.0 -9999.0 -9999.0 -9999.0 -9999.0 -9999.0 -9999.0 -9999.0 -9999.0 -9999.0 -9999.0 -9999.0 -9999.0 -9999.0 -9999.0 -9999.0 -9999.0 -9999.0 -9999.0 -9999.0
-9999.0 -9999.0 -9999.0 -9999.0 -9999.0 -9999.0 -9999.0 -9999.0 -9999.0 -9999.0 -9999.0 -9999.0 -9999.0 -9999.0 -9999.0 -9999.0 -9999.0 -9999.0 -9999.0 -9999.0 -9999.0 -9999.0 -9999.0 -9999.0 -9999.0 -9999.0 -9999.0 -9999.0 -9999.0 -9999.0 -9999.0 -9999.0 -9999.0 -9999.0 -9999.0 -9999.0 -9999.0 -9999.0 -9999.0 -9999.0 -9999.0 -9999.0 -9999.0 -9999.0 -9999.0 -9999.0 -9999.0 -9999.0 -9999.0 -9999.0 -9999.0 -9999.0 -9999.0 -9999.0 -9999.0 -9999.0 -9999.0 -9999.0 -9999.0 -9999.0 -9999.0 -9999.0 -9999.0 -9999.0 -9999.0 -9999.0 -9999.0 -9999.0 -9999.0 -9999.0 -9999.0 -9999.0 -9999.0 -9999.0 -9999.0 -9999.0 -9999.0 -9999.0 -9999.0 -9999.0 -9999.0 -9999.0 -9999.0 -9999.0 -9999.0 -9999.0 -9999.0 -9999.0 -9999.0 -9999.0 -9999.0 -9999.0 -9999.0 -9999.0 -9999.0 -9999.0 -9999.0 -9999.0 -9999.0 -9999.0 -9999.0 -9999.0 -9999.0 -9999.0
-9999.0 -9999.0 1302.626904 1214.134674 1136.346531 1068.029633 1008.403941 956.429408 911.358372 872.286289 838.482857 809.374087 784.354539 762.979325 744.726576 729.094232 715.653107 704.136312 694.393373 686.164114 679.229495 673.395451 668.493260 664.378263 660.927303 658.035884 655.615502 653.591277 651.899909 650.487932 649.310221 648.328730 647.511408 646.831283 646.265675 645.795534 645.404865 645.080249 644.810429 644.585962 644.398918 644.242631 644.111478 644.000695 643.906220 643.824548 643.752605 643.687627 643.627019 643.568191 643.508645 643.446985 643.381497 643.310228 643.231012 643.141435 643.038776 642.919942 642.781380 642.618988 642.428002 642.202871 641.937117 641.623168 641.252166 640.813747 640.295789 639.684118 638.962167 638.110589 637.106805 635.924480 634.532920 632.896373 630.973216 628.715006 626.065376 622.958743 619.318799 615.056733 610.069132 604.235325 597.413574 589.438017 580.184314 569.755038 557.887737 544.273135 528.544754 510.273862 489.002282 464.567130 437.124683 405.589009 369.015766 328.091894 280.939635 228.055314 167.337801 99.319930 22.451376 -63.032352 -9999.0 -9999.0
-9999.0 -9999.0 1302.626904 1214.134674 1136.346531 1068.029633 1008.403941 956.429408 911.358371 872.286289 838.482857 809.374087 784.354539 762.979325 744.726576 729.094232 715.653107 704.136312 694.393373 686.164114 679.229495 673.395451 668.493260 664.378263 660.927303 658.035884 655.615501 653.591277 651.899909 650.487932 649.310221 648.328730 647.511408 646.831283 646.265675 645.795534 645.404865 645.080249 644.810429 644.585962 644.398918 644.242631 644.111478 644.000695 643.906220 643.824548 643.752605 643.687627 643.627019 643.568191 643.508645 643.446985 643.381497 643.310228 643.231012 643.141435 643.038776 642.919942 642.781380 642.618988 642.428002 642.202871 641.937117 641.623168 641.252166 640.813747 640.295789 639.684118 638.962167 638.110589 637.106805 635.924480 634.532920 632.896373 630.973216 628.715006 626.065376 622.958743 619.318799 615.056733 610.069132 604.235325 597.413574 589.438017 580.184314 569.755038 557.887737 544.273135 528.544754 510.273862 489.002282 464.567130 437.124683 405.589009 369.015766 328.091894 280.939635 228.055314 167.337801 99.319930 22.451376 -63.032351 -9999.0 -9999.0
-9999.0 -9999.0 1302.626904 1214.134674 1136.346531 1068.029633 1008.403941 956.429408 911.358371 872.286289 838.482857 809.374087 784.354539 762.979325 744.726576 729.094232 715.653107 704.136312 694.393373 686.164114 679.229495 673.395451 668.493260 664.378263 660.927303 658.035884 655.615501 653.591277 651.899909 650.487932 649.310221 648.328730 647.511408 646.831283 646.265675 645.795534 645.404865 645.080249 644.810429 644.585962 644.398918 644.242631 644.111478 644.000695 643.906220 643.824548 643.752605 643.687627 643.627019 643.568191 643.508645 643.446985 643.381497 643.310228 643.231012 643.141435 643.038776 642.919942 642.781380 642.618988 642.428002 642.202871 641.937117 641.623168 641.252166 640.813747 640.295789 639.684118 638.962167 638.110589 637.106805 635.924480 634.532920 632.896373 630.973216 628.715006 626.065376 622.958743 619.318799 615.056733 610.069132 604.235325 597.413574 589.438017 580.184314 569.755038 557.887737 544.273135 528.544754 510.273862 489.002282 464.567130 437.124683 405.589009 369.015766 328.091894 280.939635 228.055314 167.337801 99.319930 22.451376 -63.032351 -9999.0 -9999.0
-9999.0 -9999.0 1302.626904 1214.134674 1136.346531 1068.029633 1008.403941 956.429408 911.358371 872.286289 838.482857 809.374087 784.354539 762.979325 744.726576 729.094232 715.653107 704.136312 694.393373 686.164114 679.229495 673.395451 668.493260 664.378263 660.927303 658.035884 655.615501 653.591277 651.899909 650.487932 649.310221 648.328730 647.511408 646.831283 646.265675 645.795534 645.404865 645.080249 644.810429 644.585962 644.398918 644.242631 644.111478 644.000695 643.906220 643.824548 643.752605 643.687627 643.627019 643.568191 643.508645 643.446985 643.381497 643.310228 643.231012 643.141435 643.038776 642.919942 642.781380 642.618988 642.428002 642.202871 641.937117 641.623168 641.252166 640.813747 640.295789 639.684118 638.962167 638.110589 637.106805 635.924480 634.532920 632.896373 630.973216 628.715006 626.065376 622.958743 619.318799 615.056733 610.069132 604.235325 597.413574 589.438017 580.184314 569.755038 557.887737 544.273135 528.544754 510.273862 489.002282 464.567130 437.124683 405.589009 369.015766 328.091894 280.939635 228.055314 167.337801 99.319930 22.451376 -63.032351 -9999.0 -9999.0
-9999.0 -9999.0 1302.626904 1214.134674 1136.346531 1068.029633 1008.403941 956.429408 911.358371 872.286289 838.482857 809.374087 784.354539 762.979325 744.726576 729.094232 715.653107 704.136312 694.393373 686.164114 679.229495 673.395451 668.493260 664.378263 660.927303 658.035884 655.615501 653.591277 651.899909 650.487932 649.310221 648.328730 647.511408 646.831283 646.265675 645.795534 645.404865 645.080249 644.810429 644.585962 644.398918 644.242631 644.111478 644.000695 643.906220 643.824548 643.752605 643.687627 643.627019 643.568191 643.508645 643.446985 643.381497 643.310228 643.231012 643.141435 643.038776 642.919942 642.781380 642.618988 642.428002 642.202871 641.937117 641.623168 641.252166 640.813747 640.295789 639.684118 638.962167 638.110589 637.106805 635.924480 634.532920 632.896373 630.973216 628.715006 626.065376 622.958743 619.318799 615.056733 610.069132 604.235325 597.413574 589.438017 580.184314 569.755038 557.887737 544.273135 528.544754 510.273862 489.002282 464.567130 437.124683 405.589009 369.015766 328.091894 280.939635 228.055314 167.337801 99.319930 22.451376 -63.032351 -9999.0 -9999.0
-9999.0 -9999.0 1302.626904 1214.134674 1136.346531 1068.029633 1008.403941 956.429408 911.358372 872.286289 838.482857 809.374087 784.354539 762.979325 744.726576 729.094232 715.653107 704.136312 694.393373 686.164114 679.229495 673.395451 668.493260 664.378263 660.927303 658.035884 655.615502 653.591277 651.899909 650.487932 649.310221 648.328730 647.511408 646.831283 646.265675 645.795534 645.404865 645.080249 644.810429 644.585962 644.398918 644.242631 644.111478 644.000695 643.906220 643.824548 643.752605 643.687627 643.627019 643.568191 643.508645 643.446985 643.381497 643.310228 643.231012 643.141435 643.038776 642.919942 642.781380 642.618988 642.428002 642.202871 641.937117 641.623168 641.252166 640.813747 640.295789 639.684118 638.962167 638.110589 637.106805 635.924480 634.532920 632.896373 630.973216 628.715006 626.065376 622.958743 619.318799 615.056733 610.069132 604.235325 597.413574 589.438017 580.184314 569.755038 557.887737 544.273135 528.544754 510.273862 489.002282 464.567130 437.124683 405.589009 369.015766 328.091894 280.939635 228.055314 167.337801 99.319930 22.451376 -63.032352 -9999.0 -9999.0
-9999.0 -9999.0 -9999.0 -9999.0 -9999.0 -9999.0 -9999.0 -9999.0 -9999.0 -9999.0 -9999.0 -9999.0 -9999.0 -9999.0 -9999.0 -9999.0 -9999.0 -9999.0 -9999.0 -9999.0 -9999.0 -9999.0 -9999.0 -9999.0 -9999.0 -9999.0 -9999.0 -9999.0 -9999.0 -9999.0 -9999.0 -9999.0 -9999.0 -9999.0 -9999.0 -9999.0 -9999.0 -9999.0 -9999.0 -9999.0 -9999.0 -9999.0 -9999.0 -9999.0 -9999.0 -9999.0 -9999.0 -9999.0 -9999.0 -9999.0 -9999.0 -9999.0 -9999.0 -9999.0 -9999.0 -9999.0 -9999.0 -9999.0 -9999.0 -9999.0 -9999.0 -9999.0 -9999.0 -9999.0 -9999.0 -9999.0 -9999.0 -9999.0 -9999.0 -9999.0 -9999.0 -9999.0 -9999.0 -9999.0 -9999.0 -9999.0 -9999.0 -9999.0 -9999.0 -9999.0 -9999.0 -9999.0 -9999.0 -9999.0 -9999.0 -9999.0 -9999.0 -9999.0 -9999.0 -9999.0 -9999.0 -9999.0 -9999.0 -9999.0 -9999.0 -9999.0 -9999.0 -9999.0 -9999.0 -9999.0 -9999.0 -9999.0 -9999.0 -9999.0
-9999.0 -9999.0 -9999.0 -9999.0 -9999.0 -9999.0 -9999.0 -9999.0 -9999.0 -9999.0 -9999.0 -9999.0 -9999.0 -9999.0 -9999.0 -9999.0 -9999.0 -9999.0 -9999.0 -9999.0 -9999.0 -9999.0 -9999.0 -9999.0 -9999.0 -9999.0 -9999.0 -9999.0 -9999.0 -9999.0 -9999.0 -9999.0 -9999.0 -9999.0 -9999.0 -9999.0 -9999.0 -9999.0 -9999.0 -9999.0 -9999.0 -9999.0 -9999.0 -9999.0 -9999.0 -9999.0 -9999.0 -9999.0 -9999.0 -9999.0 -9999.0 -9999.0 -9999.0 -9999.0 -9999.0 -9999.0 -9999.0 -9999.0 -9999.0 -9999.0 -9999.0 -9999.0 -9999.0 -9999.0 -9999.0 -9999.0 -9999.0 -9999.0 -9999.0 -9999.0 -9999.0 -9999.0 -9999.0 -9999.0 -9999.0 -9999.0 -9999.0 -9999.0 -9999.0 -9999.0 -9999.0 -9999.0 -9999.0 -9999.0 -9999.0 -9999.0 -9999.0 -9999.0 -9999.0 -9999.0 -9999.0 -9999.0 -9999.0 -9999.0 -9999.0 -9999.0 -9999.0 -9999.0 -9999.0 -9999.0 -9999.0 -9999.0 -9999.0 -9999.0