tests/3D/hillslope01/output-maps-SE27XX/psiliqL0073N0001.asc
ncols         104
nrows         10
xllcorner     -2.000000
yllcorner     0.000000
cellsize      1.000000
NODATA_value  -9999.0
-9999.0 -9999.0 -9999.0 -9999.0 -9999.0 -9999.0 -9999.0 -9999.0 -9999.0 -9999.0 -9999.0 -9999.0 -9999.0 -9999.0 -9999.0 -9999.0 -9999.0 -9999.0 -9999.0 -9999.0 -9999.0 -9999.0 -9999.0 -9999.0 -9999.0 -9999.0 -9999.0 -9999.0 -9999.0 -9999.0 -9999.0 -9999.0 -9999.0 -9999.0 -9999.0 -9999.0 -9999.0 -9999.0 -9999.0 -9999.0 -9999.0 -9999.0 -9999.0 -9999.0 -9999.0 -9999.0 -9999.0 -9999.0 -9999.0 -9999.0 -9999.0 -9999.0 -9999.0 -9999.0 -9999.0 -9999.0 -9999.0 -9999.0 -9999.0 -9999.0 -9999.0 -9999.0 -9999.0 -9999.0 -9999.0 -9999.0 -9999.0 -9999.0 -9999.0 -9999.0 -9999.0 -9999.0 -9999.0 -9999.0 -9999.0 -9999.0 -9999.0 -9999.0 -9999.0 -9999.0 -9999.0 -9999.0 -9999.0 -9999.0 -9999.0 -9999.0 -9999.0 -9999.0 -9999.0 -9999.0 -9999.0 -9999.0 -9999.0 -9999.0 -9999.0 -9999.0 -9999.0 -9999.0 -9999.0 -9999.0 -9999.0 -9999.0 -9999.0 -9999.0
-9999.0 -9999.0 -9999.0 -9999.0 -9999.0 -9999.0 -9999.0 -9999.0 -9999.0 -9999.0 -9999.0 -9999.0 -9999.0 -9999.0 -9999.0 -9999.0 -9999.0 -9999.0 -9999.0 -9999.0 -9999.0 -9999.0 -9999.0 -9999.0 -9999.0 -9999.0 -9999.0 -9999.0 -9999.0 -9999.0 -9999.0 -9999.0 -9999.0 -9999.0 -9999.0 -9999.0 -9999.0 -9999.0 -9999.0 -9999.0 -9999.0 -9999.0 -9999.0 -9999.0 -9999.0 -9999.0 -9999.0 -9999.0 -9999.0 -9999.0 -9999.0 -9999.0 -9999.0 -9999.0 -9999.0 -9999.0 -9999.0 -9999.0 -9999.0 -9999.0 -9999.0 -9999.0 -9999.0 -9999.0 -9999.0 -9999.0 -9999.0 -9999.0 -9999.0 -9999.0 -9999.0 -9999.0 -9999.0 -9999.0 -9999.0 -9999.0 -9999.0 -9999.0 -9999.0 -9999.0 -9999.0 -9999.0 -9999.0 -9999.0 -9999.0 -9999.0 -9999.0 -9999.0 -9999.0 -9999.0 -9999.0 -9999.0 -9999.0 -9999.0 -9999.0 -9999.0 -9999.0 -9999.0 -9999.0 -9999.0 -9999.0 -9999.0 -9999.0 -9999.0
-9999.0 -9999.0 2940.248977 2850.139963 2769.575967 2697.979062 2634.687611 2578.986752 2530.164630 2487.516782 2450.381933 2418.153485 2390.269113 2366.214202 2345.505750 2327.699871 2312.407480 2299.304452 2288.117357 2278.595596 2270.512482 2263.665910 2257.877770 2252.992589 2248.875653 2245.410877 2242.498651 2240.053772 2238.003558 2236.286139 2234.848950 2233.647410 2232.643766 2231.806093 2231.107426 2230.525017 2230.039693 2229.635303 2229.298248 2229.017079 2228.782145 2228.585305 2228.419668 2228.279379 2228.159431 2228.055498 2227.963798 2227.880960 2227.803925 2227.729872 2227.656201 2227.580537 2227.500535 2227.413749 2227.317544 2227.209026 2227.084955 2226.941666 2226.774966 2226.580027 2226.351261 2226.082175 2225.765211 2225.391557 2224.950933 2224.431344 2223.818795 2223.096967 2222.246840 2221.246267 2220.069481 2218.686535 2217.062658 2215.157536 2212.924481 2210.309517 2207.250347 2203.675234 2199.501802 2194.635819 2188.970113 2182.383973 2174.743989 2165.908350 2155.734930 2144.073470 2130.709924 2115.373107 2097.746709 2077.483887 2054.231314 2027.652360 1997.374564 1962.878330 1923.627162 1879.144446 1828.785117 1771.951808 1707.906296 1636.003577 1555.449082 1465.437924 -9999.0 -9999.0
-9999.0 -9999.0 2940.248977 2850.139963 2769.575967 2697.979062 2634.687611 2578.986752 2530.164630 2487.516782 2450.381933 2418.153485 2390.269113 2366.214201 2345.505750 2327.699870 2312.407480 2299.304452 2288.117357 2278.595596 2270.512482 2263.665910 2257.877770 2252.992589 2248.875653 2245.410877 2242.498650 2240.053772 2238.003558 2236.286139 2234.848950 2233.647410 2232.643766 2231.806093 2231.107426 2230.525017 2230.039693 2229.635303 2229.298248 2229.017079 2228.782145 2228.585305 2228.419668 2228.279379 2228.159431 2228.055498 2227.963798 2227.880960 2227.803925 2227.729871 2227.656201 2227.580537 2227.500535 2227.413749 2227.317544 2227.209026 2227.084955 2226.941666 2226.774966 2226.580027 2226.351261 2226.082175 2225.765211 2225.391557 2224.950933 2224.431344 2223.818795 2223.096967 2222.246840 2221.246267 2220.069481 2218.686535 2217.062658 2215.157536 2212.924481 2210.309517 2207.250347 2203.675234 2199.501802 2194.635819 2188.970113 2182.383973 2174.743989 2165.908350 2155.734930 2144.073470 2130.709924 2115.373107 2097.746709 2077.483887 2054.231314 2027.652360 1997.374564 1962.878330 1923.627162 1879.144446 1828.785117 1771.951807 1707.906296 1636.003577 1555.449082 1465.437924 -9999.0 -9999.0
-9999.0 -9999.0 2940.248976 2850.139963 2769.575967 2697.979062 2634.687611 2578.986752 2530.164630 2487.516782 2450.381932 2418.153485 2390.269113 2366.214201 2345.505750 2327.699870 2312.407480 2299.304452 2288.117357 2278.595596 2270.512482 2263.665910 2257.877770 2252.992589 2248.875653 2245.410877 2242.498650 2240.053772 2238.003558 2236.286139 2234.848950 2233.647410 2232.643766 2231.806093 2231.107426 2230.525017 2230.039693 2229.635303 2229.298248 2229.017079 2228.782145 2228.585305 2228.419668 2228.279379 2228.159431 2228.055498 2227.963798 2227.880960 2227.803925 2227.729872 2227.656201 2227.580537 2227.500535 2227.413749 2227.317544 2227.209026 2227.084955 2226.941666 2226.774966 2226.580027 2226.351261 2226.082175 2225.765211 2225.391557 2224.950933 2224.431344 2223.818795 2223.096967 2222.246840 2221.246267 2220.069481 2218.686535 2217.062658 2215.157536 2212.924481 2210.309517 2207.250347 2203.675234 2199.501802 2194.635819 2188.970113 2182.383973 2174.743989 2165.908350 2155.734930 2144.073470 2130.709924 2115.373107 2097.746709 2077.483887 2054.231314 2027.652360 1997.374564 1962.878330 1923.627162 1879.144446 1828.785117 1771.951807 1707.906296 1636.003577 1555.449082 1465.437924 -9999.0 -9999.0
-9999.0 -9999.0 2940.248976 2850.139963 2769.575967 2697.979062 2634.687611 2578.986752 2530.164630 2487.516782 2450.381932 2418.153485 2390.269113 2366.214201 2345.505750 2327.699870 2312.407480 2299.304452 2288.117357 2278.595596 2270.512482 2263.665910 2257.877770 2252.992589 2248.875653 2245.410877 2242.498650 2240.053772 2238.003558 2236.286139 2234.848950 2233.647410 2232.643766 2231.806093 2231.107426 2230.525017 2230.039693 2229.635303 2229.298248 2229.017079 2228.782145 2228.585305 2228.419668 2228.279379 2228.159431 2228.055498 2227.963798 2227.880960 2227.803925 2227.729871 2227.656201 2227.580537 2227.500535 2227.413749 2227.317544 2227.209026 2227.084955 2226.941666 2226.774966 2226.580027 2226.351261 2226.082175 2225.765211 2225.391557 2224.950933 2224.431344 2223.818795 2223.096967 2222.246840 2221.246267 2220.069481 2218.686535 2217.062658 2215.157536 2212.924481 2210.309517 2207.250347 2203.675234 2199.501802 2194.635819 2188.970113 2182.383973 2174.743989 2165.908350 2155.734930 2144.073470 2130.709924 2115.373107 2097.746709 2077.483887 2054.231314 2027.652360 1997.374564 1962.878330 1923.627162 1879.144446 1828.785117 1771.951807 1707.906296 1636.003577 1555.449082 1465.437924 -9999.0 -9999.0
-9999.0 -9999.0 2940.248976 2850.139963 2769.575967 2697.979062 2634.687611 2578.986752 2530.164630 2487.516782 2450.381933 2418.153485 2390.269113 2366.214201 2345.505750 2327.699870 2312.407480 2299.304452 2288.117357 2278.595596 2270.512482 2263.665910 2257.877770 2252.992589 2248.875653 2245.410877 2242.498650 2240.053772 2238.003558 2236.286139 2234.848950 2233.647410 2232.643766 2231.806093 2231.107426 2230.525017 2230.039693 2229.635303 2229.298248 2229.017079 2228.782145 2228.585305 2228.419668 2228.279379 2228.159431 2228.055498 2227.963798 2227.880960 2227.803925 2227.729872 2227.656201 2227.580537 2227.500535 2227.413749 2227.317544 2227.209026 2227.084955 2226.941666 2226.774966 2226.580027 2226.351261 2226.082175 2225.765211 2225.391557 2224.950933 2224.431344 2223.818795 2223.096967 2222.246840 2221.246267 2220.069481 2218.686535 2217.062658 2215.157536 2212.924481 2210.309517 2207.250347 2203.675234 2199.501802 2194.635819 2188.970113 2182.383973 2174.743989 2165.908350 2155.734930 2144.073470 2130.709924 2115.373107 2097.746709 2077.483887 2054.231314 2027.652360 1997.374564 1962.878330 1923.627162 1879.144446 1828.785117 1771.951807 1707.906296 1636.003577 1555.449082 1465.437924 -9999.0 -9999.0
-9999.0 -9999.0 2940.248977 2850.139963 2769.575967 2697.979062 2634.687611 2578.986752 2530.164630 2487.516782 2450.381933 2418.153485 2390.269113 2366.214202 2345.505750 2327.699871 2312.407480 2299.304452 2288.117357 2278.595596 2270.512482 2263.665910 2257.877770 2252.992589 2248.875653 2245.410877 2242.498651 2240.053772 2238.003558 2236.286139 2234.848950 2233.647410 2232.643766 2231.806093 2231.107426 2230.525017 2230.039693 2229.635303 2229.298248 2229.017079 2228.782145 2228.585305 2228.419668 2228.279379 2228.159431 2228.055498 2227.963798 2227.880960 2227.803925 2227.729872 2227.656201 2227.580537 2227.500535 2227.413749 2227.317544 2227.209026 2227.084955 2226.941666 2226.774966 2226.580027 2226.351261 2226.082175 2225.765211 2225.391557 2224.950933 2224.431344 2223.818795 2223.096967 2222.246840 2221.246267 2220.069481 2218.686535 2217.062658 2215.157536 2212.924481 2210.309517 2207.250347 2203.675234 2199.501802 2194.635819 2188.970113 2182.383973 2174.743989 2165.908350 2155.734930 2144.073470 2130.709924 2115.373107 2097.746709 2077.483887 2054.231314 2027.652360 1997.374564 1962.878330 1923.627162 1879.144446 1828.785117 1771.951807 1707.906296 1636.003577 1555.449082 1465.437924 -9999.0 -9999.0
-9999.0 -9999.0 -9999.0 -9999.0 -9999.0 -9999.0 -9999.0 -9999.0 -9999.0 -9999.0 -9999.0 -9999.0 -9999.0 -9999.0 -9999.0 -9999.0 -9999.0 -9999.0 -9999.0 -9999.0 -9999.0 -9999.0 -9999.0 -9999.0 -9999.0 -9999.0 -9999.0 -9999.0 -9999.0 -9999.0 -9999.0 -9999.0 -9999.0 -9999.0 -9999.0 -9999.0 -9999.0 -9999.0 -9999.0 -9999.0 -9999.0 -9999.0 -9999.0 -9999.0 -9999.0 -9999.0 -9999.0 -9999.0 -9999.0 -9999.0 -9999.0 -9999.0 -9999.0 -9999.0 -9999.0 -9999.0 -9999.0 -9999.0 -9999.0 -9999.0 -9999.0 -9999.0 -9999.0 -9999.0 -9999.0 -9999.0 -9999.0 -9999.0 -9999.0 -9999.0 -9999.0 -9999.0 -9999.0 -9999.0 -9999.0 -9999.0 -9999.0 -9999.0 -9999.0 -9999.0 -9999.0 -9999.0 -9999.0 -9999.0 -9999.0 -9999.0 -9999.0 -9999.0 -9999.0 -9999.0 -9999.0 -9999.0 -9999.0 -9999.0 -9999.0 -9999.0 -9999.0 -9999.0 -9999.0 -9999.0 -9999.0 -9999.0 -9999.0 -9999.0
-9999.0 -9999.0 -9999.0 -9999.0 -9999.0 -9999.0 -9999.0 -9999.0 -9999.0 -9999.0 -9999.0 -9999.0 -9999.0 -9999.0 -9999.0 -9999.0 -9999.0 -9999.0 -9999.0 -9999.0 -9999.0 -9999.0 -9999.0 -9999.0 -9999.0 -9999.0 -9999.0 -9999.0 -9999.0 -9999.0 -9999.0 -9999.0 -9999.0 -9999.0 -9999.0 -9999.0 -9999.0 -9999.0 -9999.0 -9999.0 -9999.0 -9999.0 -9999.0 -9999.0 -9999.0 -9999.0 -9999.0 -9999.0 -9999.0 -9999.0 -9999.0 -9999.0 -9999.0 -9999.0 -9999.0 -9999.0 -9999.0 -9999.0 -9999.0 -9999.0 -9999.0 -9999.0 -9999.0 -9999.0 -9999.0 -9999.0 -9999.0 -9999.0 -9999.0 -9999.0 -9999.0 -9999.0 -9999.0 -9999.0 -9999.0 -9999.0 -9999.0 -9999.0 -9999.0 -9999.0 -9999.0 -9999.0 -9999.0 -9999.0 -9999.0 -9999.0 -9999.0 -9999.0 -9999.0 -9999.0 -9999.0 -9999.0 -9999.0 -9999.0 -9999.0 -9999.0 -9999.0 -9999.0 -9999.0 -9999.0 -9999.0 -9999.0 -9999.0 -9999.0