tests/3D/hillslope01/output-maps-SE27XX/psiliqL0069N0001.asc
ncols         104
nrows         10
xllcorner     -2.000000
yllcorner     0.000000
cellsize      1.000000
NODATA_value  -9999.0
-9999.0 -9999.0 -9999.0 -9999.0 -9999.0 -9999.0 -9999.0 -9999.0 -9999.0 -9999.0 -9999.0 -9999.0 -9999.0 -9999.0 -9999.0 -9999.0 -9999.0 -9999.0 -9999.0 -9999.0 -9999.0 -9999.0 -9999.0 -9999.0 -9999.0 -9999.0 -9999.0 -9999.0 -9999.0 -9999.0 -9999.0 -9999.0 -9999.0 -9999.0 -9999.0 -9999.0 -9999.0 -9999.0 -9999.0 -9999.0 -9999.0 -9999.0 -9999.0 -9999.0 -9999.0 -9999.0 -9999.0 -9999.0 -9999.0 -9999.0 -9999.0 -9999.0 -9999.0 -9999.0 -9999.0 -9999.0 -9999.0 -9999.0 -9999.0 -9999.0 -9999.0 -9999.0 -9999.0 -9999.0 -9999.0 -9999.0 -9999.0 -9999.0 -9999.0 -9999.0 -9999.0 -9999.0 -9999.0 -9999.0 -9999.0 -9999.0 -9999.0 -9999.0 -9999.0 -9999.0 -9999.0 -9999.0 -9999.0 -9999.0 -9999.0 -9999.0 -9999.0 -9999.0 -9999.0 -9999.0 -9999.0 -9999.0 -9999.0 -9999.0 -9999.0 -9999.0 -9999.0 -9999.0 -9999.0 -9999.0 -9999.0 -9999.0 -9999.0 -9999.0
-9999.0 -9999.0 -9999.0 -9999.0 -9999.0 -9999.0 -9999.0 -9999.0 -9999.0 -9999.0 -9999.0 -9999.0 -9999.0 -9999.0 -9999.0 -9999.0 -9999.0 -9999.0 -9999.0 -9999.0 -9999.0 -9999.0 -9999.0 -9999.0 -9999.0 -9999.0 -9999.0 -9999.0 -9999.0 -9999.0 -9999.0 -9999.0 -9999.0 -9999.0 -9999.0 -9999.0 -9999.0 -9999.0 -9999.0 -9999.0 -9999.0 -9999.0 -9999.0 -9999.0 -9999.0 -9999.0 -9999.0 -9999.0 -9999.0 -9999.0 -9999.0 -9999.0 -9999.0 -9999.0 -9999.0 -9999.0 -9999.0 -9999.0 -9999.0 -9999.0 -9999.0 -9999.0 -9999.0 -9999.0 -9999.0 -9999.0 -9999.0 -9999.0 -9999.0 -9999.0 -9999.0 -9999.0 -9999.0 -9999.0 -9999.0 -9999.0 -9999.0 -9999.0 -9999.0 -9999.0 -9999.0 -9999.0 -9999.0 -9999.0 -9999.0 -9999.0 -9999.0 -9999.0 -9999.0 -9999.0 -9999.0 -9999.0 -9999.0 -9999.0 -9999.0 -9999.0 -9999.0 -9999.0 -9999.0 -9999.0 -9999.0 -9999.0 -9999.0 -9999.0
-9999.0 -9999.0 2533.309628 2443.490718 2363.439772 2292.487408 2229.920449 2174.973846 2126.909237 2084.992658 2048.547350 2016.964060 1989.677156 1966.175789 1945.972568 1928.616108 1913.713979 1900.950361 1890.066168 1880.814807 1872.971861 1866.337199 1860.734763 1856.011304 1852.034442 1848.690441 1845.881951 1843.525890 1841.551513 1839.898694 1838.516422 1837.361482 1836.397317 1835.593042 1834.922595 1834.364007 1833.898775 1833.511325 1833.188553 1832.919433 1832.694680 1832.506464 1832.348162 1832.214152 1832.099623 1832.000425 1831.912920 1831.833866 1831.760297 1831.689460 1831.618828 1831.546167 1831.469261 1831.385775 1831.293178 1831.188676 1831.069144 1830.931036 1830.770296 1830.582248 1830.361477 1830.101692 1829.795560 1829.434532 1829.008626 1828.506192 1827.913628 1827.215066 1826.392002 1825.422876 1824.282589 1822.941948 1821.367032 1819.518474 1817.350631 1814.810659 1811.837462 1808.360528 1804.298661 1799.558641 1794.033951 1787.603903 1780.134353 1771.483565 1761.518483 1750.113984 1737.057621 1722.072454 1704.832865 1684.980373 1662.156347 1636.050412 1606.330309 1572.429617 1533.784427 1489.989331 1440.328819 1384.250080 1320.926184 1249.758870 1169.854775 1080.239593 -9999.0 -9999.0
-9999.0 -9999.0 2533.309628 2443.490717 2363.439772 2292.487408 2229.920449 2174.973846 2126.909237 2084.992658 2048.547350 2016.964060 1989.677156 1966.175789 1945.972568 1928.616108 1913.713979 1900.950361 1890.066167 1880.814807 1872.971861 1866.337199 1860.734763 1856.011304 1852.034442 1848.690441 1845.881951 1843.525890 1841.551513 1839.898694 1838.516422 1837.361482 1836.397317 1835.593042 1834.922595 1834.364007 1833.898775 1833.511325 1833.188553 1832.919433 1832.694680 1832.506464 1832.348162 1832.214152 1832.099623 1832.000425 1831.912920 1831.833866 1831.760297 1831.689460 1831.618828 1831.546167 1831.469261 1831.385775 1831.293178 1831.188676 1831.069144 1830.931036 1830.770296 1830.582248 1830.361477 1830.101692 1829.795560 1829.434532 1829.008626 1828.506192 1827.913628 1827.215066 1826.392002 1825.422876 1824.282589 1822.941948 1821.367032 1819.518474 1817.350631 1814.810659 1811.837462 1808.360528 1804.298661 1799.558641 1794.033951 1787.603903 1780.134353 1771.483565 1761.518483 1750.113984 1737.057621 1722.072454 1704.832865 1684.980373 1662.156347 1636.050412 1606.330309 1572.429617 1533.784427 1489.989331 1440.328819 1384.250080 1320.926184 1249.758870 1169.854775 1080.239593 -9999.0 -9999.0
-9999.0 -9999.0 2533.309628 2443.490717 2363.439772 2292.487408 2229.920449 2174.973846 2126.909237 2084.992658 2048.547350 2016.964060 1989.677156 1966.175789 1945.972568 1928.616108 1913.713979 1900.950361 1890.066167 1880.814807 1872.971861 1866.337199 1860.734763 1856.011304 1852.034442 1848.690441 1845.881951 1843.525890 1841.551513 1839.898694 1838.516422 1837.361482 1836.397317 1835.593042 1834.922595 1834.364007 1833.898775 1833.511325 1833.188553 1832.919433 1832.694680 1832.506464 1832.348162 1832.214152 1832.099623 1832.000425 1831.912920 1831.833866 1831.760297 1831.689460 1831.618828 1831.546167 1831.469261 1831.385775 1831.293178 1831.188676 1831.069144 1830.931036 1830.770296 1830.582248 1830.361477 1830.101692 1829.795560 1829.434532 1829.008626 1828.506192 1827.913628 1827.215066 1826.392002 1825.422876 1824.282589 1822.941948 1821.367032 1819.518474 1817.350631 1814.810659 1811.837462 1808.360528 1804.298661 1799.558641 1794.033951 1787.603903 1780.134353 1771.483565 1761.518483 1750.113984 1737.057621 1722.072454 1704.832865 1684.980373 1662.156347 1636.050412 1606.330309 1572.429617 1533.784427 1489.989331 1440.328819 1384.250080 1320.926184 1249.758870 1169.854775 1080.239593 -9999.0 -9999.0
-9999.0 -9999.0 2533.309628 2443.490717 2363.439772 2292.487408 2229.920449 2174.973846 2126.909237 2084.992658 2048.547350 2016.964060 1989.677156 1966.175789 1945.972568 1928.616108 1913.713979 1900.950361 1890.066167 1880.814807 1872.971861 1866.337199 1860.734763 1856.011304 1852.034442 1848.690441 1845.881951 1843.525890 1841.551513 1839.898694 1838.516422 1837.361482 1836.397317 1835.593042 1834.922595 1834.364007 1833.898775 1833.511325 1833.188553 1832.919433 1832.694680 1832.506464 1832.348162 1832.214152 1832.099623 1832.000425 1831.912920 1831.833866 1831.760297 1831.689460 1831.618828 1831.546167 1831.469261 1831.385775 1831.293178 1831.188676 1831.069144 1830.931036 1830.770296 1830.582248 1830.361477 1830.101692 1829.795560 1829.434532 1829.008626 1828.506192 1827.913628 1827.215066 1826.392002 1825.422876 1824.282589 1822.941948 1821.367032 1819.518474 1817.350631 1814.810659 1811.837462 1808.360528 1804.298661 1799.558641 1794.033951 1787.603903 1780.134353 1771.483565 1761.518483 1750.113984 1737.057621 1722.072454 1704.832865 1684.980373 1662.156347 1636.050412 1606.330309 1572.429617 1533.784427 1489.989331 1440.328819 1384.250080 1320.926184 1249.758870 1169.854775 1080.239593 -9999.0 -9999.0
-9999.0 -9999.0 2533.309628 2443.490717 2363.439772 2292.487408 2229.920449 2174.973846 2126.909237 2084.992658 2048.547350 2016.964060 1989.677156 1966.175789 1945.972568 1928.616108 1913.713979 1900.950361 1890.066167 1880.814807 1872.971861 1866.337199 1860.734763 1856.011304 1852.034442 1848.690441 1845.881951 1843.525890 1841.551513 1839.898694 1838.516422 1837.361482 1836.397317 1835.593042 1834.922595 1834.364007 1833.898775 1833.511325 1833.188553 1832.919433 1832.694680 1832.506464 1832.348162 1832.214152 1832.099623 1832.000425 1831.912920 1831.833866 1831.760297 1831.689460 1831.618828 1831.546167 1831.469261 1831.385775 1831.293178 1831.188676 1831.069144 1830.931036 1830.770296 1830.582248 1830.361477 1830.101692 1829.795560 1829.434532 1829.008626 1828.506192 1827.913628 1827.215066 1826.392002 1825.422876 1824.282589 1822.941948 1821.367032 1819.518474 1817.350631 1814.810659 1811.837462 1808.360528 1804.298661 1799.558641 1794.033951 1787.603903 1780.134353 1771.483565 1761.518483 1750.113984 1737.057621 1722.072454 1704.832865 1684.980373 1662.156347 1636.050412 1606.330309 1572.429617 1533.784427 1489.989331 1440.328819 1384.250080 1320.926184 1249.758870 1169.854775 1080.239593 -9999.0 -9999.0
-9999.0 -9999.0 2533.309628 2443.490718 2363.439772 2292.487408 2229.920449 2174.973846 2126.909237 2084.992658 2048.547350 2016.964060 1989.677156 1966.175789 1945.972568 1928.616108 1913.713979 1900.950361 1890.066168 1880.814807 1872.971861 1866.337199 1860.734763 1856.011304 1852.034442 1848.690441 1845.881951 1843.525890 1841.551513 1839.898694 1838.516422 1837.361482 1836.397317 1835.593042 1834.922595 1834.364007 1833.898775 1833.511325 1833.188553 1832.919433 1832.694680 1832.506464 1832.348162 1832.214152 1832.099623 1832.000425 1831.912920 1831.833866 1831.760297 1831.689460 1831.618828 1831.546167 1831.469261 1831.385775 1831.293178 1831.188676 1831.069144 1830.931036 1830.770296 1830.582248 1830.361477 1830.101692 1829.795560 1829.434532 1829.008626 1828.506192 1827.913628 1827.215066 1826.392002 1825.422876 1824.282589 1822.941948 1821.367032 1819.518474 1817.350631 1814.810659 1811.837462 1808.360528 1804.298661 1799.558641 1794.033951 1787.603903 1780.134353 1771.483565 1761.518483 1750.113984 1737.057621 1722.072454 1704.832865 1684.980373 1662.156347 1636.050412 1606.330309 1572.429617 1533.784427 1489.989331 1440.328819 1384.250080 1320.926184 1249.758870 1169.854775 1080.239593 -9999.0 -9999.0
-9999.0 -9999.0 -9999.0 -9999.0 -9999.0 -9999.0 -9999.0 -9999.0 -9999.0 -9999.0 -9999.0 -9999.0 -9999.0 -9999.0 -9999.0 -9999.0 -9999.0 -9999.0 -9999.0 -9999.0 -9999.0 -9999.0 -9999.0 -9999.0 -9999.0 -9999.0 -9999.0 -9999.0 -9999.0 -9999.0 -9999.0 -9999.0 -9999.0 -9999.0 -9999.0 -9999.0 -9999.0 -9999.0 -9999.0 -9999.0 -9999.0 -9999.0 -9999.0 -9999.0 -9999.0 -9999.0 -9999.0 -9999.0 -9999.0 -9999.0 -9999.0 -9999.0 -9999.0 -9999.0 -9999.0 -9999.0 -9999.0 -9999.0 -9999.0 -9999.0 -9999.0 -9999.0 -9999.0 -9999.0 -9999.0 -9999.0 -9999.0 -9999.0 -9999.0 -9999.0 -9999.0 -9999.0 -9999.0 -9999.0 -9999.0 -9999.0 -9999.0 -9999.0 -9999.0 -9999.0 -9999.0 -9999.0 -9999.0 -9999.0 -9999.0 -9999.0 -9999.0 -9999.0 -9999.0 -9999.0 -9999.0 -9999.0 -9999.0 -9999.0 -9999.0 -9999.0 -9999.0 -9999.0 -9999.0 -9999.0 -9999.0 -9999.0 -9999.0 -9999.0
-9999.0 -9999.0 -9999.0 -9999.0 -9999.0 -9999.0 -9999.0 -9999.0 -9999.0 -9999.0 -9999.0 -9999.0 -9999.0 -9999.0 -9999.0 -9999.0 -9999.0 -9999.0 -9999.0 -9999.0 -9999.0 -9999.0 -9999.0 -9999.0 -9999.0 -9999.0 -9999.0 -9999.0 -9999.0 -9999.0 -9999.0 -9999.0 -9999.0 -9999.0 -9999.0 -9999.0 -9999.0 -9999.0 -9999.0 -9999.0 -9999.0 -9999.0 -9999.0 -9999.0 -9999.0 -9999.0 -9999.0 -9999.0 -9999.0 -9999.0 -9999.0 -9999.0 -9999.0 -9999.0 -9999.0 -9999.0 -9999.0 -9999.0 -9999.0 -9999.0 -9999.0 -9999.0 -9999.0 -9999.0 -9999.0 -9999.0 -9999.0 -9999.0 -9999.0 -9999.0 -9999.0 -9999.0 -9999.0 -9999.0 -9999.0 -9999.0 -9999.0 -9999.0 -9999.0 -9999.0 -9999.0 -9999.0 -9999.0 -9999.0 -9999.0 -9999.0 -9999.0 -9999.0 -9999.0 -9999.0 -9999.0 -9999.0 -9999.0 -9999.0 -9999.0 -9999.0 -9999.0 -9999.0 -9999.0 -9999.0 -9999.0 -9999.0 -9999.0 -9999.0