tests/3D/hillslope01/output-maps-SE27XX/psiliqL0100N0001.asc
ncols         104
nrows         10
xllcorner     -2.000000
yllcorner     0.000000
cellsize      1.000000
NODATA_value  -9999.0
-9999.0 -9999.0 -9999.0 -9999.0 -9999.0 -9999.0 -9999.0 -9999.0 -9999.0 -9999.0 -9999.0 -9999.0 -9999.0 -9999.0 -9999.0 -9999.0 -9999.0 -9999.0 -9999.0 -9999.0 -9999.0 -9999.0 -9999.0 -9999.0 -9999.0 -9999.0 -9999.0 -9999.0 -9999.0 -9999.0 -9999.0 -9999.0 -9999.0 -9999.0 -9999.0 -9999.0 -9999.0 -9999.0 -9999.0 -9999.0 -9999.0 -9999.0 -9999.0 -9999.0 -9999.0 -9999.0 -9999.0 -9999.0 -9999.0 -9999.0 -9999.0 -9999.0 -9999.0 -9999.0 -9999.0 -9999.0 -9999.0 -9999.0 -9999.0 -9999.0 -9999.0 -9999.0 -9999.0 -9999.0 -9999.0 -9999.0 -9999.0 -9999.0 -9999.0 -9999.0 -9999.0 -9999.0 -9999.0 -9999.0 -9999.0 -9999.0 -9999.0 -9999.0 -9999.0 -9999.0 -9999.0 -9999.0 -9999.0 -9999.0 -9999.0 -9999.0 -9999.0 -9999.0 -9999.0 -9999.0 -9999.0 -9999.0 -9999.0 -9999.0 -9999.0 -9999.0 -9999.0 -9999.0 -9999.0 -9999.0 -9999.0 -9999.0 -9999.0 -9999.0
-9999.0 -9999.0 -9999.0 -9999.0 -9999.0 -9999.0 -9999.0 -9999.0 -9999.0 -9999.0 -9999.0 -9999.0 -9999.0 -9999.0 -9999.0 -9999.0 -9999.0 -9999.0 -9999.0 -9999.0 -9999.0 -9999.0 -9999.0 -9999.0 -9999.0 -9999.0 -9999.0 -9999.0 -9999.0 -9999.0 -9999.0 -9999.0 -9999.0 -9999.0 -9999.0 -9999.0 -9999.0 -9999.0 -9999.0 -9999.0 -9999.0 -9999.0 -9999.0 -9999.0 -9999.0 -9999.0 -9999.0 -9999.0 -9999.0 -9999.0 -9999.0 -9999.0 -9999.0 -9999.0 -9999.0 -9999.0 -9999.0 -9999.0 -9999.0 -9999.0 -9999.0 -9999.0 -9999.0 -9999.0 -9999.0 -9999.0 -9999.0 -9999.0 -9999.0 -9999.0 -9999.0 -9999.0 -9999.0 -9999.0 -9999.0 -9999.0 -9999.0 -9999.0 -9999.0 -9999.0 -9999.0 -9999.0 -9999.0 -9999.0 -9999.0 -9999.0 -9999.0 -9999.0 -9999.0 -9999.0 -9999.0 -9999.0 -9999.0 -9999.0 -9999.0 -9999.0 -9999.0 -9999.0 -9999.0 -9999.0 -9999.0 -9999.0 -9999.0 -9999.0
-9999.0 -9999.0 5647.777302 5556.857081 5474.819227 5401.298254 5335.805434 5277.773185 5226.593062 5181.645245 5142.320618 5108.035366 5078.239115 5052.419135 5030.102616 5010.858981 4994.301869 4980.088845 4967.917740 4957.521237 4948.662321 4941.131052 4934.742151 4929.332929 4924.761311 4920.903872 4917.653895 4914.919487 4912.621799 4910.693380 4909.076683 4907.722717 4906.589859 4905.642812 4904.851682 4904.191187 4903.639969 4903.179999 4902.796063 4902.475325 4902.206947 4901.981766 4901.792017 4901.631088 4901.493323 4901.373836 4901.268367 4901.173144 4901.084782 4901.000187 4900.916471 4900.830874 4900.740659 4900.643019 4900.534978 4900.413292 4900.274357 4900.114110 4899.927913 4899.710439 4899.455531 4899.156049 4898.803692 4898.388801 4897.900119 4897.324535 4896.646775 4895.849057 4894.910689 4893.807625 4892.511941 4890.991257 4889.208079 4887.119067 4884.674221 4881.816004 4878.478394 4874.585912 4870.052646 4864.781352 4858.662653 4851.574373 4843.380773 4833.931062 4823.055965 4810.561431 4796.221387 4779.774372 4760.924632 4739.345612 4714.682582 4686.550736 4654.528059 4618.150296 4576.915311 4530.287331 4477.697271 4418.552021 4352.247825 4278.196201 4195.859337 4104.810880 -9999.0 -9999.0
-9999.0 -9999.0 5647.777302 5556.857080 5474.819227 5401.298254 5335.805434 5277.773184 5226.593062 5181.645245 5142.320618 5108.035366 5078.239115 5052.419135 5030.102616 5010.858980 4994.301869 4980.088845 4967.917740 4957.521237 4948.662321 4941.131052 4934.742151 4929.332929 4924.761311 4920.903872 4917.653895 4914.919487 4912.621799 4910.693380 4909.076683 4907.722716 4906.589859 4905.642812 4904.851682 4904.191187 4903.639969 4903.179999 4902.796063 4902.475325 4902.206947 4901.981766 4901.792017 4901.631088 4901.493323 4901.373836 4901.268367 4901.173144 4901.084782 4901.000187 4900.916471 4900.830874 4900.740659 4900.643019 4900.534978 4900.413292 4900.274357 4900.114110 4899.927913 4899.710439 4899.455531 4899.156049 4898.803692 4898.388801 4897.900119 4897.324535 4896.646775 4895.849057 4894.910689 4893.807625 4892.511941 4890.991257 4889.208079 4887.119067 4884.674221 4881.816004 4878.478394 4874.585912 4870.052646 4864.781352 4858.662653 4851.574373 4843.380773 4833.931062 4823.055965 4810.561431 4796.221387 4779.774372 4760.924632 4739.345612 4714.682582 4686.550736 4654.528059 4618.150296 4576.915311 4530.287331 4477.697271 4418.552021 4352.247825 4278.196201 4195.859337 4104.810880 -9999.0 -9999.0
-9999.0 -9999.0 5647.777302 5556.857080 5474.819227 5401.298253 5335.805434 5277.773184 5226.593062 5181.645245 5142.320618 5108.035366 5078.239115 5052.419135 5030.102616 5010.858980 4994.301869 4980.088845 4967.917740 4957.521237 4948.662321 4941.131052 4934.742151 4929.332929 4924.761311 4920.903872 4917.653895 4914.919487 4912.621799 4910.693380 4909.076683 4907.722716 4906.589859 4905.642812 4904.851682 4904.191187 4903.639969 4903.179999 4902.796063 4902.475325 4902.206947 4901.981766 4901.792017 4901.631088 4901.493323 4901.373836 4901.268366 4901.173144 4901.084782 4901.000187 4900.916471 4900.830874 4900.740659 4900.643019 4900.534978 4900.413292 4900.274357 4900.114110 4899.927913 4899.710439 4899.455531 4899.156049 4898.803692 4898.388801 4897.900119 4897.324535 4896.646775 4895.849057 4894.910689 4893.807625 4892.511941 4890.991257 4889.208079 4887.119067 4884.674221 4881.816004 4878.478394 4874.585912 4870.052646 4864.781352 4858.662653 4851.574373 4843.380773 4833.931062 4823.055965 4810.561431 4796.221387 4779.774372 4760.924632 4739.345612 4714.682582 4686.550736 4654.528059 4618.150296 4576.915311 4530.287331 4477.697271 4418.552021 4352.247825 4278.196201 4195.859337 4104.810880 -9999.0 -9999.0
-9999.0 -9999.0 5647.777302 5556.857080 5474.819227 5401.298253 5335.805434 5277.773184 5226.593062 5181.645245 5142.320618 5108.035366 5078.239115 5052.419135 5030.102616 5010.858980 4994.301869 4980.088845 4967.917740 4957.521237 4948.662321 4941.131052 4934.742151 4929.332929 4924.761311 4920.903872 4917.653895 4914.919487 4912.621799 4910.693380 4909.076683 4907.722716 4906.589859 4905.642812 4904.851682 4904.191187 4903.639969 4903.179999 4902.796063 4902.475325 4902.206947 4901.981766 4901.792017 4901.631088 4901.493323 4901.373836 4901.268367 4901.173144 4901.084782 4901.000187 4900.916471 4900.830874 4900.740659 4900.643019 4900.534978 4900.413292 4900.274357 4900.114110 4899.927913 4899.710439 4899.455531 4899.156049 4898.803692 4898.388801 4897.900119 4897.324535 4896.646775 4895.849057 4894.910689 4893.807625 4892.511941 4890.991257 4889.208079 4887.119067 4884.674221 4881.816004 4878.478394 4874.585911 4870.052646 4864.781352 4858.662653 4851.574373 4843.380773 4833.931062 4823.055965 4810.561431 4796.221387 4779.774371 4760.924632 4739.345612 4714.682582 4686.550736 4654.528059 4618.150296 4576.915311 4530.287331 4477.697271 4418.552021 4352.247825 4278.196201 4195.859337 4104.810880 -9999.0 -9999.0
-9999.0 -9999.0 5647.777302 5556.857080 5474.819227 5401.298254 5335.805434 5277.773184 5226.593062 5181.645245 5142.320618 5108.035366 5078.239115 5052.419135 5030.102616 5010.858980 4994.301869 4980.088845 4967.917740 4957.521237 4948.662321 4941.131052 4934.742151 4929.332929 4924.761311 4920.903872 4917.653895 4914.919487 4912.621799 4910.693380 4909.076683 4907.722717 4906.589859 4905.642812 4904.851682 4904.191187 4903.639969 4903.179999 4902.796063 4902.475325 4902.206947 4901.981766 4901.792017 4901.631088 4901.493323 4901.373836 4901.268367 4901.173144 4901.084782 4901.000187 4900.916471 4900.830874 4900.740659 4900.643019 4900.534978 4900.413292 4900.274357 4900.114110 4899.927913 4899.710439 4899.455531 4899.156049 4898.803692 4898.388801 4897.900119 4897.324535 4896.646775 4895.849057 4894.910689 4893.807625 4892.511941 4890.991257 4889.208079 4887.119067 4884.674221 4881.816004 4878.478394 4874.585912 4870.052646 4864.781352 4858.662653 4851.574373 4843.380773 4833.931062 4823.055965 4810.561431 4796.221387 4779.774372 4760.924632 4739.345612 4714.682582 4686.550736 4654.528059 4618.150296 4576.915311 4530.287331 4477.697271 4418.552021 4352.247825 4278.196201 4195.859337 4104.810880 -9999.0 -9999.0
-9999.0 -9999.0 5647.777302 5556.857081 5474.819227 5401.298254 5335.805434 5277.773185 5226.593062 5181.645245 5142.320618 5108.035366 5078.239115 5052.419135 5030.102616 5010.858981 4994.301869 4980.088845 4967.917740 4957.521237 4948.662321 4941.131052 4934.742151 4929.332929 4924.761311 4920.903872 4917.653895 4914.919487 4912.621799 4910.693380 4909.076683 4907.722717 4906.589859 4905.642812 4904.851682 4904.191187 4903.639969 4903.179999 4902.796063 4902.475325 4902.206947 4901.981766 4901.792017 4901.631088 4901.493323 4901.373836 4901.268367 4901.173144 4901.084782 4901.000187 4900.916471 4900.830874 4900.740659 4900.643019 4900.534978 4900.413292 4900.274357 4900.114110 4899.927913 4899.710439 4899.455531 4899.156049 4898.803692 4898.388801 4897.900119 4897.324535 4896.646775 4895.849057 4894.910689 4893.807625 4892.511941 4890.991257 4889.208080 4887.119067 4884.674221 4881.816004 4878.478394 4874.585912 4870.052646 4864.781352 4858.662653 4851.574373 4843.380773 4833.931062 4823.055965 4810.561431 4796.221387 4779.774372 4760.924632 4739.345612 4714.682582 4686.550736 4654.528059 4618.150296 4576.915311 4530.287331 4477.697271 4418.552021 4352.247825 4278.196201 4195.859337 4104.810880 -9999.0 -9999.0
-9999.0 -9999.0 -9999.0 -9999.0 -9999.0 -9999.0 -9999.0 -9999.0 -9999.0 -9999.0 -9999.0 -9999.0 -9999.0 -9999.0 -9999.0 -9999.0 -9999.0 -9999.0 -9999.0 -9999.0 -9999.0 -9999.0 -9999.0 -9999.0 -9999.0 -9999.0 -9999.0 -9999.0 -9999.0 -9999.0 -9999.0 -9999.0 -9999.0 -9999.0 -9999.0 -9999.0 -9999.0 -9999.0 -9999.0 -9999.0 -9999.0 -9999.0 -9999.0 -9999.0 -9999.0 -9999.0 -9999.0 -9999.0 -9999.0 -9999.0 -9999.0 -9999.0 -9999.0 -9999.0 -9999.0 -9999.0 -9999.0 -9999.0 -9999.0 -9999.0 -9999.0 -9999.0 -9999.0 -9999.0 -9999.0 -9999.0 -9999.0 -9999.0 -9999.0 -9999.0 -9999.0 -9999.0 -9999.0 -9999.0 -9999.0 -9999.0 -9999.0 -9999.0 -9999.0 -9999.0 -9999.0 -9999.0 -9999.0 -9999.0 -9999.0 -9999.0 -9999.0 -9999.0 -9999.0 -9999.0 -9999.0 -9999.0 -9999.0 -9999.0 -9999.0 -9999.0 -9999.0 -9999.0 -9999.0 -9999.0 -9999.0 -9999.0 -9999.0 -9999.0
-9999.0 -9999.0 -9999.0 -9999.0 -9999.0 -9999.0 -9999.0 -9999.0 -9999.0 -9999.0 -9999.0 -9999.0 -9999.0 -9999.0 -9999.0 -9999.0 -9999.0 -9999.0 -9999.0 -9999.0 -9999.0 -9999.0 -9999.0 -9999.0 -9999.0 -9999.0 -9999.0 -9999.0 -9999.0 -9999.0 -9999.0 -9999.0 -9999.0 -9999.0 -9999.0 -9999.0 -9999.0 -9999.0 -9999.0 -9999.0 -9999.0 -9999.0 -9999.0 -9999.0 -9999.0 -9999.0 -9999.0 -9999.0 -9999.0 -9999.0 -9999.0 -9999.0 -9999.0 -9999.0 -9999.0 -9999.0 -9999.0 -9999.0 -9999.0 -9999.0 -9999.0 -9999.0 -9999.0 -9999.0 -9999.0 -9999.0 -9999.0 -9999.0 -9999.0 -9999.0 -9999.0 -9999.0 -9999.0 -9999.0 -9999.0 -9999.0 -9999.0 -9999.0 -9999.0 -9999.0 -9999.0 -9999.0 -9999.0 -9999.0 -9999.0 -9999.0 -9999.0 -9999.0 -9999.0 -9999.0 -9999.0 -9999.0 -9999.0 -9999.0 -9999.0 -9999.0 -9999.0 -9999.0 -9999.0 -9999.0 -9999.0 -9999.0 -9999.0 -9999.0