tests/3D/hillslope01/output-maps-SE27XX/psiliqL0068N0001.asc
ncols         104
nrows         10
xllcorner     -2.000000
yllcorner     0.000000
cellsize      1.000000
NODATA_value  -9999.0
-9999.0 -9999.0 -9999.0 -9999.0 -9999.0 -9999.0 -9999.0 -9999.0 -9999.0 -9999.0 -9999.0 -9999.0 -9999.0 -9999.0 -9999.0 -9999.0 -9999.0 -9999.0 -9999.0 -9999.0 -9999.0 -9999.0 -9999.0 -9999.0 -9999.0 -9999.0 -9999.0 -9999.0 -9999.0 -9999.0 -9999.0 -9999.0 -9999.0 -9999.0 -9999.0 -9999.0 -9999.0 -9999.0 -9999.0 -9999.0 -9999.0 -9999.0 -9999.0 -9999.0 -9999.0 -9999.0 -9999.0 -9999.0 -9999.0 -9999.0 -9999.0 -9999.0 -9999.0 -9999.0 -9999.0 -9999.0 -9999.0 -9999.0 -9999.0 -9999.0 -9999.0 -9999.0 -9999.0 -9999.0 -9999.0 -9999.0 -9999.0 -9999.0 -9999.0 -9999.0 -9999.0 -9999.0 -9999.0 -9999.0 -9999.0 -9999.0 -9999.0 -9999.0 -9999.0 -9999.0 -9999.0 -9999.0 -9999.0 -9999.0 -9999.0 -9999.0 -9999.0 -9999.0 -9999.0 -9999.0 -9999.0 -9999.0 -9999.0 -9999.0 -9999.0 -9999.0 -9999.0 -9999.0 -9999.0 -9999.0 -9999.0 -9999.0 -9999.0 -9999.0
-9999.0 -9999.0 -9999.0 -9999.0 -9999.0 -9999.0 -9999.0 -9999.0 -9999.0 -9999.0 -9999.0 -9999.0 -9999.0 -9999.0 -9999.0 -9999.0 -9999.0 -9999.0 -9999.0 -9999.0 -9999.0 -9999.0 -9999.0 -9999.0 -9999.0 -9999.0 -9999.0 -9999.0 -9999.0 -9999.0 -9999.0 -9999.0 -9999.0 -9999.0 -9999.0 -9999.0 -9999.0 -9999.0 -9999.0 -9999.0 -9999.0 -9999.0 -9999.0 -9999.0 -9999.0 -9999.0 -9999.0 -9999.0 -9999.0 -9999.0 -9999.0 -9999.0 -9999.0 -9999.0 -9999.0 -9999.0 -9999.0 -9999.0 -9999.0 -9999.0 -9999.0 -9999.0 -9999.0 -9999.0 -9999.0 -9999.0 -9999.0 -9999.0 -9999.0 -9999.0 -9999.0 -9999.0 -9999.0 -9999.0 -9999.0 -9999.0 -9999.0 -9999.0 -9999.0 -9999.0 -9999.0 -9999.0 -9999.0 -9999.0 -9999.0 -9999.0 -9999.0 -9999.0 -9999.0 -9999.0 -9999.0 -9999.0 -9999.0 -9999.0 -9999.0 -9999.0 -9999.0 -9999.0 -9999.0 -9999.0 -9999.0 -9999.0 -9999.0 -9999.0
-9999.0 -9999.0 2431.326085 2341.589427 2261.682619 2190.908626 2128.541299 2073.801274 2025.943918 1984.226716 1947.968776 1916.560675 1889.435739 1866.084724 1846.018869 1828.784397 1813.987660 1801.315367 1790.512990 1781.334765 1773.556797 1766.979458 1761.427233 1756.747476 1752.808447 1749.497049 1746.716551 1744.384447 1742.430519 1740.795116 1739.427645 1738.285261 1737.331732 1736.536454 1735.873607 1735.321434 1734.861612 1734.478722 1734.159795 1733.893919 1733.671906 1733.486010 1733.329682 1733.197360 1733.084290 1732.986365 1732.899991 1732.821955 1732.749321 1732.679351 1732.609534 1732.537679 1732.461606 1732.379008 1732.287381 1732.183962 1732.065652 1731.928940 1731.769805 1731.583614 1731.364999 1731.107720 1730.804508 1730.446884 1730.024946 1729.527138 1728.939963 1728.247676 1727.431912 1726.471269 1725.340829 1724.011604 1722.449903 1720.616615 1718.466382 1715.946668 1712.996706 1709.546322 1705.514646 1700.808741 1695.322273 1688.934542 1681.511085 1672.909838 1663.000089 1651.665063 1638.692272 1623.802969 1606.668825 1586.927698 1564.218621 1538.239400 1508.672330 1474.934206 1436.451005 1392.844913 1343.373058 1287.502688 1224.374300 1153.412183 1073.693558 984.193014 -9999.0 -9999.0
-9999.0 -9999.0 2431.326085 2341.589426 2261.682619 2190.908626 2128.541299 2073.801274 2025.943918 1984.226715 1947.968776 1916.560675 1889.435739 1866.084724 1846.018869 1828.784397 1813.987660 1801.315367 1790.512990 1781.334765 1773.556797 1766.979458 1761.427233 1756.747476 1752.808447 1749.497049 1746.716551 1744.384447 1742.430519 1740.795116 1739.427645 1738.285261 1737.331732 1736.536454 1735.873607 1735.321434 1734.861612 1734.478722 1734.159795 1733.893919 1733.671906 1733.486010 1733.329682 1733.197360 1733.084290 1732.986365 1732.899991 1732.821955 1732.749321 1732.679351 1732.609534 1732.537679 1732.461606 1732.379008 1732.287381 1732.183962 1732.065652 1731.928940 1731.769805 1731.583614 1731.364999 1731.107720 1730.804508 1730.446884 1730.024946 1729.527138 1728.939963 1728.247676 1727.431912 1726.471269 1725.340829 1724.011604 1722.449903 1720.616615 1718.466382 1715.946668 1712.996706 1709.546322 1705.514646 1700.808741 1695.322273 1688.934542 1681.511085 1672.909838 1663.000089 1651.665063 1638.692272 1623.802969 1606.668825 1586.927698 1564.218621 1538.239400 1508.672330 1474.934206 1436.451005 1392.844913 1343.373058 1287.502688 1224.374300 1153.412183 1073.693558 984.193014 -9999.0 -9999.0
-9999.0 -9999.0 2431.326085 2341.589426 2261.682619 2190.908626 2128.541299 2073.801274 2025.943918 1984.226715 1947.968776 1916.560675 1889.435739 1866.084724 1846.018869 1828.784397 1813.987660 1801.315367 1790.512990 1781.334765 1773.556797 1766.979458 1761.427233 1756.747476 1752.808447 1749.497049 1746.716551 1744.384447 1742.430519 1740.795116 1739.427645 1738.285261 1737.331732 1736.536454 1735.873607 1735.321434 1734.861612 1734.478722 1734.159795 1733.893919 1733.671906 1733.486010 1733.329682 1733.197360 1733.084290 1732.986365 1732.899991 1732.821955 1732.749321 1732.679351 1732.609534 1732.537679 1732.461606 1732.379008 1732.287381 1732.183962 1732.065652 1731.928940 1731.769805 1731.583614 1731.364999 1731.107720 1730.804508 1730.446884 1730.024946 1729.527138 1728.939963 1728.247676 1727.431912 1726.471269 1725.340829 1724.011604 1722.449903 1720.616615 1718.466382 1715.946668 1712.996706 1709.546322 1705.514646 1700.808741 1695.322273 1688.934542 1681.511085 1672.909838 1663.000089 1651.665063 1638.692272 1623.802969 1606.668825 1586.927698 1564.218621 1538.239400 1508.672330 1474.934206 1436.451004 1392.844913 1343.373058 1287.502688 1224.374300 1153.412183 1073.693558 984.193014 -9999.0 -9999.0
-9999.0 -9999.0 2431.326085 2341.589426 2261.682619 2190.908626 2128.541299 2073.801274 2025.943918 1984.226715 1947.968776 1916.560675 1889.435739 1866.084724 1846.018869 1828.784397 1813.987660 1801.315367 1790.512990 1781.334765 1773.556797 1766.979458 1761.427233 1756.747476 1752.808447 1749.497049 1746.716551 1744.384447 1742.430519 1740.795116 1739.427645 1738.285261 1737.331732 1736.536454 1735.873607 1735.321434 1734.861612 1734.478722 1734.159795 1733.893919 1733.671906 1733.486010 1733.329682 1733.197360 1733.084290 1732.986365 1732.899991 1732.821955 1732.749321 1732.679351 1732.609534 1732.537679 1732.461606 1732.379008 1732.287381 1732.183962 1732.065652 1731.928940 1731.769805 1731.583614 1731.364999 1731.107720 1730.804508 1730.446884 1730.024946 1729.527138 1728.939963 1728.247676 1727.431912 1726.471269 1725.340829 1724.011604 1722.449903 1720.616615 1718.466382 1715.946668 1712.996706 1709.546322 1705.514646 1700.808741 1695.322273 1688.934542 1681.511085 1672.909838 1663.000089 1651.665063 1638.692272 1623.802969 1606.668825 1586.927698 1564.218621 1538.239400 1508.672330 1474.934206 1436.451005 1392.844913 1343.373058 1287.502688 1224.374300 1153.412183 1073.693558 984.193014 -9999.0 -9999.0
-9999.0 -9999.0 2431.326085 2341.589426 2261.682619 2190.908626 2128.541299 2073.801274 2025.943918 1984.226715 1947.968776 1916.560675 1889.435739 1866.084724 1846.018869 1828.784397 1813.987660 1801.315367 1790.512990 1781.334765 1773.556797 1766.979458 1761.427233 1756.747476 1752.808447 1749.497049 1746.716551 1744.384447 1742.430519 1740.795116 1739.427645 1738.285261 1737.331732 1736.536454 1735.873607 1735.321434 1734.861612 1734.478722 1734.159795 1733.893919 1733.671906 1733.486010 1733.329682 1733.197360 1733.084290 1732.986365 1732.899991 1732.821955 1732.749321 1732.679351 1732.609534 1732.537679 1732.461606 1732.379008 1732.287381 1732.183962 1732.065652 1731.928940 1731.769805 1731.583614 1731.364999 1731.107720 1730.804508 1730.446884 1730.024946 1729.527138 1728.939963 1728.247676 1727.431912 1726.471269 1725.340829 1724.011604 1722.449903 1720.616615 1718.466382 1715.946668 1712.996706 1709.546322 1705.514646 1700.808741 1695.322273 1688.934542 1681.511085 1672.909838 1663.000089 1651.665063 1638.692272 1623.802969 1606.668825 1586.927698 1564.218621 1538.239400 1508.672330 1474.934206 1436.451005 1392.844913 1343.373058 1287.502688 1224.374300 1153.412183 1073.693558 984.193014 -9999.0 -9999.0
-9999.0 -9999.0 2431.326085 2341.589427 2261.682619 2190.908626 2128.541299 2073.801274 2025.943918 1984.226716 1947.968776 1916.560675 1889.435739 1866.084724 1846.018869 1828.784397 1813.987660 1801.315367 1790.512990 1781.334765 1773.556797 1766.979458 1761.427233 1756.747476 1752.808447 1749.497049 1746.716551 1744.384447 1742.430519 1740.795116 1739.427645 1738.285261 1737.331732 1736.536454 1735.873607 1735.321434 1734.861612 1734.478722 1734.159795 1733.893919 1733.671906 1733.486010 1733.329682 1733.197360 1733.084290 1732.986365 1732.899991 1732.821955 1732.749321 1732.679351 1732.609534 1732.537679 1732.461606 1732.379008 1732.287381 1732.183962 1732.065652 1731.928940 1731.769805 1731.583614 1731.364999 1731.107720 1730.804508 1730.446884 1730.024946 1729.527138 1728.939963 1728.247676 1727.431912 1726.471269 1725.340829 1724.011604 1722.449903 1720.616615 1718.466382 1715.946668 1712.996706 1709.546322 1705.514646 1700.808741 1695.322273 1688.934542 1681.511085 1672.909838 1663.000089 1651.665063 1638.692272 1623.802969 1606.668825 1586.927698 1564.218621 1538.239400 1508.672330 1474.934206 1436.451005 1392.844913 1343.373058 1287.502688 1224.374300 1153.412183 1073.693558 984.193014 -9999.0 -9999.0
-9999.0 -9999.0 -9999.0 -9999.0 -9999.0 -9999.0 -9999.0 -9999.0 -9999.0 -9999.0 -9999.0 -9999.0 -9999.0 -9999.0 -9999.0 -9999.0 -9999.0 -9999.0 -9999.0 -9999.0 -9999.0 -9999.0 -9999.0 -9999.0 -9999.0 -9999.0 -9999.0 -9999.0 -9999.0 -9999.0 -9999.0 -9999.0 -9999.0 -9999.0 -9999.0 -9999.0 -9999.0 -9999.0 -9999.0 -9999.0 -9999.0 -9999.0 -9999.0 -9999.0 -9999.0 -9999.0 -9999.0 -9999.0 -9999.0 -9999.0 -9999.0 -9999.0 -9999.0 -9999.0 -9999.0 -9999.0 -9999.0 -9999.0 -9999.0 -9999.0 -9999.0 -9999.0 -9999.0 -9999.0 -9999.0 -9999.0 -9999.0 -9999.0 -9999.0 -9999.0 -9999.0 -9999.0 -9999.0 -9999.0 -9999.0 -9999.0 -9999.0 -9999.0 -9999.0 -9999.0 -9999.0 -9999.0 -9999.0 -9999.0 -9999.0 -9999.0 -9999.0 -9999.0 -9999.0 -9999.0 -9999.0 -9999.0 -9999.0 -9999.0 -9999.0 -9999.0 -9999.0 -9999.0 -9999.0 -9999.0 -9999.0 -9999.0 -9999.0 -9999.0
-9999.0 -9999.0 -9999.0 -9999.0 -9999.0 -9999.0 -9999.0 -9999.0 -9999.0 -9999.0 -9999.0 -9999.0 -9999.0 -9999.0 -9999.0 -9999.0 -9999.0 -9999.0 -9999.0 -9999.0 -9999.0 -9999.0 -9999.0 -9999.0 -9999.0 -9999.0 -9999.0 -9999.0 -9999.0 -9999.0 -9999.0 -9999.0 -9999.0 -9999.0 -9999.0 -9999.0 -9999.0 -9999.0 -9999.0 -9999.0 -9999.0 -9999.0 -9999.0 -9999.0 -9999.0 -9999.0 -9999.0 -9999.0 -9999.0 -9999.0 -9999.0 -9999.0 -9999.0 -9999.0 -9999.0 -9999.0 -9999.0 -9999.0 -9999.0 -9999.0 -9999.0 -9999.0 -9999.0 -9999.0 -9999.0 -9999.0 -9999.0 -9999.0 -9999.0 -9999.0 -9999.0 -9999.0 -9999.0 -9999.0 -9999.0 -9999.0 -9999.0 -9999.0 -9999.0 -9999.0 -9999.0 -9999.0 -9999.0 -9999.0 -9999.0 -9999.0 -9999.0 -9999.0 -9999.0 -9999.0 -9999.0 -9999.0 -9999.0 -9999.0 -9999.0 -9999.0 -9999.0 -9999.0 -9999.0 -9999.0 -9999.0 -9999.0 -9999.0 -9999.0