tests/3D/hillslope01/output-maps-SE27XX/psiliqL0066N0001.asc
ncols         104
nrows         10
xllcorner     -2.000000
yllcorner     0.000000
cellsize      1.000000
NODATA_value  -9999.0
-9999.0 -9999.0 -9999.0 -9999.0 -9999.0 -9999.0 -9999.0 -9999.0 -9999.0 -9999.0 -9999.0 -9999.0 -9999.0 -9999.0 -9999.0 -9999.0 -9999.0 -9999.0 -9999.0 -9999.0 -9999.0 -9999.0 -9999.0 -9999.0 -9999.0 -9999.0 -9999.0 -9999.0 -9999.0 -9999.0 -9999.0 -9999.0 -9999.0 -9999.0 -9999.0 -9999.0 -9999.0 -9999.0 -9999.0 -9999.0 -9999.0 -9999.0 -9999.0 -9999.0 -9999.0 -9999.0 -9999.0 -9999.0 -9999.0 -9999.0 -9999.0 -9999.0 -9999.0 -9999.0 -9999.0 -9999.0 -9999.0 -9999.0 -9999.0 -9999.0 -9999.0 -9999.0 -9999.0 -9999.0 -9999.0 -9999.0 -9999.0 -9999.0 -9999.0 -9999.0 -9999.0 -9999.0 -9999.0 -9999.0 -9999.0 -9999.0 -9999.0 -9999.0 -9999.0 -9999.0 -9999.0 -9999.0 -9999.0 -9999.0 -9999.0 -9999.0 -9999.0 -9999.0 -9999.0 -9999.0 -9999.0 -9999.0 -9999.0 -9999.0 -9999.0 -9999.0 -9999.0 -9999.0 -9999.0 -9999.0 -9999.0 -9999.0 -9999.0 -9999.0
-9999.0 -9999.0 -9999.0 -9999.0 -9999.0 -9999.0 -9999.0 -9999.0 -9999.0 -9999.0 -9999.0 -9999.0 -9999.0 -9999.0 -9999.0 -9999.0 -9999.0 -9999.0 -9999.0 -9999.0 -9999.0 -9999.0 -9999.0 -9999.0 -9999.0 -9999.0 -9999.0 -9999.0 -9999.0 -9999.0 -9999.0 -9999.0 -9999.0 -9999.0 -9999.0 -9999.0 -9999.0 -9999.0 -9999.0 -9999.0 -9999.0 -9999.0 -9999.0 -9999.0 -9999.0 -9999.0 -9999.0 -9999.0 -9999.0 -9999.0 -9999.0 -9999.0 -9999.0 -9999.0 -9999.0 -9999.0 -9999.0 -9999.0 -9999.0 -9999.0 -9999.0 -9999.0 -9999.0 -9999.0 -9999.0 -9999.0 -9999.0 -9999.0 -9999.0 -9999.0 -9999.0 -9999.0 -9999.0 -9999.0 -9999.0 -9999.0 -9999.0 -9999.0 -9999.0 -9999.0 -9999.0 -9999.0 -9999.0 -9999.0 -9999.0 -9999.0 -9999.0 -9999.0 -9999.0 -9999.0 -9999.0 -9999.0 -9999.0 -9999.0 -9999.0 -9999.0 -9999.0 -9999.0 -9999.0 -9999.0 -9999.0 -9999.0 -9999.0 -9999.0
-9999.0 -9999.0 2227.055018 2137.495888 2057.898245 1987.502573 1925.557682 1871.252866 1823.832040 1782.533744 1746.668540 1715.627563 1688.841583 1665.805721 1646.028026 1629.049170 1614.472442 1601.990263 1591.358768 1582.333421 1574.691299 1568.233782 1562.786480 1558.198012 1554.337980 1551.094638 1548.372553 1546.090432 1544.179159 1542.580076 1541.243468 1540.127265 1539.195909 1538.419383 1537.772378 1537.233573 1536.785024 1536.411637 1536.100720 1535.841600 1535.625294 1535.444232 1535.292015 1535.163211 1535.053178 1534.957907 1534.873886 1534.797975 1534.727291 1534.659129 1534.591007 1534.520828 1534.446487 1534.365739 1534.276135 1534.174971 1534.059210 1533.925407 1533.769621 1533.587301 1533.373179 1533.121128 1532.824006 1532.473480 1532.059819 1531.571659 1530.995726 1530.316529 1529.515994 1528.573052 1527.463160 1526.157759 1524.623639 1522.822226 1520.708760 1518.231353 1515.329929 1511.935028 1507.966473 1503.331936 1497.925475 1491.626350 1484.299275 1475.800945 1466.005216 1454.815413 1442.018015 1427.330164 1410.417642 1390.909934 1368.439586 1342.723005 1313.479417 1280.083500 1241.935103 1198.729289 1149.650230 1094.222372 1031.501722 960.977579 881.660738 792.411148 -9999.0 -9999.0
-9999.0 -9999.0 2227.055018 2137.495888 2057.898245 1987.502573 1925.557682 1871.252866 1823.832040 1782.533744 1746.668540 1715.627563 1688.841583 1665.805721 1646.028026 1629.049170 1614.472442 1601.990263 1591.358768 1582.333421 1574.691299 1568.233782 1562.786480 1558.198012 1554.337980 1551.094638 1548.372553 1546.090432 1544.179159 1542.580076 1541.243468 1540.127265 1539.195909 1538.419383 1537.772378 1537.233573 1536.785024 1536.411637 1536.100720 1535.841600 1535.625294 1535.444232 1535.292015 1535.163211 1535.053178 1534.957907 1534.873886 1534.797975 1534.727291 1534.659129 1534.591007 1534.520828 1534.446487 1534.365739 1534.276135 1534.174971 1534.059210 1533.925407 1533.769621 1533.587301 1533.373179 1533.121128 1532.824006 1532.473480 1532.059819 1531.571659 1530.995726 1530.316529 1529.515994 1528.573052 1527.463160 1526.157759 1524.623639 1522.822226 1520.708760 1518.231353 1515.329929 1511.935028 1507.966473 1503.331936 1497.925475 1491.626350 1484.299275 1475.800945 1466.005216 1454.815413 1442.018015 1427.330164 1410.417642 1390.909934 1368.439586 1342.723005 1313.479417 1280.083500 1241.935103 1198.729289 1149.650230 1094.222372 1031.501722 960.977579 881.660738 792.411148 -9999.0 -9999.0
-9999.0 -9999.0 2227.055018 2137.495888 2057.898244 1987.502573 1925.557682 1871.252866 1823.832040 1782.533744 1746.668539 1715.627563 1688.841583 1665.805721 1646.028026 1629.049170 1614.472442 1601.990263 1591.358768 1582.333421 1574.691299 1568.233782 1562.786480 1558.198012 1554.337980 1551.094638 1548.372553 1546.090432 1544.179159 1542.580076 1541.243468 1540.127265 1539.195909 1538.419383 1537.772378 1537.233573 1536.785024 1536.411637 1536.100720 1535.841600 1535.625294 1535.444232 1535.292015 1535.163211 1535.053178 1534.957907 1534.873886 1534.797975 1534.727291 1534.659129 1534.591007 1534.520828 1534.446487 1534.365739 1534.276135 1534.174971 1534.059210 1533.925407 1533.769620 1533.587301 1533.373179 1533.121128 1532.824006 1532.473480 1532.059819 1531.571659 1530.995726 1530.316529 1529.515994 1528.573052 1527.463160 1526.157759 1524.623639 1522.822226 1520.708760 1518.231353 1515.329929 1511.935028 1507.966473 1503.331936 1497.925475 1491.626350 1484.299275 1475.800945 1466.005216 1454.815413 1442.018015 1427.330164 1410.417642 1390.909934 1368.439586 1342.723005 1313.479417 1280.083500 1241.935103 1198.729289 1149.650230 1094.222372 1031.501722 960.977579 881.660738 792.411148 -9999.0 -9999.0
-9999.0 -9999.0 2227.055018 2137.495888 2057.898244 1987.502573 1925.557682 1871.252866 1823.832040 1782.533744 1746.668539 1715.627563 1688.841583 1665.805721 1646.028026 1629.049170 1614.472442 1601.990263 1591.358768 1582.333421 1574.691299 1568.233782 1562.786480 1558.198012 1554.337980 1551.094638 1548.372553 1546.090432 1544.179159 1542.580076 1541.243468 1540.127265 1539.195909 1538.419383 1537.772378 1537.233573 1536.785024 1536.411637 1536.100720 1535.841600 1535.625294 1535.444232 1535.292015 1535.163211 1535.053178 1534.957907 1534.873886 1534.797975 1534.727291 1534.659129 1534.591007 1534.520828 1534.446487 1534.365739 1534.276135 1534.174971 1534.059210 1533.925407 1533.769621 1533.587301 1533.373179 1533.121128 1532.824006 1532.473480 1532.059819 1531.571659 1530.995726 1530.316529 1529.515994 1528.573052 1527.463160 1526.157759 1524.623639 1522.822226 1520.708760 1518.231353 1515.329929 1511.935028 1507.966473 1503.331936 1497.925475 1491.626349 1484.299275 1475.800945 1466.005216 1454.815413 1442.018015 1427.330164 1410.417642 1390.909934 1368.439586 1342.723005 1313.479417 1280.083500 1241.935103 1198.729289 1149.650230 1094.222372 1031.501722 960.977579 881.660738 792.411148 -9999.0 -9999.0
-9999.0 -9999.0 2227.055018 2137.495888 2057.898245 1987.502573 1925.557682 1871.252866 1823.832040 1782.533744 1746.668540 1715.627563 1688.841583 1665.805721 1646.028026 1629.049170 1614.472442 1601.990263 1591.358768 1582.333421 1574.691299 1568.233782 1562.786480 1558.198012 1554.337980 1551.094638 1548.372553 1546.090432 1544.179159 1542.580076 1541.243468 1540.127265 1539.195909 1538.419383 1537.772378 1537.233573 1536.785024 1536.411637 1536.100720 1535.841600 1535.625294 1535.444232 1535.292015 1535.163211 1535.053178 1534.957907 1534.873886 1534.797975 1534.727291 1534.659129 1534.591007 1534.520828 1534.446487 1534.365739 1534.276135 1534.174971 1534.059210 1533.925407 1533.769621 1533.587301 1533.373179 1533.121128 1532.824006 1532.473480 1532.059819 1531.571659 1530.995726 1530.316529 1529.515994 1528.573052 1527.463160 1526.157759 1524.623639 1522.822226 1520.708760 1518.231353 1515.329929 1511.935028 1507.966473 1503.331936 1497.925475 1491.626350 1484.299275 1475.800945 1466.005216 1454.815413 1442.018015 1427.330164 1410.417642 1390.909934 1368.439586 1342.723005 1313.479417 1280.083500 1241.935103 1198.729289 1149.650230 1094.222372 1031.501722 960.977579 881.660738 792.411148 -9999.0 -9999.0
-9999.0 -9999.0 2227.055018 2137.495888 2057.898245 1987.502573 1925.557682 1871.252866 1823.832040 1782.533744 1746.668540 1715.627563 1688.841583 1665.805721 1646.028026 1629.049170 1614.472442 1601.990263 1591.358768 1582.333421 1574.691299 1568.233782 1562.786480 1558.198012 1554.337980 1551.094638 1548.372553 1546.090432 1544.179159 1542.580076 1541.243468 1540.127265 1539.195909 1538.419383 1537.772378 1537.233573 1536.785024 1536.411637 1536.100720 1535.841600 1535.625294 1535.444232 1535.292015 1535.163211 1535.053178 1534.957907 1534.873886 1534.797975 1534.727291 1534.659129 1534.591007 1534.520828 1534.446487 1534.365739 1534.276135 1534.174971 1534.059210 1533.925407 1533.769621 1533.587301 1533.373179 1533.121128 1532.824006 1532.473480 1532.059819 1531.571659 1530.995726 1530.316529 1529.515994 1528.573052 1527.463160 1526.157759 1524.623639 1522.822226 1520.708760 1518.231353 1515.329929 1511.935028 1507.966473 1503.331936 1497.925475 1491.626350 1484.299275 1475.800945 1466.005216 1454.815413 1442.018015 1427.330164 1410.417642 1390.909934 1368.439586 1342.723005 1313.479417 1280.083500 1241.935103 1198.729289 1149.650230 1094.222372 1031.501722 960.977579 881.660738 792.411148 -9999.0 -9999.0
-9999.0 -9999.0 -9999.0 -9999.0 -9999.0 -9999.0 -9999.0 -9999.0 -9999.0 -9999.0 -9999.0 -9999.0 -9999.0 -9999.0 -9999.0 -9999.0 -9999.0 -9999.0 -9999.0 -9999.0 -9999.0 -9999.0 -9999.0 -9999.0 -9999.0 -9999.0 -9999.0 -9999.0 -9999.0 -9999.0 -9999.0 -9999.0 -9999.0 -9999.0 -9999.0 -9999.0 -9999.0 -9999.0 -9999.0 -9999.0 -9999.0 -9999.0 -9999.0 -9999.0 -9999.0 -9999.0 -9999.0 -9999.0 -9999.0 -9999.0 -9999.0 -9999.0 -9999.0 -9999.0 -9999.0 -9999.0 -9999.0 -9999.0 -9999.0 -9999.0 -9999.0 -9999.0 -9999.0 -9999.0 -9999.0 -9999.0 -9999.0 -9999.0 -9999.0 -9999.0 -9999.0 -9999.0 -9999.0 -9999.0 -9999.0 -9999.0 -9999.0 -9999.0 -9999.0 -9999.0 -9999.0 -9999.0 -9999.0 -9999.0 -9999.0 -9999.0 -9999.0 -9999.0 -9999.0 -9999.0 -9999.0 -9999.0 -9999.0 -9999.0 -9999.0 -9999.0 -9999.0 -9999.0 -9999.0 -9999.0 -9999.0 -9999.0 -9999.0 -9999.0
-9999.0 -9999.0 -9999.0 -9999.0 -9999.0 -9999.0 -9999.0 -9999.0 -9999.0 -9999.0 -9999.0 -9999.0 -9999.0 -9999.0 -9999.0 -9999.0 -9999.0 -9999.0 -9999.0 -9999.0 -9999.0 -9999.0 -9999.0 -9999.0 -9999.0 -9999.0 -9999.0 -9999.0 -9999.0 -9999.0 -9999.0 -9999.0 -9999.0 -9999.0 -9999.0 -9999.0 -9999.0 -9999.0 -9999.0 -9999.0 -9999.0 -9999.0 -9999.0 -9999.0 -9999.0 -9999.0 -9999.0 -9999.0 -9999.0 -9999.0 -9999.0 -9999.0 -9999.0 -9999.0 -9999.0 -9999.0 -9999.0 -9999.0 -9999.0 -9999.0 -9999.0 -9999.0 -9999.0 -9999.0 -9999.0 -9999.0 -9999.0 -9999.0 -9999.0 -9999.0 -9999.0 -9999.0 -9999.0 -9999.0 -9999.0 -9999.0 -9999.0 -9999.0 -9999.0 -9999.0 -9999.0 -9999.0 -9999.0 -9999.0 -9999.0 -9999.0 -9999.0 -9999.0 -9999.0 -9999.0 -9999.0 -9999.0 -9999.0 -9999.0 -9999.0 -9999.0 -9999.0 -9999.0 -9999.0 -9999.0 -9999.0 -9999.0 -9999.0 -9999.0