tests/3D/hillslope01/output-maps-SE27XX/psiliqL0064N0001.asc
ncols         104
nrows         10
xllcorner     -2.000000
yllcorner     0.000000
cellsize      1.000000
NODATA_value  -9999.0
-9999.0 -9999.0 -9999.0 -9999.0 -9999.0 -9999.0 -9999.0 -9999.0 -9999.0 -9999.0 -9999.0 -9999.0 -9999.0 -9999.0 -9999.0 -9999.0 -9999.0 -9999.0 -9999.0 -9999.0 -9999.0 -9999.0 -9999.0 -9999.0 -9999.0 -9999.0 -9999.0 -9999.0 -9999.0 -9999.0 -9999.0 -9999.0 -9999.0 -9999.0 -9999.0 -9999.0 -9999.0 -9999.0 -9999.0 -9999.0 -9999.0 -9999.0 -9999.0 -9999.0 -9999.0 -9999.0 -9999.0 -9999.0 -9999.0 -9999.0 -9999.0 -9999.0 -9999.0 -9999.0 -9999.0 -9999.0 -9999.0 -9999.0 -9999.0 -9999.0 -9999.0 -9999.0 -9999.0 -9999.0 -9999.0 -9999.0 -9999.0 -9999.0 -9999.0 -9999.0 -9999.0 -9999.0 -9999.0 -9999.0 -9999.0 -9999.0 -9999.0 -9999.0 -9999.0 -9999.0 -9999.0 -9999.0 -9999.0 -9999.0 -9999.0 -9999.0 -9999.0 -9999.0 -9999.0 -9999.0 -9999.0 -9999.0 -9999.0 -9999.0 -9999.0 -9999.0 -9999.0 -9999.0 -9999.0 -9999.0 -9999.0 -9999.0 -9999.0 -9999.0
-9999.0 -9999.0 -9999.0 -9999.0 -9999.0 -9999.0 -9999.0 -9999.0 -9999.0 -9999.0 -9999.0 -9999.0 -9999.0 -9999.0 -9999.0 -9999.0 -9999.0 -9999.0 -9999.0 -9999.0 -9999.0 -9999.0 -9999.0 -9999.0 -9999.0 -9999.0 -9999.0 -9999.0 -9999.0 -9999.0 -9999.0 -9999.0 -9999.0 -9999.0 -9999.0 -9999.0 -9999.0 -9999.0 -9999.0 -9999.0 -9999.0 -9999.0 -9999.0 -9999.0 -9999.0 -9999.0 -9999.0 -9999.0 -9999.0 -9999.0 -9999.0 -9999.0 -9999.0 -9999.0 -9999.0 -9999.0 -9999.0 -9999.0 -9999.0 -9999.0 -9999.0 -9999.0 -9999.0 -9999.0 -9999.0 -9999.0 -9999.0 -9999.0 -9999.0 -9999.0 -9999.0 -9999.0 -9999.0 -9999.0 -9999.0 -9999.0 -9999.0 -9999.0 -9999.0 -9999.0 -9999.0 -9999.0 -9999.0 -9999.0 -9999.0 -9999.0 -9999.0 -9999.0 -9999.0 -9999.0 -9999.0 -9999.0 -9999.0 -9999.0 -9999.0 -9999.0 -9999.0 -9999.0 -9999.0 -9999.0 -9999.0 -9999.0 -9999.0 -9999.0
-9999.0 -9999.0 2022.372737 1933.010043 1853.751512 1783.763744 1722.273232 1668.433399 1621.479098 1580.626862 1545.178365 1514.526930 1488.099781 1465.398446 1445.927002 1429.219386 1414.874774 1402.592302 1392.141318 1383.277626 1375.779171 1369.448341 1364.111922 1359.619875 1355.843239 1352.671710 1350.011239 1347.781821 1345.915512 1344.354705 1343.050617 1341.961994 1341.053992 1340.297215 1339.666890 1339.142159 1338.705478 1338.342093 1338.039606 1337.787596 1337.577296 1337.401319 1337.253427 1337.128323 1337.021485 1336.929005 1336.847462 1336.773790 1336.705162 1336.638906 1336.572560 1336.504140 1336.431620 1336.352818 1336.265344 1336.166554 1336.053477 1335.922740 1335.770479 1335.592239 1335.382852 1335.136309 1334.845604 1334.502560 1334.097623 1333.619633 1333.055552 1332.390156 1331.605679 1330.681403 1329.593183 1328.312911 1326.807890 1325.040115 1322.965457 1320.532721 1317.682569 1314.346306 1310.444506 1305.885504 1300.563803 1294.358608 1287.133559 1278.743110 1269.065185 1258.029015 1245.418150 1230.944910 1214.268604 1195.008787 1172.788321 1147.345395 1118.449953 1085.419902 1047.618230 1004.844910 956.177293 901.229219 838.936330 768.889165 690.019074 601.052704 -9999.0 -9999.0
-9999.0 -9999.0 2022.372737 1933.010042 1853.751512 1783.763744 1722.273232 1668.433399 1621.479098 1580.626862 1545.178364 1514.526930 1488.099781 1465.398446 1445.927002 1429.219386 1414.874774 1402.592302 1392.141318 1383.277626 1375.779171 1369.448341 1364.111922 1359.619875 1355.843239 1352.671710 1350.011239 1347.781821 1345.915512 1344.354705 1343.050617 1341.961993 1341.053992 1340.297215 1339.666890 1339.142159 1338.705478 1338.342093 1338.039606 1337.787596 1337.577296 1337.401319 1337.253427 1337.128323 1337.021485 1336.929005 1336.847462 1336.773790 1336.705162 1336.638906 1336.572560 1336.504140 1336.431620 1336.352818 1336.265344 1336.166554 1336.053477 1335.922740 1335.770479 1335.592239 1335.382852 1335.136309 1334.845604 1334.502559 1334.097623 1333.619633 1333.055552 1332.390156 1331.605679 1330.681403 1329.593183 1328.312911 1326.807890 1325.040115 1322.965457 1320.532721 1317.682569 1314.346306 1310.444506 1305.885504 1300.563803 1294.358608 1287.133559 1278.743110 1269.065185 1258.029015 1245.418150 1230.944910 1214.268604 1195.008787 1172.788321 1147.345395 1118.449953 1085.419902 1047.618230 1004.844910 956.177293 901.229219 838.936330 768.889165 690.019074 601.052704 -9999.0 -9999.0
-9999.0 -9999.0 2022.372737 1933.010042 1853.751512 1783.763744 1722.273232 1668.433399 1621.479098 1580.626861 1545.178364 1514.526930 1488.099781 1465.398446 1445.927001 1429.219386 1414.874774 1402.592302 1392.141318 1383.277626 1375.779171 1369.448340 1364.111922 1359.619875 1355.843239 1352.671710 1350.011239 1347.781821 1345.915512 1344.354705 1343.050617 1341.961993 1341.053992 1340.297215 1339.666890 1339.142159 1338.705478 1338.342093 1338.039606 1337.787596 1337.577296 1337.401319 1337.253427 1337.128323 1337.021485 1336.929005 1336.847462 1336.773790 1336.705162 1336.638906 1336.572560 1336.504140 1336.431620 1336.352818 1336.265344 1336.166554 1336.053477 1335.922740 1335.770479 1335.592239 1335.382852 1335.136309 1334.845604 1334.502559 1334.097623 1333.619633 1333.055552 1332.390156 1331.605679 1330.681403 1329.593183 1328.312911 1326.807890 1325.040115 1322.965457 1320.532721 1317.682569 1314.346306 1310.444506 1305.885504 1300.563803 1294.358608 1287.133559 1278.743110 1269.065185 1258.029015 1245.418150 1230.944910 1214.268604 1195.008787 1172.788321 1147.345395 1118.449953 1085.419902 1047.618230 1004.844910 956.177293 901.229219 838.936330 768.889165 690.019074 601.052704 -9999.0 -9999.0
-9999.0 -9999.0 2022.372737 1933.010042 1853.751512 1783.763744 1722.273232 1668.433399 1621.479098 1580.626861 1545.178364 1514.526930 1488.099781 1465.398446 1445.927001 1429.219386 1414.874774 1402.592302 1392.141318 1383.277626 1375.779171 1369.448340 1364.111922 1359.619875 1355.843239 1352.671710 1350.011239 1347.781821 1345.915512 1344.354705 1343.050617 1341.961993 1341.053992 1340.297215 1339.666890 1339.142159 1338.705478 1338.342093 1338.039606 1337.787596 1337.577296 1337.401319 1337.253427 1337.128323 1337.021485 1336.929005 1336.847462 1336.773790 1336.705162 1336.638906 1336.572560 1336.504140 1336.431620 1336.352818 1336.265344 1336.166554 1336.053477 1335.922740 1335.770479 1335.592239 1335.382852 1335.136309 1334.845604 1334.502559 1334.097623 1333.619633 1333.055552 1332.390156 1331.605679 1330.681403 1329.593183 1328.312911 1326.807890 1325.040115 1322.965457 1320.532721 1317.682569 1314.346306 1310.444506 1305.885504 1300.563803 1294.358608 1287.133559 1278.743110 1269.065185 1258.029015 1245.418150 1230.944910 1214.268604 1195.008787 1172.788321 1147.345395 1118.449953 1085.419902 1047.618230 1004.844910 956.177293 901.229219 838.936330 768.889165 690.019074 601.052704 -9999.0 -9999.0
-9999.0 -9999.0 2022.372737 1933.010042 1853.751512 1783.763744 1722.273232 1668.433399 1621.479098 1580.626862 1545.178364 1514.526930 1488.099781 1465.398446 1445.927002 1429.219386 1414.874774 1402.592302 1392.141318 1383.277626 1375.779171 1369.448341 1364.111922 1359.619875 1355.843239 1352.671710 1350.011239 1347.781821 1345.915512 1344.354705 1343.050617 1341.961993 1341.053992 1340.297215 1339.666890 1339.142159 1338.705478 1338.342093 1338.039606 1337.787596 1337.577296 1337.401319 1337.253427 1337.128323 1337.021485 1336.929005 1336.847462 1336.773790 1336.705162 1336.638906 1336.572560 1336.504140 1336.431620 1336.352818 1336.265344 1336.166554 1336.053477 1335.922740 1335.770479 1335.592239 1335.382852 1335.136309 1334.845604 1334.502560 1334.097623 1333.619633 1333.055552 1332.390156 1331.605679 1330.681403 1329.593183 1328.312911 1326.807890 1325.040115 1322.965457 1320.532721 1317.682569 1314.346306 1310.444506 1305.885504 1300.563803 1294.358608 1287.133559 1278.743110 1269.065185 1258.029015 1245.418150 1230.944910 1214.268604 1195.008787 1172.788321 1147.345395 1118.449953 1085.419902 1047.618230 1004.844910 956.177293 901.229219 838.936330 768.889165 690.019074 601.052704 -9999.0 -9999.0
-9999.0 -9999.0 2022.372737 1933.010043 1853.751512 1783.763744 1722.273232 1668.433399 1621.479098 1580.626862 1545.178365 1514.526930 1488.099781 1465.398446 1445.927002 1429.219386 1414.874774 1402.592302 1392.141318 1383.277626 1375.779171 1369.448341 1364.111922 1359.619875 1355.843239 1352.671710 1350.011239 1347.781821 1345.915512 1344.354705 1343.050617 1341.961994 1341.053992 1340.297215 1339.666890 1339.142159 1338.705478 1338.342093 1338.039606 1337.787596 1337.577296 1337.401319 1337.253427 1337.128323 1337.021485 1336.929005 1336.847462 1336.773790 1336.705162 1336.638906 1336.572560 1336.504140 1336.431620 1336.352818 1336.265344 1336.166554 1336.053477 1335.922740 1335.770479 1335.592239 1335.382852 1335.136309 1334.845604 1334.502560 1334.097623 1333.619633 1333.055552 1332.390156 1331.605679 1330.681403 1329.593183 1328.312911 1326.807890 1325.040115 1322.965457 1320.532721 1317.682569 1314.346306 1310.444506 1305.885504 1300.563803 1294.358608 1287.133559 1278.743110 1269.065185 1258.029015 1245.418150 1230.944910 1214.268604 1195.008787 1172.788321 1147.345395 1118.449953 1085.419902 1047.618230 1004.844910 956.177293 901.229219 838.936330 768.889165 690.019074 601.052704 -9999.0 -9999.0
-9999.0 -9999.0 -9999.0 -9999.0 -9999.0 -9999.0 -9999.0 -9999.0 -9999.0 -9999.0 -9999.0 -9999.0 -9999.0 -9999.0 -9999.0 -9999.0 -9999.0 -9999.0 -9999.0 -9999.0 -9999.0 -9999.0 -9999.0 -9999.0 -9999.0 -9999.0 -9999.0 -9999.0 -9999.0 -9999.0 -9999.0 -9999.0 -9999.0 -9999.0 -9999.0 -9999.0 -9999.0 -9999.0 -9999.0 -9999.0 -9999.0 -9999.0 -9999.0 -9999.0 -9999.0 -9999.0 -9999.0 -9999.0 -9999.0 -9999.0 -9999.0 -9999.0 -9999.0 -9999.0 -9999.0 -9999.0 -9999.0 -9999.0 -9999.0 -9999.0 -9999.0 -9999.0 -9999.0 -9999.0 -9999.0 -9999.0 -9999.0 -9999.0 -9999.0 -9999.0 -9999.0 -9999.0 -9999.0 -9999.0 -9999.0 -9999.0 -9999.0 -9999.0 -9999.0 -9999.0 -9999.0 -9999.0 -9999.0 -9999.0 -9999.0 -9999.0 -9999.0 -9999.0 -9999.0 -9999.0 -9999.0 -9999.0 -9999.0 -9999.0 -9999.0 -9999.0 -9999.0 -9999.0 -9999.0 -9999.0 -9999.0 -9999.0 -9999.0 -9999.0
-9999.0 -9999.0 -9999.0 -9999.0 -9999.0 -9999.0 -9999.0 -9999.0 -9999.0 -9999.0 -9999.0 -9999.0 -9999.0 -9999.0 -9999.0 -9999.0 -9999.0 -9999.0 -9999.0 -9999.0 -9999.0 -9999.0 -9999.0 -9999.0 -9999.0 -9999.0 -9999.0 -9999.0 -9999.0 -9999.0 -9999.0 -9999.0 -9999.0 -9999.0 -9999.0 -9999.0 -9999.0 -9999.0 -9999.0 -9999.0 -9999.0 -9999.0 -9999.0 -9999.0 -9999.0 -9999.0 -9999.0 -9999.0 -9999.0 -9999.0 -9999.0 -9999.0 -9999.0 -9999.0 -9999.0 -9999.0 -9999.0 -9999.0 -9999.0 -9999.0 -9999.0 -9999.0 -9999.0 -9999.0 -9999.0 -9999.0 -9999.0 -9999.0 -9999.0 -9999.0 -9999.0 -9999.0 -9999.0 -9999.0 -9999.0 -9999.0 -9999.0 -9999.0 -9999.0 -9999.0 -9999.0 -9999.0 -9999.0 -9999.0 -9999.0 -9999.0 -9999.0 -9999.0 -9999.0 -9999.0 -9999.0 -9999.0 -9999.0 -9999.0 -9999.0 -9999.0 -9999.0 -9999.0 -9999.0 -9999.0 -9999.0 -9999.0 -9999.0 -9999.0