tests/3D/hillslope01/output-maps-SE27XX/psiliqL0065N0001.asc
ncols         104
nrows         10
xllcorner     -2.000000
yllcorner     0.000000
cellsize      1.000000
NODATA_value  -9999.0
-9999.0 -9999.0 -9999.0 -9999.0 -9999.0 -9999.0 -9999.0 -9999.0 -9999.0 -9999.0 -9999.0 -9999.0 -9999.0 -9999.0 -9999.0 -9999.0 -9999.0 -9999.0 -9999.0 -9999.0 -9999.0 -9999.0 -9999.0 -9999.0 -9999.0 -9999.0 -9999.0 -9999.0 -9999.0 -9999.0 -9999.0 -9999.0 -9999.0 -9999.0 -9999.0 -9999.0 -9999.0 -9999.0 -9999.0 -9999.0 -9999.0 -9999.0 -9999.0 -9999.0 -9999.0 -9999.0 -9999.0 -9999.0 -9999.0 -9999.0 -9999.0 -9999.0 -9999.0 -9999.0 -9999.0 -9999.0 -9999.0 -9999.0 -9999.0 -9999.0 -9999.0 -9999.0 -9999.0 -9999.0 -9999.0 -9999.0 -9999.0 -9999.0 -9999.0 -9999.0 -9999.0 -9999.0 -9999.0 -9999.0 -9999.0 -9999.0 -9999.0 -9999.0 -9999.0 -9999.0 -9999.0 -9999.0 -9999.0 -9999.0 -9999.0 -9999.0 -9999.0 -9999.0 -9999.0 -9999.0 -9999.0 -9999.0 -9999.0 -9999.0 -9999.0 -9999.0 -9999.0 -9999.0 -9999.0 -9999.0 -9999.0 -9999.0 -9999.0 -9999.0
-9999.0 -9999.0 -9999.0 -9999.0 -9999.0 -9999.0 -9999.0 -9999.0 -9999.0 -9999.0 -9999.0 -9999.0 -9999.0 -9999.0 -9999.0 -9999.0 -9999.0 -9999.0 -9999.0 -9999.0 -9999.0 -9999.0 -9999.0 -9999.0 -9999.0 -9999.0 -9999.0 -9999.0 -9999.0 -9999.0 -9999.0 -9999.0 -9999.0 -9999.0 -9999.0 -9999.0 -9999.0 -9999.0 -9999.0 -9999.0 -9999.0 -9999.0 -9999.0 -9999.0 -9999.0 -9999.0 -9999.0 -9999.0 -9999.0 -9999.0 -9999.0 -9999.0 -9999.0 -9999.0 -9999.0 -9999.0 -9999.0 -9999.0 -9999.0 -9999.0 -9999.0 -9999.0 -9999.0 -9999.0 -9999.0 -9999.0 -9999.0 -9999.0 -9999.0 -9999.0 -9999.0 -9999.0 -9999.0 -9999.0 -9999.0 -9999.0 -9999.0 -9999.0 -9999.0 -9999.0 -9999.0 -9999.0 -9999.0 -9999.0 -9999.0 -9999.0 -9999.0 -9999.0 -9999.0 -9999.0 -9999.0 -9999.0 -9999.0 -9999.0 -9999.0 -9999.0 -9999.0 -9999.0 -9999.0 -9999.0 -9999.0 -9999.0 -9999.0 -9999.0
-9999.0 -9999.0 2124.765745 2035.302345 1955.870343 1885.674868 1823.953089 1769.877019 1722.685654 1681.606972 1645.947129 1615.098113 1588.489078 1565.618049 1545.991202 1529.146005 1514.683837 1502.300342 1491.757901 1482.812286 1475.241023 1468.845994 1463.453392 1458.912496 1455.093616 1451.885714 1449.194039 1446.937932 1445.048856 1443.468668 1442.148115 1441.045528 1440.125703 1439.358929 1438.720160 1438.188305 1437.745616 1437.377168 1437.070415 1436.814806 1436.601466 1436.422916 1436.272835 1436.145858 1436.037403 1435.943511 1435.860714 1435.785908 1435.716239 1435.649017 1435.581773 1435.512464 1435.439022 1435.359235 1435.270684 1435.170691 1435.056255 1434.923967 1434.769921 1434.589615 1434.377831 1434.128499 1433.834545 1433.487712 1433.078358 1432.595218 1432.025136 1431.352752 1430.560143 1429.626413 1428.527219 1427.234220 1425.714461 1423.929648 1421.835333 1419.379967 1416.503840 1413.137865 1409.202235 1404.604945 1399.240270 1392.987442 1385.710671 1377.265671 1367.528429 1356.414386 1343.708851 1329.126645 1312.330384 1292.944792 1270.598041 1245.017021 1215.944299 1182.728277 1144.751978 1101.758157 1052.882675 997.689790 935.180729 864.890018 785.790621 696.678332 -9999.0 -9999.0
-9999.0 -9999.0 2124.765745 2035.302345 1955.870343 1885.674868 1823.953089 1769.877019 1722.685654 1681.606972 1645.947129 1615.098113 1588.489078 1565.618049 1545.991202 1529.146005 1514.683837 1502.300342 1491.757901 1482.812286 1475.241023 1468.845994 1463.453392 1458.912496 1455.093616 1451.885714 1449.194039 1446.937932 1445.048856 1443.468668 1442.148115 1441.045528 1440.125703 1439.358929 1438.720160 1438.188305 1437.745616 1437.377168 1437.070415 1436.814806 1436.601466 1436.422916 1436.272835 1436.145858 1436.037403 1435.943511 1435.860714 1435.785908 1435.716239 1435.649017 1435.581773 1435.512464 1435.439022 1435.359235 1435.270684 1435.170691 1435.056255 1434.923967 1434.769921 1434.589615 1434.377831 1434.128499 1433.834545 1433.487712 1433.078358 1432.595218 1432.025136 1431.352752 1430.560143 1429.626413 1428.527218 1427.234220 1425.714461 1423.929648 1421.835333 1419.379967 1416.503840 1413.137865 1409.202235 1404.604945 1399.240270 1392.987442 1385.710671 1377.265671 1367.528429 1356.414386 1343.708851 1329.126645 1312.330384 1292.944792 1270.598041 1245.017021 1215.944299 1182.728277 1144.751978 1101.758157 1052.882675 997.689790 935.180729 864.890018 785.790621 696.678332 -9999.0 -9999.0
-9999.0 -9999.0 2124.765745 2035.302344 1955.870343 1885.674868 1823.953089 1769.877019 1722.685654 1681.606972 1645.947129 1615.098113 1588.489078 1565.618049 1545.991202 1529.146005 1514.683837 1502.300342 1491.757901 1482.812286 1475.241023 1468.845994 1463.453392 1458.912496 1455.093616 1451.885714 1449.194039 1446.937932 1445.048856 1443.468668 1442.148115 1441.045528 1440.125703 1439.358929 1438.720160 1438.188305 1437.745616 1437.377168 1437.070415 1436.814806 1436.601466 1436.422916 1436.272835 1436.145858 1436.037403 1435.943511 1435.860714 1435.785908 1435.716239 1435.649017 1435.581773 1435.512464 1435.439022 1435.359235 1435.270683 1435.170691 1435.056255 1434.923967 1434.769921 1434.589615 1434.377831 1434.128499 1433.834545 1433.487712 1433.078358 1432.595218 1432.025136 1431.352752 1430.560143 1429.626413 1428.527218 1427.234220 1425.714461 1423.929648 1421.835333 1419.379967 1416.503840 1413.137865 1409.202235 1404.604945 1399.240270 1392.987442 1385.710671 1377.265671 1367.528429 1356.414386 1343.708851 1329.126645 1312.330384 1292.944792 1270.598041 1245.017021 1215.944299 1182.728277 1144.751978 1101.758157 1052.882675 997.689790 935.180729 864.890018 785.790621 696.678332 -9999.0 -9999.0
-9999.0 -9999.0 2124.765745 2035.302344 1955.870343 1885.674868 1823.953089 1769.877019 1722.685654 1681.606972 1645.947129 1615.098113 1588.489078 1565.618049 1545.991202 1529.146005 1514.683837 1502.300342 1491.757901 1482.812286 1475.241023 1468.845994 1463.453392 1458.912496 1455.093616 1451.885714 1449.194039 1446.937932 1445.048856 1443.468668 1442.148115 1441.045528 1440.125703 1439.358929 1438.720160 1438.188305 1437.745616 1437.377168 1437.070415 1436.814806 1436.601466 1436.422916 1436.272835 1436.145858 1436.037403 1435.943511 1435.860714 1435.785908 1435.716239 1435.649017 1435.581773 1435.512464 1435.439022 1435.359235 1435.270684 1435.170691 1435.056255 1434.923967 1434.769921 1434.589615 1434.377831 1434.128499 1433.834545 1433.487712 1433.078358 1432.595218 1432.025136 1431.352752 1430.560143 1429.626413 1428.527218 1427.234220 1425.714461 1423.929648 1421.835333 1419.379967 1416.503840 1413.137865 1409.202235 1404.604945 1399.240270 1392.987442 1385.710671 1377.265671 1367.528429 1356.414386 1343.708851 1329.126645 1312.330384 1292.944792 1270.598041 1245.017021 1215.944299 1182.728277 1144.751978 1101.758157 1052.882675 997.689790 935.180729 864.890018 785.790621 696.678332 -9999.0 -9999.0
-9999.0 -9999.0 2124.765745 2035.302345 1955.870343 1885.674868 1823.953089 1769.877019 1722.685654 1681.606972 1645.947129 1615.098113 1588.489078 1565.618049 1545.991202 1529.146005 1514.683837 1502.300342 1491.757901 1482.812286 1475.241023 1468.845994 1463.453392 1458.912496 1455.093616 1451.885714 1449.194039 1446.937932 1445.048856 1443.468668 1442.148115 1441.045528 1440.125703 1439.358929 1438.720160 1438.188305 1437.745616 1437.377168 1437.070415 1436.814806 1436.601466 1436.422916 1436.272835 1436.145858 1436.037403 1435.943511 1435.860714 1435.785908 1435.716239 1435.649017 1435.581773 1435.512464 1435.439022 1435.359235 1435.270684 1435.170691 1435.056255 1434.923967 1434.769921 1434.589615 1434.377831 1434.128499 1433.834545 1433.487712 1433.078358 1432.595218 1432.025136 1431.352752 1430.560143 1429.626413 1428.527218 1427.234220 1425.714461 1423.929648 1421.835333 1419.379967 1416.503840 1413.137865 1409.202235 1404.604945 1399.240270 1392.987442 1385.710671 1377.265671 1367.528429 1356.414386 1343.708851 1329.126645 1312.330384 1292.944792 1270.598041 1245.017021 1215.944299 1182.728277 1144.751978 1101.758157 1052.882675 997.689790 935.180729 864.890018 785.790621 696.678332 -9999.0 -9999.0
-9999.0 -9999.0 2124.765745 2035.302345 1955.870343 1885.674868 1823.953089 1769.877019 1722.685654 1681.606972 1645.947129 1615.098113 1588.489078 1565.618049 1545.991202 1529.146005 1514.683837 1502.300342 1491.757901 1482.812286 1475.241023 1468.845994 1463.453392 1458.912496 1455.093616 1451.885714 1449.194039 1446.937932 1445.048856 1443.468668 1442.148115 1441.045528 1440.125703 1439.358929 1438.720160 1438.188305 1437.745616 1437.377168 1437.070415 1436.814806 1436.601466 1436.422916 1436.272835 1436.145858 1436.037403 1435.943511 1435.860714 1435.785908 1435.716239 1435.649017 1435.581773 1435.512464 1435.439022 1435.359235 1435.270684 1435.170691 1435.056255 1434.923967 1434.769921 1434.589615 1434.377831 1434.128499 1433.834545 1433.487712 1433.078358 1432.595218 1432.025136 1431.352752 1430.560143 1429.626413 1428.527219 1427.234220 1425.714461 1423.929648 1421.835333 1419.379967 1416.503840 1413.137865 1409.202235 1404.604945 1399.240270 1392.987442 1385.710671 1377.265671 1367.528429 1356.414386 1343.708851 1329.126645 1312.330384 1292.944792 1270.598041 1245.017021 1215.944299 1182.728277 1144.751978 1101.758157 1052.882675 997.689790 935.180729 864.890018 785.790621 696.678332 -9999.0 -9999.0
-9999.0 -9999.0 -9999.0 -9999.0 -9999.0 -9999.0 -9999.0 -9999.0 -9999.0 -9999.0 -9999.0 -9999.0 -9999.0 -9999.0 -9999.0 -9999.0 -9999.0 -9999.0 -9999.0 -9999.0 -9999.0 -9999.0 -9999.0 -9999.0 -9999.0 -9999.0 -9999.0 -9999.0 -9999.0 -9999.0 -9999.0 -9999.0 -9999.0 -9999.0 -9999.0 -9999.0 -9999.0 -9999.0 -9999.0 -9999.0 -9999.0 -9999.0 -9999.0 -9999.0 -9999.0 -9999.0 -9999.0 -9999.0 -9999.0 -9999.0 -9999.0 -9999.0 -9999.0 -9999.0 -9999.0 -9999.0 -9999.0 -9999.0 -9999.0 -9999.0 -9999.0 -9999.0 -9999.0 -9999.0 -9999.0 -9999.0 -9999.0 -9999.0 -9999.0 -9999.0 -9999.0 -9999.0 -9999.0 -9999.0 -9999.0 -9999.0 -9999.0 -9999.0 -9999.0 -9999.0 -9999.0 -9999.0 -9999.0 -9999.0 -9999.0 -9999.0 -9999.0 -9999.0 -9999.0 -9999.0 -9999.0 -9999.0 -9999.0 -9999.0 -9999.0 -9999.0 -9999.0 -9999.0 -9999.0 -9999.0 -9999.0 -9999.0 -9999.0 -9999.0
-9999.0 -9999.0 -9999.0 -9999.0 -9999.0 -9999.0 -9999.0 -9999.0 -9999.0 -9999.0 -9999.0 -9999.0 -9999.0 -9999.0 -9999.0 -9999.0 -9999.0 -9999.0 -9999.0 -9999.0 -9999.0 -9999.0 -9999.0 -9999.0 -9999.0 -9999.0 -9999.0 -9999.0 -9999.0 -9999.0 -9999.0 -9999.0 -9999.0 -9999.0 -9999.0 -9999.0 -9999.0 -9999.0 -9999.0 -9999.0 -9999.0 -9999.0 -9999.0 -9999.0 -9999.0 -9999.0 -9999.0 -9999.0 -9999.0 -9999.0 -9999.0 -9999.0 -9999.0 -9999.0 -9999.0 -9999.0 -9999.0 -9999.0 -9999.0 -9999.0 -9999.0 -9999.0 -9999.0 -9999.0 -9999.0 -9999.0 -9999.0 -9999.0 -9999.0 -9999.0 -9999.0 -9999.0 -9999.0 -9999.0 -9999.0 -9999.0 -9999.0 -9999.0 -9999.0 -9999.0 -9999.0 -9999.0 -9999.0 -9999.0 -9999.0 -9999.0 -9999.0 -9999.0 -9999.0 -9999.0 -9999.0 -9999.0 -9999.0 -9999.0 -9999.0 -9999.0 -9999.0 -9999.0 -9999.0 -9999.0 -9999.0 -9999.0 -9999.0 -9999.0