tests/3D/hillslope01/output-maps-SE27XX/psiliqL0041N0001.asc
ncols         104
nrows         10
xllcorner     -2.000000
yllcorner     0.000000
cellsize      1.000000
NODATA_value  -9999.0
-9999.0 -9999.0 -9999.0 -9999.0 -9999.0 -9999.0 -9999.0 -9999.0 -9999.0 -9999.0 -9999.0 -9999.0 -9999.0 -9999.0 -9999.0 -9999.0 -9999.0 -9999.0 -9999.0 -9999.0 -9999.0 -9999.0 -9999.0 -9999.0 -9999.0 -9999.0 -9999.0 -9999.0 -9999.0 -9999.0 -9999.0 -9999.0 -9999.0 -9999.0 -9999.0 -9999.0 -9999.0 -9999.0 -9999.0 -9999.0 -9999.0 -9999.0 -9999.0 -9999.0 -9999.0 -9999.0 -9999.0 -9999.0 -9999.0 -9999.0 -9999.0 -9999.0 -9999.0 -9999.0 -9999.0 -9999.0 -9999.0 -9999.0 -9999.0 -9999.0 -9999.0 -9999.0 -9999.0 -9999.0 -9999.0 -9999.0 -9999.0 -9999.0 -9999.0 -9999.0 -9999.0 -9999.0 -9999.0 -9999.0 -9999.0 -9999.0 -9999.0 -9999.0 -9999.0 -9999.0 -9999.0 -9999.0 -9999.0 -9999.0 -9999.0 -9999.0 -9999.0 -9999.0 -9999.0 -9999.0 -9999.0 -9999.0 -9999.0 -9999.0 -9999.0 -9999.0 -9999.0 -9999.0 -9999.0 -9999.0 -9999.0 -9999.0 -9999.0 -9999.0
-9999.0 -9999.0 -9999.0 -9999.0 -9999.0 -9999.0 -9999.0 -9999.0 -9999.0 -9999.0 -9999.0 -9999.0 -9999.0 -9999.0 -9999.0 -9999.0 -9999.0 -9999.0 -9999.0 -9999.0 -9999.0 -9999.0 -9999.0 -9999.0 -9999.0 -9999.0 -9999.0 -9999.0 -9999.0 -9999.0 -9999.0 -9999.0 -9999.0 -9999.0 -9999.0 -9999.0 -9999.0 -9999.0 -9999.0 -9999.0 -9999.0 -9999.0 -9999.0 -9999.0 -9999.0 -9999.0 -9999.0 -9999.0 -9999.0 -9999.0 -9999.0 -9999.0 -9999.0 -9999.0 -9999.0 -9999.0 -9999.0 -9999.0 -9999.0 -9999.0 -9999.0 -9999.0 -9999.0 -9999.0 -9999.0 -9999.0 -9999.0 -9999.0 -9999.0 -9999.0 -9999.0 -9999.0 -9999.0 -9999.0 -9999.0 -9999.0 -9999.0 -9999.0 -9999.0 -9999.0 -9999.0 -9999.0 -9999.0 -9999.0 -9999.0 -9999.0 -9999.0 -9999.0 -9999.0 -9999.0 -9999.0 -9999.0 -9999.0 -9999.0 -9999.0 -9999.0 -9999.0 -9999.0 -9999.0 -9999.0 -9999.0 -9999.0 -9999.0 -9999.0
-9999.0 -9999.0 -744.471831 -909.751801 -933.747328 -938.451993 -939.711800 -940.153046 -940.341971 -940.436240 -940.488574 -940.520272 -940.540769 -940.554657 -940.564395 -940.571405 -940.576562 -940.580424 -940.583359 -940.585618 -940.587371 -940.588744 -940.589823 -940.590677 -940.591355 -940.591894 -940.592324 -940.592668 -940.592943 -940.593164 -940.593340 -940.593482 -940.593596 -940.593687 -940.593761 -940.593820 -940.593867 -940.593905 -940.593936 -940.593961 -940.593980 -940.593996 -940.594009 -940.594020 -940.594029 -940.594036 -940.594042 -940.594047 -940.594051 -940.594055 -940.594059 -940.594059 -940.594060 -940.594060 -940.594060 -940.594060 -940.594060 -940.594060 -940.594060 -940.594060 -940.594061 -940.594061 -940.594061 -940.594062 -940.594062 -940.594063 -940.594064 -940.594065 -940.594066 -940.594067 -940.594069 -940.594071 -940.594074 -940.594077 -940.594082 -940.594087 -940.594093 -940.594100 -940.594109 -940.594121 -940.594134 -940.594151 -940.594172 -940.594196 -940.594226 -940.594262 -940.594306 -940.594358 -940.594420 -940.594494 -940.594582 -940.594684 -940.594802 -940.594939 -940.595094 -940.595269 -940.595466 -940.595684 -940.595924 -940.596194 -940.597223 -940.898610 -9999.0 -9999.0
-9999.0 -9999.0 -744.471831 -909.751801 -933.747328 -938.451993 -939.711800 -940.153046 -940.341971 -940.436240 -940.488574 -940.520272 -940.540769 -940.554657 -940.564395 -940.571405 -940.576562 -940.580424 -940.583359 -940.585618 -940.587371 -940.588744 -940.589823 -940.590677 -940.591355 -940.591894 -940.592324 -940.592668 -940.592943 -940.593164 -940.593340 -940.593482 -940.593596 -940.593687 -940.593761 -940.593820 -940.593867 -940.593905 -940.593936 -940.593961 -940.593980 -940.593996 -940.594009 -940.594020 -940.594029 -940.594036 -940.594042 -940.594047 -940.594051 -940.594055 -940.594059 -940.594059 -940.594060 -940.594060 -940.594060 -940.594060 -940.594060 -940.594060 -940.594060 -940.594060 -940.594061 -940.594061 -940.594061 -940.594062 -940.594062 -940.594063 -940.594064 -940.594065 -940.594066 -940.594067 -940.594069 -940.594071 -940.594074 -940.594077 -940.594082 -940.594087 -940.594093 -940.594100 -940.594109 -940.594121 -940.594134 -940.594151 -940.594172 -940.594196 -940.594226 -940.594262 -940.594306 -940.594358 -940.594420 -940.594494 -940.594582 -940.594684 -940.594802 -940.594939 -940.595094 -940.595269 -940.595466 -940.595684 -940.595924 -940.596194 -940.597223 -940.898610 -9999.0 -9999.0
-9999.0 -9999.0 -744.471832 -909.751801 -933.747328 -938.451993 -939.711800 -940.153046 -940.341971 -940.436240 -940.488574 -940.520272 -940.540769 -940.554657 -940.564395 -940.571405 -940.576562 -940.580424 -940.583359 -940.585618 -940.587371 -940.588744 -940.589823 -940.590677 -940.591355 -940.591894 -940.592324 -940.592668 -940.592943 -940.593164 -940.593340 -940.593482 -940.593596 -940.593687 -940.593761 -940.593820 -940.593867 -940.593905 -940.593936 -940.593961 -940.593980 -940.593996 -940.594009 -940.594020 -940.594029 -940.594036 -940.594042 -940.594047 -940.594051 -940.594055 -940.594059 -940.594059 -940.594060 -940.594060 -940.594060 -940.594060 -940.594060 -940.594060 -940.594060 -940.594060 -940.594061 -940.594061 -940.594061 -940.594062 -940.594062 -940.594063 -940.594064 -940.594065 -940.594066 -940.594067 -940.594069 -940.594071 -940.594074 -940.594077 -940.594082 -940.594087 -940.594093 -940.594100 -940.594109 -940.594121 -940.594134 -940.594151 -940.594172 -940.594196 -940.594226 -940.594262 -940.594306 -940.594358 -940.594420 -940.594494 -940.594582 -940.594684 -940.594802 -940.594939 -940.595094 -940.595269 -940.595466 -940.595684 -940.595924 -940.596194 -940.597223 -940.898610 -9999.0 -9999.0
-9999.0 -9999.0 -744.471832 -909.751801 -933.747328 -938.451993 -939.711800 -940.153046 -940.341971 -940.436240 -940.488574 -940.520272 -940.540769 -940.554657 -940.564395 -940.571405 -940.576562 -940.580424 -940.583359 -940.585618 -940.587371 -940.588744 -940.589823 -940.590677 -940.591355 -940.591894 -940.592324 -940.592668 -940.592943 -940.593164 -940.593340 -940.593482 -940.593596 -940.593687 -940.593761 -940.593820 -940.593867 -940.593905 -940.593936 -940.593961 -940.593980 -940.593996 -940.594009 -940.594020 -940.594029 -940.594036 -940.594042 -940.594047 -940.594051 -940.594055 -940.594059 -940.594059 -940.594060 -940.594060 -940.594060 -940.594060 -940.594060 -940.594060 -940.594060 -940.594060 -940.594061 -940.594061 -940.594061 -940.594062 -940.594062 -940.594063 -940.594064 -940.594065 -940.594066 -940.594067 -940.594069 -940.594071 -940.594074 -940.594077 -940.594082 -940.594087 -940.594093 -940.594100 -940.594109 -940.594121 -940.594134 -940.594151 -940.594172 -940.594196 -940.594226 -940.594262 -940.594306 -940.594358 -940.594420 -940.594494 -940.594582 -940.594684 -940.594802 -940.594939 -940.595094 -940.595269 -940.595466 -940.595684 -940.595924 -940.596194 -940.597223 -940.898610 -9999.0 -9999.0
-9999.0 -9999.0 -744.471831 -909.751801 -933.747328 -938.451993 -939.711800 -940.153046 -940.341971 -940.436240 -940.488574 -940.520272 -940.540769 -940.554657 -940.564395 -940.571405 -940.576562 -940.580424 -940.583359 -940.585618 -940.587371 -940.588744 -940.589823 -940.590677 -940.591355 -940.591894 -940.592324 -940.592668 -940.592943 -940.593164 -940.593340 -940.593482 -940.593596 -940.593687 -940.593761 -940.593820 -940.593867 -940.593905 -940.593936 -940.593961 -940.593980 -940.593996 -940.594009 -940.594020 -940.594029 -940.594036 -940.594042 -940.594047 -940.594051 -940.594055 -940.594059 -940.594059 -940.594060 -940.594060 -940.594060 -940.594060 -940.594060 -940.594060 -940.594060 -940.594060 -940.594061 -940.594061 -940.594061 -940.594062 -940.594062 -940.594063 -940.594064 -940.594065 -940.594066 -940.594067 -940.594069 -940.594071 -940.594074 -940.594077 -940.594082 -940.594087 -940.594093 -940.594100 -940.594109 -940.594121 -940.594134 -940.594151 -940.594172 -940.594196 -940.594226 -940.594262 -940.594306 -940.594358 -940.594420 -940.594494 -940.594582 -940.594684 -940.594802 -940.594939 -940.595094 -940.595269 -940.595466 -940.595684 -940.595924 -940.596194 -940.597223 -940.898610 -9999.0 -9999.0
-9999.0 -9999.0 -744.471831 -909.751801 -933.747328 -938.451993 -939.711800 -940.153046 -940.341971 -940.436240 -940.488574 -940.520272 -940.540769 -940.554657 -940.564395 -940.571405 -940.576562 -940.580424 -940.583359 -940.585618 -940.587371 -940.588744 -940.589823 -940.590677 -940.591355 -940.591894 -940.592324 -940.592668 -940.592943 -940.593164 -940.593340 -940.593482 -940.593596 -940.593687 -940.593761 -940.593820 -940.593867 -940.593905 -940.593936 -940.593961 -940.593980 -940.593996 -940.594009 -940.594020 -940.594029 -940.594036 -940.594042 -940.594047 -940.594051 -940.594055 -940.594059 -940.594059 -940.594060 -940.594060 -940.594060 -940.594060 -940.594060 -940.594060 -940.594060 -940.594060 -940.594061 -940.594061 -940.594061 -940.594062 -940.594062 -940.594063 -940.594064 -940.594065 -940.594066 -940.594067 -940.594069 -940.594071 -940.594074 -940.594077 -940.594082 -940.594087 -940.594093 -940.594100 -940.594109 -940.594121 -940.594134 -940.594151 -940.594172 -940.594196 -940.594226 -940.594262 -940.594306 -940.594358 -940.594420 -940.594494 -940.594582 -940.594684 -940.594802 -940.594939 -940.595094 -940.595269 -940.595466 -940.595684 -940.595924 -940.596194 -940.597223 -940.898610 -9999.0 -9999.0
-9999.0 -9999.0 -9999.0 -9999.0 -9999.0 -9999.0 -9999.0 -9999.0 -9999.0 -9999.0 -9999.0 -9999.0 -9999.0 -9999.0 -9999.0 -9999.0 -9999.0 -9999.0 -9999.0 -9999.0 -9999.0 -9999.0 -9999.0 -9999.0 -9999.0 -9999.0 -9999.0 -9999.0 -9999.0 -9999.0 -9999.0 -9999.0 -9999.0 -9999.0 -9999.0 -9999.0 -9999.0 -9999.0 -9999.0 -9999.0 -9999.0 -9999.0 -9999.0 -9999.0 -9999.0 -9999.0 -9999.0 -9999.0 -9999.0 -9999.0 -9999.0 -9999.0 -9999.0 -9999.0 -9999.0 -9999.0 -9999.0 -9999.0 -9999.0 -9999.0 -9999.0 -9999.0 -9999.0 -9999.0 -9999.0 -9999.0 -9999.0 -9999.0 -9999.0 -9999.0 -9999.0 -9999.0 -9999.0 -9999.0 -9999.0 -9999.0 -9999.0 -9999.0 -9999.0 -9999.0 -9999.0 -9999.0 -9999.0 -9999.0 -9999.0 -9999.0 -9999.0 -9999.0 -9999.0 -9999.0 -9999.0 -9999.0 -9999.0 -9999.0 -9999.0 -9999.0 -9999.0 -9999.0 -9999.0 -9999.0 -9999.0 -9999.0 -9999.0 -9999.0
-9999.0 -9999.0 -9999.0 -9999.0 -9999.0 -9999.0 -9999.0 -9999.0 -9999.0 -9999.0 -9999.0 -9999.0 -9999.0 -9999.0 -9999.0 -9999.0 -9999.0 -9999.0 -9999.0 -9999.0 -9999.0 -9999.0 -9999.0 -9999.0 -9999.0 -9999.0 -9999.0 -9999.0 -9999.0 -9999.0 -9999.0 -9999.0 -9999.0 -9999.0 -9999.0 -9999.0 -9999.0 -9999.0 -9999.0 -9999.0 -9999.0 -9999.0 -9999.0 -9999.0 -9999.0 -9999.0 -9999.0 -9999.0 -9999.0 -9999.0 -9999.0 -9999.0 -9999.0 -9999.0 -9999.0 -9999.0 -9999.0 -9999.0 -9999.0 -9999.0 -9999.0 -9999.0 -9999.0 -9999.0 -9999.0 -9999.0 -9999.0 -9999.0 -9999.0 -9999.0 -9999.0 -9999.0 -9999.0 -9999.0 -9999.0 -9999.0 -9999.0 -9999.0 -9999.0 -9999.0 -9999.0 -9999.0 -9999.0 -9999.0 -9999.0 -9999.0 -9999.0 -9999.0 -9999.0 -9999.0 -9999.0 -9999.0 -9999.0 -9999.0 -9999.0 -9999.0 -9999.0 -9999.0 -9999.0 -9999.0 -9999.0 -9999.0 -9999.0 -9999.0