tests/3D/hillslope01/output-maps-SE27XX/psiliqL0047N0001.asc
ncols         104
nrows         10
xllcorner     -2.000000
yllcorner     0.000000
cellsize      1.000000
NODATA_value  -9999.0
-9999.0 -9999.0 -9999.0 -9999.0 -9999.0 -9999.0 -9999.0 -9999.0 -9999.0 -9999.0 -9999.0 -9999.0 -9999.0 -9999.0 -9999.0 -9999.0 -9999.0 -9999.0 -9999.0 -9999.0 -9999.0 -9999.0 -9999.0 -9999.0 -9999.0 -9999.0 -9999.0 -9999.0 -9999.0 -9999.0 -9999.0 -9999.0 -9999.0 -9999.0 -9999.0 -9999.0 -9999.0 -9999.0 -9999.0 -9999.0 -9999.0 -9999.0 -9999.0 -9999.0 -9999.0 -9999.0 -9999.0 -9999.0 -9999.0 -9999.0 -9999.0 -9999.0 -9999.0 -9999.0 -9999.0 -9999.0 -9999.0 -9999.0 -9999.0 -9999.0 -9999.0 -9999.0 -9999.0 -9999.0 -9999.0 -9999.0 -9999.0 -9999.0 -9999.0 -9999.0 -9999.0 -9999.0 -9999.0 -9999.0 -9999.0 -9999.0 -9999.0 -9999.0 -9999.0 -9999.0 -9999.0 -9999.0 -9999.0 -9999.0 -9999.0 -9999.0 -9999.0 -9999.0 -9999.0 -9999.0 -9999.0 -9999.0 -9999.0 -9999.0 -9999.0 -9999.0 -9999.0 -9999.0 -9999.0 -9999.0 -9999.0 -9999.0 -9999.0 -9999.0
-9999.0 -9999.0 -9999.0 -9999.0 -9999.0 -9999.0 -9999.0 -9999.0 -9999.0 -9999.0 -9999.0 -9999.0 -9999.0 -9999.0 -9999.0 -9999.0 -9999.0 -9999.0 -9999.0 -9999.0 -9999.0 -9999.0 -9999.0 -9999.0 -9999.0 -9999.0 -9999.0 -9999.0 -9999.0 -9999.0 -9999.0 -9999.0 -9999.0 -9999.0 -9999.0 -9999.0 -9999.0 -9999.0 -9999.0 -9999.0 -9999.0 -9999.0 -9999.0 -9999.0 -9999.0 -9999.0 -9999.0 -9999.0 -9999.0 -9999.0 -9999.0 -9999.0 -9999.0 -9999.0 -9999.0 -9999.0 -9999.0 -9999.0 -9999.0 -9999.0 -9999.0 -9999.0 -9999.0 -9999.0 -9999.0 -9999.0 -9999.0 -9999.0 -9999.0 -9999.0 -9999.0 -9999.0 -9999.0 -9999.0 -9999.0 -9999.0 -9999.0 -9999.0 -9999.0 -9999.0 -9999.0 -9999.0 -9999.0 -9999.0 -9999.0 -9999.0 -9999.0 -9999.0 -9999.0 -9999.0 -9999.0 -9999.0 -9999.0 -9999.0 -9999.0 -9999.0 -9999.0 -9999.0 -9999.0 -9999.0 -9999.0 -9999.0 -9999.0 -9999.0
-9999.0 -9999.0 264.617136 178.103996 103.574049 38.232010 -17.784804 -66.334395 -108.896383 -146.318009 -178.723237 -206.807791 -230.820425 -250.835139 -267.524393 -281.499694 -293.219043 -302.915114 -310.825776 -317.278101 -322.539745 -326.836443 -330.351037 -333.230495 -335.592896 -337.533333 -339.128639 -340.441114 -341.521440 -342.410978 -343.143568 -343.746957 -344.243939 -344.653268 -344.990391 -345.268046 -345.496746 -345.685175 -345.840511 -345.968697 -346.074658 -346.162485 -346.235588 -346.296821 -346.348593 -346.392957 -346.431695 -346.466396 -346.498547 -346.528948 -346.544296 -346.558565 -346.573583 -346.589884 -346.608222 -346.629135 -346.653334 -346.681641 -346.715013 -346.754570 -346.801630 -346.857746 -346.924754 -347.004828 -347.100537 -347.214920 -347.351563 -347.514697 -347.709301 -347.941218 -348.217292 -348.545508 -348.935151 -349.396969 -349.943344 -350.588456 -351.348444 -352.241524 -353.288080 -354.510672 -355.933941 -357.584391 -359.490087 -361.681070 -364.186306 -367.010269 -370.150915 -373.594743 -377.338336 -381.378512 -385.710564 -390.292979 -395.066327 -399.949698 -404.871412 -409.745115 -414.502842 -419.066321 -423.363311 -427.407675 -431.334157 -437.224892 -9999.0 -9999.0
-9999.0 -9999.0 264.617136 178.103996 103.574049 38.232010 -17.784804 -66.334395 -108.896383 -146.318009 -178.723237 -206.807791 -230.820425 -250.835139 -267.524393 -281.499694 -293.219044 -302.915114 -310.825776 -317.278101 -322.539745 -326.836443 -330.351037 -333.230495 -335.592896 -337.533333 -339.128639 -340.441114 -341.521440 -342.410978 -343.143568 -343.746957 -344.243939 -344.653268 -344.990391 -345.268046 -345.496746 -345.685175 -345.840511 -345.968697 -346.074658 -346.162485 -346.235588 -346.296821 -346.348593 -346.392957 -346.431695 -346.466396 -346.498547 -346.528948 -346.544296 -346.558565 -346.573583 -346.589884 -346.608222 -346.629135 -346.653334 -346.681641 -346.715013 -346.754570 -346.801630 -346.857746 -346.924754 -347.004828 -347.100537 -347.214920 -347.351563 -347.514697 -347.709301 -347.941218 -348.217292 -348.545508 -348.935151 -349.396969 -349.943344 -350.588456 -351.348444 -352.241524 -353.288080 -354.510672 -355.933941 -357.584391 -359.490087 -361.681070 -364.186306 -367.010269 -370.150915 -373.594743 -377.338336 -381.378512 -385.710564 -390.292979 -395.066327 -399.949698 -404.871412 -409.745115 -414.502842 -419.066321 -423.363311 -427.407675 -431.334157 -437.224892 -9999.0 -9999.0
-9999.0 -9999.0 264.617136 178.103996 103.574049 38.232010 -17.784804 -66.334395 -108.896383 -146.318009 -178.723237 -206.807791 -230.820425 -250.835139 -267.524393 -281.499694 -293.219044 -302.915114 -310.825776 -317.278101 -322.539745 -326.836443 -330.351037 -333.230495 -335.592896 -337.533333 -339.128639 -340.441114 -341.521440 -342.410978 -343.143568 -343.746957 -344.243939 -344.653268 -344.990391 -345.268046 -345.496746 -345.685175 -345.840511 -345.968697 -346.074658 -346.162485 -346.235588 -346.296821 -346.348593 -346.392957 -346.431695 -346.466396 -346.498547 -346.528948 -346.544296 -346.558565 -346.573583 -346.589884 -346.608222 -346.629135 -346.653334 -346.681641 -346.715013 -346.754570 -346.801630 -346.857746 -346.924754 -347.004828 -347.100537 -347.214920 -347.351563 -347.514697 -347.709301 -347.941218 -348.217292 -348.545508 -348.935151 -349.396969 -349.943344 -350.588456 -351.348444 -352.241524 -353.288080 -354.510672 -355.933941 -357.584391 -359.490087 -361.681070 -364.186307 -367.010269 -370.150915 -373.594743 -377.338336 -381.378512 -385.710564 -390.292979 -395.066327 -399.949698 -404.871412 -409.745115 -414.502842 -419.066321 -423.363311 -427.407675 -431.334157 -437.224892 -9999.0 -9999.0
-9999.0 -9999.0 264.617136 178.103996 103.574049 38.232010 -17.784804 -66.334395 -108.896383 -146.318009 -178.723237 -206.807791 -230.820426 -250.835139 -267.524393 -281.499694 -293.219044 -302.915114 -310.825776 -317.278101 -322.539745 -326.836443 -330.351037 -333.230495 -335.592896 -337.533333 -339.128639 -340.441114 -341.521440 -342.410978 -343.143568 -343.746957 -344.243939 -344.653268 -344.990391 -345.268046 -345.496746 -345.685175 -345.840511 -345.968697 -346.074658 -346.162485 -346.235588 -346.296821 -346.348593 -346.392957 -346.431695 -346.466396 -346.498547 -346.528948 -346.544296 -346.558565 -346.573583 -346.589884 -346.608222 -346.629135 -346.653334 -346.681641 -346.715013 -346.754570 -346.801630 -346.857746 -346.924754 -347.004828 -347.100537 -347.214920 -347.351563 -347.514697 -347.709301 -347.941218 -348.217292 -348.545508 -348.935151 -349.396969 -349.943344 -350.588456 -351.348444 -352.241524 -353.288080 -354.510672 -355.933941 -357.584391 -359.490087 -361.681070 -364.186306 -367.010269 -370.150915 -373.594743 -377.338336 -381.378512 -385.710564 -390.292979 -395.066327 -399.949698 -404.871412 -409.745115 -414.502842 -419.066321 -423.363311 -427.407675 -431.334157 -437.224892 -9999.0 -9999.0
-9999.0 -9999.0 264.617136 178.103996 103.574049 38.232010 -17.784804 -66.334395 -108.896383 -146.318009 -178.723237 -206.807791 -230.820425 -250.835139 -267.524393 -281.499694 -293.219044 -302.915114 -310.825776 -317.278101 -322.539745 -326.836443 -330.351037 -333.230495 -335.592896 -337.533333 -339.128639 -340.441114 -341.521440 -342.410978 -343.143568 -343.746957 -344.243939 -344.653268 -344.990391 -345.268046 -345.496746 -345.685175 -345.840511 -345.968697 -346.074658 -346.162485 -346.235588 -346.296821 -346.348593 -346.392957 -346.431695 -346.466396 -346.498547 -346.528948 -346.544296 -346.558565 -346.573583 -346.589884 -346.608222 -346.629135 -346.653334 -346.681641 -346.715013 -346.754570 -346.801630 -346.857746 -346.924754 -347.004828 -347.100537 -347.214920 -347.351563 -347.514697 -347.709301 -347.941218 -348.217292 -348.545508 -348.935151 -349.396969 -349.943344 -350.588456 -351.348444 -352.241524 -353.288080 -354.510672 -355.933941 -357.584391 -359.490087 -361.681070 -364.186306 -367.010269 -370.150915 -373.594743 -377.338336 -381.378512 -385.710564 -390.292979 -395.066327 -399.949698 -404.871412 -409.745115 -414.502842 -419.066321 -423.363311 -427.407675 -431.334157 -437.224892 -9999.0 -9999.0
-9999.0 -9999.0 264.617136 178.103996 103.574049 38.232010 -17.784804 -66.334395 -108.896383 -146.318009 -178.723237 -206.807791 -230.820425 -250.835139 -267.524393 -281.499694 -293.219043 -302.915114 -310.825776 -317.278101 -322.539745 -326.836443 -330.351037 -333.230495 -335.592896 -337.533333 -339.128639 -340.441114 -341.521440 -342.410978 -343.143568 -343.746957 -344.243939 -344.653268 -344.990391 -345.268046 -345.496746 -345.685175 -345.840511 -345.968697 -346.074658 -346.162485 -346.235588 -346.296821 -346.348593 -346.392957 -346.431695 -346.466396 -346.498547 -346.528948 -346.544296 -346.558565 -346.573583 -346.589884 -346.608222 -346.629135 -346.653334 -346.681641 -346.715013 -346.754570 -346.801630 -346.857746 -346.924754 -347.004828 -347.100537 -347.214920 -347.351563 -347.514697 -347.709301 -347.941218 -348.217292 -348.545508 -348.935151 -349.396969 -349.943344 -350.588456 -351.348444 -352.241524 -353.288080 -354.510672 -355.933941 -357.584391 -359.490087 -361.681070 -364.186306 -367.010269 -370.150915 -373.594743 -377.338336 -381.378512 -385.710564 -390.292979 -395.066327 -399.949698 -404.871412 -409.745115 -414.502842 -419.066321 -423.363311 -427.407675 -431.334157 -437.224892 -9999.0 -9999.0
-9999.0 -9999.0 -9999.0 -9999.0 -9999.0 -9999.0 -9999.0 -9999.0 -9999.0 -9999.0 -9999.0 -9999.0 -9999.0 -9999.0 -9999.0 -9999.0 -9999.0 -9999.0 -9999.0 -9999.0 -9999.0 -9999.0 -9999.0 -9999.0 -9999.0 -9999.0 -9999.0 -9999.0 -9999.0 -9999.0 -9999.0 -9999.0 -9999.0 -9999.0 -9999.0 -9999.0 -9999.0 -9999.0 -9999.0 -9999.0 -9999.0 -9999.0 -9999.0 -9999.0 -9999.0 -9999.0 -9999.0 -9999.0 -9999.0 -9999.0 -9999.0 -9999.0 -9999.0 -9999.0 -9999.0 -9999.0 -9999.0 -9999.0 -9999.0 -9999.0 -9999.0 -9999.0 -9999.0 -9999.0 -9999.0 -9999.0 -9999.0 -9999.0 -9999.0 -9999.0 -9999.0 -9999.0 -9999.0 -9999.0 -9999.0 -9999.0 -9999.0 -9999.0 -9999.0 -9999.0 -9999.0 -9999.0 -9999.0 -9999.0 -9999.0 -9999.0 -9999.0 -9999.0 -9999.0 -9999.0 -9999.0 -9999.0 -9999.0 -9999.0 -9999.0 -9999.0 -9999.0 -9999.0 -9999.0 -9999.0 -9999.0 -9999.0 -9999.0 -9999.0
-9999.0 -9999.0 -9999.0 -9999.0 -9999.0 -9999.0 -9999.0 -9999.0 -9999.0 -9999.0 -9999.0 -9999.0 -9999.0 -9999.0 -9999.0 -9999.0 -9999.0 -9999.0 -9999.0 -9999.0 -9999.0 -9999.0 -9999.0 -9999.0 -9999.0 -9999.0 -9999.0 -9999.0 -9999.0 -9999.0 -9999.0 -9999.0 -9999.0 -9999.0 -9999.0 -9999.0 -9999.0 -9999.0 -9999.0 -9999.0 -9999.0 -9999.0 -9999.0 -9999.0 -9999.0 -9999.0 -9999.0 -9999.0 -9999.0 -9999.0 -9999.0 -9999.0 -9999.0 -9999.0 -9999.0 -9999.0 -9999.0 -9999.0 -9999.0 -9999.0 -9999.0 -9999.0 -9999.0 -9999.0 -9999.0 -9999.0 -9999.0 -9999.0 -9999.0 -9999.0 -9999.0 -9999.0 -9999.0 -9999.0 -9999.0 -9999.0 -9999.0 -9999.0 -9999.0 -9999.0 -9999.0 -9999.0 -9999.0 -9999.0 -9999.0 -9999.0 -9999.0 -9999.0 -9999.0 -9999.0 -9999.0 -9999.0 -9999.0 -9999.0 -9999.0 -9999.0 -9999.0 -9999.0 -9999.0 -9999.0 -9999.0 -9999.0 -9999.0 -9999.0