tests/3D/hillslope01/output-maps-SE27XX/psiliqL0044N0001.asc
ncols         104
nrows         10
xllcorner     -2.000000
yllcorner     0.000000
cellsize      1.000000
NODATA_value  -9999.0
-9999.0 -9999.0 -9999.0 -9999.0 -9999.0 -9999.0 -9999.0 -9999.0 -9999.0 -9999.0 -9999.0 -9999.0 -9999.0 -9999.0 -9999.0 -9999.0 -9999.0 -9999.0 -9999.0 -9999.0 -9999.0 -9999.0 -9999.0 -9999.0 -9999.0 -9999.0 -9999.0 -9999.0 -9999.0 -9999.0 -9999.0 -9999.0 -9999.0 -9999.0 -9999.0 -9999.0 -9999.0 -9999.0 -9999.0 -9999.0 -9999.0 -9999.0 -9999.0 -9999.0 -9999.0 -9999.0 -9999.0 -9999.0 -9999.0 -9999.0 -9999.0 -9999.0 -9999.0 -9999.0 -9999.0 -9999.0 -9999.0 -9999.0 -9999.0 -9999.0 -9999.0 -9999.0 -9999.0 -9999.0 -9999.0 -9999.0 -9999.0 -9999.0 -9999.0 -9999.0 -9999.0 -9999.0 -9999.0 -9999.0 -9999.0 -9999.0 -9999.0 -9999.0 -9999.0 -9999.0 -9999.0 -9999.0 -9999.0 -9999.0 -9999.0 -9999.0 -9999.0 -9999.0 -9999.0 -9999.0 -9999.0 -9999.0 -9999.0 -9999.0 -9999.0 -9999.0 -9999.0 -9999.0 -9999.0 -9999.0 -9999.0 -9999.0 -9999.0 -9999.0
-9999.0 -9999.0 -9999.0 -9999.0 -9999.0 -9999.0 -9999.0 -9999.0 -9999.0 -9999.0 -9999.0 -9999.0 -9999.0 -9999.0 -9999.0 -9999.0 -9999.0 -9999.0 -9999.0 -9999.0 -9999.0 -9999.0 -9999.0 -9999.0 -9999.0 -9999.0 -9999.0 -9999.0 -9999.0 -9999.0 -9999.0 -9999.0 -9999.0 -9999.0 -9999.0 -9999.0 -9999.0 -9999.0 -9999.0 -9999.0 -9999.0 -9999.0 -9999.0 -9999.0 -9999.0 -9999.0 -9999.0 -9999.0 -9999.0 -9999.0 -9999.0 -9999.0 -9999.0 -9999.0 -9999.0 -9999.0 -9999.0 -9999.0 -9999.0 -9999.0 -9999.0 -9999.0 -9999.0 -9999.0 -9999.0 -9999.0 -9999.0 -9999.0 -9999.0 -9999.0 -9999.0 -9999.0 -9999.0 -9999.0 -9999.0 -9999.0 -9999.0 -9999.0 -9999.0 -9999.0 -9999.0 -9999.0 -9999.0 -9999.0 -9999.0 -9999.0 -9999.0 -9999.0 -9999.0 -9999.0 -9999.0 -9999.0 -9999.0 -9999.0 -9999.0 -9999.0 -9999.0 -9999.0 -9999.0 -9999.0 -9999.0 -9999.0 -9999.0 -9999.0
-9999.0 -9999.0 -49.192379 -140.236014 -231.046203 -325.378487 -417.591807 -494.240798 -548.209416 -582.207173 -602.922732 -615.691836 -623.823872 -629.214307 -632.917074 -635.531468 -637.417621 -638.804138 -639.841549 -640.629939 -641.236935 -641.709291 -642.080056 -642.373104 -642.606015 -642.791955 -642.940924 -643.060608 -643.156981 -643.234719 -643.297512 -643.348287 -643.389380 -643.422659 -643.449623 -643.471482 -643.489210 -643.503595 -643.515275 -643.524768 -643.532496 -643.538801 -643.543962 -643.548210 -643.551735 -643.554694 -643.557221 -643.559433 -643.561433 -643.563313 -643.564312 -643.564547 -643.564717 -643.564866 -643.565059 -643.565280 -643.565539 -643.565845 -643.566210 -643.566649 -643.567179 -643.567821 -643.568599 -643.569545 -643.570694 -643.572090 -643.573787 -643.575850 -643.578357 -643.581401 -643.585095 -643.589577 -643.595009 -643.601587 -643.609546 -643.619166 -643.630777 -643.644774 -643.661620 -643.681858 -643.706121 -643.735145 -643.769773 -643.810965 -643.859802 -643.917460 -643.985181 -644.064133 -644.155409 -644.260022 -644.379108 -644.512884 -644.661968 -644.826357 -645.005369 -645.197454 -645.402834 -645.618447 -645.842274 -646.077132 -646.340977 -647.501802 -9999.0 -9999.0
-9999.0 -9999.0 -49.192379 -140.236014 -231.046203 -325.378487 -417.591807 -494.240798 -548.209416 -582.207173 -602.922732 -615.691836 -623.823872 -629.214307 -632.917074 -635.531468 -637.417621 -638.804138 -639.841549 -640.629939 -641.236935 -641.709291 -642.080056 -642.373104 -642.606015 -642.791955 -642.940924 -643.060608 -643.156981 -643.234719 -643.297512 -643.348287 -643.389380 -643.422659 -643.449623 -643.471482 -643.489210 -643.503595 -643.515275 -643.524768 -643.532496 -643.538801 -643.543962 -643.548210 -643.551735 -643.554694 -643.557221 -643.559433 -643.561433 -643.563313 -643.564312 -643.564547 -643.564717 -643.564866 -643.565059 -643.565280 -643.565539 -643.565845 -643.566210 -643.566649 -643.567179 -643.567821 -643.568599 -643.569545 -643.570694 -643.572090 -643.573787 -643.575850 -643.578357 -643.581401 -643.585095 -643.589577 -643.595009 -643.601587 -643.609546 -643.619166 -643.630777 -643.644774 -643.661620 -643.681858 -643.706121 -643.735145 -643.769773 -643.810965 -643.859802 -643.917460 -643.985181 -644.064133 -644.155409 -644.260022 -644.379108 -644.512884 -644.661968 -644.826357 -645.005369 -645.197454 -645.402834 -645.618447 -645.842274 -646.077132 -646.340977 -647.501802 -9999.0 -9999.0
-9999.0 -9999.0 -49.192379 -140.236014 -231.046203 -325.378487 -417.591807 -494.240798 -548.209416 -582.207173 -602.922732 -615.691836 -623.823872 -629.214307 -632.917074 -635.531468 -637.417621 -638.804138 -639.841549 -640.629939 -641.236935 -641.709291 -642.080056 -642.373104 -642.606015 -642.791955 -642.940924 -643.060608 -643.156981 -643.234719 -643.297512 -643.348287 -643.389380 -643.422659 -643.449623 -643.471482 -643.489210 -643.503595 -643.515275 -643.524768 -643.532496 -643.538801 -643.543962 -643.548210 -643.551735 -643.554694 -643.557221 -643.559433 -643.561433 -643.563313 -643.564312 -643.564547 -643.564717 -643.564866 -643.565059 -643.565280 -643.565539 -643.565845 -643.566210 -643.566649 -643.567179 -643.567821 -643.568599 -643.569545 -643.570694 -643.572090 -643.573787 -643.575850 -643.578357 -643.581401 -643.585095 -643.589577 -643.595009 -643.601587 -643.609546 -643.619166 -643.630777 -643.644774 -643.661620 -643.681858 -643.706121 -643.735145 -643.769773 -643.810965 -643.859802 -643.917460 -643.985181 -644.064133 -644.155409 -644.260022 -644.379108 -644.512884 -644.661968 -644.826357 -645.005369 -645.197454 -645.402834 -645.618447 -645.842274 -646.077132 -646.340977 -647.501802 -9999.0 -9999.0
-9999.0 -9999.0 -49.192379 -140.236014 -231.046203 -325.378487 -417.591807 -494.240798 -548.209416 -582.207173 -602.922732 -615.691836 -623.823872 -629.214307 -632.917074 -635.531468 -637.417621 -638.804138 -639.841549 -640.629939 -641.236935 -641.709291 -642.080056 -642.373104 -642.606015 -642.791955 -642.940924 -643.060608 -643.156981 -643.234719 -643.297512 -643.348287 -643.389380 -643.422659 -643.449623 -643.471482 -643.489210 -643.503595 -643.515275 -643.524768 -643.532496 -643.538801 -643.543962 -643.548210 -643.551735 -643.554694 -643.557221 -643.559433 -643.561433 -643.563313 -643.564312 -643.564547 -643.564717 -643.564866 -643.565059 -643.565280 -643.565539 -643.565845 -643.566210 -643.566649 -643.567179 -643.567821 -643.568599 -643.569545 -643.570694 -643.572090 -643.573787 -643.575850 -643.578357 -643.581401 -643.585095 -643.589577 -643.595009 -643.601587 -643.609546 -643.619166 -643.630777 -643.644774 -643.661620 -643.681858 -643.706121 -643.735145 -643.769773 -643.810965 -643.859802 -643.917460 -643.985181 -644.064133 -644.155409 -644.260022 -644.379108 -644.512884 -644.661968 -644.826357 -645.005369 -645.197454 -645.402834 -645.618447 -645.842274 -646.077132 -646.340977 -647.501802 -9999.0 -9999.0
-9999.0 -9999.0 -49.192379 -140.236014 -231.046203 -325.378487 -417.591807 -494.240798 -548.209416 -582.207173 -602.922732 -615.691836 -623.823872 -629.214307 -632.917074 -635.531468 -637.417621 -638.804138 -639.841549 -640.629939 -641.236935 -641.709291 -642.080056 -642.373104 -642.606015 -642.791955 -642.940924 -643.060608 -643.156981 -643.234719 -643.297512 -643.348287 -643.389380 -643.422659 -643.449623 -643.471482 -643.489210 -643.503595 -643.515275 -643.524768 -643.532496 -643.538801 -643.543962 -643.548210 -643.551735 -643.554694 -643.557221 -643.559433 -643.561433 -643.563313 -643.564312 -643.564547 -643.564717 -643.564866 -643.565059 -643.565280 -643.565539 -643.565845 -643.566210 -643.566649 -643.567179 -643.567821 -643.568599 -643.569545 -643.570694 -643.572090 -643.573787 -643.575850 -643.578357 -643.581401 -643.585095 -643.589577 -643.595009 -643.601587 -643.609546 -643.619166 -643.630777 -643.644774 -643.661620 -643.681858 -643.706121 -643.735145 -643.769773 -643.810965 -643.859802 -643.917460 -643.985181 -644.064133 -644.155409 -644.260022 -644.379108 -644.512884 -644.661968 -644.826357 -645.005369 -645.197454 -645.402834 -645.618447 -645.842274 -646.077132 -646.340977 -647.501802 -9999.0 -9999.0
-9999.0 -9999.0 -49.192379 -140.236014 -231.046203 -325.378487 -417.591807 -494.240798 -548.209416 -582.207173 -602.922732 -615.691836 -623.823872 -629.214307 -632.917074 -635.531468 -637.417621 -638.804138 -639.841549 -640.629939 -641.236935 -641.709291 -642.080056 -642.373104 -642.606015 -642.791955 -642.940924 -643.060608 -643.156981 -643.234719 -643.297512 -643.348287 -643.389380 -643.422659 -643.449623 -643.471482 -643.489210 -643.503595 -643.515275 -643.524768 -643.532496 -643.538801 -643.543962 -643.548210 -643.551735 -643.554694 -643.557221 -643.559433 -643.561433 -643.563313 -643.564312 -643.564547 -643.564717 -643.564866 -643.565059 -643.565280 -643.565539 -643.565845 -643.566210 -643.566649 -643.567179 -643.567821 -643.568599 -643.569545 -643.570694 -643.572090 -643.573787 -643.575850 -643.578357 -643.581401 -643.585095 -643.589577 -643.595009 -643.601587 -643.609546 -643.619166 -643.630777 -643.644774 -643.661620 -643.681858 -643.706121 -643.735145 -643.769773 -643.810965 -643.859802 -643.917460 -643.985181 -644.064133 -644.155409 -644.260022 -644.379108 -644.512884 -644.661968 -644.826357 -645.005369 -645.197454 -645.402834 -645.618447 -645.842274 -646.077132 -646.340977 -647.501802 -9999.0 -9999.0
-9999.0 -9999.0 -9999.0 -9999.0 -9999.0 -9999.0 -9999.0 -9999.0 -9999.0 -9999.0 -9999.0 -9999.0 -9999.0 -9999.0 -9999.0 -9999.0 -9999.0 -9999.0 -9999.0 -9999.0 -9999.0 -9999.0 -9999.0 -9999.0 -9999.0 -9999.0 -9999.0 -9999.0 -9999.0 -9999.0 -9999.0 -9999.0 -9999.0 -9999.0 -9999.0 -9999.0 -9999.0 -9999.0 -9999.0 -9999.0 -9999.0 -9999.0 -9999.0 -9999.0 -9999.0 -9999.0 -9999.0 -9999.0 -9999.0 -9999.0 -9999.0 -9999.0 -9999.0 -9999.0 -9999.0 -9999.0 -9999.0 -9999.0 -9999.0 -9999.0 -9999.0 -9999.0 -9999.0 -9999.0 -9999.0 -9999.0 -9999.0 -9999.0 -9999.0 -9999.0 -9999.0 -9999.0 -9999.0 -9999.0 -9999.0 -9999.0 -9999.0 -9999.0 -9999.0 -9999.0 -9999.0 -9999.0 -9999.0 -9999.0 -9999.0 -9999.0 -9999.0 -9999.0 -9999.0 -9999.0 -9999.0 -9999.0 -9999.0 -9999.0 -9999.0 -9999.0 -9999.0 -9999.0 -9999.0 -9999.0 -9999.0 -9999.0 -9999.0 -9999.0
-9999.0 -9999.0 -9999.0 -9999.0 -9999.0 -9999.0 -9999.0 -9999.0 -9999.0 -9999.0 -9999.0 -9999.0 -9999.0 -9999.0 -9999.0 -9999.0 -9999.0 -9999.0 -9999.0 -9999.0 -9999.0 -9999.0 -9999.0 -9999.0 -9999.0 -9999.0 -9999.0 -9999.0 -9999.0 -9999.0 -9999.0 -9999.0 -9999.0 -9999.0 -9999.0 -9999.0 -9999.0 -9999.0 -9999.0 -9999.0 -9999.0 -9999.0 -9999.0 -9999.0 -9999.0 -9999.0 -9999.0 -9999.0 -9999.0 -9999.0 -9999.0 -9999.0 -9999.0 -9999.0 -9999.0 -9999.0 -9999.0 -9999.0 -9999.0 -9999.0 -9999.0 -9999.0 -9999.0 -9999.0 -9999.0 -9999.0 -9999.0 -9999.0 -9999.0 -9999.0 -9999.0 -9999.0 -9999.0 -9999.0 -9999.0 -9999.0 -9999.0 -9999.0 -9999.0 -9999.0 -9999.0 -9999.0 -9999.0 -9999.0 -9999.0 -9999.0 -9999.0 -9999.0 -9999.0 -9999.0 -9999.0 -9999.0 -9999.0 -9999.0 -9999.0 -9999.0 -9999.0 -9999.0 -9999.0 -9999.0 -9999.0 -9999.0 -9999.0 -9999.0