tests/3D/hillslope01/output-maps-SE27XX/psiliqL0089N0001.asc
ncols         104
nrows         10
xllcorner     -2.000000
yllcorner     0.000000
cellsize      1.000000
NODATA_value  -9999.0
-9999.0 -9999.0 -9999.0 -9999.0 -9999.0 -9999.0 -9999.0 -9999.0 -9999.0 -9999.0 -9999.0 -9999.0 -9999.0 -9999.0 -9999.0 -9999.0 -9999.0 -9999.0 -9999.0 -9999.0 -9999.0 -9999.0 -9999.0 -9999.0 -9999.0 -9999.0 -9999.0 -9999.0 -9999.0 -9999.0 -9999.0 -9999.0 -9999.0 -9999.0 -9999.0 -9999.0 -9999.0 -9999.0 -9999.0 -9999.0 -9999.0 -9999.0 -9999.0 -9999.0 -9999.0 -9999.0 -9999.0 -9999.0 -9999.0 -9999.0 -9999.0 -9999.0 -9999.0 -9999.0 -9999.0 -9999.0 -9999.0 -9999.0 -9999.0 -9999.0 -9999.0 -9999.0 -9999.0 -9999.0 -9999.0 -9999.0 -9999.0 -9999.0 -9999.0 -9999.0 -9999.0 -9999.0 -9999.0 -9999.0 -9999.0 -9999.0 -9999.0 -9999.0 -9999.0 -9999.0 -9999.0 -9999.0 -9999.0 -9999.0 -9999.0 -9999.0 -9999.0 -9999.0 -9999.0 -9999.0 -9999.0 -9999.0 -9999.0 -9999.0 -9999.0 -9999.0 -9999.0 -9999.0 -9999.0 -9999.0 -9999.0 -9999.0 -9999.0 -9999.0
-9999.0 -9999.0 -9999.0 -9999.0 -9999.0 -9999.0 -9999.0 -9999.0 -9999.0 -9999.0 -9999.0 -9999.0 -9999.0 -9999.0 -9999.0 -9999.0 -9999.0 -9999.0 -9999.0 -9999.0 -9999.0 -9999.0 -9999.0 -9999.0 -9999.0 -9999.0 -9999.0 -9999.0 -9999.0 -9999.0 -9999.0 -9999.0 -9999.0 -9999.0 -9999.0 -9999.0 -9999.0 -9999.0 -9999.0 -9999.0 -9999.0 -9999.0 -9999.0 -9999.0 -9999.0 -9999.0 -9999.0 -9999.0 -9999.0 -9999.0 -9999.0 -9999.0 -9999.0 -9999.0 -9999.0 -9999.0 -9999.0 -9999.0 -9999.0 -9999.0 -9999.0 -9999.0 -9999.0 -9999.0 -9999.0 -9999.0 -9999.0 -9999.0 -9999.0 -9999.0 -9999.0 -9999.0 -9999.0 -9999.0 -9999.0 -9999.0 -9999.0 -9999.0 -9999.0 -9999.0 -9999.0 -9999.0 -9999.0 -9999.0 -9999.0 -9999.0 -9999.0 -9999.0 -9999.0 -9999.0 -9999.0 -9999.0 -9999.0 -9999.0 -9999.0 -9999.0 -9999.0 -9999.0 -9999.0 -9999.0 -9999.0 -9999.0 -9999.0 -9999.0
-9999.0 -9999.0 4552.755025 4461.965183 4380.168023 4306.967768 4241.846452 4184.211643 4133.435835 4088.884839 4049.940126 4016.012779 3986.549825 3961.037211 3939.000588 3920.007955 3903.673060 3889.655956 3877.658195 3867.415440 3858.692737 3851.281684 3844.998328 3839.681260 3835.189681 3831.401433 3828.211023 3825.527717 3823.273737 3821.382606 3819.797646 3818.470641 3817.360648 3816.432961 3815.658202 3815.011538 3814.471995 3814.021874 3813.646249 3813.332526 3813.070080 3812.849927 3812.664455 3812.507189 3812.372585 3812.255857 3812.152827 3812.059797 3811.973439 3811.890711 3811.808783 3811.724953 3811.636554 3811.540841 3811.434898 3811.315544 3811.179241 3811.021994 3810.839247 3810.625758 3810.375473 3810.081364 3809.735264 3809.327660 3808.847470 3808.281778 3807.615536 3806.831217 3805.908428 3804.823452 3803.548746 3802.052355 3800.297262 3798.240651 3795.833101 3793.017685 3789.729019 3785.892258 3781.422085 3776.221768 3770.182355 3763.182119 3755.086203 3745.745979 3734.996390 3722.648456 3708.478326 3692.223676 3673.586259 3652.237541 3627.823972 3599.965919 3568.245193 3532.193987 3491.307109 3445.049582 3392.845851 3334.094784 3268.175466 3194.477653 3112.423227 3021.534552 -9999.0 -9999.0
-9999.0 -9999.0 4552.755025 4461.965182 4380.168023 4306.967768 4241.846452 4184.211643 4133.435835 4088.884839 4049.940126 4016.012778 3986.549825 3961.037211 3939.000588 3920.007955 3903.673060 3889.655956 3877.658195 3867.415440 3858.692737 3851.281684 3844.998328 3839.681260 3835.189681 3831.401433 3828.211023 3825.527717 3823.273737 3821.382606 3819.797646 3818.470641 3817.360648 3816.432961 3815.658202 3815.011538 3814.471995 3814.021874 3813.646249 3813.332526 3813.070080 3812.849927 3812.664455 3812.507189 3812.372585 3812.255857 3812.152827 3812.059797 3811.973439 3811.890711 3811.808783 3811.724953 3811.636554 3811.540841 3811.434898 3811.315544 3811.179241 3811.021994 3810.839247 3810.625758 3810.375473 3810.081364 3809.735264 3809.327660 3808.847470 3808.281778 3807.615536 3806.831217 3805.908428 3804.823452 3803.548746 3802.052355 3800.297262 3798.240651 3795.833100 3793.017685 3789.729019 3785.892258 3781.422085 3776.221768 3770.182355 3763.182119 3755.086203 3745.745979 3734.996390 3722.648456 3708.478326 3692.223676 3673.586259 3652.237541 3627.823972 3599.965919 3568.245193 3532.193987 3491.307109 3445.049582 3392.845851 3334.094784 3268.175466 3194.477653 3112.423227 3021.534552 -9999.0 -9999.0
-9999.0 -9999.0 4552.755025 4461.965182 4380.168023 4306.967767 4241.846452 4184.211643 4133.435835 4088.884839 4049.940126 4016.012778 3986.549825 3961.037211 3939.000588 3920.007955 3903.673060 3889.655956 3877.658195 3867.415440 3858.692737 3851.281684 3844.998328 3839.681260 3835.189681 3831.401433 3828.211023 3825.527717 3823.273737 3821.382606 3819.797646 3818.470641 3817.360648 3816.432961 3815.658202 3815.011538 3814.471995 3814.021874 3813.646249 3813.332526 3813.070080 3812.849927 3812.664455 3812.507189 3812.372585 3812.255857 3812.152827 3812.059797 3811.973439 3811.890711 3811.808783 3811.724953 3811.636554 3811.540841 3811.434898 3811.315544 3811.179241 3811.021994 3810.839246 3810.625758 3810.375473 3810.081364 3809.735264 3809.327660 3808.847470 3808.281778 3807.615536 3806.831217 3805.908428 3804.823452 3803.548746 3802.052355 3800.297261 3798.240651 3795.833100 3793.017685 3789.729019 3785.892258 3781.422085 3776.221768 3770.182355 3763.182119 3755.086203 3745.745979 3734.996390 3722.648456 3708.478326 3692.223676 3673.586259 3652.237541 3627.823972 3599.965919 3568.245193 3532.193987 3491.307109 3445.049582 3392.845851 3334.094784 3268.175466 3194.477653 3112.423227 3021.534552 -9999.0 -9999.0
-9999.0 -9999.0 4552.755025 4461.965182 4380.168023 4306.967767 4241.846452 4184.211643 4133.435835 4088.884839 4049.940126 4016.012778 3986.549825 3961.037211 3939.000588 3920.007955 3903.673060 3889.655956 3877.658195 3867.415440 3858.692737 3851.281684 3844.998328 3839.681260 3835.189681 3831.401433 3828.211023 3825.527717 3823.273737 3821.382606 3819.797646 3818.470641 3817.360648 3816.432961 3815.658202 3815.011538 3814.471995 3814.021874 3813.646249 3813.332526 3813.070080 3812.849927 3812.664455 3812.507189 3812.372585 3812.255857 3812.152827 3812.059797 3811.973439 3811.890711 3811.808783 3811.724953 3811.636554 3811.540841 3811.434898 3811.315544 3811.179241 3811.021994 3810.839246 3810.625758 3810.375473 3810.081364 3809.735264 3809.327660 3808.847470 3808.281778 3807.615536 3806.831217 3805.908428 3804.823452 3803.548746 3802.052355 3800.297261 3798.240651 3795.833100 3793.017685 3789.729019 3785.892258 3781.422085 3776.221767 3770.182355 3763.182119 3755.086203 3745.745979 3734.996390 3722.648456 3708.478326 3692.223676 3673.586259 3652.237541 3627.823972 3599.965919 3568.245193 3532.193987 3491.307109 3445.049582 3392.845851 3334.094784 3268.175466 3194.477653 3112.423227 3021.534552 -9999.0 -9999.0
-9999.0 -9999.0 4552.755025 4461.965182 4380.168023 4306.967768 4241.846452 4184.211643 4133.435835 4088.884839 4049.940126 4016.012778 3986.549825 3961.037211 3939.000588 3920.007955 3903.673060 3889.655956 3877.658195 3867.415440 3858.692737 3851.281684 3844.998328 3839.681260 3835.189681 3831.401433 3828.211023 3825.527717 3823.273737 3821.382606 3819.797646 3818.470641 3817.360648 3816.432961 3815.658202 3815.011538 3814.471995 3814.021874 3813.646249 3813.332526 3813.070080 3812.849927 3812.664455 3812.507189 3812.372585 3812.255857 3812.152827 3812.059797 3811.973439 3811.890711 3811.808783 3811.724953 3811.636554 3811.540841 3811.434898 3811.315544 3811.179241 3811.021994 3810.839246 3810.625758 3810.375473 3810.081364 3809.735264 3809.327660 3808.847470 3808.281778 3807.615536 3806.831217 3805.908428 3804.823452 3803.548746 3802.052355 3800.297261 3798.240651 3795.833100 3793.017685 3789.729019 3785.892258 3781.422085 3776.221768 3770.182355 3763.182119 3755.086203 3745.745979 3734.996390 3722.648456 3708.478326 3692.223676 3673.586259 3652.237541 3627.823972 3599.965919 3568.245193 3532.193987 3491.307109 3445.049582 3392.845851 3334.094784 3268.175466 3194.477653 3112.423227 3021.534552 -9999.0 -9999.0
-9999.0 -9999.0 4552.755025 4461.965183 4380.168023 4306.967768 4241.846452 4184.211643 4133.435835 4088.884839 4049.940126 4016.012779 3986.549825 3961.037211 3939.000588 3920.007955 3903.673060 3889.655956 3877.658195 3867.415440 3858.692737 3851.281684 3844.998328 3839.681260 3835.189681 3831.401433 3828.211023 3825.527717 3823.273737 3821.382606 3819.797646 3818.470641 3817.360648 3816.432961 3815.658202 3815.011538 3814.471995 3814.021874 3813.646249 3813.332526 3813.070080 3812.849927 3812.664455 3812.507189 3812.372585 3812.255857 3812.152827 3812.059797 3811.973439 3811.890711 3811.808783 3811.724953 3811.636554 3811.540841 3811.434898 3811.315544 3811.179241 3811.021994 3810.839247 3810.625758 3810.375473 3810.081364 3809.735264 3809.327660 3808.847470 3808.281778 3807.615536 3806.831217 3805.908428 3804.823452 3803.548746 3802.052355 3800.297262 3798.240651 3795.833101 3793.017685 3789.729019 3785.892258 3781.422085 3776.221768 3770.182355 3763.182119 3755.086203 3745.745979 3734.996390 3722.648456 3708.478326 3692.223676 3673.586259 3652.237541 3627.823972 3599.965919 3568.245193 3532.193987 3491.307109 3445.049582 3392.845851 3334.094784 3268.175466 3194.477653 3112.423227 3021.534552 -9999.0 -9999.0
-9999.0 -9999.0 -9999.0 -9999.0 -9999.0 -9999.0 -9999.0 -9999.0 -9999.0 -9999.0 -9999.0 -9999.0 -9999.0 -9999.0 -9999.0 -9999.0 -9999.0 -9999.0 -9999.0 -9999.0 -9999.0 -9999.0 -9999.0 -9999.0 -9999.0 -9999.0 -9999.0 -9999.0 -9999.0 -9999.0 -9999.0 -9999.0 -9999.0 -9999.0 -9999.0 -9999.0 -9999.0 -9999.0 -9999.0 -9999.0 -9999.0 -9999.0 -9999.0 -9999.0 -9999.0 -9999.0 -9999.0 -9999.0 -9999.0 -9999.0 -9999.0 -9999.0 -9999.0 -9999.0 -9999.0 -9999.0 -9999.0 -9999.0 -9999.0 -9999.0 -9999.0 -9999.0 -9999.0 -9999.0 -9999.0 -9999.0 -9999.0 -9999.0 -9999.0 -9999.0 -9999.0 -9999.0 -9999.0 -9999.0 -9999.0 -9999.0 -9999.0 -9999.0 -9999.0 -9999.0 -9999.0 -9999.0 -9999.0 -9999.0 -9999.0 -9999.0 -9999.0 -9999.0 -9999.0 -9999.0 -9999.0 -9999.0 -9999.0 -9999.0 -9999.0 -9999.0 -9999.0 -9999.0 -9999.0 -9999.0 -9999.0 -9999.0 -9999.0 -9999.0
-9999.0 -9999.0 -9999.0 -9999.0 -9999.0 -9999.0 -9999.0 -9999.0 -9999.0 -9999.0 -9999.0 -9999.0 -9999.0 -9999.0 -9999.0 -9999.0 -9999.0 -9999.0 -9999.0 -9999.0 -9999.0 -9999.0 -9999.0 -9999.0 -9999.0 -9999.0 -9999.0 -9999.0 -9999.0 -9999.0 -9999.0 -9999.0 -9999.0 -9999.0 -9999.0 -9999.0 -9999.0 -9999.0 -9999.0 -9999.0 -9999.0 -9999.0 -9999.0 -9999.0 -9999.0 -9999.0 -9999.0 -9999.0 -9999.0 -9999.0 -9999.0 -9999.0 -9999.0 -9999.0 -9999.0 -9999.0 -9999.0 -9999.0 -9999.0 -9999.0 -9999.0 -9999.0 -9999.0 -9999.0 -9999.0 -9999.0 -9999.0 -9999.0 -9999.0 -9999.0 -9999.0 -9999.0 -9999.0 -9999.0 -9999.0 -9999.0 -9999.0 -9999.0 -9999.0 -9999.0 -9999.0 -9999.0 -9999.0 -9999.0 -9999.0 -9999.0 -9999.0 -9999.0 -9999.0 -9999.0 -9999.0 -9999.0 -9999.0 -9999.0 -9999.0 -9999.0 -9999.0 -9999.0 -9999.0 -9999.0 -9999.0 -9999.0 -9999.0 -9999.0