tests/3D/hillslope01/output-maps-SE27XX/psiliqL0052N0001.asc
ncols         104
nrows         10
xllcorner     -2.000000
yllcorner     0.000000
cellsize      1.000000
NODATA_value  -9999.0
-9999.0 -9999.0 -9999.0 -9999.0 -9999.0 -9999.0 -9999.0 -9999.0 -9999.0 -9999.0 -9999.0 -9999.0 -9999.0 -9999.0 -9999.0 -9999.0 -9999.0 -9999.0 -9999.0 -9999.0 -9999.0 -9999.0 -9999.0 -9999.0 -9999.0 -9999.0 -9999.0 -9999.0 -9999.0 -9999.0 -9999.0 -9999.0 -9999.0 -9999.0 -9999.0 -9999.0 -9999.0 -9999.0 -9999.0 -9999.0 -9999.0 -9999.0 -9999.0 -9999.0 -9999.0 -9999.0 -9999.0 -9999.0 -9999.0 -9999.0 -9999.0 -9999.0 -9999.0 -9999.0 -9999.0 -9999.0 -9999.0 -9999.0 -9999.0 -9999.0 -9999.0 -9999.0 -9999.0 -9999.0 -9999.0 -9999.0 -9999.0 -9999.0 -9999.0 -9999.0 -9999.0 -9999.0 -9999.0 -9999.0 -9999.0 -9999.0 -9999.0 -9999.0 -9999.0 -9999.0 -9999.0 -9999.0 -9999.0 -9999.0 -9999.0 -9999.0 -9999.0 -9999.0 -9999.0 -9999.0 -9999.0 -9999.0 -9999.0 -9999.0 -9999.0 -9999.0 -9999.0 -9999.0 -9999.0 -9999.0 -9999.0 -9999.0 -9999.0 -9999.0
-9999.0 -9999.0 -9999.0 -9999.0 -9999.0 -9999.0 -9999.0 -9999.0 -9999.0 -9999.0 -9999.0 -9999.0 -9999.0 -9999.0 -9999.0 -9999.0 -9999.0 -9999.0 -9999.0 -9999.0 -9999.0 -9999.0 -9999.0 -9999.0 -9999.0 -9999.0 -9999.0 -9999.0 -9999.0 -9999.0 -9999.0 -9999.0 -9999.0 -9999.0 -9999.0 -9999.0 -9999.0 -9999.0 -9999.0 -9999.0 -9999.0 -9999.0 -9999.0 -9999.0 -9999.0 -9999.0 -9999.0 -9999.0 -9999.0 -9999.0 -9999.0 -9999.0 -9999.0 -9999.0 -9999.0 -9999.0 -9999.0 -9999.0 -9999.0 -9999.0 -9999.0 -9999.0 -9999.0 -9999.0 -9999.0 -9999.0 -9999.0 -9999.0 -9999.0 -9999.0 -9999.0 -9999.0 -9999.0 -9999.0 -9999.0 -9999.0 -9999.0 -9999.0 -9999.0 -9999.0 -9999.0 -9999.0 -9999.0 -9999.0 -9999.0 -9999.0 -9999.0 -9999.0 -9999.0 -9999.0 -9999.0 -9999.0 -9999.0 -9999.0 -9999.0 -9999.0 -9999.0 -9999.0 -9999.0 -9999.0 -9999.0 -9999.0 -9999.0 -9999.0
-9999.0 -9999.0 785.145921 697.506413 621.124604 554.228669 496.238865 445.816306 402.355455 364.769625 332.310993 304.482756 280.600647 260.326417 243.091583 228.353556 215.637407 204.713389 195.553137 187.841727 181.367253 175.937999 171.388826 167.579670 164.392344 161.727284 159.500641 157.641798 156.091286 154.799037 153.722916 152.827486 152.082964 151.464342 150.950636 150.524250 150.170445 149.876875 149.633203 149.430773 149.262329 149.121783 149.004007 148.904665 148.820067 148.747031 148.682769 148.624772 148.570659 148.517879 148.463612 148.407297 148.347412 148.282172 148.209573 148.127384 148.033088 147.923812 147.796256 147.646601 147.470408 147.262497 147.016817 146.726283 146.382599 145.976048 145.495246 144.926870 144.255327 143.462384 142.526730 141.423479 140.123575 138.593115 136.792544 134.675712 132.188751 129.268746 125.842128 121.822734 117.109385 111.582518 105.097427 97.455576 88.477275 78.558914 67.313369 54.419543 39.493553 22.063185 1.520485 -22.156638 -47.413123 -75.793455 -107.840268 -140.102331 -173.172405 -204.448224 -232.902132 -257.135313 -277.278896 -295.684632 -9999.0 -9999.0
-9999.0 -9999.0 785.145921 697.506413 621.124604 554.228669 496.238865 445.816306 402.355455 364.769625 332.310993 304.482756 280.600647 260.326417 243.091583 228.353556 215.637407 204.713389 195.553137 187.841727 181.367253 175.937999 171.388826 167.579670 164.392344 161.727284 159.500641 157.641798 156.091286 154.799037 153.722916 152.827486 152.082964 151.464342 150.950636 150.524250 150.170445 149.876875 149.633203 149.430773 149.262329 149.121783 149.004007 148.904665 148.820067 148.747031 148.682769 148.624772 148.570659 148.517879 148.463612 148.407297 148.347412 148.282172 148.209573 148.127384 148.033088 147.923812 147.796256 147.646601 147.470408 147.262497 147.016817 146.726283 146.382599 145.976048 145.495246 144.926870 144.255327 143.462384 142.526730 141.423479 140.123575 138.593115 136.792544 134.675712 132.188751 129.268746 125.842128 121.822734 117.109385 111.582518 105.097427 97.455576 88.477275 78.558914 67.313369 54.419543 39.493553 22.063185 1.520485 -22.156638 -47.413123 -75.793455 -107.840268 -140.102331 -173.172405 -204.448224 -232.902132 -257.135313 -277.278896 -295.684632 -9999.0 -9999.0
-9999.0 -9999.0 785.145921 697.506413 621.124604 554.228669 496.238865 445.816306 402.355455 364.769625 332.310993 304.482756 280.600647 260.326417 243.091583 228.353556 215.637407 204.713389 195.553137 187.841727 181.367253 175.937999 171.388826 167.579670 164.392344 161.727284 159.500641 157.641798 156.091286 154.799037 153.722916 152.827486 152.082964 151.464342 150.950636 150.524250 150.170445 149.876875 149.633203 149.430773 149.262329 149.121783 149.004007 148.904665 148.820067 148.747031 148.682769 148.624772 148.570659 148.517879 148.463612 148.407297 148.347412 148.282172 148.209572 148.127384 148.033088 147.923812 147.796256 147.646601 147.470408 147.262497 147.016817 146.726283 146.382599 145.976048 145.495246 144.926870 144.255327 143.462384 142.526730 141.423479 140.123575 138.593115 136.792544 134.675712 132.188751 129.268746 125.842128 121.822734 117.109385 111.582518 105.097427 97.455576 88.477275 78.558914 67.313369 54.419543 39.493553 22.063185 1.520485 -22.156638 -47.413123 -75.793455 -107.840268 -140.102331 -173.172405 -204.448224 -232.902132 -257.135313 -277.278896 -295.684632 -9999.0 -9999.0
-9999.0 -9999.0 785.145921 697.506413 621.124604 554.228669 496.238865 445.816306 402.355455 364.769625 332.310993 304.482756 280.600647 260.326417 243.091583 228.353556 215.637407 204.713389 195.553137 187.841727 181.367253 175.937999 171.388826 167.579670 164.392344 161.727284 159.500641 157.641798 156.091286 154.799037 153.722916 152.827486 152.082964 151.464342 150.950636 150.524250 150.170445 149.876875 149.633203 149.430773 149.262329 149.121783 149.004007 148.904665 148.820067 148.747030 148.682769 148.624772 148.570659 148.517879 148.463612 148.407297 148.347412 148.282172 148.209573 148.127384 148.033088 147.923812 147.796256 147.646601 147.470408 147.262497 147.016817 146.726283 146.382599 145.976048 145.495246 144.926870 144.255327 143.462384 142.526730 141.423479 140.123575 138.593115 136.792544 134.675712 132.188751 129.268746 125.842128 121.822734 117.109385 111.582518 105.097427 97.455576 88.477275 78.558914 67.313369 54.419543 39.493553 22.063185 1.520485 -22.156638 -47.413123 -75.793455 -107.840268 -140.102331 -173.172405 -204.448224 -232.902132 -257.135313 -277.278896 -295.684632 -9999.0 -9999.0
-9999.0 -9999.0 785.145921 697.506413 621.124604 554.228669 496.238865 445.816306 402.355455 364.769625 332.310993 304.482756 280.600647 260.326417 243.091583 228.353556 215.637407 204.713389 195.553137 187.841727 181.367253 175.937999 171.388826 167.579670 164.392344 161.727284 159.500641 157.641798 156.091286 154.799037 153.722916 152.827486 152.082964 151.464342 150.950636 150.524250 150.170445 149.876875 149.633203 149.430773 149.262329 149.121783 149.004007 148.904665 148.820067 148.747031 148.682769 148.624772 148.570659 148.517879 148.463612 148.407297 148.347412 148.282172 148.209573 148.127384 148.033088 147.923812 147.796256 147.646601 147.470408 147.262497 147.016817 146.726283 146.382599 145.976048 145.495246 144.926870 144.255327 143.462384 142.526730 141.423479 140.123575 138.593115 136.792544 134.675712 132.188751 129.268746 125.842128 121.822734 117.109385 111.582518 105.097427 97.455576 88.477275 78.558914 67.313369 54.419543 39.493553 22.063185 1.520485 -22.156638 -47.413123 -75.793455 -107.840268 -140.102331 -173.172405 -204.448224 -232.902132 -257.135313 -277.278896 -295.684632 -9999.0 -9999.0
-9999.0 -9999.0 785.145921 697.506413 621.124604 554.228669 496.238865 445.816306 402.355455 364.769625 332.310993 304.482756 280.600647 260.326417 243.091583 228.353556 215.637407 204.713389 195.553137 187.841727 181.367253 175.937999 171.388826 167.579670 164.392344 161.727284 159.500641 157.641798 156.091286 154.799037 153.722916 152.827486 152.082964 151.464342 150.950636 150.524250 150.170445 149.876875 149.633203 149.430773 149.262329 149.121783 149.004007 148.904665 148.820067 148.747031 148.682769 148.624772 148.570659 148.517879 148.463612 148.407297 148.347412 148.282172 148.209573 148.127384 148.033088 147.923812 147.796256 147.646601 147.470408 147.262497 147.016817 146.726283 146.382599 145.976048 145.495246 144.926870 144.255327 143.462384 142.526730 141.423479 140.123575 138.593115 136.792544 134.675712 132.188751 129.268746 125.842128 121.822734 117.109385 111.582518 105.097427 97.455576 88.477275 78.558914 67.313369 54.419543 39.493553 22.063185 1.520485 -22.156638 -47.413123 -75.793455 -107.840268 -140.102331 -173.172405 -204.448224 -232.902132 -257.135313 -277.278896 -295.684632 -9999.0 -9999.0
-9999.0 -9999.0 -9999.0 -9999.0 -9999.0 -9999.0 -9999.0 -9999.0 -9999.0 -9999.0 -9999.0 -9999.0 -9999.0 -9999.0 -9999.0 -9999.0 -9999.0 -9999.0 -9999.0 -9999.0 -9999.0 -9999.0 -9999.0 -9999.0 -9999.0 -9999.0 -9999.0 -9999.0 -9999.0 -9999.0 -9999.0 -9999.0 -9999.0 -9999.0 -9999.0 -9999.0 -9999.0 -9999.0 -9999.0 -9999.0 -9999.0 -9999.0 -9999.0 -9999.0 -9999.0 -9999.0 -9999.0 -9999.0 -9999.0 -9999.0 -9999.0 -9999.0 -9999.0 -9999.0 -9999.0 -9999.0 -9999.0 -9999.0 -9999.0 -9999.0 -9999.0 -9999.0 -9999.0 -9999.0 -9999.0 -9999.0 -9999.0 -9999.0 -9999.0 -9999.0 -9999.0 -9999.0 -9999.0 -9999.0 -9999.0 -9999.0 -9999.0 -9999.0 -9999.0 -9999.0 -9999.0 -9999.0 -9999.0 -9999.0 -9999.0 -9999.0 -9999.0 -9999.0 -9999.0 -9999.0 -9999.0 -9999.0 -9999.0 -9999.0 -9999.0 -9999.0 -9999.0 -9999.0 -9999.0 -9999.0 -9999.0 -9999.0 -9999.0 -9999.0
-9999.0 -9999.0 -9999.0 -9999.0 -9999.0 -9999.0 -9999.0 -9999.0 -9999.0 -9999.0 -9999.0 -9999.0 -9999.0 -9999.0 -9999.0 -9999.0 -9999.0 -9999.0 -9999.0 -9999.0 -9999.0 -9999.0 -9999.0 -9999.0 -9999.0 -9999.0 -9999.0 -9999.0 -9999.0 -9999.0 -9999.0 -9999.0 -9999.0 -9999.0 -9999.0 -9999.0 -9999.0 -9999.0 -9999.0 -9999.0 -9999.0 -9999.0 -9999.0 -9999.0 -9999.0 -9999.0 -9999.0 -9999.0 -9999.0 -9999.0 -9999.0 -9999.0 -9999.0 -9999.0 -9999.0 -9999.0 -9999.0 -9999.0 -9999.0 -9999.0 -9999.0 -9999.0 -9999.0 -9999.0 -9999.0 -9999.0 -9999.0 -9999.0 -9999.0 -9999.0 -9999.0 -9999.0 -9999.0 -9999.0 -9999.0 -9999.0 -9999.0 -9999.0 -9999.0 -9999.0 -9999.0 -9999.0 -9999.0 -9999.0 -9999.0 -9999.0 -9999.0 -9999.0 -9999.0 -9999.0 -9999.0 -9999.0 -9999.0 -9999.0 -9999.0 -9999.0 -9999.0 -9999.0 -9999.0 -9999.0 -9999.0 -9999.0 -9999.0 -9999.0