tests/3D/hillslope01/output-maps-SE27XX/psiliqL0078N0001.asc
ncols         104
nrows         10
xllcorner     -2.000000
yllcorner     0.000000
cellsize      1.000000
NODATA_value  -9999.0
-9999.0 -9999.0 -9999.0 -9999.0 -9999.0 -9999.0 -9999.0 -9999.0 -9999.0 -9999.0 -9999.0 -9999.0 -9999.0 -9999.0 -9999.0 -9999.0 -9999.0 -9999.0 -9999.0 -9999.0 -9999.0 -9999.0 -9999.0 -9999.0 -9999.0 -9999.0 -9999.0 -9999.0 -9999.0 -9999.0 -9999.0 -9999.0 -9999.0 -9999.0 -9999.0 -9999.0 -9999.0 -9999.0 -9999.0 -9999.0 -9999.0 -9999.0 -9999.0 -9999.0 -9999.0 -9999.0 -9999.0 -9999.0 -9999.0 -9999.0 -9999.0 -9999.0 -9999.0 -9999.0 -9999.0 -9999.0 -9999.0 -9999.0 -9999.0 -9999.0 -9999.0 -9999.0 -9999.0 -9999.0 -9999.0 -9999.0 -9999.0 -9999.0 -9999.0 -9999.0 -9999.0 -9999.0 -9999.0 -9999.0 -9999.0 -9999.0 -9999.0 -9999.0 -9999.0 -9999.0 -9999.0 -9999.0 -9999.0 -9999.0 -9999.0 -9999.0 -9999.0 -9999.0 -9999.0 -9999.0 -9999.0 -9999.0 -9999.0 -9999.0 -9999.0 -9999.0 -9999.0 -9999.0 -9999.0 -9999.0 -9999.0 -9999.0 -9999.0 -9999.0
-9999.0 -9999.0 -9999.0 -9999.0 -9999.0 -9999.0 -9999.0 -9999.0 -9999.0 -9999.0 -9999.0 -9999.0 -9999.0 -9999.0 -9999.0 -9999.0 -9999.0 -9999.0 -9999.0 -9999.0 -9999.0 -9999.0 -9999.0 -9999.0 -9999.0 -9999.0 -9999.0 -9999.0 -9999.0 -9999.0 -9999.0 -9999.0 -9999.0 -9999.0 -9999.0 -9999.0 -9999.0 -9999.0 -9999.0 -9999.0 -9999.0 -9999.0 -9999.0 -9999.0 -9999.0 -9999.0 -9999.0 -9999.0 -9999.0 -9999.0 -9999.0 -9999.0 -9999.0 -9999.0 -9999.0 -9999.0 -9999.0 -9999.0 -9999.0 -9999.0 -9999.0 -9999.0 -9999.0 -9999.0 -9999.0 -9999.0 -9999.0 -9999.0 -9999.0 -9999.0 -9999.0 -9999.0 -9999.0 -9999.0 -9999.0 -9999.0 -9999.0 -9999.0 -9999.0 -9999.0 -9999.0 -9999.0 -9999.0 -9999.0 -9999.0 -9999.0 -9999.0 -9999.0 -9999.0 -9999.0 -9999.0 -9999.0 -9999.0 -9999.0 -9999.0 -9999.0 -9999.0 -9999.0 -9999.0 -9999.0 -9999.0 -9999.0 -9999.0 -9999.0
-9999.0 -9999.0 3446.735778 3356.340149 3275.261977 3203.005188 3138.965867 3082.479423 3032.866114 2989.450441 2951.587930 2918.677554 2890.160318 2865.520418 2844.278690 2825.997208 2810.288854 2796.822235 2785.312091 2775.502576 2767.164044 2760.092058 2754.106249 2749.048781 2744.782489 2741.188835 2738.165834 2735.626056 2733.494771 2731.708262 2730.212318 2728.960904 2727.914996 2727.041557 2726.312662 2725.704733 2725.197877 2724.775330 2724.422964 2724.128873 2723.883021 2723.676929 2723.503423 2723.356398 2723.230635 2723.121625 2723.025426 2722.938538 2722.857797 2722.780298 2722.703357 2722.624461 2722.541132 2722.450804 2722.350733 2722.237911 2722.108980 2721.960144 2721.787066 2721.584753 2721.347431 2721.068396 2720.739845 2720.352688 2719.896326 2719.358396 2718.724484 2717.977790 2717.098744 2716.064575 2714.848806 2713.420685 2711.744544 2709.779065 2707.476459 2704.781561 2701.630822 2697.951236 2693.659219 2688.659516 2682.844269 2676.092556 2668.270963 2659.235847 2648.835433 2636.900234 2623.212719 2607.506294 2589.473106 2568.775639 2545.062134 2517.974536 2487.114534 2451.992607 2412.089625 2366.890140 2315.789426 2258.176080 2193.371020 2120.724022 2039.533240 1949.143789 -9999.0 -9999.0
-9999.0 -9999.0 3446.735778 3356.340149 3275.261977 3203.005188 3138.965867 3082.479423 3032.866114 2989.450441 2951.587930 2918.677554 2890.160318 2865.520418 2844.278690 2825.997208 2810.288854 2796.822234 2785.312091 2775.502576 2767.164044 2760.092058 2754.106249 2749.048781 2744.782489 2741.188835 2738.165834 2735.626056 2733.494771 2731.708262 2730.212318 2728.960904 2727.914996 2727.041557 2726.312662 2725.704732 2725.197877 2724.775330 2724.422964 2724.128873 2723.883021 2723.676929 2723.503423 2723.356398 2723.230635 2723.121625 2723.025426 2722.938538 2722.857797 2722.780298 2722.703357 2722.624461 2722.541132 2722.450804 2722.350733 2722.237911 2722.108980 2721.960144 2721.787066 2721.584753 2721.347431 2721.068396 2720.739845 2720.352688 2719.896326 2719.358396 2718.724484 2717.977790 2717.098744 2716.064575 2714.848806 2713.420685 2711.744544 2709.779064 2707.476459 2704.781561 2701.630822 2697.951236 2693.659219 2688.659516 2682.844269 2676.092556 2668.270963 2659.235847 2648.835433 2636.900234 2623.212719 2607.506294 2589.473106 2568.775639 2545.062134 2517.974536 2487.114534 2451.992607 2412.089625 2366.890140 2315.789426 2258.176080 2193.371020 2120.724022 2039.533240 1949.143789 -9999.0 -9999.0
-9999.0 -9999.0 3446.735778 3356.340149 3275.261977 3203.005188 3138.965867 3082.479423 3032.866114 2989.450441 2951.587930 2918.677553 2890.160318 2865.520418 2844.278690 2825.997207 2810.288854 2796.822234 2785.312091 2775.502576 2767.164044 2760.092058 2754.106249 2749.048781 2744.782489 2741.188835 2738.165834 2735.626056 2733.494771 2731.708262 2730.212318 2728.960904 2727.914996 2727.041557 2726.312662 2725.704732 2725.197877 2724.775330 2724.422964 2724.128873 2723.883021 2723.676929 2723.503423 2723.356398 2723.230635 2723.121625 2723.025426 2722.938538 2722.857797 2722.780298 2722.703357 2722.624461 2722.541132 2722.450804 2722.350733 2722.237911 2722.108980 2721.960144 2721.787065 2721.584753 2721.347431 2721.068396 2720.739845 2720.352688 2719.896326 2719.358396 2718.724484 2717.977790 2717.098744 2716.064575 2714.848806 2713.420685 2711.744544 2709.779064 2707.476459 2704.781561 2701.630822 2697.951236 2693.659219 2688.659516 2682.844269 2676.092556 2668.270963 2659.235847 2648.835433 2636.900234 2623.212719 2607.506294 2589.473106 2568.775639 2545.062134 2517.974536 2487.114534 2451.992607 2412.089625 2366.890140 2315.789426 2258.176080 2193.371020 2120.724022 2039.533240 1949.143789 -9999.0 -9999.0
-9999.0 -9999.0 3446.735778 3356.340149 3275.261977 3203.005188 3138.965867 3082.479423 3032.866114 2989.450441 2951.587930 2918.677553 2890.160318 2865.520418 2844.278690 2825.997207 2810.288854 2796.822234 2785.312091 2775.502576 2767.164044 2760.092058 2754.106249 2749.048781 2744.782489 2741.188835 2738.165834 2735.626056 2733.494771 2731.708262 2730.212318 2728.960904 2727.914996 2727.041557 2726.312662 2725.704732 2725.197877 2724.775330 2724.422964 2724.128873 2723.883021 2723.676929 2723.503423 2723.356398 2723.230635 2723.121625 2723.025426 2722.938538 2722.857797 2722.780298 2722.703357 2722.624461 2722.541132 2722.450804 2722.350733 2722.237911 2722.108980 2721.960144 2721.787066 2721.584753 2721.347431 2721.068396 2720.739845 2720.352688 2719.896326 2719.358396 2718.724484 2717.977790 2717.098744 2716.064575 2714.848806 2713.420685 2711.744544 2709.779064 2707.476459 2704.781561 2701.630822 2697.951236 2693.659219 2688.659516 2682.844269 2676.092556 2668.270963 2659.235847 2648.835433 2636.900234 2623.212719 2607.506294 2589.473106 2568.775639 2545.062134 2517.974536 2487.114534 2451.992607 2412.089625 2366.890140 2315.789426 2258.176080 2193.371020 2120.724022 2039.533240 1949.143789 -9999.0 -9999.0
-9999.0 -9999.0 3446.735778 3356.340149 3275.261977 3203.005188 3138.965867 3082.479423 3032.866114 2989.450441 2951.587930 2918.677554 2890.160318 2865.520418 2844.278690 2825.997208 2810.288854 2796.822234 2785.312091 2775.502576 2767.164044 2760.092058 2754.106249 2749.048781 2744.782489 2741.188835 2738.165834 2735.626056 2733.494771 2731.708262 2730.212318 2728.960904 2727.914996 2727.041557 2726.312662 2725.704732 2725.197877 2724.775330 2724.422964 2724.128873 2723.883021 2723.676929 2723.503423 2723.356398 2723.230635 2723.121625 2723.025426 2722.938538 2722.857797 2722.780298 2722.703357 2722.624461 2722.541132 2722.450804 2722.350733 2722.237911 2722.108980 2721.960144 2721.787065 2721.584753 2721.347431 2721.068396 2720.739845 2720.352688 2719.896326 2719.358396 2718.724484 2717.977790 2717.098744 2716.064575 2714.848806 2713.420685 2711.744544 2709.779064 2707.476459 2704.781561 2701.630822 2697.951236 2693.659219 2688.659516 2682.844269 2676.092556 2668.270963 2659.235847 2648.835433 2636.900234 2623.212719 2607.506294 2589.473106 2568.775639 2545.062134 2517.974536 2487.114534 2451.992607 2412.089625 2366.890140 2315.789426 2258.176080 2193.371020 2120.724022 2039.533240 1949.143789 -9999.0 -9999.0
-9999.0 -9999.0 3446.735778 3356.340149 3275.261977 3203.005188 3138.965867 3082.479423 3032.866114 2989.450441 2951.587930 2918.677554 2890.160318 2865.520418 2844.278690 2825.997208 2810.288854 2796.822235 2785.312091 2775.502576 2767.164044 2760.092058 2754.106249 2749.048781 2744.782489 2741.188835 2738.165834 2735.626056 2733.494771 2731.708262 2730.212318 2728.960904 2727.914996 2727.041557 2726.312662 2725.704733 2725.197877 2724.775330 2724.422964 2724.128873 2723.883021 2723.676929 2723.503423 2723.356398 2723.230635 2723.121625 2723.025426 2722.938538 2722.857797 2722.780298 2722.703357 2722.624461 2722.541132 2722.450804 2722.350733 2722.237911 2722.108980 2721.960144 2721.787066 2721.584753 2721.347431 2721.068396 2720.739845 2720.352688 2719.896326 2719.358396 2718.724484 2717.977790 2717.098744 2716.064575 2714.848806 2713.420685 2711.744544 2709.779064 2707.476459 2704.781561 2701.630822 2697.951236 2693.659219 2688.659516 2682.844269 2676.092556 2668.270963 2659.235847 2648.835434 2636.900234 2623.212719 2607.506294 2589.473106 2568.775639 2545.062134 2517.974536 2487.114534 2451.992607 2412.089625 2366.890140 2315.789426 2258.176080 2193.371020 2120.724022 2039.533240 1949.143789 -9999.0 -9999.0
-9999.0 -9999.0 -9999.0 -9999.0 -9999.0 -9999.0 -9999.0 -9999.0 -9999.0 -9999.0 -9999.0 -9999.0 -9999.0 -9999.0 -9999.0 -9999.0 -9999.0 -9999.0 -9999.0 -9999.0 -9999.0 -9999.0 -9999.0 -9999.0 -9999.0 -9999.0 -9999.0 -9999.0 -9999.0 -9999.0 -9999.0 -9999.0 -9999.0 -9999.0 -9999.0 -9999.0 -9999.0 -9999.0 -9999.0 -9999.0 -9999.0 -9999.0 -9999.0 -9999.0 -9999.0 -9999.0 -9999.0 -9999.0 -9999.0 -9999.0 -9999.0 -9999.0 -9999.0 -9999.0 -9999.0 -9999.0 -9999.0 -9999.0 -9999.0 -9999.0 -9999.0 -9999.0 -9999.0 -9999.0 -9999.0 -9999.0 -9999.0 -9999.0 -9999.0 -9999.0 -9999.0 -9999.0 -9999.0 -9999.0 -9999.0 -9999.0 -9999.0 -9999.0 -9999.0 -9999.0 -9999.0 -9999.0 -9999.0 -9999.0 -9999.0 -9999.0 -9999.0 -9999.0 -9999.0 -9999.0 -9999.0 -9999.0 -9999.0 -9999.0 -9999.0 -9999.0 -9999.0 -9999.0 -9999.0 -9999.0 -9999.0 -9999.0 -9999.0 -9999.0
-9999.0 -9999.0 -9999.0 -9999.0 -9999.0 -9999.0 -9999.0 -9999.0 -9999.0 -9999.0 -9999.0 -9999.0 -9999.0 -9999.0 -9999.0 -9999.0 -9999.0 -9999.0 -9999.0 -9999.0 -9999.0 -9999.0 -9999.0 -9999.0 -9999.0 -9999.0 -9999.0 -9999.0 -9999.0 -9999.0 -9999.0 -9999.0 -9999.0 -9999.0 -9999.0 -9999.0 -9999.0 -9999.0 -9999.0 -9999.0 -9999.0 -9999.0 -9999.0 -9999.0 -9999.0 -9999.0 -9999.0 -9999.0 -9999.0 -9999.0 -9999.0 -9999.0 -9999.0 -9999.0 -9999.0 -9999.0 -9999.0 -9999.0 -9999.0 -9999.0 -9999.0 -9999.0 -9999.0 -9999.0 -9999.0 -9999.0 -9999.0 -9999.0 -9999.0 -9999.0 -9999.0 -9999.0 -9999.0 -9999.0 -9999.0 -9999.0 -9999.0 -9999.0 -9999.0 -9999.0 -9999.0 -9999.0 -9999.0 -9999.0 -9999.0 -9999.0 -9999.0 -9999.0 -9999.0 -9999.0 -9999.0 -9999.0 -9999.0 -9999.0 -9999.0 -9999.0 -9999.0 -9999.0 -9999.0 -9999.0 -9999.0 -9999.0 -9999.0 -9999.0