tests/3D/hillslope01/output-maps-SE27XX/thetaliqL0046N0001.asc
ncols         104
nrows         10
xllcorner     -2.000000
yllcorner     0.000000
cellsize      1.000000
NODATA_value  -9999.0
-9999.0 -9999.0 -9999.0 -9999.0 -9999.0 -9999.0 -9999.0 -9999.0 -9999.0 -9999.0 -9999.0 -9999.0 -9999.0 -9999.0 -9999.0 -9999.0 -9999.0 -9999.0 -9999.0 -9999.0 -9999.0 -9999.0 -9999.0 -9999.0 -9999.0 -9999.0 -9999.0 -9999.0 -9999.0 -9999.0 -9999.0 -9999.0 -9999.0 -9999.0 -9999.0 -9999.0 -9999.0 -9999.0 -9999.0 -9999.0 -9999.0 -9999.0 -9999.0 -9999.0 -9999.0 -9999.0 -9999.0 -9999.0 -9999.0 -9999.0 -9999.0 -9999.0 -9999.0 -9999.0 -9999.0 -9999.0 -9999.0 -9999.0 -9999.0 -9999.0 -9999.0 -9999.0 -9999.0 -9999.0 -9999.0 -9999.0 -9999.0 -9999.0 -9999.0 -9999.0 -9999.0 -9999.0 -9999.0 -9999.0 -9999.0 -9999.0 -9999.0 -9999.0 -9999.0 -9999.0 -9999.0 -9999.0 -9999.0 -9999.0 -9999.0 -9999.0 -9999.0 -9999.0 -9999.0 -9999.0 -9999.0 -9999.0 -9999.0 -9999.0 -9999.0 -9999.0 -9999.0 -9999.0 -9999.0 -9999.0 -9999.0 -9999.0 -9999.0 -9999.0
-9999.0 -9999.0 -9999.0 -9999.0 -9999.0 -9999.0 -9999.0 -9999.0 -9999.0 -9999.0 -9999.0 -9999.0 -9999.0 -9999.0 -9999.0 -9999.0 -9999.0 -9999.0 -9999.0 -9999.0 -9999.0 -9999.0 -9999.0 -9999.0 -9999.0 -9999.0 -9999.0 -9999.0 -9999.0 -9999.0 -9999.0 -9999.0 -9999.0 -9999.0 -9999.0 -9999.0 -9999.0 -9999.0 -9999.0 -9999.0 -9999.0 -9999.0 -9999.0 -9999.0 -9999.0 -9999.0 -9999.0 -9999.0 -9999.0 -9999.0 -9999.0 -9999.0 -9999.0 -9999.0 -9999.0 -9999.0 -9999.0 -9999.0 -9999.0 -9999.0 -9999.0 -9999.0 -9999.0 -9999.0 -9999.0 -9999.0 -9999.0 -9999.0 -9999.0 -9999.0 -9999.0 -9999.0 -9999.0 -9999.0 -9999.0 -9999.0 -9999.0 -9999.0 -9999.0 -9999.0 -9999.0 -9999.0 -9999.0 -9999.0 -9999.0 -9999.0 -9999.0 -9999.0 -9999.0 -9999.0 -9999.0 -9999.0 -9999.0 -9999.0 -9999.0 -9999.0 -9999.0 -9999.0 -9999.0 -9999.0 -9999.0 -9999.0 -9999.0 -9999.0
-9999.0 -9999.0 0.100000 0.100000 0.100000 0.094527 0.084378 0.075198 0.068089 0.062848 0.059045 0.056274 0.054265 0.052802 0.051717 0.050897 0.050273 0.049796 0.049431 0.049148 0.048927 0.048753 0.048614 0.048503 0.048415 0.048343 0.048285 0.048238 0.048199 0.048168 0.048143 0.048122 0.048105 0.048091 0.048080 0.048070 0.048063 0.048057 0.048051 0.048047 0.048044 0.048041 0.048039 0.048037 0.048035 0.048034 0.048032 0.048031 0.048030 0.048029 0.048029 0.048029 0.048028 0.048028 0.048028 0.048027 0.048027 0.048026 0.048026 0.048025 0.048024 0.048023 0.048022 0.048020 0.048019 0.048017 0.048014 0.048011 0.048007 0.048003 0.047997 0.047991 0.047983 0.047974 0.047963 0.047950 0.047934 0.047916 0.047894 0.047869 0.047839 0.047804 0.047763 0.047716 0.047661 0.047599 0.047529 0.047450 0.047364 0.047269 0.047167 0.047057 0.046942 0.046821 0.046698 0.046574 0.046451 0.046330 0.046213 0.046101 0.045987 0.045789 -9999.0 -9999.0
-9999.0 -9999.0 0.100000 0.100000 0.100000 0.094527 0.084378 0.075198 0.068089 0.062848 0.059045 0.056274 0.054265 0.052802 0.051717 0.050897 0.050273 0.049796 0.049431 0.049148 0.048927 0.048753 0.048614 0.048503 0.048415 0.048343 0.048285 0.048238 0.048199 0.048168 0.048143 0.048122 0.048105 0.048091 0.048080 0.048070 0.048063 0.048057 0.048051 0.048047 0.048044 0.048041 0.048039 0.048037 0.048035 0.048034 0.048032 0.048031 0.048030 0.048029 0.048029 0.048029 0.048028 0.048028 0.048028 0.048027 0.048027 0.048026 0.048026 0.048025 0.048024 0.048023 0.048022 0.048020 0.048019 0.048017 0.048014 0.048011 0.048007 0.048003 0.047997 0.047991 0.047983 0.047974 0.047963 0.047950 0.047934 0.047916 0.047894 0.047869 0.047839 0.047804 0.047763 0.047716 0.047661 0.047599 0.047529 0.047450 0.047364 0.047269 0.047167 0.047057 0.046942 0.046821 0.046698 0.046574 0.046451 0.046330 0.046213 0.046101 0.045987 0.045789 -9999.0 -9999.0
-9999.0 -9999.0 0.100000 0.100000 0.100000 0.094527 0.084378 0.075198 0.068089 0.062848 0.059045 0.056274 0.054265 0.052802 0.051717 0.050897 0.050273 0.049796 0.049431 0.049148 0.048927 0.048753 0.048614 0.048503 0.048415 0.048343 0.048285 0.048238 0.048199 0.048168 0.048143 0.048122 0.048105 0.048091 0.048080 0.048070 0.048063 0.048057 0.048051 0.048047 0.048044 0.048041 0.048039 0.048037 0.048035 0.048034 0.048032 0.048031 0.048030 0.048029 0.048029 0.048029 0.048028 0.048028 0.048028 0.048027 0.048027 0.048026 0.048026 0.048025 0.048024 0.048023 0.048022 0.048020 0.048019 0.048017 0.048014 0.048011 0.048007 0.048003 0.047997 0.047991 0.047983 0.047974 0.047963 0.047950 0.047934 0.047916 0.047894 0.047869 0.047839 0.047804 0.047763 0.047716 0.047661 0.047599 0.047529 0.047450 0.047364 0.047269 0.047167 0.047057 0.046942 0.046821 0.046698 0.046574 0.046451 0.046330 0.046213 0.046101 0.045987 0.045789 -9999.0 -9999.0
-9999.0 -9999.0 0.100000 0.100000 0.100000 0.094527 0.084378 0.075198 0.068089 0.062848 0.059045 0.056274 0.054265 0.052802 0.051717 0.050897 0.050273 0.049796 0.049431 0.049148 0.048927 0.048753 0.048614 0.048503 0.048415 0.048343 0.048285 0.048238 0.048199 0.048168 0.048143 0.048122 0.048105 0.048091 0.048080 0.048070 0.048063 0.048057 0.048051 0.048047 0.048044 0.048041 0.048039 0.048037 0.048035 0.048034 0.048032 0.048031 0.048030 0.048029 0.048029 0.048029 0.048028 0.048028 0.048028 0.048027 0.048027 0.048026 0.048026 0.048025 0.048024 0.048023 0.048022 0.048020 0.048019 0.048017 0.048014 0.048011 0.048007 0.048003 0.047997 0.047991 0.047983 0.047974 0.047963 0.047950 0.047934 0.047916 0.047894 0.047869 0.047839 0.047804 0.047763 0.047716 0.047661 0.047599 0.047529 0.047450 0.047364 0.047269 0.047167 0.047057 0.046942 0.046821 0.046698 0.046574 0.046451 0.046330 0.046213 0.046101 0.045987 0.045789 -9999.0 -9999.0
-9999.0 -9999.0 0.100000 0.100000 0.100000 0.094527 0.084378 0.075198 0.068089 0.062848 0.059045 0.056274 0.054265 0.052802 0.051717 0.050897 0.050273 0.049796 0.049431 0.049148 0.048927 0.048753 0.048614 0.048503 0.048415 0.048343 0.048285 0.048238 0.048199 0.048168 0.048143 0.048122 0.048105 0.048091 0.048080 0.048070 0.048063 0.048057 0.048051 0.048047 0.048044 0.048041 0.048039 0.048037 0.048035 0.048034 0.048032 0.048031 0.048030 0.048029 0.048029 0.048029 0.048028 0.048028 0.048028 0.048027 0.048027 0.048026 0.048026 0.048025 0.048024 0.048023 0.048022 0.048020 0.048019 0.048017 0.048014 0.048011 0.048007 0.048003 0.047997 0.047991 0.047983 0.047974 0.047963 0.047950 0.047934 0.047916 0.047894 0.047869 0.047839 0.047804 0.047763 0.047716 0.047661 0.047599 0.047529 0.047450 0.047364 0.047269 0.047167 0.047057 0.046942 0.046821 0.046698 0.046574 0.046451 0.046330 0.046213 0.046101 0.045987 0.045789 -9999.0 -9999.0
-9999.0 -9999.0 0.100000 0.100000 0.100000 0.094527 0.084378 0.075198 0.068089 0.062848 0.059045 0.056274 0.054265 0.052802 0.051717 0.050897 0.050273 0.049796 0.049431 0.049148 0.048927 0.048753 0.048614 0.048503 0.048415 0.048343 0.048285 0.048238 0.048199 0.048168 0.048143 0.048122 0.048105 0.048091 0.048080 0.048070 0.048063 0.048057 0.048051 0.048047 0.048044 0.048041 0.048039 0.048037 0.048035 0.048034 0.048032 0.048031 0.048030 0.048029 0.048029 0.048029 0.048028 0.048028 0.048028 0.048027 0.048027 0.048026 0.048026 0.048025 0.048024 0.048023 0.048022 0.048020 0.048019 0.048017 0.048014 0.048011 0.048007 0.048003 0.047997 0.047991 0.047983 0.047974 0.047963 0.047950 0.047934 0.047916 0.047894 0.047869 0.047839 0.047804 0.047763 0.047716 0.047661 0.047599 0.047529 0.047450 0.047364 0.047269 0.047167 0.047057 0.046942 0.046821 0.046698 0.046574 0.046451 0.046330 0.046213 0.046101 0.045987 0.045789 -9999.0 -9999.0
-9999.0 -9999.0 -9999.0 -9999.0 -9999.0 -9999.0 -9999.0 -9999.0 -9999.0 -9999.0 -9999.0 -9999.0 -9999.0 -9999.0 -9999.0 -9999.0 -9999.0 -9999.0 -9999.0 -9999.0 -9999.0 -9999.0 -9999.0 -9999.0 -9999.0 -9999.0 -9999.0 -9999.0 -9999.0 -9999.0 -9999.0 -9999.0 -9999.0 -9999.0 -9999.0 -9999.0 -9999.0 -9999.0 -9999.0 -9999.0 -9999.0 -9999.0 -9999.0 -9999.0 -9999.0 -9999.0 -9999.0 -9999.0 -9999.0 -9999.0 -9999.0 -9999.0 -9999.0 -9999.0 -9999.0 -9999.0 -9999.0 -9999.0 -9999.0 -9999.0 -9999.0 -9999.0 -9999.0 -9999.0 -9999.0 -9999.0 -9999.0 -9999.0 -9999.0 -9999.0 -9999.0 -9999.0 -9999.0 -9999.0 -9999.0 -9999.0 -9999.0 -9999.0 -9999.0 -9999.0 -9999.0 -9999.0 -9999.0 -9999.0 -9999.0 -9999.0 -9999.0 -9999.0 -9999.0 -9999.0 -9999.0 -9999.0 -9999.0 -9999.0 -9999.0 -9999.0 -9999.0 -9999.0 -9999.0 -9999.0 -9999.0 -9999.0 -9999.0 -9999.0
-9999.0 -9999.0 -9999.0 -9999.0 -9999.0 -9999.0 -9999.0 -9999.0 -9999.0 -9999.0 -9999.0 -9999.0 -9999.0 -9999.0 -9999.0 -9999.0 -9999.0 -9999.0 -9999.0 -9999.0 -9999.0 -9999.0 -9999.0 -9999.0 -9999.0 -9999.0 -9999.0 -9999.0 -9999.0 -9999.0 -9999.0 -9999.0 -9999.0 -9999.0 -9999.0 -9999.0 -9999.0 -9999.0 -9999.0 -9999.0 -9999.0 -9999.0 -9999.0 -9999.0 -9999.0 -9999.0 -9999.0 -9999.0 -9999.0 -9999.0 -9999.0 -9999.0 -9999.0 -9999.0 -9999.0 -9999.0 -9999.0 -9999.0 -9999.0 -9999.0 -9999.0 -9999.0 -9999.0 -9999.0 -9999.0 -9999.0 -9999.0 -9999.0 -9999.0 -9999.0 -9999.0 -9999.0 -9999.0 -9999.0 -9999.0 -9999.0 -9999.0 -9999.0 -9999.0 -9999.0 -9999.0 -9999.0 -9999.0 -9999.0 -9999.0 -9999.0 -9999.0 -9999.0 -9999.0 -9999.0 -9999.0 -9999.0 -9999.0 -9999.0 -9999.0 -9999.0 -9999.0 -9999.0 -9999.0 -9999.0 -9999.0 -9999.0 -9999.0 -9999.0