tests/3D/PSQL_test/rec-SE27XX/SnowIceContent0000L0001.old.asc
ncols         295
nrows         180
xllcorner     627200.000000
yllcorner     5109000.000000
cellsize      200.000000
NODATA_value  -9999.0
[rows 130 to 155 of 180, columns 180 to 239 of 295]
4.168945 4.481285 4.844987 5.222748 5.386204 5.657706 5.916564 6.221435 6.465125 6.792448 7.101537 8.100547 10.863179 13.477159 15.518132 14.563974 14.688306 14.812957 14.846332 14.840720 14.787403 14.764550 14.851826 14.862342 14.817220 14.855211 14.862683 14.906735 14.940466 14.959300 14.948619 14.922647 14.943903 14.978785 14.977132 14.976754 14.973487 14.965683 14.959300 14.944462 14.963463 14.950542 14.965395 14.954278 14.926613 14.899382 14.842587 14.887580 14.905615 14.937916 14.909355 14.862499 14.843988 14.758541 14.740638 14.846790 14.904113 14.914324 15.537220 14.882542
3.881896 4.188982 4.604301 5.010046 5.132775 5.397064 5.648977 5.946885 6.169468 6.538072 9.199513 11.664338 9.857527 15.633574 14.629222 14.522318 14.553306 14.658104 14.808396 14.806728 14.815282 14.817454 14.804673 14.798913 14.856126 14.899259 14.867789 14.886579 14.910665 14.927171 14.943175 14.933126 14.960922 14.953739 14.978725 14.975924 14.970090 14.964870 14.956209 14.953895 14.960085 14.959796 14.973441 14.979845 14.954671 14.921446 14.879923 14.826453 14.865771 14.878416 14.881545 14.858803 14.766807 16.424799 14.871696 14.896899 14.916136 14.927366 14.951281 14.957839
3.590306 3.890656 4.298919 4.638076 4.788998 5.190967 5.318190 5.605739 6.125989 7.634995 11.372841 12.434317 14.637606 15.240246 14.487286 14.535477 14.591437 14.669601 14.781437 14.802279 14.808063 14.765766 14.774218 14.852597 14.871701 14.894123 14.892211 14.896758 14.913470 14.904986 14.929673 14.959725 14.960315 14.960240 14.972979 14.973600 14.964420 14.953208 14.954323 14.954796 14.956994 14.956674 14.956567 14.987668 14.990954 14.931635 14.904381 14.885465 14.772196 14.828135 14.841700 14.853314 15.541135 14.864917 14.881986 14.878050 14.872724 14.880090 14.922054 14.948640
3.290990 3.589000 3.990647 4.263232 4.585803 4.836874 5.074949 5.895399 7.020359 10.195320 11.928606 13.755655 14.787051 14.487509 14.493401 14.536996 14.708822 14.741862 14.785941 14.740889 14.731074 14.733610 14.798202 14.854759 14.890245 14.890266 14.899156 14.874482 14.903496 14.901182 14.941161 14.941050 14.960488 14.960844 14.956656 14.937734 14.958817 14.960875 14.928988 14.955551 14.952515 14.964932 14.962701 14.977991 14.972688 14.944774 14.934024 14.952350 14.913682 14.814730 14.820223 14.827393 14.655860 14.857063 14.868254 14.865227 14.861548 14.869882 14.918844 14.964498
2.959838 3.279471 3.620382 3.945963 4.260193 4.564580 4.789134 6.377708 7.174619 9.167999 12.134110 13.933231 16.106508 14.432812 14.462554 14.568834 14.689089 14.722569 14.702651 14.691099 14.688085 14.732370 14.816476 14.853015 14.881294 14.877256 14.887441 14.902708 14.913774 14.886986 14.922398 14.949293 14.965189 14.962234 14.961861 14.949961 14.948024 14.937555 14.914110 14.965514 14.960536 14.954391 14.962868 14.935237 14.947197 14.945498 14.940336 14.941478 14.935743 14.860190 14.814142 14.851313 14.915097 14.846986 14.819531 14.850676 14.858088 14.904744 14.927756 14.949306
2.656812 2.939422 3.365159 3.623592 3.993636 4.349862 4.513117 6.081581 6.313790 9.074901 10.885158 13.758218 16.110433 14.504486 14.433805 14.508216 14.595044 14.623844 14.616772 14.624862 14.675940 14.742712 14.844874 14.847391 14.851300 14.859578 14.874554 14.908840 14.902517 14.902117 14.876480 14.967196 14.980734 14.957521 14.957646 14.951317 14.956551 14.965125 14.864867 14.957906 14.963774 14.924168 14.947248 14.940495 14.933687 14.945732 14.953782 14.966664 14.944804 14.876233 14.838402 14.795969 15.174470 14.829336 14.730846 14.818597 14.868329 14.911025 14.937323 14.956593
2.353202 2.628229 2.953992 3.302094 3.603201 4.073123 4.114286 4.612966 5.579766 8.017428 11.857883 13.771288 16.045408 14.561114 14.523383 14.525130 14.550271 14.582886 14.611531 14.656647 14.695319 14.815001 14.899974 14.859803 14.881955 14.898680 14.903692 14.898269 14.904035 14.906386 14.875318 14.886163 14.973197 14.990837 14.967495 14.954505 14.949986 14.967079 14.907050 14.880047 14.936207 14.914288 14.949258 14.954710 14.935345 14.963819 14.985024 14.974835 14.940497 14.858612 14.822534 15.486064 14.670075 14.842731 14.724467 14.831249 14.882865 14.933737 14.944886 14.956389
1.856960 2.270077 2.575829 2.885322 3.123884 3.559975 3.894102 4.151216 4.530259 9.820208 12.914436 14.252743 14.603533 14.651590 14.608548 14.608582 14.596400 14.587405 14.622367 14.699235 14.746520 14.835519 14.899117 14.866717 14.846212 14.849696 14.879290 14.883445 14.894257 14.897043 14.871294 14.833866 14.926021 14.979640 14.982559 14.970328 14.943123 14.947231 14.969352 14.927759 14.854340 14.843045 14.931609 14.955555 14.942310 14.959951 14.973023 14.948676 14.910952 14.847435 14.769714 14.741239 14.736123 14.817878 14.712428 14.819739 14.868518 14.935755 14.944170 14.953787
1.300089 1.874232 2.211651 2.620800 2.973763 3.257808 3.552230 3.799290 5.293772 10.753338 13.862350 15.838835 14.617683 14.702432 14.686882 14.684186 14.645315 14.615769 14.625872 14.700520 14.773495 14.819223 14.862421 14.863641 14.876421 14.895736 14.879833 14.879431 14.888961 14.883283 14.868626 14.822605 14.837916 14.938753 14.958555 14.964220 14.976152 14.942571 14.940150 14.968981 14.933395 14.836630 14.880561 14.951741 14.953084 14.952715 14.922939 14.891676 14.883382 14.795831 15.127056 14.841070 14.876111 14.745543 14.714864 14.806294 14.839104 14.910825 14.957102 14.963329
0.978528 1.251770 2.030251 2.357757 2.703745 2.979269 3.243212 3.522458 5.020989 11.305928 14.832390 14.599480 14.685291 14.761012 14.765002 14.769160 14.725799 14.647486 14.671363 14.711837 14.769463 14.809688 14.855341 14.860056 14.860845 14.895660 14.886194 14.872781 14.882980 14.888907 14.877232 14.870228 14.792104 14.832583 14.902287 14.947118 14.998081 14.985344 14.945673 14.923426 14.949429 14.922945 14.775257 14.911774 14.956116 14.918795 14.888910 14.877452 14.861180 14.768591 14.740646 14.927160 14.843311 14.672194 14.762474 14.811416 14.831931 14.877362 14.933942 14.967512
0.661535 0.993105 1.421552 2.064255 2.375637 2.644104 2.984994 4.681265 8.621924 12.904576 14.590295 14.597511 14.676425 14.743780 14.777388 14.795536 14.764323 14.712464 14.657939 14.751798 14.790214 14.794737 14.790112 14.825972 14.860307 14.892385 14.893430 14.832482 14.884798 14.885823 14.895304 14.871924 14.835001 14.771972 14.811144 14.900370 14.932600 14.986478 14.968359 14.929444 14.939638 14.970094 14.858634 14.820971 14.861199 14.861920 14.862853 14.870027 14.794993 14.759982 14.829310 16.291274 14.892244 14.816592 14.709502 14.736612 14.796849 14.866926 14.904435 14.929310
0.147499 0.694486 1.064885 1.563654 2.077461 2.538673 3.916837 7.948383 11.998311 15.309510 14.491293 14.586991 14.686988 14.768682 14.783862 14.823153 14.797769 14.767322 14.698685 14.742052 14.781759 14.744313 14.773703 14.797907 14.846178 14.860097 14.878978 14.817839 14.862076 14.893947 14.888051 14.871290 14.855561 14.821292 14.743523 14.794197 14.884445 14.911573 14.922959 14.903021 14.929693 14.974754 14.885054 14.728128 14.793943 14.797796 14.803784 14.796591 14.754836 14.816567 14.953947 15.760989 16.023949 16.405133 14.819095 14.785455 14.735233 14.674047 14.791793 14.858483
0.745465 0.023281 0.581504 1.371572 2.095251 2.489558 6.494169 9.640431 13.595687 14.743677 14.452724 14.539844 14.667265 14.816746 14.807447 14.830846 14.830528 14.800696 14.749941 14.734423 14.780413 14.706005 14.720405 14.760004 14.830332 14.868417 14.870669 14.808692 14.845276 14.881351 14.891069 14.893410 14.888769 14.910597 14.847756 14.737460 14.777653 14.857457 14.922184 14.929571 14.969763 14.961143 14.855876 14.765802 14.692326 14.744170 14.745025 14.762223 14.805783 14.681978 13.821875 15.930860 14.840522 14.765518 14.790083 14.817697 14.870277 14.778580 14.659903 14.757561
0.000000 0.784239 0.544259 3.009196 4.078767 5.142891 9.414066 11.191747 14.960038 14.650784 14.550591 14.611655 14.726479 14.827941 14.818657 14.843817 14.828899 14.782647 14.803430 14.773249 14.727821 14.691156 14.678389 14.753251 14.824636 14.831725 14.850358 14.825384 14.795710 14.896294 14.883299 14.883062 14.887766 14.909966 14.868228 14.775437 14.720642 14.822679 14.913890 14.936144 14.926837 14.913972 14.787968 14.712423 14.626797 14.642249 14.662529 14.712088 15.428970 13.484999 13.580931 14.840198 14.731077 14.791819 14.828751 14.880816 14.923997 14.955885 14.891813 14.797781
0.000000 0.000000 0.000000 4.234984 5.941105 8.072978 11.490657 13.309506 14.830253 14.653551 14.515787 14.638851 14.763998 14.826418 14.825025 14.847369 14.846668 14.767949 14.799080 14.738754 14.709342 14.684952 14.685670 14.692369 14.787948 14.812606 14.842406 14.813201 14.770728 14.881497 14.904013 14.909587 14.877530 14.863402 14.881506 14.859536 14.707024 14.665403 14.804149 14.835946 14.786644 14.747889 14.713840 14.681195 14.701462 14.650688 14.660188 14.747457 14.802646 13.371013 16.414618 14.744637 14.739883 14.788055 14.822377 14.885556 14.916840 14.959913 14.984578 14.947913
0.000000 0.000000 0.763178 2.559932 7.225110 9.912141 12.523452 13.173671 14.752642 14.664898 14.602487 14.681805 14.822579 14.824938 14.827989 14.818936 14.854152 14.749446 14.786023 14.729790 14.740326 14.676927 14.720331 14.666694 14.750728 14.810431 14.803004 14.828055 14.721254 14.764269 14.746206 14.818435 14.872212 14.865939 14.888401 14.946144 14.859171 14.703326 14.663871 14.714709 14.677844 14.663648 14.666953 14.585306 14.563820 14.622343 14.668914 14.739844 15.813256 15.646725 14.732278 14.753209 14.771678 14.787705 14.841641 14.914762 14.924731 14.938525 14.977289 14.964711
0.000000 0.000000 0.000000 1.695171 7.476040 9.586575 12.144477 14.403841 14.653086 14.573711 14.738105 14.786494 14.800854 14.817379 14.797642 14.819815 14.800513 14.727461 14.762674 14.703437 14.739144 14.675751 14.665661 14.636132 14.715562 14.789280 14.813181 14.721402 14.655014 14.830878 14.846978 14.856668 14.818389 14.873971 14.881139 14.940672 14.900829 14.767667 14.677796 14.619058 14.652105 14.654058 14.660659 14.637167 14.553768 14.595148 14.602710 14.683482 14.708714 14.733635 14.718660 14.750490 14.781174 14.801891 14.841180 14.906243 14.941194 14.921406 14.935035 14.931877
0.000000 0.000000 0.000000 2.474017 7.352154 9.624238 12.581461 15.194570 14.580935 14.608744 14.752143 14.742700 14.778072 14.781650 14.822706 14.839664 14.744671 14.710471 14.748126 14.685466 14.721829 14.673433 14.704459 14.669914 14.608069 14.760337 14.765782 14.595191 14.778436 14.871391 14.837818 14.840507 14.840023 14.870754 14.877700 14.976308 14.846052 14.749514 14.677852 14.583140 14.647363 14.649142 14.660808 14.586012 14.560001 14.584425 14.680531 14.769441 13.079964 14.727719 14.703877 14.772049 14.813694 14.834370 14.863578 14.921884 14.947355 14.921773 14.924205 14.948921
0.000000 0.000000 0.000000 2.482427 5.175356 9.266008 13.433454 16.425885 14.489717 14.627880 14.737489 14.731163 14.782507 14.761937 14.798005 14.756067 14.704391 14.654811 14.691505 14.704363 14.690817 14.713646 14.670684 14.654089 14.606181 14.710775 14.678732 14.575174 14.804799 14.847082 14.852605 14.834480 14.838293 14.832886 14.903301 14.935267 14.769127 14.704103 14.542683 14.591847 14.645240 14.640283 14.636592 14.563875 14.564835 14.646171 13.406208 12.764605 14.681766 14.829026 14.679428 14.792610 14.847181 14.869711 14.919414 14.976788 14.954123 14.931790 14.941469 14.961550
0.000000 0.000000 2.866884 5.170265 8.045507 10.650919 14.260649 14.731952 14.441717 14.600973 14.709256 14.707677 14.682974 14.761845 14.727196 14.672753 14.640490 14.625387 14.647396 14.699016 14.669441 14.712899 14.746198 14.719843 14.472739 14.634111 14.581202 14.667243 14.783826 14.773597 14.797447 14.834305 14.849248 14.858870 14.854314 14.884576 14.734803 14.676431 14.591458 14.623708 14.582428 14.569572 14.551540 14.561410 14.745692 15.827767 15.571110 14.809584 14.710323 14.744709 14.777565 14.807878 14.843349 14.899603 14.942717 14.953029 14.942720 14.954187 14.974877 14.984172
0.000000 2.266400 4.604519 7.113617 10.646207 13.664611 15.709436 14.560300 14.466867 14.603602 14.650420 14.696353 14.730369 14.731327 14.648237 14.630041 14.614483 14.605684 14.640394 14.666742 14.629372 14.719318 14.736477 14.746220 14.606386 14.468454 14.465903 14.738727 14.733844 14.767293 14.766345 14.819560 14.852800 14.839957 14.771750 14.750844 14.684446 14.572594 14.765829 14.547687 14.559141 14.773843 14.554204 14.660915 13.632427 12.364479 14.736349 15.686979 14.653780 14.745307 14.806020 14.838577 14.844968 14.902668 14.952507 14.945375 14.943543 14.970418 14.994416 14.999998
0.000000 3.214550 6.566086 9.275196 13.806515 15.793718 14.558064 14.441365 14.436714 14.491001 14.608757 14.659835 14.702591 14.657346 14.521244 14.585696 14.591830 14.602959 14.663076 14.659266 14.645095 14.712129 14.738737 14.725433 14.729526 14.510287 14.586631 14.749925 14.697974 14.725778 14.711912 14.749270 14.783917 14.779692 14.700823 14.669869 14.802890 16.065663 14.803972 14.547656 14.634836 14.704709 14.520142 14.420410 11.897209 15.361219 14.850342 14.643195 14.726254 14.796109 14.849317 14.869486 14.849614 14.893802 14.956197 14.948826 14.948042 14.971385 14.985799 14.981100
2.377775 5.324661 7.464756 11.214256 15.220119 14.579684 14.370981 14.373290 14.438477 14.490365 14.603120 14.596927 14.614227 14.588538 14.437957 14.471610 14.568241 14.584249 14.654285 14.631362 14.677734 14.682553 14.672078 14.716988 14.719585 14.549351 14.637774 14.713840 14.695853 14.684441 14.685529 14.687622 14.698779 14.680619 14.607557 14.721725 15.404211 15.289866 14.638349 14.484806 14.551746 16.275600 13.749055 11.511242 15.150829 14.698689 14.706847 14.640735 14.764988 14.833458 14.891709 14.882306 14.871601 14.850732 14.933675 14.947637 14.951636 14.975423 14.976091 14.959654
3.447365 6.664128 8.750387 12.049238 16.444804 14.456281 14.462230 14.412271 14.405595 14.498908 14.563225 14.514234 14.484648 14.494569 14.469932 14.469557 14.422256 14.593116 14.649423 14.618496 14.708690 14.677515 14.541025 14.698049 14.656229 14.550666 14.737325 14.602016 14.541830 14.596663 14.626581 14.651397 14.634419 14.632841 14.708209 15.721953 13.955475 16.434594 14.609388 14.709192 16.460243 15.117682 12.129235 15.002744 14.742204 14.709455 14.694573 14.737154 14.790917 14.870290 14.886952 14.892916 14.891669 14.853396 14.870937 14.927278 14.951816 14.985137 14.981783 14.956541
4.360235 8.371107 10.464577 13.306100 14.763435 14.374746 14.418036 14.399374 14.449877 14.517992 14.428588 14.480383 14.482094 14.572960 14.733047 14.660427 14.430287 14.547472 14.579971 14.654266 14.630591 14.520640 14.520635 14.530635 14.525947 14.515846 15.013693 14.530681 14.457427 14.511610 14.576626 14.625969 14.746556 14.688572 13.744598 12.043781 15.103781 15.111454 14.630476 15.992399 12.776110 10.689014 11.964933 14.785320 14.736258 14.690573 14.725477 14.789401 14.818346 14.861362 14.901004 14.929979 14.912274 14.878218 14.862940 14.911662 14.927528 14.962244 14.971313 14.968498
5.677204 9.314946 11.474134 14.605186 14.498573 14.435283 14.453078 14.423871 14.433838 14.446619 14.471123 14.472152 16.424655 14.829675 15.573541 14.586994 14.486346 14.544103 14.656526 14.593977 14.565313 14.527889 14.578460 14.794971 14.785451 14.745982 14.384699 14.682099 14.590570 14.540684 14.612947 14.027960 10.096072 12.846766 9.951681 9.417853 12.912179 16.096493 14.451195 13.320472 11.537374 13.253706 14.883423 14.770081 14.711720 14.703379 14.817893 14.821539 14.821842 14.911006 14.952066 14.942246 14.897296 14.894842 14.878531 14.932905 14.908535 14.930530 14.937998 14.966847
