tests/3D/PSQL_test/rec-SE27XX/SnowTemperature0000L0002.old.asc
ncols         295
nrows         180
xllcorner     627200.000000
yllcorner     5109000.000000
cellsize      200.000000
NODATA_value  -9999.0
[rows 27 to 53 of 180, columns 180 to 239 of 295]
-3.390292 -2.988526 -3.028642 -3.272802 -3.529274 -3.614237 -3.516451 -3.688451 -3.916837 -4.219749 -4.092943 -4.407079 -4.344075 -4.200581 -3.757660 -3.741447 -4.409424 -4.795668 -5.063728 -5.162261 -5.297463 -5.377933 -4.985494 -5.378449 -5.624576 -5.760056 -6.010968 -6.177268 -6.329061 -6.319009 -6.101216 -6.257002 -6.298677 -6.381334 -6.853169 -5.929556 -6.186115 -5.464088 -4.895198 -4.151677 -3.570084 -3.208653 -2.949782 -2.660382 -2.499643 -2.374945 -1.923842 -0.000165 -0.000067 -0.000100 -1.581207 -1.549304 -1.515281 -1.523108 -1.536096 -1.549226 -1.315439 -1.839833 -2.096020 -2.295432
-3.253833 -2.884249 -3.166447 -3.626751 -3.561814 -3.545807 -3.773207 -3.998181 -4.102445 -4.368234 -4.405701 -4.237259 -4.535288 -4.629142 -4.852495 -4.682523 -3.919798 -4.543388 -5.290471 -5.312533 -5.418015 -5.463868 -5.155338 -5.275036 -5.674351 -6.036367 -6.261996 -6.295585 -6.576088 -6.650356 -6.327964 -6.330790 -6.500930 -6.239526 -6.498837 -5.902116 -5.604821 -5.479597 -5.570650 -4.546839 -3.712250 -3.310131 -3.131892 -2.701642 -2.410914 -2.196666 -1.011935 -0.000065 -0.000111 -1.583053 -1.551313 -1.528025 -1.513620 -1.517916 -1.527991 -1.525626 -1.567928 -0.000125 -0.000141 -1.921250
-3.267579 -2.808704 -3.318837 -3.544536 -3.461461 -3.797217 -4.056077 -4.139516 -4.408510 -4.429472 -4.465487 -4.583238 -4.391813 -4.712906 -4.802429 -4.858438 -4.711718 -4.255075 -5.215034 -5.490938 -5.367871 -5.568643 -5.368744 -5.304738 -5.763046 -6.076267 -6.220862 -6.351147 -6.644306 -6.665014 -6.612078 -6.466027 -7.164336 -6.507714 -5.277980 -5.816308 -5.391559 -5.337966 -5.460408 -4.527231 -3.708567 -3.332926 -3.199114 -2.760582 -2.678618 -2.338833 -1.796939 -0.000078 -0.849389 -1.574843 -1.563670 -1.530885 -1.522182 -1.512895 -1.523252 -1.520196 -1.534150 -0.000705 -1.437489 -2.025257
-3.128156 -2.902867 -3.122244 -3.235319 -3.541400 -3.977875 -4.193658 -4.362658 -4.412083 -4.491866 -4.592236 -4.685650 -4.720443 -4.752882 -4.815253 -4.732005 -5.012358 -3.989599 -5.257158 -5.709581 -5.494927 -5.633543 -5.538411 -5.220911 -5.668336 -6.078381 -6.341625 -6.588728 -6.707607 -6.745789 -6.688627 -6.549188 -7.344387 -7.557627 -6.155507 -5.109461 -4.494010 -4.851553 -5.012178 -4.153076 -3.555405 -3.271396 -3.110641 -2.758194 -2.659760 -2.642351 -2.028569 -0.000092 -1.163536 -1.503963 -1.563365 -1.526171 -1.514280 -1.508089 -1.518816 -1.515729 -1.528398 -0.713015 -1.989523 -2.309367
-2.872101 -2.797903 -3.204456 -3.600259 -3.729620 -3.940119 -4.323361 -4.437477 -4.519259 -4.592457 -4.695242 -4.749263 -4.853220 -4.734622 -4.806419 -4.880502 -5.283238 -4.146714 -4.792748 -5.845666 -5.757098 -5.785520 -5.640646 -5.329336 -5.729317 -6.261099 -6.546029 -6.742534 -6.869076 -6.946776 -6.452271 -6.603013 -7.823550 -7.654418 -6.190949 -5.527570 -4.846170 -3.911787 -3.858765 -3.510510 -3.451469 -3.160476 -2.971619 -2.744712 -2.636059 -2.759968 -1.914535 -0.000131 -0.026492 -1.517493 -1.553490 -1.523334 -1.509886 -1.503657 -1.514700 -1.511718 -1.521454 -1.568342 -2.328960 -2.516757
-3.087160 -2.959081 -3.665327 -3.773172 -3.797071 -3.986613 -4.361449 -4.538085 -4.583995 -4.660169 -4.757029 -4.828907 -4.919366 -5.056724 -5.126235 -5.148838 -5.451897 -4.340956 -4.867485 -5.636057 -6.096466 -5.888354 -5.762878 -5.520591 -5.662676 -6.262679 -6.460169 -6.840664 -7.028121 -7.060270 -6.652085 -6.977586 -6.587370 -6.459009 -5.837587 -5.959703 -4.989369 -3.805279 -3.131140 -2.860533 -2.705882 -2.791570 -2.807321 -2.642212 -2.646599 -2.588217 -2.276607 -0.623176 -1.508721 -1.555506 -1.511266 -1.521431 -1.505702 -1.499682 -1.511066 -1.508209 -1.514703 -1.469930 -2.092427 -2.364681
-3.047671 -2.899717 -3.491745 -3.868102 -4.095905 -4.019505 -4.169476 -4.574692 -4.628546 -4.700678 -4.824233 -4.910189 -5.008048 -5.128708 -5.233748 -5.257841 -5.568503 -4.399915 -5.046914 -5.011440 -6.104198 -5.906137 -5.878883 -5.769452 -5.801770 -6.181333 -6.470775 -6.940626 -7.123490 -7.120837 -7.049661 -8.108944 -7.077231 -5.092081 -5.377156 -5.766589 -4.524856 -3.333565 -3.385765 -3.452098 -3.351895 -3.143779 -3.008127 -2.671870 -2.616695 -2.629126 -2.258648 -1.396560 -1.601584 -1.529975 -1.513937 -1.514203 -1.501865 -1.496201 -1.507958 -1.505189 -1.510358 -1.562912 -2.038913 -2.290509
-2.354614 -3.062131 -3.775753 -4.066479 -4.058166 -4.209465 -4.521311 -4.380434 -4.670256 -4.793409 -4.911577 -5.016668 -5.131045 -5.238892 -5.322403 -5.360305 -5.464545 -4.679611 -5.313590 -5.202802 -6.457447 -6.265109 -6.178435 -6.127647 -6.237968 -6.017907 -6.546568 -6.944296 -7.171973 -7.059727 -7.908680 -7.463729 -6.860964 -5.479449 -3.898425 -3.940911 -3.603007 -3.913090 -4.054250 -4.086282 -3.594447 -3.270657 -3.134254 -2.696204 -2.601608 -2.579628 -2.320852 -2.017291 -1.663841 -1.542041 -1.511023 -1.510104 -1.498317 -1.493212 -1.505374 -1.511454 -1.507435 -1.540502 -1.298884 -2.373846
-2.201715 -3.278221 -3.915423 -4.149789 -4.294533 -4.417818 -4.539614 -4.648104 -4.766398 -4.881649 -4.949885 -5.071805 -5.199696 -5.294305 -5.389917 -5.486067 -5.427543 -5.216414 -5.562755 -5.077752 -6.418072 -6.514771 -6.417465 -6.478944 -6.553714 -6.476309 -6.280561 -6.688267 -6.821771 -6.821627 -8.195717 -6.666071 -5.453803 -4.623355 -4.878571 -5.464613 -5.046254 -4.744792 -4.810275 -4.429300 -3.824485 -3.411309 -3.155584 -2.753479 -2.571469 -2.612981 -2.708964 -2.323875 -1.738810 -1.545586 -1.506890 -1.503116 -1.495027 -1.490671 -1.503268 -1.497321 -1.504682 -1.530484 -1.187108 -2.462781
-2.574841 -3.296106 -4.027997 -4.198189 -4.334970 -4.426546 -4.579816 -4.678487 -4.609238 -4.975346 -5.027758 -5.121135 -5.281528 -5.384864 -5.485678 -5.575059 -5.508083 -5.523301 -5.635829 -5.676106 -6.168682 -6.815499 -6.641279 -6.661621 -6.704670 -7.045011 -6.847820 -6.677134 -6.685678 -6.830464 -6.573205 -6.644993 -7.225304 -5.529225 -5.629853 -5.904726 -5.755344 -5.225283 -5.359726 -4.661900 -4.033347 -3.572375 -3.240693 -2.748278 -2.546912 -2.556006 -2.731886 -2.329016 -1.795240 -1.556444 -1.496908 -1.499138 -1.491933 -1.500817 -1.498085 -1.495279 -1.501921 -1.535071 -1.831340 -2.301228
-3.801373 -4.114079 -4.232847 -4.141701 -4.385228 -4.471987 -4.576451 -4.672619 -4.859976 -5.022189 -5.070659 -5.224780 -5.319246 -5.469148 -5.555681 -5.694457 -5.656187 -5.640179 -5.870788 -5.777381 -6.860880 -6.960146 -6.871142 -7.022047 -7.170502 -7.427387 -7.481620 -7.133530 -7.249083 -7.049782 -6.862466 -7.579522 -8.057471 -6.518376 -6.247784 -6.513128 -6.642066 -6.006255 -5.904091 -4.995795 -4.170186 -3.767901 -3.356425 -2.760799 -2.524880 -2.535366 -2.643011 -2.502755 -1.934176 0.000000 -1.498165 -1.495091 -1.485325 -1.495190 -1.496707 -1.493347 -1.497622 -1.524791 -0.771192 -2.143725
-4.015539 -4.028676 -4.217247 -4.274473 -4.381916 -4.503533 -4.574999 -4.367966 -4.450966 -4.761635 -4.898505 -5.261084 -5.345805 -5.508137 -5.610769 -5.789606 -5.688309 -5.738199 -6.135487 -5.910547 -6.876544 -7.195272 -7.068733 -7.249729 -7.402048 -7.410063 -7.629564 -7.640670 -7.289941 -7.002510 -6.569195 -7.047145 -8.252047 -6.472154 -5.815551 -6.050024 -6.350586 -5.971624 -6.444950 -5.256600 -4.166768 -3.791419 -3.387826 -2.752068 -2.458938 -2.517883 -2.533629 -2.371764 -2.080935 0.000000 -1.496220 -1.494013 -1.482281 -1.492905 -1.491984 -1.486480 -1.493347 -1.501413 -1.423683 -2.130861
-4.000498 -4.083615 -4.221163 -4.283278 -4.060788 -4.081458 -4.372275 -4.660713 -4.802837 -4.926978 -4.869545 -5.045781 -5.381430 -5.546885 -5.533775 -5.722787 -5.854743 -6.003915 -6.344968 -6.436449 -6.760188 -7.272672 -7.221206 -7.371974 -7.576991 -7.476683 -7.815542 -7.867545 -7.898402 -7.126941 -6.640315 -7.099896 -7.923703 -6.350864 -5.743081 -6.105869 -6.270738 -6.123249 -6.369903 -5.118911 -4.075384 -3.684051 -3.360090 -2.745037 -2.433701 -2.530364 -2.476164 -2.378826 -1.778640 -1.549795 -1.501886 -1.489775 -1.479064 -1.474863 -1.486989 -1.486941 -1.490102 -1.487373 -1.551795 -2.026800
-4.077042 -3.911630 -3.740867 -3.843299 -4.228843 -4.460012 -4.770050 -4.741603 -4.800938 -4.929722 -5.065748 -5.253412 -5.416646 -5.580081 -5.616116 -5.904520 -6.190222 -6.316086 -6.614221 -6.939553 -6.960153 -7.318666 -7.487978 -7.549374 -7.762987 -7.753682 -7.855035 -8.435457 -8.073126 -7.320745 -7.448435 -7.847846 -7.550111 -5.995127 -6.069816 -6.210354 -6.174751 -6.085217 -5.684280 -4.826995 -3.832200 -3.399095 -2.832209 -2.585149 -2.381197 -2.167495 -2.085327 -1.403242 -1.646615 -1.537860 -1.492546 -1.491158 -1.475555 -1.476610 -1.477974 -1.486188 -1.486709 -1.469296 -1.373735 -0.725108
-3.768833 -3.356497 -4.111090 -4.424487 -4.521765 -4.580266 -4.683834 -4.721534 -4.817058 -4.930898 -5.060678 -5.218331 -5.440713 -5.476909 -5.753506 -6.196359 -6.454238 -6.548869 -6.778853 -6.927033 -7.170757 -7.417210 -7.622135 -7.814188 -7.870137 -7.907410 -7.936703 -8.875749 -8.057095 -6.895270 -6.668266 -6.795634 -6.991137 -5.799242 -5.784082 -6.365458 -6.250801 -5.875765 -5.508885 -4.966295 -4.074782 -3.524904 -3.304765 -2.787201 -2.289692 -2.005624 -1.843140 -0.000093 -1.530243 -1.528567 -1.502829 -1.480080 -1.471602 -1.473937 -1.475228 -1.482771 -1.476920 -1.427584 -1.325916 -0.966839
-3.156466 -3.708627 -4.305257 -4.520925 -4.558745 -4.541581 -4.684466 -4.758886 -4.825874 -4.915009 -5.039491 -5.070680 -5.280736 -5.501091 -5.862582 -6.331371 -6.521625 -6.718337 -6.893483 -7.076217 -7.259124 -7.481331 -7.662063 -7.803023 -7.904121 -7.932006 -8.045117 -8.953919 -7.746216 -7.832259 -7.410359 -5.226498 -5.591769 -5.726865 -5.419651 -5.803227 -5.657756 -5.359533 -4.860796 -4.455672 -3.882911 -3.569057 -3.398023 -2.853079 -2.288018 -1.955545 -1.649966 -1.353944 -1.598844 -1.505341 -1.492121 -1.470632 -1.467030 -1.470429 -1.471939 -1.478837 -1.461755 -1.366954 -1.182715 -0.184370
-2.834296 -3.371976 -3.787220 -4.366846 -4.738964 -4.583840 -4.717182 -4.801297 -4.841596 -4.890462 -5.010793 -5.003505 -5.212282 -5.479844 -5.812246 -6.360774 -6.527388 -6.717660 -6.872131 -7.045938 -7.216320 -7.452302 -7.567433 -7.726341 -7.851098 -7.974152 -8.119024 -8.747343 -8.377863 -7.181435 -6.883863 -6.093598 -4.951837 -4.120846 -3.936758 -4.753730 -4.814037 -4.371137 -4.125681 -3.804215 -3.697245 -3.500725 -3.207173 -2.718834 -2.231323 -1.857137 -0.575734 -0.851963 -1.558813 -1.479793 -1.459121 -1.463753 -1.461651 -1.469095 -1.468017 -1.474461 -1.446652 -1.286342 -0.875169 -1.202006
-3.724447 -2.970476 -3.482018 -3.909433 -4.352061 -4.735464 -4.808544 -4.843700 -4.848356 -4.875022 -4.947483 -4.940631 -5.162749 -5.444442 -5.867896 -6.506833 -6.546211 -6.688534 -6.731246 -6.689894 -6.904477 -7.131376 -7.287541 -7.409230 -7.822105 -8.027302 -7.941050 -8.586165 -9.350575 -6.252162 -6.050032 -6.553235 -6.244636 -5.374052 -4.198180 -3.511897 -3.594960 -3.683772 -3.348999 -3.237236 -3.287960 -3.128237 -2.958381 -2.587821 -2.200424 -0.977852 -0.000076 -1.014677 0.000000 -1.457224 -1.460480 -1.456062 -1.455280 -1.460465 -1.460855 -1.468749 -1.432502 -1.187890 -0.527313 -0.000192
-3.867959 -3.756449 -2.982254 -3.301429 -3.709621 -4.520270 -4.853103 -4.829613 -4.481786 -4.863380 -4.918852 -4.894240 -5.091083 -5.387265 -5.916085 -6.542116 -6.517802 -6.652350 -6.499382 -6.936792 -6.921138 -6.801958 -7.211115 -7.535014 -7.620877 -7.719846 -7.552289 -7.882671 -8.487260 -8.084879 -6.818946 -5.671115 -5.932378 -5.380025 -4.409459 -3.489398 -3.278866 -2.905390 -2.713893 -2.692030 -2.651582 -2.855050 -2.763191 -2.513772 -2.086329 -0.000113 -0.000063 -1.522032 0.000000 -1.450146 -1.451213 -1.450833 -1.447710 -1.454008 -1.455448 -1.463786 -1.420319 -1.131456 -0.342088 -0.000119
-3.904071 -4.114389 -4.248933 -3.741357 -3.107770 -3.809078 -4.055868 -4.826146 -4.777874 -4.682721 -4.583360 -4.825623 -5.028435 -5.356820 -5.882315 -6.384900 -6.432613 -6.515279 -6.371434 -6.521429 -6.634444 -7.087496 -7.245954 -7.426320 -7.283230 -7.067910 -7.628608 -7.808846 -8.356048 -9.307028 -9.327077 -6.993027 -5.742214 -4.109462 -4.220904 -3.878198 -3.845048 -3.219859 -2.699267 -2.202975 -2.200772 -2.518256 -2.612752 -2.305189 -1.821340 -0.000057 -1.336735 -1.485305 -1.469315 -1.443827 -1.450349 -1.440834 -1.442609 -1.446289 -1.451716 -1.453699 -1.411083 -1.093597 -0.211639 -0.000095
-3.953726 -4.071697 -4.237711 -4.390038 -3.528289 -3.414129 -3.817065 -4.469891 -4.732373 -4.735803 -4.638656 -4.927839 -5.099222 -5.396253 -5.676790 -6.238501 -6.342685 -6.431345 -6.552009 -6.606739 -6.937314 -7.220016 -7.354418 -7.222305 -6.619461 -7.411650 -7.614356 -7.753893 -7.515898 -7.929595 -9.953367 0.000000 -7.738949 -5.930431 -3.969503 -4.361448 -4.349163 -3.936506 -3.248939 -2.753237 -2.279205 -1.800565 -2.049957 -2.031390 -0.902220 -0.000054 -1.145956 -1.503752 -1.472362 -1.443656 -1.446345 -1.436712 -1.444865 -1.437004 -1.444287 -1.447657 -1.405476 -1.022985 -0.144116 -0.000095
-3.984040 -4.135074 -4.190599 -4.335481 -4.309615 -3.759350 -3.393194 -3.971082 -4.396023 -4.301414 -4.932662 -5.077941 -5.074892 -5.303789 -5.656276 -6.119445 -6.351515 -6.267984 -5.924753 -7.051777 -6.907984 -7.181659 -7.463405 -6.366823 -7.024636 -7.415002 -7.443449 -7.507991 -7.295858 -7.648708 -8.726239 -9.698882 -8.350979 -5.087879 -4.634863 -5.058479 -4.524062 -3.999362 -3.722752 -3.433924 -2.944179 -2.697051 -1.674741 -0.358885 -0.604370 -0.000057 -0.747131 -1.447685 -1.467095 -1.453565 -1.430959 -1.431017 -1.436608 -1.440413 -1.444514 -1.443039 -1.397316 -0.937252 -0.041913 -0.000093
-3.944746 -4.075038 -4.161072 -4.189547 -4.343033 -4.193695 -3.641527 -3.232276 -3.788899 -4.243136 -5.081221 -5.181147 -5.103609 -5.226907 -5.459460 -5.418186 -6.077820 -5.244561 -5.537136 -6.207253 -6.668814 -6.770307 -6.414835 -5.839012 -7.185304 -7.198043 -7.279968 -6.804054 -7.445518 -7.692730 -8.073244 -8.455603 -7.682543 -4.887199 -5.196141 -5.472771 -4.920441 -4.293457 -3.797868 -3.888919 -3.233806 -2.860851 -2.664154 -0.803356 -0.000061 -0.000064 -0.183127 -1.280395 -1.479314 -1.447131 -1.427800 -1.423977 -1.426578 -1.428360 -1.433925 -1.439234 -1.399744 -1.085355 -0.336882 -0.000097
-3.931021 -4.037772 -4.117361 -4.135812 -4.187638 -3.876386 -4.080034 -3.922973 -3.230747 -4.129404 -4.801599 -4.919802 -5.121453 -5.032011 -4.893211 -5.125099 -5.034474 -4.908560 -5.391681 -5.731845 -5.746858 -5.257907 -5.673117 -6.431185 -6.702563 -6.768087 -6.575336 -7.144455 -7.495457 -7.512264 -7.119278 -8.259564 -8.165897 -5.542979 -5.740424 -6.022837 -4.937589 -4.232199 -3.710902 -3.572804 -3.235004 -2.797700 -2.457586 -1.622861 -0.000088 -0.000071 -0.657529 -1.403375 -1.469363 -1.442011 -1.427112 -1.421403 -1.406972 -1.409608 -1.420753 -1.429176 -1.409488 -1.267620 -0.508278 -0.000101
-3.857895 -3.985324 -4.059157 -4.075752 -4.067478 -4.064346 -4.136511 -3.967175 -3.809030 -3.368056 -4.231178 -4.635590 -4.951702 -4.874167 -4.434909 -4.475068 -4.491230 -4.751138 -4.942257 -4.847485 -5.033342 -5.978740 -6.166045 -6.376236 -6.752497 -6.257176 -6.769769 -7.065452 -7.295647 -7.283370 -6.613130 -6.977471 -8.498854 -6.460299 -6.244031 -5.878011 -4.805668 -4.241948 -3.673812 -3.480887 -3.199918 -2.871233 -2.332001 -0.000436 -0.000045 -0.000044 -0.000668 -1.477853 -1.453072 -1.429787 -1.418038 -1.401853 -1.404181 -1.415886 -1.422372 -1.419530 -1.416896 -1.338708 -0.781023 -0.000129
-3.806904 -3.889811 -3.958418 -4.043817 -4.049088 -4.054393 -4.126739 -4.089624 -4.281493 -3.829160 -3.606367 -3.973705 -4.213027 -4.294345 -4.180064 -4.136625 -4.210794 -4.502935 -5.078913 -5.367367 -5.553624 -5.815078 -6.236136 -6.184742 -5.756265 -6.694250 -6.761489 -6.871210 -7.164062 -6.687094 -6.549307 -6.909847 -7.752136 -7.469634 -6.877214 -5.715222 -4.921527 -4.037688 -3.610992 -3.398157 -3.274729 -2.941364 -2.065115 -0.000187 -1.333960 -1.480305 -1.433411 -1.424191 -1.418147 0.000000 0.000000 0.000000 0.000000 -1.392670 -1.397425 -1.412992 -1.417763 -1.383720 -1.108842 -0.102760
-3.754039 -3.883546 -3.930637 -4.012474 -4.077782 -4.085660 -4.203661 -4.255079 -4.211597 -4.324500 -3.688544 -3.654196 -3.655510 -3.788340 -3.924637 -3.960732 -4.219375 -4.504731 -5.078440 -5.635066 -5.517455 -5.545707 -5.432725 -5.186129 -6.335990 -6.780146 -6.723465 -6.725571 -6.324347 -6.105533 -6.738286 -6.947322 -7.587272 -7.418566 -6.701249 -5.599784 -4.286097 -3.700021 -3.484101 -3.305536 -3.299203 -2.598512 -2.020337 -0.000094 -1.416847 -1.423993 0.000000 0.000000 0.000000 0.000000 0.000000 0.000000 0.000000 -1.383801 -1.399144 -1.410575 -1.408747 -1.385771 -1.269447 -0.676254
