tests/3D/PSQL_test/rec-SE27XX/SnowIceContent0000L0002.asc
ncols         295
nrows         180
xllcorner     627200.000000
yllcorner     5109000.000000
cellsize      200.000000
NODATA_value  -9999.0
[rows 54 to 80 of 180, columns 61 to 121 of 295]
11.873061 12.743304 11.062554 12.249428 11.387209 10.153015 9.813732 9.495251 8.877825 9.088335 9.806231 10.220743 11.589909 10.750148 8.761789 9.450596 9.631406 9.319323 9.729426 9.192140 8.367913 9.730016 10.997086 9.315214 8.004284 7.687437 8.123757 7.991047 6.643691 4.060514 0.000000 0.000000 0.000000 0.000000 0.000000 0.000000 0.000000 0.000000 0.000000 0.000000 0.000000 0.000000 0.000000 0.000000 1.665118 2.963050 5.759515 7.254015 8.737710 8.978813 9.902807 10.212224 10.056437 10.625833 10.627698 8.760081 10.025248 8.096782 9.893196 9.362497 10.504073
11.005215 11.885069 11.129086 11.751778 10.504686 11.174986 10.382336 10.055395 9.703480 9.363678 9.314130 9.250499 10.224604 11.279603 9.850865 9.524288 10.639376 9.875472 8.500855 8.723066 9.675696 9.842463 10.618119 9.558070 8.285664 7.416914 6.310891 5.906171 3.789428 0.000000 0.000000 0.000000 0.000000 0.000000 0.000000 0.000000 0.000000 0.000000 0.000000 0.000000 0.000000 0.000000 0.000000 2.607151 6.296177 1.681019 7.331694 7.543482 9.008215 9.975941 11.234525 10.594708 9.950685 10.434418 10.849273 9.370311 11.351862 8.278381 10.402674 10.690645 11.669524
11.278334 11.206138 11.886396 10.583849 10.255996 11.470680 11.171843 10.063384 10.775212 10.704994 9.878131 9.541768 9.755373 11.168488 10.646862 10.088152 9.759968 10.188396 9.868329 8.933631 9.123507 10.380192 10.943723 10.358505 8.390471 7.371492 4.507415 2.137490 0.000000 0.000000 0.000000 0.000000 0.000000 0.000000 0.000000 0.000000 0.000000 0.000000 0.000000 0.000000 0.000000 0.000000 3.513486 6.239093 8.820454 7.286674 7.183325 7.515369 10.227651 11.130615 11.245182 10.681054 9.993714 10.334894 10.936716 9.367503 11.889680 8.910781 10.745520 11.379185 11.940125
12.493852 12.230960 12.827480 10.304208 10.248661 11.010994 12.380002 10.898367 10.552493 12.160630 10.696149 10.376809 10.576750 10.521998 8.773375 8.083372 9.234610 10.248037 11.125817 11.046416 10.301054 9.386012 10.190550 9.740154 8.918235 6.668725 0.000000 0.000000 0.000000 0.000000 0.000000 0.000000 0.000000 0.000000 0.000000 0.000000 0.000000 0.000000 0.000000 0.000000 0.000000 1.697482 6.413476 7.789949 8.888374 7.820216 8.788395 9.267532 11.115654 11.620043 10.597913 10.036393 10.021036 10.552768 10.357307 8.904280 11.773373 10.116130 10.783315 11.439225 11.638992
11.818970 13.168269 11.455958 9.958748 10.207338 10.167196 11.496798 12.175033 9.693246 12.464025 10.982533 10.383859 10.603041 9.995758 7.747408 7.605408 8.510213 9.721843 11.207992 11.584171 10.643904 7.669165 6.888329 7.263757 6.304746 2.225062 0.000000 0.000000 0.000000 0.000000 0.000000 0.000000 0.000000 0.000000 0.000000 0.000000 0.000000 0.000000 0.000000 0.000000 0.000000 5.266298 7.897533 8.670304 9.609723 8.863653 8.801665 12.120313 10.874062 11.474549 10.464731 9.631182 10.424484 11.384900 9.781891 8.107221 11.145591 10.831299 11.125257 11.378386 11.837467
11.540839 13.010975 11.450178 10.809737 11.058958 10.701409 10.957424 13.125738 10.273275 10.771410 11.758567 10.337981 11.665714 10.557172 8.321320 8.848392 10.057749 10.424545 10.451996 10.010012 9.391490 6.817789 1.785597 0.000000 0.000000 0.000000 0.000000 0.000000 0.000000 0.000000 0.000000 0.000000 0.000000 0.000000 0.000000 0.000000 0.000000 0.000000 0.000000 2.600142 5.020866 6.959186 9.206580 10.550324 11.763871 12.006300 9.545428 11.286489 11.279130 11.562863 10.685243 9.837865 9.585783 11.735339 10.942940 8.542162 10.880332 11.333171 11.154379 12.123116 12.350674
13.327647 13.726662 13.005101 11.918411 12.145065 12.331394 11.222557 13.204921 10.836120 8.874455 12.527080 10.612806 11.955666 10.256636 8.141328 9.841614 11.789982 12.328533 11.616131 8.218662 5.136467 5.172801 0.000000 0.000000 0.000000 0.000000 0.000000 0.000000 0.000000 0.000000 0.000000 0.000000 0.000000 0.000000 0.000000 0.000000 0.000000 0.000000 1.675223 4.871491 6.909557 8.122387 10.182621 11.749030 12.021975 12.515462 11.252543 11.875018 12.121421 12.081187 10.903456 9.817941 9.062946 11.806347 12.058930 9.221359 9.868150 12.152902 11.488886 12.796553 12.763528
14.829662 14.208530 13.740778 12.179205 12.666902 13.329892 11.481494 12.790184 10.797517 8.773615 13.626821 11.730107 11.699065 9.488684 8.481613 9.688884 10.782476 11.509049 10.024677 6.466854 0.000000 0.000000 0.000000 0.000000 0.000000 0.000000 0.000000 0.000000 0.000000 0.000000 0.000000 0.000000 0.000000 0.000000 0.000000 0.000000 0.000000 2.479330 5.684588 7.820151 8.969029 10.475712 12.059978 12.761703 12.124771 11.899015 10.897201 11.418604 12.359371 12.682712 11.306616 9.540815 9.505682 12.152966 12.873932 10.323475 8.595409 12.546592 11.814470 12.950247 12.773547
15.600267 14.877104 14.437429 13.243898 13.166672 13.807741 11.707222 12.796194 11.938716 9.695949 14.127130 12.962555 12.618960 10.865167 9.252936 7.960359 6.609609 7.200863 6.711284 1.611173 0.000000 0.000000 0.000000 0.000000 0.000000 0.000000 0.000000 0.000000 0.000000 0.000000 0.000000 0.000000 0.000000 0.000000 0.000000 0.000000 0.000000 5.045692 7.447450 8.952163 9.462067 11.178785 13.079438 13.375314 12.684796 11.971553 11.131175 11.073376 11.802878 11.929533 12.189484 9.980218 10.176774 12.217415 13.386693 12.417560 10.244013 11.892537 12.610801 12.853195 12.812207
15.368754 14.743537 14.261185 13.993961 12.372918 13.555697 11.922964 13.060101 12.751748 11.517306 12.488092 12.223263 11.077618 9.905913 7.074052 4.819656 1.675555 0.000000 0.000000 0.000000 0.000000 0.000000 0.000000 0.000000 0.000000 0.000000 0.000000 0.000000 0.000000 0.000000 0.000000 0.000000 0.000000 0.000000 0.000000 0.000000 5.002322 7.942865 8.746997 7.256593 8.229283 11.652127 13.581893 13.403682 12.781128 12.389315 12.149566 12.266862 12.031307 10.974671 11.122728 11.072358 10.604355 12.268121 13.608586 13.055332 12.410480 11.577643 12.687032 12.858681 13.120194
13.856919 13.294868 13.524268 13.224929 11.376197 13.022827 12.884301 12.791556 11.799169 11.781361 10.914908 5.112299 6.293180 2.939928 0.000000 0.000000 0.000000 0.000000 0.000000 0.000000 0.000000 0.000000 0.000000 0.000000 0.000000 0.000000 0.000000 0.000000 0.000000 0.000000 0.000000 0.000000 0.000000 0.000000 0.000000 4.607513 8.230101 11.616113 11.940896 7.819567 8.263260 11.666537 14.053019 13.382746 13.315921 12.956546 12.193131 12.313306 12.430097 11.611085 11.126781 10.846045 10.559630 12.619623 13.476009 13.134588 12.853501 11.926580 12.489371 12.916224 13.225065
12.926523 12.936165 13.118670 12.476193 11.028954 11.637562 11.144592 10.776514 8.440613 6.612847 5.029391 0.000000 0.000000 0.000000 0.000000 0.000000 0.000000 0.000000 0.000000 0.000000 0.000000 0.000000 0.000000 0.000000 0.000000 0.000000 0.000000 0.000000 0.000000 0.000000 0.000000 0.000000 0.000000 2.070338 5.894683 7.880953 10.407128 12.384737 14.204509 9.309666 8.928019 10.379410 13.395450 13.480229 13.838075 13.623056 12.783870 12.151708 13.411985 12.215037 12.155376 11.265725 11.206265 12.501147 12.894839 12.834448 13.052669 12.976180 13.348050 13.509994 13.508156
10.795143 11.411978 11.135252 9.430249 7.761439 5.758602 4.812561 5.535120 2.606641 0.000000 0.000000 0.000000 0.000000 0.000000 0.000000 0.000000 0.000000 0.000000 0.000000 0.000000 0.000000 0.000000 0.000000 0.000000 0.000000 0.000000 0.000000 0.000000 0.000000 0.000000 0.000000 0.000000 0.000000 6.424489 8.605221 9.149355 11.220977 10.567117 11.020475 9.815109 8.515353 10.036679 13.111094 14.274618 14.414785 14.233937 13.908387 13.104706 13.863003 12.016406 11.518053 9.967385 10.926491 13.146303 13.780210 13.854831 13.731598 13.391272 13.659027 13.875315 13.759465
5.634542 6.680870 4.184103 1.729136 0.000000 0.000000 0.000000 0.000000 0.000000 0.000000 0.000000 0.000000 0.000000 0.000000 0.000000 0.000000 0.000000 0.000000 0.000000 0.000000 0.000000 0.000000 0.000000 0.000000 0.000000 0.000000 0.000000 0.000000 0.000000 0.000000 0.000000 0.000000 2.585657 9.144815 10.495075 10.958860 12.745828 9.894832 6.303572 7.360318 10.592085 12.815763 13.869800 14.609935 14.831730 14.647620 14.254657 14.052645 14.096407 12.216676 9.620722 10.406540 12.205922 12.523481 13.648630 14.166550 14.037523 13.741232 13.579732 13.412800 13.233578
0.000000 0.000000 0.000000 0.000000 0.000000 0.000000 0.000000 0.000000 0.000000 0.000000 0.000000 0.000000 0.000000 0.000000 0.000000 0.000000 0.000000 0.000000 0.000000 0.000000 0.000000 0.000000 0.000000 0.000000 0.000000 0.000000 0.000000 0.000000 0.000000 0.000000 2.416280 1.942647 8.603484 10.427038 11.520241 11.093733 11.404993 11.342083 9.417791 7.943679 11.101126 15.293203 13.936164 14.018539 14.774966 15.055315 14.220786 14.391655 13.609281 10.973140 8.891023 11.096993 12.774061 11.189323 13.426258 13.508792 13.895236 14.072621 13.645717 11.900903 12.518528
0.000000 0.000000 0.000000 0.000000 0.000000 0.000000 0.000000 0.000000 0.000000 0.000000 0.000000 0.000000 0.000000 0.000000 0.000000 0.000000 0.000000 0.000000 0.000000 0.000000 0.000000 0.000000 0.000000 0.000000 0.000000 0.000000 0.000000 0.000000 0.000000 4.236725 6.864739 8.041810 9.011122 12.047033 11.847391 10.455692 9.734530 10.967618 13.069700 13.659729 11.616628 12.329119 15.034286 13.707364 14.610519 15.279116 14.690797 14.481022 12.683588 9.759379 8.733391 11.760698 11.684846 9.731237 9.969947 10.466519 11.849397 13.089511 13.314288 11.186958 10.131902
0.000000 0.000000 0.000000 0.000000 0.000000 0.000000 0.000000 0.000000 0.000000 0.000000 0.000000 0.000000 0.000000 0.000000 0.000000 0.000000 0.000000 1.571820 2.198897 2.189614 0.000000 1.628808 0.000000 0.000000 0.000000 0.000000 0.000000 2.714824 5.347499 6.686316 10.651551 12.313137 11.835864 12.800355 11.827105 9.659842 9.597163 10.549835 13.052199 15.161967 14.576772 12.538437 14.561346 14.297609 14.963538 15.111820 15.221429 14.262916 12.871570 10.512655 12.016355 14.676876 14.118256 12.659393 13.792746 12.887406 12.622462 13.834064 13.005620 10.844396 9.140686
0.000000 0.000000 0.000000 0.000000 0.000000 0.000000 0.000000 0.000000 0.000000 0.000000 0.000000 0.000000 0.000000 0.000000 0.000000 2.413630 4.398136 5.955320 5.744206 3.843626 4.025921 4.212235 2.968803 1.955738 0.000000 0.000000 0.000000 4.520290 9.630756 11.260112 12.279604 14.681772 14.957573 14.605429 12.583560 10.077069 9.708855 9.711838 12.752505 15.819444 15.946543 14.523435 14.609600 14.682676 15.796593 14.803239 15.109519 13.363708 12.125776 13.366174 13.666545 13.195369 14.155286 12.397538 12.533365 12.856234 12.577382 13.063539 12.209164 9.920102 9.249171
0.000000 0.000000 0.000000 0.000000 1.699168 1.612623 1.694424 0.000000 1.636146 2.132121 3.139353 3.471009 4.772021 4.070328 0.000000 6.602850 8.782428 8.879087 7.297708 5.519302 7.332077 7.015635 6.559471 5.530171 2.001322 0.000000 0.000000 5.653450 11.887972 14.144861 14.478628 14.755240 15.822717 14.947133 13.530307 13.457901 11.311638 7.247961 9.831569 16.050680 16.175953 15.563019 14.822095 15.058629 15.637142 15.154973 14.239521 13.109876 13.241155 15.144603 15.321266 13.169865 12.644892 12.098637 13.659754 13.735529 12.081880 11.016049 11.191328 11.116535 10.246485
1.719030 2.781766 2.202208 5.417128 7.435902 7.669925 6.536929 6.466106 6.474225 7.192449 8.984916 8.531906 10.196647 6.483710 4.461070 11.682673 12.100825 11.736770 11.972899 5.279837 11.243844 11.164583 11.418361 9.665950 2.567111 0.000000 1.669763 5.483743 12.693135 16.442520 16.363083 16.274478 15.099151 13.873077 11.371842 11.295980 13.576729 10.774090 7.757626 14.320320 16.401496 16.166092 16.074028 16.060353 15.954437 15.846199 14.043612 13.939647 15.804598 14.641198 15.215521 15.550922 15.011669 14.673107 15.104718 14.717581 11.753993 10.025108 11.310450 11.737166 11.412885
7.068112 7.763368 7.358415 8.635832 10.932235 12.963852 13.160451 12.401998 13.124697 14.095980 14.783977 14.058664 14.191640 12.879787 8.028184 12.985129 15.472635 15.427169 13.136027 10.233055 14.068164 14.772163 14.798521 10.405164 3.824328 0.000000 4.110887 7.873580 12.601679 16.347156 15.512309 15.000000 15.353815 14.367042 11.906197 9.347203 8.494221 11.957279 10.882352 12.110574 15.512990 15.131806 16.150114 15.773397 16.261207 16.240587 15.145485 15.330492 14.411068 14.978314 15.899435 15.903736 15.754355 15.691521 15.369477 14.509198 10.257607 7.904991 10.914493 10.843851 11.533987
12.083887 13.205747 12.061658 12.375602 14.652084 15.457031 15.969119 16.058621 16.046016 15.141187 15.162670 15.000000 15.176794 15.287846 11.508377 12.617995 16.484026 15.814457 16.110049 13.199332 15.664555 15.604677 16.287689 11.495834 6.907456 1.616477 3.029716 11.454948 15.012797 15.631745 15.526880 15.649499 15.827934 14.566410 11.072873 7.505584 11.631734 10.114929 14.070895 14.735219 16.001456 16.199963 14.633444 13.327482 13.206621 15.278211 15.018454 16.116307 16.092969 16.306254 15.886046 14.081806 13.573527 14.574281 14.309418 11.057011 7.741802 6.944270 9.247128 9.791353 10.001665
16.380699 15.000000 15.112813 14.316605 15.179867 15.940240 15.945076 16.127796 16.296121 15.934820 15.927945 15.947773 16.266810 14.523220 14.119764 15.004227 15.941973 16.035644 15.817463 15.190077 15.575945 15.850938 15.000000 13.365557 9.044404 2.993749 4.071891 12.644805 15.000000 15.154796 15.706655 15.318582 15.881374 15.314021 12.302955 7.214471 12.470235 15.602481 13.200808 15.046888 15.670231 15.148441 14.362202 16.182370 14.603485 16.223481 15.000000 15.043588 15.000001 15.613026 12.238005 9.699168 9.923157 11.088887 13.524531 8.990392 6.370117 8.811821 10.603879 11.837076 11.031591
15.587130 15.995932 15.181457 15.171036 16.173456 15.831269 15.825017 15.929981 16.154355 16.114401 16.176505 16.039757 15.630147 15.167298 16.375134 15.000000 15.657667 16.245948 16.545842 15.866262 15.804520 15.814863 15.379171 15.464558 12.097949 5.540722 6.964369 12.686577 15.959795 15.498958 16.060889 15.801478 15.617602 15.258172 13.145990 9.467010 11.987286 15.579824 15.535128 15.969750 16.060027 16.121652 13.770187 15.629119 14.779198 16.123902 15.175740 15.299703 15.179624 15.505967 12.355162 11.976000 12.676955 9.957276 14.447104 8.792165 5.671608 10.789511 12.806769 11.731379 12.626484
15.420749 16.145228 15.999809 15.505268 15.460822 15.455004 15.501644 15.630184 15.676527 15.587742 15.690065 15.593773 15.414533 15.612933 15.000000 16.002791 15.343461 16.350638 16.127295 15.850824 15.762230 15.724878 15.894704 15.000000 13.351580 11.588563 11.989761 11.660794 14.337053 15.147163 15.420569 16.011271 16.289688 15.224465 13.986621 11.544288 12.824230 14.514641 15.593352 15.144808 15.717654 16.314345 14.965169 15.682194 14.956659 15.337699 15.606095 15.442577 15.287731 15.348601 10.391883 8.884816 13.095948 10.064821 6.994391 7.429784 4.954289 11.767751 12.185305 11.577391 11.679654
15.331974 15.274047 15.505581 15.240598 15.190469 15.238869 15.272882 15.271629 15.218582 15.222203 15.205755 15.261058 15.934290 15.460667 15.394534 15.000000 15.362303 15.696606 16.094591 15.370428 15.454195 15.742043 16.025886 15.393638 12.111142 15.796992 15.164215 14.702813 13.072029 16.204449 16.006815 15.599453 16.121109 15.922580 14.149629 11.707094 12.345945 13.858157 15.450797 16.376256 15.321906 14.777464 16.194063 15.309523 15.756485 15.641770 15.659157 15.575091 15.505059 15.196583 14.420537 6.306200 6.200910 12.312898 6.085283 5.215622 7.057499 11.887018 12.273365 10.267621 9.792271
15.173469 15.050493 15.150758 15.082161 15.013383 15.002697 15.025710 15.002766 15.000000 15.000000 15.000000 15.236028 15.420161 15.327858 15.000000 15.672088 15.230720 15.148185 15.002115 15.201712 15.377683 15.695772 15.752545 15.195533 15.319881 15.983150 15.405718 13.687737 10.106134 14.786632 15.866419 15.731566 15.475441 15.903630 14.637334 11.500672 11.409039 12.726469 15.261823 15.904110 15.308754 14.692268 15.515263 15.193767 16.474071 15.730527 15.733032 15.742791 15.597879 15.350649 14.343359 8.771161 5.043147 9.280643 14.641051 12.492240 12.023978 12.881667 11.963209 10.880190 9.787614
