tests/3D/PSQL_test/rec-SE27XX/SoilPressure0000L0001.asc
ncols         295
nrows         180
xllcorner     627200.000000
yllcorner     5109000.000000
cellsize      200.000000
NODATA_value  -9999.0
[rows 0 to 23 of 180, columns 216 to 269 of 295]
-9999.0 -9999.0 -9999.0 -9999.0 -9999.0 -9999.0 -9999.0 -9999.0 -9999.0 -9999.0 -9999.0 -9999.0 -9999.0 -9999.0 -9999.0 -9999.0 -9999.0 -9999.0 -9999.0 -9999.0 -9999.0 -9999.0 -9999.0 -9999.0 -9999.0 -9999.0 -9999.0 -9999.0 -9999.0 -9999.0 -9999.0 -9999.0 -9999.0 -9999.0 -9999.0 -9999.0 -9999.0 -9999.0 -9999.0 -9999.0 -9999.0 -9999.0 -9999.0 -9999.0 -9999.0 -9999.0 -9999.0 -9999.0 -9999.0 -9999.0 -9999.0 -9999.0 -9999.0 -9999.0
-639.104550 -744.781847 -772.962880 -766.265611 -779.424697 -817.908604 -851.630539 -844.199378 -791.634174 -686.826539 -772.962880 -853.589690 -856.727440 -846.934668 -855.288830 -853.589690 -858.821400 -853.589690 -858.821400 -857.905083 -851.630539 -858.821400 -857.905083 -856.727440 -849.411973 -846.934668 -849.411973 -858.821400 -856.727440 -851.630539 -855.288830 -859.476111 -860.000000 -779.424697 -668.345527 -802.879167 -859.476111 -859.869018 -860.000000 -860.000000 -860.000000 -860.000000 -860.000000 -860.000000 -860.000000 -860.000000 -859.869018 -859.869018 -855.288830 -766.265611 -712.972312 -752.172948 -766.265611 -802.879167
-668.345527 -759.334930 -785.649094 -766.265611 -779.424697 -817.908604 -851.630539 -844.199378 -766.265611 -729.321363 -822.422090 -855.288830 -851.630539 -849.411973 -857.905083 -853.589690 -859.869018 -851.630539 -859.869018 -856.727440 -853.589690 -857.905083 -858.821400 -851.630539 -837.958256 -841.206937 -855.288830 -856.727440 -851.630539 -855.288830 -851.630539 -849.411973 -855.288830 -737.163879 -677.689248 -817.908604 -859.869018 -859.869018 -860.000000 -860.000000 -860.000000 -860.000000 -860.000000 -860.000000 -860.000000 -859.869018 -859.476111 -859.476111 -849.411973 -759.334930 -721.256688 -729.321363 -759.334930 -791.634174
-712.972312 -779.424697 -802.879167 -779.424697 -785.649094 -826.685059 -844.199378 -822.422090 -772.962880 -779.424697 -837.958256 -853.589690 -851.630539 -855.288830 -857.905083 -851.630539 -859.476111 -851.630539 -859.476111 -856.727440 -853.589690 -857.905083 -853.589690 -841.206937 -837.958256 -849.411973 -859.869018 -851.630539 -849.411973 -859.869018 -841.206937 -844.199378 -846.934668 -695.754615 -695.754615 -837.958256 -859.869018 -860.000000 -860.000000 -860.000000 -860.000000 -860.000000 -860.000000 -860.000000 -859.869018 -858.821400 -858.821400 -858.821400 -837.958256 -744.781847 -729.321363 -729.321363 -744.781847 -766.265611
-737.163879 -791.634174 -817.908604 -797.378115 -779.424697 -826.685059 -841.206937 -834.454325 -802.879167 -813.145975 -846.934668 -849.411973 -853.589690 -857.905083 -856.727440 -849.411973 -859.476111 -851.630539 -859.869018 -859.476111 -856.727440 -851.630539 -846.934668 -846.934668 -846.934668 -853.589690 -855.288830 -841.206937 -851.630539 -856.727440 -837.958256 -857.905083 -797.378115 -677.689248 -729.321363 -851.630539 -860.000000 -860.000000 -860.000000 -860.000000 -860.000000 -860.000000 -860.000000 -860.000000 -859.476111 -857.905083 -857.905083 -853.589690 -808.135654 -737.163879 -737.163879 -721.256688 -737.163879 -752.172948
-759.334930 -802.879167 -826.685059 -797.378115 -772.962880 -826.685059 -846.934668 -837.958256 -802.879167 -826.685059 -851.630539 -849.411973 -853.589690 -857.905083 -851.630539 -851.630539 -858.821400 -853.589690 -859.476111 -857.905083 -849.411973 -846.934668 -851.630539 -853.589690 -851.630539 -856.727440 -846.934668 -841.206937 -856.727440 -849.411973 -844.199378 -830.696211 -752.172948 -695.754615 -785.649094 -857.905083 -860.000000 -860.000000 -860.000000 -860.000000 -860.000000 -860.000000 -860.000000 -859.869018 -858.821400 -857.905083 -857.905083 -851.630539 -797.378115 -752.172948 -759.334930 -737.163879 -752.172948 -766.265611
-766.265611 -808.135654 -808.135654 -791.634174 -791.634174 -834.454325 -841.206937 -813.145975 -808.135654 -844.199378 -853.589690 -849.411973 -857.905083 -858.821400 -846.934668 -857.905083 -856.727440 -856.727440 -857.905083 -853.589690 -846.934668 -853.589690 -856.727440 -853.589690 -856.727440 -856.727440 -846.934668 -856.727440 -858.821400 -855.288830 -856.727440 -817.908604 -737.163879 -737.163879 -834.454325 -859.869018 -860.000000 -860.000000 -860.000000 -860.000000 -860.000000 -860.000000 -859.869018 -859.476111 -858.821400 -857.905083 -857.905083 -849.411973 -808.135654 -785.649094 -737.163879 -695.754615 -712.972312 -721.256688
-752.172948 -817.908604 -830.696211 -808.135654 -813.145975 -837.958256 -830.696211 -822.422090 -844.199378 -853.589690 -853.589690 -853.589690 -858.821400 -857.905083 -846.934668 -858.821400 -855.288830 -855.288830 -849.411973 -849.411973 -853.589690 -857.905083 -856.727440 -855.288830 -859.476111 -853.589690 -855.288830 -855.288830 -834.454325 -834.454325 -844.199378 -797.378115 -744.781847 -785.649094 -855.288830 -860.000000 -860.000000 -860.000000 -860.000000 -860.000000 -860.000000 -860.000000 -859.869018 -859.476111 -858.821400 -857.905083 -853.589690 -813.145975 -797.378115 -851.630539 -813.145975 -677.689248 -618.632228 -575.452321
-737.163879 -779.424697 -817.908604 -826.685059 -834.454325 -844.199378 -837.958256 -844.199378 -853.589690 -855.288830 -855.288830 -855.288830 -857.905083 -857.905083 -846.934668 -855.288830 -855.288830 -844.199378 -841.206937 -856.727440 -857.905083 -856.727440 -856.727440 -857.905083 -857.905083 -856.727440 -859.869018 -834.454325 -826.685059 -841.206937 -822.422090 -729.321363 -729.321363 -822.422090 -859.476111 -860.000000 -860.000000 -860.000000 -860.000000 -860.000000 -860.000000 -860.000000 -859.869018 -859.869018 -858.821400 -855.288830 -817.908604 -729.321363 -712.972312 -695.754615 -704.470758 -813.145975 -849.411973 -791.634174
-729.321363 -759.334930 -759.334930 -791.634174 -834.454325 -846.934668 -846.934668 -849.411973 -851.630539 -853.589690 -855.288830 -855.288830 -857.905083 -859.476111 -846.934668 -844.199378 -857.905083 -837.958256 -837.958256 -855.288830 -856.727440 -853.589690 -857.905083 -856.727440 -857.905083 -859.869018 -856.727440 -841.206937 -834.454325 -859.476111 -802.879167 -704.470758 -744.781847 -837.958256 -859.869018 -860.000000 -859.869018 -859.869018 -860.000000 -860.000000 -860.000000 -860.000000 -859.869018 -859.869018 -855.288830 -802.879167 -712.972312 -686.826539 -712.972312 -752.172948 -686.826539 -628.964183 -618.632228 -668.345527
-729.321363 -766.265611 -752.172948 -766.265611 -822.422090 -846.934668 -846.934668 -849.411973 -851.630539 -851.630539 -855.288830 -853.589690 -859.476111 -859.476111 -849.411973 -834.454325 -859.869018 -837.958256 -844.199378 -853.589690 -853.589690 -856.727440 -857.905083 -857.905083 -853.589690 -849.411973 -855.288830 -853.589690 -844.199378 -849.411973 -813.145975 -744.781847 -744.781847 -817.908604 -859.476111 -860.000000 -860.000000 -860.000000 -860.000000 -860.000000 -860.000000 -860.000000 -859.869018 -855.288830 -802.879167 -712.972312 -686.826539 -721.256688 -772.962880 -817.908604 -817.908604 -766.265611 -677.689248 -639.104550
-704.470758 -759.334930 -759.334930 -772.962880 -813.145975 -841.206937 -849.411973 -851.630539 -853.589690 -853.589690 -855.288830 -855.288830 -858.821400 -857.905083 -851.630539 -830.696211 -859.869018 -841.206937 -846.934668 -849.411973 -855.288830 -858.821400 -858.821400 -837.958256 -837.958256 -849.411973 -857.905083 -856.727440 -857.905083 -855.288830 -844.199378 -791.634174 -729.321363 -797.378115 -858.821400 -860.000000 -860.000000 -860.000000 -860.000000 -860.000000 -860.000000 -860.000000 -859.869018 -834.454325 -729.321363 -686.826539 -729.321363 -785.649094 -813.145975 -817.908604 -813.145975 -797.378115 -791.634174 -744.781847
-712.972312 -766.265611 -791.634174 -797.378115 -808.135654 -837.958256 -851.630539 -855.288830 -855.288830 -855.288830 -856.727440 -855.288830 -858.821400 -855.288830 -846.934668 -826.685059 -858.821400 -837.958256 -846.934668 -851.630539 -857.905083 -856.727440 -844.199378 -826.685059 -851.630539 -853.589690 -853.589690 -855.288830 -858.821400 -856.727440 -834.454325 -744.781847 -712.972312 -813.145975 -859.476111 -860.000000 -860.000000 -860.000000 -860.000000 -860.000000 -860.000000 -860.000000 -856.727440 -808.135654 -686.826539 -695.754615 -766.265611 -791.634174 -785.649094 -772.962880 -759.334930 -752.172948 -779.424697 -766.265611
-668.345527 -785.649094 -817.908604 -813.145975 -813.145975 -837.958256 -849.411973 -853.589690 -855.288830 -856.727440 -857.905083 -851.630539 -858.821400 -855.288830 -841.206937 -841.206937 -856.727440 -846.934668 -844.199378 -849.411973 -855.288830 -834.454325 -826.685059 -837.958256 -853.589690 -851.630539 -849.411973 -851.630539 -853.589690 -841.206937 -721.256688 -677.689248 -772.962880 -851.630539 -860.000000 -860.000000 -860.000000 -860.000000 -860.000000 -860.000000 -860.000000 -859.869018 -846.934668 -772.962880 -677.689248 -677.689248 -752.172948 -744.781847 -729.321363 -712.972312 -695.754615 -712.972312 -759.334930 -766.265611
-597.406199 -695.754615 -772.962880 -797.378115 -817.908604 -837.958256 -844.199378 -849.411973 -851.630539 -856.727440 -858.821400 -849.411973 -857.905083 -855.288830 -837.958256 -855.288830 -851.630539 -857.905083 -846.934668 -851.630539 -849.411973 -802.879167 -826.685059 -846.934668 -853.589690 -856.727440 -857.905083 -856.727440 -851.630539 -737.163879 -649.050239 -772.962880 -856.727440 -860.000000 -860.000000 -860.000000 -859.869018 -860.000000 -860.000000 -860.000000 -859.869018 -859.476111 -837.958256 -766.265611 -695.754615 -677.689248 -729.321363 -752.172948 -721.256688 -721.256688 -737.163879 -791.634174 -808.135654 -813.145975
-575.452321 -704.470758 -759.334930 -766.265611 -808.135654 -834.454325 -841.206937 -846.934668 -849.411973 -855.288830 -856.727440 -846.934668 -855.288830 -851.630539 -841.206937 -857.905083 -851.630539 -857.905083 -846.934668 -856.727440 -844.199378 -766.265611 -822.422090 -857.905083 -857.905083 -857.905083 -857.905083 -858.821400 -808.135654 -649.050239 -712.972312 -844.199378 -860.000000 -860.000000 -860.000000 -860.000000 -860.000000 -860.000000 -860.000000 -859.869018 -858.821400 -857.905083 -844.199378 -785.649094 -704.470758 -668.345527 -695.754615 -729.321363 -744.781847 -797.378115 -822.422090 -851.630539 -849.411973 -849.411973
-552.797344 -712.972312 -752.172948 -759.334930 -791.634174 -826.685059 -841.206937 -846.934668 -846.934668 -851.630539 -855.288830 -849.411973 -853.589690 -853.589690 -849.411973 -857.905083 -851.630539 -851.630539 -849.411973 -855.288830 -841.206937 -752.172948 -808.135654 -858.821400 -856.727440 -859.476111 -858.821400 -858.821400 -744.781847 -618.632228 -779.424697 -857.905083 -860.000000 -860.000000 -859.869018 -860.000000 -860.000000 -860.000000 -859.869018 -858.821400 -857.905083 -855.288830 -849.411973 -817.908604 -737.163879 -695.754615 -668.345527 -628.964183 -628.964183 -658.798221 -712.972312 -813.145975 -855.288830 -856.727440
-552.797344 -695.754615 -752.172948 -752.172948 -785.649094 -822.422090 -841.206937 -846.934668 -846.934668 -846.934668 -851.630539 -846.934668 -849.411973 -855.288830 -856.727440 -857.905083 -855.288830 -849.411973 -849.411973 -855.288830 -841.206937 -785.649094 -797.378115 -849.411973 -853.589690 -859.869018 -859.869018 -859.869018 -695.754615 -597.406199 -817.908604 -859.869018 -860.000000 -860.000000 -860.000000 -860.000000 -860.000000 -860.000000 -859.869018 -857.905083 -856.727440 -855.288830 -851.630539 -841.206937 -808.135654 -752.172948 -704.470758 -649.050239 -608.111832 -618.632228 -628.964183 -704.470758 -797.378115 -817.908604
-564.210765 -677.689248 -759.334930 -766.265611 -791.634174 -826.685059 -841.206937 -849.411973 -846.934668 -844.199378 -851.630539 -846.934668 -841.206937 -853.589690 -857.905083 -858.821400 -856.727440 -853.589690 -846.934668 -837.958256 -849.411973 -822.422090 -802.879167 -837.958256 -844.199378 -856.727440 -859.869018 -859.869018 -649.050239 -597.406199 -846.934668 -860.000000 -860.000000 -860.000000 -860.000000 -860.000000 -860.000000 -860.000000 -858.821400 -844.199378 -841.206937 -849.411973 -849.411973 -844.199378 -830.696211 -817.908604 -822.422090 -813.145975 -772.962880 -721.256688 -639.104550 -649.050239 -729.321363 -766.265611
-586.518590 -677.689248 -766.265611 -772.962880 -791.634174 -826.685059 -841.206937 -849.411973 -851.630539 -844.199378 -849.411973 -849.411973 -841.206937 -849.411973 -856.727440 -858.821400 -856.727440 -856.727440 -844.199378 -822.422090 -849.411973 -837.958256 -817.908604 -844.199378 -846.934668 -855.288830 -859.476111 -859.869018 -628.964183 -597.406199 -855.288830 -860.000000 -860.000000 -859.869018 -859.869018 -860.000000 -860.000000 -860.000000 -855.288830 -785.649094 -779.424697 -797.378115 -817.908604 -785.649094 -737.163879 -695.754615 -677.689248 -668.345527 -686.826539 -785.649094 -797.378115 -772.962880 -772.962880 -759.334930
-597.406199 -639.104550 -729.321363 -744.781847 -779.424697 -826.685059 -837.958256 -846.934668 -853.589690 -841.206937 -834.454325 -849.411973 -844.199378 -841.206937 -855.288830 -858.821400 -857.905083 -857.905083 -844.199378 -822.422090 -849.411973 -834.454325 -813.145975 -846.934668 -846.934668 -855.288830 -859.476111 -859.476111 -639.104550 -608.111832 -853.589690 -859.869018 -859.869018 -860.000000 -860.000000 -860.000000 -860.000000 -860.000000 -841.206937 -704.470758 -737.163879 -737.163879 -817.908604 -752.172948 -704.470758 -668.345527 -668.345527 -649.050239 -658.798221 -668.345527 -704.470758 -752.172948 -808.135654 -830.696211
-597.406199 -628.964183 -712.972312 -721.256688 -766.265611 -826.685059 -841.206937 -846.934668 -846.934668 -837.958256 -817.908604 -846.934668 -849.411973 -834.454325 -853.589690 -858.821400 -856.727440 -857.905083 -846.934668 -817.908604 -846.934668 -822.422090 -808.135654 -849.411973 -841.206937 -851.630539 -859.476111 -802.879167 -586.518590 -677.689248 -855.288830 -860.000000 -860.000000 -860.000000 -860.000000 -860.000000 -860.000000 -860.000000 -808.135654 -658.798221 -759.334930 -766.265611 -802.879167 -766.265611 -712.972312 -712.972312 -721.256688 -729.321363 -766.265611 -766.265611 -752.172948 -752.172948 -752.172948 -759.334930
-618.632228 -639.104550 -712.972312 -729.321363 -766.265611 -822.422090 -844.199378 -853.589690 -855.288830 -834.454325 -813.145975 -841.206937 -849.411973 -841.206937 -846.934668 -857.905083 -856.727440 -856.727440 -849.411973 -813.145975 -844.199378 -813.145975 -802.879167 -849.411973 -822.422090 -849.411973 -822.422090 -608.111832 -597.406199 -797.378115 -858.821400 -860.000000 -860.000000 -860.000000 -860.000000 -860.000000 -860.000000 -859.869018 -779.424697 -639.104550 -759.334930 -808.135654 -721.256688 -826.685059 -704.470758 -686.826539 -752.172948 -802.879167 -837.958256 -844.199378 -837.958256 -837.958256 -841.206937 -834.454325
-639.104550 -668.345527 -729.321363 -744.781847 -779.424697 -826.685059 -841.206937 -851.630539 -849.411973 -830.696211 -822.422090 -837.958256 -851.630539 -846.934668 -841.206937 -855.288830 -858.821400 -856.727440 -851.630539 -813.145975 -837.958256 -808.135654 -802.879167 -841.206937 -813.145975 -853.589690 -677.689248 -575.452321 -779.424697 -858.821400 -860.000000 -859.869018 -860.000000 -860.000000 -860.000000 -860.000000 -860.000000 -858.821400 -737.163879 -639.104550 -752.172948 -772.962880 -729.321363 -721.256688 -817.908604 -639.104550 -677.689248 -785.649094 -844.199378 -857.905083 -855.288830 -846.934668 -844.199378 -846.934668
