tests/3D/superslab/out/maps/hsupN0005.asc
ncols         104
nrows         10
xllcorner     -2.000000
yllcorner     0.000000
cellsize      1.000000
NODATA_value  -9999.0
[rows 0 to 9 of 10, columns 0 to 63 of 104]
-9999.0 -9999.0 -9999.0 -9999.0 -9999.0 -9999.0 -9999.0 -9999.0 -9999.0 -9999.0 -9999.0 -9999.0 -9999.0 -9999.0 -9999.0 -9999.0 -9999.0 -9999.0 -9999.0 -9999.0 -9999.0 -9999.0 -9999.0 -9999.0 -9999.0 -9999.0 -9999.0 -9999.0 -9999.0 -9999.0 -9999.0 -9999.0 -9999.0 -9999.0 -9999.0 -9999.0 -9999.0 -9999.0 -9999.0 -9999.0 -9999.0 -9999.0 -9999.0 -9999.0 -9999.0 -9999.0 -9999.0 -9999.0 -9999.0 -9999.0 -9999.0 -9999.0 -9999.0 -9999.0 -9999.0 -9999.0 -9999.0 -9999.0 -9999.0 -9999.0 -9999.0 -9999.0 -9999.0 -9999.0
-9999.0 -9999.0 -9999.0 -9999.0 -9999.0 -9999.0 -9999.0 -9999.0 -9999.0 -9999.0 -9999.0 -9999.0 -9999.0 -9999.0 -9999.0 -9999.0 -9999.0 -9999.0 -9999.0 -9999.0 -9999.0 -9999.0 -9999.0 -9999.0 -9999.0 -9999.0 -9999.0 -9999.0 -9999.0 -9999.0 -9999.0 -9999.0 -9999.0 -9999.0 -9999.0 -9999.0 -9999.0 -9999.0 -9999.0 -9999.0 -9999.0 -9999.0 -9999.0 -9999.0 -9999.0 -9999.0 -9999.0 -9999.0 -9999.0 -9999.0 -9999.0 -9999.0 -9999.0 -9999.0 -9999.0 -9999.0 -9999.0 -9999.0 -9999.0 -9999.0 -9999.0 -9999.0 -9999.0 -9999.0
-9999.0 -9999.0 1.102072 0.290187 0.282671 0.275220 0.267833 0.260513 0.253258 0.246071 0.238951 0.231900 0.224918 0.218006 0.211164 0.204394 0.197696 0.191071 0.184520 0.178044 0.171644 0.165321 0.159075 0.152908 0.146821 0.140814 0.134890 0.129050 0.123293 0.117623 0.112040 0.106546 0.101141 0.095829 0.090610 0.085486 0.080459 0.075530 0.070703 0.065979 0.061360 0.056849 0.052449 0.048161 0.043991 0.039940 0.036012 0.032212 0.028543 0.025010 0.021620 0.018377 0.015289 0.012363 0.009609 0.007037 0.004655 0.002460 0.000000 0.000000 0.000000 0.000000 0.000000 0.000000
-9999.0 -9999.0 1.873141 0.290187 0.282671 0.275220 0.267833 0.260513 0.253258 0.246071 0.238951 0.231900 0.224918 0.218006 0.211164 0.204394 0.197696 0.191071 0.184520 0.178044 0.171644 0.165321 0.159075 0.152908 0.146821 0.140814 0.134890 0.129050 0.123293 0.117623 0.112040 0.106546 0.101141 0.095829 0.090610 0.085486 0.080459 0.075530 0.070703 0.065979 0.061360 0.056849 0.052449 0.048161 0.043991 0.039940 0.036012 0.032212 0.028543 0.025010 0.021620 0.018377 0.015289 0.012363 0.009609 0.007037 0.004655 0.002460 0.000000 0.000000 0.000000 0.000000 0.000000 0.000000
-9999.0 -9999.0 1.873141 0.290187 0.282671 0.275220 0.267833 0.260513 0.253258 0.246071 0.238951 0.231900 0.224918 0.218006 0.211164 0.204394 0.197696 0.191071 0.184520 0.178044 0.171644 0.165321 0.159075 0.152908 0.146821 0.140814 0.134890 0.129050 0.123293 0.117623 0.112040 0.106546 0.101141 0.095829 0.090610 0.085486 0.080459 0.075530 0.070703 0.065979 0.061360 0.056849 0.052449 0.048161 0.043991 0.039940 0.036012 0.032212 0.028543 0.025010 0.021620 0.018377 0.015289 0.012363 0.009609 0.007037 0.004655 0.002460 0.000000 0.000000 0.000000 0.000000 0.000000 0.000000
-9999.0 -9999.0 1.873141 0.290187 0.282671 0.275220 0.267833 0.260513 0.253258 0.246071 0.238951 0.231900 0.224918 0.218006 0.211164 0.204394 0.197696 0.191071 0.184520 0.178044 0.171644 0.165321 0.159075 0.152908 0.146821 0.140814 0.134890 0.129050 0.123293 0.117623 0.112040 0.106546 0.101141 0.095829 0.090610 0.085486 0.080459 0.075530 0.070703 0.065979 0.061360 0.056849 0.052449 0.048161 0.043991 0.039940 0.036012 0.032212 0.028543 0.025010 0.021620 0.018377 0.015289 0.012363 0.009609 0.007037 0.004655 0.002460 0.000000 0.000000 0.000000 0.000000 0.000000 0.000000
-9999.0 -9999.0 1.873141 0.290187 0.282671 0.275220 0.267833 0.260513 0.253258 0.246071 0.238951 0.231900 0.224918 0.218006 0.211164 0.204394 0.197696 0.191071 0.184520 0.178044 0.171644 0.165321 0.159075 0.152908 0.146821 0.140814 0.134890 0.129050 0.123293 0.117623 0.112040 0.106546 0.101141 0.095829 0.090610 0.085486 0.080459 0.075530 0.070703 0.065979 0.061360 0.056849 0.052449 0.048161 0.043991 0.039940 0.036012 0.032212 0.028543 0.025010 0.021620 0.018377 0.015289 0.012363 0.009609 0.007037 0.004655 0.002460 0.000000 0.000000 0.000000 0.000000 0.000000 0.000000
-9999.0 -9999.0 1.102072 0.290187 0.282671 0.275220 0.267833 0.260513 0.253258 0.246071 0.238951 0.231900 0.224918 0.218006 0.211164 0.204394 0.197696 0.191071 0.184520 0.178044 0.171644 0.165321 0.159075 0.152908 0.146821 0.140814 0.134890 0.129050 0.123293 0.117623 0.112040 0.106546 0.101141 0.095829 0.090610 0.085486 0.080459 0.075530 0.070703 0.065979 0.061360 0.056849 0.052449 0.048161 0.043991 0.039940 0.036012 0.032212 0.028543 0.025010 0.021620 0.018377 0.015289 0.012363 0.009609 0.007037 0.004655 0.002460 0.000000 0.000000 0.000000 0.000000 0.000000 0.000000
-9999.0 -9999.0 -9999.0 -9999.0 -9999.0 -9999.0 -9999.0 -9999.0 -9999.0 -9999.0 -9999.0 -9999.0 -9999.0 -9999.0 -9999.0 -9999.0 -9999.0 -9999.0 -9999.0 -9999.0 -9999.0 -9999.0 -9999.0 -9999.0 -9999.0 -9999.0 -9999.0 -9999.0 -9999.0 -9999.0 -9999.0 -9999.0 -9999.0 -9999.0 -9999.0 -9999.0 -9999.0 -9999.0 -9999.0 -9999.0 -9999.0 -9999.0 -9999.0 -9999.0 -9999.0 -9999.0 -9999.0 -9999.0 -9999.0 -9999.0 -9999.0 -9999.0 -9999.0 -9999.0 -9999.0 -9999.0 -9999.0 -9999.0 -9999.0 -9999.0 -9999.0 -9999.0 -9999.0 -9999.0
-9999.0 -9999.0 -9999.0 -9999.0 -9999.0 -9999.0 -9999.0 -9999.0 -9999.0 -9999.0 -9999.0 -9999.0 -9999.0 -9999.0 -9999.0 -9999.0 -9999.0 -9999.0 -9999.0 -9999.0 -9999.0 -9999.0 -9999.0 -9999.0 -9999.0 -9999.0 -9999.0 -9999.0 -9999.0 -9999.0 -9999.0 -9999.0 -9999.0 -9999.0 -9999.0 -9999.0 -9999.0 -9999.0 -9999.0 -9999.0 -9999.0 -9999.0 -9999.0 -9999.0 -9999.0 -9999.0 -9999.0 -9999.0 -9999.0 -9999.0 -9999.0 -9999.0 -9999.0 -9999.0 -9999.0 -9999.0 -9999.0 -9999.0 -9999.0 -9999.0 -9999.0 -9999.0 -9999.0 -9999.0
