tests/test_sample_run/prealpiC/input_maps/pit.asc
ncols 676 
nrows 544 
xllcorner 583000 
yllcorner 5000000
cellsize 250 
NODATA_value -9999 
[rows 350 to 384 of 544, columns 474 to 552 of 676]
35.7 35.4 35 35 35 35 34.9 34.5 34.2 33.8 33.5 33.1 32.8 32.9 33 33 33.1 33.2 33.2 33.3 33.4 33 32.7 32.3 32 31.7 31.5 31.2 31.2 31.2 31.2 31.3 31.2 31 30.9 30.8 30.6 30.4 30.2 30 30 30 30 30 30 30 30 30 30 29.8 29.7 29.6 29.4 29 28.5 28.1 27.5 26.8 26 25.2 24.9 24.3 23.8 23.3 23 23 23 23 23 23 23 25.4 25.7 25.6 25.7 25.7 26 26 24.9
35.4 35.2 35 35 35 34.6 34.2 34.2 33.8 33.5 33.1 32.7 32.4 32.5 32.6 32.7 32.7 32.8 32.8 32.9 32.9 32.6 32.2 31.9 31.5 31.2 30.9 30.7 30.6 30.7 30.7 30.8 30.7 30.6 30.4 30.3 30.1 30 29.9 29.7 29.7 29.6 29.7 29.8 29.9 30 29.9 29.8 29.6 29.5 29.4 29.3 29.1 28.7 28.3 27.8 27.3 26.8 26.2 25.5 24.9 24.4 23.9 23.6 23.5 23.3 23 23 23 23 24.6 25 25.2 25.2 25.2 25.1 25.8 26 24.8
35 35 35 34.7 34.4 33.9 33.7 33.5 33.5 33.1 32.7 32.4 32.1 32.1 32.2 32.3 32.3 32.4 32.4 32.5 32.4 32.1 31.7 31.4 31 30.7 30.4 30.2 30.1 30.2 30.3 30.4 30.3 30.1 30 30 30 29.7 29.4 29.2 29.1 29.1 29.2 29.3 29.4 29.4 29.5 29.4 29.3 29.2 29 28.9 28.8 28.4 28 27.5 27.1 26.6 26.1 25.6 25 24.6 24.3 24.1 24.1 23.8 23.4 23 23 23 23 24.5 24.8 24.9 25 24.9 24.2 25.1 24.7
35 34.7 34.3 34 33.7 33.3 32.9 32.8 32.9 32.8 32.4 32 31.7 31.7 31.8 31.9 31.9 32 32 32.1 32 31.6 31.3 30.9 30.6 30.2 30 30 30 30 30 30 30 30 30 30 29.6 29.3 29 28.7 28.6 28.6 28.7 28.8 28.9 28.9 29.1 29.1 29 28.8 28.7 28.6 28.5 28.2 27.7 27.2 26.8 26.3 25.9 25.4 25 24.9 24.6 24.6 24.6 24.2 23.7 23 23 23 23 24 24.4 24.5 25 24.8 24.2 24.2 24.1
34.7 34.2 33.7 33.2 32.9 32.6 32.2 32.1 32.2 32.3 32 31.7 31.3 31.4 31.5 31.5 31.6 31.6 31.6 31.7 31.5 31.1 30.8 30.4 30.1 30 30 30 30 30 30 30 30 30 30 29.4 29.3 28.8 28.5 28.2 28.1 28.1 28.1 28.2 28.3 28.6 28.7 28.7 28.6 28.5 28.3 28.2 28.1 27.9 27.4 27 26.5 26.1 25.6 25.1 25 25 25 25 25 24.6 23.9 23.2 23 23 23 24 24 24.1 24.8 24.8 24 24 24
34.3 33.8 33.2 32.7 32.2 31.9 31.6 31.4 31.4 31.5 31.6 31.3 31 31 31.1 31.1 31.2 31.2 31.3 31.3 31 30.7 30.3 30 30 30 30 30 30 30 30 30 30 30 29.1 28.7 28.7 28.4 28.1 27.8 27.6 27.6 27.6 27.7 27.8 28.2 28.3 28.3 28.2 28.2 28 27.9 27.8 27.6 27.2 26.7 26.2 25.8 25.3 25 25 25 25 25 25 25 24.3 23.7 23.1 23 23 23 23 23 24.2 24.3 24 23.7 23.6
33.9 33.4 32.9 32.3 31.8 31.2 30.9 30.7 30.7 30.8 30.9 31 30.6 30.6 30.7 30.7 30.8 30.8 30.9 30.8 30.6 30.2 30 30 30 30 30 30 30 30 30 30 30 29.9 28.1 28 28 28 27.7 27.3 27.1 27.1 27.1 27.2 27.4 27.8 27.9 27.9 27.8 27.8 27.7 27.5 27.4 27.3 26.9 26.4 26 25.5 25 25 25 25 25 25 25 25 24.6 23.9 23.4 23 23 23 22.9 22.8 23 24 23.9 23.3 22.4
33.6 33 32.5 31.9 31.4 30.9 30.3 30 30 30.1 30.2 30.3 30.3 30.2 30.3 30.3 30.4 30.4 30.4 30.4 30.1 30 30 30 30 30 30 30 30 30 30 30 30 28.9 27.2 27.3 27.4 27.3 27.3 26.9 26.6 26.6 26.6 26.7 27 27.4 27.5 27.5 27.4 27.4 27.3 27.2 27.1 26.9 26.6 26.2 25.7 25.2 25 25 25 25 25 25 25 25 24.8 24.2 23.7 23.3 23 22.8 22.5 22.4 22.3 24 23.8 23.2 22
33.2 32.6 32.1 31.6 31 30.6 30.2 30 30 30 30 30 30 30 30 30 30 30 30 30 30 30 30 30 30 30 30 30 30 30 30 30 29.7 27.9 26.5 26.6 26.7 26.6 26.6 26.5 26.1 26.1 26.1 26.3 26.6 27 27.1 27.1 27 27 26.9 26.9 26.7 26.6 26.3 25.9 25.4 25 25 25 25 25 25 25 25 25 25 24.4 23.9 23.4 23 22.8 22.5 22.3 22 23 23.3 23 22
32.8 32.4 31.9 31.5 31 30.5 30.1 30 30 30 30 30 30 30 30 30 30 30 30 30 30 30 30 30 30 30 30 30 30 30 30 30 28.7 26.9 25.8 25.9 26 25.9 25.9 25.9 25.7 25.6 25.6 25.9 26.2 26.6 26.7 26.7 26.6 26.6 26.5 26.5 26.4 26.3 26.1 25.6 25.2 25 25 25 25 25 25 25 25 25 24.7 24.2 23.7 23.1 23 22.8 22.5 22.3 22.1 22 22.4 22.2 21
32.7 32.3 31.8 31.3 30.9 30.4 30 30 30 30 30 30 30 30 30 30 30 30 30 30 30 30 30 30 30 30 30 30 30 30 30 30 27.7 25.3 25.1 25.2 25.3 25.3 25.2 25.2 25.1 25.1 25.1 25.5 25.9 26.2 26.3 26.2 26.2 26.2 26.1 26.1 26 25.9 25.8 25.3 25 25 25 25 25 25 25 25 25 24.6 24.2 23.8 23.4 23 23 22.7 22.4 22.1 21.8 21.5 22 22 21.5
32.6 32.2 31.7 31.2 30.8 30.3 30 30 30 30 30 30 30 30 30 30 30 30 30 30 30 30 30 30 30 30 30 30 30 30 30 29.4 27.5 26.3 25.1 25 25 25 25 25 25 25 25 25.1 25.5 25.9 25.9 25.8 25.8 25.8 25.7 25.7 25.6 25.6 25.4 25.1 25 25 25 25 25 25 25 24.9 24.6 24.2 23.8 23.4 23 23 22.8 22.5 22.2 21.9 21.6 21.3 21.8 21.9 21.9
32 32 31.6 31.1 30.6 30.2 30 30 30 30 30 30 30 30 30 30 30 30 30 30 30 30 30 30 30 30 30 30 30 30 30 29.3 28.1 27 25.9 25 25 25 25 25 25 25 25 25 25.1 25.5 25.5 25.4 25.4 25.4 25.3 25.3 25.2 25.2 25.1 25 25 25 25 25 25 25 25 24.6 24.1 23.8 23.4 23 23 23 22.7 22.3 22.1 21.7 21.4 21.1 21 21.4 21.4
31.1 31.2 31.2 31 30.5 30 30 30 30 30 30 30 30 30 30 30 29.9 29.9 29.9 29.9 29.9 29.9 29.9 29.9 29.9 29.9 30 30 30 30 29.8 29.1 28.2 27.1 26 25 25 25 25 25 25 25 25 25 25 25.1 25.1 25 25 25 25 25 25 25 25 24.9 24.8 24.9 24.9 24.9 25 25 24.9 24.4 23.9 23.3 23.1 23 23 22.9 22.5 22.2 21.9 21.6 21.3 21 21 21 21
30 30.1 30.2 30.3 30.3 30 30 30 30 30 29.9 29.9 29.9 29.8 29.8 29.7 29.7 29.7 29.6 29.7 29.6 29.7 29.7 29.6 29.6 29.7 29.8 29.9 30 30 29.3 28.6 28 27.2 26.1 25 25 25 25 25 25 25 25 25 25 25 25 25 25 25 25 25 25 24.8 24.6 24.5 24.4 24.5 24.2 24 24.1 24.1 24.2 23.8 23.4 23 23 23 23 22.7 22.4 22.1 21.7 21.4 21.1 21 21 21 21
30 30 30 30 30 30 29.9 29.8 29.8 29.7 29.7 29.7 29.6 29.6 29.6 29.5 29.5 29.4 29.4 29.4 29.3 29.5 29.4 29.4 29.4 29.5 29.6 29.7 29.8 29.6 29 28.2 27.5 26.8 26.1 25 25 25 25 25 25 25 25 24.9 24.7 25 25 25 25 25 25 25 25 24.5 24.2 24.1 24.1 24 23.8 23.2 23 23 23.5 23.2 23 23 23 22.9 22.5 22.2 21.9 21.6 21.4 21.1 21 21 21 21 20.9
30 30 30 30 30 29.9 29.8 29.6 29.5 29.5 29.5 29.4 29.4 29.4 29.3 29.3 29.2 29.2 29.2 29.1 29 29.3 29.2 29.2 29.2 29.3 29.4 29.5 29.4 29.2 28.7 28.2 27.3 26.4 25.7 25 25 25 25 25 25 25 24.9 24.7 24.6 24.8 25 25 25 25 25 25 24.9 24.3 23.8 23.6 23.7 23.5 23.3 23 23 23 23 23 23 23 22.7 22.4 22.1 21.8 21.4 21.1 20.8 20.6 20.7 20.6 20.3 20 20
30 30 30 30 29.9 29.8 29.6 29.4 29.3 29.3 29.2 29.2 29.2 29.1 29.1 29.1 29 29 29 28.8 28.7 29 29 29 29 29.1 29.2 29.3 28.9 28.7 28.3 27.7 27.2 26.5 25.6 25 25 25 25 25 25 24.8 24.6 24.4 24.4 24.6 24.9 25 25 25 25 25 25 24.5 23.5 23.2 23.2 23 23 23 23 23 23 22.8 22.8 22.8 22.5 22 21.6 21.3 21 20.5 20.3 20.3 20.3 20.2 20 20 20
30.4 30 30 30 29.8 29.6 29.4 29.3 29.1 29 29 29 28.9 28.9 28.9 28.8 28.8 28.7 28.7 28.5 28.4 28.8 28.8 28.8 28.8 28.9 29 28.9 28.5 28.3 27.8 27.3 26.8 26.3 25.7 25 25 25 25 25 24.8 24.6 24.4 24.2 24.2 24.4 24.7 24.9 25 24.9 24.9 24.9 24.7 24.4 23.4 23 23 23 23 23 22.9 22.8 22.7 22.5 22.3 22.4 22.2 21.8 21.4 21 20.6 20.2 20 20 20 20 20 20 20
30.2 30 30 29.8 29.6 29.4 29.3 29.1 28.9 28.8 28.8 28.7 28.7 28.7 28.6 28.6 28.5 28.5 28.4 28.2 28.1 28.6 28.6 28.5 28.6 28.7 28.8 28.4 28 27.8 27.4 26.9 26.4 25.8 25.3 25 25 25 24.9 24.7 24.5 24.3 24.1 23.9 24.1 24.2 24.5 24.6 24.7 24.6 24.5 24.5 24.4 24 23.2 23 23 23 22.9 22.8 22.6 22.5 22.4 22.2 22 21.9 21.9 21.5 21.2 20.8 20.4 20 20 20 20 20 20 20 20
30.2 29.6 29.8 29.6 29.4 29.3 29.1 28.9 28.7 28.6 28.6 28.5 28.5 28.4 28.4 28.4 28.3 28.3 28.1 27.9 27.8 28.3 28.3 28.3 28.4 28.5 28.3 27.9 27.5 27.4 27 26.5 25.9 25.4 25 25 25 24.8 24.6 24.4 24.2 24 23.8 23.6 23.8 24 24.2 24.2 24.3 24.3 24.2 24.1 24.1 23.7 23.2 23 23 22.9 22.6 22.5 22.4 22.2 22.1 21.9 21.7 21.5 21.4 21.2 20.9 20.6 20.2 20 20 19.9 19.8 19.8 19.9 20 20
28.8 29.4 29.5 29.4 29.3 29.1 28.9 28.8 28.6 28.4 28.3 28.3 28.2 28.2 28.2 28.1 28.1 28 27.8 27.6 27.5 28 28.1 28.1 28.2 28.2 27.8 27.5 27.1 26.9 26.6 26.1 25.5 25 25 25 24.9 24.6 24.4 24.2 24 23.8 23.6 23.5 23.6 23.8 23.8 23.9 24 23.9 24 23.8 23.7 23.5 23 23 23 22.7 22.3 22.2 22.1 21.9 21.8 21.6 21.4 21.2 21 20.9 20.6 20.3 20 19.8 19.8 19.7 19.6 19.6 19.6 19.7 19.8
28.6 29.3 29.3 29.2 29 28.9 28.8 28.6 28.4 28.2 28.1 28.1 28 28 27.9 27.9 27.9 27.7 27.5 27.3 27.3 27.7 27.9 27.9 28 27.8 27.4 27 26.6 26.5 26.2 25.6 25.1 25 25 25 25 24.7 24.4 24 23.7 23.5 23.3 23.3 23.4 23.5 23.5 23.6 23.6 23.6 23.7 23.5 23.4 23.2 23 23 22.8 22.4 22.1 21.9 21.8 21.7 21.5 21.3 21.1 20.9 20.7 20.5 20.3 20 19.8 19.7 19.5 19.5 19.4 19.3 19.3 19.4 19.5
28.5 29 29 28.9 28.8 28.7 28.5 28.4 28.2 28.1 27.9 27.8 27.8 27.7 27.7 27.7 27.6 27.4 27.2 27 27 27.4 27.7 27.7 27.7 27.3 26.9 26.5 26.2 26 25.7 25.2 25 25 25 25 25.1 25.2 24.6 24.1 23.7 23.4 23.1 23 23.1 23.1 23.2 23.2 23.3 23.3 23.4 23.3 23.1 23 23 22.9 22.6 22.2 21.9 21.6 21.5 21.4 21.2 21 20.8 20.6 20.4 20.2 20 19.9 19.7 19.5 19.3 19.2 19.1 19.1 19.1 19.1 19.2
28.4 28.8 28.7 28.7 28.6 28.4 28.3 28.2 28.1 27.9 27.7 27.6 27.6 27.5 27.5 27.4 27.3 27.1 26.9 26.7 26.7 27.1 27.5 27.5 27.2 26.8 26.4 26.1 25.7 25.6 25.3 25 25 25 25.1 25.2 25.8 26.2 25.7 25.1 24.5 23.9 23.1 23 23 23 23 23 23 23 23 23 23 23 23 22.7 22.3 22 21.6 21.3 21.2 21.1 20.9 20.7 20.5 20.3 20.1 20 20 19.8 19.6 19.4 19.2 19 18.9 18.8 18.8 18.9 18.9
28.2 28.5 28.4 28.4 28.3 28.2 28.1 28 27.8 27.7 27.6 27.4 27.3 27.3 27.2 27.2 27 26.8 26.6 26.4 26.4 26.8 27.2 27.1 26.7 26.4 26 25.6 25.3 25.1 24.8 25.1 25.5 25.4 25.4 25.4 26 26.7 26.4 25.6 24.8 23.9 23.1 23 23 23 23 22.8 22.7 22.6 22.7 22.7 22.9 22.7 22.5 22.3 22.1 21.8 21.4 21.1 20.9 20.8 20.6 20.4 20.2 20 20 20 20 19.8 19.5 19.3 19.1 18.9 18.7 18.6 18.5 18.6 18.7
28.2 28.2 28.2 28.1 28.1 28 27.9 27.7 27.6 27.5 27.4 27.2 27.1 27.1 27 26.9 26.9 26.7 26.5 26.4 28.6 27.8 27.1 26.7 26.4 26 25.7 25.3 24.5 24.2 24.3 25.1 25.7 25.7 25.7 25.7 25.9 27.3 27.6 26 24.6 23.7 23 23 23 22.9 22.6 22.4 22.3 22.2 22.2 22.3 22.3 22.2 22 21.8 21.7 21.5 21.2 20.9 20.6 20.5 20.3 20.1 20 20 20 20 19.9 19.7 19.5 19.3 19 18.8 18.6 18.4 18.3 18.3 18.3
28.2 28.4 28.6 28.9 28.7 27.7 27.7 27.8 27.9 27.7 27.6 27.3 27 27 26.8 26.2 25.9 26.1 26.4 28.6 31.9 29.2 29.5 28.9 26.8 26.4 25.7 24.6 24.5 24.3 24.2 24.8 25.4 25.8 26 26 26 28.5 29 27.5 25.9 24.3 23 23 23 22.7 22.2 22 21.8 21.7 21.8 21.8 21.8 21.7 21.5 21.4 21.2 21.1 20.9 20.5 20.3 20.2 20 20 20 20 20 20 19.9 19.7 19.4 19.2 19 18.8 18.5 18.3 18.1 18 18
29.5 33.1 35.9 34.7 29 27.7 27.7 27.7 29.3 35.8 27.9 27 27 26.9 26.3 25.7 25.1 25 26.2 26.5 29 28.3 31.4 31.7 27.6 25.9 25.2 24.7 24.1 23.9 23.9 23.9 23.9 24.2 25.2 25.5 26.4 29.7 30.5 29 27.3 25.4 23 23 23 22.5 22 21.6 21.4 21.3 21.3 21.3 21.3 21.2 21 20.9 20.7 20.6 20.5 20.3 20 20 20 20 20 20 20 20 19.8 19.6 19.4 19.1 18.9 18.7 18.5 18.2 18 18 17.8
30 32.7 63.8 38.1 29 27.7 27.7 31.2 43.5 37.5 31.2 27 27 27 26.3 25.7 25 25 25 25.8 26.5 27.3 28.8 28.7 27.1 26.6 32 25 24.9 24 23.9 23.9 23.9 24.4 24.7 25 27.3 30.7 32 29.5 26.6 23.7 23 23 22.8 22.4 21.9 21.4 21 20.9 20.9 20.8 20.8 20.7 20.5 20.4 20.3 20.1 20 20 20 20 20 20 20 20 19.9 19.9 19.7 19.5 19.3 19.1 18.8 18.6 18.4 18.1 18 17.8 17.6
30 30 35 69.4 36.6 27.9 27.7 29.4 35.2 30.5 27.4 27.2 27.1 27 26.5 25.9 25.3 25 25 25.5 25.9 26.4 26.8 26.7 26.3 25.9 25.3 25.7 25.3 24.4 23.9 23.9 25.2 26.9 27.2 25.8 25.2 27.2 29 27.7 24.8 23 23 23 22.5 22.2 21.7 21.2 20.7 20.4 20.4 20.4 20.3 20.2 20.1 20 20 20 20 20 20 20 20 20 20 19.9 19.8 19.6 19.6 19.4 19.2 19 18.7 18.5 18.3 18.1 17.9 17.6 17.4
34.3 30 32.4 48.1 66.1 45.9 29.2 28.7 28.1 27.8 27.6 27.4 27.3 27 26.6 26.2 25.7 25 25 25.1 25.4 25.8 26.2 26.1 26 25.9 25.3 24.9 24.4 24.4 23.9 25.7 27.9 29.4 27.6 26.3 24.4 24.1 23.9 23.7 23.1 23 23 23 22.3 21.5 21.2 20.8 20.5 20.1 20 20 20 20 20 20 20 20 20 20 20 20 20 20 19.9 19.8 19.6 19.5 19.4 19.3 19.1 18.9 18.6 18.4 18.2 18 17.8 17.5 17.2
118.4 30.2 49.9 50 94.8 91.6 31.2 28.2 27.8 27.8 27.8 27.7 27.4 27.1 26.7 26.4 26.1 25.5 25 25 25 25.1 25.5 25.4 25.5 25.4 25 25 23.7 24.9 23.2 23.2 26 28.1 27.3 25.1 23.7 23.6 23.8 23.3 23 23 23 23 22.4 21.3 20.5 20.2 20 20 20 20 20 20 20 20 20 20 20 20 20 20 20 20 19.8 19.7 19.5 19.4 19.2 19.1 19 18.8 18.6 18.3 18.1 18 17.8 17.5 17.3
174.4 56.5 64.7 50.2 84 98.4 37.7 27.8 27.8 27.8 28 27.6 27.2 27 27 26.7 26.5 25.9 25.2 25.2 25 25 25 25.1 25.1 25 25 25 23.3 23.2 23.5 27.8 26 23 23 23.8 23.2 23.6 23.8 23.3 23 23 23 23 22.9 21.3 20 20 20 20 20 20 20 20 20 20 20 20 20 20 20 20 20 19.9 19.7 19.6 19.4 19.2 19.1 18.9 18.8 18.7 18.5 18.2 18 17.9 17.7 17.4 17.1
196.3 125 132.6 146 88.6 117.3 61.3 29.8 28.8 27.8 29.1 27.6 27 26.8 26.7 26.9 26.8 26.1 25.6 25.8 25.9 25.6 25 25 25 24.8 24.8 24.9 23.7 23.2 23.7 24 25.3 22.6 23 23 23 23.4 23.8 23.4 23 23 23 23 22.4 21.3 20 20 20 20 20 20 20 20 20 20 20 20 20 20 20 20 19.9 19.7 19.6 19.4 19.3 19.1 19 18.8 18.7 18.5 18.4 18.1 18 17.7 17.4 17.2 16.9
