examples/3D/hillslope01/output-maps-SE27XX/psiliqL0052N0002.asc
ncols         104
nrows         10
xllcorner     -2.000000
yllcorner     0.000000
cellsize      1.000000
NODATA_value  -9999.0
-9999.0 -9999.0 -9999.0 -9999.0 -9999.0 -9999.0 -9999.0 -9999.0 -9999.0 -9999.0 -9999.0 -9999.0 -9999.0 -9999.0 -9999.0 -9999.0 -9999.0 -9999.0 -9999.0 -9999.0 -9999.0 -9999.0 -9999.0 -9999.0 -9999.0 -9999.0 -9999.0 -9999.0 -9999.0 -9999.0 -9999.0 -9999.0 -9999.0 -9999.0 -9999.0 -9999.0 -9999.0 -9999.0 -9999.0 -9999.0 -9999.0 -9999.0 -9999.0 -9999.0 -9999.0 -9999.0 -9999.0 -9999.0 -9999.0 -9999.0 -9999.0 -9999.0 -9999.0 -9999.0 -9999.0 -9999.0 -9999.0 -9999.0 -9999.0 -9999.0 -9999.0 -9999.0 -9999.0 -9999.0 -9999.0 -9999.0 -9999.0 -9999.0 -9999.0 -9999.0 -9999.0 -9999.0 -9999.0 -9999.0 -9999.0 -9999.0 -9999.0 -9999.0 -9999.0 -9999.0 -9999.0 -9999.0 -9999.0 -9999.0 -9999.0 -9999.0 -9999.0 -9999.0 -9999.0 -9999.0 -9999.0 -9999.0 -9999.0 -9999.0 -9999.0 -9999.0 -9999.0 -9999.0 -9999.0 -9999.0 -9999.0 -9999.0 -9999.0 -9999.0
-9999.0 -9999.0 -9999.0 -9999.0 -9999.0 -9999.0 -9999.0 -9999.0 -9999.0 -9999.0 -9999.0 -9999.0 -9999.0 -9999.0 -9999.0 -9999.0 -9999.0 -9999.0 -9999.0 -9999.0 -9999.0 -9999.0 -9999.0 -9999.0 -9999.0 -9999.0 -9999.0 -9999.0 -9999.0 -9999.0 -9999.0 -9999.0 -9999.0 -9999.0 -9999.0 -9999.0 -9999.0 -9999.0 -9999.0 -9999.0 -9999.0 -9999.0 -9999.0 -9999.0 -9999.0 -9999.0 -9999.0 -9999.0 -9999.0 -9999.0 -9999.0 -9999.0 -9999.0 -9999.0 -9999.0 -9999.0 -9999.0 -9999.0 -9999.0 -9999.0 -9999.0 -9999.0 -9999.0 -9999.0 -9999.0 -9999.0 -9999.0 -9999.0 -9999.0 -9999.0 -9999.0 -9999.0 -9999.0 -9999.0 -9999.0 -9999.0 -9999.0 -9999.0 -9999.0 -9999.0 -9999.0 -9999.0 -9999.0 -9999.0 -9999.0 -9999.0 -9999.0 -9999.0 -9999.0 -9999.0 -9999.0 -9999.0 -9999.0 -9999.0 -9999.0 -9999.0 -9999.0 -9999.0 -9999.0 -9999.0 -9999.0 -9999.0 -9999.0 -9999.0
-9999.0 -9999.0 5329.804256 5234.265544 5142.443916 5053.256780 4965.689248 4878.977036 4792.613493 4706.288569 4619.823358 4533.120532 4446.131498 4358.835854 4271.228623 4183.312396 4095.092809 4006.576070 3917.767684 3828.671866 3739.291490 3649.628599 3559.685596 3469.466655 3378.978076 3288.227523 3197.223180 3105.973137 3014.484973 2922.765453 2830.820270 2738.653820 2646.268952 2553.666713 2460.846084 2367.803892 2274.535460 2181.037172 2087.310309 1993.359378 1899.189880 1804.807277 1710.216597 1615.422294 1520.428194 1425.237468 1329.852627 1234.275507 1138.507269 1042.548392 946.398667 850.057193 753.522371 656.791899 559.862750 462.731165 365.392616 267.841760 170.072369 72.077206 -26.088452 -123.233065 -211.492622 -277.455703 -317.451732 -338.523278 -348.882662 -353.887699 -356.362186 -357.653173 -358.374965 -358.804802 -359.074925 -359.254528 -359.382229 -359.479777 -359.559021 -359.626352 -359.685364 -359.738223 -359.786307 -359.830528 -359.871518 -359.909732 -359.945510 -359.979119 -360.010786 -360.040731 -360.069218 -360.096665 -360.123933 -360.153200 -360.190771 -360.256117 -360.411242 -360.857645 -362.280280 -367.294347 -388.986518 -528.019966 -823.600072 -847.991130 -9999.0 -9999.0
-9999.0 -9999.0 5329.805203 5234.266278 5142.444383 5053.257040 4965.689379 4878.977098 4792.613520 4706.288581 4619.823363 4533.120534 4446.131499 4358.835855 4271.228623 4183.312396 4095.092809 4006.576070 3917.767684 3828.671866 3739.291490 3649.628599 3559.685596 3469.466655 3378.978075 3288.227522 3197.223179 3105.973136 3014.484973 2922.765452 2830.820270 2738.653820 2646.268952 2553.666713 2460.846084 2367.803892 2274.535460 2181.037173 2087.310310 1993.359378 1899.189880 1804.807277 1710.216597 1615.422294 1520.428194 1425.237468 1329.852627 1234.275507 1138.507269 1042.548392 946.398667 850.057193 753.522371 656.791899 559.862750 462.731165 365.392616 267.841760 170.072369 72.077206 -26.088452 -123.233065 -211.492622 -277.455703 -317.451732 -338.523278 -348.882662 -353.887699 -356.362186 -357.653173 -358.374965 -358.804802 -359.074925 -359.254528 -359.382229 -359.479777 -359.559021 -359.626352 -359.685364 -359.738223 -359.786307 -359.830528 -359.871518 -359.909732 -359.945510 -359.979119 -360.010786 -360.040731 -360.069218 -360.096665 -360.123933 -360.153200 -360.190771 -360.256117 -360.411243 -360.857645 -362.280280 -367.294348 -388.986521 -528.019985 -823.600075 -847.991130 -9999.0 -9999.0
-9999.0 -9999.0 5329.806099 5234.266977 5142.444834 5053.257292 4965.689507 4878.977159 4792.613548 4706.288593 4619.823368 4533.120536 4446.131499 4358.835855 4271.228623 4183.312396 4095.092809 4006.576070 3917.767684 3828.671866 3739.291489 3649.628599 3559.685596 3469.466655 3378.978075 3288.227522 3197.223179 3105.973136 3014.484973 2922.765452 2830.820270 2738.653820 2646.268952 2553.666713 2460.846084 2367.803892 2274.535460 2181.037173 2087.310310 1993.359378 1899.189880 1804.807277 1710.216597 1615.422294 1520.428194 1425.237468 1329.852627 1234.275507 1138.507269 1042.548392 946.398667 850.057193 753.522371 656.791899 559.862750 462.731165 365.392616 267.841760 170.072369 72.077206 -26.088452 -123.233065 -211.492622 -277.455703 -317.451732 -338.523278 -348.882662 -353.887699 -356.362186 -357.653173 -358.374965 -358.804802 -359.074925 -359.254528 -359.382229 -359.479777 -359.559021 -359.626352 -359.685364 -359.738223 -359.786307 -359.830528 -359.871518 -359.909732 -359.945510 -359.979119 -360.010786 -360.040731 -360.069218 -360.096665 -360.123933 -360.153200 -360.190771 -360.256117 -360.411243 -360.857645 -362.280281 -367.294348 -388.986524 -528.020005 -823.600078 -847.991130 -9999.0 -9999.0
-9999.0 -9999.0 5329.806099 5234.266977 5142.444834 5053.257292 4965.689507 4878.977159 4792.613548 4706.288593 4619.823368 4533.120537 4446.131499 4358.835855 4271.228623 4183.312396 4095.092809 4006.576070 3917.767684 3828.671866 3739.291489 3649.628599 3559.685596 3469.466655 3378.978075 3288.227522 3197.223179 3105.973136 3014.484973 2922.765452 2830.820270 2738.653820 2646.268952 2553.666713 2460.846084 2367.803892 2274.535460 2181.037173 2087.310310 1993.359378 1899.189880 1804.807277 1710.216597 1615.422294 1520.428194 1425.237468 1329.852627 1234.275507 1138.507269 1042.548392 946.398667 850.057193 753.522371 656.791899 559.862750 462.731165 365.392616 267.841760 170.072369 72.077206 -26.088452 -123.233065 -211.492622 -277.455703 -317.451732 -338.523278 -348.882662 -353.887699 -356.362186 -357.653173 -358.374965 -358.804802 -359.074925 -359.254528 -359.382229 -359.479777 -359.559021 -359.626352 -359.685364 -359.738223 -359.786307 -359.830528 -359.871518 -359.909732 -359.945510 -359.979119 -360.010786 -360.040731 -360.069218 -360.096665 -360.123933 -360.153200 -360.190771 -360.256117 -360.411243 -360.857645 -362.280281 -367.294348 -388.986524 -528.020005 -823.600078 -847.991130 -9999.0 -9999.0
-9999.0 -9999.0 5329.805203 5234.266278 5142.444383 5053.257040 4965.689379 4878.977098 4792.613520 4706.288581 4619.823363 4533.120534 4446.131499 4358.835855 4271.228623 4183.312396 4095.092809 4006.576070 3917.767684 3828.671866 3739.291490 3649.628599 3559.685596 3469.466655 3378.978075 3288.227522 3197.223179 3105.973136 3014.484973 2922.765452 2830.820270 2738.653820 2646.268952 2553.666713 2460.846084 2367.803892 2274.535460 2181.037173 2087.310310 1993.359378 1899.189880 1804.807277 1710.216597 1615.422294 1520.428194 1425.237468 1329.852627 1234.275507 1138.507269 1042.548392 946.398667 850.057193 753.522371 656.791899 559.862750 462.731165 365.392616 267.841760 170.072369 72.077206 -26.088452 -123.233065 -211.492622 -277.455703 -317.451732 -338.523278 -348.882662 -353.887699 -356.362186 -357.653173 -358.374965 -358.804802 -359.074925 -359.254528 -359.382229 -359.479777 -359.559021 -359.626352 -359.685364 -359.738223 -359.786307 -359.830528 -359.871518 -359.909732 -359.945510 -359.979119 -360.010786 -360.040731 -360.069218 -360.096665 -360.123933 -360.153200 -360.190771 -360.256117 -360.411243 -360.857645 -362.280280 -367.294348 -388.986521 -528.019985 -823.600075 -847.991130 -9999.0 -9999.0
-9999.0 -9999.0 5329.804256 5234.265544 5142.443916 5053.256780 4965.689248 4878.977036 4792.613493 4706.288569 4619.823358 4533.120532 4446.131498 4358.835854 4271.228623 4183.312396 4095.092809 4006.576070 3917.767684 3828.671866 3739.291490 3649.628599 3559.685596 3469.466655 3378.978076 3288.227523 3197.223180 3105.973137 3014.484973 2922.765453 2830.820270 2738.653820 2646.268952 2553.666713 2460.846084 2367.803892 2274.535460 2181.037172 2087.310309 1993.359378 1899.189880 1804.807277 1710.216597 1615.422294 1520.428194 1425.237468 1329.852627 1234.275507 1138.507269 1042.548392 946.398667 850.057193 753.522371 656.791899 559.862750 462.731165 365.392616 267.841760 170.072369 72.077206 -26.088452 -123.233065 -211.492622 -277.455703 -317.451732 -338.523278 -348.882662 -353.887699 -356.362186 -357.653173 -358.374965 -358.804802 -359.074925 -359.254528 -359.382229 -359.479777 -359.559021 -359.626352 -359.685364 -359.738223 -359.786307 -359.830528 -359.871518 -359.909732 -359.945510 -359.979119 -360.010786 -360.040731 -360.069218 -360.096665 -360.123933 -360.153200 -360.190771 -360.256117 -360.411242 -360.857645 -362.280280 -367.294347 -388.986518 -528.019966 -823.600072 -847.991130 -9999.0 -9999.0
-9999.0 -9999.0 -9999.0 -9999.0 -9999.0 -9999.0 -9999.0 -9999.0 -9999.0 -9999.0 -9999.0 -9999.0 -9999.0 -9999.0 -9999.0 -9999.0 -9999.0 -9999.0 -9999.0 -9999.0 -9999.0 -9999.0 -9999.0 -9999.0 -9999.0 -9999.0 -9999.0 -9999.0 -9999.0 -9999.0 -9999.0 -9999.0 -9999.0 -9999.0 -9999.0 -9999.0 -9999.0 -9999.0 -9999.0 -9999.0 -9999.0 -9999.0 -9999.0 -9999.0 -9999.0 -9999.0 -9999.0 -9999.0 -9999.0 -9999.0 -9999.0 -9999.0 -9999.0 -9999.0 -9999.0 -9999.0 -9999.0 -9999.0 -9999.0 -9999.0 -9999.0 -9999.0 -9999.0 -9999.0 -9999.0 -9999.0 -9999.0 -9999.0 -9999.0 -9999.0 -9999.0 -9999.0 -9999.0 -9999.0 -9999.0 -9999.0 -9999.0 -9999.0 -9999.0 -9999.0 -9999.0 -9999.0 -9999.0 -9999.0 -9999.0 -9999.0 -9999.0 -9999.0 -9999.0 -9999.0 -9999.0 -9999.0 -9999.0 -9999.0 -9999.0 -9999.0 -9999.0 -9999.0 -9999.0 -9999.0 -9999.0 -9999.0 -9999.0 -9999.0
-9999.0 -9999.0 -9999.0 -9999.0 -9999.0 -9999.0 -9999.0 -9999.0 -9999.0 -9999.0 -9999.0 -9999.0 -9999.0 -9999.0 -9999.0 -9999.0 -9999.0 -9999.0 -9999.0 -9999.0 -9999.0 -9999.0 -9999.0 -9999.0 -9999.0 -9999.0 -9999.0 -9999.0 -9999.0 -9999.0 -9999.0 -9999.0 -9999.0 -9999.0 -9999.0 -9999.0 -9999.0 -9999.0 -9999.0 -9999.0 -9999.0 -9999.0 -9999.0 -9999.0 -9999.0 -9999.0 -9999.0 -9999.0 -9999.0 -9999.0 -9999.0 -9999.0 -9999.0 -9999.0 -9999.0 -9999.0 -9999.0 -9999.0 -9999.0 -9999.0 -9999.0 -9999.0 -9999.0 -9999.0 -9999.0 -9999.0 -9999.0 -9999.0 -9999.0 -9999.0 -9999.0 -9999.0 -9999.0 -9999.0 -9999.0 -9999.0 -9999.0 -9999.0 -9999.0 -9999.0 -9999.0 -9999.0 -9999.0 -9999.0 -9999.0 -9999.0 -9999.0 -9999.0 -9999.0 -9999.0 -9999.0 -9999.0 -9999.0 -9999.0 -9999.0 -9999.0 -9999.0 -9999.0 -9999.0 -9999.0 -9999.0 -9999.0 -9999.0 -9999.0