examples/3D/hillslope01/output-maps-SE27XX/psiliqL0086N0001.asc
ncols         104
nrows         10
xllcorner     -2.000000
yllcorner     0.000000
cellsize      1.000000
NODATA_value  -9999.0
-9999.0 -9999.0 -9999.0 -9999.0 -9999.0 -9999.0 -9999.0 -9999.0 -9999.0 -9999.0 -9999.0 -9999.0 -9999.0 -9999.0 -9999.0 -9999.0 -9999.0 -9999.0 -9999.0 -9999.0 -9999.0 -9999.0 -9999.0 -9999.0 -9999.0 -9999.0 -9999.0 -9999.0 -9999.0 -9999.0 -9999.0 -9999.0 -9999.0 -9999.0 -9999.0 -9999.0 -9999.0 -9999.0 -9999.0 -9999.0 -9999.0 -9999.0 -9999.0 -9999.0 -9999.0 -9999.0 -9999.0 -9999.0 -9999.0 -9999.0 -9999.0 -9999.0 -9999.0 -9999.0 -9999.0 -9999.0 -9999.0 -9999.0 -9999.0 -9999.0 -9999.0 -9999.0 -9999.0 -9999.0 -9999.0 -9999.0 -9999.0 -9999.0 -9999.0 -9999.0 -9999.0 -9999.0 -9999.0 -9999.0 -9999.0 -9999.0 -9999.0 -9999.0 -9999.0 -9999.0 -9999.0 -9999.0 -9999.0 -9999.0 -9999.0 -9999.0 -9999.0 -9999.0 -9999.0 -9999.0 -9999.0 -9999.0 -9999.0 -9999.0 -9999.0 -9999.0 -9999.0 -9999.0 -9999.0 -9999.0 -9999.0 -9999.0 -9999.0 -9999.0
-9999.0 -9999.0 -9999.0 -9999.0 -9999.0 -9999.0 -9999.0 -9999.0 -9999.0 -9999.0 -9999.0 -9999.0 -9999.0 -9999.0 -9999.0 -9999.0 -9999.0 -9999.0 -9999.0 -9999.0 -9999.0 -9999.0 -9999.0 -9999.0 -9999.0 -9999.0 -9999.0 -9999.0 -9999.0 -9999.0 -9999.0 -9999.0 -9999.0 -9999.0 -9999.0 -9999.0 -9999.0 -9999.0 -9999.0 -9999.0 -9999.0 -9999.0 -9999.0 -9999.0 -9999.0 -9999.0 -9999.0 -9999.0 -9999.0 -9999.0 -9999.0 -9999.0 -9999.0 -9999.0 -9999.0 -9999.0 -9999.0 -9999.0 -9999.0 -9999.0 -9999.0 -9999.0 -9999.0 -9999.0 -9999.0 -9999.0 -9999.0 -9999.0 -9999.0 -9999.0 -9999.0 -9999.0 -9999.0 -9999.0 -9999.0 -9999.0 -9999.0 -9999.0 -9999.0 -9999.0 -9999.0 -9999.0 -9999.0 -9999.0 -9999.0 -9999.0 -9999.0 -9999.0 -9999.0 -9999.0 -9999.0 -9999.0 -9999.0 -9999.0 -9999.0 -9999.0 -9999.0 -9999.0 -9999.0 -9999.0 -9999.0 -9999.0 -9999.0 -9999.0
-9999.0 -9999.0 7158.296354 7058.532937 6959.014811 6859.757565 6760.781166 6662.107961 6563.761763 6465.768054 6368.155141 6270.956055 6174.211100 6077.970882 5982.299616 5887.278180 5793.006114 5699.601452 5607.197174 5515.933592 5425.947285 5337.359090 5250.264546 5164.729640 5080.792363 4998.468023 4917.755164 4838.639938 4761.099241 4685.103724 4610.620308 4537.612849 4466.042439 4395.868528 4327.049406 4259.541626 4193.300855 4128.282246 4064.439341 4001.725253 3940.092255 3879.492294 3819.879149 3761.204112 3703.418095 3646.470323 3590.309050 3534.883202 3480.139847 3426.029279 3372.498919 3319.502571 3266.988035 3214.908549 3163.211650 3111.851015 3060.774526 3009.936779 2959.285837 2908.777317 2858.359283 2807.988452 2757.612663 2707.189755 2656.667249 2606.003933 2555.147057 2504.055648 2452.677107 2400.969214 2348.880662 2296.365358 2243.375747 2189.857776 2135.772636 2081.053547 2025.682230 1969.576397 1912.736648 1855.075127 1796.546864 1737.097593 1676.630535 1615.185656 1552.635210 1488.909956 1424.008870 1357.781604 1290.175508 1221.197479 1150.663198 1078.441033 1004.611576 929.013203 851.428143 771.699806 689.762926 605.591660 518.889341 429.359024 336.695738 240.531205 -9999.0 -9999.0
-9999.0 -9999.0 7158.296354 7058.532937 6959.014811 6859.757565 6760.781166 6662.107961 6563.761763 6465.768054 6368.155141 6270.956055 6174.211100 6077.970882 5982.299616 5887.278180 5793.006114 5699.601451 5607.197174 5515.933592 5425.947285 5337.359090 5250.264546 5164.729640 5080.792362 4998.468023 4917.755164 4838.639937 4761.099241 4685.103724 4610.620308 4537.612849 4466.042439 4395.868528 4327.049406 4259.541626 4193.300855 4128.282246 4064.439341 4001.725253 3940.092255 3879.492294 3819.879149 3761.204112 3703.418095 3646.470323 3590.309050 3534.883202 3480.139847 3426.029279 3372.498919 3319.502571 3266.988035 3214.908549 3163.211650 3111.851015 3060.774525 3009.936779 2959.285837 2908.777317 2858.359283 2807.988452 2757.612663 2707.189755 2656.667249 2606.003933 2555.147057 2504.055648 2452.677107 2400.969214 2348.880662 2296.365358 2243.375747 2189.857776 2135.772636 2081.053547 2025.682230 1969.576397 1912.736648 1855.075127 1796.546864 1737.097593 1676.630535 1615.185656 1552.635210 1488.909956 1424.008870 1357.781604 1290.175508 1221.197479 1150.663198 1078.441033 1004.611575 929.013203 851.428143 771.699806 689.762926 605.591660 518.889341 429.359024 336.695738 240.531204 -9999.0 -9999.0
-9999.0 -9999.0 7158.296354 7058.532937 6959.014811 6859.757565 6760.781166 6662.107961 6563.761763 6465.768054 6368.155141 6270.956055 6174.211100 6077.970882 5982.299616 5887.278179 5793.006114 5699.601451 5607.197174 5515.933591 5425.947285 5337.359090 5250.264546 5164.729640 5080.792362 4998.468023 4917.755164 4838.639937 4761.099241 4685.103724 4610.620308 4537.612849 4466.042439 4395.868528 4327.049406 4259.541626 4193.300855 4128.282246 4064.439341 4001.725253 3940.092255 3879.492294 3819.879149 3761.204112 3703.418095 3646.470323 3590.309050 3534.883202 3480.139847 3426.029279 3372.498919 3319.502571 3266.988035 3214.908549 3163.211650 3111.851015 3060.774525 3009.936779 2959.285837 2908.777317 2858.359283 2807.988452 2757.612663 2707.189755 2656.667249 2606.003933 2555.147057 2504.055648 2452.677107 2400.969214 2348.880662 2296.365358 2243.375747 2189.857776 2135.772636 2081.053547 2025.682230 1969.576397 1912.736648 1855.075127 1796.546864 1737.097593 1676.630535 1615.185656 1552.635210 1488.909956 1424.008870 1357.781604 1290.175508 1221.197479 1150.663198 1078.441033 1004.611575 929.013203 851.428142 771.699806 689.762926 605.591660 518.889341 429.359023 336.695738 240.531204 -9999.0 -9999.0
-9999.0 -9999.0 7158.296354 7058.532937 6959.014811 6859.757565 6760.781166 6662.107961 6563.761763 6465.768054 6368.155141 6270.956055 6174.211100 6077.970882 5982.299616 5887.278179 5793.006114 5699.601451 5607.197174 5515.933591 5425.947285 5337.359089 5250.264546 5164.729640 5080.792362 4998.468023 4917.755164 4838.639937 4761.099241 4685.103724 4610.620308 4537.612849 4466.042439 4395.868528 4327.049406 4259.541626 4193.300855 4128.282246 4064.439341 4001.725253 3940.092255 3879.492294 3819.879149 3761.204112 3703.418095 3646.470323 3590.309050 3534.883202 3480.139847 3426.029279 3372.498919 3319.502571 3266.988035 3214.908549 3163.211650 3111.851015 3060.774525 3009.936779 2959.285837 2908.777317 2858.359283 2807.988452 2757.612663 2707.189755 2656.667249 2606.003933 2555.147057 2504.055648 2452.677107 2400.969214 2348.880662 2296.365358 2243.375747 2189.857776 2135.772636 2081.053547 2025.682230 1969.576397 1912.736648 1855.075127 1796.546864 1737.097593 1676.630535 1615.185656 1552.635210 1488.909956 1424.008870 1357.781604 1290.175508 1221.197479 1150.663198 1078.441033 1004.611575 929.013203 851.428142 771.699806 689.762926 605.591660 518.889341 429.359023 336.695738 240.531204 -9999.0 -9999.0
-9999.0 -9999.0 7158.296354 7058.532937 6959.014811 6859.757565 6760.781166 6662.107961 6563.761763 6465.768054 6368.155141 6270.956055 6174.211100 6077.970882 5982.299616 5887.278180 5793.006114 5699.601451 5607.197174 5515.933592 5425.947285 5337.359090 5250.264546 5164.729640 5080.792362 4998.468023 4917.755164 4838.639938 4761.099241 4685.103724 4610.620308 4537.612849 4466.042439 4395.868528 4327.049406 4259.541626 4193.300855 4128.282246 4064.439341 4001.725253 3940.092255 3879.492294 3819.879149 3761.204112 3703.418095 3646.470323 3590.309050 3534.883202 3480.139847 3426.029279 3372.498919 3319.502571 3266.988035 3214.908549 3163.211650 3111.851015 3060.774525 3009.936779 2959.285837 2908.777317 2858.359283 2807.988452 2757.612663 2707.189755 2656.667249 2606.003933 2555.147057 2504.055648 2452.677107 2400.969214 2348.880662 2296.365358 2243.375747 2189.857776 2135.772636 2081.053547 2025.682230 1969.576397 1912.736648 1855.075127 1796.546864 1737.097593 1676.630535 1615.185656 1552.635210 1488.909956 1424.008870 1357.781604 1290.175508 1221.197479 1150.663198 1078.441033 1004.611575 929.013203 851.428143 771.699806 689.762926 605.591660 518.889341 429.359024 336.695738 240.531204 -9999.0 -9999.0
-9999.0 -9999.0 7158.296354 7058.532937 6959.014811 6859.757565 6760.781166 6662.107961 6563.761763 6465.768054 6368.155141 6270.956055 6174.211100 6077.970882 5982.299616 5887.278180 5793.006114 5699.601451 5607.197174 5515.933592 5425.947285 5337.359090 5250.264546 5164.729640 5080.792363 4998.468023 4917.755164 4838.639938 4761.099241 4685.103724 4610.620308 4537.612849 4466.042439 4395.868528 4327.049406 4259.541626 4193.300855 4128.282246 4064.439341 4001.725253 3940.092255 3879.492294 3819.879149 3761.204112 3703.418095 3646.470323 3590.309050 3534.883202 3480.139847 3426.029279 3372.498919 3319.502571 3266.988035 3214.908549 3163.211650 3111.851015 3060.774525 3009.936779 2959.285837 2908.777317 2858.359283 2807.988452 2757.612663 2707.189755 2656.667249 2606.003933 2555.147057 2504.055648 2452.677107 2400.969214 2348.880662 2296.365358 2243.375747 2189.857776 2135.772636 2081.053547 2025.682230 1969.576397 1912.736648 1855.075127 1796.546864 1737.097593 1676.630535 1615.185656 1552.635210 1488.909956 1424.008870 1357.781604 1290.175508 1221.197479 1150.663198 1078.441033 1004.611576 929.013203 851.428143 771.699806 689.762926 605.591660 518.889341 429.359024 336.695738 240.531205 -9999.0 -9999.0
-9999.0 -9999.0 -9999.0 -9999.0 -9999.0 -9999.0 -9999.0 -9999.0 -9999.0 -9999.0 -9999.0 -9999.0 -9999.0 -9999.0 -9999.0 -9999.0 -9999.0 -9999.0 -9999.0 -9999.0 -9999.0 -9999.0 -9999.0 -9999.0 -9999.0 -9999.0 -9999.0 -9999.0 -9999.0 -9999.0 -9999.0 -9999.0 -9999.0 -9999.0 -9999.0 -9999.0 -9999.0 -9999.0 -9999.0 -9999.0 -9999.0 -9999.0 -9999.0 -9999.0 -9999.0 -9999.0 -9999.0 -9999.0 -9999.0 -9999.0 -9999.0 -9999.0 -9999.0 -9999.0 -9999.0 -9999.0 -9999.0 -9999.0 -9999.0 -9999.0 -9999.0 -9999.0 -9999.0 -9999.0 -9999.0 -9999.0 -9999.0 -9999.0 -9999.0 -9999.0 -9999.0 -9999.0 -9999.0 -9999.0 -9999.0 -9999.0 -9999.0 -9999.0 -9999.0 -9999.0 -9999.0 -9999.0 -9999.0 -9999.0 -9999.0 -9999.0 -9999.0 -9999.0 -9999.0 -9999.0 -9999.0 -9999.0 -9999.0 -9999.0 -9999.0 -9999.0 -9999.0 -9999.0 -9999.0 -9999.0 -9999.0 -9999.0 -9999.0 -9999.0
-9999.0 -9999.0 -9999.0 -9999.0 -9999.0 -9999.0 -9999.0 -9999.0 -9999.0 -9999.0 -9999.0 -9999.0 -9999.0 -9999.0 -9999.0 -9999.0 -9999.0 -9999.0 -9999.0 -9999.0 -9999.0 -9999.0 -9999.0 -9999.0 -9999.0 -9999.0 -9999.0 -9999.0 -9999.0 -9999.0 -9999.0 -9999.0 -9999.0 -9999.0 -9999.0 -9999.0 -9999.0 -9999.0 -9999.0 -9999.0 -9999.0 -9999.0 -9999.0 -9999.0 -9999.0 -9999.0 -9999.0 -9999.0 -9999.0 -9999.0 -9999.0 -9999.0 -9999.0 -9999.0 -9999.0 -9999.0 -9999.0 -9999.0 -9999.0 -9999.0 -9999.0 -9999.0 -9999.0 -9999.0 -9999.0 -9999.0 -9999.0 -9999.0 -9999.0 -9999.0 -9999.0 -9999.0 -9999.0 -9999.0 -9999.0 -9999.0 -9999.0 -9999.0 -9999.0 -9999.0 -9999.0 -9999.0 -9999.0 -9999.0 -9999.0 -9999.0 -9999.0 -9999.0 -9999.0 -9999.0 -9999.0 -9999.0 -9999.0 -9999.0 -9999.0 -9999.0 -9999.0 -9999.0 -9999.0 -9999.0 -9999.0 -9999.0 -9999.0 -9999.0