examples/3D/hillslope01/output-maps-SE27XX/psiliqL0097N0002.asc
ncols         104
nrows         10
xllcorner     -2.000000
yllcorner     0.000000
cellsize      1.000000
NODATA_value  -9999.0
-9999.0 -9999.0 -9999.0 -9999.0 -9999.0 -9999.0 -9999.0 -9999.0 -9999.0 -9999.0 -9999.0 -9999.0 -9999.0 -9999.0 -9999.0 -9999.0 -9999.0 -9999.0 -9999.0 -9999.0 -9999.0 -9999.0 -9999.0 -9999.0 -9999.0 -9999.0 -9999.0 -9999.0 -9999.0 -9999.0 -9999.0 -9999.0 -9999.0 -9999.0 -9999.0 -9999.0 -9999.0 -9999.0 -9999.0 -9999.0 -9999.0 -9999.0 -9999.0 -9999.0 -9999.0 -9999.0 -9999.0 -9999.0 -9999.0 -9999.0 -9999.0 -9999.0 -9999.0 -9999.0 -9999.0 -9999.0 -9999.0 -9999.0 -9999.0 -9999.0 -9999.0 -9999.0 -9999.0 -9999.0 -9999.0 -9999.0 -9999.0 -9999.0 -9999.0 -9999.0 -9999.0 -9999.0 -9999.0 -9999.0 -9999.0 -9999.0 -9999.0 -9999.0 -9999.0 -9999.0 -9999.0 -9999.0 -9999.0 -9999.0 -9999.0 -9999.0 -9999.0 -9999.0 -9999.0 -9999.0 -9999.0 -9999.0 -9999.0 -9999.0 -9999.0 -9999.0 -9999.0 -9999.0 -9999.0 -9999.0 -9999.0 -9999.0 -9999.0 -9999.0
-9999.0 -9999.0 -9999.0 -9999.0 -9999.0 -9999.0 -9999.0 -9999.0 -9999.0 -9999.0 -9999.0 -9999.0 -9999.0 -9999.0 -9999.0 -9999.0 -9999.0 -9999.0 -9999.0 -9999.0 -9999.0 -9999.0 -9999.0 -9999.0 -9999.0 -9999.0 -9999.0 -9999.0 -9999.0 -9999.0 -9999.0 -9999.0 -9999.0 -9999.0 -9999.0 -9999.0 -9999.0 -9999.0 -9999.0 -9999.0 -9999.0 -9999.0 -9999.0 -9999.0 -9999.0 -9999.0 -9999.0 -9999.0 -9999.0 -9999.0 -9999.0 -9999.0 -9999.0 -9999.0 -9999.0 -9999.0 -9999.0 -9999.0 -9999.0 -9999.0 -9999.0 -9999.0 -9999.0 -9999.0 -9999.0 -9999.0 -9999.0 -9999.0 -9999.0 -9999.0 -9999.0 -9999.0 -9999.0 -9999.0 -9999.0 -9999.0 -9999.0 -9999.0 -9999.0 -9999.0 -9999.0 -9999.0 -9999.0 -9999.0 -9999.0 -9999.0 -9999.0 -9999.0 -9999.0 -9999.0 -9999.0 -9999.0 -9999.0 -9999.0 -9999.0 -9999.0 -9999.0 -9999.0 -9999.0 -9999.0 -9999.0 -9999.0 -9999.0 -9999.0
-9999.0 -9999.0 9814.691578 9716.966852 9621.389674 9527.728630 9435.687450 9344.946048 9255.194074 9166.152825 9077.585939 8989.301617 8901.149581 8813.015400 8724.813997 8636.483424 8547.979406 8459.270879 8370.336485 8281.161943 8191.738134 8102.059762 8012.124417 7921.931905 7831.483731 7740.782647 7649.832245 7558.636586 7467.199864 7375.526126 7283.619050 7191.481780 7099.116847 7006.526167 6913.711135 6820.672814 6727.412192 6633.930448 6540.229154 6446.310350 6352.176491 6257.830304 6163.274620 6068.512207 5973.545622 5878.377095 5783.008434 5687.440957 5591.675442 5495.712079 5399.550451 5303.189506 5206.627548 5109.862224 5012.890526 4915.708799 4818.312758 4720.697534 4622.857744 4524.787619 4426.481217 4327.932786 4229.137342 4130.091619 4030.795571 3931.254690 3831.483453 3731.510104 3631.382752 3531.176181 3430.997479 3330.987382 3231.314497 3132.160119 3033.694265 2936.052173 2839.319185 2743.528650 2648.670113 2554.701750 2461.561416 2369.175023 2277.464632 2186.357918 2095.786795 2005.680059 1915.962424 1826.552229 1737.360623 1648.292828 1559.249215 1470.127575 1380.828244 1291.263966 1201.333606 1110.899467 1019.799549 927.850217 834.842735 740.535760 644.645398 546.844405 -9999.0 -9999.0
-9999.0 -9999.0 9814.691589 9716.966862 9621.389683 9527.728636 9435.687454 9344.946050 9255.194075 9166.152826 9077.585939 8989.301617 8901.149581 8813.015400 8724.813997 8636.483424 8547.979406 8459.270879 8370.336485 8281.161942 8191.738134 8102.059762 8012.124416 7921.931905 7831.483731 7740.782647 7649.832245 7558.636586 7467.199864 7375.526126 7283.619050 7191.481780 7099.116847 7006.526167 6913.711135 6820.672815 6727.412192 6633.930448 6540.229154 6446.310351 6352.176491 6257.830304 6163.274620 6068.512207 5973.545622 5878.377095 5783.008434 5687.440958 5591.675442 5495.712079 5399.550451 5303.189506 5206.627548 5109.862224 5012.890526 4915.708799 4818.312758 4720.697535 4622.857744 4524.787619 4426.481217 4327.932786 4229.137342 4130.091619 4030.795571 3931.254690 3831.483453 3731.510104 3631.382752 3531.176181 3430.997479 3330.987382 3231.314497 3132.160119 3033.694265 2936.052173 2839.319185 2743.528650 2648.670113 2554.701750 2461.561416 2369.175023 2277.464632 2186.357918 2095.786795 2005.680059 1915.962424 1826.552229 1737.360623 1648.292828 1559.249215 1470.127575 1380.828244 1291.263966 1201.333606 1110.899467 1019.799549 927.850217 834.842735 740.535760 644.645398 546.844405 -9999.0 -9999.0
-9999.0 -9999.0 9814.691601 9716.966872 9621.389691 9527.728642 9435.687458 9344.946053 9255.194077 9166.152827 9077.585940 8989.301617 8901.149581 8813.015400 8724.813998 8636.483424 8547.979406 8459.270879 8370.336485 8281.161942 8191.738134 8102.059762 8012.124416 7921.931905 7831.483731 7740.782646 7649.832245 7558.636586 7467.199864 7375.526126 7283.619050 7191.481780 7099.116847 7006.526167 6913.711135 6820.672815 6727.412192 6633.930448 6540.229154 6446.310351 6352.176491 6257.830304 6163.274620 6068.512207 5973.545622 5878.377095 5783.008434 5687.440958 5591.675442 5495.712079 5399.550451 5303.189507 5206.627548 5109.862224 5012.890526 4915.708799 4818.312758 4720.697534 4622.857744 4524.787619 4426.481217 4327.932786 4229.137342 4130.091619 4030.795571 3931.254690 3831.483453 3731.510104 3631.382752 3531.176181 3430.997479 3330.987382 3231.314497 3132.160119 3033.694265 2936.052173 2839.319185 2743.528650 2648.670113 2554.701750 2461.561416 2369.175023 2277.464632 2186.357918 2095.786795 2005.680059 1915.962424 1826.552229 1737.360623 1648.292828 1559.249215 1470.127575 1380.828244 1291.263966 1201.333606 1110.899467 1019.799549 927.850217 834.842735 740.535760 644.645398 546.844405 -9999.0 -9999.0
-9999.0 -9999.0 9814.691601 9716.966872 9621.389691 9527.728642 9435.687458 9344.946053 9255.194077 9166.152827 9077.585940 8989.301617 8901.149581 8813.015400 8724.813998 8636.483424 8547.979406 8459.270879 8370.336485 8281.161942 8191.738134 8102.059762 8012.124416 7921.931905 7831.483731 7740.782646 7649.832245 7558.636586 7467.199864 7375.526126 7283.619050 7191.481780 7099.116847 7006.526167 6913.711135 6820.672815 6727.412192 6633.930448 6540.229154 6446.310351 6352.176491 6257.830304 6163.274620 6068.512207 5973.545622 5878.377095 5783.008434 5687.440958 5591.675442 5495.712079 5399.550451 5303.189507 5206.627548 5109.862224 5012.890526 4915.708799 4818.312758 4720.697535 4622.857744 4524.787619 4426.481217 4327.932786 4229.137342 4130.091619 4030.795571 3931.254690 3831.483453 3731.510104 3631.382752 3531.176181 3430.997479 3330.987382 3231.314497 3132.160119 3033.694265 2936.052173 2839.319185 2743.528650 2648.670113 2554.701750 2461.561416 2369.175023 2277.464632 2186.357918 2095.786795 2005.680059 1915.962424 1826.552229 1737.360623 1648.292828 1559.249215 1470.127575 1380.828244 1291.263966 1201.333606 1110.899467 1019.799549 927.850217 834.842735 740.535760 644.645398 546.844405 -9999.0 -9999.0
-9999.0 -9999.0 9814.691589 9716.966862 9621.389683 9527.728636 9435.687454 9344.946050 9255.194075 9166.152826 9077.585939 8989.301617 8901.149581 8813.015400 8724.813997 8636.483424 8547.979406 8459.270879 8370.336485 8281.161942 8191.738134 8102.059762 8012.124416 7921.931905 7831.483731 7740.782647 7649.832245 7558.636586 7467.199864 7375.526126 7283.619050 7191.481780 7099.116847 7006.526167 6913.711135 6820.672815 6727.412192 6633.930448 6540.229154 6446.310351 6352.176491 6257.830304 6163.274620 6068.512207 5973.545622 5878.377095 5783.008434 5687.440958 5591.675442 5495.712079 5399.550451 5303.189506 5206.627548 5109.862224 5012.890526 4915.708799 4818.312758 4720.697534 4622.857744 4524.787619 4426.481217 4327.932786 4229.137342 4130.091619 4030.795571 3931.254690 3831.483453 3731.510104 3631.382752 3531.176181 3430.997479 3330.987382 3231.314497 3132.160119 3033.694265 2936.052173 2839.319185 2743.528650 2648.670113 2554.701750 2461.561416 2369.175023 2277.464632 2186.357918 2095.786795 2005.680059 1915.962424 1826.552229 1737.360623 1648.292828 1559.249215 1470.127575 1380.828244 1291.263966 1201.333606 1110.899467 1019.799549 927.850217 834.842735 740.535760 644.645398 546.844405 -9999.0 -9999.0
-9999.0 -9999.0 9814.691578 9716.966852 9621.389674 9527.728630 9435.687450 9344.946048 9255.194074 9166.152825 9077.585939 8989.301617 8901.149581 8813.015400 8724.813997 8636.483424 8547.979406 8459.270879 8370.336485 8281.161943 8191.738134 8102.059762 8012.124417 7921.931905 7831.483731 7740.782647 7649.832245 7558.636586 7467.199864 7375.526126 7283.619050 7191.481780 7099.116847 7006.526167 6913.711135 6820.672814 6727.412192 6633.930448 6540.229154 6446.310350 6352.176491 6257.830304 6163.274620 6068.512207 5973.545622 5878.377095 5783.008434 5687.440957 5591.675442 5495.712079 5399.550451 5303.189506 5206.627548 5109.862224 5012.890526 4915.708799 4818.312758 4720.697534 4622.857744 4524.787619 4426.481217 4327.932786 4229.137342 4130.091619 4030.795571 3931.254690 3831.483453 3731.510104 3631.382752 3531.176181 3430.997479 3330.987382 3231.314497 3132.160119 3033.694265 2936.052173 2839.319185 2743.528650 2648.670113 2554.701750 2461.561416 2369.175023 2277.464632 2186.357918 2095.786795 2005.680059 1915.962424 1826.552229 1737.360623 1648.292828 1559.249215 1470.127575 1380.828244 1291.263966 1201.333606 1110.899467 1019.799549 927.850217 834.842735 740.535760 644.645398 546.844405 -9999.0 -9999.0
-9999.0 -9999.0 -9999.0 -9999.0 -9999.0 -9999.0 -9999.0 -9999.0 -9999.0 -9999.0 -9999.0 -9999.0 -9999.0 -9999.0 -9999.0 -9999.0 -9999.0 -9999.0 -9999.0 -9999.0 -9999.0 -9999.0 -9999.0 -9999.0 -9999.0 -9999.0 -9999.0 -9999.0 -9999.0 -9999.0 -9999.0 -9999.0 -9999.0 -9999.0 -9999.0 -9999.0 -9999.0 -9999.0 -9999.0 -9999.0 -9999.0 -9999.0 -9999.0 -9999.0 -9999.0 -9999.0 -9999.0 -9999.0 -9999.0 -9999.0 -9999.0 -9999.0 -9999.0 -9999.0 -9999.0 -9999.0 -9999.0 -9999.0 -9999.0 -9999.0 -9999.0 -9999.0 -9999.0 -9999.0 -9999.0 -9999.0 -9999.0 -9999.0 -9999.0 -9999.0 -9999.0 -9999.0 -9999.0 -9999.0 -9999.0 -9999.0 -9999.0 -9999.0 -9999.0 -9999.0 -9999.0 -9999.0 -9999.0 -9999.0 -9999.0 -9999.0 -9999.0 -9999.0 -9999.0 -9999.0 -9999.0 -9999.0 -9999.0 -9999.0 -9999.0 -9999.0 -9999.0 -9999.0 -9999.0 -9999.0 -9999.0 -9999.0 -9999.0 -9999.0
-9999.0 -9999.0 -9999.0 -9999.0 -9999.0 -9999.0 -9999.0 -9999.0 -9999.0 -9999.0 -9999.0 -9999.0 -9999.0 -9999.0 -9999.0 -9999.0 -9999.0 -9999.0 -9999.0 -9999.0 -9999.0 -9999.0 -9999.0 -9999.0 -9999.0 -9999.0 -9999.0 -9999.0 -9999.0 -9999.0 -9999.0 -9999.0 -9999.0 -9999.0 -9999.0 -9999.0 -9999.0 -9999.0 -9999.0 -9999.0 -9999.0 -9999.0 -9999.0 -9999.0 -9999.0 -9999.0 -9999.0 -9999.0 -9999.0 -9999.0 -9999.0 -9999.0 -9999.0 -9999.0 -9999.0 -9999.0 -9999.0 -9999.0 -9999.0 -9999.0 -9999.0 -9999.0 -9999.0 -9999.0 -9999.0 -9999.0 -9999.0 -9999.0 -9999.0 -9999.0 -9999.0 -9999.0 -9999.0 -9999.0 -9999.0 -9999.0 -9999.0 -9999.0 -9999.0 -9999.0 -9999.0 -9999.0 -9999.0 -9999.0 -9999.0 -9999.0 -9999.0 -9999.0 -9999.0 -9999.0 -9999.0 -9999.0 -9999.0 -9999.0 -9999.0 -9999.0 -9999.0 -9999.0 -9999.0 -9999.0 -9999.0 -9999.0 -9999.0 -9999.0