examples/3D/hillslope01/output-maps-SE27XX/psiliqL0100N0003.asc
ncols         104
nrows         10
xllcorner     -2.000000
yllcorner     0.000000
cellsize      1.000000
NODATA_value  -9999.0
-9999.0 -9999.0 -9999.0 -9999.0 -9999.0 -9999.0 -9999.0 -9999.0 -9999.0 -9999.0 -9999.0 -9999.0 -9999.0 -9999.0 -9999.0 -9999.0 -9999.0 -9999.0 -9999.0 -9999.0 -9999.0 -9999.0 -9999.0 -9999.0 -9999.0 -9999.0 -9999.0 -9999.0 -9999.0 -9999.0 -9999.0 -9999.0 -9999.0 -9999.0 -9999.0 -9999.0 -9999.0 -9999.0 -9999.0 -9999.0 -9999.0 -9999.0 -9999.0 -9999.0 -9999.0 -9999.0 -9999.0 -9999.0 -9999.0 -9999.0 -9999.0 -9999.0 -9999.0 -9999.0 -9999.0 -9999.0 -9999.0 -9999.0 -9999.0 -9999.0 -9999.0 -9999.0 -9999.0 -9999.0 -9999.0 -9999.0 -9999.0 -9999.0 -9999.0 -9999.0 -9999.0 -9999.0 -9999.0 -9999.0 -9999.0 -9999.0 -9999.0 -9999.0 -9999.0 -9999.0 -9999.0 -9999.0 -9999.0 -9999.0 -9999.0 -9999.0 -9999.0 -9999.0 -9999.0 -9999.0 -9999.0 -9999.0 -9999.0 -9999.0 -9999.0 -9999.0 -9999.0 -9999.0 -9999.0 -9999.0 -9999.0 -9999.0 -9999.0 -9999.0
-9999.0 -9999.0 -9999.0 -9999.0 -9999.0 -9999.0 -9999.0 -9999.0 -9999.0 -9999.0 -9999.0 -9999.0 -9999.0 -9999.0 -9999.0 -9999.0 -9999.0 -9999.0 -9999.0 -9999.0 -9999.0 -9999.0 -9999.0 -9999.0 -9999.0 -9999.0 -9999.0 -9999.0 -9999.0 -9999.0 -9999.0 -9999.0 -9999.0 -9999.0 -9999.0 -9999.0 -9999.0 -9999.0 -9999.0 -9999.0 -9999.0 -9999.0 -9999.0 -9999.0 -9999.0 -9999.0 -9999.0 -9999.0 -9999.0 -9999.0 -9999.0 -9999.0 -9999.0 -9999.0 -9999.0 -9999.0 -9999.0 -9999.0 -9999.0 -9999.0 -9999.0 -9999.0 -9999.0 -9999.0 -9999.0 -9999.0 -9999.0 -9999.0 -9999.0 -9999.0 -9999.0 -9999.0 -9999.0 -9999.0 -9999.0 -9999.0 -9999.0 -9999.0 -9999.0 -9999.0 -9999.0 -9999.0 -9999.0 -9999.0 -9999.0 -9999.0 -9999.0 -9999.0 -9999.0 -9999.0 -9999.0 -9999.0 -9999.0 -9999.0 -9999.0 -9999.0 -9999.0 -9999.0 -9999.0 -9999.0 -9999.0 -9999.0 -9999.0 -9999.0
-9999.0 -9999.0 10092.575396 9994.826830 9899.226257 9805.586318 9713.667139 9623.209311 9533.960698 9445.693822 9358.214307 9271.362631 9185.011781 9099.062890 9013.440266 8928.086593 8842.958738 8758.024274 8673.258758 8588.643645 8504.164721 8419.810902 8335.573313 8251.444578 8167.418330 8083.488894 7999.651113 7915.900211 7832.231646 7748.640947 7665.123587 7581.674953 7498.290399 7414.965314 7331.695110 7248.475107 7165.300397 7082.165822 6999.066087 6915.995931 6832.950170 6749.923553 6666.910528 6583.905159 6500.901293 6417.892849 6334.873951 6251.838750 6168.781026 6085.693987 6002.570475 5919.403403 5836.186064 5752.911965 5669.574233 5586.165179 5502.676440 5419.099581 5335.426729 5251.650644 5167.764000 5083.758416 4999.624221 4915.351060 4830.928948 4746.349061 4661.603513 4576.683876 4491.579892 4406.279365 4320.768989 4235.035643 4149.067663 4062.855205 3976.388742 3889.656775 3802.645027 3715.336765 3627.713494 3539.755834 3451.444718 3362.762834 3273.694985 3184.225150 3094.334587 3004.001638 2913.201961 2821.908576 2730.091679 2637.718282 2544.751739 2451.151183 2356.870871 2261.859466 2166.059360 2069.406482 1971.832113 1873.271846 1773.697367 1673.207482 1572.197775 1471.419085 -9999.0 -9999.0
-9999.0 -9999.0 10092.575406 9994.826839 9899.226264 9805.586323 9713.667142 9623.209314 9533.960699 9445.693823 9358.214308 9271.362632 9185.011781 9099.062890 9013.440266 8928.086594 8842.958738 8758.024274 8673.258758 8588.643645 8504.164721 8419.810903 8335.573313 8251.444579 8167.418330 8083.488894 7999.651113 7915.900211 7832.231646 7748.640947 7665.123587 7581.674953 7498.290399 7414.965314 7331.695110 7248.475107 7165.300397 7082.165822 6999.066087 6915.995931 6832.950170 6749.923553 6666.910528 6583.905159 6500.901293 6417.892848 6334.873951 6251.838750 6168.781026 6085.693987 6002.570475 5919.403403 5836.186064 5752.911965 5669.574233 5586.165179 5502.676440 5419.099581 5335.426729 5251.650644 5167.764000 5083.758416 4999.624220 4915.351060 4830.928947 4746.349061 4661.603513 4576.683875 4491.579891 4406.279365 4320.768989 4235.035643 4149.067663 4062.855205 3976.388742 3889.656775 3802.645027 3715.336765 3627.713494 3539.755834 3451.444718 3362.762834 3273.694985 3184.225150 3094.334587 3004.001638 2913.201961 2821.908576 2730.091679 2637.718282 2544.751739 2451.151183 2356.870871 2261.859466 2166.059360 2069.406482 1971.832113 1873.271846 1773.697367 1673.207482 1572.197775 1471.419085 -9999.0 -9999.0
-9999.0 -9999.0 10092.575415 9994.826847 9899.226271 9805.586328 9713.667146 9623.209316 9533.960700 9445.693824 9358.214308 9271.362632 9185.011781 9099.062890 9013.440266 8928.086594 8842.958738 8758.024274 8673.258758 8588.643645 8504.164721 8419.810903 8335.573313 8251.444579 8167.418330 8083.488894 7999.651113 7915.900211 7832.231646 7748.640947 7665.123587 7581.674953 7498.290399 7414.965314 7331.695110 7248.475107 7165.300397 7082.165822 6999.066087 6915.995931 6832.950170 6749.923553 6666.910528 6583.905159 6500.901293 6417.892848 6334.873951 6251.838750 6168.781026 6085.693987 6002.570475 5919.403403 5836.186064 5752.911965 5669.574233 5586.165179 5502.676440 5419.099581 5335.426729 5251.650644 5167.764000 5083.758416 4999.624220 4915.351060 4830.928947 4746.349061 4661.603513 4576.683875 4491.579891 4406.279365 4320.768989 4235.035643 4149.067663 4062.855205 3976.388742 3889.656775 3802.645027 3715.336765 3627.713494 3539.755834 3451.444718 3362.762834 3273.694985 3184.225150 3094.334587 3004.001638 2913.201961 2821.908576 2730.091679 2637.718282 2544.751739 2451.151183 2356.870871 2261.859466 2166.059360 2069.406482 1971.832113 1873.271846 1773.697367 1673.207482 1572.197775 1471.419085 -9999.0 -9999.0
-9999.0 -9999.0 10092.575415 9994.826847 9899.226271 9805.586328 9713.667146 9623.209316 9533.960700 9445.693824 9358.214308 9271.362632 9185.011781 9099.062890 9013.440266 8928.086594 8842.958738 8758.024274 8673.258758 8588.643645 8504.164721 8419.810903 8335.573313 8251.444579 8167.418330 8083.488894 7999.651113 7915.900211 7832.231646 7748.640947 7665.123587 7581.674953 7498.290399 7414.965314 7331.695110 7248.475107 7165.300397 7082.165822 6999.066087 6915.995931 6832.950170 6749.923553 6666.910528 6583.905159 6500.901293 6417.892848 6334.873951 6251.838750 6168.781026 6085.693987 6002.570475 5919.403403 5836.186064 5752.911965 5669.574233 5586.165179 5502.676440 5419.099581 5335.426729 5251.650644 5167.764000 5083.758416 4999.624220 4915.351060 4830.928947 4746.349061 4661.603513 4576.683875 4491.579891 4406.279365 4320.768989 4235.035643 4149.067663 4062.855205 3976.388742 3889.656775 3802.645027 3715.336765 3627.713494 3539.755834 3451.444718 3362.762834 3273.694985 3184.225150 3094.334587 3004.001638 2913.201961 2821.908576 2730.091679 2637.718282 2544.751739 2451.151183 2356.870871 2261.859466 2166.059360 2069.406482 1971.832113 1873.271846 1773.697367 1673.207482 1572.197775 1471.419085 -9999.0 -9999.0
-9999.0 -9999.0 10092.575406 9994.826839 9899.226264 9805.586323 9713.667143 9623.209314 9533.960699 9445.693823 9358.214308 9271.362632 9185.011781 9099.062890 9013.440266 8928.086594 8842.958738 8758.024274 8673.258758 8588.643645 8504.164721 8419.810902 8335.573313 8251.444579 8167.418330 8083.488894 7999.651113 7915.900211 7832.231646 7748.640947 7665.123587 7581.674953 7498.290399 7414.965314 7331.695110 7248.475107 7165.300397 7082.165822 6999.066087 6915.995931 6832.950170 6749.923553 6666.910528 6583.905159 6500.901293 6417.892848 6334.873951 6251.838750 6168.781026 6085.693987 6002.570475 5919.403403 5836.186064 5752.911965 5669.574233 5586.165179 5502.676440 5419.099581 5335.426729 5251.650644 5167.764000 5083.758416 4999.624220 4915.351060 4830.928948 4746.349061 4661.603513 4576.683875 4491.579891 4406.279365 4320.768989 4235.035643 4149.067663 4062.855205 3976.388742 3889.656775 3802.645027 3715.336765 3627.713494 3539.755834 3451.444718 3362.762834 3273.694985 3184.225150 3094.334587 3004.001638 2913.201961 2821.908576 2730.091679 2637.718282 2544.751739 2451.151183 2356.870871 2261.859466 2166.059360 2069.406482 1971.832113 1873.271846 1773.697367 1673.207482 1572.197775 1471.419085 -9999.0 -9999.0
-9999.0 -9999.0 10092.575396 9994.826830 9899.226257 9805.586318 9713.667139 9623.209312 9533.960698 9445.693822 9358.214307 9271.362631 9185.011780 9099.062890 9013.440265 8928.086593 8842.958738 8758.024274 8673.258757 8588.643645 8504.164721 8419.810902 8335.573313 8251.444579 8167.418330 8083.488894 7999.651113 7915.900211 7832.231646 7748.640947 7665.123587 7581.674953 7498.290399 7414.965314 7331.695110 7248.475107 7165.300397 7082.165822 6999.066087 6915.995931 6832.950170 6749.923553 6666.910528 6583.905159 6500.901293 6417.892849 6334.873951 6251.838750 6168.781026 6085.693987 6002.570475 5919.403403 5836.186064 5752.911965 5669.574233 5586.165179 5502.676440 5419.099581 5335.426729 5251.650644 5167.764000 5083.758416 4999.624221 4915.351060 4830.928948 4746.349061 4661.603513 4576.683876 4491.579892 4406.279365 4320.768989 4235.035643 4149.067663 4062.855205 3976.388742 3889.656775 3802.645027 3715.336765 3627.713494 3539.755834 3451.444718 3362.762834 3273.694985 3184.225150 3094.334587 3004.001638 2913.201961 2821.908576 2730.091679 2637.718282 2544.751739 2451.151183 2356.870871 2261.859466 2166.059360 2069.406482 1971.832113 1873.271846 1773.697367 1673.207482 1572.197775 1471.419085 -9999.0 -9999.0
-9999.0 -9999.0 -9999.0 -9999.0 -9999.0 -9999.0 -9999.0 -9999.0 -9999.0 -9999.0 -9999.0 -9999.0 -9999.0 -9999.0 -9999.0 -9999.0 -9999.0 -9999.0 -9999.0 -9999.0 -9999.0 -9999.0 -9999.0 -9999.0 -9999.0 -9999.0 -9999.0 -9999.0 -9999.0 -9999.0 -9999.0 -9999.0 -9999.0 -9999.0 -9999.0 -9999.0 -9999.0 -9999.0 -9999.0 -9999.0 -9999.0 -9999.0 -9999.0 -9999.0 -9999.0 -9999.0 -9999.0 -9999.0 -9999.0 -9999.0 -9999.0 -9999.0 -9999.0 -9999.0 -9999.0 -9999.0 -9999.0 -9999.0 -9999.0 -9999.0 -9999.0 -9999.0 -9999.0 -9999.0 -9999.0 -9999.0 -9999.0 -9999.0 -9999.0 -9999.0 -9999.0 -9999.0 -9999.0 -9999.0 -9999.0 -9999.0 -9999.0 -9999.0 -9999.0 -9999.0 -9999.0 -9999.0 -9999.0 -9999.0 -9999.0 -9999.0 -9999.0 -9999.0 -9999.0 -9999.0 -9999.0 -9999.0 -9999.0 -9999.0 -9999.0 -9999.0 -9999.0 -9999.0 -9999.0 -9999.0 -9999.0 -9999.0 -9999.0 -9999.0
-9999.0 -9999.0 -9999.0 -9999.0 -9999.0 -9999.0 -9999.0 -9999.0 -9999.0 -9999.0 -9999.0 -9999.0 -9999.0 -9999.0 -9999.0 -9999.0 -9999.0 -9999.0 -9999.0 -9999.0 -9999.0 -9999.0 -9999.0 -9999.0 -9999.0 -9999.0 -9999.0 -9999.0 -9999.0 -9999.0 -9999.0 -9999.0 -9999.0 -9999.0 -9999.0 -9999.0 -9999.0 -9999.0 -9999.0 -9999.0 -9999.0 -9999.0 -9999.0 -9999.0 -9999.0 -9999.0 -9999.0 -9999.0 -9999.0 -9999.0 -9999.0 -9999.0 -9999.0 -9999.0 -9999.0 -9999.0 -9999.0 -9999.0 -9999.0 -9999.0 -9999.0 -9999.0 -9999.0 -9999.0 -9999.0 -9999.0 -9999.0 -9999.0 -9999.0 -9999.0 -9999.0 -9999.0 -9999.0 -9999.0 -9999.0 -9999.0 -9999.0 -9999.0 -9999.0 -9999.0 -9999.0 -9999.0 -9999.0 -9999.0 -9999.0 -9999.0 -9999.0 -9999.0 -9999.0 -9999.0 -9999.0 -9999.0 -9999.0 -9999.0 -9999.0 -9999.0 -9999.0 -9999.0 -9999.0 -9999.0 -9999.0 -9999.0 -9999.0 -9999.0