examples/3D/hillslope01/output-maps-SE27XX/psiliqL0016N0001.asc
ncols         104
nrows         10
xllcorner     -2.000000
yllcorner     0.000000
cellsize      1.000000
NODATA_value  -9999.0
-9999.0 -9999.0 -9999.0 -9999.0 -9999.0 -9999.0 -9999.0 -9999.0 -9999.0 -9999.0 -9999.0 -9999.0 -9999.0 -9999.0 -9999.0 -9999.0 -9999.0 -9999.0 -9999.0 -9999.0 -9999.0 -9999.0 -9999.0 -9999.0 -9999.0 -9999.0 -9999.0 -9999.0 -9999.0 -9999.0 -9999.0 -9999.0 -9999.0 -9999.0 -9999.0 -9999.0 -9999.0 -9999.0 -9999.0 -9999.0 -9999.0 -9999.0 -9999.0 -9999.0 -9999.0 -9999.0 -9999.0 -9999.0 -9999.0 -9999.0 -9999.0 -9999.0 -9999.0 -9999.0 -9999.0 -9999.0 -9999.0 -9999.0 -9999.0 -9999.0 -9999.0 -9999.0 -9999.0 -9999.0 -9999.0 -9999.0 -9999.0 -9999.0 -9999.0 -9999.0 -9999.0 -9999.0 -9999.0 -9999.0 -9999.0 -9999.0 -9999.0 -9999.0 -9999.0 -9999.0 -9999.0 -9999.0 -9999.0 -9999.0 -9999.0 -9999.0 -9999.0 -9999.0 -9999.0 -9999.0 -9999.0 -9999.0 -9999.0 -9999.0 -9999.0 -9999.0 -9999.0 -9999.0 -9999.0 -9999.0 -9999.0 -9999.0 -9999.0 -9999.0
-9999.0 -9999.0 -9999.0 -9999.0 -9999.0 -9999.0 -9999.0 -9999.0 -9999.0 -9999.0 -9999.0 -9999.0 -9999.0 -9999.0 -9999.0 -9999.0 -9999.0 -9999.0 -9999.0 -9999.0 -9999.0 -9999.0 -9999.0 -9999.0 -9999.0 -9999.0 -9999.0 -9999.0 -9999.0 -9999.0 -9999.0 -9999.0 -9999.0 -9999.0 -9999.0 -9999.0 -9999.0 -9999.0 -9999.0 -9999.0 -9999.0 -9999.0 -9999.0 -9999.0 -9999.0 -9999.0 -9999.0 -9999.0 -9999.0 -9999.0 -9999.0 -9999.0 -9999.0 -9999.0 -9999.0 -9999.0 -9999.0 -9999.0 -9999.0 -9999.0 -9999.0 -9999.0 -9999.0 -9999.0 -9999.0 -9999.0 -9999.0 -9999.0 -9999.0 -9999.0 -9999.0 -9999.0 -9999.0 -9999.0 -9999.0 -9999.0 -9999.0 -9999.0 -9999.0 -9999.0 -9999.0 -9999.0 -9999.0 -9999.0 -9999.0 -9999.0 -9999.0 -9999.0 -9999.0 -9999.0 -9999.0 -9999.0 -9999.0 -9999.0 -9999.0 -9999.0 -9999.0 -9999.0 -9999.0 -9999.0 -9999.0 -9999.0 -9999.0 -9999.0
-9999.0 -9999.0 222.227851 120.703996 19.772089 -80.527132 -178.937565 -259.066748 -309.052685 -334.757281 -346.725658 -352.075332 -354.456040 -355.537499 -356.064756 -356.339227 -356.505649 -356.598397 -356.657824 -356.684539 -356.696757 -356.701385 -356.702228 -356.702458 -356.702487 -356.702491 -356.702492 -356.702493 -356.702493 -356.702493 -356.702494 -356.702494 -356.702494 -356.702494 -356.702494 -356.702494 -356.702494 -356.702494 -356.702494 -356.702494 -356.702494 -356.702494 -356.702494 -356.702494 -356.702494 -356.702494 -356.702494 -356.702494 -356.702494 -356.702494 -356.702494 -356.702494 -356.702494 -356.702494 -356.702494 -356.702494 -356.702494 -356.702494 -356.702494 -356.702494 -356.702494 -356.702494 -356.702494 -356.702494 -356.702494 -356.702494 -356.702494 -356.702494 -356.702494 -356.702494 -356.702494 -356.702494 -356.702495 -356.702495 -356.702495 -356.702496 -356.702496 -356.702497 -356.702499 -356.702501 -356.702505 -356.702510 -356.702518 -356.702530 -356.702548 -356.702576 -356.702618 -356.702685 -356.702790 -356.702964 -356.703269 -356.703869 -356.705225 -356.708809 -356.719571 -356.754714 -356.874760 -357.292346 -358.746070 -363.780635 -381.609239 -451.094671 -9999.0 -9999.0
-9999.0 -9999.0 222.227851 120.703996 19.772089 -80.527132 -178.937565 -259.066748 -309.052685 -334.757282 -346.725658 -352.075332 -354.456040 -355.537499 -356.064757 -356.339227 -356.505649 -356.598398 -356.657824 -356.684539 -356.696757 -356.701385 -356.702228 -356.702458 -356.702487 -356.702491 -356.702492 -356.702493 -356.702493 -356.702494 -356.702494 -356.702494 -356.702494 -356.702494 -356.702494 -356.702494 -356.702494 -356.702494 -356.702494 -356.702494 -356.702494 -356.702494 -356.702494 -356.702494 -356.702494 -356.702494 -356.702494 -356.702494 -356.702494 -356.702494 -356.702494 -356.702494 -356.702494 -356.702494 -356.702494 -356.702494 -356.702494 -356.702494 -356.702494 -356.702494 -356.702494 -356.702494 -356.702494 -356.702494 -356.702494 -356.702494 -356.702494 -356.702494 -356.702494 -356.702494 -356.702494 -356.702495 -356.702495 -356.702495 -356.702495 -356.702496 -356.702496 -356.702497 -356.702499 -356.702501 -356.702505 -356.702510 -356.702518 -356.702530 -356.702548 -356.702576 -356.702619 -356.702685 -356.702790 -356.702964 -356.703270 -356.703869 -356.705225 -356.708809 -356.719572 -356.754714 -356.874760 -357.292346 -358.746071 -363.780638 -381.609241 -451.094676 -9999.0 -9999.0
-9999.0 -9999.0 222.227851 120.703996 19.772089 -80.527132 -178.937565 -259.066748 -309.052685 -334.757282 -346.725658 -352.075332 -354.456040 -355.537499 -356.064757 -356.339227 -356.505650 -356.598398 -356.657824 -356.684539 -356.696757 -356.701386 -356.702228 -356.702458 -356.702487 -356.702491 -356.702492 -356.702493 -356.702493 -356.702494 -356.702494 -356.702494 -356.702494 -356.702494 -356.702494 -356.702494 -356.702494 -356.702494 -356.702494 -356.702494 -356.702494 -356.702494 -356.702494 -356.702494 -356.702494 -356.702494 -356.702494 -356.702494 -356.702494 -356.702494 -356.702494 -356.702494 -356.702494 -356.702494 -356.702494 -356.702494 -356.702494 -356.702494 -356.702494 -356.702494 -356.702494 -356.702494 -356.702494 -356.702494 -356.702494 -356.702494 -356.702494 -356.702494 -356.702494 -356.702495 -356.702495 -356.702495 -356.702495 -356.702495 -356.702495 -356.702496 -356.702496 -356.702498 -356.702499 -356.702501 -356.702505 -356.702510 -356.702518 -356.702530 -356.702548 -356.702576 -356.702619 -356.702685 -356.702790 -356.702964 -356.703270 -356.703869 -356.705225 -356.708809 -356.719572 -356.754715 -356.874760 -357.292347 -358.746072 -363.780640 -381.609244 -451.094680 -9999.0 -9999.0
-9999.0 -9999.0 222.227851 120.703996 19.772089 -80.527132 -178.937565 -259.066748 -309.052685 -334.757282 -346.725658 -352.075332 -354.456040 -355.537499 -356.064757 -356.339227 -356.505650 -356.598398 -356.657824 -356.684539 -356.696757 -356.701386 -356.702228 -356.702458 -356.702487 -356.702491 -356.702492 -356.702493 -356.702493 -356.702494 -356.702494 -356.702494 -356.702494 -356.702494 -356.702494 -356.702494 -356.702494 -356.702494 -356.702494 -356.702494 -356.702494 -356.702494 -356.702494 -356.702494 -356.702494 -356.702494 -356.702494 -356.702494 -356.702494 -356.702494 -356.702494 -356.702494 -356.702494 -356.702494 -356.702494 -356.702494 -356.702494 -356.702494 -356.702494 -356.702494 -356.702494 -356.702494 -356.702494 -356.702494 -356.702494 -356.702494 -356.702494 -356.702494 -356.702494 -356.702495 -356.702495 -356.702495 -356.702495 -356.702495 -356.702495 -356.702496 -356.702496 -356.702498 -356.702499 -356.702501 -356.702505 -356.702510 -356.702518 -356.702530 -356.702548 -356.702576 -356.702619 -356.702685 -356.702790 -356.702964 -356.703270 -356.703869 -356.705225 -356.708809 -356.719572 -356.754715 -356.874760 -357.292347 -358.746072 -363.780640 -381.609244 -451.094680 -9999.0 -9999.0
-9999.0 -9999.0 222.227851 120.703996 19.772089 -80.527132 -178.937565 -259.066748 -309.052685 -334.757282 -346.725658 -352.075332 -354.456040 -355.537499 -356.064757 -356.339227 -356.505649 -356.598398 -356.657824 -356.684539 -356.696757 -356.701385 -356.702228 -356.702458 -356.702487 -356.702491 -356.702492 -356.702493 -356.702493 -356.702494 -356.702494 -356.702494 -356.702494 -356.702494 -356.702494 -356.702494 -356.702494 -356.702494 -356.702494 -356.702494 -356.702494 -356.702494 -356.702494 -356.702494 -356.702494 -356.702494 -356.702494 -356.702494 -356.702494 -356.702494 -356.702494 -356.702494 -356.702494 -356.702494 -356.702494 -356.702494 -356.702494 -356.702494 -356.702494 -356.702494 -356.702494 -356.702494 -356.702494 -356.702494 -356.702494 -356.702494 -356.702494 -356.702494 -356.702494 -356.702494 -356.702494 -356.702495 -356.702495 -356.702495 -356.702495 -356.702496 -356.702496 -356.702497 -356.702499 -356.702501 -356.702505 -356.702510 -356.702518 -356.702530 -356.702548 -356.702576 -356.702619 -356.702685 -356.702790 -356.702964 -356.703270 -356.703869 -356.705225 -356.708809 -356.719572 -356.754714 -356.874760 -357.292346 -358.746071 -363.780638 -381.609241 -451.094676 -9999.0 -9999.0
-9999.0 -9999.0 222.227851 120.703996 19.772089 -80.527132 -178.937565 -259.066748 -309.052685 -334.757281 -346.725658 -352.075332 -354.456040 -355.537499 -356.064756 -356.339227 -356.505649 -356.598397 -356.657824 -356.684539 -356.696757 -356.701385 -356.702228 -356.702458 -356.702487 -356.702491 -356.702492 -356.702493 -356.702493 -356.702493 -356.702494 -356.702494 -356.702494 -356.702494 -356.702494 -356.702494 -356.702494 -356.702494 -356.702494 -356.702494 -356.702494 -356.702494 -356.702494 -356.702494 -356.702494 -356.702494 -356.702494 -356.702494 -356.702494 -356.702494 -356.702494 -356.702494 -356.702494 -356.702494 -356.702494 -356.702494 -356.702494 -356.702494 -356.702494 -356.702494 -356.702494 -356.702494 -356.702494 -356.702494 -356.702494 -356.702494 -356.702494 -356.702494 -356.702494 -356.702494 -356.702494 -356.702494 -356.702495 -356.702495 -356.702495 -356.702496 -356.702496 -356.702497 -356.702499 -356.702501 -356.702505 -356.702510 -356.702518 -356.702530 -356.702548 -356.702576 -356.702618 -356.702685 -356.702790 -356.702964 -356.703269 -356.703869 -356.705225 -356.708809 -356.719571 -356.754714 -356.874760 -357.292346 -358.746070 -363.780635 -381.609239 -451.094671 -9999.0 -9999.0
-9999.0 -9999.0 -9999.0 -9999.0 -9999.0 -9999.0 -9999.0 -9999.0 -9999.0 -9999.0 -9999.0 -9999.0 -9999.0 -9999.0 -9999.0 -9999.0 -9999.0 -9999.0 -9999.0 -9999.0 -9999.0 -9999.0 -9999.0 -9999.0 -9999.0 -9999.0 -9999.0 -9999.0 -9999.0 -9999.0 -9999.0 -9999.0 -9999.0 -9999.0 -9999.0 -9999.0 -9999.0 -9999.0 -9999.0 -9999.0 -9999.0 -9999.0 -9999.0 -9999.0 -9999.0 -9999.0 -9999.0 -9999.0 -9999.0 -9999.0 -9999.0 -9999.0 -9999.0 -9999.0 -9999.0 -9999.0 -9999.0 -9999.0 -9999.0 -9999.0 -9999.0 -9999.0 -9999.0 -9999.0 -9999.0 -9999.0 -9999.0 -9999.0 -9999.0 -9999.0 -9999.0 -9999.0 -9999.0 -9999.0 -9999.0 -9999.0 -9999.0 -9999.0 -9999.0 -9999.0 -9999.0 -9999.0 -9999.0 -9999.0 -9999.0 -9999.0 -9999.0 -9999.0 -9999.0 -9999.0 -9999.0 -9999.0 -9999.0 -9999.0 -9999.0 -9999.0 -9999.0 -9999.0 -9999.0 -9999.0 -9999.0 -9999.0 -9999.0 -9999.0
-9999.0 -9999.0 -9999.0 -9999.0 -9999.0 -9999.0 -9999.0 -9999.0 -9999.0 -9999.0 -9999.0 -9999.0 -9999.0 -9999.0 -9999.0 -9999.0 -9999.0 -9999.0 -9999.0 -9999.0 -9999.0 -9999.0 -9999.0 -9999.0 -9999.0 -9999.0 -9999.0 -9999.0 -9999.0 -9999.0 -9999.0 -9999.0 -9999.0 -9999.0 -9999.0 -9999.0 -9999.0 -9999.0 -9999.0 -9999.0 -9999.0 -9999.0 -9999.0 -9999.0 -9999.0 -9999.0 -9999.0 -9999.0 -9999.0 -9999.0 -9999.0 -9999.0 -9999.0 -9999.0 -9999.0 -9999.0 -9999.0 -9999.0 -9999.0 -9999.0 -9999.0 -9999.0 -9999.0 -9999.0 -9999.0 -9999.0 -9999.0 -9999.0 -9999.0 -9999.0 -9999.0 -9999.0 -9999.0 -9999.0 -9999.0 -9999.0 -9999.0 -9999.0 -9999.0 -9999.0 -9999.0 -9999.0 -9999.0 -9999.0 -9999.0 -9999.0 -9999.0 -9999.0 -9999.0 -9999.0 -9999.0 -9999.0 -9999.0 -9999.0 -9999.0 -9999.0 -9999.0 -9999.0 -9999.0 -9999.0 -9999.0 -9999.0 -9999.0 -9999.0