examples/3D/hillslope01/output-maps-SE27XX/psiliqL0069N0002.asc
ncols         104
nrows         10
xllcorner     -2.000000
yllcorner     0.000000
cellsize      1.000000
NODATA_value  -9999.0
-9999.0 -9999.0 -9999.0 -9999.0 -9999.0 -9999.0 -9999.0 -9999.0 -9999.0 -9999.0 -9999.0 -9999.0 -9999.0 -9999.0 -9999.0 -9999.0 -9999.0 -9999.0 -9999.0 -9999.0 -9999.0 -9999.0 -9999.0 -9999.0 -9999.0 -9999.0 -9999.0 -9999.0 -9999.0 -9999.0 -9999.0 -9999.0 -9999.0 -9999.0 -9999.0 -9999.0 -9999.0 -9999.0 -9999.0 -9999.0 -9999.0 -9999.0 -9999.0 -9999.0 -9999.0 -9999.0 -9999.0 -9999.0 -9999.0 -9999.0 -9999.0 -9999.0 -9999.0 -9999.0 -9999.0 -9999.0 -9999.0 -9999.0 -9999.0 -9999.0 -9999.0 -9999.0 -9999.0 -9999.0 -9999.0 -9999.0 -9999.0 -9999.0 -9999.0 -9999.0 -9999.0 -9999.0 -9999.0 -9999.0 -9999.0 -9999.0 -9999.0 -9999.0 -9999.0 -9999.0 -9999.0 -9999.0 -9999.0 -9999.0 -9999.0 -9999.0 -9999.0 -9999.0 -9999.0 -9999.0 -9999.0 -9999.0 -9999.0 -9999.0 -9999.0 -9999.0 -9999.0 -9999.0 -9999.0 -9999.0 -9999.0 -9999.0 -9999.0 -9999.0
-9999.0 -9999.0 -9999.0 -9999.0 -9999.0 -9999.0 -9999.0 -9999.0 -9999.0 -9999.0 -9999.0 -9999.0 -9999.0 -9999.0 -9999.0 -9999.0 -9999.0 -9999.0 -9999.0 -9999.0 -9999.0 -9999.0 -9999.0 -9999.0 -9999.0 -9999.0 -9999.0 -9999.0 -9999.0 -9999.0 -9999.0 -9999.0 -9999.0 -9999.0 -9999.0 -9999.0 -9999.0 -9999.0 -9999.0 -9999.0 -9999.0 -9999.0 -9999.0 -9999.0 -9999.0 -9999.0 -9999.0 -9999.0 -9999.0 -9999.0 -9999.0 -9999.0 -9999.0 -9999.0 -9999.0 -9999.0 -9999.0 -9999.0 -9999.0 -9999.0 -9999.0 -9999.0 -9999.0 -9999.0 -9999.0 -9999.0 -9999.0 -9999.0 -9999.0 -9999.0 -9999.0 -9999.0 -9999.0 -9999.0 -9999.0 -9999.0 -9999.0 -9999.0 -9999.0 -9999.0 -9999.0 -9999.0 -9999.0 -9999.0 -9999.0 -9999.0 -9999.0 -9999.0 -9999.0 -9999.0 -9999.0 -9999.0 -9999.0 -9999.0 -9999.0 -9999.0 -9999.0 -9999.0 -9999.0 -9999.0 -9999.0 -9999.0 -9999.0 -9999.0
-9999.0 -9999.0 7030.933844 6933.925161 6839.622811 6747.554022 6657.186032 6568.022824 6479.652519 6391.757023 6304.102023 6216.520416 6128.895858 6041.148948 5953.226446 5865.093233 5776.726490 5688.111607 5599.239379 5510.104154 5420.702717 5331.033731 5241.097563 5150.896258 5060.433379 4969.713649 4878.742498 4787.525622 4696.068603 4604.376598 4512.454085 4420.304662 4327.930898 4235.334263 4142.515168 4049.473219 3956.207768 3862.718753 3769.007406 3675.076237 3580.928582 3486.568134 3391.998593 3297.223444 3202.245804 3107.068331 3011.693155 2916.121834 2820.355321 2724.393942 2628.237371 2531.884626 2435.334049 2338.583300 2241.629348 2144.468463 2047.096208 1949.507428 1851.696242 1753.656033 1655.379441 1556.858355 1458.083935 1359.046659 1259.736497 1160.143385 1060.258707 960.080276 859.616142 758.900552 658.023825 557.144252 456.495838 356.425349 257.244835 159.186482 62.329391 -33.340838 -127.959686 -221.874715 -314.606507 -398.479433 -466.323889 -517.468824 -554.439559 -580.782335 -599.651345 -613.373614 -623.546887 -631.242054 -637.175797 -641.830723 -645.535163 -648.516514 -650.935934 -652.910609 -654.529199 -655.868076 -657.051698 -658.578109 -662.787550 -680.267202 -9999.0 -9999.0
-9999.0 -9999.0 7030.933993 6933.925286 6839.622900 6747.554078 6657.186064 6568.022840 6479.652527 6391.757027 6304.102025 6216.520416 6128.895859 6041.148948 5953.226446 5865.093233 5776.726490 5688.111607 5599.239379 5510.104154 5420.702717 5331.033731 5241.097563 5150.896258 5060.433379 4969.713649 4878.742498 4787.525621 4696.068602 4604.376598 4512.454085 4420.304662 4327.930898 4235.334263 4142.515168 4049.473219 3956.207768 3862.718753 3769.007406 3675.076237 3580.928582 3486.568134 3391.998593 3297.223444 3202.245804 3107.068331 3011.693155 2916.121834 2820.355321 2724.393942 2628.237371 2531.884626 2435.334049 2338.583300 2241.629348 2144.468463 2047.096208 1949.507428 1851.696242 1753.656033 1655.379441 1556.858355 1458.083935 1359.046659 1259.736497 1160.143385 1060.258707 960.080276 859.616142 758.900552 658.023825 557.144252 456.495838 356.425349 257.244835 159.186481 62.329391 -33.340838 -127.959686 -221.874715 -314.606507 -398.479433 -466.323889 -517.468824 -554.439559 -580.782335 -599.651345 -613.373614 -623.546887 -631.242054 -637.175797 -641.830723 -645.535163 -648.516514 -650.935934 -652.910609 -654.529199 -655.868076 -657.051698 -658.578109 -662.787550 -680.267202 -9999.0 -9999.0
-9999.0 -9999.0 7030.934139 6933.925408 6839.622987 6747.554134 6657.186096 6568.022857 6479.652536 6391.757031 6304.102027 6216.520417 6128.895859 6041.148948 5953.226446 5865.093233 5776.726490 5688.111607 5599.239379 5510.104154 5420.702717 5331.033731 5241.097563 5150.896258 5060.433379 4969.713649 4878.742498 4787.525621 4696.068602 4604.376598 4512.454085 4420.304662 4327.930898 4235.334263 4142.515168 4049.473219 3956.207769 3862.718753 3769.007406 3675.076237 3580.928583 3486.568134 3391.998593 3297.223444 3202.245804 3107.068331 3011.693155 2916.121834 2820.355321 2724.393942 2628.237372 2531.884626 2435.334049 2338.583300 2241.629348 2144.468463 2047.096208 1949.507428 1851.696242 1753.656033 1655.379441 1556.858355 1458.083935 1359.046659 1259.736497 1160.143385 1060.258707 960.080276 859.616142 758.900552 658.023825 557.144252 456.495838 356.425349 257.244835 159.186481 62.329391 -33.340838 -127.959686 -221.874715 -314.606507 -398.479433 -466.323889 -517.468824 -554.439559 -580.782335 -599.651345 -613.373614 -623.546887 -631.242054 -637.175797 -641.830723 -645.535163 -648.516514 -650.935934 -652.910609 -654.529199 -655.868076 -657.051698 -658.578109 -662.787550 -680.267202 -9999.0 -9999.0
-9999.0 -9999.0 7030.934139 6933.925408 6839.622987 6747.554134 6657.186096 6568.022857 6479.652536 6391.757031 6304.102027 6216.520417 6128.895859 6041.148948 5953.226446 5865.093233 5776.726490 5688.111607 5599.239379 5510.104154 5420.702717 5331.033731 5241.097563 5150.896258 5060.433379 4969.713649 4878.742498 4787.525621 4696.068602 4604.376598 4512.454085 4420.304662 4327.930898 4235.334263 4142.515168 4049.473219 3956.207769 3862.718753 3769.007406 3675.076237 3580.928583 3486.568134 3391.998593 3297.223444 3202.245804 3107.068331 3011.693155 2916.121834 2820.355321 2724.393942 2628.237372 2531.884626 2435.334049 2338.583300 2241.629348 2144.468463 2047.096208 1949.507428 1851.696242 1753.656033 1655.379441 1556.858355 1458.083935 1359.046659 1259.736497 1160.143385 1060.258707 960.080276 859.616142 758.900552 658.023825 557.144252 456.495838 356.425349 257.244835 159.186481 62.329391 -33.340838 -127.959686 -221.874715 -314.606507 -398.479433 -466.323889 -517.468824 -554.439559 -580.782335 -599.651345 -613.373614 -623.546887 -631.242054 -637.175797 -641.830723 -645.535163 -648.516514 -650.935934 -652.910609 -654.529199 -655.868076 -657.051698 -658.578109 -662.787550 -680.267202 -9999.0 -9999.0
-9999.0 -9999.0 7030.933993 6933.925286 6839.622900 6747.554078 6657.186064 6568.022840 6479.652527 6391.757027 6304.102025 6216.520416 6128.895859 6041.148948 5953.226446 5865.093233 5776.726490 5688.111607 5599.239379 5510.104154 5420.702717 5331.033731 5241.097563 5150.896258 5060.433379 4969.713649 4878.742498 4787.525621 4696.068602 4604.376598 4512.454085 4420.304662 4327.930898 4235.334263 4142.515168 4049.473219 3956.207768 3862.718753 3769.007406 3675.076237 3580.928582 3486.568134 3391.998593 3297.223444 3202.245804 3107.068331 3011.693155 2916.121834 2820.355321 2724.393942 2628.237371 2531.884626 2435.334049 2338.583300 2241.629348 2144.468463 2047.096208 1949.507428 1851.696242 1753.656033 1655.379441 1556.858355 1458.083935 1359.046659 1259.736497 1160.143385 1060.258707 960.080276 859.616142 758.900552 658.023825 557.144252 456.495838 356.425349 257.244835 159.186481 62.329391 -33.340838 -127.959686 -221.874715 -314.606507 -398.479433 -466.323889 -517.468824 -554.439559 -580.782335 -599.651345 -613.373614 -623.546887 -631.242054 -637.175797 -641.830723 -645.535163 -648.516514 -650.935934 -652.910609 -654.529199 -655.868076 -657.051698 -658.578109 -662.787550 -680.267202 -9999.0 -9999.0
-9999.0 -9999.0 7030.933844 6933.925161 6839.622811 6747.554022 6657.186032 6568.022824 6479.652519 6391.757023 6304.102023 6216.520416 6128.895858 6041.148948 5953.226446 5865.093233 5776.726490 5688.111607 5599.239379 5510.104154 5420.702717 5331.033731 5241.097563 5150.896258 5060.433379 4969.713649 4878.742498 4787.525622 4696.068603 4604.376598 4512.454085 4420.304662 4327.930898 4235.334263 4142.515168 4049.473219 3956.207768 3862.718753 3769.007406 3675.076237 3580.928582 3486.568134 3391.998593 3297.223444 3202.245804 3107.068331 3011.693155 2916.121834 2820.355321 2724.393942 2628.237371 2531.884626 2435.334049 2338.583300 2241.629348 2144.468463 2047.096208 1949.507428 1851.696242 1753.656033 1655.379441 1556.858355 1458.083935 1359.046659 1259.736497 1160.143385 1060.258707 960.080276 859.616142 758.900552 658.023825 557.144252 456.495838 356.425349 257.244835 159.186482 62.329391 -33.340838 -127.959686 -221.874715 -314.606507 -398.479433 -466.323889 -517.468824 -554.439559 -580.782335 -599.651345 -613.373614 -623.546887 -631.242054 -637.175797 -641.830723 -645.535163 -648.516514 -650.935934 -652.910609 -654.529199 -655.868076 -657.051698 -658.578109 -662.787550 -680.267202 -9999.0 -9999.0
-9999.0 -9999.0 -9999.0 -9999.0 -9999.0 -9999.0 -9999.0 -9999.0 -9999.0 -9999.0 -9999.0 -9999.0 -9999.0 -9999.0 -9999.0 -9999.0 -9999.0 -9999.0 -9999.0 -9999.0 -9999.0 -9999.0 -9999.0 -9999.0 -9999.0 -9999.0 -9999.0 -9999.0 -9999.0 -9999.0 -9999.0 -9999.0 -9999.0 -9999.0 -9999.0 -9999.0 -9999.0 -9999.0 -9999.0 -9999.0 -9999.0 -9999.0 -9999.0 -9999.0 -9999.0 -9999.0 -9999.0 -9999.0 -9999.0 -9999.0 -9999.0 -9999.0 -9999.0 -9999.0 -9999.0 -9999.0 -9999.0 -9999.0 -9999.0 -9999.0 -9999.0 -9999.0 -9999.0 -9999.0 -9999.0 -9999.0 -9999.0 -9999.0 -9999.0 -9999.0 -9999.0 -9999.0 -9999.0 -9999.0 -9999.0 -9999.0 -9999.0 -9999.0 -9999.0 -9999.0 -9999.0 -9999.0 -9999.0 -9999.0 -9999.0 -9999.0 -9999.0 -9999.0 -9999.0 -9999.0 -9999.0 -9999.0 -9999.0 -9999.0 -9999.0 -9999.0 -9999.0 -9999.0 -9999.0 -9999.0 -9999.0 -9999.0 -9999.0 -9999.0
-9999.0 -9999.0 -9999.0 -9999.0 -9999.0 -9999.0 -9999.0 -9999.0 -9999.0 -9999.0 -9999.0 -9999.0 -9999.0 -9999.0 -9999.0 -9999.0 -9999.0 -9999.0 -9999.0 -9999.0 -9999.0 -9999.0 -9999.0 -9999.0 -9999.0 -9999.0 -9999.0 -9999.0 -9999.0 -9999.0 -9999.0 -9999.0 -9999.0 -9999.0 -9999.0 -9999.0 -9999.0 -9999.0 -9999.0 -9999.0 -9999.0 -9999.0 -9999.0 -9999.0 -9999.0 -9999.0 -9999.0 -9999.0 -9999.0 -9999.0 -9999.0 -9999.0 -9999.0 -9999.0 -9999.0 -9999.0 -9999.0 -9999.0 -9999.0 -9999.0 -9999.0 -9999.0 -9999.0 -9999.0 -9999.0 -9999.0 -9999.0 -9999.0 -9999.0 -9999.0 -9999.0 -9999.0 -9999.0 -9999.0 -9999.0 -9999.0 -9999.0 -9999.0 -9999.0 -9999.0 -9999.0 -9999.0 -9999.0 -9999.0 -9999.0 -9999.0 -9999.0 -9999.0 -9999.0 -9999.0 -9999.0 -9999.0 -9999.0 -9999.0 -9999.0 -9999.0 -9999.0 -9999.0 -9999.0 -9999.0 -9999.0 -9999.0 -9999.0 -9999.0