examples/3D/hillslope01/output-maps-SE27XX/psiliqL0074N0001.asc
ncols         104
nrows         10
xllcorner     -2.000000
yllcorner     0.000000
cellsize      1.000000
NODATA_value  -9999.0
-9999.0 -9999.0 -9999.0 -9999.0 -9999.0 -9999.0 -9999.0 -9999.0 -9999.0 -9999.0 -9999.0 -9999.0 -9999.0 -9999.0 -9999.0 -9999.0 -9999.0 -9999.0 -9999.0 -9999.0 -9999.0 -9999.0 -9999.0 -9999.0 -9999.0 -9999.0 -9999.0 -9999.0 -9999.0 -9999.0 -9999.0 -9999.0 -9999.0 -9999.0 -9999.0 -9999.0 -9999.0 -9999.0 -9999.0 -9999.0 -9999.0 -9999.0 -9999.0 -9999.0 -9999.0 -9999.0 -9999.0 -9999.0 -9999.0 -9999.0 -9999.0 -9999.0 -9999.0 -9999.0 -9999.0 -9999.0 -9999.0 -9999.0 -9999.0 -9999.0 -9999.0 -9999.0 -9999.0 -9999.0 -9999.0 -9999.0 -9999.0 -9999.0 -9999.0 -9999.0 -9999.0 -9999.0 -9999.0 -9999.0 -9999.0 -9999.0 -9999.0 -9999.0 -9999.0 -9999.0 -9999.0 -9999.0 -9999.0 -9999.0 -9999.0 -9999.0 -9999.0 -9999.0 -9999.0 -9999.0 -9999.0 -9999.0 -9999.0 -9999.0 -9999.0 -9999.0 -9999.0 -9999.0 -9999.0 -9999.0 -9999.0 -9999.0 -9999.0 -9999.0
-9999.0 -9999.0 -9999.0 -9999.0 -9999.0 -9999.0 -9999.0 -9999.0 -9999.0 -9999.0 -9999.0 -9999.0 -9999.0 -9999.0 -9999.0 -9999.0 -9999.0 -9999.0 -9999.0 -9999.0 -9999.0 -9999.0 -9999.0 -9999.0 -9999.0 -9999.0 -9999.0 -9999.0 -9999.0 -9999.0 -9999.0 -9999.0 -9999.0 -9999.0 -9999.0 -9999.0 -9999.0 -9999.0 -9999.0 -9999.0 -9999.0 -9999.0 -9999.0 -9999.0 -9999.0 -9999.0 -9999.0 -9999.0 -9999.0 -9999.0 -9999.0 -9999.0 -9999.0 -9999.0 -9999.0 -9999.0 -9999.0 -9999.0 -9999.0 -9999.0 -9999.0 -9999.0 -9999.0 -9999.0 -9999.0 -9999.0 -9999.0 -9999.0 -9999.0 -9999.0 -9999.0 -9999.0 -9999.0 -9999.0 -9999.0 -9999.0 -9999.0 -9999.0 -9999.0 -9999.0 -9999.0 -9999.0 -9999.0 -9999.0 -9999.0 -9999.0 -9999.0 -9999.0 -9999.0 -9999.0 -9999.0 -9999.0 -9999.0 -9999.0 -9999.0 -9999.0 -9999.0 -9999.0 -9999.0 -9999.0 -9999.0 -9999.0 -9999.0 -9999.0
-9999.0 -9999.0 5969.603459 5869.819705 5770.264933 5670.960297 5571.930252 5473.199229 5374.790558 5276.727019 5179.032403 5081.733739 4984.864190 4888.466741 4792.598701 4697.336700 4602.781199 4509.058929 4416.320788 4324.732624 4234.458559 4145.641368 4058.386648 3972.757361 3888.779859 3806.456072 3725.774246 3646.712901 3569.241729 3493.325334 3418.928793 3346.015024 3274.542458 3204.469345 3135.755214 3068.354649 3002.222424 2937.316170 2873.586610 2810.987828 2749.471171 2688.983474 2629.488460 2570.932260 2513.268990 2456.446285 2400.408413 2345.110509 2290.487283 2236.504102 2183.085890 2130.216125 2077.814725 2025.862257 1974.277437 1923.043058 1872.076464 1821.364567 1770.821059 1720.438400 1670.125133 1619.880723 1569.606991 1519.311290 1468.888581 1418.353138 1367.595525 1316.631606 1265.355420 1213.771783 1161.795041 1109.394598 1056.536042 1003.111084 949.188083 894.513164 839.342286 783.238576 726.610100 669.056024 610.654647 551.441147 490.888621 429.745753 367.361198 303.646416 239.097718 173.004446 105.396883 36.841633 -33.152460 -103.642380 -171.722299 -235.734433 -293.579257 -343.568210 -385.168392 -418.928661 -445.694295 -466.665126 -484.153124 -506.655656 -9999.0 -9999.0
-9999.0 -9999.0 5969.603459 5869.819705 5770.264932 5670.960297 5571.930252 5473.199229 5374.790558 5276.727019 5179.032403 5081.733739 4984.864190 4888.466741 4792.598701 4697.336700 4602.781199 4509.058928 4416.320788 4324.732623 4234.458559 4145.641368 4058.386648 3972.757361 3888.779859 3806.456072 3725.774246 3646.712901 3569.241729 3493.325334 3418.928793 3346.015024 3274.542458 3204.469345 3135.755214 3068.354649 3002.222424 2937.316170 2873.586610 2810.987828 2749.471171 2688.983474 2629.488460 2570.932260 2513.268990 2456.446285 2400.408413 2345.110509 2290.487283 2236.504102 2183.085890 2130.216125 2077.814725 2025.862257 1974.277437 1923.043058 1872.076464 1821.364567 1770.821059 1720.438400 1670.125133 1619.880723 1569.606991 1519.311290 1468.888581 1418.353138 1367.595525 1316.631606 1265.355420 1213.771783 1161.795041 1109.394598 1056.536042 1003.111084 949.188083 894.513164 839.342286 783.238576 726.610100 669.056024 610.654647 551.441148 490.888621 429.745753 367.361198 303.646416 239.097718 173.004446 105.396883 36.841633 -33.152460 -103.642380 -171.722299 -235.734433 -293.579257 -343.568210 -385.168392 -418.928661 -445.694295 -466.665126 -484.153124 -506.655656 -9999.0 -9999.0
-9999.0 -9999.0 5969.603459 5869.819705 5770.264932 5670.960297 5571.930252 5473.199229 5374.790558 5276.727019 5179.032403 5081.733739 4984.864190 4888.466741 4792.598701 4697.336700 4602.781199 4509.058928 4416.320788 4324.732623 4234.458559 4145.641368 4058.386648 3972.757361 3888.779859 3806.456072 3725.774246 3646.712901 3569.241729 3493.325334 3418.928793 3346.015024 3274.542458 3204.469345 3135.755214 3068.354649 3002.222424 2937.316170 2873.586610 2810.987828 2749.471171 2688.983474 2629.488460 2570.932260 2513.268990 2456.446285 2400.408413 2345.110509 2290.487283 2236.504102 2183.085890 2130.216125 2077.814725 2025.862257 1974.277437 1923.043058 1872.076464 1821.364567 1770.821059 1720.438400 1670.125133 1619.880723 1569.606991 1519.311290 1468.888581 1418.353138 1367.595525 1316.631606 1265.355420 1213.771783 1161.795041 1109.394598 1056.536042 1003.111084 949.188083 894.513164 839.342286 783.238576 726.610100 669.056024 610.654647 551.441148 490.888621 429.745753 367.361198 303.646416 239.097718 173.004446 105.396883 36.841633 -33.152460 -103.642380 -171.722299 -235.734433 -293.579257 -343.568210 -385.168392 -418.928661 -445.694295 -466.665126 -484.153124 -506.655656 -9999.0 -9999.0
-9999.0 -9999.0 5969.603459 5869.819705 5770.264932 5670.960297 5571.930252 5473.199229 5374.790558 5276.727019 5179.032403 5081.733739 4984.864190 4888.466741 4792.598701 4697.336700 4602.781199 4509.058928 4416.320788 4324.732623 4234.458559 4145.641368 4058.386648 3972.757361 3888.779859 3806.456072 3725.774246 3646.712901 3569.241729 3493.325334 3418.928793 3346.015024 3274.542458 3204.469345 3135.755214 3068.354649 3002.222424 2937.316170 2873.586610 2810.987828 2749.471171 2688.983474 2629.488460 2570.932260 2513.268990 2456.446285 2400.408413 2345.110509 2290.487283 2236.504102 2183.085890 2130.216125 2077.814725 2025.862257 1974.277437 1923.043058 1872.076464 1821.364567 1770.821059 1720.438400 1670.125133 1619.880723 1569.606991 1519.311290 1468.888581 1418.353138 1367.595525 1316.631606 1265.355420 1213.771783 1161.795041 1109.394598 1056.536042 1003.111084 949.188083 894.513164 839.342286 783.238576 726.610100 669.056024 610.654647 551.441148 490.888621 429.745753 367.361198 303.646416 239.097718 173.004446 105.396883 36.841633 -33.152460 -103.642380 -171.722299 -235.734433 -293.579257 -343.568210 -385.168392 -418.928661 -445.694295 -466.665126 -484.153124 -506.655656 -9999.0 -9999.0
-9999.0 -9999.0 5969.603459 5869.819705 5770.264932 5670.960297 5571.930252 5473.199229 5374.790558 5276.727019 5179.032403 5081.733739 4984.864190 4888.466741 4792.598701 4697.336700 4602.781199 4509.058928 4416.320788 4324.732624 4234.458559 4145.641368 4058.386648 3972.757361 3888.779859 3806.456072 3725.774246 3646.712901 3569.241729 3493.325334 3418.928793 3346.015024 3274.542458 3204.469345 3135.755214 3068.354649 3002.222424 2937.316170 2873.586610 2810.987828 2749.471171 2688.983474 2629.488460 2570.932260 2513.268990 2456.446285 2400.408413 2345.110509 2290.487283 2236.504102 2183.085890 2130.216125 2077.814725 2025.862257 1974.277437 1923.043058 1872.076464 1821.364567 1770.821059 1720.438400 1670.125133 1619.880723 1569.606991 1519.311290 1468.888581 1418.353138 1367.595525 1316.631606 1265.355420 1213.771783 1161.795041 1109.394598 1056.536042 1003.111084 949.188083 894.513164 839.342286 783.238576 726.610100 669.056024 610.654647 551.441148 490.888621 429.745753 367.361198 303.646416 239.097718 173.004446 105.396883 36.841633 -33.152460 -103.642380 -171.722299 -235.734433 -293.579257 -343.568210 -385.168392 -418.928661 -445.694295 -466.665126 -484.153124 -506.655656 -9999.0 -9999.0
-9999.0 -9999.0 5969.603460 5869.819705 5770.264933 5670.960297 5571.930252 5473.199229 5374.790558 5276.727019 5179.032403 5081.733739 4984.864190 4888.466741 4792.598701 4697.336700 4602.781199 4509.058929 4416.320788 4324.732624 4234.458559 4145.641368 4058.386648 3972.757361 3888.779859 3806.456072 3725.774246 3646.712901 3569.241729 3493.325334 3418.928793 3346.015024 3274.542458 3204.469345 3135.755214 3068.354649 3002.222424 2937.316170 2873.586610 2810.987828 2749.471171 2688.983474 2629.488460 2570.932260 2513.268990 2456.446285 2400.408413 2345.110509 2290.487283 2236.504102 2183.085890 2130.216125 2077.814725 2025.862257 1974.277437 1923.043058 1872.076464 1821.364567 1770.821059 1720.438400 1670.125133 1619.880723 1569.606991 1519.311290 1468.888581 1418.353138 1367.595525 1316.631606 1265.355420 1213.771783 1161.795041 1109.394598 1056.536042 1003.111084 949.188083 894.513164 839.342286 783.238576 726.610100 669.056024 610.654647 551.441147 490.888621 429.745753 367.361198 303.646416 239.097718 173.004446 105.396883 36.841633 -33.152460 -103.642380 -171.722299 -235.734433 -293.579257 -343.568210 -385.168392 -418.928661 -445.694295 -466.665126 -484.153124 -506.655656 -9999.0 -9999.0
-9999.0 -9999.0 -9999.0 -9999.0 -9999.0 -9999.0 -9999.0 -9999.0 -9999.0 -9999.0 -9999.0 -9999.0 -9999.0 -9999.0 -9999.0 -9999.0 -9999.0 -9999.0 -9999.0 -9999.0 -9999.0 -9999.0 -9999.0 -9999.0 -9999.0 -9999.0 -9999.0 -9999.0 -9999.0 -9999.0 -9999.0 -9999.0 -9999.0 -9999.0 -9999.0 -9999.0 -9999.0 -9999.0 -9999.0 -9999.0 -9999.0 -9999.0 -9999.0 -9999.0 -9999.0 -9999.0 -9999.0 -9999.0 -9999.0 -9999.0 -9999.0 -9999.0 -9999.0 -9999.0 -9999.0 -9999.0 -9999.0 -9999.0 -9999.0 -9999.0 -9999.0 -9999.0 -9999.0 -9999.0 -9999.0 -9999.0 -9999.0 -9999.0 -9999.0 -9999.0 -9999.0 -9999.0 -9999.0 -9999.0 -9999.0 -9999.0 -9999.0 -9999.0 -9999.0 -9999.0 -9999.0 -9999.0 -9999.0 -9999.0 -9999.0 -9999.0 -9999.0 -9999.0 -9999.0 -9999.0 -9999.0 -9999.0 -9999.0 -9999.0 -9999.0 -9999.0 -9999.0 -9999.0 -9999.0 -9999.0 -9999.0 -9999.0 -9999.0 -9999.0
-9999.0 -9999.0 -9999.0 -9999.0 -9999.0 -9999.0 -9999.0 -9999.0 -9999.0 -9999.0 -9999.0 -9999.0 -9999.0 -9999.0 -9999.0 -9999.0 -9999.0 -9999.0 -9999.0 -9999.0 -9999.0 -9999.0 -9999.0 -9999.0 -9999.0 -9999.0 -9999.0 -9999.0 -9999.0 -9999.0 -9999.0 -9999.0 -9999.0 -9999.0 -9999.0 -9999.0 -9999.0 -9999.0 -9999.0 -9999.0 -9999.0 -9999.0 -9999.0 -9999.0 -9999.0 -9999.0 -9999.0 -9999.0 -9999.0 -9999.0 -9999.0 -9999.0 -9999.0 -9999.0 -9999.0 -9999.0 -9999.0 -9999.0 -9999.0 -9999.0 -9999.0 -9999.0 -9999.0 -9999.0 -9999.0 -9999.0 -9999.0 -9999.0 -9999.0 -9999.0 -9999.0 -9999.0 -9999.0 -9999.0 -9999.0 -9999.0 -9999.0 -9999.0 -9999.0 -9999.0 -9999.0 -9999.0 -9999.0 -9999.0 -9999.0 -9999.0 -9999.0 -9999.0 -9999.0 -9999.0 -9999.0 -9999.0 -9999.0 -9999.0 -9999.0 -9999.0 -9999.0 -9999.0 -9999.0 -9999.0 -9999.0 -9999.0 -9999.0 -9999.0