examples/3D/hillslope01/output-maps-SE27XX/psiliqL0058N0001.asc
ncols         104
nrows         10
xllcorner     -2.000000
yllcorner     0.000000
cellsize      1.000000
NODATA_value  -9999.0
-9999.0 -9999.0 -9999.0 -9999.0 -9999.0 -9999.0 -9999.0 -9999.0 -9999.0 -9999.0 -9999.0 -9999.0 -9999.0 -9999.0 -9999.0 -9999.0 -9999.0 -9999.0 -9999.0 -9999.0 -9999.0 -9999.0 -9999.0 -9999.0 -9999.0 -9999.0 -9999.0 -9999.0 -9999.0 -9999.0 -9999.0 -9999.0 -9999.0 -9999.0 -9999.0 -9999.0 -9999.0 -9999.0 -9999.0 -9999.0 -9999.0 -9999.0 -9999.0 -9999.0 -9999.0 -9999.0 -9999.0 -9999.0 -9999.0 -9999.0 -9999.0 -9999.0 -9999.0 -9999.0 -9999.0 -9999.0 -9999.0 -9999.0 -9999.0 -9999.0 -9999.0 -9999.0 -9999.0 -9999.0 -9999.0 -9999.0 -9999.0 -9999.0 -9999.0 -9999.0 -9999.0 -9999.0 -9999.0 -9999.0 -9999.0 -9999.0 -9999.0 -9999.0 -9999.0 -9999.0 -9999.0 -9999.0 -9999.0 -9999.0 -9999.0 -9999.0 -9999.0 -9999.0 -9999.0 -9999.0 -9999.0 -9999.0 -9999.0 -9999.0 -9999.0 -9999.0 -9999.0 -9999.0 -9999.0 -9999.0 -9999.0 -9999.0 -9999.0 -9999.0
-9999.0 -9999.0 -9999.0 -9999.0 -9999.0 -9999.0 -9999.0 -9999.0 -9999.0 -9999.0 -9999.0 -9999.0 -9999.0 -9999.0 -9999.0 -9999.0 -9999.0 -9999.0 -9999.0 -9999.0 -9999.0 -9999.0 -9999.0 -9999.0 -9999.0 -9999.0 -9999.0 -9999.0 -9999.0 -9999.0 -9999.0 -9999.0 -9999.0 -9999.0 -9999.0 -9999.0 -9999.0 -9999.0 -9999.0 -9999.0 -9999.0 -9999.0 -9999.0 -9999.0 -9999.0 -9999.0 -9999.0 -9999.0 -9999.0 -9999.0 -9999.0 -9999.0 -9999.0 -9999.0 -9999.0 -9999.0 -9999.0 -9999.0 -9999.0 -9999.0 -9999.0 -9999.0 -9999.0 -9999.0 -9999.0 -9999.0 -9999.0 -9999.0 -9999.0 -9999.0 -9999.0 -9999.0 -9999.0 -9999.0 -9999.0 -9999.0 -9999.0 -9999.0 -9999.0 -9999.0 -9999.0 -9999.0 -9999.0 -9999.0 -9999.0 -9999.0 -9999.0 -9999.0 -9999.0 -9999.0 -9999.0 -9999.0 -9999.0 -9999.0 -9999.0 -9999.0 -9999.0 -9999.0 -9999.0 -9999.0 -9999.0 -9999.0 -9999.0 -9999.0
-9999.0 -9999.0 4384.218553 4284.376080 4184.721504 4085.296788 3986.140217 3887.281065 3788.740337 3690.533511 3592.673347 3495.172471 3398.046268 3301.317129 3205.021150 3109.217849 3014.001533 2919.513294 2825.948402 2733.547438 2642.560242 2553.199069 2465.595960 2379.792354 2295.766197 2213.473487 2132.882430 2053.963535 1976.668033 1900.932715 1826.732406 1754.038586 1682.789832 1612.935711 1544.465601 1477.309846 1411.408235 1346.768473 1283.286728 1220.947201 1159.719686 1099.434755 1040.236144 981.928031 924.546261 868.024776 812.225394 757.283151 702.839409 649.270538 595.941284 543.515925 491.210052 439.707029 388.205908 337.430275 286.524767 236.292649 185.778790 135.905573 85.582260 35.885471 -14.442707 -63.858497 -113.442533 -161.451380 -208.564164 -252.958210 -295.142427 -333.651021 -369.055295 -400.561894 -428.779504 -453.518027 -475.316092 -494.317148 -510.945602 -525.448210 -538.141721 -549.259429 -559.031380 -567.641833 -575.254472 -582.004428 -588.006956 -593.358080 -598.138568 -602.415799 -606.246442 -609.678090 -612.750809 -615.498289 -617.949327 -620.128709 -622.057792 -623.755376 -625.238936 -626.526377 -627.653031 -628.807548 -631.293136 -643.604401 -9999.0 -9999.0
-9999.0 -9999.0 4384.218553 4284.376080 4184.721503 4085.296788 3986.140217 3887.281065 3788.740337 3690.533510 3592.673347 3495.172470 3398.046268 3301.317129 3205.021150 3109.217849 3014.001533 2919.513294 2825.948402 2733.547438 2642.560242 2553.199069 2465.595960 2379.792354 2295.766198 2213.473488 2132.882430 2053.963535 1976.668033 1900.932716 1826.732406 1754.038586 1682.789832 1612.935711 1544.465601 1477.309846 1411.408235 1346.768473 1283.286728 1220.947201 1159.719686 1099.434755 1040.236144 981.928031 924.546261 868.024776 812.225394 757.283151 702.839409 649.270538 595.941284 543.515925 491.210052 439.707029 388.205908 337.430275 286.524767 236.292649 185.778790 135.905573 85.582260 35.885471 -14.442707 -63.858497 -113.442533 -161.451380 -208.564164 -252.958210 -295.142427 -333.651021 -369.055295 -400.561894 -428.779504 -453.518027 -475.316092 -494.317148 -510.945602 -525.448210 -538.141721 -549.259429 -559.031380 -567.641833 -575.254472 -582.004428 -588.006956 -593.358080 -598.138568 -602.415799 -606.246442 -609.678090 -612.750809 -615.498289 -617.949327 -620.128709 -622.057792 -623.755376 -625.238936 -626.526377 -627.653031 -628.807548 -631.293136 -643.604401 -9999.0 -9999.0
-9999.0 -9999.0 4384.218552 4284.376080 4184.721503 4085.296788 3986.140217 3887.281065 3788.740337 3690.533510 3592.673347 3495.172470 3398.046268 3301.317129 3205.021150 3109.217849 3014.001533 2919.513294 2825.948402 2733.547438 2642.560242 2553.199069 2465.595960 2379.792354 2295.766198 2213.473488 2132.882430 2053.963535 1976.668034 1900.932716 1826.732406 1754.038586 1682.789832 1612.935711 1544.465601 1477.309846 1411.408235 1346.768473 1283.286728 1220.947201 1159.719686 1099.434755 1040.236144 981.928031 924.546261 868.024776 812.225394 757.283151 702.839409 649.270538 595.941284 543.515925 491.210052 439.707029 388.205908 337.430275 286.524767 236.292649 185.778790 135.905573 85.582260 35.885471 -14.442707 -63.858497 -113.442533 -161.451380 -208.564164 -252.958210 -295.142427 -333.651021 -369.055295 -400.561894 -428.779504 -453.518027 -475.316092 -494.317148 -510.945602 -525.448210 -538.141721 -549.259429 -559.031380 -567.641833 -575.254472 -582.004428 -588.006956 -593.358080 -598.138568 -602.415799 -606.246442 -609.678090 -612.750809 -615.498289 -617.949327 -620.128709 -622.057792 -623.755376 -625.238936 -626.526377 -627.653031 -628.807548 -631.293136 -643.604401 -9999.0 -9999.0
-9999.0 -9999.0 4384.218552 4284.376080 4184.721503 4085.296788 3986.140217 3887.281065 3788.740337 3690.533510 3592.673347 3495.172470 3398.046268 3301.317129 3205.021150 3109.217849 3014.001533 2919.513294 2825.948402 2733.547438 2642.560242 2553.199069 2465.595960 2379.792354 2295.766198 2213.473488 2132.882430 2053.963535 1976.668034 1900.932716 1826.732406 1754.038586 1682.789832 1612.935711 1544.465601 1477.309846 1411.408235 1346.768473 1283.286728 1220.947201 1159.719686 1099.434755 1040.236144 981.928031 924.546261 868.024776 812.225394 757.283151 702.839409 649.270538 595.941284 543.515925 491.210052 439.707029 388.205908 337.430275 286.524767 236.292649 185.778790 135.905573 85.582260 35.885471 -14.442707 -63.858497 -113.442533 -161.451380 -208.564164 -252.958210 -295.142427 -333.651021 -369.055295 -400.561894 -428.779504 -453.518027 -475.316092 -494.317148 -510.945602 -525.448210 -538.141721 -549.259429 -559.031380 -567.641833 -575.254472 -582.004428 -588.006956 -593.358080 -598.138568 -602.415799 -606.246442 -609.678090 -612.750809 -615.498289 -617.949327 -620.128709 -622.057792 -623.755376 -625.238936 -626.526377 -627.653031 -628.807548 -631.293136 -643.604401 -9999.0 -9999.0
-9999.0 -9999.0 4384.218552 4284.376080 4184.721503 4085.296788 3986.140217 3887.281065 3788.740337 3690.533510 3592.673347 3495.172470 3398.046268 3301.317129 3205.021150 3109.217849 3014.001533 2919.513294 2825.948402 2733.547438 2642.560242 2553.199069 2465.595960 2379.792354 2295.766197 2213.473488 2132.882430 2053.963535 1976.668033 1900.932716 1826.732406 1754.038586 1682.789832 1612.935711 1544.465601 1477.309846 1411.408235 1346.768473 1283.286728 1220.947201 1159.719686 1099.434755 1040.236144 981.928031 924.546261 868.024776 812.225394 757.283151 702.839409 649.270538 595.941284 543.515925 491.210052 439.707029 388.205908 337.430275 286.524767 236.292649 185.778790 135.905573 85.582260 35.885471 -14.442707 -63.858497 -113.442533 -161.451380 -208.564164 -252.958210 -295.142427 -333.651021 -369.055295 -400.561894 -428.779504 -453.518027 -475.316092 -494.317148 -510.945602 -525.448210 -538.141721 -549.259429 -559.031380 -567.641833 -575.254472 -582.004428 -588.006956 -593.358080 -598.138568 -602.415799 -606.246442 -609.678090 -612.750809 -615.498289 -617.949327 -620.128709 -622.057792 -623.755376 -625.238936 -626.526377 -627.653031 -628.807548 -631.293136 -643.604401 -9999.0 -9999.0
-9999.0 -9999.0 4384.218553 4284.376080 4184.721504 4085.296788 3986.140217 3887.281065 3788.740337 3690.533511 3592.673347 3495.172471 3398.046268 3301.317129 3205.021150 3109.217849 3014.001533 2919.513294 2825.948402 2733.547438 2642.560242 2553.199069 2465.595960 2379.792354 2295.766197 2213.473487 2132.882430 2053.963535 1976.668033 1900.932715 1826.732406 1754.038586 1682.789832 1612.935711 1544.465601 1477.309846 1411.408235 1346.768473 1283.286728 1220.947201 1159.719686 1099.434755 1040.236144 981.928031 924.546261 868.024776 812.225394 757.283151 702.839409 649.270538 595.941284 543.515925 491.210052 439.707029 388.205908 337.430275 286.524767 236.292649 185.778790 135.905573 85.582260 35.885471 -14.442707 -63.858497 -113.442533 -161.451380 -208.564164 -252.958210 -295.142427 -333.651021 -369.055295 -400.561894 -428.779504 -453.518027 -475.316092 -494.317148 -510.945602 -525.448210 -538.141721 -549.259429 -559.031380 -567.641833 -575.254472 -582.004428 -588.006956 -593.358080 -598.138568 -602.415799 -606.246442 -609.678090 -612.750809 -615.498289 -617.949327 -620.128709 -622.057792 -623.755376 -625.238936 -626.526377 -627.653031 -628.807548 -631.293136 -643.604401 -9999.0 -9999.0
-9999.0 -9999.0 -9999.0 -9999.0 -9999.0 -9999.0 -9999.0 -9999.0 -9999.0 -9999.0 -9999.0 -9999.0 -9999.0 -9999.0 -9999.0 -9999.0 -9999.0 -9999.0 -9999.0 -9999.0 -9999.0 -9999.0 -9999.0 -9999.0 -9999.0 -9999.0 -9999.0 -9999.0 -9999.0 -9999.0 -9999.0 -9999.0 -9999.0 -9999.0 -9999.0 -9999.0 -9999.0 -9999.0 -9999.0 -9999.0 -9999.0 -9999.0 -9999.0 -9999.0 -9999.0 -9999.0 -9999.0 -9999.0 -9999.0 -9999.0 -9999.0 -9999.0 -9999.0 -9999.0 -9999.0 -9999.0 -9999.0 -9999.0 -9999.0 -9999.0 -9999.0 -9999.0 -9999.0 -9999.0 -9999.0 -9999.0 -9999.0 -9999.0 -9999.0 -9999.0 -9999.0 -9999.0 -9999.0 -9999.0 -9999.0 -9999.0 -9999.0 -9999.0 -9999.0 -9999.0 -9999.0 -9999.0 -9999.0 -9999.0 -9999.0 -9999.0 -9999.0 -9999.0 -9999.0 -9999.0 -9999.0 -9999.0 -9999.0 -9999.0 -9999.0 -9999.0 -9999.0 -9999.0 -9999.0 -9999.0 -9999.0 -9999.0 -9999.0 -9999.0
-9999.0 -9999.0 -9999.0 -9999.0 -9999.0 -9999.0 -9999.0 -9999.0 -9999.0 -9999.0 -9999.0 -9999.0 -9999.0 -9999.0 -9999.0 -9999.0 -9999.0 -9999.0 -9999.0 -9999.0 -9999.0 -9999.0 -9999.0 -9999.0 -9999.0 -9999.0 -9999.0 -9999.0 -9999.0 -9999.0 -9999.0 -9999.0 -9999.0 -9999.0 -9999.0 -9999.0 -9999.0 -9999.0 -9999.0 -9999.0 -9999.0 -9999.0 -9999.0 -9999.0 -9999.0 -9999.0 -9999.0 -9999.0 -9999.0 -9999.0 -9999.0 -9999.0 -9999.0 -9999.0 -9999.0 -9999.0 -9999.0 -9999.0 -9999.0 -9999.0 -9999.0 -9999.0 -9999.0 -9999.0 -9999.0 -9999.0 -9999.0 -9999.0 -9999.0 -9999.0 -9999.0 -9999.0 -9999.0 -9999.0 -9999.0 -9999.0 -9999.0 -9999.0 -9999.0 -9999.0 -9999.0 -9999.0 -9999.0 -9999.0 -9999.0 -9999.0 -9999.0 -9999.0 -9999.0 -9999.0 -9999.0 -9999.0 -9999.0 -9999.0 -9999.0 -9999.0 -9999.0 -9999.0 -9999.0 -9999.0 -9999.0 -9999.0 -9999.0 -9999.0