examples/3D/hillslope01/output-maps-SE27XX/psiliqL0083N0001.asc
ncols         104
nrows         10
xllcorner     -2.000000
yllcorner     0.000000
cellsize      1.000000
NODATA_value  -9999.0
-9999.0 -9999.0 -9999.0 -9999.0 -9999.0 -9999.0 -9999.0 -9999.0 -9999.0 -9999.0 -9999.0 -9999.0 -9999.0 -9999.0 -9999.0 -9999.0 -9999.0 -9999.0 -9999.0 -9999.0 -9999.0 -9999.0 -9999.0 -9999.0 -9999.0 -9999.0 -9999.0 -9999.0 -9999.0 -9999.0 -9999.0 -9999.0 -9999.0 -9999.0 -9999.0 -9999.0 -9999.0 -9999.0 -9999.0 -9999.0 -9999.0 -9999.0 -9999.0 -9999.0 -9999.0 -9999.0 -9999.0 -9999.0 -9999.0 -9999.0 -9999.0 -9999.0 -9999.0 -9999.0 -9999.0 -9999.0 -9999.0 -9999.0 -9999.0 -9999.0 -9999.0 -9999.0 -9999.0 -9999.0 -9999.0 -9999.0 -9999.0 -9999.0 -9999.0 -9999.0 -9999.0 -9999.0 -9999.0 -9999.0 -9999.0 -9999.0 -9999.0 -9999.0 -9999.0 -9999.0 -9999.0 -9999.0 -9999.0 -9999.0 -9999.0 -9999.0 -9999.0 -9999.0 -9999.0 -9999.0 -9999.0 -9999.0 -9999.0 -9999.0 -9999.0 -9999.0 -9999.0 -9999.0 -9999.0 -9999.0 -9999.0 -9999.0 -9999.0 -9999.0
-9999.0 -9999.0 -9999.0 -9999.0 -9999.0 -9999.0 -9999.0 -9999.0 -9999.0 -9999.0 -9999.0 -9999.0 -9999.0 -9999.0 -9999.0 -9999.0 -9999.0 -9999.0 -9999.0 -9999.0 -9999.0 -9999.0 -9999.0 -9999.0 -9999.0 -9999.0 -9999.0 -9999.0 -9999.0 -9999.0 -9999.0 -9999.0 -9999.0 -9999.0 -9999.0 -9999.0 -9999.0 -9999.0 -9999.0 -9999.0 -9999.0 -9999.0 -9999.0 -9999.0 -9999.0 -9999.0 -9999.0 -9999.0 -9999.0 -9999.0 -9999.0 -9999.0 -9999.0 -9999.0 -9999.0 -9999.0 -9999.0 -9999.0 -9999.0 -9999.0 -9999.0 -9999.0 -9999.0 -9999.0 -9999.0 -9999.0 -9999.0 -9999.0 -9999.0 -9999.0 -9999.0 -9999.0 -9999.0 -9999.0 -9999.0 -9999.0 -9999.0 -9999.0 -9999.0 -9999.0 -9999.0 -9999.0 -9999.0 -9999.0 -9999.0 -9999.0 -9999.0 -9999.0 -9999.0 -9999.0 -9999.0 -9999.0 -9999.0 -9999.0 -9999.0 -9999.0 -9999.0 -9999.0 -9999.0 -9999.0 -9999.0 -9999.0 -9999.0 -9999.0
-9999.0 -9999.0 6861.153418 6761.386247 6661.861275 6562.595038 6463.608296 6364.923784 6266.565232 6168.557620 6070.928393 5973.709441 5876.939718 5780.668425 5684.958545 5589.890275 5495.563477 5402.097939 5309.630027 5218.304715 5128.263537 5039.631275 4952.505363 4866.951425 4783.005539 4700.680663 4619.973351 4540.868192 4463.340709 4387.360472 4312.893912 4239.904600 4168.353212 4098.198988 4029.400272 3961.913375 3895.693854 3830.697074 3766.876293 3704.184642 3642.574199 3581.996477 3522.406261 3463.754500 3405.992362 3349.068852 3292.931799 3237.530538 3182.811016 3128.724675 3075.217080 3022.244664 2969.752960 2917.697439 2866.023219 2814.686362 2763.632222 2712.818068 2662.189124 2611.704055 2561.307664 2510.960211 2460.605729 2410.206168 2359.704702 2309.064746 2258.228850 2207.160815 2155.803594 2104.118963 2052.052699 1999.560123 1946.594586 1893.097640 1839.038907 1784.336173 1728.994021 1672.900724 1616.093042 1558.455851 1499.954172 1440.538793 1380.077034 1318.674905 1256.155979 1192.448350 1127.598034 1061.400204 993.812363 924.897844 854.414040 782.195817 708.429759 632.916110 555.400483 475.716960 393.823739 309.770656 223.201598 133.811735 41.298263 -54.117710 -9999.0 -9999.0
-9999.0 -9999.0 6861.153418 6761.386247 6661.861275 6562.595038 6463.608296 6364.923784 6266.565232 6168.557620 6070.928393 5973.709441 5876.939718 5780.668425 5684.958545 5589.890275 5495.563477 5402.097939 5309.630027 5218.304715 5128.263537 5039.631274 4952.505363 4866.951425 4783.005539 4700.680663 4619.973351 4540.868192 4463.340709 4387.360472 4312.893912 4239.904600 4168.353212 4098.198988 4029.400272 3961.913375 3895.693854 3830.697074 3766.876293 3704.184642 3642.574199 3581.996477 3522.406261 3463.754500 3405.992362 3349.068852 3292.931799 3237.530538 3182.811016 3128.724675 3075.217080 3022.244664 2969.752960 2917.697439 2866.023219 2814.686362 2763.632222 2712.818068 2662.189124 2611.704055 2561.307664 2510.960211 2460.605729 2410.206168 2359.704702 2309.064746 2258.228850 2207.160815 2155.803594 2104.118963 2052.052699 1999.560123 1946.594586 1893.097640 1839.038907 1784.336173 1728.994021 1672.900724 1616.093042 1558.455851 1499.954172 1440.538793 1380.077034 1318.674905 1256.155979 1192.448350 1127.598034 1061.400204 993.812363 924.897844 854.414040 782.195817 708.429759 632.916110 555.400483 475.716960 393.823739 309.770656 223.201598 133.811735 41.298263 -54.117710 -9999.0 -9999.0
-9999.0 -9999.0 6861.153417 6761.386247 6661.861275 6562.595038 6463.608296 6364.923784 6266.565232 6168.557620 6070.928393 5973.709441 5876.939718 5780.668425 5684.958545 5589.890275 5495.563477 5402.097939 5309.630027 5218.304715 5128.263537 5039.631274 4952.505363 4866.951425 4783.005539 4700.680663 4619.973351 4540.868192 4463.340709 4387.360472 4312.893912 4239.904600 4168.353212 4098.198988 4029.400272 3961.913375 3895.693854 3830.697074 3766.876293 3704.184642 3642.574199 3581.996477 3522.406261 3463.754500 3405.992362 3349.068852 3292.931799 3237.530538 3182.811016 3128.724675 3075.217080 3022.244664 2969.752960 2917.697439 2866.023219 2814.686362 2763.632222 2712.818068 2662.189124 2611.704055 2561.307664 2510.960211 2460.605729 2410.206168 2359.704702 2309.064746 2258.228850 2207.160815 2155.803594 2104.118963 2052.052699 1999.560123 1946.594586 1893.097640 1839.038906 1784.336173 1728.994021 1672.900724 1616.093042 1558.455851 1499.954172 1440.538793 1380.077034 1318.674905 1256.155979 1192.448350 1127.598034 1061.400204 993.812363 924.897844 854.414040 782.195817 708.429759 632.916110 555.400483 475.716960 393.823739 309.770656 223.201598 133.811735 41.298263 -54.117710 -9999.0 -9999.0
-9999.0 -9999.0 6861.153417 6761.386247 6661.861275 6562.595038 6463.608296 6364.923784 6266.565232 6168.557620 6070.928393 5973.709441 5876.939718 5780.668425 5684.958545 5589.890275 5495.563477 5402.097939 5309.630027 5218.304715 5128.263537 5039.631274 4952.505363 4866.951425 4783.005539 4700.680663 4619.973351 4540.868192 4463.340709 4387.360472 4312.893912 4239.904600 4168.353212 4098.198988 4029.400272 3961.913375 3895.693854 3830.697074 3766.876293 3704.184642 3642.574199 3581.996477 3522.406261 3463.754500 3405.992362 3349.068852 3292.931799 3237.530538 3182.811016 3128.724675 3075.217080 3022.244664 2969.752960 2917.697439 2866.023219 2814.686362 2763.632222 2712.818068 2662.189124 2611.704055 2561.307664 2510.960211 2460.605729 2410.206168 2359.704702 2309.064746 2258.228850 2207.160815 2155.803594 2104.118963 2052.052699 1999.560123 1946.594586 1893.097640 1839.038906 1784.336173 1728.994021 1672.900724 1616.093042 1558.455851 1499.954172 1440.538793 1380.077034 1318.674905 1256.155979 1192.448350 1127.598034 1061.400204 993.812363 924.897844 854.414040 782.195817 708.429759 632.916110 555.400483 475.716960 393.823739 309.770656 223.201598 133.811735 41.298263 -54.117710 -9999.0 -9999.0
-9999.0 -9999.0 6861.153418 6761.386247 6661.861275 6562.595038 6463.608296 6364.923784 6266.565232 6168.557620 6070.928393 5973.709441 5876.939718 5780.668425 5684.958545 5589.890275 5495.563477 5402.097939 5309.630027 5218.304715 5128.263537 5039.631275 4952.505363 4866.951425 4783.005539 4700.680663 4619.973351 4540.868192 4463.340709 4387.360472 4312.893912 4239.904600 4168.353212 4098.198988 4029.400272 3961.913375 3895.693854 3830.697074 3766.876293 3704.184642 3642.574199 3581.996477 3522.406261 3463.754500 3405.992362 3349.068852 3292.931799 3237.530538 3182.811016 3128.724675 3075.217080 3022.244664 2969.752960 2917.697439 2866.023219 2814.686362 2763.632222 2712.818068 2662.189124 2611.704055 2561.307664 2510.960211 2460.605729 2410.206168 2359.704702 2309.064746 2258.228850 2207.160815 2155.803594 2104.118963 2052.052699 1999.560123 1946.594586 1893.097640 1839.038907 1784.336173 1728.994021 1672.900724 1616.093042 1558.455851 1499.954172 1440.538793 1380.077034 1318.674905 1256.155979 1192.448350 1127.598034 1061.400204 993.812363 924.897844 854.414040 782.195817 708.429759 632.916110 555.400483 475.716960 393.823739 309.770656 223.201598 133.811735 41.298263 -54.117710 -9999.0 -9999.0
-9999.0 -9999.0 6861.153418 6761.386247 6661.861275 6562.595038 6463.608297 6364.923784 6266.565232 6168.557620 6070.928393 5973.709441 5876.939718 5780.668425 5684.958545 5589.890275 5495.563477 5402.097939 5309.630027 5218.304715 5128.263537 5039.631275 4952.505363 4866.951425 4783.005539 4700.680663 4619.973351 4540.868192 4463.340709 4387.360472 4312.893912 4239.904600 4168.353212 4098.198988 4029.400272 3961.913375 3895.693854 3830.697074 3766.876293 3704.184642 3642.574199 3581.996477 3522.406261 3463.754500 3405.992362 3349.068852 3292.931799 3237.530538 3182.811016 3128.724675 3075.217080 3022.244664 2969.752960 2917.697439 2866.023219 2814.686362 2763.632222 2712.818068 2662.189124 2611.704055 2561.307664 2510.960211 2460.605729 2410.206168 2359.704702 2309.064746 2258.228850 2207.160815 2155.803594 2104.118963 2052.052699 1999.560123 1946.594586 1893.097640 1839.038907 1784.336173 1728.994021 1672.900724 1616.093042 1558.455851 1499.954172 1440.538793 1380.077034 1318.674905 1256.155979 1192.448350 1127.598034 1061.400204 993.812363 924.897844 854.414040 782.195817 708.429759 632.916110 555.400483 475.716960 393.823739 309.770656 223.201598 133.811735 41.298263 -54.117710 -9999.0 -9999.0
-9999.0 -9999.0 -9999.0 -9999.0 -9999.0 -9999.0 -9999.0 -9999.0 -9999.0 -9999.0 -9999.0 -9999.0 -9999.0 -9999.0 -9999.0 -9999.0 -9999.0 -9999.0 -9999.0 -9999.0 -9999.0 -9999.0 -9999.0 -9999.0 -9999.0 -9999.0 -9999.0 -9999.0 -9999.0 -9999.0 -9999.0 -9999.0 -9999.0 -9999.0 -9999.0 -9999.0 -9999.0 -9999.0 -9999.0 -9999.0 -9999.0 -9999.0 -9999.0 -9999.0 -9999.0 -9999.0 -9999.0 -9999.0 -9999.0 -9999.0 -9999.0 -9999.0 -9999.0 -9999.0 -9999.0 -9999.0 -9999.0 -9999.0 -9999.0 -9999.0 -9999.0 -9999.0 -9999.0 -9999.0 -9999.0 -9999.0 -9999.0 -9999.0 -9999.0 -9999.0 -9999.0 -9999.0 -9999.0 -9999.0 -9999.0 -9999.0 -9999.0 -9999.0 -9999.0 -9999.0 -9999.0 -9999.0 -9999.0 -9999.0 -9999.0 -9999.0 -9999.0 -9999.0 -9999.0 -9999.0 -9999.0 -9999.0 -9999.0 -9999.0 -9999.0 -9999.0 -9999.0 -9999.0 -9999.0 -9999.0 -9999.0 -9999.0 -9999.0 -9999.0
-9999.0 -9999.0 -9999.0 -9999.0 -9999.0 -9999.0 -9999.0 -9999.0 -9999.0 -9999.0 -9999.0 -9999.0 -9999.0 -9999.0 -9999.0 -9999.0 -9999.0 -9999.0 -9999.0 -9999.0 -9999.0 -9999.0 -9999.0 -9999.0 -9999.0 -9999.0 -9999.0 -9999.0 -9999.0 -9999.0 -9999.0 -9999.0 -9999.0 -9999.0 -9999.0 -9999.0 -9999.0 -9999.0 -9999.0 -9999.0 -9999.0 -9999.0 -9999.0 -9999.0 -9999.0 -9999.0 -9999.0 -9999.0 -9999.0 -9999.0 -9999.0 -9999.0 -9999.0 -9999.0 -9999.0 -9999.0 -9999.0 -9999.0 -9999.0 -9999.0 -9999.0 -9999.0 -9999.0 -9999.0 -9999.0 -9999.0 -9999.0 -9999.0 -9999.0 -9999.0 -9999.0 -9999.0 -9999.0 -9999.0 -9999.0 -9999.0 -9999.0 -9999.0 -9999.0 -9999.0 -9999.0 -9999.0 -9999.0 -9999.0 -9999.0 -9999.0 -9999.0 -9999.0 -9999.0 -9999.0 -9999.0 -9999.0 -9999.0 -9999.0 -9999.0 -9999.0 -9999.0 -9999.0 -9999.0 -9999.0 -9999.0 -9999.0 -9999.0 -9999.0