examples/3D/hillslope01/output-maps-SE27XX/psiliqL0060N0001.asc
ncols         104
nrows         10
xllcorner     -2.000000
yllcorner     0.000000
cellsize      1.000000
NODATA_value  -9999.0
-9999.0 -9999.0 -9999.0 -9999.0 -9999.0 -9999.0 -9999.0 -9999.0 -9999.0 -9999.0 -9999.0 -9999.0 -9999.0 -9999.0 -9999.0 -9999.0 -9999.0 -9999.0 -9999.0 -9999.0 -9999.0 -9999.0 -9999.0 -9999.0 -9999.0 -9999.0 -9999.0 -9999.0 -9999.0 -9999.0 -9999.0 -9999.0 -9999.0 -9999.0 -9999.0 -9999.0 -9999.0 -9999.0 -9999.0 -9999.0 -9999.0 -9999.0 -9999.0 -9999.0 -9999.0 -9999.0 -9999.0 -9999.0 -9999.0 -9999.0 -9999.0 -9999.0 -9999.0 -9999.0 -9999.0 -9999.0 -9999.0 -9999.0 -9999.0 -9999.0 -9999.0 -9999.0 -9999.0 -9999.0 -9999.0 -9999.0 -9999.0 -9999.0 -9999.0 -9999.0 -9999.0 -9999.0 -9999.0 -9999.0 -9999.0 -9999.0 -9999.0 -9999.0 -9999.0 -9999.0 -9999.0 -9999.0 -9999.0 -9999.0 -9999.0 -9999.0 -9999.0 -9999.0 -9999.0 -9999.0 -9999.0 -9999.0 -9999.0 -9999.0 -9999.0 -9999.0 -9999.0 -9999.0 -9999.0 -9999.0 -9999.0 -9999.0 -9999.0 -9999.0
-9999.0 -9999.0 -9999.0 -9999.0 -9999.0 -9999.0 -9999.0 -9999.0 -9999.0 -9999.0 -9999.0 -9999.0 -9999.0 -9999.0 -9999.0 -9999.0 -9999.0 -9999.0 -9999.0 -9999.0 -9999.0 -9999.0 -9999.0 -9999.0 -9999.0 -9999.0 -9999.0 -9999.0 -9999.0 -9999.0 -9999.0 -9999.0 -9999.0 -9999.0 -9999.0 -9999.0 -9999.0 -9999.0 -9999.0 -9999.0 -9999.0 -9999.0 -9999.0 -9999.0 -9999.0 -9999.0 -9999.0 -9999.0 -9999.0 -9999.0 -9999.0 -9999.0 -9999.0 -9999.0 -9999.0 -9999.0 -9999.0 -9999.0 -9999.0 -9999.0 -9999.0 -9999.0 -9999.0 -9999.0 -9999.0 -9999.0 -9999.0 -9999.0 -9999.0 -9999.0 -9999.0 -9999.0 -9999.0 -9999.0 -9999.0 -9999.0 -9999.0 -9999.0 -9999.0 -9999.0 -9999.0 -9999.0 -9999.0 -9999.0 -9999.0 -9999.0 -9999.0 -9999.0 -9999.0 -9999.0 -9999.0 -9999.0 -9999.0 -9999.0 -9999.0 -9999.0 -9999.0 -9999.0 -9999.0 -9999.0 -9999.0 -9999.0 -9999.0 -9999.0
-9999.0 -9999.0 4582.416814 4482.584648 4382.946957 4283.541669 4184.404682 4085.564609 3987.042970 3888.856465 3791.019580 3693.547155 3596.457371 3499.776004 3403.542862 3307.820762 3212.705813 3118.337642 3024.904613 2932.634272 2841.761050 2752.484486 2664.932223 2579.150656 2495.127526 2412.827585 2332.221322 2253.279014 2175.954898 2100.192514 2025.962953 1953.234739 1881.951778 1812.066240 1743.558045 1676.364710 1610.430972 1545.748366 1482.230828 1419.852823 1358.576112 1298.269979 1239.020031 1180.678530 1123.253553 1066.682735 1010.855920 955.846085 901.394732 847.736677 794.427236 741.901336 689.614556 638.009526 586.531161 535.649665 484.773959 434.428209 383.954311 333.956771 283.686442 233.851881 183.591344 133.730779 83.295629 33.211231 -17.548467 -67.628801 -117.717311 -166.371478 -213.695790 -258.334623 -300.197596 -338.393666 -373.015532 -403.777360 -430.982063 -454.772076 -475.521701 -493.544527 -509.188805 -522.770114 -534.571831 -544.848225 -553.813630 -561.654911 -568.527467 -574.563249 -579.872309 -584.546996 -588.664506 -592.289418 -595.476149 -598.270777 -600.712469 -602.834947 -604.668263 -606.241437 -607.602330 -608.968050 -611.736797 -624.582217 -9999.0 -9999.0
-9999.0 -9999.0 4582.416814 4482.584648 4382.946957 4283.541669 4184.404682 4085.564609 3987.042970 3888.856465 3791.019580 3693.547154 3596.457371 3499.776004 3403.542862 3307.820762 3212.705813 3118.337642 3024.904613 2932.634272 2841.761050 2752.484486 2664.932223 2579.150656 2495.127526 2412.827585 2332.221322 2253.279014 2175.954898 2100.192514 2025.962953 1953.234739 1881.951778 1812.066240 1743.558045 1676.364710 1610.430972 1545.748366 1482.230828 1419.852823 1358.576111 1298.269979 1239.020031 1180.678530 1123.253553 1066.682735 1010.855920 955.846085 901.394732 847.736677 794.427236 741.901336 689.614556 638.009526 586.531161 535.649665 484.773959 434.428209 383.954311 333.956771 283.686442 233.851881 183.591344 133.730779 83.295628 33.211231 -17.548467 -67.628801 -117.717311 -166.371478 -213.695790 -258.334623 -300.197596 -338.393666 -373.015532 -403.777360 -430.982063 -454.772076 -475.521701 -493.544527 -509.188805 -522.770114 -534.571831 -544.848225 -553.813630 -561.654911 -568.527467 -574.563249 -579.872309 -584.546996 -588.664506 -592.289418 -595.476149 -598.270777 -600.712469 -602.834947 -604.668263 -606.241437 -607.602330 -608.968050 -611.736797 -624.582217 -9999.0 -9999.0
-9999.0 -9999.0 4582.416814 4482.584648 4382.946957 4283.541669 4184.404682 4085.564609 3987.042970 3888.856465 3791.019580 3693.547154 3596.457371 3499.776004 3403.542862 3307.820762 3212.705813 3118.337642 3024.904613 2932.634272 2841.761050 2752.484486 2664.932223 2579.150656 2495.127526 2412.827585 2332.221322 2253.279014 2175.954898 2100.192514 2025.962953 1953.234739 1881.951778 1812.066240 1743.558045 1676.364710 1610.430972 1545.748366 1482.230828 1419.852823 1358.576111 1298.269979 1239.020031 1180.678530 1123.253553 1066.682735 1010.855920 955.846085 901.394732 847.736677 794.427236 741.901336 689.614556 638.009526 586.531161 535.649665 484.773959 434.428209 383.954311 333.956771 283.686442 233.851881 183.591344 133.730779 83.295628 33.211231 -17.548467 -67.628801 -117.717311 -166.371478 -213.695790 -258.334623 -300.197596 -338.393666 -373.015532 -403.777360 -430.982063 -454.772076 -475.521701 -493.544527 -509.188805 -522.770114 -534.571831 -544.848225 -553.813630 -561.654911 -568.527467 -574.563249 -579.872309 -584.546996 -588.664506 -592.289418 -595.476149 -598.270777 -600.712469 -602.834947 -604.668263 -606.241437 -607.602330 -608.968050 -611.736797 -624.582217 -9999.0 -9999.0
-9999.0 -9999.0 4582.416814 4482.584648 4382.946957 4283.541669 4184.404682 4085.564609 3987.042970 3888.856465 3791.019580 3693.547154 3596.457371 3499.776004 3403.542862 3307.820761 3212.705813 3118.337642 3024.904613 2932.634272 2841.761050 2752.484486 2664.932223 2579.150656 2495.127526 2412.827585 2332.221322 2253.279014 2175.954898 2100.192514 2025.962953 1953.234739 1881.951778 1812.066240 1743.558045 1676.364710 1610.430972 1545.748366 1482.230828 1419.852823 1358.576111 1298.269979 1239.020031 1180.678530 1123.253553 1066.682735 1010.855920 955.846085 901.394732 847.736677 794.427236 741.901336 689.614556 638.009526 586.531161 535.649665 484.773959 434.428209 383.954311 333.956771 283.686442 233.851881 183.591344 133.730779 83.295628 33.211231 -17.548467 -67.628801 -117.717311 -166.371478 -213.695790 -258.334623 -300.197596 -338.393666 -373.015532 -403.777360 -430.982063 -454.772076 -475.521701 -493.544527 -509.188805 -522.770114 -534.571831 -544.848225 -553.813630 -561.654911 -568.527467 -574.563249 -579.872309 -584.546996 -588.664506 -592.289418 -595.476149 -598.270777 -600.712469 -602.834947 -604.668263 -606.241437 -607.602330 -608.968050 -611.736797 -624.582217 -9999.0 -9999.0
-9999.0 -9999.0 4582.416814 4482.584648 4382.946957 4283.541669 4184.404682 4085.564609 3987.042970 3888.856465 3791.019580 3693.547154 3596.457371 3499.776004 3403.542862 3307.820762 3212.705813 3118.337642 3024.904613 2932.634272 2841.761050 2752.484486 2664.932223 2579.150656 2495.127526 2412.827585 2332.221322 2253.279014 2175.954898 2100.192514 2025.962953 1953.234739 1881.951778 1812.066240 1743.558045 1676.364710 1610.430972 1545.748366 1482.230828 1419.852823 1358.576111 1298.269979 1239.020031 1180.678530 1123.253553 1066.682735 1010.855920 955.846085 901.394732 847.736677 794.427236 741.901336 689.614556 638.009526 586.531161 535.649665 484.773959 434.428209 383.954311 333.956771 283.686442 233.851881 183.591344 133.730779 83.295628 33.211231 -17.548467 -67.628801 -117.717311 -166.371478 -213.695790 -258.334623 -300.197596 -338.393666 -373.015532 -403.777360 -430.982063 -454.772076 -475.521701 -493.544527 -509.188805 -522.770114 -534.571831 -544.848225 -553.813630 -561.654911 -568.527467 -574.563249 -579.872309 -584.546996 -588.664506 -592.289418 -595.476149 -598.270777 -600.712469 -602.834947 -604.668263 -606.241437 -607.602330 -608.968050 -611.736797 -624.582217 -9999.0 -9999.0
-9999.0 -9999.0 4582.416814 4482.584648 4382.946957 4283.541669 4184.404682 4085.564609 3987.042970 3888.856465 3791.019580 3693.547155 3596.457371 3499.776004 3403.542862 3307.820762 3212.705813 3118.337642 3024.904613 2932.634272 2841.761050 2752.484486 2664.932223 2579.150656 2495.127526 2412.827585 2332.221322 2253.279014 2175.954898 2100.192514 2025.962953 1953.234739 1881.951778 1812.066240 1743.558045 1676.364710 1610.430972 1545.748366 1482.230828 1419.852823 1358.576112 1298.269979 1239.020031 1180.678530 1123.253553 1066.682735 1010.855920 955.846085 901.394732 847.736677 794.427236 741.901336 689.614556 638.009526 586.531161 535.649665 484.773959 434.428209 383.954311 333.956771 283.686442 233.851881 183.591344 133.730779 83.295629 33.211231 -17.548467 -67.628801 -117.717311 -166.371478 -213.695790 -258.334623 -300.197596 -338.393666 -373.015532 -403.777360 -430.982063 -454.772076 -475.521701 -493.544527 -509.188805 -522.770114 -534.571831 -544.848225 -553.813630 -561.654911 -568.527467 -574.563249 -579.872309 -584.546996 -588.664506 -592.289418 -595.476149 -598.270777 -600.712469 -602.834947 -604.668263 -606.241437 -607.602330 -608.968050 -611.736797 -624.582217 -9999.0 -9999.0
-9999.0 -9999.0 -9999.0 -9999.0 -9999.0 -9999.0 -9999.0 -9999.0 -9999.0 -9999.0 -9999.0 -9999.0 -9999.0 -9999.0 -9999.0 -9999.0 -9999.0 -9999.0 -9999.0 -9999.0 -9999.0 -9999.0 -9999.0 -9999.0 -9999.0 -9999.0 -9999.0 -9999.0 -9999.0 -9999.0 -9999.0 -9999.0 -9999.0 -9999.0 -9999.0 -9999.0 -9999.0 -9999.0 -9999.0 -9999.0 -9999.0 -9999.0 -9999.0 -9999.0 -9999.0 -9999.0 -9999.0 -9999.0 -9999.0 -9999.0 -9999.0 -9999.0 -9999.0 -9999.0 -9999.0 -9999.0 -9999.0 -9999.0 -9999.0 -9999.0 -9999.0 -9999.0 -9999.0 -9999.0 -9999.0 -9999.0 -9999.0 -9999.0 -9999.0 -9999.0 -9999.0 -9999.0 -9999.0 -9999.0 -9999.0 -9999.0 -9999.0 -9999.0 -9999.0 -9999.0 -9999.0 -9999.0 -9999.0 -9999.0 -9999.0 -9999.0 -9999.0 -9999.0 -9999.0 -9999.0 -9999.0 -9999.0 -9999.0 -9999.0 -9999.0 -9999.0 -9999.0 -9999.0 -9999.0 -9999.0 -9999.0 -9999.0 -9999.0 -9999.0
-9999.0 -9999.0 -9999.0 -9999.0 -9999.0 -9999.0 -9999.0 -9999.0 -9999.0 -9999.0 -9999.0 -9999.0 -9999.0 -9999.0 -9999.0 -9999.0 -9999.0 -9999.0 -9999.0 -9999.0 -9999.0 -9999.0 -9999.0 -9999.0 -9999.0 -9999.0 -9999.0 -9999.0 -9999.0 -9999.0 -9999.0 -9999.0 -9999.0 -9999.0 -9999.0 -9999.0 -9999.0 -9999.0 -9999.0 -9999.0 -9999.0 -9999.0 -9999.0 -9999.0 -9999.0 -9999.0 -9999.0 -9999.0 -9999.0 -9999.0 -9999.0 -9999.0 -9999.0 -9999.0 -9999.0 -9999.0 -9999.0 -9999.0 -9999.0 -9999.0 -9999.0 -9999.0 -9999.0 -9999.0 -9999.0 -9999.0 -9999.0 -9999.0 -9999.0 -9999.0 -9999.0 -9999.0 -9999.0 -9999.0 -9999.0 -9999.0 -9999.0 -9999.0 -9999.0 -9999.0 -9999.0 -9999.0 -9999.0 -9999.0 -9999.0 -9999.0 -9999.0 -9999.0 -9999.0 -9999.0 -9999.0 -9999.0 -9999.0 -9999.0 -9999.0 -9999.0 -9999.0 -9999.0 -9999.0 -9999.0 -9999.0 -9999.0 -9999.0 -9999.0