examples/3D/hillslope01/output-maps-SE27XX/psiliqL0025N0003.asc
ncols         104
nrows         10
xllcorner     -2.000000
yllcorner     0.000000
cellsize      1.000000
NODATA_value  -9999.0
-9999.0 -9999.0 -9999.0 -9999.0 -9999.0 -9999.0 -9999.0 -9999.0 -9999.0 -9999.0 -9999.0 -9999.0 -9999.0 -9999.0 -9999.0 -9999.0 -9999.0 -9999.0 -9999.0 -9999.0 -9999.0 -9999.0 -9999.0 -9999.0 -9999.0 -9999.0 -9999.0 -9999.0 -9999.0 -9999.0 -9999.0 -9999.0 -9999.0 -9999.0 -9999.0 -9999.0 -9999.0 -9999.0 -9999.0 -9999.0 -9999.0 -9999.0 -9999.0 -9999.0 -9999.0 -9999.0 -9999.0 -9999.0 -9999.0 -9999.0 -9999.0 -9999.0 -9999.0 -9999.0 -9999.0 -9999.0 -9999.0 -9999.0 -9999.0 -9999.0 -9999.0 -9999.0 -9999.0 -9999.0 -9999.0 -9999.0 -9999.0 -9999.0 -9999.0 -9999.0 -9999.0 -9999.0 -9999.0 -9999.0 -9999.0 -9999.0 -9999.0 -9999.0 -9999.0 -9999.0 -9999.0 -9999.0 -9999.0 -9999.0 -9999.0 -9999.0 -9999.0 -9999.0 -9999.0 -9999.0 -9999.0 -9999.0 -9999.0 -9999.0 -9999.0 -9999.0 -9999.0 -9999.0 -9999.0 -9999.0 -9999.0 -9999.0 -9999.0 -9999.0
-9999.0 -9999.0 -9999.0 -9999.0 -9999.0 -9999.0 -9999.0 -9999.0 -9999.0 -9999.0 -9999.0 -9999.0 -9999.0 -9999.0 -9999.0 -9999.0 -9999.0 -9999.0 -9999.0 -9999.0 -9999.0 -9999.0 -9999.0 -9999.0 -9999.0 -9999.0 -9999.0 -9999.0 -9999.0 -9999.0 -9999.0 -9999.0 -9999.0 -9999.0 -9999.0 -9999.0 -9999.0 -9999.0 -9999.0 -9999.0 -9999.0 -9999.0 -9999.0 -9999.0 -9999.0 -9999.0 -9999.0 -9999.0 -9999.0 -9999.0 -9999.0 -9999.0 -9999.0 -9999.0 -9999.0 -9999.0 -9999.0 -9999.0 -9999.0 -9999.0 -9999.0 -9999.0 -9999.0 -9999.0 -9999.0 -9999.0 -9999.0 -9999.0 -9999.0 -9999.0 -9999.0 -9999.0 -9999.0 -9999.0 -9999.0 -9999.0 -9999.0 -9999.0 -9999.0 -9999.0 -9999.0 -9999.0 -9999.0 -9999.0 -9999.0 -9999.0 -9999.0 -9999.0 -9999.0 -9999.0 -9999.0 -9999.0 -9999.0 -9999.0 -9999.0 -9999.0 -9999.0 -9999.0 -9999.0 -9999.0 -9999.0 -9999.0 -9999.0 -9999.0
-9999.0 -9999.0 2582.068166 2494.396742 2412.593490 2332.104950 2251.140503 2169.274705 2086.568269 2003.216823 1919.399105 1835.254736 1750.888954 1666.380858 1581.795869 1497.206810 1412.663093 1328.185409 1243.779528 1159.442054 1075.163182 990.938874 906.842946 822.873992 739.014959 655.244639 571.535164 487.847467 404.238073 320.778737 237.434090 154.172020 70.956182 -12.280203 -95.262606 -176.966872 -255.630217 -328.070445 -390.539116 -440.411375 -477.292484 -502.823794 -519.679249 -530.424802 -537.106094 -541.186257 -543.640492 -545.100645 -545.963071 -546.469004 -546.763901 -546.934725 -547.033003 -547.089135 -547.121031 -547.139056 -547.149182 -547.154836 -547.157974 -547.159704 -547.160650 -547.161166 -547.161444 -547.161594 -547.161673 -547.161716 -547.161738 -547.161749 -547.161755 -547.161759 -547.161760 -547.161761 -547.161761 -547.161762 -547.161762 -547.161762 -547.161762 -547.161762 -547.161762 -547.161762 -547.161762 -547.161762 -547.161762 -547.161762 -547.161762 -547.161762 -547.161762 -547.161762 -547.161763 -547.161765 -547.161774 -547.161809 -547.161935 -547.162394 -547.164060 -547.170037 -547.191218 -547.265567 -547.527743 -548.482722 -552.188243 -567.981393 -9999.0 -9999.0
-9999.0 -9999.0 2582.088670 2494.407877 2412.598280 2332.106838 2251.141224 2169.274977 2086.568371 2003.216862 1919.399120 1835.254742 1750.888956 1666.380859 1581.795869 1497.206810 1412.663093 1328.185409 1243.779528 1159.442055 1075.163183 990.938874 906.842946 822.873992 739.014959 655.244639 571.535164 487.847467 404.238073 320.778737 237.434090 154.172020 70.956182 -12.280203 -95.262606 -176.966872 -255.630217 -328.070445 -390.539116 -440.411375 -477.292484 -502.823794 -519.679249 -530.424802 -537.106094 -541.186257 -543.640492 -545.100645 -545.963071 -546.469004 -546.763901 -546.934725 -547.033003 -547.089135 -547.121031 -547.139056 -547.149182 -547.154836 -547.157974 -547.159704 -547.160650 -547.161166 -547.161444 -547.161594 -547.161673 -547.161716 -547.161738 -547.161749 -547.161755 -547.161759 -547.161760 -547.161761 -547.161761 -547.161762 -547.161762 -547.161762 -547.161762 -547.161762 -547.161762 -547.161762 -547.161762 -547.161762 -547.161762 -547.161762 -547.161762 -547.161762 -547.161762 -547.161762 -547.161763 -547.161765 -547.161774 -547.161809 -547.161935 -547.162394 -547.164060 -547.170037 -547.191218 -547.265567 -547.527743 -548.482722 -552.188243 -567.981393 -9999.0 -9999.0
-9999.0 -9999.0 2582.102615 2494.416122 2412.602163 2332.108485 2251.141887 2169.275236 2086.568471 2003.216900 1919.399134 1835.254747 1750.888959 1666.380860 1581.795870 1497.206811 1412.663093 1328.185409 1243.779528 1159.442055 1075.163183 990.938874 906.842946 822.873992 739.014959 655.244639 571.535164 487.847467 404.238073 320.778737 237.434090 154.172020 70.956182 -12.280203 -95.262606 -176.966872 -255.630217 -328.070445 -390.539116 -440.411375 -477.292484 -502.823794 -519.679249 -530.424802 -537.106094 -541.186257 -543.640492 -545.100645 -545.963071 -546.469004 -546.763901 -546.934725 -547.033003 -547.089135 -547.121031 -547.139056 -547.149182 -547.154836 -547.157974 -547.159704 -547.160650 -547.161166 -547.161444 -547.161594 -547.161673 -547.161716 -547.161738 -547.161749 -547.161755 -547.161759 -547.161760 -547.161761 -547.161761 -547.161762 -547.161762 -547.161762 -547.161762 -547.161762 -547.161762 -547.161762 -547.161762 -547.161762 -547.161762 -547.161762 -547.161762 -547.161762 -547.161762 -547.161762 -547.161763 -547.161765 -547.161774 -547.161809 -547.161935 -547.162394 -547.164060 -547.170037 -547.191218 -547.265567 -547.527743 -548.482722 -552.188243 -567.981393 -9999.0 -9999.0
-9999.0 -9999.0 2582.102615 2494.416122 2412.602163 2332.108485 2251.141887 2169.275236 2086.568471 2003.216900 1919.399134 1835.254747 1750.888958 1666.380860 1581.795870 1497.206811 1412.663093 1328.185409 1243.779528 1159.442055 1075.163183 990.938874 906.842946 822.873992 739.014959 655.244639 571.535164 487.847467 404.238073 320.778737 237.434090 154.172020 70.956182 -12.280203 -95.262606 -176.966872 -255.630217 -328.070445 -390.539116 -440.411375 -477.292484 -502.823794 -519.679249 -530.424802 -537.106094 -541.186257 -543.640492 -545.100645 -545.963071 -546.469004 -546.763901 -546.934725 -547.033003 -547.089135 -547.121031 -547.139056 -547.149182 -547.154836 -547.157974 -547.159704 -547.160650 -547.161166 -547.161444 -547.161594 -547.161673 -547.161716 -547.161738 -547.161749 -547.161755 -547.161759 -547.161760 -547.161761 -547.161761 -547.161762 -547.161762 -547.161762 -547.161762 -547.161762 -547.161762 -547.161762 -547.161762 -547.161762 -547.161762 -547.161762 -547.161762 -547.161762 -547.161762 -547.161762 -547.161763 -547.161765 -547.161774 -547.161809 -547.161935 -547.162394 -547.164060 -547.170037 -547.191218 -547.265567 -547.527743 -548.482722 -552.188243 -567.981393 -9999.0 -9999.0
-9999.0 -9999.0 2582.088670 2494.407877 2412.598280 2332.106838 2251.141224 2169.274977 2086.568371 2003.216862 1919.399120 1835.254742 1750.888956 1666.380859 1581.795869 1497.206810 1412.663093 1328.185409 1243.779528 1159.442055 1075.163183 990.938874 906.842946 822.873992 739.014959 655.244639 571.535164 487.847467 404.238073 320.778737 237.434090 154.172020 70.956182 -12.280203 -95.262606 -176.966872 -255.630217 -328.070445 -390.539116 -440.411375 -477.292484 -502.823794 -519.679249 -530.424802 -537.106094 -541.186257 -543.640492 -545.100645 -545.963071 -546.469004 -546.763901 -546.934725 -547.033003 -547.089135 -547.121031 -547.139056 -547.149182 -547.154836 -547.157974 -547.159704 -547.160650 -547.161166 -547.161444 -547.161594 -547.161673 -547.161716 -547.161738 -547.161749 -547.161755 -547.161759 -547.161760 -547.161761 -547.161761 -547.161762 -547.161762 -547.161762 -547.161762 -547.161762 -547.161762 -547.161762 -547.161762 -547.161762 -547.161762 -547.161762 -547.161762 -547.161762 -547.161762 -547.161762 -547.161763 -547.161765 -547.161774 -547.161809 -547.161935 -547.162394 -547.164060 -547.170037 -547.191218 -547.265567 -547.527743 -548.482722 -552.188243 -567.981393 -9999.0 -9999.0
-9999.0 -9999.0 2582.068166 2494.396742 2412.593490 2332.104950 2251.140503 2169.274705 2086.568269 2003.216823 1919.399105 1835.254736 1750.888954 1666.380858 1581.795869 1497.206810 1412.663093 1328.185409 1243.779528 1159.442055 1075.163182 990.938874 906.842946 822.873992 739.014959 655.244639 571.535164 487.847467 404.238073 320.778737 237.434090 154.172020 70.956182 -12.280203 -95.262606 -176.966872 -255.630217 -328.070445 -390.539116 -440.411375 -477.292484 -502.823794 -519.679249 -530.424802 -537.106094 -541.186257 -543.640492 -545.100645 -545.963071 -546.469004 -546.763901 -546.934725 -547.033003 -547.089135 -547.121031 -547.139056 -547.149182 -547.154836 -547.157974 -547.159704 -547.160650 -547.161166 -547.161444 -547.161594 -547.161673 -547.161716 -547.161738 -547.161749 -547.161755 -547.161759 -547.161760 -547.161761 -547.161761 -547.161762 -547.161762 -547.161762 -547.161762 -547.161762 -547.161762 -547.161762 -547.161762 -547.161762 -547.161762 -547.161762 -547.161762 -547.161762 -547.161762 -547.161762 -547.161763 -547.161765 -547.161774 -547.161809 -547.161935 -547.162394 -547.164060 -547.170037 -547.191218 -547.265567 -547.527743 -548.482722 -552.188243 -567.981393 -9999.0 -9999.0
-9999.0 -9999.0 -9999.0 -9999.0 -9999.0 -9999.0 -9999.0 -9999.0 -9999.0 -9999.0 -9999.0 -9999.0 -9999.0 -9999.0 -9999.0 -9999.0 -9999.0 -9999.0 -9999.0 -9999.0 -9999.0 -9999.0 -9999.0 -9999.0 -9999.0 -9999.0 -9999.0 -9999.0 -9999.0 -9999.0 -9999.0 -9999.0 -9999.0 -9999.0 -9999.0 -9999.0 -9999.0 -9999.0 -9999.0 -9999.0 -9999.0 -9999.0 -9999.0 -9999.0 -9999.0 -9999.0 -9999.0 -9999.0 -9999.0 -9999.0 -9999.0 -9999.0 -9999.0 -9999.0 -9999.0 -9999.0 -9999.0 -9999.0 -9999.0 -9999.0 -9999.0 -9999.0 -9999.0 -9999.0 -9999.0 -9999.0 -9999.0 -9999.0 -9999.0 -9999.0 -9999.0 -9999.0 -9999.0 -9999.0 -9999.0 -9999.0 -9999.0 -9999.0 -9999.0 -9999.0 -9999.0 -9999.0 -9999.0 -9999.0 -9999.0 -9999.0 -9999.0 -9999.0 -9999.0 -9999.0 -9999.0 -9999.0 -9999.0 -9999.0 -9999.0 -9999.0 -9999.0 -9999.0 -9999.0 -9999.0 -9999.0 -9999.0 -9999.0 -9999.0
-9999.0 -9999.0 -9999.0 -9999.0 -9999.0 -9999.0 -9999.0 -9999.0 -9999.0 -9999.0 -9999.0 -9999.0 -9999.0 -9999.0 -9999.0 -9999.0 -9999.0 -9999.0 -9999.0 -9999.0 -9999.0 -9999.0 -9999.0 -9999.0 -9999.0 -9999.0 -9999.0 -9999.0 -9999.0 -9999.0 -9999.0 -9999.0 -9999.0 -9999.0 -9999.0 -9999.0 -9999.0 -9999.0 -9999.0 -9999.0 -9999.0 -9999.0 -9999.0 -9999.0 -9999.0 -9999.0 -9999.0 -9999.0 -9999.0 -9999.0 -9999.0 -9999.0 -9999.0 -9999.0 -9999.0 -9999.0 -9999.0 -9999.0 -9999.0 -9999.0 -9999.0 -9999.0 -9999.0 -9999.0 -9999.0 -9999.0 -9999.0 -9999.0 -9999.0 -9999.0 -9999.0 -9999.0 -9999.0 -9999.0 -9999.0 -9999.0 -9999.0 -9999.0 -9999.0 -9999.0 -9999.0 -9999.0 -9999.0 -9999.0 -9999.0 -9999.0 -9999.0 -9999.0 -9999.0 -9999.0 -9999.0 -9999.0 -9999.0 -9999.0 -9999.0 -9999.0 -9999.0 -9999.0 -9999.0 -9999.0 -9999.0 -9999.0 -9999.0 -9999.0