examples/3D/hillslope01/output-maps-SE27XX/psiliqL0089N0001.asc
ncols         104
nrows         10
xllcorner     -2.000000
yllcorner     0.000000
cellsize      1.000000
NODATA_value  -9999.0
-9999.0 -9999.0 -9999.0 -9999.0 -9999.0 -9999.0 -9999.0 -9999.0 -9999.0 -9999.0 -9999.0 -9999.0 -9999.0 -9999.0 -9999.0 -9999.0 -9999.0 -9999.0 -9999.0 -9999.0 -9999.0 -9999.0 -9999.0 -9999.0 -9999.0 -9999.0 -9999.0 -9999.0 -9999.0 -9999.0 -9999.0 -9999.0 -9999.0 -9999.0 -9999.0 -9999.0 -9999.0 -9999.0 -9999.0 -9999.0 -9999.0 -9999.0 -9999.0 -9999.0 -9999.0 -9999.0 -9999.0 -9999.0 -9999.0 -9999.0 -9999.0 -9999.0 -9999.0 -9999.0 -9999.0 -9999.0 -9999.0 -9999.0 -9999.0 -9999.0 -9999.0 -9999.0 -9999.0 -9999.0 -9999.0 -9999.0 -9999.0 -9999.0 -9999.0 -9999.0 -9999.0 -9999.0 -9999.0 -9999.0 -9999.0 -9999.0 -9999.0 -9999.0 -9999.0 -9999.0 -9999.0 -9999.0 -9999.0 -9999.0 -9999.0 -9999.0 -9999.0 -9999.0 -9999.0 -9999.0 -9999.0 -9999.0 -9999.0 -9999.0 -9999.0 -9999.0 -9999.0 -9999.0 -9999.0 -9999.0 -9999.0 -9999.0 -9999.0 -9999.0
-9999.0 -9999.0 -9999.0 -9999.0 -9999.0 -9999.0 -9999.0 -9999.0 -9999.0 -9999.0 -9999.0 -9999.0 -9999.0 -9999.0 -9999.0 -9999.0 -9999.0 -9999.0 -9999.0 -9999.0 -9999.0 -9999.0 -9999.0 -9999.0 -9999.0 -9999.0 -9999.0 -9999.0 -9999.0 -9999.0 -9999.0 -9999.0 -9999.0 -9999.0 -9999.0 -9999.0 -9999.0 -9999.0 -9999.0 -9999.0 -9999.0 -9999.0 -9999.0 -9999.0 -9999.0 -9999.0 -9999.0 -9999.0 -9999.0 -9999.0 -9999.0 -9999.0 -9999.0 -9999.0 -9999.0 -9999.0 -9999.0 -9999.0 -9999.0 -9999.0 -9999.0 -9999.0 -9999.0 -9999.0 -9999.0 -9999.0 -9999.0 -9999.0 -9999.0 -9999.0 -9999.0 -9999.0 -9999.0 -9999.0 -9999.0 -9999.0 -9999.0 -9999.0 -9999.0 -9999.0 -9999.0 -9999.0 -9999.0 -9999.0 -9999.0 -9999.0 -9999.0 -9999.0 -9999.0 -9999.0 -9999.0 -9999.0 -9999.0 -9999.0 -9999.0 -9999.0 -9999.0 -9999.0 -9999.0 -9999.0 -9999.0 -9999.0 -9999.0 -9999.0
-9999.0 -9999.0 7455.418480 7355.658045 7256.145381 7156.895353 7057.927314 6959.263306 6860.927202 6762.944888 6665.345360 6568.162569 6471.437894 6375.223059 6279.583235 6184.599804 6090.372002 5997.016417 5904.663324 5813.449351 5723.507191 5634.954586 5547.885556 5462.366312 5378.436284 5296.112607 5215.395426 5136.272177 5058.720866 4982.712997 4908.215924 4835.193766 4763.607924 4693.418019 4624.582339 4557.057601 4490.799552 4425.763230 4361.902354 4299.170056 4237.518760 4176.900654 4117.268893 4058.574928 4000.769531 3943.802082 3887.621112 3832.175369 3777.412582 3723.282450 3669.733410 3616.717763 3564.184530 3512.085733 3460.370253 3408.990465 3357.895641 3307.038911 3256.369897 3205.842535 3155.406683 3105.017107 3054.623736 3004.182142 2953.642237 2902.960248 2852.086007 2800.975900 2749.579769 2697.853170 2645.746410 2593.212590 2540.203708 2486.668126 2432.562543 2377.828651 2322.435549 2266.317026 2209.453074 2151.771179 2093.221123 2033.746643 1973.270563 1911.794393 1849.218571 1785.475654 1720.537272 1654.285216 1586.660105 1517.635052 1447.062057 1374.828539 1300.950119 1225.286401 1147.645808 1067.878415 985.899986 901.636999 814.827743 725.183979 632.403591 536.151196 -9999.0 -9999.0
-9999.0 -9999.0 7455.418480 7355.658045 7256.145380 7156.895353 7057.927314 6959.263306 6860.927202 6762.944888 6665.345360 6568.162569 6471.437894 6375.223059 6279.583235 6184.599804 6090.372002 5997.016417 5904.663324 5813.449351 5723.507191 5634.954586 5547.885556 5462.366312 5378.436284 5296.112607 5215.395426 5136.272177 5058.720865 4982.712997 4908.215924 4835.193765 4763.607924 4693.418019 4624.582339 4557.057601 4490.799552 4425.763230 4361.902354 4299.170056 4237.518760 4176.900654 4117.268893 4058.574928 4000.769531 3943.802082 3887.621113 3832.175369 3777.412582 3723.282450 3669.733410 3616.717763 3564.184530 3512.085733 3460.370253 3408.990465 3357.895641 3307.038911 3256.369897 3205.842535 3155.406683 3105.017107 3054.623736 3004.182142 2953.642237 2902.960248 2852.086007 2800.975900 2749.579769 2697.853170 2645.746410 2593.212589 2540.203708 2486.668126 2432.562543 2377.828651 2322.435549 2266.317026 2209.453074 2151.771179 2093.221123 2033.746643 1973.270563 1911.794393 1849.218571 1785.475654 1720.537272 1654.285216 1586.660105 1517.635052 1447.062057 1374.828539 1300.950119 1225.286401 1147.645808 1067.878415 985.899986 901.636999 814.827743 725.183979 632.403591 536.151196 -9999.0 -9999.0
-9999.0 -9999.0 7455.418480 7355.658045 7256.145380 7156.895353 7057.927314 6959.263306 6860.927202 6762.944888 6665.345360 6568.162569 6471.437894 6375.223059 6279.583235 6184.599804 6090.372002 5997.016417 5904.663324 5813.449351 5723.507191 5634.954586 5547.885556 5462.366312 5378.436284 5296.112607 5215.395426 5136.272177 5058.720865 4982.712997 4908.215924 4835.193765 4763.607924 4693.418019 4624.582339 4557.057601 4490.799552 4425.763230 4361.902354 4299.170056 4237.518760 4176.900654 4117.268893 4058.574928 4000.769531 3943.802082 3887.621113 3832.175369 3777.412582 3723.282450 3669.733410 3616.717763 3564.184530 3512.085733 3460.370253 3408.990465 3357.895641 3307.038911 3256.369897 3205.842535 3155.406683 3105.017107 3054.623736 3004.182142 2953.642237 2902.960248 2852.086007 2800.975900 2749.579769 2697.853170 2645.746410 2593.212589 2540.203708 2486.668125 2432.562543 2377.828651 2322.435549 2266.317026 2209.453074 2151.771179 2093.221123 2033.746643 1973.270563 1911.794393 1849.218571 1785.475654 1720.537272 1654.285216 1586.660105 1517.635052 1447.062057 1374.828539 1300.950119 1225.286401 1147.645808 1067.878415 985.899986 901.636999 814.827743 725.183979 632.403591 536.151196 -9999.0 -9999.0
-9999.0 -9999.0 7455.418480 7355.658045 7256.145380 7156.895353 7057.927314 6959.263306 6860.927202 6762.944888 6665.345360 6568.162569 6471.437894 6375.223059 6279.583235 6184.599804 6090.372002 5997.016417 5904.663324 5813.449351 5723.507191 5634.954586 5547.885556 5462.366312 5378.436284 5296.112607 5215.395426 5136.272177 5058.720865 4982.712997 4908.215924 4835.193765 4763.607924 4693.418019 4624.582339 4557.057601 4490.799552 4425.763230 4361.902354 4299.170056 4237.518760 4176.900654 4117.268893 4058.574928 4000.769531 3943.802082 3887.621113 3832.175369 3777.412582 3723.282450 3669.733410 3616.717763 3564.184530 3512.085733 3460.370253 3408.990465 3357.895641 3307.038911 3256.369897 3205.842535 3155.406683 3105.017107 3054.623736 3004.182142 2953.642237 2902.960248 2852.086007 2800.975900 2749.579769 2697.853170 2645.746410 2593.212589 2540.203708 2486.668125 2432.562543 2377.828651 2322.435549 2266.317026 2209.453074 2151.771179 2093.221123 2033.746643 1973.270563 1911.794393 1849.218571 1785.475654 1720.537272 1654.285216 1586.660105 1517.635052 1447.062057 1374.828539 1300.950119 1225.286401 1147.645808 1067.878415 985.899986 901.636999 814.827743 725.183979 632.403591 536.151196 -9999.0 -9999.0
-9999.0 -9999.0 7455.418480 7355.658045 7256.145380 7156.895353 7057.927314 6959.263306 6860.927202 6762.944888 6665.345360 6568.162569 6471.437894 6375.223059 6279.583235 6184.599804 6090.372002 5997.016417 5904.663324 5813.449351 5723.507191 5634.954586 5547.885556 5462.366312 5378.436284 5296.112607 5215.395426 5136.272177 5058.720865 4982.712997 4908.215924 4835.193765 4763.607924 4693.418019 4624.582339 4557.057601 4490.799552 4425.763230 4361.902354 4299.170056 4237.518760 4176.900654 4117.268893 4058.574928 4000.769531 3943.802082 3887.621113 3832.175369 3777.412582 3723.282450 3669.733410 3616.717763 3564.184530 3512.085733 3460.370253 3408.990465 3357.895641 3307.038911 3256.369897 3205.842535 3155.406683 3105.017107 3054.623736 3004.182142 2953.642237 2902.960248 2852.086007 2800.975900 2749.579769 2697.853170 2645.746410 2593.212589 2540.203708 2486.668126 2432.562543 2377.828651 2322.435549 2266.317026 2209.453074 2151.771179 2093.221123 2033.746643 1973.270563 1911.794393 1849.218571 1785.475654 1720.537272 1654.285216 1586.660105 1517.635052 1447.062057 1374.828539 1300.950119 1225.286401 1147.645808 1067.878415 985.899986 901.636999 814.827743 725.183979 632.403591 536.151196 -9999.0 -9999.0
-9999.0 -9999.0 7455.418480 7355.658045 7256.145381 7156.895353 7057.927314 6959.263306 6860.927202 6762.944888 6665.345360 6568.162569 6471.437894 6375.223059 6279.583235 6184.599804 6090.372002 5997.016417 5904.663324 5813.449351 5723.507191 5634.954586 5547.885556 5462.366312 5378.436284 5296.112607 5215.395426 5136.272177 5058.720866 4982.712997 4908.215924 4835.193765 4763.607924 4693.418019 4624.582339 4557.057601 4490.799552 4425.763230 4361.902354 4299.170056 4237.518760 4176.900654 4117.268893 4058.574928 4000.769531 3943.802082 3887.621112 3832.175369 3777.412582 3723.282450 3669.733410 3616.717763 3564.184530 3512.085733 3460.370253 3408.990465 3357.895641 3307.038911 3256.369897 3205.842535 3155.406683 3105.017107 3054.623736 3004.182142 2953.642237 2902.960248 2852.086007 2800.975900 2749.579769 2697.853170 2645.746410 2593.212590 2540.203708 2486.668126 2432.562543 2377.828651 2322.435549 2266.317026 2209.453074 2151.771179 2093.221123 2033.746643 1973.270563 1911.794393 1849.218571 1785.475654 1720.537272 1654.285216 1586.660105 1517.635052 1447.062057 1374.828539 1300.950119 1225.286401 1147.645808 1067.878415 985.899986 901.636999 814.827743 725.183979 632.403591 536.151196 -9999.0 -9999.0
-9999.0 -9999.0 -9999.0 -9999.0 -9999.0 -9999.0 -9999.0 -9999.0 -9999.0 -9999.0 -9999.0 -9999.0 -9999.0 -9999.0 -9999.0 -9999.0 -9999.0 -9999.0 -9999.0 -9999.0 -9999.0 -9999.0 -9999.0 -9999.0 -9999.0 -9999.0 -9999.0 -9999.0 -9999.0 -9999.0 -9999.0 -9999.0 -9999.0 -9999.0 -9999.0 -9999.0 -9999.0 -9999.0 -9999.0 -9999.0 -9999.0 -9999.0 -9999.0 -9999.0 -9999.0 -9999.0 -9999.0 -9999.0 -9999.0 -9999.0 -9999.0 -9999.0 -9999.0 -9999.0 -9999.0 -9999.0 -9999.0 -9999.0 -9999.0 -9999.0 -9999.0 -9999.0 -9999.0 -9999.0 -9999.0 -9999.0 -9999.0 -9999.0 -9999.0 -9999.0 -9999.0 -9999.0 -9999.0 -9999.0 -9999.0 -9999.0 -9999.0 -9999.0 -9999.0 -9999.0 -9999.0 -9999.0 -9999.0 -9999.0 -9999.0 -9999.0 -9999.0 -9999.0 -9999.0 -9999.0 -9999.0 -9999.0 -9999.0 -9999.0 -9999.0 -9999.0 -9999.0 -9999.0 -9999.0 -9999.0 -9999.0 -9999.0 -9999.0 -9999.0
-9999.0 -9999.0 -9999.0 -9999.0 -9999.0 -9999.0 -9999.0 -9999.0 -9999.0 -9999.0 -9999.0 -9999.0 -9999.0 -9999.0 -9999.0 -9999.0 -9999.0 -9999.0 -9999.0 -9999.0 -9999.0 -9999.0 -9999.0 -9999.0 -9999.0 -9999.0 -9999.0 -9999.0 -9999.0 -9999.0 -9999.0 -9999.0 -9999.0 -9999.0 -9999.0 -9999.0 -9999.0 -9999.0 -9999.0 -9999.0 -9999.0 -9999.0 -9999.0 -9999.0 -9999.0 -9999.0 -9999.0 -9999.0 -9999.0 -9999.0 -9999.0 -9999.0 -9999.0 -9999.0 -9999.0 -9999.0 -9999.0 -9999.0 -9999.0 -9999.0 -9999.0 -9999.0 -9999.0 -9999.0 -9999.0 -9999.0 -9999.0 -9999.0 -9999.0 -9999.0 -9999.0 -9999.0 -9999.0 -9999.0 -9999.0 -9999.0 -9999.0 -9999.0 -9999.0 -9999.0 -9999.0 -9999.0 -9999.0 -9999.0 -9999.0 -9999.0 -9999.0 -9999.0 -9999.0 -9999.0 -9999.0 -9999.0 -9999.0 -9999.0 -9999.0 -9999.0 -9999.0 -9999.0 -9999.0 -9999.0 -9999.0 -9999.0 -9999.0 -9999.0