examples/3D/hillslope01/output-maps-SE27XX/psiliqL0072N0003.asc
ncols         104
nrows         10
xllcorner     -2.000000
yllcorner     0.000000
cellsize      1.000000
NODATA_value  -9999.0
-9999.0 -9999.0 -9999.0 -9999.0 -9999.0 -9999.0 -9999.0 -9999.0 -9999.0 -9999.0 -9999.0 -9999.0 -9999.0 -9999.0 -9999.0 -9999.0 -9999.0 -9999.0 -9999.0 -9999.0 -9999.0 -9999.0 -9999.0 -9999.0 -9999.0 -9999.0 -9999.0 -9999.0 -9999.0 -9999.0 -9999.0 -9999.0 -9999.0 -9999.0 -9999.0 -9999.0 -9999.0 -9999.0 -9999.0 -9999.0 -9999.0 -9999.0 -9999.0 -9999.0 -9999.0 -9999.0 -9999.0 -9999.0 -9999.0 -9999.0 -9999.0 -9999.0 -9999.0 -9999.0 -9999.0 -9999.0 -9999.0 -9999.0 -9999.0 -9999.0 -9999.0 -9999.0 -9999.0 -9999.0 -9999.0 -9999.0 -9999.0 -9999.0 -9999.0 -9999.0 -9999.0 -9999.0 -9999.0 -9999.0 -9999.0 -9999.0 -9999.0 -9999.0 -9999.0 -9999.0 -9999.0 -9999.0 -9999.0 -9999.0 -9999.0 -9999.0 -9999.0 -9999.0 -9999.0 -9999.0 -9999.0 -9999.0 -9999.0 -9999.0 -9999.0 -9999.0 -9999.0 -9999.0 -9999.0 -9999.0 -9999.0 -9999.0 -9999.0 -9999.0
-9999.0 -9999.0 -9999.0 -9999.0 -9999.0 -9999.0 -9999.0 -9999.0 -9999.0 -9999.0 -9999.0 -9999.0 -9999.0 -9999.0 -9999.0 -9999.0 -9999.0 -9999.0 -9999.0 -9999.0 -9999.0 -9999.0 -9999.0 -9999.0 -9999.0 -9999.0 -9999.0 -9999.0 -9999.0 -9999.0 -9999.0 -9999.0 -9999.0 -9999.0 -9999.0 -9999.0 -9999.0 -9999.0 -9999.0 -9999.0 -9999.0 -9999.0 -9999.0 -9999.0 -9999.0 -9999.0 -9999.0 -9999.0 -9999.0 -9999.0 -9999.0 -9999.0 -9999.0 -9999.0 -9999.0 -9999.0 -9999.0 -9999.0 -9999.0 -9999.0 -9999.0 -9999.0 -9999.0 -9999.0 -9999.0 -9999.0 -9999.0 -9999.0 -9999.0 -9999.0 -9999.0 -9999.0 -9999.0 -9999.0 -9999.0 -9999.0 -9999.0 -9999.0 -9999.0 -9999.0 -9999.0 -9999.0 -9999.0 -9999.0 -9999.0 -9999.0 -9999.0 -9999.0 -9999.0 -9999.0 -9999.0 -9999.0 -9999.0 -9999.0 -9999.0 -9999.0 -9999.0 -9999.0 -9999.0 -9999.0 -9999.0 -9999.0 -9999.0 -9999.0
-9999.0 -9999.0 7311.002923 7213.725967 7118.966130 7026.379067 6935.570956 6846.167396 6757.849334 6670.362719 6583.513539 6497.157323 6411.188125 6325.528992 6240.124331 6154.933975 6069.928617 5985.086480 5900.391058 5815.829692 5731.392661 5647.072471 5562.863069 5478.759023 5394.755037 5310.845921 5227.026854 5143.293634 5059.642566 4976.069886 4892.571182 4809.141378 4725.775256 4642.468148 4559.216197 4476.015724 4392.862040 4309.749195 4226.670718 4143.620820 4060.595229 3977.590530 3894.601804 3811.621999 3728.642997 3645.657471 3562.660581 3479.649585 3396.619688 3313.562747 3230.468678 3147.327981 3064.134563 2980.886464 2897.579954 2814.206335 2730.753427 2647.208537 2563.562276 2479.812131 2395.958315 2311.993411 2227.903886 2143.673454 2059.286326 1974.732787 1890.016816 1805.138185 1720.085571 1634.842048 1549.388178 1463.703421 1377.770000 1291.587518 1205.165481 1118.492113 1031.549301 944.317215 856.774618 768.897998 680.659666 592.026428 503.017458 413.623323 323.820414 233.585002 142.892718 51.717602 -39.808372 -130.435683 -215.557237 -286.648006 -337.492221 -369.112551 -386.916966 -396.364928 -401.334589 -404.380213 -407.840619 -416.839554 -457.606277 -667.183656 -9999.0 -9999.0
-9999.0 -9999.0 7311.003021 7213.726049 7118.966190 7026.379106 6935.570979 6846.167408 6757.849340 6670.362722 6583.513540 6497.157324 6411.188126 6325.528992 6240.124332 6154.933976 6069.928617 5985.086480 5900.391059 5815.829692 5731.392661 5647.072471 5562.863069 5478.759023 5394.755037 5310.845921 5227.026854 5143.293634 5059.642566 4976.069886 4892.571182 4809.141378 4725.775256 4642.468148 4559.216197 4476.015724 4392.862040 4309.749195 4226.670718 4143.620819 4060.595229 3977.590530 3894.601804 3811.621999 3728.642997 3645.657471 3562.660581 3479.649585 3396.619688 3313.562747 3230.468677 3147.327981 3064.134563 2980.886464 2897.579954 2814.206335 2730.753427 2647.208537 2563.562276 2479.812131 2395.958315 2311.993411 2227.903886 2143.673453 2059.286326 1974.732787 1890.016816 1805.138185 1720.085571 1634.842048 1549.388177 1463.703421 1377.770000 1291.587518 1205.165481 1118.492113 1031.549301 944.317215 856.774618 768.897998 680.659666 592.026427 503.017458 413.623323 323.820414 233.585002 142.892718 51.717602 -39.808372 -130.435683 -215.557237 -286.648006 -337.492221 -369.112551 -386.916966 -396.364928 -401.334589 -404.380213 -407.840619 -416.839555 -457.606279 -667.183661 -9999.0 -9999.0
-9999.0 -9999.0 7311.003116 7213.726130 7118.966249 7026.379143 6935.571001 6846.167420 6757.849346 6670.362725 6583.513542 6497.157324 6411.188126 6325.528992 6240.124332 6154.933976 6069.928618 5985.086480 5900.391059 5815.829692 5731.392661 5647.072471 5562.863069 5478.759023 5394.755037 5310.845921 5227.026854 5143.293634 5059.642566 4976.069886 4892.571182 4809.141378 4725.775256 4642.468148 4559.216197 4476.015724 4392.862040 4309.749195 4226.670718 4143.620819 4060.595229 3977.590530 3894.601804 3811.621999 3728.642997 3645.657471 3562.660581 3479.649585 3396.619688 3313.562747 3230.468677 3147.327981 3064.134563 2980.886464 2897.579954 2814.206335 2730.753427 2647.208537 2563.562276 2479.812131 2395.958315 2311.993411 2227.903886 2143.673453 2059.286326 1974.732787 1890.016816 1805.138185 1720.085571 1634.842048 1549.388177 1463.703421 1377.770000 1291.587518 1205.165481 1118.492113 1031.549300 944.317215 856.774618 768.897998 680.659666 592.026427 503.017458 413.623323 323.820414 233.585002 142.892718 51.717602 -39.808372 -130.435683 -215.557237 -286.648006 -337.492221 -369.112551 -386.916966 -396.364928 -401.334589 -404.380213 -407.840619 -416.839555 -457.606281 -667.183666 -9999.0 -9999.0
-9999.0 -9999.0 7311.003116 7213.726130 7118.966249 7026.379144 6935.571001 6846.167420 6757.849346 6670.362725 6583.513542 6497.157324 6411.188126 6325.528992 6240.124332 6154.933976 6069.928617 5985.086480 5900.391059 5815.829692 5731.392661 5647.072471 5562.863069 5478.759023 5394.755037 5310.845921 5227.026854 5143.293634 5059.642566 4976.069886 4892.571182 4809.141378 4725.775256 4642.468148 4559.216197 4476.015724 4392.862040 4309.749195 4226.670718 4143.620819 4060.595229 3977.590530 3894.601804 3811.621999 3728.642997 3645.657471 3562.660581 3479.649585 3396.619688 3313.562747 3230.468677 3147.327981 3064.134563 2980.886464 2897.579954 2814.206335 2730.753427 2647.208537 2563.562276 2479.812131 2395.958315 2311.993411 2227.903886 2143.673453 2059.286326 1974.732787 1890.016816 1805.138185 1720.085571 1634.842048 1549.388177 1463.703421 1377.770000 1291.587518 1205.165481 1118.492113 1031.549300 944.317215 856.774618 768.897998 680.659666 592.026427 503.017458 413.623323 323.820414 233.585002 142.892718 51.717602 -39.808372 -130.435683 -215.557237 -286.648006 -337.492221 -369.112551 -386.916966 -396.364928 -401.334589 -404.380213 -407.840619 -416.839555 -457.606281 -667.183666 -9999.0 -9999.0
-9999.0 -9999.0 7311.003021 7213.726049 7118.966190 7026.379106 6935.570979 6846.167408 6757.849340 6670.362722 6583.513540 6497.157324 6411.188126 6325.528992 6240.124332 6154.933975 6069.928617 5985.086480 5900.391059 5815.829692 5731.392661 5647.072471 5562.863069 5478.759023 5394.755037 5310.845921 5227.026854 5143.293634 5059.642566 4976.069886 4892.571182 4809.141378 4725.775256 4642.468148 4559.216197 4476.015724 4392.862040 4309.749195 4226.670718 4143.620819 4060.595229 3977.590530 3894.601804 3811.621999 3728.642997 3645.657471 3562.660581 3479.649585 3396.619688 3313.562747 3230.468678 3147.327981 3064.134563 2980.886464 2897.579954 2814.206335 2730.753427 2647.208537 2563.562276 2479.812131 2395.958315 2311.993411 2227.903886 2143.673453 2059.286326 1974.732787 1890.016816 1805.138185 1720.085571 1634.842048 1549.388177 1463.703421 1377.770000 1291.587518 1205.165481 1118.492113 1031.549301 944.317215 856.774618 768.897998 680.659666 592.026427 503.017458 413.623323 323.820414 233.585002 142.892718 51.717602 -39.808372 -130.435683 -215.557237 -286.648006 -337.492221 -369.112551 -386.916966 -396.364928 -401.334589 -404.380213 -407.840619 -416.839555 -457.606279 -667.183661 -9999.0 -9999.0
-9999.0 -9999.0 7311.002923 7213.725967 7118.966130 7026.379068 6935.570956 6846.167396 6757.849334 6670.362719 6583.513538 6497.157323 6411.188125 6325.528992 6240.124331 6154.933975 6069.928617 5985.086480 5900.391058 5815.829692 5731.392661 5647.072471 5562.863069 5478.759023 5394.755037 5310.845921 5227.026854 5143.293634 5059.642566 4976.069886 4892.571182 4809.141378 4725.775256 4642.468148 4559.216197 4476.015724 4392.862040 4309.749195 4226.670718 4143.620819 4060.595229 3977.590530 3894.601804 3811.621999 3728.642997 3645.657471 3562.660581 3479.649585 3396.619688 3313.562747 3230.468678 3147.327981 3064.134563 2980.886464 2897.579954 2814.206335 2730.753427 2647.208537 2563.562276 2479.812131 2395.958315 2311.993411 2227.903886 2143.673454 2059.286326 1974.732787 1890.016816 1805.138185 1720.085571 1634.842048 1549.388178 1463.703421 1377.770000 1291.587518 1205.165481 1118.492113 1031.549301 944.317215 856.774618 768.897998 680.659666 592.026428 503.017458 413.623323 323.820414 233.585002 142.892718 51.717602 -39.808372 -130.435683 -215.557237 -286.648006 -337.492221 -369.112551 -386.916966 -396.364928 -401.334589 -404.380213 -407.840619 -416.839554 -457.606277 -667.183656 -9999.0 -9999.0
-9999.0 -9999.0 -9999.0 -9999.0 -9999.0 -9999.0 -9999.0 -9999.0 -9999.0 -9999.0 -9999.0 -9999.0 -9999.0 -9999.0 -9999.0 -9999.0 -9999.0 -9999.0 -9999.0 -9999.0 -9999.0 -9999.0 -9999.0 -9999.0 -9999.0 -9999.0 -9999.0 -9999.0 -9999.0 -9999.0 -9999.0 -9999.0 -9999.0 -9999.0 -9999.0 -9999.0 -9999.0 -9999.0 -9999.0 -9999.0 -9999.0 -9999.0 -9999.0 -9999.0 -9999.0 -9999.0 -9999.0 -9999.0 -9999.0 -9999.0 -9999.0 -9999.0 -9999.0 -9999.0 -9999.0 -9999.0 -9999.0 -9999.0 -9999.0 -9999.0 -9999.0 -9999.0 -9999.0 -9999.0 -9999.0 -9999.0 -9999.0 -9999.0 -9999.0 -9999.0 -9999.0 -9999.0 -9999.0 -9999.0 -9999.0 -9999.0 -9999.0 -9999.0 -9999.0 -9999.0 -9999.0 -9999.0 -9999.0 -9999.0 -9999.0 -9999.0 -9999.0 -9999.0 -9999.0 -9999.0 -9999.0 -9999.0 -9999.0 -9999.0 -9999.0 -9999.0 -9999.0 -9999.0 -9999.0 -9999.0 -9999.0 -9999.0 -9999.0 -9999.0
-9999.0 -9999.0 -9999.0 -9999.0 -9999.0 -9999.0 -9999.0 -9999.0 -9999.0 -9999.0 -9999.0 -9999.0 -9999.0 -9999.0 -9999.0 -9999.0 -9999.0 -9999.0 -9999.0 -9999.0 -9999.0 -9999.0 -9999.0 -9999.0 -9999.0 -9999.0 -9999.0 -9999.0 -9999.0 -9999.0 -9999.0 -9999.0 -9999.0 -9999.0 -9999.0 -9999.0 -9999.0 -9999.0 -9999.0 -9999.0 -9999.0 -9999.0 -9999.0 -9999.0 -9999.0 -9999.0 -9999.0 -9999.0 -9999.0 -9999.0 -9999.0 -9999.0 -9999.0 -9999.0 -9999.0 -9999.0 -9999.0 -9999.0 -9999.0 -9999.0 -9999.0 -9999.0 -9999.0 -9999.0 -9999.0 -9999.0 -9999.0 -9999.0 -9999.0 -9999.0 -9999.0 -9999.0 -9999.0 -9999.0 -9999.0 -9999.0 -9999.0 -9999.0 -9999.0 -9999.0 -9999.0 -9999.0 -9999.0 -9999.0 -9999.0 -9999.0 -9999.0 -9999.0 -9999.0 -9999.0 -9999.0 -9999.0 -9999.0 -9999.0 -9999.0 -9999.0 -9999.0 -9999.0 -9999.0 -9999.0 -9999.0 -9999.0 -9999.0 -9999.0