examples/3D/hillslope01/output-maps-SE27XX/psiliqL0009N0003.asc
ncols         104
nrows         10
xllcorner     -2.000000
yllcorner     0.000000
cellsize      1.000000
NODATA_value  -9999.0
-9999.0 -9999.0 -9999.0 -9999.0 -9999.0 -9999.0 -9999.0 -9999.0 -9999.0 -9999.0 -9999.0 -9999.0 -9999.0 -9999.0 -9999.0 -9999.0 -9999.0 -9999.0 -9999.0 -9999.0 -9999.0 -9999.0 -9999.0 -9999.0 -9999.0 -9999.0 -9999.0 -9999.0 -9999.0 -9999.0 -9999.0 -9999.0 -9999.0 -9999.0 -9999.0 -9999.0 -9999.0 -9999.0 -9999.0 -9999.0 -9999.0 -9999.0 -9999.0 -9999.0 -9999.0 -9999.0 -9999.0 -9999.0 -9999.0 -9999.0 -9999.0 -9999.0 -9999.0 -9999.0 -9999.0 -9999.0 -9999.0 -9999.0 -9999.0 -9999.0 -9999.0 -9999.0 -9999.0 -9999.0 -9999.0 -9999.0 -9999.0 -9999.0 -9999.0 -9999.0 -9999.0 -9999.0 -9999.0 -9999.0 -9999.0 -9999.0 -9999.0 -9999.0 -9999.0 -9999.0 -9999.0 -9999.0 -9999.0 -9999.0 -9999.0 -9999.0 -9999.0 -9999.0 -9999.0 -9999.0 -9999.0 -9999.0 -9999.0 -9999.0 -9999.0 -9999.0 -9999.0 -9999.0 -9999.0 -9999.0 -9999.0 -9999.0 -9999.0 -9999.0
-9999.0 -9999.0 -9999.0 -9999.0 -9999.0 -9999.0 -9999.0 -9999.0 -9999.0 -9999.0 -9999.0 -9999.0 -9999.0 -9999.0 -9999.0 -9999.0 -9999.0 -9999.0 -9999.0 -9999.0 -9999.0 -9999.0 -9999.0 -9999.0 -9999.0 -9999.0 -9999.0 -9999.0 -9999.0 -9999.0 -9999.0 -9999.0 -9999.0 -9999.0 -9999.0 -9999.0 -9999.0 -9999.0 -9999.0 -9999.0 -9999.0 -9999.0 -9999.0 -9999.0 -9999.0 -9999.0 -9999.0 -9999.0 -9999.0 -9999.0 -9999.0 -9999.0 -9999.0 -9999.0 -9999.0 -9999.0 -9999.0 -9999.0 -9999.0 -9999.0 -9999.0 -9999.0 -9999.0 -9999.0 -9999.0 -9999.0 -9999.0 -9999.0 -9999.0 -9999.0 -9999.0 -9999.0 -9999.0 -9999.0 -9999.0 -9999.0 -9999.0 -9999.0 -9999.0 -9999.0 -9999.0 -9999.0 -9999.0 -9999.0 -9999.0 -9999.0 -9999.0 -9999.0 -9999.0 -9999.0 -9999.0 -9999.0 -9999.0 -9999.0 -9999.0 -9999.0 -9999.0 -9999.0 -9999.0 -9999.0 -9999.0 -9999.0 -9999.0 -9999.0
-9999.0 -9999.0 924.182606 864.595422 802.558989 732.519033 657.119552 578.359905 497.423903 415.228132 332.186168 248.569483 164.562748 80.284634 -4.247332 -88.675884 -172.861306 -256.339573 -338.090314 -416.162718 -487.640747 -549.250440 -598.675721 -635.731303 -661.909833 -679.551603 -691.023042 -698.277805 -702.774338 -705.524735 -707.189372 -708.188016 -708.782469 -709.133231 -709.338796 -709.458632 -709.528107 -709.568156 -709.591109 -709.604173 -709.611561 -709.615718 -709.618044 -709.619338 -709.620054 -709.620447 -709.620662 -709.620779 -709.620842 -709.620876 -709.620894 -709.620904 -709.620909 -709.620911 -709.620913 -709.620913 -709.620914 -709.620914 -709.620914 -709.620914 -709.620914 -709.620914 -709.620914 -709.620914 -709.620914 -709.620914 -709.620914 -709.620914 -709.620914 -709.620914 -709.620914 -709.620914 -709.620914 -709.620914 -709.620914 -709.620914 -709.620914 -709.620914 -709.620914 -709.620914 -709.620914 -709.620914 -709.620914 -709.620914 -709.620914 -709.620914 -709.620914 -709.620914 -709.620915 -709.620916 -709.620920 -709.620936 -709.620996 -709.621215 -709.622020 -709.624963 -709.635651 -709.674154 -709.812879 -710.331559 -712.522496 -724.061652 -9999.0 -9999.0
-9999.0 -9999.0 924.371448 864.640232 802.571071 732.522802 657.120811 578.360339 497.424057 415.228187 332.186187 248.569491 164.562751 80.284635 -4.247332 -88.675884 -172.861306 -256.339573 -338.090314 -416.162718 -487.640747 -549.250440 -598.675721 -635.731303 -661.909833 -679.551603 -691.023042 -698.277805 -702.774338 -705.524735 -707.189372 -708.188016 -708.782469 -709.133231 -709.338796 -709.458632 -709.528107 -709.568156 -709.591109 -709.604173 -709.611561 -709.615718 -709.618044 -709.619338 -709.620054 -709.620447 -709.620662 -709.620779 -709.620842 -709.620876 -709.620894 -709.620904 -709.620909 -709.620911 -709.620913 -709.620913 -709.620914 -709.620914 -709.620914 -709.620914 -709.620914 -709.620914 -709.620914 -709.620914 -709.620914 -709.620914 -709.620914 -709.620914 -709.620914 -709.620914 -709.620914 -709.620914 -709.620914 -709.620914 -709.620914 -709.620914 -709.620914 -709.620914 -709.620914 -709.620914 -709.620914 -709.620914 -709.620914 -709.620914 -709.620914 -709.620914 -709.620914 -709.620914 -709.620915 -709.620916 -709.620920 -709.620936 -709.620996 -709.621215 -709.622020 -709.624963 -709.635651 -709.674154 -709.812879 -710.331559 -712.522496 -724.061652 -9999.0 -9999.0
-9999.0 -9999.0 924.424560 864.659003 802.578438 732.525678 657.121896 578.360739 497.424204 415.228241 332.186207 248.569498 164.562753 80.284636 -4.247332 -88.675884 -172.861306 -256.339572 -338.090314 -416.162718 -487.640747 -549.250440 -598.675721 -635.731303 -661.909833 -679.551603 -691.023042 -698.277805 -702.774338 -705.524735 -707.189372 -708.188016 -708.782469 -709.133231 -709.338796 -709.458632 -709.528107 -709.568156 -709.591109 -709.604173 -709.611561 -709.615718 -709.618044 -709.619338 -709.620054 -709.620447 -709.620662 -709.620779 -709.620842 -709.620876 -709.620894 -709.620904 -709.620909 -709.620911 -709.620913 -709.620913 -709.620914 -709.620914 -709.620914 -709.620914 -709.620914 -709.620914 -709.620914 -709.620914 -709.620914 -709.620914 -709.620914 -709.620914 -709.620914 -709.620914 -709.620914 -709.620914 -709.620914 -709.620914 -709.620914 -709.620914 -709.620914 -709.620914 -709.620914 -709.620914 -709.620914 -709.620914 -709.620914 -709.620914 -709.620914 -709.620914 -709.620914 -709.620914 -709.620915 -709.620916 -709.620920 -709.620936 -709.620996 -709.621215 -709.622020 -709.624963 -709.635651 -709.674154 -709.812879 -710.331559 -712.522496 -724.061652 -9999.0 -9999.0
-9999.0 -9999.0 924.424560 864.659003 802.578438 732.525678 657.121896 578.360739 497.424204 415.228241 332.186207 248.569498 164.562753 80.284636 -4.247332 -88.675884 -172.861306 -256.339572 -338.090314 -416.162718 -487.640747 -549.250440 -598.675721 -635.731303 -661.909833 -679.551603 -691.023042 -698.277805 -702.774338 -705.524735 -707.189372 -708.188016 -708.782469 -709.133231 -709.338796 -709.458632 -709.528107 -709.568156 -709.591109 -709.604173 -709.611561 -709.615718 -709.618044 -709.619338 -709.620054 -709.620447 -709.620662 -709.620779 -709.620842 -709.620876 -709.620894 -709.620904 -709.620909 -709.620911 -709.620913 -709.620913 -709.620914 -709.620914 -709.620914 -709.620914 -709.620914 -709.620914 -709.620914 -709.620914 -709.620914 -709.620914 -709.620914 -709.620914 -709.620914 -709.620914 -709.620914 -709.620914 -709.620914 -709.620914 -709.620914 -709.620914 -709.620914 -709.620914 -709.620914 -709.620914 -709.620914 -709.620914 -709.620914 -709.620914 -709.620914 -709.620914 -709.620914 -709.620914 -709.620915 -709.620916 -709.620920 -709.620936 -709.620996 -709.621215 -709.622020 -709.624963 -709.635651 -709.674154 -709.812879 -710.331559 -712.522496 -724.061652 -9999.0 -9999.0
-9999.0 -9999.0 924.371448 864.640232 802.571071 732.522802 657.120811 578.360339 497.424057 415.228187 332.186187 248.569491 164.562751 80.284635 -4.247332 -88.675884 -172.861306 -256.339573 -338.090314 -416.162718 -487.640747 -549.250440 -598.675721 -635.731303 -661.909833 -679.551603 -691.023042 -698.277805 -702.774338 -705.524735 -707.189372 -708.188016 -708.782469 -709.133231 -709.338796 -709.458632 -709.528107 -709.568156 -709.591109 -709.604173 -709.611561 -709.615718 -709.618044 -709.619338 -709.620054 -709.620447 -709.620662 -709.620779 -709.620842 -709.620876 -709.620894 -709.620904 -709.620909 -709.620911 -709.620913 -709.620913 -709.620914 -709.620914 -709.620914 -709.620914 -709.620914 -709.620914 -709.620914 -709.620914 -709.620914 -709.620914 -709.620914 -709.620914 -709.620914 -709.620914 -709.620914 -709.620914 -709.620914 -709.620914 -709.620914 -709.620914 -709.620914 -709.620914 -709.620914 -709.620914 -709.620914 -709.620914 -709.620914 -709.620914 -709.620914 -709.620914 -709.620914 -709.620914 -709.620915 -709.620916 -709.620920 -709.620936 -709.620996 -709.621215 -709.622020 -709.624963 -709.635651 -709.674154 -709.812879 -710.331559 -712.522496 -724.061652 -9999.0 -9999.0
-9999.0 -9999.0 924.182606 864.595422 802.558989 732.519033 657.119552 578.359905 497.423903 415.228132 332.186168 248.569483 164.562748 80.284634 -4.247332 -88.675884 -172.861306 -256.339573 -338.090314 -416.162718 -487.640747 -549.250440 -598.675721 -635.731303 -661.909833 -679.551603 -691.023042 -698.277805 -702.774338 -705.524735 -707.189372 -708.188016 -708.782469 -709.133231 -709.338796 -709.458632 -709.528107 -709.568156 -709.591109 -709.604173 -709.611561 -709.615718 -709.618044 -709.619338 -709.620054 -709.620447 -709.620662 -709.620779 -709.620842 -709.620876 -709.620894 -709.620904 -709.620909 -709.620911 -709.620913 -709.620913 -709.620914 -709.620914 -709.620914 -709.620914 -709.620914 -709.620914 -709.620914 -709.620914 -709.620914 -709.620914 -709.620914 -709.620914 -709.620914 -709.620914 -709.620914 -709.620914 -709.620914 -709.620914 -709.620914 -709.620914 -709.620914 -709.620914 -709.620914 -709.620914 -709.620914 -709.620914 -709.620914 -709.620914 -709.620914 -709.620914 -709.620914 -709.620914 -709.620915 -709.620916 -709.620920 -709.620936 -709.620996 -709.621215 -709.622020 -709.624963 -709.635651 -709.674154 -709.812879 -710.331559 -712.522496 -724.061652 -9999.0 -9999.0
-9999.0 -9999.0 -9999.0 -9999.0 -9999.0 -9999.0 -9999.0 -9999.0 -9999.0 -9999.0 -9999.0 -9999.0 -9999.0 -9999.0 -9999.0 -9999.0 -9999.0 -9999.0 -9999.0 -9999.0 -9999.0 -9999.0 -9999.0 -9999.0 -9999.0 -9999.0 -9999.0 -9999.0 -9999.0 -9999.0 -9999.0 -9999.0 -9999.0 -9999.0 -9999.0 -9999.0 -9999.0 -9999.0 -9999.0 -9999.0 -9999.0 -9999.0 -9999.0 -9999.0 -9999.0 -9999.0 -9999.0 -9999.0 -9999.0 -9999.0 -9999.0 -9999.0 -9999.0 -9999.0 -9999.0 -9999.0 -9999.0 -9999.0 -9999.0 -9999.0 -9999.0 -9999.0 -9999.0 -9999.0 -9999.0 -9999.0 -9999.0 -9999.0 -9999.0 -9999.0 -9999.0 -9999.0 -9999.0 -9999.0 -9999.0 -9999.0 -9999.0 -9999.0 -9999.0 -9999.0 -9999.0 -9999.0 -9999.0 -9999.0 -9999.0 -9999.0 -9999.0 -9999.0 -9999.0 -9999.0 -9999.0 -9999.0 -9999.0 -9999.0 -9999.0 -9999.0 -9999.0 -9999.0 -9999.0 -9999.0 -9999.0 -9999.0 -9999.0 -9999.0
-9999.0 -9999.0 -9999.0 -9999.0 -9999.0 -9999.0 -9999.0 -9999.0 -9999.0 -9999.0 -9999.0 -9999.0 -9999.0 -9999.0 -9999.0 -9999.0 -9999.0 -9999.0 -9999.0 -9999.0 -9999.0 -9999.0 -9999.0 -9999.0 -9999.0 -9999.0 -9999.0 -9999.0 -9999.0 -9999.0 -9999.0 -9999.0 -9999.0 -9999.0 -9999.0 -9999.0 -9999.0 -9999.0 -9999.0 -9999.0 -9999.0 -9999.0 -9999.0 -9999.0 -9999.0 -9999.0 -9999.0 -9999.0 -9999.0 -9999.0 -9999.0 -9999.0 -9999.0 -9999.0 -9999.0 -9999.0 -9999.0 -9999.0 -9999.0 -9999.0 -9999.0 -9999.0 -9999.0 -9999.0 -9999.0 -9999.0 -9999.0 -9999.0 -9999.0 -9999.0 -9999.0 -9999.0 -9999.0 -9999.0 -9999.0 -9999.0 -9999.0 -9999.0 -9999.0 -9999.0 -9999.0 -9999.0 -9999.0 -9999.0 -9999.0 -9999.0 -9999.0 -9999.0 -9999.0 -9999.0 -9999.0 -9999.0 -9999.0 -9999.0 -9999.0 -9999.0 -9999.0 -9999.0 -9999.0 -9999.0 -9999.0 -9999.0 -9999.0 -9999.0