examples/3D/hillslope01/output-maps-SE27XX/psiliqL0035N0002.asc
ncols         104
nrows         10
xllcorner     -2.000000
yllcorner     0.000000
cellsize      1.000000
NODATA_value  -9999.0
-9999.0 -9999.0 -9999.0 -9999.0 -9999.0 -9999.0 -9999.0 -9999.0 -9999.0 -9999.0 -9999.0 -9999.0 -9999.0 -9999.0 -9999.0 -9999.0 -9999.0 -9999.0 -9999.0 -9999.0 -9999.0 -9999.0 -9999.0 -9999.0 -9999.0 -9999.0 -9999.0 -9999.0 -9999.0 -9999.0 -9999.0 -9999.0 -9999.0 -9999.0 -9999.0 -9999.0 -9999.0 -9999.0 -9999.0 -9999.0 -9999.0 -9999.0 -9999.0 -9999.0 -9999.0 -9999.0 -9999.0 -9999.0 -9999.0 -9999.0 -9999.0 -9999.0 -9999.0 -9999.0 -9999.0 -9999.0 -9999.0 -9999.0 -9999.0 -9999.0 -9999.0 -9999.0 -9999.0 -9999.0 -9999.0 -9999.0 -9999.0 -9999.0 -9999.0 -9999.0 -9999.0 -9999.0 -9999.0 -9999.0 -9999.0 -9999.0 -9999.0 -9999.0 -9999.0 -9999.0 -9999.0 -9999.0 -9999.0 -9999.0 -9999.0 -9999.0 -9999.0 -9999.0 -9999.0 -9999.0 -9999.0 -9999.0 -9999.0 -9999.0 -9999.0 -9999.0 -9999.0 -9999.0 -9999.0 -9999.0 -9999.0 -9999.0 -9999.0 -9999.0
-9999.0 -9999.0 -9999.0 -9999.0 -9999.0 -9999.0 -9999.0 -9999.0 -9999.0 -9999.0 -9999.0 -9999.0 -9999.0 -9999.0 -9999.0 -9999.0 -9999.0 -9999.0 -9999.0 -9999.0 -9999.0 -9999.0 -9999.0 -9999.0 -9999.0 -9999.0 -9999.0 -9999.0 -9999.0 -9999.0 -9999.0 -9999.0 -9999.0 -9999.0 -9999.0 -9999.0 -9999.0 -9999.0 -9999.0 -9999.0 -9999.0 -9999.0 -9999.0 -9999.0 -9999.0 -9999.0 -9999.0 -9999.0 -9999.0 -9999.0 -9999.0 -9999.0 -9999.0 -9999.0 -9999.0 -9999.0 -9999.0 -9999.0 -9999.0 -9999.0 -9999.0 -9999.0 -9999.0 -9999.0 -9999.0 -9999.0 -9999.0 -9999.0 -9999.0 -9999.0 -9999.0 -9999.0 -9999.0 -9999.0 -9999.0 -9999.0 -9999.0 -9999.0 -9999.0 -9999.0 -9999.0 -9999.0 -9999.0 -9999.0 -9999.0 -9999.0 -9999.0 -9999.0 -9999.0 -9999.0 -9999.0 -9999.0 -9999.0 -9999.0 -9999.0 -9999.0 -9999.0 -9999.0 -9999.0 -9999.0 -9999.0 -9999.0 -9999.0 -9999.0
-9999.0 -9999.0 3615.441445 3523.793379 3437.823710 3354.528085 3271.935159 3189.071657 3105.552518 3021.274270 2936.254219 2850.555055 2764.251265 2677.415940 2590.113677 2502.396847 2414.305965 2325.871373 2237.114834 2148.050645 2058.686375 1969.023845 1879.062402 1788.807358 1698.270716 1607.465679 1516.404883 1425.099941 1333.561258 1241.797896 1149.817421 1057.625697 965.226607 872.621605 779.808876 686.781536 593.523523 500.010849 406.254058 312.267060 218.059960 123.640823 29.016313 -65.504196 -157.036276 -235.573023 -290.820277 -323.274328 -340.237575 -348.551043 -352.491569 -354.327313 -355.174531 -355.563371 -355.741188 -355.822298 -355.859233 -355.876039 -355.883692 -355.887190 -355.888802 -355.889557 -355.889921 -355.890104 -355.890202 -355.890259 -355.890294 -355.890317 -355.890334 -355.890347 -355.890358 -355.890367 -355.890375 -355.890383 -355.890389 -355.890396 -355.890402 -355.890407 -355.890412 -355.890417 -355.890422 -355.890426 -355.890431 -355.890435 -355.890439 -355.890443 -355.890447 -355.890452 -355.890463 -355.890492 -355.890590 -355.890944 -355.892233 -355.896936 -355.913980 -355.974817 -356.186085 -356.888285 -359.082271 -365.469010 -383.319814 -438.990938 -9999.0 -9999.0
-9999.0 -9999.0 3615.448090 3523.797763 3437.825997 3354.529134 3271.935607 3189.071841 3105.552591 3021.274299 2936.254231 2850.555059 2764.251266 2677.415940 2590.113677 2502.396848 2414.305965 2325.871373 2237.114834 2148.050645 2058.686375 1969.023845 1879.062401 1788.807358 1698.270716 1607.465679 1516.404883 1425.099940 1333.561257 1241.797896 1149.817421 1057.625697 965.226607 872.621605 779.808876 686.781536 593.523523 500.010850 406.254058 312.267060 218.059960 123.640823 29.016314 -65.504196 -157.036276 -235.573023 -290.820277 -323.274328 -340.237575 -348.551043 -352.491569 -354.327313 -355.174531 -355.563371 -355.741188 -355.822298 -355.859233 -355.876039 -355.883692 -355.887190 -355.888802 -355.889557 -355.889921 -355.890104 -355.890202 -355.890259 -355.890294 -355.890317 -355.890334 -355.890347 -355.890358 -355.890367 -355.890375 -355.890383 -355.890389 -355.890396 -355.890402 -355.890407 -355.890412 -355.890417 -355.890422 -355.890426 -355.890431 -355.890435 -355.890439 -355.890443 -355.890447 -355.890452 -355.890463 -355.890492 -355.890590 -355.890944 -355.892233 -355.896935 -355.913980 -355.974817 -356.186085 -356.888285 -359.082271 -365.469010 -383.319814 -438.990941 -9999.0 -9999.0
-9999.0 -9999.0 3615.453593 3523.801523 3437.828039 3354.530104 3271.936033 3189.072019 3105.552664 3021.274328 2936.254242 2850.555064 2764.251268 2677.415941 2590.113677 2502.396848 2414.305965 2325.871373 2237.114834 2148.050645 2058.686375 1969.023845 1879.062401 1788.807357 1698.270716 1607.465679 1516.404883 1425.099940 1333.561257 1241.797896 1149.817421 1057.625697 965.226607 872.621605 779.808876 686.781536 593.523523 500.010850 406.254058 312.267060 218.059960 123.640823 29.016314 -65.504196 -157.036276 -235.573023 -290.820277 -323.274327 -340.237575 -348.551043 -352.491569 -354.327313 -355.174531 -355.563370 -355.741188 -355.822298 -355.859233 -355.876039 -355.883692 -355.887190 -355.888802 -355.889557 -355.889921 -355.890104 -355.890202 -355.890259 -355.890294 -355.890317 -355.890334 -355.890347 -355.890358 -355.890367 -355.890375 -355.890383 -355.890389 -355.890396 -355.890401 -355.890407 -355.890412 -355.890417 -355.890422 -355.890426 -355.890431 -355.890435 -355.890439 -355.890443 -355.890447 -355.890452 -355.890462 -355.890492 -355.890590 -355.890944 -355.892232 -355.896935 -355.913980 -355.974817 -356.186085 -356.888285 -359.082271 -365.469010 -383.319814 -438.990943 -9999.0 -9999.0
-9999.0 -9999.0 3615.453593 3523.801523 3437.828039 3354.530104 3271.936033 3189.072019 3105.552664 3021.274328 2936.254242 2850.555064 2764.251268 2677.415941 2590.113677 2502.396848 2414.305965 2325.871373 2237.114834 2148.050645 2058.686375 1969.023845 1879.062401 1788.807357 1698.270716 1607.465679 1516.404883 1425.099940 1333.561257 1241.797896 1149.817421 1057.625697 965.226607 872.621605 779.808876 686.781536 593.523523 500.010850 406.254058 312.267060 218.059960 123.640823 29.016314 -65.504196 -157.036276 -235.573023 -290.820277 -323.274327 -340.237575 -348.551043 -352.491569 -354.327313 -355.174531 -355.563370 -355.741188 -355.822298 -355.859233 -355.876039 -355.883692 -355.887190 -355.888802 -355.889557 -355.889921 -355.890104 -355.890202 -355.890259 -355.890294 -355.890317 -355.890334 -355.890347 -355.890358 -355.890367 -355.890375 -355.890383 -355.890389 -355.890396 -355.890401 -355.890407 -355.890412 -355.890417 -355.890422 -355.890426 -355.890431 -355.890435 -355.890439 -355.890443 -355.890447 -355.890452 -355.890462 -355.890492 -355.890590 -355.890944 -355.892232 -355.896935 -355.913980 -355.974817 -356.186085 -356.888285 -359.082271 -365.469010 -383.319814 -438.990943 -9999.0 -9999.0
-9999.0 -9999.0 3615.448090 3523.797763 3437.825997 3354.529134 3271.935607 3189.071841 3105.552591 3021.274299 2936.254231 2850.555059 2764.251266 2677.415940 2590.113677 2502.396848 2414.305965 2325.871373 2237.114834 2148.050645 2058.686375 1969.023845 1879.062401 1788.807358 1698.270716 1607.465679 1516.404883 1425.099940 1333.561257 1241.797896 1149.817421 1057.625697 965.226607 872.621605 779.808876 686.781536 593.523523 500.010850 406.254058 312.267060 218.059960 123.640823 29.016314 -65.504196 -157.036276 -235.573023 -290.820277 -323.274328 -340.237575 -348.551043 -352.491569 -354.327313 -355.174531 -355.563371 -355.741188 -355.822298 -355.859233 -355.876039 -355.883692 -355.887190 -355.888802 -355.889557 -355.889921 -355.890104 -355.890202 -355.890259 -355.890294 -355.890317 -355.890334 -355.890347 -355.890358 -355.890367 -355.890375 -355.890383 -355.890389 -355.890396 -355.890402 -355.890407 -355.890412 -355.890417 -355.890422 -355.890426 -355.890431 -355.890435 -355.890439 -355.890443 -355.890447 -355.890452 -355.890463 -355.890492 -355.890590 -355.890944 -355.892233 -355.896935 -355.913980 -355.974817 -356.186085 -356.888285 -359.082271 -365.469010 -383.319814 -438.990941 -9999.0 -9999.0
-9999.0 -9999.0 3615.441445 3523.793379 3437.823710 3354.528085 3271.935159 3189.071657 3105.552518 3021.274270 2936.254219 2850.555055 2764.251265 2677.415940 2590.113677 2502.396847 2414.305965 2325.871373 2237.114834 2148.050645 2058.686375 1969.023845 1879.062402 1788.807358 1698.270716 1607.465679 1516.404883 1425.099941 1333.561258 1241.797896 1149.817421 1057.625697 965.226607 872.621605 779.808876 686.781536 593.523523 500.010849 406.254058 312.267060 218.059960 123.640823 29.016313 -65.504196 -157.036276 -235.573023 -290.820277 -323.274328 -340.237575 -348.551043 -352.491569 -354.327313 -355.174531 -355.563371 -355.741188 -355.822298 -355.859233 -355.876039 -355.883692 -355.887190 -355.888802 -355.889557 -355.889921 -355.890104 -355.890202 -355.890259 -355.890294 -355.890317 -355.890334 -355.890347 -355.890358 -355.890367 -355.890375 -355.890383 -355.890389 -355.890396 -355.890402 -355.890407 -355.890412 -355.890417 -355.890422 -355.890426 -355.890431 -355.890435 -355.890439 -355.890443 -355.890447 -355.890452 -355.890463 -355.890492 -355.890590 -355.890944 -355.892233 -355.896936 -355.913980 -355.974817 -356.186085 -356.888285 -359.082271 -365.469010 -383.319814 -438.990938 -9999.0 -9999.0
-9999.0 -9999.0 -9999.0 -9999.0 -9999.0 -9999.0 -9999.0 -9999.0 -9999.0 -9999.0 -9999.0 -9999.0 -9999.0 -9999.0 -9999.0 -9999.0 -9999.0 -9999.0 -9999.0 -9999.0 -9999.0 -9999.0 -9999.0 -9999.0 -9999.0 -9999.0 -9999.0 -9999.0 -9999.0 -9999.0 -9999.0 -9999.0 -9999.0 -9999.0 -9999.0 -9999.0 -9999.0 -9999.0 -9999.0 -9999.0 -9999.0 -9999.0 -9999.0 -9999.0 -9999.0 -9999.0 -9999.0 -9999.0 -9999.0 -9999.0 -9999.0 -9999.0 -9999.0 -9999.0 -9999.0 -9999.0 -9999.0 -9999.0 -9999.0 -9999.0 -9999.0 -9999.0 -9999.0 -9999.0 -9999.0 -9999.0 -9999.0 -9999.0 -9999.0 -9999.0 -9999.0 -9999.0 -9999.0 -9999.0 -9999.0 -9999.0 -9999.0 -9999.0 -9999.0 -9999.0 -9999.0 -9999.0 -9999.0 -9999.0 -9999.0 -9999.0 -9999.0 -9999.0 -9999.0 -9999.0 -9999.0 -9999.0 -9999.0 -9999.0 -9999.0 -9999.0 -9999.0 -9999.0 -9999.0 -9999.0 -9999.0 -9999.0 -9999.0 -9999.0
-9999.0 -9999.0 -9999.0 -9999.0 -9999.0 -9999.0 -9999.0 -9999.0 -9999.0 -9999.0 -9999.0 -9999.0 -9999.0 -9999.0 -9999.0 -9999.0 -9999.0 -9999.0 -9999.0 -9999.0 -9999.0 -9999.0 -9999.0 -9999.0 -9999.0 -9999.0 -9999.0 -9999.0 -9999.0 -9999.0 -9999.0 -9999.0 -9999.0 -9999.0 -9999.0 -9999.0 -9999.0 -9999.0 -9999.0 -9999.0 -9999.0 -9999.0 -9999.0 -9999.0 -9999.0 -9999.0 -9999.0 -9999.0 -9999.0 -9999.0 -9999.0 -9999.0 -9999.0 -9999.0 -9999.0 -9999.0 -9999.0 -9999.0 -9999.0 -9999.0 -9999.0 -9999.0 -9999.0 -9999.0 -9999.0 -9999.0 -9999.0 -9999.0 -9999.0 -9999.0 -9999.0 -9999.0 -9999.0 -9999.0 -9999.0 -9999.0 -9999.0 -9999.0 -9999.0 -9999.0 -9999.0 -9999.0 -9999.0 -9999.0 -9999.0 -9999.0 -9999.0 -9999.0 -9999.0 -9999.0 -9999.0 -9999.0 -9999.0 -9999.0 -9999.0 -9999.0 -9999.0 -9999.0 -9999.0 -9999.0 -9999.0 -9999.0 -9999.0 -9999.0