examples/3D/hillslope01/output-maps-SE27XX/psiliqL0066N0001.asc
ncols         104
nrows         10
xllcorner     -2.000000
yllcorner     0.000000
cellsize      1.000000
NODATA_value  -9999.0
-9999.0 -9999.0 -9999.0 -9999.0 -9999.0 -9999.0 -9999.0 -9999.0 -9999.0 -9999.0 -9999.0 -9999.0 -9999.0 -9999.0 -9999.0 -9999.0 -9999.0 -9999.0 -9999.0 -9999.0 -9999.0 -9999.0 -9999.0 -9999.0 -9999.0 -9999.0 -9999.0 -9999.0 -9999.0 -9999.0 -9999.0 -9999.0 -9999.0 -9999.0 -9999.0 -9999.0 -9999.0 -9999.0 -9999.0 -9999.0 -9999.0 -9999.0 -9999.0 -9999.0 -9999.0 -9999.0 -9999.0 -9999.0 -9999.0 -9999.0 -9999.0 -9999.0 -9999.0 -9999.0 -9999.0 -9999.0 -9999.0 -9999.0 -9999.0 -9999.0 -9999.0 -9999.0 -9999.0 -9999.0 -9999.0 -9999.0 -9999.0 -9999.0 -9999.0 -9999.0 -9999.0 -9999.0 -9999.0 -9999.0 -9999.0 -9999.0 -9999.0 -9999.0 -9999.0 -9999.0 -9999.0 -9999.0 -9999.0 -9999.0 -9999.0 -9999.0 -9999.0 -9999.0 -9999.0 -9999.0 -9999.0 -9999.0 -9999.0 -9999.0 -9999.0 -9999.0 -9999.0 -9999.0 -9999.0 -9999.0 -9999.0 -9999.0 -9999.0 -9999.0
-9999.0 -9999.0 -9999.0 -9999.0 -9999.0 -9999.0 -9999.0 -9999.0 -9999.0 -9999.0 -9999.0 -9999.0 -9999.0 -9999.0 -9999.0 -9999.0 -9999.0 -9999.0 -9999.0 -9999.0 -9999.0 -9999.0 -9999.0 -9999.0 -9999.0 -9999.0 -9999.0 -9999.0 -9999.0 -9999.0 -9999.0 -9999.0 -9999.0 -9999.0 -9999.0 -9999.0 -9999.0 -9999.0 -9999.0 -9999.0 -9999.0 -9999.0 -9999.0 -9999.0 -9999.0 -9999.0 -9999.0 -9999.0 -9999.0 -9999.0 -9999.0 -9999.0 -9999.0 -9999.0 -9999.0 -9999.0 -9999.0 -9999.0 -9999.0 -9999.0 -9999.0 -9999.0 -9999.0 -9999.0 -9999.0 -9999.0 -9999.0 -9999.0 -9999.0 -9999.0 -9999.0 -9999.0 -9999.0 -9999.0 -9999.0 -9999.0 -9999.0 -9999.0 -9999.0 -9999.0 -9999.0 -9999.0 -9999.0 -9999.0 -9999.0 -9999.0 -9999.0 -9999.0 -9999.0 -9999.0 -9999.0 -9999.0 -9999.0 -9999.0 -9999.0 -9999.0 -9999.0 -9999.0 -9999.0 -9999.0 -9999.0 -9999.0 -9999.0 -9999.0
-9999.0 -9999.0 5176.970941 5077.163861 4977.568384 4878.213224 4779.128328 4680.340341 4581.871846 4483.742631 4385.971745 4288.579969 4191.592866 4095.044887 3998.984965 3903.483538 3808.639946 3714.588443 3621.498987 3529.567160 3438.990372 3349.938060 3262.526753 3176.812934 3092.806054 3010.490978 2929.846024 2850.843859 2773.446470 2697.610059 2623.300468 2550.481741 2479.107197 2409.133080 2340.524652 2273.231161 2207.204609 2142.412085 2078.794155 2016.310393 1954.913297 1894.528955 1835.155372 1776.714403 1719.174133 1662.478734 1606.558125 1551.397266 1496.880725 1443.042366 1389.711176 1336.989869 1284.678177 1232.875375 1181.377772 1130.293739 1079.409580 1028.850768 978.383529 928.158206 877.913710 827.832520 777.619323 727.492985 677.123686 626.761627 576.055833 525.262126 474.048961 422.616612 370.738306 318.440668 265.757091 212.335691 158.727525 103.871130 49.189302 -7.233447 -62.801571 -118.625360 -172.847296 -224.579635 -273.147490 -316.892564 -356.143511 -390.253985 -419.705603 -444.795805 -465.976164 -483.799709 -498.718123 -511.181185 -521.571554 -530.214940 -537.388497 -543.322552 -548.209454 -552.213225 -555.500842 -558.431200 -562.674013 -577.255194 -9999.0 -9999.0
-9999.0 -9999.0 5176.970941 5077.163861 4977.568384 4878.213224 4779.128328 4680.340341 4581.871846 4483.742631 4385.971745 4288.579969 4191.592866 4095.044887 3998.984965 3903.483538 3808.639946 3714.588443 3621.498987 3529.567160 3438.990372 3349.938060 3262.526754 3176.812934 3092.806054 3010.490978 2929.846024 2850.843859 2773.446470 2697.610059 2623.300468 2550.481741 2479.107197 2409.133080 2340.524652 2273.231161 2207.204609 2142.412085 2078.794155 2016.310393 1954.913297 1894.528955 1835.155372 1776.714403 1719.174133 1662.478734 1606.558125 1551.397266 1496.880725 1443.042366 1389.711176 1336.989869 1284.678177 1232.875375 1181.377772 1130.293739 1079.409580 1028.850768 978.383529 928.158206 877.913710 827.832520 777.619323 727.492985 677.123686 626.761627 576.055833 525.262126 474.048961 422.616611 370.738306 318.440668 265.757091 212.335691 158.727525 103.871130 49.189302 -7.233447 -62.801571 -118.625361 -172.847296 -224.579635 -273.147490 -316.892564 -356.143511 -390.253985 -419.705603 -444.795805 -465.976164 -483.799709 -498.718123 -511.181185 -521.571554 -530.214940 -537.388497 -543.322552 -548.209454 -552.213225 -555.500842 -558.431200 -562.674013 -577.255194 -9999.0 -9999.0
-9999.0 -9999.0 5176.970941 5077.163861 4977.568384 4878.213224 4779.128328 4680.340341 4581.871846 4483.742631 4385.971745 4288.579969 4191.592866 4095.044887 3998.984965 3903.483538 3808.639946 3714.588443 3621.498987 3529.567160 3438.990372 3349.938060 3262.526754 3176.812934 3092.806054 3010.490978 2929.846024 2850.843859 2773.446470 2697.610059 2623.300468 2550.481741 2479.107197 2409.133080 2340.524652 2273.231161 2207.204609 2142.412085 2078.794155 2016.310393 1954.913297 1894.528955 1835.155372 1776.714403 1719.174133 1662.478734 1606.558125 1551.397266 1496.880725 1443.042366 1389.711176 1336.989869 1284.678177 1232.875375 1181.377772 1130.293739 1079.409580 1028.850768 978.383529 928.158206 877.913710 827.832520 777.619323 727.492985 677.123686 626.761627 576.055833 525.262126 474.048961 422.616611 370.738306 318.440668 265.757091 212.335691 158.727525 103.871130 49.189302 -7.233447 -62.801571 -118.625361 -172.847296 -224.579635 -273.147490 -316.892564 -356.143511 -390.253985 -419.705603 -444.795805 -465.976164 -483.799709 -498.718123 -511.181185 -521.571554 -530.214940 -537.388497 -543.322552 -548.209454 -552.213225 -555.500842 -558.431200 -562.674013 -577.255194 -9999.0 -9999.0
-9999.0 -9999.0 5176.970941 5077.163861 4977.568384 4878.213224 4779.128328 4680.340341 4581.871846 4483.742631 4385.971745 4288.579969 4191.592866 4095.044887 3998.984965 3903.483538 3808.639946 3714.588443 3621.498987 3529.567160 3438.990372 3349.938060 3262.526754 3176.812934 3092.806054 3010.490978 2929.846024 2850.843859 2773.446470 2697.610059 2623.300468 2550.481741 2479.107197 2409.133080 2340.524652 2273.231161 2207.204609 2142.412085 2078.794155 2016.310393 1954.913297 1894.528955 1835.155372 1776.714403 1719.174133 1662.478734 1606.558125 1551.397266 1496.880725 1443.042366 1389.711176 1336.989869 1284.678177 1232.875375 1181.377772 1130.293739 1079.409580 1028.850768 978.383529 928.158206 877.913710 827.832520 777.619323 727.492985 677.123686 626.761627 576.055833 525.262126 474.048961 422.616611 370.738306 318.440668 265.757091 212.335691 158.727525 103.871130 49.189302 -7.233447 -62.801571 -118.625361 -172.847296 -224.579635 -273.147490 -316.892564 -356.143511 -390.253985 -419.705603 -444.795805 -465.976164 -483.799709 -498.718123 -511.181185 -521.571554 -530.214940 -537.388497 -543.322552 -548.209454 -552.213225 -555.500842 -558.431200 -562.674013 -577.255194 -9999.0 -9999.0
-9999.0 -9999.0 5176.970941 5077.163861 4977.568384 4878.213224 4779.128328 4680.340341 4581.871846 4483.742631 4385.971745 4288.579969 4191.592866 4095.044887 3998.984965 3903.483538 3808.639946 3714.588443 3621.498987 3529.567160 3438.990372 3349.938060 3262.526754 3176.812934 3092.806054 3010.490978 2929.846024 2850.843859 2773.446470 2697.610059 2623.300468 2550.481741 2479.107197 2409.133080 2340.524652 2273.231161 2207.204609 2142.412085 2078.794155 2016.310393 1954.913297 1894.528955 1835.155372 1776.714403 1719.174133 1662.478734 1606.558125 1551.397266 1496.880725 1443.042366 1389.711176 1336.989869 1284.678177 1232.875375 1181.377772 1130.293739 1079.409580 1028.850768 978.383529 928.158206 877.913710 827.832520 777.619323 727.492985 677.123686 626.761627 576.055833 525.262126 474.048961 422.616611 370.738306 318.440668 265.757091 212.335691 158.727525 103.871130 49.189302 -7.233447 -62.801571 -118.625361 -172.847296 -224.579635 -273.147490 -316.892564 -356.143511 -390.253985 -419.705603 -444.795805 -465.976164 -483.799709 -498.718123 -511.181185 -521.571554 -530.214940 -537.388497 -543.322552 -548.209454 -552.213225 -555.500842 -558.431200 -562.674013 -577.255194 -9999.0 -9999.0
-9999.0 -9999.0 5176.970941 5077.163861 4977.568384 4878.213224 4779.128328 4680.340341 4581.871846 4483.742631 4385.971745 4288.579969 4191.592866 4095.044887 3998.984965 3903.483538 3808.639946 3714.588443 3621.498987 3529.567160 3438.990372 3349.938060 3262.526753 3176.812934 3092.806054 3010.490978 2929.846024 2850.843859 2773.446470 2697.610059 2623.300468 2550.481741 2479.107197 2409.133080 2340.524652 2273.231161 2207.204609 2142.412085 2078.794155 2016.310393 1954.913297 1894.528955 1835.155372 1776.714403 1719.174133 1662.478734 1606.558125 1551.397266 1496.880725 1443.042366 1389.711176 1336.989869 1284.678177 1232.875375 1181.377772 1130.293739 1079.409580 1028.850768 978.383529 928.158206 877.913710 827.832520 777.619323 727.492985 677.123686 626.761627 576.055833 525.262126 474.048961 422.616611 370.738306 318.440668 265.757091 212.335691 158.727525 103.871130 49.189302 -7.233447 -62.801571 -118.625361 -172.847296 -224.579635 -273.147490 -316.892564 -356.143511 -390.253985 -419.705603 -444.795805 -465.976164 -483.799709 -498.718123 -511.181185 -521.571554 -530.214940 -537.388497 -543.322552 -548.209454 -552.213225 -555.500842 -558.431200 -562.674013 -577.255194 -9999.0 -9999.0
-9999.0 -9999.0 -9999.0 -9999.0 -9999.0 -9999.0 -9999.0 -9999.0 -9999.0 -9999.0 -9999.0 -9999.0 -9999.0 -9999.0 -9999.0 -9999.0 -9999.0 -9999.0 -9999.0 -9999.0 -9999.0 -9999.0 -9999.0 -9999.0 -9999.0 -9999.0 -9999.0 -9999.0 -9999.0 -9999.0 -9999.0 -9999.0 -9999.0 -9999.0 -9999.0 -9999.0 -9999.0 -9999.0 -9999.0 -9999.0 -9999.0 -9999.0 -9999.0 -9999.0 -9999.0 -9999.0 -9999.0 -9999.0 -9999.0 -9999.0 -9999.0 -9999.0 -9999.0 -9999.0 -9999.0 -9999.0 -9999.0 -9999.0 -9999.0 -9999.0 -9999.0 -9999.0 -9999.0 -9999.0 -9999.0 -9999.0 -9999.0 -9999.0 -9999.0 -9999.0 -9999.0 -9999.0 -9999.0 -9999.0 -9999.0 -9999.0 -9999.0 -9999.0 -9999.0 -9999.0 -9999.0 -9999.0 -9999.0 -9999.0 -9999.0 -9999.0 -9999.0 -9999.0 -9999.0 -9999.0 -9999.0 -9999.0 -9999.0 -9999.0 -9999.0 -9999.0 -9999.0 -9999.0 -9999.0 -9999.0 -9999.0 -9999.0 -9999.0 -9999.0
-9999.0 -9999.0 -9999.0 -9999.0 -9999.0 -9999.0 -9999.0 -9999.0 -9999.0 -9999.0 -9999.0 -9999.0 -9999.0 -9999.0 -9999.0 -9999.0 -9999.0 -9999.0 -9999.0 -9999.0 -9999.0 -9999.0 -9999.0 -9999.0 -9999.0 -9999.0 -9999.0 -9999.0 -9999.0 -9999.0 -9999.0 -9999.0 -9999.0 -9999.0 -9999.0 -9999.0 -9999.0 -9999.0 -9999.0 -9999.0 -9999.0 -9999.0 -9999.0 -9999.0 -9999.0 -9999.0 -9999.0 -9999.0 -9999.0 -9999.0 -9999.0 -9999.0 -9999.0 -9999.0 -9999.0 -9999.0 -9999.0 -9999.0 -9999.0 -9999.0 -9999.0 -9999.0 -9999.0 -9999.0 -9999.0 -9999.0 -9999.0 -9999.0 -9999.0 -9999.0 -9999.0 -9999.0 -9999.0 -9999.0 -9999.0 -9999.0 -9999.0 -9999.0 -9999.0 -9999.0 -9999.0 -9999.0 -9999.0 -9999.0 -9999.0 -9999.0 -9999.0 -9999.0 -9999.0 -9999.0 -9999.0 -9999.0 -9999.0 -9999.0 -9999.0 -9999.0 -9999.0 -9999.0 -9999.0 -9999.0 -9999.0 -9999.0 -9999.0 -9999.0