examples/3D/hillslope01/output-maps-SE27XX/psiliqL0062N0002.asc
ncols         104
nrows         10
xllcorner     -2.000000
yllcorner     0.000000
cellsize      1.000000
NODATA_value  -9999.0
-9999.0 -9999.0 -9999.0 -9999.0 -9999.0 -9999.0 -9999.0 -9999.0 -9999.0 -9999.0 -9999.0 -9999.0 -9999.0 -9999.0 -9999.0 -9999.0 -9999.0 -9999.0 -9999.0 -9999.0 -9999.0 -9999.0 -9999.0 -9999.0 -9999.0 -9999.0 -9999.0 -9999.0 -9999.0 -9999.0 -9999.0 -9999.0 -9999.0 -9999.0 -9999.0 -9999.0 -9999.0 -9999.0 -9999.0 -9999.0 -9999.0 -9999.0 -9999.0 -9999.0 -9999.0 -9999.0 -9999.0 -9999.0 -9999.0 -9999.0 -9999.0 -9999.0 -9999.0 -9999.0 -9999.0 -9999.0 -9999.0 -9999.0 -9999.0 -9999.0 -9999.0 -9999.0 -9999.0 -9999.0 -9999.0 -9999.0 -9999.0 -9999.0 -9999.0 -9999.0 -9999.0 -9999.0 -9999.0 -9999.0 -9999.0 -9999.0 -9999.0 -9999.0 -9999.0 -9999.0 -9999.0 -9999.0 -9999.0 -9999.0 -9999.0 -9999.0 -9999.0 -9999.0 -9999.0 -9999.0 -9999.0 -9999.0 -9999.0 -9999.0 -9999.0 -9999.0 -9999.0 -9999.0 -9999.0 -9999.0 -9999.0 -9999.0 -9999.0 -9999.0
-9999.0 -9999.0 -9999.0 -9999.0 -9999.0 -9999.0 -9999.0 -9999.0 -9999.0 -9999.0 -9999.0 -9999.0 -9999.0 -9999.0 -9999.0 -9999.0 -9999.0 -9999.0 -9999.0 -9999.0 -9999.0 -9999.0 -9999.0 -9999.0 -9999.0 -9999.0 -9999.0 -9999.0 -9999.0 -9999.0 -9999.0 -9999.0 -9999.0 -9999.0 -9999.0 -9999.0 -9999.0 -9999.0 -9999.0 -9999.0 -9999.0 -9999.0 -9999.0 -9999.0 -9999.0 -9999.0 -9999.0 -9999.0 -9999.0 -9999.0 -9999.0 -9999.0 -9999.0 -9999.0 -9999.0 -9999.0 -9999.0 -9999.0 -9999.0 -9999.0 -9999.0 -9999.0 -9999.0 -9999.0 -9999.0 -9999.0 -9999.0 -9999.0 -9999.0 -9999.0 -9999.0 -9999.0 -9999.0 -9999.0 -9999.0 -9999.0 -9999.0 -9999.0 -9999.0 -9999.0 -9999.0 -9999.0 -9999.0 -9999.0 -9999.0 -9999.0 -9999.0 -9999.0 -9999.0 -9999.0 -9999.0 -9999.0 -9999.0 -9999.0 -9999.0 -9999.0 -9999.0 -9999.0 -9999.0 -9999.0 -9999.0 -9999.0 -9999.0 -9999.0
-9999.0 -9999.0 6331.692627 6235.136727 6141.617197 6050.487019 5961.061662 5872.748809 5785.093174 5697.769400 5610.555515 5523.304838 5435.922912 5348.350441 5260.551205 5172.503727 5084.195689 4995.620293 4906.773935 4817.654803 4728.262160 4638.596187 4548.658257 4458.451311 4367.979890 4277.249729 4186.267216 4095.038893 4003.571057 3911.869436 3819.938933 3727.783410 3635.405500 3542.806479 3449.986231 3356.943453 3263.676337 3170.183891 3076.467234 2982.529351 2888.374217 2794.006113 2699.429211 2604.647355 2509.663930 2414.481791 2319.103212 2223.529861 2127.762771 2031.802325 1935.648244 1839.299575 1742.754681 1646.011233 1549.066199 1451.915829 1354.555638 1256.980381 1159.184011 1061.159621 962.899357 864.394279 765.634153 666.607132 567.299305 467.694021 367.770950 267.514093 166.906007 65.945915 -35.290539 -136.566311 -235.718049 -327.835735 -408.219148 -470.962575 -514.952223 -544.152851 -563.976884 -578.106737 -588.700489 -596.996714 -603.729148 -609.350562 -614.151707 -618.325412 -622.003180 -625.278259 -628.220332 -630.885569 -633.327143 -635.613082 -637.872491 -640.426365 -644.154467 -651.360245 -666.738141 -692.635527 -710.137432 -712.677084 -715.989884 -731.814523 -9999.0 -9999.0
-9999.0 -9999.0 6331.692943 6235.136985 6141.617374 6050.487125 5961.061720 5872.748838 5785.093188 5697.769406 5610.555518 5523.304839 5435.922912 5348.350441 5260.551205 5172.503727 5084.195689 4995.620293 4906.773935 4817.654803 4728.262160 4638.596187 4548.658256 4458.451311 4367.979889 4277.249729 4186.267216 4095.038893 4003.571057 3911.869436 3819.938933 3727.783410 3635.405500 3542.806479 3449.986231 3356.943453 3263.676337 3170.183891 3076.467234 2982.529351 2888.374217 2794.006113 2699.429211 2604.647356 2509.663931 2414.481791 2319.103212 2223.529861 2127.762771 2031.802325 1935.648244 1839.299575 1742.754681 1646.011233 1549.066199 1451.915829 1354.555638 1256.980382 1159.184011 1061.159621 962.899357 864.394279 765.634153 666.607132 567.299305 467.694021 367.770950 267.514093 166.906007 65.945915 -35.290539 -136.566311 -235.718049 -327.835736 -408.219148 -470.962576 -514.952224 -544.152852 -563.976885 -578.106739 -588.700491 -596.996716 -603.729150 -609.350564 -614.151709 -618.325413 -622.003182 -625.278261 -628.220333 -630.885570 -633.327145 -635.613084 -637.872492 -640.426367 -644.154469 -651.360248 -666.738145 -692.635530 -710.137433 -712.677084 -715.989884 -731.814523 -9999.0 -9999.0
-9999.0 -9999.0 6331.693251 6235.137236 6141.617547 6050.487230 5961.061777 5872.748868 5785.093202 5697.769413 5610.555521 5523.304840 5435.922913 5348.350442 5260.551205 5172.503727 5084.195689 4995.620293 4906.773935 4817.654803 4728.262160 4638.596187 4548.658256 4458.451310 4367.979889 4277.249728 4186.267215 4095.038893 4003.571057 3911.869436 3819.938933 3727.783410 3635.405500 3542.806479 3449.986231 3356.943453 3263.676337 3170.183891 3076.467234 2982.529351 2888.374217 2794.006113 2699.429212 2604.647356 2509.663931 2414.481791 2319.103212 2223.529862 2127.762771 2031.802326 1935.648244 1839.299575 1742.754681 1646.011233 1549.066199 1451.915829 1354.555638 1256.980382 1159.184011 1061.159621 962.899357 864.394279 765.634153 666.607132 567.299305 467.694021 367.770950 267.514093 166.906007 65.945915 -35.290539 -136.566311 -235.718049 -327.835736 -408.219149 -470.962577 -514.952226 -544.152854 -563.976887 -578.106741 -588.700493 -596.996718 -603.729152 -609.350566 -614.151711 -618.325415 -622.003184 -625.278263 -628.220335 -630.885572 -633.327147 -635.613086 -637.872494 -640.426369 -644.154471 -651.360251 -666.738148 -692.635533 -710.137433 -712.677084 -715.989884 -731.814523 -9999.0 -9999.0
-9999.0 -9999.0 6331.693251 6235.137236 6141.617547 6050.487230 5961.061777 5872.748868 5785.093202 5697.769413 5610.555521 5523.304840 5435.922913 5348.350442 5260.551205 5172.503727 5084.195689 4995.620293 4906.773935 4817.654803 4728.262160 4638.596187 4548.658256 4458.451310 4367.979889 4277.249728 4186.267215 4095.038893 4003.571057 3911.869436 3819.938933 3727.783410 3635.405500 3542.806479 3449.986231 3356.943453 3263.676337 3170.183891 3076.467234 2982.529351 2888.374217 2794.006113 2699.429212 2604.647356 2509.663931 2414.481791 2319.103212 2223.529862 2127.762771 2031.802326 1935.648244 1839.299575 1742.754681 1646.011233 1549.066199 1451.915829 1354.555638 1256.980382 1159.184011 1061.159621 962.899357 864.394279 765.634153 666.607132 567.299305 467.694021 367.770950 267.514093 166.906007 65.945915 -35.290539 -136.566311 -235.718049 -327.835736 -408.219149 -470.962577 -514.952226 -544.152854 -563.976887 -578.106741 -588.700493 -596.996718 -603.729152 -609.350566 -614.151711 -618.325415 -622.003184 -625.278263 -628.220335 -630.885572 -633.327147 -635.613086 -637.872494 -640.426369 -644.154471 -651.360251 -666.738148 -692.635533 -710.137433 -712.677084 -715.989884 -731.814523 -9999.0 -9999.0
-9999.0 -9999.0 6331.692943 6235.136985 6141.617374 6050.487125 5961.061720 5872.748838 5785.093188 5697.769406 5610.555518 5523.304839 5435.922912 5348.350441 5260.551205 5172.503727 5084.195689 4995.620293 4906.773935 4817.654803 4728.262160 4638.596187 4548.658256 4458.451311 4367.979889 4277.249729 4186.267216 4095.038893 4003.571057 3911.869436 3819.938933 3727.783410 3635.405500 3542.806479 3449.986231 3356.943453 3263.676337 3170.183891 3076.467234 2982.529351 2888.374217 2794.006113 2699.429211 2604.647356 2509.663931 2414.481791 2319.103212 2223.529861 2127.762771 2031.802325 1935.648244 1839.299575 1742.754681 1646.011233 1549.066199 1451.915829 1354.555638 1256.980382 1159.184011 1061.159621 962.899357 864.394279 765.634153 666.607132 567.299305 467.694021 367.770950 267.514093 166.906007 65.945915 -35.290539 -136.566311 -235.718049 -327.835736 -408.219148 -470.962576 -514.952224 -544.152852 -563.976885 -578.106739 -588.700491 -596.996716 -603.729150 -609.350564 -614.151709 -618.325413 -622.003182 -625.278261 -628.220333 -630.885570 -633.327145 -635.613084 -637.872492 -640.426367 -644.154469 -651.360248 -666.738145 -692.635530 -710.137433 -712.677084 -715.989884 -731.814523 -9999.0 -9999.0
-9999.0 -9999.0 6331.692627 6235.136727 6141.617197 6050.487019 5961.061662 5872.748809 5785.093174 5697.769400 5610.555515 5523.304838 5435.922912 5348.350441 5260.551205 5172.503727 5084.195689 4995.620293 4906.773935 4817.654803 4728.262160 4638.596187 4548.658257 4458.451311 4367.979890 4277.249729 4186.267216 4095.038893 4003.571057 3911.869436 3819.938933 3727.783410 3635.405500 3542.806479 3449.986231 3356.943453 3263.676337 3170.183891 3076.467234 2982.529351 2888.374217 2794.006113 2699.429211 2604.647355 2509.663930 2414.481791 2319.103212 2223.529861 2127.762771 2031.802325 1935.648244 1839.299575 1742.754681 1646.011233 1549.066199 1451.915829 1354.555638 1256.980381 1159.184011 1061.159621 962.899357 864.394279 765.634153 666.607132 567.299305 467.694021 367.770950 267.514093 166.906007 65.945915 -35.290539 -136.566311 -235.718049 -327.835735 -408.219148 -470.962575 -514.952223 -544.152851 -563.976884 -578.106737 -588.700489 -596.996714 -603.729148 -609.350562 -614.151707 -618.325412 -622.003180 -625.278259 -628.220332 -630.885569 -633.327143 -635.613082 -637.872491 -640.426365 -644.154467 -651.360245 -666.738141 -692.635527 -710.137432 -712.677084 -715.989884 -731.814523 -9999.0 -9999.0
-9999.0 -9999.0 -9999.0 -9999.0 -9999.0 -9999.0 -9999.0 -9999.0 -9999.0 -9999.0 -9999.0 -9999.0 -9999.0 -9999.0 -9999.0 -9999.0 -9999.0 -9999.0 -9999.0 -9999.0 -9999.0 -9999.0 -9999.0 -9999.0 -9999.0 -9999.0 -9999.0 -9999.0 -9999.0 -9999.0 -9999.0 -9999.0 -9999.0 -9999.0 -9999.0 -9999.0 -9999.0 -9999.0 -9999.0 -9999.0 -9999.0 -9999.0 -9999.0 -9999.0 -9999.0 -9999.0 -9999.0 -9999.0 -9999.0 -9999.0 -9999.0 -9999.0 -9999.0 -9999.0 -9999.0 -9999.0 -9999.0 -9999.0 -9999.0 -9999.0 -9999.0 -9999.0 -9999.0 -9999.0 -9999.0 -9999.0 -9999.0 -9999.0 -9999.0 -9999.0 -9999.0 -9999.0 -9999.0 -9999.0 -9999.0 -9999.0 -9999.0 -9999.0 -9999.0 -9999.0 -9999.0 -9999.0 -9999.0 -9999.0 -9999.0 -9999.0 -9999.0 -9999.0 -9999.0 -9999.0 -9999.0 -9999.0 -9999.0 -9999.0 -9999.0 -9999.0 -9999.0 -9999.0 -9999.0 -9999.0 -9999.0 -9999.0 -9999.0 -9999.0
-9999.0 -9999.0 -9999.0 -9999.0 -9999.0 -9999.0 -9999.0 -9999.0 -9999.0 -9999.0 -9999.0 -9999.0 -9999.0 -9999.0 -9999.0 -9999.0 -9999.0 -9999.0 -9999.0 -9999.0 -9999.0 -9999.0 -9999.0 -9999.0 -9999.0 -9999.0 -9999.0 -9999.0 -9999.0 -9999.0 -9999.0 -9999.0 -9999.0 -9999.0 -9999.0 -9999.0 -9999.0 -9999.0 -9999.0 -9999.0 -9999.0 -9999.0 -9999.0 -9999.0 -9999.0 -9999.0 -9999.0 -9999.0 -9999.0 -9999.0 -9999.0 -9999.0 -9999.0 -9999.0 -9999.0 -9999.0 -9999.0 -9999.0 -9999.0 -9999.0 -9999.0 -9999.0 -9999.0 -9999.0 -9999.0 -9999.0 -9999.0 -9999.0 -9999.0 -9999.0 -9999.0 -9999.0 -9999.0 -9999.0 -9999.0 -9999.0 -9999.0 -9999.0 -9999.0 -9999.0 -9999.0 -9999.0 -9999.0 -9999.0 -9999.0 -9999.0 -9999.0 -9999.0 -9999.0 -9999.0 -9999.0 -9999.0 -9999.0 -9999.0 -9999.0 -9999.0 -9999.0 -9999.0 -9999.0 -9999.0 -9999.0 -9999.0 -9999.0 -9999.0