examples/3D/hillslope01/output-maps-SE27XX/psiliqL0096N0002.asc
ncols         104
nrows         10
xllcorner     -2.000000
yllcorner     0.000000
cellsize      1.000000
NODATA_value  -9999.0
-9999.0 -9999.0 -9999.0 -9999.0 -9999.0 -9999.0 -9999.0 -9999.0 -9999.0 -9999.0 -9999.0 -9999.0 -9999.0 -9999.0 -9999.0 -9999.0 -9999.0 -9999.0 -9999.0 -9999.0 -9999.0 -9999.0 -9999.0 -9999.0 -9999.0 -9999.0 -9999.0 -9999.0 -9999.0 -9999.0 -9999.0 -9999.0 -9999.0 -9999.0 -9999.0 -9999.0 -9999.0 -9999.0 -9999.0 -9999.0 -9999.0 -9999.0 -9999.0 -9999.0 -9999.0 -9999.0 -9999.0 -9999.0 -9999.0 -9999.0 -9999.0 -9999.0 -9999.0 -9999.0 -9999.0 -9999.0 -9999.0 -9999.0 -9999.0 -9999.0 -9999.0 -9999.0 -9999.0 -9999.0 -9999.0 -9999.0 -9999.0 -9999.0 -9999.0 -9999.0 -9999.0 -9999.0 -9999.0 -9999.0 -9999.0 -9999.0 -9999.0 -9999.0 -9999.0 -9999.0 -9999.0 -9999.0 -9999.0 -9999.0 -9999.0 -9999.0 -9999.0 -9999.0 -9999.0 -9999.0 -9999.0 -9999.0 -9999.0 -9999.0 -9999.0 -9999.0 -9999.0 -9999.0 -9999.0 -9999.0 -9999.0 -9999.0 -9999.0 -9999.0
-9999.0 -9999.0 -9999.0 -9999.0 -9999.0 -9999.0 -9999.0 -9999.0 -9999.0 -9999.0 -9999.0 -9999.0 -9999.0 -9999.0 -9999.0 -9999.0 -9999.0 -9999.0 -9999.0 -9999.0 -9999.0 -9999.0 -9999.0 -9999.0 -9999.0 -9999.0 -9999.0 -9999.0 -9999.0 -9999.0 -9999.0 -9999.0 -9999.0 -9999.0 -9999.0 -9999.0 -9999.0 -9999.0 -9999.0 -9999.0 -9999.0 -9999.0 -9999.0 -9999.0 -9999.0 -9999.0 -9999.0 -9999.0 -9999.0 -9999.0 -9999.0 -9999.0 -9999.0 -9999.0 -9999.0 -9999.0 -9999.0 -9999.0 -9999.0 -9999.0 -9999.0 -9999.0 -9999.0 -9999.0 -9999.0 -9999.0 -9999.0 -9999.0 -9999.0 -9999.0 -9999.0 -9999.0 -9999.0 -9999.0 -9999.0 -9999.0 -9999.0 -9999.0 -9999.0 -9999.0 -9999.0 -9999.0 -9999.0 -9999.0 -9999.0 -9999.0 -9999.0 -9999.0 -9999.0 -9999.0 -9999.0 -9999.0 -9999.0 -9999.0 -9999.0 -9999.0 -9999.0 -9999.0 -9999.0 -9999.0 -9999.0 -9999.0 -9999.0 -9999.0
-9999.0 -9999.0 9715.592196 9617.872471 9522.304362 9428.654938 9336.626327 9245.897125 9156.156120 9067.124183 8978.564860 8890.286468 8802.138952 8714.008132 8625.809179 8537.480357 8448.977569 8360.269888 8271.336060 8182.161880 8092.738282 8003.060006 7913.124670 7822.932101 7732.483819 7641.782595 7550.832034 7459.636211 7368.199330 7276.525448 7184.618249 7092.480879 7000.115872 6907.525137 6814.710063 6721.671704 6628.411035 6534.929229 6441.227855 6347.308956 6253.174989 6158.828691 6064.272899 5969.510386 5874.543713 5779.375115 5684.006402 5588.438896 5492.673373 5396.710027 5300.548441 5204.187564 5107.625698 5010.860493 4913.888939 4816.707381 4719.311532 4621.696521 4523.856958 4425.787066 4327.480891 4228.932655 4130.137337 4031.091613 3931.795343 3832.253885 3732.481527 3632.506273 3532.375966 3432.165173 3331.980932 3231.964210 3132.284211 3033.123163 2934.651997 2837.006543 2740.272228 2644.482086 2549.625179 2455.659252 2362.521824 2270.138488 2178.430948 2087.326924 1996.758606 1906.654838 1816.940421 1727.533725 1638.345850 1549.281977 1460.242383 1371.124658 1281.828799 1192.268534 1102.343585 1011.915826 920.823148 828.882051 735.884092 641.588301 545.710718 447.920776 -9999.0 -9999.0
-9999.0 -9999.0 9715.592208 9617.872482 9522.304370 9428.654944 9336.626331 9245.897128 9156.156122 9067.124184 8978.564860 8890.286469 8802.138952 8714.008132 8625.809179 8537.480357 8448.977569 8360.269888 8271.336060 8182.161879 8092.738281 8003.060006 7913.124670 7822.932100 7732.483819 7641.782594 7550.832034 7459.636210 7368.199330 7276.525448 7184.618248 7092.480879 7000.115872 6907.525137 6814.710063 6721.671704 6628.411035 6534.929229 6441.227855 6347.308956 6253.174990 6158.828691 6064.272899 5969.510386 5874.543714 5779.375115 5684.006403 5588.438896 5492.673373 5396.710027 5300.548441 5204.187564 5107.625698 5010.860493 4913.888939 4816.707381 4719.311532 4621.696521 4523.856958 4425.787066 4327.480891 4228.932655 4130.137337 4031.091613 3931.795343 3832.253885 3732.481527 3632.506273 3532.375966 3432.165173 3331.980932 3231.964210 3132.284211 3033.123163 2934.651997 2837.006543 2740.272228 2644.482086 2549.625179 2455.659252 2362.521824 2270.138488 2178.430948 2087.326924 1996.758606 1906.654838 1816.940421 1727.533725 1638.345850 1549.281977 1460.242383 1371.124658 1281.828799 1192.268534 1102.343585 1011.915826 920.823148 828.882051 735.884092 641.588301 545.710718 447.920776 -9999.0 -9999.0
-9999.0 -9999.0 9715.592220 9617.872492 9522.304379 9428.654950 9336.626335 9245.897130 9156.156123 9067.124185 8978.564861 8890.286469 8802.138952 8714.008132 8625.809179 8537.480357 8448.977569 8360.269888 8271.336060 8182.161879 8092.738281 8003.060006 7913.124670 7822.932100 7732.483819 7641.782594 7550.832034 7459.636210 7368.199330 7276.525448 7184.618248 7092.480879 7000.115872 6907.525137 6814.710063 6721.671704 6628.411035 6534.929229 6441.227855 6347.308956 6253.174990 6158.828692 6064.272899 5969.510386 5874.543714 5779.375115 5684.006403 5588.438896 5492.673373 5396.710027 5300.548441 5204.187564 5107.625698 5010.860493 4913.888939 4816.707381 4719.311532 4621.696521 4523.856958 4425.787066 4327.480891 4228.932655 4130.137337 4031.091613 3931.795343 3832.253885 3732.481527 3632.506273 3532.375966 3432.165173 3331.980932 3231.964210 3132.284211 3033.123163 2934.651997 2837.006543 2740.272228 2644.482086 2549.625179 2455.659252 2362.521824 2270.138488 2178.430948 2087.326924 1996.758606 1906.654838 1816.940421 1727.533725 1638.345850 1549.281977 1460.242383 1371.124658 1281.828799 1192.268534 1102.343585 1011.915826 920.823148 828.882051 735.884092 641.588301 545.710718 447.920776 -9999.0 -9999.0
-9999.0 -9999.0 9715.592220 9617.872492 9522.304379 9428.654950 9336.626335 9245.897130 9156.156123 9067.124185 8978.564861 8890.286469 8802.138952 8714.008132 8625.809179 8537.480357 8448.977569 8360.269888 8271.336060 8182.161879 8092.738281 8003.060006 7913.124670 7822.932100 7732.483819 7641.782594 7550.832034 7459.636210 7368.199330 7276.525448 7184.618248 7092.480879 7000.115872 6907.525137 6814.710063 6721.671704 6628.411035 6534.929229 6441.227855 6347.308956 6253.174990 6158.828692 6064.272899 5969.510386 5874.543714 5779.375115 5684.006403 5588.438896 5492.673373 5396.710027 5300.548441 5204.187564 5107.625698 5010.860493 4913.888939 4816.707381 4719.311532 4621.696521 4523.856958 4425.787066 4327.480891 4228.932655 4130.137337 4031.091613 3931.795343 3832.253885 3732.481527 3632.506273 3532.375966 3432.165173 3331.980932 3231.964210 3132.284211 3033.123163 2934.651997 2837.006543 2740.272228 2644.482086 2549.625179 2455.659252 2362.521824 2270.138488 2178.430948 2087.326924 1996.758606 1906.654838 1816.940421 1727.533725 1638.345850 1549.281977 1460.242383 1371.124658 1281.828799 1192.268534 1102.343585 1011.915826 920.823148 828.882051 735.884092 641.588301 545.710718 447.920776 -9999.0 -9999.0
-9999.0 -9999.0 9715.592208 9617.872482 9522.304370 9428.654944 9336.626331 9245.897128 9156.156122 9067.124184 8978.564860 8890.286469 8802.138952 8714.008132 8625.809179 8537.480357 8448.977569 8360.269888 8271.336060 8182.161879 8092.738281 8003.060006 7913.124670 7822.932100 7732.483819 7641.782594 7550.832034 7459.636210 7368.199330 7276.525448 7184.618248 7092.480879 7000.115872 6907.525137 6814.710063 6721.671704 6628.411035 6534.929229 6441.227855 6347.308956 6253.174990 6158.828691 6064.272899 5969.510386 5874.543714 5779.375115 5684.006403 5588.438896 5492.673373 5396.710027 5300.548441 5204.187564 5107.625698 5010.860493 4913.888939 4816.707381 4719.311532 4621.696521 4523.856958 4425.787066 4327.480891 4228.932655 4130.137337 4031.091613 3931.795343 3832.253885 3732.481527 3632.506273 3532.375966 3432.165173 3331.980932 3231.964210 3132.284211 3033.123163 2934.651997 2837.006543 2740.272228 2644.482086 2549.625179 2455.659252 2362.521824 2270.138488 2178.430948 2087.326924 1996.758606 1906.654838 1816.940421 1727.533725 1638.345850 1549.281977 1460.242383 1371.124658 1281.828799 1192.268534 1102.343585 1011.915826 920.823148 828.882051 735.884092 641.588301 545.710718 447.920776 -9999.0 -9999.0
-9999.0 -9999.0 9715.592196 9617.872471 9522.304362 9428.654938 9336.626327 9245.897125 9156.156120 9067.124184 8978.564860 8890.286468 8802.138952 8714.008132 8625.809179 8537.480357 8448.977569 8360.269888 8271.336060 8182.161880 8092.738282 8003.060006 7913.124670 7822.932101 7732.483819 7641.782595 7550.832034 7459.636211 7368.199330 7276.525448 7184.618249 7092.480879 7000.115872 6907.525137 6814.710063 6721.671704 6628.411035 6534.929229 6441.227855 6347.308956 6253.174989 6158.828691 6064.272899 5969.510386 5874.543713 5779.375115 5684.006402 5588.438896 5492.673373 5396.710027 5300.548441 5204.187564 5107.625698 5010.860493 4913.888939 4816.707381 4719.311532 4621.696521 4523.856958 4425.787066 4327.480891 4228.932655 4130.137337 4031.091613 3931.795343 3832.253885 3732.481527 3632.506273 3532.375966 3432.165173 3331.980932 3231.964210 3132.284211 3033.123163 2934.651997 2837.006543 2740.272228 2644.482086 2549.625179 2455.659252 2362.521824 2270.138488 2178.430948 2087.326924 1996.758606 1906.654838 1816.940421 1727.533725 1638.345850 1549.281977 1460.242383 1371.124658 1281.828799 1192.268534 1102.343585 1011.915826 920.823148 828.882051 735.884092 641.588301 545.710718 447.920776 -9999.0 -9999.0
-9999.0 -9999.0 -9999.0 -9999.0 -9999.0 -9999.0 -9999.0 -9999.0 -9999.0 -9999.0 -9999.0 -9999.0 -9999.0 -9999.0 -9999.0 -9999.0 -9999.0 -9999.0 -9999.0 -9999.0 -9999.0 -9999.0 -9999.0 -9999.0 -9999.0 -9999.0 -9999.0 -9999.0 -9999.0 -9999.0 -9999.0 -9999.0 -9999.0 -9999.0 -9999.0 -9999.0 -9999.0 -9999.0 -9999.0 -9999.0 -9999.0 -9999.0 -9999.0 -9999.0 -9999.0 -9999.0 -9999.0 -9999.0 -9999.0 -9999.0 -9999.0 -9999.0 -9999.0 -9999.0 -9999.0 -9999.0 -9999.0 -9999.0 -9999.0 -9999.0 -9999.0 -9999.0 -9999.0 -9999.0 -9999.0 -9999.0 -9999.0 -9999.0 -9999.0 -9999.0 -9999.0 -9999.0 -9999.0 -9999.0 -9999.0 -9999.0 -9999.0 -9999.0 -9999.0 -9999.0 -9999.0 -9999.0 -9999.0 -9999.0 -9999.0 -9999.0 -9999.0 -9999.0 -9999.0 -9999.0 -9999.0 -9999.0 -9999.0 -9999.0 -9999.0 -9999.0 -9999.0 -9999.0 -9999.0 -9999.0 -9999.0 -9999.0 -9999.0 -9999.0
-9999.0 -9999.0 -9999.0 -9999.0 -9999.0 -9999.0 -9999.0 -9999.0 -9999.0 -9999.0 -9999.0 -9999.0 -9999.0 -9999.0 -9999.0 -9999.0 -9999.0 -9999.0 -9999.0 -9999.0 -9999.0 -9999.0 -9999.0 -9999.0 -9999.0 -9999.0 -9999.0 -9999.0 -9999.0 -9999.0 -9999.0 -9999.0 -9999.0 -9999.0 -9999.0 -9999.0 -9999.0 -9999.0 -9999.0 -9999.0 -9999.0 -9999.0 -9999.0 -9999.0 -9999.0 -9999.0 -9999.0 -9999.0 -9999.0 -9999.0 -9999.0 -9999.0 -9999.0 -9999.0 -9999.0 -9999.0 -9999.0 -9999.0 -9999.0 -9999.0 -9999.0 -9999.0 -9999.0 -9999.0 -9999.0 -9999.0 -9999.0 -9999.0 -9999.0 -9999.0 -9999.0 -9999.0 -9999.0 -9999.0 -9999.0 -9999.0 -9999.0 -9999.0 -9999.0 -9999.0 -9999.0 -9999.0 -9999.0 -9999.0 -9999.0 -9999.0 -9999.0 -9999.0 -9999.0 -9999.0 -9999.0 -9999.0 -9999.0 -9999.0 -9999.0 -9999.0 -9999.0 -9999.0 -9999.0 -9999.0 -9999.0 -9999.0 -9999.0 -9999.0