examples/3D/hillslope01/output-maps-SE27XX/psiliqL0055N0002.asc
ncols         104
nrows         10
xllcorner     -2.000000
yllcorner     0.000000
cellsize      1.000000
NODATA_value  -9999.0
-9999.0 -9999.0 -9999.0 -9999.0 -9999.0 -9999.0 -9999.0 -9999.0 -9999.0 -9999.0 -9999.0 -9999.0 -9999.0 -9999.0 -9999.0 -9999.0 -9999.0 -9999.0 -9999.0 -9999.0 -9999.0 -9999.0 -9999.0 -9999.0 -9999.0 -9999.0 -9999.0 -9999.0 -9999.0 -9999.0 -9999.0 -9999.0 -9999.0 -9999.0 -9999.0 -9999.0 -9999.0 -9999.0 -9999.0 -9999.0 -9999.0 -9999.0 -9999.0 -9999.0 -9999.0 -9999.0 -9999.0 -9999.0 -9999.0 -9999.0 -9999.0 -9999.0 -9999.0 -9999.0 -9999.0 -9999.0 -9999.0 -9999.0 -9999.0 -9999.0 -9999.0 -9999.0 -9999.0 -9999.0 -9999.0 -9999.0 -9999.0 -9999.0 -9999.0 -9999.0 -9999.0 -9999.0 -9999.0 -9999.0 -9999.0 -9999.0 -9999.0 -9999.0 -9999.0 -9999.0 -9999.0 -9999.0 -9999.0 -9999.0 -9999.0 -9999.0 -9999.0 -9999.0 -9999.0 -9999.0 -9999.0 -9999.0 -9999.0 -9999.0 -9999.0 -9999.0 -9999.0 -9999.0 -9999.0 -9999.0 -9999.0 -9999.0 -9999.0 -9999.0
-9999.0 -9999.0 -9999.0 -9999.0 -9999.0 -9999.0 -9999.0 -9999.0 -9999.0 -9999.0 -9999.0 -9999.0 -9999.0 -9999.0 -9999.0 -9999.0 -9999.0 -9999.0 -9999.0 -9999.0 -9999.0 -9999.0 -9999.0 -9999.0 -9999.0 -9999.0 -9999.0 -9999.0 -9999.0 -9999.0 -9999.0 -9999.0 -9999.0 -9999.0 -9999.0 -9999.0 -9999.0 -9999.0 -9999.0 -9999.0 -9999.0 -9999.0 -9999.0 -9999.0 -9999.0 -9999.0 -9999.0 -9999.0 -9999.0 -9999.0 -9999.0 -9999.0 -9999.0 -9999.0 -9999.0 -9999.0 -9999.0 -9999.0 -9999.0 -9999.0 -9999.0 -9999.0 -9999.0 -9999.0 -9999.0 -9999.0 -9999.0 -9999.0 -9999.0 -9999.0 -9999.0 -9999.0 -9999.0 -9999.0 -9999.0 -9999.0 -9999.0 -9999.0 -9999.0 -9999.0 -9999.0 -9999.0 -9999.0 -9999.0 -9999.0 -9999.0 -9999.0 -9999.0 -9999.0 -9999.0 -9999.0 -9999.0 -9999.0 -9999.0 -9999.0 -9999.0 -9999.0 -9999.0 -9999.0 -9999.0 -9999.0 -9999.0 -9999.0 -9999.0
-9999.0 -9999.0 5630.780948 5534.877937 5442.457482 5352.598879 5264.402964 5177.160132 5090.375734 5003.730313 4917.027924 4830.153460 4743.042571 4655.661877 4567.996178 4480.040319 4391.794236 4303.260048 4214.440430 4125.337754 4035.953831 3946.290225 3856.349120 3766.134343 3675.651609 3584.907932 3493.910899 3402.668094 3311.186677 3219.473076 3127.532725 3035.369834 2942.987169 2850.385830 2757.565077 2664.522372 2571.254101 2477.757682 2384.034263 2290.087737 2195.923055 2101.545280 2006.959165 1912.168971 1817.178386 1721.990485 1626.607703 1531.031827 1435.263978 1339.304605 1243.153476 1146.809676 1050.271593 953.536913 856.602609 759.464922 662.119331 564.560517 466.782296 368.777516 270.537894 172.053759 73.313636 -25.636603 -123.635502 -212.793953 -279.641002 -320.599578 -342.817676 -354.457933 -360.733210 -364.313552 -366.463016 -367.806337 -368.686509 -369.303025 -369.768209 -370.142166 -370.456935 -370.730680 -370.974321 -371.194736 -371.396483 -371.582716 -371.755700 -371.917132 -372.068361 -372.210570 -372.345014 -372.473390 -372.598777 -372.728283 -372.881274 -373.115098 -373.606172 -374.908692 -378.847532 -392.371148 -455.071951 -727.482095 -790.583130 -805.192491 -9999.0 -9999.0
-9999.0 -9999.0 5630.781628 5534.878472 5442.457832 5352.599079 5264.403067 5177.160181 5090.375757 5003.730323 4917.027929 4830.153462 4743.042572 4655.661877 4567.996178 4480.040319 4391.794236 4303.260048 4214.440430 4125.337754 4035.953831 3946.290224 3856.349120 3766.134343 3675.651608 3584.907932 3493.910899 3402.668094 3311.186677 3219.473076 3127.532725 3035.369834 2942.987169 2850.385830 2757.565077 2664.522372 2571.254101 2477.757683 2384.034263 2290.087737 2195.923055 2101.545281 2006.959166 1912.168971 1817.178386 1721.990485 1626.607704 1531.031828 1435.263978 1339.304605 1243.153476 1146.809676 1050.271593 953.536913 856.602609 759.464922 662.119331 564.560517 466.782296 368.777516 270.537894 172.053759 73.313636 -25.636603 -123.635502 -212.793953 -279.641002 -320.599578 -342.817676 -354.457933 -360.733211 -364.313552 -366.463016 -367.806338 -368.686509 -369.303025 -369.768209 -370.142166 -370.456936 -370.730680 -370.974321 -371.194736 -371.396483 -371.582716 -371.755700 -371.917132 -372.068361 -372.210570 -372.345014 -372.473391 -372.598778 -372.728284 -372.881274 -373.115098 -373.606172 -374.908693 -378.847532 -392.371150 -455.071962 -727.482112 -790.583131 -805.192491 -9999.0 -9999.0
-9999.0 -9999.0 5630.782278 5534.878987 5442.458171 5352.599274 5264.403169 5177.160230 5090.375779 5003.730333 4917.027933 4830.153463 4743.042572 4655.661877 4567.996178 4480.040319 4391.794236 4303.260048 4214.440430 4125.337754 4035.953830 3946.290224 3856.349120 3766.134343 3675.651608 3584.907931 3493.910899 3402.668094 3311.186677 3219.473076 3127.532725 3035.369834 2942.987169 2850.385830 2757.565077 2664.522372 2571.254101 2477.757683 2384.034264 2290.087737 2195.923055 2101.545281 2006.959166 1912.168972 1817.178386 1721.990485 1626.607704 1531.031828 1435.263978 1339.304605 1243.153477 1146.809676 1050.271593 953.536913 856.602609 759.464922 662.119331 564.560517 466.782296 368.777516 270.537894 172.053759 73.313636 -25.636603 -123.635502 -212.793953 -279.641002 -320.599578 -342.817676 -354.457933 -360.733211 -364.313552 -366.463017 -367.806338 -368.686509 -369.303026 -369.768210 -370.142166 -370.456936 -370.730681 -370.974321 -371.194736 -371.396483 -371.582716 -371.755701 -371.917132 -372.068361 -372.210571 -372.345014 -372.473391 -372.598778 -372.728284 -372.881274 -373.115098 -373.606172 -374.908693 -378.847533 -392.371152 -455.071973 -727.482130 -790.583131 -805.192491 -9999.0 -9999.0
-9999.0 -9999.0 5630.782278 5534.878988 5442.458171 5352.599274 5264.403169 5177.160230 5090.375779 5003.730333 4917.027933 4830.153463 4743.042572 4655.661877 4567.996178 4480.040319 4391.794236 4303.260048 4214.440430 4125.337754 4035.953830 3946.290224 3856.349120 3766.134343 3675.651608 3584.907931 3493.910899 3402.668094 3311.186677 3219.473076 3127.532725 3035.369834 2942.987169 2850.385830 2757.565077 2664.522372 2571.254101 2477.757683 2384.034264 2290.087737 2195.923055 2101.545281 2006.959166 1912.168972 1817.178386 1721.990485 1626.607704 1531.031828 1435.263978 1339.304605 1243.153477 1146.809676 1050.271593 953.536913 856.602609 759.464922 662.119331 564.560517 466.782296 368.777516 270.537894 172.053759 73.313636 -25.636603 -123.635502 -212.793953 -279.641002 -320.599578 -342.817676 -354.457933 -360.733211 -364.313552 -366.463017 -367.806338 -368.686509 -369.303026 -369.768210 -370.142166 -370.456936 -370.730681 -370.974321 -371.194736 -371.396483 -371.582716 -371.755701 -371.917132 -372.068361 -372.210571 -372.345014 -372.473391 -372.598778 -372.728284 -372.881274 -373.115098 -373.606172 -374.908693 -378.847533 -392.371152 -455.071973 -727.482130 -790.583131 -805.192491 -9999.0 -9999.0
-9999.0 -9999.0 5630.781628 5534.878472 5442.457832 5352.599079 5264.403067 5177.160181 5090.375757 5003.730323 4917.027929 4830.153462 4743.042572 4655.661877 4567.996178 4480.040319 4391.794236 4303.260048 4214.440430 4125.337754 4035.953831 3946.290224 3856.349120 3766.134343 3675.651608 3584.907932 3493.910899 3402.668094 3311.186677 3219.473076 3127.532725 3035.369834 2942.987169 2850.385830 2757.565077 2664.522372 2571.254101 2477.757683 2384.034263 2290.087737 2195.923055 2101.545281 2006.959166 1912.168971 1817.178386 1721.990485 1626.607704 1531.031828 1435.263978 1339.304605 1243.153476 1146.809676 1050.271593 953.536913 856.602609 759.464922 662.119331 564.560517 466.782296 368.777516 270.537894 172.053759 73.313636 -25.636603 -123.635502 -212.793953 -279.641002 -320.599578 -342.817676 -354.457933 -360.733211 -364.313552 -366.463016 -367.806338 -368.686509 -369.303025 -369.768209 -370.142166 -370.456936 -370.730680 -370.974321 -371.194736 -371.396483 -371.582716 -371.755700 -371.917132 -372.068361 -372.210570 -372.345014 -372.473391 -372.598778 -372.728284 -372.881274 -373.115098 -373.606172 -374.908693 -378.847532 -392.371150 -455.071962 -727.482112 -790.583131 -805.192491 -9999.0 -9999.0
-9999.0 -9999.0 5630.780948 5534.877937 5442.457482 5352.598879 5264.402964 5177.160132 5090.375734 5003.730313 4917.027924 4830.153460 4743.042571 4655.661877 4567.996178 4480.040319 4391.794236 4303.260048 4214.440430 4125.337754 4035.953831 3946.290225 3856.349120 3766.134343 3675.651609 3584.907932 3493.910899 3402.668094 3311.186677 3219.473076 3127.532725 3035.369834 2942.987169 2850.385830 2757.565077 2664.522372 2571.254101 2477.757682 2384.034263 2290.087737 2195.923055 2101.545280 2006.959165 1912.168971 1817.178386 1721.990485 1626.607703 1531.031827 1435.263978 1339.304605 1243.153476 1146.809676 1050.271593 953.536913 856.602609 759.464922 662.119331 564.560517 466.782296 368.777516 270.537894 172.053759 73.313636 -25.636603 -123.635502 -212.793953 -279.641002 -320.599578 -342.817676 -354.457933 -360.733210 -364.313552 -366.463016 -367.806337 -368.686509 -369.303025 -369.768209 -370.142166 -370.456935 -370.730680 -370.974321 -371.194736 -371.396483 -371.582716 -371.755700 -371.917132 -372.068361 -372.210570 -372.345014 -372.473390 -372.598777 -372.728283 -372.881274 -373.115098 -373.606172 -374.908692 -378.847532 -392.371148 -455.071951 -727.482095 -790.583130 -805.192491 -9999.0 -9999.0
-9999.0 -9999.0 -9999.0 -9999.0 -9999.0 -9999.0 -9999.0 -9999.0 -9999.0 -9999.0 -9999.0 -9999.0 -9999.0 -9999.0 -9999.0 -9999.0 -9999.0 -9999.0 -9999.0 -9999.0 -9999.0 -9999.0 -9999.0 -9999.0 -9999.0 -9999.0 -9999.0 -9999.0 -9999.0 -9999.0 -9999.0 -9999.0 -9999.0 -9999.0 -9999.0 -9999.0 -9999.0 -9999.0 -9999.0 -9999.0 -9999.0 -9999.0 -9999.0 -9999.0 -9999.0 -9999.0 -9999.0 -9999.0 -9999.0 -9999.0 -9999.0 -9999.0 -9999.0 -9999.0 -9999.0 -9999.0 -9999.0 -9999.0 -9999.0 -9999.0 -9999.0 -9999.0 -9999.0 -9999.0 -9999.0 -9999.0 -9999.0 -9999.0 -9999.0 -9999.0 -9999.0 -9999.0 -9999.0 -9999.0 -9999.0 -9999.0 -9999.0 -9999.0 -9999.0 -9999.0 -9999.0 -9999.0 -9999.0 -9999.0 -9999.0 -9999.0 -9999.0 -9999.0 -9999.0 -9999.0 -9999.0 -9999.0 -9999.0 -9999.0 -9999.0 -9999.0 -9999.0 -9999.0 -9999.0 -9999.0 -9999.0 -9999.0 -9999.0 -9999.0
-9999.0 -9999.0 -9999.0 -9999.0 -9999.0 -9999.0 -9999.0 -9999.0 -9999.0 -9999.0 -9999.0 -9999.0 -9999.0 -9999.0 -9999.0 -9999.0 -9999.0 -9999.0 -9999.0 -9999.0 -9999.0 -9999.0 -9999.0 -9999.0 -9999.0 -9999.0 -9999.0 -9999.0 -9999.0 -9999.0 -9999.0 -9999.0 -9999.0 -9999.0 -9999.0 -9999.0 -9999.0 -9999.0 -9999.0 -9999.0 -9999.0 -9999.0 -9999.0 -9999.0 -9999.0 -9999.0 -9999.0 -9999.0 -9999.0 -9999.0 -9999.0 -9999.0 -9999.0 -9999.0 -9999.0 -9999.0 -9999.0 -9999.0 -9999.0 -9999.0 -9999.0 -9999.0 -9999.0 -9999.0 -9999.0 -9999.0 -9999.0 -9999.0 -9999.0 -9999.0 -9999.0 -9999.0 -9999.0 -9999.0 -9999.0 -9999.0 -9999.0 -9999.0 -9999.0 -9999.0 -9999.0 -9999.0 -9999.0 -9999.0 -9999.0 -9999.0 -9999.0 -9999.0 -9999.0 -9999.0 -9999.0 -9999.0 -9999.0 -9999.0 -9999.0 -9999.0 -9999.0 -9999.0 -9999.0 -9999.0 -9999.0 -9999.0 -9999.0 -9999.0