examples/3D/hillslope01/output-maps-SE27XX/psiliqL0071N0003.asc
ncols         104
nrows         10
xllcorner     -2.000000
yllcorner     0.000000
cellsize      1.000000
NODATA_value  -9999.0
-9999.0 -9999.0 -9999.0 -9999.0 -9999.0 -9999.0 -9999.0 -9999.0 -9999.0 -9999.0 -9999.0 -9999.0 -9999.0 -9999.0 -9999.0 -9999.0 -9999.0 -9999.0 -9999.0 -9999.0 -9999.0 -9999.0 -9999.0 -9999.0 -9999.0 -9999.0 -9999.0 -9999.0 -9999.0 -9999.0 -9999.0 -9999.0 -9999.0 -9999.0 -9999.0 -9999.0 -9999.0 -9999.0 -9999.0 -9999.0 -9999.0 -9999.0 -9999.0 -9999.0 -9999.0 -9999.0 -9999.0 -9999.0 -9999.0 -9999.0 -9999.0 -9999.0 -9999.0 -9999.0 -9999.0 -9999.0 -9999.0 -9999.0 -9999.0 -9999.0 -9999.0 -9999.0 -9999.0 -9999.0 -9999.0 -9999.0 -9999.0 -9999.0 -9999.0 -9999.0 -9999.0 -9999.0 -9999.0 -9999.0 -9999.0 -9999.0 -9999.0 -9999.0 -9999.0 -9999.0 -9999.0 -9999.0 -9999.0 -9999.0 -9999.0 -9999.0 -9999.0 -9999.0 -9999.0 -9999.0 -9999.0 -9999.0 -9999.0 -9999.0 -9999.0 -9999.0 -9999.0 -9999.0 -9999.0 -9999.0 -9999.0 -9999.0 -9999.0 -9999.0
-9999.0 -9999.0 -9999.0 -9999.0 -9999.0 -9999.0 -9999.0 -9999.0 -9999.0 -9999.0 -9999.0 -9999.0 -9999.0 -9999.0 -9999.0 -9999.0 -9999.0 -9999.0 -9999.0 -9999.0 -9999.0 -9999.0 -9999.0 -9999.0 -9999.0 -9999.0 -9999.0 -9999.0 -9999.0 -9999.0 -9999.0 -9999.0 -9999.0 -9999.0 -9999.0 -9999.0 -9999.0 -9999.0 -9999.0 -9999.0 -9999.0 -9999.0 -9999.0 -9999.0 -9999.0 -9999.0 -9999.0 -9999.0 -9999.0 -9999.0 -9999.0 -9999.0 -9999.0 -9999.0 -9999.0 -9999.0 -9999.0 -9999.0 -9999.0 -9999.0 -9999.0 -9999.0 -9999.0 -9999.0 -9999.0 -9999.0 -9999.0 -9999.0 -9999.0 -9999.0 -9999.0 -9999.0 -9999.0 -9999.0 -9999.0 -9999.0 -9999.0 -9999.0 -9999.0 -9999.0 -9999.0 -9999.0 -9999.0 -9999.0 -9999.0 -9999.0 -9999.0 -9999.0 -9999.0 -9999.0 -9999.0 -9999.0 -9999.0 -9999.0 -9999.0 -9999.0 -9999.0 -9999.0 -9999.0 -9999.0 -9999.0 -9999.0 -9999.0 -9999.0
-9999.0 -9999.0 7211.305569 7114.067280 7019.375198 6926.870992 6836.148048 6746.823241 6658.573075 6571.142243 6484.337370 6398.015500 6312.072463 6226.433008 6141.043044 6055.863647 5970.866493 5886.030542 5801.339823 5716.782064 5632.347841 5548.029910 5463.822422 5379.720083 5295.717660 5211.809976 5127.992217 5044.260218 4960.610366 4877.038968 4793.541618 4710.113184 4626.748381 4543.442521 4460.191829 4376.992741 4293.840596 4210.729358 4127.652423 4044.603927 3961.579694 3878.576531 3795.589593 3712.611706 3629.634536 3546.650597 3463.655137 3380.645803 3297.617957 3214.563304 3131.471448 3048.332602 2965.140685 2881.894298 2798.590063 2715.219158 2631.769008 2548.226464 2464.581880 2380.833246 2296.981721 2213.019906 2128.933859 2044.706749 1960.322137 1875.769947 1791.055701 1706.180031 1621.131314 1535.892171 1450.442695 1364.761662 1278.830262 1192.649071 1106.230167 1019.561154 932.623423 845.396928 757.860317 669.989911 581.757378 493.126164 404.121025 314.732478 224.935931 134.707491 44.022829 -46.938667 -136.800026 -220.764033 -290.456544 -340.139441 -371.069038 -388.551295 -397.849575 -402.650002 -405.213191 -407.026502 -409.746271 -417.712297 -452.986077 -650.804700 -9999.0 -9999.0
-9999.0 -9999.0 7211.305677 7114.067371 7019.375264 6926.871033 6836.148072 6746.823254 6658.573081 6571.142247 6484.337371 6398.015501 6312.072463 6226.433008 6141.043044 6055.863648 5970.866493 5886.030543 5801.339824 5716.782064 5632.347841 5548.029910 5463.822422 5379.720083 5295.717660 5211.809976 5127.992217 5044.260218 4960.610366 4877.038968 4793.541618 4710.113184 4626.748381 4543.442521 4460.191829 4376.992741 4293.840596 4210.729358 4127.652423 4044.603927 3961.579694 3878.576531 3795.589593 3712.611706 3629.634536 3546.650597 3463.655137 3380.645803 3297.617957 3214.563304 3131.471448 3048.332602 2965.140685 2881.894297 2798.590063 2715.219158 2631.769008 2548.226464 2464.581880 2380.833246 2296.981721 2213.019906 2128.933859 2044.706748 1960.322137 1875.769947 1791.055701 1706.180031 1621.131314 1535.892171 1450.442695 1364.761662 1278.830262 1192.649071 1106.230167 1019.561154 932.623423 845.396927 757.860316 669.989910 581.757378 493.126164 404.121025 314.732478 224.935931 134.707491 44.022829 -46.938667 -136.800026 -220.764033 -290.456544 -340.139441 -371.069038 -388.551295 -397.849575 -402.650002 -405.213191 -407.026502 -409.746271 -417.712297 -452.986079 -650.804707 -9999.0 -9999.0
-9999.0 -9999.0 7211.305783 7114.067461 7019.375329 6926.871075 6836.148096 6746.823267 6658.573088 6571.142250 6484.337373 6398.015502 6312.072464 6226.433008 6141.043045 6055.863648 5970.866493 5886.030543 5801.339824 5716.782064 5632.347841 5548.029910 5463.822422 5379.720083 5295.717660 5211.809976 5127.992217 5044.260218 4960.610366 4877.038968 4793.541618 4710.113184 4626.748381 4543.442521 4460.191829 4376.992741 4293.840596 4210.729358 4127.652422 4044.603927 3961.579694 3878.576531 3795.589593 3712.611706 3629.634536 3546.650596 3463.655137 3380.645803 3297.617957 3214.563304 3131.471448 3048.332602 2965.140685 2881.894297 2798.590063 2715.219158 2631.769008 2548.226464 2464.581880 2380.833246 2296.981721 2213.019905 2128.933859 2044.706748 1960.322137 1875.769947 1791.055701 1706.180031 1621.131314 1535.892171 1450.442695 1364.761662 1278.830262 1192.649071 1106.230167 1019.561154 932.623423 845.396927 757.860316 669.989910 581.757378 493.126164 404.121025 314.732478 224.935931 134.707491 44.022829 -46.938667 -136.800026 -220.764033 -290.456544 -340.139441 -371.069038 -388.551295 -397.849575 -402.650002 -405.213191 -407.026502 -409.746271 -417.712298 -452.986081 -650.804713 -9999.0 -9999.0
-9999.0 -9999.0 7211.305783 7114.067461 7019.375329 6926.871075 6836.148096 6746.823267 6658.573088 6571.142250 6484.337373 6398.015502 6312.072464 6226.433008 6141.043045 6055.863648 5970.866493 5886.030543 5801.339824 5716.782064 5632.347841 5548.029910 5463.822422 5379.720083 5295.717660 5211.809976 5127.992217 5044.260218 4960.610366 4877.038968 4793.541618 4710.113184 4626.748381 4543.442521 4460.191829 4376.992741 4293.840596 4210.729358 4127.652422 4044.603927 3961.579694 3878.576531 3795.589593 3712.611706 3629.634536 3546.650596 3463.655137 3380.645803 3297.617957 3214.563304 3131.471448 3048.332602 2965.140685 2881.894297 2798.590063 2715.219158 2631.769008 2548.226464 2464.581880 2380.833246 2296.981721 2213.019905 2128.933859 2044.706748 1960.322137 1875.769947 1791.055701 1706.180031 1621.131314 1535.892171 1450.442695 1364.761662 1278.830262 1192.649071 1106.230167 1019.561154 932.623423 845.396927 757.860316 669.989910 581.757378 493.126164 404.121025 314.732478 224.935931 134.707491 44.022829 -46.938667 -136.800026 -220.764033 -290.456544 -340.139441 -371.069038 -388.551295 -397.849575 -402.650002 -405.213191 -407.026502 -409.746271 -417.712298 -452.986081 -650.804713 -9999.0 -9999.0
-9999.0 -9999.0 7211.305677 7114.067371 7019.375264 6926.871033 6836.148072 6746.823254 6658.573081 6571.142247 6484.337371 6398.015501 6312.072463 6226.433008 6141.043044 6055.863647 5970.866493 5886.030542 5801.339824 5716.782064 5632.347841 5548.029910 5463.822422 5379.720083 5295.717660 5211.809976 5127.992217 5044.260218 4960.610366 4877.038968 4793.541618 4710.113184 4626.748381 4543.442521 4460.191829 4376.992741 4293.840596 4210.729358 4127.652423 4044.603927 3961.579694 3878.576531 3795.589593 3712.611706 3629.634536 3546.650597 3463.655137 3380.645803 3297.617957 3214.563304 3131.471448 3048.332602 2965.140685 2881.894297 2798.590063 2715.219158 2631.769008 2548.226464 2464.581880 2380.833246 2296.981721 2213.019906 2128.933859 2044.706748 1960.322137 1875.769947 1791.055701 1706.180031 1621.131314 1535.892171 1450.442695 1364.761662 1278.830262 1192.649071 1106.230167 1019.561154 932.623423 845.396927 757.860316 669.989910 581.757378 493.126164 404.121025 314.732478 224.935931 134.707491 44.022829 -46.938667 -136.800026 -220.764033 -290.456544 -340.139441 -371.069038 -388.551295 -397.849575 -402.650002 -405.213191 -407.026502 -409.746271 -417.712297 -452.986079 -650.804707 -9999.0 -9999.0
-9999.0 -9999.0 7211.305569 7114.067280 7019.375198 6926.870992 6836.148048 6746.823241 6658.573075 6571.142243 6484.337369 6398.015500 6312.072463 6226.433008 6141.043044 6055.863647 5970.866493 5886.030542 5801.339823 5716.782064 5632.347841 5548.029910 5463.822422 5379.720083 5295.717660 5211.809976 5127.992217 5044.260218 4960.610366 4877.038968 4793.541618 4710.113184 4626.748381 4543.442521 4460.191829 4376.992741 4293.840596 4210.729358 4127.652423 4044.603927 3961.579694 3878.576531 3795.589593 3712.611706 3629.634536 3546.650597 3463.655137 3380.645803 3297.617957 3214.563304 3131.471448 3048.332602 2965.140685 2881.894298 2798.590063 2715.219158 2631.769008 2548.226464 2464.581880 2380.833246 2296.981721 2213.019906 2128.933859 2044.706749 1960.322137 1875.769947 1791.055701 1706.180031 1621.131314 1535.892171 1450.442695 1364.761662 1278.830262 1192.649071 1106.230167 1019.561154 932.623423 845.396928 757.860317 669.989911 581.757378 493.126164 404.121025 314.732478 224.935931 134.707491 44.022829 -46.938667 -136.800026 -220.764033 -290.456544 -340.139441 -371.069038 -388.551295 -397.849575 -402.650002 -405.213191 -407.026502 -409.746271 -417.712297 -452.986077 -650.804700 -9999.0 -9999.0
-9999.0 -9999.0 -9999.0 -9999.0 -9999.0 -9999.0 -9999.0 -9999.0 -9999.0 -9999.0 -9999.0 -9999.0 -9999.0 -9999.0 -9999.0 -9999.0 -9999.0 -9999.0 -9999.0 -9999.0 -9999.0 -9999.0 -9999.0 -9999.0 -9999.0 -9999.0 -9999.0 -9999.0 -9999.0 -9999.0 -9999.0 -9999.0 -9999.0 -9999.0 -9999.0 -9999.0 -9999.0 -9999.0 -9999.0 -9999.0 -9999.0 -9999.0 -9999.0 -9999.0 -9999.0 -9999.0 -9999.0 -9999.0 -9999.0 -9999.0 -9999.0 -9999.0 -9999.0 -9999.0 -9999.0 -9999.0 -9999.0 -9999.0 -9999.0 -9999.0 -9999.0 -9999.0 -9999.0 -9999.0 -9999.0 -9999.0 -9999.0 -9999.0 -9999.0 -9999.0 -9999.0 -9999.0 -9999.0 -9999.0 -9999.0 -9999.0 -9999.0 -9999.0 -9999.0 -9999.0 -9999.0 -9999.0 -9999.0 -9999.0 -9999.0 -9999.0 -9999.0 -9999.0 -9999.0 -9999.0 -9999.0 -9999.0 -9999.0 -9999.0 -9999.0 -9999.0 -9999.0 -9999.0 -9999.0 -9999.0 -9999.0 -9999.0 -9999.0 -9999.0
-9999.0 -9999.0 -9999.0 -9999.0 -9999.0 -9999.0 -9999.0 -9999.0 -9999.0 -9999.0 -9999.0 -9999.0 -9999.0 -9999.0 -9999.0 -9999.0 -9999.0 -9999.0 -9999.0 -9999.0 -9999.0 -9999.0 -9999.0 -9999.0 -9999.0 -9999.0 -9999.0 -9999.0 -9999.0 -9999.0 -9999.0 -9999.0 -9999.0 -9999.0 -9999.0 -9999.0 -9999.0 -9999.0 -9999.0 -9999.0 -9999.0 -9999.0 -9999.0 -9999.0 -9999.0 -9999.0 -9999.0 -9999.0 -9999.0 -9999.0 -9999.0 -9999.0 -9999.0 -9999.0 -9999.0 -9999.0 -9999.0 -9999.0 -9999.0 -9999.0 -9999.0 -9999.0 -9999.0 -9999.0 -9999.0 -9999.0 -9999.0 -9999.0 -9999.0 -9999.0 -9999.0 -9999.0 -9999.0 -9999.0 -9999.0 -9999.0 -9999.0 -9999.0 -9999.0 -9999.0 -9999.0 -9999.0 -9999.0 -9999.0 -9999.0 -9999.0 -9999.0 -9999.0 -9999.0 -9999.0 -9999.0 -9999.0 -9999.0 -9999.0 -9999.0 -9999.0 -9999.0 -9999.0 -9999.0 -9999.0 -9999.0 -9999.0 -9999.0 -9999.0