examples/3D/hillslope01/output-maps-SE27XX/psiliqL0088N0001.asc
ncols         104
nrows         10
xllcorner     -2.000000
yllcorner     0.000000
cellsize      1.000000
NODATA_value  -9999.0
-9999.0 -9999.0 -9999.0 -9999.0 -9999.0 -9999.0 -9999.0 -9999.0 -9999.0 -9999.0 -9999.0 -9999.0 -9999.0 -9999.0 -9999.0 -9999.0 -9999.0 -9999.0 -9999.0 -9999.0 -9999.0 -9999.0 -9999.0 -9999.0 -9999.0 -9999.0 -9999.0 -9999.0 -9999.0 -9999.0 -9999.0 -9999.0 -9999.0 -9999.0 -9999.0 -9999.0 -9999.0 -9999.0 -9999.0 -9999.0 -9999.0 -9999.0 -9999.0 -9999.0 -9999.0 -9999.0 -9999.0 -9999.0 -9999.0 -9999.0 -9999.0 -9999.0 -9999.0 -9999.0 -9999.0 -9999.0 -9999.0 -9999.0 -9999.0 -9999.0 -9999.0 -9999.0 -9999.0 -9999.0 -9999.0 -9999.0 -9999.0 -9999.0 -9999.0 -9999.0 -9999.0 -9999.0 -9999.0 -9999.0 -9999.0 -9999.0 -9999.0 -9999.0 -9999.0 -9999.0 -9999.0 -9999.0 -9999.0 -9999.0 -9999.0 -9999.0 -9999.0 -9999.0 -9999.0 -9999.0 -9999.0 -9999.0 -9999.0 -9999.0 -9999.0 -9999.0 -9999.0 -9999.0 -9999.0 -9999.0 -9999.0 -9999.0 -9999.0 -9999.0
-9999.0 -9999.0 -9999.0 -9999.0 -9999.0 -9999.0 -9999.0 -9999.0 -9999.0 -9999.0 -9999.0 -9999.0 -9999.0 -9999.0 -9999.0 -9999.0 -9999.0 -9999.0 -9999.0 -9999.0 -9999.0 -9999.0 -9999.0 -9999.0 -9999.0 -9999.0 -9999.0 -9999.0 -9999.0 -9999.0 -9999.0 -9999.0 -9999.0 -9999.0 -9999.0 -9999.0 -9999.0 -9999.0 -9999.0 -9999.0 -9999.0 -9999.0 -9999.0 -9999.0 -9999.0 -9999.0 -9999.0 -9999.0 -9999.0 -9999.0 -9999.0 -9999.0 -9999.0 -9999.0 -9999.0 -9999.0 -9999.0 -9999.0 -9999.0 -9999.0 -9999.0 -9999.0 -9999.0 -9999.0 -9999.0 -9999.0 -9999.0 -9999.0 -9999.0 -9999.0 -9999.0 -9999.0 -9999.0 -9999.0 -9999.0 -9999.0 -9999.0 -9999.0 -9999.0 -9999.0 -9999.0 -9999.0 -9999.0 -9999.0 -9999.0 -9999.0 -9999.0 -9999.0 -9999.0 -9999.0 -9999.0 -9999.0 -9999.0 -9999.0 -9999.0 -9999.0 -9999.0 -9999.0 -9999.0 -9999.0 -9999.0 -9999.0 -9999.0 -9999.0
-9999.0 -9999.0 7356.380101 7256.618755 7157.104420 7057.852179 6958.881572 6860.214733 6761.875518 6663.889689 6566.286029 6469.098210 6372.367280 6276.144623 6180.495118 6085.499998 5991.258596 5897.887947 5805.519153 5714.289967 5624.334265 5535.770729 5448.693847 5363.169765 5279.237483 5196.913581 5116.197711 5037.076916 4959.528859 4883.524785 4809.031910 4736.014271 4664.433175 4594.248191 4525.417604 4457.898083 4391.645351 4326.614477 4262.759130 4200.032433 4138.386765 4077.774249 4018.148214 3959.460075 3901.660639 3844.699242 3788.524334 3733.084705 3678.327902 3624.203780 3570.660503 3517.650783 3465.123314 3413.030446 3361.320696 3309.946787 3258.857619 3208.006715 3157.343278 3106.821696 3056.391346 3006.007517 2955.619578 2905.183710 2854.649183 2803.972915 2753.104043 2701.999666 2650.608969 2598.888110 2546.786961 2494.258841 2441.255866 2387.725744 2333.626370 2278.897155 2223.510603 2167.396191 2110.539534 2052.863955 1994.320616 1934.853706 1874.380794 1812.913967 1750.345933 1686.608727 1621.681490 1555.437139 1487.818231 1418.807255 1348.245983 1276.016654 1202.153092 1126.509164 1048.885578 969.130452 887.165333 802.930209 716.153721 626.544780 533.799987 437.573932 -9999.0 -9999.0
-9999.0 -9999.0 7356.380101 7256.618755 7157.104420 7057.852179 6958.881572 6860.214733 6761.875518 6663.889689 6566.286029 6469.098210 6372.367280 6276.144623 6180.495118 6085.499998 5991.258596 5897.887946 5805.519153 5714.289967 5624.334265 5535.770729 5448.693847 5363.169765 5279.237483 5196.913581 5116.197711 5037.076916 4959.528859 4883.524785 4809.031910 4736.014271 4664.433175 4594.248191 4525.417604 4457.898083 4391.645351 4326.614477 4262.759130 4200.032433 4138.386765 4077.774249 4018.148214 3959.460075 3901.660639 3844.699242 3788.524334 3733.084705 3678.327902 3624.203780 3570.660503 3517.650783 3465.123314 3413.030446 3361.320696 3309.946787 3258.857619 3208.006715 3157.343278 3106.821696 3056.391346 3006.007517 2955.619578 2905.183710 2854.649183 2803.972915 2753.104043 2701.999666 2650.608969 2598.888110 2546.786961 2494.258841 2441.255866 2387.725744 2333.626370 2278.897155 2223.510603 2167.396191 2110.539534 2052.863955 1994.320616 1934.853706 1874.380794 1812.913967 1750.345933 1686.608727 1621.681490 1555.437139 1487.818231 1418.807254 1348.245983 1276.016653 1202.153092 1126.509164 1048.885578 969.130452 887.165333 802.930209 716.153721 626.544780 533.799987 437.573932 -9999.0 -9999.0
-9999.0 -9999.0 7356.380101 7256.618755 7157.104419 7057.852179 6958.881572 6860.214733 6761.875518 6663.889689 6566.286029 6469.098210 6372.367280 6276.144623 6180.495118 6085.499998 5991.258596 5897.887946 5805.519153 5714.289967 5624.334265 5535.770729 5448.693847 5363.169765 5279.237483 5196.913581 5116.197711 5037.076916 4959.528859 4883.524785 4809.031910 4736.014271 4664.433175 4594.248191 4525.417604 4457.898083 4391.645351 4326.614477 4262.759130 4200.032433 4138.386765 4077.774249 4018.148214 3959.460075 3901.660639 3844.699242 3788.524334 3733.084705 3678.327902 3624.203780 3570.660503 3517.650783 3465.123314 3413.030446 3361.320696 3309.946787 3258.857619 3208.006715 3157.343278 3106.821696 3056.391346 3006.007517 2955.619578 2905.183710 2854.649183 2803.972915 2753.104043 2701.999666 2650.608969 2598.888110 2546.786961 2494.258841 2441.255866 2387.725744 2333.626370 2278.897155 2223.510603 2167.396191 2110.539534 2052.863955 1994.320616 1934.853706 1874.380794 1812.913967 1750.345933 1686.608727 1621.681490 1555.437139 1487.818231 1418.807254 1348.245983 1276.016653 1202.153092 1126.509163 1048.885578 969.130452 887.165333 802.930209 716.153721 626.544780 533.799987 437.573932 -9999.0 -9999.0
-9999.0 -9999.0 7356.380101 7256.618755 7157.104420 7057.852179 6958.881572 6860.214733 6761.875518 6663.889689 6566.286029 6469.098210 6372.367280 6276.144623 6180.495118 6085.499998 5991.258596 5897.887946 5805.519153 5714.289967 5624.334265 5535.770729 5448.693847 5363.169765 5279.237483 5196.913581 5116.197711 5037.076916 4959.528859 4883.524785 4809.031910 4736.014271 4664.433175 4594.248191 4525.417604 4457.898083 4391.645351 4326.614477 4262.759130 4200.032433 4138.386765 4077.774249 4018.148214 3959.460075 3901.660639 3844.699242 3788.524334 3733.084705 3678.327902 3624.203780 3570.660503 3517.650783 3465.123314 3413.030446 3361.320696 3309.946787 3258.857619 3208.006715 3157.343278 3106.821696 3056.391346 3006.007517 2955.619578 2905.183710 2854.649183 2803.972915 2753.104043 2701.999666 2650.608969 2598.888110 2546.786961 2494.258841 2441.255866 2387.725744 2333.626370 2278.897155 2223.510603 2167.396191 2110.539534 2052.863955 1994.320616 1934.853706 1874.380794 1812.913967 1750.345933 1686.608727 1621.681490 1555.437139 1487.818231 1418.807254 1348.245983 1276.016653 1202.153092 1126.509163 1048.885578 969.130452 887.165333 802.930209 716.153721 626.544780 533.799987 437.573932 -9999.0 -9999.0
-9999.0 -9999.0 7356.380101 7256.618755 7157.104420 7057.852179 6958.881572 6860.214733 6761.875518 6663.889689 6566.286029 6469.098210 6372.367280 6276.144623 6180.495118 6085.499998 5991.258596 5897.887946 5805.519153 5714.289967 5624.334265 5535.770729 5448.693847 5363.169765 5279.237483 5196.913581 5116.197711 5037.076916 4959.528859 4883.524785 4809.031910 4736.014271 4664.433175 4594.248191 4525.417604 4457.898083 4391.645351 4326.614477 4262.759130 4200.032433 4138.386765 4077.774249 4018.148214 3959.460075 3901.660639 3844.699242 3788.524334 3733.084705 3678.327902 3624.203780 3570.660503 3517.650783 3465.123314 3413.030446 3361.320696 3309.946787 3258.857619 3208.006715 3157.343278 3106.821696 3056.391346 3006.007517 2955.619578 2905.183710 2854.649183 2803.972915 2753.104043 2701.999666 2650.608969 2598.888110 2546.786961 2494.258841 2441.255866 2387.725744 2333.626370 2278.897155 2223.510603 2167.396191 2110.539534 2052.863955 1994.320616 1934.853706 1874.380794 1812.913967 1750.345933 1686.608727 1621.681490 1555.437139 1487.818231 1418.807254 1348.245983 1276.016653 1202.153092 1126.509164 1048.885578 969.130452 887.165333 802.930209 716.153721 626.544780 533.799987 437.573932 -9999.0 -9999.0
-9999.0 -9999.0 7356.380101 7256.618755 7157.104420 7057.852179 6958.881572 6860.214733 6761.875518 6663.889689 6566.286029 6469.098210 6372.367280 6276.144623 6180.495118 6085.499998 5991.258596 5897.887947 5805.519153 5714.289967 5624.334265 5535.770729 5448.693847 5363.169765 5279.237483 5196.913581 5116.197711 5037.076916 4959.528859 4883.524785 4809.031910 4736.014271 4664.433175 4594.248191 4525.417604 4457.898083 4391.645351 4326.614477 4262.759130 4200.032433 4138.386765 4077.774249 4018.148214 3959.460075 3901.660639 3844.699242 3788.524334 3733.084705 3678.327902 3624.203780 3570.660503 3517.650783 3465.123314 3413.030446 3361.320696 3309.946787 3258.857619 3208.006715 3157.343278 3106.821696 3056.391346 3006.007517 2955.619578 2905.183710 2854.649183 2803.972915 2753.104043 2701.999666 2650.608969 2598.888110 2546.786961 2494.258841 2441.255866 2387.725744 2333.626370 2278.897155 2223.510603 2167.396191 2110.539534 2052.863955 1994.320616 1934.853706 1874.380794 1812.913967 1750.345933 1686.608727 1621.681490 1555.437139 1487.818231 1418.807254 1348.245983 1276.016654 1202.153092 1126.509164 1048.885578 969.130452 887.165333 802.930209 716.153721 626.544780 533.799987 437.573932 -9999.0 -9999.0
-9999.0 -9999.0 -9999.0 -9999.0 -9999.0 -9999.0 -9999.0 -9999.0 -9999.0 -9999.0 -9999.0 -9999.0 -9999.0 -9999.0 -9999.0 -9999.0 -9999.0 -9999.0 -9999.0 -9999.0 -9999.0 -9999.0 -9999.0 -9999.0 -9999.0 -9999.0 -9999.0 -9999.0 -9999.0 -9999.0 -9999.0 -9999.0 -9999.0 -9999.0 -9999.0 -9999.0 -9999.0 -9999.0 -9999.0 -9999.0 -9999.0 -9999.0 -9999.0 -9999.0 -9999.0 -9999.0 -9999.0 -9999.0 -9999.0 -9999.0 -9999.0 -9999.0 -9999.0 -9999.0 -9999.0 -9999.0 -9999.0 -9999.0 -9999.0 -9999.0 -9999.0 -9999.0 -9999.0 -9999.0 -9999.0 -9999.0 -9999.0 -9999.0 -9999.0 -9999.0 -9999.0 -9999.0 -9999.0 -9999.0 -9999.0 -9999.0 -9999.0 -9999.0 -9999.0 -9999.0 -9999.0 -9999.0 -9999.0 -9999.0 -9999.0 -9999.0 -9999.0 -9999.0 -9999.0 -9999.0 -9999.0 -9999.0 -9999.0 -9999.0 -9999.0 -9999.0 -9999.0 -9999.0 -9999.0 -9999.0 -9999.0 -9999.0 -9999.0 -9999.0
-9999.0 -9999.0 -9999.0 -9999.0 -9999.0 -9999.0 -9999.0 -9999.0 -9999.0 -9999.0 -9999.0 -9999.0 -9999.0 -9999.0 -9999.0 -9999.0 -9999.0 -9999.0 -9999.0 -9999.0 -9999.0 -9999.0 -9999.0 -9999.0 -9999.0 -9999.0 -9999.0 -9999.0 -9999.0 -9999.0 -9999.0 -9999.0 -9999.0 -9999.0 -9999.0 -9999.0 -9999.0 -9999.0 -9999.0 -9999.0 -9999.0 -9999.0 -9999.0 -9999.0 -9999.0 -9999.0 -9999.0 -9999.0 -9999.0 -9999.0 -9999.0 -9999.0 -9999.0 -9999.0 -9999.0 -9999.0 -9999.0 -9999.0 -9999.0 -9999.0 -9999.0 -9999.0 -9999.0 -9999.0 -9999.0 -9999.0 -9999.0 -9999.0 -9999.0 -9999.0 -9999.0 -9999.0 -9999.0 -9999.0 -9999.0 -9999.0 -9999.0 -9999.0 -9999.0 -9999.0 -9999.0 -9999.0 -9999.0 -9999.0 -9999.0 -9999.0 -9999.0 -9999.0 -9999.0 -9999.0 -9999.0 -9999.0 -9999.0 -9999.0 -9999.0 -9999.0 -9999.0 -9999.0 -9999.0 -9999.0 -9999.0 -9999.0 -9999.0 -9999.0