examples/3D/hillslope01/output-maps-SE27XX/psiliqL0058N0003.asc
ncols         104
nrows         10
xllcorner     -2.000000
yllcorner     0.000000
cellsize      1.000000
NODATA_value  -9999.0
-9999.0 -9999.0 -9999.0 -9999.0 -9999.0 -9999.0 -9999.0 -9999.0 -9999.0 -9999.0 -9999.0 -9999.0 -9999.0 -9999.0 -9999.0 -9999.0 -9999.0 -9999.0 -9999.0 -9999.0 -9999.0 -9999.0 -9999.0 -9999.0 -9999.0 -9999.0 -9999.0 -9999.0 -9999.0 -9999.0 -9999.0 -9999.0 -9999.0 -9999.0 -9999.0 -9999.0 -9999.0 -9999.0 -9999.0 -9999.0 -9999.0 -9999.0 -9999.0 -9999.0 -9999.0 -9999.0 -9999.0 -9999.0 -9999.0 -9999.0 -9999.0 -9999.0 -9999.0 -9999.0 -9999.0 -9999.0 -9999.0 -9999.0 -9999.0 -9999.0 -9999.0 -9999.0 -9999.0 -9999.0 -9999.0 -9999.0 -9999.0 -9999.0 -9999.0 -9999.0 -9999.0 -9999.0 -9999.0 -9999.0 -9999.0 -9999.0 -9999.0 -9999.0 -9999.0 -9999.0 -9999.0 -9999.0 -9999.0 -9999.0 -9999.0 -9999.0 -9999.0 -9999.0 -9999.0 -9999.0 -9999.0 -9999.0 -9999.0 -9999.0 -9999.0 -9999.0 -9999.0 -9999.0 -9999.0 -9999.0 -9999.0 -9999.0 -9999.0 -9999.0
-9999.0 -9999.0 -9999.0 -9999.0 -9999.0 -9999.0 -9999.0 -9999.0 -9999.0 -9999.0 -9999.0 -9999.0 -9999.0 -9999.0 -9999.0 -9999.0 -9999.0 -9999.0 -9999.0 -9999.0 -9999.0 -9999.0 -9999.0 -9999.0 -9999.0 -9999.0 -9999.0 -9999.0 -9999.0 -9999.0 -9999.0 -9999.0 -9999.0 -9999.0 -9999.0 -9999.0 -9999.0 -9999.0 -9999.0 -9999.0 -9999.0 -9999.0 -9999.0 -9999.0 -9999.0 -9999.0 -9999.0 -9999.0 -9999.0 -9999.0 -9999.0 -9999.0 -9999.0 -9999.0 -9999.0 -9999.0 -9999.0 -9999.0 -9999.0 -9999.0 -9999.0 -9999.0 -9999.0 -9999.0 -9999.0 -9999.0 -9999.0 -9999.0 -9999.0 -9999.0 -9999.0 -9999.0 -9999.0 -9999.0 -9999.0 -9999.0 -9999.0 -9999.0 -9999.0 -9999.0 -9999.0 -9999.0 -9999.0 -9999.0 -9999.0 -9999.0 -9999.0 -9999.0 -9999.0 -9999.0 -9999.0 -9999.0 -9999.0 -9999.0 -9999.0 -9999.0 -9999.0 -9999.0 -9999.0 -9999.0 -9999.0 -9999.0 -9999.0 -9999.0
-9999.0 -9999.0 5912.593221 5816.096799 5722.671509 5631.665313 5542.429109 5454.434775 5367.299355 5280.762944 5194.655041 5108.865309 5023.322626 4937.981309 4852.812228 4767.796739 4682.922173 4598.178880 4513.558818 4429.055252 4344.663041 4260.378848 4176.200428 4092.124756 4008.147302 3924.262585 3840.465402 3756.752135 3673.121041 3589.570221 3506.095361 3422.689859 3339.346516 3256.059893 3172.828094 3089.651049 3006.524766 2923.441023 2840.389814 2757.362880 2674.357874 2591.378668 2508.422036 2425.477645 2342.531898 2259.572514 2176.595524 2093.611204 2010.618260 1927.604204 1844.551444 1761.442314 1678.267970 1595.045024 1511.779078 1428.456585 1345.056371 1261.554680 1177.931205 1094.195610 1010.381011 926.473875 842.450527 758.284537 673.945027 589.395968 504.699392 419.875049 334.894658 249.732037 164.361529 78.752762 -7.147769 -92.671884 -175.731015 -251.607798 -314.108548 -359.778836 -389.809866 -408.073002 -418.607903 -424.477283 -427.671398 -429.380334 -430.282847 -430.754218 -430.997909 -431.122659 -431.185901 -431.217658 -431.233495 -431.241489 -431.246113 -431.250896 -431.261850 -431.295613 -431.402870 -431.737260 -432.758771 -435.846173 -445.273148 -476.023896 -9999.0 -9999.0
-9999.0 -9999.0 5912.593660 5816.097150 5722.671744 5631.665450 5542.429181 5454.434811 5367.299372 5280.762952 5194.655044 5108.865311 5023.322627 4937.981309 4852.812228 4767.796739 4682.922173 4598.178881 4513.558818 4429.055252 4344.663041 4260.378848 4176.200429 4092.124756 4008.147302 3924.262585 3840.465402 3756.752135 3673.121041 3589.570221 3506.095361 3422.689859 3339.346516 3256.059893 3172.828094 3089.651049 3006.524766 2923.441023 2840.389814 2757.362880 2674.357874 2591.378668 2508.422036 2425.477644 2342.531898 2259.572514 2176.595524 2093.611204 2010.618260 1927.604204 1844.551444 1761.442314 1678.267970 1595.045024 1511.779078 1428.456584 1345.056370 1261.554680 1177.931205 1094.195610 1010.381011 926.473875 842.450527 758.284537 673.945027 589.395968 504.699392 419.875049 334.894658 249.732037 164.361529 78.752762 -7.147769 -92.671884 -175.731015 -251.607798 -314.108548 -359.778837 -389.809866 -408.073002 -418.607903 -424.477283 -427.671398 -429.380334 -430.282847 -430.754218 -430.997909 -431.122659 -431.185901 -431.217658 -431.233495 -431.241489 -431.246113 -431.250896 -431.261850 -431.295613 -431.402870 -431.737260 -432.758771 -435.846173 -445.273148 -476.023896 -9999.0 -9999.0
-9999.0 -9999.0 5912.594083 5816.097491 5722.671973 5631.665585 5542.429253 5454.434847 5367.299388 5280.762959 5194.655048 5108.865312 5023.322628 4937.981310 4852.812228 4767.796739 4682.922173 4598.178881 4513.558818 4429.055252 4344.663041 4260.378849 4176.200429 4092.124756 4008.147302 3924.262585 3840.465402 3756.752135 3673.121041 3589.570221 3506.095361 3422.689859 3339.346516 3256.059893 3172.828094 3089.651049 3006.524766 2923.441023 2840.389814 2757.362880 2674.357874 2591.378668 2508.422036 2425.477644 2342.531898 2259.572514 2176.595524 2093.611204 2010.618260 1927.604204 1844.551444 1761.442314 1678.267970 1595.045024 1511.779078 1428.456584 1345.056370 1261.554680 1177.931205 1094.195610 1010.381011 926.473875 842.450527 758.284537 673.945027 589.395968 504.699392 419.875049 334.894658 249.732037 164.361529 78.752762 -7.147769 -92.671884 -175.731015 -251.607798 -314.108548 -359.778837 -389.809866 -408.073002 -418.607903 -424.477283 -427.671398 -429.380334 -430.282847 -430.754218 -430.997909 -431.122659 -431.185901 -431.217658 -431.233495 -431.241489 -431.246113 -431.250896 -431.261850 -431.295613 -431.402870 -431.737260 -432.758771 -435.846173 -445.273148 -476.023897 -9999.0 -9999.0
-9999.0 -9999.0 5912.594083 5816.097491 5722.671973 5631.665585 5542.429253 5454.434847 5367.299388 5280.762959 5194.655048 5108.865312 5023.322628 4937.981310 4852.812228 4767.796739 4682.922173 4598.178881 4513.558818 4429.055252 4344.663041 4260.378849 4176.200429 4092.124756 4008.147302 3924.262585 3840.465402 3756.752135 3673.121041 3589.570221 3506.095361 3422.689859 3339.346516 3256.059893 3172.828094 3089.651049 3006.524766 2923.441023 2840.389814 2757.362880 2674.357874 2591.378668 2508.422036 2425.477644 2342.531898 2259.572514 2176.595524 2093.611204 2010.618260 1927.604204 1844.551444 1761.442314 1678.267970 1595.045024 1511.779078 1428.456584 1345.056370 1261.554680 1177.931205 1094.195610 1010.381011 926.473875 842.450527 758.284537 673.945027 589.395968 504.699392 419.875049 334.894658 249.732037 164.361529 78.752762 -7.147769 -92.671884 -175.731015 -251.607798 -314.108548 -359.778837 -389.809866 -408.073002 -418.607903 -424.477283 -427.671398 -429.380334 -430.282847 -430.754218 -430.997909 -431.122659 -431.185901 -431.217658 -431.233495 -431.241489 -431.246113 -431.250896 -431.261850 -431.295613 -431.402870 -431.737260 -432.758771 -435.846173 -445.273148 -476.023897 -9999.0 -9999.0
-9999.0 -9999.0 5912.593660 5816.097150 5722.671744 5631.665450 5542.429182 5454.434811 5367.299372 5280.762951 5194.655044 5108.865311 5023.322627 4937.981309 4852.812228 4767.796739 4682.922173 4598.178881 4513.558818 4429.055252 4344.663041 4260.378848 4176.200429 4092.124756 4008.147302 3924.262585 3840.465402 3756.752135 3673.121041 3589.570221 3506.095361 3422.689859 3339.346516 3256.059893 3172.828094 3089.651049 3006.524766 2923.441023 2840.389814 2757.362880 2674.357874 2591.378668 2508.422036 2425.477644 2342.531898 2259.572514 2176.595524 2093.611204 2010.618260 1927.604204 1844.551444 1761.442314 1678.267970 1595.045024 1511.779078 1428.456584 1345.056370 1261.554680 1177.931205 1094.195610 1010.381011 926.473875 842.450527 758.284537 673.945027 589.395968 504.699392 419.875049 334.894658 249.732037 164.361529 78.752762 -7.147769 -92.671884 -175.731015 -251.607798 -314.108548 -359.778837 -389.809866 -408.073002 -418.607903 -424.477283 -427.671398 -429.380334 -430.282847 -430.754218 -430.997909 -431.122659 -431.185901 -431.217658 -431.233495 -431.241489 -431.246113 -431.250896 -431.261850 -431.295613 -431.402870 -431.737260 -432.758771 -435.846173 -445.273148 -476.023896 -9999.0 -9999.0
-9999.0 -9999.0 5912.593221 5816.096799 5722.671509 5631.665313 5542.429109 5454.434775 5367.299355 5280.762944 5194.655041 5108.865309 5023.322626 4937.981309 4852.812228 4767.796739 4682.922173 4598.178880 4513.558818 4429.055252 4344.663041 4260.378848 4176.200428 4092.124756 4008.147302 3924.262585 3840.465402 3756.752135 3673.121041 3589.570221 3506.095361 3422.689859 3339.346516 3256.059893 3172.828094 3089.651049 3006.524766 2923.441023 2840.389815 2757.362880 2674.357874 2591.378668 2508.422036 2425.477645 2342.531898 2259.572514 2176.595524 2093.611204 2010.618260 1927.604204 1844.551444 1761.442314 1678.267970 1595.045024 1511.779078 1428.456585 1345.056371 1261.554680 1177.931205 1094.195610 1010.381011 926.473875 842.450527 758.284537 673.945027 589.395968 504.699392 419.875049 334.894658 249.732037 164.361529 78.752762 -7.147769 -92.671884 -175.731015 -251.607798 -314.108548 -359.778836 -389.809866 -408.073002 -418.607903 -424.477283 -427.671398 -429.380334 -430.282847 -430.754218 -430.997909 -431.122659 -431.185901 -431.217658 -431.233495 -431.241489 -431.246113 -431.250896 -431.261850 -431.295613 -431.402870 -431.737260 -432.758771 -435.846173 -445.273148 -476.023896 -9999.0 -9999.0
-9999.0 -9999.0 -9999.0 -9999.0 -9999.0 -9999.0 -9999.0 -9999.0 -9999.0 -9999.0 -9999.0 -9999.0 -9999.0 -9999.0 -9999.0 -9999.0 -9999.0 -9999.0 -9999.0 -9999.0 -9999.0 -9999.0 -9999.0 -9999.0 -9999.0 -9999.0 -9999.0 -9999.0 -9999.0 -9999.0 -9999.0 -9999.0 -9999.0 -9999.0 -9999.0 -9999.0 -9999.0 -9999.0 -9999.0 -9999.0 -9999.0 -9999.0 -9999.0 -9999.0 -9999.0 -9999.0 -9999.0 -9999.0 -9999.0 -9999.0 -9999.0 -9999.0 -9999.0 -9999.0 -9999.0 -9999.0 -9999.0 -9999.0 -9999.0 -9999.0 -9999.0 -9999.0 -9999.0 -9999.0 -9999.0 -9999.0 -9999.0 -9999.0 -9999.0 -9999.0 -9999.0 -9999.0 -9999.0 -9999.0 -9999.0 -9999.0 -9999.0 -9999.0 -9999.0 -9999.0 -9999.0 -9999.0 -9999.0 -9999.0 -9999.0 -9999.0 -9999.0 -9999.0 -9999.0 -9999.0 -9999.0 -9999.0 -9999.0 -9999.0 -9999.0 -9999.0 -9999.0 -9999.0 -9999.0 -9999.0 -9999.0 -9999.0 -9999.0 -9999.0
-9999.0 -9999.0 -9999.0 -9999.0 -9999.0 -9999.0 -9999.0 -9999.0 -9999.0 -9999.0 -9999.0 -9999.0 -9999.0 -9999.0 -9999.0 -9999.0 -9999.0 -9999.0 -9999.0 -9999.0 -9999.0 -9999.0 -9999.0 -9999.0 -9999.0 -9999.0 -9999.0 -9999.0 -9999.0 -9999.0 -9999.0 -9999.0 -9999.0 -9999.0 -9999.0 -9999.0 -9999.0 -9999.0 -9999.0 -9999.0 -9999.0 -9999.0 -9999.0 -9999.0 -9999.0 -9999.0 -9999.0 -9999.0 -9999.0 -9999.0 -9999.0 -9999.0 -9999.0 -9999.0 -9999.0 -9999.0 -9999.0 -9999.0 -9999.0 -9999.0 -9999.0 -9999.0 -9999.0 -9999.0 -9999.0 -9999.0 -9999.0 -9999.0 -9999.0 -9999.0 -9999.0 -9999.0 -9999.0 -9999.0 -9999.0 -9999.0 -9999.0 -9999.0 -9999.0 -9999.0 -9999.0 -9999.0 -9999.0 -9999.0 -9999.0 -9999.0 -9999.0 -9999.0 -9999.0 -9999.0 -9999.0 -9999.0 -9999.0 -9999.0 -9999.0 -9999.0 -9999.0 -9999.0 -9999.0 -9999.0 -9999.0 -9999.0 -9999.0 -9999.0