examples/3D/hillslope01/output-maps-SE27XX/psiliqL0091N0003.asc
ncols         104
nrows         10
xllcorner     -2.000000
yllcorner     0.000000
cellsize      1.000000
NODATA_value  -9999.0
-9999.0 -9999.0 -9999.0 -9999.0 -9999.0 -9999.0 -9999.0 -9999.0 -9999.0 -9999.0 -9999.0 -9999.0 -9999.0 -9999.0 -9999.0 -9999.0 -9999.0 -9999.0 -9999.0 -9999.0 -9999.0 -9999.0 -9999.0 -9999.0 -9999.0 -9999.0 -9999.0 -9999.0 -9999.0 -9999.0 -9999.0 -9999.0 -9999.0 -9999.0 -9999.0 -9999.0 -9999.0 -9999.0 -9999.0 -9999.0 -9999.0 -9999.0 -9999.0 -9999.0 -9999.0 -9999.0 -9999.0 -9999.0 -9999.0 -9999.0 -9999.0 -9999.0 -9999.0 -9999.0 -9999.0 -9999.0 -9999.0 -9999.0 -9999.0 -9999.0 -9999.0 -9999.0 -9999.0 -9999.0 -9999.0 -9999.0 -9999.0 -9999.0 -9999.0 -9999.0 -9999.0 -9999.0 -9999.0 -9999.0 -9999.0 -9999.0 -9999.0 -9999.0 -9999.0 -9999.0 -9999.0 -9999.0 -9999.0 -9999.0 -9999.0 -9999.0 -9999.0 -9999.0 -9999.0 -9999.0 -9999.0 -9999.0 -9999.0 -9999.0 -9999.0 -9999.0 -9999.0 -9999.0 -9999.0 -9999.0 -9999.0 -9999.0 -9999.0 -9999.0
-9999.0 -9999.0 -9999.0 -9999.0 -9999.0 -9999.0 -9999.0 -9999.0 -9999.0 -9999.0 -9999.0 -9999.0 -9999.0 -9999.0 -9999.0 -9999.0 -9999.0 -9999.0 -9999.0 -9999.0 -9999.0 -9999.0 -9999.0 -9999.0 -9999.0 -9999.0 -9999.0 -9999.0 -9999.0 -9999.0 -9999.0 -9999.0 -9999.0 -9999.0 -9999.0 -9999.0 -9999.0 -9999.0 -9999.0 -9999.0 -9999.0 -9999.0 -9999.0 -9999.0 -9999.0 -9999.0 -9999.0 -9999.0 -9999.0 -9999.0 -9999.0 -9999.0 -9999.0 -9999.0 -9999.0 -9999.0 -9999.0 -9999.0 -9999.0 -9999.0 -9999.0 -9999.0 -9999.0 -9999.0 -9999.0 -9999.0 -9999.0 -9999.0 -9999.0 -9999.0 -9999.0 -9999.0 -9999.0 -9999.0 -9999.0 -9999.0 -9999.0 -9999.0 -9999.0 -9999.0 -9999.0 -9999.0 -9999.0 -9999.0 -9999.0 -9999.0 -9999.0 -9999.0 -9999.0 -9999.0 -9999.0 -9999.0 -9999.0 -9999.0 -9999.0 -9999.0 -9999.0 -9999.0 -9999.0 -9999.0 -9999.0 -9999.0 -9999.0 -9999.0
-9999.0 -9999.0 9200.484808 9102.782733 9007.266238 8913.733708 8821.930395 8731.584905 8642.437407 8554.256759 8466.847889 8380.052381 8293.745199 8207.829712 8122.232362 8036.897701 7951.784133 7866.860438 7782.103093 7697.494244 7613.020203 7528.670296 7444.435960 7360.310039 7276.286298 7192.359145 7108.523476 7024.774582 6941.107995 6857.519301 6774.003988 6690.557415 6607.174905 6523.851850 6440.583716 6357.365887 6274.193469 6191.061245 6107.963845 6024.895982 5941.852540 5858.828382 5775.817995 5692.815362 5609.814199 5526.808352 5443.792035 5360.759587 5277.704880 5194.621029 5111.500669 5028.336566 4945.122088 4861.851022 4778.516703 4695.111379 4611.626400 4528.053036 4444.383371 4360.610504 4276.727568 4192.726295 4108.596724 4024.328020 3939.909813 3855.333375 3770.591526 3685.676433 3600.577886 3515.283303 3429.778788 3344.050628 3258.086967 3171.878659 3085.417272 2998.691648 2911.687345 2824.387314 2736.772676 2648.823520 2560.520096 2471.844856 2382.784052 2293.322526 2203.441577 2113.119426 2022.331708 1931.051530 1839.249248 1746.892084 1653.943643 1560.363350 1466.105781 1371.119912 1275.348271 1178.726138 1081.181314 982.636502 883.023826 782.360909 680.999690 579.967058 -9999.0 -9999.0
-9999.0 -9999.0 9200.484823 9102.782746 9007.266248 8913.733715 8821.930400 8731.584908 8642.437409 8554.256760 8466.847889 8380.052381 8293.745200 8207.829713 8122.232362 8036.897702 7951.784133 7866.860439 7782.103093 7697.494244 7613.020203 7528.670296 7444.435960 7360.310039 7276.286298 7192.359145 7108.523477 7024.774582 6941.107995 6857.519301 6774.003988 6690.557415 6607.174905 6523.851850 6440.583716 6357.365887 6274.193468 6191.061245 6107.963845 6024.895982 5941.852540 5858.828382 5775.817995 5692.815362 5609.814199 5526.808352 5443.792035 5360.759587 5277.704880 5194.621029 5111.500669 5028.336566 4945.122088 4861.851022 4778.516703 4695.111379 4611.626399 4528.053036 4444.383371 4360.610504 4276.727568 4192.726294 4108.596724 4024.328020 3939.909813 3855.333375 3770.591526 3685.676433 3600.577886 3515.283303 3429.778787 3344.050628 3258.086966 3171.878659 3085.417271 2998.691648 2911.687345 2824.387314 2736.772676 2648.823520 2560.520096 2471.844856 2382.784052 2293.322526 2203.441577 2113.119426 2022.331708 1931.051530 1839.249248 1746.892084 1653.943643 1560.363350 1466.105781 1371.119912 1275.348271 1178.726138 1081.181314 982.636502 883.023826 782.360909 680.999690 579.967057 -9999.0 -9999.0
-9999.0 -9999.0 9200.484838 9102.782759 9007.266259 8913.733723 8821.930404 8731.584911 8642.437411 8554.256761 8466.847890 8380.052381 8293.745200 8207.829713 8122.232362 8036.897702 7951.784133 7866.860439 7782.103093 7697.494244 7613.020203 7528.670296 7444.435960 7360.310039 7276.286299 7192.359145 7108.523477 7024.774582 6941.107995 6857.519301 6774.003988 6690.557415 6607.174905 6523.851850 6440.583716 6357.365887 6274.193468 6191.061245 6107.963845 6024.895982 5941.852540 5858.828382 5775.817995 5692.815362 5609.814199 5526.808352 5443.792035 5360.759587 5277.704880 5194.621029 5111.500669 5028.336566 4945.122088 4861.851022 4778.516703 4695.111379 4611.626399 4528.053036 4444.383371 4360.610504 4276.727568 4192.726294 4108.596724 4024.328020 3939.909813 3855.333375 3770.591525 3685.676433 3600.577886 3515.283303 3429.778787 3344.050628 3258.086966 3171.878659 3085.417271 2998.691648 2911.687345 2824.387313 2736.772676 2648.823520 2560.520096 2471.844856 2382.784052 2293.322526 2203.441576 2113.119426 2022.331708 1931.051530 1839.249248 1746.892084 1653.943643 1560.363350 1466.105781 1371.119912 1275.348271 1178.726138 1081.181314 982.636502 883.023826 782.360909 680.999690 579.967057 -9999.0 -9999.0
-9999.0 -9999.0 9200.484838 9102.782760 9007.266258 8913.733723 8821.930404 8731.584911 8642.437411 8554.256761 8466.847890 8380.052381 8293.745200 8207.829713 8122.232362 8036.897702 7951.784133 7866.860439 7782.103093 7697.494244 7613.020203 7528.670297 7444.435960 7360.310039 7276.286299 7192.359145 7108.523477 7024.774582 6941.107995 6857.519301 6774.003988 6690.557415 6607.174905 6523.851850 6440.583716 6357.365887 6274.193468 6191.061245 6107.963845 6024.895982 5941.852540 5858.828382 5775.817995 5692.815362 5609.814199 5526.808352 5443.792035 5360.759587 5277.704880 5194.621029 5111.500669 5028.336566 4945.122088 4861.851022 4778.516703 4695.111379 4611.626399 4528.053036 4444.383371 4360.610504 4276.727568 4192.726294 4108.596724 4024.328020 3939.909813 3855.333375 3770.591525 3685.676433 3600.577886 3515.283303 3429.778787 3344.050628 3258.086966 3171.878659 3085.417271 2998.691648 2911.687345 2824.387314 2736.772676 2648.823520 2560.520096 2471.844856 2382.784052 2293.322526 2203.441576 2113.119426 2022.331708 1931.051530 1839.249248 1746.892084 1653.943643 1560.363350 1466.105781 1371.119912 1275.348271 1178.726138 1081.181314 982.636502 883.023826 782.360909 680.999690 579.967057 -9999.0 -9999.0
-9999.0 -9999.0 9200.484823 9102.782746 9007.266248 8913.733715 8821.930400 8731.584908 8642.437409 8554.256760 8466.847889 8380.052381 8293.745200 8207.829713 8122.232362 8036.897702 7951.784133 7866.860439 7782.103093 7697.494244 7613.020203 7528.670296 7444.435960 7360.310039 7276.286299 7192.359145 7108.523477 7024.774582 6941.107995 6857.519301 6774.003988 6690.557415 6607.174905 6523.851850 6440.583716 6357.365887 6274.193468 6191.061245 6107.963845 6024.895982 5941.852540 5858.828382 5775.817995 5692.815362 5609.814199 5526.808352 5443.792035 5360.759587 5277.704880 5194.621029 5111.500669 5028.336566 4945.122088 4861.851022 4778.516703 4695.111379 4611.626399 4528.053036 4444.383371 4360.610504 4276.727568 4192.726294 4108.596724 4024.328020 3939.909813 3855.333375 3770.591526 3685.676433 3600.577886 3515.283303 3429.778787 3344.050628 3258.086966 3171.878659 3085.417271 2998.691648 2911.687345 2824.387314 2736.772676 2648.823520 2560.520096 2471.844856 2382.784052 2293.322526 2203.441577 2113.119426 2022.331708 1931.051530 1839.249248 1746.892084 1653.943643 1560.363350 1466.105781 1371.119912 1275.348271 1178.726138 1081.181314 982.636502 883.023826 782.360909 680.999690 579.967057 -9999.0 -9999.0
-9999.0 -9999.0 9200.484808 9102.782733 9007.266238 8913.733708 8821.930395 8731.584905 8642.437407 8554.256759 8466.847889 8380.052381 8293.745199 8207.829712 8122.232362 8036.897701 7951.784133 7866.860438 7782.103093 7697.494244 7613.020203 7528.670296 7444.435960 7360.310039 7276.286298 7192.359145 7108.523476 7024.774582 6941.107995 6857.519301 6774.003988 6690.557415 6607.174905 6523.851850 6440.583716 6357.365887 6274.193469 6191.061245 6107.963845 6024.895982 5941.852540 5858.828382 5775.817995 5692.815362 5609.814199 5526.808352 5443.792035 5360.759587 5277.704880 5194.621029 5111.500669 5028.336566 4945.122088 4861.851022 4778.516703 4695.111379 4611.626400 4528.053036 4444.383371 4360.610504 4276.727568 4192.726295 4108.596724 4024.328020 3939.909813 3855.333375 3770.591526 3685.676433 3600.577886 3515.283303 3429.778788 3344.050628 3258.086967 3171.878659 3085.417272 2998.691648 2911.687345 2824.387314 2736.772676 2648.823520 2560.520096 2471.844856 2382.784052 2293.322526 2203.441577 2113.119426 2022.331708 1931.051530 1839.249248 1746.892084 1653.943643 1560.363350 1466.105781 1371.119912 1275.348271 1178.726138 1081.181314 982.636502 883.023826 782.360909 680.999690 579.967058 -9999.0 -9999.0
-9999.0 -9999.0 -9999.0 -9999.0 -9999.0 -9999.0 -9999.0 -9999.0 -9999.0 -9999.0 -9999.0 -9999.0 -9999.0 -9999.0 -9999.0 -9999.0 -9999.0 -9999.0 -9999.0 -9999.0 -9999.0 -9999.0 -9999.0 -9999.0 -9999.0 -9999.0 -9999.0 -9999.0 -9999.0 -9999.0 -9999.0 -9999.0 -9999.0 -9999.0 -9999.0 -9999.0 -9999.0 -9999.0 -9999.0 -9999.0 -9999.0 -9999.0 -9999.0 -9999.0 -9999.0 -9999.0 -9999.0 -9999.0 -9999.0 -9999.0 -9999.0 -9999.0 -9999.0 -9999.0 -9999.0 -9999.0 -9999.0 -9999.0 -9999.0 -9999.0 -9999.0 -9999.0 -9999.0 -9999.0 -9999.0 -9999.0 -9999.0 -9999.0 -9999.0 -9999.0 -9999.0 -9999.0 -9999.0 -9999.0 -9999.0 -9999.0 -9999.0 -9999.0 -9999.0 -9999.0 -9999.0 -9999.0 -9999.0 -9999.0 -9999.0 -9999.0 -9999.0 -9999.0 -9999.0 -9999.0 -9999.0 -9999.0 -9999.0 -9999.0 -9999.0 -9999.0 -9999.0 -9999.0 -9999.0 -9999.0 -9999.0 -9999.0 -9999.0 -9999.0
-9999.0 -9999.0 -9999.0 -9999.0 -9999.0 -9999.0 -9999.0 -9999.0 -9999.0 -9999.0 -9999.0 -9999.0 -9999.0 -9999.0 -9999.0 -9999.0 -9999.0 -9999.0 -9999.0 -9999.0 -9999.0 -9999.0 -9999.0 -9999.0 -9999.0 -9999.0 -9999.0 -9999.0 -9999.0 -9999.0 -9999.0 -9999.0 -9999.0 -9999.0 -9999.0 -9999.0 -9999.0 -9999.0 -9999.0 -9999.0 -9999.0 -9999.0 -9999.0 -9999.0 -9999.0 -9999.0 -9999.0 -9999.0 -9999.0 -9999.0 -9999.0 -9999.0 -9999.0 -9999.0 -9999.0 -9999.0 -9999.0 -9999.0 -9999.0 -9999.0 -9999.0 -9999.0 -9999.0 -9999.0 -9999.0 -9999.0 -9999.0 -9999.0 -9999.0 -9999.0 -9999.0 -9999.0 -9999.0 -9999.0 -9999.0 -9999.0 -9999.0 -9999.0 -9999.0 -9999.0 -9999.0 -9999.0 -9999.0 -9999.0 -9999.0 -9999.0 -9999.0 -9999.0 -9999.0 -9999.0 -9999.0 -9999.0 -9999.0 -9999.0 -9999.0 -9999.0 -9999.0 -9999.0 -9999.0 -9999.0 -9999.0 -9999.0 -9999.0 -9999.0