examples/3D/hillslope01/output-maps-SE27XX/psiliqL0068N0003.asc
ncols         104
nrows         10
xllcorner     -2.000000
yllcorner     0.000000
cellsize      1.000000
NODATA_value  -9999.0
-9999.0 -9999.0 -9999.0 -9999.0 -9999.0 -9999.0 -9999.0 -9999.0 -9999.0 -9999.0 -9999.0 -9999.0 -9999.0 -9999.0 -9999.0 -9999.0 -9999.0 -9999.0 -9999.0 -9999.0 -9999.0 -9999.0 -9999.0 -9999.0 -9999.0 -9999.0 -9999.0 -9999.0 -9999.0 -9999.0 -9999.0 -9999.0 -9999.0 -9999.0 -9999.0 -9999.0 -9999.0 -9999.0 -9999.0 -9999.0 -9999.0 -9999.0 -9999.0 -9999.0 -9999.0 -9999.0 -9999.0 -9999.0 -9999.0 -9999.0 -9999.0 -9999.0 -9999.0 -9999.0 -9999.0 -9999.0 -9999.0 -9999.0 -9999.0 -9999.0 -9999.0 -9999.0 -9999.0 -9999.0 -9999.0 -9999.0 -9999.0 -9999.0 -9999.0 -9999.0 -9999.0 -9999.0 -9999.0 -9999.0 -9999.0 -9999.0 -9999.0 -9999.0 -9999.0 -9999.0 -9999.0 -9999.0 -9999.0 -9999.0 -9999.0 -9999.0 -9999.0 -9999.0 -9999.0 -9999.0 -9999.0 -9999.0 -9999.0 -9999.0 -9999.0 -9999.0 -9999.0 -9999.0 -9999.0 -9999.0 -9999.0 -9999.0 -9999.0 -9999.0
-9999.0 -9999.0 -9999.0 -9999.0 -9999.0 -9999.0 -9999.0 -9999.0 -9999.0 -9999.0 -9999.0 -9999.0 -9999.0 -9999.0 -9999.0 -9999.0 -9999.0 -9999.0 -9999.0 -9999.0 -9999.0 -9999.0 -9999.0 -9999.0 -9999.0 -9999.0 -9999.0 -9999.0 -9999.0 -9999.0 -9999.0 -9999.0 -9999.0 -9999.0 -9999.0 -9999.0 -9999.0 -9999.0 -9999.0 -9999.0 -9999.0 -9999.0 -9999.0 -9999.0 -9999.0 -9999.0 -9999.0 -9999.0 -9999.0 -9999.0 -9999.0 -9999.0 -9999.0 -9999.0 -9999.0 -9999.0 -9999.0 -9999.0 -9999.0 -9999.0 -9999.0 -9999.0 -9999.0 -9999.0 -9999.0 -9999.0 -9999.0 -9999.0 -9999.0 -9999.0 -9999.0 -9999.0 -9999.0 -9999.0 -9999.0 -9999.0 -9999.0 -9999.0 -9999.0 -9999.0 -9999.0 -9999.0 -9999.0 -9999.0 -9999.0 -9999.0 -9999.0 -9999.0 -9999.0 -9999.0 -9999.0 -9999.0 -9999.0 -9999.0 -9999.0 -9999.0 -9999.0 -9999.0 -9999.0 -9999.0 -9999.0 -9999.0 -9999.0 -9999.0
-9999.0 -9999.0 6912.048620 6814.939488 6720.472450 6628.241388 6537.796956 6448.727712 6360.696371 6273.444291 6186.780722 6100.567975 6014.707794 5929.130510 5843.786886 5758.642001 5673.670672 5588.854202 5504.178301 5419.631907 5335.206528 5250.895709 5166.694270 5082.597360 4998.599932 4914.696829 4830.883236 4747.155112 4663.509124 4579.941829 4496.448846 4413.024840 4329.664270 4246.362379 4163.115665 4079.921006 3996.773839 3913.667818 3830.595857 3747.551815 3664.531832 3581.533561 3498.552417 3415.580786 3332.609561 3249.630658 3166.639612 3083.635533 3000.614336 2917.567174 2834.482550 2751.349615 2668.162261 2584.921191 2501.624312 2418.262304 2334.821230 2251.286306 2167.646849 2083.902635 2000.058424 1916.106715 1832.032123 1747.815978 1663.439531 1578.890987 1494.181841 1409.315758 1324.279781 1239.054972 1153.619965 1067.951262 982.025847 895.847699 809.438959 722.784135 635.862841 548.654384 461.137136 373.287072 285.074265 196.447396 107.454320 18.084038 -71.274122 -158.751263 -238.903754 -303.915203 -349.606192 -378.021487 -394.231555 -402.976909 -407.530115 -409.847755 -411.019092 -411.643275 -412.098434 -412.790372 -414.614487 -420.519287 -443.752008 -580.096768 -9999.0 -9999.0
-9999.0 -9999.0 6912.048769 6814.939612 6720.472538 6628.241444 6537.796988 6448.727729 6360.696379 6273.444295 6186.780723 6100.567976 6014.707794 5929.130511 5843.786886 5758.642001 5673.670672 5588.854202 5504.178302 5419.631907 5335.206528 5250.895709 5166.694270 5082.597360 4998.599932 4914.696829 4830.883236 4747.155113 4663.509124 4579.941829 4496.448846 4413.024840 4329.664270 4246.362379 4163.115665 4079.921006 3996.773839 3913.667818 3830.595857 3747.551815 3664.531832 3581.533561 3498.552417 3415.580785 3332.609561 3249.630658 3166.639612 3083.635533 3000.614336 2917.567174 2834.482550 2751.349615 2668.162261 2584.921191 2501.624312 2418.262304 2334.821230 2251.286306 2167.646849 2083.902635 2000.058424 1916.106715 1832.032123 1747.815978 1663.439531 1578.890987 1494.181841 1409.315758 1324.279781 1239.054972 1153.619965 1067.951262 982.025847 895.847699 809.438959 722.784135 635.862841 548.654383 461.137135 373.287072 285.074265 196.447396 107.454320 18.084038 -71.274122 -158.751263 -238.903754 -303.915203 -349.606192 -378.021487 -394.231555 -402.976909 -407.530115 -409.847755 -411.019092 -411.643275 -412.098434 -412.790372 -414.614487 -420.519287 -443.752009 -580.096775 -9999.0 -9999.0
-9999.0 -9999.0 6912.048915 6814.939734 6720.472625 6628.241498 6537.797019 6448.727745 6360.696388 6273.444299 6186.780725 6100.567977 6014.707795 5929.130511 5843.786887 5758.642001 5673.670673 5588.854202 5504.178302 5419.631907 5335.206528 5250.895709 5166.694271 5082.597360 4998.599932 4914.696829 4830.883236 4747.155113 4663.509124 4579.941829 4496.448846 4413.024840 4329.664270 4246.362379 4163.115665 4079.921006 3996.773839 3913.667818 3830.595857 3747.551815 3664.531832 3581.533561 3498.552417 3415.580785 3332.609561 3249.630658 3166.639612 3083.635533 3000.614336 2917.567174 2834.482550 2751.349615 2668.162261 2584.921191 2501.624312 2418.262304 2334.821230 2251.286306 2167.646849 2083.902635 2000.058424 1916.106715 1832.032123 1747.815978 1663.439531 1578.890987 1494.181841 1409.315758 1324.279780 1239.054972 1153.619965 1067.951262 982.025847 895.847699 809.438959 722.784135 635.862841 548.654383 461.137135 373.287072 285.074265 196.447396 107.454320 18.084038 -71.274123 -158.751263 -238.903754 -303.915203 -349.606192 -378.021487 -394.231555 -402.976909 -407.530115 -409.847755 -411.019092 -411.643275 -412.098434 -412.790372 -414.614487 -420.519287 -443.752010 -580.096783 -9999.0 -9999.0
-9999.0 -9999.0 6912.048915 6814.939734 6720.472625 6628.241498 6537.797019 6448.727745 6360.696388 6273.444299 6186.780725 6100.567977 6014.707795 5929.130511 5843.786887 5758.642001 5673.670673 5588.854202 5504.178302 5419.631907 5335.206528 5250.895709 5166.694270 5082.597360 4998.599932 4914.696829 4830.883236 4747.155113 4663.509124 4579.941829 4496.448846 4413.024840 4329.664270 4246.362379 4163.115665 4079.921006 3996.773839 3913.667818 3830.595857 3747.551815 3664.531832 3581.533561 3498.552417 3415.580785 3332.609561 3249.630658 3166.639612 3083.635533 3000.614336 2917.567174 2834.482550 2751.349615 2668.162261 2584.921191 2501.624312 2418.262304 2334.821230 2251.286306 2167.646849 2083.902635 2000.058424 1916.106715 1832.032123 1747.815978 1663.439531 1578.890987 1494.181841 1409.315758 1324.279780 1239.054972 1153.619965 1067.951262 982.025847 895.847699 809.438959 722.784135 635.862841 548.654383 461.137135 373.287072 285.074265 196.447396 107.454320 18.084038 -71.274123 -158.751263 -238.903754 -303.915203 -349.606192 -378.021487 -394.231555 -402.976909 -407.530115 -409.847755 -411.019092 -411.643275 -412.098434 -412.790372 -414.614487 -420.519287 -443.752010 -580.096783 -9999.0 -9999.0
-9999.0 -9999.0 6912.048769 6814.939612 6720.472538 6628.241444 6537.796988 6448.727729 6360.696379 6273.444295 6186.780724 6100.567976 6014.707794 5929.130511 5843.786887 5758.642001 5673.670673 5588.854202 5504.178302 5419.631907 5335.206528 5250.895709 5166.694270 5082.597360 4998.599932 4914.696829 4830.883236 4747.155113 4663.509124 4579.941829 4496.448846 4413.024840 4329.664270 4246.362379 4163.115665 4079.921006 3996.773839 3913.667818 3830.595857 3747.551815 3664.531832 3581.533561 3498.552417 3415.580785 3332.609561 3249.630658 3166.639612 3083.635533 3000.614336 2917.567174 2834.482550 2751.349615 2668.162261 2584.921191 2501.624312 2418.262304 2334.821230 2251.286306 2167.646849 2083.902635 2000.058424 1916.106715 1832.032123 1747.815978 1663.439531 1578.890987 1494.181841 1409.315758 1324.279781 1239.054972 1153.619965 1067.951262 982.025847 895.847699 809.438959 722.784135 635.862841 548.654383 461.137135 373.287072 285.074265 196.447396 107.454320 18.084038 -71.274122 -158.751263 -238.903754 -303.915203 -349.606192 -378.021487 -394.231555 -402.976909 -407.530115 -409.847755 -411.019092 -411.643275 -412.098434 -412.790372 -414.614487 -420.519287 -443.752009 -580.096775 -9999.0 -9999.0
-9999.0 -9999.0 6912.048620 6814.939488 6720.472450 6628.241388 6537.796956 6448.727712 6360.696371 6273.444291 6186.780721 6100.567975 6014.707794 5929.130510 5843.786886 5758.642001 5673.670672 5588.854202 5504.178301 5419.631907 5335.206528 5250.895709 5166.694270 5082.597360 4998.599932 4914.696829 4830.883236 4747.155113 4663.509124 4579.941829 4496.448846 4413.024840 4329.664270 4246.362379 4163.115665 4079.921006 3996.773839 3913.667818 3830.595857 3747.551815 3664.531832 3581.533561 3498.552417 3415.580786 3332.609561 3249.630658 3166.639612 3083.635533 3000.614336 2917.567174 2834.482550 2751.349615 2668.162261 2584.921191 2501.624312 2418.262304 2334.821230 2251.286306 2167.646849 2083.902635 2000.058424 1916.106715 1832.032123 1747.815978 1663.439531 1578.890987 1494.181841 1409.315758 1324.279781 1239.054972 1153.619965 1067.951262 982.025847 895.847699 809.438959 722.784136 635.862841 548.654384 461.137136 373.287072 285.074265 196.447396 107.454320 18.084038 -71.274122 -158.751263 -238.903754 -303.915203 -349.606192 -378.021487 -394.231555 -402.976909 -407.530115 -409.847755 -411.019092 -411.643275 -412.098434 -412.790372 -414.614487 -420.519287 -443.752008 -580.096768 -9999.0 -9999.0
-9999.0 -9999.0 -9999.0 -9999.0 -9999.0 -9999.0 -9999.0 -9999.0 -9999.0 -9999.0 -9999.0 -9999.0 -9999.0 -9999.0 -9999.0 -9999.0 -9999.0 -9999.0 -9999.0 -9999.0 -9999.0 -9999.0 -9999.0 -9999.0 -9999.0 -9999.0 -9999.0 -9999.0 -9999.0 -9999.0 -9999.0 -9999.0 -9999.0 -9999.0 -9999.0 -9999.0 -9999.0 -9999.0 -9999.0 -9999.0 -9999.0 -9999.0 -9999.0 -9999.0 -9999.0 -9999.0 -9999.0 -9999.0 -9999.0 -9999.0 -9999.0 -9999.0 -9999.0 -9999.0 -9999.0 -9999.0 -9999.0 -9999.0 -9999.0 -9999.0 -9999.0 -9999.0 -9999.0 -9999.0 -9999.0 -9999.0 -9999.0 -9999.0 -9999.0 -9999.0 -9999.0 -9999.0 -9999.0 -9999.0 -9999.0 -9999.0 -9999.0 -9999.0 -9999.0 -9999.0 -9999.0 -9999.0 -9999.0 -9999.0 -9999.0 -9999.0 -9999.0 -9999.0 -9999.0 -9999.0 -9999.0 -9999.0 -9999.0 -9999.0 -9999.0 -9999.0 -9999.0 -9999.0 -9999.0 -9999.0 -9999.0 -9999.0 -9999.0 -9999.0
-9999.0 -9999.0 -9999.0 -9999.0 -9999.0 -9999.0 -9999.0 -9999.0 -9999.0 -9999.0 -9999.0 -9999.0 -9999.0 -9999.0 -9999.0 -9999.0 -9999.0 -9999.0 -9999.0 -9999.0 -9999.0 -9999.0 -9999.0 -9999.0 -9999.0 -9999.0 -9999.0 -9999.0 -9999.0 -9999.0 -9999.0 -9999.0 -9999.0 -9999.0 -9999.0 -9999.0 -9999.0 -9999.0 -9999.0 -9999.0 -9999.0 -9999.0 -9999.0 -9999.0 -9999.0 -9999.0 -9999.0 -9999.0 -9999.0 -9999.0 -9999.0 -9999.0 -9999.0 -9999.0 -9999.0 -9999.0 -9999.0 -9999.0 -9999.0 -9999.0 -9999.0 -9999.0 -9999.0 -9999.0 -9999.0 -9999.0 -9999.0 -9999.0 -9999.0 -9999.0 -9999.0 -9999.0 -9999.0 -9999.0 -9999.0 -9999.0 -9999.0 -9999.0 -9999.0 -9999.0 -9999.0 -9999.0 -9999.0 -9999.0 -9999.0 -9999.0 -9999.0 -9999.0 -9999.0 -9999.0 -9999.0 -9999.0 -9999.0 -9999.0 -9999.0 -9999.0 -9999.0 -9999.0 -9999.0 -9999.0 -9999.0 -9999.0 -9999.0 -9999.0