examples/3D/hillslope01/output-maps-SE27XX/psiliqL0080N0001.asc
ncols         104
nrows         10
xllcorner     -2.000000
yllcorner     0.000000
cellsize      1.000000
NODATA_value  -9999.0
-9999.0 -9999.0 -9999.0 -9999.0 -9999.0 -9999.0 -9999.0 -9999.0 -9999.0 -9999.0 -9999.0 -9999.0 -9999.0 -9999.0 -9999.0 -9999.0 -9999.0 -9999.0 -9999.0 -9999.0 -9999.0 -9999.0 -9999.0 -9999.0 -9999.0 -9999.0 -9999.0 -9999.0 -9999.0 -9999.0 -9999.0 -9999.0 -9999.0 -9999.0 -9999.0 -9999.0 -9999.0 -9999.0 -9999.0 -9999.0 -9999.0 -9999.0 -9999.0 -9999.0 -9999.0 -9999.0 -9999.0 -9999.0 -9999.0 -9999.0 -9999.0 -9999.0 -9999.0 -9999.0 -9999.0 -9999.0 -9999.0 -9999.0 -9999.0 -9999.0 -9999.0 -9999.0 -9999.0 -9999.0 -9999.0 -9999.0 -9999.0 -9999.0 -9999.0 -9999.0 -9999.0 -9999.0 -9999.0 -9999.0 -9999.0 -9999.0 -9999.0 -9999.0 -9999.0 -9999.0 -9999.0 -9999.0 -9999.0 -9999.0 -9999.0 -9999.0 -9999.0 -9999.0 -9999.0 -9999.0 -9999.0 -9999.0 -9999.0 -9999.0 -9999.0 -9999.0 -9999.0 -9999.0 -9999.0 -9999.0 -9999.0 -9999.0 -9999.0 -9999.0
-9999.0 -9999.0 -9999.0 -9999.0 -9999.0 -9999.0 -9999.0 -9999.0 -9999.0 -9999.0 -9999.0 -9999.0 -9999.0 -9999.0 -9999.0 -9999.0 -9999.0 -9999.0 -9999.0 -9999.0 -9999.0 -9999.0 -9999.0 -9999.0 -9999.0 -9999.0 -9999.0 -9999.0 -9999.0 -9999.0 -9999.0 -9999.0 -9999.0 -9999.0 -9999.0 -9999.0 -9999.0 -9999.0 -9999.0 -9999.0 -9999.0 -9999.0 -9999.0 -9999.0 -9999.0 -9999.0 -9999.0 -9999.0 -9999.0 -9999.0 -9999.0 -9999.0 -9999.0 -9999.0 -9999.0 -9999.0 -9999.0 -9999.0 -9999.0 -9999.0 -9999.0 -9999.0 -9999.0 -9999.0 -9999.0 -9999.0 -9999.0 -9999.0 -9999.0 -9999.0 -9999.0 -9999.0 -9999.0 -9999.0 -9999.0 -9999.0 -9999.0 -9999.0 -9999.0 -9999.0 -9999.0 -9999.0 -9999.0 -9999.0 -9999.0 -9999.0 -9999.0 -9999.0 -9999.0 -9999.0 -9999.0 -9999.0 -9999.0 -9999.0 -9999.0 -9999.0 -9999.0 -9999.0 -9999.0 -9999.0 -9999.0 -9999.0 -9999.0 -9999.0
-9999.0 -9999.0 6563.990005 6464.218248 6364.684963 6265.407893 6166.408792 6067.710867 5969.337747 5871.313798 5773.665432 5676.423160 5579.624309 5483.316356 5387.560752 5292.436793 5198.044636 5104.506125 5011.961715 4920.562112 4830.454989 4741.770013 4654.606912 4569.030742 4485.075097 4402.749988 4322.049587 4242.956662 4165.445088 4089.483101 4015.036624 3942.068940 3870.540184 3800.409334 3731.634895 3664.172817 3597.978499 3533.007688 3469.213181 3406.548213 3344.964621 3284.413138 3224.850200 3166.226039 3108.492298 3051.597673 2995.489325 2940.117445 2885.426051 2831.368770 2777.887787 2724.944140 2672.479202 2620.452522 2568.804860 2517.496637 2466.468616 2415.682925 2365.079623 2314.622915 2264.251669 2213.932574 2163.602747 2113.231593 2062.754383 2012.142903 1961.331172 1910.291588 1858.959053 1807.302505 1755.262481 1702.796761 1649.860502 1596.387226 1542.362268 1487.675363 1432.372436 1376.288238 1319.522964 1261.913149 1203.442374 1144.072840 1083.606673 1022.263162 959.782138 896.087837 831.306693 765.142034 697.566590 628.737315 558.318791 486.087533 412.402781 336.996494 259.565033 179.930011 98.075736 14.172679 -71.169188 -155.513872 -234.758733 -306.157861 -9999.0 -9999.0
-9999.0 -9999.0 6563.990005 6464.218247 6364.684963 6265.407893 6166.408792 6067.710867 5969.337747 5871.313798 5773.665431 5676.423160 5579.624309 5483.316356 5387.560752 5292.436793 5198.044636 5104.506125 5011.961715 4920.562112 4830.454989 4741.770013 4654.606911 4569.030742 4485.075097 4402.749988 4322.049587 4242.956662 4165.445088 4089.483101 4015.036624 3942.068940 3870.540184 3800.409334 3731.634895 3664.172817 3597.978499 3533.007688 3469.213181 3406.548213 3344.964621 3284.413138 3224.850200 3166.226039 3108.492298 3051.597673 2995.489325 2940.117445 2885.426051 2831.368771 2777.887787 2724.944140 2672.479202 2620.452522 2568.804860 2517.496637 2466.468616 2415.682925 2365.079623 2314.622915 2264.251669 2213.932574 2163.602747 2113.231593 2062.754383 2012.142903 1961.331172 1910.291588 1858.959053 1807.302505 1755.262481 1702.796761 1649.860502 1596.387226 1542.362268 1487.675363 1432.372436 1376.288238 1319.522964 1261.913149 1203.442374 1144.072840 1083.606673 1022.263162 959.782138 896.087837 831.306693 765.142034 697.566590 628.737315 558.318791 486.087533 412.402781 336.996494 259.565032 179.930011 98.075736 14.172679 -71.169188 -155.513872 -234.758733 -306.157861 -9999.0 -9999.0
-9999.0 -9999.0 6563.990005 6464.218247 6364.684963 6265.407893 6166.408792 6067.710867 5969.337747 5871.313798 5773.665431 5676.423160 5579.624309 5483.316356 5387.560752 5292.436793 5198.044636 5104.506125 5011.961715 4920.562112 4830.454989 4741.770013 4654.606911 4569.030742 4485.075097 4402.749988 4322.049587 4242.956662 4165.445088 4089.483101 4015.036624 3942.068940 3870.540184 3800.409334 3731.634895 3664.172817 3597.978499 3533.007688 3469.213181 3406.548213 3344.964621 3284.413138 3224.850200 3166.226039 3108.492298 3051.597674 2995.489325 2940.117445 2885.426051 2831.368771 2777.887787 2724.944140 2672.479202 2620.452522 2568.804860 2517.496637 2466.468616 2415.682925 2365.079623 2314.622915 2264.251669 2213.932574 2163.602747 2113.231593 2062.754383 2012.142903 1961.331172 1910.291588 1858.959053 1807.302505 1755.262481 1702.796761 1649.860502 1596.387226 1542.362268 1487.675363 1432.372436 1376.288238 1319.522964 1261.913149 1203.442374 1144.072840 1083.606673 1022.263162 959.782138 896.087837 831.306693 765.142034 697.566590 628.737315 558.318791 486.087533 412.402781 336.996494 259.565032 179.930011 98.075736 14.172679 -71.169188 -155.513872 -234.758733 -306.157861 -9999.0 -9999.0
-9999.0 -9999.0 6563.990005 6464.218247 6364.684963 6265.407893 6166.408792 6067.710867 5969.337747 5871.313798 5773.665431 5676.423160 5579.624309 5483.316356 5387.560752 5292.436793 5198.044636 5104.506125 5011.961715 4920.562112 4830.454989 4741.770013 4654.606911 4569.030742 4485.075097 4402.749988 4322.049587 4242.956662 4165.445088 4089.483101 4015.036624 3942.068940 3870.540184 3800.409334 3731.634895 3664.172817 3597.978499 3533.007688 3469.213181 3406.548213 3344.964621 3284.413138 3224.850200 3166.226039 3108.492298 3051.597673 2995.489325 2940.117445 2885.426051 2831.368771 2777.887787 2724.944140 2672.479202 2620.452522 2568.804860 2517.496637 2466.468616 2415.682925 2365.079623 2314.622915 2264.251669 2213.932574 2163.602747 2113.231593 2062.754383 2012.142903 1961.331172 1910.291588 1858.959053 1807.302505 1755.262481 1702.796761 1649.860502 1596.387226 1542.362268 1487.675363 1432.372436 1376.288238 1319.522964 1261.913149 1203.442374 1144.072840 1083.606673 1022.263162 959.782138 896.087837 831.306693 765.142034 697.566590 628.737315 558.318791 486.087533 412.402781 336.996494 259.565032 179.930011 98.075736 14.172679 -71.169188 -155.513872 -234.758733 -306.157861 -9999.0 -9999.0
-9999.0 -9999.0 6563.990005 6464.218247 6364.684963 6265.407893 6166.408792 6067.710867 5969.337747 5871.313798 5773.665431 5676.423160 5579.624309 5483.316356 5387.560752 5292.436793 5198.044636 5104.506125 5011.961715 4920.562112 4830.454989 4741.770013 4654.606911 4569.030742 4485.075097 4402.749988 4322.049587 4242.956662 4165.445088 4089.483101 4015.036624 3942.068940 3870.540184 3800.409334 3731.634895 3664.172817 3597.978499 3533.007688 3469.213181 3406.548213 3344.964621 3284.413138 3224.850200 3166.226039 3108.492298 3051.597673 2995.489325 2940.117445 2885.426051 2831.368771 2777.887787 2724.944140 2672.479202 2620.452522 2568.804860 2517.496637 2466.468616 2415.682925 2365.079623 2314.622915 2264.251669 2213.932574 2163.602747 2113.231593 2062.754383 2012.142903 1961.331172 1910.291588 1858.959053 1807.302505 1755.262481 1702.796761 1649.860502 1596.387226 1542.362268 1487.675363 1432.372436 1376.288238 1319.522964 1261.913149 1203.442374 1144.072840 1083.606673 1022.263162 959.782138 896.087837 831.306693 765.142034 697.566590 628.737315 558.318791 486.087533 412.402781 336.996494 259.565032 179.930011 98.075736 14.172679 -71.169188 -155.513872 -234.758733 -306.157861 -9999.0 -9999.0
-9999.0 -9999.0 6563.990005 6464.218248 6364.684963 6265.407893 6166.408792 6067.710867 5969.337747 5871.313798 5773.665432 5676.423160 5579.624309 5483.316356 5387.560752 5292.436793 5198.044636 5104.506125 5011.961715 4920.562112 4830.454989 4741.770013 4654.606912 4569.030742 4485.075097 4402.749988 4322.049587 4242.956662 4165.445088 4089.483101 4015.036624 3942.068940 3870.540184 3800.409334 3731.634895 3664.172817 3597.978499 3533.007688 3469.213181 3406.548213 3344.964621 3284.413138 3224.850200 3166.226039 3108.492298 3051.597673 2995.489325 2940.117445 2885.426051 2831.368770 2777.887787 2724.944140 2672.479202 2620.452522 2568.804860 2517.496637 2466.468616 2415.682925 2365.079623 2314.622915 2264.251669 2213.932574 2163.602747 2113.231593 2062.754383 2012.142903 1961.331172 1910.291588 1858.959053 1807.302505 1755.262481 1702.796761 1649.860502 1596.387226 1542.362268 1487.675363 1432.372436 1376.288238 1319.522964 1261.913149 1203.442374 1144.072840 1083.606673 1022.263162 959.782138 896.087837 831.306693 765.142034 697.566590 628.737315 558.318791 486.087533 412.402781 336.996494 259.565033 179.930011 98.075736 14.172679 -71.169188 -155.513872 -234.758733 -306.157861 -9999.0 -9999.0
-9999.0 -9999.0 -9999.0 -9999.0 -9999.0 -9999.0 -9999.0 -9999.0 -9999.0 -9999.0 -9999.0 -9999.0 -9999.0 -9999.0 -9999.0 -9999.0 -9999.0 -9999.0 -9999.0 -9999.0 -9999.0 -9999.0 -9999.0 -9999.0 -9999.0 -9999.0 -9999.0 -9999.0 -9999.0 -9999.0 -9999.0 -9999.0 -9999.0 -9999.0 -9999.0 -9999.0 -9999.0 -9999.0 -9999.0 -9999.0 -9999.0 -9999.0 -9999.0 -9999.0 -9999.0 -9999.0 -9999.0 -9999.0 -9999.0 -9999.0 -9999.0 -9999.0 -9999.0 -9999.0 -9999.0 -9999.0 -9999.0 -9999.0 -9999.0 -9999.0 -9999.0 -9999.0 -9999.0 -9999.0 -9999.0 -9999.0 -9999.0 -9999.0 -9999.0 -9999.0 -9999.0 -9999.0 -9999.0 -9999.0 -9999.0 -9999.0 -9999.0 -9999.0 -9999.0 -9999.0 -9999.0 -9999.0 -9999.0 -9999.0 -9999.0 -9999.0 -9999.0 -9999.0 -9999.0 -9999.0 -9999.0 -9999.0 -9999.0 -9999.0 -9999.0 -9999.0 -9999.0 -9999.0 -9999.0 -9999.0 -9999.0 -9999.0 -9999.0 -9999.0
-9999.0 -9999.0 -9999.0 -9999.0 -9999.0 -9999.0 -9999.0 -9999.0 -9999.0 -9999.0 -9999.0 -9999.0 -9999.0 -9999.0 -9999.0 -9999.0 -9999.0 -9999.0 -9999.0 -9999.0 -9999.0 -9999.0 -9999.0 -9999.0 -9999.0 -9999.0 -9999.0 -9999.0 -9999.0 -9999.0 -9999.0 -9999.0 -9999.0 -9999.0 -9999.0 -9999.0 -9999.0 -9999.0 -9999.0 -9999.0 -9999.0 -9999.0 -9999.0 -9999.0 -9999.0 -9999.0 -9999.0 -9999.0 -9999.0 -9999.0 -9999.0 -9999.0 -9999.0 -9999.0 -9999.0 -9999.0 -9999.0 -9999.0 -9999.0 -9999.0 -9999.0 -9999.0 -9999.0 -9999.0 -9999.0 -9999.0 -9999.0 -9999.0 -9999.0 -9999.0 -9999.0 -9999.0 -9999.0 -9999.0 -9999.0 -9999.0 -9999.0 -9999.0 -9999.0 -9999.0 -9999.0 -9999.0 -9999.0 -9999.0 -9999.0 -9999.0 -9999.0 -9999.0 -9999.0 -9999.0 -9999.0 -9999.0 -9999.0 -9999.0 -9999.0 -9999.0 -9999.0 -9999.0 -9999.0 -9999.0 -9999.0 -9999.0 -9999.0 -9999.0