examples/3D/hillslope01/output-maps-SE27XX/psiliqL0024N0002.asc
ncols         104
nrows         10
xllcorner     -2.000000
yllcorner     0.000000
cellsize      1.000000
NODATA_value  -9999.0
-9999.0 -9999.0 -9999.0 -9999.0 -9999.0 -9999.0 -9999.0 -9999.0 -9999.0 -9999.0 -9999.0 -9999.0 -9999.0 -9999.0 -9999.0 -9999.0 -9999.0 -9999.0 -9999.0 -9999.0 -9999.0 -9999.0 -9999.0 -9999.0 -9999.0 -9999.0 -9999.0 -9999.0 -9999.0 -9999.0 -9999.0 -9999.0 -9999.0 -9999.0 -9999.0 -9999.0 -9999.0 -9999.0 -9999.0 -9999.0 -9999.0 -9999.0 -9999.0 -9999.0 -9999.0 -9999.0 -9999.0 -9999.0 -9999.0 -9999.0 -9999.0 -9999.0 -9999.0 -9999.0 -9999.0 -9999.0 -9999.0 -9999.0 -9999.0 -9999.0 -9999.0 -9999.0 -9999.0 -9999.0 -9999.0 -9999.0 -9999.0 -9999.0 -9999.0 -9999.0 -9999.0 -9999.0 -9999.0 -9999.0 -9999.0 -9999.0 -9999.0 -9999.0 -9999.0 -9999.0 -9999.0 -9999.0 -9999.0 -9999.0 -9999.0 -9999.0 -9999.0 -9999.0 -9999.0 -9999.0 -9999.0 -9999.0 -9999.0 -9999.0 -9999.0 -9999.0 -9999.0 -9999.0 -9999.0 -9999.0 -9999.0 -9999.0 -9999.0 -9999.0
-9999.0 -9999.0 -9999.0 -9999.0 -9999.0 -9999.0 -9999.0 -9999.0 -9999.0 -9999.0 -9999.0 -9999.0 -9999.0 -9999.0 -9999.0 -9999.0 -9999.0 -9999.0 -9999.0 -9999.0 -9999.0 -9999.0 -9999.0 -9999.0 -9999.0 -9999.0 -9999.0 -9999.0 -9999.0 -9999.0 -9999.0 -9999.0 -9999.0 -9999.0 -9999.0 -9999.0 -9999.0 -9999.0 -9999.0 -9999.0 -9999.0 -9999.0 -9999.0 -9999.0 -9999.0 -9999.0 -9999.0 -9999.0 -9999.0 -9999.0 -9999.0 -9999.0 -9999.0 -9999.0 -9999.0 -9999.0 -9999.0 -9999.0 -9999.0 -9999.0 -9999.0 -9999.0 -9999.0 -9999.0 -9999.0 -9999.0 -9999.0 -9999.0 -9999.0 -9999.0 -9999.0 -9999.0 -9999.0 -9999.0 -9999.0 -9999.0 -9999.0 -9999.0 -9999.0 -9999.0 -9999.0 -9999.0 -9999.0 -9999.0 -9999.0 -9999.0 -9999.0 -9999.0 -9999.0 -9999.0 -9999.0 -9999.0 -9999.0 -9999.0 -9999.0 -9999.0 -9999.0 -9999.0 -9999.0 -9999.0 -9999.0 -9999.0 -9999.0 -9999.0
-9999.0 -9999.0 2493.968206 2408.750144 2330.874750 2254.188350 2176.215714 2096.427610 2014.935046 1931.987663 1847.835877 1762.695513 1676.741175 1590.118300 1502.943133 1415.300396 1327.251286 1238.839871 1150.097060 1061.042739 971.686269 882.025164 792.043972 701.747904 611.161079 520.302447 429.188173 337.832458 246.247777 154.444931 62.433002 -29.657124 -120.435244 -203.433018 -267.831486 -309.329817 -332.601842 -344.604180 -350.516178 -353.357150 -354.703740 -355.336758 -355.632688 -355.770455 -355.834371 -355.863935 -355.877572 -355.883846 -355.886727 -355.888046 -355.888649 -355.888925 -355.889050 -355.889107 -355.889133 -355.889145 -355.889151 -355.889153 -355.889155 -355.889155 -355.889156 -355.889156 -355.889156 -355.889156 -355.889156 -355.889156 -355.889156 -355.889156 -355.889156 -355.889156 -355.889156 -355.889156 -355.889156 -355.889156 -355.889156 -355.889156 -355.889156 -355.889156 -355.889156 -355.889156 -355.889156 -355.889156 -355.889156 -355.889156 -355.889156 -355.889156 -355.889157 -355.889158 -355.889162 -355.889177 -355.889233 -355.889439 -355.890198 -355.892990 -355.903232 -355.940533 -356.074426 -356.541891 -358.098532 -362.932858 -376.743963 -413.600760 -9999.0 -9999.0
-9999.0 -9999.0 2493.994172 2408.763875 2330.880511 2254.190578 2176.216553 2096.427925 2014.935164 1931.987707 1847.835894 1762.695520 1676.741177 1590.118301 1502.943133 1415.300396 1327.251286 1238.839871 1150.097060 1061.042738 971.686269 882.025163 792.043972 701.747904 611.161079 520.302447 429.188172 337.832458 246.247777 154.444930 62.433002 -29.657124 -120.435244 -203.433018 -267.831486 -309.329817 -332.601842 -344.604180 -350.516177 -353.357150 -354.703740 -355.336758 -355.632688 -355.770455 -355.834371 -355.863935 -355.877572 -355.883846 -355.886726 -355.888046 -355.888649 -355.888924 -355.889050 -355.889107 -355.889133 -355.889145 -355.889151 -355.889153 -355.889155 -355.889155 -355.889155 -355.889156 -355.889156 -355.889156 -355.889156 -355.889156 -355.889156 -355.889156 -355.889156 -355.889156 -355.889156 -355.889156 -355.889156 -355.889156 -355.889156 -355.889156 -355.889156 -355.889156 -355.889156 -355.889156 -355.889156 -355.889156 -355.889156 -355.889156 -355.889156 -355.889156 -355.889157 -355.889158 -355.889162 -355.889177 -355.889233 -355.889439 -355.890198 -355.892990 -355.903232 -355.940533 -356.074426 -356.541891 -358.098532 -362.932858 -376.743963 -413.600760 -9999.0 -9999.0
-9999.0 -9999.0 2494.011357 2408.773843 2330.885123 2254.192507 2176.217322 2096.428224 2014.935278 1931.987751 1847.835910 1762.695526 1676.741180 1590.118301 1502.943134 1415.300396 1327.251286 1238.839871 1150.097060 1061.042738 971.686269 882.025163 792.043972 701.747904 611.161079 520.302447 429.188172 337.832458 246.247777 154.444930 62.433002 -29.657124 -120.435244 -203.433018 -267.831486 -309.329817 -332.601842 -344.604180 -350.516177 -353.357150 -354.703740 -355.336758 -355.632687 -355.770455 -355.834371 -355.863935 -355.877571 -355.883846 -355.886726 -355.888046 -355.888649 -355.888924 -355.889050 -355.889107 -355.889133 -355.889145 -355.889151 -355.889153 -355.889155 -355.889155 -355.889155 -355.889156 -355.889156 -355.889156 -355.889156 -355.889156 -355.889156 -355.889156 -355.889156 -355.889156 -355.889156 -355.889156 -355.889156 -355.889156 -355.889156 -355.889156 -355.889156 -355.889156 -355.889156 -355.889156 -355.889156 -355.889156 -355.889156 -355.889156 -355.889156 -355.889156 -355.889156 -355.889158 -355.889162 -355.889177 -355.889233 -355.889439 -355.890198 -355.892990 -355.903232 -355.940533 -356.074426 -356.541891 -358.098532 -362.932858 -376.743962 -413.600760 -9999.0 -9999.0
-9999.0 -9999.0 2494.011357 2408.773843 2330.885123 2254.192507 2176.217322 2096.428224 2014.935278 1931.987751 1847.835910 1762.695526 1676.741180 1590.118301 1502.943134 1415.300396 1327.251286 1238.839871 1150.097060 1061.042738 971.686269 882.025163 792.043972 701.747904 611.161079 520.302447 429.188172 337.832458 246.247777 154.444930 62.433002 -29.657124 -120.435244 -203.433018 -267.831486 -309.329817 -332.601842 -344.604180 -350.516177 -353.357150 -354.703740 -355.336758 -355.632687 -355.770455 -355.834371 -355.863935 -355.877571 -355.883846 -355.886726 -355.888046 -355.888649 -355.888924 -355.889050 -355.889107 -355.889133 -355.889145 -355.889151 -355.889153 -355.889155 -355.889155 -355.889155 -355.889156 -355.889156 -355.889156 -355.889156 -355.889156 -355.889156 -355.889156 -355.889156 -355.889156 -355.889156 -355.889156 -355.889156 -355.889156 -355.889156 -355.889156 -355.889156 -355.889156 -355.889156 -355.889156 -355.889156 -355.889156 -355.889156 -355.889156 -355.889156 -355.889156 -355.889156 -355.889158 -355.889162 -355.889177 -355.889233 -355.889439 -355.890198 -355.892990 -355.903232 -355.940533 -356.074426 -356.541891 -358.098532 -362.932858 -376.743962 -413.600760 -9999.0 -9999.0
-9999.0 -9999.0 2493.994172 2408.763875 2330.880511 2254.190578 2176.216553 2096.427925 2014.935164 1931.987707 1847.835894 1762.695520 1676.741177 1590.118301 1502.943133 1415.300396 1327.251286 1238.839871 1150.097060 1061.042738 971.686269 882.025163 792.043972 701.747904 611.161079 520.302447 429.188172 337.832458 246.247777 154.444930 62.433002 -29.657124 -120.435244 -203.433018 -267.831486 -309.329817 -332.601842 -344.604180 -350.516177 -353.357150 -354.703740 -355.336758 -355.632688 -355.770455 -355.834371 -355.863935 -355.877572 -355.883846 -355.886726 -355.888046 -355.888649 -355.888924 -355.889050 -355.889107 -355.889133 -355.889145 -355.889151 -355.889153 -355.889155 -355.889155 -355.889155 -355.889156 -355.889156 -355.889156 -355.889156 -355.889156 -355.889156 -355.889156 -355.889156 -355.889156 -355.889156 -355.889156 -355.889156 -355.889156 -355.889156 -355.889156 -355.889156 -355.889156 -355.889156 -355.889156 -355.889156 -355.889156 -355.889156 -355.889156 -355.889156 -355.889156 -355.889157 -355.889158 -355.889162 -355.889177 -355.889233 -355.889439 -355.890198 -355.892990 -355.903232 -355.940533 -356.074426 -356.541891 -358.098532 -362.932858 -376.743963 -413.600760 -9999.0 -9999.0
-9999.0 -9999.0 2493.968206 2408.750144 2330.874750 2254.188350 2176.215714 2096.427610 2014.935046 1931.987663 1847.835877 1762.695513 1676.741175 1590.118300 1502.943133 1415.300396 1327.251286 1238.839871 1150.097060 1061.042739 971.686269 882.025164 792.043972 701.747904 611.161079 520.302447 429.188173 337.832458 246.247777 154.444931 62.433002 -29.657124 -120.435244 -203.433018 -267.831486 -309.329817 -332.601842 -344.604180 -350.516178 -353.357150 -354.703740 -355.336758 -355.632688 -355.770455 -355.834371 -355.863935 -355.877572 -355.883846 -355.886727 -355.888046 -355.888649 -355.888925 -355.889050 -355.889107 -355.889133 -355.889145 -355.889151 -355.889153 -355.889155 -355.889155 -355.889156 -355.889156 -355.889156 -355.889156 -355.889156 -355.889156 -355.889156 -355.889156 -355.889156 -355.889156 -355.889156 -355.889156 -355.889156 -355.889156 -355.889156 -355.889156 -355.889156 -355.889156 -355.889156 -355.889156 -355.889156 -355.889156 -355.889156 -355.889156 -355.889156 -355.889156 -355.889157 -355.889158 -355.889162 -355.889177 -355.889233 -355.889439 -355.890198 -355.892990 -355.903232 -355.940533 -356.074426 -356.541891 -358.098532 -362.932858 -376.743963 -413.600760 -9999.0 -9999.0
-9999.0 -9999.0 -9999.0 -9999.0 -9999.0 -9999.0 -9999.0 -9999.0 -9999.0 -9999.0 -9999.0 -9999.0 -9999.0 -9999.0 -9999.0 -9999.0 -9999.0 -9999.0 -9999.0 -9999.0 -9999.0 -9999.0 -9999.0 -9999.0 -9999.0 -9999.0 -9999.0 -9999.0 -9999.0 -9999.0 -9999.0 -9999.0 -9999.0 -9999.0 -9999.0 -9999.0 -9999.0 -9999.0 -9999.0 -9999.0 -9999.0 -9999.0 -9999.0 -9999.0 -9999.0 -9999.0 -9999.0 -9999.0 -9999.0 -9999.0 -9999.0 -9999.0 -9999.0 -9999.0 -9999.0 -9999.0 -9999.0 -9999.0 -9999.0 -9999.0 -9999.0 -9999.0 -9999.0 -9999.0 -9999.0 -9999.0 -9999.0 -9999.0 -9999.0 -9999.0 -9999.0 -9999.0 -9999.0 -9999.0 -9999.0 -9999.0 -9999.0 -9999.0 -9999.0 -9999.0 -9999.0 -9999.0 -9999.0 -9999.0 -9999.0 -9999.0 -9999.0 -9999.0 -9999.0 -9999.0 -9999.0 -9999.0 -9999.0 -9999.0 -9999.0 -9999.0 -9999.0 -9999.0 -9999.0 -9999.0 -9999.0 -9999.0 -9999.0 -9999.0
-9999.0 -9999.0 -9999.0 -9999.0 -9999.0 -9999.0 -9999.0 -9999.0 -9999.0 -9999.0 -9999.0 -9999.0 -9999.0 -9999.0 -9999.0 -9999.0 -9999.0 -9999.0 -9999.0 -9999.0 -9999.0 -9999.0 -9999.0 -9999.0 -9999.0 -9999.0 -9999.0 -9999.0 -9999.0 -9999.0 -9999.0 -9999.0 -9999.0 -9999.0 -9999.0 -9999.0 -9999.0 -9999.0 -9999.0 -9999.0 -9999.0 -9999.0 -9999.0 -9999.0 -9999.0 -9999.0 -9999.0 -9999.0 -9999.0 -9999.0 -9999.0 -9999.0 -9999.0 -9999.0 -9999.0 -9999.0 -9999.0 -9999.0 -9999.0 -9999.0 -9999.0 -9999.0 -9999.0 -9999.0 -9999.0 -9999.0 -9999.0 -9999.0 -9999.0 -9999.0 -9999.0 -9999.0 -9999.0 -9999.0 -9999.0 -9999.0 -9999.0 -9999.0 -9999.0 -9999.0 -9999.0 -9999.0 -9999.0 -9999.0 -9999.0 -9999.0 -9999.0 -9999.0 -9999.0 -9999.0 -9999.0 -9999.0 -9999.0 -9999.0 -9999.0 -9999.0 -9999.0 -9999.0 -9999.0 -9999.0 -9999.0 -9999.0 -9999.0 -9999.0