examples/3D/hillslope01/output-maps-SE27XX/psiliqL0038N0001.asc
ncols         104
nrows         10
xllcorner     -2.000000
yllcorner     0.000000
cellsize      1.000000
NODATA_value  -9999.0
-9999.0 -9999.0 -9999.0 -9999.0 -9999.0 -9999.0 -9999.0 -9999.0 -9999.0 -9999.0 -9999.0 -9999.0 -9999.0 -9999.0 -9999.0 -9999.0 -9999.0 -9999.0 -9999.0 -9999.0 -9999.0 -9999.0 -9999.0 -9999.0 -9999.0 -9999.0 -9999.0 -9999.0 -9999.0 -9999.0 -9999.0 -9999.0 -9999.0 -9999.0 -9999.0 -9999.0 -9999.0 -9999.0 -9999.0 -9999.0 -9999.0 -9999.0 -9999.0 -9999.0 -9999.0 -9999.0 -9999.0 -9999.0 -9999.0 -9999.0 -9999.0 -9999.0 -9999.0 -9999.0 -9999.0 -9999.0 -9999.0 -9999.0 -9999.0 -9999.0 -9999.0 -9999.0 -9999.0 -9999.0 -9999.0 -9999.0 -9999.0 -9999.0 -9999.0 -9999.0 -9999.0 -9999.0 -9999.0 -9999.0 -9999.0 -9999.0 -9999.0 -9999.0 -9999.0 -9999.0 -9999.0 -9999.0 -9999.0 -9999.0 -9999.0 -9999.0 -9999.0 -9999.0 -9999.0 -9999.0 -9999.0 -9999.0 -9999.0 -9999.0 -9999.0 -9999.0 -9999.0 -9999.0 -9999.0 -9999.0 -9999.0 -9999.0 -9999.0 -9999.0
-9999.0 -9999.0 -9999.0 -9999.0 -9999.0 -9999.0 -9999.0 -9999.0 -9999.0 -9999.0 -9999.0 -9999.0 -9999.0 -9999.0 -9999.0 -9999.0 -9999.0 -9999.0 -9999.0 -9999.0 -9999.0 -9999.0 -9999.0 -9999.0 -9999.0 -9999.0 -9999.0 -9999.0 -9999.0 -9999.0 -9999.0 -9999.0 -9999.0 -9999.0 -9999.0 -9999.0 -9999.0 -9999.0 -9999.0 -9999.0 -9999.0 -9999.0 -9999.0 -9999.0 -9999.0 -9999.0 -9999.0 -9999.0 -9999.0 -9999.0 -9999.0 -9999.0 -9999.0 -9999.0 -9999.0 -9999.0 -9999.0 -9999.0 -9999.0 -9999.0 -9999.0 -9999.0 -9999.0 -9999.0 -9999.0 -9999.0 -9999.0 -9999.0 -9999.0 -9999.0 -9999.0 -9999.0 -9999.0 -9999.0 -9999.0 -9999.0 -9999.0 -9999.0 -9999.0 -9999.0 -9999.0 -9999.0 -9999.0 -9999.0 -9999.0 -9999.0 -9999.0 -9999.0 -9999.0 -9999.0 -9999.0 -9999.0 -9999.0 -9999.0 -9999.0 -9999.0 -9999.0 -9999.0 -9999.0 -9999.0 -9999.0 -9999.0 -9999.0 -9999.0
-9999.0 -9999.0 2401.996298 2301.938538 2201.982986 2102.261946 2002.843566 1903.754380 1804.999622 1706.575032 1608.471156 1510.673669 1413.162182 1315.909846 1218.888093 1122.092150 1025.556754 929.395478 833.870609 739.477594 646.763807 556.231562 468.092180 382.221303 298.356178 216.201737 135.796137 57.234426 -19.511393 -94.841251 -169.502973 -244.276646 -321.087160 -402.233615 -489.160632 -583.075472 -684.130323 -789.327769 -892.873435 -987.215387 -1065.329484 -1124.194687 -1165.557935 -1193.502875 -1212.158029 -1224.854844 -1233.427309 -1237.967962 -1239.490669 -1240.642787 -1241.610581 -1242.447149 -1243.180903 -1243.833492 -1244.421436 -1244.957426 -1245.451425 -1245.911308 -1246.343321 -1246.752495 -1247.142867 -1247.517746 -1247.879757 -1248.231043 -1248.573355 -1248.908075 -1249.236328 -1249.558984 -1249.876722 -1250.190017 -1250.499238 -1250.804669 -1251.106373 -1251.404452 -1251.698841 -1251.989478 -1252.276154 -1252.558735 -1252.836933 -1253.110493 -1253.379123 -1253.642493 -1253.900237 -1254.151945 -1254.397271 -1254.635813 -1254.867213 -1255.090915 -1255.306562 -1255.513689 -1255.711974 -1255.900764 -1256.079694 -1256.248400 -1256.406454 -1256.553479 -1256.689489 -1256.814323 -1256.928341 -1257.039859 -1257.333729 -1262.141408 -9999.0 -9999.0
-9999.0 -9999.0 2401.996298 2301.938538 2201.982986 2102.261946 2002.843566 1903.754380 1804.999622 1706.575032 1608.471156 1510.673669 1413.162182 1315.909846 1218.888093 1122.092150 1025.556754 929.395478 833.870609 739.477594 646.763807 556.231562 468.092180 382.221303 298.356178 216.201737 135.796137 57.234426 -19.511393 -94.841251 -169.502972 -244.276646 -321.087160 -402.233615 -489.160632 -583.075472 -684.130323 -789.327769 -892.873435 -987.215387 -1065.329484 -1124.194687 -1165.557935 -1193.502875 -1212.158029 -1224.854844 -1233.427309 -1237.967962 -1239.490669 -1240.642787 -1241.610581 -1242.447149 -1243.180903 -1243.833492 -1244.421436 -1244.957426 -1245.451425 -1245.911308 -1246.343321 -1246.752495 -1247.142867 -1247.517746 -1247.879757 -1248.231043 -1248.573355 -1248.908075 -1249.236328 -1249.558984 -1249.876722 -1250.190017 -1250.499238 -1250.804669 -1251.106373 -1251.404452 -1251.698841 -1251.989478 -1252.276154 -1252.558735 -1252.836933 -1253.110493 -1253.379123 -1253.642493 -1253.900237 -1254.151945 -1254.397271 -1254.635813 -1254.867213 -1255.090915 -1255.306562 -1255.513689 -1255.711974 -1255.900764 -1256.079694 -1256.248400 -1256.406454 -1256.553479 -1256.689489 -1256.814323 -1256.928341 -1257.039859 -1257.333729 -1262.141408 -9999.0 -9999.0
-9999.0 -9999.0 2401.996298 2301.938538 2201.982986 2102.261946 2002.843566 1903.754380 1804.999622 1706.575032 1608.471156 1510.673669 1413.162182 1315.909846 1218.888093 1122.092150 1025.556754 929.395478 833.870609 739.477594 646.763807 556.231562 468.092180 382.221303 298.356178 216.201737 135.796137 57.234426 -19.511393 -94.841251 -169.502972 -244.276646 -321.087160 -402.233615 -489.160632 -583.075472 -684.130323 -789.327769 -892.873435 -987.215387 -1065.329484 -1124.194687 -1165.557935 -1193.502875 -1212.158029 -1224.854844 -1233.427309 -1237.967962 -1239.490669 -1240.642787 -1241.610581 -1242.447149 -1243.180903 -1243.833492 -1244.421436 -1244.957426 -1245.451425 -1245.911308 -1246.343321 -1246.752495 -1247.142867 -1247.517746 -1247.879757 -1248.231043 -1248.573355 -1248.908075 -1249.236328 -1249.558984 -1249.876722 -1250.190017 -1250.499238 -1250.804669 -1251.106373 -1251.404452 -1251.698841 -1251.989478 -1252.276154 -1252.558735 -1252.836933 -1253.110493 -1253.379123 -1253.642493 -1253.900237 -1254.151945 -1254.397271 -1254.635813 -1254.867213 -1255.090915 -1255.306562 -1255.513689 -1255.711974 -1255.900764 -1256.079694 -1256.248400 -1256.406454 -1256.553479 -1256.689489 -1256.814323 -1256.928341 -1257.039859 -1257.333729 -1262.141408 -9999.0 -9999.0
-9999.0 -9999.0 2401.996298 2301.938538 2201.982986 2102.261946 2002.843566 1903.754380 1804.999622 1706.575032 1608.471156 1510.673669 1413.162182 1315.909846 1218.888093 1122.092150 1025.556754 929.395478 833.870609 739.477594 646.763807 556.231562 468.092180 382.221303 298.356178 216.201737 135.796137 57.234426 -19.511393 -94.841251 -169.502972 -244.276646 -321.087160 -402.233615 -489.160632 -583.075472 -684.130323 -789.327769 -892.873435 -987.215387 -1065.329484 -1124.194687 -1165.557935 -1193.502875 -1212.158029 -1224.854844 -1233.427309 -1237.967962 -1239.490669 -1240.642787 -1241.610581 -1242.447149 -1243.180903 -1243.833492 -1244.421436 -1244.957426 -1245.451425 -1245.911308 -1246.343321 -1246.752495 -1247.142867 -1247.517746 -1247.879757 -1248.231043 -1248.573355 -1248.908075 -1249.236328 -1249.558984 -1249.876722 -1250.190017 -1250.499238 -1250.804669 -1251.106373 -1251.404452 -1251.698841 -1251.989478 -1252.276154 -1252.558735 -1252.836933 -1253.110493 -1253.379123 -1253.642493 -1253.900237 -1254.151945 -1254.397271 -1254.635813 -1254.867213 -1255.090915 -1255.306562 -1255.513689 -1255.711974 -1255.900764 -1256.079694 -1256.248400 -1256.406454 -1256.553479 -1256.689489 -1256.814323 -1256.928341 -1257.039859 -1257.333729 -1262.141408 -9999.0 -9999.0
-9999.0 -9999.0 2401.996298 2301.938538 2201.982986 2102.261946 2002.843566 1903.754380 1804.999622 1706.575032 1608.471156 1510.673669 1413.162182 1315.909846 1218.888093 1122.092150 1025.556754 929.395478 833.870609 739.477594 646.763807 556.231562 468.092180 382.221303 298.356178 216.201737 135.796137 57.234426 -19.511393 -94.841251 -169.502972 -244.276646 -321.087160 -402.233615 -489.160632 -583.075472 -684.130323 -789.327769 -892.873435 -987.215387 -1065.329484 -1124.194687 -1165.557935 -1193.502875 -1212.158029 -1224.854844 -1233.427309 -1237.967962 -1239.490669 -1240.642787 -1241.610581 -1242.447149 -1243.180903 -1243.833492 -1244.421436 -1244.957426 -1245.451425 -1245.911308 -1246.343321 -1246.752495 -1247.142867 -1247.517746 -1247.879757 -1248.231043 -1248.573355 -1248.908075 -1249.236328 -1249.558984 -1249.876722 -1250.190017 -1250.499238 -1250.804669 -1251.106373 -1251.404452 -1251.698841 -1251.989478 -1252.276154 -1252.558735 -1252.836933 -1253.110493 -1253.379123 -1253.642493 -1253.900237 -1254.151945 -1254.397271 -1254.635813 -1254.867213 -1255.090915 -1255.306562 -1255.513689 -1255.711974 -1255.900764 -1256.079694 -1256.248400 -1256.406454 -1256.553479 -1256.689489 -1256.814323 -1256.928341 -1257.039859 -1257.333729 -1262.141408 -9999.0 -9999.0
-9999.0 -9999.0 2401.996298 2301.938538 2201.982986 2102.261946 2002.843566 1903.754380 1804.999622 1706.575032 1608.471156 1510.673669 1413.162182 1315.909846 1218.888093 1122.092150 1025.556754 929.395478 833.870609 739.477594 646.763807 556.231562 468.092180 382.221303 298.356178 216.201737 135.796137 57.234426 -19.511393 -94.841251 -169.502973 -244.276646 -321.087160 -402.233615 -489.160632 -583.075472 -684.130323 -789.327769 -892.873435 -987.215387 -1065.329484 -1124.194687 -1165.557935 -1193.502875 -1212.158029 -1224.854844 -1233.427309 -1237.967962 -1239.490669 -1240.642787 -1241.610581 -1242.447149 -1243.180903 -1243.833492 -1244.421436 -1244.957426 -1245.451425 -1245.911308 -1246.343321 -1246.752495 -1247.142867 -1247.517746 -1247.879757 -1248.231043 -1248.573355 -1248.908075 -1249.236328 -1249.558984 -1249.876722 -1250.190017 -1250.499238 -1250.804669 -1251.106373 -1251.404452 -1251.698841 -1251.989478 -1252.276154 -1252.558735 -1252.836933 -1253.110493 -1253.379123 -1253.642493 -1253.900237 -1254.151945 -1254.397271 -1254.635813 -1254.867213 -1255.090915 -1255.306562 -1255.513689 -1255.711974 -1255.900764 -1256.079694 -1256.248400 -1256.406454 -1256.553479 -1256.689489 -1256.814323 -1256.928341 -1257.039859 -1257.333729 -1262.141408 -9999.0 -9999.0
-9999.0 -9999.0 -9999.0 -9999.0 -9999.0 -9999.0 -9999.0 -9999.0 -9999.0 -9999.0 -9999.0 -9999.0 -9999.0 -9999.0 -9999.0 -9999.0 -9999.0 -9999.0 -9999.0 -9999.0 -9999.0 -9999.0 -9999.0 -9999.0 -9999.0 -9999.0 -9999.0 -9999.0 -9999.0 -9999.0 -9999.0 -9999.0 -9999.0 -9999.0 -9999.0 -9999.0 -9999.0 -9999.0 -9999.0 -9999.0 -9999.0 -9999.0 -9999.0 -9999.0 -9999.0 -9999.0 -9999.0 -9999.0 -9999.0 -9999.0 -9999.0 -9999.0 -9999.0 -9999.0 -9999.0 -9999.0 -9999.0 -9999.0 -9999.0 -9999.0 -9999.0 -9999.0 -9999.0 -9999.0 -9999.0 -9999.0 -9999.0 -9999.0 -9999.0 -9999.0 -9999.0 -9999.0 -9999.0 -9999.0 -9999.0 -9999.0 -9999.0 -9999.0 -9999.0 -9999.0 -9999.0 -9999.0 -9999.0 -9999.0 -9999.0 -9999.0 -9999.0 -9999.0 -9999.0 -9999.0 -9999.0 -9999.0 -9999.0 -9999.0 -9999.0 -9999.0 -9999.0 -9999.0 -9999.0 -9999.0 -9999.0 -9999.0 -9999.0 -9999.0
-9999.0 -9999.0 -9999.0 -9999.0 -9999.0 -9999.0 -9999.0 -9999.0 -9999.0 -9999.0 -9999.0 -9999.0 -9999.0 -9999.0 -9999.0 -9999.0 -9999.0 -9999.0 -9999.0 -9999.0 -9999.0 -9999.0 -9999.0 -9999.0 -9999.0 -9999.0 -9999.0 -9999.0 -9999.0 -9999.0 -9999.0 -9999.0 -9999.0 -9999.0 -9999.0 -9999.0 -9999.0 -9999.0 -9999.0 -9999.0 -9999.0 -9999.0 -9999.0 -9999.0 -9999.0 -9999.0 -9999.0 -9999.0 -9999.0 -9999.0 -9999.0 -9999.0 -9999.0 -9999.0 -9999.0 -9999.0 -9999.0 -9999.0 -9999.0 -9999.0 -9999.0 -9999.0 -9999.0 -9999.0 -9999.0 -9999.0 -9999.0 -9999.0 -9999.0 -9999.0 -9999.0 -9999.0 -9999.0 -9999.0 -9999.0 -9999.0 -9999.0 -9999.0 -9999.0 -9999.0 -9999.0 -9999.0 -9999.0 -9999.0 -9999.0 -9999.0 -9999.0 -9999.0 -9999.0 -9999.0 -9999.0 -9999.0 -9999.0 -9999.0 -9999.0 -9999.0 -9999.0 -9999.0 -9999.0 -9999.0 -9999.0 -9999.0 -9999.0 -9999.0