examples/3D/hillslope01/output-maps-SE27XX/psiliqL0014N0003.asc
ncols         104
nrows         10
xllcorner     -2.000000
yllcorner     0.000000
cellsize      1.000000
NODATA_value  -9999.0
-9999.0 -9999.0 -9999.0 -9999.0 -9999.0 -9999.0 -9999.0 -9999.0 -9999.0 -9999.0 -9999.0 -9999.0 -9999.0 -9999.0 -9999.0 -9999.0 -9999.0 -9999.0 -9999.0 -9999.0 -9999.0 -9999.0 -9999.0 -9999.0 -9999.0 -9999.0 -9999.0 -9999.0 -9999.0 -9999.0 -9999.0 -9999.0 -9999.0 -9999.0 -9999.0 -9999.0 -9999.0 -9999.0 -9999.0 -9999.0 -9999.0 -9999.0 -9999.0 -9999.0 -9999.0 -9999.0 -9999.0 -9999.0 -9999.0 -9999.0 -9999.0 -9999.0 -9999.0 -9999.0 -9999.0 -9999.0 -9999.0 -9999.0 -9999.0 -9999.0 -9999.0 -9999.0 -9999.0 -9999.0 -9999.0 -9999.0 -9999.0 -9999.0 -9999.0 -9999.0 -9999.0 -9999.0 -9999.0 -9999.0 -9999.0 -9999.0 -9999.0 -9999.0 -9999.0 -9999.0 -9999.0 -9999.0 -9999.0 -9999.0 -9999.0 -9999.0 -9999.0 -9999.0 -9999.0 -9999.0 -9999.0 -9999.0 -9999.0 -9999.0 -9999.0 -9999.0 -9999.0 -9999.0 -9999.0 -9999.0 -9999.0 -9999.0 -9999.0 -9999.0
-9999.0 -9999.0 -9999.0 -9999.0 -9999.0 -9999.0 -9999.0 -9999.0 -9999.0 -9999.0 -9999.0 -9999.0 -9999.0 -9999.0 -9999.0 -9999.0 -9999.0 -9999.0 -9999.0 -9999.0 -9999.0 -9999.0 -9999.0 -9999.0 -9999.0 -9999.0 -9999.0 -9999.0 -9999.0 -9999.0 -9999.0 -9999.0 -9999.0 -9999.0 -9999.0 -9999.0 -9999.0 -9999.0 -9999.0 -9999.0 -9999.0 -9999.0 -9999.0 -9999.0 -9999.0 -9999.0 -9999.0 -9999.0 -9999.0 -9999.0 -9999.0 -9999.0 -9999.0 -9999.0 -9999.0 -9999.0 -9999.0 -9999.0 -9999.0 -9999.0 -9999.0 -9999.0 -9999.0 -9999.0 -9999.0 -9999.0 -9999.0 -9999.0 -9999.0 -9999.0 -9999.0 -9999.0 -9999.0 -9999.0 -9999.0 -9999.0 -9999.0 -9999.0 -9999.0 -9999.0 -9999.0 -9999.0 -9999.0 -9999.0 -9999.0 -9999.0 -9999.0 -9999.0 -9999.0 -9999.0 -9999.0 -9999.0 -9999.0 -9999.0 -9999.0 -9999.0 -9999.0 -9999.0 -9999.0 -9999.0 -9999.0 -9999.0 -9999.0 -9999.0
-9999.0 -9999.0 1448.665140 1375.036551 1305.036605 1231.600288 1154.637107 1075.084708 993.748685 911.282967 828.059280 744.319597 660.228959 575.896652 491.386644 406.858327 322.390910 237.992603 153.664216 69.397494 -14.832466 -99.010302 -182.409956 -264.160729 -342.332808 -413.986863 -475.865266 -525.706390 -563.062302 -589.443115 -607.223974 -618.793707 -626.129878 -630.690348 -633.479851 -635.169035 -636.183532 -636.788355 -637.146499 -637.357032 -637.479862 -637.551163 -637.592335 -637.615978 -637.629478 -637.637141 -637.641457 -637.643876 -637.645224 -637.645971 -637.646383 -637.646608 -637.646731 -637.646797 -637.646832 -637.646851 -637.646862 -637.646867 -637.646870 -637.646871 -637.646872 -637.646872 -637.646872 -637.646873 -637.646873 -637.646873 -637.646873 -637.646873 -637.646873 -637.646873 -637.646873 -637.646873 -637.646873 -637.646873 -637.646873 -637.646873 -637.646873 -637.646873 -637.646873 -637.646873 -637.646873 -637.646873 -637.646873 -637.646873 -637.646873 -637.646873 -637.646873 -637.646873 -637.646873 -637.646875 -637.646880 -637.646900 -637.646973 -637.647241 -637.648224 -637.651801 -637.664710 -637.710934 -637.877157 -638.500992 -641.111360 -654.033259 -9999.0 -9999.0
-9999.0 -9999.0 1448.755774 1375.068288 1305.046606 1231.603567 1154.638229 1075.085102 993.748826 911.283019 828.059299 744.319604 660.228962 575.896653 491.386645 406.858327 322.390911 237.992604 153.664216 69.397494 -14.832466 -99.010302 -182.409955 -264.160729 -342.332808 -413.986863 -475.865266 -525.706390 -563.062302 -589.443115 -607.223974 -618.793707 -626.129878 -630.690348 -633.479851 -635.169035 -636.183532 -636.788355 -637.146499 -637.357032 -637.479862 -637.551163 -637.592335 -637.615978 -637.629478 -637.637141 -637.641457 -637.643876 -637.645224 -637.645971 -637.646383 -637.646608 -637.646731 -637.646797 -637.646832 -637.646851 -637.646862 -637.646867 -637.646870 -637.646871 -637.646872 -637.646872 -637.646872 -637.646873 -637.646873 -637.646873 -637.646873 -637.646873 -637.646873 -637.646873 -637.646873 -637.646873 -637.646873 -637.646873 -637.646873 -637.646873 -637.646873 -637.646873 -637.646873 -637.646873 -637.646873 -637.646873 -637.646873 -637.646873 -637.646873 -637.646873 -637.646873 -637.646873 -637.646873 -637.646875 -637.646880 -637.646900 -637.646973 -637.647241 -637.648224 -637.651801 -637.664710 -637.710934 -637.877157 -638.500992 -641.111360 -654.033259 -9999.0 -9999.0
-9999.0 -9999.0 1448.794300 1375.085344 1305.053367 1231.606175 1154.639214 1075.085469 993.748962 911.283068 828.059317 744.319610 660.228964 575.896654 491.386645 406.858327 322.390911 237.992604 153.664216 69.397494 -14.832466 -99.010302 -182.409955 -264.160729 -342.332808 -413.986863 -475.865266 -525.706390 -563.062302 -589.443115 -607.223974 -618.793707 -626.129878 -630.690348 -633.479851 -635.169035 -636.183532 -636.788355 -637.146499 -637.357032 -637.479862 -637.551163 -637.592335 -637.615978 -637.629478 -637.637141 -637.641457 -637.643876 -637.645224 -637.645971 -637.646383 -637.646608 -637.646731 -637.646797 -637.646832 -637.646851 -637.646862 -637.646867 -637.646870 -637.646871 -637.646872 -637.646872 -637.646872 -637.646873 -637.646873 -637.646873 -637.646873 -637.646873 -637.646873 -637.646873 -637.646873 -637.646873 -637.646873 -637.646873 -637.646873 -637.646873 -637.646873 -637.646873 -637.646873 -637.646873 -637.646873 -637.646873 -637.646873 -637.646873 -637.646873 -637.646873 -637.646873 -637.646873 -637.646873 -637.646875 -637.646880 -637.646900 -637.646973 -637.647241 -637.648224 -637.651801 -637.664710 -637.710934 -637.877157 -638.500992 -641.111360 -654.033259 -9999.0 -9999.0
-9999.0 -9999.0 1448.794300 1375.085344 1305.053367 1231.606175 1154.639214 1075.085469 993.748962 911.283069 828.059317 744.319610 660.228964 575.896654 491.386645 406.858327 322.390911 237.992604 153.664216 69.397494 -14.832466 -99.010302 -182.409955 -264.160729 -342.332808 -413.986863 -475.865266 -525.706390 -563.062302 -589.443115 -607.223974 -618.793707 -626.129878 -630.690348 -633.479851 -635.169035 -636.183532 -636.788355 -637.146499 -637.357032 -637.479862 -637.551163 -637.592335 -637.615978 -637.629478 -637.637141 -637.641457 -637.643876 -637.645224 -637.645971 -637.646383 -637.646608 -637.646731 -637.646797 -637.646832 -637.646851 -637.646862 -637.646867 -637.646870 -637.646871 -637.646872 -637.646872 -637.646872 -637.646873 -637.646873 -637.646873 -637.646873 -637.646873 -637.646873 -637.646873 -637.646873 -637.646873 -637.646873 -637.646873 -637.646873 -637.646873 -637.646873 -637.646873 -637.646873 -637.646873 -637.646873 -637.646873 -637.646873 -637.646873 -637.646873 -637.646873 -637.646873 -637.646873 -637.646873 -637.646875 -637.646880 -637.646900 -637.646973 -637.647241 -637.648224 -637.651801 -637.664710 -637.710934 -637.877157 -638.500992 -641.111360 -654.033259 -9999.0 -9999.0
-9999.0 -9999.0 1448.755774 1375.068288 1305.046606 1231.603567 1154.638229 1075.085102 993.748826 911.283019 828.059299 744.319604 660.228962 575.896653 491.386645 406.858327 322.390911 237.992604 153.664216 69.397494 -14.832466 -99.010302 -182.409955 -264.160729 -342.332808 -413.986863 -475.865266 -525.706390 -563.062302 -589.443115 -607.223974 -618.793707 -626.129878 -630.690348 -633.479851 -635.169035 -636.183532 -636.788355 -637.146499 -637.357032 -637.479862 -637.551163 -637.592335 -637.615978 -637.629478 -637.637141 -637.641457 -637.643876 -637.645224 -637.645971 -637.646383 -637.646608 -637.646731 -637.646797 -637.646832 -637.646851 -637.646862 -637.646867 -637.646870 -637.646871 -637.646872 -637.646872 -637.646872 -637.646873 -637.646873 -637.646873 -637.646873 -637.646873 -637.646873 -637.646873 -637.646873 -637.646873 -637.646873 -637.646873 -637.646873 -637.646873 -637.646873 -637.646873 -637.646873 -637.646873 -637.646873 -637.646873 -637.646873 -637.646873 -637.646873 -637.646873 -637.646873 -637.646873 -637.646873 -637.646875 -637.646880 -637.646900 -637.646973 -637.647241 -637.648224 -637.651801 -637.664710 -637.710934 -637.877157 -638.500992 -641.111360 -654.033259 -9999.0 -9999.0
-9999.0 -9999.0 1448.665140 1375.036551 1305.036605 1231.600288 1154.637107 1075.084708 993.748685 911.282967 828.059280 744.319597 660.228959 575.896652 491.386644 406.858327 322.390910 237.992603 153.664216 69.397494 -14.832466 -99.010302 -182.409956 -264.160729 -342.332808 -413.986863 -475.865266 -525.706390 -563.062302 -589.443115 -607.223974 -618.793707 -626.129878 -630.690348 -633.479851 -635.169035 -636.183532 -636.788355 -637.146499 -637.357032 -637.479862 -637.551163 -637.592335 -637.615978 -637.629478 -637.637141 -637.641457 -637.643876 -637.645224 -637.645971 -637.646383 -637.646608 -637.646731 -637.646797 -637.646832 -637.646851 -637.646862 -637.646867 -637.646870 -637.646871 -637.646872 -637.646872 -637.646872 -637.646873 -637.646873 -637.646873 -637.646873 -637.646873 -637.646873 -637.646873 -637.646873 -637.646873 -637.646873 -637.646873 -637.646873 -637.646873 -637.646873 -637.646873 -637.646873 -637.646873 -637.646873 -637.646873 -637.646873 -637.646873 -637.646873 -637.646873 -637.646873 -637.646873 -637.646873 -637.646875 -637.646880 -637.646900 -637.646973 -637.647241 -637.648224 -637.651801 -637.664710 -637.710934 -637.877157 -638.500992 -641.111360 -654.033259 -9999.0 -9999.0
-9999.0 -9999.0 -9999.0 -9999.0 -9999.0 -9999.0 -9999.0 -9999.0 -9999.0 -9999.0 -9999.0 -9999.0 -9999.0 -9999.0 -9999.0 -9999.0 -9999.0 -9999.0 -9999.0 -9999.0 -9999.0 -9999.0 -9999.0 -9999.0 -9999.0 -9999.0 -9999.0 -9999.0 -9999.0 -9999.0 -9999.0 -9999.0 -9999.0 -9999.0 -9999.0 -9999.0 -9999.0 -9999.0 -9999.0 -9999.0 -9999.0 -9999.0 -9999.0 -9999.0 -9999.0 -9999.0 -9999.0 -9999.0 -9999.0 -9999.0 -9999.0 -9999.0 -9999.0 -9999.0 -9999.0 -9999.0 -9999.0 -9999.0 -9999.0 -9999.0 -9999.0 -9999.0 -9999.0 -9999.0 -9999.0 -9999.0 -9999.0 -9999.0 -9999.0 -9999.0 -9999.0 -9999.0 -9999.0 -9999.0 -9999.0 -9999.0 -9999.0 -9999.0 -9999.0 -9999.0 -9999.0 -9999.0 -9999.0 -9999.0 -9999.0 -9999.0 -9999.0 -9999.0 -9999.0 -9999.0 -9999.0 -9999.0 -9999.0 -9999.0 -9999.0 -9999.0 -9999.0 -9999.0 -9999.0 -9999.0 -9999.0 -9999.0 -9999.0 -9999.0
-9999.0 -9999.0 -9999.0 -9999.0 -9999.0 -9999.0 -9999.0 -9999.0 -9999.0 -9999.0 -9999.0 -9999.0 -9999.0 -9999.0 -9999.0 -9999.0 -9999.0 -9999.0 -9999.0 -9999.0 -9999.0 -9999.0 -9999.0 -9999.0 -9999.0 -9999.0 -9999.0 -9999.0 -9999.0 -9999.0 -9999.0 -9999.0 -9999.0 -9999.0 -9999.0 -9999.0 -9999.0 -9999.0 -9999.0 -9999.0 -9999.0 -9999.0 -9999.0 -9999.0 -9999.0 -9999.0 -9999.0 -9999.0 -9999.0 -9999.0 -9999.0 -9999.0 -9999.0 -9999.0 -9999.0 -9999.0 -9999.0 -9999.0 -9999.0 -9999.0 -9999.0 -9999.0 -9999.0 -9999.0 -9999.0 -9999.0 -9999.0 -9999.0 -9999.0 -9999.0 -9999.0 -9999.0 -9999.0 -9999.0 -9999.0 -9999.0 -9999.0 -9999.0 -9999.0 -9999.0 -9999.0 -9999.0 -9999.0 -9999.0 -9999.0 -9999.0 -9999.0 -9999.0 -9999.0 -9999.0 -9999.0 -9999.0 -9999.0 -9999.0 -9999.0 -9999.0 -9999.0 -9999.0 -9999.0 -9999.0 -9999.0 -9999.0 -9999.0 -9999.0