examples/3D/hillslope01/output-maps-SE27XX/psiliqL0086N0002.asc
ncols         104
nrows         10
xllcorner     -2.000000
yllcorner     0.000000
cellsize      1.000000
NODATA_value  -9999.0
-9999.0 -9999.0 -9999.0 -9999.0 -9999.0 -9999.0 -9999.0 -9999.0 -9999.0 -9999.0 -9999.0 -9999.0 -9999.0 -9999.0 -9999.0 -9999.0 -9999.0 -9999.0 -9999.0 -9999.0 -9999.0 -9999.0 -9999.0 -9999.0 -9999.0 -9999.0 -9999.0 -9999.0 -9999.0 -9999.0 -9999.0 -9999.0 -9999.0 -9999.0 -9999.0 -9999.0 -9999.0 -9999.0 -9999.0 -9999.0 -9999.0 -9999.0 -9999.0 -9999.0 -9999.0 -9999.0 -9999.0 -9999.0 -9999.0 -9999.0 -9999.0 -9999.0 -9999.0 -9999.0 -9999.0 -9999.0 -9999.0 -9999.0 -9999.0 -9999.0 -9999.0 -9999.0 -9999.0 -9999.0 -9999.0 -9999.0 -9999.0 -9999.0 -9999.0 -9999.0 -9999.0 -9999.0 -9999.0 -9999.0 -9999.0 -9999.0 -9999.0 -9999.0 -9999.0 -9999.0 -9999.0 -9999.0 -9999.0 -9999.0 -9999.0 -9999.0 -9999.0 -9999.0 -9999.0 -9999.0 -9999.0 -9999.0 -9999.0 -9999.0 -9999.0 -9999.0 -9999.0 -9999.0 -9999.0 -9999.0 -9999.0 -9999.0 -9999.0 -9999.0
-9999.0 -9999.0 -9999.0 -9999.0 -9999.0 -9999.0 -9999.0 -9999.0 -9999.0 -9999.0 -9999.0 -9999.0 -9999.0 -9999.0 -9999.0 -9999.0 -9999.0 -9999.0 -9999.0 -9999.0 -9999.0 -9999.0 -9999.0 -9999.0 -9999.0 -9999.0 -9999.0 -9999.0 -9999.0 -9999.0 -9999.0 -9999.0 -9999.0 -9999.0 -9999.0 -9999.0 -9999.0 -9999.0 -9999.0 -9999.0 -9999.0 -9999.0 -9999.0 -9999.0 -9999.0 -9999.0 -9999.0 -9999.0 -9999.0 -9999.0 -9999.0 -9999.0 -9999.0 -9999.0 -9999.0 -9999.0 -9999.0 -9999.0 -9999.0 -9999.0 -9999.0 -9999.0 -9999.0 -9999.0 -9999.0 -9999.0 -9999.0 -9999.0 -9999.0 -9999.0 -9999.0 -9999.0 -9999.0 -9999.0 -9999.0 -9999.0 -9999.0 -9999.0 -9999.0 -9999.0 -9999.0 -9999.0 -9999.0 -9999.0 -9999.0 -9999.0 -9999.0 -9999.0 -9999.0 -9999.0 -9999.0 -9999.0 -9999.0 -9999.0 -9999.0 -9999.0 -9999.0 -9999.0 -9999.0 -9999.0 -9999.0 -9999.0 -9999.0 -9999.0
-9999.0 -9999.0 8723.348511 8625.751254 8530.404450 8437.037284 8345.312302 8254.876203 8165.397328 8076.586878 7988.206703 7900.068289 7812.027107 7723.975179 7635.833572 7547.545668 7459.071553 7370.383563 7281.462892 7192.297101 7102.878367 7013.202285 6923.267084 6833.073070 6742.622180 6651.917564 6560.963180 6469.763412 6378.322731 6286.645404 6194.735264 6102.595540 6010.228764 5917.636758 5824.820733 5731.781493 5638.519755 5545.036496 5451.333215 5357.412012 5263.275481 5168.926521 5074.368130 4979.603217 4884.634455 4789.464164 4694.094218 4598.525989 4502.760290 4406.797340 4310.636743 4214.277460 4117.717802 4020.955419 3923.987295 3826.809755 3729.418479 3631.808525 3533.974391 3435.910104 3337.609386 3239.065928 3140.273848 3041.228444 2941.927443 2842.373009 2742.574943 2642.555483 2542.355860 2442.045000 2341.728337 2241.551962 2141.699336 2042.376271 1943.776648 1846.051030 1749.286455 1653.507555 1558.691068 1464.784245 1371.717067 1279.407816 1187.767735 1096.726450 1006.224653 916.191017 826.552890 737.229478 648.130396 559.160003 470.216639 381.193535 291.975986 202.507492 112.713066 22.437209 -68.170330 -158.092249 -244.810176 -324.458948 -393.744491 -454.922516 -9999.0 -9999.0
-9999.0 -9999.0 8723.348537 8625.751276 8530.404467 8437.037296 8345.312309 8254.876207 8165.397330 8076.586879 7988.206703 7900.068289 7812.027107 7723.975179 7635.833572 7547.545668 7459.071553 7370.383563 7281.462892 7192.297101 7102.878367 7013.202285 6923.267083 6833.073069 6742.622179 6651.917563 6560.963179 6469.763411 6378.322730 6286.645404 6194.735264 6102.595540 6010.228764 5917.636758 5824.820733 5731.781493 5638.519756 5545.036496 5451.333216 5357.412012 5263.275481 5168.926521 5074.368130 4979.603217 4884.634456 4789.464164 4694.094218 4598.525989 4502.760290 4406.797340 4310.636743 4214.277460 4117.717802 4020.955419 3923.987295 3826.809755 3729.418479 3631.808525 3533.974391 3435.910104 3337.609386 3239.065928 3140.273848 3041.228444 2941.927443 2842.373009 2742.574943 2642.555483 2542.355860 2442.045000 2341.728337 2241.551962 2141.699336 2042.376271 1943.776648 1846.051030 1749.286455 1653.507555 1558.691068 1464.784245 1371.717067 1279.407816 1187.767735 1096.726450 1006.224653 916.191017 826.552890 737.229478 648.130396 559.160003 470.216639 381.193535 291.975986 202.507492 112.713066 22.437209 -68.170330 -158.092249 -244.810176 -324.458948 -393.744491 -454.922516 -9999.0 -9999.0
-9999.0 -9999.0 8723.348562 8625.751298 8530.404485 8437.037307 8345.312317 8254.876212 8165.397333 8076.586881 7988.206704 7900.068290 7812.027108 7723.975179 7635.833572 7547.545668 7459.071553 7370.383563 7281.462892 7192.297101 7102.878366 7013.202284 6923.267083 6833.073069 6742.622179 6651.917563 6560.963179 6469.763411 6378.322730 6286.645404 6194.735264 6102.595540 6010.228764 5917.636758 5824.820733 5731.781493 5638.519756 5545.036496 5451.333216 5357.412013 5263.275481 5168.926521 5074.368130 4979.603217 4884.634456 4789.464164 4694.094218 4598.525989 4502.760290 4406.797340 4310.636743 4214.277460 4117.717802 4020.955419 3923.987295 3826.809756 3729.418479 3631.808525 3533.974391 3435.910104 3337.609386 3239.065928 3140.273848 3041.228444 2941.927443 2842.373009 2742.574943 2642.555483 2542.355860 2442.045000 2341.728337 2241.551962 2141.699336 2042.376271 1943.776648 1846.051030 1749.286455 1653.507555 1558.691068 1464.784245 1371.717067 1279.407816 1187.767735 1096.726450 1006.224653 916.191017 826.552890 737.229478 648.130396 559.160003 470.216639 381.193535 291.975986 202.507492 112.713066 22.437209 -68.170330 -158.092249 -244.810176 -324.458948 -393.744491 -454.922516 -9999.0 -9999.0
-9999.0 -9999.0 8723.348562 8625.751298 8530.404485 8437.037307 8345.312317 8254.876212 8165.397332 8076.586881 7988.206704 7900.068290 7812.027108 7723.975179 7635.833572 7547.545668 7459.071553 7370.383563 7281.462892 7192.297101 7102.878366 7013.202284 6923.267083 6833.073069 6742.622179 6651.917563 6560.963179 6469.763411 6378.322730 6286.645404 6194.735264 6102.595540 6010.228764 5917.636758 5824.820733 5731.781493 5638.519756 5545.036496 5451.333216 5357.412013 5263.275481 5168.926521 5074.368130 4979.603217 4884.634456 4789.464164 4694.094218 4598.525989 4502.760290 4406.797340 4310.636743 4214.277460 4117.717802 4020.955419 3923.987295 3826.809756 3729.418479 3631.808525 3533.974391 3435.910104 3337.609386 3239.065928 3140.273848 3041.228444 2941.927443 2842.373009 2742.574943 2642.555483 2542.355860 2442.045000 2341.728337 2241.551962 2141.699336 2042.376271 1943.776648 1846.051030 1749.286455 1653.507555 1558.691068 1464.784245 1371.717067 1279.407816 1187.767735 1096.726450 1006.224653 916.191017 826.552890 737.229478 648.130396 559.160003 470.216639 381.193535 291.975986 202.507492 112.713066 22.437209 -68.170330 -158.092249 -244.810176 -324.458948 -393.744491 -454.922516 -9999.0 -9999.0
-9999.0 -9999.0 8723.348537 8625.751276 8530.404468 8437.037296 8345.312309 8254.876207 8165.397330 8076.586879 7988.206703 7900.068289 7812.027107 7723.975179 7635.833572 7547.545668 7459.071553 7370.383563 7281.462892 7192.297101 7102.878367 7013.202285 6923.267083 6833.073069 6742.622179 6651.917563 6560.963179 6469.763411 6378.322730 6286.645404 6194.735264 6102.595540 6010.228764 5917.636758 5824.820733 5731.781493 5638.519756 5545.036496 5451.333216 5357.412012 5263.275481 5168.926521 5074.368130 4979.603217 4884.634456 4789.464164 4694.094218 4598.525989 4502.760290 4406.797340 4310.636743 4214.277460 4117.717802 4020.955419 3923.987295 3826.809755 3729.418479 3631.808525 3533.974391 3435.910104 3337.609386 3239.065928 3140.273848 3041.228444 2941.927443 2842.373009 2742.574943 2642.555483 2542.355860 2442.045000 2341.728337 2241.551962 2141.699336 2042.376271 1943.776648 1846.051030 1749.286455 1653.507555 1558.691068 1464.784245 1371.717067 1279.407816 1187.767735 1096.726450 1006.224653 916.191017 826.552890 737.229478 648.130396 559.160003 470.216639 381.193535 291.975986 202.507492 112.713066 22.437209 -68.170330 -158.092249 -244.810176 -324.458948 -393.744491 -454.922516 -9999.0 -9999.0
-9999.0 -9999.0 8723.348511 8625.751254 8530.404450 8437.037284 8345.312302 8254.876203 8165.397328 8076.586878 7988.206703 7900.068289 7812.027107 7723.975179 7635.833572 7547.545668 7459.071553 7370.383563 7281.462892 7192.297101 7102.878367 7013.202285 6923.267084 6833.073070 6742.622180 6651.917564 6560.963180 6469.763412 6378.322731 6286.645404 6194.735264 6102.595540 6010.228764 5917.636758 5824.820733 5731.781493 5638.519755 5545.036496 5451.333215 5357.412012 5263.275481 5168.926521 5074.368130 4979.603217 4884.634455 4789.464164 4694.094218 4598.525989 4502.760290 4406.797340 4310.636743 4214.277460 4117.717802 4020.955419 3923.987295 3826.809755 3729.418479 3631.808525 3533.974391 3435.910104 3337.609386 3239.065928 3140.273848 3041.228444 2941.927443 2842.373009 2742.574943 2642.555483 2542.355860 2442.045000 2341.728337 2241.551962 2141.699336 2042.376271 1943.776648 1846.051030 1749.286455 1653.507555 1558.691068 1464.784245 1371.717067 1279.407816 1187.767735 1096.726450 1006.224653 916.191017 826.552890 737.229478 648.130396 559.160003 470.216639 381.193535 291.975986 202.507492 112.713066 22.437209 -68.170330 -158.092249 -244.810176 -324.458948 -393.744491 -454.922516 -9999.0 -9999.0
-9999.0 -9999.0 -9999.0 -9999.0 -9999.0 -9999.0 -9999.0 -9999.0 -9999.0 -9999.0 -9999.0 -9999.0 -9999.0 -9999.0 -9999.0 -9999.0 -9999.0 -9999.0 -9999.0 -9999.0 -9999.0 -9999.0 -9999.0 -9999.0 -9999.0 -9999.0 -9999.0 -9999.0 -9999.0 -9999.0 -9999.0 -9999.0 -9999.0 -9999.0 -9999.0 -9999.0 -9999.0 -9999.0 -9999.0 -9999.0 -9999.0 -9999.0 -9999.0 -9999.0 -9999.0 -9999.0 -9999.0 -9999.0 -9999.0 -9999.0 -9999.0 -9999.0 -9999.0 -9999.0 -9999.0 -9999.0 -9999.0 -9999.0 -9999.0 -9999.0 -9999.0 -9999.0 -9999.0 -9999.0 -9999.0 -9999.0 -9999.0 -9999.0 -9999.0 -9999.0 -9999.0 -9999.0 -9999.0 -9999.0 -9999.0 -9999.0 -9999.0 -9999.0 -9999.0 -9999.0 -9999.0 -9999.0 -9999.0 -9999.0 -9999.0 -9999.0 -9999.0 -9999.0 -9999.0 -9999.0 -9999.0 -9999.0 -9999.0 -9999.0 -9999.0 -9999.0 -9999.0 -9999.0 -9999.0 -9999.0 -9999.0 -9999.0 -9999.0 -9999.0
-9999.0 -9999.0 -9999.0 -9999.0 -9999.0 -9999.0 -9999.0 -9999.0 -9999.0 -9999.0 -9999.0 -9999.0 -9999.0 -9999.0 -9999.0 -9999.0 -9999.0 -9999.0 -9999.0 -9999.0 -9999.0 -9999.0 -9999.0 -9999.0 -9999.0 -9999.0 -9999.0 -9999.0 -9999.0 -9999.0 -9999.0 -9999.0 -9999.0 -9999.0 -9999.0 -9999.0 -9999.0 -9999.0 -9999.0 -9999.0 -9999.0 -9999.0 -9999.0 -9999.0 -9999.0 -9999.0 -9999.0 -9999.0 -9999.0 -9999.0 -9999.0 -9999.0 -9999.0 -9999.0 -9999.0 -9999.0 -9999.0 -9999.0 -9999.0 -9999.0 -9999.0 -9999.0 -9999.0 -9999.0 -9999.0 -9999.0 -9999.0 -9999.0 -9999.0 -9999.0 -9999.0 -9999.0 -9999.0 -9999.0 -9999.0 -9999.0 -9999.0 -9999.0 -9999.0 -9999.0 -9999.0 -9999.0 -9999.0 -9999.0 -9999.0 -9999.0 -9999.0 -9999.0 -9999.0 -9999.0 -9999.0 -9999.0 -9999.0 -9999.0 -9999.0 -9999.0 -9999.0 -9999.0 -9999.0 -9999.0 -9999.0 -9999.0 -9999.0 -9999.0