examples/3D/hillslope01/output-maps-SE27XX/psiliqL0022N0002.asc
ncols         104
nrows         10
xllcorner     -2.000000
yllcorner     0.000000
cellsize      1.000000
NODATA_value  -9999.0
-9999.0 -9999.0 -9999.0 -9999.0 -9999.0 -9999.0 -9999.0 -9999.0 -9999.0 -9999.0 -9999.0 -9999.0 -9999.0 -9999.0 -9999.0 -9999.0 -9999.0 -9999.0 -9999.0 -9999.0 -9999.0 -9999.0 -9999.0 -9999.0 -9999.0 -9999.0 -9999.0 -9999.0 -9999.0 -9999.0 -9999.0 -9999.0 -9999.0 -9999.0 -9999.0 -9999.0 -9999.0 -9999.0 -9999.0 -9999.0 -9999.0 -9999.0 -9999.0 -9999.0 -9999.0 -9999.0 -9999.0 -9999.0 -9999.0 -9999.0 -9999.0 -9999.0 -9999.0 -9999.0 -9999.0 -9999.0 -9999.0 -9999.0 -9999.0 -9999.0 -9999.0 -9999.0 -9999.0 -9999.0 -9999.0 -9999.0 -9999.0 -9999.0 -9999.0 -9999.0 -9999.0 -9999.0 -9999.0 -9999.0 -9999.0 -9999.0 -9999.0 -9999.0 -9999.0 -9999.0 -9999.0 -9999.0 -9999.0 -9999.0 -9999.0 -9999.0 -9999.0 -9999.0 -9999.0 -9999.0 -9999.0 -9999.0 -9999.0 -9999.0 -9999.0 -9999.0 -9999.0 -9999.0 -9999.0 -9999.0 -9999.0 -9999.0 -9999.0 -9999.0
-9999.0 -9999.0 -9999.0 -9999.0 -9999.0 -9999.0 -9999.0 -9999.0 -9999.0 -9999.0 -9999.0 -9999.0 -9999.0 -9999.0 -9999.0 -9999.0 -9999.0 -9999.0 -9999.0 -9999.0 -9999.0 -9999.0 -9999.0 -9999.0 -9999.0 -9999.0 -9999.0 -9999.0 -9999.0 -9999.0 -9999.0 -9999.0 -9999.0 -9999.0 -9999.0 -9999.0 -9999.0 -9999.0 -9999.0 -9999.0 -9999.0 -9999.0 -9999.0 -9999.0 -9999.0 -9999.0 -9999.0 -9999.0 -9999.0 -9999.0 -9999.0 -9999.0 -9999.0 -9999.0 -9999.0 -9999.0 -9999.0 -9999.0 -9999.0 -9999.0 -9999.0 -9999.0 -9999.0 -9999.0 -9999.0 -9999.0 -9999.0 -9999.0 -9999.0 -9999.0 -9999.0 -9999.0 -9999.0 -9999.0 -9999.0 -9999.0 -9999.0 -9999.0 -9999.0 -9999.0 -9999.0 -9999.0 -9999.0 -9999.0 -9999.0 -9999.0 -9999.0 -9999.0 -9999.0 -9999.0 -9999.0 -9999.0 -9999.0 -9999.0 -9999.0 -9999.0 -9999.0 -9999.0 -9999.0 -9999.0 -9999.0 -9999.0 -9999.0 -9999.0
-9999.0 -9999.0 2288.439411 2205.129614 2129.385282 2054.206765 1977.165805 1897.944315 1816.802292 1734.073596 1650.057612 1565.000012 1479.093147 1392.495841 1305.334028 1217.697609 1129.650904 1041.240049 952.497379 863.443717 774.088811 684.429250 594.443798 504.137732 413.539567 322.669246 231.543521 140.177053 48.582688 -43.013570 -132.746483 -213.291772 -274.294730 -312.915990 -334.392989 -345.447572 -350.900826 -353.529518 -354.780182 -355.370429 -355.647446 -355.776898 -355.837174 -355.865150 -355.878097 -355.884072 -355.886823 -355.888086 -355.888665 -355.888930 -355.889051 -355.889106 -355.889131 -355.889143 -355.889148 -355.889151 -355.889152 -355.889152 -355.889152 -355.889153 -355.889153 -355.889153 -355.889153 -355.889153 -355.889153 -355.889153 -355.889153 -355.889153 -355.889153 -355.889153 -355.889153 -355.889153 -355.889153 -355.889153 -355.889153 -355.889153 -355.889153 -355.889153 -355.889153 -355.889153 -355.889153 -355.889153 -355.889153 -355.889153 -355.889153 -355.889153 -355.889153 -355.889154 -355.889158 -355.889172 -355.889222 -355.889410 -355.890099 -355.892639 -355.901963 -355.936010 -356.058800 -356.490995 -357.947996 -362.546831 -375.927135 -412.254594 -9999.0 -9999.0
-9999.0 -9999.0 2288.473119 2205.146405 2129.391980 2054.209267 1977.166727 1897.944656 1816.802418 1734.073643 1650.057630 1565.000019 1479.093149 1392.495842 1305.334028 1217.697609 1129.650904 1041.240049 952.497379 863.443717 774.088810 684.429250 594.443798 504.137732 413.539567 322.669245 231.543521 140.177052 48.582688 -43.013570 -132.746483 -213.291772 -274.294730 -312.915989 -334.392989 -345.447572 -350.900826 -353.529518 -354.780182 -355.370429 -355.647446 -355.776898 -355.837174 -355.865150 -355.878097 -355.884072 -355.886823 -355.888086 -355.888665 -355.888930 -355.889051 -355.889106 -355.889131 -355.889143 -355.889148 -355.889150 -355.889152 -355.889152 -355.889152 -355.889152 -355.889153 -355.889153 -355.889153 -355.889153 -355.889153 -355.889153 -355.889153 -355.889153 -355.889153 -355.889153 -355.889153 -355.889153 -355.889153 -355.889153 -355.889153 -355.889153 -355.889153 -355.889153 -355.889153 -355.889153 -355.889153 -355.889153 -355.889153 -355.889153 -355.889153 -355.889153 -355.889153 -355.889154 -355.889158 -355.889172 -355.889222 -355.889410 -355.890099 -355.892639 -355.901963 -355.936010 -356.058800 -356.490995 -357.947996 -362.546831 -375.927135 -412.254593 -9999.0 -9999.0
-9999.0 -9999.0 2288.494059 2205.158056 2129.397195 2054.211401 1977.167565 1897.944977 1816.802540 1734.073689 1650.057647 1565.000025 1479.093152 1392.495843 1305.334029 1217.697609 1129.650904 1041.240049 952.497379 863.443716 774.088810 684.429250 594.443798 504.137732 413.539567 322.669245 231.543521 140.177052 48.582688 -43.013570 -132.746483 -213.291772 -274.294730 -312.915989 -334.392989 -345.447572 -350.900826 -353.529518 -354.780182 -355.370429 -355.647446 -355.776898 -355.837174 -355.865150 -355.878097 -355.884072 -355.886823 -355.888086 -355.888665 -355.888930 -355.889051 -355.889106 -355.889131 -355.889143 -355.889148 -355.889150 -355.889152 -355.889152 -355.889152 -355.889152 -355.889152 -355.889153 -355.889153 -355.889153 -355.889153 -355.889153 -355.889153 -355.889153 -355.889153 -355.889153 -355.889153 -355.889153 -355.889153 -355.889153 -355.889153 -355.889153 -355.889153 -355.889153 -355.889153 -355.889153 -355.889153 -355.889153 -355.889153 -355.889153 -355.889153 -355.889153 -355.889153 -355.889154 -355.889158 -355.889172 -355.889222 -355.889410 -355.890099 -355.892639 -355.901963 -355.936010 -356.058800 -356.490995 -357.947996 -362.546831 -375.927134 -412.254594 -9999.0 -9999.0
-9999.0 -9999.0 2288.494059 2205.158056 2129.397195 2054.211401 1977.167565 1897.944977 1816.802540 1734.073689 1650.057647 1565.000025 1479.093152 1392.495843 1305.334029 1217.697609 1129.650904 1041.240049 952.497379 863.443716 774.088810 684.429250 594.443798 504.137732 413.539567 322.669245 231.543521 140.177052 48.582688 -43.013570 -132.746483 -213.291772 -274.294730 -312.915989 -334.392989 -345.447572 -350.900826 -353.529518 -354.780182 -355.370429 -355.647446 -355.776898 -355.837174 -355.865150 -355.878097 -355.884072 -355.886823 -355.888086 -355.888665 -355.888930 -355.889051 -355.889106 -355.889131 -355.889143 -355.889148 -355.889150 -355.889152 -355.889152 -355.889152 -355.889152 -355.889152 -355.889153 -355.889153 -355.889153 -355.889153 -355.889153 -355.889153 -355.889153 -355.889153 -355.889153 -355.889153 -355.889153 -355.889153 -355.889153 -355.889153 -355.889153 -355.889153 -355.889153 -355.889153 -355.889153 -355.889153 -355.889153 -355.889153 -355.889153 -355.889153 -355.889153 -355.889153 -355.889154 -355.889158 -355.889172 -355.889222 -355.889410 -355.890099 -355.892639 -355.901963 -355.936010 -356.058800 -356.490995 -357.947996 -362.546831 -375.927134 -412.254594 -9999.0 -9999.0
-9999.0 -9999.0 2288.473120 2205.146405 2129.391980 2054.209267 1977.166727 1897.944656 1816.802418 1734.073643 1650.057630 1565.000019 1479.093149 1392.495842 1305.334028 1217.697609 1129.650904 1041.240049 952.497379 863.443717 774.088810 684.429250 594.443798 504.137732 413.539567 322.669245 231.543521 140.177052 48.582688 -43.013570 -132.746483 -213.291772 -274.294730 -312.915989 -334.392989 -345.447572 -350.900826 -353.529518 -354.780182 -355.370429 -355.647446 -355.776898 -355.837174 -355.865150 -355.878097 -355.884072 -355.886823 -355.888086 -355.888665 -355.888930 -355.889051 -355.889106 -355.889131 -355.889143 -355.889148 -355.889150 -355.889152 -355.889152 -355.889152 -355.889152 -355.889153 -355.889153 -355.889153 -355.889153 -355.889153 -355.889153 -355.889153 -355.889153 -355.889153 -355.889153 -355.889153 -355.889153 -355.889153 -355.889153 -355.889153 -355.889153 -355.889153 -355.889153 -355.889153 -355.889153 -355.889153 -355.889153 -355.889153 -355.889153 -355.889153 -355.889153 -355.889153 -355.889154 -355.889158 -355.889172 -355.889222 -355.889410 -355.890099 -355.892639 -355.901963 -355.936010 -356.058800 -356.490995 -357.947996 -362.546831 -375.927135 -412.254593 -9999.0 -9999.0
-9999.0 -9999.0 2288.439411 2205.129614 2129.385282 2054.206765 1977.165805 1897.944315 1816.802292 1734.073596 1650.057612 1565.000012 1479.093147 1392.495841 1305.334028 1217.697609 1129.650904 1041.240049 952.497379 863.443717 774.088811 684.429250 594.443798 504.137732 413.539567 322.669246 231.543521 140.177053 48.582688 -43.013570 -132.746483 -213.291772 -274.294730 -312.915990 -334.392989 -345.447572 -350.900826 -353.529518 -354.780182 -355.370429 -355.647446 -355.776898 -355.837174 -355.865150 -355.878097 -355.884072 -355.886823 -355.888086 -355.888665 -355.888930 -355.889051 -355.889106 -355.889131 -355.889143 -355.889148 -355.889151 -355.889152 -355.889152 -355.889152 -355.889153 -355.889153 -355.889153 -355.889153 -355.889153 -355.889153 -355.889153 -355.889153 -355.889153 -355.889153 -355.889153 -355.889153 -355.889153 -355.889153 -355.889153 -355.889153 -355.889153 -355.889153 -355.889153 -355.889153 -355.889153 -355.889153 -355.889153 -355.889153 -355.889153 -355.889153 -355.889153 -355.889153 -355.889154 -355.889158 -355.889172 -355.889222 -355.889410 -355.890099 -355.892639 -355.901963 -355.936010 -356.058800 -356.490995 -357.947996 -362.546831 -375.927135 -412.254594 -9999.0 -9999.0
-9999.0 -9999.0 -9999.0 -9999.0 -9999.0 -9999.0 -9999.0 -9999.0 -9999.0 -9999.0 -9999.0 -9999.0 -9999.0 -9999.0 -9999.0 -9999.0 -9999.0 -9999.0 -9999.0 -9999.0 -9999.0 -9999.0 -9999.0 -9999.0 -9999.0 -9999.0 -9999.0 -9999.0 -9999.0 -9999.0 -9999.0 -9999.0 -9999.0 -9999.0 -9999.0 -9999.0 -9999.0 -9999.0 -9999.0 -9999.0 -9999.0 -9999.0 -9999.0 -9999.0 -9999.0 -9999.0 -9999.0 -9999.0 -9999.0 -9999.0 -9999.0 -9999.0 -9999.0 -9999.0 -9999.0 -9999.0 -9999.0 -9999.0 -9999.0 -9999.0 -9999.0 -9999.0 -9999.0 -9999.0 -9999.0 -9999.0 -9999.0 -9999.0 -9999.0 -9999.0 -9999.0 -9999.0 -9999.0 -9999.0 -9999.0 -9999.0 -9999.0 -9999.0 -9999.0 -9999.0 -9999.0 -9999.0 -9999.0 -9999.0 -9999.0 -9999.0 -9999.0 -9999.0 -9999.0 -9999.0 -9999.0 -9999.0 -9999.0 -9999.0 -9999.0 -9999.0 -9999.0 -9999.0 -9999.0 -9999.0 -9999.0 -9999.0 -9999.0 -9999.0
-9999.0 -9999.0 -9999.0 -9999.0 -9999.0 -9999.0 -9999.0 -9999.0 -9999.0 -9999.0 -9999.0 -9999.0 -9999.0 -9999.0 -9999.0 -9999.0 -9999.0 -9999.0 -9999.0 -9999.0 -9999.0 -9999.0 -9999.0 -9999.0 -9999.0 -9999.0 -9999.0 -9999.0 -9999.0 -9999.0 -9999.0 -9999.0 -9999.0 -9999.0 -9999.0 -9999.0 -9999.0 -9999.0 -9999.0 -9999.0 -9999.0 -9999.0 -9999.0 -9999.0 -9999.0 -9999.0 -9999.0 -9999.0 -9999.0 -9999.0 -9999.0 -9999.0 -9999.0 -9999.0 -9999.0 -9999.0 -9999.0 -9999.0 -9999.0 -9999.0 -9999.0 -9999.0 -9999.0 -9999.0 -9999.0 -9999.0 -9999.0 -9999.0 -9999.0 -9999.0 -9999.0 -9999.0 -9999.0 -9999.0 -9999.0 -9999.0 -9999.0 -9999.0 -9999.0 -9999.0 -9999.0 -9999.0 -9999.0 -9999.0 -9999.0 -9999.0 -9999.0 -9999.0 -9999.0 -9999.0 -9999.0 -9999.0 -9999.0 -9999.0 -9999.0 -9999.0 -9999.0 -9999.0 -9999.0 -9999.0 -9999.0 -9999.0 -9999.0 -9999.0