examples/3D/hillslope01/output-maps-SE27XX/psiliqL0019N0002.asc
ncols         104
nrows         10
xllcorner     -2.000000
yllcorner     0.000000
cellsize      1.000000
NODATA_value  -9999.0
-9999.0 -9999.0 -9999.0 -9999.0 -9999.0 -9999.0 -9999.0 -9999.0 -9999.0 -9999.0 -9999.0 -9999.0 -9999.0 -9999.0 -9999.0 -9999.0 -9999.0 -9999.0 -9999.0 -9999.0 -9999.0 -9999.0 -9999.0 -9999.0 -9999.0 -9999.0 -9999.0 -9999.0 -9999.0 -9999.0 -9999.0 -9999.0 -9999.0 -9999.0 -9999.0 -9999.0 -9999.0 -9999.0 -9999.0 -9999.0 -9999.0 -9999.0 -9999.0 -9999.0 -9999.0 -9999.0 -9999.0 -9999.0 -9999.0 -9999.0 -9999.0 -9999.0 -9999.0 -9999.0 -9999.0 -9999.0 -9999.0 -9999.0 -9999.0 -9999.0 -9999.0 -9999.0 -9999.0 -9999.0 -9999.0 -9999.0 -9999.0 -9999.0 -9999.0 -9999.0 -9999.0 -9999.0 -9999.0 -9999.0 -9999.0 -9999.0 -9999.0 -9999.0 -9999.0 -9999.0 -9999.0 -9999.0 -9999.0 -9999.0 -9999.0 -9999.0 -9999.0 -9999.0 -9999.0 -9999.0 -9999.0 -9999.0 -9999.0 -9999.0 -9999.0 -9999.0 -9999.0 -9999.0 -9999.0 -9999.0 -9999.0 -9999.0 -9999.0 -9999.0
-9999.0 -9999.0 -9999.0 -9999.0 -9999.0 -9999.0 -9999.0 -9999.0 -9999.0 -9999.0 -9999.0 -9999.0 -9999.0 -9999.0 -9999.0 -9999.0 -9999.0 -9999.0 -9999.0 -9999.0 -9999.0 -9999.0 -9999.0 -9999.0 -9999.0 -9999.0 -9999.0 -9999.0 -9999.0 -9999.0 -9999.0 -9999.0 -9999.0 -9999.0 -9999.0 -9999.0 -9999.0 -9999.0 -9999.0 -9999.0 -9999.0 -9999.0 -9999.0 -9999.0 -9999.0 -9999.0 -9999.0 -9999.0 -9999.0 -9999.0 -9999.0 -9999.0 -9999.0 -9999.0 -9999.0 -9999.0 -9999.0 -9999.0 -9999.0 -9999.0 -9999.0 -9999.0 -9999.0 -9999.0 -9999.0 -9999.0 -9999.0 -9999.0 -9999.0 -9999.0 -9999.0 -9999.0 -9999.0 -9999.0 -9999.0 -9999.0 -9999.0 -9999.0 -9999.0 -9999.0 -9999.0 -9999.0 -9999.0 -9999.0 -9999.0 -9999.0 -9999.0 -9999.0 -9999.0 -9999.0 -9999.0 -9999.0 -9999.0 -9999.0 -9999.0 -9999.0 -9999.0 -9999.0 -9999.0 -9999.0 -9999.0 -9999.0 -9999.0 -9999.0
-9999.0 -9999.0 1978.881335 1899.137079 1827.119220 1754.380201 1678.756854 1600.363978 1519.722013 1437.298619 1353.467823 1268.519952 1182.672398 1096.104023 1008.955541 921.323815 833.277287 744.864869 656.120860 567.067462 477.715163 388.059588 298.067354 207.744113 117.127456 26.238356 -64.457373 -152.154035 -228.349243 -283.908001 -318.180557 -337.015366 -346.686424 -351.469321 -353.786118 -354.894834 -355.421306 -355.669907 -355.786773 -355.841501 -355.867040 -355.878920 -355.884430 -355.886978 -355.888153 -355.888694 -355.888942 -355.889056 -355.889108 -355.889131 -355.889142 -355.889147 -355.889149 -355.889150 -355.889151 -355.889151 -355.889151 -355.889151 -355.889151 -355.889151 -355.889151 -355.889151 -355.889151 -355.889151 -355.889151 -355.889151 -355.889151 -355.889151 -355.889151 -355.889151 -355.889151 -355.889151 -355.889151 -355.889151 -355.889151 -355.889151 -355.889151 -355.889151 -355.889151 -355.889151 -355.889151 -355.889151 -355.889151 -355.889151 -355.889151 -355.889151 -355.889152 -355.889152 -355.889156 -355.889168 -355.889212 -355.889374 -355.889971 -355.892173 -355.900267 -355.929915 -356.037504 -356.420436 -357.734521 -361.985431 -374.716367 -410.287916 -9999.0 -9999.0
-9999.0 -9999.0 1978.931657 1899.159602 1827.127490 1754.383132 1678.757900 1600.364357 1519.722152 1437.298670 1353.467842 1268.519959 1182.672400 1096.104024 1008.955542 921.323815 833.277287 744.864869 656.120860 567.067462 477.715163 388.059588 298.067354 207.744113 117.127456 26.238356 -64.457373 -152.154035 -228.349243 -283.908001 -318.180557 -337.015366 -346.686424 -351.469321 -353.786118 -354.894834 -355.421306 -355.669907 -355.786773 -355.841501 -355.867040 -355.878920 -355.884429 -355.886977 -355.888153 -355.888694 -355.888942 -355.889055 -355.889107 -355.889131 -355.889142 -355.889147 -355.889149 -355.889150 -355.889151 -355.889151 -355.889151 -355.889151 -355.889151 -355.889151 -355.889151 -355.889151 -355.889151 -355.889151 -355.889151 -355.889151 -355.889151 -355.889151 -355.889151 -355.889151 -355.889151 -355.889151 -355.889151 -355.889151 -355.889151 -355.889151 -355.889151 -355.889151 -355.889151 -355.889151 -355.889151 -355.889151 -355.889151 -355.889151 -355.889151 -355.889151 -355.889151 -355.889152 -355.889156 -355.889168 -355.889212 -355.889374 -355.889971 -355.892172 -355.900267 -355.929915 -356.037504 -356.420436 -357.734521 -361.985431 -374.716368 -410.287916 -9999.0 -9999.0
-9999.0 -9999.0 1978.959536 1899.174030 1827.133629 1754.385570 1678.758839 1600.364713 1519.722286 1437.298720 1353.467861 1268.519966 1182.672403 1096.104025 1008.955542 921.323815 833.277287 744.864869 656.120860 567.067462 477.715163 388.059587 298.067354 207.744112 117.127456 26.238356 -64.457373 -152.154035 -228.349243 -283.908001 -318.180557 -337.015366 -346.686424 -351.469321 -353.786118 -354.894834 -355.421306 -355.669907 -355.786773 -355.841500 -355.867040 -355.878920 -355.884429 -355.886977 -355.888153 -355.888693 -355.888942 -355.889055 -355.889107 -355.889131 -355.889142 -355.889147 -355.889149 -355.889150 -355.889151 -355.889151 -355.889151 -355.889151 -355.889151 -355.889151 -355.889151 -355.889151 -355.889151 -355.889151 -355.889151 -355.889151 -355.889151 -355.889151 -355.889151 -355.889151 -355.889151 -355.889151 -355.889151 -355.889151 -355.889151 -355.889151 -355.889151 -355.889151 -355.889151 -355.889151 -355.889151 -355.889151 -355.889151 -355.889151 -355.889151 -355.889151 -355.889151 -355.889152 -355.889156 -355.889167 -355.889211 -355.889374 -355.889971 -355.892172 -355.900267 -355.929915 -356.037504 -356.420436 -357.734521 -361.985431 -374.716367 -410.287916 -9999.0 -9999.0
-9999.0 -9999.0 1978.959536 1899.174030 1827.133629 1754.385570 1678.758839 1600.364713 1519.722285 1437.298720 1353.467861 1268.519966 1182.672403 1096.104025 1008.955542 921.323815 833.277287 744.864869 656.120860 567.067462 477.715163 388.059587 298.067354 207.744112 117.127456 26.238356 -64.457373 -152.154035 -228.349243 -283.908001 -318.180557 -337.015366 -346.686424 -351.469321 -353.786118 -354.894834 -355.421306 -355.669907 -355.786773 -355.841500 -355.867040 -355.878920 -355.884429 -355.886977 -355.888153 -355.888693 -355.888942 -355.889055 -355.889107 -355.889131 -355.889142 -355.889147 -355.889149 -355.889150 -355.889151 -355.889151 -355.889151 -355.889151 -355.889151 -355.889151 -355.889151 -355.889151 -355.889151 -355.889151 -355.889151 -355.889151 -355.889151 -355.889151 -355.889151 -355.889151 -355.889151 -355.889151 -355.889151 -355.889151 -355.889151 -355.889151 -355.889151 -355.889151 -355.889151 -355.889151 -355.889151 -355.889151 -355.889151 -355.889151 -355.889151 -355.889151 -355.889151 -355.889152 -355.889156 -355.889167 -355.889211 -355.889374 -355.889971 -355.892172 -355.900267 -355.929915 -356.037504 -356.420436 -357.734521 -361.985431 -374.716367 -410.287916 -9999.0 -9999.0
-9999.0 -9999.0 1978.931657 1899.159602 1827.127490 1754.383132 1678.757901 1600.364357 1519.722152 1437.298670 1353.467842 1268.519959 1182.672400 1096.104024 1008.955542 921.323815 833.277287 744.864869 656.120860 567.067462 477.715163 388.059588 298.067354 207.744113 117.127456 26.238356 -64.457373 -152.154035 -228.349243 -283.908001 -318.180557 -337.015366 -346.686424 -351.469321 -353.786118 -354.894834 -355.421306 -355.669907 -355.786773 -355.841501 -355.867040 -355.878920 -355.884429 -355.886977 -355.888153 -355.888694 -355.888942 -355.889055 -355.889107 -355.889131 -355.889142 -355.889147 -355.889149 -355.889150 -355.889151 -355.889151 -355.889151 -355.889151 -355.889151 -355.889151 -355.889151 -355.889151 -355.889151 -355.889151 -355.889151 -355.889151 -355.889151 -355.889151 -355.889151 -355.889151 -355.889151 -355.889151 -355.889151 -355.889151 -355.889151 -355.889151 -355.889151 -355.889151 -355.889151 -355.889151 -355.889151 -355.889151 -355.889151 -355.889151 -355.889151 -355.889151 -355.889151 -355.889152 -355.889156 -355.889168 -355.889212 -355.889374 -355.889971 -355.892172 -355.900267 -355.929915 -356.037504 -356.420436 -357.734521 -361.985431 -374.716368 -410.287916 -9999.0 -9999.0
-9999.0 -9999.0 1978.881335 1899.137079 1827.119220 1754.380201 1678.756854 1600.363978 1519.722013 1437.298619 1353.467823 1268.519952 1182.672398 1096.104023 1008.955541 921.323815 833.277287 744.864869 656.120860 567.067462 477.715163 388.059588 298.067354 207.744113 117.127456 26.238356 -64.457373 -152.154035 -228.349243 -283.908001 -318.180557 -337.015366 -346.686424 -351.469321 -353.786118 -354.894834 -355.421306 -355.669907 -355.786773 -355.841501 -355.867040 -355.878920 -355.884430 -355.886978 -355.888153 -355.888694 -355.888942 -355.889056 -355.889108 -355.889131 -355.889142 -355.889147 -355.889149 -355.889150 -355.889151 -355.889151 -355.889151 -355.889151 -355.889151 -355.889151 -355.889151 -355.889151 -355.889151 -355.889151 -355.889151 -355.889151 -355.889151 -355.889151 -355.889151 -355.889151 -355.889151 -355.889151 -355.889151 -355.889151 -355.889151 -355.889151 -355.889151 -355.889151 -355.889151 -355.889151 -355.889151 -355.889151 -355.889151 -355.889151 -355.889151 -355.889151 -355.889152 -355.889152 -355.889156 -355.889168 -355.889212 -355.889374 -355.889971 -355.892173 -355.900267 -355.929915 -356.037504 -356.420436 -357.734521 -361.985431 -374.716367 -410.287916 -9999.0 -9999.0
-9999.0 -9999.0 -9999.0 -9999.0 -9999.0 -9999.0 -9999.0 -9999.0 -9999.0 -9999.0 -9999.0 -9999.0 -9999.0 -9999.0 -9999.0 -9999.0 -9999.0 -9999.0 -9999.0 -9999.0 -9999.0 -9999.0 -9999.0 -9999.0 -9999.0 -9999.0 -9999.0 -9999.0 -9999.0 -9999.0 -9999.0 -9999.0 -9999.0 -9999.0 -9999.0 -9999.0 -9999.0 -9999.0 -9999.0 -9999.0 -9999.0 -9999.0 -9999.0 -9999.0 -9999.0 -9999.0 -9999.0 -9999.0 -9999.0 -9999.0 -9999.0 -9999.0 -9999.0 -9999.0 -9999.0 -9999.0 -9999.0 -9999.0 -9999.0 -9999.0 -9999.0 -9999.0 -9999.0 -9999.0 -9999.0 -9999.0 -9999.0 -9999.0 -9999.0 -9999.0 -9999.0 -9999.0 -9999.0 -9999.0 -9999.0 -9999.0 -9999.0 -9999.0 -9999.0 -9999.0 -9999.0 -9999.0 -9999.0 -9999.0 -9999.0 -9999.0 -9999.0 -9999.0 -9999.0 -9999.0 -9999.0 -9999.0 -9999.0 -9999.0 -9999.0 -9999.0 -9999.0 -9999.0 -9999.0 -9999.0 -9999.0 -9999.0 -9999.0 -9999.0
-9999.0 -9999.0 -9999.0 -9999.0 -9999.0 -9999.0 -9999.0 -9999.0 -9999.0 -9999.0 -9999.0 -9999.0 -9999.0 -9999.0 -9999.0 -9999.0 -9999.0 -9999.0 -9999.0 -9999.0 -9999.0 -9999.0 -9999.0 -9999.0 -9999.0 -9999.0 -9999.0 -9999.0 -9999.0 -9999.0 -9999.0 -9999.0 -9999.0 -9999.0 -9999.0 -9999.0 -9999.0 -9999.0 -9999.0 -9999.0 -9999.0 -9999.0 -9999.0 -9999.0 -9999.0 -9999.0 -9999.0 -9999.0 -9999.0 -9999.0 -9999.0 -9999.0 -9999.0 -9999.0 -9999.0 -9999.0 -9999.0 -9999.0 -9999.0 -9999.0 -9999.0 -9999.0 -9999.0 -9999.0 -9999.0 -9999.0 -9999.0 -9999.0 -9999.0 -9999.0 -9999.0 -9999.0 -9999.0 -9999.0 -9999.0 -9999.0 -9999.0 -9999.0 -9999.0 -9999.0 -9999.0 -9999.0 -9999.0 -9999.0 -9999.0 -9999.0 -9999.0 -9999.0 -9999.0 -9999.0 -9999.0 -9999.0 -9999.0 -9999.0 -9999.0 -9999.0 -9999.0 -9999.0 -9999.0 -9999.0 -9999.0 -9999.0 -9999.0 -9999.0