examples/3D/hillslope01/output-maps-SE27XX/psiliqL0077N0001.asc
ncols         104
nrows         10
xllcorner     -2.000000
yllcorner     0.000000
cellsize      1.000000
NODATA_value  -9999.0
-9999.0 -9999.0 -9999.0 -9999.0 -9999.0 -9999.0 -9999.0 -9999.0 -9999.0 -9999.0 -9999.0 -9999.0 -9999.0 -9999.0 -9999.0 -9999.0 -9999.0 -9999.0 -9999.0 -9999.0 -9999.0 -9999.0 -9999.0 -9999.0 -9999.0 -9999.0 -9999.0 -9999.0 -9999.0 -9999.0 -9999.0 -9999.0 -9999.0 -9999.0 -9999.0 -9999.0 -9999.0 -9999.0 -9999.0 -9999.0 -9999.0 -9999.0 -9999.0 -9999.0 -9999.0 -9999.0 -9999.0 -9999.0 -9999.0 -9999.0 -9999.0 -9999.0 -9999.0 -9999.0 -9999.0 -9999.0 -9999.0 -9999.0 -9999.0 -9999.0 -9999.0 -9999.0 -9999.0 -9999.0 -9999.0 -9999.0 -9999.0 -9999.0 -9999.0 -9999.0 -9999.0 -9999.0 -9999.0 -9999.0 -9999.0 -9999.0 -9999.0 -9999.0 -9999.0 -9999.0 -9999.0 -9999.0 -9999.0 -9999.0 -9999.0 -9999.0 -9999.0 -9999.0 -9999.0 -9999.0 -9999.0 -9999.0 -9999.0 -9999.0 -9999.0 -9999.0 -9999.0 -9999.0 -9999.0 -9999.0 -9999.0 -9999.0 -9999.0 -9999.0
-9999.0 -9999.0 -9999.0 -9999.0 -9999.0 -9999.0 -9999.0 -9999.0 -9999.0 -9999.0 -9999.0 -9999.0 -9999.0 -9999.0 -9999.0 -9999.0 -9999.0 -9999.0 -9999.0 -9999.0 -9999.0 -9999.0 -9999.0 -9999.0 -9999.0 -9999.0 -9999.0 -9999.0 -9999.0 -9999.0 -9999.0 -9999.0 -9999.0 -9999.0 -9999.0 -9999.0 -9999.0 -9999.0 -9999.0 -9999.0 -9999.0 -9999.0 -9999.0 -9999.0 -9999.0 -9999.0 -9999.0 -9999.0 -9999.0 -9999.0 -9999.0 -9999.0 -9999.0 -9999.0 -9999.0 -9999.0 -9999.0 -9999.0 -9999.0 -9999.0 -9999.0 -9999.0 -9999.0 -9999.0 -9999.0 -9999.0 -9999.0 -9999.0 -9999.0 -9999.0 -9999.0 -9999.0 -9999.0 -9999.0 -9999.0 -9999.0 -9999.0 -9999.0 -9999.0 -9999.0 -9999.0 -9999.0 -9999.0 -9999.0 -9999.0 -9999.0 -9999.0 -9999.0 -9999.0 -9999.0 -9999.0 -9999.0 -9999.0 -9999.0 -9999.0 -9999.0 -9999.0 -9999.0 -9999.0 -9999.0 -9999.0 -9999.0 -9999.0 -9999.0
-9999.0 -9999.0 6266.806523 6167.029270 6067.486097 5968.196264 5869.182745 5770.469313 5672.079465 5574.036838 5476.366627 5379.097728 5282.265541 5185.915480 5090.107121 4994.918592 4900.450269 4806.826323 4714.192041 4622.705042 4532.520467 4443.773928 4356.567865 4270.966484 4187.000194 4104.675365 4023.983399 3944.905022 3867.412169 3791.471449 3717.048305 3644.105781 3572.603289 3502.499486 3433.753226 3366.319919 3300.154719 3235.214061 3171.449969 3108.815949 3047.263578 2986.742185 2927.210938 2868.618657 2810.917859 2754.056804 2697.981567 2642.644038 2587.984868 2533.961787 2480.510844 2427.601183 2375.166572 2323.174005 2271.556383 2220.282067 2169.283496 2118.531606 2067.957087 2017.534190 1967.191004 1916.905877 1866.603376 1816.266407 1765.815908 1715.238797 1664.453630 1613.448310 1562.143176 1510.520009 1458.509954 1406.075053 1353.174007 1299.725612 1245.744351 1191.068986 1135.820213 1079.735919 1023.027787 965.446702 907.010100 847.704293 787.213748 725.952311 663.515916 599.823365 535.138103 469.008982 401.431621 332.717684 262.384530 190.107677 116.528342 41.256432 -35.773685 -113.059536 -187.659271 -256.164457 -316.177941 -366.257323 -406.945176 -444.395473 -9999.0 -9999.0
-9999.0 -9999.0 6266.806523 6167.029270 6067.486097 5968.196263 5869.182745 5770.469313 5672.079465 5574.036838 5476.366627 5379.097728 5282.265541 5185.915480 5090.107121 4994.918592 4900.450269 4806.826323 4714.192041 4622.705042 4532.520467 4443.773928 4356.567865 4270.966484 4187.000193 4104.675365 4023.983399 3944.905022 3867.412169 3791.471449 3717.048305 3644.105781 3572.603289 3502.499486 3433.753226 3366.319919 3300.154719 3235.214061 3171.449969 3108.815949 3047.263578 2986.742185 2927.210938 2868.618657 2810.917860 2754.056804 2697.981568 2642.644038 2587.984868 2533.961787 2480.510844 2427.601183 2375.166572 2323.174005 2271.556383 2220.282067 2169.283496 2118.531606 2067.957087 2017.534190 1967.191004 1916.905877 1866.603376 1816.266407 1765.815908 1715.238797 1664.453630 1613.448310 1562.143176 1510.520008 1458.509954 1406.075053 1353.174007 1299.725612 1245.744351 1191.068986 1135.820213 1079.735919 1023.027787 965.446703 907.010100 847.704293 787.213748 725.952311 663.515916 599.823365 535.138103 469.008982 401.431621 332.717684 262.384530 190.107677 116.528342 41.256432 -35.773685 -113.059536 -187.659270 -256.164457 -316.177941 -366.257323 -406.945176 -444.395473 -9999.0 -9999.0
-9999.0 -9999.0 6266.806523 6167.029270 6067.486097 5968.196263 5869.182745 5770.469313 5672.079465 5574.036838 5476.366627 5379.097728 5282.265541 5185.915480 5090.107121 4994.918592 4900.450269 4806.826323 4714.192041 4622.705042 4532.520467 4443.773928 4356.567865 4270.966484 4187.000193 4104.675365 4023.983399 3944.905022 3867.412169 3791.471449 3717.048305 3644.105781 3572.603289 3502.499486 3433.753226 3366.319919 3300.154719 3235.214061 3171.449969 3108.815949 3047.263578 2986.742185 2927.210938 2868.618657 2810.917860 2754.056804 2697.981568 2642.644038 2587.984868 2533.961787 2480.510844 2427.601183 2375.166572 2323.174005 2271.556383 2220.282067 2169.283496 2118.531606 2067.957087 2017.534190 1967.191004 1916.905877 1866.603376 1816.266407 1765.815908 1715.238797 1664.453630 1613.448310 1562.143176 1510.520008 1458.509954 1406.075053 1353.174007 1299.725612 1245.744351 1191.068986 1135.820213 1079.735919 1023.027787 965.446703 907.010100 847.704293 787.213748 725.952311 663.515916 599.823365 535.138103 469.008982 401.431621 332.717684 262.384530 190.107677 116.528342 41.256432 -35.773685 -113.059536 -187.659270 -256.164457 -316.177941 -366.257323 -406.945176 -444.395473 -9999.0 -9999.0
-9999.0 -9999.0 6266.806523 6167.029270 6067.486097 5968.196263 5869.182745 5770.469313 5672.079465 5574.036838 5476.366627 5379.097728 5282.265541 5185.915480 5090.107121 4994.918592 4900.450269 4806.826323 4714.192041 4622.705042 4532.520467 4443.773928 4356.567865 4270.966484 4187.000193 4104.675365 4023.983399 3944.905022 3867.412169 3791.471449 3717.048305 3644.105781 3572.603289 3502.499486 3433.753226 3366.319919 3300.154719 3235.214061 3171.449969 3108.815949 3047.263578 2986.742185 2927.210938 2868.618657 2810.917860 2754.056804 2697.981568 2642.644038 2587.984868 2533.961787 2480.510844 2427.601183 2375.166572 2323.174005 2271.556383 2220.282067 2169.283496 2118.531606 2067.957087 2017.534190 1967.191004 1916.905877 1866.603376 1816.266407 1765.815908 1715.238797 1664.453630 1613.448310 1562.143176 1510.520008 1458.509954 1406.075053 1353.174007 1299.725612 1245.744351 1191.068986 1135.820213 1079.735919 1023.027787 965.446703 907.010100 847.704293 787.213748 725.952311 663.515916 599.823365 535.138103 469.008982 401.431621 332.717684 262.384530 190.107677 116.528342 41.256432 -35.773685 -113.059536 -187.659270 -256.164457 -316.177941 -366.257323 -406.945176 -444.395473 -9999.0 -9999.0
-9999.0 -9999.0 6266.806523 6167.029270 6067.486097 5968.196263 5869.182745 5770.469313 5672.079465 5574.036838 5476.366627 5379.097728 5282.265541 5185.915480 5090.107121 4994.918592 4900.450269 4806.826323 4714.192041 4622.705042 4532.520467 4443.773928 4356.567865 4270.966484 4187.000193 4104.675365 4023.983399 3944.905022 3867.412169 3791.471449 3717.048305 3644.105781 3572.603289 3502.499486 3433.753226 3366.319919 3300.154719 3235.214061 3171.449969 3108.815949 3047.263578 2986.742185 2927.210938 2868.618657 2810.917860 2754.056804 2697.981568 2642.644038 2587.984868 2533.961787 2480.510844 2427.601183 2375.166572 2323.174005 2271.556383 2220.282067 2169.283496 2118.531606 2067.957087 2017.534190 1967.191004 1916.905877 1866.603376 1816.266407 1765.815908 1715.238797 1664.453630 1613.448310 1562.143176 1510.520008 1458.509954 1406.075053 1353.174007 1299.725612 1245.744351 1191.068986 1135.820213 1079.735919 1023.027787 965.446703 907.010100 847.704293 787.213748 725.952311 663.515916 599.823365 535.138103 469.008982 401.431621 332.717684 262.384530 190.107677 116.528342 41.256432 -35.773685 -113.059536 -187.659270 -256.164457 -316.177941 -366.257323 -406.945176 -444.395473 -9999.0 -9999.0
-9999.0 -9999.0 6266.806523 6167.029270 6067.486097 5968.196264 5869.182745 5770.469313 5672.079465 5574.036838 5476.366627 5379.097728 5282.265541 5185.915480 5090.107121 4994.918592 4900.450269 4806.826323 4714.192041 4622.705042 4532.520467 4443.773928 4356.567865 4270.966484 4187.000194 4104.675365 4023.983399 3944.905022 3867.412169 3791.471449 3717.048305 3644.105781 3572.603289 3502.499486 3433.753226 3366.319919 3300.154719 3235.214061 3171.449969 3108.815949 3047.263578 2986.742185 2927.210938 2868.618657 2810.917859 2754.056804 2697.981567 2642.644038 2587.984868 2533.961787 2480.510844 2427.601183 2375.166572 2323.174005 2271.556383 2220.282067 2169.283496 2118.531606 2067.957087 2017.534190 1967.191004 1916.905877 1866.603376 1816.266407 1765.815908 1715.238797 1664.453630 1613.448310 1562.143176 1510.520009 1458.509954 1406.075053 1353.174007 1299.725612 1245.744351 1191.068986 1135.820213 1079.735919 1023.027787 965.446702 907.010100 847.704293 787.213748 725.952311 663.515916 599.823365 535.138103 469.008982 401.431621 332.717684 262.384530 190.107677 116.528342 41.256432 -35.773685 -113.059536 -187.659271 -256.164457 -316.177941 -366.257323 -406.945176 -444.395473 -9999.0 -9999.0
-9999.0 -9999.0 -9999.0 -9999.0 -9999.0 -9999.0 -9999.0 -9999.0 -9999.0 -9999.0 -9999.0 -9999.0 -9999.0 -9999.0 -9999.0 -9999.0 -9999.0 -9999.0 -9999.0 -9999.0 -9999.0 -9999.0 -9999.0 -9999.0 -9999.0 -9999.0 -9999.0 -9999.0 -9999.0 -9999.0 -9999.0 -9999.0 -9999.0 -9999.0 -9999.0 -9999.0 -9999.0 -9999.0 -9999.0 -9999.0 -9999.0 -9999.0 -9999.0 -9999.0 -9999.0 -9999.0 -9999.0 -9999.0 -9999.0 -9999.0 -9999.0 -9999.0 -9999.0 -9999.0 -9999.0 -9999.0 -9999.0 -9999.0 -9999.0 -9999.0 -9999.0 -9999.0 -9999.0 -9999.0 -9999.0 -9999.0 -9999.0 -9999.0 -9999.0 -9999.0 -9999.0 -9999.0 -9999.0 -9999.0 -9999.0 -9999.0 -9999.0 -9999.0 -9999.0 -9999.0 -9999.0 -9999.0 -9999.0 -9999.0 -9999.0 -9999.0 -9999.0 -9999.0 -9999.0 -9999.0 -9999.0 -9999.0 -9999.0 -9999.0 -9999.0 -9999.0 -9999.0 -9999.0 -9999.0 -9999.0 -9999.0 -9999.0 -9999.0 -9999.0
-9999.0 -9999.0 -9999.0 -9999.0 -9999.0 -9999.0 -9999.0 -9999.0 -9999.0 -9999.0 -9999.0 -9999.0 -9999.0 -9999.0 -9999.0 -9999.0 -9999.0 -9999.0 -9999.0 -9999.0 -9999.0 -9999.0 -9999.0 -9999.0 -9999.0 -9999.0 -9999.0 -9999.0 -9999.0 -9999.0 -9999.0 -9999.0 -9999.0 -9999.0 -9999.0 -9999.0 -9999.0 -9999.0 -9999.0 -9999.0 -9999.0 -9999.0 -9999.0 -9999.0 -9999.0 -9999.0 -9999.0 -9999.0 -9999.0 -9999.0 -9999.0 -9999.0 -9999.0 -9999.0 -9999.0 -9999.0 -9999.0 -9999.0 -9999.0 -9999.0 -9999.0 -9999.0 -9999.0 -9999.0 -9999.0 -9999.0 -9999.0 -9999.0 -9999.0 -9999.0 -9999.0 -9999.0 -9999.0 -9999.0 -9999.0 -9999.0 -9999.0 -9999.0 -9999.0 -9999.0 -9999.0 -9999.0 -9999.0 -9999.0 -9999.0 -9999.0 -9999.0 -9999.0 -9999.0 -9999.0 -9999.0 -9999.0 -9999.0 -9999.0 -9999.0 -9999.0 -9999.0 -9999.0 -9999.0 -9999.0 -9999.0 -9999.0 -9999.0 -9999.0