examples/3D/hillslope01/output-maps-SE27XX/psiliqL0037N0002.asc
ncols         104
nrows         10
xllcorner     -2.000000
yllcorner     0.000000
cellsize      1.000000
NODATA_value  -9999.0
-9999.0 -9999.0 -9999.0 -9999.0 -9999.0 -9999.0 -9999.0 -9999.0 -9999.0 -9999.0 -9999.0 -9999.0 -9999.0 -9999.0 -9999.0 -9999.0 -9999.0 -9999.0 -9999.0 -9999.0 -9999.0 -9999.0 -9999.0 -9999.0 -9999.0 -9999.0 -9999.0 -9999.0 -9999.0 -9999.0 -9999.0 -9999.0 -9999.0 -9999.0 -9999.0 -9999.0 -9999.0 -9999.0 -9999.0 -9999.0 -9999.0 -9999.0 -9999.0 -9999.0 -9999.0 -9999.0 -9999.0 -9999.0 -9999.0 -9999.0 -9999.0 -9999.0 -9999.0 -9999.0 -9999.0 -9999.0 -9999.0 -9999.0 -9999.0 -9999.0 -9999.0 -9999.0 -9999.0 -9999.0 -9999.0 -9999.0 -9999.0 -9999.0 -9999.0 -9999.0 -9999.0 -9999.0 -9999.0 -9999.0 -9999.0 -9999.0 -9999.0 -9999.0 -9999.0 -9999.0 -9999.0 -9999.0 -9999.0 -9999.0 -9999.0 -9999.0 -9999.0 -9999.0 -9999.0 -9999.0 -9999.0 -9999.0 -9999.0 -9999.0 -9999.0 -9999.0 -9999.0 -9999.0 -9999.0 -9999.0 -9999.0 -9999.0 -9999.0 -9999.0
-9999.0 -9999.0 -9999.0 -9999.0 -9999.0 -9999.0 -9999.0 -9999.0 -9999.0 -9999.0 -9999.0 -9999.0 -9999.0 -9999.0 -9999.0 -9999.0 -9999.0 -9999.0 -9999.0 -9999.0 -9999.0 -9999.0 -9999.0 -9999.0 -9999.0 -9999.0 -9999.0 -9999.0 -9999.0 -9999.0 -9999.0 -9999.0 -9999.0 -9999.0 -9999.0 -9999.0 -9999.0 -9999.0 -9999.0 -9999.0 -9999.0 -9999.0 -9999.0 -9999.0 -9999.0 -9999.0 -9999.0 -9999.0 -9999.0 -9999.0 -9999.0 -9999.0 -9999.0 -9999.0 -9999.0 -9999.0 -9999.0 -9999.0 -9999.0 -9999.0 -9999.0 -9999.0 -9999.0 -9999.0 -9999.0 -9999.0 -9999.0 -9999.0 -9999.0 -9999.0 -9999.0 -9999.0 -9999.0 -9999.0 -9999.0 -9999.0 -9999.0 -9999.0 -9999.0 -9999.0 -9999.0 -9999.0 -9999.0 -9999.0 -9999.0 -9999.0 -9999.0 -9999.0 -9999.0 -9999.0 -9999.0 -9999.0 -9999.0 -9999.0 -9999.0 -9999.0 -9999.0 -9999.0 -9999.0 -9999.0 -9999.0 -9999.0 -9999.0 -9999.0
-9999.0 -9999.0 3818.094455 3725.741206 3638.776058 3554.554770 3471.238808 3387.852359 3303.967383 3219.437458 3134.246403 3048.432641 2962.053465 2875.169464 2787.836224 2700.099977 2611.997110 2523.555183 2434.794117 2345.727103 2256.361306 2166.698953 2076.740423 1986.490997 1895.961601 1805.164568 1714.111920 1622.814806 1531.283269 1439.526069 1347.550518 1255.362266 1162.965017 1070.360080 977.545579 884.514883 791.253794 697.743489 603.991566 510.010029 415.808400 321.394457 226.774688 131.954521 36.938460 -58.035325 -150.477489 -230.776297 -287.987472 -321.841299 -339.575156 -348.259607 -352.367016 -354.275238 -355.153333 -355.555188 -355.738475 -355.821904 -355.859852 -355.877137 -355.885047 -355.888705 -355.890431 -355.891274 -355.891707 -355.891944 -355.892085 -355.892174 -355.892236 -355.892281 -355.892317 -355.892347 -355.892373 -355.892396 -355.892417 -355.892437 -355.892455 -355.892472 -355.892488 -355.892503 -355.892517 -355.892530 -355.892543 -355.892556 -355.892567 -355.892579 -355.892590 -355.892603 -355.892621 -355.892659 -355.892775 -355.893172 -355.894602 -355.899791 -355.918519 -355.985037 -356.214566 -356.971941 -359.327140 -366.249284 -386.925282 -467.956858 -9999.0 -9999.0
-9999.0 -9999.0 3818.099697 3725.744760 3638.777968 3554.555670 3471.239201 3387.852523 3303.967449 3219.437484 3134.246413 3048.432645 2962.053467 2875.169465 2787.836224 2700.099977 2611.997110 2523.555183 2434.794117 2345.727103 2256.361306 2166.698953 2076.740423 1986.490997 1895.961600 1805.164568 1714.111919 1622.814806 1531.283268 1439.526068 1347.550518 1255.362266 1162.965017 1070.360080 977.545579 884.514883 791.253794 697.743489 603.991566 510.010029 415.808400 321.394457 226.774688 131.954521 36.938460 -58.035325 -150.477489 -230.776297 -287.987472 -321.841298 -339.575156 -348.259606 -352.367016 -354.275238 -355.153333 -355.555188 -355.738475 -355.821903 -355.859852 -355.877137 -355.885046 -355.888705 -355.890431 -355.891274 -355.891707 -355.891944 -355.892085 -355.892174 -355.892236 -355.892281 -355.892317 -355.892347 -355.892373 -355.892396 -355.892417 -355.892437 -355.892455 -355.892472 -355.892488 -355.892503 -355.892517 -355.892530 -355.892543 -355.892556 -355.892567 -355.892579 -355.892590 -355.892603 -355.892621 -355.892659 -355.892775 -355.893172 -355.894602 -355.899791 -355.918519 -355.985037 -356.214566 -356.971941 -359.327140 -366.249284 -386.925283 -467.956864 -9999.0 -9999.0
-9999.0 -9999.0 3818.104148 3725.747866 3638.779698 3554.556511 3471.239577 3387.852682 3303.967515 3219.437510 3134.246424 3048.432649 2962.053468 2875.169465 2787.836224 2700.099977 2611.997110 2523.555183 2434.794117 2345.727102 2256.361306 2166.698953 2076.740423 1986.490997 1895.961600 1805.164568 1714.111919 1622.814806 1531.283268 1439.526068 1347.550518 1255.362266 1162.965017 1070.360080 977.545579 884.514883 791.253794 697.743489 603.991566 510.010029 415.808400 321.394457 226.774688 131.954521 36.938460 -58.035325 -150.477489 -230.776297 -287.987472 -321.841298 -339.575156 -348.259606 -352.367016 -354.275238 -355.153333 -355.555188 -355.738475 -355.821903 -355.859852 -355.877137 -355.885046 -355.888705 -355.890431 -355.891274 -355.891707 -355.891944 -355.892084 -355.892174 -355.892236 -355.892281 -355.892317 -355.892347 -355.892373 -355.892396 -355.892417 -355.892437 -355.892455 -355.892472 -355.892487 -355.892502 -355.892517 -355.892530 -355.892543 -355.892556 -355.892567 -355.892579 -355.892590 -355.892603 -355.892621 -355.892659 -355.892775 -355.893172 -355.894602 -355.899791 -355.918519 -355.985037 -356.214566 -356.971941 -359.327140 -366.249284 -386.925283 -467.956869 -9999.0 -9999.0
-9999.0 -9999.0 3818.104148 3725.747866 3638.779698 3554.556511 3471.239577 3387.852682 3303.967515 3219.437510 3134.246424 3048.432649 2962.053468 2875.169465 2787.836224 2700.099977 2611.997110 2523.555183 2434.794117 2345.727102 2256.361306 2166.698953 2076.740423 1986.490997 1895.961600 1805.164568 1714.111919 1622.814806 1531.283268 1439.526068 1347.550518 1255.362266 1162.965017 1070.360080 977.545579 884.514883 791.253794 697.743489 603.991566 510.010029 415.808400 321.394457 226.774688 131.954521 36.938460 -58.035325 -150.477489 -230.776297 -287.987472 -321.841298 -339.575156 -348.259606 -352.367016 -354.275238 -355.153333 -355.555188 -355.738475 -355.821903 -355.859852 -355.877137 -355.885046 -355.888705 -355.890431 -355.891274 -355.891707 -355.891944 -355.892084 -355.892174 -355.892236 -355.892281 -355.892317 -355.892347 -355.892373 -355.892396 -355.892417 -355.892437 -355.892455 -355.892472 -355.892487 -355.892502 -355.892517 -355.892530 -355.892543 -355.892556 -355.892567 -355.892579 -355.892590 -355.892603 -355.892621 -355.892659 -355.892775 -355.893172 -355.894602 -355.899791 -355.918519 -355.985037 -356.214566 -356.971941 -359.327140 -366.249284 -386.925283 -467.956869 -9999.0 -9999.0
-9999.0 -9999.0 3818.099697 3725.744760 3638.777968 3554.555670 3471.239201 3387.852523 3303.967449 3219.437484 3134.246413 3048.432645 2962.053467 2875.169465 2787.836224 2700.099977 2611.997110 2523.555183 2434.794117 2345.727103 2256.361306 2166.698953 2076.740423 1986.490997 1895.961600 1805.164568 1714.111919 1622.814806 1531.283268 1439.526068 1347.550518 1255.362266 1162.965017 1070.360080 977.545579 884.514883 791.253794 697.743489 603.991566 510.010029 415.808400 321.394457 226.774688 131.954521 36.938460 -58.035325 -150.477489 -230.776297 -287.987472 -321.841298 -339.575156 -348.259606 -352.367016 -354.275238 -355.153333 -355.555188 -355.738475 -355.821903 -355.859852 -355.877137 -355.885046 -355.888705 -355.890431 -355.891274 -355.891707 -355.891944 -355.892085 -355.892174 -355.892236 -355.892281 -355.892317 -355.892347 -355.892373 -355.892396 -355.892417 -355.892437 -355.892455 -355.892472 -355.892488 -355.892503 -355.892517 -355.892530 -355.892543 -355.892556 -355.892567 -355.892579 -355.892590 -355.892603 -355.892621 -355.892659 -355.892775 -355.893172 -355.894602 -355.899791 -355.918519 -355.985037 -356.214566 -356.971941 -359.327140 -366.249284 -386.925283 -467.956864 -9999.0 -9999.0
-9999.0 -9999.0 3818.094455 3725.741206 3638.776058 3554.554770 3471.238808 3387.852359 3303.967383 3219.437458 3134.246403 3048.432641 2962.053465 2875.169464 2787.836224 2700.099977 2611.997110 2523.555183 2434.794117 2345.727103 2256.361306 2166.698953 2076.740423 1986.490997 1895.961601 1805.164568 1714.111920 1622.814806 1531.283269 1439.526069 1347.550518 1255.362266 1162.965017 1070.360080 977.545579 884.514883 791.253794 697.743489 603.991566 510.010029 415.808400 321.394457 226.774688 131.954521 36.938460 -58.035325 -150.477489 -230.776297 -287.987472 -321.841299 -339.575156 -348.259607 -352.367016 -354.275238 -355.153333 -355.555188 -355.738475 -355.821904 -355.859852 -355.877137 -355.885047 -355.888705 -355.890431 -355.891274 -355.891707 -355.891944 -355.892085 -355.892174 -355.892236 -355.892281 -355.892317 -355.892347 -355.892373 -355.892396 -355.892417 -355.892437 -355.892455 -355.892472 -355.892488 -355.892503 -355.892517 -355.892530 -355.892543 -355.892556 -355.892567 -355.892579 -355.892590 -355.892603 -355.892621 -355.892659 -355.892775 -355.893172 -355.894602 -355.899791 -355.918519 -355.985037 -356.214566 -356.971941 -359.327140 -366.249284 -386.925282 -467.956858 -9999.0 -9999.0
-9999.0 -9999.0 -9999.0 -9999.0 -9999.0 -9999.0 -9999.0 -9999.0 -9999.0 -9999.0 -9999.0 -9999.0 -9999.0 -9999.0 -9999.0 -9999.0 -9999.0 -9999.0 -9999.0 -9999.0 -9999.0 -9999.0 -9999.0 -9999.0 -9999.0 -9999.0 -9999.0 -9999.0 -9999.0 -9999.0 -9999.0 -9999.0 -9999.0 -9999.0 -9999.0 -9999.0 -9999.0 -9999.0 -9999.0 -9999.0 -9999.0 -9999.0 -9999.0 -9999.0 -9999.0 -9999.0 -9999.0 -9999.0 -9999.0 -9999.0 -9999.0 -9999.0 -9999.0 -9999.0 -9999.0 -9999.0 -9999.0 -9999.0 -9999.0 -9999.0 -9999.0 -9999.0 -9999.0 -9999.0 -9999.0 -9999.0 -9999.0 -9999.0 -9999.0 -9999.0 -9999.0 -9999.0 -9999.0 -9999.0 -9999.0 -9999.0 -9999.0 -9999.0 -9999.0 -9999.0 -9999.0 -9999.0 -9999.0 -9999.0 -9999.0 -9999.0 -9999.0 -9999.0 -9999.0 -9999.0 -9999.0 -9999.0 -9999.0 -9999.0 -9999.0 -9999.0 -9999.0 -9999.0 -9999.0 -9999.0 -9999.0 -9999.0 -9999.0 -9999.0
-9999.0 -9999.0 -9999.0 -9999.0 -9999.0 -9999.0 -9999.0 -9999.0 -9999.0 -9999.0 -9999.0 -9999.0 -9999.0 -9999.0 -9999.0 -9999.0 -9999.0 -9999.0 -9999.0 -9999.0 -9999.0 -9999.0 -9999.0 -9999.0 -9999.0 -9999.0 -9999.0 -9999.0 -9999.0 -9999.0 -9999.0 -9999.0 -9999.0 -9999.0 -9999.0 -9999.0 -9999.0 -9999.0 -9999.0 -9999.0 -9999.0 -9999.0 -9999.0 -9999.0 -9999.0 -9999.0 -9999.0 -9999.0 -9999.0 -9999.0 -9999.0 -9999.0 -9999.0 -9999.0 -9999.0 -9999.0 -9999.0 -9999.0 -9999.0 -9999.0 -9999.0 -9999.0 -9999.0 -9999.0 -9999.0 -9999.0 -9999.0 -9999.0 -9999.0 -9999.0 -9999.0 -9999.0 -9999.0 -9999.0 -9999.0 -9999.0 -9999.0 -9999.0 -9999.0 -9999.0 -9999.0 -9999.0 -9999.0 -9999.0 -9999.0 -9999.0 -9999.0 -9999.0 -9999.0 -9999.0 -9999.0 -9999.0 -9999.0 -9999.0 -9999.0 -9999.0 -9999.0 -9999.0 -9999.0 -9999.0 -9999.0 -9999.0 -9999.0 -9999.0