examples/3D/hillslope01/output-maps-SE27XX/psiliqL0012N0003.asc
ncols         104
nrows         10
xllcorner     -2.000000
yllcorner     0.000000
cellsize      1.000000
NODATA_value  -9999.0
-9999.0 -9999.0 -9999.0 -9999.0 -9999.0 -9999.0 -9999.0 -9999.0 -9999.0 -9999.0 -9999.0 -9999.0 -9999.0 -9999.0 -9999.0 -9999.0 -9999.0 -9999.0 -9999.0 -9999.0 -9999.0 -9999.0 -9999.0 -9999.0 -9999.0 -9999.0 -9999.0 -9999.0 -9999.0 -9999.0 -9999.0 -9999.0 -9999.0 -9999.0 -9999.0 -9999.0 -9999.0 -9999.0 -9999.0 -9999.0 -9999.0 -9999.0 -9999.0 -9999.0 -9999.0 -9999.0 -9999.0 -9999.0 -9999.0 -9999.0 -9999.0 -9999.0 -9999.0 -9999.0 -9999.0 -9999.0 -9999.0 -9999.0 -9999.0 -9999.0 -9999.0 -9999.0 -9999.0 -9999.0 -9999.0 -9999.0 -9999.0 -9999.0 -9999.0 -9999.0 -9999.0 -9999.0 -9999.0 -9999.0 -9999.0 -9999.0 -9999.0 -9999.0 -9999.0 -9999.0 -9999.0 -9999.0 -9999.0 -9999.0 -9999.0 -9999.0 -9999.0 -9999.0 -9999.0 -9999.0 -9999.0 -9999.0 -9999.0 -9999.0 -9999.0 -9999.0 -9999.0 -9999.0 -9999.0 -9999.0 -9999.0 -9999.0 -9999.0 -9999.0
-9999.0 -9999.0 -9999.0 -9999.0 -9999.0 -9999.0 -9999.0 -9999.0 -9999.0 -9999.0 -9999.0 -9999.0 -9999.0 -9999.0 -9999.0 -9999.0 -9999.0 -9999.0 -9999.0 -9999.0 -9999.0 -9999.0 -9999.0 -9999.0 -9999.0 -9999.0 -9999.0 -9999.0 -9999.0 -9999.0 -9999.0 -9999.0 -9999.0 -9999.0 -9999.0 -9999.0 -9999.0 -9999.0 -9999.0 -9999.0 -9999.0 -9999.0 -9999.0 -9999.0 -9999.0 -9999.0 -9999.0 -9999.0 -9999.0 -9999.0 -9999.0 -9999.0 -9999.0 -9999.0 -9999.0 -9999.0 -9999.0 -9999.0 -9999.0 -9999.0 -9999.0 -9999.0 -9999.0 -9999.0 -9999.0 -9999.0 -9999.0 -9999.0 -9999.0 -9999.0 -9999.0 -9999.0 -9999.0 -9999.0 -9999.0 -9999.0 -9999.0 -9999.0 -9999.0 -9999.0 -9999.0 -9999.0 -9999.0 -9999.0 -9999.0 -9999.0 -9999.0 -9999.0 -9999.0 -9999.0 -9999.0 -9999.0 -9999.0 -9999.0 -9999.0 -9999.0 -9999.0 -9999.0 -9999.0 -9999.0 -9999.0 -9999.0 -9999.0 -9999.0
-9999.0 -9999.0 1239.824766 1170.903638 1103.887415 1031.838675 955.542621 876.336498 795.183300 712.837307 629.693912 546.008593 461.954871 377.645662 293.132708 208.606359 124.151001 39.766806 -44.496551 -128.579938 -212.032663 -293.853666 -371.730776 -442.775997 -503.828367 -552.805794 -589.517600 -615.439662 -632.860479 -644.175489 -651.343340 -655.800832 -658.534262 -660.190011 -661.182726 -661.773949 -662.123846 -662.329650 -662.449967 -662.519816 -662.560086 -662.583186 -662.596368 -662.603848 -662.608069 -662.610436 -662.611754 -662.612483 -662.612885 -662.613105 -662.613225 -662.613290 -662.613324 -662.613343 -662.613353 -662.613358 -662.613361 -662.613362 -662.613363 -662.613363 -662.613364 -662.613364 -662.613364 -662.613364 -662.613364 -662.613364 -662.613364 -662.613364 -662.613364 -662.613364 -662.613364 -662.613364 -662.613364 -662.613364 -662.613364 -662.613364 -662.613364 -662.613364 -662.613364 -662.613364 -662.613364 -662.613364 -662.613364 -662.613364 -662.613364 -662.613364 -662.613364 -662.613364 -662.613364 -662.613366 -662.613371 -662.613389 -662.613456 -662.613702 -662.614605 -662.617899 -662.629818 -662.672604 -662.826644 -663.404693 -665.839346 -678.211461 -9999.0 -9999.0
-9999.0 -9999.0 1239.945745 1170.940764 1103.898374 1031.842177 955.543804 876.336910 795.183446 712.837360 629.693931 546.008600 461.954874 377.645663 293.132709 208.606359 124.151002 39.766806 -44.496551 -128.579938 -212.032663 -293.853666 -371.730776 -442.775997 -503.828367 -552.805794 -589.517600 -615.439662 -632.860479 -644.175489 -651.343340 -655.800832 -658.534262 -660.190011 -661.182726 -661.773949 -662.123846 -662.329650 -662.449967 -662.519816 -662.560086 -662.583186 -662.596368 -662.603848 -662.608069 -662.610436 -662.611754 -662.612483 -662.612885 -662.613105 -662.613225 -662.613290 -662.613324 -662.613343 -662.613353 -662.613358 -662.613361 -662.613362 -662.613363 -662.613363 -662.613364 -662.613364 -662.613364 -662.613364 -662.613364 -662.613364 -662.613364 -662.613364 -662.613364 -662.613364 -662.613364 -662.613364 -662.613364 -662.613364 -662.613364 -662.613364 -662.613364 -662.613364 -662.613364 -662.613364 -662.613364 -662.613364 -662.613364 -662.613364 -662.613364 -662.613364 -662.613364 -662.613364 -662.613364 -662.613366 -662.613371 -662.613389 -662.613456 -662.613702 -662.614605 -662.617899 -662.629818 -662.672604 -662.826644 -663.404693 -665.839346 -678.211461 -9999.0 -9999.0
-9999.0 -9999.0 1239.990399 1170.959023 1103.905484 1031.844912 955.544834 876.337291 795.183587 712.837412 629.693950 546.008607 461.954876 377.645664 293.132709 208.606359 124.151002 39.766806 -44.496551 -128.579938 -212.032663 -293.853666 -371.730776 -442.775997 -503.828367 -552.805794 -589.517600 -615.439662 -632.860479 -644.175489 -651.343340 -655.800832 -658.534262 -660.190011 -661.182726 -661.773949 -662.123846 -662.329650 -662.449967 -662.519816 -662.560086 -662.583186 -662.596368 -662.603848 -662.608069 -662.610436 -662.611754 -662.612483 -662.612885 -662.613105 -662.613225 -662.613290 -662.613324 -662.613343 -662.613353 -662.613358 -662.613361 -662.613362 -662.613363 -662.613363 -662.613364 -662.613364 -662.613364 -662.613364 -662.613364 -662.613364 -662.613364 -662.613364 -662.613364 -662.613364 -662.613364 -662.613364 -662.613364 -662.613364 -662.613364 -662.613364 -662.613364 -662.613364 -662.613364 -662.613364 -662.613364 -662.613364 -662.613364 -662.613364 -662.613364 -662.613364 -662.613364 -662.613364 -662.613364 -662.613366 -662.613371 -662.613389 -662.613456 -662.613702 -662.614605 -662.617899 -662.629818 -662.672604 -662.826644 -663.404693 -665.839346 -678.211461 -9999.0 -9999.0
-9999.0 -9999.0 1239.990399 1170.959023 1103.905484 1031.844912 955.544834 876.337291 795.183587 712.837412 629.693950 546.008607 461.954876 377.645664 293.132709 208.606359 124.151002 39.766806 -44.496551 -128.579938 -212.032663 -293.853666 -371.730776 -442.775997 -503.828367 -552.805794 -589.517600 -615.439662 -632.860479 -644.175489 -651.343340 -655.800832 -658.534262 -660.190011 -661.182726 -661.773949 -662.123846 -662.329650 -662.449967 -662.519816 -662.560086 -662.583186 -662.596368 -662.603848 -662.608069 -662.610436 -662.611754 -662.612483 -662.612885 -662.613105 -662.613225 -662.613290 -662.613324 -662.613343 -662.613353 -662.613358 -662.613361 -662.613362 -662.613363 -662.613363 -662.613364 -662.613364 -662.613364 -662.613364 -662.613364 -662.613364 -662.613364 -662.613364 -662.613364 -662.613364 -662.613364 -662.613364 -662.613364 -662.613364 -662.613364 -662.613364 -662.613364 -662.613364 -662.613364 -662.613364 -662.613364 -662.613364 -662.613364 -662.613364 -662.613364 -662.613364 -662.613364 -662.613364 -662.613364 -662.613366 -662.613371 -662.613389 -662.613456 -662.613702 -662.614605 -662.617899 -662.629818 -662.672604 -662.826644 -663.404693 -665.839346 -678.211461 -9999.0 -9999.0
-9999.0 -9999.0 1239.945745 1170.940764 1103.898374 1031.842177 955.543804 876.336910 795.183446 712.837360 629.693931 546.008600 461.954874 377.645663 293.132709 208.606359 124.151002 39.766806 -44.496551 -128.579938 -212.032663 -293.853666 -371.730776 -442.775997 -503.828367 -552.805794 -589.517600 -615.439662 -632.860479 -644.175489 -651.343340 -655.800832 -658.534262 -660.190011 -661.182726 -661.773949 -662.123846 -662.329650 -662.449967 -662.519816 -662.560086 -662.583186 -662.596368 -662.603848 -662.608069 -662.610436 -662.611754 -662.612483 -662.612885 -662.613105 -662.613225 -662.613290 -662.613324 -662.613343 -662.613353 -662.613358 -662.613361 -662.613362 -662.613363 -662.613363 -662.613364 -662.613364 -662.613364 -662.613364 -662.613364 -662.613364 -662.613364 -662.613364 -662.613364 -662.613364 -662.613364 -662.613364 -662.613364 -662.613364 -662.613364 -662.613364 -662.613364 -662.613364 -662.613364 -662.613364 -662.613364 -662.613364 -662.613364 -662.613364 -662.613364 -662.613364 -662.613364 -662.613364 -662.613364 -662.613366 -662.613371 -662.613389 -662.613456 -662.613702 -662.614605 -662.617899 -662.629818 -662.672604 -662.826644 -663.404693 -665.839346 -678.211461 -9999.0 -9999.0
-9999.0 -9999.0 1239.824766 1170.903638 1103.887415 1031.838676 955.542621 876.336498 795.183299 712.837307 629.693912 546.008593 461.954871 377.645662 293.132708 208.606359 124.151001 39.766806 -44.496551 -128.579938 -212.032663 -293.853666 -371.730776 -442.775997 -503.828367 -552.805794 -589.517600 -615.439662 -632.860479 -644.175489 -651.343340 -655.800832 -658.534262 -660.190011 -661.182726 -661.773949 -662.123846 -662.329650 -662.449967 -662.519816 -662.560086 -662.583186 -662.596368 -662.603848 -662.608069 -662.610436 -662.611754 -662.612483 -662.612885 -662.613105 -662.613225 -662.613290 -662.613324 -662.613343 -662.613353 -662.613358 -662.613361 -662.613362 -662.613363 -662.613363 -662.613364 -662.613364 -662.613364 -662.613364 -662.613364 -662.613364 -662.613364 -662.613364 -662.613364 -662.613364 -662.613364 -662.613364 -662.613364 -662.613364 -662.613364 -662.613364 -662.613364 -662.613364 -662.613364 -662.613364 -662.613364 -662.613364 -662.613364 -662.613364 -662.613364 -662.613364 -662.613364 -662.613364 -662.613364 -662.613366 -662.613371 -662.613389 -662.613456 -662.613702 -662.614605 -662.617899 -662.629818 -662.672604 -662.826644 -663.404693 -665.839346 -678.211461 -9999.0 -9999.0
-9999.0 -9999.0 -9999.0 -9999.0 -9999.0 -9999.0 -9999.0 -9999.0 -9999.0 -9999.0 -9999.0 -9999.0 -9999.0 -9999.0 -9999.0 -9999.0 -9999.0 -9999.0 -9999.0 -9999.0 -9999.0 -9999.0 -9999.0 -9999.0 -9999.0 -9999.0 -9999.0 -9999.0 -9999.0 -9999.0 -9999.0 -9999.0 -9999.0 -9999.0 -9999.0 -9999.0 -9999.0 -9999.0 -9999.0 -9999.0 -9999.0 -9999.0 -9999.0 -9999.0 -9999.0 -9999.0 -9999.0 -9999.0 -9999.0 -9999.0 -9999.0 -9999.0 -9999.0 -9999.0 -9999.0 -9999.0 -9999.0 -9999.0 -9999.0 -9999.0 -9999.0 -9999.0 -9999.0 -9999.0 -9999.0 -9999.0 -9999.0 -9999.0 -9999.0 -9999.0 -9999.0 -9999.0 -9999.0 -9999.0 -9999.0 -9999.0 -9999.0 -9999.0 -9999.0 -9999.0 -9999.0 -9999.0 -9999.0 -9999.0 -9999.0 -9999.0 -9999.0 -9999.0 -9999.0 -9999.0 -9999.0 -9999.0 -9999.0 -9999.0 -9999.0 -9999.0 -9999.0 -9999.0 -9999.0 -9999.0 -9999.0 -9999.0 -9999.0 -9999.0
-9999.0 -9999.0 -9999.0 -9999.0 -9999.0 -9999.0 -9999.0 -9999.0 -9999.0 -9999.0 -9999.0 -9999.0 -9999.0 -9999.0 -9999.0 -9999.0 -9999.0 -9999.0 -9999.0 -9999.0 -9999.0 -9999.0 -9999.0 -9999.0 -9999.0 -9999.0 -9999.0 -9999.0 -9999.0 -9999.0 -9999.0 -9999.0 -9999.0 -9999.0 -9999.0 -9999.0 -9999.0 -9999.0 -9999.0 -9999.0 -9999.0 -9999.0 -9999.0 -9999.0 -9999.0 -9999.0 -9999.0 -9999.0 -9999.0 -9999.0 -9999.0 -9999.0 -9999.0 -9999.0 -9999.0 -9999.0 -9999.0 -9999.0 -9999.0 -9999.0 -9999.0 -9999.0 -9999.0 -9999.0 -9999.0 -9999.0 -9999.0 -9999.0 -9999.0 -9999.0 -9999.0 -9999.0 -9999.0 -9999.0 -9999.0 -9999.0 -9999.0 -9999.0 -9999.0 -9999.0 -9999.0 -9999.0 -9999.0 -9999.0 -9999.0 -9999.0 -9999.0 -9999.0 -9999.0 -9999.0 -9999.0 -9999.0 -9999.0 -9999.0 -9999.0 -9999.0 -9999.0 -9999.0 -9999.0 -9999.0 -9999.0 -9999.0 -9999.0 -9999.0