examples/3D/hillslope01/output-maps-SE27XX/psiliqL0075N0003.asc
ncols         104
nrows         10
xllcorner     -2.000000
yllcorner     0.000000
cellsize      1.000000
NODATA_value  -9999.0
-9999.0 -9999.0 -9999.0 -9999.0 -9999.0 -9999.0 -9999.0 -9999.0 -9999.0 -9999.0 -9999.0 -9999.0 -9999.0 -9999.0 -9999.0 -9999.0 -9999.0 -9999.0 -9999.0 -9999.0 -9999.0 -9999.0 -9999.0 -9999.0 -9999.0 -9999.0 -9999.0 -9999.0 -9999.0 -9999.0 -9999.0 -9999.0 -9999.0 -9999.0 -9999.0 -9999.0 -9999.0 -9999.0 -9999.0 -9999.0 -9999.0 -9999.0 -9999.0 -9999.0 -9999.0 -9999.0 -9999.0 -9999.0 -9999.0 -9999.0 -9999.0 -9999.0 -9999.0 -9999.0 -9999.0 -9999.0 -9999.0 -9999.0 -9999.0 -9999.0 -9999.0 -9999.0 -9999.0 -9999.0 -9999.0 -9999.0 -9999.0 -9999.0 -9999.0 -9999.0 -9999.0 -9999.0 -9999.0 -9999.0 -9999.0 -9999.0 -9999.0 -9999.0 -9999.0 -9999.0 -9999.0 -9999.0 -9999.0 -9999.0 -9999.0 -9999.0 -9999.0 -9999.0 -9999.0 -9999.0 -9999.0 -9999.0 -9999.0 -9999.0 -9999.0 -9999.0 -9999.0 -9999.0 -9999.0 -9999.0 -9999.0 -9999.0 -9999.0 -9999.0
-9999.0 -9999.0 -9999.0 -9999.0 -9999.0 -9999.0 -9999.0 -9999.0 -9999.0 -9999.0 -9999.0 -9999.0 -9999.0 -9999.0 -9999.0 -9999.0 -9999.0 -9999.0 -9999.0 -9999.0 -9999.0 -9999.0 -9999.0 -9999.0 -9999.0 -9999.0 -9999.0 -9999.0 -9999.0 -9999.0 -9999.0 -9999.0 -9999.0 -9999.0 -9999.0 -9999.0 -9999.0 -9999.0 -9999.0 -9999.0 -9999.0 -9999.0 -9999.0 -9999.0 -9999.0 -9999.0 -9999.0 -9999.0 -9999.0 -9999.0 -9999.0 -9999.0 -9999.0 -9999.0 -9999.0 -9999.0 -9999.0 -9999.0 -9999.0 -9999.0 -9999.0 -9999.0 -9999.0 -9999.0 -9999.0 -9999.0 -9999.0 -9999.0 -9999.0 -9999.0 -9999.0 -9999.0 -9999.0 -9999.0 -9999.0 -9999.0 -9999.0 -9999.0 -9999.0 -9999.0 -9999.0 -9999.0 -9999.0 -9999.0 -9999.0 -9999.0 -9999.0 -9999.0 -9999.0 -9999.0 -9999.0 -9999.0 -9999.0 -9999.0 -9999.0 -9999.0 -9999.0 -9999.0 -9999.0 -9999.0 -9999.0 -9999.0 -9999.0 -9999.0
-9999.0 -9999.0 7609.935444 7512.554312 7417.611059 7324.798236 7233.756429 7144.135297 7055.628514 6967.986037 6881.012530 6794.559603 6708.516539 6622.801711 6537.355382 6452.133917 6367.105262 6282.245563 6197.536796 6112.965194 6028.520190 5944.193591 5859.978773 5775.869921 5691.861553 5607.948425 5524.125686 5440.389022 5356.734531 5273.158269 5189.655802 5106.222190 5022.852390 4939.541763 4856.286261 4773.081911 4689.923959 4606.806671 4523.723909 4440.670055 4357.640603 4274.631589 4191.637911 4108.652825 4025.668755 3942.678759 3859.677752 3776.662058 3693.626484 3610.563266 3527.463107 3444.317221 3361.119432 3277.866433 3194.553604 3111.172555 3027.712103 2944.160722 2860.509598 2776.754941 2692.894689 2608.921306 2524.822288 2440.582801 2356.188688 2271.630923 2186.909822 2102.022966 2016.959644 1931.704114 1846.238248 1760.543341 1674.603917 1588.417084 1501.986330 1415.300949 1328.344057 1241.096451 1153.537280 1065.643627 977.389755 888.749491 799.729594 710.320058 620.499461 530.244574 439.530963 348.332416 256.620366 164.363373 71.526605 -21.856063 -114.817173 -203.172709 -277.926975 -331.602284 -364.835026 -383.829767 -395.990827 -411.582633 -475.338979 -687.053821 -9999.0 -9999.0
-9999.0 -9999.0 7609.935514 7512.554372 7417.611103 7324.798265 7233.756446 7144.135306 7055.628519 6967.986040 6881.012532 6794.559604 6708.516539 6622.801711 6537.355382 6452.133917 6367.105262 6282.245563 6197.536796 6112.965194 6028.520190 5944.193591 5859.978773 5775.869921 5691.861553 5607.948425 5524.125686 5440.389022 5356.734531 5273.158269 5189.655802 5106.222190 5022.852390 4939.541763 4856.286261 4773.081910 4689.923959 4606.806671 4523.723909 4440.670055 4357.640603 4274.631588 4191.637911 4108.652825 4025.668755 3942.678759 3859.677752 3776.662058 3693.626484 3610.563266 3527.463107 3444.317221 3361.119432 3277.866433 3194.553604 3111.172555 3027.712103 2944.160722 2860.509598 2776.754941 2692.894689 2608.921306 2524.822288 2440.582801 2356.188688 2271.630923 2186.909822 2102.022966 2016.959644 1931.704114 1846.238248 1760.543340 1674.603917 1588.417083 1501.986330 1415.300949 1328.344056 1241.096451 1153.537280 1065.643627 977.389755 888.749490 799.729594 710.320058 620.499461 530.244574 439.530963 348.332416 256.620366 164.363373 71.526605 -21.856063 -114.817173 -203.172709 -277.926975 -331.602284 -364.835026 -383.829767 -395.990827 -411.582633 -475.338982 -687.053823 -9999.0 -9999.0
-9999.0 -9999.0 7609.935584 7512.554432 7417.611147 7324.798294 7233.756463 7144.135316 7055.628524 6967.986042 6881.012533 6794.559604 6708.516540 6622.801711 6537.355382 6452.133918 6367.105263 6282.245563 6197.536796 6112.965194 6028.520191 5944.193591 5859.978773 5775.869921 5691.861553 5607.948425 5524.125687 5440.389022 5356.734531 5273.158269 5189.655802 5106.222190 5022.852390 4939.541763 4856.286261 4773.081910 4689.923959 4606.806671 4523.723909 4440.670055 4357.640603 4274.631588 4191.637911 4108.652825 4025.668755 3942.678759 3859.677752 3776.662058 3693.626484 3610.563266 3527.463107 3444.317221 3361.119432 3277.866433 3194.553604 3111.172555 3027.712103 2944.160722 2860.509598 2776.754941 2692.894689 2608.921306 2524.822288 2440.582801 2356.188688 2271.630923 2186.909822 2102.022966 2016.959644 1931.704114 1846.238248 1760.543340 1674.603917 1588.417083 1501.986330 1415.300949 1328.344056 1241.096451 1153.537280 1065.643627 977.389755 888.749490 799.729594 710.320058 620.499461 530.244574 439.530963 348.332416 256.620366 164.363373 71.526605 -21.856063 -114.817173 -203.172709 -277.926975 -331.602284 -364.835026 -383.829767 -395.990827 -411.582633 -475.338985 -687.053826 -9999.0 -9999.0
-9999.0 -9999.0 7609.935584 7512.554432 7417.611147 7324.798294 7233.756463 7144.135316 7055.628524 6967.986042 6881.012533 6794.559604 6708.516539 6622.801711 6537.355382 6452.133918 6367.105263 6282.245563 6197.536796 6112.965194 6028.520191 5944.193591 5859.978773 5775.869921 5691.861553 5607.948425 5524.125686 5440.389022 5356.734531 5273.158269 5189.655802 5106.222190 5022.852390 4939.541763 4856.286261 4773.081910 4689.923959 4606.806671 4523.723909 4440.670055 4357.640603 4274.631588 4191.637911 4108.652825 4025.668755 3942.678759 3859.677752 3776.662058 3693.626484 3610.563266 3527.463107 3444.317221 3361.119432 3277.866433 3194.553604 3111.172555 3027.712103 2944.160722 2860.509598 2776.754941 2692.894689 2608.921306 2524.822288 2440.582801 2356.188688 2271.630923 2186.909822 2102.022966 2016.959644 1931.704114 1846.238248 1760.543340 1674.603917 1588.417083 1501.986330 1415.300949 1328.344056 1241.096451 1153.537280 1065.643627 977.389755 888.749490 799.729594 710.320058 620.499461 530.244574 439.530963 348.332416 256.620366 164.363373 71.526605 -21.856063 -114.817173 -203.172709 -277.926975 -331.602284 -364.835026 -383.829767 -395.990827 -411.582633 -475.338985 -687.053826 -9999.0 -9999.0
-9999.0 -9999.0 7609.935514 7512.554372 7417.611103 7324.798265 7233.756446 7144.135306 7055.628519 6967.986040 6881.012532 6794.559604 6708.516539 6622.801711 6537.355382 6452.133917 6367.105263 6282.245563 6197.536796 6112.965194 6028.520190 5944.193591 5859.978773 5775.869921 5691.861553 5607.948425 5524.125686 5440.389022 5356.734531 5273.158269 5189.655802 5106.222190 5022.852390 4939.541763 4856.286261 4773.081910 4689.923959 4606.806671 4523.723909 4440.670055 4357.640603 4274.631588 4191.637911 4108.652825 4025.668755 3942.678759 3859.677752 3776.662058 3693.626484 3610.563266 3527.463107 3444.317221 3361.119432 3277.866433 3194.553604 3111.172555 3027.712103 2944.160722 2860.509598 2776.754941 2692.894689 2608.921306 2524.822288 2440.582801 2356.188688 2271.630923 2186.909822 2102.022966 2016.959644 1931.704114 1846.238248 1760.543340 1674.603917 1588.417083 1501.986330 1415.300949 1328.344056 1241.096451 1153.537280 1065.643627 977.389755 888.749490 799.729594 710.320058 620.499461 530.244574 439.530963 348.332416 256.620366 164.363373 71.526605 -21.856063 -114.817173 -203.172709 -277.926975 -331.602284 -364.835026 -383.829767 -395.990827 -411.582633 -475.338982 -687.053823 -9999.0 -9999.0
-9999.0 -9999.0 7609.935443 7512.554312 7417.611059 7324.798236 7233.756428 7144.135297 7055.628514 6967.986037 6881.012530 6794.559603 6708.516539 6622.801711 6537.355382 6452.133917 6367.105262 6282.245563 6197.536796 6112.965194 6028.520190 5944.193591 5859.978773 5775.869921 5691.861552 5607.948425 5524.125686 5440.389022 5356.734531 5273.158269 5189.655802 5106.222190 5022.852390 4939.541763 4856.286261 4773.081911 4689.923959 4606.806671 4523.723909 4440.670055 4357.640603 4274.631589 4191.637911 4108.652825 4025.668755 3942.678759 3859.677752 3776.662058 3693.626484 3610.563266 3527.463107 3444.317221 3361.119432 3277.866433 3194.553604 3111.172555 3027.712103 2944.160722 2860.509598 2776.754941 2692.894689 2608.921306 2524.822288 2440.582801 2356.188688 2271.630923 2186.909822 2102.022966 2016.959644 1931.704114 1846.238248 1760.543341 1674.603917 1588.417084 1501.986330 1415.300949 1328.344057 1241.096451 1153.537280 1065.643627 977.389755 888.749491 799.729594 710.320058 620.499461 530.244574 439.530963 348.332416 256.620366 164.363373 71.526605 -21.856063 -114.817173 -203.172709 -277.926975 -331.602284 -364.835026 -383.829767 -395.990827 -411.582633 -475.338979 -687.053821 -9999.0 -9999.0
-9999.0 -9999.0 -9999.0 -9999.0 -9999.0 -9999.0 -9999.0 -9999.0 -9999.0 -9999.0 -9999.0 -9999.0 -9999.0 -9999.0 -9999.0 -9999.0 -9999.0 -9999.0 -9999.0 -9999.0 -9999.0 -9999.0 -9999.0 -9999.0 -9999.0 -9999.0 -9999.0 -9999.0 -9999.0 -9999.0 -9999.0 -9999.0 -9999.0 -9999.0 -9999.0 -9999.0 -9999.0 -9999.0 -9999.0 -9999.0 -9999.0 -9999.0 -9999.0 -9999.0 -9999.0 -9999.0 -9999.0 -9999.0 -9999.0 -9999.0 -9999.0 -9999.0 -9999.0 -9999.0 -9999.0 -9999.0 -9999.0 -9999.0 -9999.0 -9999.0 -9999.0 -9999.0 -9999.0 -9999.0 -9999.0 -9999.0 -9999.0 -9999.0 -9999.0 -9999.0 -9999.0 -9999.0 -9999.0 -9999.0 -9999.0 -9999.0 -9999.0 -9999.0 -9999.0 -9999.0 -9999.0 -9999.0 -9999.0 -9999.0 -9999.0 -9999.0 -9999.0 -9999.0 -9999.0 -9999.0 -9999.0 -9999.0 -9999.0 -9999.0 -9999.0 -9999.0 -9999.0 -9999.0 -9999.0 -9999.0 -9999.0 -9999.0 -9999.0 -9999.0
-9999.0 -9999.0 -9999.0 -9999.0 -9999.0 -9999.0 -9999.0 -9999.0 -9999.0 -9999.0 -9999.0 -9999.0 -9999.0 -9999.0 -9999.0 -9999.0 -9999.0 -9999.0 -9999.0 -9999.0 -9999.0 -9999.0 -9999.0 -9999.0 -9999.0 -9999.0 -9999.0 -9999.0 -9999.0 -9999.0 -9999.0 -9999.0 -9999.0 -9999.0 -9999.0 -9999.0 -9999.0 -9999.0 -9999.0 -9999.0 -9999.0 -9999.0 -9999.0 -9999.0 -9999.0 -9999.0 -9999.0 -9999.0 -9999.0 -9999.0 -9999.0 -9999.0 -9999.0 -9999.0 -9999.0 -9999.0 -9999.0 -9999.0 -9999.0 -9999.0 -9999.0 -9999.0 -9999.0 -9999.0 -9999.0 -9999.0 -9999.0 -9999.0 -9999.0 -9999.0 -9999.0 -9999.0 -9999.0 -9999.0 -9999.0 -9999.0 -9999.0 -9999.0 -9999.0 -9999.0 -9999.0 -9999.0 -9999.0 -9999.0 -9999.0 -9999.0 -9999.0 -9999.0 -9999.0 -9999.0 -9999.0 -9999.0 -9999.0 -9999.0 -9999.0 -9999.0 -9999.0 -9999.0 -9999.0 -9999.0 -9999.0 -9999.0 -9999.0 -9999.0