examples/3D/hillslope01/output-maps-SE27XX/psiliqL0041N0003.asc
ncols         104
nrows         10
xllcorner     -2.000000
yllcorner     0.000000
cellsize      1.000000
NODATA_value  -9999.0
-9999.0 -9999.0 -9999.0 -9999.0 -9999.0 -9999.0 -9999.0 -9999.0 -9999.0 -9999.0 -9999.0 -9999.0 -9999.0 -9999.0 -9999.0 -9999.0 -9999.0 -9999.0 -9999.0 -9999.0 -9999.0 -9999.0 -9999.0 -9999.0 -9999.0 -9999.0 -9999.0 -9999.0 -9999.0 -9999.0 -9999.0 -9999.0 -9999.0 -9999.0 -9999.0 -9999.0 -9999.0 -9999.0 -9999.0 -9999.0 -9999.0 -9999.0 -9999.0 -9999.0 -9999.0 -9999.0 -9999.0 -9999.0 -9999.0 -9999.0 -9999.0 -9999.0 -9999.0 -9999.0 -9999.0 -9999.0 -9999.0 -9999.0 -9999.0 -9999.0 -9999.0 -9999.0 -9999.0 -9999.0 -9999.0 -9999.0 -9999.0 -9999.0 -9999.0 -9999.0 -9999.0 -9999.0 -9999.0 -9999.0 -9999.0 -9999.0 -9999.0 -9999.0 -9999.0 -9999.0 -9999.0 -9999.0 -9999.0 -9999.0 -9999.0 -9999.0 -9999.0 -9999.0 -9999.0 -9999.0 -9999.0 -9999.0 -9999.0 -9999.0 -9999.0 -9999.0 -9999.0 -9999.0 -9999.0 -9999.0 -9999.0 -9999.0 -9999.0 -9999.0
-9999.0 -9999.0 -9999.0 -9999.0 -9999.0 -9999.0 -9999.0 -9999.0 -9999.0 -9999.0 -9999.0 -9999.0 -9999.0 -9999.0 -9999.0 -9999.0 -9999.0 -9999.0 -9999.0 -9999.0 -9999.0 -9999.0 -9999.0 -9999.0 -9999.0 -9999.0 -9999.0 -9999.0 -9999.0 -9999.0 -9999.0 -9999.0 -9999.0 -9999.0 -9999.0 -9999.0 -9999.0 -9999.0 -9999.0 -9999.0 -9999.0 -9999.0 -9999.0 -9999.0 -9999.0 -9999.0 -9999.0 -9999.0 -9999.0 -9999.0 -9999.0 -9999.0 -9999.0 -9999.0 -9999.0 -9999.0 -9999.0 -9999.0 -9999.0 -9999.0 -9999.0 -9999.0 -9999.0 -9999.0 -9999.0 -9999.0 -9999.0 -9999.0 -9999.0 -9999.0 -9999.0 -9999.0 -9999.0 -9999.0 -9999.0 -9999.0 -9999.0 -9999.0 -9999.0 -9999.0 -9999.0 -9999.0 -9999.0 -9999.0 -9999.0 -9999.0 -9999.0 -9999.0 -9999.0 -9999.0 -9999.0 -9999.0 -9999.0 -9999.0 -9999.0 -9999.0 -9999.0 -9999.0 -9999.0 -9999.0 -9999.0 -9999.0 -9999.0 -9999.0
-9999.0 -9999.0 4204.968672 4110.745702 4020.852445 3933.579874 3847.666279 3762.372117 3677.324473 3592.359693 3507.417529 3422.484366 3337.566284 3252.677405 3167.835615 3083.060173 2998.366251 2913.762093 2829.250129 2744.829445 2660.499051 2576.262244 2492.128336 2408.099151 2324.169077 2240.328527 2156.567485 2072.881080 1989.277076 1905.764129 1822.336869 1738.981620 1655.681631 1572.423298 1489.210873 1406.072490 1323.003044 1239.983722 1156.990658 1073.998293 990.995800 908.056314 825.168937 742.306885 659.439292 576.528136 493.524314 410.576920 327.666669 244.754907 161.805370 78.773917 -4.453259 -87.205650 -168.274789 -244.783392 -312.232555 -366.572465 -406.494778 -433.565679 -450.851950 -461.454053 -467.776939 -471.474733 -473.606817 -474.822769 -475.509289 -475.893677 -476.107423 -476.225463 -476.290196 -476.325446 -476.344503 -476.354732 -476.360180 -476.363060 -476.364571 -476.365357 -476.365762 -476.365970 -476.366075 -476.366129 -476.366155 -476.366168 -476.366175 -476.366178 -476.366179 -476.366181 -476.366183 -476.366189 -476.366212 -476.366298 -476.366606 -476.367715 -476.371635 -476.385238 -476.431479 -476.585775 -477.095066 -478.777019 -484.404592 -504.176868 -9999.0 -9999.0
-9999.0 -9999.0 4204.971624 4110.747796 4020.853635 3933.580465 3847.666548 3762.372234 3677.324521 3592.359713 3507.417537 3422.484370 3337.566285 3252.677406 3167.835615 3083.060173 2998.366251 2913.762093 2829.250129 2744.829445 2660.499051 2576.262244 2492.128336 2408.099151 2324.169077 2240.328528 2156.567485 2072.881080 1989.277076 1905.764129 1822.336869 1738.981620 1655.681631 1572.423298 1489.210873 1406.072490 1323.003044 1239.983722 1156.990657 1073.998293 990.995800 908.056313 825.168937 742.306885 659.439292 576.528136 493.524314 410.576920 327.666669 244.754907 161.805370 78.773917 -4.453259 -87.205650 -168.274789 -244.783392 -312.232555 -366.572465 -406.494778 -433.565679 -450.851950 -461.454053 -467.776939 -471.474733 -473.606817 -474.822769 -475.509289 -475.893677 -476.107423 -476.225463 -476.290196 -476.325446 -476.344503 -476.354732 -476.360180 -476.363060 -476.364571 -476.365357 -476.365762 -476.365970 -476.366075 -476.366129 -476.366155 -476.366168 -476.366175 -476.366178 -476.366179 -476.366181 -476.366183 -476.366189 -476.366212 -476.366298 -476.366606 -476.367715 -476.371635 -476.385238 -476.431479 -476.585775 -477.095066 -478.777019 -484.404592 -504.176868 -9999.0 -9999.0
-9999.0 -9999.0 4204.974233 4110.749686 4020.854736 3933.581023 3847.666807 3762.372347 3677.324569 3592.359732 3507.417545 3422.484373 3337.566287 3252.677406 3167.835616 3083.060173 2998.366251 2913.762093 2829.250129 2744.829445 2660.499051 2576.262244 2492.128336 2408.099151 2324.169077 2240.328528 2156.567485 2072.881080 1989.277076 1905.764129 1822.336869 1738.981620 1655.681631 1572.423298 1489.210873 1406.072490 1323.003044 1239.983722 1156.990657 1073.998293 990.995800 908.056313 825.168937 742.306885 659.439292 576.528136 493.524314 410.576920 327.666669 244.754907 161.805370 78.773917 -4.453259 -87.205650 -168.274789 -244.783392 -312.232555 -366.572465 -406.494778 -433.565679 -450.851950 -461.454053 -467.776939 -471.474733 -473.606817 -474.822769 -475.509289 -475.893677 -476.107423 -476.225463 -476.290196 -476.325446 -476.344503 -476.354732 -476.360180 -476.363060 -476.364571 -476.365357 -476.365762 -476.365970 -476.366075 -476.366129 -476.366155 -476.366168 -476.366175 -476.366178 -476.366179 -476.366180 -476.366183 -476.366189 -476.366212 -476.366298 -476.366606 -476.367715 -476.371635 -476.385238 -476.431479 -476.585775 -477.095066 -478.777019 -484.404592 -504.176868 -9999.0 -9999.0
-9999.0 -9999.0 4204.974233 4110.749687 4020.854736 3933.581023 3847.666807 3762.372347 3677.324569 3592.359732 3507.417545 3422.484373 3337.566287 3252.677406 3167.835616 3083.060173 2998.366251 2913.762093 2829.250129 2744.829445 2660.499051 2576.262244 2492.128336 2408.099151 2324.169077 2240.328528 2156.567485 2072.881080 1989.277076 1905.764129 1822.336869 1738.981620 1655.681631 1572.423298 1489.210873 1406.072490 1323.003044 1239.983722 1156.990657 1073.998293 990.995800 908.056313 825.168937 742.306885 659.439292 576.528136 493.524314 410.576920 327.666669 244.754907 161.805370 78.773917 -4.453259 -87.205650 -168.274789 -244.783392 -312.232555 -366.572465 -406.494778 -433.565679 -450.851950 -461.454053 -467.776939 -471.474733 -473.606817 -474.822769 -475.509289 -475.893677 -476.107423 -476.225463 -476.290196 -476.325446 -476.344503 -476.354732 -476.360180 -476.363060 -476.364571 -476.365357 -476.365762 -476.365970 -476.366075 -476.366129 -476.366155 -476.366168 -476.366175 -476.366178 -476.366179 -476.366180 -476.366183 -476.366189 -476.366212 -476.366298 -476.366606 -476.367715 -476.371635 -476.385238 -476.431479 -476.585775 -477.095066 -478.777019 -484.404592 -504.176868 -9999.0 -9999.0
-9999.0 -9999.0 4204.971624 4110.747796 4020.853635 3933.580464 3847.666548 3762.372234 3677.324521 3592.359713 3507.417537 3422.484370 3337.566285 3252.677406 3167.835615 3083.060173 2998.366251 2913.762093 2829.250129 2744.829445 2660.499051 2576.262244 2492.128336 2408.099151 2324.169077 2240.328528 2156.567485 2072.881080 1989.277076 1905.764129 1822.336869 1738.981620 1655.681631 1572.423298 1489.210873 1406.072490 1323.003044 1239.983722 1156.990657 1073.998293 990.995800 908.056313 825.168937 742.306885 659.439292 576.528136 493.524314 410.576920 327.666669 244.754907 161.805370 78.773917 -4.453259 -87.205650 -168.274789 -244.783392 -312.232555 -366.572465 -406.494778 -433.565679 -450.851950 -461.454053 -467.776939 -471.474733 -473.606817 -474.822769 -475.509289 -475.893677 -476.107423 -476.225463 -476.290196 -476.325446 -476.344503 -476.354732 -476.360180 -476.363060 -476.364571 -476.365357 -476.365762 -476.365970 -476.366075 -476.366129 -476.366155 -476.366168 -476.366175 -476.366178 -476.366179 -476.366181 -476.366183 -476.366189 -476.366212 -476.366298 -476.366606 -476.367715 -476.371635 -476.385238 -476.431479 -476.585775 -477.095066 -478.777019 -484.404592 -504.176868 -9999.0 -9999.0
-9999.0 -9999.0 4204.968672 4110.745702 4020.852445 3933.579874 3847.666279 3762.372118 3677.324472 3592.359693 3507.417529 3422.484367 3337.566284 3252.677405 3167.835615 3083.060173 2998.366251 2913.762093 2829.250129 2744.829445 2660.499051 2576.262244 2492.128336 2408.099151 2324.169077 2240.328527 2156.567485 2072.881080 1989.277076 1905.764129 1822.336869 1738.981620 1655.681631 1572.423298 1489.210873 1406.072490 1323.003044 1239.983722 1156.990658 1073.998293 990.995800 908.056314 825.168937 742.306885 659.439292 576.528136 493.524314 410.576920 327.666669 244.754907 161.805370 78.773917 -4.453259 -87.205650 -168.274789 -244.783392 -312.232555 -366.572465 -406.494778 -433.565679 -450.851950 -461.454053 -467.776939 -471.474733 -473.606817 -474.822769 -475.509289 -475.893677 -476.107423 -476.225463 -476.290196 -476.325446 -476.344503 -476.354732 -476.360180 -476.363060 -476.364571 -476.365357 -476.365762 -476.365970 -476.366075 -476.366129 -476.366155 -476.366168 -476.366175 -476.366178 -476.366179 -476.366181 -476.366183 -476.366189 -476.366212 -476.366298 -476.366606 -476.367715 -476.371635 -476.385238 -476.431479 -476.585775 -477.095066 -478.777019 -484.404592 -504.176868 -9999.0 -9999.0
-9999.0 -9999.0 -9999.0 -9999.0 -9999.0 -9999.0 -9999.0 -9999.0 -9999.0 -9999.0 -9999.0 -9999.0 -9999.0 -9999.0 -9999.0 -9999.0 -9999.0 -9999.0 -9999.0 -9999.0 -9999.0 -9999.0 -9999.0 -9999.0 -9999.0 -9999.0 -9999.0 -9999.0 -9999.0 -9999.0 -9999.0 -9999.0 -9999.0 -9999.0 -9999.0 -9999.0 -9999.0 -9999.0 -9999.0 -9999.0 -9999.0 -9999.0 -9999.0 -9999.0 -9999.0 -9999.0 -9999.0 -9999.0 -9999.0 -9999.0 -9999.0 -9999.0 -9999.0 -9999.0 -9999.0 -9999.0 -9999.0 -9999.0 -9999.0 -9999.0 -9999.0 -9999.0 -9999.0 -9999.0 -9999.0 -9999.0 -9999.0 -9999.0 -9999.0 -9999.0 -9999.0 -9999.0 -9999.0 -9999.0 -9999.0 -9999.0 -9999.0 -9999.0 -9999.0 -9999.0 -9999.0 -9999.0 -9999.0 -9999.0 -9999.0 -9999.0 -9999.0 -9999.0 -9999.0 -9999.0 -9999.0 -9999.0 -9999.0 -9999.0 -9999.0 -9999.0 -9999.0 -9999.0 -9999.0 -9999.0 -9999.0 -9999.0 -9999.0 -9999.0
-9999.0 -9999.0 -9999.0 -9999.0 -9999.0 -9999.0 -9999.0 -9999.0 -9999.0 -9999.0 -9999.0 -9999.0 -9999.0 -9999.0 -9999.0 -9999.0 -9999.0 -9999.0 -9999.0 -9999.0 -9999.0 -9999.0 -9999.0 -9999.0 -9999.0 -9999.0 -9999.0 -9999.0 -9999.0 -9999.0 -9999.0 -9999.0 -9999.0 -9999.0 -9999.0 -9999.0 -9999.0 -9999.0 -9999.0 -9999.0 -9999.0 -9999.0 -9999.0 -9999.0 -9999.0 -9999.0 -9999.0 -9999.0 -9999.0 -9999.0 -9999.0 -9999.0 -9999.0 -9999.0 -9999.0 -9999.0 -9999.0 -9999.0 -9999.0 -9999.0 -9999.0 -9999.0 -9999.0 -9999.0 -9999.0 -9999.0 -9999.0 -9999.0 -9999.0 -9999.0 -9999.0 -9999.0 -9999.0 -9999.0 -9999.0 -9999.0 -9999.0 -9999.0 -9999.0 -9999.0 -9999.0 -9999.0 -9999.0 -9999.0 -9999.0 -9999.0 -9999.0 -9999.0 -9999.0 -9999.0 -9999.0 -9999.0 -9999.0 -9999.0 -9999.0 -9999.0 -9999.0 -9999.0 -9999.0 -9999.0 -9999.0 -9999.0 -9999.0 -9999.0