examples/3D/hillslope01/output-maps-SE27XX/psiliqL0037N0001.asc
ncols         104
nrows         10
xllcorner     -2.000000
yllcorner     0.000000
cellsize      1.000000
NODATA_value  -9999.0
-9999.0 -9999.0 -9999.0 -9999.0 -9999.0 -9999.0 -9999.0 -9999.0 -9999.0 -9999.0 -9999.0 -9999.0 -9999.0 -9999.0 -9999.0 -9999.0 -9999.0 -9999.0 -9999.0 -9999.0 -9999.0 -9999.0 -9999.0 -9999.0 -9999.0 -9999.0 -9999.0 -9999.0 -9999.0 -9999.0 -9999.0 -9999.0 -9999.0 -9999.0 -9999.0 -9999.0 -9999.0 -9999.0 -9999.0 -9999.0 -9999.0 -9999.0 -9999.0 -9999.0 -9999.0 -9999.0 -9999.0 -9999.0 -9999.0 -9999.0 -9999.0 -9999.0 -9999.0 -9999.0 -9999.0 -9999.0 -9999.0 -9999.0 -9999.0 -9999.0 -9999.0 -9999.0 -9999.0 -9999.0 -9999.0 -9999.0 -9999.0 -9999.0 -9999.0 -9999.0 -9999.0 -9999.0 -9999.0 -9999.0 -9999.0 -9999.0 -9999.0 -9999.0 -9999.0 -9999.0 -9999.0 -9999.0 -9999.0 -9999.0 -9999.0 -9999.0 -9999.0 -9999.0 -9999.0 -9999.0 -9999.0 -9999.0 -9999.0 -9999.0 -9999.0 -9999.0 -9999.0 -9999.0 -9999.0 -9999.0 -9999.0 -9999.0 -9999.0 -9999.0
-9999.0 -9999.0 -9999.0 -9999.0 -9999.0 -9999.0 -9999.0 -9999.0 -9999.0 -9999.0 -9999.0 -9999.0 -9999.0 -9999.0 -9999.0 -9999.0 -9999.0 -9999.0 -9999.0 -9999.0 -9999.0 -9999.0 -9999.0 -9999.0 -9999.0 -9999.0 -9999.0 -9999.0 -9999.0 -9999.0 -9999.0 -9999.0 -9999.0 -9999.0 -9999.0 -9999.0 -9999.0 -9999.0 -9999.0 -9999.0 -9999.0 -9999.0 -9999.0 -9999.0 -9999.0 -9999.0 -9999.0 -9999.0 -9999.0 -9999.0 -9999.0 -9999.0 -9999.0 -9999.0 -9999.0 -9999.0 -9999.0 -9999.0 -9999.0 -9999.0 -9999.0 -9999.0 -9999.0 -9999.0 -9999.0 -9999.0 -9999.0 -9999.0 -9999.0 -9999.0 -9999.0 -9999.0 -9999.0 -9999.0 -9999.0 -9999.0 -9999.0 -9999.0 -9999.0 -9999.0 -9999.0 -9999.0 -9999.0 -9999.0 -9999.0 -9999.0 -9999.0 -9999.0 -9999.0 -9999.0 -9999.0 -9999.0 -9999.0 -9999.0 -9999.0 -9999.0 -9999.0 -9999.0 -9999.0 -9999.0 -9999.0 -9999.0 -9999.0 -9999.0
-9999.0 -9999.0 2302.881915 2202.803312 2102.822933 2003.080975 1903.646413 1804.544446 1705.778653 1607.343363 1509.227853 1411.416380 1313.886562 1216.608403 1119.548216 1022.696278 926.081265 829.810965 734.147775 639.610913 546.771845 456.162496 368.001101 282.143378 198.304624 116.158052 35.758893 -42.716794 -119.555126 -196.287360 -274.415750 -355.932886 -443.668233 -540.581890 -648.110626 -765.751265 -889.394824 -1009.575808 -1113.929466 -1193.535241 -1247.705490 -1282.003121 -1303.209251 -1316.479617 -1325.023768 -1330.757698 -1334.630977 -1336.683388 -1337.251276 -1337.665538 -1338.018805 -1338.329467 -1338.606716 -1338.857421 -1339.086910 -1339.299348 -1339.498052 -1339.685676 -1339.864345 -1340.035791 -1340.201412 -1340.362369 -1340.519577 -1340.673788 -1340.825615 -1340.975538 -1341.123942 -1341.271120 -1341.417289 -1341.562583 -1341.707101 -1341.850911 -1341.993977 -1342.136291 -1342.277769 -1342.418332 -1342.557826 -1342.696143 -1342.833091 -1342.968502 -1343.102187 -1343.233938 -1343.363524 -1343.490694 -1343.615228 -1343.736876 -1343.855413 -1343.970499 -1344.081906 -1344.189346 -1344.292612 -1344.391302 -1344.485186 -1344.574025 -1344.657548 -1344.735507 -1344.807882 -1344.874541 -1344.935618 -1344.995754 -1345.184033 -1349.258832 -9999.0 -9999.0
-9999.0 -9999.0 2302.881915 2202.803312 2102.822933 2003.080975 1903.646413 1804.544446 1705.778653 1607.343363 1509.227853 1411.416379 1313.886561 1216.608403 1119.548216 1022.696278 926.081265 829.810965 734.147776 639.610913 546.771845 456.162496 368.001101 282.143378 198.304624 116.158052 35.758893 -42.716794 -119.555126 -196.287360 -274.415750 -355.932886 -443.668233 -540.581890 -648.110626 -765.751265 -889.394824 -1009.575808 -1113.929466 -1193.535241 -1247.705490 -1282.003121 -1303.209251 -1316.479617 -1325.023768 -1330.757698 -1334.630977 -1336.683388 -1337.251276 -1337.665538 -1338.018805 -1338.329467 -1338.606716 -1338.857421 -1339.086910 -1339.299348 -1339.498052 -1339.685676 -1339.864345 -1340.035791 -1340.201412 -1340.362369 -1340.519577 -1340.673788 -1340.825615 -1340.975538 -1341.123942 -1341.271120 -1341.417289 -1341.562583 -1341.707101 -1341.850911 -1341.993977 -1342.136291 -1342.277769 -1342.418332 -1342.557826 -1342.696143 -1342.833091 -1342.968502 -1343.102187 -1343.233938 -1343.363524 -1343.490694 -1343.615228 -1343.736876 -1343.855413 -1343.970499 -1344.081906 -1344.189346 -1344.292612 -1344.391302 -1344.485186 -1344.574025 -1344.657548 -1344.735507 -1344.807882 -1344.874541 -1344.935618 -1344.995754 -1345.184033 -1349.258832 -9999.0 -9999.0
-9999.0 -9999.0 2302.881915 2202.803312 2102.822933 2003.080975 1903.646413 1804.544446 1705.778653 1607.343362 1509.227852 1411.416379 1313.886561 1216.608403 1119.548216 1022.696278 926.081265 829.810965 734.147776 639.610913 546.771846 456.162496 368.001101 282.143378 198.304624 116.158052 35.758893 -42.716794 -119.555126 -196.287360 -274.415750 -355.932886 -443.668233 -540.581890 -648.110626 -765.751265 -889.394824 -1009.575808 -1113.929466 -1193.535241 -1247.705490 -1282.003121 -1303.209251 -1316.479617 -1325.023768 -1330.757698 -1334.630977 -1336.683388 -1337.251276 -1337.665538 -1338.018805 -1338.329467 -1338.606716 -1338.857421 -1339.086910 -1339.299348 -1339.498052 -1339.685676 -1339.864345 -1340.035791 -1340.201412 -1340.362369 -1340.519577 -1340.673788 -1340.825615 -1340.975538 -1341.123942 -1341.271120 -1341.417289 -1341.562583 -1341.707101 -1341.850911 -1341.993977 -1342.136291 -1342.277769 -1342.418332 -1342.557826 -1342.696143 -1342.833091 -1342.968502 -1343.102187 -1343.233938 -1343.363524 -1343.490694 -1343.615228 -1343.736876 -1343.855413 -1343.970499 -1344.081906 -1344.189346 -1344.292612 -1344.391302 -1344.485186 -1344.574025 -1344.657548 -1344.735507 -1344.807882 -1344.874541 -1344.935618 -1344.995754 -1345.184033 -1349.258832 -9999.0 -9999.0
-9999.0 -9999.0 2302.881915 2202.803312 2102.822933 2003.080975 1903.646413 1804.544446 1705.778653 1607.343362 1509.227852 1411.416379 1313.886561 1216.608403 1119.548216 1022.696278 926.081265 829.810965 734.147776 639.610913 546.771846 456.162496 368.001101 282.143378 198.304624 116.158052 35.758893 -42.716794 -119.555126 -196.287360 -274.415750 -355.932886 -443.668233 -540.581890 -648.110626 -765.751265 -889.394824 -1009.575808 -1113.929466 -1193.535241 -1247.705490 -1282.003121 -1303.209251 -1316.479617 -1325.023768 -1330.757698 -1334.630977 -1336.683388 -1337.251276 -1337.665538 -1338.018805 -1338.329467 -1338.606716 -1338.857421 -1339.086910 -1339.299348 -1339.498052 -1339.685676 -1339.864345 -1340.035791 -1340.201412 -1340.362369 -1340.519577 -1340.673788 -1340.825615 -1340.975538 -1341.123942 -1341.271120 -1341.417289 -1341.562583 -1341.707101 -1341.850911 -1341.993977 -1342.136291 -1342.277769 -1342.418332 -1342.557826 -1342.696143 -1342.833091 -1342.968502 -1343.102187 -1343.233938 -1343.363524 -1343.490694 -1343.615228 -1343.736876 -1343.855413 -1343.970499 -1344.081906 -1344.189346 -1344.292612 -1344.391302 -1344.485186 -1344.574025 -1344.657548 -1344.735507 -1344.807882 -1344.874541 -1344.935618 -1344.995754 -1345.184033 -1349.258832 -9999.0 -9999.0
-9999.0 -9999.0 2302.881915 2202.803312 2102.822933 2003.080975 1903.646413 1804.544446 1705.778653 1607.343363 1509.227852 1411.416379 1313.886561 1216.608403 1119.548216 1022.696278 926.081265 829.810965 734.147776 639.610913 546.771845 456.162496 368.001101 282.143378 198.304624 116.158052 35.758893 -42.716794 -119.555126 -196.287360 -274.415750 -355.932886 -443.668233 -540.581890 -648.110626 -765.751265 -889.394824 -1009.575808 -1113.929466 -1193.535241 -1247.705490 -1282.003121 -1303.209251 -1316.479617 -1325.023768 -1330.757698 -1334.630977 -1336.683388 -1337.251276 -1337.665538 -1338.018805 -1338.329467 -1338.606716 -1338.857421 -1339.086910 -1339.299348 -1339.498052 -1339.685676 -1339.864345 -1340.035791 -1340.201412 -1340.362369 -1340.519577 -1340.673788 -1340.825615 -1340.975538 -1341.123942 -1341.271120 -1341.417289 -1341.562583 -1341.707101 -1341.850911 -1341.993977 -1342.136291 -1342.277769 -1342.418332 -1342.557826 -1342.696143 -1342.833091 -1342.968502 -1343.102187 -1343.233938 -1343.363524 -1343.490694 -1343.615228 -1343.736876 -1343.855413 -1343.970499 -1344.081906 -1344.189346 -1344.292612 -1344.391302 -1344.485186 -1344.574025 -1344.657548 -1344.735507 -1344.807882 -1344.874541 -1344.935618 -1344.995754 -1345.184033 -1349.258832 -9999.0 -9999.0
-9999.0 -9999.0 2302.881915 2202.803312 2102.822933 2003.080975 1903.646413 1804.544446 1705.778653 1607.343363 1509.227853 1411.416379 1313.886562 1216.608403 1119.548216 1022.696278 926.081265 829.810965 734.147776 639.610913 546.771845 456.162496 368.001101 282.143378 198.304624 116.158052 35.758893 -42.716794 -119.555126 -196.287360 -274.415750 -355.932886 -443.668233 -540.581890 -648.110626 -765.751265 -889.394824 -1009.575808 -1113.929466 -1193.535241 -1247.705490 -1282.003121 -1303.209251 -1316.479617 -1325.023768 -1330.757698 -1334.630977 -1336.683388 -1337.251276 -1337.665538 -1338.018805 -1338.329467 -1338.606716 -1338.857421 -1339.086910 -1339.299348 -1339.498052 -1339.685676 -1339.864345 -1340.035791 -1340.201412 -1340.362369 -1340.519577 -1340.673788 -1340.825615 -1340.975538 -1341.123942 -1341.271120 -1341.417289 -1341.562583 -1341.707101 -1341.850911 -1341.993977 -1342.136291 -1342.277769 -1342.418332 -1342.557826 -1342.696143 -1342.833091 -1342.968502 -1343.102187 -1343.233938 -1343.363524 -1343.490694 -1343.615228 -1343.736876 -1343.855413 -1343.970499 -1344.081906 -1344.189346 -1344.292612 -1344.391302 -1344.485186 -1344.574025 -1344.657548 -1344.735507 -1344.807882 -1344.874541 -1344.935618 -1344.995754 -1345.184033 -1349.258832 -9999.0 -9999.0
-9999.0 -9999.0 -9999.0 -9999.0 -9999.0 -9999.0 -9999.0 -9999.0 -9999.0 -9999.0 -9999.0 -9999.0 -9999.0 -9999.0 -9999.0 -9999.0 -9999.0 -9999.0 -9999.0 -9999.0 -9999.0 -9999.0 -9999.0 -9999.0 -9999.0 -9999.0 -9999.0 -9999.0 -9999.0 -9999.0 -9999.0 -9999.0 -9999.0 -9999.0 -9999.0 -9999.0 -9999.0 -9999.0 -9999.0 -9999.0 -9999.0 -9999.0 -9999.0 -9999.0 -9999.0 -9999.0 -9999.0 -9999.0 -9999.0 -9999.0 -9999.0 -9999.0 -9999.0 -9999.0 -9999.0 -9999.0 -9999.0 -9999.0 -9999.0 -9999.0 -9999.0 -9999.0 -9999.0 -9999.0 -9999.0 -9999.0 -9999.0 -9999.0 -9999.0 -9999.0 -9999.0 -9999.0 -9999.0 -9999.0 -9999.0 -9999.0 -9999.0 -9999.0 -9999.0 -9999.0 -9999.0 -9999.0 -9999.0 -9999.0 -9999.0 -9999.0 -9999.0 -9999.0 -9999.0 -9999.0 -9999.0 -9999.0 -9999.0 -9999.0 -9999.0 -9999.0 -9999.0 -9999.0 -9999.0 -9999.0 -9999.0 -9999.0 -9999.0 -9999.0
-9999.0 -9999.0 -9999.0 -9999.0 -9999.0 -9999.0 -9999.0 -9999.0 -9999.0 -9999.0 -9999.0 -9999.0 -9999.0 -9999.0 -9999.0 -9999.0 -9999.0 -9999.0 -9999.0 -9999.0 -9999.0 -9999.0 -9999.0 -9999.0 -9999.0 -9999.0 -9999.0 -9999.0 -9999.0 -9999.0 -9999.0 -9999.0 -9999.0 -9999.0 -9999.0 -9999.0 -9999.0 -9999.0 -9999.0 -9999.0 -9999.0 -9999.0 -9999.0 -9999.0 -9999.0 -9999.0 -9999.0 -9999.0 -9999.0 -9999.0 -9999.0 -9999.0 -9999.0 -9999.0 -9999.0 -9999.0 -9999.0 -9999.0 -9999.0 -9999.0 -9999.0 -9999.0 -9999.0 -9999.0 -9999.0 -9999.0 -9999.0 -9999.0 -9999.0 -9999.0 -9999.0 -9999.0 -9999.0 -9999.0 -9999.0 -9999.0 -9999.0 -9999.0 -9999.0 -9999.0 -9999.0 -9999.0 -9999.0 -9999.0 -9999.0 -9999.0 -9999.0 -9999.0 -9999.0 -9999.0 -9999.0 -9999.0 -9999.0 -9999.0 -9999.0 -9999.0 -9999.0 -9999.0 -9999.0 -9999.0 -9999.0 -9999.0 -9999.0 -9999.0