examples/3D/hillslope01/output-maps-SE27XX/psiliqL0057N0002.asc
ncols         104
nrows         10
xllcorner     -2.000000
yllcorner     0.000000
cellsize      1.000000
NODATA_value  -9999.0
-9999.0 -9999.0 -9999.0 -9999.0 -9999.0 -9999.0 -9999.0 -9999.0 -9999.0 -9999.0 -9999.0 -9999.0 -9999.0 -9999.0 -9999.0 -9999.0 -9999.0 -9999.0 -9999.0 -9999.0 -9999.0 -9999.0 -9999.0 -9999.0 -9999.0 -9999.0 -9999.0 -9999.0 -9999.0 -9999.0 -9999.0 -9999.0 -9999.0 -9999.0 -9999.0 -9999.0 -9999.0 -9999.0 -9999.0 -9999.0 -9999.0 -9999.0 -9999.0 -9999.0 -9999.0 -9999.0 -9999.0 -9999.0 -9999.0 -9999.0 -9999.0 -9999.0 -9999.0 -9999.0 -9999.0 -9999.0 -9999.0 -9999.0 -9999.0 -9999.0 -9999.0 -9999.0 -9999.0 -9999.0 -9999.0 -9999.0 -9999.0 -9999.0 -9999.0 -9999.0 -9999.0 -9999.0 -9999.0 -9999.0 -9999.0 -9999.0 -9999.0 -9999.0 -9999.0 -9999.0 -9999.0 -9999.0 -9999.0 -9999.0 -9999.0 -9999.0 -9999.0 -9999.0 -9999.0 -9999.0 -9999.0 -9999.0 -9999.0 -9999.0 -9999.0 -9999.0 -9999.0 -9999.0 -9999.0 -9999.0 -9999.0 -9999.0 -9999.0 -9999.0
-9999.0 -9999.0 -9999.0 -9999.0 -9999.0 -9999.0 -9999.0 -9999.0 -9999.0 -9999.0 -9999.0 -9999.0 -9999.0 -9999.0 -9999.0 -9999.0 -9999.0 -9999.0 -9999.0 -9999.0 -9999.0 -9999.0 -9999.0 -9999.0 -9999.0 -9999.0 -9999.0 -9999.0 -9999.0 -9999.0 -9999.0 -9999.0 -9999.0 -9999.0 -9999.0 -9999.0 -9999.0 -9999.0 -9999.0 -9999.0 -9999.0 -9999.0 -9999.0 -9999.0 -9999.0 -9999.0 -9999.0 -9999.0 -9999.0 -9999.0 -9999.0 -9999.0 -9999.0 -9999.0 -9999.0 -9999.0 -9999.0 -9999.0 -9999.0 -9999.0 -9999.0 -9999.0 -9999.0 -9999.0 -9999.0 -9999.0 -9999.0 -9999.0 -9999.0 -9999.0 -9999.0 -9999.0 -9999.0 -9999.0 -9999.0 -9999.0 -9999.0 -9999.0 -9999.0 -9999.0 -9999.0 -9999.0 -9999.0 -9999.0 -9999.0 -9999.0 -9999.0 -9999.0 -9999.0 -9999.0 -9999.0 -9999.0 -9999.0 -9999.0 -9999.0 -9999.0 -9999.0 -9999.0 -9999.0 -9999.0 -9999.0 -9999.0 -9999.0 -9999.0
-9999.0 -9999.0 5831.228250 5735.113352 5642.339925 5552.078611 5463.499035 5375.926891 5288.877612 5202.028086 5115.173153 5028.187348 4940.996797 4853.560096 4765.855631 4677.873325 4589.609450 4501.063485 4412.236253 4323.128910 4233.742544 4144.078352 4054.138324 3963.926039 3873.446853 3782.707384 3691.714850 3600.476516 3508.999280 3417.289356 3325.352018 3233.191364 3140.810115 3048.209414 2955.388708 2862.345845 2769.077815 2675.582585 2581.861268 2487.917431 2393.755709 2299.380918 2204.797636 2110.009999 2015.021606 1919.835467 1824.453971 1728.878870 1633.111258 1537.151565 1440.999547 1344.654275 1248.114131 1151.376797 1054.439242 957.297708 859.947685 762.383871 664.600117 566.589335 468.343353 369.852694 271.106211 172.090515 72.789087 -26.761594 -125.439909 -215.490812 -283.862396 -327.242680 -352.472881 -367.143846 -375.961981 -381.400751 -384.837133 -387.110881 -388.724757 -389.957737 -390.956170 -391.799824 -392.534847 -393.189241 -393.780957 -394.322047 -394.820929 -395.283704 -395.715035 -396.118782 -396.498694 -396.859356 -397.208353 -397.562181 -397.964337 -398.541173 -399.675590 -402.549034 -410.958370 -439.271763 -563.094124 -755.894122 -766.435617 -781.062660 -9999.0 -9999.0
-9999.0 -9999.0 5831.228795 5735.113786 5642.340213 5552.078778 5463.499122 5375.926933 5288.877631 5202.028095 5115.173157 5028.187350 4940.996798 4853.560096 4765.855631 4677.873325 4589.609450 4501.063485 4412.236253 4323.128910 4233.742543 4144.078352 4054.138324 3963.926039 3873.446853 3782.707384 3691.714850 3600.476515 3508.999279 3417.289356 3325.352017 3233.191364 3140.810115 3048.209414 2955.388708 2862.345845 2769.077815 2675.582586 2581.861268 2487.917432 2393.755709 2299.380918 2204.797636 2110.009999 2015.021606 1919.835467 1824.453972 1728.878870 1633.111258 1537.151565 1440.999547 1344.654275 1248.114131 1151.376797 1054.439242 957.297708 859.947685 762.383871 664.600117 566.589335 468.343353 369.852694 271.106211 172.090515 72.789087 -26.761594 -125.439909 -215.490812 -283.862396 -327.242680 -352.472881 -367.143846 -375.961981 -381.400752 -384.837133 -387.110881 -388.724757 -389.957738 -390.956170 -391.799825 -392.534847 -393.189241 -393.780958 -394.322048 -394.820930 -395.283704 -395.715036 -396.118782 -396.498694 -396.859357 -397.208353 -397.562181 -397.964337 -398.541173 -399.675591 -402.549035 -410.958372 -439.271769 -563.094144 -755.894124 -766.435617 -781.062660 -9999.0 -9999.0
-9999.0 -9999.0 5831.229320 5735.114206 5642.340494 5552.078942 5463.499209 5375.926976 5288.877651 5202.028104 5115.173161 5028.187351 4940.996798 4853.560097 4765.855631 4677.873325 4589.609450 4501.063485 4412.236253 4323.128910 4233.742543 4144.078352 4054.138323 3963.926039 3873.446853 3782.707384 3691.714850 3600.476515 3508.999279 3417.289356 3325.352017 3233.191364 3140.810115 3048.209414 2955.388708 2862.345846 2769.077815 2675.582586 2581.861268 2487.917432 2393.755709 2299.380918 2204.797636 2110.009999 2015.021606 1919.835467 1824.453972 1728.878870 1633.111258 1537.151565 1440.999547 1344.654275 1248.114131 1151.376797 1054.439242 957.297708 859.947685 762.383871 664.600117 566.589335 468.343353 369.852694 271.106211 172.090515 72.789087 -26.761594 -125.439909 -215.490812 -283.862396 -327.242680 -352.472881 -367.143846 -375.961982 -381.400752 -384.837134 -387.110882 -388.724758 -389.957738 -390.956171 -391.799825 -392.534848 -393.189242 -393.780958 -394.322048 -394.820930 -395.283705 -395.715036 -396.118783 -396.498695 -396.859357 -397.208354 -397.562182 -397.964338 -398.541174 -399.675592 -402.549036 -410.958373 -439.271775 -563.094164 -755.894127 -766.435617 -781.062660 -9999.0 -9999.0
-9999.0 -9999.0 5831.229320 5735.114206 5642.340494 5552.078942 5463.499209 5375.926976 5288.877651 5202.028104 5115.173161 5028.187351 4940.996798 4853.560097 4765.855631 4677.873325 4589.609450 4501.063485 4412.236253 4323.128910 4233.742543 4144.078352 4054.138323 3963.926039 3873.446853 3782.707384 3691.714850 3600.476515 3508.999279 3417.289356 3325.352017 3233.191364 3140.810115 3048.209414 2955.388708 2862.345846 2769.077815 2675.582586 2581.861268 2487.917432 2393.755709 2299.380918 2204.797636 2110.009999 2015.021606 1919.835467 1824.453972 1728.878870 1633.111258 1537.151565 1440.999547 1344.654275 1248.114131 1151.376797 1054.439242 957.297708 859.947685 762.383871 664.600117 566.589335 468.343353 369.852694 271.106211 172.090515 72.789087 -26.761594 -125.439909 -215.490812 -283.862396 -327.242680 -352.472881 -367.143846 -375.961982 -381.400752 -384.837134 -387.110882 -388.724758 -389.957738 -390.956171 -391.799825 -392.534848 -393.189242 -393.780958 -394.322048 -394.820930 -395.283705 -395.715036 -396.118783 -396.498695 -396.859357 -397.208354 -397.562182 -397.964338 -398.541174 -399.675592 -402.549036 -410.958373 -439.271775 -563.094164 -755.894127 -766.435617 -781.062660 -9999.0 -9999.0
-9999.0 -9999.0 5831.228795 5735.113786 5642.340213 5552.078778 5463.499122 5375.926933 5288.877631 5202.028095 5115.173157 5028.187350 4940.996798 4853.560096 4765.855631 4677.873325 4589.609450 4501.063485 4412.236253 4323.128910 4233.742543 4144.078352 4054.138324 3963.926039 3873.446853 3782.707384 3691.714850 3600.476515 3508.999279 3417.289356 3325.352017 3233.191364 3140.810115 3048.209414 2955.388708 2862.345845 2769.077815 2675.582586 2581.861268 2487.917432 2393.755709 2299.380918 2204.797636 2110.009999 2015.021606 1919.835467 1824.453972 1728.878870 1633.111258 1537.151565 1440.999547 1344.654275 1248.114131 1151.376797 1054.439242 957.297708 859.947685 762.383871 664.600117 566.589335 468.343353 369.852694 271.106211 172.090515 72.789087 -26.761594 -125.439909 -215.490812 -283.862396 -327.242680 -352.472881 -367.143846 -375.961981 -381.400752 -384.837133 -387.110881 -388.724757 -389.957738 -390.956170 -391.799825 -392.534847 -393.189241 -393.780958 -394.322048 -394.820930 -395.283704 -395.715036 -396.118782 -396.498694 -396.859357 -397.208353 -397.562181 -397.964337 -398.541173 -399.675591 -402.549035 -410.958372 -439.271769 -563.094144 -755.894124 -766.435617 -781.062660 -9999.0 -9999.0
-9999.0 -9999.0 5831.228250 5735.113352 5642.339925 5552.078611 5463.499035 5375.926891 5288.877612 5202.028086 5115.173153 5028.187348 4940.996797 4853.560096 4765.855631 4677.873325 4589.609450 4501.063485 4412.236253 4323.128910 4233.742544 4144.078352 4054.138324 3963.926039 3873.446853 3782.707384 3691.714850 3600.476516 3508.999280 3417.289356 3325.352018 3233.191364 3140.810115 3048.209414 2955.388708 2862.345845 2769.077815 2675.582585 2581.861268 2487.917431 2393.755709 2299.380918 2204.797636 2110.009999 2015.021606 1919.835467 1824.453971 1728.878870 1633.111258 1537.151565 1440.999547 1344.654275 1248.114131 1151.376797 1054.439242 957.297708 859.947685 762.383871 664.600117 566.589335 468.343353 369.852694 271.106211 172.090515 72.789087 -26.761594 -125.439909 -215.490812 -283.862396 -327.242680 -352.472881 -367.143846 -375.961981 -381.400751 -384.837133 -387.110881 -388.724757 -389.957737 -390.956170 -391.799824 -392.534847 -393.189241 -393.780957 -394.322047 -394.820929 -395.283704 -395.715035 -396.118782 -396.498694 -396.859356 -397.208353 -397.562181 -397.964337 -398.541173 -399.675590 -402.549034 -410.958370 -439.271763 -563.094124 -755.894122 -766.435617 -781.062660 -9999.0 -9999.0
-9999.0 -9999.0 -9999.0 -9999.0 -9999.0 -9999.0 -9999.0 -9999.0 -9999.0 -9999.0 -9999.0 -9999.0 -9999.0 -9999.0 -9999.0 -9999.0 -9999.0 -9999.0 -9999.0 -9999.0 -9999.0 -9999.0 -9999.0 -9999.0 -9999.0 -9999.0 -9999.0 -9999.0 -9999.0 -9999.0 -9999.0 -9999.0 -9999.0 -9999.0 -9999.0 -9999.0 -9999.0 -9999.0 -9999.0 -9999.0 -9999.0 -9999.0 -9999.0 -9999.0 -9999.0 -9999.0 -9999.0 -9999.0 -9999.0 -9999.0 -9999.0 -9999.0 -9999.0 -9999.0 -9999.0 -9999.0 -9999.0 -9999.0 -9999.0 -9999.0 -9999.0 -9999.0 -9999.0 -9999.0 -9999.0 -9999.0 -9999.0 -9999.0 -9999.0 -9999.0 -9999.0 -9999.0 -9999.0 -9999.0 -9999.0 -9999.0 -9999.0 -9999.0 -9999.0 -9999.0 -9999.0 -9999.0 -9999.0 -9999.0 -9999.0 -9999.0 -9999.0 -9999.0 -9999.0 -9999.0 -9999.0 -9999.0 -9999.0 -9999.0 -9999.0 -9999.0 -9999.0 -9999.0 -9999.0 -9999.0 -9999.0 -9999.0 -9999.0 -9999.0
-9999.0 -9999.0 -9999.0 -9999.0 -9999.0 -9999.0 -9999.0 -9999.0 -9999.0 -9999.0 -9999.0 -9999.0 -9999.0 -9999.0 -9999.0 -9999.0 -9999.0 -9999.0 -9999.0 -9999.0 -9999.0 -9999.0 -9999.0 -9999.0 -9999.0 -9999.0 -9999.0 -9999.0 -9999.0 -9999.0 -9999.0 -9999.0 -9999.0 -9999.0 -9999.0 -9999.0 -9999.0 -9999.0 -9999.0 -9999.0 -9999.0 -9999.0 -9999.0 -9999.0 -9999.0 -9999.0 -9999.0 -9999.0 -9999.0 -9999.0 -9999.0 -9999.0 -9999.0 -9999.0 -9999.0 -9999.0 -9999.0 -9999.0 -9999.0 -9999.0 -9999.0 -9999.0 -9999.0 -9999.0 -9999.0 -9999.0 -9999.0 -9999.0 -9999.0 -9999.0 -9999.0 -9999.0 -9999.0 -9999.0 -9999.0 -9999.0 -9999.0 -9999.0 -9999.0 -9999.0 -9999.0 -9999.0 -9999.0 -9999.0 -9999.0 -9999.0 -9999.0 -9999.0 -9999.0 -9999.0 -9999.0 -9999.0 -9999.0 -9999.0 -9999.0 -9999.0 -9999.0 -9999.0 -9999.0 -9999.0 -9999.0 -9999.0 -9999.0 -9999.0