examples/3D/hillslope01/output-maps-SE27XX/psiliqL0065N0003.asc
ncols         104
nrows         10
xllcorner     -2.000000
yllcorner     0.000000
cellsize      1.000000
NODATA_value  -9999.0
-9999.0 -9999.0 -9999.0 -9999.0 -9999.0 -9999.0 -9999.0 -9999.0 -9999.0 -9999.0 -9999.0 -9999.0 -9999.0 -9999.0 -9999.0 -9999.0 -9999.0 -9999.0 -9999.0 -9999.0 -9999.0 -9999.0 -9999.0 -9999.0 -9999.0 -9999.0 -9999.0 -9999.0 -9999.0 -9999.0 -9999.0 -9999.0 -9999.0 -9999.0 -9999.0 -9999.0 -9999.0 -9999.0 -9999.0 -9999.0 -9999.0 -9999.0 -9999.0 -9999.0 -9999.0 -9999.0 -9999.0 -9999.0 -9999.0 -9999.0 -9999.0 -9999.0 -9999.0 -9999.0 -9999.0 -9999.0 -9999.0 -9999.0 -9999.0 -9999.0 -9999.0 -9999.0 -9999.0 -9999.0 -9999.0 -9999.0 -9999.0 -9999.0 -9999.0 -9999.0 -9999.0 -9999.0 -9999.0 -9999.0 -9999.0 -9999.0 -9999.0 -9999.0 -9999.0 -9999.0 -9999.0 -9999.0 -9999.0 -9999.0 -9999.0 -9999.0 -9999.0 -9999.0 -9999.0 -9999.0 -9999.0 -9999.0 -9999.0 -9999.0 -9999.0 -9999.0 -9999.0 -9999.0 -9999.0 -9999.0 -9999.0 -9999.0 -9999.0 -9999.0
-9999.0 -9999.0 -9999.0 -9999.0 -9999.0 -9999.0 -9999.0 -9999.0 -9999.0 -9999.0 -9999.0 -9999.0 -9999.0 -9999.0 -9999.0 -9999.0 -9999.0 -9999.0 -9999.0 -9999.0 -9999.0 -9999.0 -9999.0 -9999.0 -9999.0 -9999.0 -9999.0 -9999.0 -9999.0 -9999.0 -9999.0 -9999.0 -9999.0 -9999.0 -9999.0 -9999.0 -9999.0 -9999.0 -9999.0 -9999.0 -9999.0 -9999.0 -9999.0 -9999.0 -9999.0 -9999.0 -9999.0 -9999.0 -9999.0 -9999.0 -9999.0 -9999.0 -9999.0 -9999.0 -9999.0 -9999.0 -9999.0 -9999.0 -9999.0 -9999.0 -9999.0 -9999.0 -9999.0 -9999.0 -9999.0 -9999.0 -9999.0 -9999.0 -9999.0 -9999.0 -9999.0 -9999.0 -9999.0 -9999.0 -9999.0 -9999.0 -9999.0 -9999.0 -9999.0 -9999.0 -9999.0 -9999.0 -9999.0 -9999.0 -9999.0 -9999.0 -9999.0 -9999.0 -9999.0 -9999.0 -9999.0 -9999.0 -9999.0 -9999.0 -9999.0 -9999.0 -9999.0 -9999.0 -9999.0 -9999.0 -9999.0 -9999.0 -9999.0 -9999.0
-9999.0 -9999.0 6612.535187 6515.577326 6421.371411 6329.453386 6239.323970 6150.540199 6062.750610 5975.694185 5889.184121 5803.089203 5717.318050 5631.807301 5546.513110 5461.404967 5376.461121 5291.665397 5207.005295 5122.471019 5038.055055 4953.751806 4869.556847 4785.465812 4701.473836 4617.575742 4533.766674 4450.042721 4366.400899 4282.838097 4199.349954 4115.930868 4032.574953 3949.277339 3866.034881 3782.845055 3699.703430 3616.603253 3533.536813 3450.497565 3367.482038 3284.489066 3201.514391 3118.549825 3035.585264 2952.611794 2869.625236 2786.626773 2703.613011 2620.574362 2537.497934 2454.371453 2371.188594 2287.953024 2204.664330 2121.312458 2037.881773 1954.355420 1870.721106 1786.980880 1703.144652 1619.204416 1535.142937 1450.939423 1366.572197 1282.026263 1197.321886 1112.466547 1027.444990 942.236411 856.817958 771.163642 685.243856 599.066755 512.669571 426.030748 339.127727 251.939224 164.443468 76.616392 -11.548048 -99.376192 -184.171422 -259.882653 -319.568543 -360.739938 -386.211194 -400.820244 -408.797341 -413.016388 -415.199634 -416.311266 -416.870537 -417.151713 -417.302270 -417.416533 -417.601377 -418.090505 -419.557776 -424.189276 -440.379218 -519.069394 -9999.0 -9999.0
-9999.0 -9999.0 6612.535393 6515.577495 6421.371529 6329.453459 6239.324011 6150.540220 6062.750620 5975.694190 5889.184124 5803.089204 5717.318051 5631.807301 5546.513110 5461.404968 5376.461121 5291.665397 5207.005295 5122.471019 5038.055055 4953.751806 4869.556847 4785.465812 4701.473836 4617.575742 4533.766674 4450.042721 4366.400899 4282.838097 4199.349954 4115.930868 4032.574953 3949.277339 3866.034881 3782.845055 3699.703430 3616.603253 3533.536813 3450.497565 3367.482038 3284.489066 3201.514391 3118.549825 3035.585264 2952.611794 2869.625236 2786.626773 2703.613011 2620.574362 2537.497934 2454.371453 2371.188594 2287.953024 2204.664330 2121.312458 2037.881773 1954.355420 1870.721106 1786.980880 1703.144652 1619.204416 1535.142937 1450.939423 1366.572197 1282.026263 1197.321886 1112.466547 1027.444989 942.236411 856.817958 771.163642 685.243856 599.066755 512.669571 426.030748 339.127727 251.939224 164.443468 76.616392 -11.548048 -99.376192 -184.171422 -259.882653 -319.568543 -360.739938 -386.211194 -400.820244 -408.797341 -413.016388 -415.199634 -416.311266 -416.870537 -417.151713 -417.302270 -417.416533 -417.601377 -418.090505 -419.557776 -424.189276 -440.379218 -519.069398 -9999.0 -9999.0
-9999.0 -9999.0 6612.535594 6515.577661 6421.371646 6329.453531 6239.324051 6150.540241 6062.750630 5975.694195 5889.184126 5803.089205 5717.318052 5631.807302 5546.513110 5461.404968 5376.461121 5291.665397 5207.005295 5122.471019 5038.055055 4953.751806 4869.556847 4785.465812 4701.473837 4617.575742 4533.766674 4450.042721 4366.400899 4282.838097 4199.349954 4115.930868 4032.574953 3949.277339 3866.034880 3782.845055 3699.703430 3616.603253 3533.536813 3450.497565 3367.482038 3284.489066 3201.514391 3118.549825 3035.585264 2952.611793 2869.625236 2786.626773 2703.613011 2620.574362 2537.497934 2454.371453 2371.188594 2287.953024 2204.664330 2121.312458 2037.881773 1954.355419 1870.721106 1786.980880 1703.144652 1619.204416 1535.142937 1450.939423 1366.572197 1282.026263 1197.321886 1112.466547 1027.444989 942.236411 856.817958 771.163642 685.243856 599.066755 512.669571 426.030748 339.127727 251.939224 164.443468 76.616391 -11.548048 -99.376193 -184.171422 -259.882653 -319.568543 -360.739938 -386.211194 -400.820244 -408.797341 -413.016388 -415.199634 -416.311266 -416.870537 -417.151713 -417.302270 -417.416533 -417.601377 -418.090505 -419.557776 -424.189276 -440.379218 -519.069402 -9999.0 -9999.0
-9999.0 -9999.0 6612.535594 6515.577661 6421.371646 6329.453531 6239.324051 6150.540241 6062.750630 5975.694195 5889.184126 5803.089205 5717.318051 5631.807302 5546.513110 5461.404968 5376.461121 5291.665398 5207.005295 5122.471019 5038.055055 4953.751806 4869.556847 4785.465812 4701.473837 4617.575742 4533.766674 4450.042721 4366.400899 4282.838097 4199.349954 4115.930868 4032.574953 3949.277339 3866.034880 3782.845055 3699.703430 3616.603253 3533.536813 3450.497565 3367.482038 3284.489066 3201.514391 3118.549825 3035.585264 2952.611793 2869.625236 2786.626773 2703.613011 2620.574362 2537.497934 2454.371453 2371.188594 2287.953024 2204.664330 2121.312458 2037.881773 1954.355419 1870.721106 1786.980880 1703.144652 1619.204416 1535.142937 1450.939423 1366.572197 1282.026263 1197.321886 1112.466547 1027.444989 942.236411 856.817958 771.163642 685.243856 599.066755 512.669571 426.030748 339.127727 251.939224 164.443468 76.616391 -11.548048 -99.376193 -184.171422 -259.882653 -319.568543 -360.739938 -386.211194 -400.820244 -408.797341 -413.016388 -415.199634 -416.311266 -416.870537 -417.151713 -417.302270 -417.416533 -417.601377 -418.090505 -419.557776 -424.189276 -440.379218 -519.069402 -9999.0 -9999.0
-9999.0 -9999.0 6612.535393 6515.577495 6421.371529 6329.453459 6239.324011 6150.540220 6062.750620 5975.694190 5889.184124 5803.089204 5717.318051 5631.807301 5546.513110 5461.404968 5376.461121 5291.665397 5207.005295 5122.471019 5038.055055 4953.751806 4869.556847 4785.465812 4701.473836 4617.575742 4533.766674 4450.042721 4366.400899 4282.838097 4199.349954 4115.930868 4032.574953 3949.277339 3866.034880 3782.845055 3699.703430 3616.603253 3533.536813 3450.497565 3367.482038 3284.489066 3201.514391 3118.549825 3035.585264 2952.611794 2869.625236 2786.626773 2703.613011 2620.574362 2537.497934 2454.371453 2371.188594 2287.953024 2204.664330 2121.312458 2037.881773 1954.355420 1870.721106 1786.980880 1703.144652 1619.204416 1535.142937 1450.939423 1366.572197 1282.026263 1197.321886 1112.466547 1027.444989 942.236411 856.817958 771.163642 685.243856 599.066755 512.669571 426.030748 339.127727 251.939224 164.443468 76.616392 -11.548048 -99.376192 -184.171422 -259.882653 -319.568543 -360.739938 -386.211194 -400.820244 -408.797341 -413.016388 -415.199634 -416.311266 -416.870537 -417.151713 -417.302270 -417.416533 -417.601377 -418.090505 -419.557776 -424.189276 -440.379218 -519.069398 -9999.0 -9999.0
-9999.0 -9999.0 6612.535187 6515.577326 6421.371411 6329.453386 6239.323970 6150.540199 6062.750610 5975.694185 5889.184121 5803.089203 5717.318050 5631.807301 5546.513110 5461.404967 5376.461120 5291.665397 5207.005295 5122.471019 5038.055054 4953.751806 4869.556847 4785.465812 4701.473836 4617.575742 4533.766674 4450.042721 4366.400899 4282.838097 4199.349954 4115.930868 4032.574953 3949.277339 3866.034881 3782.845055 3699.703430 3616.603253 3533.536813 3450.497565 3367.482038 3284.489066 3201.514391 3118.549825 3035.585264 2952.611794 2869.625236 2786.626773 2703.613011 2620.574362 2537.497934 2454.371453 2371.188594 2287.953024 2204.664330 2121.312458 2037.881773 1954.355420 1870.721106 1786.980880 1703.144652 1619.204416 1535.142937 1450.939423 1366.572197 1282.026263 1197.321886 1112.466547 1027.444990 942.236411 856.817958 771.163642 685.243856 599.066755 512.669571 426.030748 339.127727 251.939224 164.443468 76.616392 -11.548048 -99.376192 -184.171422 -259.882653 -319.568543 -360.739938 -386.211194 -400.820244 -408.797341 -413.016388 -415.199634 -416.311266 -416.870537 -417.151713 -417.302270 -417.416533 -417.601377 -418.090505 -419.557776 -424.189276 -440.379218 -519.069394 -9999.0 -9999.0
-9999.0 -9999.0 -9999.0 -9999.0 -9999.0 -9999.0 -9999.0 -9999.0 -9999.0 -9999.0 -9999.0 -9999.0 -9999.0 -9999.0 -9999.0 -9999.0 -9999.0 -9999.0 -9999.0 -9999.0 -9999.0 -9999.0 -9999.0 -9999.0 -9999.0 -9999.0 -9999.0 -9999.0 -9999.0 -9999.0 -9999.0 -9999.0 -9999.0 -9999.0 -9999.0 -9999.0 -9999.0 -9999.0 -9999.0 -9999.0 -9999.0 -9999.0 -9999.0 -9999.0 -9999.0 -9999.0 -9999.0 -9999.0 -9999.0 -9999.0 -9999.0 -9999.0 -9999.0 -9999.0 -9999.0 -9999.0 -9999.0 -9999.0 -9999.0 -9999.0 -9999.0 -9999.0 -9999.0 -9999.0 -9999.0 -9999.0 -9999.0 -9999.0 -9999.0 -9999.0 -9999.0 -9999.0 -9999.0 -9999.0 -9999.0 -9999.0 -9999.0 -9999.0 -9999.0 -9999.0 -9999.0 -9999.0 -9999.0 -9999.0 -9999.0 -9999.0 -9999.0 -9999.0 -9999.0 -9999.0 -9999.0 -9999.0 -9999.0 -9999.0 -9999.0 -9999.0 -9999.0 -9999.0 -9999.0 -9999.0 -9999.0 -9999.0 -9999.0 -9999.0
-9999.0 -9999.0 -9999.0 -9999.0 -9999.0 -9999.0 -9999.0 -9999.0 -9999.0 -9999.0 -9999.0 -9999.0 -9999.0 -9999.0 -9999.0 -9999.0 -9999.0 -9999.0 -9999.0 -9999.0 -9999.0 -9999.0 -9999.0 -9999.0 -9999.0 -9999.0 -9999.0 -9999.0 -9999.0 -9999.0 -9999.0 -9999.0 -9999.0 -9999.0 -9999.0 -9999.0 -9999.0 -9999.0 -9999.0 -9999.0 -9999.0 -9999.0 -9999.0 -9999.0 -9999.0 -9999.0 -9999.0 -9999.0 -9999.0 -9999.0 -9999.0 -9999.0 -9999.0 -9999.0 -9999.0 -9999.0 -9999.0 -9999.0 -9999.0 -9999.0 -9999.0 -9999.0 -9999.0 -9999.0 -9999.0 -9999.0 -9999.0 -9999.0 -9999.0 -9999.0 -9999.0 -9999.0 -9999.0 -9999.0 -9999.0 -9999.0 -9999.0 -9999.0 -9999.0 -9999.0 -9999.0 -9999.0 -9999.0 -9999.0 -9999.0 -9999.0 -9999.0 -9999.0 -9999.0 -9999.0 -9999.0 -9999.0 -9999.0 -9999.0 -9999.0 -9999.0 -9999.0 -9999.0 -9999.0 -9999.0 -9999.0 -9999.0 -9999.0 -9999.0