examples/3D/hillslope01/output-maps-SE27XX/psiliqL0031N0003.asc
ncols         104
nrows         10
xllcorner     -2.000000
yllcorner     0.000000
cellsize      1.000000
NODATA_value  -9999.0
-9999.0 -9999.0 -9999.0 -9999.0 -9999.0 -9999.0 -9999.0 -9999.0 -9999.0 -9999.0 -9999.0 -9999.0 -9999.0 -9999.0 -9999.0 -9999.0 -9999.0 -9999.0 -9999.0 -9999.0 -9999.0 -9999.0 -9999.0 -9999.0 -9999.0 -9999.0 -9999.0 -9999.0 -9999.0 -9999.0 -9999.0 -9999.0 -9999.0 -9999.0 -9999.0 -9999.0 -9999.0 -9999.0 -9999.0 -9999.0 -9999.0 -9999.0 -9999.0 -9999.0 -9999.0 -9999.0 -9999.0 -9999.0 -9999.0 -9999.0 -9999.0 -9999.0 -9999.0 -9999.0 -9999.0 -9999.0 -9999.0 -9999.0 -9999.0 -9999.0 -9999.0 -9999.0 -9999.0 -9999.0 -9999.0 -9999.0 -9999.0 -9999.0 -9999.0 -9999.0 -9999.0 -9999.0 -9999.0 -9999.0 -9999.0 -9999.0 -9999.0 -9999.0 -9999.0 -9999.0 -9999.0 -9999.0 -9999.0 -9999.0 -9999.0 -9999.0 -9999.0 -9999.0 -9999.0 -9999.0 -9999.0 -9999.0 -9999.0 -9999.0 -9999.0 -9999.0 -9999.0 -9999.0 -9999.0 -9999.0 -9999.0 -9999.0 -9999.0 -9999.0
-9999.0 -9999.0 -9999.0 -9999.0 -9999.0 -9999.0 -9999.0 -9999.0 -9999.0 -9999.0 -9999.0 -9999.0 -9999.0 -9999.0 -9999.0 -9999.0 -9999.0 -9999.0 -9999.0 -9999.0 -9999.0 -9999.0 -9999.0 -9999.0 -9999.0 -9999.0 -9999.0 -9999.0 -9999.0 -9999.0 -9999.0 -9999.0 -9999.0 -9999.0 -9999.0 -9999.0 -9999.0 -9999.0 -9999.0 -9999.0 -9999.0 -9999.0 -9999.0 -9999.0 -9999.0 -9999.0 -9999.0 -9999.0 -9999.0 -9999.0 -9999.0 -9999.0 -9999.0 -9999.0 -9999.0 -9999.0 -9999.0 -9999.0 -9999.0 -9999.0 -9999.0 -9999.0 -9999.0 -9999.0 -9999.0 -9999.0 -9999.0 -9999.0 -9999.0 -9999.0 -9999.0 -9999.0 -9999.0 -9999.0 -9999.0 -9999.0 -9999.0 -9999.0 -9999.0 -9999.0 -9999.0 -9999.0 -9999.0 -9999.0 -9999.0 -9999.0 -9999.0 -9999.0 -9999.0 -9999.0 -9999.0 -9999.0 -9999.0 -9999.0 -9999.0 -9999.0 -9999.0 -9999.0 -9999.0 -9999.0 -9999.0 -9999.0 -9999.0 -9999.0
-9999.0 -9999.0 3193.172167 3102.074513 3016.355452 2932.837645 2849.813902 2766.600830 2683.014782 2599.074752 2514.854600 2430.431852 2345.873772 2261.236154 2176.568202 2091.918917 2007.323697 1922.800172 1838.354172 1753.984504 1669.687504 1585.467643 1501.358497 1417.364053 1333.473891 1249.671910 1165.938821 1082.259156 998.660859 915.177521 831.795248 748.490126 665.232883 581.987406 498.751108 415.643515 332.630756 249.678259 166.750420 83.796158 0.701026 -81.895218 -163.296160 -241.452941 -312.807091 -373.361156 -420.633334 -454.638758 -477.632435 -492.471723 -501.734882 -507.383502 -510.769264 -512.768863 -513.939935 -514.620666 -515.013631 -515.238991 -515.367409 -515.440052 -515.480870 -515.503674 -515.516338 -515.523326 -515.527157 -515.529243 -515.530372 -515.530978 -515.531301 -515.531472 -515.531562 -515.531609 -515.531633 -515.531646 -515.531652 -515.531655 -515.531657 -515.531658 -515.531658 -515.531658 -515.531658 -515.531658 -515.531658 -515.531658 -515.531659 -515.531659 -515.531659 -515.531659 -515.531660 -515.531663 -515.531676 -515.531724 -515.531898 -515.532532 -515.534812 -515.542905 -515.571199 -515.668941 -516.006622 -517.197622 -521.574383 -538.849712 -9999.0 -9999.0
-9999.0 -9999.0 3193.181842 3102.080499 3016.358369 2932.838910 2849.814420 2766.601035 2683.014862 2599.074783 2514.854612 2430.431857 2345.873773 2261.236155 2176.568203 2091.918917 2007.323697 1922.800172 1838.354172 1753.984504 1669.687504 1585.467643 1501.358497 1417.364053 1333.473891 1249.671910 1165.938821 1082.259156 998.660859 915.177521 831.795248 748.490126 665.232883 581.987406 498.751108 415.643515 332.630756 249.678259 166.750420 83.796158 0.701026 -81.895218 -163.296161 -241.452941 -312.807091 -373.361156 -420.633334 -454.638758 -477.632435 -492.471723 -501.734882 -507.383502 -510.769264 -512.768863 -513.939935 -514.620666 -515.013631 -515.238991 -515.367409 -515.440052 -515.480870 -515.503674 -515.516338 -515.523326 -515.527157 -515.529243 -515.530372 -515.530978 -515.531301 -515.531472 -515.531562 -515.531609 -515.531633 -515.531646 -515.531652 -515.531655 -515.531657 -515.531658 -515.531658 -515.531658 -515.531658 -515.531658 -515.531658 -515.531658 -515.531658 -515.531659 -515.531659 -515.531659 -515.531660 -515.531663 -515.531676 -515.531724 -515.531898 -515.532532 -515.534812 -515.542905 -515.571199 -515.668941 -516.006622 -517.197622 -521.574383 -538.849712 -9999.0 -9999.0
-9999.0 -9999.0 3193.189365 3102.085392 3016.360892 2932.840057 2849.814906 2766.601233 2683.014941 2599.074814 2514.854624 2430.431861 2345.873775 2261.236156 2176.568203 2091.918917 2007.323697 1922.800172 1838.354172 1753.984504 1669.687504 1585.467643 1501.358497 1417.364053 1333.473891 1249.671910 1165.938821 1082.259156 998.660859 915.177521 831.795248 748.490126 665.232882 581.987406 498.751108 415.643515 332.630756 249.678259 166.750420 83.796158 0.701026 -81.895218 -163.296161 -241.452941 -312.807091 -373.361156 -420.633334 -454.638758 -477.632435 -492.471723 -501.734882 -507.383502 -510.769264 -512.768863 -513.939935 -514.620666 -515.013631 -515.238991 -515.367409 -515.440052 -515.480870 -515.503674 -515.516338 -515.523326 -515.527157 -515.529243 -515.530372 -515.530978 -515.531301 -515.531472 -515.531562 -515.531609 -515.531633 -515.531646 -515.531652 -515.531655 -515.531657 -515.531658 -515.531658 -515.531658 -515.531658 -515.531658 -515.531658 -515.531658 -515.531658 -515.531659 -515.531659 -515.531659 -515.531660 -515.531663 -515.531676 -515.531724 -515.531898 -515.532532 -515.534812 -515.542905 -515.571199 -515.668941 -516.006622 -517.197622 -521.574383 -538.849712 -9999.0 -9999.0
-9999.0 -9999.0 3193.189365 3102.085392 3016.360892 2932.840057 2849.814906 2766.601233 2683.014941 2599.074814 2514.854624 2430.431861 2345.873775 2261.236156 2176.568203 2091.918917 2007.323697 1922.800172 1838.354172 1753.984504 1669.687504 1585.467643 1501.358497 1417.364053 1333.473891 1249.671910 1165.938821 1082.259156 998.660859 915.177521 831.795248 748.490126 665.232883 581.987406 498.751108 415.643515 332.630756 249.678259 166.750420 83.796158 0.701026 -81.895218 -163.296161 -241.452941 -312.807091 -373.361156 -420.633334 -454.638758 -477.632435 -492.471723 -501.734882 -507.383502 -510.769264 -512.768863 -513.939935 -514.620666 -515.013631 -515.238991 -515.367409 -515.440052 -515.480870 -515.503674 -515.516338 -515.523326 -515.527157 -515.529243 -515.530372 -515.530978 -515.531301 -515.531472 -515.531562 -515.531609 -515.531633 -515.531646 -515.531652 -515.531655 -515.531657 -515.531658 -515.531658 -515.531658 -515.531658 -515.531658 -515.531658 -515.531658 -515.531658 -515.531659 -515.531659 -515.531659 -515.531660 -515.531663 -515.531676 -515.531724 -515.531898 -515.532532 -515.534812 -515.542905 -515.571199 -515.668941 -516.006622 -517.197622 -521.574383 -538.849712 -9999.0 -9999.0
-9999.0 -9999.0 3193.181842 3102.080499 3016.358369 2932.838910 2849.814420 2766.601035 2683.014862 2599.074783 2514.854612 2430.431857 2345.873773 2261.236155 2176.568203 2091.918917 2007.323697 1922.800172 1838.354172 1753.984504 1669.687504 1585.467643 1501.358497 1417.364053 1333.473891 1249.671910 1165.938821 1082.259156 998.660859 915.177521 831.795248 748.490126 665.232883 581.987406 498.751108 415.643515 332.630756 249.678259 166.750420 83.796158 0.701026 -81.895218 -163.296161 -241.452941 -312.807091 -373.361156 -420.633334 -454.638758 -477.632435 -492.471723 -501.734882 -507.383502 -510.769264 -512.768863 -513.939935 -514.620666 -515.013631 -515.238991 -515.367409 -515.440052 -515.480870 -515.503674 -515.516338 -515.523326 -515.527157 -515.529243 -515.530372 -515.530978 -515.531301 -515.531472 -515.531562 -515.531609 -515.531633 -515.531646 -515.531652 -515.531655 -515.531657 -515.531658 -515.531658 -515.531658 -515.531658 -515.531658 -515.531658 -515.531658 -515.531658 -515.531659 -515.531659 -515.531659 -515.531660 -515.531663 -515.531676 -515.531724 -515.531898 -515.532532 -515.534812 -515.542905 -515.571199 -515.668941 -516.006622 -517.197622 -521.574383 -538.849712 -9999.0 -9999.0
-9999.0 -9999.0 3193.172167 3102.074513 3016.355452 2932.837645 2849.813902 2766.600830 2683.014782 2599.074752 2514.854600 2430.431852 2345.873772 2261.236154 2176.568202 2091.918917 2007.323697 1922.800172 1838.354172 1753.984504 1669.687504 1585.467643 1501.358496 1417.364053 1333.473891 1249.671910 1165.938821 1082.259156 998.660859 915.177521 831.795248 748.490126 665.232883 581.987406 498.751108 415.643515 332.630756 249.678259 166.750420 83.796158 0.701026 -81.895218 -163.296160 -241.452941 -312.807091 -373.361156 -420.633334 -454.638758 -477.632435 -492.471723 -501.734882 -507.383502 -510.769264 -512.768863 -513.939935 -514.620666 -515.013631 -515.238991 -515.367409 -515.440052 -515.480870 -515.503674 -515.516338 -515.523326 -515.527157 -515.529243 -515.530372 -515.530978 -515.531301 -515.531472 -515.531562 -515.531609 -515.531633 -515.531646 -515.531652 -515.531655 -515.531657 -515.531658 -515.531658 -515.531658 -515.531658 -515.531658 -515.531658 -515.531658 -515.531659 -515.531659 -515.531659 -515.531659 -515.531660 -515.531663 -515.531676 -515.531724 -515.531898 -515.532532 -515.534812 -515.542905 -515.571199 -515.668941 -516.006622 -517.197622 -521.574383 -538.849712 -9999.0 -9999.0
-9999.0 -9999.0 -9999.0 -9999.0 -9999.0 -9999.0 -9999.0 -9999.0 -9999.0 -9999.0 -9999.0 -9999.0 -9999.0 -9999.0 -9999.0 -9999.0 -9999.0 -9999.0 -9999.0 -9999.0 -9999.0 -9999.0 -9999.0 -9999.0 -9999.0 -9999.0 -9999.0 -9999.0 -9999.0 -9999.0 -9999.0 -9999.0 -9999.0 -9999.0 -9999.0 -9999.0 -9999.0 -9999.0 -9999.0 -9999.0 -9999.0 -9999.0 -9999.0 -9999.0 -9999.0 -9999.0 -9999.0 -9999.0 -9999.0 -9999.0 -9999.0 -9999.0 -9999.0 -9999.0 -9999.0 -9999.0 -9999.0 -9999.0 -9999.0 -9999.0 -9999.0 -9999.0 -9999.0 -9999.0 -9999.0 -9999.0 -9999.0 -9999.0 -9999.0 -9999.0 -9999.0 -9999.0 -9999.0 -9999.0 -9999.0 -9999.0 -9999.0 -9999.0 -9999.0 -9999.0 -9999.0 -9999.0 -9999.0 -9999.0 -9999.0 -9999.0 -9999.0 -9999.0 -9999.0 -9999.0 -9999.0 -9999.0 -9999.0 -9999.0 -9999.0 -9999.0 -9999.0 -9999.0 -9999.0 -9999.0 -9999.0 -9999.0 -9999.0 -9999.0
-9999.0 -9999.0 -9999.0 -9999.0 -9999.0 -9999.0 -9999.0 -9999.0 -9999.0 -9999.0 -9999.0 -9999.0 -9999.0 -9999.0 -9999.0 -9999.0 -9999.0 -9999.0 -9999.0 -9999.0 -9999.0 -9999.0 -9999.0 -9999.0 -9999.0 -9999.0 -9999.0 -9999.0 -9999.0 -9999.0 -9999.0 -9999.0 -9999.0 -9999.0 -9999.0 -9999.0 -9999.0 -9999.0 -9999.0 -9999.0 -9999.0 -9999.0 -9999.0 -9999.0 -9999.0 -9999.0 -9999.0 -9999.0 -9999.0 -9999.0 -9999.0 -9999.0 -9999.0 -9999.0 -9999.0 -9999.0 -9999.0 -9999.0 -9999.0 -9999.0 -9999.0 -9999.0 -9999.0 -9999.0 -9999.0 -9999.0 -9999.0 -9999.0 -9999.0 -9999.0 -9999.0 -9999.0 -9999.0 -9999.0 -9999.0 -9999.0 -9999.0 -9999.0 -9999.0 -9999.0 -9999.0 -9999.0 -9999.0 -9999.0 -9999.0 -9999.0 -9999.0 -9999.0 -9999.0 -9999.0 -9999.0 -9999.0 -9999.0 -9999.0 -9999.0 -9999.0 -9999.0 -9999.0 -9999.0 -9999.0 -9999.0 -9999.0 -9999.0 -9999.0