examples/3D/hillslope01/output-maps-SE27XX/psiliqL0030N0002.asc
ncols         104
nrows         10
xllcorner     -2.000000
yllcorner     0.000000
cellsize      1.000000
NODATA_value  -9999.0
-9999.0 -9999.0 -9999.0 -9999.0 -9999.0 -9999.0 -9999.0 -9999.0 -9999.0 -9999.0 -9999.0 -9999.0 -9999.0 -9999.0 -9999.0 -9999.0 -9999.0 -9999.0 -9999.0 -9999.0 -9999.0 -9999.0 -9999.0 -9999.0 -9999.0 -9999.0 -9999.0 -9999.0 -9999.0 -9999.0 -9999.0 -9999.0 -9999.0 -9999.0 -9999.0 -9999.0 -9999.0 -9999.0 -9999.0 -9999.0 -9999.0 -9999.0 -9999.0 -9999.0 -9999.0 -9999.0 -9999.0 -9999.0 -9999.0 -9999.0 -9999.0 -9999.0 -9999.0 -9999.0 -9999.0 -9999.0 -9999.0 -9999.0 -9999.0 -9999.0 -9999.0 -9999.0 -9999.0 -9999.0 -9999.0 -9999.0 -9999.0 -9999.0 -9999.0 -9999.0 -9999.0 -9999.0 -9999.0 -9999.0 -9999.0 -9999.0 -9999.0 -9999.0 -9999.0 -9999.0 -9999.0 -9999.0 -9999.0 -9999.0 -9999.0 -9999.0 -9999.0 -9999.0 -9999.0 -9999.0 -9999.0 -9999.0 -9999.0 -9999.0 -9999.0 -9999.0 -9999.0 -9999.0 -9999.0 -9999.0 -9999.0 -9999.0 -9999.0 -9999.0
-9999.0 -9999.0 -9999.0 -9999.0 -9999.0 -9999.0 -9999.0 -9999.0 -9999.0 -9999.0 -9999.0 -9999.0 -9999.0 -9999.0 -9999.0 -9999.0 -9999.0 -9999.0 -9999.0 -9999.0 -9999.0 -9999.0 -9999.0 -9999.0 -9999.0 -9999.0 -9999.0 -9999.0 -9999.0 -9999.0 -9999.0 -9999.0 -9999.0 -9999.0 -9999.0 -9999.0 -9999.0 -9999.0 -9999.0 -9999.0 -9999.0 -9999.0 -9999.0 -9999.0 -9999.0 -9999.0 -9999.0 -9999.0 -9999.0 -9999.0 -9999.0 -9999.0 -9999.0 -9999.0 -9999.0 -9999.0 -9999.0 -9999.0 -9999.0 -9999.0 -9999.0 -9999.0 -9999.0 -9999.0 -9999.0 -9999.0 -9999.0 -9999.0 -9999.0 -9999.0 -9999.0 -9999.0 -9999.0 -9999.0 -9999.0 -9999.0 -9999.0 -9999.0 -9999.0 -9999.0 -9999.0 -9999.0 -9999.0 -9999.0 -9999.0 -9999.0 -9999.0 -9999.0 -9999.0 -9999.0 -9999.0 -9999.0 -9999.0 -9999.0 -9999.0 -9999.0 -9999.0 -9999.0 -9999.0 -9999.0 -9999.0 -9999.0 -9999.0 -9999.0
-9999.0 -9999.0 3107.295220 3017.917627 2934.992005 2854.361864 2773.742413 2692.247688 2609.656614 2526.001384 2441.395808 2355.968763 2269.839732 2183.114174 2095.879800 2008.204186 1920.137806 1831.717648 1742.969871 1653.911415 1564.550696 1474.887969 1384.918327 1294.647056 1204.089947 1113.262667 1022.179462 930.853124 839.294992 747.514904 655.521089 563.319998 470.916045 378.311182 285.504078 192.488061 99.242510 5.721704 -87.437735 -176.019664 -249.162336 -298.753500 -327.291699 -342.112839 -349.388907 -352.857020 -354.484367 -355.241246 -355.591334 -355.752639 -355.826739 -355.860693 -355.876218 -355.883304 -355.886533 -355.888004 -355.888674 -355.888981 -355.889122 -355.889187 -355.889219 -355.889234 -355.889242 -355.889247 -355.889249 -355.889251 -355.889252 -355.889253 -355.889254 -355.889255 -355.889255 -355.889256 -355.889256 -355.889256 -355.889257 -355.889257 -355.889258 -355.889258 -355.889258 -355.889259 -355.889259 -355.889259 -355.889259 -355.889260 -355.889260 -355.889260 -355.889261 -355.889263 -355.889268 -355.889289 -355.889363 -355.889638 -355.890649 -355.894358 -355.907892 -355.956707 -356.128990 -356.714613 -358.592882 -364.167316 -379.404124 -419.117696 -9999.0 -9999.0
-9999.0 -9999.0 3107.307401 3017.925027 2934.995541 2854.363371 2773.743022 2692.247928 2609.656707 2526.001420 2441.395822 2355.968768 2269.839734 2183.114175 2095.879800 2008.204186 1920.137806 1831.717648 1742.969871 1653.911415 1564.550696 1474.887969 1384.918326 1294.647056 1204.089947 1113.262667 1022.179462 930.853124 839.294992 747.514904 655.521089 563.319998 470.916045 378.311182 285.504078 192.488061 99.242510 5.721704 -87.437735 -176.019664 -249.162336 -298.753500 -327.291699 -342.112839 -349.388907 -352.857020 -354.484367 -355.241245 -355.591333 -355.752639 -355.826739 -355.860693 -355.876218 -355.883304 -355.886533 -355.888004 -355.888674 -355.888981 -355.889122 -355.889187 -355.889219 -355.889234 -355.889242 -355.889247 -355.889249 -355.889251 -355.889252 -355.889253 -355.889254 -355.889254 -355.889255 -355.889256 -355.889256 -355.889256 -355.889257 -355.889257 -355.889258 -355.889258 -355.889258 -355.889258 -355.889259 -355.889259 -355.889259 -355.889260 -355.889260 -355.889260 -355.889261 -355.889262 -355.889268 -355.889289 -355.889363 -355.889638 -355.890649 -355.894358 -355.907892 -355.956707 -356.128990 -356.714613 -358.592882 -364.167316 -379.404124 -419.117696 -9999.0 -9999.0
-9999.0 -9999.0 3107.316705 3017.930996 2934.998571 2854.364731 2773.743593 2692.248158 2609.656798 2526.001455 2441.395835 2355.968773 2269.839736 2183.114175 2095.879800 2008.204186 1920.137806 1831.717648 1742.969871 1653.911415 1564.550696 1474.887969 1384.918326 1294.647055 1204.089946 1113.262667 1022.179462 930.853124 839.294992 747.514903 655.521089 563.319998 470.916045 378.311182 285.504078 192.488061 99.242510 5.721704 -87.437735 -176.019664 -249.162336 -298.753500 -327.291699 -342.112839 -349.388907 -352.857020 -354.484367 -355.241245 -355.591333 -355.752639 -355.826739 -355.860693 -355.876218 -355.883304 -355.886533 -355.888004 -355.888674 -355.888981 -355.889122 -355.889187 -355.889219 -355.889234 -355.889242 -355.889246 -355.889249 -355.889251 -355.889252 -355.889253 -355.889254 -355.889254 -355.889255 -355.889255 -355.889256 -355.889256 -355.889257 -355.889257 -355.889257 -355.889258 -355.889258 -355.889258 -355.889259 -355.889259 -355.889259 -355.889259 -355.889260 -355.889260 -355.889261 -355.889262 -355.889268 -355.889289 -355.889363 -355.889638 -355.890649 -355.894358 -355.907891 -355.956706 -356.128990 -356.714613 -358.592882 -364.167316 -379.404124 -419.117696 -9999.0 -9999.0
-9999.0 -9999.0 3107.316705 3017.930996 2934.998571 2854.364731 2773.743593 2692.248158 2609.656798 2526.001455 2441.395835 2355.968773 2269.839736 2183.114175 2095.879800 2008.204186 1920.137806 1831.717648 1742.969871 1653.911415 1564.550696 1474.887969 1384.918326 1294.647055 1204.089946 1113.262667 1022.179462 930.853124 839.294992 747.514903 655.521089 563.319998 470.916045 378.311182 285.504078 192.488061 99.242510 5.721704 -87.437735 -176.019664 -249.162336 -298.753500 -327.291699 -342.112839 -349.388907 -352.857020 -354.484367 -355.241245 -355.591333 -355.752639 -355.826739 -355.860693 -355.876218 -355.883304 -355.886533 -355.888004 -355.888674 -355.888981 -355.889122 -355.889187 -355.889219 -355.889234 -355.889242 -355.889246 -355.889249 -355.889251 -355.889252 -355.889253 -355.889254 -355.889254 -355.889255 -355.889255 -355.889256 -355.889256 -355.889257 -355.889257 -355.889257 -355.889258 -355.889258 -355.889258 -355.889259 -355.889259 -355.889259 -355.889259 -355.889260 -355.889260 -355.889261 -355.889262 -355.889268 -355.889289 -355.889363 -355.889638 -355.890649 -355.894358 -355.907891 -355.956706 -356.128990 -356.714613 -358.592882 -364.167316 -379.404124 -419.117696 -9999.0 -9999.0
-9999.0 -9999.0 3107.307401 3017.925027 2934.995541 2854.363371 2773.743022 2692.247928 2609.656707 2526.001420 2441.395822 2355.968768 2269.839734 2183.114174 2095.879800 2008.204186 1920.137806 1831.717648 1742.969871 1653.911415 1564.550696 1474.887969 1384.918326 1294.647056 1204.089947 1113.262667 1022.179462 930.853124 839.294992 747.514904 655.521089 563.319998 470.916045 378.311182 285.504078 192.488061 99.242510 5.721704 -87.437735 -176.019664 -249.162336 -298.753500 -327.291699 -342.112839 -349.388907 -352.857020 -354.484367 -355.241245 -355.591333 -355.752639 -355.826739 -355.860693 -355.876218 -355.883304 -355.886533 -355.888004 -355.888674 -355.888981 -355.889122 -355.889187 -355.889219 -355.889234 -355.889242 -355.889247 -355.889249 -355.889251 -355.889252 -355.889253 -355.889254 -355.889254 -355.889255 -355.889256 -355.889256 -355.889256 -355.889257 -355.889257 -355.889258 -355.889258 -355.889258 -355.889258 -355.889259 -355.889259 -355.889259 -355.889260 -355.889260 -355.889260 -355.889261 -355.889262 -355.889268 -355.889289 -355.889363 -355.889638 -355.890649 -355.894358 -355.907892 -355.956707 -356.128990 -356.714613 -358.592882 -364.167316 -379.404124 -419.117696 -9999.0 -9999.0
-9999.0 -9999.0 3107.295220 3017.917627 2934.992005 2854.361864 2773.742413 2692.247688 2609.656614 2526.001384 2441.395808 2355.968763 2269.839732 2183.114174 2095.879800 2008.204186 1920.137806 1831.717648 1742.969871 1653.911415 1564.550696 1474.887969 1384.918327 1294.647056 1204.089947 1113.262667 1022.179462 930.853124 839.294992 747.514904 655.521089 563.319998 470.916045 378.311182 285.504078 192.488061 99.242510 5.721704 -87.437735 -176.019664 -249.162336 -298.753500 -327.291699 -342.112839 -349.388907 -352.857020 -354.484367 -355.241246 -355.591334 -355.752639 -355.826739 -355.860693 -355.876218 -355.883304 -355.886533 -355.888004 -355.888674 -355.888981 -355.889122 -355.889187 -355.889219 -355.889234 -355.889242 -355.889247 -355.889249 -355.889251 -355.889252 -355.889253 -355.889254 -355.889255 -355.889255 -355.889256 -355.889256 -355.889256 -355.889257 -355.889257 -355.889258 -355.889258 -355.889258 -355.889259 -355.889259 -355.889259 -355.889259 -355.889260 -355.889260 -355.889260 -355.889261 -355.889263 -355.889268 -355.889289 -355.889363 -355.889638 -355.890649 -355.894358 -355.907892 -355.956707 -356.128990 -356.714613 -358.592882 -364.167316 -379.404124 -419.117696 -9999.0 -9999.0
-9999.0 -9999.0 -9999.0 -9999.0 -9999.0 -9999.0 -9999.0 -9999.0 -9999.0 -9999.0 -9999.0 -9999.0 -9999.0 -9999.0 -9999.0 -9999.0 -9999.0 -9999.0 -9999.0 -9999.0 -9999.0 -9999.0 -9999.0 -9999.0 -9999.0 -9999.0 -9999.0 -9999.0 -9999.0 -9999.0 -9999.0 -9999.0 -9999.0 -9999.0 -9999.0 -9999.0 -9999.0 -9999.0 -9999.0 -9999.0 -9999.0 -9999.0 -9999.0 -9999.0 -9999.0 -9999.0 -9999.0 -9999.0 -9999.0 -9999.0 -9999.0 -9999.0 -9999.0 -9999.0 -9999.0 -9999.0 -9999.0 -9999.0 -9999.0 -9999.0 -9999.0 -9999.0 -9999.0 -9999.0 -9999.0 -9999.0 -9999.0 -9999.0 -9999.0 -9999.0 -9999.0 -9999.0 -9999.0 -9999.0 -9999.0 -9999.0 -9999.0 -9999.0 -9999.0 -9999.0 -9999.0 -9999.0 -9999.0 -9999.0 -9999.0 -9999.0 -9999.0 -9999.0 -9999.0 -9999.0 -9999.0 -9999.0 -9999.0 -9999.0 -9999.0 -9999.0 -9999.0 -9999.0 -9999.0 -9999.0 -9999.0 -9999.0 -9999.0 -9999.0
-9999.0 -9999.0 -9999.0 -9999.0 -9999.0 -9999.0 -9999.0 -9999.0 -9999.0 -9999.0 -9999.0 -9999.0 -9999.0 -9999.0 -9999.0 -9999.0 -9999.0 -9999.0 -9999.0 -9999.0 -9999.0 -9999.0 -9999.0 -9999.0 -9999.0 -9999.0 -9999.0 -9999.0 -9999.0 -9999.0 -9999.0 -9999.0 -9999.0 -9999.0 -9999.0 -9999.0 -9999.0 -9999.0 -9999.0 -9999.0 -9999.0 -9999.0 -9999.0 -9999.0 -9999.0 -9999.0 -9999.0 -9999.0 -9999.0 -9999.0 -9999.0 -9999.0 -9999.0 -9999.0 -9999.0 -9999.0 -9999.0 -9999.0 -9999.0 -9999.0 -9999.0 -9999.0 -9999.0 -9999.0 -9999.0 -9999.0 -9999.0 -9999.0 -9999.0 -9999.0 -9999.0 -9999.0 -9999.0 -9999.0 -9999.0 -9999.0 -9999.0 -9999.0 -9999.0 -9999.0 -9999.0 -9999.0 -9999.0 -9999.0 -9999.0 -9999.0 -9999.0 -9999.0 -9999.0 -9999.0 -9999.0 -9999.0 -9999.0 -9999.0 -9999.0 -9999.0 -9999.0 -9999.0 -9999.0 -9999.0 -9999.0 -9999.0 -9999.0 -9999.0