examples/3D/hillslope01/output-maps-SE27XX/psiliqL0092N0002.asc
ncols         104
nrows         10
xllcorner     -2.000000
yllcorner     0.000000
cellsize      1.000000
NODATA_value  -9999.0
-9999.0 -9999.0 -9999.0 -9999.0 -9999.0 -9999.0 -9999.0 -9999.0 -9999.0 -9999.0 -9999.0 -9999.0 -9999.0 -9999.0 -9999.0 -9999.0 -9999.0 -9999.0 -9999.0 -9999.0 -9999.0 -9999.0 -9999.0 -9999.0 -9999.0 -9999.0 -9999.0 -9999.0 -9999.0 -9999.0 -9999.0 -9999.0 -9999.0 -9999.0 -9999.0 -9999.0 -9999.0 -9999.0 -9999.0 -9999.0 -9999.0 -9999.0 -9999.0 -9999.0 -9999.0 -9999.0 -9999.0 -9999.0 -9999.0 -9999.0 -9999.0 -9999.0 -9999.0 -9999.0 -9999.0 -9999.0 -9999.0 -9999.0 -9999.0 -9999.0 -9999.0 -9999.0 -9999.0 -9999.0 -9999.0 -9999.0 -9999.0 -9999.0 -9999.0 -9999.0 -9999.0 -9999.0 -9999.0 -9999.0 -9999.0 -9999.0 -9999.0 -9999.0 -9999.0 -9999.0 -9999.0 -9999.0 -9999.0 -9999.0 -9999.0 -9999.0 -9999.0 -9999.0 -9999.0 -9999.0 -9999.0 -9999.0 -9999.0 -9999.0 -9999.0 -9999.0 -9999.0 -9999.0 -9999.0 -9999.0 -9999.0 -9999.0 -9999.0 -9999.0
-9999.0 -9999.0 -9999.0 -9999.0 -9999.0 -9999.0 -9999.0 -9999.0 -9999.0 -9999.0 -9999.0 -9999.0 -9999.0 -9999.0 -9999.0 -9999.0 -9999.0 -9999.0 -9999.0 -9999.0 -9999.0 -9999.0 -9999.0 -9999.0 -9999.0 -9999.0 -9999.0 -9999.0 -9999.0 -9999.0 -9999.0 -9999.0 -9999.0 -9999.0 -9999.0 -9999.0 -9999.0 -9999.0 -9999.0 -9999.0 -9999.0 -9999.0 -9999.0 -9999.0 -9999.0 -9999.0 -9999.0 -9999.0 -9999.0 -9999.0 -9999.0 -9999.0 -9999.0 -9999.0 -9999.0 -9999.0 -9999.0 -9999.0 -9999.0 -9999.0 -9999.0 -9999.0 -9999.0 -9999.0 -9999.0 -9999.0 -9999.0 -9999.0 -9999.0 -9999.0 -9999.0 -9999.0 -9999.0 -9999.0 -9999.0 -9999.0 -9999.0 -9999.0 -9999.0 -9999.0 -9999.0 -9999.0 -9999.0 -9999.0 -9999.0 -9999.0 -9999.0 -9999.0 -9999.0 -9999.0 -9999.0 -9999.0 -9999.0 -9999.0 -9999.0 -9999.0 -9999.0 -9999.0 -9999.0 -9999.0 -9999.0 -9999.0 -9999.0 -9999.0
-9999.0 -9999.0 9318.969362 9221.282447 9125.773764 9032.200388 8940.253897 8849.604278 8759.934706 8670.963326 8582.453124 8494.213208 8406.094983 8317.985936 8229.802837 8141.485343 8052.990504 7964.288288 7875.358116 7786.186271 7696.764031 7607.086375 7517.151091 7426.958139 7336.509155 7245.807014 7154.855416 7063.658521 6972.220607 6880.545787 6788.637785 6696.499772 6604.134277 6511.543189 6418.727847 6325.689239 6232.428272 6138.946066 6045.244172 5951.324646 5857.189983 5762.842961 5668.286462 5573.523295 5478.556054 5383.386994 5288.017945 5192.450242 5096.684672 5000.721435 4904.560120 4808.199679 4711.638418 4614.873985 4517.903369 4420.722910 4323.328310 4225.714679 4127.876596 4029.808228 3931.503529 3832.956574 3734.162099 3635.116396 3535.818731 3436.273583 3336.494011 3236.506459 3136.357014 3036.118792 2935.898475 2835.838499 2736.111961 2636.907262 2538.401384 2440.734048 2343.991207 2248.203774 2153.357608 2059.407616 1966.289182 1873.925833 1782.236801 1691.150175 1600.600082 1510.515578 1420.822064 1331.438122 1242.274519 1153.236166 1064.222763 975.130601 885.856982 796.322528 706.432893 616.046635 525.000977 433.113315 340.177133 245.954049 150.160592 52.445495 -9999.0 -9999.0
-9999.0 -9999.0 9318.969377 9221.282460 9125.773775 9032.200396 8940.253902 8849.604281 8759.934708 8670.963327 8582.453124 8494.213209 8406.094984 8317.985937 8229.802837 8141.485343 8052.990504 7964.288288 7875.358116 7786.186271 7696.764030 7607.086375 7517.151090 7426.958138 7336.509155 7245.807013 7154.855416 7063.658521 6972.220607 6880.545787 6788.637785 6696.499772 6604.134277 6511.543189 6418.727847 6325.689239 6232.428272 6138.946066 6045.244172 5951.324646 5857.189983 5762.842961 5668.286462 5573.523295 5478.556054 5383.386994 5288.017946 5192.450243 5096.684672 5000.721435 4904.560120 4808.199679 4711.638418 4614.873985 4517.903369 4420.722910 4323.328310 4225.714679 4127.876596 4029.808228 3931.503529 3832.956574 3734.162099 3635.116396 3535.818731 3436.273583 3336.494011 3236.506459 3136.357014 3036.118792 2935.898475 2835.838499 2736.111961 2636.907262 2538.401384 2440.734048 2343.991207 2248.203774 2153.357608 2059.407616 1966.289182 1873.925833 1782.236801 1691.150175 1600.600082 1510.515578 1420.822064 1331.438122 1242.274519 1153.236166 1064.222763 975.130601 885.856982 796.322528 706.432893 616.046635 525.000977 433.113315 340.177133 245.954049 150.160592 52.445495 -9999.0 -9999.0
-9999.0 -9999.0 9318.969392 9221.282474 9125.773785 9032.200403 8940.253907 8849.604284 8759.934710 8670.963328 8582.453125 8494.213209 8406.094984 8317.985937 8229.802837 8141.485343 8052.990504 7964.288288 7875.358116 7786.186270 7696.764030 7607.086375 7517.151090 7426.958138 7336.509155 7245.807013 7154.855416 7063.658521 6972.220607 6880.545787 6788.637785 6696.499772 6604.134277 6511.543189 6418.727847 6325.689239 6232.428272 6138.946066 6045.244172 5951.324646 5857.189983 5762.842961 5668.286462 5573.523295 5478.556054 5383.386994 5288.017946 5192.450243 5096.684672 5000.721435 4904.560120 4808.199679 4711.638418 4614.873985 4517.903369 4420.722910 4323.328310 4225.714679 4127.876596 4029.808228 3931.503529 3832.956574 3734.162099 3635.116396 3535.818731 3436.273583 3336.494011 3236.506459 3136.357014 3036.118792 2935.898475 2835.838499 2736.111961 2636.907262 2538.401384 2440.734048 2343.991207 2248.203774 2153.357608 2059.407616 1966.289182 1873.925833 1782.236801 1691.150175 1600.600082 1510.515578 1420.822064 1331.438122 1242.274519 1153.236166 1064.222763 975.130601 885.856982 796.322528 706.432893 616.046635 525.000977 433.113315 340.177133 245.954049 150.160592 52.445495 -9999.0 -9999.0
-9999.0 -9999.0 9318.969392 9221.282474 9125.773785 9032.200403 8940.253907 8849.604284 8759.934710 8670.963328 8582.453125 8494.213209 8406.094984 8317.985937 8229.802837 8141.485343 8052.990504 7964.288288 7875.358116 7786.186270 7696.764030 7607.086375 7517.151090 7426.958138 7336.509155 7245.807013 7154.855416 7063.658521 6972.220607 6880.545787 6788.637785 6696.499772 6604.134277 6511.543189 6418.727847 6325.689239 6232.428272 6138.946066 6045.244172 5951.324646 5857.189983 5762.842961 5668.286462 5573.523295 5478.556054 5383.386994 5288.017946 5192.450243 5096.684672 5000.721435 4904.560120 4808.199679 4711.638418 4614.873985 4517.903369 4420.722910 4323.328310 4225.714679 4127.876596 4029.808228 3931.503529 3832.956574 3734.162099 3635.116396 3535.818731 3436.273583 3336.494011 3236.506459 3136.357014 3036.118792 2935.898475 2835.838499 2736.111961 2636.907262 2538.401384 2440.734048 2343.991207 2248.203774 2153.357608 2059.407616 1966.289182 1873.925833 1782.236801 1691.150175 1600.600082 1510.515578 1420.822064 1331.438122 1242.274519 1153.236166 1064.222763 975.130601 885.856982 796.322528 706.432893 616.046635 525.000977 433.113315 340.177133 245.954049 150.160592 52.445495 -9999.0 -9999.0
-9999.0 -9999.0 9318.969377 9221.282460 9125.773775 9032.200396 8940.253902 8849.604281 8759.934708 8670.963327 8582.453124 8494.213209 8406.094984 8317.985937 8229.802837 8141.485343 8052.990504 7964.288288 7875.358116 7786.186271 7696.764030 7607.086375 7517.151090 7426.958138 7336.509155 7245.807013 7154.855416 7063.658521 6972.220607 6880.545787 6788.637785 6696.499772 6604.134277 6511.543189 6418.727847 6325.689239 6232.428272 6138.946066 6045.244172 5951.324646 5857.189983 5762.842961 5668.286462 5573.523295 5478.556054 5383.386994 5288.017946 5192.450243 5096.684672 5000.721435 4904.560120 4808.199679 4711.638418 4614.873985 4517.903369 4420.722910 4323.328310 4225.714679 4127.876596 4029.808228 3931.503529 3832.956574 3734.162099 3635.116396 3535.818731 3436.273583 3336.494011 3236.506459 3136.357014 3036.118792 2935.898475 2835.838499 2736.111961 2636.907262 2538.401384 2440.734048 2343.991207 2248.203774 2153.357608 2059.407616 1966.289182 1873.925833 1782.236801 1691.150175 1600.600082 1510.515578 1420.822064 1331.438122 1242.274519 1153.236166 1064.222763 975.130601 885.856982 796.322528 706.432893 616.046635 525.000977 433.113315 340.177133 245.954049 150.160592 52.445495 -9999.0 -9999.0
-9999.0 -9999.0 9318.969362 9221.282447 9125.773764 9032.200388 8940.253897 8849.604278 8759.934706 8670.963326 8582.453124 8494.213208 8406.094983 8317.985936 8229.802837 8141.485343 8052.990504 7964.288288 7875.358116 7786.186271 7696.764031 7607.086375 7517.151091 7426.958139 7336.509155 7245.807014 7154.855416 7063.658521 6972.220607 6880.545787 6788.637785 6696.499772 6604.134277 6511.543189 6418.727847 6325.689239 6232.428272 6138.946066 6045.244172 5951.324646 5857.189983 5762.842961 5668.286462 5573.523295 5478.556054 5383.386994 5288.017945 5192.450242 5096.684672 5000.721435 4904.560120 4808.199679 4711.638418 4614.873985 4517.903369 4420.722910 4323.328310 4225.714679 4127.876596 4029.808228 3931.503529 3832.956574 3734.162099 3635.116396 3535.818731 3436.273583 3336.494011 3236.506459 3136.357014 3036.118792 2935.898475 2835.838499 2736.111961 2636.907262 2538.401384 2440.734048 2343.991207 2248.203774 2153.357608 2059.407616 1966.289182 1873.925833 1782.236801 1691.150175 1600.600082 1510.515578 1420.822064 1331.438122 1242.274519 1153.236166 1064.222763 975.130601 885.856982 796.322528 706.432893 616.046635 525.000977 433.113315 340.177133 245.954049 150.160592 52.445495 -9999.0 -9999.0
-9999.0 -9999.0 -9999.0 -9999.0 -9999.0 -9999.0 -9999.0 -9999.0 -9999.0 -9999.0 -9999.0 -9999.0 -9999.0 -9999.0 -9999.0 -9999.0 -9999.0 -9999.0 -9999.0 -9999.0 -9999.0 -9999.0 -9999.0 -9999.0 -9999.0 -9999.0 -9999.0 -9999.0 -9999.0 -9999.0 -9999.0 -9999.0 -9999.0 -9999.0 -9999.0 -9999.0 -9999.0 -9999.0 -9999.0 -9999.0 -9999.0 -9999.0 -9999.0 -9999.0 -9999.0 -9999.0 -9999.0 -9999.0 -9999.0 -9999.0 -9999.0 -9999.0 -9999.0 -9999.0 -9999.0 -9999.0 -9999.0 -9999.0 -9999.0 -9999.0 -9999.0 -9999.0 -9999.0 -9999.0 -9999.0 -9999.0 -9999.0 -9999.0 -9999.0 -9999.0 -9999.0 -9999.0 -9999.0 -9999.0 -9999.0 -9999.0 -9999.0 -9999.0 -9999.0 -9999.0 -9999.0 -9999.0 -9999.0 -9999.0 -9999.0 -9999.0 -9999.0 -9999.0 -9999.0 -9999.0 -9999.0 -9999.0 -9999.0 -9999.0 -9999.0 -9999.0 -9999.0 -9999.0 -9999.0 -9999.0 -9999.0 -9999.0 -9999.0 -9999.0
-9999.0 -9999.0 -9999.0 -9999.0 -9999.0 -9999.0 -9999.0 -9999.0 -9999.0 -9999.0 -9999.0 -9999.0 -9999.0 -9999.0 -9999.0 -9999.0 -9999.0 -9999.0 -9999.0 -9999.0 -9999.0 -9999.0 -9999.0 -9999.0 -9999.0 -9999.0 -9999.0 -9999.0 -9999.0 -9999.0 -9999.0 -9999.0 -9999.0 -9999.0 -9999.0 -9999.0 -9999.0 -9999.0 -9999.0 -9999.0 -9999.0 -9999.0 -9999.0 -9999.0 -9999.0 -9999.0 -9999.0 -9999.0 -9999.0 -9999.0 -9999.0 -9999.0 -9999.0 -9999.0 -9999.0 -9999.0 -9999.0 -9999.0 -9999.0 -9999.0 -9999.0 -9999.0 -9999.0 -9999.0 -9999.0 -9999.0 -9999.0 -9999.0 -9999.0 -9999.0 -9999.0 -9999.0 -9999.0 -9999.0 -9999.0 -9999.0 -9999.0 -9999.0 -9999.0 -9999.0 -9999.0 -9999.0 -9999.0 -9999.0 -9999.0 -9999.0 -9999.0 -9999.0 -9999.0 -9999.0 -9999.0 -9999.0 -9999.0 -9999.0 -9999.0 -9999.0 -9999.0 -9999.0 -9999.0 -9999.0 -9999.0 -9999.0 -9999.0 -9999.0