examples/3D/hillslope01/output-maps-SE27XX/psiliqL0087N0001.asc
ncols         104
nrows         10
xllcorner     -2.000000
yllcorner     0.000000
cellsize      1.000000
NODATA_value  -9999.0
-9999.0 -9999.0 -9999.0 -9999.0 -9999.0 -9999.0 -9999.0 -9999.0 -9999.0 -9999.0 -9999.0 -9999.0 -9999.0 -9999.0 -9999.0 -9999.0 -9999.0 -9999.0 -9999.0 -9999.0 -9999.0 -9999.0 -9999.0 -9999.0 -9999.0 -9999.0 -9999.0 -9999.0 -9999.0 -9999.0 -9999.0 -9999.0 -9999.0 -9999.0 -9999.0 -9999.0 -9999.0 -9999.0 -9999.0 -9999.0 -9999.0 -9999.0 -9999.0 -9999.0 -9999.0 -9999.0 -9999.0 -9999.0 -9999.0 -9999.0 -9999.0 -9999.0 -9999.0 -9999.0 -9999.0 -9999.0 -9999.0 -9999.0 -9999.0 -9999.0 -9999.0 -9999.0 -9999.0 -9999.0 -9999.0 -9999.0 -9999.0 -9999.0 -9999.0 -9999.0 -9999.0 -9999.0 -9999.0 -9999.0 -9999.0 -9999.0 -9999.0 -9999.0 -9999.0 -9999.0 -9999.0 -9999.0 -9999.0 -9999.0 -9999.0 -9999.0 -9999.0 -9999.0 -9999.0 -9999.0 -9999.0 -9999.0 -9999.0 -9999.0 -9999.0 -9999.0 -9999.0 -9999.0 -9999.0 -9999.0 -9999.0 -9999.0 -9999.0 -9999.0
-9999.0 -9999.0 -9999.0 -9999.0 -9999.0 -9999.0 -9999.0 -9999.0 -9999.0 -9999.0 -9999.0 -9999.0 -9999.0 -9999.0 -9999.0 -9999.0 -9999.0 -9999.0 -9999.0 -9999.0 -9999.0 -9999.0 -9999.0 -9999.0 -9999.0 -9999.0 -9999.0 -9999.0 -9999.0 -9999.0 -9999.0 -9999.0 -9999.0 -9999.0 -9999.0 -9999.0 -9999.0 -9999.0 -9999.0 -9999.0 -9999.0 -9999.0 -9999.0 -9999.0 -9999.0 -9999.0 -9999.0 -9999.0 -9999.0 -9999.0 -9999.0 -9999.0 -9999.0 -9999.0 -9999.0 -9999.0 -9999.0 -9999.0 -9999.0 -9999.0 -9999.0 -9999.0 -9999.0 -9999.0 -9999.0 -9999.0 -9999.0 -9999.0 -9999.0 -9999.0 -9999.0 -9999.0 -9999.0 -9999.0 -9999.0 -9999.0 -9999.0 -9999.0 -9999.0 -9999.0 -9999.0 -9999.0 -9999.0 -9999.0 -9999.0 -9999.0 -9999.0 -9999.0 -9999.0 -9999.0 -9999.0 -9999.0 -9999.0 -9999.0 -9999.0 -9999.0 -9999.0 -9999.0 -9999.0 -9999.0 -9999.0 -9999.0 -9999.0 -9999.0
-9999.0 -9999.0 7257.339389 7157.577050 7058.060895 6958.806249 6859.832855 6761.162951 6662.820370 6564.830742 6467.222620 6370.029368 6273.291676 6177.060557 6081.400571 5986.392783 5892.136628 5798.749622 5706.363772 5615.118054 5525.147639 5436.572242 5349.486855 5263.957551 5180.022849 5097.698725 5016.984295 4937.866172 4860.321653 4784.321695 4709.833372 4636.820633 4565.244680 4495.065028 4426.239960 4358.726091 4292.479119 4227.454149 4163.604793 4100.884166 4039.244597 3978.638129 3919.018300 3860.336470 3802.543494 3745.588655 3689.420313 3633.987315 3579.236991 3525.119389 3471.582340 3418.579051 3366.057816 3313.971383 3262.267829 3210.900303 3159.817248 3108.972670 3058.315259 3007.799956 2957.375546 2906.997964 2856.615888 2806.186246 2755.657522 2704.987475 2654.124394 2603.026247 2551.641416 2499.926791 2447.831712 2395.309765 2342.313210 2288.788964 2234.696395 2179.972128 2124.592820 2068.482660 2011.634055 1953.965273 1895.429200 1835.970671 1775.500809 1714.044382 1651.484804 1587.753516 1522.838676 1456.602596 1388.990062 1319.994721 1249.446334 1177.220859 1103.373595 1027.751420 950.146338 870.404252 788.453034 704.248446 617.507594 527.936465 435.230671 339.033839 -9999.0 -9999.0
-9999.0 -9999.0 7257.339389 7157.577050 7058.060895 6958.806248 6859.832855 6761.162950 6662.820370 6564.830742 6467.222620 6370.029368 6273.291676 6177.060557 6081.400571 5986.392783 5892.136628 5798.749622 5706.363772 5615.118053 5525.147639 5436.572242 5349.486854 5263.957550 5180.022849 5097.698725 5016.984295 4937.866172 4860.321653 4784.321695 4709.833372 4636.820633 4565.244680 4495.065028 4426.239960 4358.726091 4292.479119 4227.454149 4163.604793 4100.884166 4039.244596 3978.638129 3919.018300 3860.336470 3802.543494 3745.588655 3689.420313 3633.987315 3579.236991 3525.119389 3471.582340 3418.579051 3366.057816 3313.971383 3262.267829 3210.900303 3159.817248 3108.972670 3058.315259 3007.799956 2957.375546 2906.997964 2856.615888 2806.186246 2755.657522 2704.987475 2654.124394 2603.026247 2551.641416 2499.926791 2447.831712 2395.309765 2342.313210 2288.788964 2234.696395 2179.972128 2124.592820 2068.482660 2011.634055 1953.965273 1895.429200 1835.970671 1775.500809 1714.044382 1651.484804 1587.753516 1522.838676 1456.602596 1388.990062 1319.994721 1249.446334 1177.220859 1103.373595 1027.751420 950.146338 870.404252 788.453034 704.248446 617.507594 527.936465 435.230670 339.033839 -9999.0 -9999.0
-9999.0 -9999.0 7257.339389 7157.577050 7058.060894 6958.806248 6859.832855 6761.162950 6662.820370 6564.830742 6467.222620 6370.029368 6273.291676 6177.060557 6081.400571 5986.392782 5892.136628 5798.749622 5706.363772 5615.118053 5525.147639 5436.572241 5349.486854 5263.957550 5180.022849 5097.698725 5016.984295 4937.866172 4860.321653 4784.321695 4709.833372 4636.820633 4565.244680 4495.065028 4426.239960 4358.726091 4292.479119 4227.454149 4163.604793 4100.884166 4039.244596 3978.638129 3919.018300 3860.336470 3802.543494 3745.588655 3689.420313 3633.987315 3579.236991 3525.119389 3471.582340 3418.579051 3366.057816 3313.971383 3262.267829 3210.900303 3159.817248 3108.972670 3058.315259 3007.799956 2957.375546 2906.997964 2856.615888 2806.186246 2755.657522 2704.987475 2654.124394 2603.026247 2551.641416 2499.926791 2447.831712 2395.309765 2342.313210 2288.788964 2234.696395 2179.972128 2124.592820 2068.482660 2011.634055 1953.965273 1895.429200 1835.970672 1775.500809 1714.044382 1651.484804 1587.753516 1522.838676 1456.602596 1388.990062 1319.994721 1249.446334 1177.220859 1103.373595 1027.751420 950.146338 870.404252 788.453034 704.248446 617.507594 527.936465 435.230670 339.033839 -9999.0 -9999.0
-9999.0 -9999.0 7257.339389 7157.577050 7058.060895 6958.806248 6859.832855 6761.162950 6662.820370 6564.830742 6467.222620 6370.029368 6273.291676 6177.060557 6081.400571 5986.392782 5892.136628 5798.749622 5706.363772 5615.118053 5525.147639 5436.572241 5349.486854 5263.957550 5180.022849 5097.698725 5016.984295 4937.866172 4860.321653 4784.321695 4709.833372 4636.820633 4565.244680 4495.065028 4426.239960 4358.726091 4292.479119 4227.454149 4163.604793 4100.884166 4039.244596 3978.638129 3919.018300 3860.336470 3802.543494 3745.588655 3689.420313 3633.987315 3579.236991 3525.119389 3471.582340 3418.579051 3366.057816 3313.971383 3262.267829 3210.900303 3159.817248 3108.972670 3058.315259 3007.799956 2957.375546 2906.997964 2856.615888 2806.186246 2755.657522 2704.987475 2654.124394 2603.026247 2551.641416 2499.926791 2447.831712 2395.309765 2342.313210 2288.788964 2234.696395 2179.972128 2124.592820 2068.482660 2011.634055 1953.965273 1895.429200 1835.970672 1775.500809 1714.044382 1651.484804 1587.753516 1522.838676 1456.602596 1388.990062 1319.994721 1249.446334 1177.220859 1103.373595 1027.751420 950.146338 870.404252 788.453034 704.248446 617.507594 527.936465 435.230670 339.033839 -9999.0 -9999.0
-9999.0 -9999.0 7257.339389 7157.577050 7058.060895 6958.806248 6859.832855 6761.162950 6662.820370 6564.830742 6467.222620 6370.029368 6273.291676 6177.060557 6081.400571 5986.392783 5892.136628 5798.749622 5706.363772 5615.118053 5525.147639 5436.572242 5349.486854 5263.957551 5180.022849 5097.698725 5016.984295 4937.866172 4860.321653 4784.321695 4709.833372 4636.820633 4565.244680 4495.065028 4426.239960 4358.726091 4292.479119 4227.454149 4163.604793 4100.884166 4039.244596 3978.638129 3919.018300 3860.336470 3802.543494 3745.588655 3689.420313 3633.987315 3579.236991 3525.119389 3471.582340 3418.579051 3366.057816 3313.971383 3262.267829 3210.900303 3159.817248 3108.972670 3058.315259 3007.799956 2957.375546 2906.997964 2856.615888 2806.186246 2755.657522 2704.987475 2654.124394 2603.026247 2551.641416 2499.926791 2447.831712 2395.309765 2342.313210 2288.788964 2234.696395 2179.972128 2124.592820 2068.482660 2011.634055 1953.965273 1895.429200 1835.970671 1775.500809 1714.044382 1651.484804 1587.753516 1522.838676 1456.602596 1388.990062 1319.994721 1249.446334 1177.220859 1103.373595 1027.751420 950.146338 870.404252 788.453034 704.248446 617.507594 527.936465 435.230670 339.033839 -9999.0 -9999.0
-9999.0 -9999.0 7257.339389 7157.577050 7058.060895 6958.806249 6859.832855 6761.162951 6662.820370 6564.830742 6467.222620 6370.029368 6273.291676 6177.060557 6081.400571 5986.392783 5892.136628 5798.749622 5706.363772 5615.118054 5525.147639 5436.572242 5349.486855 5263.957551 5180.022849 5097.698725 5016.984295 4937.866172 4860.321653 4784.321695 4709.833372 4636.820633 4565.244680 4495.065028 4426.239960 4358.726091 4292.479119 4227.454149 4163.604793 4100.884166 4039.244597 3978.638129 3919.018300 3860.336470 3802.543494 3745.588655 3689.420313 3633.987315 3579.236991 3525.119389 3471.582340 3418.579051 3366.057816 3313.971383 3262.267829 3210.900303 3159.817248 3108.972670 3058.315259 3007.799956 2957.375546 2906.997964 2856.615888 2806.186246 2755.657522 2704.987475 2654.124394 2603.026247 2551.641416 2499.926791 2447.831712 2395.309765 2342.313210 2288.788964 2234.696395 2179.972128 2124.592820 2068.482660 2011.634055 1953.965273 1895.429200 1835.970671 1775.500809 1714.044382 1651.484804 1587.753516 1522.838676 1456.602596 1388.990062 1319.994721 1249.446334 1177.220859 1103.373595 1027.751420 950.146338 870.404252 788.453034 704.248446 617.507594 527.936465 435.230671 339.033839 -9999.0 -9999.0
-9999.0 -9999.0 -9999.0 -9999.0 -9999.0 -9999.0 -9999.0 -9999.0 -9999.0 -9999.0 -9999.0 -9999.0 -9999.0 -9999.0 -9999.0 -9999.0 -9999.0 -9999.0 -9999.0 -9999.0 -9999.0 -9999.0 -9999.0 -9999.0 -9999.0 -9999.0 -9999.0 -9999.0 -9999.0 -9999.0 -9999.0 -9999.0 -9999.0 -9999.0 -9999.0 -9999.0 -9999.0 -9999.0 -9999.0 -9999.0 -9999.0 -9999.0 -9999.0 -9999.0 -9999.0 -9999.0 -9999.0 -9999.0 -9999.0 -9999.0 -9999.0 -9999.0 -9999.0 -9999.0 -9999.0 -9999.0 -9999.0 -9999.0 -9999.0 -9999.0 -9999.0 -9999.0 -9999.0 -9999.0 -9999.0 -9999.0 -9999.0 -9999.0 -9999.0 -9999.0 -9999.0 -9999.0 -9999.0 -9999.0 -9999.0 -9999.0 -9999.0 -9999.0 -9999.0 -9999.0 -9999.0 -9999.0 -9999.0 -9999.0 -9999.0 -9999.0 -9999.0 -9999.0 -9999.0 -9999.0 -9999.0 -9999.0 -9999.0 -9999.0 -9999.0 -9999.0 -9999.0 -9999.0 -9999.0 -9999.0 -9999.0 -9999.0 -9999.0 -9999.0
-9999.0 -9999.0 -9999.0 -9999.0 -9999.0 -9999.0 -9999.0 -9999.0 -9999.0 -9999.0 -9999.0 -9999.0 -9999.0 -9999.0 -9999.0 -9999.0 -9999.0 -9999.0 -9999.0 -9999.0 -9999.0 -9999.0 -9999.0 -9999.0 -9999.0 -9999.0 -9999.0 -9999.0 -9999.0 -9999.0 -9999.0 -9999.0 -9999.0 -9999.0 -9999.0 -9999.0 -9999.0 -9999.0 -9999.0 -9999.0 -9999.0 -9999.0 -9999.0 -9999.0 -9999.0 -9999.0 -9999.0 -9999.0 -9999.0 -9999.0 -9999.0 -9999.0 -9999.0 -9999.0 -9999.0 -9999.0 -9999.0 -9999.0 -9999.0 -9999.0 -9999.0 -9999.0 -9999.0 -9999.0 -9999.0 -9999.0 -9999.0 -9999.0 -9999.0 -9999.0 -9999.0 -9999.0 -9999.0 -9999.0 -9999.0 -9999.0 -9999.0 -9999.0 -9999.0 -9999.0 -9999.0 -9999.0 -9999.0 -9999.0 -9999.0 -9999.0 -9999.0 -9999.0 -9999.0 -9999.0 -9999.0 -9999.0 -9999.0 -9999.0 -9999.0 -9999.0 -9999.0 -9999.0 -9999.0 -9999.0 -9999.0 -9999.0 -9999.0 -9999.0