examples/3D/hillslope01/output-maps-SE27XX/psiliqL0082N0002.asc
ncols         104
nrows         10
xllcorner     -2.000000
yllcorner     0.000000
cellsize      1.000000
NODATA_value  -9999.0
-9999.0 -9999.0 -9999.0 -9999.0 -9999.0 -9999.0 -9999.0 -9999.0 -9999.0 -9999.0 -9999.0 -9999.0 -9999.0 -9999.0 -9999.0 -9999.0 -9999.0 -9999.0 -9999.0 -9999.0 -9999.0 -9999.0 -9999.0 -9999.0 -9999.0 -9999.0 -9999.0 -9999.0 -9999.0 -9999.0 -9999.0 -9999.0 -9999.0 -9999.0 -9999.0 -9999.0 -9999.0 -9999.0 -9999.0 -9999.0 -9999.0 -9999.0 -9999.0 -9999.0 -9999.0 -9999.0 -9999.0 -9999.0 -9999.0 -9999.0 -9999.0 -9999.0 -9999.0 -9999.0 -9999.0 -9999.0 -9999.0 -9999.0 -9999.0 -9999.0 -9999.0 -9999.0 -9999.0 -9999.0 -9999.0 -9999.0 -9999.0 -9999.0 -9999.0 -9999.0 -9999.0 -9999.0 -9999.0 -9999.0 -9999.0 -9999.0 -9999.0 -9999.0 -9999.0 -9999.0 -9999.0 -9999.0 -9999.0 -9999.0 -9999.0 -9999.0 -9999.0 -9999.0 -9999.0 -9999.0 -9999.0 -9999.0 -9999.0 -9999.0 -9999.0 -9999.0 -9999.0 -9999.0 -9999.0 -9999.0 -9999.0 -9999.0 -9999.0 -9999.0
-9999.0 -9999.0 -9999.0 -9999.0 -9999.0 -9999.0 -9999.0 -9999.0 -9999.0 -9999.0 -9999.0 -9999.0 -9999.0 -9999.0 -9999.0 -9999.0 -9999.0 -9999.0 -9999.0 -9999.0 -9999.0 -9999.0 -9999.0 -9999.0 -9999.0 -9999.0 -9999.0 -9999.0 -9999.0 -9999.0 -9999.0 -9999.0 -9999.0 -9999.0 -9999.0 -9999.0 -9999.0 -9999.0 -9999.0 -9999.0 -9999.0 -9999.0 -9999.0 -9999.0 -9999.0 -9999.0 -9999.0 -9999.0 -9999.0 -9999.0 -9999.0 -9999.0 -9999.0 -9999.0 -9999.0 -9999.0 -9999.0 -9999.0 -9999.0 -9999.0 -9999.0 -9999.0 -9999.0 -9999.0 -9999.0 -9999.0 -9999.0 -9999.0 -9999.0 -9999.0 -9999.0 -9999.0 -9999.0 -9999.0 -9999.0 -9999.0 -9999.0 -9999.0 -9999.0 -9999.0 -9999.0 -9999.0 -9999.0 -9999.0 -9999.0 -9999.0 -9999.0 -9999.0 -9999.0 -9999.0 -9999.0 -9999.0 -9999.0 -9999.0 -9999.0 -9999.0 -9999.0 -9999.0 -9999.0 -9999.0 -9999.0 -9999.0 -9999.0 -9999.0
-9999.0 -9999.0 8325.796434 8228.288596 8133.102499 8039.938693 7948.430511 7858.201797 7768.906810 7680.250548 7591.994252 7503.952072 7415.983627 7327.985425 7239.882717 7151.622473 7063.167679 6974.492920 6885.581064 6796.420875 6707.005362 6617.330691 6527.395496 6437.200402 6346.747629 6256.040593 6165.083495 6073.880939 5982.437579 5890.757831 5798.845633 5706.704274 5614.336285 5521.743430 5428.926788 5335.886984 5242.624540 5149.140284 5055.435668 4961.512839 4867.374496 4773.023657 4678.463435 4583.696835 4488.726606 4393.555126 4298.184315 4202.615578 4106.849750 4010.887073 3914.727160 3818.368984 3721.810860 3625.050438 3528.084700 3430.909960 3333.521871 3235.915452 3138.085125 3040.024792 2941.727963 2843.187984 2744.398404 2645.353616 2546.049915 2446.487289 2346.672423 2246.623464 2146.376720 2045.996634 1945.587032 1845.297123 1745.320235 1645.880399 1547.188828 1449.407219 1352.623163 1256.854337 1162.067856 1068.203480 975.186448 882.930588 791.337025 700.337764 609.882216 519.896835 430.311555 341.046277 252.009032 163.103940 74.228224 -14.713091 -103.378267 -190.381484 -272.882521 -347.154761 -410.087444 -460.472226 -499.061599 -528.041739 -551.452270 -580.103161 -9999.0 -9999.0
-9999.0 -9999.0 8325.796472 8228.288629 8133.102524 8039.938710 7948.430521 7858.201803 7768.906813 7680.250550 7591.994253 7503.952073 7415.983627 7327.985425 7239.882717 7151.622473 7063.167679 6974.492920 6885.581064 6796.420875 6707.005361 6617.330691 6527.395495 6437.200401 6346.747629 6256.040593 6165.083495 6073.880938 5982.437578 5890.757831 5798.845633 5706.704274 5614.336285 5521.743430 5428.926788 5335.886984 5242.624540 5149.140284 5055.435668 4961.512840 4867.374496 4773.023657 4678.463435 4583.696836 4488.726607 4393.555126 4298.184316 4202.615578 4106.849751 4010.887073 3914.727160 3818.368984 3721.810860 3625.050438 3528.084700 3430.909960 3333.521871 3235.915452 3138.085125 3040.024792 2941.727963 2843.187984 2744.398404 2645.353616 2546.049915 2446.487289 2346.672423 2246.623464 2146.376720 2045.996634 1945.587032 1845.297123 1745.320235 1645.880399 1547.188828 1449.407219 1352.623163 1256.854337 1162.067856 1068.203480 975.186448 882.930588 791.337025 700.337764 609.882216 519.896835 430.311555 341.046277 252.009032 163.103940 74.228224 -14.713091 -103.378267 -190.381484 -272.882521 -347.154761 -410.087444 -460.472226 -499.061599 -528.041739 -551.452270 -580.103161 -9999.0 -9999.0
-9999.0 -9999.0 8325.796510 8228.288662 8133.102548 8039.938727 7948.430532 7858.201809 7768.906816 7680.250551 7591.994254 7503.952073 7415.983627 7327.985425 7239.882718 7151.622473 7063.167679 6974.492920 6885.581064 6796.420875 6707.005361 6617.330690 6527.395495 6437.200401 6346.747629 6256.040593 6165.083495 6073.880938 5982.437578 5890.757831 5798.845633 5706.704274 5614.336285 5521.743430 5428.926788 5335.886984 5242.624540 5149.140284 5055.435668 4961.512840 4867.374496 4773.023658 4678.463435 4583.696836 4488.726607 4393.555126 4298.184316 4202.615578 4106.849751 4010.887073 3914.727160 3818.368984 3721.810860 3625.050438 3528.084700 3430.909960 3333.521871 3235.915452 3138.085125 3040.024792 2941.727963 2843.187984 2744.398404 2645.353616 2546.049915 2446.487289 2346.672423 2246.623464 2146.376720 2045.996634 1945.587032 1845.297123 1745.320235 1645.880399 1547.188828 1449.407219 1352.623163 1256.854337 1162.067856 1068.203480 975.186448 882.930588 791.337025 700.337764 609.882216 519.896835 430.311555 341.046277 252.009032 163.103940 74.228224 -14.713091 -103.378267 -190.381484 -272.882521 -347.154761 -410.087444 -460.472226 -499.061599 -528.041739 -551.452270 -580.103161 -9999.0 -9999.0
-9999.0 -9999.0 8325.796510 8228.288662 8133.102548 8039.938727 7948.430532 7858.201809 7768.906816 7680.250551 7591.994254 7503.952073 7415.983627 7327.985425 7239.882718 7151.622473 7063.167679 6974.492920 6885.581064 6796.420875 6707.005361 6617.330690 6527.395495 6437.200401 6346.747629 6256.040593 6165.083495 6073.880938 5982.437578 5890.757831 5798.845633 5706.704274 5614.336285 5521.743430 5428.926788 5335.886984 5242.624540 5149.140284 5055.435668 4961.512840 4867.374496 4773.023658 4678.463435 4583.696836 4488.726607 4393.555126 4298.184316 4202.615578 4106.849751 4010.887073 3914.727160 3818.368984 3721.810860 3625.050438 3528.084700 3430.909960 3333.521871 3235.915452 3138.085125 3040.024792 2941.727963 2843.187984 2744.398404 2645.353616 2546.049915 2446.487289 2346.672423 2246.623464 2146.376720 2045.996634 1945.587032 1845.297123 1745.320235 1645.880399 1547.188828 1449.407219 1352.623163 1256.854337 1162.067856 1068.203480 975.186448 882.930589 791.337025 700.337764 609.882216 519.896835 430.311555 341.046277 252.009032 163.103940 74.228224 -14.713091 -103.378267 -190.381484 -272.882521 -347.154761 -410.087444 -460.472226 -499.061599 -528.041739 -551.452270 -580.103161 -9999.0 -9999.0
-9999.0 -9999.0 8325.796472 8228.288629 8133.102524 8039.938710 7948.430521 7858.201803 7768.906813 7680.250550 7591.994253 7503.952073 7415.983627 7327.985425 7239.882717 7151.622473 7063.167679 6974.492920 6885.581064 6796.420875 6707.005361 6617.330691 6527.395495 6437.200401 6346.747629 6256.040593 6165.083495 6073.880938 5982.437578 5890.757831 5798.845633 5706.704274 5614.336285 5521.743430 5428.926788 5335.886984 5242.624540 5149.140284 5055.435668 4961.512840 4867.374496 4773.023657 4678.463435 4583.696836 4488.726607 4393.555126 4298.184316 4202.615578 4106.849751 4010.887073 3914.727160 3818.368984 3721.810860 3625.050438 3528.084700 3430.909960 3333.521871 3235.915452 3138.085125 3040.024792 2941.727963 2843.187984 2744.398404 2645.353616 2546.049915 2446.487289 2346.672423 2246.623464 2146.376720 2045.996634 1945.587032 1845.297123 1745.320235 1645.880399 1547.188828 1449.407219 1352.623163 1256.854337 1162.067856 1068.203480 975.186448 882.930588 791.337025 700.337764 609.882216 519.896835 430.311555 341.046277 252.009032 163.103940 74.228224 -14.713091 -103.378267 -190.381484 -272.882521 -347.154761 -410.087444 -460.472226 -499.061599 -528.041739 -551.452270 -580.103161 -9999.0 -9999.0
-9999.0 -9999.0 8325.796434 8228.288596 8133.102499 8039.938693 7948.430511 7858.201797 7768.906810 7680.250548 7591.994252 7503.952072 7415.983627 7327.985425 7239.882717 7151.622473 7063.167679 6974.492920 6885.581064 6796.420875 6707.005362 6617.330691 6527.395496 6437.200402 6346.747629 6256.040593 6165.083495 6073.880939 5982.437579 5890.757831 5798.845633 5706.704274 5614.336285 5521.743430 5428.926788 5335.886984 5242.624540 5149.140284 5055.435668 4961.512839 4867.374496 4773.023657 4678.463435 4583.696835 4488.726606 4393.555126 4298.184315 4202.615578 4106.849750 4010.887073 3914.727160 3818.368984 3721.810860 3625.050438 3528.084700 3430.909960 3333.521871 3235.915452 3138.085125 3040.024792 2941.727963 2843.187984 2744.398404 2645.353616 2546.049915 2446.487289 2346.672423 2246.623464 2146.376720 2045.996634 1945.587032 1845.297123 1745.320235 1645.880399 1547.188828 1449.407219 1352.623163 1256.854337 1162.067856 1068.203480 975.186448 882.930588 791.337025 700.337764 609.882216 519.896835 430.311555 341.046277 252.009032 163.103940 74.228224 -14.713091 -103.378267 -190.381484 -272.882521 -347.154761 -410.087444 -460.472226 -499.061599 -528.041739 -551.452270 -580.103161 -9999.0 -9999.0
-9999.0 -9999.0 -9999.0 -9999.0 -9999.0 -9999.0 -9999.0 -9999.0 -9999.0 -9999.0 -9999.0 -9999.0 -9999.0 -9999.0 -9999.0 -9999.0 -9999.0 -9999.0 -9999.0 -9999.0 -9999.0 -9999.0 -9999.0 -9999.0 -9999.0 -9999.0 -9999.0 -9999.0 -9999.0 -9999.0 -9999.0 -9999.0 -9999.0 -9999.0 -9999.0 -9999.0 -9999.0 -9999.0 -9999.0 -9999.0 -9999.0 -9999.0 -9999.0 -9999.0 -9999.0 -9999.0 -9999.0 -9999.0 -9999.0 -9999.0 -9999.0 -9999.0 -9999.0 -9999.0 -9999.0 -9999.0 -9999.0 -9999.0 -9999.0 -9999.0 -9999.0 -9999.0 -9999.0 -9999.0 -9999.0 -9999.0 -9999.0 -9999.0 -9999.0 -9999.0 -9999.0 -9999.0 -9999.0 -9999.0 -9999.0 -9999.0 -9999.0 -9999.0 -9999.0 -9999.0 -9999.0 -9999.0 -9999.0 -9999.0 -9999.0 -9999.0 -9999.0 -9999.0 -9999.0 -9999.0 -9999.0 -9999.0 -9999.0 -9999.0 -9999.0 -9999.0 -9999.0 -9999.0 -9999.0 -9999.0 -9999.0 -9999.0 -9999.0 -9999.0
-9999.0 -9999.0 -9999.0 -9999.0 -9999.0 -9999.0 -9999.0 -9999.0 -9999.0 -9999.0 -9999.0 -9999.0 -9999.0 -9999.0 -9999.0 -9999.0 -9999.0 -9999.0 -9999.0 -9999.0 -9999.0 -9999.0 -9999.0 -9999.0 -9999.0 -9999.0 -9999.0 -9999.0 -9999.0 -9999.0 -9999.0 -9999.0 -9999.0 -9999.0 -9999.0 -9999.0 -9999.0 -9999.0 -9999.0 -9999.0 -9999.0 -9999.0 -9999.0 -9999.0 -9999.0 -9999.0 -9999.0 -9999.0 -9999.0 -9999.0 -9999.0 -9999.0 -9999.0 -9999.0 -9999.0 -9999.0 -9999.0 -9999.0 -9999.0 -9999.0 -9999.0 -9999.0 -9999.0 -9999.0 -9999.0 -9999.0 -9999.0 -9999.0 -9999.0 -9999.0 -9999.0 -9999.0 -9999.0 -9999.0 -9999.0 -9999.0 -9999.0 -9999.0 -9999.0 -9999.0 -9999.0 -9999.0 -9999.0 -9999.0 -9999.0 -9999.0 -9999.0 -9999.0 -9999.0 -9999.0 -9999.0 -9999.0 -9999.0 -9999.0 -9999.0 -9999.0 -9999.0 -9999.0 -9999.0 -9999.0 -9999.0 -9999.0 -9999.0 -9999.0