examples/3D/hillslope01/output-maps-SE27XX/psiliqL0052N0001.asc
ncols         104
nrows         10
xllcorner     -2.000000
yllcorner     0.000000
cellsize      1.000000
NODATA_value  -9999.0
-9999.0 -9999.0 -9999.0 -9999.0 -9999.0 -9999.0 -9999.0 -9999.0 -9999.0 -9999.0 -9999.0 -9999.0 -9999.0 -9999.0 -9999.0 -9999.0 -9999.0 -9999.0 -9999.0 -9999.0 -9999.0 -9999.0 -9999.0 -9999.0 -9999.0 -9999.0 -9999.0 -9999.0 -9999.0 -9999.0 -9999.0 -9999.0 -9999.0 -9999.0 -9999.0 -9999.0 -9999.0 -9999.0 -9999.0 -9999.0 -9999.0 -9999.0 -9999.0 -9999.0 -9999.0 -9999.0 -9999.0 -9999.0 -9999.0 -9999.0 -9999.0 -9999.0 -9999.0 -9999.0 -9999.0 -9999.0 -9999.0 -9999.0 -9999.0 -9999.0 -9999.0 -9999.0 -9999.0 -9999.0 -9999.0 -9999.0 -9999.0 -9999.0 -9999.0 -9999.0 -9999.0 -9999.0 -9999.0 -9999.0 -9999.0 -9999.0 -9999.0 -9999.0 -9999.0 -9999.0 -9999.0 -9999.0 -9999.0 -9999.0 -9999.0 -9999.0 -9999.0 -9999.0 -9999.0 -9999.0 -9999.0 -9999.0 -9999.0 -9999.0 -9999.0 -9999.0 -9999.0 -9999.0 -9999.0 -9999.0 -9999.0 -9999.0 -9999.0 -9999.0
-9999.0 -9999.0 -9999.0 -9999.0 -9999.0 -9999.0 -9999.0 -9999.0 -9999.0 -9999.0 -9999.0 -9999.0 -9999.0 -9999.0 -9999.0 -9999.0 -9999.0 -9999.0 -9999.0 -9999.0 -9999.0 -9999.0 -9999.0 -9999.0 -9999.0 -9999.0 -9999.0 -9999.0 -9999.0 -9999.0 -9999.0 -9999.0 -9999.0 -9999.0 -9999.0 -9999.0 -9999.0 -9999.0 -9999.0 -9999.0 -9999.0 -9999.0 -9999.0 -9999.0 -9999.0 -9999.0 -9999.0 -9999.0 -9999.0 -9999.0 -9999.0 -9999.0 -9999.0 -9999.0 -9999.0 -9999.0 -9999.0 -9999.0 -9999.0 -9999.0 -9999.0 -9999.0 -9999.0 -9999.0 -9999.0 -9999.0 -9999.0 -9999.0 -9999.0 -9999.0 -9999.0 -9999.0 -9999.0 -9999.0 -9999.0 -9999.0 -9999.0 -9999.0 -9999.0 -9999.0 -9999.0 -9999.0 -9999.0 -9999.0 -9999.0 -9999.0 -9999.0 -9999.0 -9999.0 -9999.0 -9999.0 -9999.0 -9999.0 -9999.0 -9999.0 -9999.0 -9999.0 -9999.0 -9999.0 -9999.0 -9999.0 -9999.0 -9999.0 -9999.0
-9999.0 -9999.0 3789.588842 3689.707515 3589.991593 3490.499122 3391.276780 3292.355530 3193.754093 3095.483575 2997.550965 2899.961569 2802.721406 2705.841082 2609.343133 2513.274315 2417.720369 2322.824591 2228.804851 2135.950109 2044.568419 1954.921402 1867.156961 1781.294339 1697.271174 1615.007927 1534.469213 1455.632582 1378.439404 1302.790257 1228.683695 1156.108804 1084.975263 1015.215494 946.877850 879.850389 814.039105 749.557071 686.183953 623.964534 562.934988 502.664417 443.679031 385.455090 328.219401 271.886245 216.120230 161.492893 106.944244 53.844858 0.237152 -51.609169 -103.992281 -154.653146 -205.031894 -252.873717 -299.192908 -341.921829 -381.884647 -417.642587 -450.044706 -478.483741 -503.655015 -525.606366 -544.802049 -561.561746 -576.203051 -589.051721 -600.348917 -610.340607 -619.212134 -627.133943 -634.242228 -640.653967 -646.465651 -651.757967 -656.598062 -661.041949 -665.136259 -668.919912 -672.425418 -675.679984 -678.706304 -681.523434 -684.147463 -686.591865 -688.868121 -690.985688 -692.952824 -694.776544 -696.462935 -698.016873 -699.442940 -700.745381 -701.927880 -702.994010 -703.948057 -704.795170 -705.551265 -706.335117 -708.148748 -718.803519 -9999.0 -9999.0
-9999.0 -9999.0 3789.588842 3689.707515 3589.991593 3490.499122 3391.276780 3292.355530 3193.754092 3095.483574 2997.550965 2899.961569 2802.721405 2705.841082 2609.343133 2513.274315 2417.720369 2322.824591 2228.804851 2135.950109 2044.568419 1954.921402 1867.156961 1781.294339 1697.271175 1615.007928 1534.469213 1455.632582 1378.439404 1302.790257 1228.683695 1156.108804 1084.975263 1015.215494 946.877850 879.850389 814.039105 749.557071 686.183953 623.964534 562.934988 502.664417 443.679031 385.455090 328.219401 271.886245 216.120230 161.492893 106.944244 53.844858 0.237152 -51.609169 -103.992281 -154.653146 -205.031894 -252.873717 -299.192908 -341.921829 -381.884647 -417.642587 -450.044706 -478.483741 -503.655015 -525.606366 -544.802049 -561.561746 -576.203051 -589.051721 -600.348917 -610.340607 -619.212134 -627.133943 -634.242228 -640.653967 -646.465651 -651.757967 -656.598062 -661.041949 -665.136259 -668.919912 -672.425418 -675.679984 -678.706304 -681.523434 -684.147463 -686.591865 -688.868121 -690.985688 -692.952824 -694.776544 -696.462935 -698.016873 -699.442940 -700.745381 -701.927880 -702.994010 -703.948057 -704.795170 -705.551265 -706.335117 -708.148748 -718.803519 -9999.0 -9999.0
-9999.0 -9999.0 3789.588842 3689.707515 3589.991593 3490.499122 3391.276780 3292.355530 3193.754092 3095.483574 2997.550965 2899.961569 2802.721405 2705.841082 2609.343133 2513.274315 2417.720369 2322.824591 2228.804851 2135.950109 2044.568419 1954.921402 1867.156961 1781.294339 1697.271175 1615.007928 1534.469213 1455.632582 1378.439404 1302.790257 1228.683695 1156.108804 1084.975263 1015.215494 946.877850 879.850389 814.039105 749.557071 686.183953 623.964534 562.934988 502.664417 443.679031 385.455090 328.219401 271.886245 216.120230 161.492893 106.944244 53.844858 0.237152 -51.609169 -103.992281 -154.653146 -205.031894 -252.873717 -299.192908 -341.921829 -381.884647 -417.642587 -450.044706 -478.483741 -503.655015 -525.606366 -544.802049 -561.561746 -576.203051 -589.051721 -600.348917 -610.340607 -619.212134 -627.133943 -634.242228 -640.653967 -646.465651 -651.757967 -656.598062 -661.041949 -665.136259 -668.919912 -672.425418 -675.679984 -678.706304 -681.523434 -684.147463 -686.591865 -688.868121 -690.985688 -692.952824 -694.776544 -696.462935 -698.016873 -699.442940 -700.745381 -701.927880 -702.994010 -703.948057 -704.795170 -705.551265 -706.335117 -708.148748 -718.803519 -9999.0 -9999.0
-9999.0 -9999.0 3789.588842 3689.707515 3589.991593 3490.499122 3391.276780 3292.355530 3193.754092 3095.483574 2997.550965 2899.961569 2802.721405 2705.841082 2609.343133 2513.274315 2417.720369 2322.824591 2228.804851 2135.950109 2044.568419 1954.921402 1867.156961 1781.294339 1697.271175 1615.007928 1534.469213 1455.632582 1378.439404 1302.790257 1228.683695 1156.108804 1084.975263 1015.215494 946.877850 879.850389 814.039105 749.557071 686.183953 623.964534 562.934988 502.664417 443.679031 385.455090 328.219401 271.886245 216.120230 161.492893 106.944244 53.844858 0.237152 -51.609169 -103.992281 -154.653146 -205.031894 -252.873717 -299.192908 -341.921829 -381.884647 -417.642587 -450.044706 -478.483741 -503.655015 -525.606366 -544.802049 -561.561746 -576.203051 -589.051721 -600.348917 -610.340607 -619.212134 -627.133943 -634.242228 -640.653967 -646.465651 -651.757967 -656.598062 -661.041949 -665.136259 -668.919912 -672.425418 -675.679984 -678.706304 -681.523434 -684.147463 -686.591865 -688.868121 -690.985688 -692.952824 -694.776544 -696.462935 -698.016873 -699.442940 -700.745381 -701.927880 -702.994010 -703.948057 -704.795170 -705.551265 -706.335117 -708.148748 -718.803519 -9999.0 -9999.0
-9999.0 -9999.0 3789.588842 3689.707515 3589.991593 3490.499122 3391.276780 3292.355530 3193.754092 3095.483574 2997.550965 2899.961569 2802.721405 2705.841082 2609.343133 2513.274315 2417.720369 2322.824591 2228.804851 2135.950109 2044.568419 1954.921402 1867.156961 1781.294339 1697.271174 1615.007928 1534.469213 1455.632582 1378.439404 1302.790257 1228.683695 1156.108804 1084.975263 1015.215494 946.877850 879.850389 814.039105 749.557071 686.183953 623.964534 562.934988 502.664417 443.679031 385.455090 328.219401 271.886245 216.120230 161.492893 106.944244 53.844858 0.237152 -51.609169 -103.992281 -154.653146 -205.031894 -252.873717 -299.192908 -341.921829 -381.884647 -417.642587 -450.044706 -478.483741 -503.655015 -525.606366 -544.802049 -561.561746 -576.203051 -589.051721 -600.348917 -610.340607 -619.212134 -627.133943 -634.242228 -640.653967 -646.465651 -651.757967 -656.598062 -661.041949 -665.136259 -668.919912 -672.425418 -675.679984 -678.706304 -681.523434 -684.147463 -686.591865 -688.868121 -690.985688 -692.952824 -694.776544 -696.462935 -698.016873 -699.442940 -700.745381 -701.927880 -702.994010 -703.948057 -704.795170 -705.551265 -706.335117 -708.148748 -718.803519 -9999.0 -9999.0
-9999.0 -9999.0 3789.588842 3689.707515 3589.991593 3490.499122 3391.276780 3292.355530 3193.754093 3095.483575 2997.550965 2899.961569 2802.721406 2705.841082 2609.343133 2513.274315 2417.720369 2322.824591 2228.804851 2135.950109 2044.568419 1954.921402 1867.156961 1781.294339 1697.271174 1615.007927 1534.469213 1455.632582 1378.439404 1302.790257 1228.683695 1156.108804 1084.975263 1015.215494 946.877850 879.850389 814.039105 749.557071 686.183953 623.964534 562.934988 502.664417 443.679031 385.455090 328.219401 271.886245 216.120230 161.492893 106.944244 53.844858 0.237152 -51.609169 -103.992281 -154.653146 -205.031894 -252.873717 -299.192908 -341.921829 -381.884647 -417.642587 -450.044706 -478.483741 -503.655015 -525.606366 -544.802049 -561.561746 -576.203051 -589.051721 -600.348917 -610.340607 -619.212134 -627.133943 -634.242228 -640.653967 -646.465651 -651.757967 -656.598062 -661.041949 -665.136259 -668.919912 -672.425418 -675.679984 -678.706304 -681.523434 -684.147463 -686.591865 -688.868121 -690.985688 -692.952824 -694.776544 -696.462935 -698.016873 -699.442940 -700.745381 -701.927880 -702.994010 -703.948057 -704.795170 -705.551265 -706.335117 -708.148748 -718.803519 -9999.0 -9999.0
-9999.0 -9999.0 -9999.0 -9999.0 -9999.0 -9999.0 -9999.0 -9999.0 -9999.0 -9999.0 -9999.0 -9999.0 -9999.0 -9999.0 -9999.0 -9999.0 -9999.0 -9999.0 -9999.0 -9999.0 -9999.0 -9999.0 -9999.0 -9999.0 -9999.0 -9999.0 -9999.0 -9999.0 -9999.0 -9999.0 -9999.0 -9999.0 -9999.0 -9999.0 -9999.0 -9999.0 -9999.0 -9999.0 -9999.0 -9999.0 -9999.0 -9999.0 -9999.0 -9999.0 -9999.0 -9999.0 -9999.0 -9999.0 -9999.0 -9999.0 -9999.0 -9999.0 -9999.0 -9999.0 -9999.0 -9999.0 -9999.0 -9999.0 -9999.0 -9999.0 -9999.0 -9999.0 -9999.0 -9999.0 -9999.0 -9999.0 -9999.0 -9999.0 -9999.0 -9999.0 -9999.0 -9999.0 -9999.0 -9999.0 -9999.0 -9999.0 -9999.0 -9999.0 -9999.0 -9999.0 -9999.0 -9999.0 -9999.0 -9999.0 -9999.0 -9999.0 -9999.0 -9999.0 -9999.0 -9999.0 -9999.0 -9999.0 -9999.0 -9999.0 -9999.0 -9999.0 -9999.0 -9999.0 -9999.0 -9999.0 -9999.0 -9999.0 -9999.0 -9999.0
-9999.0 -9999.0 -9999.0 -9999.0 -9999.0 -9999.0 -9999.0 -9999.0 -9999.0 -9999.0 -9999.0 -9999.0 -9999.0 -9999.0 -9999.0 -9999.0 -9999.0 -9999.0 -9999.0 -9999.0 -9999.0 -9999.0 -9999.0 -9999.0 -9999.0 -9999.0 -9999.0 -9999.0 -9999.0 -9999.0 -9999.0 -9999.0 -9999.0 -9999.0 -9999.0 -9999.0 -9999.0 -9999.0 -9999.0 -9999.0 -9999.0 -9999.0 -9999.0 -9999.0 -9999.0 -9999.0 -9999.0 -9999.0 -9999.0 -9999.0 -9999.0 -9999.0 -9999.0 -9999.0 -9999.0 -9999.0 -9999.0 -9999.0 -9999.0 -9999.0 -9999.0 -9999.0 -9999.0 -9999.0 -9999.0 -9999.0 -9999.0 -9999.0 -9999.0 -9999.0 -9999.0 -9999.0 -9999.0 -9999.0 -9999.0 -9999.0 -9999.0 -9999.0 -9999.0 -9999.0 -9999.0 -9999.0 -9999.0 -9999.0 -9999.0 -9999.0 -9999.0 -9999.0 -9999.0 -9999.0 -9999.0 -9999.0 -9999.0 -9999.0 -9999.0 -9999.0 -9999.0 -9999.0 -9999.0 -9999.0 -9999.0 -9999.0 -9999.0 -9999.0