examples/3D/hillslope01/output-maps-SE27XX/psiliqL0043N0003.asc
ncols         104
nrows         10
xllcorner     -2.000000
yllcorner     0.000000
cellsize      1.000000
NODATA_value  -9999.0
-9999.0 -9999.0 -9999.0 -9999.0 -9999.0 -9999.0 -9999.0 -9999.0 -9999.0 -9999.0 -9999.0 -9999.0 -9999.0 -9999.0 -9999.0 -9999.0 -9999.0 -9999.0 -9999.0 -9999.0 -9999.0 -9999.0 -9999.0 -9999.0 -9999.0 -9999.0 -9999.0 -9999.0 -9999.0 -9999.0 -9999.0 -9999.0 -9999.0 -9999.0 -9999.0 -9999.0 -9999.0 -9999.0 -9999.0 -9999.0 -9999.0 -9999.0 -9999.0 -9999.0 -9999.0 -9999.0 -9999.0 -9999.0 -9999.0 -9999.0 -9999.0 -9999.0 -9999.0 -9999.0 -9999.0 -9999.0 -9999.0 -9999.0 -9999.0 -9999.0 -9999.0 -9999.0 -9999.0 -9999.0 -9999.0 -9999.0 -9999.0 -9999.0 -9999.0 -9999.0 -9999.0 -9999.0 -9999.0 -9999.0 -9999.0 -9999.0 -9999.0 -9999.0 -9999.0 -9999.0 -9999.0 -9999.0 -9999.0 -9999.0 -9999.0 -9999.0 -9999.0 -9999.0 -9999.0 -9999.0 -9999.0 -9999.0 -9999.0 -9999.0 -9999.0 -9999.0 -9999.0 -9999.0 -9999.0 -9999.0 -9999.0 -9999.0 -9999.0 -9999.0
-9999.0 -9999.0 -9999.0 -9999.0 -9999.0 -9999.0 -9999.0 -9999.0 -9999.0 -9999.0 -9999.0 -9999.0 -9999.0 -9999.0 -9999.0 -9999.0 -9999.0 -9999.0 -9999.0 -9999.0 -9999.0 -9999.0 -9999.0 -9999.0 -9999.0 -9999.0 -9999.0 -9999.0 -9999.0 -9999.0 -9999.0 -9999.0 -9999.0 -9999.0 -9999.0 -9999.0 -9999.0 -9999.0 -9999.0 -9999.0 -9999.0 -9999.0 -9999.0 -9999.0 -9999.0 -9999.0 -9999.0 -9999.0 -9999.0 -9999.0 -9999.0 -9999.0 -9999.0 -9999.0 -9999.0 -9999.0 -9999.0 -9999.0 -9999.0 -9999.0 -9999.0 -9999.0 -9999.0 -9999.0 -9999.0 -9999.0 -9999.0 -9999.0 -9999.0 -9999.0 -9999.0 -9999.0 -9999.0 -9999.0 -9999.0 -9999.0 -9999.0 -9999.0 -9999.0 -9999.0 -9999.0 -9999.0 -9999.0 -9999.0 -9999.0 -9999.0 -9999.0 -9999.0 -9999.0 -9999.0 -9999.0 -9999.0 -9999.0 -9999.0 -9999.0 -9999.0 -9999.0 -9999.0 -9999.0 -9999.0 -9999.0 -9999.0 -9999.0 -9999.0
-9999.0 -9999.0 4406.562604 4311.935368 4221.448821 4133.589289 4047.185697 3961.515129 3876.189724 3791.023325 3705.935666 3620.897830 3535.904767 3450.962528 3366.082815 3281.279735 3196.564780 3111.944074 3027.419003 2942.988264 2858.650711 2774.408858 2690.269683 2606.234323 2522.297579 2438.450739 2354.684882 2270.995732 2187.388986 2103.870906 2020.436544 1937.073609 1853.767200 1770.505791 1687.292878 1604.149408 1521.071282 1438.041810 1355.039488 1272.042548 1189.044555 1106.099800 1023.201552 940.326348 857.445778 774.526331 691.535434 608.583149 525.659486 442.731392 359.764661 276.717322 193.509162 110.297658 27.110031 -55.905854 -137.926143 -216.634831 -287.802023 -346.672522 -390.824971 -421.254584 -440.894566 -452.992823 -460.210707 -464.423354 -466.840564 -468.211009 -468.981039 -469.410212 -469.647594 -469.777928 -469.848967 -469.887404 -469.908043 -469.919040 -469.924855 -469.927906 -469.929495 -469.930315 -469.930735 -469.930948 -469.931055 -469.931109 -469.931135 -469.931148 -469.931154 -469.931158 -469.931161 -469.931169 -469.931196 -469.931292 -469.931639 -469.932882 -469.937258 -469.952366 -470.003395 -470.172327 -470.724262 -472.521962 -478.428122 -498.737336 -9999.0 -9999.0
-9999.0 -9999.0 4406.564949 4311.937064 4221.449809 4133.589790 4047.185930 3961.515231 3876.189767 3791.023343 3705.935673 3620.897833 3535.904768 3450.962529 3366.082815 3281.279735 3196.564780 3111.944074 3027.419003 2942.988264 2858.650711 2774.408858 2690.269683 2606.234323 2522.297579 2438.450739 2354.684882 2270.995732 2187.388986 2103.870906 2020.436544 1937.073609 1853.767200 1770.505791 1687.292878 1604.149408 1521.071282 1438.041810 1355.039488 1272.042548 1189.044555 1106.099800 1023.201552 940.326348 857.445778 774.526331 691.535434 608.583149 525.659486 442.731392 359.764661 276.717322 193.509162 110.297658 27.110031 -55.905854 -137.926143 -216.634831 -287.802023 -346.672522 -390.824971 -421.254584 -440.894566 -452.992823 -460.210707 -464.423354 -466.840564 -468.211009 -468.981039 -469.410212 -469.647594 -469.777928 -469.848967 -469.887404 -469.908043 -469.919040 -469.924855 -469.927906 -469.929495 -469.930315 -469.930735 -469.930948 -469.931055 -469.931109 -469.931135 -469.931148 -469.931154 -469.931158 -469.931161 -469.931169 -469.931196 -469.931292 -469.931639 -469.932882 -469.937258 -469.952366 -470.003395 -470.172327 -470.724262 -472.521962 -478.428122 -498.737336 -9999.0 -9999.0
-9999.0 -9999.0 4406.567056 4311.938616 4221.450732 4133.590268 4047.186156 3961.515332 3876.189810 3791.023361 3705.935680 3620.897836 3535.904770 3450.962529 3366.082815 3281.279735 3196.564780 3111.944074 3027.419003 2942.988264 2858.650711 2774.408858 2690.269683 2606.234323 2522.297579 2438.450739 2354.684882 2270.995732 2187.388986 2103.870906 2020.436544 1937.073609 1853.767200 1770.505791 1687.292878 1604.149408 1521.071282 1438.041810 1355.039488 1272.042548 1189.044555 1106.099800 1023.201552 940.326348 857.445778 774.526331 691.535434 608.583149 525.659486 442.731392 359.764661 276.717322 193.509162 110.297658 27.110031 -55.905854 -137.926143 -216.634831 -287.802023 -346.672522 -390.824971 -421.254584 -440.894566 -452.992823 -460.210707 -464.423354 -466.840564 -468.211009 -468.981039 -469.410212 -469.647594 -469.777928 -469.848967 -469.887404 -469.908043 -469.919040 -469.924855 -469.927906 -469.929495 -469.930315 -469.930735 -469.930948 -469.931055 -469.931109 -469.931135 -469.931148 -469.931154 -469.931158 -469.931161 -469.931169 -469.931196 -469.931292 -469.931639 -469.932882 -469.937258 -469.952366 -470.003395 -470.172327 -470.724262 -472.521962 -478.428122 -498.737336 -9999.0 -9999.0
-9999.0 -9999.0 4406.567056 4311.938616 4221.450732 4133.590268 4047.186156 3961.515332 3876.189810 3791.023361 3705.935680 3620.897836 3535.904770 3450.962530 3366.082815 3281.279735 3196.564780 3111.944074 3027.419003 2942.988264 2858.650711 2774.408858 2690.269683 2606.234323 2522.297579 2438.450739 2354.684882 2270.995732 2187.388986 2103.870906 2020.436544 1937.073609 1853.767200 1770.505791 1687.292878 1604.149408 1521.071282 1438.041810 1355.039488 1272.042548 1189.044555 1106.099800 1023.201552 940.326348 857.445778 774.526331 691.535434 608.583149 525.659486 442.731392 359.764661 276.717322 193.509162 110.297658 27.110031 -55.905854 -137.926143 -216.634831 -287.802023 -346.672522 -390.824971 -421.254584 -440.894566 -452.992823 -460.210707 -464.423354 -466.840564 -468.211009 -468.981039 -469.410212 -469.647594 -469.777928 -469.848967 -469.887404 -469.908043 -469.919040 -469.924855 -469.927906 -469.929495 -469.930315 -469.930735 -469.930948 -469.931055 -469.931109 -469.931135 -469.931148 -469.931154 -469.931158 -469.931161 -469.931169 -469.931196 -469.931292 -469.931639 -469.932882 -469.937258 -469.952366 -470.003395 -470.172327 -470.724262 -472.521962 -478.428122 -498.737336 -9999.0 -9999.0
-9999.0 -9999.0 4406.564949 4311.937064 4221.449809 4133.589790 4047.185931 3961.515231 3876.189767 3791.023343 3705.935673 3620.897833 3535.904768 3450.962529 3366.082815 3281.279735 3196.564780 3111.944074 3027.419003 2942.988264 2858.650711 2774.408858 2690.269683 2606.234323 2522.297579 2438.450739 2354.684882 2270.995732 2187.388986 2103.870906 2020.436544 1937.073609 1853.767200 1770.505791 1687.292878 1604.149408 1521.071282 1438.041810 1355.039488 1272.042548 1189.044555 1106.099800 1023.201552 940.326348 857.445778 774.526331 691.535434 608.583149 525.659486 442.731392 359.764661 276.717322 193.509162 110.297658 27.110031 -55.905854 -137.926143 -216.634831 -287.802023 -346.672522 -390.824971 -421.254584 -440.894566 -452.992823 -460.210707 -464.423354 -466.840564 -468.211009 -468.981039 -469.410212 -469.647594 -469.777928 -469.848967 -469.887404 -469.908043 -469.919040 -469.924855 -469.927906 -469.929495 -469.930315 -469.930735 -469.930948 -469.931055 -469.931109 -469.931135 -469.931148 -469.931154 -469.931158 -469.931161 -469.931169 -469.931196 -469.931292 -469.931639 -469.932882 -469.937258 -469.952366 -470.003395 -470.172327 -470.724262 -472.521962 -478.428122 -498.737336 -9999.0 -9999.0
-9999.0 -9999.0 4406.562604 4311.935368 4221.448821 4133.589289 4047.185697 3961.515129 3876.189724 3791.023325 3705.935666 3620.897830 3535.904767 3450.962528 3366.082815 3281.279735 3196.564780 3111.944074 3027.419003 2942.988264 2858.650710 2774.408858 2690.269683 2606.234323 2522.297579 2438.450739 2354.684882 2270.995732 2187.388986 2103.870906 2020.436544 1937.073609 1853.767200 1770.505791 1687.292878 1604.149408 1521.071282 1438.041810 1355.039488 1272.042548 1189.044555 1106.099800 1023.201552 940.326348 857.445778 774.526331 691.535434 608.583149 525.659486 442.731392 359.764661 276.717322 193.509162 110.297658 27.110031 -55.905854 -137.926143 -216.634831 -287.802023 -346.672522 -390.824971 -421.254584 -440.894566 -452.992823 -460.210707 -464.423354 -466.840564 -468.211009 -468.981039 -469.410212 -469.647594 -469.777928 -469.848967 -469.887404 -469.908043 -469.919040 -469.924855 -469.927906 -469.929495 -469.930315 -469.930735 -469.930948 -469.931055 -469.931109 -469.931135 -469.931148 -469.931154 -469.931158 -469.931161 -469.931169 -469.931196 -469.931292 -469.931639 -469.932882 -469.937258 -469.952366 -470.003395 -470.172327 -470.724262 -472.521962 -478.428122 -498.737336 -9999.0 -9999.0
-9999.0 -9999.0 -9999.0 -9999.0 -9999.0 -9999.0 -9999.0 -9999.0 -9999.0 -9999.0 -9999.0 -9999.0 -9999.0 -9999.0 -9999.0 -9999.0 -9999.0 -9999.0 -9999.0 -9999.0 -9999.0 -9999.0 -9999.0 -9999.0 -9999.0 -9999.0 -9999.0 -9999.0 -9999.0 -9999.0 -9999.0 -9999.0 -9999.0 -9999.0 -9999.0 -9999.0 -9999.0 -9999.0 -9999.0 -9999.0 -9999.0 -9999.0 -9999.0 -9999.0 -9999.0 -9999.0 -9999.0 -9999.0 -9999.0 -9999.0 -9999.0 -9999.0 -9999.0 -9999.0 -9999.0 -9999.0 -9999.0 -9999.0 -9999.0 -9999.0 -9999.0 -9999.0 -9999.0 -9999.0 -9999.0 -9999.0 -9999.0 -9999.0 -9999.0 -9999.0 -9999.0 -9999.0 -9999.0 -9999.0 -9999.0 -9999.0 -9999.0 -9999.0 -9999.0 -9999.0 -9999.0 -9999.0 -9999.0 -9999.0 -9999.0 -9999.0 -9999.0 -9999.0 -9999.0 -9999.0 -9999.0 -9999.0 -9999.0 -9999.0 -9999.0 -9999.0 -9999.0 -9999.0 -9999.0 -9999.0 -9999.0 -9999.0 -9999.0 -9999.0
-9999.0 -9999.0 -9999.0 -9999.0 -9999.0 -9999.0 -9999.0 -9999.0 -9999.0 -9999.0 -9999.0 -9999.0 -9999.0 -9999.0 -9999.0 -9999.0 -9999.0 -9999.0 -9999.0 -9999.0 -9999.0 -9999.0 -9999.0 -9999.0 -9999.0 -9999.0 -9999.0 -9999.0 -9999.0 -9999.0 -9999.0 -9999.0 -9999.0 -9999.0 -9999.0 -9999.0 -9999.0 -9999.0 -9999.0 -9999.0 -9999.0 -9999.0 -9999.0 -9999.0 -9999.0 -9999.0 -9999.0 -9999.0 -9999.0 -9999.0 -9999.0 -9999.0 -9999.0 -9999.0 -9999.0 -9999.0 -9999.0 -9999.0 -9999.0 -9999.0 -9999.0 -9999.0 -9999.0 -9999.0 -9999.0 -9999.0 -9999.0 -9999.0 -9999.0 -9999.0 -9999.0 -9999.0 -9999.0 -9999.0 -9999.0 -9999.0 -9999.0 -9999.0 -9999.0 -9999.0 -9999.0 -9999.0 -9999.0 -9999.0 -9999.0 -9999.0 -9999.0 -9999.0 -9999.0 -9999.0 -9999.0 -9999.0 -9999.0 -9999.0 -9999.0 -9999.0 -9999.0 -9999.0 -9999.0 -9999.0 -9999.0 -9999.0 -9999.0 -9999.0