examples/3D/hillslope01/output-maps-SE27XX/psiliqL0055N0003.asc
ncols         104
nrows         10
xllcorner     -2.000000
yllcorner     0.000000
cellsize      1.000000
NODATA_value  -9999.0
-9999.0 -9999.0 -9999.0 -9999.0 -9999.0 -9999.0 -9999.0 -9999.0 -9999.0 -9999.0 -9999.0 -9999.0 -9999.0 -9999.0 -9999.0 -9999.0 -9999.0 -9999.0 -9999.0 -9999.0 -9999.0 -9999.0 -9999.0 -9999.0 -9999.0 -9999.0 -9999.0 -9999.0 -9999.0 -9999.0 -9999.0 -9999.0 -9999.0 -9999.0 -9999.0 -9999.0 -9999.0 -9999.0 -9999.0 -9999.0 -9999.0 -9999.0 -9999.0 -9999.0 -9999.0 -9999.0 -9999.0 -9999.0 -9999.0 -9999.0 -9999.0 -9999.0 -9999.0 -9999.0 -9999.0 -9999.0 -9999.0 -9999.0 -9999.0 -9999.0 -9999.0 -9999.0 -9999.0 -9999.0 -9999.0 -9999.0 -9999.0 -9999.0 -9999.0 -9999.0 -9999.0 -9999.0 -9999.0 -9999.0 -9999.0 -9999.0 -9999.0 -9999.0 -9999.0 -9999.0 -9999.0 -9999.0 -9999.0 -9999.0 -9999.0 -9999.0 -9999.0 -9999.0 -9999.0 -9999.0 -9999.0 -9999.0 -9999.0 -9999.0 -9999.0 -9999.0 -9999.0 -9999.0 -9999.0 -9999.0 -9999.0 -9999.0 -9999.0 -9999.0
-9999.0 -9999.0 -9999.0 -9999.0 -9999.0 -9999.0 -9999.0 -9999.0 -9999.0 -9999.0 -9999.0 -9999.0 -9999.0 -9999.0 -9999.0 -9999.0 -9999.0 -9999.0 -9999.0 -9999.0 -9999.0 -9999.0 -9999.0 -9999.0 -9999.0 -9999.0 -9999.0 -9999.0 -9999.0 -9999.0 -9999.0 -9999.0 -9999.0 -9999.0 -9999.0 -9999.0 -9999.0 -9999.0 -9999.0 -9999.0 -9999.0 -9999.0 -9999.0 -9999.0 -9999.0 -9999.0 -9999.0 -9999.0 -9999.0 -9999.0 -9999.0 -9999.0 -9999.0 -9999.0 -9999.0 -9999.0 -9999.0 -9999.0 -9999.0 -9999.0 -9999.0 -9999.0 -9999.0 -9999.0 -9999.0 -9999.0 -9999.0 -9999.0 -9999.0 -9999.0 -9999.0 -9999.0 -9999.0 -9999.0 -9999.0 -9999.0 -9999.0 -9999.0 -9999.0 -9999.0 -9999.0 -9999.0 -9999.0 -9999.0 -9999.0 -9999.0 -9999.0 -9999.0 -9999.0 -9999.0 -9999.0 -9999.0 -9999.0 -9999.0 -9999.0 -9999.0 -9999.0 -9999.0 -9999.0 -9999.0 -9999.0 -9999.0 -9999.0 -9999.0
-9999.0 -9999.0 5612.114084 5515.874983 5422.874925 5332.350985 5243.573162 5155.972887 5069.156321 4982.868483 4896.949872 4811.302045 4725.864548 4640.600578 4555.488216 4470.514570 4385.671311 4300.951804 4216.349982 4131.860405 4047.478932 3963.203303 3879.032457 3794.964047 3710.993615 3627.115388 3543.323841 3459.615451 3375.989271 3292.444225 3208.976002 3125.577344 3042.240176 2958.958581 2875.731439 2792.560473 2709.441936 2626.366644 2543.323128 2460.301852 2377.300942 2294.328143 2211.380705 2128.446861 2045.510887 1962.558128 1879.584010 1796.606006 1713.623738 1630.622678 1547.582505 1464.482030 1381.309294 1298.091116 1214.836809 1131.529868 1048.146014 964.657634 881.037609 797.299848 713.496326 629.606677 545.603415 461.457795 377.134785 292.576568 207.880787 123.073480 38.114443 -46.840843 -130.811237 -210.860815 -281.566716 -337.545549 -377.121225 -402.652974 -418.071954 -426.979016 -431.974661 -434.720338 -436.207139 -437.002756 -437.424146 -437.645189 -437.760074 -437.819243 -437.849436 -437.864700 -437.872346 -437.876149 -437.878063 -437.879165 -437.880309 -437.883005 -437.891629 -437.920118 -438.012337 -438.303114 -439.199444 -441.920795 -450.170051 -476.187775 -9999.0 -9999.0
-9999.0 -9999.0 5612.114695 5515.875464 5422.875240 5332.351164 5243.573254 5155.972932 5069.156341 4982.868493 4896.949876 4811.302047 4725.864549 4640.600579 4555.488216 4470.514571 4385.671311 4300.951804 4216.349982 4131.860406 4047.478932 3963.203303 3879.032457 3794.964047 3710.993615 3627.115388 3543.323841 3459.615451 3375.989271 3292.444225 3208.976003 3125.577344 3042.240176 2958.958581 2875.731439 2792.560473 2709.441936 2626.366644 2543.323128 2460.301852 2377.300942 2294.328143 2211.380705 2128.446861 2045.510887 1962.558128 1879.584010 1796.606006 1713.623738 1630.622678 1547.582505 1464.482030 1381.309294 1298.091116 1214.836809 1131.529867 1048.146014 964.657634 881.037609 797.299848 713.496326 629.606677 545.603415 461.457795 377.134785 292.576568 207.880787 123.073479 38.114443 -46.840843 -130.811237 -210.860815 -281.566717 -337.545549 -377.121225 -402.652974 -418.071954 -426.979016 -431.974661 -434.720338 -436.207139 -437.002756 -437.424146 -437.645189 -437.760074 -437.819243 -437.849436 -437.864700 -437.872346 -437.876149 -437.878063 -437.879165 -437.880309 -437.883005 -437.891629 -437.920118 -438.012337 -438.303114 -439.199444 -441.920795 -450.170051 -476.187775 -9999.0 -9999.0
-9999.0 -9999.0 5612.115278 5515.875927 5422.875545 5332.351339 5243.573346 5155.972977 5069.156362 4982.868502 4896.949880 4811.302049 4725.864549 4640.600579 4555.488216 4470.514571 4385.671311 4300.951804 4216.349982 4131.860406 4047.478932 3963.203303 3879.032457 3794.964047 3710.993615 3627.115388 3543.323841 3459.615451 3375.989271 3292.444225 3208.976003 3125.577344 3042.240176 2958.958581 2875.731439 2792.560473 2709.441936 2626.366644 2543.323128 2460.301852 2377.300942 2294.328143 2211.380705 2128.446861 2045.510887 1962.558128 1879.584010 1796.606006 1713.623738 1630.622678 1547.582505 1464.482030 1381.309294 1298.091116 1214.836809 1131.529867 1048.146013 964.657634 881.037609 797.299847 713.496326 629.606677 545.603415 461.457795 377.134784 292.576568 207.880787 123.073479 38.114443 -46.840843 -130.811237 -210.860815 -281.566717 -337.545549 -377.121225 -402.652974 -418.071954 -426.979016 -431.974661 -434.720338 -436.207139 -437.002756 -437.424146 -437.645189 -437.760074 -437.819243 -437.849436 -437.864700 -437.872346 -437.876149 -437.878063 -437.879165 -437.880309 -437.883005 -437.891629 -437.920118 -438.012337 -438.303114 -439.199444 -441.920795 -450.170052 -476.187775 -9999.0 -9999.0
-9999.0 -9999.0 5612.115278 5515.875927 5422.875545 5332.351339 5243.573346 5155.972977 5069.156362 4982.868502 4896.949879 4811.302049 4725.864549 4640.600579 4555.488216 4470.514571 4385.671311 4300.951804 4216.349982 4131.860406 4047.478932 3963.203303 3879.032457 3794.964047 3710.993615 3627.115388 3543.323841 3459.615451 3375.989271 3292.444225 3208.976003 3125.577344 3042.240176 2958.958581 2875.731439 2792.560473 2709.441936 2626.366644 2543.323128 2460.301852 2377.300942 2294.328143 2211.380705 2128.446861 2045.510887 1962.558128 1879.584010 1796.606006 1713.623738 1630.622678 1547.582505 1464.482030 1381.309294 1298.091116 1214.836809 1131.529867 1048.146013 964.657634 881.037609 797.299847 713.496326 629.606677 545.603415 461.457795 377.134784 292.576568 207.880787 123.073479 38.114443 -46.840843 -130.811237 -210.860815 -281.566717 -337.545549 -377.121225 -402.652974 -418.071954 -426.979016 -431.974661 -434.720338 -436.207139 -437.002756 -437.424146 -437.645189 -437.760074 -437.819243 -437.849436 -437.864700 -437.872346 -437.876149 -437.878063 -437.879165 -437.880309 -437.883005 -437.891629 -437.920118 -438.012337 -438.303114 -439.199444 -441.920795 -450.170052 -476.187775 -9999.0 -9999.0
-9999.0 -9999.0 5612.114695 5515.875464 5422.875240 5332.351164 5243.573254 5155.972932 5069.156341 4982.868493 4896.949876 4811.302047 4725.864549 4640.600578 4555.488216 4470.514570 4385.671311 4300.951804 4216.349982 4131.860405 4047.478932 3963.203303 3879.032457 3794.964047 3710.993615 3627.115388 3543.323841 3459.615451 3375.989271 3292.444225 3208.976003 3125.577344 3042.240176 2958.958581 2875.731439 2792.560473 2709.441936 2626.366644 2543.323128 2460.301852 2377.300942 2294.328143 2211.380705 2128.446861 2045.510887 1962.558128 1879.584010 1796.606006 1713.623738 1630.622678 1547.582505 1464.482030 1381.309294 1298.091116 1214.836809 1131.529867 1048.146014 964.657634 881.037609 797.299847 713.496326 629.606677 545.603415 461.457795 377.134785 292.576568 207.880787 123.073479 38.114443 -46.840843 -130.811237 -210.860815 -281.566717 -337.545549 -377.121225 -402.652974 -418.071954 -426.979016 -431.974661 -434.720338 -436.207139 -437.002756 -437.424146 -437.645189 -437.760074 -437.819243 -437.849436 -437.864700 -437.872346 -437.876149 -437.878063 -437.879165 -437.880309 -437.883005 -437.891629 -437.920118 -438.012337 -438.303114 -439.199444 -441.920795 -450.170051 -476.187775 -9999.0 -9999.0
-9999.0 -9999.0 5612.114084 5515.874983 5422.874925 5332.350985 5243.573161 5155.972887 5069.156321 4982.868484 4896.949871 4811.302045 4725.864548 4640.600578 4555.488216 4470.514570 4385.671310 4300.951804 4216.349982 4131.860405 4047.478932 3963.203303 3879.032457 3794.964047 3710.993615 3627.115388 3543.323841 3459.615451 3375.989271 3292.444225 3208.976002 3125.577344 3042.240176 2958.958581 2875.731439 2792.560473 2709.441936 2626.366644 2543.323128 2460.301852 2377.300942 2294.328143 2211.380705 2128.446861 2045.510887 1962.558128 1879.584010 1796.606006 1713.623738 1630.622678 1547.582505 1464.482031 1381.309294 1298.091116 1214.836809 1131.529868 1048.146014 964.657634 881.037609 797.299848 713.496326 629.606677 545.603415 461.457795 377.134785 292.576568 207.880787 123.073480 38.114443 -46.840843 -130.811237 -210.860815 -281.566716 -337.545549 -377.121225 -402.652974 -418.071954 -426.979016 -431.974661 -434.720338 -436.207139 -437.002756 -437.424146 -437.645189 -437.760074 -437.819243 -437.849436 -437.864700 -437.872346 -437.876149 -437.878063 -437.879165 -437.880309 -437.883005 -437.891629 -437.920118 -438.012337 -438.303114 -439.199444 -441.920795 -450.170051 -476.187775 -9999.0 -9999.0
-9999.0 -9999.0 -9999.0 -9999.0 -9999.0 -9999.0 -9999.0 -9999.0 -9999.0 -9999.0 -9999.0 -9999.0 -9999.0 -9999.0 -9999.0 -9999.0 -9999.0 -9999.0 -9999.0 -9999.0 -9999.0 -9999.0 -9999.0 -9999.0 -9999.0 -9999.0 -9999.0 -9999.0 -9999.0 -9999.0 -9999.0 -9999.0 -9999.0 -9999.0 -9999.0 -9999.0 -9999.0 -9999.0 -9999.0 -9999.0 -9999.0 -9999.0 -9999.0 -9999.0 -9999.0 -9999.0 -9999.0 -9999.0 -9999.0 -9999.0 -9999.0 -9999.0 -9999.0 -9999.0 -9999.0 -9999.0 -9999.0 -9999.0 -9999.0 -9999.0 -9999.0 -9999.0 -9999.0 -9999.0 -9999.0 -9999.0 -9999.0 -9999.0 -9999.0 -9999.0 -9999.0 -9999.0 -9999.0 -9999.0 -9999.0 -9999.0 -9999.0 -9999.0 -9999.0 -9999.0 -9999.0 -9999.0 -9999.0 -9999.0 -9999.0 -9999.0 -9999.0 -9999.0 -9999.0 -9999.0 -9999.0 -9999.0 -9999.0 -9999.0 -9999.0 -9999.0 -9999.0 -9999.0 -9999.0 -9999.0 -9999.0 -9999.0 -9999.0 -9999.0
-9999.0 -9999.0 -9999.0 -9999.0 -9999.0 -9999.0 -9999.0 -9999.0 -9999.0 -9999.0 -9999.0 -9999.0 -9999.0 -9999.0 -9999.0 -9999.0 -9999.0 -9999.0 -9999.0 -9999.0 -9999.0 -9999.0 -9999.0 -9999.0 -9999.0 -9999.0 -9999.0 -9999.0 -9999.0 -9999.0 -9999.0 -9999.0 -9999.0 -9999.0 -9999.0 -9999.0 -9999.0 -9999.0 -9999.0 -9999.0 -9999.0 -9999.0 -9999.0 -9999.0 -9999.0 -9999.0 -9999.0 -9999.0 -9999.0 -9999.0 -9999.0 -9999.0 -9999.0 -9999.0 -9999.0 -9999.0 -9999.0 -9999.0 -9999.0 -9999.0 -9999.0 -9999.0 -9999.0 -9999.0 -9999.0 -9999.0 -9999.0 -9999.0 -9999.0 -9999.0 -9999.0 -9999.0 -9999.0 -9999.0 -9999.0 -9999.0 -9999.0 -9999.0 -9999.0 -9999.0 -9999.0 -9999.0 -9999.0 -9999.0 -9999.0 -9999.0 -9999.0 -9999.0 -9999.0 -9999.0 -9999.0 -9999.0 -9999.0 -9999.0 -9999.0 -9999.0 -9999.0 -9999.0 -9999.0 -9999.0 -9999.0 -9999.0 -9999.0 -9999.0