examples/3D/hillslope01/output-maps-SE27XX/psiliqL0022N0003.asc
ncols         104
nrows         10
xllcorner     -2.000000
yllcorner     0.000000
cellsize      1.000000
NODATA_value  -9999.0
-9999.0 -9999.0 -9999.0 -9999.0 -9999.0 -9999.0 -9999.0 -9999.0 -9999.0 -9999.0 -9999.0 -9999.0 -9999.0 -9999.0 -9999.0 -9999.0 -9999.0 -9999.0 -9999.0 -9999.0 -9999.0 -9999.0 -9999.0 -9999.0 -9999.0 -9999.0 -9999.0 -9999.0 -9999.0 -9999.0 -9999.0 -9999.0 -9999.0 -9999.0 -9999.0 -9999.0 -9999.0 -9999.0 -9999.0 -9999.0 -9999.0 -9999.0 -9999.0 -9999.0 -9999.0 -9999.0 -9999.0 -9999.0 -9999.0 -9999.0 -9999.0 -9999.0 -9999.0 -9999.0 -9999.0 -9999.0 -9999.0 -9999.0 -9999.0 -9999.0 -9999.0 -9999.0 -9999.0 -9999.0 -9999.0 -9999.0 -9999.0 -9999.0 -9999.0 -9999.0 -9999.0 -9999.0 -9999.0 -9999.0 -9999.0 -9999.0 -9999.0 -9999.0 -9999.0 -9999.0 -9999.0 -9999.0 -9999.0 -9999.0 -9999.0 -9999.0 -9999.0 -9999.0 -9999.0 -9999.0 -9999.0 -9999.0 -9999.0 -9999.0 -9999.0 -9999.0 -9999.0 -9999.0 -9999.0 -9999.0 -9999.0 -9999.0 -9999.0 -9999.0
-9999.0 -9999.0 -9999.0 -9999.0 -9999.0 -9999.0 -9999.0 -9999.0 -9999.0 -9999.0 -9999.0 -9999.0 -9999.0 -9999.0 -9999.0 -9999.0 -9999.0 -9999.0 -9999.0 -9999.0 -9999.0 -9999.0 -9999.0 -9999.0 -9999.0 -9999.0 -9999.0 -9999.0 -9999.0 -9999.0 -9999.0 -9999.0 -9999.0 -9999.0 -9999.0 -9999.0 -9999.0 -9999.0 -9999.0 -9999.0 -9999.0 -9999.0 -9999.0 -9999.0 -9999.0 -9999.0 -9999.0 -9999.0 -9999.0 -9999.0 -9999.0 -9999.0 -9999.0 -9999.0 -9999.0 -9999.0 -9999.0 -9999.0 -9999.0 -9999.0 -9999.0 -9999.0 -9999.0 -9999.0 -9999.0 -9999.0 -9999.0 -9999.0 -9999.0 -9999.0 -9999.0 -9999.0 -9999.0 -9999.0 -9999.0 -9999.0 -9999.0 -9999.0 -9999.0 -9999.0 -9999.0 -9999.0 -9999.0 -9999.0 -9999.0 -9999.0 -9999.0 -9999.0 -9999.0 -9999.0 -9999.0 -9999.0 -9999.0 -9999.0 -9999.0 -9999.0 -9999.0 -9999.0 -9999.0 -9999.0 -9999.0 -9999.0 -9999.0 -9999.0
-9999.0 -9999.0 2274.954168 2189.786394 2110.515589 2031.778942 1951.907240 1870.712828 1788.424282 1705.345744 1621.712064 1537.693731 1453.414087 1368.962402 1284.409752 1199.844550 1115.323892 1030.868355 946.482931 862.162709 777.893224 693.657838 609.568567 525.614468 441.773705 358.022723 274.329679 190.631127 107.007552 23.564399 -59.656935 -142.271048 -223.152874 -299.995137 -369.240952 -427.303141 -472.489026 -505.289838 -527.777308 -542.538622 -551.907405 -557.717713 -561.266842 -563.409388 -564.690650 -565.450705 -565.897476 -566.158428 -566.310050 -566.397656 -566.447985 -566.476729 -566.493038 -566.502227 -566.507377 -566.510246 -566.511836 -566.512711 -566.513189 -566.513450 -566.513590 -566.513665 -566.513705 -566.513727 -566.513738 -566.513744 -566.513747 -566.513748 -566.513749 -566.513749 -566.513749 -566.513750 -566.513750 -566.513750 -566.513750 -566.513750 -566.513750 -566.513750 -566.513750 -566.513750 -566.513750 -566.513750 -566.513750 -566.513750 -566.513750 -566.513750 -566.513750 -566.513750 -566.513751 -566.513753 -566.513761 -566.513790 -566.513897 -566.514291 -566.515722 -566.520883 -566.539273 -566.604249 -566.835154 -567.686898 -571.075501 -586.110346 -9999.0 -9999.0
-9999.0 -9999.0 2274.984447 2189.801466 2110.521610 2031.781197 1951.908073 1870.713136 1788.424396 1705.345786 1621.712080 1537.693736 1453.414089 1368.962403 1284.409753 1199.844551 1115.323893 1030.868355 946.482931 862.162709 777.893224 693.657838 609.568567 525.614468 441.773705 358.022723 274.329679 190.631127 107.007552 23.564399 -59.656935 -142.271048 -223.152874 -299.995137 -369.240952 -427.303141 -472.489026 -505.289838 -527.777308 -542.538622 -551.907405 -557.717713 -561.266842 -563.409388 -564.690650 -565.450705 -565.897476 -566.158428 -566.310050 -566.397656 -566.447985 -566.476729 -566.493038 -566.502227 -566.507377 -566.510246 -566.511836 -566.512711 -566.513189 -566.513450 -566.513590 -566.513665 -566.513705 -566.513727 -566.513738 -566.513744 -566.513747 -566.513748 -566.513749 -566.513749 -566.513749 -566.513750 -566.513750 -566.513750 -566.513750 -566.513750 -566.513750 -566.513750 -566.513750 -566.513750 -566.513750 -566.513750 -566.513750 -566.513750 -566.513750 -566.513750 -566.513750 -566.513750 -566.513751 -566.513753 -566.513761 -566.513790 -566.513897 -566.514291 -566.515722 -566.520883 -566.539273 -566.604249 -566.835154 -567.686898 -571.075501 -586.110346 -9999.0 -9999.0
-9999.0 -9999.0 2275.003229 2189.811917 2110.526297 2031.783120 1951.908829 1870.713426 1788.424506 1705.345828 1621.712096 1537.693742 1453.414092 1368.962403 1284.409753 1199.844551 1115.323893 1030.868355 946.482932 862.162709 777.893224 693.657838 609.568568 525.614468 441.773705 358.022723 274.329679 190.631127 107.007552 23.564399 -59.656935 -142.271048 -223.152875 -299.995137 -369.240952 -427.303141 -472.489026 -505.289838 -527.777308 -542.538622 -551.907405 -557.717713 -561.266842 -563.409388 -564.690650 -565.450705 -565.897476 -566.158428 -566.310050 -566.397656 -566.447985 -566.476729 -566.493038 -566.502227 -566.507377 -566.510246 -566.511836 -566.512711 -566.513189 -566.513450 -566.513590 -566.513665 -566.513705 -566.513727 -566.513738 -566.513744 -566.513747 -566.513748 -566.513749 -566.513749 -566.513749 -566.513750 -566.513750 -566.513750 -566.513750 -566.513750 -566.513750 -566.513750 -566.513750 -566.513750 -566.513750 -566.513750 -566.513750 -566.513750 -566.513750 -566.513750 -566.513750 -566.513750 -566.513750 -566.513753 -566.513761 -566.513790 -566.513897 -566.514291 -566.515722 -566.520883 -566.539273 -566.604249 -566.835154 -567.686898 -571.075501 -586.110346 -9999.0 -9999.0
-9999.0 -9999.0 2275.003229 2189.811917 2110.526297 2031.783120 1951.908829 1870.713426 1788.424506 1705.345828 1621.712096 1537.693742 1453.414092 1368.962403 1284.409753 1199.844551 1115.323893 1030.868356 946.482932 862.162709 777.893224 693.657838 609.568568 525.614468 441.773705 358.022723 274.329679 190.631127 107.007552 23.564399 -59.656935 -142.271048 -223.152875 -299.995137 -369.240952 -427.303141 -472.489026 -505.289838 -527.777308 -542.538622 -551.907405 -557.717713 -561.266842 -563.409388 -564.690650 -565.450705 -565.897476 -566.158428 -566.310050 -566.397656 -566.447985 -566.476729 -566.493038 -566.502227 -566.507377 -566.510246 -566.511836 -566.512711 -566.513189 -566.513450 -566.513590 -566.513665 -566.513705 -566.513727 -566.513738 -566.513744 -566.513747 -566.513748 -566.513749 -566.513749 -566.513749 -566.513750 -566.513750 -566.513750 -566.513750 -566.513750 -566.513750 -566.513750 -566.513750 -566.513750 -566.513750 -566.513750 -566.513750 -566.513750 -566.513750 -566.513750 -566.513750 -566.513750 -566.513750 -566.513753 -566.513761 -566.513790 -566.513897 -566.514291 -566.515722 -566.520883 -566.539273 -566.604249 -566.835154 -567.686898 -571.075501 -586.110346 -9999.0 -9999.0
-9999.0 -9999.0 2274.984447 2189.801466 2110.521610 2031.781197 1951.908073 1870.713135 1788.424396 1705.345786 1621.712080 1537.693736 1453.414089 1368.962403 1284.409753 1199.844551 1115.323893 1030.868355 946.482932 862.162709 777.893224 693.657838 609.568567 525.614468 441.773705 358.022723 274.329679 190.631127 107.007552 23.564399 -59.656935 -142.271048 -223.152874 -299.995137 -369.240952 -427.303141 -472.489026 -505.289838 -527.777308 -542.538622 -551.907405 -557.717713 -561.266842 -563.409388 -564.690650 -565.450705 -565.897476 -566.158428 -566.310050 -566.397656 -566.447985 -566.476729 -566.493038 -566.502227 -566.507377 -566.510246 -566.511836 -566.512711 -566.513189 -566.513450 -566.513590 -566.513665 -566.513705 -566.513727 -566.513738 -566.513744 -566.513747 -566.513748 -566.513749 -566.513749 -566.513749 -566.513750 -566.513750 -566.513750 -566.513750 -566.513750 -566.513750 -566.513750 -566.513750 -566.513750 -566.513750 -566.513750 -566.513750 -566.513750 -566.513750 -566.513750 -566.513750 -566.513750 -566.513751 -566.513753 -566.513761 -566.513790 -566.513897 -566.514291 -566.515722 -566.520883 -566.539273 -566.604249 -566.835154 -567.686898 -571.075501 -586.110346 -9999.0 -9999.0
-9999.0 -9999.0 2274.954168 2189.786394 2110.515589 2031.778942 1951.907240 1870.712828 1788.424282 1705.345744 1621.712064 1537.693731 1453.414087 1368.962402 1284.409752 1199.844550 1115.323892 1030.868355 946.482931 862.162709 777.893224 693.657838 609.568567 525.614468 441.773705 358.022723 274.329679 190.631127 107.007552 23.564399 -59.656935 -142.271048 -223.152874 -299.995137 -369.240952 -427.303141 -472.489026 -505.289838 -527.777308 -542.538622 -551.907405 -557.717713 -561.266842 -563.409388 -564.690650 -565.450705 -565.897476 -566.158428 -566.310050 -566.397656 -566.447985 -566.476729 -566.493038 -566.502227 -566.507377 -566.510246 -566.511836 -566.512711 -566.513189 -566.513450 -566.513590 -566.513665 -566.513705 -566.513727 -566.513738 -566.513744 -566.513747 -566.513748 -566.513749 -566.513749 -566.513749 -566.513750 -566.513750 -566.513750 -566.513750 -566.513750 -566.513750 -566.513750 -566.513750 -566.513750 -566.513750 -566.513750 -566.513750 -566.513750 -566.513750 -566.513750 -566.513750 -566.513750 -566.513751 -566.513753 -566.513761 -566.513790 -566.513897 -566.514291 -566.515722 -566.520883 -566.539273 -566.604249 -566.835154 -567.686898 -571.075501 -586.110346 -9999.0 -9999.0
-9999.0 -9999.0 -9999.0 -9999.0 -9999.0 -9999.0 -9999.0 -9999.0 -9999.0 -9999.0 -9999.0 -9999.0 -9999.0 -9999.0 -9999.0 -9999.0 -9999.0 -9999.0 -9999.0 -9999.0 -9999.0 -9999.0 -9999.0 -9999.0 -9999.0 -9999.0 -9999.0 -9999.0 -9999.0 -9999.0 -9999.0 -9999.0 -9999.0 -9999.0 -9999.0 -9999.0 -9999.0 -9999.0 -9999.0 -9999.0 -9999.0 -9999.0 -9999.0 -9999.0 -9999.0 -9999.0 -9999.0 -9999.0 -9999.0 -9999.0 -9999.0 -9999.0 -9999.0 -9999.0 -9999.0 -9999.0 -9999.0 -9999.0 -9999.0 -9999.0 -9999.0 -9999.0 -9999.0 -9999.0 -9999.0 -9999.0 -9999.0 -9999.0 -9999.0 -9999.0 -9999.0 -9999.0 -9999.0 -9999.0 -9999.0 -9999.0 -9999.0 -9999.0 -9999.0 -9999.0 -9999.0 -9999.0 -9999.0 -9999.0 -9999.0 -9999.0 -9999.0 -9999.0 -9999.0 -9999.0 -9999.0 -9999.0 -9999.0 -9999.0 -9999.0 -9999.0 -9999.0 -9999.0 -9999.0 -9999.0 -9999.0 -9999.0 -9999.0 -9999.0
-9999.0 -9999.0 -9999.0 -9999.0 -9999.0 -9999.0 -9999.0 -9999.0 -9999.0 -9999.0 -9999.0 -9999.0 -9999.0 -9999.0 -9999.0 -9999.0 -9999.0 -9999.0 -9999.0 -9999.0 -9999.0 -9999.0 -9999.0 -9999.0 -9999.0 -9999.0 -9999.0 -9999.0 -9999.0 -9999.0 -9999.0 -9999.0 -9999.0 -9999.0 -9999.0 -9999.0 -9999.0 -9999.0 -9999.0 -9999.0 -9999.0 -9999.0 -9999.0 -9999.0 -9999.0 -9999.0 -9999.0 -9999.0 -9999.0 -9999.0 -9999.0 -9999.0 -9999.0 -9999.0 -9999.0 -9999.0 -9999.0 -9999.0 -9999.0 -9999.0 -9999.0 -9999.0 -9999.0 -9999.0 -9999.0 -9999.0 -9999.0 -9999.0 -9999.0 -9999.0 -9999.0 -9999.0 -9999.0 -9999.0 -9999.0 -9999.0 -9999.0 -9999.0 -9999.0 -9999.0 -9999.0 -9999.0 -9999.0 -9999.0 -9999.0 -9999.0 -9999.0 -9999.0 -9999.0 -9999.0 -9999.0 -9999.0 -9999.0 -9999.0 -9999.0 -9999.0 -9999.0 -9999.0 -9999.0 -9999.0 -9999.0 -9999.0 -9999.0 -9999.0