examples/3D/hillslope01/output-maps-SE27XX/psiliqL0016N0002.asc
ncols         104
nrows         10
xllcorner     -2.000000
yllcorner     0.000000
cellsize      1.000000
NODATA_value  -9999.0
-9999.0 -9999.0 -9999.0 -9999.0 -9999.0 -9999.0 -9999.0 -9999.0 -9999.0 -9999.0 -9999.0 -9999.0 -9999.0 -9999.0 -9999.0 -9999.0 -9999.0 -9999.0 -9999.0 -9999.0 -9999.0 -9999.0 -9999.0 -9999.0 -9999.0 -9999.0 -9999.0 -9999.0 -9999.0 -9999.0 -9999.0 -9999.0 -9999.0 -9999.0 -9999.0 -9999.0 -9999.0 -9999.0 -9999.0 -9999.0 -9999.0 -9999.0 -9999.0 -9999.0 -9999.0 -9999.0 -9999.0 -9999.0 -9999.0 -9999.0 -9999.0 -9999.0 -9999.0 -9999.0 -9999.0 -9999.0 -9999.0 -9999.0 -9999.0 -9999.0 -9999.0 -9999.0 -9999.0 -9999.0 -9999.0 -9999.0 -9999.0 -9999.0 -9999.0 -9999.0 -9999.0 -9999.0 -9999.0 -9999.0 -9999.0 -9999.0 -9999.0 -9999.0 -9999.0 -9999.0 -9999.0 -9999.0 -9999.0 -9999.0 -9999.0 -9999.0 -9999.0 -9999.0 -9999.0 -9999.0 -9999.0 -9999.0 -9999.0 -9999.0 -9999.0 -9999.0 -9999.0 -9999.0 -9999.0 -9999.0 -9999.0 -9999.0 -9999.0 -9999.0
-9999.0 -9999.0 -9999.0 -9999.0 -9999.0 -9999.0 -9999.0 -9999.0 -9999.0 -9999.0 -9999.0 -9999.0 -9999.0 -9999.0 -9999.0 -9999.0 -9999.0 -9999.0 -9999.0 -9999.0 -9999.0 -9999.0 -9999.0 -9999.0 -9999.0 -9999.0 -9999.0 -9999.0 -9999.0 -9999.0 -9999.0 -9999.0 -9999.0 -9999.0 -9999.0 -9999.0 -9999.0 -9999.0 -9999.0 -9999.0 -9999.0 -9999.0 -9999.0 -9999.0 -9999.0 -9999.0 -9999.0 -9999.0 -9999.0 -9999.0 -9999.0 -9999.0 -9999.0 -9999.0 -9999.0 -9999.0 -9999.0 -9999.0 -9999.0 -9999.0 -9999.0 -9999.0 -9999.0 -9999.0 -9999.0 -9999.0 -9999.0 -9999.0 -9999.0 -9999.0 -9999.0 -9999.0 -9999.0 -9999.0 -9999.0 -9999.0 -9999.0 -9999.0 -9999.0 -9999.0 -9999.0 -9999.0 -9999.0 -9999.0 -9999.0 -9999.0 -9999.0 -9999.0 -9999.0 -9999.0 -9999.0 -9999.0 -9999.0 -9999.0 -9999.0 -9999.0 -9999.0 -9999.0 -9999.0 -9999.0 -9999.0 -9999.0 -9999.0 -9999.0
-9999.0 -9999.0 1667.515389 1592.459864 1524.920048 1454.810464 1380.593630 1302.983019 1222.799647 1140.648407 1056.977067 972.119673 886.315572 799.763650 712.619923 624.986828 536.936145 448.519125 359.771812 270.717747 181.368437 91.719848 1.722365 -87.733647 -172.597825 -243.547071 -293.299007 -323.242555 -339.527434 -347.876679 -352.018928 -354.036115 -355.007465 -355.471708 -355.692343 -355.796717 -355.845891 -355.868972 -355.879767 -355.884800 -355.887139 -355.888223 -355.888724 -355.888955 -355.889061 -355.889110 -355.889132 -355.889142 -355.889147 -355.889149 -355.889150 -355.889151 -355.889151 -355.889151 -355.889151 -355.889151 -355.889151 -355.889151 -355.889151 -355.889151 -355.889151 -355.889151 -355.889151 -355.889151 -355.889151 -355.889151 -355.889151 -355.889151 -355.889151 -355.889151 -355.889151 -355.889151 -355.889151 -355.889151 -355.889151 -355.889151 -355.889151 -355.889151 -355.889151 -355.889151 -355.889151 -355.889151 -355.889151 -355.889151 -355.889151 -355.889151 -355.889151 -355.889152 -355.889155 -355.889165 -355.889203 -355.889344 -355.889861 -355.891769 -355.898790 -355.924569 -356.018594 -356.356531 -357.535700 -361.444970 -373.515769 -408.328482 -9999.0 -9999.0
-9999.0 -9999.0 1667.591430 1592.489626 1524.930020 1454.813823 1380.594796 1302.983434 1222.799797 1140.648461 1056.977087 972.119680 886.315575 799.763651 712.619923 624.986828 536.936145 448.519125 359.771812 270.717747 181.368437 91.719848 1.722365 -87.733647 -172.597825 -243.547071 -293.299007 -323.242555 -339.527434 -347.876679 -352.018928 -354.036114 -355.007465 -355.471708 -355.692343 -355.796717 -355.845891 -355.868972 -355.879767 -355.884800 -355.887139 -355.888223 -355.888724 -355.888955 -355.889061 -355.889110 -355.889132 -355.889142 -355.889147 -355.889149 -355.889150 -355.889150 -355.889151 -355.889151 -355.889151 -355.889151 -355.889151 -355.889151 -355.889151 -355.889151 -355.889151 -355.889151 -355.889151 -355.889151 -355.889151 -355.889151 -355.889151 -355.889151 -355.889151 -355.889151 -355.889151 -355.889151 -355.889151 -355.889151 -355.889151 -355.889151 -355.889151 -355.889151 -355.889151 -355.889151 -355.889151 -355.889151 -355.889151 -355.889151 -355.889151 -355.889151 -355.889151 -355.889152 -355.889155 -355.889165 -355.889203 -355.889343 -355.889861 -355.891769 -355.898790 -355.924569 -356.018594 -356.356531 -357.535700 -361.444970 -373.515769 -408.328481 -9999.0 -9999.0
-9999.0 -9999.0 1667.627897 1592.506920 1524.937032 1454.816542 1380.595828 1302.983821 1222.799941 1140.648515 1056.977107 972.119687 886.315578 799.763652 712.619923 624.986828 536.936145 448.519125 359.771812 270.717747 181.368437 91.719848 1.722365 -87.733647 -172.597825 -243.547071 -293.299007 -323.242555 -339.527434 -347.876679 -352.018928 -354.036114 -355.007465 -355.471708 -355.692343 -355.796717 -355.845890 -355.868971 -355.879767 -355.884800 -355.887139 -355.888223 -355.888724 -355.888955 -355.889061 -355.889110 -355.889132 -355.889142 -355.889147 -355.889149 -355.889150 -355.889150 -355.889151 -355.889151 -355.889151 -355.889151 -355.889151 -355.889151 -355.889151 -355.889151 -355.889151 -355.889151 -355.889151 -355.889151 -355.889151 -355.889151 -355.889151 -355.889151 -355.889151 -355.889151 -355.889151 -355.889151 -355.889151 -355.889151 -355.889151 -355.889151 -355.889151 -355.889151 -355.889151 -355.889151 -355.889151 -355.889151 -355.889151 -355.889151 -355.889151 -355.889151 -355.889151 -355.889152 -355.889155 -355.889165 -355.889203 -355.889343 -355.889861 -355.891769 -355.898790 -355.924569 -356.018594 -356.356531 -357.535700 -361.444970 -373.515768 -408.328482 -9999.0 -9999.0
-9999.0 -9999.0 1667.627897 1592.506920 1524.937032 1454.816542 1380.595828 1302.983821 1222.799941 1140.648515 1056.977107 972.119687 886.315578 799.763652 712.619923 624.986828 536.936145 448.519125 359.771812 270.717747 181.368437 91.719848 1.722365 -87.733647 -172.597825 -243.547071 -293.299007 -323.242555 -339.527434 -347.876679 -352.018928 -354.036114 -355.007465 -355.471708 -355.692343 -355.796717 -355.845890 -355.868971 -355.879767 -355.884800 -355.887139 -355.888223 -355.888724 -355.888955 -355.889061 -355.889110 -355.889132 -355.889142 -355.889147 -355.889149 -355.889150 -355.889150 -355.889151 -355.889151 -355.889151 -355.889151 -355.889151 -355.889151 -355.889151 -355.889151 -355.889151 -355.889151 -355.889151 -355.889151 -355.889151 -355.889151 -355.889151 -355.889151 -355.889151 -355.889151 -355.889151 -355.889151 -355.889151 -355.889151 -355.889151 -355.889151 -355.889151 -355.889151 -355.889151 -355.889151 -355.889151 -355.889151 -355.889151 -355.889151 -355.889151 -355.889151 -355.889151 -355.889152 -355.889155 -355.889165 -355.889203 -355.889343 -355.889861 -355.891769 -355.898790 -355.924569 -356.018594 -356.356531 -357.535700 -361.444970 -373.515768 -408.328482 -9999.0 -9999.0
-9999.0 -9999.0 1667.591430 1592.489626 1524.930020 1454.813823 1380.594796 1302.983434 1222.799797 1140.648461 1056.977087 972.119680 886.315575 799.763651 712.619923 624.986828 536.936145 448.519125 359.771812 270.717747 181.368437 91.719848 1.722365 -87.733647 -172.597825 -243.547071 -293.299007 -323.242555 -339.527434 -347.876679 -352.018928 -354.036114 -355.007465 -355.471708 -355.692343 -355.796717 -355.845891 -355.868972 -355.879767 -355.884800 -355.887139 -355.888223 -355.888724 -355.888955 -355.889061 -355.889110 -355.889132 -355.889142 -355.889147 -355.889149 -355.889150 -355.889150 -355.889151 -355.889151 -355.889151 -355.889151 -355.889151 -355.889151 -355.889151 -355.889151 -355.889151 -355.889151 -355.889151 -355.889151 -355.889151 -355.889151 -355.889151 -355.889151 -355.889151 -355.889151 -355.889151 -355.889151 -355.889151 -355.889151 -355.889151 -355.889151 -355.889151 -355.889151 -355.889151 -355.889151 -355.889151 -355.889151 -355.889151 -355.889151 -355.889151 -355.889151 -355.889151 -355.889152 -355.889155 -355.889165 -355.889203 -355.889343 -355.889861 -355.891769 -355.898790 -355.924569 -356.018594 -356.356531 -357.535700 -361.444970 -373.515769 -408.328481 -9999.0 -9999.0
-9999.0 -9999.0 1667.515389 1592.459864 1524.920048 1454.810464 1380.593630 1302.983019 1222.799647 1140.648407 1056.977067 972.119673 886.315572 799.763650 712.619923 624.986828 536.936145 448.519125 359.771812 270.717747 181.368437 91.719848 1.722365 -87.733646 -172.597825 -243.547071 -293.299007 -323.242555 -339.527434 -347.876679 -352.018928 -354.036115 -355.007465 -355.471708 -355.692343 -355.796717 -355.845891 -355.868972 -355.879767 -355.884800 -355.887139 -355.888223 -355.888724 -355.888955 -355.889061 -355.889110 -355.889132 -355.889142 -355.889147 -355.889149 -355.889150 -355.889151 -355.889151 -355.889151 -355.889151 -355.889151 -355.889151 -355.889151 -355.889151 -355.889151 -355.889151 -355.889151 -355.889151 -355.889151 -355.889151 -355.889151 -355.889151 -355.889151 -355.889151 -355.889151 -355.889151 -355.889151 -355.889151 -355.889151 -355.889151 -355.889151 -355.889151 -355.889151 -355.889151 -355.889151 -355.889151 -355.889151 -355.889151 -355.889151 -355.889151 -355.889151 -355.889151 -355.889152 -355.889155 -355.889165 -355.889203 -355.889344 -355.889861 -355.891769 -355.898790 -355.924569 -356.018594 -356.356531 -357.535700 -361.444970 -373.515769 -408.328482 -9999.0 -9999.0
-9999.0 -9999.0 -9999.0 -9999.0 -9999.0 -9999.0 -9999.0 -9999.0 -9999.0 -9999.0 -9999.0 -9999.0 -9999.0 -9999.0 -9999.0 -9999.0 -9999.0 -9999.0 -9999.0 -9999.0 -9999.0 -9999.0 -9999.0 -9999.0 -9999.0 -9999.0 -9999.0 -9999.0 -9999.0 -9999.0 -9999.0 -9999.0 -9999.0 -9999.0 -9999.0 -9999.0 -9999.0 -9999.0 -9999.0 -9999.0 -9999.0 -9999.0 -9999.0 -9999.0 -9999.0 -9999.0 -9999.0 -9999.0 -9999.0 -9999.0 -9999.0 -9999.0 -9999.0 -9999.0 -9999.0 -9999.0 -9999.0 -9999.0 -9999.0 -9999.0 -9999.0 -9999.0 -9999.0 -9999.0 -9999.0 -9999.0 -9999.0 -9999.0 -9999.0 -9999.0 -9999.0 -9999.0 -9999.0 -9999.0 -9999.0 -9999.0 -9999.0 -9999.0 -9999.0 -9999.0 -9999.0 -9999.0 -9999.0 -9999.0 -9999.0 -9999.0 -9999.0 -9999.0 -9999.0 -9999.0 -9999.0 -9999.0 -9999.0 -9999.0 -9999.0 -9999.0 -9999.0 -9999.0 -9999.0 -9999.0 -9999.0 -9999.0 -9999.0 -9999.0
-9999.0 -9999.0 -9999.0 -9999.0 -9999.0 -9999.0 -9999.0 -9999.0 -9999.0 -9999.0 -9999.0 -9999.0 -9999.0 -9999.0 -9999.0 -9999.0 -9999.0 -9999.0 -9999.0 -9999.0 -9999.0 -9999.0 -9999.0 -9999.0 -9999.0 -9999.0 -9999.0 -9999.0 -9999.0 -9999.0 -9999.0 -9999.0 -9999.0 -9999.0 -9999.0 -9999.0 -9999.0 -9999.0 -9999.0 -9999.0 -9999.0 -9999.0 -9999.0 -9999.0 -9999.0 -9999.0 -9999.0 -9999.0 -9999.0 -9999.0 -9999.0 -9999.0 -9999.0 -9999.0 -9999.0 -9999.0 -9999.0 -9999.0 -9999.0 -9999.0 -9999.0 -9999.0 -9999.0 -9999.0 -9999.0 -9999.0 -9999.0 -9999.0 -9999.0 -9999.0 -9999.0 -9999.0 -9999.0 -9999.0 -9999.0 -9999.0 -9999.0 -9999.0 -9999.0 -9999.0 -9999.0 -9999.0 -9999.0 -9999.0 -9999.0 -9999.0 -9999.0 -9999.0 -9999.0 -9999.0 -9999.0 -9999.0 -9999.0 -9999.0 -9999.0 -9999.0 -9999.0 -9999.0 -9999.0 -9999.0 -9999.0 -9999.0 -9999.0 -9999.0