examples/3D/hillslope01/output-maps-SE27XX/psiliqL0047N0003.asc
ncols         104
nrows         10
xllcorner     -2.000000
yllcorner     0.000000
cellsize      1.000000
NODATA_value  -9999.0
-9999.0 -9999.0 -9999.0 -9999.0 -9999.0 -9999.0 -9999.0 -9999.0 -9999.0 -9999.0 -9999.0 -9999.0 -9999.0 -9999.0 -9999.0 -9999.0 -9999.0 -9999.0 -9999.0 -9999.0 -9999.0 -9999.0 -9999.0 -9999.0 -9999.0 -9999.0 -9999.0 -9999.0 -9999.0 -9999.0 -9999.0 -9999.0 -9999.0 -9999.0 -9999.0 -9999.0 -9999.0 -9999.0 -9999.0 -9999.0 -9999.0 -9999.0 -9999.0 -9999.0 -9999.0 -9999.0 -9999.0 -9999.0 -9999.0 -9999.0 -9999.0 -9999.0 -9999.0 -9999.0 -9999.0 -9999.0 -9999.0 -9999.0 -9999.0 -9999.0 -9999.0 -9999.0 -9999.0 -9999.0 -9999.0 -9999.0 -9999.0 -9999.0 -9999.0 -9999.0 -9999.0 -9999.0 -9999.0 -9999.0 -9999.0 -9999.0 -9999.0 -9999.0 -9999.0 -9999.0 -9999.0 -9999.0 -9999.0 -9999.0 -9999.0 -9999.0 -9999.0 -9999.0 -9999.0 -9999.0 -9999.0 -9999.0 -9999.0 -9999.0 -9999.0 -9999.0 -9999.0 -9999.0 -9999.0 -9999.0 -9999.0 -9999.0 -9999.0 -9999.0
-9999.0 -9999.0 -9999.0 -9999.0 -9999.0 -9999.0 -9999.0 -9999.0 -9999.0 -9999.0 -9999.0 -9999.0 -9999.0 -9999.0 -9999.0 -9999.0 -9999.0 -9999.0 -9999.0 -9999.0 -9999.0 -9999.0 -9999.0 -9999.0 -9999.0 -9999.0 -9999.0 -9999.0 -9999.0 -9999.0 -9999.0 -9999.0 -9999.0 -9999.0 -9999.0 -9999.0 -9999.0 -9999.0 -9999.0 -9999.0 -9999.0 -9999.0 -9999.0 -9999.0 -9999.0 -9999.0 -9999.0 -9999.0 -9999.0 -9999.0 -9999.0 -9999.0 -9999.0 -9999.0 -9999.0 -9999.0 -9999.0 -9999.0 -9999.0 -9999.0 -9999.0 -9999.0 -9999.0 -9999.0 -9999.0 -9999.0 -9999.0 -9999.0 -9999.0 -9999.0 -9999.0 -9999.0 -9999.0 -9999.0 -9999.0 -9999.0 -9999.0 -9999.0 -9999.0 -9999.0 -9999.0 -9999.0 -9999.0 -9999.0 -9999.0 -9999.0 -9999.0 -9999.0 -9999.0 -9999.0 -9999.0 -9999.0 -9999.0 -9999.0 -9999.0 -9999.0 -9999.0 -9999.0 -9999.0 -9999.0 -9999.0 -9999.0 -9999.0 -9999.0
-9999.0 -9999.0 4809.128697 4713.831916 4622.331266 4533.432935 4446.133985 4359.756816 4273.898616 4188.339159 4102.964482 4017.718311 3932.574880 3847.524776 3762.567741 3677.708166 3592.950506 3508.296586 3423.745476 3339.294774 3254.942636 3170.689942 3086.540125 3002.493017 2918.543932 2834.685533 2750.910541 2667.215289 2583.602394 2500.074620 2416.627464 2333.250855 2249.932907 2166.664968 2083.448809 2000.295630 1917.202050 1834.154736 1751.136350 1668.130930 1585.136037 1502.181460 1419.264132 1336.365885 1253.463156 1170.530588 1087.553586 1004.592509 921.645750 838.688944 755.692646 672.622140 589.437858 506.227250 423.012405 339.758322 256.431065 172.992825 89.374924 5.600871 -77.747768 -159.513196 -236.534712 -303.846002 -357.147657 -395.389226 -420.624141 -436.313712 -445.683615 -451.127823 -454.231295 -455.975890 -456.945890 -457.480190 -457.771837 -457.929775 -458.014653 -458.059917 -458.083866 -458.096437 -458.102982 -458.106360 -458.108090 -458.108967 -458.109408 -458.109628 -458.109737 -458.109790 -458.109819 -458.109840 -458.109879 -458.110004 -458.110445 -458.112010 -458.117470 -458.136116 -458.198252 -458.400621 -459.048215 -461.100747 -467.613977 -489.118068 -9999.0 -9999.0
-9999.0 -9999.0 4809.130185 4713.833030 4622.331944 4533.433294 4446.134158 4359.756894 4273.898650 4188.339174 4102.964488 4017.718313 3932.574881 3847.524776 3762.567741 3677.708166 3592.950506 3508.296586 3423.745476 3339.294775 3254.942636 3170.689942 3086.540125 3002.493018 2918.543933 2834.685533 2750.910541 2667.215289 2583.602394 2500.074620 2416.627464 2333.250855 2249.932907 2166.664968 2083.448809 2000.295630 1917.202049 1834.154736 1751.136350 1668.130930 1585.136037 1502.181460 1419.264132 1336.365885 1253.463156 1170.530588 1087.553586 1004.592509 921.645750 838.688944 755.692646 672.622139 589.437858 506.227250 423.012405 339.758322 256.431065 172.992825 89.374924 5.600871 -77.747768 -159.513196 -236.534712 -303.846002 -357.147657 -395.389226 -420.624141 -436.313712 -445.683615 -451.127823 -454.231295 -455.975890 -456.945890 -457.480190 -457.771837 -457.929775 -458.014653 -458.059917 -458.083866 -458.096437 -458.102982 -458.106360 -458.108090 -458.108967 -458.109408 -458.109628 -458.109737 -458.109790 -458.109819 -458.109840 -458.109879 -458.110004 -458.110445 -458.112010 -458.117470 -458.136116 -458.198252 -458.400621 -459.048214 -461.100747 -467.613977 -489.118068 -9999.0 -9999.0
-9999.0 -9999.0 4809.131558 4713.834071 4622.332587 4533.433640 4446.134327 4359.756972 4273.898684 4188.339188 4102.964495 4017.718316 3932.574882 3847.524777 3762.567742 3677.708166 3592.950507 3508.296586 3423.745476 3339.294775 3254.942636 3170.689942 3086.540125 3002.493018 2918.543933 2834.685533 2750.910541 2667.215289 2583.602394 2500.074620 2416.627464 2333.250855 2249.932907 2166.664968 2083.448809 2000.295630 1917.202049 1834.154736 1751.136350 1668.130930 1585.136037 1502.181460 1419.264132 1336.365885 1253.463156 1170.530588 1087.553586 1004.592509 921.645750 838.688944 755.692646 672.622139 589.437858 506.227250 423.012405 339.758322 256.431065 172.992825 89.374924 5.600871 -77.747768 -159.513196 -236.534712 -303.846002 -357.147657 -395.389226 -420.624141 -436.313712 -445.683615 -451.127823 -454.231295 -455.975890 -456.945890 -457.480190 -457.771837 -457.929775 -458.014653 -458.059917 -458.083866 -458.096437 -458.102982 -458.106360 -458.108090 -458.108967 -458.109408 -458.109628 -458.109737 -458.109790 -458.109819 -458.109840 -458.109879 -458.110004 -458.110445 -458.112010 -458.117470 -458.136116 -458.198252 -458.400621 -459.048214 -461.100747 -467.613977 -489.118068 -9999.0 -9999.0
-9999.0 -9999.0 4809.131558 4713.834071 4622.332587 4533.433640 4446.134327 4359.756972 4273.898684 4188.339188 4102.964494 4017.718316 3932.574882 3847.524777 3762.567741 3677.708167 3592.950507 3508.296586 3423.745476 3339.294775 3254.942636 3170.689942 3086.540125 3002.493018 2918.543933 2834.685533 2750.910541 2667.215289 2583.602394 2500.074620 2416.627464 2333.250855 2249.932907 2166.664968 2083.448809 2000.295630 1917.202049 1834.154736 1751.136350 1668.130930 1585.136037 1502.181460 1419.264132 1336.365885 1253.463156 1170.530588 1087.553586 1004.592509 921.645750 838.688944 755.692646 672.622139 589.437858 506.227250 423.012405 339.758322 256.431065 172.992825 89.374924 5.600871 -77.747768 -159.513196 -236.534712 -303.846002 -357.147657 -395.389226 -420.624141 -436.313712 -445.683615 -451.127823 -454.231295 -455.975890 -456.945890 -457.480190 -457.771837 -457.929775 -458.014653 -458.059917 -458.083866 -458.096437 -458.102982 -458.106360 -458.108090 -458.108967 -458.109408 -458.109628 -458.109737 -458.109790 -458.109819 -458.109840 -458.109879 -458.110004 -458.110445 -458.112010 -458.117470 -458.136116 -458.198252 -458.400621 -459.048214 -461.100747 -467.613977 -489.118068 -9999.0 -9999.0
-9999.0 -9999.0 4809.130185 4713.833030 4622.331944 4533.433294 4446.134158 4359.756894 4273.898651 4188.339174 4102.964489 4017.718313 3932.574881 3847.524776 3762.567741 3677.708166 3592.950507 3508.296586 3423.745476 3339.294774 3254.942636 3170.689942 3086.540125 3002.493018 2918.543933 2834.685533 2750.910541 2667.215289 2583.602394 2500.074620 2416.627464 2333.250855 2249.932907 2166.664968 2083.448809 2000.295630 1917.202049 1834.154736 1751.136350 1668.130930 1585.136037 1502.181460 1419.264132 1336.365885 1253.463156 1170.530588 1087.553586 1004.592509 921.645750 838.688944 755.692646 672.622139 589.437858 506.227250 423.012405 339.758322 256.431065 172.992825 89.374924 5.600871 -77.747768 -159.513196 -236.534712 -303.846002 -357.147657 -395.389226 -420.624141 -436.313712 -445.683615 -451.127823 -454.231295 -455.975890 -456.945890 -457.480190 -457.771837 -457.929775 -458.014653 -458.059917 -458.083866 -458.096437 -458.102982 -458.106360 -458.108090 -458.108967 -458.109408 -458.109628 -458.109737 -458.109790 -458.109819 -458.109840 -458.109879 -458.110004 -458.110445 -458.112010 -458.117470 -458.136116 -458.198252 -458.400621 -459.048214 -461.100747 -467.613977 -489.118068 -9999.0 -9999.0
-9999.0 -9999.0 4809.128697 4713.831916 4622.331266 4533.432935 4446.133985 4359.756816 4273.898616 4188.339159 4102.964482 4017.718311 3932.574880 3847.524776 3762.567741 3677.708166 3592.950506 3508.296586 3423.745476 3339.294774 3254.942636 3170.689942 3086.540125 3002.493017 2918.543932 2834.685533 2750.910541 2667.215289 2583.602394 2500.074620 2416.627464 2333.250855 2249.932907 2166.664968 2083.448809 2000.295630 1917.202050 1834.154736 1751.136350 1668.130930 1585.136037 1502.181460 1419.264132 1336.365885 1253.463156 1170.530588 1087.553586 1004.592509 921.645750 838.688944 755.692646 672.622140 589.437858 506.227250 423.012405 339.758322 256.431065 172.992825 89.374924 5.600871 -77.747768 -159.513196 -236.534712 -303.846002 -357.147657 -395.389226 -420.624141 -436.313712 -445.683615 -451.127823 -454.231295 -455.975890 -456.945890 -457.480190 -457.771837 -457.929775 -458.014653 -458.059917 -458.083866 -458.096437 -458.102982 -458.106360 -458.108090 -458.108967 -458.109408 -458.109628 -458.109737 -458.109790 -458.109819 -458.109840 -458.109879 -458.110004 -458.110445 -458.112010 -458.117470 -458.136116 -458.198252 -458.400621 -459.048215 -461.100747 -467.613977 -489.118068 -9999.0 -9999.0
-9999.0 -9999.0 -9999.0 -9999.0 -9999.0 -9999.0 -9999.0 -9999.0 -9999.0 -9999.0 -9999.0 -9999.0 -9999.0 -9999.0 -9999.0 -9999.0 -9999.0 -9999.0 -9999.0 -9999.0 -9999.0 -9999.0 -9999.0 -9999.0 -9999.0 -9999.0 -9999.0 -9999.0 -9999.0 -9999.0 -9999.0 -9999.0 -9999.0 -9999.0 -9999.0 -9999.0 -9999.0 -9999.0 -9999.0 -9999.0 -9999.0 -9999.0 -9999.0 -9999.0 -9999.0 -9999.0 -9999.0 -9999.0 -9999.0 -9999.0 -9999.0 -9999.0 -9999.0 -9999.0 -9999.0 -9999.0 -9999.0 -9999.0 -9999.0 -9999.0 -9999.0 -9999.0 -9999.0 -9999.0 -9999.0 -9999.0 -9999.0 -9999.0 -9999.0 -9999.0 -9999.0 -9999.0 -9999.0 -9999.0 -9999.0 -9999.0 -9999.0 -9999.0 -9999.0 -9999.0 -9999.0 -9999.0 -9999.0 -9999.0 -9999.0 -9999.0 -9999.0 -9999.0 -9999.0 -9999.0 -9999.0 -9999.0 -9999.0 -9999.0 -9999.0 -9999.0 -9999.0 -9999.0 -9999.0 -9999.0 -9999.0 -9999.0 -9999.0 -9999.0
-9999.0 -9999.0 -9999.0 -9999.0 -9999.0 -9999.0 -9999.0 -9999.0 -9999.0 -9999.0 -9999.0 -9999.0 -9999.0 -9999.0 -9999.0 -9999.0 -9999.0 -9999.0 -9999.0 -9999.0 -9999.0 -9999.0 -9999.0 -9999.0 -9999.0 -9999.0 -9999.0 -9999.0 -9999.0 -9999.0 -9999.0 -9999.0 -9999.0 -9999.0 -9999.0 -9999.0 -9999.0 -9999.0 -9999.0 -9999.0 -9999.0 -9999.0 -9999.0 -9999.0 -9999.0 -9999.0 -9999.0 -9999.0 -9999.0 -9999.0 -9999.0 -9999.0 -9999.0 -9999.0 -9999.0 -9999.0 -9999.0 -9999.0 -9999.0 -9999.0 -9999.0 -9999.0 -9999.0 -9999.0 -9999.0 -9999.0 -9999.0 -9999.0 -9999.0 -9999.0 -9999.0 -9999.0 -9999.0 -9999.0 -9999.0 -9999.0 -9999.0 -9999.0 -9999.0 -9999.0 -9999.0 -9999.0 -9999.0 -9999.0 -9999.0 -9999.0 -9999.0 -9999.0 -9999.0 -9999.0 -9999.0 -9999.0 -9999.0 -9999.0 -9999.0 -9999.0 -9999.0 -9999.0 -9999.0 -9999.0 -9999.0 -9999.0 -9999.0 -9999.0