examples/3D/hillslope01/output-maps-SE27XX/psiliqL0063N0003.asc
ncols         104
nrows         10
xllcorner     -2.000000
yllcorner     0.000000
cellsize      1.000000
NODATA_value  -9999.0
-9999.0 -9999.0 -9999.0 -9999.0 -9999.0 -9999.0 -9999.0 -9999.0 -9999.0 -9999.0 -9999.0 -9999.0 -9999.0 -9999.0 -9999.0 -9999.0 -9999.0 -9999.0 -9999.0 -9999.0 -9999.0 -9999.0 -9999.0 -9999.0 -9999.0 -9999.0 -9999.0 -9999.0 -9999.0 -9999.0 -9999.0 -9999.0 -9999.0 -9999.0 -9999.0 -9999.0 -9999.0 -9999.0 -9999.0 -9999.0 -9999.0 -9999.0 -9999.0 -9999.0 -9999.0 -9999.0 -9999.0 -9999.0 -9999.0 -9999.0 -9999.0 -9999.0 -9999.0 -9999.0 -9999.0 -9999.0 -9999.0 -9999.0 -9999.0 -9999.0 -9999.0 -9999.0 -9999.0 -9999.0 -9999.0 -9999.0 -9999.0 -9999.0 -9999.0 -9999.0 -9999.0 -9999.0 -9999.0 -9999.0 -9999.0 -9999.0 -9999.0 -9999.0 -9999.0 -9999.0 -9999.0 -9999.0 -9999.0 -9999.0 -9999.0 -9999.0 -9999.0 -9999.0 -9999.0 -9999.0 -9999.0 -9999.0 -9999.0 -9999.0 -9999.0 -9999.0 -9999.0 -9999.0 -9999.0 -9999.0 -9999.0 -9999.0 -9999.0 -9999.0
-9999.0 -9999.0 -9999.0 -9999.0 -9999.0 -9999.0 -9999.0 -9999.0 -9999.0 -9999.0 -9999.0 -9999.0 -9999.0 -9999.0 -9999.0 -9999.0 -9999.0 -9999.0 -9999.0 -9999.0 -9999.0 -9999.0 -9999.0 -9999.0 -9999.0 -9999.0 -9999.0 -9999.0 -9999.0 -9999.0 -9999.0 -9999.0 -9999.0 -9999.0 -9999.0 -9999.0 -9999.0 -9999.0 -9999.0 -9999.0 -9999.0 -9999.0 -9999.0 -9999.0 -9999.0 -9999.0 -9999.0 -9999.0 -9999.0 -9999.0 -9999.0 -9999.0 -9999.0 -9999.0 -9999.0 -9999.0 -9999.0 -9999.0 -9999.0 -9999.0 -9999.0 -9999.0 -9999.0 -9999.0 -9999.0 -9999.0 -9999.0 -9999.0 -9999.0 -9999.0 -9999.0 -9999.0 -9999.0 -9999.0 -9999.0 -9999.0 -9999.0 -9999.0 -9999.0 -9999.0 -9999.0 -9999.0 -9999.0 -9999.0 -9999.0 -9999.0 -9999.0 -9999.0 -9999.0 -9999.0 -9999.0 -9999.0 -9999.0 -9999.0 -9999.0 -9999.0 -9999.0 -9999.0 -9999.0 -9999.0 -9999.0 -9999.0 -9999.0 -9999.0
-9999.0 -9999.0 6412.710527 6315.867583 6221.858296 6130.173287 6040.275531 5951.699310 5864.083734 5777.166969 5690.765742 5604.753915 5519.045270 5433.581066 5348.321357 5263.238800 5178.314084 5093.532818 5008.883738 4924.357916 4839.948508 4755.650529 4671.460107 4587.373230 4503.385144 4419.490627 4335.684769 4251.963745 4168.324857 4084.765264 4001.280623 3917.865104 3834.512533 3751.217927 3667.978432 3584.792048 3501.654447 3418.558545 3335.496104 3252.460226 3169.447734 3086.458505 3003.488543 2920.529179 2837.569496 2754.599854 2671.616242 2588.621695 2505.613357 2422.581011 2339.510644 2256.388776 2173.208749 2089.976876 2006.694129 1923.349775 1839.926836 1756.406793 1672.775821 1589.037793 1505.207278 1421.275531 1337.223805 1253.029765 1168.669408 1084.124263 999.422719 914.575280 829.564352 744.367711 658.961561 573.318260 487.401847 401.223692 314.835243 228.208187 141.318392 54.144264 -33.219830 -119.827855 -202.500035 -274.884210 -330.752263 -368.756426 -392.156404 -405.606936 -412.999904 -416.945953 -419.009821 -420.072787 -420.613313 -420.885217 -421.021315 -421.091600 -421.137183 -421.196265 -421.341744 -421.772267 -423.079034 -427.119267 -440.451263 -495.706148 -9999.0 -9999.0
-9999.0 -9999.0 6412.710782 6315.867792 6221.858440 6130.173374 6040.275579 5951.699335 5864.083746 5777.166975 5690.765744 5604.753916 5519.045271 5433.581066 5348.321357 5263.238800 5178.314085 5093.532818 5008.883738 4924.357916 4839.948508 4755.650529 4671.460107 4587.373230 4503.385144 4419.490627 4335.684769 4251.963745 4168.324857 4084.765264 4001.280623 3917.865104 3834.512533 3751.217927 3667.978432 3584.792048 3501.654447 3418.558544 3335.496104 3252.460226 3169.447734 3086.458505 3003.488543 2920.529179 2837.569496 2754.599854 2671.616242 2588.621695 2505.613357 2422.581011 2339.510644 2256.388776 2173.208749 2089.976876 2006.694129 1923.349775 1839.926836 1756.406793 1672.775821 1589.037793 1505.207278 1421.275531 1337.223805 1253.029765 1168.669408 1084.124263 999.422719 914.575280 829.564352 744.367711 658.961561 573.318260 487.401847 401.223692 314.835243 228.208186 141.318392 54.144264 -33.219830 -119.827855 -202.500035 -274.884210 -330.752263 -368.756426 -392.156404 -405.606936 -412.999904 -416.945953 -419.009821 -420.072787 -420.613313 -420.885217 -421.021315 -421.091600 -421.137183 -421.196265 -421.341744 -421.772267 -423.079034 -427.119267 -440.451264 -495.706151 -9999.0 -9999.0
-9999.0 -9999.0 6412.711031 6315.867995 6221.858582 6130.173460 6040.275626 5951.699359 5864.083758 5777.166980 5690.765747 5604.753917 5519.045271 5433.581066 5348.321357 5263.238800 5178.314085 5093.532818 5008.883738 4924.357916 4839.948508 4755.650529 4671.460107 4587.373230 4503.385144 4419.490627 4335.684769 4251.963745 4168.324857 4084.765264 4001.280623 3917.865104 3834.512532 3751.217927 3667.978432 3584.792048 3501.654447 3418.558544 3335.496104 3252.460226 3169.447734 3086.458505 3003.488543 2920.529179 2837.569496 2754.599854 2671.616242 2588.621694 2505.613357 2422.581011 2339.510644 2256.388776 2173.208749 2089.976876 2006.694129 1923.349775 1839.926836 1756.406793 1672.775821 1589.037793 1505.207278 1421.275531 1337.223805 1253.029765 1168.669408 1084.124262 999.422719 914.575280 829.564352 744.367711 658.961561 573.318260 487.401847 401.223692 314.835243 228.208186 141.318392 54.144264 -33.219830 -119.827855 -202.500035 -274.884210 -330.752263 -368.756426 -392.156404 -405.606936 -412.999904 -416.945953 -419.009821 -420.072787 -420.613313 -420.885217 -421.021315 -421.091600 -421.137183 -421.196265 -421.341744 -421.772267 -423.079034 -427.119267 -440.451264 -495.706153 -9999.0 -9999.0
-9999.0 -9999.0 6412.711031 6315.867996 6221.858582 6130.173460 6040.275626 5951.699359 5864.083757 5777.166981 5690.765747 5604.753917 5519.045271 5433.581066 5348.321357 5263.238800 5178.314085 5093.532818 5008.883738 4924.357916 4839.948508 4755.650529 4671.460107 4587.373230 4503.385144 4419.490627 4335.684769 4251.963745 4168.324857 4084.765264 4001.280623 3917.865104 3834.512533 3751.217927 3667.978432 3584.792048 3501.654447 3418.558544 3335.496104 3252.460226 3169.447734 3086.458505 3003.488543 2920.529179 2837.569496 2754.599854 2671.616242 2588.621694 2505.613357 2422.581011 2339.510644 2256.388776 2173.208749 2089.976876 2006.694129 1923.349775 1839.926836 1756.406793 1672.775821 1589.037793 1505.207278 1421.275531 1337.223805 1253.029765 1168.669408 1084.124263 999.422718 914.575280 829.564352 744.367711 658.961561 573.318260 487.401847 401.223692 314.835243 228.208186 141.318392 54.144264 -33.219830 -119.827855 -202.500035 -274.884210 -330.752263 -368.756426 -392.156404 -405.606936 -412.999904 -416.945953 -419.009821 -420.072787 -420.613313 -420.885217 -421.021315 -421.091600 -421.137183 -421.196265 -421.341744 -421.772267 -423.079034 -427.119267 -440.451264 -495.706153 -9999.0 -9999.0
-9999.0 -9999.0 6412.710782 6315.867792 6221.858440 6130.173374 6040.275579 5951.699335 5864.083746 5777.166975 5690.765744 5604.753916 5519.045271 5433.581066 5348.321357 5263.238800 5178.314085 5093.532818 5008.883738 4924.357916 4839.948508 4755.650529 4671.460107 4587.373230 4503.385144 4419.490627 4335.684769 4251.963745 4168.324857 4084.765264 4001.280623 3917.865104 3834.512533 3751.217927 3667.978432 3584.792048 3501.654447 3418.558544 3335.496104 3252.460226 3169.447734 3086.458505 3003.488543 2920.529179 2837.569496 2754.599854 2671.616242 2588.621695 2505.613357 2422.581011 2339.510644 2256.388776 2173.208749 2089.976876 2006.694129 1923.349775 1839.926836 1756.406793 1672.775821 1589.037793 1505.207278 1421.275531 1337.223805 1253.029765 1168.669408 1084.124263 999.422719 914.575280 829.564352 744.367711 658.961561 573.318260 487.401847 401.223692 314.835243 228.208186 141.318392 54.144264 -33.219830 -119.827855 -202.500035 -274.884210 -330.752263 -368.756426 -392.156404 -405.606936 -412.999904 -416.945953 -419.009821 -420.072787 -420.613313 -420.885217 -421.021315 -421.091600 -421.137183 -421.196265 -421.341744 -421.772267 -423.079034 -427.119267 -440.451264 -495.706151 -9999.0 -9999.0
-9999.0 -9999.0 6412.710527 6315.867583 6221.858296 6130.173287 6040.275530 5951.699310 5864.083734 5777.166969 5690.765742 5604.753915 5519.045270 5433.581066 5348.321357 5263.238800 5178.314084 5093.532818 5008.883738 4924.357916 4839.948508 4755.650529 4671.460107 4587.373230 4503.385144 4419.490627 4335.684769 4251.963745 4168.324857 4084.765264 4001.280623 3917.865104 3834.512533 3751.217927 3667.978432 3584.792048 3501.654447 3418.558545 3335.496104 3252.460226 3169.447734 3086.458505 3003.488543 2920.529179 2837.569496 2754.599854 2671.616242 2588.621695 2505.613357 2422.581011 2339.510644 2256.388776 2173.208749 2089.976876 2006.694129 1923.349775 1839.926836 1756.406793 1672.775821 1589.037793 1505.207278 1421.275531 1337.223805 1253.029765 1168.669408 1084.124263 999.422719 914.575280 829.564352 744.367711 658.961561 573.318260 487.401847 401.223692 314.835243 228.208187 141.318392 54.144264 -33.219830 -119.827855 -202.500035 -274.884210 -330.752263 -368.756426 -392.156404 -405.606936 -412.999904 -416.945953 -419.009821 -420.072787 -420.613313 -420.885217 -421.021315 -421.091600 -421.137183 -421.196265 -421.341744 -421.772267 -423.079034 -427.119267 -440.451263 -495.706148 -9999.0 -9999.0
-9999.0 -9999.0 -9999.0 -9999.0 -9999.0 -9999.0 -9999.0 -9999.0 -9999.0 -9999.0 -9999.0 -9999.0 -9999.0 -9999.0 -9999.0 -9999.0 -9999.0 -9999.0 -9999.0 -9999.0 -9999.0 -9999.0 -9999.0 -9999.0 -9999.0 -9999.0 -9999.0 -9999.0 -9999.0 -9999.0 -9999.0 -9999.0 -9999.0 -9999.0 -9999.0 -9999.0 -9999.0 -9999.0 -9999.0 -9999.0 -9999.0 -9999.0 -9999.0 -9999.0 -9999.0 -9999.0 -9999.0 -9999.0 -9999.0 -9999.0 -9999.0 -9999.0 -9999.0 -9999.0 -9999.0 -9999.0 -9999.0 -9999.0 -9999.0 -9999.0 -9999.0 -9999.0 -9999.0 -9999.0 -9999.0 -9999.0 -9999.0 -9999.0 -9999.0 -9999.0 -9999.0 -9999.0 -9999.0 -9999.0 -9999.0 -9999.0 -9999.0 -9999.0 -9999.0 -9999.0 -9999.0 -9999.0 -9999.0 -9999.0 -9999.0 -9999.0 -9999.0 -9999.0 -9999.0 -9999.0 -9999.0 -9999.0 -9999.0 -9999.0 -9999.0 -9999.0 -9999.0 -9999.0 -9999.0 -9999.0 -9999.0 -9999.0 -9999.0 -9999.0
-9999.0 -9999.0 -9999.0 -9999.0 -9999.0 -9999.0 -9999.0 -9999.0 -9999.0 -9999.0 -9999.0 -9999.0 -9999.0 -9999.0 -9999.0 -9999.0 -9999.0 -9999.0 -9999.0 -9999.0 -9999.0 -9999.0 -9999.0 -9999.0 -9999.0 -9999.0 -9999.0 -9999.0 -9999.0 -9999.0 -9999.0 -9999.0 -9999.0 -9999.0 -9999.0 -9999.0 -9999.0 -9999.0 -9999.0 -9999.0 -9999.0 -9999.0 -9999.0 -9999.0 -9999.0 -9999.0 -9999.0 -9999.0 -9999.0 -9999.0 -9999.0 -9999.0 -9999.0 -9999.0 -9999.0 -9999.0 -9999.0 -9999.0 -9999.0 -9999.0 -9999.0 -9999.0 -9999.0 -9999.0 -9999.0 -9999.0 -9999.0 -9999.0 -9999.0 -9999.0 -9999.0 -9999.0 -9999.0 -9999.0 -9999.0 -9999.0 -9999.0 -9999.0 -9999.0 -9999.0 -9999.0 -9999.0 -9999.0 -9999.0 -9999.0 -9999.0 -9999.0 -9999.0 -9999.0 -9999.0 -9999.0 -9999.0 -9999.0 -9999.0 -9999.0 -9999.0 -9999.0 -9999.0 -9999.0 -9999.0 -9999.0 -9999.0 -9999.0 -9999.0