examples/3D/hillslope01/output-maps-SE27XX/psiliqL0040N0002.asc
ncols         104
nrows         10
xllcorner     -2.000000
yllcorner     0.000000
cellsize      1.000000
NODATA_value  -9999.0
-9999.0 -9999.0 -9999.0 -9999.0 -9999.0 -9999.0 -9999.0 -9999.0 -9999.0 -9999.0 -9999.0 -9999.0 -9999.0 -9999.0 -9999.0 -9999.0 -9999.0 -9999.0 -9999.0 -9999.0 -9999.0 -9999.0 -9999.0 -9999.0 -9999.0 -9999.0 -9999.0 -9999.0 -9999.0 -9999.0 -9999.0 -9999.0 -9999.0 -9999.0 -9999.0 -9999.0 -9999.0 -9999.0 -9999.0 -9999.0 -9999.0 -9999.0 -9999.0 -9999.0 -9999.0 -9999.0 -9999.0 -9999.0 -9999.0 -9999.0 -9999.0 -9999.0 -9999.0 -9999.0 -9999.0 -9999.0 -9999.0 -9999.0 -9999.0 -9999.0 -9999.0 -9999.0 -9999.0 -9999.0 -9999.0 -9999.0 -9999.0 -9999.0 -9999.0 -9999.0 -9999.0 -9999.0 -9999.0 -9999.0 -9999.0 -9999.0 -9999.0 -9999.0 -9999.0 -9999.0 -9999.0 -9999.0 -9999.0 -9999.0 -9999.0 -9999.0 -9999.0 -9999.0 -9999.0 -9999.0 -9999.0 -9999.0 -9999.0 -9999.0 -9999.0 -9999.0 -9999.0 -9999.0 -9999.0 -9999.0 -9999.0 -9999.0 -9999.0 -9999.0
-9999.0 -9999.0 -9999.0 -9999.0 -9999.0 -9999.0 -9999.0 -9999.0 -9999.0 -9999.0 -9999.0 -9999.0 -9999.0 -9999.0 -9999.0 -9999.0 -9999.0 -9999.0 -9999.0 -9999.0 -9999.0 -9999.0 -9999.0 -9999.0 -9999.0 -9999.0 -9999.0 -9999.0 -9999.0 -9999.0 -9999.0 -9999.0 -9999.0 -9999.0 -9999.0 -9999.0 -9999.0 -9999.0 -9999.0 -9999.0 -9999.0 -9999.0 -9999.0 -9999.0 -9999.0 -9999.0 -9999.0 -9999.0 -9999.0 -9999.0 -9999.0 -9999.0 -9999.0 -9999.0 -9999.0 -9999.0 -9999.0 -9999.0 -9999.0 -9999.0 -9999.0 -9999.0 -9999.0 -9999.0 -9999.0 -9999.0 -9999.0 -9999.0 -9999.0 -9999.0 -9999.0 -9999.0 -9999.0 -9999.0 -9999.0 -9999.0 -9999.0 -9999.0 -9999.0 -9999.0 -9999.0 -9999.0 -9999.0 -9999.0 -9999.0 -9999.0 -9999.0 -9999.0 -9999.0 -9999.0 -9999.0 -9999.0 -9999.0 -9999.0 -9999.0 -9999.0 -9999.0 -9999.0 -9999.0 -9999.0 -9999.0 -9999.0 -9999.0 -9999.0
-9999.0 -9999.0 4121.515904 4028.267927 3940.001349 3854.525886 3770.197348 3686.058491 3601.636025 3516.730150 3431.280030 3345.290344 3258.793763 3171.832750 3084.449705 2996.681696 2908.558851 2820.104475 2731.335660 2642.263885 2552.895634 2463.233509 2373.278963 2283.037167 2192.517738 2101.731832 2010.690588 1919.404482 1827.883020 1736.134526 1644.165948 1551.982636 1459.588053 1366.983353 1274.166679 1181.131979 1087.867624 994.360333 900.614846 806.640803 712.446811 618.040183 523.427125 428.612881 333.601826 238.397525 143.002773 47.419619 -48.187078 -141.799545 -224.379574 -284.203335 -319.940743 -338.709125 -347.886561 -352.212550 -354.214171 -355.131460 -355.549716 -355.740006 -355.826616 -355.866200 -355.884481 -355.893099 -355.897306 -355.899470 -355.900660 -355.901366 -355.901817 -355.902126 -355.902355 -355.902534 -355.902683 -355.902812 -355.902927 -355.903031 -355.903127 -355.903217 -355.903300 -355.903379 -355.903453 -355.903523 -355.903590 -355.903653 -355.903714 -355.903772 -355.903827 -355.903883 -355.903943 -355.904028 -355.904203 -355.904710 -355.906430 -355.912537 -355.934337 -356.011079 -356.273660 -357.135548 -359.839570 -368.262341 -400.426086 -602.165692 -9999.0 -9999.0
-9999.0 -9999.0 4121.519594 4028.270519 3940.002802 3854.526597 3770.197669 3686.058628 3601.636082 3516.730173 3431.280039 3345.290348 3258.793765 3171.832751 3084.449705 2996.681696 2908.558851 2820.104475 2731.335660 2642.263884 2552.895634 2463.233509 2373.278963 2283.037167 2192.517737 2101.731832 2010.690588 1919.404482 1827.883020 1736.134526 1644.165948 1551.982636 1459.588053 1366.983353 1274.166679 1181.131979 1087.867624 994.360333 900.614846 806.640803 712.446811 618.040183 523.427125 428.612881 333.601826 238.397525 143.002773 47.419619 -48.187078 -141.799545 -224.379574 -284.203335 -319.940743 -338.709124 -347.886561 -352.212550 -354.214171 -355.131460 -355.549716 -355.740006 -355.826616 -355.866200 -355.884481 -355.893099 -355.897306 -355.899470 -355.900660 -355.901365 -355.901816 -355.902126 -355.902355 -355.902534 -355.902683 -355.902812 -355.902927 -355.903031 -355.903127 -355.903217 -355.903300 -355.903379 -355.903453 -355.903523 -355.903590 -355.903653 -355.903714 -355.903772 -355.903827 -355.903883 -355.903943 -355.904028 -355.904203 -355.904710 -355.906430 -355.912537 -355.934337 -356.011079 -356.273660 -357.135547 -359.839570 -368.262341 -400.426088 -602.165715 -9999.0 -9999.0
-9999.0 -9999.0 4121.522828 4028.272841 3940.004140 3854.527269 3770.197977 3686.058762 3601.636138 3516.730195 3431.280049 3345.290351 3258.793766 3171.832751 3084.449705 2996.681696 2908.558851 2820.104475 2731.335660 2642.263884 2552.895633 2463.233509 2373.278962 2283.037167 2192.517737 2101.731832 2010.690588 1919.404482 1827.883020 1736.134526 1644.165948 1551.982636 1459.588053 1366.983353 1274.166679 1181.131979 1087.867624 994.360333 900.614846 806.640803 712.446811 618.040183 523.427125 428.612881 333.601826 238.397525 143.002773 47.419619 -48.187078 -141.799545 -224.379574 -284.203335 -319.940743 -338.709124 -347.886561 -352.212550 -354.214171 -355.131460 -355.549716 -355.740006 -355.826616 -355.866200 -355.884481 -355.893099 -355.897306 -355.899470 -355.900660 -355.901365 -355.901816 -355.902126 -355.902355 -355.902534 -355.902683 -355.902812 -355.902927 -355.903031 -355.903127 -355.903217 -355.903300 -355.903379 -355.903453 -355.903523 -355.903590 -355.903653 -355.903714 -355.903772 -355.903827 -355.903883 -355.903943 -355.904028 -355.904202 -355.904710 -355.906430 -355.912537 -355.934337 -356.011079 -356.273660 -357.135547 -359.839570 -368.262341 -400.426089 -602.165736 -9999.0 -9999.0
-9999.0 -9999.0 4121.522828 4028.272841 3940.004140 3854.527269 3770.197977 3686.058762 3601.636137 3516.730195 3431.280049 3345.290351 3258.793766 3171.832751 3084.449705 2996.681696 2908.558851 2820.104475 2731.335660 2642.263884 2552.895633 2463.233509 2373.278962 2283.037167 2192.517737 2101.731832 2010.690588 1919.404482 1827.883020 1736.134526 1644.165948 1551.982636 1459.588053 1366.983353 1274.166679 1181.131979 1087.867624 994.360333 900.614846 806.640803 712.446811 618.040183 523.427125 428.612881 333.601826 238.397525 143.002773 47.419619 -48.187078 -141.799545 -224.379574 -284.203335 -319.940743 -338.709124 -347.886561 -352.212550 -354.214171 -355.131460 -355.549716 -355.740006 -355.826616 -355.866200 -355.884481 -355.893099 -355.897306 -355.899470 -355.900660 -355.901365 -355.901816 -355.902126 -355.902355 -355.902534 -355.902683 -355.902812 -355.902927 -355.903031 -355.903127 -355.903217 -355.903300 -355.903379 -355.903453 -355.903523 -355.903590 -355.903653 -355.903714 -355.903772 -355.903827 -355.903883 -355.903943 -355.904028 -355.904202 -355.904710 -355.906430 -355.912537 -355.934337 -356.011079 -356.273660 -357.135547 -359.839570 -368.262341 -400.426089 -602.165736 -9999.0 -9999.0
-9999.0 -9999.0 4121.519594 4028.270519 3940.002802 3854.526597 3770.197669 3686.058628 3601.636082 3516.730173 3431.280039 3345.290348 3258.793765 3171.832750 3084.449705 2996.681696 2908.558851 2820.104475 2731.335660 2642.263884 2552.895634 2463.233509 2373.278963 2283.037167 2192.517737 2101.731832 2010.690588 1919.404482 1827.883020 1736.134526 1644.165948 1551.982636 1459.588053 1366.983353 1274.166679 1181.131979 1087.867624 994.360333 900.614846 806.640803 712.446811 618.040183 523.427125 428.612881 333.601826 238.397525 143.002773 47.419619 -48.187078 -141.799545 -224.379574 -284.203335 -319.940743 -338.709124 -347.886561 -352.212550 -354.214171 -355.131460 -355.549716 -355.740006 -355.826616 -355.866200 -355.884481 -355.893099 -355.897306 -355.899470 -355.900660 -355.901365 -355.901816 -355.902126 -355.902355 -355.902534 -355.902683 -355.902812 -355.902927 -355.903031 -355.903127 -355.903217 -355.903300 -355.903379 -355.903453 -355.903523 -355.903590 -355.903653 -355.903714 -355.903772 -355.903827 -355.903883 -355.903943 -355.904028 -355.904203 -355.904710 -355.906430 -355.912537 -355.934337 -356.011079 -356.273660 -357.135547 -359.839570 -368.262341 -400.426088 -602.165715 -9999.0 -9999.0
-9999.0 -9999.0 4121.515904 4028.267927 3940.001349 3854.525886 3770.197348 3686.058491 3601.636025 3516.730150 3431.280030 3345.290344 3258.793763 3171.832750 3084.449705 2996.681696 2908.558851 2820.104475 2731.335660 2642.263885 2552.895634 2463.233509 2373.278963 2283.037167 2192.517738 2101.731832 2010.690588 1919.404482 1827.883020 1736.134526 1644.165948 1551.982636 1459.588053 1366.983353 1274.166679 1181.131979 1087.867624 994.360333 900.614846 806.640803 712.446811 618.040183 523.427125 428.612881 333.601826 238.397525 143.002773 47.419619 -48.187078 -141.799545 -224.379574 -284.203335 -319.940743 -338.709125 -347.886561 -352.212550 -354.214171 -355.131460 -355.549716 -355.740006 -355.826616 -355.866200 -355.884481 -355.893099 -355.897306 -355.899470 -355.900660 -355.901366 -355.901817 -355.902126 -355.902355 -355.902534 -355.902683 -355.902812 -355.902927 -355.903031 -355.903127 -355.903217 -355.903300 -355.903379 -355.903453 -355.903523 -355.903590 -355.903653 -355.903714 -355.903772 -355.903827 -355.903883 -355.903943 -355.904028 -355.904203 -355.904710 -355.906430 -355.912537 -355.934337 -356.011079 -356.273660 -357.135548 -359.839570 -368.262341 -400.426086 -602.165692 -9999.0 -9999.0
-9999.0 -9999.0 -9999.0 -9999.0 -9999.0 -9999.0 -9999.0 -9999.0 -9999.0 -9999.0 -9999.0 -9999.0 -9999.0 -9999.0 -9999.0 -9999.0 -9999.0 -9999.0 -9999.0 -9999.0 -9999.0 -9999.0 -9999.0 -9999.0 -9999.0 -9999.0 -9999.0 -9999.0 -9999.0 -9999.0 -9999.0 -9999.0 -9999.0 -9999.0 -9999.0 -9999.0 -9999.0 -9999.0 -9999.0 -9999.0 -9999.0 -9999.0 -9999.0 -9999.0 -9999.0 -9999.0 -9999.0 -9999.0 -9999.0 -9999.0 -9999.0 -9999.0 -9999.0 -9999.0 -9999.0 -9999.0 -9999.0 -9999.0 -9999.0 -9999.0 -9999.0 -9999.0 -9999.0 -9999.0 -9999.0 -9999.0 -9999.0 -9999.0 -9999.0 -9999.0 -9999.0 -9999.0 -9999.0 -9999.0 -9999.0 -9999.0 -9999.0 -9999.0 -9999.0 -9999.0 -9999.0 -9999.0 -9999.0 -9999.0 -9999.0 -9999.0 -9999.0 -9999.0 -9999.0 -9999.0 -9999.0 -9999.0 -9999.0 -9999.0 -9999.0 -9999.0 -9999.0 -9999.0 -9999.0 -9999.0 -9999.0 -9999.0 -9999.0 -9999.0
-9999.0 -9999.0 -9999.0 -9999.0 -9999.0 -9999.0 -9999.0 -9999.0 -9999.0 -9999.0 -9999.0 -9999.0 -9999.0 -9999.0 -9999.0 -9999.0 -9999.0 -9999.0 -9999.0 -9999.0 -9999.0 -9999.0 -9999.0 -9999.0 -9999.0 -9999.0 -9999.0 -9999.0 -9999.0 -9999.0 -9999.0 -9999.0 -9999.0 -9999.0 -9999.0 -9999.0 -9999.0 -9999.0 -9999.0 -9999.0 -9999.0 -9999.0 -9999.0 -9999.0 -9999.0 -9999.0 -9999.0 -9999.0 -9999.0 -9999.0 -9999.0 -9999.0 -9999.0 -9999.0 -9999.0 -9999.0 -9999.0 -9999.0 -9999.0 -9999.0 -9999.0 -9999.0 -9999.0 -9999.0 -9999.0 -9999.0 -9999.0 -9999.0 -9999.0 -9999.0 -9999.0 -9999.0 -9999.0 -9999.0 -9999.0 -9999.0 -9999.0 -9999.0 -9999.0 -9999.0 -9999.0 -9999.0 -9999.0 -9999.0 -9999.0 -9999.0 -9999.0 -9999.0 -9999.0 -9999.0 -9999.0 -9999.0 -9999.0 -9999.0 -9999.0 -9999.0 -9999.0 -9999.0 -9999.0 -9999.0 -9999.0 -9999.0 -9999.0 -9999.0