examples/3D/hillslope01/output-maps-SE27XX/psiliqL0065N0002.asc
ncols         104
nrows         10
xllcorner     -2.000000
yllcorner     0.000000
cellsize      1.000000
NODATA_value  -9999.0
-9999.0 -9999.0 -9999.0 -9999.0 -9999.0 -9999.0 -9999.0 -9999.0 -9999.0 -9999.0 -9999.0 -9999.0 -9999.0 -9999.0 -9999.0 -9999.0 -9999.0 -9999.0 -9999.0 -9999.0 -9999.0 -9999.0 -9999.0 -9999.0 -9999.0 -9999.0 -9999.0 -9999.0 -9999.0 -9999.0 -9999.0 -9999.0 -9999.0 -9999.0 -9999.0 -9999.0 -9999.0 -9999.0 -9999.0 -9999.0 -9999.0 -9999.0 -9999.0 -9999.0 -9999.0 -9999.0 -9999.0 -9999.0 -9999.0 -9999.0 -9999.0 -9999.0 -9999.0 -9999.0 -9999.0 -9999.0 -9999.0 -9999.0 -9999.0 -9999.0 -9999.0 -9999.0 -9999.0 -9999.0 -9999.0 -9999.0 -9999.0 -9999.0 -9999.0 -9999.0 -9999.0 -9999.0 -9999.0 -9999.0 -9999.0 -9999.0 -9999.0 -9999.0 -9999.0 -9999.0 -9999.0 -9999.0 -9999.0 -9999.0 -9999.0 -9999.0 -9999.0 -9999.0 -9999.0 -9999.0 -9999.0 -9999.0 -9999.0 -9999.0 -9999.0 -9999.0 -9999.0 -9999.0 -9999.0 -9999.0 -9999.0 -9999.0 -9999.0 -9999.0
-9999.0 -9999.0 -9999.0 -9999.0 -9999.0 -9999.0 -9999.0 -9999.0 -9999.0 -9999.0 -9999.0 -9999.0 -9999.0 -9999.0 -9999.0 -9999.0 -9999.0 -9999.0 -9999.0 -9999.0 -9999.0 -9999.0 -9999.0 -9999.0 -9999.0 -9999.0 -9999.0 -9999.0 -9999.0 -9999.0 -9999.0 -9999.0 -9999.0 -9999.0 -9999.0 -9999.0 -9999.0 -9999.0 -9999.0 -9999.0 -9999.0 -9999.0 -9999.0 -9999.0 -9999.0 -9999.0 -9999.0 -9999.0 -9999.0 -9999.0 -9999.0 -9999.0 -9999.0 -9999.0 -9999.0 -9999.0 -9999.0 -9999.0 -9999.0 -9999.0 -9999.0 -9999.0 -9999.0 -9999.0 -9999.0 -9999.0 -9999.0 -9999.0 -9999.0 -9999.0 -9999.0 -9999.0 -9999.0 -9999.0 -9999.0 -9999.0 -9999.0 -9999.0 -9999.0 -9999.0 -9999.0 -9999.0 -9999.0 -9999.0 -9999.0 -9999.0 -9999.0 -9999.0 -9999.0 -9999.0 -9999.0 -9999.0 -9999.0 -9999.0 -9999.0 -9999.0 -9999.0 -9999.0 -9999.0 -9999.0 -9999.0 -9999.0 -9999.0 -9999.0
-9999.0 -9999.0 6631.557247 6534.787036 6440.899151 6349.330856 6259.469350 6170.766373 6082.785369 5995.203035 5907.790795 5820.392043 5732.902026 5645.252149 5557.398413 5469.313154 5380.979327 5292.386631 5203.528967 5114.402822 5025.006377 4935.339165 4845.402138 4755.197848 4664.730396 4574.005054 4483.027771 4391.804704 4300.341824 4208.644601 4116.717742 4024.564986 3932.188933 3839.590942 3746.771138 3653.728643 3560.462211 3466.971303 3373.257083 3279.322292 3185.170598 3090.806007 2996.232476 2901.453687 2806.472903 2711.292894 2615.915868 2520.343445 2424.576623 2328.615759 2232.460553 2136.110040 2039.562571 1942.815815 1845.866737 1748.711596 1651.345928 1553.764522 1455.961402 1357.929782 1259.662014 1161.149509 1062.382622 963.350492 864.040868 764.439946 664.532773 564.309266 463.763940 362.913552 261.840673 160.704484 59.744842 -40.612267 -140.088030 -238.946438 -337.064251 -429.593620 -501.832259 -552.619715 -587.137798 -610.764963 -627.317861 -639.260723 -648.144195 -654.954151 -660.316837 -664.636593 -668.182534 -671.138553 -673.633479 -675.760440 -677.591147 -679.189539 -680.632415 -682.042570 -683.586559 -685.231132 -686.461236 -687.633948 -691.273384 -707.821115 -9999.0 -9999.0
-9999.0 -9999.0 6631.557476 6534.787224 6440.899283 6349.330937 6259.469395 6170.766397 6082.785380 5995.203040 5907.790797 5820.392044 5732.902026 5645.252149 5557.398413 5469.313154 5380.979327 5292.386631 5203.528967 5114.402822 5025.006377 4935.339165 4845.402138 4755.197848 4664.730396 4574.005053 4483.027771 4391.804704 4300.341824 4208.644601 4116.717742 4024.564985 3932.188933 3839.590942 3746.771138 3653.728643 3560.462211 3466.971304 3373.257083 3279.322292 3185.170598 3090.806007 2996.232476 2901.453687 2806.472904 2711.292894 2615.915868 2520.343446 2424.576623 2328.615759 2232.460553 2136.110040 2039.562571 1942.815815 1845.866737 1748.711596 1651.345928 1553.764522 1455.961402 1357.929782 1259.662014 1161.149509 1062.382622 963.350492 864.040868 764.439946 664.532773 564.309266 463.763940 362.913552 261.840673 160.704484 59.744842 -40.612267 -140.088030 -238.946438 -337.064251 -429.593620 -501.832259 -552.619715 -587.137798 -610.764964 -627.317861 -639.260723 -648.144195 -654.954151 -660.316837 -664.636594 -668.182534 -671.138553 -673.633479 -675.760440 -677.591147 -679.189539 -680.632415 -682.042571 -683.586559 -685.231132 -686.461236 -687.633948 -691.273384 -707.821115 -9999.0 -9999.0
-9999.0 -9999.0 6631.557700 6534.787409 6440.899413 6349.331016 6259.469439 6170.766420 6082.785391 5995.203045 5907.790800 5820.392045 5732.902026 5645.252149 5557.398413 5469.313154 5380.979327 5292.386631 5203.528967 5114.402822 5025.006377 4935.339165 4845.402137 4755.197848 4664.730396 4574.005053 4483.027770 4391.804704 4300.341824 4208.644601 4116.717742 4024.564985 3932.188933 3839.590942 3746.771138 3653.728643 3560.462211 3466.971304 3373.257083 3279.322292 3185.170598 3090.806007 2996.232477 2901.453687 2806.472904 2711.292894 2615.915868 2520.343446 2424.576623 2328.615759 2232.460554 2136.110040 2039.562571 1942.815815 1845.866737 1748.711596 1651.345928 1553.764522 1455.961402 1357.929782 1259.662014 1161.149509 1062.382622 963.350492 864.040868 764.439946 664.532773 564.309266 463.763940 362.913552 261.840673 160.704484 59.744842 -40.612267 -140.088030 -238.946438 -337.064251 -429.593620 -501.832260 -552.619715 -587.137798 -610.764964 -627.317861 -639.260723 -648.144196 -654.954151 -660.316838 -664.636594 -668.182534 -671.138554 -673.633479 -675.760440 -677.591148 -679.189539 -680.632415 -682.042571 -683.586559 -685.231132 -686.461236 -687.633948 -691.273384 -707.821115 -9999.0 -9999.0
-9999.0 -9999.0 6631.557700 6534.787409 6440.899413 6349.331016 6259.469439 6170.766420 6082.785391 5995.203045 5907.790800 5820.392045 5732.902026 5645.252149 5557.398413 5469.313154 5380.979327 5292.386631 5203.528967 5114.402822 5025.006377 4935.339165 4845.402137 4755.197848 4664.730396 4574.005053 4483.027770 4391.804704 4300.341824 4208.644601 4116.717742 4024.564985 3932.188933 3839.590942 3746.771138 3653.728643 3560.462211 3466.971304 3373.257083 3279.322292 3185.170598 3090.806007 2996.232477 2901.453687 2806.472904 2711.292894 2615.915868 2520.343446 2424.576623 2328.615759 2232.460554 2136.110040 2039.562571 1942.815815 1845.866737 1748.711596 1651.345928 1553.764522 1455.961402 1357.929782 1259.662014 1161.149509 1062.382622 963.350492 864.040868 764.439946 664.532773 564.309266 463.763940 362.913552 261.840673 160.704484 59.744842 -40.612267 -140.088030 -238.946438 -337.064251 -429.593620 -501.832260 -552.619715 -587.137798 -610.764964 -627.317861 -639.260723 -648.144196 -654.954151 -660.316838 -664.636594 -668.182534 -671.138554 -673.633479 -675.760440 -677.591148 -679.189539 -680.632415 -682.042571 -683.586559 -685.231132 -686.461236 -687.633948 -691.273384 -707.821115 -9999.0 -9999.0
-9999.0 -9999.0 6631.557476 6534.787224 6440.899283 6349.330937 6259.469395 6170.766397 6082.785380 5995.203040 5907.790797 5820.392044 5732.902026 5645.252149 5557.398413 5469.313154 5380.979327 5292.386631 5203.528967 5114.402822 5025.006377 4935.339165 4845.402138 4755.197848 4664.730396 4574.005054 4483.027771 4391.804704 4300.341824 4208.644601 4116.717742 4024.564985 3932.188933 3839.590942 3746.771138 3653.728643 3560.462211 3466.971304 3373.257083 3279.322292 3185.170598 3090.806007 2996.232476 2901.453687 2806.472904 2711.292894 2615.915868 2520.343446 2424.576623 2328.615759 2232.460553 2136.110040 2039.562571 1942.815815 1845.866737 1748.711596 1651.345928 1553.764522 1455.961402 1357.929782 1259.662014 1161.149509 1062.382622 963.350492 864.040868 764.439946 664.532773 564.309266 463.763940 362.913552 261.840673 160.704484 59.744842 -40.612267 -140.088030 -238.946438 -337.064251 -429.593620 -501.832259 -552.619715 -587.137798 -610.764964 -627.317861 -639.260723 -648.144195 -654.954151 -660.316837 -664.636594 -668.182534 -671.138553 -673.633479 -675.760440 -677.591147 -679.189539 -680.632415 -682.042571 -683.586559 -685.231132 -686.461236 -687.633948 -691.273384 -707.821115 -9999.0 -9999.0
-9999.0 -9999.0 6631.557247 6534.787036 6440.899151 6349.330856 6259.469350 6170.766373 6082.785369 5995.203035 5907.790795 5820.392043 5732.902026 5645.252149 5557.398413 5469.313154 5380.979327 5292.386631 5203.528967 5114.402822 5025.006377 4935.339165 4845.402138 4755.197848 4664.730396 4574.005054 4483.027771 4391.804704 4300.341824 4208.644601 4116.717742 4024.564986 3932.188933 3839.590942 3746.771138 3653.728643 3560.462211 3466.971303 3373.257083 3279.322292 3185.170598 3090.806007 2996.232476 2901.453687 2806.472903 2711.292894 2615.915868 2520.343445 2424.576623 2328.615759 2232.460553 2136.110040 2039.562571 1942.815815 1845.866737 1748.711596 1651.345928 1553.764522 1455.961402 1357.929782 1259.662014 1161.149509 1062.382622 963.350492 864.040868 764.439946 664.532773 564.309266 463.763940 362.913552 261.840673 160.704484 59.744842 -40.612267 -140.088030 -238.946438 -337.064251 -429.593620 -501.832259 -552.619715 -587.137798 -610.764963 -627.317861 -639.260723 -648.144195 -654.954151 -660.316837 -664.636593 -668.182534 -671.138553 -673.633479 -675.760440 -677.591147 -679.189539 -680.632415 -682.042570 -683.586559 -685.231132 -686.461236 -687.633948 -691.273384 -707.821115 -9999.0 -9999.0
-9999.0 -9999.0 -9999.0 -9999.0 -9999.0 -9999.0 -9999.0 -9999.0 -9999.0 -9999.0 -9999.0 -9999.0 -9999.0 -9999.0 -9999.0 -9999.0 -9999.0 -9999.0 -9999.0 -9999.0 -9999.0 -9999.0 -9999.0 -9999.0 -9999.0 -9999.0 -9999.0 -9999.0 -9999.0 -9999.0 -9999.0 -9999.0 -9999.0 -9999.0 -9999.0 -9999.0 -9999.0 -9999.0 -9999.0 -9999.0 -9999.0 -9999.0 -9999.0 -9999.0 -9999.0 -9999.0 -9999.0 -9999.0 -9999.0 -9999.0 -9999.0 -9999.0 -9999.0 -9999.0 -9999.0 -9999.0 -9999.0 -9999.0 -9999.0 -9999.0 -9999.0 -9999.0 -9999.0 -9999.0 -9999.0 -9999.0 -9999.0 -9999.0 -9999.0 -9999.0 -9999.0 -9999.0 -9999.0 -9999.0 -9999.0 -9999.0 -9999.0 -9999.0 -9999.0 -9999.0 -9999.0 -9999.0 -9999.0 -9999.0 -9999.0 -9999.0 -9999.0 -9999.0 -9999.0 -9999.0 -9999.0 -9999.0 -9999.0 -9999.0 -9999.0 -9999.0 -9999.0 -9999.0 -9999.0 -9999.0 -9999.0 -9999.0 -9999.0 -9999.0
-9999.0 -9999.0 -9999.0 -9999.0 -9999.0 -9999.0 -9999.0 -9999.0 -9999.0 -9999.0 -9999.0 -9999.0 -9999.0 -9999.0 -9999.0 -9999.0 -9999.0 -9999.0 -9999.0 -9999.0 -9999.0 -9999.0 -9999.0 -9999.0 -9999.0 -9999.0 -9999.0 -9999.0 -9999.0 -9999.0 -9999.0 -9999.0 -9999.0 -9999.0 -9999.0 -9999.0 -9999.0 -9999.0 -9999.0 -9999.0 -9999.0 -9999.0 -9999.0 -9999.0 -9999.0 -9999.0 -9999.0 -9999.0 -9999.0 -9999.0 -9999.0 -9999.0 -9999.0 -9999.0 -9999.0 -9999.0 -9999.0 -9999.0 -9999.0 -9999.0 -9999.0 -9999.0 -9999.0 -9999.0 -9999.0 -9999.0 -9999.0 -9999.0 -9999.0 -9999.0 -9999.0 -9999.0 -9999.0 -9999.0 -9999.0 -9999.0 -9999.0 -9999.0 -9999.0 -9999.0 -9999.0 -9999.0 -9999.0 -9999.0 -9999.0 -9999.0 -9999.0 -9999.0 -9999.0 -9999.0 -9999.0 -9999.0 -9999.0 -9999.0 -9999.0 -9999.0 -9999.0 -9999.0 -9999.0 -9999.0 -9999.0 -9999.0 -9999.0 -9999.0