examples/3D/hillslope01/output-maps-SE27XX/psiliqL0098N0003.asc
ncols         104
nrows         10
xllcorner     -2.000000
yllcorner     0.000000
cellsize      1.000000
NODATA_value  -9999.0
-9999.0 -9999.0 -9999.0 -9999.0 -9999.0 -9999.0 -9999.0 -9999.0 -9999.0 -9999.0 -9999.0 -9999.0 -9999.0 -9999.0 -9999.0 -9999.0 -9999.0 -9999.0 -9999.0 -9999.0 -9999.0 -9999.0 -9999.0 -9999.0 -9999.0 -9999.0 -9999.0 -9999.0 -9999.0 -9999.0 -9999.0 -9999.0 -9999.0 -9999.0 -9999.0 -9999.0 -9999.0 -9999.0 -9999.0 -9999.0 -9999.0 -9999.0 -9999.0 -9999.0 -9999.0 -9999.0 -9999.0 -9999.0 -9999.0 -9999.0 -9999.0 -9999.0 -9999.0 -9999.0 -9999.0 -9999.0 -9999.0 -9999.0 -9999.0 -9999.0 -9999.0 -9999.0 -9999.0 -9999.0 -9999.0 -9999.0 -9999.0 -9999.0 -9999.0 -9999.0 -9999.0 -9999.0 -9999.0 -9999.0 -9999.0 -9999.0 -9999.0 -9999.0 -9999.0 -9999.0 -9999.0 -9999.0 -9999.0 -9999.0 -9999.0 -9999.0 -9999.0 -9999.0 -9999.0 -9999.0 -9999.0 -9999.0 -9999.0 -9999.0 -9999.0 -9999.0 -9999.0 -9999.0 -9999.0 -9999.0 -9999.0 -9999.0 -9999.0 -9999.0
-9999.0 -9999.0 -9999.0 -9999.0 -9999.0 -9999.0 -9999.0 -9999.0 -9999.0 -9999.0 -9999.0 -9999.0 -9999.0 -9999.0 -9999.0 -9999.0 -9999.0 -9999.0 -9999.0 -9999.0 -9999.0 -9999.0 -9999.0 -9999.0 -9999.0 -9999.0 -9999.0 -9999.0 -9999.0 -9999.0 -9999.0 -9999.0 -9999.0 -9999.0 -9999.0 -9999.0 -9999.0 -9999.0 -9999.0 -9999.0 -9999.0 -9999.0 -9999.0 -9999.0 -9999.0 -9999.0 -9999.0 -9999.0 -9999.0 -9999.0 -9999.0 -9999.0 -9999.0 -9999.0 -9999.0 -9999.0 -9999.0 -9999.0 -9999.0 -9999.0 -9999.0 -9999.0 -9999.0 -9999.0 -9999.0 -9999.0 -9999.0 -9999.0 -9999.0 -9999.0 -9999.0 -9999.0 -9999.0 -9999.0 -9999.0 -9999.0 -9999.0 -9999.0 -9999.0 -9999.0 -9999.0 -9999.0 -9999.0 -9999.0 -9999.0 -9999.0 -9999.0 -9999.0 -9999.0 -9999.0 -9999.0 -9999.0 -9999.0 -9999.0 -9999.0 -9999.0 -9999.0 -9999.0 -9999.0 -9999.0 -9999.0 -9999.0 -9999.0 -9999.0
-9999.0 -9999.0 9894.489041 9796.743534 9701.148501 9607.515655 9515.604146 9425.153772 9335.911882 9247.650752 9160.175952 9073.328029 8986.980100 8901.033446 8815.412515 8730.060117 8644.933220 8559.999478 8475.234510 8390.619817 8306.141220 8221.787664 8137.550293 8053.421746 7969.395665 7885.466382 7801.628742 7717.877974 7634.209541 7550.618976 7467.101752 7383.653256 7300.268838 7216.943889 7133.673823 7050.453965 6967.279408 6884.144988 6801.045410 6717.975407 6634.929800 6551.903348 6468.890498 6385.885311 6302.881625 6219.873354 6136.854629 6053.819613 5970.762089 5887.675262 5804.551959 5721.385085 5638.167938 5554.894042 5471.556538 5388.147731 5304.659241 5221.082616 5137.409977 5053.634109 4969.747712 4885.742415 4801.608525 4717.335660 4632.913809 4548.334155 4463.588857 4378.669522 4293.565899 4208.265766 4122.755778 4037.022777 3951.055088 3864.842912 3778.376788 3691.645243 3604.633991 3517.326276 3429.703578 3341.746481 3253.435877 3164.754443 3075.687067 2986.217787 2896.327864 2805.995635 2715.196755 2623.904251 2532.088330 2439.716016 2346.750681 2253.151478 2158.872683 2063.862981 1968.064769 1871.413923 1773.841461 1675.282041 1575.704658 1475.203087 1374.171135 1273.376225 -9999.0 -9999.0
-9999.0 -9999.0 9894.489051 9796.743543 9701.148508 9607.515661 9515.604149 9425.153775 9335.911884 9247.650753 9160.175952 9073.328029 8986.980100 8901.033446 8815.412515 8730.060118 8644.933220 8559.999478 8475.234510 8390.619817 8306.141221 8221.787664 8137.550293 8053.421747 7969.395665 7885.466382 7801.628742 7717.877975 7634.209541 7550.618976 7467.101752 7383.653256 7300.268838 7216.943889 7133.673823 7050.453965 6967.279408 6884.144988 6801.045410 6717.975406 6634.929800 6551.903347 6468.890498 6385.885311 6302.881625 6219.873354 6136.854629 6053.819613 5970.762089 5887.675262 5804.551959 5721.385085 5638.167938 5554.894042 5471.556537 5388.147731 5304.659241 5221.082615 5137.409977 5053.634109 4969.747712 4885.742415 4801.608525 4717.335660 4632.913808 4548.334155 4463.588856 4378.669522 4293.565899 4208.265766 4122.755778 4037.022777 3951.055088 3864.842911 3778.376788 3691.645243 3604.633991 3517.326276 3429.703577 3341.746481 3253.435877 3164.754443 3075.687067 2986.217787 2896.327864 2805.995635 2715.196755 2623.904251 2532.088330 2439.716016 2346.750681 2253.151478 2158.872683 2063.862981 1968.064769 1871.413923 1773.841461 1675.282041 1575.704658 1475.203087 1374.171135 1273.376225 -9999.0 -9999.0
-9999.0 -9999.0 9894.489061 9796.743552 9701.148516 9607.515666 9515.604153 9425.153777 9335.911885 9247.650753 9160.175953 9073.328030 8986.980100 8901.033446 8815.412515 8730.060118 8644.933220 8559.999478 8475.234510 8390.619817 8306.141221 8221.787664 8137.550293 8053.421747 7969.395665 7885.466382 7801.628742 7717.877975 7634.209541 7550.618976 7467.101752 7383.653256 7300.268838 7216.943889 7133.673823 7050.453965 6967.279407 6884.144988 6801.045410 6717.975406 6634.929800 6551.903347 6468.890498 6385.885311 6302.881625 6219.873354 6136.854629 6053.819612 5970.762089 5887.675261 5804.551959 5721.385085 5638.167938 5554.894042 5471.556537 5388.147731 5304.659241 5221.082615 5137.409977 5053.634109 4969.747712 4885.742415 4801.608525 4717.335660 4632.913808 4548.334155 4463.588856 4378.669522 4293.565899 4208.265766 4122.755778 4037.022777 3951.055088 3864.842911 3778.376788 3691.645243 3604.633991 3517.326275 3429.703577 3341.746481 3253.435877 3164.754442 3075.687067 2986.217787 2896.327864 2805.995635 2715.196755 2623.904251 2532.088330 2439.716016 2346.750681 2253.151478 2158.872683 2063.862981 1968.064769 1871.413923 1773.841461 1675.282041 1575.704658 1475.203087 1374.171135 1273.376225 -9999.0 -9999.0
-9999.0 -9999.0 9894.489061 9796.743552 9701.148516 9607.515666 9515.604153 9425.153777 9335.911885 9247.650754 9160.175953 9073.328030 8986.980100 8901.033446 8815.412515 8730.060118 8644.933220 8559.999478 8475.234510 8390.619817 8306.141221 8221.787664 8137.550293 8053.421747 7969.395665 7885.466382 7801.628742 7717.877975 7634.209541 7550.618976 7467.101752 7383.653256 7300.268838 7216.943889 7133.673823 7050.453965 6967.279407 6884.144988 6801.045410 6717.975406 6634.929800 6551.903347 6468.890498 6385.885311 6302.881625 6219.873354 6136.854629 6053.819612 5970.762089 5887.675261 5804.551959 5721.385085 5638.167938 5554.894042 5471.556537 5388.147731 5304.659241 5221.082615 5137.409977 5053.634109 4969.747712 4885.742415 4801.608525 4717.335660 4632.913808 4548.334155 4463.588856 4378.669522 4293.565899 4208.265766 4122.755778 4037.022777 3951.055088 3864.842911 3778.376788 3691.645243 3604.633991 3517.326275 3429.703577 3341.746481 3253.435877 3164.754442 3075.687067 2986.217787 2896.327864 2805.995635 2715.196755 2623.904251 2532.088330 2439.716016 2346.750681 2253.151478 2158.872683 2063.862981 1968.064769 1871.413923 1773.841461 1675.282041 1575.704658 1475.203087 1374.171135 1273.376225 -9999.0 -9999.0
-9999.0 -9999.0 9894.489051 9796.743543 9701.148508 9607.515661 9515.604150 9425.153774 9335.911884 9247.650753 9160.175952 9073.328029 8986.980100 8901.033446 8815.412515 8730.060118 8644.933220 8559.999478 8475.234510 8390.619817 8306.141221 8221.787664 8137.550293 8053.421746 7969.395665 7885.466382 7801.628742 7717.877975 7634.209541 7550.618976 7467.101752 7383.653256 7300.268838 7216.943889 7133.673823 7050.453965 6967.279408 6884.144988 6801.045410 6717.975407 6634.929800 6551.903347 6468.890498 6385.885311 6302.881625 6219.873354 6136.854629 6053.819613 5970.762089 5887.675262 5804.551959 5721.385085 5638.167938 5554.894042 5471.556537 5388.147731 5304.659241 5221.082615 5137.409977 5053.634109 4969.747712 4885.742415 4801.608525 4717.335660 4632.913808 4548.334155 4463.588856 4378.669522 4293.565899 4208.265766 4122.755778 4037.022777 3951.055088 3864.842911 3778.376788 3691.645243 3604.633991 3517.326276 3429.703577 3341.746481 3253.435877 3164.754443 3075.687067 2986.217787 2896.327864 2805.995635 2715.196755 2623.904251 2532.088330 2439.716016 2346.750681 2253.151478 2158.872683 2063.862981 1968.064769 1871.413923 1773.841461 1675.282041 1575.704658 1475.203087 1374.171135 1273.376225 -9999.0 -9999.0
-9999.0 -9999.0 9894.489041 9796.743534 9701.148501 9607.515656 9515.604146 9425.153772 9335.911882 9247.650752 9160.175952 9073.328029 8986.980100 8901.033446 8815.412515 8730.060117 8644.933220 8559.999478 8475.234510 8390.619817 8306.141220 8221.787664 8137.550293 8053.421746 7969.395665 7885.466382 7801.628742 7717.877974 7634.209541 7550.618976 7467.101752 7383.653256 7300.268838 7216.943889 7133.673823 7050.453965 6967.279408 6884.144988 6801.045410 6717.975407 6634.929800 6551.903347 6468.890498 6385.885311 6302.881625 6219.873354 6136.854629 6053.819613 5970.762089 5887.675262 5804.551959 5721.385085 5638.167938 5554.894042 5471.556538 5388.147731 5304.659241 5221.082616 5137.409977 5053.634109 4969.747712 4885.742415 4801.608525 4717.335660 4632.913809 4548.334155 4463.588857 4378.669522 4293.565899 4208.265766 4122.755778 4037.022777 3951.055088 3864.842912 3778.376788 3691.645243 3604.633991 3517.326276 3429.703578 3341.746481 3253.435877 3164.754443 3075.687067 2986.217787 2896.327864 2805.995635 2715.196755 2623.904251 2532.088330 2439.716016 2346.750681 2253.151478 2158.872683 2063.862981 1968.064769 1871.413923 1773.841461 1675.282041 1575.704658 1475.203087 1374.171135 1273.376225 -9999.0 -9999.0
-9999.0 -9999.0 -9999.0 -9999.0 -9999.0 -9999.0 -9999.0 -9999.0 -9999.0 -9999.0 -9999.0 -9999.0 -9999.0 -9999.0 -9999.0 -9999.0 -9999.0 -9999.0 -9999.0 -9999.0 -9999.0 -9999.0 -9999.0 -9999.0 -9999.0 -9999.0 -9999.0 -9999.0 -9999.0 -9999.0 -9999.0 -9999.0 -9999.0 -9999.0 -9999.0 -9999.0 -9999.0 -9999.0 -9999.0 -9999.0 -9999.0 -9999.0 -9999.0 -9999.0 -9999.0 -9999.0 -9999.0 -9999.0 -9999.0 -9999.0 -9999.0 -9999.0 -9999.0 -9999.0 -9999.0 -9999.0 -9999.0 -9999.0 -9999.0 -9999.0 -9999.0 -9999.0 -9999.0 -9999.0 -9999.0 -9999.0 -9999.0 -9999.0 -9999.0 -9999.0 -9999.0 -9999.0 -9999.0 -9999.0 -9999.0 -9999.0 -9999.0 -9999.0 -9999.0 -9999.0 -9999.0 -9999.0 -9999.0 -9999.0 -9999.0 -9999.0 -9999.0 -9999.0 -9999.0 -9999.0 -9999.0 -9999.0 -9999.0 -9999.0 -9999.0 -9999.0 -9999.0 -9999.0 -9999.0 -9999.0 -9999.0 -9999.0 -9999.0 -9999.0
-9999.0 -9999.0 -9999.0 -9999.0 -9999.0 -9999.0 -9999.0 -9999.0 -9999.0 -9999.0 -9999.0 -9999.0 -9999.0 -9999.0 -9999.0 -9999.0 -9999.0 -9999.0 -9999.0 -9999.0 -9999.0 -9999.0 -9999.0 -9999.0 -9999.0 -9999.0 -9999.0 -9999.0 -9999.0 -9999.0 -9999.0 -9999.0 -9999.0 -9999.0 -9999.0 -9999.0 -9999.0 -9999.0 -9999.0 -9999.0 -9999.0 -9999.0 -9999.0 -9999.0 -9999.0 -9999.0 -9999.0 -9999.0 -9999.0 -9999.0 -9999.0 -9999.0 -9999.0 -9999.0 -9999.0 -9999.0 -9999.0 -9999.0 -9999.0 -9999.0 -9999.0 -9999.0 -9999.0 -9999.0 -9999.0 -9999.0 -9999.0 -9999.0 -9999.0 -9999.0 -9999.0 -9999.0 -9999.0 -9999.0 -9999.0 -9999.0 -9999.0 -9999.0 -9999.0 -9999.0 -9999.0 -9999.0 -9999.0 -9999.0 -9999.0 -9999.0 -9999.0 -9999.0 -9999.0 -9999.0 -9999.0 -9999.0 -9999.0 -9999.0 -9999.0 -9999.0 -9999.0 -9999.0 -9999.0 -9999.0 -9999.0 -9999.0 -9999.0 -9999.0