examples/3D/hillslope01/output-maps-SE27XX/psiliqL0087N0002.asc
ncols         104
nrows         10
xllcorner     -2.000000
yllcorner     0.000000
cellsize      1.000000
NODATA_value  -9999.0
-9999.0 -9999.0 -9999.0 -9999.0 -9999.0 -9999.0 -9999.0 -9999.0 -9999.0 -9999.0 -9999.0 -9999.0 -9999.0 -9999.0 -9999.0 -9999.0 -9999.0 -9999.0 -9999.0 -9999.0 -9999.0 -9999.0 -9999.0 -9999.0 -9999.0 -9999.0 -9999.0 -9999.0 -9999.0 -9999.0 -9999.0 -9999.0 -9999.0 -9999.0 -9999.0 -9999.0 -9999.0 -9999.0 -9999.0 -9999.0 -9999.0 -9999.0 -9999.0 -9999.0 -9999.0 -9999.0 -9999.0 -9999.0 -9999.0 -9999.0 -9999.0 -9999.0 -9999.0 -9999.0 -9999.0 -9999.0 -9999.0 -9999.0 -9999.0 -9999.0 -9999.0 -9999.0 -9999.0 -9999.0 -9999.0 -9999.0 -9999.0 -9999.0 -9999.0 -9999.0 -9999.0 -9999.0 -9999.0 -9999.0 -9999.0 -9999.0 -9999.0 -9999.0 -9999.0 -9999.0 -9999.0 -9999.0 -9999.0 -9999.0 -9999.0 -9999.0 -9999.0 -9999.0 -9999.0 -9999.0 -9999.0 -9999.0 -9999.0 -9999.0 -9999.0 -9999.0 -9999.0 -9999.0 -9999.0 -9999.0 -9999.0 -9999.0 -9999.0 -9999.0
-9999.0 -9999.0 -9999.0 -9999.0 -9999.0 -9999.0 -9999.0 -9999.0 -9999.0 -9999.0 -9999.0 -9999.0 -9999.0 -9999.0 -9999.0 -9999.0 -9999.0 -9999.0 -9999.0 -9999.0 -9999.0 -9999.0 -9999.0 -9999.0 -9999.0 -9999.0 -9999.0 -9999.0 -9999.0 -9999.0 -9999.0 -9999.0 -9999.0 -9999.0 -9999.0 -9999.0 -9999.0 -9999.0 -9999.0 -9999.0 -9999.0 -9999.0 -9999.0 -9999.0 -9999.0 -9999.0 -9999.0 -9999.0 -9999.0 -9999.0 -9999.0 -9999.0 -9999.0 -9999.0 -9999.0 -9999.0 -9999.0 -9999.0 -9999.0 -9999.0 -9999.0 -9999.0 -9999.0 -9999.0 -9999.0 -9999.0 -9999.0 -9999.0 -9999.0 -9999.0 -9999.0 -9999.0 -9999.0 -9999.0 -9999.0 -9999.0 -9999.0 -9999.0 -9999.0 -9999.0 -9999.0 -9999.0 -9999.0 -9999.0 -9999.0 -9999.0 -9999.0 -9999.0 -9999.0 -9999.0 -9999.0 -9999.0 -9999.0 -9999.0 -9999.0 -9999.0 -9999.0 -9999.0 -9999.0 -9999.0 -9999.0 -9999.0 -9999.0 -9999.0
-9999.0 -9999.0 8822.676846 8725.061087 8629.680940 8536.271412 8444.501063 8354.021369 8264.503672 8175.660545 8087.254029 7999.095093 7911.038361 7822.974922 7734.824964 7646.531112 7558.052836 7469.361992 7380.439417 7291.272415 7201.852980 7112.176587 7022.241375 6932.047582 6841.597084 6750.892975 6659.939161 6568.739979 6477.299862 6385.623046 6293.713341 6201.573964 6109.207447 6016.615625 5923.799735 5830.760620 5737.499036 5644.015989 5550.312991 5456.392130 5362.255980 5267.907415 5173.349410 5078.584853 4983.616401 4888.446360 4793.076597 4697.508475 4601.742802 4505.779795 4409.619052 4313.259534 4216.699551 4119.936752 4022.968122 3925.789989 3828.398038 3730.787336 3632.952398 3534.887279 3436.585746 3338.041567 3239.248982 3140.203490 3040.903123 2941.350513 2841.556123 2741.543050 2641.353534 2541.057393 2440.760348 2340.607779 2240.781045 2141.482298 2042.901890 1945.188120 1848.427846 1752.647054 1657.824406 1563.908722 1470.831046 1378.510686 1286.860696 1195.810318 1105.298724 1015.254799 925.605445 836.269733 747.157548 658.173339 569.215704 480.178415 390.949865 301.468308 211.654357 121.356072 30.409624 -61.095085 -152.179622 -240.363151 -321.913259 -395.537231 -9999.0 -9999.0
-9999.0 -9999.0 8822.676869 8725.061107 8629.680956 8536.271423 8444.501070 8354.021373 8264.503674 8175.660547 8087.254029 7999.095094 7911.038362 7822.974922 7734.824964 7646.531112 7558.052836 7469.361992 7380.439417 7291.272414 7201.852980 7112.176587 7022.241375 6932.047582 6841.597084 6750.892975 6659.939160 6568.739979 6477.299862 6385.623046 6293.713341 6201.573964 6109.207447 6016.615625 5923.799735 5830.760620 5737.499036 5644.015990 5550.312991 5456.392130 5362.255980 5267.907415 5173.349410 5078.584853 4983.616401 4888.446360 4793.076597 4697.508475 4601.742802 4505.779795 4409.619052 4313.259534 4216.699551 4119.936752 4022.968122 3925.789990 3828.398038 3730.787336 3632.952398 3534.887279 3436.585746 3338.041567 3239.248982 3140.203490 3040.903123 2941.350513 2841.556123 2741.543050 2641.353534 2541.057393 2440.760348 2340.607779 2240.781045 2141.482298 2042.901890 1945.188120 1848.427846 1752.647054 1657.824406 1563.908722 1470.831046 1378.510686 1286.860696 1195.810318 1105.298724 1015.254799 925.605445 836.269733 747.157548 658.173339 569.215704 480.178415 390.949865 301.468308 211.654357 121.356072 30.409624 -61.095085 -152.179622 -240.363151 -321.913259 -395.537231 -9999.0 -9999.0
-9999.0 -9999.0 8822.676892 8725.061127 8629.680972 8536.271433 8444.501077 8354.021377 8264.503676 8175.660548 8087.254030 7999.095094 7911.038362 7822.974923 7734.824964 7646.531112 7558.052836 7469.361992 7380.439417 7291.272414 7201.852980 7112.176587 7022.241375 6932.047582 6841.597084 6750.892975 6659.939160 6568.739979 6477.299862 6385.623046 6293.713341 6201.573964 6109.207447 6016.615625 5923.799735 5830.760620 5737.499036 5644.015990 5550.312991 5456.392130 5362.255980 5267.907415 5173.349410 5078.584853 4983.616401 4888.446360 4793.076597 4697.508475 4601.742802 4505.779795 4409.619052 4313.259534 4216.699551 4119.936752 4022.968122 3925.789990 3828.398038 3730.787336 3632.952398 3534.887279 3436.585746 3338.041567 3239.248982 3140.203490 3040.903123 2941.350513 2841.556123 2741.543050 2641.353534 2541.057393 2440.760348 2340.607779 2240.781045 2141.482298 2042.901890 1945.188120 1848.427846 1752.647054 1657.824406 1563.908722 1470.831046 1378.510686 1286.860696 1195.810318 1105.298724 1015.254799 925.605445 836.269733 747.157548 658.173339 569.215704 480.178415 390.949865 301.468308 211.654357 121.356072 30.409624 -61.095085 -152.179622 -240.363151 -321.913259 -395.537231 -9999.0 -9999.0
-9999.0 -9999.0 8822.676892 8725.061127 8629.680971 8536.271434 8444.501077 8354.021377 8264.503676 8175.660548 8087.254030 7999.095094 7911.038362 7822.974923 7734.824964 7646.531112 7558.052836 7469.361992 7380.439417 7291.272414 7201.852980 7112.176587 7022.241375 6932.047582 6841.597084 6750.892975 6659.939160 6568.739979 6477.299862 6385.623046 6293.713341 6201.573964 6109.207447 6016.615625 5923.799735 5830.760620 5737.499036 5644.015990 5550.312991 5456.392130 5362.255980 5267.907415 5173.349410 5078.584853 4983.616401 4888.446360 4793.076597 4697.508475 4601.742802 4505.779795 4409.619052 4313.259534 4216.699551 4119.936752 4022.968122 3925.789990 3828.398038 3730.787336 3632.952398 3534.887279 3436.585746 3338.041567 3239.248982 3140.203490 3040.903123 2941.350513 2841.556123 2741.543050 2641.353534 2541.057393 2440.760348 2340.607779 2240.781045 2141.482298 2042.901890 1945.188120 1848.427846 1752.647054 1657.824406 1563.908722 1470.831046 1378.510686 1286.860696 1195.810318 1105.298724 1015.254799 925.605445 836.269733 747.157548 658.173339 569.215704 480.178415 390.949865 301.468308 211.654357 121.356072 30.409624 -61.095085 -152.179622 -240.363151 -321.913259 -395.537231 -9999.0 -9999.0
-9999.0 -9999.0 8822.676869 8725.061107 8629.680956 8536.271423 8444.501070 8354.021373 8264.503674 8175.660547 8087.254029 7999.095094 7911.038362 7822.974922 7734.824964 7646.531112 7558.052836 7469.361992 7380.439417 7291.272414 7201.852980 7112.176587 7022.241375 6932.047582 6841.597084 6750.892975 6659.939160 6568.739979 6477.299862 6385.623046 6293.713341 6201.573964 6109.207447 6016.615625 5923.799735 5830.760620 5737.499036 5644.015990 5550.312991 5456.392130 5362.255980 5267.907415 5173.349410 5078.584853 4983.616401 4888.446360 4793.076597 4697.508475 4601.742802 4505.779795 4409.619052 4313.259534 4216.699551 4119.936752 4022.968122 3925.789990 3828.398038 3730.787336 3632.952398 3534.887279 3436.585746 3338.041567 3239.248982 3140.203490 3040.903123 2941.350513 2841.556123 2741.543050 2641.353534 2541.057393 2440.760348 2340.607779 2240.781045 2141.482298 2042.901890 1945.188120 1848.427846 1752.647054 1657.824406 1563.908722 1470.831046 1378.510686 1286.860696 1195.810318 1105.298724 1015.254799 925.605445 836.269733 747.157548 658.173339 569.215704 480.178415 390.949865 301.468308 211.654357 121.356072 30.409624 -61.095085 -152.179622 -240.363151 -321.913259 -395.537231 -9999.0 -9999.0
-9999.0 -9999.0 8822.676846 8725.061087 8629.680940 8536.271412 8444.501063 8354.021369 8264.503672 8175.660545 8087.254029 7999.095093 7911.038361 7822.974922 7734.824964 7646.531112 7558.052836 7469.361992 7380.439417 7291.272415 7201.852980 7112.176587 7022.241375 6932.047582 6841.597084 6750.892975 6659.939161 6568.739979 6477.299862 6385.623046 6293.713341 6201.573964 6109.207447 6016.615625 5923.799735 5830.760620 5737.499036 5644.015989 5550.312991 5456.392130 5362.255980 5267.907415 5173.349410 5078.584853 4983.616401 4888.446360 4793.076597 4697.508475 4601.742802 4505.779795 4409.619052 4313.259534 4216.699551 4119.936752 4022.968122 3925.789989 3828.398038 3730.787336 3632.952398 3534.887279 3436.585746 3338.041567 3239.248982 3140.203490 3040.903123 2941.350513 2841.556123 2741.543050 2641.353534 2541.057393 2440.760348 2340.607779 2240.781045 2141.482298 2042.901890 1945.188120 1848.427846 1752.647054 1657.824406 1563.908722 1470.831046 1378.510686 1286.860696 1195.810318 1105.298724 1015.254799 925.605445 836.269733 747.157548 658.173339 569.215704 480.178415 390.949865 301.468308 211.654357 121.356072 30.409624 -61.095085 -152.179622 -240.363151 -321.913259 -395.537231 -9999.0 -9999.0
-9999.0 -9999.0 -9999.0 -9999.0 -9999.0 -9999.0 -9999.0 -9999.0 -9999.0 -9999.0 -9999.0 -9999.0 -9999.0 -9999.0 -9999.0 -9999.0 -9999.0 -9999.0 -9999.0 -9999.0 -9999.0 -9999.0 -9999.0 -9999.0 -9999.0 -9999.0 -9999.0 -9999.0 -9999.0 -9999.0 -9999.0 -9999.0 -9999.0 -9999.0 -9999.0 -9999.0 -9999.0 -9999.0 -9999.0 -9999.0 -9999.0 -9999.0 -9999.0 -9999.0 -9999.0 -9999.0 -9999.0 -9999.0 -9999.0 -9999.0 -9999.0 -9999.0 -9999.0 -9999.0 -9999.0 -9999.0 -9999.0 -9999.0 -9999.0 -9999.0 -9999.0 -9999.0 -9999.0 -9999.0 -9999.0 -9999.0 -9999.0 -9999.0 -9999.0 -9999.0 -9999.0 -9999.0 -9999.0 -9999.0 -9999.0 -9999.0 -9999.0 -9999.0 -9999.0 -9999.0 -9999.0 -9999.0 -9999.0 -9999.0 -9999.0 -9999.0 -9999.0 -9999.0 -9999.0 -9999.0 -9999.0 -9999.0 -9999.0 -9999.0 -9999.0 -9999.0 -9999.0 -9999.0 -9999.0 -9999.0 -9999.0 -9999.0 -9999.0 -9999.0
-9999.0 -9999.0 -9999.0 -9999.0 -9999.0 -9999.0 -9999.0 -9999.0 -9999.0 -9999.0 -9999.0 -9999.0 -9999.0 -9999.0 -9999.0 -9999.0 -9999.0 -9999.0 -9999.0 -9999.0 -9999.0 -9999.0 -9999.0 -9999.0 -9999.0 -9999.0 -9999.0 -9999.0 -9999.0 -9999.0 -9999.0 -9999.0 -9999.0 -9999.0 -9999.0 -9999.0 -9999.0 -9999.0 -9999.0 -9999.0 -9999.0 -9999.0 -9999.0 -9999.0 -9999.0 -9999.0 -9999.0 -9999.0 -9999.0 -9999.0 -9999.0 -9999.0 -9999.0 -9999.0 -9999.0 -9999.0 -9999.0 -9999.0 -9999.0 -9999.0 -9999.0 -9999.0 -9999.0 -9999.0 -9999.0 -9999.0 -9999.0 -9999.0 -9999.0 -9999.0 -9999.0 -9999.0 -9999.0 -9999.0 -9999.0 -9999.0 -9999.0 -9999.0 -9999.0 -9999.0 -9999.0 -9999.0 -9999.0 -9999.0 -9999.0 -9999.0 -9999.0 -9999.0 -9999.0 -9999.0 -9999.0 -9999.0 -9999.0 -9999.0 -9999.0 -9999.0 -9999.0 -9999.0 -9999.0 -9999.0 -9999.0 -9999.0 -9999.0 -9999.0