examples/3D/hillslope01/output-maps-SE27XX/psiliqL0024N0001.asc
ncols         104
nrows         10
xllcorner     -2.000000
yllcorner     0.000000
cellsize      1.000000
NODATA_value  -9999.0
-9999.0 -9999.0 -9999.0 -9999.0 -9999.0 -9999.0 -9999.0 -9999.0 -9999.0 -9999.0 -9999.0 -9999.0 -9999.0 -9999.0 -9999.0 -9999.0 -9999.0 -9999.0 -9999.0 -9999.0 -9999.0 -9999.0 -9999.0 -9999.0 -9999.0 -9999.0 -9999.0 -9999.0 -9999.0 -9999.0 -9999.0 -9999.0 -9999.0 -9999.0 -9999.0 -9999.0 -9999.0 -9999.0 -9999.0 -9999.0 -9999.0 -9999.0 -9999.0 -9999.0 -9999.0 -9999.0 -9999.0 -9999.0 -9999.0 -9999.0 -9999.0 -9999.0 -9999.0 -9999.0 -9999.0 -9999.0 -9999.0 -9999.0 -9999.0 -9999.0 -9999.0 -9999.0 -9999.0 -9999.0 -9999.0 -9999.0 -9999.0 -9999.0 -9999.0 -9999.0 -9999.0 -9999.0 -9999.0 -9999.0 -9999.0 -9999.0 -9999.0 -9999.0 -9999.0 -9999.0 -9999.0 -9999.0 -9999.0 -9999.0 -9999.0 -9999.0 -9999.0 -9999.0 -9999.0 -9999.0 -9999.0 -9999.0 -9999.0 -9999.0 -9999.0 -9999.0 -9999.0 -9999.0 -9999.0 -9999.0 -9999.0 -9999.0 -9999.0 -9999.0
-9999.0 -9999.0 -9999.0 -9999.0 -9999.0 -9999.0 -9999.0 -9999.0 -9999.0 -9999.0 -9999.0 -9999.0 -9999.0 -9999.0 -9999.0 -9999.0 -9999.0 -9999.0 -9999.0 -9999.0 -9999.0 -9999.0 -9999.0 -9999.0 -9999.0 -9999.0 -9999.0 -9999.0 -9999.0 -9999.0 -9999.0 -9999.0 -9999.0 -9999.0 -9999.0 -9999.0 -9999.0 -9999.0 -9999.0 -9999.0 -9999.0 -9999.0 -9999.0 -9999.0 -9999.0 -9999.0 -9999.0 -9999.0 -9999.0 -9999.0 -9999.0 -9999.0 -9999.0 -9999.0 -9999.0 -9999.0 -9999.0 -9999.0 -9999.0 -9999.0 -9999.0 -9999.0 -9999.0 -9999.0 -9999.0 -9999.0 -9999.0 -9999.0 -9999.0 -9999.0 -9999.0 -9999.0 -9999.0 -9999.0 -9999.0 -9999.0 -9999.0 -9999.0 -9999.0 -9999.0 -9999.0 -9999.0 -9999.0 -9999.0 -9999.0 -9999.0 -9999.0 -9999.0 -9999.0 -9999.0 -9999.0 -9999.0 -9999.0 -9999.0 -9999.0 -9999.0 -9999.0 -9999.0 -9999.0 -9999.0 -9999.0 -9999.0 -9999.0 -9999.0
-9999.0 -9999.0 1014.572166 913.963958 813.504138 713.431107 613.771830 514.508224 415.609624 317.049266 218.801362 120.834948 23.105089 -74.438422 -171.700315 -256.307344 -317.692369 -359.321474 -390.076088 -412.085826 -428.987302 -437.150507 -440.691433 -442.229738 -442.414824 -442.442484 -442.445501 -442.445845 -442.445930 -442.445972 -442.445998 -442.446015 -442.446027 -442.446034 -442.446039 -442.446043 -442.446045 -442.446047 -442.446048 -442.446048 -442.446049 -442.446049 -442.446049 -442.446049 -442.446050 -442.446050 -442.446050 -442.446050 -442.446050 -442.446050 -442.446050 -442.446050 -442.446050 -442.446050 -442.446050 -442.446050 -442.446050 -442.446050 -442.446050 -442.446050 -442.446050 -442.446050 -442.446051 -442.446051 -442.446052 -442.446053 -442.446054 -442.446056 -442.446059 -442.446064 -442.446071 -442.446082 -442.446098 -442.446122 -442.446157 -442.446211 -442.446290 -442.446409 -442.446588 -442.446855 -442.447256 -442.447859 -442.448766 -442.450135 -442.452206 -442.455354 -442.460166 -442.467579 -442.479131 -442.497441 -442.527213 -442.577546 -442.667796 -442.843794 -443.225961 -444.158903 -446.690901 -454.202114 -479.347442 -595.533107 -1722.945247 -2623.899212 -9999.0 -9999.0
-9999.0 -9999.0 1014.572166 913.963958 813.504138 713.431107 613.771830 514.508224 415.609624 317.049266 218.801362 120.834948 23.105089 -74.438422 -171.700315 -256.307344 -317.692369 -359.321475 -390.076088 -412.085826 -428.987303 -437.150508 -440.691434 -442.229739 -442.414824 -442.442485 -442.445502 -442.445846 -442.445930 -442.445972 -442.445998 -442.446016 -442.446027 -442.446035 -442.446040 -442.446043 -442.446046 -442.446047 -442.446048 -442.446049 -442.446049 -442.446050 -442.446050 -442.446050 -442.446050 -442.446050 -442.446050 -442.446050 -442.446050 -442.446050 -442.446050 -442.446050 -442.446050 -442.446050 -442.446050 -442.446050 -442.446050 -442.446050 -442.446051 -442.446051 -442.446051 -442.446051 -442.446051 -442.446052 -442.446052 -442.446053 -442.446055 -442.446057 -442.446060 -442.446065 -442.446072 -442.446083 -442.446099 -442.446122 -442.446158 -442.446211 -442.446291 -442.446410 -442.446588 -442.446856 -442.447257 -442.447859 -442.448766 -442.450135 -442.452207 -442.455355 -442.460166 -442.467579 -442.479132 -442.497442 -442.527213 -442.577547 -442.667797 -442.843794 -443.225962 -444.158904 -446.690903 -454.202119 -479.347454 -595.533145 -1722.945435 -2623.899213 -9999.0 -9999.0
-9999.0 -9999.0 1014.572166 913.963958 813.504138 713.431107 613.771830 514.508224 415.609624 317.049266 218.801362 120.834947 23.105089 -74.438422 -171.700315 -256.307345 -317.692369 -359.321475 -390.076089 -412.085827 -428.987304 -437.150509 -440.691435 -442.229740 -442.414826 -442.442486 -442.445503 -442.445847 -442.445931 -442.445973 -442.445999 -442.446017 -442.446028 -442.446036 -442.446041 -442.446044 -442.446047 -442.446048 -442.446049 -442.446050 -442.446050 -442.446051 -442.446051 -442.446051 -442.446051 -442.446051 -442.446051 -442.446051 -442.446051 -442.446051 -442.446051 -442.446051 -442.446051 -442.446051 -442.446051 -442.446051 -442.446051 -442.446052 -442.446052 -442.446052 -442.446052 -442.446052 -442.446052 -442.446053 -442.446053 -442.446054 -442.446056 -442.446058 -442.446061 -442.446066 -442.446073 -442.446084 -442.446100 -442.446123 -442.446159 -442.446212 -442.446292 -442.446411 -442.446589 -442.446857 -442.447258 -442.447860 -442.448768 -442.450136 -442.452208 -442.455356 -442.460168 -442.467580 -442.479133 -442.497443 -442.527214 -442.577548 -442.667798 -442.843795 -443.225964 -444.158906 -446.690904 -454.202122 -479.347464 -595.533180 -1722.945695 -2623.899213 -9999.0 -9999.0
-9999.0 -9999.0 1014.572166 913.963958 813.504138 713.431107 613.771830 514.508224 415.609624 317.049266 218.801362 120.834947 23.105089 -74.438422 -171.700315 -256.307345 -317.692369 -359.321475 -390.076089 -412.085827 -428.987304 -437.150509 -440.691435 -442.229740 -442.414826 -442.442486 -442.445503 -442.445847 -442.445931 -442.445973 -442.445999 -442.446017 -442.446028 -442.446036 -442.446041 -442.446044 -442.446047 -442.446048 -442.446049 -442.446050 -442.446050 -442.446051 -442.446051 -442.446051 -442.446051 -442.446051 -442.446051 -442.446051 -442.446051 -442.446051 -442.446051 -442.446051 -442.446051 -442.446051 -442.446051 -442.446051 -442.446051 -442.446052 -442.446052 -442.446052 -442.446052 -442.446052 -442.446052 -442.446053 -442.446053 -442.446054 -442.446056 -442.446058 -442.446061 -442.446066 -442.446073 -442.446084 -442.446100 -442.446123 -442.446159 -442.446212 -442.446292 -442.446411 -442.446589 -442.446857 -442.447258 -442.447860 -442.448768 -442.450136 -442.452208 -442.455356 -442.460168 -442.467580 -442.479133 -442.497443 -442.527214 -442.577548 -442.667798 -442.843795 -443.225964 -444.158906 -446.690904 -454.202122 -479.347464 -595.533180 -1722.945695 -2623.899213 -9999.0 -9999.0
-9999.0 -9999.0 1014.572166 913.963958 813.504138 713.431107 613.771830 514.508224 415.609624 317.049266 218.801362 120.834948 23.105089 -74.438422 -171.700315 -256.307344 -317.692369 -359.321475 -390.076088 -412.085826 -428.987303 -437.150508 -440.691434 -442.229739 -442.414824 -442.442485 -442.445502 -442.445846 -442.445930 -442.445972 -442.445998 -442.446016 -442.446027 -442.446035 -442.446040 -442.446043 -442.446046 -442.446047 -442.446048 -442.446049 -442.446049 -442.446050 -442.446050 -442.446050 -442.446050 -442.446050 -442.446050 -442.446050 -442.446050 -442.446050 -442.446050 -442.446050 -442.446050 -442.446050 -442.446050 -442.446050 -442.446050 -442.446050 -442.446051 -442.446051 -442.446051 -442.446051 -442.446051 -442.446052 -442.446052 -442.446053 -442.446055 -442.446057 -442.446060 -442.446065 -442.446072 -442.446083 -442.446099 -442.446122 -442.446158 -442.446211 -442.446291 -442.446410 -442.446588 -442.446856 -442.447257 -442.447859 -442.448766 -442.450135 -442.452207 -442.455355 -442.460166 -442.467579 -442.479132 -442.497442 -442.527213 -442.577547 -442.667797 -442.843794 -443.225962 -444.158904 -446.690903 -454.202119 -479.347454 -595.533145 -1722.945435 -2623.899213 -9999.0 -9999.0
-9999.0 -9999.0 1014.572166 913.963958 813.504138 713.431107 613.771830 514.508224 415.609624 317.049266 218.801362 120.834948 23.105089 -74.438422 -171.700315 -256.307344 -317.692369 -359.321474 -390.076088 -412.085826 -428.987302 -437.150507 -440.691433 -442.229738 -442.414824 -442.442484 -442.445501 -442.445845 -442.445930 -442.445972 -442.445998 -442.446015 -442.446027 -442.446034 -442.446039 -442.446043 -442.446045 -442.446047 -442.446048 -442.446048 -442.446049 -442.446049 -442.446049 -442.446049 -442.446050 -442.446050 -442.446050 -442.446050 -442.446050 -442.446050 -442.446050 -442.446050 -442.446050 -442.446050 -442.446050 -442.446050 -442.446050 -442.446050 -442.446050 -442.446050 -442.446050 -442.446050 -442.446051 -442.446051 -442.446052 -442.446053 -442.446054 -442.446056 -442.446059 -442.446064 -442.446071 -442.446082 -442.446098 -442.446122 -442.446157 -442.446211 -442.446290 -442.446409 -442.446588 -442.446855 -442.447256 -442.447859 -442.448766 -442.450135 -442.452206 -442.455354 -442.460166 -442.467579 -442.479131 -442.497441 -442.527213 -442.577546 -442.667796 -442.843794 -443.225961 -444.158903 -446.690901 -454.202114 -479.347442 -595.533107 -1722.945247 -2623.899212 -9999.0 -9999.0
-9999.0 -9999.0 -9999.0 -9999.0 -9999.0 -9999.0 -9999.0 -9999.0 -9999.0 -9999.0 -9999.0 -9999.0 -9999.0 -9999.0 -9999.0 -9999.0 -9999.0 -9999.0 -9999.0 -9999.0 -9999.0 -9999.0 -9999.0 -9999.0 -9999.0 -9999.0 -9999.0 -9999.0 -9999.0 -9999.0 -9999.0 -9999.0 -9999.0 -9999.0 -9999.0 -9999.0 -9999.0 -9999.0 -9999.0 -9999.0 -9999.0 -9999.0 -9999.0 -9999.0 -9999.0 -9999.0 -9999.0 -9999.0 -9999.0 -9999.0 -9999.0 -9999.0 -9999.0 -9999.0 -9999.0 -9999.0 -9999.0 -9999.0 -9999.0 -9999.0 -9999.0 -9999.0 -9999.0 -9999.0 -9999.0 -9999.0 -9999.0 -9999.0 -9999.0 -9999.0 -9999.0 -9999.0 -9999.0 -9999.0 -9999.0 -9999.0 -9999.0 -9999.0 -9999.0 -9999.0 -9999.0 -9999.0 -9999.0 -9999.0 -9999.0 -9999.0 -9999.0 -9999.0 -9999.0 -9999.0 -9999.0 -9999.0 -9999.0 -9999.0 -9999.0 -9999.0 -9999.0 -9999.0 -9999.0 -9999.0 -9999.0 -9999.0 -9999.0 -9999.0
-9999.0 -9999.0 -9999.0 -9999.0 -9999.0 -9999.0 -9999.0 -9999.0 -9999.0 -9999.0 -9999.0 -9999.0 -9999.0 -9999.0 -9999.0 -9999.0 -9999.0 -9999.0 -9999.0 -9999.0 -9999.0 -9999.0 -9999.0 -9999.0 -9999.0 -9999.0 -9999.0 -9999.0 -9999.0 -9999.0 -9999.0 -9999.0 -9999.0 -9999.0 -9999.0 -9999.0 -9999.0 -9999.0 -9999.0 -9999.0 -9999.0 -9999.0 -9999.0 -9999.0 -9999.0 -9999.0 -9999.0 -9999.0 -9999.0 -9999.0 -9999.0 -9999.0 -9999.0 -9999.0 -9999.0 -9999.0 -9999.0 -9999.0 -9999.0 -9999.0 -9999.0 -9999.0 -9999.0 -9999.0 -9999.0 -9999.0 -9999.0 -9999.0 -9999.0 -9999.0 -9999.0 -9999.0 -9999.0 -9999.0 -9999.0 -9999.0 -9999.0 -9999.0 -9999.0 -9999.0 -9999.0 -9999.0 -9999.0 -9999.0 -9999.0 -9999.0 -9999.0 -9999.0 -9999.0 -9999.0 -9999.0 -9999.0 -9999.0 -9999.0 -9999.0 -9999.0 -9999.0 -9999.0 -9999.0 -9999.0 -9999.0 -9999.0 -9999.0 -9999.0