tests/3D/hillslope02_superslab/out/maps3D/PwL0005N0006.asc
ncols         104
nrows         10
xllcorner     -2.000000
yllcorner     0.000000
cellsize      1.000000
NODATA_value  -9999.0
-9999.0 -9999.0 -9999.0 -9999.0 -9999.0 -9999.0 -9999.0 -9999.0 -9999.0 -9999.0 -9999.0 -9999.0 -9999.0 -9999.0 -9999.0 -9999.0 -9999.0 -9999.0 -9999.0 -9999.0 -9999.0 -9999.0 -9999.0 -9999.0 -9999.0 -9999.0 -9999.0 -9999.0 -9999.0 -9999.0 -9999.0 -9999.0 -9999.0 -9999.0 -9999.0 -9999.0 -9999.0 -9999.0 -9999.0 -9999.0 -9999.0 -9999.0 -9999.0 -9999.0 -9999.0 -9999.0 -9999.0 -9999.0 -9999.0 -9999.0 -9999.0 -9999.0 -9999.0 -9999.0 -9999.0 -9999.0 -9999.0 -9999.0 -9999.0 -9999.0 -9999.0 -9999.0 -9999.0 -9999.0 -9999.0 -9999.0 -9999.0 -9999.0 -9999.0 -9999.0 -9999.0 -9999.0 -9999.0 -9999.0 -9999.0 -9999.0 -9999.0 -9999.0 -9999.0 -9999.0 -9999.0 -9999.0 -9999.0 -9999.0 -9999.0 -9999.0 -9999.0 -9999.0 -9999.0 -9999.0 -9999.0 -9999.0 -9999.0 -9999.0 -9999.0 -9999.0 -9999.0 -9999.0 -9999.0 -9999.0 -9999.0 -9999.0 -9999.0 -9999.0
-9999.0 -9999.0 -9999.0 -9999.0 -9999.0 -9999.0 -9999.0 -9999.0 -9999.0 -9999.0 -9999.0 -9999.0 -9999.0 -9999.0 -9999.0 -9999.0 -9999.0 -9999.0 -9999.0 -9999.0 -9999.0 -9999.0 -9999.0 -9999.0 -9999.0 -9999.0 -9999.0 -9999.0 -9999.0 -9999.0 -9999.0 -9999.0 -9999.0 -9999.0 -9999.0 -9999.0 -9999.0 -9999.0 -9999.0 -9999.0 -9999.0 -9999.0 -9999.0 -9999.0 -9999.0 -9999.0 -9999.0 -9999.0 -9999.0 -9999.0 -9999.0 -9999.0 -9999.0 -9999.0 -9999.0 -9999.0 -9999.0 -9999.0 -9999.0 -9999.0 -9999.0 -9999.0 -9999.0 -9999.0 -9999.0 -9999.0 -9999.0 -9999.0 -9999.0 -9999.0 -9999.0 -9999.0 -9999.0 -9999.0 -9999.0 -9999.0 -9999.0 -9999.0 -9999.0 -9999.0 -9999.0 -9999.0 -9999.0 -9999.0 -9999.0 -9999.0 -9999.0 -9999.0 -9999.0 -9999.0 -9999.0 -9999.0 -9999.0 -9999.0 -9999.0 -9999.0 -9999.0 -9999.0 -9999.0 -9999.0 -9999.0 -9999.0 -9999.0 -9999.0
-9999.0 -9999.0 -19.022311 -120.727666 -210.168561 -272.626929 -304.419795 -313.027617 -304.958676 -283.112770 -362.345931 -384.063739 -341.520796 -271.024722 -195.872661 -50.135892 113.705597 83.981932 43.553480 -5.182620 -61.554791 -124.254157 -188.616835 -245.734637 -288.857176 -316.962061 -333.508958 -342.729720 -347.739503 -350.405329 -351.745051 -352.273832 -352.213298 -351.597048 -350.310252 -348.084492 -344.439111 -337.881734 -325.169006 -319.952746 -293.619210 -198.338148 -898.279148 -861.254519 -789.317183 -745.764475 -725.327371 -723.030448 -722.792199 -722.769184 -722.767899 -722.768745 -722.769752 -722.770832 -722.773143 -722.788411 -722.932411 -724.287207 -736.430005 -762.566524 -806.307273 -804.096507 -289.010736 -315.494094 -329.539636 -340.032713 -346.371871 -350.218064 -352.545441 -353.943836 -354.776205 -355.266302 -355.551304 -355.714228 -355.805165 -355.854747 -355.880836 -355.895439 -355.905453 -355.915640 -355.929507 -355.950652 -355.984003 -356.037018 -356.121252 -356.254784 -356.466061 -356.799883 -357.326746 -358.157243 -359.464133 -361.515475 -364.722909 -369.708593 -377.390554 -389.075950 -406.532359 -431.983381 -467.971473 -517.112763 -582.174266 -667.057714 -9999.0 -9999.0
-9999.0 -9999.0 -18.876561 -120.682355 -210.153453 -272.621585 -304.417886 -313.026942 -304.958445 -283.112688 -362.345918 -384.063736 -341.520795 -271.024722 -195.872660 -50.135891 113.705597 83.981932 43.553480 -5.182620 -61.554791 -124.254156 -188.616835 -245.734637 -288.857175 -316.962061 -333.508958 -342.729720 -347.739503 -350.405329 -351.745051 -352.273832 -352.213298 -351.597048 -350.310252 -348.084492 -344.439111 -337.881734 -325.169006 -319.952746 -293.619209 -198.338148 -898.279148 -861.254518 -789.317182 -745.764474 -725.327371 -723.030448 -722.792199 -722.769184 -722.767899 -722.768745 -722.769752 -722.770832 -722.773143 -722.788411 -722.932411 -724.287207 -736.430005 -762.566524 -806.307273 -804.096507 -289.010736 -315.494094 -329.539636 -340.032713 -346.371871 -350.218064 -352.545441 -353.943836 -354.776205 -355.266302 -355.551304 -355.714228 -355.805165 -355.854747 -355.880836 -355.895439 -355.905453 -355.915640 -355.929507 -355.950652 -355.984003 -356.037018 -356.121252 -356.254784 -356.466061 -356.799883 -357.326746 -358.157243 -359.464133 -361.515475 -364.722909 -369.708593 -377.390554 -389.075950 -406.532359 -431.983381 -467.971473 -517.112763 -582.174266 -667.057714 -9999.0 -9999.0
-9999.0 -9999.0 -18.815258 -120.655616 -210.142702 -272.617304 -304.416225 -313.026321 -304.958226 -283.112610 -362.345907 -384.063733 -341.520793 -271.024721 -195.872660 -50.135891 113.705597 83.981932 43.553480 -5.182619 -61.554791 -124.254156 -188.616835 -245.734637 -288.857175 -316.962061 -333.508958 -342.729720 -347.739503 -350.405329 -351.745051 -352.273832 -352.213298 -351.597048 -350.310252 -348.084492 -344.439111 -337.881734 -325.169006 -319.952746 -293.619209 -198.338147 -898.279148 -861.254518 -789.317182 -745.764474 -725.327371 -723.030448 -722.792199 -722.769184 -722.767899 -722.768745 -722.769752 -722.770832 -722.773143 -722.788411 -722.932411 -724.287207 -736.430005 -762.566524 -806.307273 -804.096507 -289.010736 -315.494094 -329.539635 -340.032713 -346.371871 -350.218064 -352.545441 -353.943836 -354.776205 -355.266302 -355.551304 -355.714228 -355.805165 -355.854747 -355.880836 -355.895439 -355.905453 -355.915640 -355.929507 -355.950652 -355.984003 -356.037018 -356.121252 -356.254784 -356.466061 -356.799883 -357.326746 -358.157243 -359.464133 -361.515475 -364.722909 -369.708593 -377.390554 -389.075950 -406.532359 -431.983381 -467.971473 -517.112763 -582.174266 -667.057714 -9999.0 -9999.0
-9999.0 -9999.0 -18.815259 -120.655616 -210.142702 -272.617304 -304.416225 -313.026321 -304.958226 -283.112610 -362.345907 -384.063733 -341.520793 -271.024721 -195.872660 -50.135891 113.705597 83.981932 43.553481 -5.182620 -61.554791 -124.254156 -188.616835 -245.734637 -288.857175 -316.962061 -333.508958 -342.729720 -347.739503 -350.405329 -351.745051 -352.273832 -352.213298 -351.597048 -350.310252 -348.084492 -344.439111 -337.881734 -325.169006 -319.952746 -293.619209 -198.338147 -898.279148 -861.254518 -789.317182 -745.764474 -725.327371 -723.030448 -722.792199 -722.769184 -722.767899 -722.768745 -722.769752 -722.770832 -722.773143 -722.788411 -722.932411 -724.287207 -736.430005 -762.566524 -806.307273 -804.096507 -289.010736 -315.494093 -329.539635 -340.032713 -346.371871 -350.218064 -352.545441 -353.943836 -354.776205 -355.266302 -355.551304 -355.714228 -355.805165 -355.854747 -355.880836 -355.895439 -355.905453 -355.915640 -355.929507 -355.950652 -355.984003 -356.037018 -356.121252 -356.254784 -356.466061 -356.799883 -357.326746 -358.157243 -359.464133 -361.515475 -364.722909 -369.708593 -377.390554 -389.075950 -406.532359 -431.983381 -467.971473 -517.112763 -582.174266 -667.057714 -9999.0 -9999.0
-9999.0 -9999.0 -18.876561 -120.682355 -210.153453 -272.621585 -304.417886 -313.026942 -304.958445 -283.112688 -362.345919 -384.063736 -341.520795 -271.024722 -195.872660 -50.135891 113.705597 83.981932 43.553480 -5.182619 -61.554791 -124.254156 -188.616835 -245.734637 -288.857175 -316.962061 -333.508958 -342.729720 -347.739503 -350.405329 -351.745051 -352.273832 -352.213298 -351.597048 -350.310252 -348.084492 -344.439111 -337.881734 -325.169006 -319.952746 -293.619209 -198.338148 -898.279148 -861.254518 -789.317182 -745.764474 -725.327371 -723.030448 -722.792199 -722.769184 -722.767899 -722.768745 -722.769752 -722.770832 -722.773143 -722.788411 -722.932411 -724.287207 -736.430005 -762.566524 -806.307273 -804.096507 -289.010736 -315.494093 -329.539635 -340.032713 -346.371871 -350.218064 -352.545441 -353.943836 -354.776205 -355.266302 -355.551304 -355.714228 -355.805165 -355.854747 -355.880836 -355.895439 -355.905453 -355.915640 -355.929507 -355.950652 -355.984003 -356.037018 -356.121252 -356.254784 -356.466061 -356.799883 -357.326746 -358.157243 -359.464133 -361.515475 -364.722909 -369.708593 -377.390554 -389.075950 -406.532359 -431.983381 -467.971473 -517.112763 -582.174266 -667.057714 -9999.0 -9999.0
-9999.0 -9999.0 -19.022311 -120.727666 -210.168561 -272.626929 -304.419795 -313.027617 -304.958676 -283.112770 -362.345931 -384.063739 -341.520796 -271.024723 -195.872661 -50.135892 113.705597 83.981932 43.553480 -5.182620 -61.554791 -124.254157 -188.616835 -245.734637 -288.857175 -316.962061 -333.508958 -342.729720 -347.739503 -350.405329 -351.745051 -352.273832 -352.213298 -351.597048 -350.310252 -348.084492 -344.439111 -337.881734 -325.169006 -319.952746 -293.619210 -198.338148 -898.279148 -861.254519 -789.317183 -745.764475 -725.327371 -723.030448 -722.792199 -722.769184 -722.767899 -722.768745 -722.769752 -722.770832 -722.773143 -722.788411 -722.932411 -724.287207 -736.430005 -762.566524 -806.307273 -804.096507 -289.010736 -315.494093 -329.539635 -340.032713 -346.371871 -350.218064 -352.545441 -353.943836 -354.776205 -355.266302 -355.551304 -355.714228 -355.805165 -355.854747 -355.880836 -355.895439 -355.905453 -355.915640 -355.929507 -355.950652 -355.984003 -356.037018 -356.121252 -356.254784 -356.466061 -356.799883 -357.326746 -358.157243 -359.464133 -361.515475 -364.722909 -369.708593 -377.390554 -389.075950 -406.532359 -431.983381 -467.971473 -517.112763 -582.174266 -667.057714 -9999.0 -9999.0
-9999.0 -9999.0 -9999.0 -9999.0 -9999.0 -9999.0 -9999.0 -9999.0 -9999.0 -9999.0 -9999.0 -9999.0 -9999.0 -9999.0 -9999.0 -9999.0 -9999.0 -9999.0 -9999.0 -9999.0 -9999.0 -9999.0 -9999.0 -9999.0 -9999.0 -9999.0 -9999.0 -9999.0 -9999.0 -9999.0 -9999.0 -9999.0 -9999.0 -9999.0 -9999.0 -9999.0 -9999.0 -9999.0 -9999.0 -9999.0 -9999.0 -9999.0 -9999.0 -9999.0 -9999.0 -9999.0 -9999.0 -9999.0 -9999.0 -9999.0 -9999.0 -9999.0 -9999.0 -9999.0 -9999.0 -9999.0 -9999.0 -9999.0 -9999.0 -9999.0 -9999.0 -9999.0 -9999.0 -9999.0 -9999.0 -9999.0 -9999.0 -9999.0 -9999.0 -9999.0 -9999.0 -9999.0 -9999.0 -9999.0 -9999.0 -9999.0 -9999.0 -9999.0 -9999.0 -9999.0 -9999.0 -9999.0 -9999.0 -9999.0 -9999.0 -9999.0 -9999.0 -9999.0 -9999.0 -9999.0 -9999.0 -9999.0 -9999.0 -9999.0 -9999.0 -9999.0 -9999.0 -9999.0 -9999.0 -9999.0 -9999.0 -9999.0 -9999.0 -9999.0
-9999.0 -9999.0 -9999.0 -9999.0 -9999.0 -9999.0 -9999.0 -9999.0 -9999.0 -9999.0 -9999.0 -9999.0 -9999.0 -9999.0 -9999.0 -9999.0 -9999.0 -9999.0 -9999.0 -9999.0 -9999.0 -9999.0 -9999.0 -9999.0 -9999.0 -9999.0 -9999.0 -9999.0 -9999.0 -9999.0 -9999.0 -9999.0 -9999.0 -9999.0 -9999.0 -9999.0 -9999.0 -9999.0 -9999.0 -9999.0 -9999.0 -9999.0 -9999.0 -9999.0 -9999.0 -9999.0 -9999.0 -9999.0 -9999.0 -9999.0 -9999.0 -9999.0 -9999.0 -9999.0 -9999.0 -9999.0 -9999.0 -9999.0 -9999.0 -9999.0 -9999.0 -9999.0 -9999.0 -9999.0 -9999.0 -9999.0 -9999.0 -9999.0 -9999.0 -9999.0 -9999.0 -9999.0 -9999.0 -9999.0 -9999.0 -9999.0 -9999.0 -9999.0 -9999.0 -9999.0 -9999.0 -9999.0 -9999.0 -9999.0 -9999.0 -9999.0 -9999.0 -9999.0 -9999.0 -9999.0 -9999.0 -9999.0 -9999.0 -9999.0 -9999.0 -9999.0 -9999.0 -9999.0 -9999.0 -9999.0 -9999.0 -9999.0 -9999.0 -9999.0