tests/3D/hillslope02_superslab/out/maps3D/PwL0036N0006.asc
ncols         104
nrows         10
xllcorner     -2.000000
yllcorner     0.000000
cellsize      1.000000
NODATA_value  -9999.0
-9999.0 -9999.0 -9999.0 -9999.0 -9999.0 -9999.0 -9999.0 -9999.0 -9999.0 -9999.0 -9999.0 -9999.0 -9999.0 -9999.0 -9999.0 -9999.0 -9999.0 -9999.0 -9999.0 -9999.0 -9999.0 -9999.0 -9999.0 -9999.0 -9999.0 -9999.0 -9999.0 -9999.0 -9999.0 -9999.0 -9999.0 -9999.0 -9999.0 -9999.0 -9999.0 -9999.0 -9999.0 -9999.0 -9999.0 -9999.0 -9999.0 -9999.0 -9999.0 -9999.0 -9999.0 -9999.0 -9999.0 -9999.0 -9999.0 -9999.0 -9999.0 -9999.0 -9999.0 -9999.0 -9999.0 -9999.0 -9999.0 -9999.0 -9999.0 -9999.0 -9999.0 -9999.0 -9999.0 -9999.0 -9999.0 -9999.0 -9999.0 -9999.0 -9999.0 -9999.0 -9999.0 -9999.0 -9999.0 -9999.0 -9999.0 -9999.0 -9999.0 -9999.0 -9999.0 -9999.0 -9999.0 -9999.0 -9999.0 -9999.0 -9999.0 -9999.0 -9999.0 -9999.0 -9999.0 -9999.0 -9999.0 -9999.0 -9999.0 -9999.0 -9999.0 -9999.0 -9999.0 -9999.0 -9999.0 -9999.0 -9999.0 -9999.0 -9999.0 -9999.0
-9999.0 -9999.0 -9999.0 -9999.0 -9999.0 -9999.0 -9999.0 -9999.0 -9999.0 -9999.0 -9999.0 -9999.0 -9999.0 -9999.0 -9999.0 -9999.0 -9999.0 -9999.0 -9999.0 -9999.0 -9999.0 -9999.0 -9999.0 -9999.0 -9999.0 -9999.0 -9999.0 -9999.0 -9999.0 -9999.0 -9999.0 -9999.0 -9999.0 -9999.0 -9999.0 -9999.0 -9999.0 -9999.0 -9999.0 -9999.0 -9999.0 -9999.0 -9999.0 -9999.0 -9999.0 -9999.0 -9999.0 -9999.0 -9999.0 -9999.0 -9999.0 -9999.0 -9999.0 -9999.0 -9999.0 -9999.0 -9999.0 -9999.0 -9999.0 -9999.0 -9999.0 -9999.0 -9999.0 -9999.0 -9999.0 -9999.0 -9999.0 -9999.0 -9999.0 -9999.0 -9999.0 -9999.0 -9999.0 -9999.0 -9999.0 -9999.0 -9999.0 -9999.0 -9999.0 -9999.0 -9999.0 -9999.0 -9999.0 -9999.0 -9999.0 -9999.0 -9999.0 -9999.0 -9999.0 -9999.0 -9999.0 -9999.0 -9999.0 -9999.0 -9999.0 -9999.0 -9999.0 -9999.0 -9999.0 -9999.0 -9999.0 -9999.0 -9999.0 -9999.0
-9999.0 -9999.0 1488.338255 1386.829575 1283.667928 1179.157087 1073.750806 968.755510 864.254240 758.582225 650.623069 542.881333 437.238908 334.797247 234.262697 135.076889 37.439609 -57.048842 -145.204297 -221.061821 -277.714274 -312.079706 -329.244377 -337.093244 -340.907781 -342.395677 -342.493613 -342.050458 -146.381827 29.292980 206.419371 385.532556 429.555428 336.512165 243.843179 152.023274 61.787820 -25.522248 -103.770392 -159.070610 -243.701018 -355.112989 -414.423554 -574.161516 -442.928831 -328.596575 -267.463710 -236.103158 -217.702061 -206.887878 -200.939764 -198.350140 -198.218817 -199.952358 -203.149996 -207.538354 -212.925455 -219.135997 -226.079309 -234.381097 -240.027696 -234.162963 -244.262013 -276.730770 -285.074727 -304.006887 -318.571202 -328.584606 -335.856533 -341.156397 -344.934732 -347.592926 -349.446754 -350.872421 -351.980143 -352.817551 -353.293149 -354.043013 -354.725317 -355.610940 -356.357267 -356.841471 -356.922095 -356.736889 -356.581024 -356.546189 -356.673395 -356.983470 -357.539902 -358.453737 -359.907376 -362.188330 -365.735918 -371.202660 -379.527662 -392.013715 -410.428032 -437.773254 -492.897888 -814.824450 -2939.160316 -3193.798611 -9999.0 -9999.0
-9999.0 -9999.0 1488.357340 1386.840755 1283.673207 1179.159361 1073.751749 968.755894 864.254395 758.582288 650.623094 542.881343 437.238912 334.797249 234.262698 135.076889 37.439610 -57.048842 -145.204297 -221.061821 -277.714274 -312.079706 -329.244377 -337.093244 -340.907781 -342.395677 -342.493613 -342.050458 -146.381827 29.292980 206.419371 385.532556 429.555428 336.512165 243.843179 152.023274 61.787820 -25.522248 -103.770392 -159.070610 -243.701020 -355.112989 -414.423553 -574.161515 -442.928831 -328.596575 -267.463711 -236.103158 -217.702062 -206.887878 -200.939764 -198.350140 -198.218818 -199.952358 -203.149996 -207.538354 -212.925455 -219.135997 -226.079309 -234.381097 -240.027696 -234.162963 -244.262013 -276.730769 -285.074727 -304.006887 -318.571202 -328.584606 -335.856533 -341.156397 -344.934732 -347.592926 -349.446754 -350.872421 -351.980143 -352.817551 -353.293149 -354.043013 -354.725317 -355.610940 -356.357267 -356.841471 -356.922095 -356.736889 -356.581024 -356.546189 -356.673395 -356.983470 -357.539902 -358.453737 -359.907376 -362.188330 -365.735918 -371.202660 -379.527662 -392.013715 -410.428032 -437.773254 -492.897887 -814.824449 -2939.160314 -3193.798611 -9999.0 -9999.0
-9999.0 -9999.0 1488.371918 1386.849942 1283.677848 1179.161462 1073.752649 968.756267 864.254548 758.582350 650.623119 542.881353 437.238916 334.797251 234.262698 135.076889 37.439610 -57.048842 -145.204297 -221.061821 -277.714274 -312.079706 -329.244377 -337.093244 -340.907781 -342.395677 -342.493613 -342.050458 -146.381827 29.292980 206.419371 385.532556 429.555428 336.512165 243.843179 152.023274 61.787820 -25.522248 -103.770392 -159.070610 -243.701020 -355.112990 -414.423553 -574.161515 -442.928831 -328.596575 -267.463711 -236.103158 -217.702062 -206.887878 -200.939764 -198.350140 -198.218818 -199.952358 -203.149996 -207.538354 -212.925455 -219.135997 -226.079309 -234.381097 -240.027696 -234.162962 -244.262013 -276.730770 -285.074727 -304.006887 -318.571202 -328.584606 -335.856533 -341.156397 -344.934732 -347.592926 -349.446754 -350.872421 -351.980143 -352.817551 -353.293149 -354.043013 -354.725317 -355.610940 -356.357267 -356.841471 -356.922095 -356.736889 -356.581024 -356.546189 -356.673395 -356.983470 -357.539902 -358.453737 -359.907376 -362.188330 -365.735918 -371.202660 -379.527662 -392.013715 -410.428032 -437.773254 -492.897887 -814.824448 -2939.160312 -3193.798611 -9999.0 -9999.0
-9999.0 -9999.0 1488.371918 1386.849942 1283.677848 1179.161462 1073.752649 968.756267 864.254548 758.582350 650.623119 542.881353 437.238916 334.797251 234.262698 135.076889 37.439610 -57.048842 -145.204297 -221.061821 -277.714274 -312.079706 -329.244377 -337.093244 -340.907781 -342.395677 -342.493613 -342.050458 -146.381827 29.292980 206.419371 385.532556 429.555428 336.512165 243.843179 152.023274 61.787820 -25.522248 -103.770392 -159.070610 -243.701020 -355.112990 -414.423553 -574.161515 -442.928831 -328.596575 -267.463711 -236.103158 -217.702062 -206.887878 -200.939764 -198.350140 -198.218818 -199.952358 -203.149996 -207.538354 -212.925455 -219.135997 -226.079309 -234.381097 -240.027696 -234.162962 -244.262013 -276.730769 -285.074727 -304.006887 -318.571202 -328.584606 -335.856533 -341.156397 -344.934732 -347.592926 -349.446754 -350.872421 -351.980143 -352.817551 -353.293149 -354.043013 -354.725317 -355.610940 -356.357267 -356.841471 -356.922095 -356.736889 -356.581024 -356.546189 -356.673395 -356.983470 -357.539902 -358.453737 -359.907376 -362.188330 -365.735918 -371.202660 -379.527662 -392.013715 -410.428032 -437.773254 -492.897887 -814.824448 -2939.160313 -3193.798611 -9999.0 -9999.0
-9999.0 -9999.0 1488.357340 1386.840755 1283.673207 1179.159361 1073.751749 968.755894 864.254395 758.582288 650.623094 542.881343 437.238912 334.797249 234.262698 135.076889 37.439610 -57.048842 -145.204297 -221.061821 -277.714274 -312.079706 -329.244377 -337.093244 -340.907781 -342.395677 -342.493613 -342.050458 -146.381827 29.292980 206.419371 385.532556 429.555428 336.512165 243.843179 152.023274 61.787820 -25.522248 -103.770392 -159.070610 -243.701020 -355.112989 -414.423553 -574.161515 -442.928831 -328.596575 -267.463711 -236.103158 -217.702062 -206.887878 -200.939764 -198.350140 -198.218818 -199.952358 -203.149996 -207.538354 -212.925455 -219.135997 -226.079309 -234.381097 -240.027696 -234.162963 -244.262012 -276.730769 -285.074727 -304.006887 -318.571202 -328.584606 -335.856533 -341.156397 -344.934732 -347.592926 -349.446754 -350.872421 -351.980143 -352.817551 -353.293149 -354.043013 -354.725317 -355.610940 -356.357267 -356.841471 -356.922095 -356.736889 -356.581024 -356.546189 -356.673395 -356.983470 -357.539902 -358.453737 -359.907376 -362.188330 -365.735918 -371.202660 -379.527662 -392.013715 -410.428032 -437.773254 -492.897887 -814.824449 -2939.160314 -3193.798611 -9999.0 -9999.0
-9999.0 -9999.0 1488.338255 1386.829575 1283.667928 1179.157087 1073.750806 968.755510 864.254240 758.582225 650.623069 542.881333 437.238908 334.797247 234.262697 135.076889 37.439609 -57.048842 -145.204297 -221.061821 -277.714274 -312.079706 -329.244377 -337.093244 -340.907781 -342.395677 -342.493613 -342.050458 -146.381827 29.292980 206.419371 385.532556 429.555428 336.512165 243.843179 152.023274 61.787820 -25.522248 -103.770392 -159.070610 -243.701018 -355.112989 -414.423554 -574.161516 -442.928831 -328.596575 -267.463710 -236.103158 -217.702061 -206.887878 -200.939764 -198.350140 -198.218818 -199.952358 -203.149996 -207.538354 -212.925455 -219.135997 -226.079309 -234.381097 -240.027696 -234.162963 -244.262011 -276.730769 -285.074727 -304.006887 -318.571202 -328.584606 -335.856533 -341.156397 -344.934732 -347.592926 -349.446754 -350.872421 -351.980143 -352.817551 -353.293149 -354.043013 -354.725317 -355.610940 -356.357267 -356.841471 -356.922095 -356.736889 -356.581024 -356.546189 -356.673395 -356.983470 -357.539902 -358.453737 -359.907376 -362.188330 -365.735918 -371.202659 -379.527662 -392.013715 -410.428032 -437.773254 -492.897888 -814.824450 -2939.160316 -3193.798611 -9999.0 -9999.0
-9999.0 -9999.0 -9999.0 -9999.0 -9999.0 -9999.0 -9999.0 -9999.0 -9999.0 -9999.0 -9999.0 -9999.0 -9999.0 -9999.0 -9999.0 -9999.0 -9999.0 -9999.0 -9999.0 -9999.0 -9999.0 -9999.0 -9999.0 -9999.0 -9999.0 -9999.0 -9999.0 -9999.0 -9999.0 -9999.0 -9999.0 -9999.0 -9999.0 -9999.0 -9999.0 -9999.0 -9999.0 -9999.0 -9999.0 -9999.0 -9999.0 -9999.0 -9999.0 -9999.0 -9999.0 -9999.0 -9999.0 -9999.0 -9999.0 -9999.0 -9999.0 -9999.0 -9999.0 -9999.0 -9999.0 -9999.0 -9999.0 -9999.0 -9999.0 -9999.0 -9999.0 -9999.0 -9999.0 -9999.0 -9999.0 -9999.0 -9999.0 -9999.0 -9999.0 -9999.0 -9999.0 -9999.0 -9999.0 -9999.0 -9999.0 -9999.0 -9999.0 -9999.0 -9999.0 -9999.0 -9999.0 -9999.0 -9999.0 -9999.0 -9999.0 -9999.0 -9999.0 -9999.0 -9999.0 -9999.0 -9999.0 -9999.0 -9999.0 -9999.0 -9999.0 -9999.0 -9999.0 -9999.0 -9999.0 -9999.0 -9999.0 -9999.0 -9999.0 -9999.0
-9999.0 -9999.0 -9999.0 -9999.0 -9999.0 -9999.0 -9999.0 -9999.0 -9999.0 -9999.0 -9999.0 -9999.0 -9999.0 -9999.0 -9999.0 -9999.0 -9999.0 -9999.0 -9999.0 -9999.0 -9999.0 -9999.0 -9999.0 -9999.0 -9999.0 -9999.0 -9999.0 -9999.0 -9999.0 -9999.0 -9999.0 -9999.0 -9999.0 -9999.0 -9999.0 -9999.0 -9999.0 -9999.0 -9999.0 -9999.0 -9999.0 -9999.0 -9999.0 -9999.0 -9999.0 -9999.0 -9999.0 -9999.0 -9999.0 -9999.0 -9999.0 -9999.0 -9999.0 -9999.0 -9999.0 -9999.0 -9999.0 -9999.0 -9999.0 -9999.0 -9999.0 -9999.0 -9999.0 -9999.0 -9999.0 -9999.0 -9999.0 -9999.0 -9999.0 -9999.0 -9999.0 -9999.0 -9999.0 -9999.0 -9999.0 -9999.0 -9999.0 -9999.0 -9999.0 -9999.0 -9999.0 -9999.0 -9999.0 -9999.0 -9999.0 -9999.0 -9999.0 -9999.0 -9999.0 -9999.0 -9999.0 -9999.0 -9999.0 -9999.0 -9999.0 -9999.0 -9999.0 -9999.0 -9999.0 -9999.0 -9999.0 -9999.0 -9999.0 -9999.0