tests/3D/hillslope02_superslab/out/maps3D/PwL0026N0005.asc
ncols         104
nrows         10
xllcorner     -2.000000
yllcorner     0.000000
cellsize      1.000000
NODATA_value  -9999.0
-9999.0 -9999.0 -9999.0 -9999.0 -9999.0 -9999.0 -9999.0 -9999.0 -9999.0 -9999.0 -9999.0 -9999.0 -9999.0 -9999.0 -9999.0 -9999.0 -9999.0 -9999.0 -9999.0 -9999.0 -9999.0 -9999.0 -9999.0 -9999.0 -9999.0 -9999.0 -9999.0 -9999.0 -9999.0 -9999.0 -9999.0 -9999.0 -9999.0 -9999.0 -9999.0 -9999.0 -9999.0 -9999.0 -9999.0 -9999.0 -9999.0 -9999.0 -9999.0 -9999.0 -9999.0 -9999.0 -9999.0 -9999.0 -9999.0 -9999.0 -9999.0 -9999.0 -9999.0 -9999.0 -9999.0 -9999.0 -9999.0 -9999.0 -9999.0 -9999.0 -9999.0 -9999.0 -9999.0 -9999.0 -9999.0 -9999.0 -9999.0 -9999.0 -9999.0 -9999.0 -9999.0 -9999.0 -9999.0 -9999.0 -9999.0 -9999.0 -9999.0 -9999.0 -9999.0 -9999.0 -9999.0 -9999.0 -9999.0 -9999.0 -9999.0 -9999.0 -9999.0 -9999.0 -9999.0 -9999.0 -9999.0 -9999.0 -9999.0 -9999.0 -9999.0 -9999.0 -9999.0 -9999.0 -9999.0 -9999.0 -9999.0 -9999.0 -9999.0 -9999.0
-9999.0 -9999.0 -9999.0 -9999.0 -9999.0 -9999.0 -9999.0 -9999.0 -9999.0 -9999.0 -9999.0 -9999.0 -9999.0 -9999.0 -9999.0 -9999.0 -9999.0 -9999.0 -9999.0 -9999.0 -9999.0 -9999.0 -9999.0 -9999.0 -9999.0 -9999.0 -9999.0 -9999.0 -9999.0 -9999.0 -9999.0 -9999.0 -9999.0 -9999.0 -9999.0 -9999.0 -9999.0 -9999.0 -9999.0 -9999.0 -9999.0 -9999.0 -9999.0 -9999.0 -9999.0 -9999.0 -9999.0 -9999.0 -9999.0 -9999.0 -9999.0 -9999.0 -9999.0 -9999.0 -9999.0 -9999.0 -9999.0 -9999.0 -9999.0 -9999.0 -9999.0 -9999.0 -9999.0 -9999.0 -9999.0 -9999.0 -9999.0 -9999.0 -9999.0 -9999.0 -9999.0 -9999.0 -9999.0 -9999.0 -9999.0 -9999.0 -9999.0 -9999.0 -9999.0 -9999.0 -9999.0 -9999.0 -9999.0 -9999.0 -9999.0 -9999.0 -9999.0 -9999.0 -9999.0 -9999.0 -9999.0 -9999.0 -9999.0 -9999.0 -9999.0 -9999.0 -9999.0 -9999.0 -9999.0 -9999.0 -9999.0 -9999.0 -9999.0 -9999.0
-9999.0 -9999.0 1207.605492 1107.539176 1006.732741 905.300931 803.951776 702.676078 600.126595 494.910007 384.818442 274.934430 166.213860 59.085024 -45.790800 -145.322614 -230.709735 -290.171303 -322.283558 -336.088060 -340.698178 -341.493211 -340.813396 -141.819639 42.973742 233.755942 429.906394 487.812816 402.616929 316.971859 231.078261 145.144012 59.218806 -26.714527 -111.322559 -189.967550 -252.822027 -291.376974 -319.360497 -421.676775 -465.724781 -434.584521 -716.884841 -986.809453 -2519.220954 -3685.127040 -3688.113265 -3666.611008 -1201.939684 -783.241430 -661.258988 -586.827574 -547.003752 -521.070269 -497.783025 -474.807420 -451.434111 -428.085003 -405.509659 -384.280905 -364.502442 -340.077435 -228.030120 -246.541421 -263.397489 -278.850198 -293.533757 -306.659270 -318.312437 -327.876188 -335.633978 -341.535035 -345.865706 -349.055333 -351.255834 -352.776461 -353.811400 -354.509255 -354.978887 -355.302821 -355.531442 -355.686329 -355.813445 -355.934284 -356.066865 -356.237005 -356.481740 -356.856866 -357.435256 -358.337867 -359.752912 -361.963930 -365.404781 -370.720023 -378.844364 -391.083849 -409.194426 -435.688338 -478.496598 -607.275700 -1730.489378 -3681.278936 -9999.0 -9999.0
-9999.0 -9999.0 1207.647300 1107.560138 1006.741464 905.304368 803.953107 702.676599 600.126803 494.910091 384.818476 274.934443 166.213866 59.085026 -45.790799 -145.322614 -230.709735 -290.171303 -322.283558 -336.088060 -340.698178 -341.493211 -340.813396 -141.819639 42.973742 233.755942 429.906394 487.812816 402.616929 316.971859 231.078261 145.144012 59.218806 -26.714527 -111.322559 -189.967550 -252.822027 -291.376974 -319.360498 -421.676776 -465.724781 -434.584519 -716.884840 -986.809452 -2519.220955 -3685.127040 -3688.113265 -3666.611008 -1201.939682 -783.241429 -661.258987 -586.827574 -547.003752 -521.070269 -497.783025 -474.807420 -451.434111 -428.085003 -405.509659 -384.280905 -364.502442 -340.077435 -228.030120 -246.541421 -263.397489 -278.850198 -293.533757 -306.659270 -318.312437 -327.876188 -335.633978 -341.535035 -345.865706 -349.055333 -351.255833 -352.776461 -353.811400 -354.509255 -354.978887 -355.302821 -355.531442 -355.686329 -355.813445 -355.934284 -356.066865 -356.237005 -356.481740 -356.856866 -357.435256 -358.337867 -359.752912 -361.963930 -365.404781 -370.720023 -378.844364 -391.083849 -409.194426 -435.688338 -478.496598 -607.275700 -1730.489374 -3681.278936 -9999.0 -9999.0
-9999.0 -9999.0 1207.673820 1107.575493 1006.748682 905.307451 803.954361 702.677103 600.127007 494.910174 384.818510 274.934457 166.213871 59.085028 -45.790798 -145.322613 -230.709735 -290.171303 -322.283558 -336.088060 -340.698178 -341.493211 -340.813396 -141.819639 42.973742 233.755942 429.906394 487.812816 402.616929 316.971859 231.078261 145.144012 59.218806 -26.714527 -111.322559 -189.967550 -252.822027 -291.376974 -319.360499 -421.676776 -465.724780 -434.584518 -716.884841 -986.809452 -2519.220954 -3685.127040 -3688.113265 -3666.611007 -1201.939680 -783.241427 -661.258986 -586.827574 -547.003752 -521.070269 -497.783025 -474.807420 -451.434111 -428.085003 -405.509659 -384.280905 -364.502442 -340.077435 -228.030120 -246.541420 -263.397489 -278.850198 -293.533757 -306.659270 -318.312437 -327.876188 -335.633978 -341.535035 -345.865706 -349.055333 -351.255833 -352.776461 -353.811400 -354.509255 -354.978887 -355.302821 -355.531442 -355.686329 -355.813445 -355.934284 -356.066865 -356.237005 -356.481740 -356.856866 -357.435256 -358.337867 -359.752912 -361.963930 -365.404781 -370.720023 -378.844364 -391.083849 -409.194426 -435.688338 -478.496598 -607.275699 -1730.489370 -3681.278936 -9999.0 -9999.0
-9999.0 -9999.0 1207.673820 1107.575493 1006.748682 905.307451 803.954361 702.677103 600.127007 494.910174 384.818510 274.934457 166.213871 59.085028 -45.790798 -145.322613 -230.709735 -290.171303 -322.283558 -336.088060 -340.698178 -341.493211 -340.813396 -141.819639 42.973742 233.755942 429.906394 487.812816 402.616929 316.971859 231.078261 145.144012 59.218806 -26.714527 -111.322559 -189.967550 -252.822027 -291.376974 -319.360499 -421.676776 -465.724780 -434.584518 -716.884841 -986.809452 -2519.220954 -3685.127040 -3688.113265 -3666.611007 -1201.939681 -783.241428 -661.258987 -586.827574 -547.003752 -521.070269 -497.783025 -474.807420 -451.434111 -428.085003 -405.509659 -384.280905 -364.502442 -340.077435 -228.030120 -246.541420 -263.397489 -278.850198 -293.533756 -306.659270 -318.312437 -327.876188 -335.633978 -341.535035 -345.865706 -349.055333 -351.255833 -352.776461 -353.811400 -354.509255 -354.978887 -355.302821 -355.531442 -355.686329 -355.813445 -355.934284 -356.066865 -356.237005 -356.481740 -356.856866 -357.435256 -358.337867 -359.752912 -361.963930 -365.404781 -370.720023 -378.844364 -391.083849 -409.194426 -435.688338 -478.496598 -607.275699 -1730.489369 -3681.278936 -9999.0 -9999.0
-9999.0 -9999.0 1207.647300 1107.560138 1006.741464 905.304368 803.953107 702.676599 600.126803 494.910091 384.818476 274.934443 166.213866 59.085026 -45.790799 -145.322614 -230.709735 -290.171303 -322.283558 -336.088060 -340.698178 -341.493211 -340.813396 -141.819639 42.973742 233.755942 429.906394 487.812816 402.616929 316.971859 231.078261 145.144012 59.218806 -26.714527 -111.322559 -189.967550 -252.822027 -291.376974 -319.360498 -421.676776 -465.724781 -434.584519 -716.884840 -986.809452 -2519.220955 -3685.127040 -3688.113265 -3666.611008 -1201.939681 -783.241428 -661.258987 -586.827574 -547.003752 -521.070269 -497.783025 -474.807420 -451.434111 -428.085003 -405.509659 -384.280905 -364.502442 -340.077435 -228.030120 -246.541421 -263.397489 -278.850198 -293.533757 -306.659270 -318.312437 -327.876188 -335.633978 -341.535035 -345.865706 -349.055333 -351.255833 -352.776461 -353.811400 -354.509255 -354.978887 -355.302821 -355.531442 -355.686329 -355.813445 -355.934284 -356.066865 -356.237005 -356.481740 -356.856866 -357.435256 -358.337867 -359.752912 -361.963930 -365.404781 -370.720023 -378.844364 -391.083849 -409.194426 -435.688338 -478.496598 -607.275700 -1730.489374 -3681.278936 -9999.0 -9999.0
-9999.0 -9999.0 1207.605492 1107.539176 1006.732741 905.300931 803.951776 702.676078 600.126595 494.910007 384.818442 274.934430 166.213860 59.085024 -45.790800 -145.322614 -230.709735 -290.171303 -322.283558 -336.088060 -340.698178 -341.493211 -340.813396 -141.819639 42.973742 233.755942 429.906394 487.812816 402.616929 316.971859 231.078261 145.144012 59.218806 -26.714527 -111.322559 -189.967550 -252.822027 -291.376974 -319.360497 -421.676775 -465.724781 -434.584521 -716.884841 -986.809453 -2519.220954 -3685.127040 -3688.113265 -3666.611008 -1201.939684 -783.241431 -661.258988 -586.827574 -547.003752 -521.070269 -497.783025 -474.807420 -451.434111 -428.085003 -405.509659 -384.280905 -364.502442 -340.077435 -228.030120 -246.541421 -263.397489 -278.850198 -293.533757 -306.659270 -318.312437 -327.876188 -335.633978 -341.535035 -345.865706 -349.055333 -351.255834 -352.776461 -353.811400 -354.509255 -354.978887 -355.302821 -355.531442 -355.686329 -355.813445 -355.934284 -356.066865 -356.237005 -356.481740 -356.856866 -357.435256 -358.337867 -359.752912 -361.963930 -365.404781 -370.720023 -378.844364 -391.083849 -409.194426 -435.688338 -478.496598 -607.275700 -1730.489378 -3681.278936 -9999.0 -9999.0
-9999.0 -9999.0 -9999.0 -9999.0 -9999.0 -9999.0 -9999.0 -9999.0 -9999.0 -9999.0 -9999.0 -9999.0 -9999.0 -9999.0 -9999.0 -9999.0 -9999.0 -9999.0 -9999.0 -9999.0 -9999.0 -9999.0 -9999.0 -9999.0 -9999.0 -9999.0 -9999.0 -9999.0 -9999.0 -9999.0 -9999.0 -9999.0 -9999.0 -9999.0 -9999.0 -9999.0 -9999.0 -9999.0 -9999.0 -9999.0 -9999.0 -9999.0 -9999.0 -9999.0 -9999.0 -9999.0 -9999.0 -9999.0 -9999.0 -9999.0 -9999.0 -9999.0 -9999.0 -9999.0 -9999.0 -9999.0 -9999.0 -9999.0 -9999.0 -9999.0 -9999.0 -9999.0 -9999.0 -9999.0 -9999.0 -9999.0 -9999.0 -9999.0 -9999.0 -9999.0 -9999.0 -9999.0 -9999.0 -9999.0 -9999.0 -9999.0 -9999.0 -9999.0 -9999.0 -9999.0 -9999.0 -9999.0 -9999.0 -9999.0 -9999.0 -9999.0 -9999.0 -9999.0 -9999.0 -9999.0 -9999.0 -9999.0 -9999.0 -9999.0 -9999.0 -9999.0 -9999.0 -9999.0 -9999.0 -9999.0 -9999.0 -9999.0 -9999.0 -9999.0
-9999.0 -9999.0 -9999.0 -9999.0 -9999.0 -9999.0 -9999.0 -9999.0 -9999.0 -9999.0 -9999.0 -9999.0 -9999.0 -9999.0 -9999.0 -9999.0 -9999.0 -9999.0 -9999.0 -9999.0 -9999.0 -9999.0 -9999.0 -9999.0 -9999.0 -9999.0 -9999.0 -9999.0 -9999.0 -9999.0 -9999.0 -9999.0 -9999.0 -9999.0 -9999.0 -9999.0 -9999.0 -9999.0 -9999.0 -9999.0 -9999.0 -9999.0 -9999.0 -9999.0 -9999.0 -9999.0 -9999.0 -9999.0 -9999.0 -9999.0 -9999.0 -9999.0 -9999.0 -9999.0 -9999.0 -9999.0 -9999.0 -9999.0 -9999.0 -9999.0 -9999.0 -9999.0 -9999.0 -9999.0 -9999.0 -9999.0 -9999.0 -9999.0 -9999.0 -9999.0 -9999.0 -9999.0 -9999.0 -9999.0 -9999.0 -9999.0 -9999.0 -9999.0 -9999.0 -9999.0 -9999.0 -9999.0 -9999.0 -9999.0 -9999.0 -9999.0 -9999.0 -9999.0 -9999.0 -9999.0 -9999.0 -9999.0 -9999.0 -9999.0 -9999.0 -9999.0 -9999.0 -9999.0 -9999.0 -9999.0 -9999.0 -9999.0 -9999.0 -9999.0