tests/3D/hillslope02_superslab/out/maps3D/PwL0030N0003.asc
ncols         104
nrows         10
xllcorner     -2.000000
yllcorner     0.000000
cellsize      1.000000
NODATA_value  -9999.0
-9999.0 -9999.0 -9999.0 -9999.0 -9999.0 -9999.0 -9999.0 -9999.0 -9999.0 -9999.0 -9999.0 -9999.0 -9999.0 -9999.0 -9999.0 -9999.0 -9999.0 -9999.0 -9999.0 -9999.0 -9999.0 -9999.0 -9999.0 -9999.0 -9999.0 -9999.0 -9999.0 -9999.0 -9999.0 -9999.0 -9999.0 -9999.0 -9999.0 -9999.0 -9999.0 -9999.0 -9999.0 -9999.0 -9999.0 -9999.0 -9999.0 -9999.0 -9999.0 -9999.0 -9999.0 -9999.0 -9999.0 -9999.0 -9999.0 -9999.0 -9999.0 -9999.0 -9999.0 -9999.0 -9999.0 -9999.0 -9999.0 -9999.0 -9999.0 -9999.0 -9999.0 -9999.0 -9999.0 -9999.0 -9999.0 -9999.0 -9999.0 -9999.0 -9999.0 -9999.0 -9999.0 -9999.0 -9999.0 -9999.0 -9999.0 -9999.0 -9999.0 -9999.0 -9999.0 -9999.0 -9999.0 -9999.0 -9999.0 -9999.0 -9999.0 -9999.0 -9999.0 -9999.0 -9999.0 -9999.0 -9999.0 -9999.0 -9999.0 -9999.0 -9999.0 -9999.0 -9999.0 -9999.0 -9999.0 -9999.0 -9999.0 -9999.0 -9999.0 -9999.0
-9999.0 -9999.0 -9999.0 -9999.0 -9999.0 -9999.0 -9999.0 -9999.0 -9999.0 -9999.0 -9999.0 -9999.0 -9999.0 -9999.0 -9999.0 -9999.0 -9999.0 -9999.0 -9999.0 -9999.0 -9999.0 -9999.0 -9999.0 -9999.0 -9999.0 -9999.0 -9999.0 -9999.0 -9999.0 -9999.0 -9999.0 -9999.0 -9999.0 -9999.0 -9999.0 -9999.0 -9999.0 -9999.0 -9999.0 -9999.0 -9999.0 -9999.0 -9999.0 -9999.0 -9999.0 -9999.0 -9999.0 -9999.0 -9999.0 -9999.0 -9999.0 -9999.0 -9999.0 -9999.0 -9999.0 -9999.0 -9999.0 -9999.0 -9999.0 -9999.0 -9999.0 -9999.0 -9999.0 -9999.0 -9999.0 -9999.0 -9999.0 -9999.0 -9999.0 -9999.0 -9999.0 -9999.0 -9999.0 -9999.0 -9999.0 -9999.0 -9999.0 -9999.0 -9999.0 -9999.0 -9999.0 -9999.0 -9999.0 -9999.0 -9999.0 -9999.0 -9999.0 -9999.0 -9999.0 -9999.0 -9999.0 -9999.0 -9999.0 -9999.0 -9999.0 -9999.0 -9999.0 -9999.0 -9999.0 -9999.0 -9999.0 -9999.0 -9999.0 -9999.0
-9999.0 -9999.0 1455.599522 1359.635979 1264.722457 1168.234126 1068.574396 965.253458 857.675660 743.592582 619.204016 492.985984 367.777124 -3311.560436 -3483.370362 -3483.485695 -3322.765964 6.949985 -10.169213 -22.799695 -36.869016 -55.220360 -79.502210 -110.499742 -140.477929 -31.535614 193.038242 421.134854 649.433450 727.641667 664.909536 607.486695 555.092809 507.176754 462.913320 421.674644 382.082640 342.148375 300.049632 252.420544 192.759518 104.293686 -3329.986688 -3484.916194 -3490.067381 -3490.098998 -3490.099010 -3490.099010 -3490.099010 -3490.099010 -3490.099010 -3490.099010 -3490.099010 -3490.099010 -3490.099010 -3490.099010 -3490.099010 -3490.099010 -3490.098918 -3489.864103 -3481.784154 -3257.911039 1312.114659 1250.301748 1179.621273 1107.078390 1033.303829 958.837593 884.547703 811.239655 739.912815 671.316862 606.440740 545.971459 490.435471 440.192446 395.335828 355.482311 320.200001 289.185605 260.921609 235.577524 211.527102 188.888032 166.740600 144.515234 122.499459 99.126847 76.103761 50.947267 26.683363 0.191615 -24.067378 -50.046072 -82.497920 -131.976495 -255.732958 -3299.668037 -3489.136269 -3490.098685 -3490.099656 -3490.432969 -9999.0 -9999.0
-9999.0 -9999.0 1455.630116 1359.651794 1264.729113 1168.236781 1068.575448 965.253882 857.675836 743.592657 619.204049 492.986000 367.777132 -3311.560436 -3483.370362 -3483.485695 -3322.765964 6.949985 -10.169213 -22.799695 -36.869016 -55.220359 -79.502209 -110.499742 -140.477929 -31.535613 193.038243 421.134854 649.433450 727.641667 664.909536 607.486696 555.092810 507.176755 462.913319 421.674644 382.082639 342.148374 300.049632 252.420544 192.759517 104.293686 -3329.986688 -3484.916194 -3490.067381 -3490.098998 -3490.099010 -3490.099010 -3490.099010 -3490.099010 -3490.099010 -3490.099010 -3490.099010 -3490.099010 -3490.099010 -3490.099010 -3490.099010 -3490.099010 -3490.098918 -3489.864103 -3481.784154 -3257.911039 1312.114659 1250.301748 1179.621273 1107.078390 1033.303829 958.837593 884.547703 811.239655 739.912815 671.316862 606.440740 545.971459 490.435471 440.192446 395.335828 355.482311 320.200001 289.185605 260.921609 235.577524 211.527102 188.888032 166.740600 144.515234 122.499459 99.126847 76.103761 50.947267 26.683363 0.191615 -24.067378 -50.046072 -82.497920 -131.976495 -255.732958 -3299.668023 -3489.136269 -3490.098685 -3490.099656 -3490.432969 -9999.0 -9999.0
-9999.0 -9999.0 1455.647411 1359.662386 1264.734290 1168.239072 1068.576417 965.254287 857.676008 743.592731 619.204082 492.986015 367.777140 -3311.560436 -3483.370362 -3483.485695 -3322.765964 6.949985 -10.169213 -22.799695 -36.869015 -55.220358 -79.502208 -110.499742 -140.477929 -31.535613 193.038243 421.134855 649.433451 727.641668 664.909537 607.486696 555.092809 507.176755 462.913319 421.674644 382.082639 342.148374 300.049632 252.420544 192.759517 104.293686 -3329.986688 -3484.916194 -3490.067381 -3490.098998 -3490.099010 -3490.099010 -3490.099010 -3490.099010 -3490.099010 -3490.099010 -3490.099010 -3490.099010 -3490.099010 -3490.099010 -3490.099010 -3490.099010 -3490.098918 -3489.864103 -3481.784154 -3257.911039 1312.114659 1250.301748 1179.621273 1107.078390 1033.303829 958.837593 884.547703 811.239655 739.912815 671.316862 606.440740 545.971459 490.435471 440.192446 395.335828 355.482311 320.200001 289.185605 260.921609 235.577524 211.527102 188.888032 166.740600 144.515234 122.499459 99.126847 76.103761 50.947267 26.683363 0.191615 -24.067378 -50.046072 -82.497920 -131.976495 -255.732958 -3299.668002 -3489.136269 -3490.098685 -3490.099656 -3490.432969 -9999.0 -9999.0
-9999.0 -9999.0 1455.647411 1359.662386 1264.734290 1168.239072 1068.576417 965.254287 857.676008 743.592731 619.204082 492.986015 367.777140 -3311.560436 -3483.370362 -3483.485695 -3322.765964 6.949985 -10.169213 -22.799695 -36.869015 -55.220358 -79.502208 -110.499742 -140.477929 -31.535613 193.038243 421.134855 649.433451 727.641668 664.909536 607.486696 555.092809 507.176755 462.913319 421.674644 382.082639 342.148374 300.049632 252.420544 192.759517 104.293686 -3329.986688 -3484.916194 -3490.067381 -3490.098998 -3490.099010 -3490.099010 -3490.099010 -3490.099010 -3490.099010 -3490.099010 -3490.099010 -3490.099010 -3490.099010 -3490.099010 -3490.099010 -3490.099010 -3490.098918 -3489.864103 -3481.784154 -3257.911039 1312.114659 1250.301748 1179.621273 1107.078390 1033.303829 958.837593 884.547703 811.239655 739.912815 671.316862 606.440740 545.971459 490.435471 440.192446 395.335828 355.482311 320.200001 289.185605 260.921609 235.577524 211.527102 188.888032 166.740600 144.515234 122.499459 99.126847 76.103761 50.947267 26.683363 0.191615 -24.067378 -50.046072 -82.497920 -131.976495 -255.732957 -3299.668006 -3489.136269 -3490.098685 -3490.099656 -3490.432969 -9999.0 -9999.0
-9999.0 -9999.0 1455.630116 1359.651794 1264.729113 1168.236781 1068.575448 965.253882 857.675836 743.592657 619.204049 492.986000 367.777132 -3311.560436 -3483.370362 -3483.485695 -3322.765964 6.949985 -10.169213 -22.799695 -36.869016 -55.220359 -79.502209 -110.499742 -140.477929 -31.535613 193.038243 421.134854 649.433450 727.641667 664.909536 607.486695 555.092810 507.176755 462.913319 421.674644 382.082639 342.148374 300.049632 252.420544 192.759517 104.293686 -3329.986688 -3484.916194 -3490.067381 -3490.098998 -3490.099010 -3490.099010 -3490.099010 -3490.099010 -3490.099010 -3490.099010 -3490.099010 -3490.099010 -3490.099010 -3490.099010 -3490.099010 -3490.099010 -3490.098918 -3489.864103 -3481.784154 -3257.911039 1312.114659 1250.301748 1179.621273 1107.078390 1033.303829 958.837593 884.547703 811.239655 739.912815 671.316862 606.440740 545.971459 490.435471 440.192446 395.335828 355.482311 320.200001 289.185605 260.921609 235.577524 211.527102 188.888032 166.740600 144.515234 122.499459 99.126847 76.103761 50.947267 26.683363 0.191615 -24.067378 -50.046072 -82.497920 -131.976495 -255.732958 -3299.668019 -3489.136269 -3490.098685 -3490.099656 -3490.432969 -9999.0 -9999.0
-9999.0 -9999.0 1455.599522 1359.635979 1264.722457 1168.234126 1068.574396 965.253458 857.675660 743.592582 619.204016 492.985984 367.777124 -3311.560436 -3483.370362 -3483.485695 -3322.765964 6.949985 -10.169213 -22.799695 -36.869016 -55.220360 -79.502210 -110.499742 -140.477929 -31.535614 193.038242 421.134854 649.433450 727.641667 664.909536 607.486695 555.092809 507.176754 462.913319 421.674644 382.082640 342.148375 300.049632 252.420544 192.759518 104.293686 -3329.986688 -3484.916194 -3490.067381 -3490.098998 -3490.099010 -3490.099010 -3490.099010 -3490.099010 -3490.099010 -3490.099010 -3490.099010 -3490.099010 -3490.099010 -3490.099010 -3490.099010 -3490.099010 -3490.098918 -3489.864103 -3481.784154 -3257.911039 1312.114659 1250.301748 1179.621273 1107.078390 1033.303829 958.837593 884.547703 811.239655 739.912815 671.316862 606.440740 545.971459 490.435471 440.192446 395.335828 355.482311 320.200001 289.185605 260.921609 235.577524 211.527102 188.888032 166.740600 144.515234 122.499459 99.126847 76.103761 50.947267 26.683363 0.191615 -24.067378 -50.046072 -82.497920 -131.976495 -255.732958 -3299.668041 -3489.136269 -3490.098685 -3490.099656 -3490.432969 -9999.0 -9999.0
-9999.0 -9999.0 -9999.0 -9999.0 -9999.0 -9999.0 -9999.0 -9999.0 -9999.0 -9999.0 -9999.0 -9999.0 -9999.0 -9999.0 -9999.0 -9999.0 -9999.0 -9999.0 -9999.0 -9999.0 -9999.0 -9999.0 -9999.0 -9999.0 -9999.0 -9999.0 -9999.0 -9999.0 -9999.0 -9999.0 -9999.0 -9999.0 -9999.0 -9999.0 -9999.0 -9999.0 -9999.0 -9999.0 -9999.0 -9999.0 -9999.0 -9999.0 -9999.0 -9999.0 -9999.0 -9999.0 -9999.0 -9999.0 -9999.0 -9999.0 -9999.0 -9999.0 -9999.0 -9999.0 -9999.0 -9999.0 -9999.0 -9999.0 -9999.0 -9999.0 -9999.0 -9999.0 -9999.0 -9999.0 -9999.0 -9999.0 -9999.0 -9999.0 -9999.0 -9999.0 -9999.0 -9999.0 -9999.0 -9999.0 -9999.0 -9999.0 -9999.0 -9999.0 -9999.0 -9999.0 -9999.0 -9999.0 -9999.0 -9999.0 -9999.0 -9999.0 -9999.0 -9999.0 -9999.0 -9999.0 -9999.0 -9999.0 -9999.0 -9999.0 -9999.0 -9999.0 -9999.0 -9999.0 -9999.0 -9999.0 -9999.0 -9999.0 -9999.0 -9999.0
-9999.0 -9999.0 -9999.0 -9999.0 -9999.0 -9999.0 -9999.0 -9999.0 -9999.0 -9999.0 -9999.0 -9999.0 -9999.0 -9999.0 -9999.0 -9999.0 -9999.0 -9999.0 -9999.0 -9999.0 -9999.0 -9999.0 -9999.0 -9999.0 -9999.0 -9999.0 -9999.0 -9999.0 -9999.0 -9999.0 -9999.0 -9999.0 -9999.0 -9999.0 -9999.0 -9999.0 -9999.0 -9999.0 -9999.0 -9999.0 -9999.0 -9999.0 -9999.0 -9999.0 -9999.0 -9999.0 -9999.0 -9999.0 -9999.0 -9999.0 -9999.0 -9999.0 -9999.0 -9999.0 -9999.0 -9999.0 -9999.0 -9999.0 -9999.0 -9999.0 -9999.0 -9999.0 -9999.0 -9999.0 -9999.0 -9999.0 -9999.0 -9999.0 -9999.0 -9999.0 -9999.0 -9999.0 -9999.0 -9999.0 -9999.0 -9999.0 -9999.0 -9999.0 -9999.0 -9999.0 -9999.0 -9999.0 -9999.0 -9999.0 -9999.0 -9999.0 -9999.0 -9999.0 -9999.0 -9999.0 -9999.0 -9999.0 -9999.0 -9999.0 -9999.0 -9999.0 -9999.0 -9999.0 -9999.0 -9999.0 -9999.0 -9999.0 -9999.0 -9999.0