tests/3D/hillslope02_superslab/out/maps3D/PwL0098N0002.asc
ncols         104
nrows         10
xllcorner     -2.000000
yllcorner     0.000000
cellsize      1.000000
NODATA_value  -9999.0
-9999.0 -9999.0 -9999.0 -9999.0 -9999.0 -9999.0 -9999.0 -9999.0 -9999.0 -9999.0 -9999.0 -9999.0 -9999.0 -9999.0 -9999.0 -9999.0 -9999.0 -9999.0 -9999.0 -9999.0 -9999.0 -9999.0 -9999.0 -9999.0 -9999.0 -9999.0 -9999.0 -9999.0 -9999.0 -9999.0 -9999.0 -9999.0 -9999.0 -9999.0 -9999.0 -9999.0 -9999.0 -9999.0 -9999.0 -9999.0 -9999.0 -9999.0 -9999.0 -9999.0 -9999.0 -9999.0 -9999.0 -9999.0 -9999.0 -9999.0 -9999.0 -9999.0 -9999.0 -9999.0 -9999.0 -9999.0 -9999.0 -9999.0 -9999.0 -9999.0 -9999.0 -9999.0 -9999.0 -9999.0 -9999.0 -9999.0 -9999.0 -9999.0 -9999.0 -9999.0 -9999.0 -9999.0 -9999.0 -9999.0 -9999.0 -9999.0 -9999.0 -9999.0 -9999.0 -9999.0 -9999.0 -9999.0 -9999.0 -9999.0 -9999.0 -9999.0 -9999.0 -9999.0 -9999.0 -9999.0 -9999.0 -9999.0 -9999.0 -9999.0 -9999.0 -9999.0 -9999.0 -9999.0 -9999.0 -9999.0 -9999.0 -9999.0 -9999.0 -9999.0
-9999.0 -9999.0 -9999.0 -9999.0 -9999.0 -9999.0 -9999.0 -9999.0 -9999.0 -9999.0 -9999.0 -9999.0 -9999.0 -9999.0 -9999.0 -9999.0 -9999.0 -9999.0 -9999.0 -9999.0 -9999.0 -9999.0 -9999.0 -9999.0 -9999.0 -9999.0 -9999.0 -9999.0 -9999.0 -9999.0 -9999.0 -9999.0 -9999.0 -9999.0 -9999.0 -9999.0 -9999.0 -9999.0 -9999.0 -9999.0 -9999.0 -9999.0 -9999.0 -9999.0 -9999.0 -9999.0 -9999.0 -9999.0 -9999.0 -9999.0 -9999.0 -9999.0 -9999.0 -9999.0 -9999.0 -9999.0 -9999.0 -9999.0 -9999.0 -9999.0 -9999.0 -9999.0 -9999.0 -9999.0 -9999.0 -9999.0 -9999.0 -9999.0 -9999.0 -9999.0 -9999.0 -9999.0 -9999.0 -9999.0 -9999.0 -9999.0 -9999.0 -9999.0 -9999.0 -9999.0 -9999.0 -9999.0 -9999.0 -9999.0 -9999.0 -9999.0 -9999.0 -9999.0 -9999.0 -9999.0 -9999.0 -9999.0 -9999.0 -9999.0 -9999.0 -9999.0 -9999.0 -9999.0 -9999.0 -9999.0 -9999.0 -9999.0 -9999.0 -9999.0
-9999.0 -9999.0 215.533201 121.062531 35.841990 -33.989337 -81.234757 -106.654881 -117.273241 -121.359874 -122.881736 -123.441050 -123.645435 -123.719897 -123.746971 -123.756799 -123.760360 -123.761648 -123.762114 -123.762282 -123.762342 -123.762363 -123.762370 -123.762372 -123.762371 -123.762369 -123.762364 -123.762357 -123.762346 -123.762328 -123.762303 -123.762268 -123.762218 -123.762151 -123.762062 -123.761949 -123.761807 -123.761636 -123.761434 -123.761205 -123.760951 -123.760680 -123.760400 -123.760122 -123.759859 -123.759634 -123.759496 -123.759580 -123.760272 -123.762393 -123.767259 -123.775090 -123.767695 -123.764401 -123.763142 -123.762668 -123.762493 -123.762435 -123.762428 -123.762457 -123.762528 -123.762671 -123.762946 -123.763463 -123.764419 -123.766154 -123.769242 -123.774630 -123.783839 -123.799236 -123.824399 -123.864554 -123.927064 -124.021923 -124.162162 -124.364073 -124.647170 -125.033833 -125.548649 -126.217548 -127.066872 -128.122543 -129.409480 -130.951354 -132.770725 -134.889560 -137.330105 -140.116103 -143.274366 -146.836784 -150.842933 -155.343569 -160.405544 -166.119065 -172.608956 -180.053154 -188.714999 -199.004055 -211.602278 -227.762887 -250.173570 -286.464639 -9999.0 -9999.0
-9999.0 -9999.0 215.533201 121.062531 35.841990 -33.989337 -81.234757 -106.654881 -117.273241 -121.359874 -122.881736 -123.441050 -123.645435 -123.719897 -123.746971 -123.756799 -123.760360 -123.761648 -123.762114 -123.762282 -123.762342 -123.762363 -123.762370 -123.762372 -123.762371 -123.762369 -123.762364 -123.762357 -123.762346 -123.762328 -123.762303 -123.762268 -123.762218 -123.762151 -123.762062 -123.761949 -123.761807 -123.761636 -123.761434 -123.761205 -123.760951 -123.760680 -123.760400 -123.760122 -123.759859 -123.759634 -123.759496 -123.759580 -123.760272 -123.762393 -123.767259 -123.775090 -123.767695 -123.764401 -123.763142 -123.762668 -123.762493 -123.762435 -123.762428 -123.762457 -123.762528 -123.762671 -123.762946 -123.763463 -123.764419 -123.766154 -123.769242 -123.774630 -123.783839 -123.799236 -123.824399 -123.864554 -123.927064 -124.021923 -124.162162 -124.364073 -124.647170 -125.033833 -125.548649 -126.217548 -127.066872 -128.122543 -129.409480 -130.951354 -132.770725 -134.889560 -137.330105 -140.116103 -143.274366 -146.836784 -150.842933 -155.343569 -160.405544 -166.119065 -172.608956 -180.053154 -188.714999 -199.004055 -211.602278 -227.762887 -250.173570 -286.464639 -9999.0 -9999.0
-9999.0 -9999.0 215.533201 121.062531 35.841990 -33.989337 -81.234757 -106.654881 -117.273241 -121.359874 -122.881736 -123.441050 -123.645435 -123.719897 -123.746971 -123.756799 -123.760360 -123.761648 -123.762114 -123.762282 -123.762342 -123.762363 -123.762370 -123.762372 -123.762371 -123.762369 -123.762364 -123.762357 -123.762346 -123.762328 -123.762303 -123.762268 -123.762218 -123.762151 -123.762062 -123.761949 -123.761807 -123.761636 -123.761434 -123.761205 -123.760951 -123.760680 -123.760400 -123.760122 -123.759859 -123.759634 -123.759496 -123.759580 -123.760272 -123.762393 -123.767259 -123.775090 -123.767695 -123.764401 -123.763142 -123.762668 -123.762493 -123.762435 -123.762428 -123.762457 -123.762528 -123.762671 -123.762946 -123.763463 -123.764419 -123.766154 -123.769242 -123.774630 -123.783839 -123.799236 -123.824399 -123.864554 -123.927064 -124.021923 -124.162162 -124.364073 -124.647170 -125.033833 -125.548649 -126.217548 -127.066872 -128.122543 -129.409480 -130.951354 -132.770725 -134.889560 -137.330105 -140.116103 -143.274366 -146.836784 -150.842933 -155.343569 -160.405544 -166.119065 -172.608956 -180.053154 -188.714999 -199.004055 -211.602278 -227.762887 -250.173570 -286.464639 -9999.0 -9999.0
-9999.0 -9999.0 215.533201 121.062531 35.841990 -33.989337 -81.234757 -106.654881 -117.273241 -121.359874 -122.881736 -123.441050 -123.645435 -123.719897 -123.746971 -123.756799 -123.760360 -123.761648 -123.762114 -123.762282 -123.762342 -123.762363 -123.762370 -123.762372 -123.762371 -123.762369 -123.762364 -123.762357 -123.762346 -123.762328 -123.762303 -123.762268 -123.762218 -123.762151 -123.762062 -123.761949 -123.761807 -123.761636 -123.761434 -123.761205 -123.760951 -123.760680 -123.760400 -123.760122 -123.759859 -123.759634 -123.759496 -123.759580 -123.760272 -123.762393 -123.767259 -123.775090 -123.767695 -123.764401 -123.763142 -123.762668 -123.762493 -123.762435 -123.762428 -123.762457 -123.762528 -123.762671 -123.762946 -123.763463 -123.764419 -123.766154 -123.769242 -123.774630 -123.783839 -123.799236 -123.824399 -123.864554 -123.927064 -124.021923 -124.162162 -124.364073 -124.647170 -125.033833 -125.548649 -126.217548 -127.066872 -128.122543 -129.409480 -130.951354 -132.770725 -134.889560 -137.330105 -140.116103 -143.274366 -146.836784 -150.842933 -155.343569 -160.405544 -166.119065 -172.608956 -180.053154 -188.714999 -199.004055 -211.602278 -227.762887 -250.173570 -286.464639 -9999.0 -9999.0
-9999.0 -9999.0 215.533201 121.062531 35.841990 -33.989337 -81.234757 -106.654881 -117.273241 -121.359874 -122.881736 -123.441050 -123.645435 -123.719897 -123.746971 -123.756799 -123.760360 -123.761648 -123.762114 -123.762282 -123.762342 -123.762363 -123.762370 -123.762372 -123.762371 -123.762369 -123.762364 -123.762357 -123.762346 -123.762328 -123.762303 -123.762268 -123.762218 -123.762151 -123.762062 -123.761949 -123.761807 -123.761636 -123.761434 -123.761205 -123.760951 -123.760680 -123.760400 -123.760122 -123.759859 -123.759634 -123.759496 -123.759580 -123.760272 -123.762393 -123.767259 -123.775090 -123.767695 -123.764401 -123.763142 -123.762668 -123.762493 -123.762435 -123.762428 -123.762457 -123.762528 -123.762671 -123.762946 -123.763463 -123.764419 -123.766154 -123.769242 -123.774630 -123.783839 -123.799236 -123.824399 -123.864554 -123.927064 -124.021923 -124.162162 -124.364073 -124.647170 -125.033833 -125.548649 -126.217548 -127.066872 -128.122543 -129.409480 -130.951354 -132.770725 -134.889560 -137.330105 -140.116103 -143.274366 -146.836784 -150.842933 -155.343569 -160.405544 -166.119065 -172.608956 -180.053154 -188.714999 -199.004055 -211.602278 -227.762887 -250.173570 -286.464639 -9999.0 -9999.0
-9999.0 -9999.0 215.533201 121.062531 35.841990 -33.989337 -81.234757 -106.654881 -117.273241 -121.359874 -122.881736 -123.441050 -123.645435 -123.719897 -123.746971 -123.756799 -123.760360 -123.761648 -123.762114 -123.762282 -123.762342 -123.762363 -123.762370 -123.762372 -123.762371 -123.762369 -123.762364 -123.762357 -123.762346 -123.762328 -123.762303 -123.762268 -123.762218 -123.762151 -123.762062 -123.761949 -123.761807 -123.761636 -123.761434 -123.761205 -123.760951 -123.760680 -123.760400 -123.760122 -123.759859 -123.759634 -123.759496 -123.759580 -123.760272 -123.762393 -123.767259 -123.775090 -123.767695 -123.764401 -123.763142 -123.762668 -123.762493 -123.762435 -123.762428 -123.762457 -123.762528 -123.762671 -123.762946 -123.763463 -123.764419 -123.766154 -123.769242 -123.774630 -123.783839 -123.799236 -123.824399 -123.864554 -123.927064 -124.021923 -124.162162 -124.364073 -124.647170 -125.033833 -125.548649 -126.217548 -127.066872 -128.122543 -129.409480 -130.951354 -132.770725 -134.889560 -137.330105 -140.116103 -143.274366 -146.836784 -150.842933 -155.343569 -160.405544 -166.119065 -172.608956 -180.053154 -188.714999 -199.004055 -211.602278 -227.762887 -250.173570 -286.464639 -9999.0 -9999.0
-9999.0 -9999.0 -9999.0 -9999.0 -9999.0 -9999.0 -9999.0 -9999.0 -9999.0 -9999.0 -9999.0 -9999.0 -9999.0 -9999.0 -9999.0 -9999.0 -9999.0 -9999.0 -9999.0 -9999.0 -9999.0 -9999.0 -9999.0 -9999.0 -9999.0 -9999.0 -9999.0 -9999.0 -9999.0 -9999.0 -9999.0 -9999.0 -9999.0 -9999.0 -9999.0 -9999.0 -9999.0 -9999.0 -9999.0 -9999.0 -9999.0 -9999.0 -9999.0 -9999.0 -9999.0 -9999.0 -9999.0 -9999.0 -9999.0 -9999.0 -9999.0 -9999.0 -9999.0 -9999.0 -9999.0 -9999.0 -9999.0 -9999.0 -9999.0 -9999.0 -9999.0 -9999.0 -9999.0 -9999.0 -9999.0 -9999.0 -9999.0 -9999.0 -9999.0 -9999.0 -9999.0 -9999.0 -9999.0 -9999.0 -9999.0 -9999.0 -9999.0 -9999.0 -9999.0 -9999.0 -9999.0 -9999.0 -9999.0 -9999.0 -9999.0 -9999.0 -9999.0 -9999.0 -9999.0 -9999.0 -9999.0 -9999.0 -9999.0 -9999.0 -9999.0 -9999.0 -9999.0 -9999.0 -9999.0 -9999.0 -9999.0 -9999.0 -9999.0 -9999.0
-9999.0 -9999.0 -9999.0 -9999.0 -9999.0 -9999.0 -9999.0 -9999.0 -9999.0 -9999.0 -9999.0 -9999.0 -9999.0 -9999.0 -9999.0 -9999.0 -9999.0 -9999.0 -9999.0 -9999.0 -9999.0 -9999.0 -9999.0 -9999.0 -9999.0 -9999.0 -9999.0 -9999.0 -9999.0 -9999.0 -9999.0 -9999.0 -9999.0 -9999.0 -9999.0 -9999.0 -9999.0 -9999.0 -9999.0 -9999.0 -9999.0 -9999.0 -9999.0 -9999.0 -9999.0 -9999.0 -9999.0 -9999.0 -9999.0 -9999.0 -9999.0 -9999.0 -9999.0 -9999.0 -9999.0 -9999.0 -9999.0 -9999.0 -9999.0 -9999.0 -9999.0 -9999.0 -9999.0 -9999.0 -9999.0 -9999.0 -9999.0 -9999.0 -9999.0 -9999.0 -9999.0 -9999.0 -9999.0 -9999.0 -9999.0 -9999.0 -9999.0 -9999.0 -9999.0 -9999.0 -9999.0 -9999.0 -9999.0 -9999.0 -9999.0 -9999.0 -9999.0 -9999.0 -9999.0 -9999.0 -9999.0 -9999.0 -9999.0 -9999.0 -9999.0 -9999.0 -9999.0 -9999.0 -9999.0 -9999.0 -9999.0 -9999.0 -9999.0 -9999.0