tests/3D/hillslope02_superslab/out/maps3D/PwL0079N0004.asc
ncols         104
nrows         10
xllcorner     -2.000000
yllcorner     0.000000
cellsize      1.000000
NODATA_value  -9999.0
-9999.0 -9999.0 -9999.0 -9999.0 -9999.0 -9999.0 -9999.0 -9999.0 -9999.0 -9999.0 -9999.0 -9999.0 -9999.0 -9999.0 -9999.0 -9999.0 -9999.0 -9999.0 -9999.0 -9999.0 -9999.0 -9999.0 -9999.0 -9999.0 -9999.0 -9999.0 -9999.0 -9999.0 -9999.0 -9999.0 -9999.0 -9999.0 -9999.0 -9999.0 -9999.0 -9999.0 -9999.0 -9999.0 -9999.0 -9999.0 -9999.0 -9999.0 -9999.0 -9999.0 -9999.0 -9999.0 -9999.0 -9999.0 -9999.0 -9999.0 -9999.0 -9999.0 -9999.0 -9999.0 -9999.0 -9999.0 -9999.0 -9999.0 -9999.0 -9999.0 -9999.0 -9999.0 -9999.0 -9999.0 -9999.0 -9999.0 -9999.0 -9999.0 -9999.0 -9999.0 -9999.0 -9999.0 -9999.0 -9999.0 -9999.0 -9999.0 -9999.0 -9999.0 -9999.0 -9999.0 -9999.0 -9999.0 -9999.0 -9999.0 -9999.0 -9999.0 -9999.0 -9999.0 -9999.0 -9999.0 -9999.0 -9999.0 -9999.0 -9999.0 -9999.0 -9999.0 -9999.0 -9999.0 -9999.0 -9999.0 -9999.0 -9999.0 -9999.0 -9999.0
-9999.0 -9999.0 -9999.0 -9999.0 -9999.0 -9999.0 -9999.0 -9999.0 -9999.0 -9999.0 -9999.0 -9999.0 -9999.0 -9999.0 -9999.0 -9999.0 -9999.0 -9999.0 -9999.0 -9999.0 -9999.0 -9999.0 -9999.0 -9999.0 -9999.0 -9999.0 -9999.0 -9999.0 -9999.0 -9999.0 -9999.0 -9999.0 -9999.0 -9999.0 -9999.0 -9999.0 -9999.0 -9999.0 -9999.0 -9999.0 -9999.0 -9999.0 -9999.0 -9999.0 -9999.0 -9999.0 -9999.0 -9999.0 -9999.0 -9999.0 -9999.0 -9999.0 -9999.0 -9999.0 -9999.0 -9999.0 -9999.0 -9999.0 -9999.0 -9999.0 -9999.0 -9999.0 -9999.0 -9999.0 -9999.0 -9999.0 -9999.0 -9999.0 -9999.0 -9999.0 -9999.0 -9999.0 -9999.0 -9999.0 -9999.0 -9999.0 -9999.0 -9999.0 -9999.0 -9999.0 -9999.0 -9999.0 -9999.0 -9999.0 -9999.0 -9999.0 -9999.0 -9999.0 -9999.0 -9999.0 -9999.0 -9999.0 -9999.0 -9999.0 -9999.0 -9999.0 -9999.0 -9999.0 -9999.0 -9999.0 -9999.0 -9999.0 -9999.0 -9999.0
-9999.0 -9999.0 -599.397489 -724.289533 -847.141739 -947.388351 -1010.766043 -1042.559004 -1056.178908 -1061.330543 -1063.236596 -1063.941822 -1064.202959 -1064.299654 -1064.335441 -1064.348676 -1064.353565 -1064.355368 -1064.356030 -1064.356270 -1064.356353 -1064.356376 -1064.356376 -1064.356365 -1064.356348 -1064.356325 -1064.356298 -1064.356265 -1064.356226 -1064.356182 -1064.356131 -1064.356074 -1064.356012 -1064.355943 -1064.355870 -1064.355792 -1064.355711 -1064.355627 -1064.355535 -1064.355385 -1064.354913 -1064.352840 -1064.344432 -1064.316757 -1064.241599 -1064.069411 -1063.727558 -1063.120908 -1062.122594 -1062.880849 -1063.564489 -1068.617164 -1064.495742 -1064.363260 -1064.359841 -1064.360882 -1064.362778 -1064.365570 -1064.369516 -1064.374989 -1064.382478 -1064.392601 -1064.406127 -1064.423994 -1064.447333 -1064.477485 -1064.516025 -1064.564771 -1064.625803 -1064.701469 -1064.794390 -1064.907466 -1065.043871 -1065.207053 -1065.400729 -1065.628884 -1065.895770 -1066.205907 -1066.564097 -1066.975438 -1067.445357 -1067.979649 -1068.584542 -1069.266780 -1070.033733 -1070.893546 -1071.855337 -1072.929456 -1074.127832 -1075.464449 -1076.955984 -1078.622727 -1080.489883 -1082.589518 -1084.963559 -1087.668628 -1090.784300 -1094.428327 -1098.788168 -1104.206508 -1111.634696 -1127.339881 -9999.0 -9999.0
-9999.0 -9999.0 -599.397489 -724.289533 -847.141739 -947.388351 -1010.766043 -1042.559004 -1056.178908 -1061.330543 -1063.236596 -1063.941822 -1064.202959 -1064.299654 -1064.335441 -1064.348676 -1064.353565 -1064.355368 -1064.356030 -1064.356270 -1064.356353 -1064.356376 -1064.356376 -1064.356365 -1064.356348 -1064.356325 -1064.356298 -1064.356265 -1064.356226 -1064.356182 -1064.356131 -1064.356074 -1064.356012 -1064.355943 -1064.355870 -1064.355792 -1064.355711 -1064.355627 -1064.355535 -1064.355385 -1064.354913 -1064.352840 -1064.344432 -1064.316757 -1064.241599 -1064.069411 -1063.727558 -1063.120908 -1062.122594 -1062.880849 -1063.564489 -1068.617164 -1064.495742 -1064.363260 -1064.359841 -1064.360882 -1064.362778 -1064.365570 -1064.369516 -1064.374989 -1064.382478 -1064.392601 -1064.406127 -1064.423994 -1064.447333 -1064.477485 -1064.516025 -1064.564771 -1064.625803 -1064.701469 -1064.794390 -1064.907466 -1065.043871 -1065.207053 -1065.400729 -1065.628884 -1065.895770 -1066.205907 -1066.564097 -1066.975438 -1067.445357 -1067.979649 -1068.584542 -1069.266780 -1070.033733 -1070.893546 -1071.855337 -1072.929456 -1074.127832 -1075.464449 -1076.955984 -1078.622727 -1080.489883 -1082.589518 -1084.963559 -1087.668628 -1090.784300 -1094.428327 -1098.788168 -1104.206508 -1111.634696 -1127.339881 -9999.0 -9999.0
-9999.0 -9999.0 -599.397489 -724.289533 -847.141739 -947.388351 -1010.766043 -1042.559004 -1056.178908 -1061.330543 -1063.236596 -1063.941822 -1064.202959 -1064.299654 -1064.335441 -1064.348676 -1064.353565 -1064.355368 -1064.356030 -1064.356270 -1064.356353 -1064.356376 -1064.356376 -1064.356365 -1064.356348 -1064.356325 -1064.356298 -1064.356265 -1064.356226 -1064.356182 -1064.356131 -1064.356074 -1064.356012 -1064.355943 -1064.355870 -1064.355792 -1064.355711 -1064.355627 -1064.355535 -1064.355385 -1064.354913 -1064.352840 -1064.344432 -1064.316757 -1064.241599 -1064.069411 -1063.727558 -1063.120908 -1062.122594 -1062.880849 -1063.564489 -1068.617164 -1064.495742 -1064.363260 -1064.359841 -1064.360882 -1064.362778 -1064.365570 -1064.369516 -1064.374989 -1064.382478 -1064.392601 -1064.406127 -1064.423994 -1064.447333 -1064.477485 -1064.516025 -1064.564771 -1064.625803 -1064.701469 -1064.794390 -1064.907466 -1065.043871 -1065.207053 -1065.400729 -1065.628884 -1065.895770 -1066.205907 -1066.564097 -1066.975438 -1067.445357 -1067.979649 -1068.584542 -1069.266780 -1070.033733 -1070.893546 -1071.855337 -1072.929456 -1074.127832 -1075.464449 -1076.955984 -1078.622727 -1080.489883 -1082.589518 -1084.963559 -1087.668628 -1090.784300 -1094.428327 -1098.788168 -1104.206508 -1111.634696 -1127.339881 -9999.0 -9999.0
-9999.0 -9999.0 -599.397489 -724.289533 -847.141739 -947.388351 -1010.766043 -1042.559004 -1056.178908 -1061.330543 -1063.236596 -1063.941822 -1064.202959 -1064.299654 -1064.335441 -1064.348676 -1064.353565 -1064.355368 -1064.356030 -1064.356270 -1064.356353 -1064.356376 -1064.356376 -1064.356365 -1064.356348 -1064.356325 -1064.356298 -1064.356265 -1064.356226 -1064.356182 -1064.356131 -1064.356074 -1064.356012 -1064.355943 -1064.355870 -1064.355792 -1064.355711 -1064.355627 -1064.355535 -1064.355385 -1064.354913 -1064.352840 -1064.344432 -1064.316757 -1064.241599 -1064.069411 -1063.727558 -1063.120908 -1062.122594 -1062.880849 -1063.564489 -1068.617164 -1064.495742 -1064.363260 -1064.359841 -1064.360882 -1064.362778 -1064.365570 -1064.369516 -1064.374989 -1064.382478 -1064.392601 -1064.406127 -1064.423994 -1064.447333 -1064.477485 -1064.516025 -1064.564771 -1064.625803 -1064.701469 -1064.794390 -1064.907466 -1065.043871 -1065.207053 -1065.400729 -1065.628884 -1065.895770 -1066.205907 -1066.564097 -1066.975438 -1067.445357 -1067.979649 -1068.584542 -1069.266780 -1070.033733 -1070.893546 -1071.855337 -1072.929456 -1074.127832 -1075.464449 -1076.955984 -1078.622727 -1080.489883 -1082.589518 -1084.963559 -1087.668628 -1090.784300 -1094.428327 -1098.788168 -1104.206508 -1111.634696 -1127.339881 -9999.0 -9999.0
-9999.0 -9999.0 -599.397489 -724.289533 -847.141739 -947.388351 -1010.766043 -1042.559004 -1056.178908 -1061.330543 -1063.236596 -1063.941822 -1064.202959 -1064.299654 -1064.335441 -1064.348676 -1064.353565 -1064.355368 -1064.356030 -1064.356270 -1064.356353 -1064.356376 -1064.356376 -1064.356365 -1064.356348 -1064.356325 -1064.356298 -1064.356265 -1064.356226 -1064.356182 -1064.356131 -1064.356074 -1064.356012 -1064.355943 -1064.355870 -1064.355792 -1064.355711 -1064.355627 -1064.355535 -1064.355385 -1064.354913 -1064.352840 -1064.344432 -1064.316757 -1064.241599 -1064.069411 -1063.727558 -1063.120908 -1062.122594 -1062.880849 -1063.564489 -1068.617164 -1064.495742 -1064.363260 -1064.359841 -1064.360882 -1064.362778 -1064.365570 -1064.369516 -1064.374989 -1064.382478 -1064.392601 -1064.406127 -1064.423994 -1064.447333 -1064.477485 -1064.516025 -1064.564771 -1064.625803 -1064.701469 -1064.794390 -1064.907466 -1065.043871 -1065.207053 -1065.400729 -1065.628884 -1065.895770 -1066.205907 -1066.564097 -1066.975438 -1067.445357 -1067.979649 -1068.584542 -1069.266780 -1070.033733 -1070.893546 -1071.855337 -1072.929456 -1074.127832 -1075.464449 -1076.955984 -1078.622727 -1080.489883 -1082.589518 -1084.963559 -1087.668628 -1090.784300 -1094.428327 -1098.788168 -1104.206508 -1111.634696 -1127.339881 -9999.0 -9999.0
-9999.0 -9999.0 -599.397489 -724.289533 -847.141739 -947.388351 -1010.766043 -1042.559004 -1056.178908 -1061.330543 -1063.236596 -1063.941822 -1064.202959 -1064.299654 -1064.335441 -1064.348676 -1064.353565 -1064.355368 -1064.356030 -1064.356270 -1064.356353 -1064.356376 -1064.356376 -1064.356365 -1064.356348 -1064.356325 -1064.356298 -1064.356265 -1064.356226 -1064.356182 -1064.356131 -1064.356074 -1064.356012 -1064.355943 -1064.355870 -1064.355792 -1064.355711 -1064.355627 -1064.355535 -1064.355385 -1064.354913 -1064.352840 -1064.344432 -1064.316757 -1064.241599 -1064.069411 -1063.727558 -1063.120908 -1062.122594 -1062.880849 -1063.564489 -1068.617164 -1064.495742 -1064.363260 -1064.359841 -1064.360882 -1064.362778 -1064.365570 -1064.369516 -1064.374989 -1064.382478 -1064.392601 -1064.406127 -1064.423994 -1064.447333 -1064.477485 -1064.516025 -1064.564771 -1064.625803 -1064.701469 -1064.794390 -1064.907466 -1065.043871 -1065.207053 -1065.400729 -1065.628884 -1065.895770 -1066.205907 -1066.564097 -1066.975438 -1067.445357 -1067.979649 -1068.584542 -1069.266780 -1070.033733 -1070.893546 -1071.855337 -1072.929456 -1074.127832 -1075.464449 -1076.955984 -1078.622727 -1080.489883 -1082.589518 -1084.963559 -1087.668628 -1090.784300 -1094.428327 -1098.788168 -1104.206508 -1111.634696 -1127.339881 -9999.0 -9999.0
-9999.0 -9999.0 -9999.0 -9999.0 -9999.0 -9999.0 -9999.0 -9999.0 -9999.0 -9999.0 -9999.0 -9999.0 -9999.0 -9999.0 -9999.0 -9999.0 -9999.0 -9999.0 -9999.0 -9999.0 -9999.0 -9999.0 -9999.0 -9999.0 -9999.0 -9999.0 -9999.0 -9999.0 -9999.0 -9999.0 -9999.0 -9999.0 -9999.0 -9999.0 -9999.0 -9999.0 -9999.0 -9999.0 -9999.0 -9999.0 -9999.0 -9999.0 -9999.0 -9999.0 -9999.0 -9999.0 -9999.0 -9999.0 -9999.0 -9999.0 -9999.0 -9999.0 -9999.0 -9999.0 -9999.0 -9999.0 -9999.0 -9999.0 -9999.0 -9999.0 -9999.0 -9999.0 -9999.0 -9999.0 -9999.0 -9999.0 -9999.0 -9999.0 -9999.0 -9999.0 -9999.0 -9999.0 -9999.0 -9999.0 -9999.0 -9999.0 -9999.0 -9999.0 -9999.0 -9999.0 -9999.0 -9999.0 -9999.0 -9999.0 -9999.0 -9999.0 -9999.0 -9999.0 -9999.0 -9999.0 -9999.0 -9999.0 -9999.0 -9999.0 -9999.0 -9999.0 -9999.0 -9999.0 -9999.0 -9999.0 -9999.0 -9999.0 -9999.0 -9999.0
-9999.0 -9999.0 -9999.0 -9999.0 -9999.0 -9999.0 -9999.0 -9999.0 -9999.0 -9999.0 -9999.0 -9999.0 -9999.0 -9999.0 -9999.0 -9999.0 -9999.0 -9999.0 -9999.0 -9999.0 -9999.0 -9999.0 -9999.0 -9999.0 -9999.0 -9999.0 -9999.0 -9999.0 -9999.0 -9999.0 -9999.0 -9999.0 -9999.0 -9999.0 -9999.0 -9999.0 -9999.0 -9999.0 -9999.0 -9999.0 -9999.0 -9999.0 -9999.0 -9999.0 -9999.0 -9999.0 -9999.0 -9999.0 -9999.0 -9999.0 -9999.0 -9999.0 -9999.0 -9999.0 -9999.0 -9999.0 -9999.0 -9999.0 -9999.0 -9999.0 -9999.0 -9999.0 -9999.0 -9999.0 -9999.0 -9999.0 -9999.0 -9999.0 -9999.0 -9999.0 -9999.0 -9999.0 -9999.0 -9999.0 -9999.0 -9999.0 -9999.0 -9999.0 -9999.0 -9999.0 -9999.0 -9999.0 -9999.0 -9999.0 -9999.0 -9999.0 -9999.0 -9999.0 -9999.0 -9999.0 -9999.0 -9999.0 -9999.0 -9999.0 -9999.0 -9999.0 -9999.0 -9999.0 -9999.0 -9999.0 -9999.0 -9999.0 -9999.0 -9999.0