tests/3D/hillslope02_superslab/out/maps3D/PwL0029N0006.asc
ncols         104
nrows         10
xllcorner     -2.000000
yllcorner     0.000000
cellsize      1.000000
NODATA_value  -9999.0
-9999.0 -9999.0 -9999.0 -9999.0 -9999.0 -9999.0 -9999.0 -9999.0 -9999.0 -9999.0 -9999.0 -9999.0 -9999.0 -9999.0 -9999.0 -9999.0 -9999.0 -9999.0 -9999.0 -9999.0 -9999.0 -9999.0 -9999.0 -9999.0 -9999.0 -9999.0 -9999.0 -9999.0 -9999.0 -9999.0 -9999.0 -9999.0 -9999.0 -9999.0 -9999.0 -9999.0 -9999.0 -9999.0 -9999.0 -9999.0 -9999.0 -9999.0 -9999.0 -9999.0 -9999.0 -9999.0 -9999.0 -9999.0 -9999.0 -9999.0 -9999.0 -9999.0 -9999.0 -9999.0 -9999.0 -9999.0 -9999.0 -9999.0 -9999.0 -9999.0 -9999.0 -9999.0 -9999.0 -9999.0 -9999.0 -9999.0 -9999.0 -9999.0 -9999.0 -9999.0 -9999.0 -9999.0 -9999.0 -9999.0 -9999.0 -9999.0 -9999.0 -9999.0 -9999.0 -9999.0 -9999.0 -9999.0 -9999.0 -9999.0 -9999.0 -9999.0 -9999.0 -9999.0 -9999.0 -9999.0 -9999.0 -9999.0 -9999.0 -9999.0 -9999.0 -9999.0 -9999.0 -9999.0 -9999.0 -9999.0 -9999.0 -9999.0 -9999.0 -9999.0
-9999.0 -9999.0 -9999.0 -9999.0 -9999.0 -9999.0 -9999.0 -9999.0 -9999.0 -9999.0 -9999.0 -9999.0 -9999.0 -9999.0 -9999.0 -9999.0 -9999.0 -9999.0 -9999.0 -9999.0 -9999.0 -9999.0 -9999.0 -9999.0 -9999.0 -9999.0 -9999.0 -9999.0 -9999.0 -9999.0 -9999.0 -9999.0 -9999.0 -9999.0 -9999.0 -9999.0 -9999.0 -9999.0 -9999.0 -9999.0 -9999.0 -9999.0 -9999.0 -9999.0 -9999.0 -9999.0 -9999.0 -9999.0 -9999.0 -9999.0 -9999.0 -9999.0 -9999.0 -9999.0 -9999.0 -9999.0 -9999.0 -9999.0 -9999.0 -9999.0 -9999.0 -9999.0 -9999.0 -9999.0 -9999.0 -9999.0 -9999.0 -9999.0 -9999.0 -9999.0 -9999.0 -9999.0 -9999.0 -9999.0 -9999.0 -9999.0 -9999.0 -9999.0 -9999.0 -9999.0 -9999.0 -9999.0 -9999.0 -9999.0 -9999.0 -9999.0 -9999.0 -9999.0 -9999.0 -9999.0 -9999.0 -9999.0 -9999.0 -9999.0 -9999.0 -9999.0 -9999.0 -9999.0 -9999.0 -9999.0 -9999.0 -9999.0 -9999.0 -9999.0
-9999.0 -9999.0 1147.449473 1045.417944 941.806244 837.088202 731.796092 626.855229 522.285202 416.582435 307.754211 199.732948 93.916514 -8.889987 -108.593300 -201.022571 -275.559644 -321.327000 -341.381361 -347.134493 -347.456908 -346.286603 -344.980253 -343.921711 -243.126665 -67.394474 104.235041 278.854104 456.242831 363.960575 271.266804 178.308583 85.209036 -7.862752 -99.311803 -183.866392 -249.941175 -280.241406 -283.823179 -401.172057 -467.026537 -437.747571 -556.287150 -846.910187 -1300.563619 -857.235055 -651.114010 -559.312159 -526.919407 -512.014360 -503.685733 -498.873216 -496.850681 -496.711134 -497.815750 -499.868363 -502.680388 -506.284885 -510.402736 -514.636954 -498.586545 -439.367985 -502.371683 -452.491915 -345.421647 -339.774861 -344.872449 -348.694497 -351.174191 -352.692825 -353.651095 -354.245524 -354.615916 -354.844269 -354.994427 -355.102390 -355.121076 -355.235894 -355.366149 -355.571456 -355.782129 -355.949150 -356.047346 -356.105630 -356.182968 -356.314502 -356.536049 -356.895795 -357.469321 -358.375665 -359.800742 -362.031005 -365.501386 -370.858829 -379.038723 -391.343315 -409.504603 -435.821021 -475.346325 -571.352371 -1190.831046 -3481.862914 -9999.0 -9999.0
-9999.0 -9999.0 1147.478501 1045.433415 941.812972 837.090930 731.797173 626.855655 522.285371 416.582502 307.754238 199.732959 93.916518 -8.889985 -108.593299 -201.022570 -275.559644 -321.327000 -341.381361 -347.134493 -347.456908 -346.286603 -344.980253 -343.921711 -243.126665 -67.394474 104.235041 278.854104 456.242831 363.960575 271.266804 178.308583 85.209036 -7.862752 -99.311803 -183.866392 -249.941175 -280.241406 -283.823181 -401.172059 -467.026537 -437.747571 -556.287150 -846.910186 -1300.563618 -857.235055 -651.114010 -559.312159 -526.919407 -512.014360 -503.685733 -498.873216 -496.850681 -496.711134 -497.815750 -499.868364 -502.680388 -506.284885 -510.402737 -514.636954 -498.586546 -439.367982 -502.371682 -452.491913 -345.421646 -339.774861 -344.872449 -348.694497 -351.174192 -352.692826 -353.651095 -354.245524 -354.615916 -354.844269 -354.994427 -355.102390 -355.121076 -355.235894 -355.366149 -355.571456 -355.782129 -355.949150 -356.047346 -356.105630 -356.182968 -356.314502 -356.536049 -356.895795 -357.469321 -358.375665 -359.800742 -362.031005 -365.501386 -370.858829 -379.038723 -391.343315 -409.504603 -435.821021 -475.346325 -571.352371 -1190.831044 -3481.862914 -9999.0 -9999.0
-9999.0 -9999.0 1147.498886 1045.445463 941.818706 837.093407 731.798193 626.856068 522.285537 416.582569 307.754264 199.732970 93.916523 -8.889983 -108.593299 -201.022570 -275.559644 -321.327000 -341.381361 -347.134493 -347.456908 -346.286603 -344.980253 -343.921711 -243.126665 -67.394474 104.235041 278.854104 456.242831 363.960575 271.266804 178.308583 85.209036 -7.862752 -99.311803 -183.866392 -249.941175 -280.241405 -283.823182 -401.172060 -467.026537 -437.747570 -556.287150 -846.910186 -1300.563617 -857.235055 -651.114010 -559.312159 -526.919407 -512.014360 -503.685733 -498.873216 -496.850681 -496.711134 -497.815751 -499.868364 -502.680388 -506.284885 -510.402737 -514.636954 -498.586545 -439.367985 -502.371683 -452.491914 -345.421646 -339.774861 -344.872449 -348.694497 -351.174192 -352.692826 -353.651095 -354.245525 -354.615916 -354.844269 -354.994427 -355.102390 -355.121076 -355.235894 -355.366149 -355.571456 -355.782129 -355.949150 -356.047346 -356.105630 -356.182968 -356.314502 -356.536049 -356.895795 -357.469321 -358.375665 -359.800742 -362.031005 -365.501386 -370.858829 -379.038723 -391.343315 -409.504603 -435.821021 -475.346325 -571.352371 -1190.831042 -3481.862913 -9999.0 -9999.0
-9999.0 -9999.0 1147.498886 1045.445463 941.818706 837.093407 731.798193 626.856068 522.285537 416.582569 307.754264 199.732970 93.916523 -8.889983 -108.593299 -201.022570 -275.559644 -321.327000 -341.381361 -347.134493 -347.456908 -346.286603 -344.980253 -343.921711 -243.126665 -67.394474 104.235041 278.854104 456.242831 363.960575 271.266804 178.308583 85.209036 -7.862752 -99.311803 -183.866392 -249.941175 -280.241405 -283.823182 -401.172060 -467.026537 -437.747570 -556.287150 -846.910186 -1300.563617 -857.235055 -651.114010 -559.312159 -526.919407 -512.014360 -503.685733 -498.873216 -496.850681 -496.711134 -497.815751 -499.868364 -502.680388 -506.284885 -510.402737 -514.636954 -498.586545 -439.367984 -502.371683 -452.491913 -345.421646 -339.774861 -344.872449 -348.694497 -351.174192 -352.692826 -353.651095 -354.245525 -354.615916 -354.844269 -354.994427 -355.102390 -355.121076 -355.235894 -355.366149 -355.571456 -355.782129 -355.949150 -356.047346 -356.105630 -356.182968 -356.314502 -356.536049 -356.895795 -357.469321 -358.375665 -359.800742 -362.031005 -365.501386 -370.858829 -379.038723 -391.343315 -409.504603 -435.821021 -475.346325 -571.352371 -1190.831042 -3481.862913 -9999.0 -9999.0
-9999.0 -9999.0 1147.478501 1045.433415 941.812973 837.090930 731.797173 626.855655 522.285371 416.582502 307.754238 199.732959 93.916518 -8.889985 -108.593299 -201.022570 -275.559644 -321.327000 -341.381361 -347.134493 -347.456908 -346.286603 -344.980253 -343.921711 -243.126665 -67.394474 104.235041 278.854104 456.242831 363.960575 271.266804 178.308583 85.209036 -7.862752 -99.311803 -183.866392 -249.941175 -280.241405 -283.823181 -401.172058 -467.026537 -437.747571 -556.287150 -846.910186 -1300.563618 -857.235055 -651.114010 -559.312159 -526.919407 -512.014360 -503.685733 -498.873216 -496.850681 -496.711134 -497.815750 -499.868364 -502.680388 -506.284885 -510.402737 -514.636954 -498.586545 -439.367981 -502.371683 -452.491914 -345.421646 -339.774861 -344.872449 -348.694497 -351.174192 -352.692826 -353.651095 -354.245524 -354.615916 -354.844269 -354.994427 -355.102390 -355.121076 -355.235894 -355.366149 -355.571456 -355.782129 -355.949150 -356.047346 -356.105630 -356.182968 -356.314502 -356.536049 -356.895795 -357.469321 -358.375665 -359.800742 -362.031005 -365.501386 -370.858829 -379.038723 -391.343315 -409.504603 -435.821021 -475.346325 -571.352371 -1190.831044 -3481.862914 -9999.0 -9999.0
-9999.0 -9999.0 1147.449473 1045.417945 941.806244 837.088202 731.796092 626.855229 522.285202 416.582435 307.754211 199.732948 93.916514 -8.889987 -108.593300 -201.022571 -275.559644 -321.327000 -341.381361 -347.134493 -347.456908 -346.286603 -344.980253 -343.921711 -243.126665 -67.394474 104.235041 278.854104 456.242831 363.960575 271.266804 178.308583 85.209036 -7.862752 -99.311803 -183.866392 -249.941175 -280.241406 -283.823179 -401.172057 -467.026537 -437.747571 -556.287150 -846.910187 -1300.563619 -857.235055 -651.114010 -559.312159 -526.919407 -512.014360 -503.685733 -498.873216 -496.850681 -496.711134 -497.815750 -499.868363 -502.680388 -506.284885 -510.402736 -514.636954 -498.586545 -439.367980 -502.371683 -452.491914 -345.421646 -339.774861 -344.872449 -348.694497 -351.174191 -352.692825 -353.651095 -354.245524 -354.615916 -354.844269 -354.994427 -355.102390 -355.121076 -355.235894 -355.366149 -355.571456 -355.782129 -355.949150 -356.047346 -356.105630 -356.182968 -356.314502 -356.536049 -356.895795 -357.469321 -358.375665 -359.800742 -362.031005 -365.501386 -370.858829 -379.038723 -391.343315 -409.504603 -435.821021 -475.346325 -571.352371 -1190.831045 -3481.862914 -9999.0 -9999.0
-9999.0 -9999.0 -9999.0 -9999.0 -9999.0 -9999.0 -9999.0 -9999.0 -9999.0 -9999.0 -9999.0 -9999.0 -9999.0 -9999.0 -9999.0 -9999.0 -9999.0 -9999.0 -9999.0 -9999.0 -9999.0 -9999.0 -9999.0 -9999.0 -9999.0 -9999.0 -9999.0 -9999.0 -9999.0 -9999.0 -9999.0 -9999.0 -9999.0 -9999.0 -9999.0 -9999.0 -9999.0 -9999.0 -9999.0 -9999.0 -9999.0 -9999.0 -9999.0 -9999.0 -9999.0 -9999.0 -9999.0 -9999.0 -9999.0 -9999.0 -9999.0 -9999.0 -9999.0 -9999.0 -9999.0 -9999.0 -9999.0 -9999.0 -9999.0 -9999.0 -9999.0 -9999.0 -9999.0 -9999.0 -9999.0 -9999.0 -9999.0 -9999.0 -9999.0 -9999.0 -9999.0 -9999.0 -9999.0 -9999.0 -9999.0 -9999.0 -9999.0 -9999.0 -9999.0 -9999.0 -9999.0 -9999.0 -9999.0 -9999.0 -9999.0 -9999.0 -9999.0 -9999.0 -9999.0 -9999.0 -9999.0 -9999.0 -9999.0 -9999.0 -9999.0 -9999.0 -9999.0 -9999.0 -9999.0 -9999.0 -9999.0 -9999.0 -9999.0 -9999.0
-9999.0 -9999.0 -9999.0 -9999.0 -9999.0 -9999.0 -9999.0 -9999.0 -9999.0 -9999.0 -9999.0 -9999.0 -9999.0 -9999.0 -9999.0 -9999.0 -9999.0 -9999.0 -9999.0 -9999.0 -9999.0 -9999.0 -9999.0 -9999.0 -9999.0 -9999.0 -9999.0 -9999.0 -9999.0 -9999.0 -9999.0 -9999.0 -9999.0 -9999.0 -9999.0 -9999.0 -9999.0 -9999.0 -9999.0 -9999.0 -9999.0 -9999.0 -9999.0 -9999.0 -9999.0 -9999.0 -9999.0 -9999.0 -9999.0 -9999.0 -9999.0 -9999.0 -9999.0 -9999.0 -9999.0 -9999.0 -9999.0 -9999.0 -9999.0 -9999.0 -9999.0 -9999.0 -9999.0 -9999.0 -9999.0 -9999.0 -9999.0 -9999.0 -9999.0 -9999.0 -9999.0 -9999.0 -9999.0 -9999.0 -9999.0 -9999.0 -9999.0 -9999.0 -9999.0 -9999.0 -9999.0 -9999.0 -9999.0 -9999.0 -9999.0 -9999.0 -9999.0 -9999.0 -9999.0 -9999.0 -9999.0 -9999.0 -9999.0 -9999.0 -9999.0 -9999.0 -9999.0 -9999.0 -9999.0 -9999.0 -9999.0 -9999.0 -9999.0 -9999.0