tests/3D/hillslope02_superslab/out/maps3D/PwL0018N0004.asc
ncols         104
nrows         10
xllcorner     -2.000000
yllcorner     0.000000
cellsize      1.000000
NODATA_value  -9999.0
-9999.0 -9999.0 -9999.0 -9999.0 -9999.0 -9999.0 -9999.0 -9999.0 -9999.0 -9999.0 -9999.0 -9999.0 -9999.0 -9999.0 -9999.0 -9999.0 -9999.0 -9999.0 -9999.0 -9999.0 -9999.0 -9999.0 -9999.0 -9999.0 -9999.0 -9999.0 -9999.0 -9999.0 -9999.0 -9999.0 -9999.0 -9999.0 -9999.0 -9999.0 -9999.0 -9999.0 -9999.0 -9999.0 -9999.0 -9999.0 -9999.0 -9999.0 -9999.0 -9999.0 -9999.0 -9999.0 -9999.0 -9999.0 -9999.0 -9999.0 -9999.0 -9999.0 -9999.0 -9999.0 -9999.0 -9999.0 -9999.0 -9999.0 -9999.0 -9999.0 -9999.0 -9999.0 -9999.0 -9999.0 -9999.0 -9999.0 -9999.0 -9999.0 -9999.0 -9999.0 -9999.0 -9999.0 -9999.0 -9999.0 -9999.0 -9999.0 -9999.0 -9999.0 -9999.0 -9999.0 -9999.0 -9999.0 -9999.0 -9999.0 -9999.0 -9999.0 -9999.0 -9999.0 -9999.0 -9999.0 -9999.0 -9999.0 -9999.0 -9999.0 -9999.0 -9999.0 -9999.0 -9999.0 -9999.0 -9999.0 -9999.0 -9999.0 -9999.0 -9999.0
-9999.0 -9999.0 -9999.0 -9999.0 -9999.0 -9999.0 -9999.0 -9999.0 -9999.0 -9999.0 -9999.0 -9999.0 -9999.0 -9999.0 -9999.0 -9999.0 -9999.0 -9999.0 -9999.0 -9999.0 -9999.0 -9999.0 -9999.0 -9999.0 -9999.0 -9999.0 -9999.0 -9999.0 -9999.0 -9999.0 -9999.0 -9999.0 -9999.0 -9999.0 -9999.0 -9999.0 -9999.0 -9999.0 -9999.0 -9999.0 -9999.0 -9999.0 -9999.0 -9999.0 -9999.0 -9999.0 -9999.0 -9999.0 -9999.0 -9999.0 -9999.0 -9999.0 -9999.0 -9999.0 -9999.0 -9999.0 -9999.0 -9999.0 -9999.0 -9999.0 -9999.0 -9999.0 -9999.0 -9999.0 -9999.0 -9999.0 -9999.0 -9999.0 -9999.0 -9999.0 -9999.0 -9999.0 -9999.0 -9999.0 -9999.0 -9999.0 -9999.0 -9999.0 -9999.0 -9999.0 -9999.0 -9999.0 -9999.0 -9999.0 -9999.0 -9999.0 -9999.0 -9999.0 -9999.0 -9999.0 -9999.0 -9999.0 -9999.0 -9999.0 -9999.0 -9999.0 -9999.0 -9999.0 -9999.0 -9999.0 -9999.0 -9999.0 -9999.0 -9999.0
-9999.0 -9999.0 863.775228 766.281973 669.093858 570.116279 468.405253 364.202343 257.633176 147.499998 28.820266 -87.381042 -195.219728 -281.816937 -334.197840 -351.851796 -355.142972 -353.471078 -350.231150 -166.496433 12.195160 206.959454 416.011774 492.232867 423.542721 351.561051 277.154849 201.059100 123.626778 44.995299 -34.539537 -113.449448 -187.740052 -250.535500 -295.663223 -321.403424 -332.941579 -334.916281 -330.796373 -322.659478 -255.553486 -67.133583 -3092.256612 -4084.134539 -4084.158416 -4084.158416 -4084.158416 -4084.158416 -4084.158416 -4084.158416 -4084.158416 -4084.158416 -4084.158416 -4084.158416 -4084.158416 -4084.158416 -4084.158416 -4084.158416 -4084.158416 -4084.158416 -4084.110521 -2920.001965 67.056728 27.281571 -7.326069 -44.509343 -84.417564 -125.993403 -168.017970 -208.867451 -246.518409 -278.862243 -304.401031 -322.885293 -335.297910 -343.208704 -348.112645 -351.132695 -352.990125 -354.073516 -354.740712 -355.198786 -355.520661 -355.723019 -355.930486 -356.138950 -356.405784 -356.787384 -357.362749 -358.250153 -359.631251 -361.788728 -365.148013 -370.347564 -378.318509 -390.371687 -408.276710 -434.442361 -474.190456 -556.323967 -829.508099 -2705.476997 -9999.0 -9999.0
-9999.0 -9999.0 863.809069 766.296503 669.099290 570.118306 468.406039 364.202653 257.633302 147.500050 28.820287 -87.381033 -195.219724 -281.816936 -334.197840 -351.851796 -355.142972 -353.471078 -350.231150 -166.496433 12.195160 206.959454 416.011774 492.232867 423.542721 351.561052 277.154849 201.059100 123.626779 44.995299 -34.539537 -113.449448 -187.740053 -250.535500 -295.663224 -321.403425 -332.941580 -334.916283 -330.796374 -322.659476 -255.553480 -67.133585 -3092.256611 -4084.134539 -4084.158416 -4084.158416 -4084.158416 -4084.158416 -4084.158416 -4084.158416 -4084.158416 -4084.158416 -4084.158416 -4084.158416 -4084.158416 -4084.158416 -4084.158416 -4084.158416 -4084.158416 -4084.158416 -4084.110521 -2920.001965 67.056730 27.281572 -7.326067 -44.509343 -84.417563 -125.993403 -168.017969 -208.867451 -246.518409 -278.862243 -304.401031 -322.885293 -335.297910 -343.208704 -348.112645 -351.132695 -352.990125 -354.073516 -354.740712 -355.198786 -355.520661 -355.723019 -355.930486 -356.138950 -356.405784 -356.787384 -357.362749 -358.250153 -359.631251 -361.788728 -365.148013 -370.347564 -378.318508 -390.371687 -408.276710 -434.442361 -474.190456 -556.323967 -829.508098 -2705.476997 -9999.0 -9999.0
-9999.0 -9999.0 863.823975 766.305144 669.103321 570.120029 468.406759 364.202948 257.633425 147.500101 28.820309 -87.381024 -195.219720 -281.816935 -334.197840 -351.851796 -355.142972 -353.471078 -350.231150 -166.496433 12.195160 206.959454 416.011774 492.232867 423.542722 351.561052 277.154849 201.059100 123.626779 44.995299 -34.539537 -113.449448 -187.740053 -250.535500 -295.663224 -321.403425 -332.941581 -334.916284 -330.796375 -322.659475 -255.553477 -67.133588 -3092.256611 -4084.134539 -4084.158416 -4084.158416 -4084.158416 -4084.158416 -4084.158416 -4084.158416 -4084.158416 -4084.158416 -4084.158416 -4084.158416 -4084.158416 -4084.158416 -4084.158416 -4084.158416 -4084.158416 -4084.158416 -4084.110521 -2920.001965 67.056730 27.281573 -7.326067 -44.509342 -84.417563 -125.993403 -168.017969 -208.867450 -246.518409 -278.862243 -304.401031 -322.885293 -335.297910 -343.208704 -348.112645 -351.132695 -352.990125 -354.073516 -354.740712 -355.198786 -355.520661 -355.723019 -355.930486 -356.138950 -356.405784 -356.787384 -357.362749 -358.250153 -359.631251 -361.788728 -365.148013 -370.347564 -378.318509 -390.371687 -408.276710 -434.442361 -474.190456 -556.323967 -829.508097 -2705.476982 -9999.0 -9999.0
-9999.0 -9999.0 863.823975 766.305144 669.103321 570.120029 468.406759 364.202948 257.633425 147.500101 28.820309 -87.381024 -195.219720 -281.816935 -334.197840 -351.851796 -355.142972 -353.471078 -350.231150 -166.496433 12.195160 206.959454 416.011774 492.232867 423.542722 351.561052 277.154849 201.059100 123.626779 44.995299 -34.539537 -113.449448 -187.740053 -250.535500 -295.663224 -321.403425 -332.941581 -334.916284 -330.796375 -322.659475 -255.553477 -67.133589 -3092.256611 -4084.134539 -4084.158416 -4084.158416 -4084.158416 -4084.158416 -4084.158416 -4084.158416 -4084.158416 -4084.158416 -4084.158416 -4084.158416 -4084.158416 -4084.158416 -4084.158416 -4084.158416 -4084.158416 -4084.158416 -4084.110521 -2920.001965 67.056730 27.281573 -7.326067 -44.509342 -84.417563 -125.993403 -168.017969 -208.867450 -246.518409 -278.862243 -304.401031 -322.885293 -335.297910 -343.208704 -348.112645 -351.132695 -352.990125 -354.073516 -354.740712 -355.198786 -355.520661 -355.723019 -355.930486 -356.138950 -356.405784 -356.787384 -357.362749 -358.250153 -359.631251 -361.788728 -365.148013 -370.347564 -378.318508 -390.371687 -408.276710 -434.442361 -474.190456 -556.323967 -829.508097 -2705.476987 -9999.0 -9999.0
-9999.0 -9999.0 863.809069 766.296503 669.099290 570.118306 468.406039 364.202653 257.633302 147.500050 28.820287 -87.381033 -195.219724 -281.816936 -334.197840 -351.851796 -355.142972 -353.471078 -350.231150 -166.496433 12.195160 206.959454 416.011774 492.232867 423.542721 351.561052 277.154849 201.059100 123.626779 44.995299 -34.539537 -113.449448 -187.740053 -250.535500 -295.663224 -321.403425 -332.941580 -334.916283 -330.796374 -322.659476 -255.553480 -67.133585 -3092.256611 -4084.134539 -4084.158416 -4084.158416 -4084.158416 -4084.158416 -4084.158416 -4084.158416 -4084.158416 -4084.158416 -4084.158416 -4084.158416 -4084.158416 -4084.158416 -4084.158416 -4084.158416 -4084.158416 -4084.158416 -4084.110521 -2920.001965 67.056730 27.281572 -7.326067 -44.509342 -84.417563 -125.993403 -168.017969 -208.867451 -246.518409 -278.862243 -304.401031 -322.885293 -335.297910 -343.208704 -348.112645 -351.132695 -352.990125 -354.073516 -354.740712 -355.198786 -355.520661 -355.723019 -355.930486 -356.138950 -356.405784 -356.787384 -357.362749 -358.250153 -359.631251 -361.788728 -365.148013 -370.347564 -378.318509 -390.371687 -408.276710 -434.442361 -474.190456 -556.323967 -829.508098 -2705.476993 -9999.0 -9999.0
-9999.0 -9999.0 863.775228 766.281973 669.093858 570.116279 468.405253 364.202343 257.633176 147.499998 28.820266 -87.381042 -195.219728 -281.816937 -334.197840 -351.851796 -355.142972 -353.471078 -350.231150 -166.496433 12.195160 206.959454 416.011774 492.232867 423.542721 351.561051 277.154849 201.059100 123.626778 44.995299 -34.539537 -113.449448 -187.740052 -250.535500 -295.663223 -321.403424 -332.941579 -334.916281 -330.796373 -322.659478 -255.553486 -67.133583 -3092.256612 -4084.134539 -4084.158416 -4084.158416 -4084.158416 -4084.158416 -4084.158416 -4084.158416 -4084.158416 -4084.158416 -4084.158416 -4084.158416 -4084.158416 -4084.158416 -4084.158416 -4084.158416 -4084.158416 -4084.158416 -4084.110521 -2920.001965 67.056728 27.281571 -7.326069 -44.509343 -84.417564 -125.993404 -168.017970 -208.867451 -246.518409 -278.862243 -304.401031 -322.885293 -335.297910 -343.208704 -348.112645 -351.132695 -352.990125 -354.073516 -354.740712 -355.198786 -355.520661 -355.723019 -355.930486 -356.138950 -356.405784 -356.787384 -357.362749 -358.250153 -359.631251 -361.788728 -365.148013 -370.347564 -378.318508 -390.371687 -408.276710 -434.442361 -474.190456 -556.323967 -829.508098 -2705.477001 -9999.0 -9999.0
-9999.0 -9999.0 -9999.0 -9999.0 -9999.0 -9999.0 -9999.0 -9999.0 -9999.0 -9999.0 -9999.0 -9999.0 -9999.0 -9999.0 -9999.0 -9999.0 -9999.0 -9999.0 -9999.0 -9999.0 -9999.0 -9999.0 -9999.0 -9999.0 -9999.0 -9999.0 -9999.0 -9999.0 -9999.0 -9999.0 -9999.0 -9999.0 -9999.0 -9999.0 -9999.0 -9999.0 -9999.0 -9999.0 -9999.0 -9999.0 -9999.0 -9999.0 -9999.0 -9999.0 -9999.0 -9999.0 -9999.0 -9999.0 -9999.0 -9999.0 -9999.0 -9999.0 -9999.0 -9999.0 -9999.0 -9999.0 -9999.0 -9999.0 -9999.0 -9999.0 -9999.0 -9999.0 -9999.0 -9999.0 -9999.0 -9999.0 -9999.0 -9999.0 -9999.0 -9999.0 -9999.0 -9999.0 -9999.0 -9999.0 -9999.0 -9999.0 -9999.0 -9999.0 -9999.0 -9999.0 -9999.0 -9999.0 -9999.0 -9999.0 -9999.0 -9999.0 -9999.0 -9999.0 -9999.0 -9999.0 -9999.0 -9999.0 -9999.0 -9999.0 -9999.0 -9999.0 -9999.0 -9999.0 -9999.0 -9999.0 -9999.0 -9999.0 -9999.0 -9999.0
-9999.0 -9999.0 -9999.0 -9999.0 -9999.0 -9999.0 -9999.0 -9999.0 -9999.0 -9999.0 -9999.0 -9999.0 -9999.0 -9999.0 -9999.0 -9999.0 -9999.0 -9999.0 -9999.0 -9999.0 -9999.0 -9999.0 -9999.0 -9999.0 -9999.0 -9999.0 -9999.0 -9999.0 -9999.0 -9999.0 -9999.0 -9999.0 -9999.0 -9999.0 -9999.0 -9999.0 -9999.0 -9999.0 -9999.0 -9999.0 -9999.0 -9999.0 -9999.0 -9999.0 -9999.0 -9999.0 -9999.0 -9999.0 -9999.0 -9999.0 -9999.0 -9999.0 -9999.0 -9999.0 -9999.0 -9999.0 -9999.0 -9999.0 -9999.0 -9999.0 -9999.0 -9999.0 -9999.0 -9999.0 -9999.0 -9999.0 -9999.0 -9999.0 -9999.0 -9999.0 -9999.0 -9999.0 -9999.0 -9999.0 -9999.0 -9999.0 -9999.0 -9999.0 -9999.0 -9999.0 -9999.0 -9999.0 -9999.0 -9999.0 -9999.0 -9999.0 -9999.0 -9999.0 -9999.0 -9999.0 -9999.0 -9999.0 -9999.0 -9999.0 -9999.0 -9999.0 -9999.0 -9999.0 -9999.0 -9999.0 -9999.0 -9999.0 -9999.0 -9999.0