tests/3D/hillslope02_superslab/out/maps3D/PwL0067N0005.asc
ncols         104
nrows         10
xllcorner     -2.000000
yllcorner     0.000000
cellsize      1.000000
NODATA_value  -9999.0
-9999.0 -9999.0 -9999.0 -9999.0 -9999.0 -9999.0 -9999.0 -9999.0 -9999.0 -9999.0 -9999.0 -9999.0 -9999.0 -9999.0 -9999.0 -9999.0 -9999.0 -9999.0 -9999.0 -9999.0 -9999.0 -9999.0 -9999.0 -9999.0 -9999.0 -9999.0 -9999.0 -9999.0 -9999.0 -9999.0 -9999.0 -9999.0 -9999.0 -9999.0 -9999.0 -9999.0 -9999.0 -9999.0 -9999.0 -9999.0 -9999.0 -9999.0 -9999.0 -9999.0 -9999.0 -9999.0 -9999.0 -9999.0 -9999.0 -9999.0 -9999.0 -9999.0 -9999.0 -9999.0 -9999.0 -9999.0 -9999.0 -9999.0 -9999.0 -9999.0 -9999.0 -9999.0 -9999.0 -9999.0 -9999.0 -9999.0 -9999.0 -9999.0 -9999.0 -9999.0 -9999.0 -9999.0 -9999.0 -9999.0 -9999.0 -9999.0 -9999.0 -9999.0 -9999.0 -9999.0 -9999.0 -9999.0 -9999.0 -9999.0 -9999.0 -9999.0 -9999.0 -9999.0 -9999.0 -9999.0 -9999.0 -9999.0 -9999.0 -9999.0 -9999.0 -9999.0 -9999.0 -9999.0 -9999.0 -9999.0 -9999.0 -9999.0 -9999.0 -9999.0
-9999.0 -9999.0 -9999.0 -9999.0 -9999.0 -9999.0 -9999.0 -9999.0 -9999.0 -9999.0 -9999.0 -9999.0 -9999.0 -9999.0 -9999.0 -9999.0 -9999.0 -9999.0 -9999.0 -9999.0 -9999.0 -9999.0 -9999.0 -9999.0 -9999.0 -9999.0 -9999.0 -9999.0 -9999.0 -9999.0 -9999.0 -9999.0 -9999.0 -9999.0 -9999.0 -9999.0 -9999.0 -9999.0 -9999.0 -9999.0 -9999.0 -9999.0 -9999.0 -9999.0 -9999.0 -9999.0 -9999.0 -9999.0 -9999.0 -9999.0 -9999.0 -9999.0 -9999.0 -9999.0 -9999.0 -9999.0 -9999.0 -9999.0 -9999.0 -9999.0 -9999.0 -9999.0 -9999.0 -9999.0 -9999.0 -9999.0 -9999.0 -9999.0 -9999.0 -9999.0 -9999.0 -9999.0 -9999.0 -9999.0 -9999.0 -9999.0 -9999.0 -9999.0 -9999.0 -9999.0 -9999.0 -9999.0 -9999.0 -9999.0 -9999.0 -9999.0 -9999.0 -9999.0 -9999.0 -9999.0 -9999.0 -9999.0 -9999.0 -9999.0 -9999.0 -9999.0 -9999.0 -9999.0 -9999.0 -9999.0 -9999.0 -9999.0 -9999.0 -9999.0
-9999.0 -9999.0 -1563.946992 -1625.961489 -1647.415924 -1654.569607 -1657.046996 -1657.928342 -1658.241870 -1658.353132 -1658.393101 -1658.407577 -1658.412837 -1658.414749 -1658.415445 -1658.415698 -1658.415789 -1658.415823 -1658.415835 -1658.415839 -1658.415840 -1658.415841 -1658.415841 -1658.415841 -1658.415841 -1658.415841 -1658.415840 -1658.415840 -1658.415839 -1658.415839 -1658.415838 -1658.415837 -1658.415836 -1658.415835 -1658.415829 -1658.415782 -1658.415400 -1658.412998 -1658.401458 -1658.358498 -1658.231860 -1657.927620 -1657.308123 -1657.775868 -1658.011620 -1658.273533 -1658.661229 -1658.723624 -1658.634244 -1658.564472 -1658.545358 -1658.846170 -1658.435234 -1658.416377 -1658.415869 -1658.415859 -1658.415864 -1658.415872 -1658.415886 -1658.415904 -1658.415930 -1658.415967 -1658.416016 -1658.416084 -1658.416177 -1658.416300 -1658.416466 -1658.416685 -1658.416973 -1658.417351 -1658.417841 -1658.418475 -1658.419289 -1658.420327 -1658.421645 -1658.423307 -1658.425394 -1658.427999 -1658.431235 -1658.435238 -1658.440165 -1658.446205 -1658.453581 -1658.462554 -1658.473434 -1658.486586 -1658.502443 -1658.521517 -1658.544419 -1658.571880 -1658.604785 -1658.644211 -1658.691490 -1658.748291 -1658.816757 -1658.899708 -1659.000992 -1659.126118 -1659.283599 -1659.490467 -1659.883027 -1664.155946 -9999.0 -9999.0
-9999.0 -9999.0 -1563.946992 -1625.961489 -1647.415924 -1654.569607 -1657.046996 -1657.928342 -1658.241870 -1658.353132 -1658.393101 -1658.407577 -1658.412837 -1658.414749 -1658.415445 -1658.415698 -1658.415789 -1658.415823 -1658.415835 -1658.415839 -1658.415840 -1658.415841 -1658.415841 -1658.415841 -1658.415841 -1658.415841 -1658.415840 -1658.415840 -1658.415839 -1658.415839 -1658.415838 -1658.415837 -1658.415836 -1658.415835 -1658.415829 -1658.415782 -1658.415400 -1658.412998 -1658.401458 -1658.358498 -1658.231860 -1657.927620 -1657.308123 -1657.775868 -1658.011620 -1658.273533 -1658.661229 -1658.723624 -1658.634244 -1658.564472 -1658.545358 -1658.846170 -1658.435234 -1658.416377 -1658.415869 -1658.415859 -1658.415864 -1658.415872 -1658.415886 -1658.415904 -1658.415930 -1658.415967 -1658.416016 -1658.416084 -1658.416177 -1658.416300 -1658.416466 -1658.416685 -1658.416973 -1658.417351 -1658.417841 -1658.418475 -1658.419289 -1658.420327 -1658.421645 -1658.423307 -1658.425394 -1658.427999 -1658.431235 -1658.435238 -1658.440165 -1658.446205 -1658.453581 -1658.462554 -1658.473434 -1658.486586 -1658.502443 -1658.521517 -1658.544419 -1658.571880 -1658.604785 -1658.644211 -1658.691490 -1658.748291 -1658.816757 -1658.899708 -1659.000992 -1659.126118 -1659.283599 -1659.490467 -1659.883027 -1664.155946 -9999.0 -9999.0
-9999.0 -9999.0 -1563.946992 -1625.961489 -1647.415924 -1654.569607 -1657.046996 -1657.928342 -1658.241870 -1658.353132 -1658.393101 -1658.407577 -1658.412837 -1658.414749 -1658.415445 -1658.415698 -1658.415789 -1658.415823 -1658.415835 -1658.415839 -1658.415840 -1658.415841 -1658.415841 -1658.415841 -1658.415841 -1658.415841 -1658.415840 -1658.415840 -1658.415839 -1658.415839 -1658.415838 -1658.415837 -1658.415836 -1658.415835 -1658.415829 -1658.415782 -1658.415400 -1658.412998 -1658.401458 -1658.358498 -1658.231860 -1657.927620 -1657.308123 -1657.775868 -1658.011620 -1658.273533 -1658.661229 -1658.723624 -1658.634244 -1658.564472 -1658.545358 -1658.846170 -1658.435234 -1658.416377 -1658.415869 -1658.415859 -1658.415864 -1658.415872 -1658.415886 -1658.415904 -1658.415930 -1658.415967 -1658.416016 -1658.416084 -1658.416177 -1658.416300 -1658.416466 -1658.416685 -1658.416973 -1658.417351 -1658.417841 -1658.418475 -1658.419289 -1658.420327 -1658.421645 -1658.423307 -1658.425394 -1658.427999 -1658.431235 -1658.435238 -1658.440165 -1658.446205 -1658.453581 -1658.462554 -1658.473434 -1658.486586 -1658.502443 -1658.521517 -1658.544419 -1658.571880 -1658.604785 -1658.644211 -1658.691490 -1658.748291 -1658.816757 -1658.899708 -1659.000992 -1659.126118 -1659.283599 -1659.490467 -1659.883027 -1664.155946 -9999.0 -9999.0
-9999.0 -9999.0 -1563.946992 -1625.961489 -1647.415924 -1654.569607 -1657.046996 -1657.928342 -1658.241870 -1658.353132 -1658.393101 -1658.407577 -1658.412837 -1658.414749 -1658.415445 -1658.415698 -1658.415789 -1658.415823 -1658.415835 -1658.415839 -1658.415840 -1658.415841 -1658.415841 -1658.415841 -1658.415841 -1658.415841 -1658.415840 -1658.415840 -1658.415839 -1658.415839 -1658.415838 -1658.415837 -1658.415836 -1658.415835 -1658.415829 -1658.415782 -1658.415400 -1658.412998 -1658.401458 -1658.358498 -1658.231860 -1657.927620 -1657.308123 -1657.775868 -1658.011620 -1658.273533 -1658.661229 -1658.723624 -1658.634244 -1658.564472 -1658.545358 -1658.846170 -1658.435234 -1658.416377 -1658.415869 -1658.415859 -1658.415864 -1658.415872 -1658.415886 -1658.415904 -1658.415930 -1658.415967 -1658.416016 -1658.416084 -1658.416177 -1658.416300 -1658.416466 -1658.416685 -1658.416973 -1658.417351 -1658.417841 -1658.418475 -1658.419289 -1658.420327 -1658.421645 -1658.423307 -1658.425394 -1658.427999 -1658.431235 -1658.435238 -1658.440165 -1658.446205 -1658.453581 -1658.462554 -1658.473434 -1658.486586 -1658.502443 -1658.521517 -1658.544419 -1658.571880 -1658.604785 -1658.644211 -1658.691490 -1658.748291 -1658.816757 -1658.899708 -1659.000992 -1659.126118 -1659.283599 -1659.490467 -1659.883027 -1664.155946 -9999.0 -9999.0
-9999.0 -9999.0 -1563.946992 -1625.961489 -1647.415924 -1654.569607 -1657.046996 -1657.928342 -1658.241870 -1658.353132 -1658.393101 -1658.407577 -1658.412837 -1658.414749 -1658.415445 -1658.415698 -1658.415789 -1658.415823 -1658.415835 -1658.415839 -1658.415840 -1658.415841 -1658.415841 -1658.415841 -1658.415841 -1658.415841 -1658.415840 -1658.415840 -1658.415839 -1658.415839 -1658.415838 -1658.415837 -1658.415836 -1658.415835 -1658.415829 -1658.415782 -1658.415400 -1658.412998 -1658.401458 -1658.358498 -1658.231860 -1657.927620 -1657.308123 -1657.775868 -1658.011620 -1658.273533 -1658.661229 -1658.723624 -1658.634244 -1658.564472 -1658.545358 -1658.846170 -1658.435234 -1658.416377 -1658.415869 -1658.415859 -1658.415864 -1658.415872 -1658.415886 -1658.415904 -1658.415930 -1658.415967 -1658.416016 -1658.416084 -1658.416177 -1658.416300 -1658.416466 -1658.416685 -1658.416973 -1658.417351 -1658.417841 -1658.418475 -1658.419289 -1658.420327 -1658.421645 -1658.423307 -1658.425394 -1658.427999 -1658.431235 -1658.435238 -1658.440165 -1658.446205 -1658.453581 -1658.462554 -1658.473434 -1658.486586 -1658.502443 -1658.521517 -1658.544419 -1658.571880 -1658.604785 -1658.644211 -1658.691490 -1658.748291 -1658.816757 -1658.899708 -1659.000992 -1659.126118 -1659.283599 -1659.490467 -1659.883027 -1664.155946 -9999.0 -9999.0
-9999.0 -9999.0 -1563.946992 -1625.961489 -1647.415924 -1654.569607 -1657.046996 -1657.928342 -1658.241870 -1658.353132 -1658.393101 -1658.407577 -1658.412837 -1658.414749 -1658.415445 -1658.415698 -1658.415789 -1658.415823 -1658.415835 -1658.415839 -1658.415840 -1658.415841 -1658.415841 -1658.415841 -1658.415841 -1658.415841 -1658.415840 -1658.415840 -1658.415839 -1658.415839 -1658.415838 -1658.415837 -1658.415836 -1658.415835 -1658.415829 -1658.415782 -1658.415400 -1658.412998 -1658.401458 -1658.358498 -1658.231860 -1657.927620 -1657.308123 -1657.775868 -1658.011620 -1658.273533 -1658.661229 -1658.723624 -1658.634244 -1658.564472 -1658.545358 -1658.846170 -1658.435234 -1658.416377 -1658.415869 -1658.415859 -1658.415864 -1658.415872 -1658.415886 -1658.415904 -1658.415930 -1658.415967 -1658.416016 -1658.416084 -1658.416177 -1658.416300 -1658.416466 -1658.416685 -1658.416973 -1658.417351 -1658.417841 -1658.418475 -1658.419289 -1658.420327 -1658.421645 -1658.423307 -1658.425394 -1658.427999 -1658.431235 -1658.435238 -1658.440165 -1658.446205 -1658.453581 -1658.462554 -1658.473434 -1658.486586 -1658.502443 -1658.521517 -1658.544419 -1658.571880 -1658.604785 -1658.644211 -1658.691490 -1658.748291 -1658.816757 -1658.899708 -1659.000992 -1659.126118 -1659.283599 -1659.490467 -1659.883027 -1664.155946 -9999.0 -9999.0
-9999.0 -9999.0 -9999.0 -9999.0 -9999.0 -9999.0 -9999.0 -9999.0 -9999.0 -9999.0 -9999.0 -9999.0 -9999.0 -9999.0 -9999.0 -9999.0 -9999.0 -9999.0 -9999.0 -9999.0 -9999.0 -9999.0 -9999.0 -9999.0 -9999.0 -9999.0 -9999.0 -9999.0 -9999.0 -9999.0 -9999.0 -9999.0 -9999.0 -9999.0 -9999.0 -9999.0 -9999.0 -9999.0 -9999.0 -9999.0 -9999.0 -9999.0 -9999.0 -9999.0 -9999.0 -9999.0 -9999.0 -9999.0 -9999.0 -9999.0 -9999.0 -9999.0 -9999.0 -9999.0 -9999.0 -9999.0 -9999.0 -9999.0 -9999.0 -9999.0 -9999.0 -9999.0 -9999.0 -9999.0 -9999.0 -9999.0 -9999.0 -9999.0 -9999.0 -9999.0 -9999.0 -9999.0 -9999.0 -9999.0 -9999.0 -9999.0 -9999.0 -9999.0 -9999.0 -9999.0 -9999.0 -9999.0 -9999.0 -9999.0 -9999.0 -9999.0 -9999.0 -9999.0 -9999.0 -9999.0 -9999.0 -9999.0 -9999.0 -9999.0 -9999.0 -9999.0 -9999.0 -9999.0 -9999.0 -9999.0 -9999.0 -9999.0 -9999.0 -9999.0
-9999.0 -9999.0 -9999.0 -9999.0 -9999.0 -9999.0 -9999.0 -9999.0 -9999.0 -9999.0 -9999.0 -9999.0 -9999.0 -9999.0 -9999.0 -9999.0 -9999.0 -9999.0 -9999.0 -9999.0 -9999.0 -9999.0 -9999.0 -9999.0 -9999.0 -9999.0 -9999.0 -9999.0 -9999.0 -9999.0 -9999.0 -9999.0 -9999.0 -9999.0 -9999.0 -9999.0 -9999.0 -9999.0 -9999.0 -9999.0 -9999.0 -9999.0 -9999.0 -9999.0 -9999.0 -9999.0 -9999.0 -9999.0 -9999.0 -9999.0 -9999.0 -9999.0 -9999.0 -9999.0 -9999.0 -9999.0 -9999.0 -9999.0 -9999.0 -9999.0 -9999.0 -9999.0 -9999.0 -9999.0 -9999.0 -9999.0 -9999.0 -9999.0 -9999.0 -9999.0 -9999.0 -9999.0 -9999.0 -9999.0 -9999.0 -9999.0 -9999.0 -9999.0 -9999.0 -9999.0 -9999.0 -9999.0 -9999.0 -9999.0 -9999.0 -9999.0 -9999.0 -9999.0 -9999.0 -9999.0 -9999.0 -9999.0 -9999.0 -9999.0 -9999.0 -9999.0 -9999.0 -9999.0 -9999.0 -9999.0 -9999.0 -9999.0 -9999.0 -9999.0