tests/3D/hillslope02_superslab/out/maps3D/PwL0086N0001.asc
ncols         104
nrows         10
xllcorner     -2.000000
yllcorner     0.000000
cellsize      1.000000
NODATA_value  -9999.0
-9999.0 -9999.0 -9999.0 -9999.0 -9999.0 -9999.0 -9999.0 -9999.0 -9999.0 -9999.0 -9999.0 -9999.0 -9999.0 -9999.0 -9999.0 -9999.0 -9999.0 -9999.0 -9999.0 -9999.0 -9999.0 -9999.0 -9999.0 -9999.0 -9999.0 -9999.0 -9999.0 -9999.0 -9999.0 -9999.0 -9999.0 -9999.0 -9999.0 -9999.0 -9999.0 -9999.0 -9999.0 -9999.0 -9999.0 -9999.0 -9999.0 -9999.0 -9999.0 -9999.0 -9999.0 -9999.0 -9999.0 -9999.0 -9999.0 -9999.0 -9999.0 -9999.0 -9999.0 -9999.0 -9999.0 -9999.0 -9999.0 -9999.0 -9999.0 -9999.0 -9999.0 -9999.0 -9999.0 -9999.0 -9999.0 -9999.0 -9999.0 -9999.0 -9999.0 -9999.0 -9999.0 -9999.0 -9999.0 -9999.0 -9999.0 -9999.0 -9999.0 -9999.0 -9999.0 -9999.0 -9999.0 -9999.0 -9999.0 -9999.0 -9999.0 -9999.0 -9999.0 -9999.0 -9999.0 -9999.0 -9999.0 -9999.0 -9999.0 -9999.0 -9999.0 -9999.0 -9999.0 -9999.0 -9999.0 -9999.0 -9999.0 -9999.0 -9999.0 -9999.0
-9999.0 -9999.0 -9999.0 -9999.0 -9999.0 -9999.0 -9999.0 -9999.0 -9999.0 -9999.0 -9999.0 -9999.0 -9999.0 -9999.0 -9999.0 -9999.0 -9999.0 -9999.0 -9999.0 -9999.0 -9999.0 -9999.0 -9999.0 -9999.0 -9999.0 -9999.0 -9999.0 -9999.0 -9999.0 -9999.0 -9999.0 -9999.0 -9999.0 -9999.0 -9999.0 -9999.0 -9999.0 -9999.0 -9999.0 -9999.0 -9999.0 -9999.0 -9999.0 -9999.0 -9999.0 -9999.0 -9999.0 -9999.0 -9999.0 -9999.0 -9999.0 -9999.0 -9999.0 -9999.0 -9999.0 -9999.0 -9999.0 -9999.0 -9999.0 -9999.0 -9999.0 -9999.0 -9999.0 -9999.0 -9999.0 -9999.0 -9999.0 -9999.0 -9999.0 -9999.0 -9999.0 -9999.0 -9999.0 -9999.0 -9999.0 -9999.0 -9999.0 -9999.0 -9999.0 -9999.0 -9999.0 -9999.0 -9999.0 -9999.0 -9999.0 -9999.0 -9999.0 -9999.0 -9999.0 -9999.0 -9999.0 -9999.0 -9999.0 -9999.0 -9999.0 -9999.0 -9999.0 -9999.0 -9999.0 -9999.0 -9999.0 -9999.0 -9999.0 -9999.0
-9999.0 -9999.0 -534.558173 -629.885413 -682.966841 -705.468924 -713.541549 -716.347952 -717.316110 -717.648830 -717.762808 -717.801732 -717.814986 -717.819485 -717.821008 -717.821522 -717.821695 -717.821753 -717.821773 -717.821779 -717.821781 -717.821782 -717.821782 -717.821782 -717.821782 -717.821782 -717.821782 -717.821782 -717.821782 -717.821782 -717.821782 -717.821782 -717.821782 -717.821782 -717.821782 -717.821782 -717.821781 -717.821780 -717.821778 -717.821775 -717.821769 -717.821758 -717.821739 -717.821705 -717.821612 -717.821149 -717.818419 -717.805508 -717.759182 -717.635189 -717.424308 -718.234384 -717.831082 -717.822118 -717.821849 -717.821804 -717.821790 -717.821785 -717.821783 -717.821783 -717.821782 -717.821782 -717.821782 -717.821782 -717.821782 -717.821782 -717.821782 -717.821782 -717.821782 -717.821782 -717.821782 -717.821783 -717.821784 -717.821786 -717.821790 -717.821802 -717.821827 -717.821887 -717.822020 -717.822313 -717.822949 -717.824295 -717.827081 -717.832704 -717.843742 -717.864779 -717.903608 -717.972879 -718.092126 -718.289980 -718.606289 -719.093819 -719.819436 -720.865021 -722.328957 -724.329748 -727.014550 -730.577917 -735.303109 -741.663855 -750.695338 -767.246793 -9999.0 -9999.0
-9999.0 -9999.0 -534.558173 -629.885413 -682.966841 -705.468924 -713.541549 -716.347952 -717.316110 -717.648830 -717.762808 -717.801732 -717.814986 -717.819485 -717.821008 -717.821522 -717.821695 -717.821753 -717.821773 -717.821779 -717.821781 -717.821782 -717.821782 -717.821782 -717.821782 -717.821782 -717.821782 -717.821782 -717.821782 -717.821782 -717.821782 -717.821782 -717.821782 -717.821782 -717.821782 -717.821782 -717.821781 -717.821780 -717.821778 -717.821775 -717.821769 -717.821758 -717.821739 -717.821705 -717.821612 -717.821149 -717.818419 -717.805508 -717.759182 -717.635189 -717.424308 -718.234384 -717.831082 -717.822118 -717.821849 -717.821804 -717.821790 -717.821785 -717.821783 -717.821783 -717.821782 -717.821782 -717.821782 -717.821782 -717.821782 -717.821782 -717.821782 -717.821782 -717.821782 -717.821782 -717.821782 -717.821783 -717.821784 -717.821786 -717.821790 -717.821802 -717.821827 -717.821887 -717.822020 -717.822313 -717.822949 -717.824295 -717.827081 -717.832704 -717.843742 -717.864779 -717.903608 -717.972879 -718.092126 -718.289980 -718.606289 -719.093819 -719.819436 -720.865021 -722.328957 -724.329748 -727.014550 -730.577917 -735.303109 -741.663855 -750.695338 -767.246793 -9999.0 -9999.0
-9999.0 -9999.0 -534.558173 -629.885413 -682.966841 -705.468924 -713.541549 -716.347952 -717.316110 -717.648830 -717.762808 -717.801732 -717.814986 -717.819485 -717.821008 -717.821522 -717.821695 -717.821753 -717.821773 -717.821779 -717.821781 -717.821782 -717.821782 -717.821782 -717.821782 -717.821782 -717.821782 -717.821782 -717.821782 -717.821782 -717.821782 -717.821782 -717.821782 -717.821782 -717.821782 -717.821782 -717.821781 -717.821780 -717.821778 -717.821775 -717.821769 -717.821758 -717.821739 -717.821705 -717.821612 -717.821149 -717.818419 -717.805508 -717.759182 -717.635189 -717.424308 -718.234384 -717.831082 -717.822118 -717.821849 -717.821804 -717.821790 -717.821785 -717.821783 -717.821783 -717.821782 -717.821782 -717.821782 -717.821782 -717.821782 -717.821782 -717.821782 -717.821782 -717.821782 -717.821782 -717.821782 -717.821783 -717.821784 -717.821786 -717.821790 -717.821802 -717.821827 -717.821887 -717.822020 -717.822313 -717.822949 -717.824295 -717.827081 -717.832704 -717.843742 -717.864779 -717.903608 -717.972879 -718.092126 -718.289980 -718.606289 -719.093819 -719.819436 -720.865021 -722.328957 -724.329748 -727.014550 -730.577917 -735.303109 -741.663855 -750.695338 -767.246793 -9999.0 -9999.0
-9999.0 -9999.0 -534.558173 -629.885413 -682.966841 -705.468924 -713.541549 -716.347952 -717.316110 -717.648830 -717.762808 -717.801732 -717.814986 -717.819485 -717.821008 -717.821522 -717.821695 -717.821753 -717.821773 -717.821779 -717.821781 -717.821782 -717.821782 -717.821782 -717.821782 -717.821782 -717.821782 -717.821782 -717.821782 -717.821782 -717.821782 -717.821782 -717.821782 -717.821782 -717.821782 -717.821782 -717.821781 -717.821780 -717.821778 -717.821775 -717.821769 -717.821758 -717.821739 -717.821705 -717.821612 -717.821149 -717.818419 -717.805508 -717.759182 -717.635189 -717.424308 -718.234384 -717.831082 -717.822118 -717.821849 -717.821804 -717.821790 -717.821785 -717.821783 -717.821783 -717.821782 -717.821782 -717.821782 -717.821782 -717.821782 -717.821782 -717.821782 -717.821782 -717.821782 -717.821782 -717.821782 -717.821783 -717.821784 -717.821786 -717.821790 -717.821802 -717.821827 -717.821887 -717.822020 -717.822313 -717.822949 -717.824295 -717.827081 -717.832704 -717.843742 -717.864779 -717.903608 -717.972879 -718.092126 -718.289980 -718.606289 -719.093819 -719.819436 -720.865021 -722.328957 -724.329748 -727.014550 -730.577917 -735.303109 -741.663855 -750.695338 -767.246793 -9999.0 -9999.0
-9999.0 -9999.0 -534.558173 -629.885413 -682.966841 -705.468924 -713.541549 -716.347952 -717.316110 -717.648830 -717.762808 -717.801732 -717.814986 -717.819485 -717.821008 -717.821522 -717.821695 -717.821753 -717.821773 -717.821779 -717.821781 -717.821782 -717.821782 -717.821782 -717.821782 -717.821782 -717.821782 -717.821782 -717.821782 -717.821782 -717.821782 -717.821782 -717.821782 -717.821782 -717.821782 -717.821782 -717.821781 -717.821780 -717.821778 -717.821775 -717.821769 -717.821758 -717.821739 -717.821705 -717.821612 -717.821149 -717.818419 -717.805508 -717.759182 -717.635189 -717.424308 -718.234384 -717.831082 -717.822118 -717.821849 -717.821804 -717.821790 -717.821785 -717.821783 -717.821783 -717.821782 -717.821782 -717.821782 -717.821782 -717.821782 -717.821782 -717.821782 -717.821782 -717.821782 -717.821782 -717.821782 -717.821783 -717.821784 -717.821786 -717.821790 -717.821802 -717.821827 -717.821887 -717.822020 -717.822313 -717.822949 -717.824295 -717.827081 -717.832704 -717.843742 -717.864779 -717.903608 -717.972879 -718.092126 -718.289980 -718.606289 -719.093819 -719.819436 -720.865021 -722.328957 -724.329748 -727.014550 -730.577917 -735.303109 -741.663855 -750.695338 -767.246793 -9999.0 -9999.0
-9999.0 -9999.0 -534.558173 -629.885413 -682.966841 -705.468924 -713.541549 -716.347952 -717.316110 -717.648830 -717.762808 -717.801732 -717.814986 -717.819485 -717.821008 -717.821522 -717.821695 -717.821753 -717.821773 -717.821779 -717.821781 -717.821782 -717.821782 -717.821782 -717.821782 -717.821782 -717.821782 -717.821782 -717.821782 -717.821782 -717.821782 -717.821782 -717.821782 -717.821782 -717.821782 -717.821782 -717.821781 -717.821780 -717.821778 -717.821775 -717.821769 -717.821758 -717.821739 -717.821705 -717.821612 -717.821149 -717.818419 -717.805508 -717.759182 -717.635189 -717.424308 -718.234384 -717.831082 -717.822118 -717.821849 -717.821804 -717.821790 -717.821785 -717.821783 -717.821783 -717.821782 -717.821782 -717.821782 -717.821782 -717.821782 -717.821782 -717.821782 -717.821782 -717.821782 -717.821782 -717.821782 -717.821783 -717.821784 -717.821786 -717.821790 -717.821802 -717.821827 -717.821887 -717.822020 -717.822313 -717.822949 -717.824295 -717.827081 -717.832704 -717.843742 -717.864779 -717.903608 -717.972879 -718.092126 -718.289980 -718.606289 -719.093819 -719.819436 -720.865021 -722.328957 -724.329748 -727.014550 -730.577917 -735.303109 -741.663855 -750.695338 -767.246793 -9999.0 -9999.0
-9999.0 -9999.0 -9999.0 -9999.0 -9999.0 -9999.0 -9999.0 -9999.0 -9999.0 -9999.0 -9999.0 -9999.0 -9999.0 -9999.0 -9999.0 -9999.0 -9999.0 -9999.0 -9999.0 -9999.0 -9999.0 -9999.0 -9999.0 -9999.0 -9999.0 -9999.0 -9999.0 -9999.0 -9999.0 -9999.0 -9999.0 -9999.0 -9999.0 -9999.0 -9999.0 -9999.0 -9999.0 -9999.0 -9999.0 -9999.0 -9999.0 -9999.0 -9999.0 -9999.0 -9999.0 -9999.0 -9999.0 -9999.0 -9999.0 -9999.0 -9999.0 -9999.0 -9999.0 -9999.0 -9999.0 -9999.0 -9999.0 -9999.0 -9999.0 -9999.0 -9999.0 -9999.0 -9999.0 -9999.0 -9999.0 -9999.0 -9999.0 -9999.0 -9999.0 -9999.0 -9999.0 -9999.0 -9999.0 -9999.0 -9999.0 -9999.0 -9999.0 -9999.0 -9999.0 -9999.0 -9999.0 -9999.0 -9999.0 -9999.0 -9999.0 -9999.0 -9999.0 -9999.0 -9999.0 -9999.0 -9999.0 -9999.0 -9999.0 -9999.0 -9999.0 -9999.0 -9999.0 -9999.0 -9999.0 -9999.0 -9999.0 -9999.0 -9999.0 -9999.0
-9999.0 -9999.0 -9999.0 -9999.0 -9999.0 -9999.0 -9999.0 -9999.0 -9999.0 -9999.0 -9999.0 -9999.0 -9999.0 -9999.0 -9999.0 -9999.0 -9999.0 -9999.0 -9999.0 -9999.0 -9999.0 -9999.0 -9999.0 -9999.0 -9999.0 -9999.0 -9999.0 -9999.0 -9999.0 -9999.0 -9999.0 -9999.0 -9999.0 -9999.0 -9999.0 -9999.0 -9999.0 -9999.0 -9999.0 -9999.0 -9999.0 -9999.0 -9999.0 -9999.0 -9999.0 -9999.0 -9999.0 -9999.0 -9999.0 -9999.0 -9999.0 -9999.0 -9999.0 -9999.0 -9999.0 -9999.0 -9999.0 -9999.0 -9999.0 -9999.0 -9999.0 -9999.0 -9999.0 -9999.0 -9999.0 -9999.0 -9999.0 -9999.0 -9999.0 -9999.0 -9999.0 -9999.0 -9999.0 -9999.0 -9999.0 -9999.0 -9999.0 -9999.0 -9999.0 -9999.0 -9999.0 -9999.0 -9999.0 -9999.0 -9999.0 -9999.0 -9999.0 -9999.0 -9999.0 -9999.0 -9999.0 -9999.0 -9999.0 -9999.0 -9999.0 -9999.0 -9999.0 -9999.0 -9999.0 -9999.0 -9999.0 -9999.0 -9999.0 -9999.0