tests/3D/hillslope02_superslab/out/maps3D/PwL0098N0004.asc
ncols         104
nrows         10
xllcorner     -2.000000
yllcorner     0.000000
cellsize      1.000000
NODATA_value  -9999.0
-9999.0 -9999.0 -9999.0 -9999.0 -9999.0 -9999.0 -9999.0 -9999.0 -9999.0 -9999.0 -9999.0 -9999.0 -9999.0 -9999.0 -9999.0 -9999.0 -9999.0 -9999.0 -9999.0 -9999.0 -9999.0 -9999.0 -9999.0 -9999.0 -9999.0 -9999.0 -9999.0 -9999.0 -9999.0 -9999.0 -9999.0 -9999.0 -9999.0 -9999.0 -9999.0 -9999.0 -9999.0 -9999.0 -9999.0 -9999.0 -9999.0 -9999.0 -9999.0 -9999.0 -9999.0 -9999.0 -9999.0 -9999.0 -9999.0 -9999.0 -9999.0 -9999.0 -9999.0 -9999.0 -9999.0 -9999.0 -9999.0 -9999.0 -9999.0 -9999.0 -9999.0 -9999.0 -9999.0 -9999.0 -9999.0 -9999.0 -9999.0 -9999.0 -9999.0 -9999.0 -9999.0 -9999.0 -9999.0 -9999.0 -9999.0 -9999.0 -9999.0 -9999.0 -9999.0 -9999.0 -9999.0 -9999.0 -9999.0 -9999.0 -9999.0 -9999.0 -9999.0 -9999.0 -9999.0 -9999.0 -9999.0 -9999.0 -9999.0 -9999.0 -9999.0 -9999.0 -9999.0 -9999.0 -9999.0 -9999.0 -9999.0 -9999.0 -9999.0 -9999.0
-9999.0 -9999.0 -9999.0 -9999.0 -9999.0 -9999.0 -9999.0 -9999.0 -9999.0 -9999.0 -9999.0 -9999.0 -9999.0 -9999.0 -9999.0 -9999.0 -9999.0 -9999.0 -9999.0 -9999.0 -9999.0 -9999.0 -9999.0 -9999.0 -9999.0 -9999.0 -9999.0 -9999.0 -9999.0 -9999.0 -9999.0 -9999.0 -9999.0 -9999.0 -9999.0 -9999.0 -9999.0 -9999.0 -9999.0 -9999.0 -9999.0 -9999.0 -9999.0 -9999.0 -9999.0 -9999.0 -9999.0 -9999.0 -9999.0 -9999.0 -9999.0 -9999.0 -9999.0 -9999.0 -9999.0 -9999.0 -9999.0 -9999.0 -9999.0 -9999.0 -9999.0 -9999.0 -9999.0 -9999.0 -9999.0 -9999.0 -9999.0 -9999.0 -9999.0 -9999.0 -9999.0 -9999.0 -9999.0 -9999.0 -9999.0 -9999.0 -9999.0 -9999.0 -9999.0 -9999.0 -9999.0 -9999.0 -9999.0 -9999.0 -9999.0 -9999.0 -9999.0 -9999.0 -9999.0 -9999.0 -9999.0 -9999.0 -9999.0 -9999.0 -9999.0 -9999.0 -9999.0 -9999.0 -9999.0 -9999.0 -9999.0 -9999.0 -9999.0 -9999.0
-9999.0 -9999.0 379.205046 281.843445 188.252135 100.404922 22.002421 -41.720464 -84.476310 -107.642949 -117.490768 -121.375369 -122.861831 -123.423819 -123.635243 -123.714591 -123.744313 -123.755409 -123.759514 -123.760992 -123.761478 -123.761585 -123.761542 -123.761436 -123.761301 -123.761150 -123.760992 -123.760831 -123.760672 -123.760519 -123.760378 -123.760254 -123.760153 -123.760081 -123.760046 -123.760058 -123.760133 -123.760284 -123.760538 -123.760934 -123.761535 -123.762431 -123.763759 -123.765722 -123.768621 -123.772915 -123.779307 -123.788859 -123.803133 -123.824305 -123.855109 -123.896676 -123.927251 -123.979478 -124.053475 -124.151377 -124.277134 -124.435739 -124.632833 -124.874477 -125.166986 -125.516781 -125.930256 -126.413654 -126.972965 -127.613846 -128.341574 -129.161019 -130.076659 -131.092608 -132.212674 -133.440440 -134.779353 -136.232833 -137.804385 -139.497732 -141.316946 -143.266598 -145.351920 -147.578987 -149.954921 -152.488133 -155.188608 -158.068259 -161.141358 -164.425088 -167.940261 -171.712251 -175.772261 -180.159040 -184.921303 -190.121182 -195.839330 -202.182671 -209.296674 -217.385659 -226.748362 -237.844831 -251.434522 -268.900533 -293.170284 -332.318581 -9999.0 -9999.0
-9999.0 -9999.0 379.205046 281.843445 188.252135 100.404922 22.002421 -41.720464 -84.476310 -107.642949 -117.490768 -121.375369 -122.861831 -123.423819 -123.635243 -123.714591 -123.744313 -123.755409 -123.759514 -123.760992 -123.761478 -123.761585 -123.761542 -123.761436 -123.761301 -123.761150 -123.760992 -123.760831 -123.760672 -123.760519 -123.760378 -123.760254 -123.760153 -123.760081 -123.760046 -123.760058 -123.760133 -123.760284 -123.760538 -123.760934 -123.761535 -123.762431 -123.763759 -123.765722 -123.768621 -123.772915 -123.779307 -123.788859 -123.803133 -123.824305 -123.855109 -123.896676 -123.927251 -123.979478 -124.053475 -124.151377 -124.277134 -124.435739 -124.632833 -124.874477 -125.166986 -125.516781 -125.930256 -126.413654 -126.972965 -127.613846 -128.341574 -129.161019 -130.076659 -131.092608 -132.212674 -133.440440 -134.779353 -136.232833 -137.804385 -139.497732 -141.316946 -143.266598 -145.351920 -147.578987 -149.954921 -152.488133 -155.188608 -158.068259 -161.141358 -164.425088 -167.940261 -171.712251 -175.772261 -180.159040 -184.921303 -190.121182 -195.839330 -202.182671 -209.296674 -217.385659 -226.748362 -237.844831 -251.434522 -268.900533 -293.170284 -332.318581 -9999.0 -9999.0
-9999.0 -9999.0 379.205046 281.843445 188.252135 100.404922 22.002421 -41.720464 -84.476310 -107.642949 -117.490768 -121.375369 -122.861831 -123.423819 -123.635243 -123.714591 -123.744313 -123.755409 -123.759514 -123.760992 -123.761478 -123.761585 -123.761542 -123.761436 -123.761301 -123.761150 -123.760992 -123.760831 -123.760672 -123.760519 -123.760378 -123.760254 -123.760153 -123.760081 -123.760046 -123.760058 -123.760133 -123.760284 -123.760538 -123.760934 -123.761535 -123.762431 -123.763759 -123.765722 -123.768621 -123.772915 -123.779307 -123.788859 -123.803133 -123.824305 -123.855109 -123.896676 -123.927251 -123.979478 -124.053475 -124.151377 -124.277134 -124.435739 -124.632833 -124.874477 -125.166986 -125.516781 -125.930256 -126.413654 -126.972965 -127.613846 -128.341574 -129.161019 -130.076659 -131.092608 -132.212674 -133.440440 -134.779353 -136.232833 -137.804385 -139.497732 -141.316946 -143.266598 -145.351920 -147.578987 -149.954921 -152.488133 -155.188608 -158.068259 -161.141358 -164.425088 -167.940261 -171.712251 -175.772261 -180.159040 -184.921303 -190.121182 -195.839330 -202.182671 -209.296674 -217.385659 -226.748362 -237.844831 -251.434522 -268.900533 -293.170284 -332.318581 -9999.0 -9999.0
-9999.0 -9999.0 379.205046 281.843445 188.252135 100.404922 22.002421 -41.720464 -84.476310 -107.642949 -117.490768 -121.375369 -122.861831 -123.423819 -123.635243 -123.714591 -123.744313 -123.755409 -123.759514 -123.760992 -123.761478 -123.761585 -123.761542 -123.761436 -123.761301 -123.761150 -123.760992 -123.760831 -123.760672 -123.760519 -123.760378 -123.760254 -123.760153 -123.760081 -123.760046 -123.760058 -123.760133 -123.760284 -123.760538 -123.760934 -123.761535 -123.762431 -123.763759 -123.765722 -123.768621 -123.772915 -123.779307 -123.788859 -123.803133 -123.824305 -123.855109 -123.896676 -123.927251 -123.979478 -124.053475 -124.151377 -124.277134 -124.435739 -124.632833 -124.874477 -125.166986 -125.516781 -125.930256 -126.413654 -126.972965 -127.613846 -128.341574 -129.161019 -130.076659 -131.092608 -132.212674 -133.440440 -134.779353 -136.232833 -137.804385 -139.497732 -141.316946 -143.266598 -145.351920 -147.578987 -149.954921 -152.488133 -155.188608 -158.068259 -161.141358 -164.425088 -167.940261 -171.712251 -175.772261 -180.159040 -184.921303 -190.121182 -195.839330 -202.182671 -209.296674 -217.385659 -226.748362 -237.844831 -251.434522 -268.900533 -293.170284 -332.318581 -9999.0 -9999.0
-9999.0 -9999.0 379.205046 281.843445 188.252135 100.404922 22.002421 -41.720464 -84.476310 -107.642949 -117.490768 -121.375369 -122.861831 -123.423819 -123.635243 -123.714591 -123.744313 -123.755409 -123.759514 -123.760992 -123.761478 -123.761585 -123.761542 -123.761436 -123.761301 -123.761150 -123.760992 -123.760831 -123.760672 -123.760519 -123.760378 -123.760254 -123.760153 -123.760081 -123.760046 -123.760058 -123.760133 -123.760284 -123.760538 -123.760934 -123.761535 -123.762431 -123.763759 -123.765722 -123.768621 -123.772915 -123.779307 -123.788859 -123.803133 -123.824305 -123.855109 -123.896676 -123.927251 -123.979478 -124.053475 -124.151377 -124.277134 -124.435739 -124.632833 -124.874477 -125.166986 -125.516781 -125.930256 -126.413654 -126.972965 -127.613846 -128.341574 -129.161019 -130.076659 -131.092608 -132.212674 -133.440440 -134.779353 -136.232833 -137.804385 -139.497732 -141.316946 -143.266598 -145.351920 -147.578987 -149.954921 -152.488133 -155.188608 -158.068259 -161.141358 -164.425088 -167.940261 -171.712251 -175.772261 -180.159040 -184.921303 -190.121182 -195.839330 -202.182671 -209.296674 -217.385659 -226.748362 -237.844831 -251.434522 -268.900533 -293.170284 -332.318581 -9999.0 -9999.0
-9999.0 -9999.0 379.205046 281.843445 188.252135 100.404922 22.002421 -41.720464 -84.476310 -107.642949 -117.490768 -121.375369 -122.861831 -123.423819 -123.635243 -123.714591 -123.744313 -123.755409 -123.759514 -123.760992 -123.761478 -123.761585 -123.761542 -123.761436 -123.761301 -123.761150 -123.760992 -123.760831 -123.760672 -123.760519 -123.760378 -123.760254 -123.760153 -123.760081 -123.760046 -123.760058 -123.760133 -123.760284 -123.760538 -123.760934 -123.761535 -123.762431 -123.763759 -123.765722 -123.768621 -123.772915 -123.779307 -123.788859 -123.803133 -123.824305 -123.855109 -123.896676 -123.927251 -123.979478 -124.053475 -124.151377 -124.277134 -124.435739 -124.632833 -124.874477 -125.166986 -125.516781 -125.930256 -126.413654 -126.972965 -127.613846 -128.341574 -129.161019 -130.076659 -131.092608 -132.212674 -133.440440 -134.779353 -136.232833 -137.804385 -139.497732 -141.316946 -143.266598 -145.351920 -147.578987 -149.954921 -152.488133 -155.188608 -158.068259 -161.141358 -164.425088 -167.940261 -171.712251 -175.772261 -180.159040 -184.921303 -190.121182 -195.839330 -202.182671 -209.296674 -217.385659 -226.748362 -237.844831 -251.434522 -268.900533 -293.170284 -332.318581 -9999.0 -9999.0
-9999.0 -9999.0 -9999.0 -9999.0 -9999.0 -9999.0 -9999.0 -9999.0 -9999.0 -9999.0 -9999.0 -9999.0 -9999.0 -9999.0 -9999.0 -9999.0 -9999.0 -9999.0 -9999.0 -9999.0 -9999.0 -9999.0 -9999.0 -9999.0 -9999.0 -9999.0 -9999.0 -9999.0 -9999.0 -9999.0 -9999.0 -9999.0 -9999.0 -9999.0 -9999.0 -9999.0 -9999.0 -9999.0 -9999.0 -9999.0 -9999.0 -9999.0 -9999.0 -9999.0 -9999.0 -9999.0 -9999.0 -9999.0 -9999.0 -9999.0 -9999.0 -9999.0 -9999.0 -9999.0 -9999.0 -9999.0 -9999.0 -9999.0 -9999.0 -9999.0 -9999.0 -9999.0 -9999.0 -9999.0 -9999.0 -9999.0 -9999.0 -9999.0 -9999.0 -9999.0 -9999.0 -9999.0 -9999.0 -9999.0 -9999.0 -9999.0 -9999.0 -9999.0 -9999.0 -9999.0 -9999.0 -9999.0 -9999.0 -9999.0 -9999.0 -9999.0 -9999.0 -9999.0 -9999.0 -9999.0 -9999.0 -9999.0 -9999.0 -9999.0 -9999.0 -9999.0 -9999.0 -9999.0 -9999.0 -9999.0 -9999.0 -9999.0 -9999.0 -9999.0
-9999.0 -9999.0 -9999.0 -9999.0 -9999.0 -9999.0 -9999.0 -9999.0 -9999.0 -9999.0 -9999.0 -9999.0 -9999.0 -9999.0 -9999.0 -9999.0 -9999.0 -9999.0 -9999.0 -9999.0 -9999.0 -9999.0 -9999.0 -9999.0 -9999.0 -9999.0 -9999.0 -9999.0 -9999.0 -9999.0 -9999.0 -9999.0 -9999.0 -9999.0 -9999.0 -9999.0 -9999.0 -9999.0 -9999.0 -9999.0 -9999.0 -9999.0 -9999.0 -9999.0 -9999.0 -9999.0 -9999.0 -9999.0 -9999.0 -9999.0 -9999.0 -9999.0 -9999.0 -9999.0 -9999.0 -9999.0 -9999.0 -9999.0 -9999.0 -9999.0 -9999.0 -9999.0 -9999.0 -9999.0 -9999.0 -9999.0 -9999.0 -9999.0 -9999.0 -9999.0 -9999.0 -9999.0 -9999.0 -9999.0 -9999.0 -9999.0 -9999.0 -9999.0 -9999.0 -9999.0 -9999.0 -9999.0 -9999.0 -9999.0 -9999.0 -9999.0 -9999.0 -9999.0 -9999.0 -9999.0 -9999.0 -9999.0 -9999.0 -9999.0 -9999.0 -9999.0 -9999.0 -9999.0 -9999.0 -9999.0 -9999.0 -9999.0 -9999.0 -9999.0