tests/3D/hillslope02_superslab/out/maps3D/PwL0064N0004.asc
ncols         104
nrows         10
xllcorner     -2.000000
yllcorner     0.000000
cellsize      1.000000
NODATA_value  -9999.0
-9999.0 -9999.0 -9999.0 -9999.0 -9999.0 -9999.0 -9999.0 -9999.0 -9999.0 -9999.0 -9999.0 -9999.0 -9999.0 -9999.0 -9999.0 -9999.0 -9999.0 -9999.0 -9999.0 -9999.0 -9999.0 -9999.0 -9999.0 -9999.0 -9999.0 -9999.0 -9999.0 -9999.0 -9999.0 -9999.0 -9999.0 -9999.0 -9999.0 -9999.0 -9999.0 -9999.0 -9999.0 -9999.0 -9999.0 -9999.0 -9999.0 -9999.0 -9999.0 -9999.0 -9999.0 -9999.0 -9999.0 -9999.0 -9999.0 -9999.0 -9999.0 -9999.0 -9999.0 -9999.0 -9999.0 -9999.0 -9999.0 -9999.0 -9999.0 -9999.0 -9999.0 -9999.0 -9999.0 -9999.0 -9999.0 -9999.0 -9999.0 -9999.0 -9999.0 -9999.0 -9999.0 -9999.0 -9999.0 -9999.0 -9999.0 -9999.0 -9999.0 -9999.0 -9999.0 -9999.0 -9999.0 -9999.0 -9999.0 -9999.0 -9999.0 -9999.0 -9999.0 -9999.0 -9999.0 -9999.0 -9999.0 -9999.0 -9999.0 -9999.0 -9999.0 -9999.0 -9999.0 -9999.0 -9999.0 -9999.0 -9999.0 -9999.0 -9999.0 -9999.0
-9999.0 -9999.0 -9999.0 -9999.0 -9999.0 -9999.0 -9999.0 -9999.0 -9999.0 -9999.0 -9999.0 -9999.0 -9999.0 -9999.0 -9999.0 -9999.0 -9999.0 -9999.0 -9999.0 -9999.0 -9999.0 -9999.0 -9999.0 -9999.0 -9999.0 -9999.0 -9999.0 -9999.0 -9999.0 -9999.0 -9999.0 -9999.0 -9999.0 -9999.0 -9999.0 -9999.0 -9999.0 -9999.0 -9999.0 -9999.0 -9999.0 -9999.0 -9999.0 -9999.0 -9999.0 -9999.0 -9999.0 -9999.0 -9999.0 -9999.0 -9999.0 -9999.0 -9999.0 -9999.0 -9999.0 -9999.0 -9999.0 -9999.0 -9999.0 -9999.0 -9999.0 -9999.0 -9999.0 -9999.0 -9999.0 -9999.0 -9999.0 -9999.0 -9999.0 -9999.0 -9999.0 -9999.0 -9999.0 -9999.0 -9999.0 -9999.0 -9999.0 -9999.0 -9999.0 -9999.0 -9999.0 -9999.0 -9999.0 -9999.0 -9999.0 -9999.0 -9999.0 -9999.0 -9999.0 -9999.0 -9999.0 -9999.0 -9999.0 -9999.0 -9999.0 -9999.0 -9999.0 -9999.0 -9999.0 -9999.0 -9999.0 -9999.0 -9999.0 -9999.0
-9999.0 -9999.0 -1801.491512 -1805.979255 -1806.634788 -1806.831328 -1806.896721 -1806.918944 -1806.926582 -1806.929246 -1806.930183 -1806.930513 -1806.930630 -1806.930671 -1806.930685 -1806.930690 -1806.930692 -1806.930693 -1806.930693 -1806.930693 -1806.930693 -1806.930693 -1806.930693 -1806.930693 -1806.930693 -1806.930693 -1806.930693 -1806.930693 -1806.930693 -1806.930693 -1806.930693 -1806.930693 -1806.930693 -1806.930692 -1806.930683 -1806.930560 -1806.929468 -1806.922395 -1806.888968 -1806.771817 -1806.458767 -1806.186709 -1806.650336 -1806.819617 -1807.020877 -1807.270901 -1807.154531 -1807.067512 -1807.009817 -1806.974945 -1806.956847 -1806.973499 -1806.932262 -1806.930726 -1806.930694 -1806.930693 -1806.930693 -1806.930693 -1806.930693 -1806.930693 -1806.930693 -1806.930693 -1806.930693 -1806.930693 -1806.930693 -1806.930693 -1806.930694 -1806.930694 -1806.930695 -1806.930695 -1806.930697 -1806.930698 -1806.930701 -1806.930705 -1806.930710 -1806.930718 -1806.930730 -1806.930745 -1806.930768 -1806.930799 -1806.930842 -1806.930900 -1806.930981 -1806.931090 -1806.931237 -1806.931434 -1806.931697 -1806.932046 -1806.932508 -1806.933117 -1806.933917 -1806.934966 -1806.936339 -1806.938135 -1806.940487 -1806.943576 -1806.947655 -1806.953091 -1806.960455 -1806.971203 -1807.026581 -1809.470820 -9999.0 -9999.0
-9999.0 -9999.0 -1801.491512 -1805.979255 -1806.634788 -1806.831328 -1806.896721 -1806.918944 -1806.926582 -1806.929246 -1806.930183 -1806.930513 -1806.930630 -1806.930671 -1806.930685 -1806.930690 -1806.930692 -1806.930693 -1806.930693 -1806.930693 -1806.930693 -1806.930693 -1806.930693 -1806.930693 -1806.930693 -1806.930693 -1806.930693 -1806.930693 -1806.930693 -1806.930693 -1806.930693 -1806.930693 -1806.930693 -1806.930692 -1806.930683 -1806.930560 -1806.929468 -1806.922395 -1806.888968 -1806.771817 -1806.458767 -1806.186709 -1806.650336 -1806.819617 -1807.020877 -1807.270901 -1807.154531 -1807.067512 -1807.009817 -1806.974945 -1806.956847 -1806.973499 -1806.932262 -1806.930726 -1806.930694 -1806.930693 -1806.930693 -1806.930693 -1806.930693 -1806.930693 -1806.930693 -1806.930693 -1806.930693 -1806.930693 -1806.930693 -1806.930693 -1806.930694 -1806.930694 -1806.930695 -1806.930695 -1806.930697 -1806.930698 -1806.930701 -1806.930705 -1806.930710 -1806.930718 -1806.930730 -1806.930745 -1806.930768 -1806.930799 -1806.930842 -1806.930900 -1806.930981 -1806.931090 -1806.931237 -1806.931434 -1806.931697 -1806.932046 -1806.932508 -1806.933117 -1806.933917 -1806.934966 -1806.936339 -1806.938135 -1806.940487 -1806.943576 -1806.947655 -1806.953091 -1806.960455 -1806.971203 -1807.026581 -1809.470820 -9999.0 -9999.0
-9999.0 -9999.0 -1801.491512 -1805.979255 -1806.634788 -1806.831328 -1806.896721 -1806.918944 -1806.926582 -1806.929246 -1806.930183 -1806.930513 -1806.930630 -1806.930671 -1806.930685 -1806.930690 -1806.930692 -1806.930693 -1806.930693 -1806.930693 -1806.930693 -1806.930693 -1806.930693 -1806.930693 -1806.930693 -1806.930693 -1806.930693 -1806.930693 -1806.930693 -1806.930693 -1806.930693 -1806.930693 -1806.930693 -1806.930692 -1806.930683 -1806.930560 -1806.929468 -1806.922395 -1806.888968 -1806.771817 -1806.458767 -1806.186709 -1806.650336 -1806.819617 -1807.020877 -1807.270901 -1807.154531 -1807.067512 -1807.009817 -1806.974945 -1806.956847 -1806.973499 -1806.932262 -1806.930726 -1806.930694 -1806.930693 -1806.930693 -1806.930693 -1806.930693 -1806.930693 -1806.930693 -1806.930693 -1806.930693 -1806.930693 -1806.930693 -1806.930693 -1806.930694 -1806.930694 -1806.930695 -1806.930695 -1806.930697 -1806.930698 -1806.930701 -1806.930705 -1806.930710 -1806.930718 -1806.930730 -1806.930745 -1806.930768 -1806.930799 -1806.930842 -1806.930900 -1806.930981 -1806.931090 -1806.931237 -1806.931434 -1806.931697 -1806.932046 -1806.932508 -1806.933117 -1806.933917 -1806.934966 -1806.936339 -1806.938135 -1806.940487 -1806.943576 -1806.947655 -1806.953091 -1806.960455 -1806.971203 -1807.026581 -1809.470820 -9999.0 -9999.0
-9999.0 -9999.0 -1801.491512 -1805.979255 -1806.634788 -1806.831328 -1806.896721 -1806.918944 -1806.926582 -1806.929246 -1806.930183 -1806.930513 -1806.930630 -1806.930671 -1806.930685 -1806.930690 -1806.930692 -1806.930693 -1806.930693 -1806.930693 -1806.930693 -1806.930693 -1806.930693 -1806.930693 -1806.930693 -1806.930693 -1806.930693 -1806.930693 -1806.930693 -1806.930693 -1806.930693 -1806.930693 -1806.930693 -1806.930692 -1806.930683 -1806.930560 -1806.929468 -1806.922395 -1806.888968 -1806.771817 -1806.458767 -1806.186709 -1806.650336 -1806.819617 -1807.020877 -1807.270901 -1807.154531 -1807.067512 -1807.009817 -1806.974945 -1806.956847 -1806.973499 -1806.932262 -1806.930726 -1806.930694 -1806.930693 -1806.930693 -1806.930693 -1806.930693 -1806.930693 -1806.930693 -1806.930693 -1806.930693 -1806.930693 -1806.930693 -1806.930693 -1806.930694 -1806.930694 -1806.930695 -1806.930695 -1806.930697 -1806.930698 -1806.930701 -1806.930705 -1806.930710 -1806.930718 -1806.930730 -1806.930745 -1806.930768 -1806.930799 -1806.930842 -1806.930900 -1806.930981 -1806.931090 -1806.931237 -1806.931434 -1806.931697 -1806.932046 -1806.932508 -1806.933117 -1806.933917 -1806.934966 -1806.936339 -1806.938135 -1806.940487 -1806.943576 -1806.947655 -1806.953091 -1806.960455 -1806.971203 -1807.026581 -1809.470820 -9999.0 -9999.0
-9999.0 -9999.0 -1801.491512 -1805.979255 -1806.634788 -1806.831328 -1806.896721 -1806.918944 -1806.926582 -1806.929246 -1806.930183 -1806.930513 -1806.930630 -1806.930671 -1806.930685 -1806.930690 -1806.930692 -1806.930693 -1806.930693 -1806.930693 -1806.930693 -1806.930693 -1806.930693 -1806.930693 -1806.930693 -1806.930693 -1806.930693 -1806.930693 -1806.930693 -1806.930693 -1806.930693 -1806.930693 -1806.930693 -1806.930692 -1806.930683 -1806.930560 -1806.929468 -1806.922395 -1806.888968 -1806.771817 -1806.458767 -1806.186709 -1806.650336 -1806.819617 -1807.020877 -1807.270901 -1807.154531 -1807.067512 -1807.009817 -1806.974945 -1806.956847 -1806.973499 -1806.932262 -1806.930726 -1806.930694 -1806.930693 -1806.930693 -1806.930693 -1806.930693 -1806.930693 -1806.930693 -1806.930693 -1806.930693 -1806.930693 -1806.930693 -1806.930693 -1806.930694 -1806.930694 -1806.930695 -1806.930695 -1806.930697 -1806.930698 -1806.930701 -1806.930705 -1806.930710 -1806.930718 -1806.930730 -1806.930745 -1806.930768 -1806.930799 -1806.930842 -1806.930900 -1806.930981 -1806.931090 -1806.931237 -1806.931434 -1806.931697 -1806.932046 -1806.932508 -1806.933117 -1806.933917 -1806.934966 -1806.936339 -1806.938135 -1806.940487 -1806.943576 -1806.947655 -1806.953091 -1806.960455 -1806.971203 -1807.026581 -1809.470820 -9999.0 -9999.0
-9999.0 -9999.0 -1801.491512 -1805.979255 -1806.634788 -1806.831328 -1806.896721 -1806.918944 -1806.926582 -1806.929246 -1806.930183 -1806.930513 -1806.930630 -1806.930671 -1806.930685 -1806.930690 -1806.930692 -1806.930693 -1806.930693 -1806.930693 -1806.930693 -1806.930693 -1806.930693 -1806.930693 -1806.930693 -1806.930693 -1806.930693 -1806.930693 -1806.930693 -1806.930693 -1806.930693 -1806.930693 -1806.930693 -1806.930692 -1806.930683 -1806.930560 -1806.929468 -1806.922395 -1806.888968 -1806.771817 -1806.458767 -1806.186709 -1806.650336 -1806.819617 -1807.020877 -1807.270901 -1807.154531 -1807.067512 -1807.009817 -1806.974945 -1806.956847 -1806.973499 -1806.932262 -1806.930726 -1806.930694 -1806.930693 -1806.930693 -1806.930693 -1806.930693 -1806.930693 -1806.930693 -1806.930693 -1806.930693 -1806.930693 -1806.930693 -1806.930693 -1806.930694 -1806.930694 -1806.930695 -1806.930695 -1806.930697 -1806.930698 -1806.930701 -1806.930705 -1806.930710 -1806.930718 -1806.930730 -1806.930745 -1806.930768 -1806.930799 -1806.930842 -1806.930900 -1806.930981 -1806.931090 -1806.931237 -1806.931434 -1806.931697 -1806.932046 -1806.932508 -1806.933117 -1806.933917 -1806.934966 -1806.936339 -1806.938135 -1806.940487 -1806.943576 -1806.947655 -1806.953091 -1806.960455 -1806.971203 -1807.026581 -1809.470820 -9999.0 -9999.0
-9999.0 -9999.0 -9999.0 -9999.0 -9999.0 -9999.0 -9999.0 -9999.0 -9999.0 -9999.0 -9999.0 -9999.0 -9999.0 -9999.0 -9999.0 -9999.0 -9999.0 -9999.0 -9999.0 -9999.0 -9999.0 -9999.0 -9999.0 -9999.0 -9999.0 -9999.0 -9999.0 -9999.0 -9999.0 -9999.0 -9999.0 -9999.0 -9999.0 -9999.0 -9999.0 -9999.0 -9999.0 -9999.0 -9999.0 -9999.0 -9999.0 -9999.0 -9999.0 -9999.0 -9999.0 -9999.0 -9999.0 -9999.0 -9999.0 -9999.0 -9999.0 -9999.0 -9999.0 -9999.0 -9999.0 -9999.0 -9999.0 -9999.0 -9999.0 -9999.0 -9999.0 -9999.0 -9999.0 -9999.0 -9999.0 -9999.0 -9999.0 -9999.0 -9999.0 -9999.0 -9999.0 -9999.0 -9999.0 -9999.0 -9999.0 -9999.0 -9999.0 -9999.0 -9999.0 -9999.0 -9999.0 -9999.0 -9999.0 -9999.0 -9999.0 -9999.0 -9999.0 -9999.0 -9999.0 -9999.0 -9999.0 -9999.0 -9999.0 -9999.0 -9999.0 -9999.0 -9999.0 -9999.0 -9999.0 -9999.0 -9999.0 -9999.0 -9999.0 -9999.0
-9999.0 -9999.0 -9999.0 -9999.0 -9999.0 -9999.0 -9999.0 -9999.0 -9999.0 -9999.0 -9999.0 -9999.0 -9999.0 -9999.0 -9999.0 -9999.0 -9999.0 -9999.0 -9999.0 -9999.0 -9999.0 -9999.0 -9999.0 -9999.0 -9999.0 -9999.0 -9999.0 -9999.0 -9999.0 -9999.0 -9999.0 -9999.0 -9999.0 -9999.0 -9999.0 -9999.0 -9999.0 -9999.0 -9999.0 -9999.0 -9999.0 -9999.0 -9999.0 -9999.0 -9999.0 -9999.0 -9999.0 -9999.0 -9999.0 -9999.0 -9999.0 -9999.0 -9999.0 -9999.0 -9999.0 -9999.0 -9999.0 -9999.0 -9999.0 -9999.0 -9999.0 -9999.0 -9999.0 -9999.0 -9999.0 -9999.0 -9999.0 -9999.0 -9999.0 -9999.0 -9999.0 -9999.0 -9999.0 -9999.0 -9999.0 -9999.0 -9999.0 -9999.0 -9999.0 -9999.0 -9999.0 -9999.0 -9999.0 -9999.0 -9999.0 -9999.0 -9999.0 -9999.0 -9999.0 -9999.0 -9999.0 -9999.0 -9999.0 -9999.0 -9999.0 -9999.0 -9999.0 -9999.0 -9999.0 -9999.0 -9999.0 -9999.0 -9999.0 -9999.0