tests/3D/hillslope02_superslab/out/maps3D/PwL0096N0003.asc
ncols         104
nrows         10
xllcorner     -2.000000
yllcorner     0.000000
cellsize      1.000000
NODATA_value  -9999.0
-9999.0 -9999.0 -9999.0 -9999.0 -9999.0 -9999.0 -9999.0 -9999.0 -9999.0 -9999.0 -9999.0 -9999.0 -9999.0 -9999.0 -9999.0 -9999.0 -9999.0 -9999.0 -9999.0 -9999.0 -9999.0 -9999.0 -9999.0 -9999.0 -9999.0 -9999.0 -9999.0 -9999.0 -9999.0 -9999.0 -9999.0 -9999.0 -9999.0 -9999.0 -9999.0 -9999.0 -9999.0 -9999.0 -9999.0 -9999.0 -9999.0 -9999.0 -9999.0 -9999.0 -9999.0 -9999.0 -9999.0 -9999.0 -9999.0 -9999.0 -9999.0 -9999.0 -9999.0 -9999.0 -9999.0 -9999.0 -9999.0 -9999.0 -9999.0 -9999.0 -9999.0 -9999.0 -9999.0 -9999.0 -9999.0 -9999.0 -9999.0 -9999.0 -9999.0 -9999.0 -9999.0 -9999.0 -9999.0 -9999.0 -9999.0 -9999.0 -9999.0 -9999.0 -9999.0 -9999.0 -9999.0 -9999.0 -9999.0 -9999.0 -9999.0 -9999.0 -9999.0 -9999.0 -9999.0 -9999.0 -9999.0 -9999.0 -9999.0 -9999.0 -9999.0 -9999.0 -9999.0 -9999.0 -9999.0 -9999.0 -9999.0 -9999.0 -9999.0 -9999.0
-9999.0 -9999.0 -9999.0 -9999.0 -9999.0 -9999.0 -9999.0 -9999.0 -9999.0 -9999.0 -9999.0 -9999.0 -9999.0 -9999.0 -9999.0 -9999.0 -9999.0 -9999.0 -9999.0 -9999.0 -9999.0 -9999.0 -9999.0 -9999.0 -9999.0 -9999.0 -9999.0 -9999.0 -9999.0 -9999.0 -9999.0 -9999.0 -9999.0 -9999.0 -9999.0 -9999.0 -9999.0 -9999.0 -9999.0 -9999.0 -9999.0 -9999.0 -9999.0 -9999.0 -9999.0 -9999.0 -9999.0 -9999.0 -9999.0 -9999.0 -9999.0 -9999.0 -9999.0 -9999.0 -9999.0 -9999.0 -9999.0 -9999.0 -9999.0 -9999.0 -9999.0 -9999.0 -9999.0 -9999.0 -9999.0 -9999.0 -9999.0 -9999.0 -9999.0 -9999.0 -9999.0 -9999.0 -9999.0 -9999.0 -9999.0 -9999.0 -9999.0 -9999.0 -9999.0 -9999.0 -9999.0 -9999.0 -9999.0 -9999.0 -9999.0 -9999.0 -9999.0 -9999.0 -9999.0 -9999.0 -9999.0 -9999.0 -9999.0 -9999.0 -9999.0 -9999.0 -9999.0 -9999.0 -9999.0 -9999.0 -9999.0 -9999.0 -9999.0 -9999.0
-9999.0 -9999.0 205.383073 108.881751 17.763266 -64.393637 -132.113703 -178.718183 -204.688847 -215.781227 -220.135476 -221.787643 -222.406157 -222.636425 -222.721931 -222.753634 -222.765373 -222.769713 -222.771310 -222.771891 -222.772093 -222.772150 -222.772149 -222.772119 -222.772071 -222.772006 -222.771925 -222.771826 -222.771709 -222.771572 -222.771418 -222.771245 -222.771058 -222.770860 -222.770654 -222.770447 -222.770245 -222.770054 -222.769881 -222.769733 -222.769615 -222.769532 -222.769490 -222.769489 -222.769533 -222.769629 -222.769839 -222.770346 -222.771593 -222.774476 -222.781005 -222.794961 -222.782448 -222.778489 -222.778534 -222.780987 -222.785751 -222.793478 -222.805387 -222.823280 -222.849641 -222.887764 -222.941895 -223.017349 -223.120598 -223.259303 -223.442264 -223.679311 -223.981102 -224.358878 -224.824170 -225.388512 -226.063170 -226.858934 -227.785969 -228.853759 -230.071131 -231.446358 -232.987329 -234.701791 -236.597632 -238.683222 -240.967799 -243.461913 -246.177949 -249.130737 -252.338313 -255.822874 -259.612019 -263.740418 -268.252116 -273.203798 -278.669595 -284.748364 -291.575191 -299.340414 -308.322963 -318.953096 -331.942258 -348.589607 -371.665600 -409.011374 -9999.0 -9999.0
-9999.0 -9999.0 205.383073 108.881751 17.763266 -64.393637 -132.113703 -178.718183 -204.688847 -215.781227 -220.135476 -221.787643 -222.406157 -222.636425 -222.721931 -222.753634 -222.765373 -222.769713 -222.771310 -222.771891 -222.772093 -222.772150 -222.772149 -222.772119 -222.772071 -222.772006 -222.771925 -222.771826 -222.771709 -222.771572 -222.771418 -222.771245 -222.771058 -222.770860 -222.770654 -222.770447 -222.770245 -222.770054 -222.769881 -222.769733 -222.769615 -222.769532 -222.769490 -222.769489 -222.769533 -222.769629 -222.769839 -222.770346 -222.771593 -222.774476 -222.781005 -222.794961 -222.782448 -222.778489 -222.778534 -222.780987 -222.785751 -222.793478 -222.805387 -222.823280 -222.849641 -222.887764 -222.941895 -223.017349 -223.120598 -223.259303 -223.442264 -223.679311 -223.981102 -224.358878 -224.824170 -225.388512 -226.063170 -226.858934 -227.785969 -228.853759 -230.071131 -231.446358 -232.987329 -234.701791 -236.597632 -238.683222 -240.967799 -243.461913 -246.177949 -249.130737 -252.338313 -255.822874 -259.612019 -263.740418 -268.252116 -273.203798 -278.669595 -284.748364 -291.575191 -299.340414 -308.322963 -318.953096 -331.942258 -348.589607 -371.665600 -409.011374 -9999.0 -9999.0
-9999.0 -9999.0 205.383073 108.881751 17.763266 -64.393637 -132.113703 -178.718183 -204.688847 -215.781227 -220.135476 -221.787643 -222.406157 -222.636425 -222.721931 -222.753634 -222.765373 -222.769713 -222.771310 -222.771891 -222.772093 -222.772150 -222.772149 -222.772119 -222.772071 -222.772006 -222.771925 -222.771826 -222.771709 -222.771572 -222.771418 -222.771245 -222.771058 -222.770860 -222.770654 -222.770447 -222.770245 -222.770054 -222.769881 -222.769733 -222.769615 -222.769532 -222.769490 -222.769489 -222.769533 -222.769629 -222.769839 -222.770346 -222.771593 -222.774476 -222.781005 -222.794961 -222.782448 -222.778489 -222.778534 -222.780987 -222.785751 -222.793478 -222.805387 -222.823280 -222.849641 -222.887764 -222.941895 -223.017349 -223.120598 -223.259303 -223.442264 -223.679311 -223.981102 -224.358878 -224.824170 -225.388512 -226.063170 -226.858934 -227.785969 -228.853759 -230.071131 -231.446358 -232.987329 -234.701791 -236.597632 -238.683222 -240.967799 -243.461913 -246.177949 -249.130737 -252.338313 -255.822874 -259.612019 -263.740418 -268.252116 -273.203798 -278.669595 -284.748364 -291.575191 -299.340414 -308.322963 -318.953096 -331.942258 -348.589607 -371.665600 -409.011374 -9999.0 -9999.0
-9999.0 -9999.0 205.383073 108.881751 17.763266 -64.393637 -132.113703 -178.718183 -204.688847 -215.781227 -220.135476 -221.787643 -222.406157 -222.636425 -222.721931 -222.753634 -222.765373 -222.769713 -222.771310 -222.771891 -222.772093 -222.772150 -222.772149 -222.772119 -222.772071 -222.772006 -222.771925 -222.771826 -222.771709 -222.771572 -222.771418 -222.771245 -222.771058 -222.770860 -222.770654 -222.770447 -222.770245 -222.770054 -222.769881 -222.769733 -222.769615 -222.769532 -222.769490 -222.769489 -222.769533 -222.769629 -222.769839 -222.770346 -222.771593 -222.774476 -222.781005 -222.794961 -222.782448 -222.778489 -222.778534 -222.780987 -222.785751 -222.793478 -222.805387 -222.823280 -222.849641 -222.887764 -222.941895 -223.017349 -223.120598 -223.259303 -223.442264 -223.679311 -223.981102 -224.358878 -224.824170 -225.388512 -226.063170 -226.858934 -227.785969 -228.853759 -230.071131 -231.446358 -232.987329 -234.701791 -236.597632 -238.683222 -240.967799 -243.461913 -246.177949 -249.130737 -252.338313 -255.822874 -259.612019 -263.740418 -268.252116 -273.203798 -278.669595 -284.748364 -291.575191 -299.340414 -308.322963 -318.953096 -331.942258 -348.589607 -371.665600 -409.011374 -9999.0 -9999.0
-9999.0 -9999.0 205.383073 108.881751 17.763266 -64.393637 -132.113703 -178.718183 -204.688847 -215.781227 -220.135476 -221.787643 -222.406157 -222.636425 -222.721931 -222.753634 -222.765373 -222.769713 -222.771310 -222.771891 -222.772093 -222.772150 -222.772149 -222.772119 -222.772071 -222.772006 -222.771925 -222.771826 -222.771709 -222.771572 -222.771418 -222.771245 -222.771058 -222.770860 -222.770654 -222.770447 -222.770245 -222.770054 -222.769881 -222.769733 -222.769615 -222.769532 -222.769490 -222.769489 -222.769533 -222.769629 -222.769839 -222.770346 -222.771593 -222.774476 -222.781005 -222.794961 -222.782448 -222.778489 -222.778534 -222.780987 -222.785751 -222.793478 -222.805387 -222.823280 -222.849641 -222.887764 -222.941895 -223.017349 -223.120598 -223.259303 -223.442264 -223.679311 -223.981102 -224.358878 -224.824170 -225.388512 -226.063170 -226.858934 -227.785969 -228.853759 -230.071131 -231.446358 -232.987329 -234.701791 -236.597632 -238.683222 -240.967799 -243.461913 -246.177949 -249.130737 -252.338313 -255.822874 -259.612019 -263.740418 -268.252116 -273.203798 -278.669595 -284.748364 -291.575191 -299.340414 -308.322963 -318.953096 -331.942258 -348.589607 -371.665600 -409.011374 -9999.0 -9999.0
-9999.0 -9999.0 205.383073 108.881751 17.763266 -64.393637 -132.113703 -178.718183 -204.688847 -215.781227 -220.135476 -221.787643 -222.406157 -222.636425 -222.721931 -222.753634 -222.765373 -222.769713 -222.771310 -222.771891 -222.772093 -222.772150 -222.772149 -222.772119 -222.772071 -222.772006 -222.771925 -222.771826 -222.771709 -222.771572 -222.771418 -222.771245 -222.771058 -222.770860 -222.770654 -222.770447 -222.770245 -222.770054 -222.769881 -222.769733 -222.769615 -222.769532 -222.769490 -222.769489 -222.769533 -222.769629 -222.769839 -222.770346 -222.771593 -222.774476 -222.781005 -222.794961 -222.782448 -222.778489 -222.778534 -222.780987 -222.785751 -222.793478 -222.805387 -222.823280 -222.849641 -222.887764 -222.941895 -223.017349 -223.120598 -223.259303 -223.442264 -223.679311 -223.981102 -224.358878 -224.824170 -225.388512 -226.063170 -226.858934 -227.785969 -228.853759 -230.071131 -231.446358 -232.987329 -234.701791 -236.597632 -238.683222 -240.967799 -243.461913 -246.177949 -249.130737 -252.338313 -255.822874 -259.612019 -263.740418 -268.252116 -273.203798 -278.669595 -284.748364 -291.575191 -299.340414 -308.322963 -318.953096 -331.942258 -348.589607 -371.665600 -409.011374 -9999.0 -9999.0
-9999.0 -9999.0 -9999.0 -9999.0 -9999.0 -9999.0 -9999.0 -9999.0 -9999.0 -9999.0 -9999.0 -9999.0 -9999.0 -9999.0 -9999.0 -9999.0 -9999.0 -9999.0 -9999.0 -9999.0 -9999.0 -9999.0 -9999.0 -9999.0 -9999.0 -9999.0 -9999.0 -9999.0 -9999.0 -9999.0 -9999.0 -9999.0 -9999.0 -9999.0 -9999.0 -9999.0 -9999.0 -9999.0 -9999.0 -9999.0 -9999.0 -9999.0 -9999.0 -9999.0 -9999.0 -9999.0 -9999.0 -9999.0 -9999.0 -9999.0 -9999.0 -9999.0 -9999.0 -9999.0 -9999.0 -9999.0 -9999.0 -9999.0 -9999.0 -9999.0 -9999.0 -9999.0 -9999.0 -9999.0 -9999.0 -9999.0 -9999.0 -9999.0 -9999.0 -9999.0 -9999.0 -9999.0 -9999.0 -9999.0 -9999.0 -9999.0 -9999.0 -9999.0 -9999.0 -9999.0 -9999.0 -9999.0 -9999.0 -9999.0 -9999.0 -9999.0 -9999.0 -9999.0 -9999.0 -9999.0 -9999.0 -9999.0 -9999.0 -9999.0 -9999.0 -9999.0 -9999.0 -9999.0 -9999.0 -9999.0 -9999.0 -9999.0 -9999.0 -9999.0
-9999.0 -9999.0 -9999.0 -9999.0 -9999.0 -9999.0 -9999.0 -9999.0 -9999.0 -9999.0 -9999.0 -9999.0 -9999.0 -9999.0 -9999.0 -9999.0 -9999.0 -9999.0 -9999.0 -9999.0 -9999.0 -9999.0 -9999.0 -9999.0 -9999.0 -9999.0 -9999.0 -9999.0 -9999.0 -9999.0 -9999.0 -9999.0 -9999.0 -9999.0 -9999.0 -9999.0 -9999.0 -9999.0 -9999.0 -9999.0 -9999.0 -9999.0 -9999.0 -9999.0 -9999.0 -9999.0 -9999.0 -9999.0 -9999.0 -9999.0 -9999.0 -9999.0 -9999.0 -9999.0 -9999.0 -9999.0 -9999.0 -9999.0 -9999.0 -9999.0 -9999.0 -9999.0 -9999.0 -9999.0 -9999.0 -9999.0 -9999.0 -9999.0 -9999.0 -9999.0 -9999.0 -9999.0 -9999.0 -9999.0 -9999.0 -9999.0 -9999.0 -9999.0 -9999.0 -9999.0 -9999.0 -9999.0 -9999.0 -9999.0 -9999.0 -9999.0 -9999.0 -9999.0 -9999.0 -9999.0 -9999.0 -9999.0 -9999.0 -9999.0 -9999.0 -9999.0 -9999.0 -9999.0 -9999.0 -9999.0 -9999.0 -9999.0 -9999.0 -9999.0