tests/3D/hillslope02_superslab/out/maps3D/PwL0096N0002.asc
ncols         104
nrows         10
xllcorner     -2.000000
yllcorner     0.000000
cellsize      1.000000
NODATA_value  -9999.0
-9999.0 -9999.0 -9999.0 -9999.0 -9999.0 -9999.0 -9999.0 -9999.0 -9999.0 -9999.0 -9999.0 -9999.0 -9999.0 -9999.0 -9999.0 -9999.0 -9999.0 -9999.0 -9999.0 -9999.0 -9999.0 -9999.0 -9999.0 -9999.0 -9999.0 -9999.0 -9999.0 -9999.0 -9999.0 -9999.0 -9999.0 -9999.0 -9999.0 -9999.0 -9999.0 -9999.0 -9999.0 -9999.0 -9999.0 -9999.0 -9999.0 -9999.0 -9999.0 -9999.0 -9999.0 -9999.0 -9999.0 -9999.0 -9999.0 -9999.0 -9999.0 -9999.0 -9999.0 -9999.0 -9999.0 -9999.0 -9999.0 -9999.0 -9999.0 -9999.0 -9999.0 -9999.0 -9999.0 -9999.0 -9999.0 -9999.0 -9999.0 -9999.0 -9999.0 -9999.0 -9999.0 -9999.0 -9999.0 -9999.0 -9999.0 -9999.0 -9999.0 -9999.0 -9999.0 -9999.0 -9999.0 -9999.0 -9999.0 -9999.0 -9999.0 -9999.0 -9999.0 -9999.0 -9999.0 -9999.0 -9999.0 -9999.0 -9999.0 -9999.0 -9999.0 -9999.0 -9999.0 -9999.0 -9999.0 -9999.0 -9999.0 -9999.0 -9999.0 -9999.0
-9999.0 -9999.0 -9999.0 -9999.0 -9999.0 -9999.0 -9999.0 -9999.0 -9999.0 -9999.0 -9999.0 -9999.0 -9999.0 -9999.0 -9999.0 -9999.0 -9999.0 -9999.0 -9999.0 -9999.0 -9999.0 -9999.0 -9999.0 -9999.0 -9999.0 -9999.0 -9999.0 -9999.0 -9999.0 -9999.0 -9999.0 -9999.0 -9999.0 -9999.0 -9999.0 -9999.0 -9999.0 -9999.0 -9999.0 -9999.0 -9999.0 -9999.0 -9999.0 -9999.0 -9999.0 -9999.0 -9999.0 -9999.0 -9999.0 -9999.0 -9999.0 -9999.0 -9999.0 -9999.0 -9999.0 -9999.0 -9999.0 -9999.0 -9999.0 -9999.0 -9999.0 -9999.0 -9999.0 -9999.0 -9999.0 -9999.0 -9999.0 -9999.0 -9999.0 -9999.0 -9999.0 -9999.0 -9999.0 -9999.0 -9999.0 -9999.0 -9999.0 -9999.0 -9999.0 -9999.0 -9999.0 -9999.0 -9999.0 -9999.0 -9999.0 -9999.0 -9999.0 -9999.0 -9999.0 -9999.0 -9999.0 -9999.0 -9999.0 -9999.0 -9999.0 -9999.0 -9999.0 -9999.0 -9999.0 -9999.0 -9999.0 -9999.0 -9999.0 -9999.0
-9999.0 -9999.0 116.427816 21.902119 -63.344640 -133.246902 -180.492163 -205.794718 -216.339635 -220.392026 -221.900072 -222.454102 -222.656505 -222.730231 -222.757032 -222.766759 -222.770283 -222.771557 -222.772018 -222.772184 -222.772243 -222.772264 -222.772272 -222.772273 -222.772273 -222.772270 -222.772266 -222.772258 -222.772247 -222.772231 -222.772206 -222.772171 -222.772122 -222.772056 -222.771969 -222.771857 -222.771717 -222.771548 -222.771348 -222.771121 -222.770868 -222.770598 -222.770318 -222.770039 -222.769773 -222.769538 -222.769342 -222.769246 -222.769520 -222.770892 -222.775243 -222.786753 -222.777669 -222.774285 -222.773034 -222.772565 -222.772392 -222.772334 -222.772326 -222.772352 -222.772418 -222.772550 -222.772806 -222.773289 -222.774181 -222.775803 -222.778695 -222.783751 -222.792409 -222.806919 -222.830686 -222.868705 -222.928047 -223.018344 -223.152221 -223.345539 -223.617403 -223.989845 -224.487207 -225.135303 -225.960489 -226.988816 -228.245410 -229.754176 -231.537897 -233.618700 -236.018900 -238.762181 -241.875152 -245.389320 -249.343656 -253.788039 -258.788072 -264.432189 -270.842657 -278.193621 -286.742559 -296.889465 -309.299509 -325.193776 -347.194758 -382.853199 -9999.0 -9999.0
-9999.0 -9999.0 116.427816 21.902119 -63.344640 -133.246902 -180.492163 -205.794718 -216.339635 -220.392026 -221.900072 -222.454102 -222.656505 -222.730231 -222.757032 -222.766759 -222.770283 -222.771557 -222.772018 -222.772184 -222.772243 -222.772264 -222.772272 -222.772273 -222.772273 -222.772270 -222.772266 -222.772258 -222.772247 -222.772231 -222.772206 -222.772171 -222.772122 -222.772056 -222.771969 -222.771857 -222.771717 -222.771548 -222.771348 -222.771121 -222.770868 -222.770598 -222.770318 -222.770039 -222.769773 -222.769538 -222.769342 -222.769246 -222.769520 -222.770892 -222.775243 -222.786753 -222.777669 -222.774285 -222.773034 -222.772565 -222.772392 -222.772334 -222.772326 -222.772352 -222.772418 -222.772550 -222.772806 -222.773289 -222.774181 -222.775803 -222.778695 -222.783751 -222.792409 -222.806919 -222.830686 -222.868705 -222.928047 -223.018344 -223.152221 -223.345539 -223.617403 -223.989845 -224.487207 -225.135303 -225.960489 -226.988816 -228.245410 -229.754176 -231.537897 -233.618700 -236.018900 -238.762181 -241.875152 -245.389320 -249.343656 -253.788039 -258.788072 -264.432189 -270.842657 -278.193621 -286.742559 -296.889465 -309.299509 -325.193776 -347.194758 -382.853199 -9999.0 -9999.0
-9999.0 -9999.0 116.427816 21.902119 -63.344640 -133.246902 -180.492163 -205.794718 -216.339635 -220.392026 -221.900072 -222.454102 -222.656505 -222.730231 -222.757032 -222.766759 -222.770283 -222.771557 -222.772018 -222.772184 -222.772243 -222.772264 -222.772272 -222.772273 -222.772273 -222.772270 -222.772266 -222.772258 -222.772247 -222.772231 -222.772206 -222.772171 -222.772122 -222.772056 -222.771969 -222.771857 -222.771717 -222.771548 -222.771348 -222.771121 -222.770868 -222.770598 -222.770318 -222.770039 -222.769773 -222.769538 -222.769342 -222.769246 -222.769520 -222.770892 -222.775243 -222.786753 -222.777669 -222.774285 -222.773034 -222.772565 -222.772392 -222.772334 -222.772326 -222.772352 -222.772418 -222.772550 -222.772806 -222.773289 -222.774181 -222.775803 -222.778695 -222.783751 -222.792409 -222.806919 -222.830686 -222.868705 -222.928047 -223.018344 -223.152221 -223.345539 -223.617403 -223.989845 -224.487207 -225.135303 -225.960489 -226.988816 -228.245410 -229.754176 -231.537897 -233.618700 -236.018900 -238.762181 -241.875152 -245.389320 -249.343656 -253.788039 -258.788072 -264.432189 -270.842657 -278.193621 -286.742559 -296.889465 -309.299509 -325.193776 -347.194758 -382.853199 -9999.0 -9999.0
-9999.0 -9999.0 116.427816 21.902119 -63.344640 -133.246902 -180.492163 -205.794718 -216.339635 -220.392026 -221.900072 -222.454102 -222.656505 -222.730231 -222.757032 -222.766759 -222.770283 -222.771557 -222.772018 -222.772184 -222.772243 -222.772264 -222.772272 -222.772273 -222.772273 -222.772270 -222.772266 -222.772258 -222.772247 -222.772231 -222.772206 -222.772171 -222.772122 -222.772056 -222.771969 -222.771857 -222.771717 -222.771548 -222.771348 -222.771121 -222.770868 -222.770598 -222.770318 -222.770039 -222.769773 -222.769538 -222.769342 -222.769246 -222.769520 -222.770892 -222.775243 -222.786753 -222.777669 -222.774285 -222.773034 -222.772565 -222.772392 -222.772334 -222.772326 -222.772352 -222.772418 -222.772550 -222.772806 -222.773289 -222.774181 -222.775803 -222.778695 -222.783751 -222.792409 -222.806919 -222.830686 -222.868705 -222.928047 -223.018344 -223.152221 -223.345539 -223.617403 -223.989845 -224.487207 -225.135303 -225.960489 -226.988816 -228.245410 -229.754176 -231.537897 -233.618700 -236.018900 -238.762181 -241.875152 -245.389320 -249.343656 -253.788039 -258.788072 -264.432189 -270.842657 -278.193621 -286.742559 -296.889465 -309.299509 -325.193776 -347.194758 -382.853199 -9999.0 -9999.0
-9999.0 -9999.0 116.427816 21.902119 -63.344640 -133.246902 -180.492163 -205.794718 -216.339635 -220.392026 -221.900072 -222.454102 -222.656505 -222.730231 -222.757032 -222.766759 -222.770283 -222.771557 -222.772018 -222.772184 -222.772243 -222.772264 -222.772272 -222.772273 -222.772273 -222.772270 -222.772266 -222.772258 -222.772247 -222.772231 -222.772206 -222.772171 -222.772122 -222.772056 -222.771969 -222.771857 -222.771717 -222.771548 -222.771348 -222.771121 -222.770868 -222.770598 -222.770318 -222.770039 -222.769773 -222.769538 -222.769342 -222.769246 -222.769520 -222.770892 -222.775243 -222.786753 -222.777669 -222.774285 -222.773034 -222.772565 -222.772392 -222.772334 -222.772326 -222.772352 -222.772418 -222.772550 -222.772806 -222.773289 -222.774181 -222.775803 -222.778695 -222.783751 -222.792409 -222.806919 -222.830686 -222.868705 -222.928047 -223.018344 -223.152221 -223.345539 -223.617403 -223.989845 -224.487207 -225.135303 -225.960489 -226.988816 -228.245410 -229.754176 -231.537897 -233.618700 -236.018900 -238.762181 -241.875152 -245.389320 -249.343656 -253.788039 -258.788072 -264.432189 -270.842657 -278.193621 -286.742559 -296.889465 -309.299509 -325.193776 -347.194758 -382.853199 -9999.0 -9999.0
-9999.0 -9999.0 116.427816 21.902119 -63.344640 -133.246902 -180.492163 -205.794718 -216.339635 -220.392026 -221.900072 -222.454102 -222.656505 -222.730231 -222.757032 -222.766759 -222.770283 -222.771557 -222.772018 -222.772184 -222.772243 -222.772264 -222.772272 -222.772273 -222.772273 -222.772270 -222.772266 -222.772258 -222.772247 -222.772231 -222.772206 -222.772171 -222.772122 -222.772056 -222.771969 -222.771857 -222.771717 -222.771548 -222.771348 -222.771121 -222.770868 -222.770598 -222.770318 -222.770039 -222.769773 -222.769538 -222.769342 -222.769246 -222.769520 -222.770892 -222.775243 -222.786753 -222.777669 -222.774285 -222.773034 -222.772565 -222.772392 -222.772334 -222.772326 -222.772352 -222.772418 -222.772550 -222.772806 -222.773289 -222.774181 -222.775803 -222.778695 -222.783751 -222.792409 -222.806919 -222.830686 -222.868705 -222.928047 -223.018344 -223.152221 -223.345539 -223.617403 -223.989845 -224.487207 -225.135303 -225.960489 -226.988816 -228.245410 -229.754176 -231.537897 -233.618700 -236.018900 -238.762181 -241.875152 -245.389320 -249.343656 -253.788039 -258.788072 -264.432189 -270.842657 -278.193621 -286.742559 -296.889465 -309.299509 -325.193776 -347.194758 -382.853199 -9999.0 -9999.0
-9999.0 -9999.0 -9999.0 -9999.0 -9999.0 -9999.0 -9999.0 -9999.0 -9999.0 -9999.0 -9999.0 -9999.0 -9999.0 -9999.0 -9999.0 -9999.0 -9999.0 -9999.0 -9999.0 -9999.0 -9999.0 -9999.0 -9999.0 -9999.0 -9999.0 -9999.0 -9999.0 -9999.0 -9999.0 -9999.0 -9999.0 -9999.0 -9999.0 -9999.0 -9999.0 -9999.0 -9999.0 -9999.0 -9999.0 -9999.0 -9999.0 -9999.0 -9999.0 -9999.0 -9999.0 -9999.0 -9999.0 -9999.0 -9999.0 -9999.0 -9999.0 -9999.0 -9999.0 -9999.0 -9999.0 -9999.0 -9999.0 -9999.0 -9999.0 -9999.0 -9999.0 -9999.0 -9999.0 -9999.0 -9999.0 -9999.0 -9999.0 -9999.0 -9999.0 -9999.0 -9999.0 -9999.0 -9999.0 -9999.0 -9999.0 -9999.0 -9999.0 -9999.0 -9999.0 -9999.0 -9999.0 -9999.0 -9999.0 -9999.0 -9999.0 -9999.0 -9999.0 -9999.0 -9999.0 -9999.0 -9999.0 -9999.0 -9999.0 -9999.0 -9999.0 -9999.0 -9999.0 -9999.0 -9999.0 -9999.0 -9999.0 -9999.0 -9999.0 -9999.0
-9999.0 -9999.0 -9999.0 -9999.0 -9999.0 -9999.0 -9999.0 -9999.0 -9999.0 -9999.0 -9999.0 -9999.0 -9999.0 -9999.0 -9999.0 -9999.0 -9999.0 -9999.0 -9999.0 -9999.0 -9999.0 -9999.0 -9999.0 -9999.0 -9999.0 -9999.0 -9999.0 -9999.0 -9999.0 -9999.0 -9999.0 -9999.0 -9999.0 -9999.0 -9999.0 -9999.0 -9999.0 -9999.0 -9999.0 -9999.0 -9999.0 -9999.0 -9999.0 -9999.0 -9999.0 -9999.0 -9999.0 -9999.0 -9999.0 -9999.0 -9999.0 -9999.0 -9999.0 -9999.0 -9999.0 -9999.0 -9999.0 -9999.0 -9999.0 -9999.0 -9999.0 -9999.0 -9999.0 -9999.0 -9999.0 -9999.0 -9999.0 -9999.0 -9999.0 -9999.0 -9999.0 -9999.0 -9999.0 -9999.0 -9999.0 -9999.0 -9999.0 -9999.0 -9999.0 -9999.0 -9999.0 -9999.0 -9999.0 -9999.0 -9999.0 -9999.0 -9999.0 -9999.0 -9999.0 -9999.0 -9999.0 -9999.0 -9999.0 -9999.0 -9999.0 -9999.0 -9999.0 -9999.0 -9999.0 -9999.0 -9999.0 -9999.0 -9999.0 -9999.0