tests/3D/hillslope02_superslab/out/maps3D/PwL0080N0006.asc
ncols         104
nrows         10
xllcorner     -2.000000
yllcorner     0.000000
cellsize      1.000000
NODATA_value  -9999.0
-9999.0 -9999.0 -9999.0 -9999.0 -9999.0 -9999.0 -9999.0 -9999.0 -9999.0 -9999.0 -9999.0 -9999.0 -9999.0 -9999.0 -9999.0 -9999.0 -9999.0 -9999.0 -9999.0 -9999.0 -9999.0 -9999.0 -9999.0 -9999.0 -9999.0 -9999.0 -9999.0 -9999.0 -9999.0 -9999.0 -9999.0 -9999.0 -9999.0 -9999.0 -9999.0 -9999.0 -9999.0 -9999.0 -9999.0 -9999.0 -9999.0 -9999.0 -9999.0 -9999.0 -9999.0 -9999.0 -9999.0 -9999.0 -9999.0 -9999.0 -9999.0 -9999.0 -9999.0 -9999.0 -9999.0 -9999.0 -9999.0 -9999.0 -9999.0 -9999.0 -9999.0 -9999.0 -9999.0 -9999.0 -9999.0 -9999.0 -9999.0 -9999.0 -9999.0 -9999.0 -9999.0 -9999.0 -9999.0 -9999.0 -9999.0 -9999.0 -9999.0 -9999.0 -9999.0 -9999.0 -9999.0 -9999.0 -9999.0 -9999.0 -9999.0 -9999.0 -9999.0 -9999.0 -9999.0 -9999.0 -9999.0 -9999.0 -9999.0 -9999.0 -9999.0 -9999.0 -9999.0 -9999.0 -9999.0 -9999.0 -9999.0 -9999.0 -9999.0 -9999.0
-9999.0 -9999.0 -9999.0 -9999.0 -9999.0 -9999.0 -9999.0 -9999.0 -9999.0 -9999.0 -9999.0 -9999.0 -9999.0 -9999.0 -9999.0 -9999.0 -9999.0 -9999.0 -9999.0 -9999.0 -9999.0 -9999.0 -9999.0 -9999.0 -9999.0 -9999.0 -9999.0 -9999.0 -9999.0 -9999.0 -9999.0 -9999.0 -9999.0 -9999.0 -9999.0 -9999.0 -9999.0 -9999.0 -9999.0 -9999.0 -9999.0 -9999.0 -9999.0 -9999.0 -9999.0 -9999.0 -9999.0 -9999.0 -9999.0 -9999.0 -9999.0 -9999.0 -9999.0 -9999.0 -9999.0 -9999.0 -9999.0 -9999.0 -9999.0 -9999.0 -9999.0 -9999.0 -9999.0 -9999.0 -9999.0 -9999.0 -9999.0 -9999.0 -9999.0 -9999.0 -9999.0 -9999.0 -9999.0 -9999.0 -9999.0 -9999.0 -9999.0 -9999.0 -9999.0 -9999.0 -9999.0 -9999.0 -9999.0 -9999.0 -9999.0 -9999.0 -9999.0 -9999.0 -9999.0 -9999.0 -9999.0 -9999.0 -9999.0 -9999.0 -9999.0 -9999.0 -9999.0 -9999.0 -9999.0 -9999.0 -9999.0 -9999.0 -9999.0 -9999.0
-9999.0 -9999.0 -393.969394 -501.177182 -612.417923 -724.975934 -830.109769 -913.728342 -967.432420 -995.247449 -1007.318323 -1011.995234 -1013.771604 -1014.443499 -1014.697284 -1014.793059 -1014.829164 -1014.842747 -1014.847834 -1014.849719 -1014.850399 -1014.850628 -1014.850692 -1014.850703 -1014.850705 -1014.850718 -1014.850754 -1014.850821 -1014.850946 -1014.851147 -1014.851455 -1014.851906 -1014.852552 -1014.853456 -1014.854703 -1014.856401 -1014.858684 -1014.861715 -1014.865664 -1014.870587 -1014.875997 -1014.879759 -1014.875954 -1014.851836 -1014.784722 -1014.639706 -1014.367525 -1013.898221 -1013.121691 -1012.631270 -1013.965443 -1020.272337 -1015.528485 -1015.409278 -1015.509088 -1015.634405 -1015.779179 -1015.944779 -1016.133007 -1016.345773 -1016.585044 -1016.852830 -1017.151168 -1017.482118 -1017.847763 -1018.250206 -1018.691577 -1019.174034 -1019.699775 -1020.271049 -1020.890168 -1021.559526 -1022.281621 -1023.059078 -1023.894682 -1024.791410 -1025.752474 -1026.781369 -1027.881931 -1029.058406 -1030.315531 -1031.658637 -1033.093768 -1034.627836 -1036.268807 -1038.025942 -1039.910106 -1041.934166 -1044.113527 -1046.466843 -1049.017007 -1051.792537 -1054.829590 -1058.174960 -1061.890732 -1066.061827 -1070.808952 -1076.312597 -1082.863116 -1090.996190 -1102.129395 -1123.653446 -9999.0 -9999.0
-9999.0 -9999.0 -393.969394 -501.177182 -612.417923 -724.975934 -830.109769 -913.728342 -967.432420 -995.247449 -1007.318323 -1011.995234 -1013.771604 -1014.443499 -1014.697284 -1014.793059 -1014.829164 -1014.842747 -1014.847834 -1014.849719 -1014.850399 -1014.850628 -1014.850692 -1014.850703 -1014.850705 -1014.850718 -1014.850754 -1014.850821 -1014.850946 -1014.851147 -1014.851455 -1014.851906 -1014.852552 -1014.853456 -1014.854703 -1014.856401 -1014.858684 -1014.861715 -1014.865664 -1014.870587 -1014.875997 -1014.879759 -1014.875954 -1014.851836 -1014.784722 -1014.639706 -1014.367525 -1013.898221 -1013.121691 -1012.631270 -1013.965443 -1020.272337 -1015.528485 -1015.409278 -1015.509088 -1015.634405 -1015.779179 -1015.944779 -1016.133007 -1016.345773 -1016.585044 -1016.852830 -1017.151168 -1017.482118 -1017.847763 -1018.250206 -1018.691577 -1019.174034 -1019.699775 -1020.271049 -1020.890168 -1021.559526 -1022.281621 -1023.059078 -1023.894682 -1024.791410 -1025.752474 -1026.781369 -1027.881931 -1029.058406 -1030.315531 -1031.658637 -1033.093768 -1034.627836 -1036.268807 -1038.025942 -1039.910106 -1041.934166 -1044.113527 -1046.466843 -1049.017007 -1051.792537 -1054.829590 -1058.174960 -1061.890732 -1066.061827 -1070.808952 -1076.312597 -1082.863116 -1090.996190 -1102.129395 -1123.653446 -9999.0 -9999.0
-9999.0 -9999.0 -393.969394 -501.177182 -612.417923 -724.975934 -830.109769 -913.728342 -967.432420 -995.247449 -1007.318323 -1011.995234 -1013.771604 -1014.443499 -1014.697284 -1014.793059 -1014.829164 -1014.842747 -1014.847834 -1014.849719 -1014.850399 -1014.850628 -1014.850692 -1014.850703 -1014.850705 -1014.850718 -1014.850754 -1014.850821 -1014.850946 -1014.851147 -1014.851455 -1014.851906 -1014.852552 -1014.853456 -1014.854703 -1014.856401 -1014.858684 -1014.861715 -1014.865664 -1014.870587 -1014.875997 -1014.879759 -1014.875954 -1014.851836 -1014.784722 -1014.639706 -1014.367525 -1013.898221 -1013.121691 -1012.631270 -1013.965443 -1020.272337 -1015.528485 -1015.409278 -1015.509088 -1015.634405 -1015.779179 -1015.944779 -1016.133007 -1016.345773 -1016.585044 -1016.852830 -1017.151168 -1017.482118 -1017.847763 -1018.250206 -1018.691577 -1019.174034 -1019.699775 -1020.271049 -1020.890168 -1021.559526 -1022.281621 -1023.059078 -1023.894682 -1024.791410 -1025.752474 -1026.781369 -1027.881931 -1029.058406 -1030.315531 -1031.658637 -1033.093768 -1034.627836 -1036.268807 -1038.025942 -1039.910106 -1041.934166 -1044.113527 -1046.466843 -1049.017007 -1051.792537 -1054.829590 -1058.174960 -1061.890732 -1066.061827 -1070.808952 -1076.312597 -1082.863116 -1090.996190 -1102.129395 -1123.653446 -9999.0 -9999.0
-9999.0 -9999.0 -393.969394 -501.177182 -612.417923 -724.975934 -830.109769 -913.728342 -967.432420 -995.247449 -1007.318323 -1011.995234 -1013.771604 -1014.443499 -1014.697284 -1014.793059 -1014.829164 -1014.842747 -1014.847834 -1014.849719 -1014.850399 -1014.850628 -1014.850692 -1014.850703 -1014.850705 -1014.850718 -1014.850754 -1014.850821 -1014.850946 -1014.851147 -1014.851455 -1014.851906 -1014.852552 -1014.853456 -1014.854703 -1014.856401 -1014.858684 -1014.861715 -1014.865664 -1014.870587 -1014.875997 -1014.879759 -1014.875954 -1014.851836 -1014.784722 -1014.639706 -1014.367525 -1013.898221 -1013.121691 -1012.631270 -1013.965443 -1020.272337 -1015.528485 -1015.409278 -1015.509088 -1015.634405 -1015.779179 -1015.944779 -1016.133007 -1016.345773 -1016.585044 -1016.852830 -1017.151168 -1017.482118 -1017.847763 -1018.250206 -1018.691577 -1019.174034 -1019.699775 -1020.271049 -1020.890168 -1021.559526 -1022.281621 -1023.059078 -1023.894682 -1024.791410 -1025.752474 -1026.781369 -1027.881931 -1029.058406 -1030.315531 -1031.658637 -1033.093768 -1034.627836 -1036.268807 -1038.025942 -1039.910106 -1041.934166 -1044.113527 -1046.466843 -1049.017007 -1051.792537 -1054.829590 -1058.174960 -1061.890732 -1066.061827 -1070.808952 -1076.312597 -1082.863116 -1090.996190 -1102.129395 -1123.653446 -9999.0 -9999.0
-9999.0 -9999.0 -393.969394 -501.177182 -612.417923 -724.975934 -830.109769 -913.728342 -967.432420 -995.247449 -1007.318323 -1011.995234 -1013.771604 -1014.443499 -1014.697284 -1014.793059 -1014.829164 -1014.842747 -1014.847834 -1014.849719 -1014.850399 -1014.850628 -1014.850692 -1014.850703 -1014.850705 -1014.850718 -1014.850754 -1014.850821 -1014.850946 -1014.851147 -1014.851455 -1014.851906 -1014.852552 -1014.853456 -1014.854703 -1014.856401 -1014.858684 -1014.861715 -1014.865664 -1014.870587 -1014.875997 -1014.879759 -1014.875954 -1014.851836 -1014.784722 -1014.639706 -1014.367525 -1013.898221 -1013.121691 -1012.631270 -1013.965443 -1020.272337 -1015.528485 -1015.409278 -1015.509088 -1015.634405 -1015.779179 -1015.944779 -1016.133007 -1016.345773 -1016.585044 -1016.852830 -1017.151168 -1017.482118 -1017.847763 -1018.250206 -1018.691577 -1019.174034 -1019.699775 -1020.271049 -1020.890168 -1021.559526 -1022.281621 -1023.059078 -1023.894682 -1024.791410 -1025.752474 -1026.781369 -1027.881931 -1029.058406 -1030.315531 -1031.658637 -1033.093768 -1034.627836 -1036.268807 -1038.025942 -1039.910106 -1041.934166 -1044.113527 -1046.466843 -1049.017007 -1051.792537 -1054.829590 -1058.174960 -1061.890732 -1066.061827 -1070.808952 -1076.312597 -1082.863116 -1090.996190 -1102.129395 -1123.653446 -9999.0 -9999.0
-9999.0 -9999.0 -393.969394 -501.177182 -612.417923 -724.975934 -830.109769 -913.728342 -967.432420 -995.247449 -1007.318323 -1011.995234 -1013.771604 -1014.443499 -1014.697284 -1014.793059 -1014.829164 -1014.842747 -1014.847834 -1014.849719 -1014.850399 -1014.850628 -1014.850692 -1014.850703 -1014.850705 -1014.850718 -1014.850754 -1014.850821 -1014.850946 -1014.851147 -1014.851455 -1014.851906 -1014.852552 -1014.853456 -1014.854703 -1014.856401 -1014.858684 -1014.861715 -1014.865664 -1014.870587 -1014.875997 -1014.879759 -1014.875954 -1014.851836 -1014.784722 -1014.639706 -1014.367525 -1013.898221 -1013.121691 -1012.631270 -1013.965443 -1020.272337 -1015.528485 -1015.409278 -1015.509088 -1015.634405 -1015.779179 -1015.944779 -1016.133007 -1016.345773 -1016.585044 -1016.852830 -1017.151168 -1017.482118 -1017.847763 -1018.250206 -1018.691577 -1019.174034 -1019.699775 -1020.271049 -1020.890168 -1021.559526 -1022.281621 -1023.059078 -1023.894682 -1024.791410 -1025.752474 -1026.781369 -1027.881931 -1029.058406 -1030.315531 -1031.658637 -1033.093768 -1034.627836 -1036.268807 -1038.025942 -1039.910106 -1041.934166 -1044.113527 -1046.466843 -1049.017007 -1051.792537 -1054.829590 -1058.174960 -1061.890732 -1066.061827 -1070.808952 -1076.312597 -1082.863116 -1090.996190 -1102.129395 -1123.653446 -9999.0 -9999.0
-9999.0 -9999.0 -9999.0 -9999.0 -9999.0 -9999.0 -9999.0 -9999.0 -9999.0 -9999.0 -9999.0 -9999.0 -9999.0 -9999.0 -9999.0 -9999.0 -9999.0 -9999.0 -9999.0 -9999.0 -9999.0 -9999.0 -9999.0 -9999.0 -9999.0 -9999.0 -9999.0 -9999.0 -9999.0 -9999.0 -9999.0 -9999.0 -9999.0 -9999.0 -9999.0 -9999.0 -9999.0 -9999.0 -9999.0 -9999.0 -9999.0 -9999.0 -9999.0 -9999.0 -9999.0 -9999.0 -9999.0 -9999.0 -9999.0 -9999.0 -9999.0 -9999.0 -9999.0 -9999.0 -9999.0 -9999.0 -9999.0 -9999.0 -9999.0 -9999.0 -9999.0 -9999.0 -9999.0 -9999.0 -9999.0 -9999.0 -9999.0 -9999.0 -9999.0 -9999.0 -9999.0 -9999.0 -9999.0 -9999.0 -9999.0 -9999.0 -9999.0 -9999.0 -9999.0 -9999.0 -9999.0 -9999.0 -9999.0 -9999.0 -9999.0 -9999.0 -9999.0 -9999.0 -9999.0 -9999.0 -9999.0 -9999.0 -9999.0 -9999.0 -9999.0 -9999.0 -9999.0 -9999.0 -9999.0 -9999.0 -9999.0 -9999.0 -9999.0 -9999.0
-9999.0 -9999.0 -9999.0 -9999.0 -9999.0 -9999.0 -9999.0 -9999.0 -9999.0 -9999.0 -9999.0 -9999.0 -9999.0 -9999.0 -9999.0 -9999.0 -9999.0 -9999.0 -9999.0 -9999.0 -9999.0 -9999.0 -9999.0 -9999.0 -9999.0 -9999.0 -9999.0 -9999.0 -9999.0 -9999.0 -9999.0 -9999.0 -9999.0 -9999.0 -9999.0 -9999.0 -9999.0 -9999.0 -9999.0 -9999.0 -9999.0 -9999.0 -9999.0 -9999.0 -9999.0 -9999.0 -9999.0 -9999.0 -9999.0 -9999.0 -9999.0 -9999.0 -9999.0 -9999.0 -9999.0 -9999.0 -9999.0 -9999.0 -9999.0 -9999.0 -9999.0 -9999.0 -9999.0 -9999.0 -9999.0 -9999.0 -9999.0 -9999.0 -9999.0 -9999.0 -9999.0 -9999.0 -9999.0 -9999.0 -9999.0 -9999.0 -9999.0 -9999.0 -9999.0 -9999.0 -9999.0 -9999.0 -9999.0 -9999.0 -9999.0 -9999.0 -9999.0 -9999.0 -9999.0 -9999.0 -9999.0 -9999.0 -9999.0 -9999.0 -9999.0 -9999.0 -9999.0 -9999.0 -9999.0 -9999.0 -9999.0 -9999.0 -9999.0 -9999.0