tests/3D/hillslope02_superslab/out/maps3D/PwL0079N0001.asc
ncols         104
nrows         10
xllcorner     -2.000000
yllcorner     0.000000
cellsize      1.000000
NODATA_value  -9999.0
-9999.0 -9999.0 -9999.0 -9999.0 -9999.0 -9999.0 -9999.0 -9999.0 -9999.0 -9999.0 -9999.0 -9999.0 -9999.0 -9999.0 -9999.0 -9999.0 -9999.0 -9999.0 -9999.0 -9999.0 -9999.0 -9999.0 -9999.0 -9999.0 -9999.0 -9999.0 -9999.0 -9999.0 -9999.0 -9999.0 -9999.0 -9999.0 -9999.0 -9999.0 -9999.0 -9999.0 -9999.0 -9999.0 -9999.0 -9999.0 -9999.0 -9999.0 -9999.0 -9999.0 -9999.0 -9999.0 -9999.0 -9999.0 -9999.0 -9999.0 -9999.0 -9999.0 -9999.0 -9999.0 -9999.0 -9999.0 -9999.0 -9999.0 -9999.0 -9999.0 -9999.0 -9999.0 -9999.0 -9999.0 -9999.0 -9999.0 -9999.0 -9999.0 -9999.0 -9999.0 -9999.0 -9999.0 -9999.0 -9999.0 -9999.0 -9999.0 -9999.0 -9999.0 -9999.0 -9999.0 -9999.0 -9999.0 -9999.0 -9999.0 -9999.0 -9999.0 -9999.0 -9999.0 -9999.0 -9999.0 -9999.0 -9999.0 -9999.0 -9999.0 -9999.0 -9999.0 -9999.0 -9999.0 -9999.0 -9999.0 -9999.0 -9999.0 -9999.0 -9999.0
-9999.0 -9999.0 -9999.0 -9999.0 -9999.0 -9999.0 -9999.0 -9999.0 -9999.0 -9999.0 -9999.0 -9999.0 -9999.0 -9999.0 -9999.0 -9999.0 -9999.0 -9999.0 -9999.0 -9999.0 -9999.0 -9999.0 -9999.0 -9999.0 -9999.0 -9999.0 -9999.0 -9999.0 -9999.0 -9999.0 -9999.0 -9999.0 -9999.0 -9999.0 -9999.0 -9999.0 -9999.0 -9999.0 -9999.0 -9999.0 -9999.0 -9999.0 -9999.0 -9999.0 -9999.0 -9999.0 -9999.0 -9999.0 -9999.0 -9999.0 -9999.0 -9999.0 -9999.0 -9999.0 -9999.0 -9999.0 -9999.0 -9999.0 -9999.0 -9999.0 -9999.0 -9999.0 -9999.0 -9999.0 -9999.0 -9999.0 -9999.0 -9999.0 -9999.0 -9999.0 -9999.0 -9999.0 -9999.0 -9999.0 -9999.0 -9999.0 -9999.0 -9999.0 -9999.0 -9999.0 -9999.0 -9999.0 -9999.0 -9999.0 -9999.0 -9999.0 -9999.0 -9999.0 -9999.0 -9999.0 -9999.0 -9999.0 -9999.0 -9999.0 -9999.0 -9999.0 -9999.0 -9999.0 -9999.0 -9999.0 -9999.0 -9999.0 -9999.0 -9999.0
-9999.0 -9999.0 -1031.427816 -1054.437149 -1061.196226 -1063.330866 -1064.018789 -1064.244720 -1064.319461 -1064.344216 -1064.352405 -1064.355109 -1064.356000 -1064.356293 -1064.356389 -1064.356420 -1064.356431 -1064.356434 -1064.356435 -1064.356436 -1064.356436 -1064.356436 -1064.356436 -1064.356436 -1064.356436 -1064.356436 -1064.356436 -1064.356436 -1064.356436 -1064.356436 -1064.356436 -1064.356436 -1064.356436 -1064.356436 -1064.356436 -1064.356436 -1064.356436 -1064.356436 -1064.356436 -1064.356435 -1064.356435 -1064.356432 -1064.356394 -1064.355947 -1064.352083 -1064.327513 -1064.214823 -1063.846092 -1062.975609 -1063.723402 -1064.010997 -1065.857347 -1064.374036 -1064.356607 -1064.356440 -1064.356437 -1064.356436 -1064.356436 -1064.356436 -1064.356436 -1064.356436 -1064.356436 -1064.356436 -1064.356436 -1064.356436 -1064.356436 -1064.356436 -1064.356436 -1064.356436 -1064.356436 -1064.356436 -1064.356436 -1064.356436 -1064.356436 -1064.356436 -1064.356436 -1064.356436 -1064.356436 -1064.356438 -1064.356440 -1064.356446 -1064.356459 -1064.356487 -1064.356548 -1064.356677 -1064.356943 -1064.357482 -1064.358545 -1064.360592 -1064.364431 -1064.371441 -1064.383902 -1064.405476 -1064.441880 -1064.501848 -1064.598497 -1064.751397 -1064.989938 -1065.359575 -1065.936322 -1066.909724 -1070.811446 -9999.0 -9999.0
-9999.0 -9999.0 -1031.427816 -1054.437149 -1061.196226 -1063.330866 -1064.018789 -1064.244720 -1064.319461 -1064.344216 -1064.352405 -1064.355109 -1064.356000 -1064.356293 -1064.356389 -1064.356420 -1064.356431 -1064.356434 -1064.356435 -1064.356436 -1064.356436 -1064.356436 -1064.356436 -1064.356436 -1064.356436 -1064.356436 -1064.356436 -1064.356436 -1064.356436 -1064.356436 -1064.356436 -1064.356436 -1064.356436 -1064.356436 -1064.356436 -1064.356436 -1064.356436 -1064.356436 -1064.356436 -1064.356435 -1064.356435 -1064.356432 -1064.356394 -1064.355947 -1064.352083 -1064.327513 -1064.214823 -1063.846092 -1062.975609 -1063.723402 -1064.010997 -1065.857347 -1064.374036 -1064.356607 -1064.356440 -1064.356437 -1064.356436 -1064.356436 -1064.356436 -1064.356436 -1064.356436 -1064.356436 -1064.356436 -1064.356436 -1064.356436 -1064.356436 -1064.356436 -1064.356436 -1064.356436 -1064.356436 -1064.356436 -1064.356436 -1064.356436 -1064.356436 -1064.356436 -1064.356436 -1064.356436 -1064.356436 -1064.356438 -1064.356440 -1064.356446 -1064.356459 -1064.356487 -1064.356548 -1064.356677 -1064.356943 -1064.357482 -1064.358545 -1064.360592 -1064.364431 -1064.371441 -1064.383902 -1064.405476 -1064.441880 -1064.501848 -1064.598497 -1064.751397 -1064.989938 -1065.359575 -1065.936322 -1066.909724 -1070.811446 -9999.0 -9999.0
-9999.0 -9999.0 -1031.427816 -1054.437149 -1061.196226 -1063.330866 -1064.018789 -1064.244720 -1064.319461 -1064.344216 -1064.352405 -1064.355109 -1064.356000 -1064.356293 -1064.356389 -1064.356420 -1064.356431 -1064.356434 -1064.356435 -1064.356436 -1064.356436 -1064.356436 -1064.356436 -1064.356436 -1064.356436 -1064.356436 -1064.356436 -1064.356436 -1064.356436 -1064.356436 -1064.356436 -1064.356436 -1064.356436 -1064.356436 -1064.356436 -1064.356436 -1064.356436 -1064.356436 -1064.356436 -1064.356435 -1064.356435 -1064.356432 -1064.356394 -1064.355947 -1064.352083 -1064.327513 -1064.214823 -1063.846092 -1062.975609 -1063.723402 -1064.010997 -1065.857347 -1064.374036 -1064.356607 -1064.356440 -1064.356437 -1064.356436 -1064.356436 -1064.356436 -1064.356436 -1064.356436 -1064.356436 -1064.356436 -1064.356436 -1064.356436 -1064.356436 -1064.356436 -1064.356436 -1064.356436 -1064.356436 -1064.356436 -1064.356436 -1064.356436 -1064.356436 -1064.356436 -1064.356436 -1064.356436 -1064.356436 -1064.356438 -1064.356440 -1064.356446 -1064.356459 -1064.356487 -1064.356548 -1064.356677 -1064.356943 -1064.357482 -1064.358545 -1064.360592 -1064.364431 -1064.371441 -1064.383902 -1064.405476 -1064.441880 -1064.501848 -1064.598497 -1064.751397 -1064.989938 -1065.359575 -1065.936322 -1066.909724 -1070.811446 -9999.0 -9999.0
-9999.0 -9999.0 -1031.427816 -1054.437149 -1061.196226 -1063.330866 -1064.018789 -1064.244720 -1064.319461 -1064.344216 -1064.352405 -1064.355109 -1064.356000 -1064.356293 -1064.356389 -1064.356420 -1064.356431 -1064.356434 -1064.356435 -1064.356436 -1064.356436 -1064.356436 -1064.356436 -1064.356436 -1064.356436 -1064.356436 -1064.356436 -1064.356436 -1064.356436 -1064.356436 -1064.356436 -1064.356436 -1064.356436 -1064.356436 -1064.356436 -1064.356436 -1064.356436 -1064.356436 -1064.356436 -1064.356435 -1064.356435 -1064.356432 -1064.356394 -1064.355947 -1064.352083 -1064.327513 -1064.214823 -1063.846092 -1062.975609 -1063.723402 -1064.010997 -1065.857347 -1064.374036 -1064.356607 -1064.356440 -1064.356437 -1064.356436 -1064.356436 -1064.356436 -1064.356436 -1064.356436 -1064.356436 -1064.356436 -1064.356436 -1064.356436 -1064.356436 -1064.356436 -1064.356436 -1064.356436 -1064.356436 -1064.356436 -1064.356436 -1064.356436 -1064.356436 -1064.356436 -1064.356436 -1064.356436 -1064.356436 -1064.356438 -1064.356440 -1064.356446 -1064.356459 -1064.356487 -1064.356548 -1064.356677 -1064.356943 -1064.357482 -1064.358545 -1064.360592 -1064.364431 -1064.371441 -1064.383902 -1064.405476 -1064.441880 -1064.501848 -1064.598497 -1064.751397 -1064.989938 -1065.359575 -1065.936322 -1066.909724 -1070.811446 -9999.0 -9999.0
-9999.0 -9999.0 -1031.427816 -1054.437149 -1061.196226 -1063.330866 -1064.018789 -1064.244720 -1064.319461 -1064.344216 -1064.352405 -1064.355109 -1064.356000 -1064.356293 -1064.356389 -1064.356420 -1064.356431 -1064.356434 -1064.356435 -1064.356436 -1064.356436 -1064.356436 -1064.356436 -1064.356436 -1064.356436 -1064.356436 -1064.356436 -1064.356436 -1064.356436 -1064.356436 -1064.356436 -1064.356436 -1064.356436 -1064.356436 -1064.356436 -1064.356436 -1064.356436 -1064.356436 -1064.356436 -1064.356435 -1064.356435 -1064.356432 -1064.356394 -1064.355947 -1064.352083 -1064.327513 -1064.214823 -1063.846092 -1062.975609 -1063.723402 -1064.010997 -1065.857347 -1064.374036 -1064.356607 -1064.356440 -1064.356437 -1064.356436 -1064.356436 -1064.356436 -1064.356436 -1064.356436 -1064.356436 -1064.356436 -1064.356436 -1064.356436 -1064.356436 -1064.356436 -1064.356436 -1064.356436 -1064.356436 -1064.356436 -1064.356436 -1064.356436 -1064.356436 -1064.356436 -1064.356436 -1064.356436 -1064.356436 -1064.356438 -1064.356440 -1064.356446 -1064.356459 -1064.356487 -1064.356548 -1064.356677 -1064.356943 -1064.357482 -1064.358545 -1064.360592 -1064.364431 -1064.371441 -1064.383902 -1064.405476 -1064.441880 -1064.501848 -1064.598497 -1064.751397 -1064.989938 -1065.359575 -1065.936322 -1066.909724 -1070.811446 -9999.0 -9999.0
-9999.0 -9999.0 -1031.427816 -1054.437149 -1061.196226 -1063.330866 -1064.018789 -1064.244720 -1064.319461 -1064.344216 -1064.352405 -1064.355109 -1064.356000 -1064.356293 -1064.356389 -1064.356420 -1064.356431 -1064.356434 -1064.356435 -1064.356436 -1064.356436 -1064.356436 -1064.356436 -1064.356436 -1064.356436 -1064.356436 -1064.356436 -1064.356436 -1064.356436 -1064.356436 -1064.356436 -1064.356436 -1064.356436 -1064.356436 -1064.356436 -1064.356436 -1064.356436 -1064.356436 -1064.356436 -1064.356435 -1064.356435 -1064.356432 -1064.356394 -1064.355947 -1064.352083 -1064.327513 -1064.214823 -1063.846092 -1062.975609 -1063.723402 -1064.010997 -1065.857347 -1064.374036 -1064.356607 -1064.356440 -1064.356437 -1064.356436 -1064.356436 -1064.356436 -1064.356436 -1064.356436 -1064.356436 -1064.356436 -1064.356436 -1064.356436 -1064.356436 -1064.356436 -1064.356436 -1064.356436 -1064.356436 -1064.356436 -1064.356436 -1064.356436 -1064.356436 -1064.356436 -1064.356436 -1064.356436 -1064.356436 -1064.356438 -1064.356440 -1064.356446 -1064.356459 -1064.356487 -1064.356548 -1064.356677 -1064.356943 -1064.357482 -1064.358545 -1064.360592 -1064.364431 -1064.371441 -1064.383902 -1064.405476 -1064.441880 -1064.501848 -1064.598497 -1064.751397 -1064.989938 -1065.359575 -1065.936322 -1066.909724 -1070.811446 -9999.0 -9999.0
-9999.0 -9999.0 -9999.0 -9999.0 -9999.0 -9999.0 -9999.0 -9999.0 -9999.0 -9999.0 -9999.0 -9999.0 -9999.0 -9999.0 -9999.0 -9999.0 -9999.0 -9999.0 -9999.0 -9999.0 -9999.0 -9999.0 -9999.0 -9999.0 -9999.0 -9999.0 -9999.0 -9999.0 -9999.0 -9999.0 -9999.0 -9999.0 -9999.0 -9999.0 -9999.0 -9999.0 -9999.0 -9999.0 -9999.0 -9999.0 -9999.0 -9999.0 -9999.0 -9999.0 -9999.0 -9999.0 -9999.0 -9999.0 -9999.0 -9999.0 -9999.0 -9999.0 -9999.0 -9999.0 -9999.0 -9999.0 -9999.0 -9999.0 -9999.0 -9999.0 -9999.0 -9999.0 -9999.0 -9999.0 -9999.0 -9999.0 -9999.0 -9999.0 -9999.0 -9999.0 -9999.0 -9999.0 -9999.0 -9999.0 -9999.0 -9999.0 -9999.0 -9999.0 -9999.0 -9999.0 -9999.0 -9999.0 -9999.0 -9999.0 -9999.0 -9999.0 -9999.0 -9999.0 -9999.0 -9999.0 -9999.0 -9999.0 -9999.0 -9999.0 -9999.0 -9999.0 -9999.0 -9999.0 -9999.0 -9999.0 -9999.0 -9999.0 -9999.0 -9999.0
-9999.0 -9999.0 -9999.0 -9999.0 -9999.0 -9999.0 -9999.0 -9999.0 -9999.0 -9999.0 -9999.0 -9999.0 -9999.0 -9999.0 -9999.0 -9999.0 -9999.0 -9999.0 -9999.0 -9999.0 -9999.0 -9999.0 -9999.0 -9999.0 -9999.0 -9999.0 -9999.0 -9999.0 -9999.0 -9999.0 -9999.0 -9999.0 -9999.0 -9999.0 -9999.0 -9999.0 -9999.0 -9999.0 -9999.0 -9999.0 -9999.0 -9999.0 -9999.0 -9999.0 -9999.0 -9999.0 -9999.0 -9999.0 -9999.0 -9999.0 -9999.0 -9999.0 -9999.0 -9999.0 -9999.0 -9999.0 -9999.0 -9999.0 -9999.0 -9999.0 -9999.0 -9999.0 -9999.0 -9999.0 -9999.0 -9999.0 -9999.0 -9999.0 -9999.0 -9999.0 -9999.0 -9999.0 -9999.0 -9999.0 -9999.0 -9999.0 -9999.0 -9999.0 -9999.0 -9999.0 -9999.0 -9999.0 -9999.0 -9999.0 -9999.0 -9999.0 -9999.0 -9999.0 -9999.0 -9999.0 -9999.0 -9999.0 -9999.0 -9999.0 -9999.0 -9999.0 -9999.0 -9999.0 -9999.0 -9999.0 -9999.0 -9999.0 -9999.0 -9999.0