tests/3D/hillslope02_superslab/out/maps3D/PwL0044N0006.asc
ncols         104
nrows         10
xllcorner     -2.000000
yllcorner     0.000000
cellsize      1.000000
NODATA_value  -9999.0
-9999.0 -9999.0 -9999.0 -9999.0 -9999.0 -9999.0 -9999.0 -9999.0 -9999.0 -9999.0 -9999.0 -9999.0 -9999.0 -9999.0 -9999.0 -9999.0 -9999.0 -9999.0 -9999.0 -9999.0 -9999.0 -9999.0 -9999.0 -9999.0 -9999.0 -9999.0 -9999.0 -9999.0 -9999.0 -9999.0 -9999.0 -9999.0 -9999.0 -9999.0 -9999.0 -9999.0 -9999.0 -9999.0 -9999.0 -9999.0 -9999.0 -9999.0 -9999.0 -9999.0 -9999.0 -9999.0 -9999.0 -9999.0 -9999.0 -9999.0 -9999.0 -9999.0 -9999.0 -9999.0 -9999.0 -9999.0 -9999.0 -9999.0 -9999.0 -9999.0 -9999.0 -9999.0 -9999.0 -9999.0 -9999.0 -9999.0 -9999.0 -9999.0 -9999.0 -9999.0 -9999.0 -9999.0 -9999.0 -9999.0 -9999.0 -9999.0 -9999.0 -9999.0 -9999.0 -9999.0 -9999.0 -9999.0 -9999.0 -9999.0 -9999.0 -9999.0 -9999.0 -9999.0 -9999.0 -9999.0 -9999.0 -9999.0 -9999.0 -9999.0 -9999.0 -9999.0 -9999.0 -9999.0 -9999.0 -9999.0 -9999.0 -9999.0 -9999.0 -9999.0
-9999.0 -9999.0 -9999.0 -9999.0 -9999.0 -9999.0 -9999.0 -9999.0 -9999.0 -9999.0 -9999.0 -9999.0 -9999.0 -9999.0 -9999.0 -9999.0 -9999.0 -9999.0 -9999.0 -9999.0 -9999.0 -9999.0 -9999.0 -9999.0 -9999.0 -9999.0 -9999.0 -9999.0 -9999.0 -9999.0 -9999.0 -9999.0 -9999.0 -9999.0 -9999.0 -9999.0 -9999.0 -9999.0 -9999.0 -9999.0 -9999.0 -9999.0 -9999.0 -9999.0 -9999.0 -9999.0 -9999.0 -9999.0 -9999.0 -9999.0 -9999.0 -9999.0 -9999.0 -9999.0 -9999.0 -9999.0 -9999.0 -9999.0 -9999.0 -9999.0 -9999.0 -9999.0 -9999.0 -9999.0 -9999.0 -9999.0 -9999.0 -9999.0 -9999.0 -9999.0 -9999.0 -9999.0 -9999.0 -9999.0 -9999.0 -9999.0 -9999.0 -9999.0 -9999.0 -9999.0 -9999.0 -9999.0 -9999.0 -9999.0 -9999.0 -9999.0 -9999.0 -9999.0 -9999.0 -9999.0 -9999.0 -9999.0 -9999.0 -9999.0 -9999.0 -9999.0 -9999.0 -9999.0 -9999.0 -9999.0 -9999.0 -9999.0 -9999.0 -9999.0
-9999.0 -9999.0 1878.141467 1777.258274 1674.567521 1570.228926 1464.492196 1359.420924 1255.250260 1149.778962 1042.443665 934.739684 829.127815 727.303398 626.947611 527.496614 429.510533 334.831831 244.302088 158.009911 73.825722 -9.158485 -90.160926 -166.212781 -232.231584 -280.131310 -308.273547 -322.914057 -330.593375 -334.723345 -336.987375 -338.069708 -138.253361 42.205275 224.686364 408.343225 455.759066 368.395494 283.208761 191.585521 82.844083 -46.280478 -199.543045 -294.758331 -111.793909 -63.607107 119.859445 153.042821 172.516153 183.947206 190.210959 192.924548 193.056040 191.225690 187.845087 183.190635 177.450267 170.774470 163.264891 153.904164 146.381321 137.542575 120.330254 86.632391 53.949248 20.476478 -11.342775 -40.906420 -70.133496 -99.390792 -128.286599 -157.094951 -185.247629 -212.398184 -238.494751 -262.538999 -283.827706 -302.803272 -318.825173 -333.165195 -343.614979 -350.577996 -353.612074 -353.967231 -353.881461 -354.036820 -354.592014 -355.329172 -356.292876 -357.565127 -359.306367 -361.820414 -365.569204 -371.213744 -379.728870 -392.473256 -411.616357 -445.218546 -610.311122 -2209.810759 -2796.484473 -2798.199426 -9999.0 -9999.0
-9999.0 -9999.0 1878.153872 1777.266198 1674.571589 1570.230797 1464.493015 1359.421268 1255.250402 1149.779020 1042.443689 934.739694 829.127819 727.303399 626.947611 527.496614 429.510534 334.831831 244.302089 158.009911 73.825722 -9.158485 -90.160926 -166.212781 -232.231583 -280.131310 -308.273547 -322.914057 -330.593375 -334.723345 -336.987375 -338.069708 -138.253361 42.205275 224.686364 408.343225 455.759066 368.395494 283.208762 191.585521 82.844084 -46.280477 -199.543045 -294.758331 -111.793909 -63.607104 119.859445 153.042821 172.516153 183.947206 190.210959 192.924548 193.056040 191.225690 187.845086 183.190635 177.450267 170.774470 163.264891 153.904164 146.381321 137.542575 120.330254 86.632391 53.949248 20.476478 -11.342775 -40.906420 -70.133496 -99.390792 -128.286599 -157.094951 -185.247629 -212.398184 -238.494751 -262.538999 -283.827706 -302.803272 -318.825173 -333.165195 -343.614979 -350.577996 -353.612074 -353.967231 -353.881461 -354.036820 -354.592014 -355.329172 -356.292876 -357.565127 -359.306367 -361.820414 -365.569204 -371.213744 -379.728870 -392.473256 -411.616357 -445.218546 -610.311122 -2209.810757 -2796.484473 -2798.199426 -9999.0 -9999.0
-9999.0 -9999.0 1878.164090 1777.273049 1674.575277 1570.232556 1464.493803 1359.421605 1255.250542 1149.779078 1042.443713 934.739704 829.127823 727.303401 626.947612 527.496615 429.510534 334.831832 244.302089 158.009911 73.825723 -9.158484 -90.160926 -166.212781 -232.231583 -280.131310 -308.273546 -322.914057 -330.593375 -334.723345 -336.987375 -338.069708 -138.253361 42.205275 224.686364 408.343225 455.759066 368.395494 283.208762 191.585521 82.844084 -46.280477 -199.543045 -294.758331 -111.793909 -63.607102 119.859445 153.042821 172.516153 183.947206 190.210959 192.924548 193.056040 191.225690 187.845086 183.190635 177.450267 170.774470 163.264891 153.904164 146.381321 137.542575 120.330254 86.632391 53.949248 20.476478 -11.342775 -40.906420 -70.133496 -99.390792 -128.286599 -157.094951 -185.247629 -212.398184 -238.494751 -262.538999 -283.827706 -302.803272 -318.825173 -333.165195 -343.614979 -350.577996 -353.612074 -353.967231 -353.881461 -354.036820 -354.592014 -355.329172 -356.292876 -357.565127 -359.306367 -361.820414 -365.569204 -371.213744 -379.728870 -392.473256 -411.616357 -445.218546 -610.311122 -2209.810755 -2796.484473 -2798.199426 -9999.0 -9999.0
-9999.0 -9999.0 1878.164089 1777.273049 1674.575277 1570.232556 1464.493803 1359.421605 1255.250542 1149.779078 1042.443713 934.739704 829.127823 727.303401 626.947612 527.496615 429.510534 334.831832 244.302089 158.009911 73.825723 -9.158484 -90.160926 -166.212781 -232.231583 -280.131310 -308.273546 -322.914057 -330.593375 -334.723345 -336.987375 -338.069708 -138.253361 42.205275 224.686364 408.343225 455.759066 368.395494 283.208762 191.585521 82.844084 -46.280477 -199.543045 -294.758331 -111.793909 -63.607102 119.859445 153.042821 172.516153 183.947206 190.210959 192.924548 193.056040 191.225690 187.845086 183.190635 177.450267 170.774470 163.264891 153.904164 146.381321 137.542575 120.330254 86.632391 53.949248 20.476478 -11.342775 -40.906420 -70.133496 -99.390792 -128.286599 -157.094951 -185.247629 -212.398184 -238.494751 -262.538999 -283.827706 -302.803272 -318.825173 -333.165195 -343.614979 -350.577996 -353.612074 -353.967231 -353.881461 -354.036820 -354.592014 -355.329172 -356.292876 -357.565127 -359.306367 -361.820414 -365.569204 -371.213744 -379.728870 -392.473256 -411.616357 -445.218546 -610.311122 -2209.810755 -2796.484473 -2798.199426 -9999.0 -9999.0
-9999.0 -9999.0 1878.153872 1777.266198 1674.571589 1570.230797 1464.493015 1359.421268 1255.250402 1149.779020 1042.443689 934.739694 829.127819 727.303399 626.947611 527.496614 429.510534 334.831831 244.302089 158.009911 73.825722 -9.158485 -90.160926 -166.212781 -232.231583 -280.131310 -308.273547 -322.914057 -330.593375 -334.723345 -336.987375 -338.069708 -138.253361 42.205275 224.686364 408.343225 455.759066 368.395494 283.208762 191.585521 82.844084 -46.280477 -199.543045 -294.758331 -111.793909 -63.607104 119.859445 153.042821 172.516153 183.947206 190.210959 192.924548 193.056040 191.225690 187.845086 183.190635 177.450267 170.774470 163.264891 153.904164 146.381321 137.542575 120.330254 86.632391 53.949248 20.476478 -11.342775 -40.906420 -70.133496 -99.390792 -128.286599 -157.094951 -185.247629 -212.398184 -238.494751 -262.538999 -283.827706 -302.803272 -318.825173 -333.165195 -343.614979 -350.577996 -353.612074 -353.967231 -353.881461 -354.036820 -354.592014 -355.329172 -356.292876 -357.565127 -359.306367 -361.820414 -365.569204 -371.213744 -379.728870 -392.473256 -411.616357 -445.218546 -610.311122 -2209.810757 -2796.484473 -2798.199426 -9999.0 -9999.0
-9999.0 -9999.0 1878.141467 1777.258274 1674.567521 1570.228926 1464.492196 1359.420924 1255.250260 1149.778962 1042.443665 934.739684 829.127815 727.303398 626.947611 527.496614 429.510533 334.831831 244.302088 158.009911 73.825722 -9.158485 -90.160926 -166.212781 -232.231584 -280.131310 -308.273547 -322.914057 -330.593375 -334.723345 -336.987375 -338.069708 -138.253361 42.205275 224.686364 408.343225 455.759066 368.395494 283.208761 191.585521 82.844083 -46.280478 -199.543045 -294.758331 -111.793909 -63.607107 119.859445 153.042821 172.516153 183.947206 190.210959 192.924548 193.056040 191.225690 187.845087 183.190635 177.450267 170.774470 163.264891 153.904164 146.381321 137.542575 120.330255 86.632391 53.949248 20.476478 -11.342775 -40.906420 -70.133496 -99.390792 -128.286599 -157.094951 -185.247629 -212.398184 -238.494751 -262.538999 -283.827706 -302.803272 -318.825173 -333.165195 -343.614979 -350.577996 -353.612074 -353.967231 -353.881461 -354.036820 -354.592014 -355.329172 -356.292876 -357.565127 -359.306367 -361.820414 -365.569204 -371.213744 -379.728870 -392.473256 -411.616357 -445.218546 -610.311122 -2209.810759 -2796.484473 -2798.199426 -9999.0 -9999.0
-9999.0 -9999.0 -9999.0 -9999.0 -9999.0 -9999.0 -9999.0 -9999.0 -9999.0 -9999.0 -9999.0 -9999.0 -9999.0 -9999.0 -9999.0 -9999.0 -9999.0 -9999.0 -9999.0 -9999.0 -9999.0 -9999.0 -9999.0 -9999.0 -9999.0 -9999.0 -9999.0 -9999.0 -9999.0 -9999.0 -9999.0 -9999.0 -9999.0 -9999.0 -9999.0 -9999.0 -9999.0 -9999.0 -9999.0 -9999.0 -9999.0 -9999.0 -9999.0 -9999.0 -9999.0 -9999.0 -9999.0 -9999.0 -9999.0 -9999.0 -9999.0 -9999.0 -9999.0 -9999.0 -9999.0 -9999.0 -9999.0 -9999.0 -9999.0 -9999.0 -9999.0 -9999.0 -9999.0 -9999.0 -9999.0 -9999.0 -9999.0 -9999.0 -9999.0 -9999.0 -9999.0 -9999.0 -9999.0 -9999.0 -9999.0 -9999.0 -9999.0 -9999.0 -9999.0 -9999.0 -9999.0 -9999.0 -9999.0 -9999.0 -9999.0 -9999.0 -9999.0 -9999.0 -9999.0 -9999.0 -9999.0 -9999.0 -9999.0 -9999.0 -9999.0 -9999.0 -9999.0 -9999.0 -9999.0 -9999.0 -9999.0 -9999.0 -9999.0 -9999.0
-9999.0 -9999.0 -9999.0 -9999.0 -9999.0 -9999.0 -9999.0 -9999.0 -9999.0 -9999.0 -9999.0 -9999.0 -9999.0 -9999.0 -9999.0 -9999.0 -9999.0 -9999.0 -9999.0 -9999.0 -9999.0 -9999.0 -9999.0 -9999.0 -9999.0 -9999.0 -9999.0 -9999.0 -9999.0 -9999.0 -9999.0 -9999.0 -9999.0 -9999.0 -9999.0 -9999.0 -9999.0 -9999.0 -9999.0 -9999.0 -9999.0 -9999.0 -9999.0 -9999.0 -9999.0 -9999.0 -9999.0 -9999.0 -9999.0 -9999.0 -9999.0 -9999.0 -9999.0 -9999.0 -9999.0 -9999.0 -9999.0 -9999.0 -9999.0 -9999.0 -9999.0 -9999.0 -9999.0 -9999.0 -9999.0 -9999.0 -9999.0 -9999.0 -9999.0 -9999.0 -9999.0 -9999.0 -9999.0 -9999.0 -9999.0 -9999.0 -9999.0 -9999.0 -9999.0 -9999.0 -9999.0 -9999.0 -9999.0 -9999.0 -9999.0 -9999.0 -9999.0 -9999.0 -9999.0 -9999.0 -9999.0 -9999.0 -9999.0 -9999.0 -9999.0 -9999.0 -9999.0 -9999.0 -9999.0 -9999.0 -9999.0 -9999.0 -9999.0 -9999.0