tests/3D/hillslope02_superslab/out/maps3D/PwL0070N0002.asc
ncols         104
nrows         10
xllcorner     -2.000000
yllcorner     0.000000
cellsize      1.000000
NODATA_value  -9999.0
-9999.0 -9999.0 -9999.0 -9999.0 -9999.0 -9999.0 -9999.0 -9999.0 -9999.0 -9999.0 -9999.0 -9999.0 -9999.0 -9999.0 -9999.0 -9999.0 -9999.0 -9999.0 -9999.0 -9999.0 -9999.0 -9999.0 -9999.0 -9999.0 -9999.0 -9999.0 -9999.0 -9999.0 -9999.0 -9999.0 -9999.0 -9999.0 -9999.0 -9999.0 -9999.0 -9999.0 -9999.0 -9999.0 -9999.0 -9999.0 -9999.0 -9999.0 -9999.0 -9999.0 -9999.0 -9999.0 -9999.0 -9999.0 -9999.0 -9999.0 -9999.0 -9999.0 -9999.0 -9999.0 -9999.0 -9999.0 -9999.0 -9999.0 -9999.0 -9999.0 -9999.0 -9999.0 -9999.0 -9999.0 -9999.0 -9999.0 -9999.0 -9999.0 -9999.0 -9999.0 -9999.0 -9999.0 -9999.0 -9999.0 -9999.0 -9999.0 -9999.0 -9999.0 -9999.0 -9999.0 -9999.0 -9999.0 -9999.0 -9999.0 -9999.0 -9999.0 -9999.0 -9999.0 -9999.0 -9999.0 -9999.0 -9999.0 -9999.0 -9999.0 -9999.0 -9999.0 -9999.0 -9999.0 -9999.0 -9999.0 -9999.0 -9999.0 -9999.0 -9999.0
-9999.0 -9999.0 -9999.0 -9999.0 -9999.0 -9999.0 -9999.0 -9999.0 -9999.0 -9999.0 -9999.0 -9999.0 -9999.0 -9999.0 -9999.0 -9999.0 -9999.0 -9999.0 -9999.0 -9999.0 -9999.0 -9999.0 -9999.0 -9999.0 -9999.0 -9999.0 -9999.0 -9999.0 -9999.0 -9999.0 -9999.0 -9999.0 -9999.0 -9999.0 -9999.0 -9999.0 -9999.0 -9999.0 -9999.0 -9999.0 -9999.0 -9999.0 -9999.0 -9999.0 -9999.0 -9999.0 -9999.0 -9999.0 -9999.0 -9999.0 -9999.0 -9999.0 -9999.0 -9999.0 -9999.0 -9999.0 -9999.0 -9999.0 -9999.0 -9999.0 -9999.0 -9999.0 -9999.0 -9999.0 -9999.0 -9999.0 -9999.0 -9999.0 -9999.0 -9999.0 -9999.0 -9999.0 -9999.0 -9999.0 -9999.0 -9999.0 -9999.0 -9999.0 -9999.0 -9999.0 -9999.0 -9999.0 -9999.0 -9999.0 -9999.0 -9999.0 -9999.0 -9999.0 -9999.0 -9999.0 -9999.0 -9999.0 -9999.0 -9999.0 -9999.0 -9999.0 -9999.0 -9999.0 -9999.0 -9999.0 -9999.0 -9999.0 -9999.0 -9999.0
-9999.0 -9999.0 -1505.219027 -1509.043623 -1509.635444 -1509.814410 -1509.872189 -1509.891293 -1509.897711 -1509.899881 -1509.900615 -1509.900863 -1509.900947 -1509.900976 -1509.900985 -1509.900988 -1509.900990 -1509.900990 -1509.900990 -1509.900990 -1509.900990 -1509.900990 -1509.900990 -1509.900990 -1509.900990 -1509.900990 -1509.900990 -1509.900990 -1509.900990 -1509.900990 -1509.900990 -1509.900990 -1509.900990 -1509.900990 -1509.900990 -1509.900990 -1509.900990 -1509.900987 -1509.900935 -1509.900319 -1509.895069 -1509.863102 -1509.725338 -1509.302038 -1508.932294 -1509.588305 -1509.773123 -1510.000154 -1510.289233 -1510.134105 -1510.035124 -1510.079307 -1509.904777 -1509.901038 -1509.900991 -1509.900990 -1509.900990 -1509.900990 -1509.900990 -1509.900990 -1509.900990 -1509.900990 -1509.900990 -1509.900990 -1509.900990 -1509.900990 -1509.900990 -1509.900990 -1509.900990 -1509.900990 -1509.900990 -1509.900990 -1509.900990 -1509.900990 -1509.900990 -1509.900991 -1509.900991 -1509.900992 -1509.900993 -1509.900996 -1509.901000 -1509.901008 -1509.901022 -1509.901044 -1509.901082 -1509.901144 -1509.901244 -1509.901404 -1509.901655 -1509.902047 -1509.902650 -1509.903566 -1509.904947 -1509.907011 -1509.910072 -1509.914589 -1509.921243 -1509.931061 -1509.945669 -1509.968138 -1510.030600 -1512.015425 -9999.0 -9999.0
-9999.0 -9999.0 -1505.219027 -1509.043623 -1509.635444 -1509.814410 -1509.872189 -1509.891293 -1509.897711 -1509.899881 -1509.900615 -1509.900863 -1509.900947 -1509.900976 -1509.900985 -1509.900988 -1509.900990 -1509.900990 -1509.900990 -1509.900990 -1509.900990 -1509.900990 -1509.900990 -1509.900990 -1509.900990 -1509.900990 -1509.900990 -1509.900990 -1509.900990 -1509.900990 -1509.900990 -1509.900990 -1509.900990 -1509.900990 -1509.900990 -1509.900990 -1509.900990 -1509.900987 -1509.900935 -1509.900319 -1509.895069 -1509.863102 -1509.725338 -1509.302038 -1508.932294 -1509.588305 -1509.773123 -1510.000154 -1510.289233 -1510.134105 -1510.035124 -1510.079307 -1509.904777 -1509.901038 -1509.900991 -1509.900990 -1509.900990 -1509.900990 -1509.900990 -1509.900990 -1509.900990 -1509.900990 -1509.900990 -1509.900990 -1509.900990 -1509.900990 -1509.900990 -1509.900990 -1509.900990 -1509.900990 -1509.900990 -1509.900990 -1509.900990 -1509.900990 -1509.900990 -1509.900991 -1509.900991 -1509.900992 -1509.900993 -1509.900996 -1509.901000 -1509.901008 -1509.901022 -1509.901044 -1509.901082 -1509.901144 -1509.901244 -1509.901404 -1509.901655 -1509.902047 -1509.902650 -1509.903566 -1509.904947 -1509.907011 -1509.910072 -1509.914589 -1509.921243 -1509.931061 -1509.945669 -1509.968138 -1510.030600 -1512.015425 -9999.0 -9999.0
-9999.0 -9999.0 -1505.219027 -1509.043623 -1509.635444 -1509.814410 -1509.872189 -1509.891293 -1509.897711 -1509.899881 -1509.900615 -1509.900863 -1509.900947 -1509.900976 -1509.900985 -1509.900988 -1509.900990 -1509.900990 -1509.900990 -1509.900990 -1509.900990 -1509.900990 -1509.900990 -1509.900990 -1509.900990 -1509.900990 -1509.900990 -1509.900990 -1509.900990 -1509.900990 -1509.900990 -1509.900990 -1509.900990 -1509.900990 -1509.900990 -1509.900990 -1509.900990 -1509.900987 -1509.900935 -1509.900319 -1509.895069 -1509.863102 -1509.725338 -1509.302038 -1508.932294 -1509.588305 -1509.773123 -1510.000154 -1510.289233 -1510.134105 -1510.035124 -1510.079307 -1509.904777 -1509.901038 -1509.900991 -1509.900990 -1509.900990 -1509.900990 -1509.900990 -1509.900990 -1509.900990 -1509.900990 -1509.900990 -1509.900990 -1509.900990 -1509.900990 -1509.900990 -1509.900990 -1509.900990 -1509.900990 -1509.900990 -1509.900990 -1509.900990 -1509.900990 -1509.900990 -1509.900991 -1509.900991 -1509.900992 -1509.900993 -1509.900996 -1509.901000 -1509.901008 -1509.901022 -1509.901044 -1509.901082 -1509.901144 -1509.901244 -1509.901404 -1509.901655 -1509.902047 -1509.902650 -1509.903566 -1509.904947 -1509.907011 -1509.910072 -1509.914589 -1509.921243 -1509.931061 -1509.945669 -1509.968138 -1510.030600 -1512.015425 -9999.0 -9999.0
-9999.0 -9999.0 -1505.219027 -1509.043623 -1509.635444 -1509.814410 -1509.872189 -1509.891293 -1509.897711 -1509.899881 -1509.900615 -1509.900863 -1509.900947 -1509.900976 -1509.900985 -1509.900988 -1509.900990 -1509.900990 -1509.900990 -1509.900990 -1509.900990 -1509.900990 -1509.900990 -1509.900990 -1509.900990 -1509.900990 -1509.900990 -1509.900990 -1509.900990 -1509.900990 -1509.900990 -1509.900990 -1509.900990 -1509.900990 -1509.900990 -1509.900990 -1509.900990 -1509.900987 -1509.900935 -1509.900319 -1509.895069 -1509.863102 -1509.725338 -1509.302038 -1508.932294 -1509.588305 -1509.773123 -1510.000154 -1510.289233 -1510.134105 -1510.035124 -1510.079307 -1509.904777 -1509.901038 -1509.900991 -1509.900990 -1509.900990 -1509.900990 -1509.900990 -1509.900990 -1509.900990 -1509.900990 -1509.900990 -1509.900990 -1509.900990 -1509.900990 -1509.900990 -1509.900990 -1509.900990 -1509.900990 -1509.900990 -1509.900990 -1509.900990 -1509.900990 -1509.900990 -1509.900991 -1509.900991 -1509.900992 -1509.900993 -1509.900996 -1509.901000 -1509.901008 -1509.901022 -1509.901044 -1509.901082 -1509.901144 -1509.901244 -1509.901404 -1509.901655 -1509.902047 -1509.902650 -1509.903566 -1509.904947 -1509.907011 -1509.910072 -1509.914589 -1509.921243 -1509.931061 -1509.945669 -1509.968138 -1510.030600 -1512.015425 -9999.0 -9999.0
-9999.0 -9999.0 -1505.219027 -1509.043623 -1509.635444 -1509.814410 -1509.872189 -1509.891293 -1509.897711 -1509.899881 -1509.900615 -1509.900863 -1509.900947 -1509.900976 -1509.900985 -1509.900988 -1509.900990 -1509.900990 -1509.900990 -1509.900990 -1509.900990 -1509.900990 -1509.900990 -1509.900990 -1509.900990 -1509.900990 -1509.900990 -1509.900990 -1509.900990 -1509.900990 -1509.900990 -1509.900990 -1509.900990 -1509.900990 -1509.900990 -1509.900990 -1509.900990 -1509.900987 -1509.900935 -1509.900319 -1509.895069 -1509.863102 -1509.725338 -1509.302038 -1508.932294 -1509.588305 -1509.773123 -1510.000154 -1510.289233 -1510.134105 -1510.035124 -1510.079307 -1509.904777 -1509.901038 -1509.900991 -1509.900990 -1509.900990 -1509.900990 -1509.900990 -1509.900990 -1509.900990 -1509.900990 -1509.900990 -1509.900990 -1509.900990 -1509.900990 -1509.900990 -1509.900990 -1509.900990 -1509.900990 -1509.900990 -1509.900990 -1509.900990 -1509.900990 -1509.900990 -1509.900991 -1509.900991 -1509.900992 -1509.900993 -1509.900996 -1509.901000 -1509.901008 -1509.901022 -1509.901044 -1509.901082 -1509.901144 -1509.901244 -1509.901404 -1509.901655 -1509.902047 -1509.902650 -1509.903566 -1509.904947 -1509.907011 -1509.910072 -1509.914589 -1509.921243 -1509.931061 -1509.945669 -1509.968138 -1510.030600 -1512.015425 -9999.0 -9999.0
-9999.0 -9999.0 -1505.219027 -1509.043623 -1509.635444 -1509.814410 -1509.872189 -1509.891293 -1509.897711 -1509.899881 -1509.900615 -1509.900863 -1509.900947 -1509.900976 -1509.900985 -1509.900988 -1509.900990 -1509.900990 -1509.900990 -1509.900990 -1509.900990 -1509.900990 -1509.900990 -1509.900990 -1509.900990 -1509.900990 -1509.900990 -1509.900990 -1509.900990 -1509.900990 -1509.900990 -1509.900990 -1509.900990 -1509.900990 -1509.900990 -1509.900990 -1509.900990 -1509.900987 -1509.900935 -1509.900319 -1509.895069 -1509.863102 -1509.725338 -1509.302038 -1508.932294 -1509.588305 -1509.773123 -1510.000154 -1510.289233 -1510.134105 -1510.035124 -1510.079307 -1509.904777 -1509.901038 -1509.900991 -1509.900990 -1509.900990 -1509.900990 -1509.900990 -1509.900990 -1509.900990 -1509.900990 -1509.900990 -1509.900990 -1509.900990 -1509.900990 -1509.900990 -1509.900990 -1509.900990 -1509.900990 -1509.900990 -1509.900990 -1509.900990 -1509.900990 -1509.900990 -1509.900991 -1509.900991 -1509.900992 -1509.900993 -1509.900996 -1509.901000 -1509.901008 -1509.901022 -1509.901044 -1509.901082 -1509.901144 -1509.901244 -1509.901404 -1509.901655 -1509.902047 -1509.902650 -1509.903566 -1509.904947 -1509.907011 -1509.910072 -1509.914589 -1509.921243 -1509.931061 -1509.945669 -1509.968138 -1510.030600 -1512.015425 -9999.0 -9999.0
-9999.0 -9999.0 -9999.0 -9999.0 -9999.0 -9999.0 -9999.0 -9999.0 -9999.0 -9999.0 -9999.0 -9999.0 -9999.0 -9999.0 -9999.0 -9999.0 -9999.0 -9999.0 -9999.0 -9999.0 -9999.0 -9999.0 -9999.0 -9999.0 -9999.0 -9999.0 -9999.0 -9999.0 -9999.0 -9999.0 -9999.0 -9999.0 -9999.0 -9999.0 -9999.0 -9999.0 -9999.0 -9999.0 -9999.0 -9999.0 -9999.0 -9999.0 -9999.0 -9999.0 -9999.0 -9999.0 -9999.0 -9999.0 -9999.0 -9999.0 -9999.0 -9999.0 -9999.0 -9999.0 -9999.0 -9999.0 -9999.0 -9999.0 -9999.0 -9999.0 -9999.0 -9999.0 -9999.0 -9999.0 -9999.0 -9999.0 -9999.0 -9999.0 -9999.0 -9999.0 -9999.0 -9999.0 -9999.0 -9999.0 -9999.0 -9999.0 -9999.0 -9999.0 -9999.0 -9999.0 -9999.0 -9999.0 -9999.0 -9999.0 -9999.0 -9999.0 -9999.0 -9999.0 -9999.0 -9999.0 -9999.0 -9999.0 -9999.0 -9999.0 -9999.0 -9999.0 -9999.0 -9999.0 -9999.0 -9999.0 -9999.0 -9999.0 -9999.0 -9999.0
-9999.0 -9999.0 -9999.0 -9999.0 -9999.0 -9999.0 -9999.0 -9999.0 -9999.0 -9999.0 -9999.0 -9999.0 -9999.0 -9999.0 -9999.0 -9999.0 -9999.0 -9999.0 -9999.0 -9999.0 -9999.0 -9999.0 -9999.0 -9999.0 -9999.0 -9999.0 -9999.0 -9999.0 -9999.0 -9999.0 -9999.0 -9999.0 -9999.0 -9999.0 -9999.0 -9999.0 -9999.0 -9999.0 -9999.0 -9999.0 -9999.0 -9999.0 -9999.0 -9999.0 -9999.0 -9999.0 -9999.0 -9999.0 -9999.0 -9999.0 -9999.0 -9999.0 -9999.0 -9999.0 -9999.0 -9999.0 -9999.0 -9999.0 -9999.0 -9999.0 -9999.0 -9999.0 -9999.0 -9999.0 -9999.0 -9999.0 -9999.0 -9999.0 -9999.0 -9999.0 -9999.0 -9999.0 -9999.0 -9999.0 -9999.0 -9999.0 -9999.0 -9999.0 -9999.0 -9999.0 -9999.0 -9999.0 -9999.0 -9999.0 -9999.0 -9999.0 -9999.0 -9999.0 -9999.0 -9999.0 -9999.0 -9999.0 -9999.0 -9999.0 -9999.0 -9999.0 -9999.0 -9999.0 -9999.0 -9999.0 -9999.0 -9999.0 -9999.0 -9999.0