tests/3D/hillslope02_superslab/out/maps3D/PwL0053N0005.asc
ncols         104
nrows         10
xllcorner     -2.000000
yllcorner     0.000000
cellsize      1.000000
NODATA_value  -9999.0
-9999.0 -9999.0 -9999.0 -9999.0 -9999.0 -9999.0 -9999.0 -9999.0 -9999.0 -9999.0 -9999.0 -9999.0 -9999.0 -9999.0 -9999.0 -9999.0 -9999.0 -9999.0 -9999.0 -9999.0 -9999.0 -9999.0 -9999.0 -9999.0 -9999.0 -9999.0 -9999.0 -9999.0 -9999.0 -9999.0 -9999.0 -9999.0 -9999.0 -9999.0 -9999.0 -9999.0 -9999.0 -9999.0 -9999.0 -9999.0 -9999.0 -9999.0 -9999.0 -9999.0 -9999.0 -9999.0 -9999.0 -9999.0 -9999.0 -9999.0 -9999.0 -9999.0 -9999.0 -9999.0 -9999.0 -9999.0 -9999.0 -9999.0 -9999.0 -9999.0 -9999.0 -9999.0 -9999.0 -9999.0 -9999.0 -9999.0 -9999.0 -9999.0 -9999.0 -9999.0 -9999.0 -9999.0 -9999.0 -9999.0 -9999.0 -9999.0 -9999.0 -9999.0 -9999.0 -9999.0 -9999.0 -9999.0 -9999.0 -9999.0 -9999.0 -9999.0 -9999.0 -9999.0 -9999.0 -9999.0 -9999.0 -9999.0 -9999.0 -9999.0 -9999.0 -9999.0 -9999.0 -9999.0 -9999.0 -9999.0 -9999.0 -9999.0 -9999.0 -9999.0
-9999.0 -9999.0 -9999.0 -9999.0 -9999.0 -9999.0 -9999.0 -9999.0 -9999.0 -9999.0 -9999.0 -9999.0 -9999.0 -9999.0 -9999.0 -9999.0 -9999.0 -9999.0 -9999.0 -9999.0 -9999.0 -9999.0 -9999.0 -9999.0 -9999.0 -9999.0 -9999.0 -9999.0 -9999.0 -9999.0 -9999.0 -9999.0 -9999.0 -9999.0 -9999.0 -9999.0 -9999.0 -9999.0 -9999.0 -9999.0 -9999.0 -9999.0 -9999.0 -9999.0 -9999.0 -9999.0 -9999.0 -9999.0 -9999.0 -9999.0 -9999.0 -9999.0 -9999.0 -9999.0 -9999.0 -9999.0 -9999.0 -9999.0 -9999.0 -9999.0 -9999.0 -9999.0 -9999.0 -9999.0 -9999.0 -9999.0 -9999.0 -9999.0 -9999.0 -9999.0 -9999.0 -9999.0 -9999.0 -9999.0 -9999.0 -9999.0 -9999.0 -9999.0 -9999.0 -9999.0 -9999.0 -9999.0 -9999.0 -9999.0 -9999.0 -9999.0 -9999.0 -9999.0 -9999.0 -9999.0 -9999.0 -9999.0 -9999.0 -9999.0 -9999.0 -9999.0 -9999.0 -9999.0 -9999.0 -9999.0 -9999.0 -9999.0 -9999.0 -9999.0
-9999.0 -9999.0 -2274.451119 -2290.618626 -2302.861725 -2309.901712 -2326.674193 -2330.806759 -2334.326530 -2337.182386 -2339.408287 -2341.095527 -2342.393047 -2350.877048 -2351.443879 -2351.446735 -2351.007884 -2345.842464 -2346.223335 -2346.555501 -2346.842234 -2347.090196 -2347.304695 -2347.489896 -2347.649651 -2347.787548 -2347.906954 -2348.011119 -2348.103593 -2348.186590 -2348.263249 -2348.337948 -2348.423887 -2348.535685 -2348.708284 -2350.248138 -2351.240518 -2351.307438 -2351.307130 -2351.015757 -2347.144864 -2347.437727 -2351.202307 -2351.472679 -2351.487348 -2351.486457 -2351.485637 -2351.485327 -2351.485215 -2351.485174 -2351.485159 -2351.485158 -2351.485149 -2351.485149 -2351.485149 -2351.485148 -2351.485148 -2351.485136 -2351.484962 -2351.482483 -2351.448222 -2350.984511 -2344.896598 -2344.928218 -2345.021701 -2345.141159 -2345.275184 -2345.417503 -2345.564367 -2345.713073 -2345.862165 -2346.009785 -2346.155512 -2346.298537 -2346.437798 -2346.573602 -2346.705978 -2346.833388 -2346.956269 -2347.075266 -2347.190251 -2347.300155 -2347.405769 -2347.508152 -2347.606308 -2347.700124 -2347.791084 -2347.879571 -2347.963666 -2348.045300 -2348.125908 -2348.200432 -2348.271417 -2348.337248 -2348.412013 -2348.523327 -2348.800842 -2351.337563 -2351.484620 -2351.485242 -2351.499303 -2353.005352 -9999.0 -9999.0
-9999.0 -9999.0 -2274.449904 -2290.616910 -2302.861530 -2309.901517 -2326.674158 -2330.806748 -2334.326526 -2337.182385 -2339.408287 -2341.095527 -2342.393047 -2350.877048 -2351.443879 -2351.446735 -2351.007884 -2345.842464 -2346.223335 -2346.555501 -2346.842234 -2347.090196 -2347.304695 -2347.489896 -2347.649651 -2347.787548 -2347.906954 -2348.011119 -2348.103593 -2348.186590 -2348.263249 -2348.337948 -2348.423887 -2348.535685 -2348.708284 -2350.248138 -2351.240518 -2351.307438 -2351.307130 -2351.015757 -2347.144864 -2347.437727 -2351.202307 -2351.472679 -2351.487348 -2351.486457 -2351.485637 -2351.485327 -2351.485215 -2351.485174 -2351.485159 -2351.485158 -2351.485149 -2351.485149 -2351.485149 -2351.485148 -2351.485148 -2351.485136 -2351.484962 -2351.482483 -2351.448222 -2350.984511 -2344.896598 -2344.928218 -2345.021701 -2345.141159 -2345.275184 -2345.417503 -2345.564367 -2345.713073 -2345.862165 -2346.009785 -2346.155512 -2346.298537 -2346.437798 -2346.573602 -2346.705978 -2346.833388 -2346.956269 -2347.075266 -2347.190251 -2347.300155 -2347.405769 -2347.508152 -2347.606308 -2347.700124 -2347.791084 -2347.879571 -2347.963666 -2348.045300 -2348.125908 -2348.200432 -2348.271417 -2348.337248 -2348.412013 -2348.523327 -2348.800842 -2351.337563 -2351.484620 -2351.485242 -2351.499303 -2353.005352 -9999.0 -9999.0
-9999.0 -9999.0 -2274.449008 -2290.615566 -2302.861363 -2309.901340 -2326.674126 -2330.806738 -2334.326522 -2337.182384 -2339.408286 -2341.095527 -2342.393047 -2350.877048 -2351.443879 -2351.446735 -2351.007884 -2345.842464 -2346.223335 -2346.555501 -2346.842234 -2347.090196 -2347.304695 -2347.489896 -2347.649651 -2347.787548 -2347.906954 -2348.011119 -2348.103593 -2348.186590 -2348.263249 -2348.337948 -2348.423887 -2348.535685 -2348.708284 -2350.248138 -2351.240518 -2351.307438 -2351.307130 -2351.015757 -2347.144864 -2347.437727 -2351.202307 -2351.472679 -2351.487348 -2351.486457 -2351.485637 -2351.485327 -2351.485215 -2351.485174 -2351.485159 -2351.485158 -2351.485149 -2351.485149 -2351.485149 -2351.485148 -2351.485148 -2351.485136 -2351.484962 -2351.482483 -2351.448222 -2350.984511 -2344.896598 -2344.928218 -2345.021701 -2345.141159 -2345.275184 -2345.417503 -2345.564367 -2345.713073 -2345.862165 -2346.009785 -2346.155512 -2346.298537 -2346.437798 -2346.573602 -2346.705978 -2346.833388 -2346.956269 -2347.075266 -2347.190251 -2347.300155 -2347.405769 -2347.508152 -2347.606308 -2347.700124 -2347.791084 -2347.879571 -2347.963666 -2348.045300 -2348.125908 -2348.200432 -2348.271417 -2348.337248 -2348.412013 -2348.523327 -2348.800842 -2351.337563 -2351.484620 -2351.485242 -2351.499303 -2353.005352 -9999.0 -9999.0
-9999.0 -9999.0 -2274.449008 -2290.615566 -2302.861363 -2309.901340 -2326.674126 -2330.806738 -2334.326522 -2337.182384 -2339.408286 -2341.095527 -2342.393047 -2350.877048 -2351.443879 -2351.446735 -2351.007884 -2345.842464 -2346.223335 -2346.555501 -2346.842234 -2347.090196 -2347.304695 -2347.489896 -2347.649651 -2347.787548 -2347.906954 -2348.011119 -2348.103593 -2348.186590 -2348.263249 -2348.337948 -2348.423887 -2348.535685 -2348.708284 -2350.248138 -2351.240518 -2351.307438 -2351.307130 -2351.015757 -2347.144864 -2347.437727 -2351.202307 -2351.472679 -2351.487348 -2351.486457 -2351.485637 -2351.485327 -2351.485215 -2351.485174 -2351.485159 -2351.485158 -2351.485149 -2351.485149 -2351.485149 -2351.485148 -2351.485148 -2351.485136 -2351.484962 -2351.482483 -2351.448222 -2350.984511 -2344.896598 -2344.928218 -2345.021701 -2345.141159 -2345.275184 -2345.417503 -2345.564367 -2345.713073 -2345.862165 -2346.009785 -2346.155512 -2346.298537 -2346.437798 -2346.573602 -2346.705978 -2346.833388 -2346.956269 -2347.075266 -2347.190251 -2347.300155 -2347.405769 -2347.508152 -2347.606308 -2347.700124 -2347.791084 -2347.879571 -2347.963666 -2348.045300 -2348.125908 -2348.200432 -2348.271417 -2348.337248 -2348.412013 -2348.523327 -2348.800842 -2351.337563 -2351.484620 -2351.485242 -2351.499303 -2353.005352 -9999.0 -9999.0
-9999.0 -9999.0 -2274.449904 -2290.616910 -2302.861530 -2309.901517 -2326.674158 -2330.806748 -2334.326526 -2337.182385 -2339.408287 -2341.095527 -2342.393047 -2350.877048 -2351.443879 -2351.446735 -2351.007884 -2345.842464 -2346.223335 -2346.555501 -2346.842234 -2347.090196 -2347.304695 -2347.489896 -2347.649651 -2347.787548 -2347.906954 -2348.011119 -2348.103593 -2348.186590 -2348.263249 -2348.337948 -2348.423887 -2348.535685 -2348.708284 -2350.248138 -2351.240518 -2351.307438 -2351.307130 -2351.015757 -2347.144864 -2347.437727 -2351.202307 -2351.472679 -2351.487348 -2351.486457 -2351.485637 -2351.485327 -2351.485215 -2351.485174 -2351.485159 -2351.485158 -2351.485149 -2351.485149 -2351.485149 -2351.485148 -2351.485148 -2351.485136 -2351.484962 -2351.482483 -2351.448222 -2350.984511 -2344.896598 -2344.928218 -2345.021701 -2345.141159 -2345.275184 -2345.417503 -2345.564367 -2345.713073 -2345.862165 -2346.009785 -2346.155512 -2346.298537 -2346.437798 -2346.573602 -2346.705978 -2346.833388 -2346.956269 -2347.075266 -2347.190251 -2347.300155 -2347.405769 -2347.508152 -2347.606308 -2347.700124 -2347.791084 -2347.879571 -2347.963666 -2348.045300 -2348.125908 -2348.200432 -2348.271417 -2348.337248 -2348.412013 -2348.523327 -2348.800842 -2351.337563 -2351.484620 -2351.485242 -2351.499303 -2353.005352 -9999.0 -9999.0
-9999.0 -9999.0 -2274.451119 -2290.618626 -2302.861725 -2309.901712 -2326.674193 -2330.806759 -2334.326530 -2337.182386 -2339.408287 -2341.095527 -2342.393047 -2350.877048 -2351.443879 -2351.446735 -2351.007884 -2345.842464 -2346.223335 -2346.555501 -2346.842234 -2347.090196 -2347.304695 -2347.489896 -2347.649651 -2347.787548 -2347.906954 -2348.011119 -2348.103593 -2348.186590 -2348.263249 -2348.337948 -2348.423887 -2348.535685 -2348.708284 -2350.248138 -2351.240518 -2351.307438 -2351.307130 -2351.015757 -2347.144864 -2347.437727 -2351.202307 -2351.472679 -2351.487348 -2351.486457 -2351.485637 -2351.485327 -2351.485215 -2351.485174 -2351.485159 -2351.485158 -2351.485149 -2351.485149 -2351.485149 -2351.485148 -2351.485148 -2351.485136 -2351.484962 -2351.482483 -2351.448222 -2350.984511 -2344.896598 -2344.928218 -2345.021701 -2345.141159 -2345.275184 -2345.417503 -2345.564367 -2345.713073 -2345.862165 -2346.009785 -2346.155512 -2346.298537 -2346.437798 -2346.573602 -2346.705978 -2346.833388 -2346.956269 -2347.075266 -2347.190251 -2347.300155 -2347.405769 -2347.508152 -2347.606308 -2347.700124 -2347.791084 -2347.879571 -2347.963666 -2348.045300 -2348.125908 -2348.200432 -2348.271417 -2348.337248 -2348.412013 -2348.523327 -2348.800842 -2351.337563 -2351.484620 -2351.485242 -2351.499303 -2353.005352 -9999.0 -9999.0
-9999.0 -9999.0 -9999.0 -9999.0 -9999.0 -9999.0 -9999.0 -9999.0 -9999.0 -9999.0 -9999.0 -9999.0 -9999.0 -9999.0 -9999.0 -9999.0 -9999.0 -9999.0 -9999.0 -9999.0 -9999.0 -9999.0 -9999.0 -9999.0 -9999.0 -9999.0 -9999.0 -9999.0 -9999.0 -9999.0 -9999.0 -9999.0 -9999.0 -9999.0 -9999.0 -9999.0 -9999.0 -9999.0 -9999.0 -9999.0 -9999.0 -9999.0 -9999.0 -9999.0 -9999.0 -9999.0 -9999.0 -9999.0 -9999.0 -9999.0 -9999.0 -9999.0 -9999.0 -9999.0 -9999.0 -9999.0 -9999.0 -9999.0 -9999.0 -9999.0 -9999.0 -9999.0 -9999.0 -9999.0 -9999.0 -9999.0 -9999.0 -9999.0 -9999.0 -9999.0 -9999.0 -9999.0 -9999.0 -9999.0 -9999.0 -9999.0 -9999.0 -9999.0 -9999.0 -9999.0 -9999.0 -9999.0 -9999.0 -9999.0 -9999.0 -9999.0 -9999.0 -9999.0 -9999.0 -9999.0 -9999.0 -9999.0 -9999.0 -9999.0 -9999.0 -9999.0 -9999.0 -9999.0 -9999.0 -9999.0 -9999.0 -9999.0 -9999.0 -9999.0
-9999.0 -9999.0 -9999.0 -9999.0 -9999.0 -9999.0 -9999.0 -9999.0 -9999.0 -9999.0 -9999.0 -9999.0 -9999.0 -9999.0 -9999.0 -9999.0 -9999.0 -9999.0 -9999.0 -9999.0 -9999.0 -9999.0 -9999.0 -9999.0 -9999.0 -9999.0 -9999.0 -9999.0 -9999.0 -9999.0 -9999.0 -9999.0 -9999.0 -9999.0 -9999.0 -9999.0 -9999.0 -9999.0 -9999.0 -9999.0 -9999.0 -9999.0 -9999.0 -9999.0 -9999.0 -9999.0 -9999.0 -9999.0 -9999.0 -9999.0 -9999.0 -9999.0 -9999.0 -9999.0 -9999.0 -9999.0 -9999.0 -9999.0 -9999.0 -9999.0 -9999.0 -9999.0 -9999.0 -9999.0 -9999.0 -9999.0 -9999.0 -9999.0 -9999.0 -9999.0 -9999.0 -9999.0 -9999.0 -9999.0 -9999.0 -9999.0 -9999.0 -9999.0 -9999.0 -9999.0 -9999.0 -9999.0 -9999.0 -9999.0 -9999.0 -9999.0 -9999.0 -9999.0 -9999.0 -9999.0 -9999.0 -9999.0 -9999.0 -9999.0 -9999.0 -9999.0 -9999.0 -9999.0 -9999.0 -9999.0 -9999.0 -9999.0 -9999.0 -9999.0