tests/3D/hillslope02_superslab/out/maps3D/PwL0061N0004.asc
ncols         104
nrows         10
xllcorner     -2.000000
yllcorner     0.000000
cellsize      1.000000
NODATA_value  -9999.0
-9999.0 -9999.0 -9999.0 -9999.0 -9999.0 -9999.0 -9999.0 -9999.0 -9999.0 -9999.0 -9999.0 -9999.0 -9999.0 -9999.0 -9999.0 -9999.0 -9999.0 -9999.0 -9999.0 -9999.0 -9999.0 -9999.0 -9999.0 -9999.0 -9999.0 -9999.0 -9999.0 -9999.0 -9999.0 -9999.0 -9999.0 -9999.0 -9999.0 -9999.0 -9999.0 -9999.0 -9999.0 -9999.0 -9999.0 -9999.0 -9999.0 -9999.0 -9999.0 -9999.0 -9999.0 -9999.0 -9999.0 -9999.0 -9999.0 -9999.0 -9999.0 -9999.0 -9999.0 -9999.0 -9999.0 -9999.0 -9999.0 -9999.0 -9999.0 -9999.0 -9999.0 -9999.0 -9999.0 -9999.0 -9999.0 -9999.0 -9999.0 -9999.0 -9999.0 -9999.0 -9999.0 -9999.0 -9999.0 -9999.0 -9999.0 -9999.0 -9999.0 -9999.0 -9999.0 -9999.0 -9999.0 -9999.0 -9999.0 -9999.0 -9999.0 -9999.0 -9999.0 -9999.0 -9999.0 -9999.0 -9999.0 -9999.0 -9999.0 -9999.0 -9999.0 -9999.0 -9999.0 -9999.0 -9999.0 -9999.0 -9999.0 -9999.0 -9999.0 -9999.0
-9999.0 -9999.0 -9999.0 -9999.0 -9999.0 -9999.0 -9999.0 -9999.0 -9999.0 -9999.0 -9999.0 -9999.0 -9999.0 -9999.0 -9999.0 -9999.0 -9999.0 -9999.0 -9999.0 -9999.0 -9999.0 -9999.0 -9999.0 -9999.0 -9999.0 -9999.0 -9999.0 -9999.0 -9999.0 -9999.0 -9999.0 -9999.0 -9999.0 -9999.0 -9999.0 -9999.0 -9999.0 -9999.0 -9999.0 -9999.0 -9999.0 -9999.0 -9999.0 -9999.0 -9999.0 -9999.0 -9999.0 -9999.0 -9999.0 -9999.0 -9999.0 -9999.0 -9999.0 -9999.0 -9999.0 -9999.0 -9999.0 -9999.0 -9999.0 -9999.0 -9999.0 -9999.0 -9999.0 -9999.0 -9999.0 -9999.0 -9999.0 -9999.0 -9999.0 -9999.0 -9999.0 -9999.0 -9999.0 -9999.0 -9999.0 -9999.0 -9999.0 -9999.0 -9999.0 -9999.0 -9999.0 -9999.0 -9999.0 -9999.0 -9999.0 -9999.0 -9999.0 -9999.0 -9999.0 -9999.0 -9999.0 -9999.0 -9999.0 -9999.0 -9999.0 -9999.0 -9999.0 -9999.0 -9999.0 -9999.0 -9999.0 -9999.0 -9999.0 -9999.0
-9999.0 -9999.0 -1953.237388 -1955.357487 -1955.423951 -1955.438413 -1955.443131 -1955.444717 -1955.445258 -1955.445445 -1955.445510 -1955.445532 -1955.445540 -1955.445543 -1955.445544 -1955.445544 -1955.445545 -1955.445545 -1955.445545 -1955.445545 -1955.445545 -1955.445545 -1955.445545 -1955.445545 -1955.445545 -1955.445545 -1955.445545 -1955.445545 -1955.445545 -1955.445545 -1955.445545 -1955.445545 -1955.445544 -1955.445536 -1955.445420 -1955.444272 -1955.436327 -1955.397499 -1955.261017 -1954.903228 -1955.176260 -1955.333546 -1955.446131 -1955.649204 -1955.657720 -1955.569194 -1955.511867 -1955.479084 -1955.461905 -1955.453411 -1955.449505 -1955.450325 -1955.445714 -1955.445548 -1955.445545 -1955.445545 -1955.445545 -1955.445545 -1955.445545 -1955.445545 -1955.445545 -1955.445545 -1955.445545 -1955.445545 -1955.445545 -1955.445545 -1955.445545 -1955.445545 -1955.445545 -1955.445545 -1955.445545 -1955.445545 -1955.445545 -1955.445545 -1955.445545 -1955.445545 -1955.445546 -1955.445546 -1955.445547 -1955.445548 -1955.445550 -1955.445552 -1955.445555 -1955.445560 -1955.445566 -1955.445575 -1955.445587 -1955.445604 -1955.445627 -1955.445659 -1955.445702 -1955.445761 -1955.445841 -1955.445950 -1955.446099 -1955.446301 -1955.446578 -1955.446960 -1955.447499 -1955.448503 -1955.474644 -1957.424941 -9999.0 -9999.0
-9999.0 -9999.0 -1953.237388 -1955.357487 -1955.423951 -1955.438413 -1955.443131 -1955.444717 -1955.445258 -1955.445445 -1955.445510 -1955.445532 -1955.445540 -1955.445543 -1955.445544 -1955.445544 -1955.445545 -1955.445545 -1955.445545 -1955.445545 -1955.445545 -1955.445545 -1955.445545 -1955.445545 -1955.445545 -1955.445545 -1955.445545 -1955.445545 -1955.445545 -1955.445545 -1955.445545 -1955.445545 -1955.445544 -1955.445536 -1955.445420 -1955.444272 -1955.436327 -1955.397499 -1955.261017 -1954.903228 -1955.176260 -1955.333546 -1955.446131 -1955.649204 -1955.657720 -1955.569194 -1955.511867 -1955.479084 -1955.461905 -1955.453411 -1955.449505 -1955.450325 -1955.445714 -1955.445548 -1955.445545 -1955.445545 -1955.445545 -1955.445545 -1955.445545 -1955.445545 -1955.445545 -1955.445545 -1955.445545 -1955.445545 -1955.445545 -1955.445545 -1955.445545 -1955.445545 -1955.445545 -1955.445545 -1955.445545 -1955.445545 -1955.445545 -1955.445545 -1955.445545 -1955.445545 -1955.445546 -1955.445546 -1955.445547 -1955.445548 -1955.445550 -1955.445552 -1955.445555 -1955.445560 -1955.445566 -1955.445575 -1955.445587 -1955.445604 -1955.445627 -1955.445659 -1955.445702 -1955.445761 -1955.445841 -1955.445950 -1955.446099 -1955.446301 -1955.446578 -1955.446960 -1955.447499 -1955.448503 -1955.474644 -1957.424941 -9999.0 -9999.0
-9999.0 -9999.0 -1953.237388 -1955.357487 -1955.423951 -1955.438413 -1955.443131 -1955.444717 -1955.445258 -1955.445445 -1955.445510 -1955.445532 -1955.445540 -1955.445543 -1955.445544 -1955.445544 -1955.445545 -1955.445545 -1955.445545 -1955.445545 -1955.445545 -1955.445545 -1955.445545 -1955.445545 -1955.445545 -1955.445545 -1955.445545 -1955.445545 -1955.445545 -1955.445545 -1955.445545 -1955.445545 -1955.445544 -1955.445536 -1955.445420 -1955.444272 -1955.436327 -1955.397499 -1955.261017 -1954.903228 -1955.176260 -1955.333546 -1955.446131 -1955.649204 -1955.657720 -1955.569194 -1955.511867 -1955.479084 -1955.461905 -1955.453411 -1955.449505 -1955.450325 -1955.445714 -1955.445548 -1955.445545 -1955.445545 -1955.445545 -1955.445545 -1955.445545 -1955.445545 -1955.445545 -1955.445545 -1955.445545 -1955.445545 -1955.445545 -1955.445545 -1955.445545 -1955.445545 -1955.445545 -1955.445545 -1955.445545 -1955.445545 -1955.445545 -1955.445545 -1955.445545 -1955.445545 -1955.445546 -1955.445546 -1955.445547 -1955.445548 -1955.445550 -1955.445552 -1955.445555 -1955.445560 -1955.445566 -1955.445575 -1955.445587 -1955.445604 -1955.445627 -1955.445659 -1955.445702 -1955.445761 -1955.445841 -1955.445950 -1955.446099 -1955.446301 -1955.446578 -1955.446960 -1955.447499 -1955.448503 -1955.474644 -1957.424941 -9999.0 -9999.0
-9999.0 -9999.0 -1953.237388 -1955.357487 -1955.423951 -1955.438413 -1955.443131 -1955.444717 -1955.445258 -1955.445445 -1955.445510 -1955.445532 -1955.445540 -1955.445543 -1955.445544 -1955.445544 -1955.445545 -1955.445545 -1955.445545 -1955.445545 -1955.445545 -1955.445545 -1955.445545 -1955.445545 -1955.445545 -1955.445545 -1955.445545 -1955.445545 -1955.445545 -1955.445545 -1955.445545 -1955.445545 -1955.445544 -1955.445536 -1955.445420 -1955.444272 -1955.436327 -1955.397499 -1955.261017 -1954.903228 -1955.176260 -1955.333546 -1955.446131 -1955.649204 -1955.657720 -1955.569194 -1955.511867 -1955.479084 -1955.461905 -1955.453411 -1955.449505 -1955.450325 -1955.445714 -1955.445548 -1955.445545 -1955.445545 -1955.445545 -1955.445545 -1955.445545 -1955.445545 -1955.445545 -1955.445545 -1955.445545 -1955.445545 -1955.445545 -1955.445545 -1955.445545 -1955.445545 -1955.445545 -1955.445545 -1955.445545 -1955.445545 -1955.445545 -1955.445545 -1955.445545 -1955.445545 -1955.445546 -1955.445546 -1955.445547 -1955.445548 -1955.445550 -1955.445552 -1955.445555 -1955.445560 -1955.445566 -1955.445575 -1955.445587 -1955.445604 -1955.445627 -1955.445659 -1955.445702 -1955.445761 -1955.445841 -1955.445950 -1955.446099 -1955.446301 -1955.446578 -1955.446960 -1955.447499 -1955.448503 -1955.474644 -1957.424941 -9999.0 -9999.0
-9999.0 -9999.0 -1953.237388 -1955.357487 -1955.423951 -1955.438413 -1955.443131 -1955.444717 -1955.445258 -1955.445445 -1955.445510 -1955.445532 -1955.445540 -1955.445543 -1955.445544 -1955.445544 -1955.445545 -1955.445545 -1955.445545 -1955.445545 -1955.445545 -1955.445545 -1955.445545 -1955.445545 -1955.445545 -1955.445545 -1955.445545 -1955.445545 -1955.445545 -1955.445545 -1955.445545 -1955.445545 -1955.445544 -1955.445536 -1955.445420 -1955.444272 -1955.436327 -1955.397499 -1955.261017 -1954.903228 -1955.176260 -1955.333546 -1955.446131 -1955.649204 -1955.657720 -1955.569194 -1955.511867 -1955.479084 -1955.461905 -1955.453411 -1955.449505 -1955.450325 -1955.445714 -1955.445548 -1955.445545 -1955.445545 -1955.445545 -1955.445545 -1955.445545 -1955.445545 -1955.445545 -1955.445545 -1955.445545 -1955.445545 -1955.445545 -1955.445545 -1955.445545 -1955.445545 -1955.445545 -1955.445545 -1955.445545 -1955.445545 -1955.445545 -1955.445545 -1955.445545 -1955.445545 -1955.445546 -1955.445546 -1955.445547 -1955.445548 -1955.445550 -1955.445552 -1955.445555 -1955.445560 -1955.445566 -1955.445575 -1955.445587 -1955.445604 -1955.445627 -1955.445659 -1955.445702 -1955.445761 -1955.445841 -1955.445950 -1955.446099 -1955.446301 -1955.446578 -1955.446960 -1955.447499 -1955.448503 -1955.474644 -1957.424941 -9999.0 -9999.0
-9999.0 -9999.0 -1953.237388 -1955.357487 -1955.423951 -1955.438413 -1955.443131 -1955.444717 -1955.445258 -1955.445445 -1955.445510 -1955.445532 -1955.445540 -1955.445543 -1955.445544 -1955.445544 -1955.445545 -1955.445545 -1955.445545 -1955.445545 -1955.445545 -1955.445545 -1955.445545 -1955.445545 -1955.445545 -1955.445545 -1955.445545 -1955.445545 -1955.445545 -1955.445545 -1955.445545 -1955.445545 -1955.445544 -1955.445536 -1955.445420 -1955.444272 -1955.436327 -1955.397499 -1955.261017 -1954.903228 -1955.176260 -1955.333546 -1955.446131 -1955.649204 -1955.657720 -1955.569194 -1955.511867 -1955.479084 -1955.461905 -1955.453411 -1955.449505 -1955.450325 -1955.445714 -1955.445548 -1955.445545 -1955.445545 -1955.445545 -1955.445545 -1955.445545 -1955.445545 -1955.445545 -1955.445545 -1955.445545 -1955.445545 -1955.445545 -1955.445545 -1955.445545 -1955.445545 -1955.445545 -1955.445545 -1955.445545 -1955.445545 -1955.445545 -1955.445545 -1955.445545 -1955.445545 -1955.445546 -1955.445546 -1955.445547 -1955.445548 -1955.445550 -1955.445552 -1955.445555 -1955.445560 -1955.445566 -1955.445575 -1955.445587 -1955.445604 -1955.445627 -1955.445659 -1955.445702 -1955.445761 -1955.445841 -1955.445950 -1955.446099 -1955.446301 -1955.446578 -1955.446960 -1955.447499 -1955.448503 -1955.474644 -1957.424941 -9999.0 -9999.0
-9999.0 -9999.0 -9999.0 -9999.0 -9999.0 -9999.0 -9999.0 -9999.0 -9999.0 -9999.0 -9999.0 -9999.0 -9999.0 -9999.0 -9999.0 -9999.0 -9999.0 -9999.0 -9999.0 -9999.0 -9999.0 -9999.0 -9999.0 -9999.0 -9999.0 -9999.0 -9999.0 -9999.0 -9999.0 -9999.0 -9999.0 -9999.0 -9999.0 -9999.0 -9999.0 -9999.0 -9999.0 -9999.0 -9999.0 -9999.0 -9999.0 -9999.0 -9999.0 -9999.0 -9999.0 -9999.0 -9999.0 -9999.0 -9999.0 -9999.0 -9999.0 -9999.0 -9999.0 -9999.0 -9999.0 -9999.0 -9999.0 -9999.0 -9999.0 -9999.0 -9999.0 -9999.0 -9999.0 -9999.0 -9999.0 -9999.0 -9999.0 -9999.0 -9999.0 -9999.0 -9999.0 -9999.0 -9999.0 -9999.0 -9999.0 -9999.0 -9999.0 -9999.0 -9999.0 -9999.0 -9999.0 -9999.0 -9999.0 -9999.0 -9999.0 -9999.0 -9999.0 -9999.0 -9999.0 -9999.0 -9999.0 -9999.0 -9999.0 -9999.0 -9999.0 -9999.0 -9999.0 -9999.0 -9999.0 -9999.0 -9999.0 -9999.0 -9999.0 -9999.0
-9999.0 -9999.0 -9999.0 -9999.0 -9999.0 -9999.0 -9999.0 -9999.0 -9999.0 -9999.0 -9999.0 -9999.0 -9999.0 -9999.0 -9999.0 -9999.0 -9999.0 -9999.0 -9999.0 -9999.0 -9999.0 -9999.0 -9999.0 -9999.0 -9999.0 -9999.0 -9999.0 -9999.0 -9999.0 -9999.0 -9999.0 -9999.0 -9999.0 -9999.0 -9999.0 -9999.0 -9999.0 -9999.0 -9999.0 -9999.0 -9999.0 -9999.0 -9999.0 -9999.0 -9999.0 -9999.0 -9999.0 -9999.0 -9999.0 -9999.0 -9999.0 -9999.0 -9999.0 -9999.0 -9999.0 -9999.0 -9999.0 -9999.0 -9999.0 -9999.0 -9999.0 -9999.0 -9999.0 -9999.0 -9999.0 -9999.0 -9999.0 -9999.0 -9999.0 -9999.0 -9999.0 -9999.0 -9999.0 -9999.0 -9999.0 -9999.0 -9999.0 -9999.0 -9999.0 -9999.0 -9999.0 -9999.0 -9999.0 -9999.0 -9999.0 -9999.0 -9999.0 -9999.0 -9999.0 -9999.0 -9999.0 -9999.0 -9999.0 -9999.0 -9999.0 -9999.0 -9999.0 -9999.0 -9999.0 -9999.0 -9999.0 -9999.0 -9999.0 -9999.0