tests/3D/hillslope02_superslab/out/maps3D/PwL0004N0002.asc
ncols         104
nrows         10
xllcorner     -2.000000
yllcorner     0.000000
cellsize      1.000000
NODATA_value  -9999.0
-9999.0 -9999.0 -9999.0 -9999.0 -9999.0 -9999.0 -9999.0 -9999.0 -9999.0 -9999.0 -9999.0 -9999.0 -9999.0 -9999.0 -9999.0 -9999.0 -9999.0 -9999.0 -9999.0 -9999.0 -9999.0 -9999.0 -9999.0 -9999.0 -9999.0 -9999.0 -9999.0 -9999.0 -9999.0 -9999.0 -9999.0 -9999.0 -9999.0 -9999.0 -9999.0 -9999.0 -9999.0 -9999.0 -9999.0 -9999.0 -9999.0 -9999.0 -9999.0 -9999.0 -9999.0 -9999.0 -9999.0 -9999.0 -9999.0 -9999.0 -9999.0 -9999.0 -9999.0 -9999.0 -9999.0 -9999.0 -9999.0 -9999.0 -9999.0 -9999.0 -9999.0 -9999.0 -9999.0 -9999.0 -9999.0 -9999.0 -9999.0 -9999.0 -9999.0 -9999.0 -9999.0 -9999.0 -9999.0 -9999.0 -9999.0 -9999.0 -9999.0 -9999.0 -9999.0 -9999.0 -9999.0 -9999.0 -9999.0 -9999.0 -9999.0 -9999.0 -9999.0 -9999.0 -9999.0 -9999.0 -9999.0 -9999.0 -9999.0 -9999.0 -9999.0 -9999.0 -9999.0 -9999.0 -9999.0 -9999.0 -9999.0 -9999.0 -9999.0 -9999.0
-9999.0 -9999.0 -9999.0 -9999.0 -9999.0 -9999.0 -9999.0 -9999.0 -9999.0 -9999.0 -9999.0 -9999.0 -9999.0 -9999.0 -9999.0 -9999.0 -9999.0 -9999.0 -9999.0 -9999.0 -9999.0 -9999.0 -9999.0 -9999.0 -9999.0 -9999.0 -9999.0 -9999.0 -9999.0 -9999.0 -9999.0 -9999.0 -9999.0 -9999.0 -9999.0 -9999.0 -9999.0 -9999.0 -9999.0 -9999.0 -9999.0 -9999.0 -9999.0 -9999.0 -9999.0 -9999.0 -9999.0 -9999.0 -9999.0 -9999.0 -9999.0 -9999.0 -9999.0 -9999.0 -9999.0 -9999.0 -9999.0 -9999.0 -9999.0 -9999.0 -9999.0 -9999.0 -9999.0 -9999.0 -9999.0 -9999.0 -9999.0 -9999.0 -9999.0 -9999.0 -9999.0 -9999.0 -9999.0 -9999.0 -9999.0 -9999.0 -9999.0 -9999.0 -9999.0 -9999.0 -9999.0 -9999.0 -9999.0 -9999.0 -9999.0 -9999.0 -9999.0 -9999.0 -9999.0 -9999.0 -9999.0 -9999.0 -9999.0 -9999.0 -9999.0 -9999.0 -9999.0 -9999.0 -9999.0 -9999.0 -9999.0 -9999.0 -9999.0 -9999.0
-9999.0 -9999.0 179.891411 94.169258 10.227064 -72.708312 -152.538650 -219.517760 -260.446351 -268.117356 -354.103662 -382.187353 -303.133869 -252.254946 -188.598191 -42.483163 34.668931 9.188404 -27.009949 -69.834837 -117.520593 -163.427601 -204.945359 -240.426891 -269.801236 -290.118645 -304.171837 -313.685758 -320.316968 -325.054757 -328.531045 -331.166775 -333.237910 -334.820500 -335.850041 -336.181248 -335.437380 -332.888269 -327.256294 -315.831513 -293.687596 -255.153872 -1790.797317 -1705.929762 -1587.201529 -1517.104089 -1486.219170 -1482.314892 -1481.867763 -1481.824746 -1481.822484 -1481.824218 -1481.826239 -1481.828251 -1481.831066 -1481.843201 -1481.947623 -1482.427863 -1483.638493 -1489.067052 -1516.262044 -1501.318918 127.618292 47.977279 -29.897356 -104.810137 -172.903253 -228.948458 -270.478374 -299.012859 -317.765558 -329.841939 -337.504351 -342.660371 -345.939227 -348.084430 -349.651308 -350.832995 -351.651123 -352.261930 -352.758261 -353.167593 -353.555058 -354.039987 -354.460732 -354.865981 -355.264650 -355.854478 -356.567986 -357.563075 -359.012070 -361.172237 -364.475924 -369.563459 -377.374164 -389.253408 -407.053739 -433.103340 -470.600725 -524.606300 -601.608634 -707.368352 -9999.0 -9999.0
-9999.0 -9999.0 179.995556 94.200806 10.237764 -72.704391 -152.537234 -219.517294 -260.446219 -268.117320 -354.103652 -382.187351 -303.133868 -252.254946 -188.598191 -42.483163 34.668931 9.188404 -27.009949 -69.834837 -117.520592 -163.427601 -204.945359 -240.426891 -269.801236 -290.118645 -304.171837 -313.685757 -320.316967 -325.054757 -328.531044 -331.166774 -333.237910 -334.820499 -335.850041 -336.181247 -335.437380 -332.888269 -327.256294 -315.831513 -293.687596 -255.153872 -1790.797318 -1705.929761 -1587.201529 -1517.104087 -1486.219171 -1482.314892 -1481.867763 -1481.824746 -1481.822484 -1481.824218 -1481.826239 -1481.828251 -1481.831066 -1481.843201 -1481.947623 -1482.427863 -1483.638493 -1489.067052 -1516.262044 -1501.318918 127.618292 47.977279 -29.897356 -104.810137 -172.903253 -228.948458 -270.478374 -299.012859 -317.765558 -329.841939 -337.504351 -342.660371 -345.939227 -348.084430 -349.651308 -350.832995 -351.651123 -352.261930 -352.758261 -353.167593 -353.555058 -354.039987 -354.460732 -354.865981 -355.264650 -355.854478 -356.567986 -357.563075 -359.012070 -361.172237 -364.475923 -369.563459 -377.374164 -389.253408 -407.053739 -433.103340 -470.600724 -524.606300 -601.608634 -707.368352 -9999.0 -9999.0
-9999.0 -9999.0 180.019996 94.216502 10.245295 -72.701129 -152.535952 -219.516853 -260.446091 -268.117286 -354.103643 -382.187348 -303.133866 -252.254946 -188.598191 -42.483163 34.668931 9.188405 -27.009949 -69.834837 -117.520592 -163.427601 -204.945359 -240.426891 -269.801236 -290.118645 -304.171837 -313.685757 -320.316967 -325.054756 -328.531044 -331.166774 -333.237910 -334.820499 -335.850040 -336.181247 -335.437380 -332.888269 -327.256294 -315.831512 -293.687596 -255.153872 -1790.797317 -1705.929761 -1587.201528 -1517.104082 -1486.219170 -1482.314892 -1481.867763 -1481.824746 -1481.822484 -1481.824218 -1481.826239 -1481.828251 -1481.831066 -1481.843201 -1481.947623 -1482.427863 -1483.638493 -1489.067052 -1516.262044 -1501.318918 127.618292 47.977279 -29.897356 -104.810137 -172.903253 -228.948458 -270.478374 -299.012859 -317.765558 -329.841939 -337.504351 -342.660371 -345.939227 -348.084430 -349.651308 -350.832995 -351.651123 -352.261930 -352.758261 -353.167593 -353.555058 -354.039987 -354.460732 -354.865981 -355.264650 -355.854478 -356.567986 -357.563075 -359.012070 -361.172237 -364.475924 -369.563459 -377.374164 -389.253408 -407.053739 -433.103340 -470.600724 -524.606300 -601.608634 -707.368352 -9999.0 -9999.0
-9999.0 -9999.0 180.019996 94.216502 10.245295 -72.701129 -152.535952 -219.516853 -260.446091 -268.117286 -354.103643 -382.187348 -303.133866 -252.254946 -188.598191 -42.483163 34.668931 9.188405 -27.009949 -69.834837 -117.520592 -163.427601 -204.945359 -240.426891 -269.801236 -290.118645 -304.171837 -313.685757 -320.316967 -325.054756 -328.531044 -331.166774 -333.237910 -334.820499 -335.850040 -336.181247 -335.437380 -332.888269 -327.256294 -315.831512 -293.687596 -255.153872 -1790.797317 -1705.929761 -1587.201528 -1517.104082 -1486.219170 -1482.314892 -1481.867763 -1481.824746 -1481.822484 -1481.824218 -1481.826239 -1481.828251 -1481.831066 -1481.843201 -1481.947623 -1482.427863 -1483.638493 -1489.067052 -1516.262044 -1501.318918 127.618292 47.977279 -29.897356 -104.810137 -172.903253 -228.948458 -270.478374 -299.012859 -317.765558 -329.841939 -337.504351 -342.660371 -345.939227 -348.084430 -349.651308 -350.832995 -351.651123 -352.261930 -352.758261 -353.167593 -353.555058 -354.039987 -354.460732 -354.865981 -355.264650 -355.854478 -356.567986 -357.563075 -359.012070 -361.172237 -364.475923 -369.563459 -377.374164 -389.253408 -407.053739 -433.103340 -470.600724 -524.606300 -601.608634 -707.368352 -9999.0 -9999.0
-9999.0 -9999.0 179.995556 94.200806 10.237764 -72.704391 -152.537234 -219.517294 -260.446219 -268.117320 -354.103652 -382.187351 -303.133868 -252.254946 -188.598191 -42.483163 34.668931 9.188404 -27.009949 -69.834837 -117.520592 -163.427601 -204.945359 -240.426891 -269.801236 -290.118645 -304.171837 -313.685757 -320.316967 -325.054757 -328.531044 -331.166774 -333.237910 -334.820499 -335.850041 -336.181247 -335.437380 -332.888269 -327.256294 -315.831513 -293.687596 -255.153872 -1790.797318 -1705.929761 -1587.201529 -1517.104087 -1486.219171 -1482.314892 -1481.867763 -1481.824746 -1481.822484 -1481.824218 -1481.826239 -1481.828251 -1481.831066 -1481.843201 -1481.947623 -1482.427863 -1483.638493 -1489.067052 -1516.262044 -1501.318918 127.618292 47.977279 -29.897356 -104.810137 -172.903253 -228.948458 -270.478374 -299.012859 -317.765558 -329.841939 -337.504351 -342.660371 -345.939227 -348.084430 -349.651308 -350.832995 -351.651123 -352.261930 -352.758261 -353.167593 -353.555058 -354.039987 -354.460732 -354.865981 -355.264650 -355.854478 -356.567986 -357.563075 -359.012070 -361.172237 -364.475924 -369.563459 -377.374164 -389.253408 -407.053739 -433.103340 -470.600724 -524.606300 -601.608634 -707.368352 -9999.0 -9999.0
-9999.0 -9999.0 179.891411 94.169258 10.227064 -72.708312 -152.538650 -219.517760 -260.446351 -268.117356 -354.103662 -382.187353 -303.133869 -252.254946 -188.598191 -42.483163 34.668931 9.188404 -27.009949 -69.834837 -117.520593 -163.427601 -204.945359 -240.426891 -269.801236 -290.118645 -304.171837 -313.685758 -320.316968 -325.054757 -328.531045 -331.166775 -333.237910 -334.820500 -335.850041 -336.181248 -335.437380 -332.888269 -327.256294 -315.831513 -293.687596 -255.153872 -1790.797317 -1705.929762 -1587.201529 -1517.104089 -1486.219170 -1482.314892 -1481.867763 -1481.824746 -1481.822484 -1481.824218 -1481.826239 -1481.828251 -1481.831066 -1481.843201 -1481.947623 -1482.427863 -1483.638493 -1489.067052 -1516.262044 -1501.318918 127.618292 47.977279 -29.897356 -104.810137 -172.903253 -228.948458 -270.478374 -299.012859 -317.765558 -329.841939 -337.504351 -342.660371 -345.939227 -348.084430 -349.651308 -350.832995 -351.651123 -352.261930 -352.758261 -353.167593 -353.555058 -354.039987 -354.460732 -354.865981 -355.264650 -355.854478 -356.567986 -357.563075 -359.012070 -361.172237 -364.475923 -369.563459 -377.374164 -389.253408 -407.053739 -433.103340 -470.600724 -524.606300 -601.608634 -707.368353 -9999.0 -9999.0
-9999.0 -9999.0 -9999.0 -9999.0 -9999.0 -9999.0 -9999.0 -9999.0 -9999.0 -9999.0 -9999.0 -9999.0 -9999.0 -9999.0 -9999.0 -9999.0 -9999.0 -9999.0 -9999.0 -9999.0 -9999.0 -9999.0 -9999.0 -9999.0 -9999.0 -9999.0 -9999.0 -9999.0 -9999.0 -9999.0 -9999.0 -9999.0 -9999.0 -9999.0 -9999.0 -9999.0 -9999.0 -9999.0 -9999.0 -9999.0 -9999.0 -9999.0 -9999.0 -9999.0 -9999.0 -9999.0 -9999.0 -9999.0 -9999.0 -9999.0 -9999.0 -9999.0 -9999.0 -9999.0 -9999.0 -9999.0 -9999.0 -9999.0 -9999.0 -9999.0 -9999.0 -9999.0 -9999.0 -9999.0 -9999.0 -9999.0 -9999.0 -9999.0 -9999.0 -9999.0 -9999.0 -9999.0 -9999.0 -9999.0 -9999.0 -9999.0 -9999.0 -9999.0 -9999.0 -9999.0 -9999.0 -9999.0 -9999.0 -9999.0 -9999.0 -9999.0 -9999.0 -9999.0 -9999.0 -9999.0 -9999.0 -9999.0 -9999.0 -9999.0 -9999.0 -9999.0 -9999.0 -9999.0 -9999.0 -9999.0 -9999.0 -9999.0 -9999.0 -9999.0
-9999.0 -9999.0 -9999.0 -9999.0 -9999.0 -9999.0 -9999.0 -9999.0 -9999.0 -9999.0 -9999.0 -9999.0 -9999.0 -9999.0 -9999.0 -9999.0 -9999.0 -9999.0 -9999.0 -9999.0 -9999.0 -9999.0 -9999.0 -9999.0 -9999.0 -9999.0 -9999.0 -9999.0 -9999.0 -9999.0 -9999.0 -9999.0 -9999.0 -9999.0 -9999.0 -9999.0 -9999.0 -9999.0 -9999.0 -9999.0 -9999.0 -9999.0 -9999.0 -9999.0 -9999.0 -9999.0 -9999.0 -9999.0 -9999.0 -9999.0 -9999.0 -9999.0 -9999.0 -9999.0 -9999.0 -9999.0 -9999.0 -9999.0 -9999.0 -9999.0 -9999.0 -9999.0 -9999.0 -9999.0 -9999.0 -9999.0 -9999.0 -9999.0 -9999.0 -9999.0 -9999.0 -9999.0 -9999.0 -9999.0 -9999.0 -9999.0 -9999.0 -9999.0 -9999.0 -9999.0 -9999.0 -9999.0 -9999.0 -9999.0 -9999.0 -9999.0 -9999.0 -9999.0 -9999.0 -9999.0 -9999.0 -9999.0 -9999.0 -9999.0 -9999.0 -9999.0 -9999.0 -9999.0 -9999.0 -9999.0 -9999.0 -9999.0 -9999.0 -9999.0