tests/3D/hillslope02_superslab/out/maps3D/PwL0012N0002.asc
ncols         104
nrows         10
xllcorner     -2.000000
yllcorner     0.000000
cellsize      1.000000
NODATA_value  -9999.0
-9999.0 -9999.0 -9999.0 -9999.0 -9999.0 -9999.0 -9999.0 -9999.0 -9999.0 -9999.0 -9999.0 -9999.0 -9999.0 -9999.0 -9999.0 -9999.0 -9999.0 -9999.0 -9999.0 -9999.0 -9999.0 -9999.0 -9999.0 -9999.0 -9999.0 -9999.0 -9999.0 -9999.0 -9999.0 -9999.0 -9999.0 -9999.0 -9999.0 -9999.0 -9999.0 -9999.0 -9999.0 -9999.0 -9999.0 -9999.0 -9999.0 -9999.0 -9999.0 -9999.0 -9999.0 -9999.0 -9999.0 -9999.0 -9999.0 -9999.0 -9999.0 -9999.0 -9999.0 -9999.0 -9999.0 -9999.0 -9999.0 -9999.0 -9999.0 -9999.0 -9999.0 -9999.0 -9999.0 -9999.0 -9999.0 -9999.0 -9999.0 -9999.0 -9999.0 -9999.0 -9999.0 -9999.0 -9999.0 -9999.0 -9999.0 -9999.0 -9999.0 -9999.0 -9999.0 -9999.0 -9999.0 -9999.0 -9999.0 -9999.0 -9999.0 -9999.0 -9999.0 -9999.0 -9999.0 -9999.0 -9999.0 -9999.0 -9999.0 -9999.0 -9999.0 -9999.0 -9999.0 -9999.0 -9999.0 -9999.0 -9999.0 -9999.0 -9999.0 -9999.0
-9999.0 -9999.0 -9999.0 -9999.0 -9999.0 -9999.0 -9999.0 -9999.0 -9999.0 -9999.0 -9999.0 -9999.0 -9999.0 -9999.0 -9999.0 -9999.0 -9999.0 -9999.0 -9999.0 -9999.0 -9999.0 -9999.0 -9999.0 -9999.0 -9999.0 -9999.0 -9999.0 -9999.0 -9999.0 -9999.0 -9999.0 -9999.0 -9999.0 -9999.0 -9999.0 -9999.0 -9999.0 -9999.0 -9999.0 -9999.0 -9999.0 -9999.0 -9999.0 -9999.0 -9999.0 -9999.0 -9999.0 -9999.0 -9999.0 -9999.0 -9999.0 -9999.0 -9999.0 -9999.0 -9999.0 -9999.0 -9999.0 -9999.0 -9999.0 -9999.0 -9999.0 -9999.0 -9999.0 -9999.0 -9999.0 -9999.0 -9999.0 -9999.0 -9999.0 -9999.0 -9999.0 -9999.0 -9999.0 -9999.0 -9999.0 -9999.0 -9999.0 -9999.0 -9999.0 -9999.0 -9999.0 -9999.0 -9999.0 -9999.0 -9999.0 -9999.0 -9999.0 -9999.0 -9999.0 -9999.0 -9999.0 -9999.0 -9999.0 -9999.0 -9999.0 -9999.0 -9999.0 -9999.0 -9999.0 -9999.0 -9999.0 -9999.0 -9999.0 -9999.0
-9999.0 -9999.0 575.178039 487.401977 402.728542 318.009040 230.540801 138.776625 41.004166 -66.181501 -187.544232 -292.808555 -361.713102 -393.974006 -396.603895 -375.406054 -236.471890 -99.622165 52.366735 219.830022 273.996993 222.403639 170.742975 119.364408 68.423406 28.176827 -2.920317 -25.406074 -41.656197 -53.566465 -62.635676 -70.083556 -76.923689 -83.749144 -90.961549 -99.141487 -108.835783 -120.725919 -135.959714 -154.450144 -178.297630 -206.323415 -3744.852705 -4381.186012 -4381.188119 -4381.188119 -4381.188119 -4381.188119 -4381.188119 -4381.188119 -4381.188119 -4381.188119 -4381.188119 -4381.188119 -4381.188119 -4381.188119 -4381.188119 -4381.188119 -4381.188119 -4381.188119 -4381.184864 -3652.629453 523.960240 441.377880 362.637843 285.184637 208.861613 134.903905 65.220834 1.648845 -53.720140 -99.305441 -134.853131 -162.218859 -181.943102 -196.424674 -207.613922 -216.934680 -224.523006 -231.321618 -237.917396 -244.642146 -251.759549 -259.720407 -267.434456 -275.352820 -283.690089 -293.040960 -301.601386 -310.012754 -319.094043 -327.196541 -335.552002 -345.264858 -357.692034 -375.108950 -402.198006 -440.078583 -506.109298 -670.881722 -1191.107181 -3587.965580 -9999.0 -9999.0
-9999.0 -9999.0 575.247556 487.429801 402.738788 318.012949 230.542353 138.777260 41.004430 -66.181382 -187.544166 -292.808520 -361.713083 -393.974004 -396.603894 -375.406054 -236.471890 -99.622166 52.366734 219.830022 273.996993 222.403639 170.742975 119.364408 68.423407 28.176827 -2.920317 -25.406074 -41.656197 -53.566465 -62.635676 -70.083556 -76.923689 -83.749144 -90.961548 -99.141487 -108.835783 -120.725919 -135.959714 -154.450144 -178.297630 -206.323415 -3744.852705 -4381.186012 -4381.188119 -4381.188119 -4381.188119 -4381.188119 -4381.188119 -4381.188119 -4381.188119 -4381.188119 -4381.188119 -4381.188119 -4381.188119 -4381.188119 -4381.188119 -4381.188119 -4381.188119 -4381.188119 -4381.184864 -3652.629453 523.960240 441.377880 362.637843 285.184637 208.861613 134.903906 65.220834 1.648845 -53.720140 -99.305441 -134.853131 -162.218859 -181.943102 -196.424674 -207.613922 -216.934680 -224.523006 -231.321618 -237.917396 -244.642146 -251.759549 -259.720407 -267.434456 -275.352820 -283.690089 -293.040960 -301.601386 -310.012754 -319.094043 -327.196541 -335.552002 -345.264858 -357.692034 -375.108950 -402.198006 -440.078583 -506.109297 -670.881722 -1191.107177 -3587.965581 -9999.0 -9999.0
-9999.0 -9999.0 575.273484 487.445276 402.746181 318.016226 230.543765 138.777865 41.004686 -66.181265 -187.544101 -292.808486 -361.713064 -393.974002 -396.603894 -375.406054 -236.471890 -99.622166 52.366734 219.830022 273.996993 222.403640 170.742975 119.364408 68.423407 28.176827 -2.920317 -25.406074 -41.656197 -53.566465 -62.635676 -70.083556 -76.923688 -83.749144 -90.961548 -99.141487 -108.835783 -120.725919 -135.959714 -154.450144 -178.297630 -206.323415 -3744.852705 -4381.186012 -4381.188119 -4381.188119 -4381.188119 -4381.188119 -4381.188119 -4381.188119 -4381.188119 -4381.188119 -4381.188119 -4381.188119 -4381.188119 -4381.188119 -4381.188119 -4381.188119 -4381.188119 -4381.188119 -4381.184864 -3652.629453 523.960240 441.377880 362.637843 285.184637 208.861613 134.903905 65.220834 1.648845 -53.720140 -99.305441 -134.853131 -162.218859 -181.943102 -196.424674 -207.613922 -216.934680 -224.523006 -231.321618 -237.917396 -244.642146 -251.759549 -259.720407 -267.434456 -275.352820 -283.690089 -293.040960 -301.601386 -310.012754 -319.094043 -327.196541 -335.552002 -345.264858 -357.692034 -375.108950 -402.198006 -440.078583 -506.109298 -670.881721 -1191.107176 -3587.965557 -9999.0 -9999.0
-9999.0 -9999.0 575.273484 487.445276 402.746181 318.016226 230.543765 138.777865 41.004686 -66.181265 -187.544101 -292.808486 -361.713064 -393.974002 -396.603894 -375.406054 -236.471890 -99.622166 52.366734 219.830022 273.996993 222.403640 170.742975 119.364408 68.423407 28.176827 -2.920317 -25.406074 -41.656197 -53.566465 -62.635676 -70.083556 -76.923688 -83.749144 -90.961548 -99.141487 -108.835783 -120.725919 -135.959714 -154.450144 -178.297630 -206.323415 -3744.852705 -4381.186012 -4381.188119 -4381.188119 -4381.188119 -4381.188119 -4381.188119 -4381.188119 -4381.188119 -4381.188119 -4381.188119 -4381.188119 -4381.188119 -4381.188119 -4381.188119 -4381.188119 -4381.188119 -4381.188119 -4381.184864 -3652.629453 523.960240 441.377880 362.637843 285.184637 208.861613 134.903906 65.220834 1.648845 -53.720140 -99.305441 -134.853131 -162.218859 -181.943102 -196.424674 -207.613922 -216.934680 -224.523006 -231.321618 -237.917396 -244.642146 -251.759549 -259.720407 -267.434456 -275.352820 -283.690089 -293.040960 -301.601386 -310.012754 -319.094043 -327.196541 -335.552002 -345.264858 -357.692034 -375.108950 -402.198006 -440.078583 -506.109297 -670.881721 -1191.107174 -3587.965562 -9999.0 -9999.0
-9999.0 -9999.0 575.247556 487.429801 402.738788 318.012949 230.542353 138.777260 41.004430 -66.181382 -187.544166 -292.808520 -361.713083 -393.974004 -396.603894 -375.406054 -236.471890 -99.622166 52.366734 219.830022 273.996993 222.403639 170.742975 119.364408 68.423407 28.176827 -2.920317 -25.406074 -41.656197 -53.566465 -62.635676 -70.083556 -76.923689 -83.749144 -90.961548 -99.141487 -108.835783 -120.725919 -135.959714 -154.450144 -178.297630 -206.323415 -3744.852705 -4381.186012 -4381.188119 -4381.188119 -4381.188119 -4381.188119 -4381.188119 -4381.188119 -4381.188119 -4381.188119 -4381.188119 -4381.188119 -4381.188119 -4381.188119 -4381.188119 -4381.188119 -4381.188119 -4381.188119 -4381.184864 -3652.629453 523.960240 441.377880 362.637843 285.184637 208.861613 134.903905 65.220834 1.648845 -53.720140 -99.305441 -134.853131 -162.218859 -181.943102 -196.424674 -207.613922 -216.934680 -224.523006 -231.321618 -237.917396 -244.642146 -251.759549 -259.720407 -267.434456 -275.352820 -283.690089 -293.040960 -301.601386 -310.012754 -319.094043 -327.196541 -335.552002 -345.264858 -357.692034 -375.108950 -402.198006 -440.078583 -506.109298 -670.881721 -1191.107179 -3587.965576 -9999.0 -9999.0
-9999.0 -9999.0 575.178039 487.401977 402.728542 318.009040 230.540801 138.776625 41.004166 -66.181501 -187.544232 -292.808555 -361.713102 -393.974006 -396.603895 -375.406054 -236.471890 -99.622165 52.366735 219.830022 273.996993 222.403639 170.742975 119.364408 68.423406 28.176827 -2.920317 -25.406074 -41.656197 -53.566465 -62.635676 -70.083556 -76.923689 -83.749144 -90.961549 -99.141487 -108.835783 -120.725919 -135.959714 -154.450144 -178.297630 -206.323415 -3744.852705 -4381.186012 -4381.188119 -4381.188119 -4381.188119 -4381.188119 -4381.188119 -4381.188119 -4381.188119 -4381.188119 -4381.188119 -4381.188119 -4381.188119 -4381.188119 -4381.188119 -4381.188119 -4381.188119 -4381.188119 -4381.184864 -3652.629453 523.960240 441.377880 362.637843 285.184637 208.861613 134.903906 65.220834 1.648845 -53.720140 -99.305441 -134.853131 -162.218859 -181.943102 -196.424674 -207.613922 -216.934680 -224.523006 -231.321618 -237.917396 -244.642146 -251.759549 -259.720407 -267.434456 -275.352820 -283.690089 -293.040960 -301.601386 -310.012754 -319.094043 -327.196541 -335.552002 -345.264858 -357.692034 -375.108950 -402.198006 -440.078583 -506.109298 -670.881723 -1191.107179 -3587.965585 -9999.0 -9999.0
-9999.0 -9999.0 -9999.0 -9999.0 -9999.0 -9999.0 -9999.0 -9999.0 -9999.0 -9999.0 -9999.0 -9999.0 -9999.0 -9999.0 -9999.0 -9999.0 -9999.0 -9999.0 -9999.0 -9999.0 -9999.0 -9999.0 -9999.0 -9999.0 -9999.0 -9999.0 -9999.0 -9999.0 -9999.0 -9999.0 -9999.0 -9999.0 -9999.0 -9999.0 -9999.0 -9999.0 -9999.0 -9999.0 -9999.0 -9999.0 -9999.0 -9999.0 -9999.0 -9999.0 -9999.0 -9999.0 -9999.0 -9999.0 -9999.0 -9999.0 -9999.0 -9999.0 -9999.0 -9999.0 -9999.0 -9999.0 -9999.0 -9999.0 -9999.0 -9999.0 -9999.0 -9999.0 -9999.0 -9999.0 -9999.0 -9999.0 -9999.0 -9999.0 -9999.0 -9999.0 -9999.0 -9999.0 -9999.0 -9999.0 -9999.0 -9999.0 -9999.0 -9999.0 -9999.0 -9999.0 -9999.0 -9999.0 -9999.0 -9999.0 -9999.0 -9999.0 -9999.0 -9999.0 -9999.0 -9999.0 -9999.0 -9999.0 -9999.0 -9999.0 -9999.0 -9999.0 -9999.0 -9999.0 -9999.0 -9999.0 -9999.0 -9999.0 -9999.0 -9999.0
-9999.0 -9999.0 -9999.0 -9999.0 -9999.0 -9999.0 -9999.0 -9999.0 -9999.0 -9999.0 -9999.0 -9999.0 -9999.0 -9999.0 -9999.0 -9999.0 -9999.0 -9999.0 -9999.0 -9999.0 -9999.0 -9999.0 -9999.0 -9999.0 -9999.0 -9999.0 -9999.0 -9999.0 -9999.0 -9999.0 -9999.0 -9999.0 -9999.0 -9999.0 -9999.0 -9999.0 -9999.0 -9999.0 -9999.0 -9999.0 -9999.0 -9999.0 -9999.0 -9999.0 -9999.0 -9999.0 -9999.0 -9999.0 -9999.0 -9999.0 -9999.0 -9999.0 -9999.0 -9999.0 -9999.0 -9999.0 -9999.0 -9999.0 -9999.0 -9999.0 -9999.0 -9999.0 -9999.0 -9999.0 -9999.0 -9999.0 -9999.0 -9999.0 -9999.0 -9999.0 -9999.0 -9999.0 -9999.0 -9999.0 -9999.0 -9999.0 -9999.0 -9999.0 -9999.0 -9999.0 -9999.0 -9999.0 -9999.0 -9999.0 -9999.0 -9999.0 -9999.0 -9999.0 -9999.0 -9999.0 -9999.0 -9999.0 -9999.0 -9999.0 -9999.0 -9999.0 -9999.0 -9999.0 -9999.0 -9999.0 -9999.0 -9999.0 -9999.0 -9999.0