tests/3D/hillslope02_superslab/out/maps3D/PwL0081N0002.asc
ncols         104
nrows         10
xllcorner     -2.000000
yllcorner     0.000000
cellsize      1.000000
NODATA_value  -9999.0
-9999.0 -9999.0 -9999.0 -9999.0 -9999.0 -9999.0 -9999.0 -9999.0 -9999.0 -9999.0 -9999.0 -9999.0 -9999.0 -9999.0 -9999.0 -9999.0 -9999.0 -9999.0 -9999.0 -9999.0 -9999.0 -9999.0 -9999.0 -9999.0 -9999.0 -9999.0 -9999.0 -9999.0 -9999.0 -9999.0 -9999.0 -9999.0 -9999.0 -9999.0 -9999.0 -9999.0 -9999.0 -9999.0 -9999.0 -9999.0 -9999.0 -9999.0 -9999.0 -9999.0 -9999.0 -9999.0 -9999.0 -9999.0 -9999.0 -9999.0 -9999.0 -9999.0 -9999.0 -9999.0 -9999.0 -9999.0 -9999.0 -9999.0 -9999.0 -9999.0 -9999.0 -9999.0 -9999.0 -9999.0 -9999.0 -9999.0 -9999.0 -9999.0 -9999.0 -9999.0 -9999.0 -9999.0 -9999.0 -9999.0 -9999.0 -9999.0 -9999.0 -9999.0 -9999.0 -9999.0 -9999.0 -9999.0 -9999.0 -9999.0 -9999.0 -9999.0 -9999.0 -9999.0 -9999.0 -9999.0 -9999.0 -9999.0 -9999.0 -9999.0 -9999.0 -9999.0 -9999.0 -9999.0 -9999.0 -9999.0 -9999.0 -9999.0 -9999.0 -9999.0
-9999.0 -9999.0 -9999.0 -9999.0 -9999.0 -9999.0 -9999.0 -9999.0 -9999.0 -9999.0 -9999.0 -9999.0 -9999.0 -9999.0 -9999.0 -9999.0 -9999.0 -9999.0 -9999.0 -9999.0 -9999.0 -9999.0 -9999.0 -9999.0 -9999.0 -9999.0 -9999.0 -9999.0 -9999.0 -9999.0 -9999.0 -9999.0 -9999.0 -9999.0 -9999.0 -9999.0 -9999.0 -9999.0 -9999.0 -9999.0 -9999.0 -9999.0 -9999.0 -9999.0 -9999.0 -9999.0 -9999.0 -9999.0 -9999.0 -9999.0 -9999.0 -9999.0 -9999.0 -9999.0 -9999.0 -9999.0 -9999.0 -9999.0 -9999.0 -9999.0 -9999.0 -9999.0 -9999.0 -9999.0 -9999.0 -9999.0 -9999.0 -9999.0 -9999.0 -9999.0 -9999.0 -9999.0 -9999.0 -9999.0 -9999.0 -9999.0 -9999.0 -9999.0 -9999.0 -9999.0 -9999.0 -9999.0 -9999.0 -9999.0 -9999.0 -9999.0 -9999.0 -9999.0 -9999.0 -9999.0 -9999.0 -9999.0 -9999.0 -9999.0 -9999.0 -9999.0 -9999.0 -9999.0 -9999.0 -9999.0 -9999.0 -9999.0 -9999.0 -9999.0
-9999.0 -9999.0 -704.306742 -823.569236 -902.738264 -941.096700 -956.637843 -962.255363 -964.247053 -964.955182 -965.207335 -965.297091 -965.329001 -965.340328 -965.344342 -965.345761 -965.346262 -965.346439 -965.346501 -965.346523 -965.346531 -965.346533 -965.346534 -965.346535 -965.346535 -965.346535 -965.346534 -965.346534 -965.346534 -965.346533 -965.346532 -965.346531 -965.346528 -965.346524 -965.346519 -965.346510 -965.346499 -965.346482 -965.346459 -965.346428 -965.346385 -965.346299 -965.345972 -965.344097 -965.334785 -965.298581 -965.188593 -964.922874 -964.396696 -963.509370 -964.387895 -967.985923 -965.400236 -965.347803 -965.346659 -965.346574 -965.346549 -965.346540 -965.346537 -965.346536 -965.346536 -965.346536 -965.346537 -965.346540 -965.346545 -965.346555 -965.346575 -965.346612 -965.346681 -965.346807 -965.347037 -965.347444 -965.348156 -965.349376 -965.351429 -965.354816 -965.360295 -965.368984 -965.382483 -965.403033 -965.433682 -965.478483 -965.542685 -965.632928 -965.757433 -965.926169 -966.151019 -966.445937 -966.827129 -967.313302 -967.926017 -968.690253 -969.635297 -970.796177 -972.215981 -973.949726 -976.071060 -978.684661 -981.951583 -986.153617 -992.005954 -1004.458043 -9999.0 -9999.0
-9999.0 -9999.0 -704.306742 -823.569236 -902.738264 -941.096700 -956.637843 -962.255363 -964.247053 -964.955182 -965.207335 -965.297091 -965.329001 -965.340328 -965.344342 -965.345761 -965.346262 -965.346439 -965.346501 -965.346523 -965.346531 -965.346533 -965.346534 -965.346535 -965.346535 -965.346535 -965.346534 -965.346534 -965.346534 -965.346533 -965.346532 -965.346531 -965.346528 -965.346524 -965.346519 -965.346510 -965.346499 -965.346482 -965.346459 -965.346428 -965.346385 -965.346299 -965.345972 -965.344097 -965.334785 -965.298581 -965.188593 -964.922874 -964.396696 -963.509370 -964.387895 -967.985923 -965.400236 -965.347803 -965.346659 -965.346574 -965.346549 -965.346540 -965.346537 -965.346536 -965.346536 -965.346536 -965.346537 -965.346540 -965.346545 -965.346555 -965.346575 -965.346612 -965.346681 -965.346807 -965.347037 -965.347444 -965.348156 -965.349376 -965.351429 -965.354816 -965.360295 -965.368984 -965.382483 -965.403033 -965.433682 -965.478483 -965.542685 -965.632928 -965.757433 -965.926169 -966.151019 -966.445937 -966.827129 -967.313302 -967.926017 -968.690253 -969.635297 -970.796177 -972.215981 -973.949726 -976.071060 -978.684661 -981.951583 -986.153617 -992.005954 -1004.458043 -9999.0 -9999.0
-9999.0 -9999.0 -704.306742 -823.569236 -902.738264 -941.096700 -956.637843 -962.255363 -964.247053 -964.955182 -965.207335 -965.297091 -965.329001 -965.340328 -965.344342 -965.345761 -965.346262 -965.346439 -965.346501 -965.346523 -965.346531 -965.346533 -965.346534 -965.346535 -965.346535 -965.346535 -965.346534 -965.346534 -965.346534 -965.346533 -965.346532 -965.346531 -965.346528 -965.346524 -965.346519 -965.346510 -965.346499 -965.346482 -965.346459 -965.346428 -965.346385 -965.346299 -965.345972 -965.344097 -965.334785 -965.298581 -965.188593 -964.922874 -964.396696 -963.509370 -964.387895 -967.985923 -965.400236 -965.347803 -965.346659 -965.346574 -965.346549 -965.346540 -965.346537 -965.346536 -965.346536 -965.346536 -965.346537 -965.346540 -965.346545 -965.346555 -965.346575 -965.346612 -965.346681 -965.346807 -965.347037 -965.347444 -965.348156 -965.349376 -965.351429 -965.354816 -965.360295 -965.368984 -965.382483 -965.403033 -965.433682 -965.478483 -965.542685 -965.632928 -965.757433 -965.926169 -966.151019 -966.445937 -966.827129 -967.313302 -967.926017 -968.690253 -969.635297 -970.796177 -972.215981 -973.949726 -976.071060 -978.684661 -981.951583 -986.153617 -992.005954 -1004.458043 -9999.0 -9999.0
-9999.0 -9999.0 -704.306742 -823.569236 -902.738264 -941.096700 -956.637843 -962.255363 -964.247053 -964.955182 -965.207335 -965.297091 -965.329001 -965.340328 -965.344342 -965.345761 -965.346262 -965.346439 -965.346501 -965.346523 -965.346531 -965.346533 -965.346534 -965.346535 -965.346535 -965.346535 -965.346534 -965.346534 -965.346534 -965.346533 -965.346532 -965.346531 -965.346528 -965.346524 -965.346519 -965.346510 -965.346499 -965.346482 -965.346459 -965.346428 -965.346385 -965.346299 -965.345972 -965.344097 -965.334785 -965.298581 -965.188593 -964.922874 -964.396696 -963.509370 -964.387895 -967.985923 -965.400236 -965.347803 -965.346659 -965.346574 -965.346549 -965.346540 -965.346537 -965.346536 -965.346536 -965.346536 -965.346537 -965.346540 -965.346545 -965.346555 -965.346575 -965.346612 -965.346681 -965.346807 -965.347037 -965.347444 -965.348156 -965.349376 -965.351429 -965.354816 -965.360295 -965.368984 -965.382483 -965.403033 -965.433682 -965.478483 -965.542685 -965.632928 -965.757433 -965.926169 -966.151019 -966.445937 -966.827129 -967.313302 -967.926017 -968.690253 -969.635297 -970.796177 -972.215981 -973.949726 -976.071060 -978.684661 -981.951583 -986.153617 -992.005954 -1004.458043 -9999.0 -9999.0
-9999.0 -9999.0 -704.306742 -823.569236 -902.738264 -941.096700 -956.637843 -962.255363 -964.247053 -964.955182 -965.207335 -965.297091 -965.329001 -965.340328 -965.344342 -965.345761 -965.346262 -965.346439 -965.346501 -965.346523 -965.346531 -965.346533 -965.346534 -965.346535 -965.346535 -965.346535 -965.346534 -965.346534 -965.346534 -965.346533 -965.346532 -965.346531 -965.346528 -965.346524 -965.346519 -965.346510 -965.346499 -965.346482 -965.346459 -965.346428 -965.346385 -965.346299 -965.345972 -965.344097 -965.334785 -965.298581 -965.188593 -964.922874 -964.396696 -963.509370 -964.387895 -967.985923 -965.400236 -965.347803 -965.346659 -965.346574 -965.346549 -965.346540 -965.346537 -965.346536 -965.346536 -965.346536 -965.346537 -965.346540 -965.346545 -965.346555 -965.346575 -965.346612 -965.346681 -965.346807 -965.347037 -965.347444 -965.348156 -965.349376 -965.351429 -965.354816 -965.360295 -965.368984 -965.382483 -965.403033 -965.433682 -965.478483 -965.542685 -965.632928 -965.757433 -965.926169 -966.151019 -966.445937 -966.827129 -967.313302 -967.926017 -968.690253 -969.635297 -970.796177 -972.215981 -973.949726 -976.071060 -978.684661 -981.951583 -986.153617 -992.005954 -1004.458043 -9999.0 -9999.0
-9999.0 -9999.0 -704.306742 -823.569236 -902.738264 -941.096700 -956.637843 -962.255363 -964.247053 -964.955182 -965.207335 -965.297091 -965.329001 -965.340328 -965.344342 -965.345761 -965.346262 -965.346439 -965.346501 -965.346523 -965.346531 -965.346533 -965.346534 -965.346535 -965.346535 -965.346535 -965.346534 -965.346534 -965.346534 -965.346533 -965.346532 -965.346531 -965.346528 -965.346524 -965.346519 -965.346510 -965.346499 -965.346482 -965.346459 -965.346428 -965.346385 -965.346299 -965.345972 -965.344097 -965.334785 -965.298581 -965.188593 -964.922874 -964.396696 -963.509370 -964.387895 -967.985923 -965.400236 -965.347803 -965.346659 -965.346574 -965.346549 -965.346540 -965.346537 -965.346536 -965.346536 -965.346536 -965.346537 -965.346540 -965.346545 -965.346555 -965.346575 -965.346612 -965.346681 -965.346807 -965.347037 -965.347444 -965.348156 -965.349376 -965.351429 -965.354816 -965.360295 -965.368984 -965.382483 -965.403033 -965.433682 -965.478483 -965.542685 -965.632928 -965.757433 -965.926169 -966.151019 -966.445937 -966.827129 -967.313302 -967.926017 -968.690253 -969.635297 -970.796177 -972.215981 -973.949726 -976.071060 -978.684661 -981.951583 -986.153617 -992.005954 -1004.458043 -9999.0 -9999.0
-9999.0 -9999.0 -9999.0 -9999.0 -9999.0 -9999.0 -9999.0 -9999.0 -9999.0 -9999.0 -9999.0 -9999.0 -9999.0 -9999.0 -9999.0 -9999.0 -9999.0 -9999.0 -9999.0 -9999.0 -9999.0 -9999.0 -9999.0 -9999.0 -9999.0 -9999.0 -9999.0 -9999.0 -9999.0 -9999.0 -9999.0 -9999.0 -9999.0 -9999.0 -9999.0 -9999.0 -9999.0 -9999.0 -9999.0 -9999.0 -9999.0 -9999.0 -9999.0 -9999.0 -9999.0 -9999.0 -9999.0 -9999.0 -9999.0 -9999.0 -9999.0 -9999.0 -9999.0 -9999.0 -9999.0 -9999.0 -9999.0 -9999.0 -9999.0 -9999.0 -9999.0 -9999.0 -9999.0 -9999.0 -9999.0 -9999.0 -9999.0 -9999.0 -9999.0 -9999.0 -9999.0 -9999.0 -9999.0 -9999.0 -9999.0 -9999.0 -9999.0 -9999.0 -9999.0 -9999.0 -9999.0 -9999.0 -9999.0 -9999.0 -9999.0 -9999.0 -9999.0 -9999.0 -9999.0 -9999.0 -9999.0 -9999.0 -9999.0 -9999.0 -9999.0 -9999.0 -9999.0 -9999.0 -9999.0 -9999.0 -9999.0 -9999.0 -9999.0 -9999.0
-9999.0 -9999.0 -9999.0 -9999.0 -9999.0 -9999.0 -9999.0 -9999.0 -9999.0 -9999.0 -9999.0 -9999.0 -9999.0 -9999.0 -9999.0 -9999.0 -9999.0 -9999.0 -9999.0 -9999.0 -9999.0 -9999.0 -9999.0 -9999.0 -9999.0 -9999.0 -9999.0 -9999.0 -9999.0 -9999.0 -9999.0 -9999.0 -9999.0 -9999.0 -9999.0 -9999.0 -9999.0 -9999.0 -9999.0 -9999.0 -9999.0 -9999.0 -9999.0 -9999.0 -9999.0 -9999.0 -9999.0 -9999.0 -9999.0 -9999.0 -9999.0 -9999.0 -9999.0 -9999.0 -9999.0 -9999.0 -9999.0 -9999.0 -9999.0 -9999.0 -9999.0 -9999.0 -9999.0 -9999.0 -9999.0 -9999.0 -9999.0 -9999.0 -9999.0 -9999.0 -9999.0 -9999.0 -9999.0 -9999.0 -9999.0 -9999.0 -9999.0 -9999.0 -9999.0 -9999.0 -9999.0 -9999.0 -9999.0 -9999.0 -9999.0 -9999.0 -9999.0 -9999.0 -9999.0 -9999.0 -9999.0 -9999.0 -9999.0 -9999.0 -9999.0 -9999.0 -9999.0 -9999.0 -9999.0 -9999.0 -9999.0 -9999.0 -9999.0 -9999.0