tests/3D/hillslope02_superslab/out/maps3D/PwL0047N0005.asc
ncols         104
nrows         10
xllcorner     -2.000000
yllcorner     0.000000
cellsize      1.000000
NODATA_value  -9999.0
-9999.0 -9999.0 -9999.0 -9999.0 -9999.0 -9999.0 -9999.0 -9999.0 -9999.0 -9999.0 -9999.0 -9999.0 -9999.0 -9999.0 -9999.0 -9999.0 -9999.0 -9999.0 -9999.0 -9999.0 -9999.0 -9999.0 -9999.0 -9999.0 -9999.0 -9999.0 -9999.0 -9999.0 -9999.0 -9999.0 -9999.0 -9999.0 -9999.0 -9999.0 -9999.0 -9999.0 -9999.0 -9999.0 -9999.0 -9999.0 -9999.0 -9999.0 -9999.0 -9999.0 -9999.0 -9999.0 -9999.0 -9999.0 -9999.0 -9999.0 -9999.0 -9999.0 -9999.0 -9999.0 -9999.0 -9999.0 -9999.0 -9999.0 -9999.0 -9999.0 -9999.0 -9999.0 -9999.0 -9999.0 -9999.0 -9999.0 -9999.0 -9999.0 -9999.0 -9999.0 -9999.0 -9999.0 -9999.0 -9999.0 -9999.0 -9999.0 -9999.0 -9999.0 -9999.0 -9999.0 -9999.0 -9999.0 -9999.0 -9999.0 -9999.0 -9999.0 -9999.0 -9999.0 -9999.0 -9999.0 -9999.0 -9999.0 -9999.0 -9999.0 -9999.0 -9999.0 -9999.0 -9999.0 -9999.0 -9999.0 -9999.0 -9999.0 -9999.0 -9999.0
-9999.0 -9999.0 -9999.0 -9999.0 -9999.0 -9999.0 -9999.0 -9999.0 -9999.0 -9999.0 -9999.0 -9999.0 -9999.0 -9999.0 -9999.0 -9999.0 -9999.0 -9999.0 -9999.0 -9999.0 -9999.0 -9999.0 -9999.0 -9999.0 -9999.0 -9999.0 -9999.0 -9999.0 -9999.0 -9999.0 -9999.0 -9999.0 -9999.0 -9999.0 -9999.0 -9999.0 -9999.0 -9999.0 -9999.0 -9999.0 -9999.0 -9999.0 -9999.0 -9999.0 -9999.0 -9999.0 -9999.0 -9999.0 -9999.0 -9999.0 -9999.0 -9999.0 -9999.0 -9999.0 -9999.0 -9999.0 -9999.0 -9999.0 -9999.0 -9999.0 -9999.0 -9999.0 -9999.0 -9999.0 -9999.0 -9999.0 -9999.0 -9999.0 -9999.0 -9999.0 -9999.0 -9999.0 -9999.0 -9999.0 -9999.0 -9999.0 -9999.0 -9999.0 -9999.0 -9999.0 -9999.0 -9999.0 -9999.0 -9999.0 -9999.0 -9999.0 -9999.0 -9999.0 -9999.0 -9999.0 -9999.0 -9999.0 -9999.0 -9999.0 -9999.0 -9999.0 -9999.0 -9999.0 -9999.0 -9999.0 -9999.0 -9999.0 -9999.0 -9999.0
-9999.0 -9999.0 2237.502379 2136.571008 2033.121442 1929.996881 1829.106383 1729.855899 1627.904599 1522.858982 1414.741983 1305.880966 1197.721290 1091.108397 986.254187 883.905130 784.697920 688.493938 595.705389 506.704233 421.894078 341.722497 266.770648 197.430809 133.890135 76.303537 24.422735 -22.143183 -63.756747 -100.832682 -135.326468 -165.497764 -195.679217 -97.264261 121.758286 290.035390 474.323366 659.030842 568.887682 471.840052 365.413497 244.080270 100.992282 -55.825442 -295.759131 -2584.264141 -2648.485336 -2648.514841 -2648.514852 -2648.514852 -2648.514851 -2648.514850 -2648.514825 -2648.514385 -2648.507026 -2648.388392 -2646.544556 -2618.958405 -2234.418226 744.568940 750.508561 755.325323 755.816069 746.562684 730.446601 710.497936 687.807446 663.259319 637.016200 609.569807 580.806849 551.122365 520.494258 488.825077 456.603983 423.704068 390.005896 356.047261 321.789128 287.083099 252.133534 217.318424 182.437221 147.215103 112.392827 77.847576 43.113164 8.447027 -25.569284 -59.577366 -93.587140 -125.445612 -156.002351 -184.171039 -215.805809 -261.532234 -359.875051 -595.148292 -2423.498824 -2648.437480 -2648.522304 -2649.633606 -9999.0 -9999.0
-9999.0 -9999.0 2237.519887 2136.582357 2033.127529 1929.999603 1829.107502 1729.856360 1627.904787 1522.859058 1414.742014 1305.880978 1197.721295 1091.108399 986.254188 883.905130 784.697920 688.493938 595.705389 506.704233 421.894078 341.722496 266.770648 197.430809 133.890135 76.303537 24.422735 -22.143183 -63.756747 -100.832682 -135.326468 -165.497764 -195.679218 -97.264261 121.758286 290.035390 474.323366 659.030842 568.887682 471.840052 365.413497 244.080270 100.992282 -55.825441 -295.759130 -2584.264140 -2648.485336 -2648.514841 -2648.514852 -2648.514852 -2648.514851 -2648.514850 -2648.514825 -2648.514385 -2648.507026 -2648.388392 -2646.544556 -2618.958405 -2234.418226 744.568940 750.508561 755.325323 755.816069 746.562684 730.446601 710.497936 687.807446 663.259319 637.016200 609.569807 580.806849 551.122365 520.494258 488.825077 456.603983 423.704068 390.005896 356.047261 321.789128 287.083099 252.133534 217.318424 182.437221 147.215103 112.392827 77.847576 43.113164 8.447027 -25.569284 -59.577366 -93.587140 -125.445612 -156.002351 -184.171039 -215.805809 -261.532234 -359.875051 -595.148291 -2423.498823 -2648.437480 -2648.522304 -2649.633606 -9999.0 -9999.0
-9999.0 -9999.0 2237.534158 2136.592058 2033.132978 1930.002139 1829.108574 1729.856810 1627.904972 1522.859134 1414.742044 1305.880991 1197.721300 1091.108401 986.254189 883.905130 784.697920 688.493938 595.705389 506.704233 421.894078 341.722496 266.770648 197.430809 133.890135 76.303537 24.422735 -22.143183 -63.756747 -100.832682 -135.326468 -165.497764 -195.679218 -97.264261 121.758286 290.035390 474.323366 659.030842 568.887682 471.840051 365.413497 244.080270 100.992282 -55.825441 -295.759129 -2584.264140 -2648.485336 -2648.514841 -2648.514852 -2648.514852 -2648.514851 -2648.514850 -2648.514825 -2648.514385 -2648.507026 -2648.388392 -2646.544556 -2618.958405 -2234.418226 744.568940 750.508561 755.325323 755.816069 746.562684 730.446601 710.497936 687.807446 663.259319 637.016200 609.569807 580.806849 551.122365 520.494258 488.825077 456.603983 423.704068 390.005896 356.047261 321.789128 287.083099 252.133534 217.318424 182.437221 147.215103 112.392827 77.847576 43.113164 8.447027 -25.569284 -59.577366 -93.587140 -125.445612 -156.002351 -184.171039 -215.805809 -261.532234 -359.875051 -595.148291 -2423.498822 -2648.437480 -2648.522304 -2649.633606 -9999.0 -9999.0
-9999.0 -9999.0 2237.534158 2136.592058 2033.132978 1930.002139 1829.108574 1729.856810 1627.904972 1522.859134 1414.742044 1305.880991 1197.721300 1091.108401 986.254189 883.905130 784.697920 688.493938 595.705389 506.704233 421.894078 341.722496 266.770648 197.430809 133.890135 76.303537 24.422735 -22.143183 -63.756747 -100.832682 -135.326468 -165.497764 -195.679218 -97.264261 121.758286 290.035390 474.323366 659.030842 568.887682 471.840051 365.413497 244.080270 100.992282 -55.825441 -295.759129 -2584.264140 -2648.485336 -2648.514841 -2648.514852 -2648.514852 -2648.514851 -2648.514850 -2648.514825 -2648.514385 -2648.507026 -2648.388392 -2646.544556 -2618.958405 -2234.418226 744.568940 750.508561 755.325323 755.816069 746.562684 730.446601 710.497936 687.807446 663.259319 637.016200 609.569807 580.806849 551.122365 520.494258 488.825077 456.603983 423.704068 390.005896 356.047261 321.789128 287.083099 252.133534 217.318424 182.437221 147.215103 112.392827 77.847576 43.113164 8.447027 -25.569284 -59.577366 -93.587140 -125.445612 -156.002351 -184.171039 -215.805809 -261.532234 -359.875051 -595.148291 -2423.498822 -2648.437480 -2648.522304 -2649.633606 -9999.0 -9999.0
-9999.0 -9999.0 2237.519887 2136.582357 2033.127528 1929.999603 1829.107502 1729.856360 1627.904787 1522.859058 1414.742014 1305.880978 1197.721295 1091.108399 986.254188 883.905130 784.697920 688.493938 595.705389 506.704233 421.894078 341.722496 266.770648 197.430809 133.890135 76.303537 24.422735 -22.143183 -63.756747 -100.832682 -135.326468 -165.497764 -195.679218 -97.264261 121.758286 290.035390 474.323366 659.030842 568.887682 471.840052 365.413497 244.080270 100.992282 -55.825441 -295.759130 -2584.264140 -2648.485336 -2648.514841 -2648.514852 -2648.514852 -2648.514851 -2648.514850 -2648.514825 -2648.514385 -2648.507026 -2648.388392 -2646.544556 -2618.958405 -2234.418226 744.568940 750.508561 755.325323 755.816069 746.562684 730.446601 710.497936 687.807446 663.259319 637.016200 609.569807 580.806849 551.122365 520.494258 488.825077 456.603983 423.704068 390.005896 356.047261 321.789128 287.083099 252.133534 217.318424 182.437221 147.215103 112.392827 77.847576 43.113164 8.447027 -25.569284 -59.577366 -93.587140 -125.445612 -156.002351 -184.171039 -215.805809 -261.532234 -359.875051 -595.148291 -2423.498823 -2648.437480 -2648.522304 -2649.633606 -9999.0 -9999.0
-9999.0 -9999.0 2237.502379 2136.571008 2033.121442 1929.996881 1829.106383 1729.855899 1627.904599 1522.858982 1414.741983 1305.880966 1197.721290 1091.108397 986.254187 883.905130 784.697920 688.493938 595.705389 506.704233 421.894078 341.722497 266.770648 197.430809 133.890135 76.303537 24.422735 -22.143183 -63.756747 -100.832682 -135.326468 -165.497764 -195.679217 -97.264261 121.758286 290.035390 474.323366 659.030842 568.887682 471.840052 365.413498 244.080270 100.992282 -55.825442 -295.759131 -2584.264141 -2648.485336 -2648.514841 -2648.514852 -2648.514852 -2648.514851 -2648.514850 -2648.514825 -2648.514385 -2648.507026 -2648.388392 -2646.544556 -2618.958405 -2234.418226 744.568940 750.508561 755.325323 755.816069 746.562684 730.446601 710.497936 687.807446 663.259319 637.016200 609.569807 580.806849 551.122365 520.494258 488.825077 456.603983 423.704068 390.005896 356.047261 321.789128 287.083099 252.133534 217.318424 182.437221 147.215103 112.392827 77.847576 43.113164 8.447027 -25.569284 -59.577366 -93.587140 -125.445612 -156.002351 -184.171039 -215.805809 -261.532234 -359.875051 -595.148292 -2423.498824 -2648.437480 -2648.522304 -2649.633606 -9999.0 -9999.0
-9999.0 -9999.0 -9999.0 -9999.0 -9999.0 -9999.0 -9999.0 -9999.0 -9999.0 -9999.0 -9999.0 -9999.0 -9999.0 -9999.0 -9999.0 -9999.0 -9999.0 -9999.0 -9999.0 -9999.0 -9999.0 -9999.0 -9999.0 -9999.0 -9999.0 -9999.0 -9999.0 -9999.0 -9999.0 -9999.0 -9999.0 -9999.0 -9999.0 -9999.0 -9999.0 -9999.0 -9999.0 -9999.0 -9999.0 -9999.0 -9999.0 -9999.0 -9999.0 -9999.0 -9999.0 -9999.0 -9999.0 -9999.0 -9999.0 -9999.0 -9999.0 -9999.0 -9999.0 -9999.0 -9999.0 -9999.0 -9999.0 -9999.0 -9999.0 -9999.0 -9999.0 -9999.0 -9999.0 -9999.0 -9999.0 -9999.0 -9999.0 -9999.0 -9999.0 -9999.0 -9999.0 -9999.0 -9999.0 -9999.0 -9999.0 -9999.0 -9999.0 -9999.0 -9999.0 -9999.0 -9999.0 -9999.0 -9999.0 -9999.0 -9999.0 -9999.0 -9999.0 -9999.0 -9999.0 -9999.0 -9999.0 -9999.0 -9999.0 -9999.0 -9999.0 -9999.0 -9999.0 -9999.0 -9999.0 -9999.0 -9999.0 -9999.0 -9999.0 -9999.0
-9999.0 -9999.0 -9999.0 -9999.0 -9999.0 -9999.0 -9999.0 -9999.0 -9999.0 -9999.0 -9999.0 -9999.0 -9999.0 -9999.0 -9999.0 -9999.0 -9999.0 -9999.0 -9999.0 -9999.0 -9999.0 -9999.0 -9999.0 -9999.0 -9999.0 -9999.0 -9999.0 -9999.0 -9999.0 -9999.0 -9999.0 -9999.0 -9999.0 -9999.0 -9999.0 -9999.0 -9999.0 -9999.0 -9999.0 -9999.0 -9999.0 -9999.0 -9999.0 -9999.0 -9999.0 -9999.0 -9999.0 -9999.0 -9999.0 -9999.0 -9999.0 -9999.0 -9999.0 -9999.0 -9999.0 -9999.0 -9999.0 -9999.0 -9999.0 -9999.0 -9999.0 -9999.0 -9999.0 -9999.0 -9999.0 -9999.0 -9999.0 -9999.0 -9999.0 -9999.0 -9999.0 -9999.0 -9999.0 -9999.0 -9999.0 -9999.0 -9999.0 -9999.0 -9999.0 -9999.0 -9999.0 -9999.0 -9999.0 -9999.0 -9999.0 -9999.0 -9999.0 -9999.0 -9999.0 -9999.0 -9999.0 -9999.0 -9999.0 -9999.0 -9999.0 -9999.0 -9999.0 -9999.0 -9999.0 -9999.0 -9999.0 -9999.0 -9999.0 -9999.0