tests/3D/hillslope02_superslab/out/maps3D/PwL0092N0002.asc
ncols         104
nrows         10
xllcorner     -2.000000
yllcorner     0.000000
cellsize      1.000000
NODATA_value  -9999.0
-9999.0 -9999.0 -9999.0 -9999.0 -9999.0 -9999.0 -9999.0 -9999.0 -9999.0 -9999.0 -9999.0 -9999.0 -9999.0 -9999.0 -9999.0 -9999.0 -9999.0 -9999.0 -9999.0 -9999.0 -9999.0 -9999.0 -9999.0 -9999.0 -9999.0 -9999.0 -9999.0 -9999.0 -9999.0 -9999.0 -9999.0 -9999.0 -9999.0 -9999.0 -9999.0 -9999.0 -9999.0 -9999.0 -9999.0 -9999.0 -9999.0 -9999.0 -9999.0 -9999.0 -9999.0 -9999.0 -9999.0 -9999.0 -9999.0 -9999.0 -9999.0 -9999.0 -9999.0 -9999.0 -9999.0 -9999.0 -9999.0 -9999.0 -9999.0 -9999.0 -9999.0 -9999.0 -9999.0 -9999.0 -9999.0 -9999.0 -9999.0 -9999.0 -9999.0 -9999.0 -9999.0 -9999.0 -9999.0 -9999.0 -9999.0 -9999.0 -9999.0 -9999.0 -9999.0 -9999.0 -9999.0 -9999.0 -9999.0 -9999.0 -9999.0 -9999.0 -9999.0 -9999.0 -9999.0 -9999.0 -9999.0 -9999.0 -9999.0 -9999.0 -9999.0 -9999.0 -9999.0 -9999.0 -9999.0 -9999.0 -9999.0 -9999.0 -9999.0 -9999.0
-9999.0 -9999.0 -9999.0 -9999.0 -9999.0 -9999.0 -9999.0 -9999.0 -9999.0 -9999.0 -9999.0 -9999.0 -9999.0 -9999.0 -9999.0 -9999.0 -9999.0 -9999.0 -9999.0 -9999.0 -9999.0 -9999.0 -9999.0 -9999.0 -9999.0 -9999.0 -9999.0 -9999.0 -9999.0 -9999.0 -9999.0 -9999.0 -9999.0 -9999.0 -9999.0 -9999.0 -9999.0 -9999.0 -9999.0 -9999.0 -9999.0 -9999.0 -9999.0 -9999.0 -9999.0 -9999.0 -9999.0 -9999.0 -9999.0 -9999.0 -9999.0 -9999.0 -9999.0 -9999.0 -9999.0 -9999.0 -9999.0 -9999.0 -9999.0 -9999.0 -9999.0 -9999.0 -9999.0 -9999.0 -9999.0 -9999.0 -9999.0 -9999.0 -9999.0 -9999.0 -9999.0 -9999.0 -9999.0 -9999.0 -9999.0 -9999.0 -9999.0 -9999.0 -9999.0 -9999.0 -9999.0 -9999.0 -9999.0 -9999.0 -9999.0 -9999.0 -9999.0 -9999.0 -9999.0 -9999.0 -9999.0 -9999.0 -9999.0 -9999.0 -9999.0 -9999.0 -9999.0 -9999.0 -9999.0 -9999.0 -9999.0 -9999.0 -9999.0 -9999.0
-9999.0 -9999.0 -81.950765 -176.999191 -263.452950 -334.284546 -381.056244 -405.086504 -414.890426 -418.617449 -419.997232 -420.502678 -420.686958 -420.753966 -420.778284 -420.787094 -420.790281 -420.791431 -420.791846 -420.791995 -420.792049 -420.792068 -420.792074 -420.792076 -420.792076 -420.792074 -420.792070 -420.792064 -420.792055 -420.792042 -420.792022 -420.791993 -420.791952 -420.791896 -420.791820 -420.791723 -420.791599 -420.791447 -420.791266 -420.791055 -420.790818 -420.790560 -420.790286 -420.790001 -420.789692 -420.789281 -420.788169 -420.785364 -420.779238 -420.768761 -420.763187 -420.843444 -420.798958 -420.793985 -420.792767 -420.792338 -420.792180 -420.792125 -420.792113 -420.792126 -420.792166 -420.792247 -420.792407 -420.792710 -420.793277 -420.794315 -420.796186 -420.799492 -420.805218 -420.814932 -420.831054 -420.857207 -420.898641 -420.962693 -421.059251 -421.201128 -421.404276 -421.687754 -422.073417 -422.585343 -423.249066 -424.090755 -425.136470 -426.411642 -427.940862 -429.748038 -431.856934 -434.292095 -437.080161 -440.251626 -443.843160 -447.900717 -452.483879 -457.672176 -463.574807 -470.346421 -478.214448 -487.530182 -498.874184 -513.307061 -533.129187 -565.499268 -9999.0 -9999.0
-9999.0 -9999.0 -81.950765 -176.999191 -263.452950 -334.284546 -381.056244 -405.086504 -414.890426 -418.617449 -419.997232 -420.502678 -420.686958 -420.753966 -420.778284 -420.787094 -420.790281 -420.791431 -420.791846 -420.791995 -420.792049 -420.792068 -420.792074 -420.792076 -420.792076 -420.792074 -420.792070 -420.792064 -420.792055 -420.792042 -420.792022 -420.791993 -420.791952 -420.791896 -420.791820 -420.791723 -420.791599 -420.791447 -420.791266 -420.791055 -420.790818 -420.790560 -420.790286 -420.790001 -420.789692 -420.789281 -420.788169 -420.785364 -420.779238 -420.768761 -420.763187 -420.843444 -420.798958 -420.793985 -420.792767 -420.792338 -420.792180 -420.792125 -420.792113 -420.792126 -420.792166 -420.792247 -420.792407 -420.792710 -420.793277 -420.794315 -420.796186 -420.799492 -420.805218 -420.814932 -420.831054 -420.857207 -420.898641 -420.962693 -421.059251 -421.201128 -421.404276 -421.687754 -422.073417 -422.585343 -423.249066 -424.090755 -425.136470 -426.411642 -427.940862 -429.748038 -431.856934 -434.292095 -437.080161 -440.251626 -443.843160 -447.900717 -452.483879 -457.672176 -463.574807 -470.346421 -478.214448 -487.530182 -498.874184 -513.307061 -533.129187 -565.499268 -9999.0 -9999.0
-9999.0 -9999.0 -81.950765 -176.999191 -263.452950 -334.284546 -381.056244 -405.086504 -414.890426 -418.617449 -419.997232 -420.502678 -420.686958 -420.753966 -420.778284 -420.787094 -420.790281 -420.791431 -420.791846 -420.791995 -420.792049 -420.792068 -420.792074 -420.792076 -420.792076 -420.792074 -420.792070 -420.792064 -420.792055 -420.792042 -420.792022 -420.791993 -420.791952 -420.791896 -420.791820 -420.791723 -420.791599 -420.791447 -420.791266 -420.791055 -420.790818 -420.790560 -420.790286 -420.790001 -420.789692 -420.789281 -420.788169 -420.785364 -420.779238 -420.768761 -420.763187 -420.843444 -420.798958 -420.793985 -420.792767 -420.792338 -420.792180 -420.792125 -420.792113 -420.792126 -420.792166 -420.792247 -420.792407 -420.792710 -420.793277 -420.794315 -420.796186 -420.799492 -420.805218 -420.814932 -420.831054 -420.857207 -420.898641 -420.962693 -421.059251 -421.201128 -421.404276 -421.687754 -422.073417 -422.585343 -423.249066 -424.090755 -425.136470 -426.411642 -427.940862 -429.748038 -431.856934 -434.292095 -437.080161 -440.251626 -443.843160 -447.900717 -452.483879 -457.672176 -463.574807 -470.346421 -478.214448 -487.530182 -498.874184 -513.307061 -533.129187 -565.499268 -9999.0 -9999.0
-9999.0 -9999.0 -81.950765 -176.999191 -263.452950 -334.284546 -381.056244 -405.086504 -414.890426 -418.617449 -419.997232 -420.502678 -420.686958 -420.753966 -420.778284 -420.787094 -420.790281 -420.791431 -420.791846 -420.791995 -420.792049 -420.792068 -420.792074 -420.792076 -420.792076 -420.792074 -420.792070 -420.792064 -420.792055 -420.792042 -420.792022 -420.791993 -420.791952 -420.791896 -420.791820 -420.791723 -420.791599 -420.791447 -420.791266 -420.791055 -420.790818 -420.790560 -420.790286 -420.790001 -420.789692 -420.789281 -420.788169 -420.785364 -420.779238 -420.768761 -420.763187 -420.843444 -420.798958 -420.793985 -420.792767 -420.792338 -420.792180 -420.792125 -420.792113 -420.792126 -420.792166 -420.792247 -420.792407 -420.792710 -420.793277 -420.794315 -420.796186 -420.799492 -420.805218 -420.814932 -420.831054 -420.857207 -420.898641 -420.962693 -421.059251 -421.201128 -421.404276 -421.687754 -422.073417 -422.585343 -423.249066 -424.090755 -425.136470 -426.411642 -427.940862 -429.748038 -431.856934 -434.292095 -437.080161 -440.251626 -443.843160 -447.900717 -452.483879 -457.672176 -463.574807 -470.346421 -478.214448 -487.530182 -498.874184 -513.307061 -533.129187 -565.499268 -9999.0 -9999.0
-9999.0 -9999.0 -81.950765 -176.999191 -263.452950 -334.284546 -381.056244 -405.086504 -414.890426 -418.617449 -419.997232 -420.502678 -420.686958 -420.753966 -420.778284 -420.787094 -420.790281 -420.791431 -420.791846 -420.791995 -420.792049 -420.792068 -420.792074 -420.792076 -420.792076 -420.792074 -420.792070 -420.792064 -420.792055 -420.792042 -420.792022 -420.791993 -420.791952 -420.791896 -420.791820 -420.791723 -420.791599 -420.791447 -420.791266 -420.791055 -420.790818 -420.790560 -420.790286 -420.790001 -420.789692 -420.789281 -420.788169 -420.785364 -420.779238 -420.768761 -420.763187 -420.843444 -420.798958 -420.793985 -420.792767 -420.792338 -420.792180 -420.792125 -420.792113 -420.792126 -420.792166 -420.792247 -420.792407 -420.792710 -420.793277 -420.794315 -420.796186 -420.799492 -420.805218 -420.814932 -420.831054 -420.857207 -420.898641 -420.962693 -421.059251 -421.201128 -421.404276 -421.687754 -422.073417 -422.585343 -423.249066 -424.090755 -425.136470 -426.411642 -427.940862 -429.748038 -431.856934 -434.292095 -437.080161 -440.251626 -443.843160 -447.900717 -452.483879 -457.672176 -463.574807 -470.346421 -478.214448 -487.530182 -498.874184 -513.307061 -533.129187 -565.499268 -9999.0 -9999.0
-9999.0 -9999.0 -81.950765 -176.999191 -263.452950 -334.284546 -381.056244 -405.086504 -414.890426 -418.617449 -419.997232 -420.502678 -420.686958 -420.753966 -420.778284 -420.787094 -420.790281 -420.791431 -420.791846 -420.791995 -420.792049 -420.792068 -420.792074 -420.792076 -420.792076 -420.792074 -420.792070 -420.792064 -420.792055 -420.792042 -420.792022 -420.791993 -420.791952 -420.791896 -420.791820 -420.791723 -420.791599 -420.791447 -420.791266 -420.791055 -420.790818 -420.790560 -420.790286 -420.790001 -420.789692 -420.789281 -420.788169 -420.785364 -420.779238 -420.768761 -420.763187 -420.843444 -420.798958 -420.793985 -420.792767 -420.792338 -420.792180 -420.792125 -420.792113 -420.792126 -420.792166 -420.792247 -420.792407 -420.792710 -420.793277 -420.794315 -420.796186 -420.799492 -420.805218 -420.814932 -420.831054 -420.857207 -420.898641 -420.962693 -421.059251 -421.201128 -421.404276 -421.687754 -422.073417 -422.585343 -423.249066 -424.090755 -425.136470 -426.411642 -427.940862 -429.748038 -431.856934 -434.292095 -437.080161 -440.251626 -443.843160 -447.900717 -452.483879 -457.672176 -463.574807 -470.346421 -478.214448 -487.530182 -498.874184 -513.307061 -533.129187 -565.499268 -9999.0 -9999.0
-9999.0 -9999.0 -9999.0 -9999.0 -9999.0 -9999.0 -9999.0 -9999.0 -9999.0 -9999.0 -9999.0 -9999.0 -9999.0 -9999.0 -9999.0 -9999.0 -9999.0 -9999.0 -9999.0 -9999.0 -9999.0 -9999.0 -9999.0 -9999.0 -9999.0 -9999.0 -9999.0 -9999.0 -9999.0 -9999.0 -9999.0 -9999.0 -9999.0 -9999.0 -9999.0 -9999.0 -9999.0 -9999.0 -9999.0 -9999.0 -9999.0 -9999.0 -9999.0 -9999.0 -9999.0 -9999.0 -9999.0 -9999.0 -9999.0 -9999.0 -9999.0 -9999.0 -9999.0 -9999.0 -9999.0 -9999.0 -9999.0 -9999.0 -9999.0 -9999.0 -9999.0 -9999.0 -9999.0 -9999.0 -9999.0 -9999.0 -9999.0 -9999.0 -9999.0 -9999.0 -9999.0 -9999.0 -9999.0 -9999.0 -9999.0 -9999.0 -9999.0 -9999.0 -9999.0 -9999.0 -9999.0 -9999.0 -9999.0 -9999.0 -9999.0 -9999.0 -9999.0 -9999.0 -9999.0 -9999.0 -9999.0 -9999.0 -9999.0 -9999.0 -9999.0 -9999.0 -9999.0 -9999.0 -9999.0 -9999.0 -9999.0 -9999.0 -9999.0 -9999.0
-9999.0 -9999.0 -9999.0 -9999.0 -9999.0 -9999.0 -9999.0 -9999.0 -9999.0 -9999.0 -9999.0 -9999.0 -9999.0 -9999.0 -9999.0 -9999.0 -9999.0 -9999.0 -9999.0 -9999.0 -9999.0 -9999.0 -9999.0 -9999.0 -9999.0 -9999.0 -9999.0 -9999.0 -9999.0 -9999.0 -9999.0 -9999.0 -9999.0 -9999.0 -9999.0 -9999.0 -9999.0 -9999.0 -9999.0 -9999.0 -9999.0 -9999.0 -9999.0 -9999.0 -9999.0 -9999.0 -9999.0 -9999.0 -9999.0 -9999.0 -9999.0 -9999.0 -9999.0 -9999.0 -9999.0 -9999.0 -9999.0 -9999.0 -9999.0 -9999.0 -9999.0 -9999.0 -9999.0 -9999.0 -9999.0 -9999.0 -9999.0 -9999.0 -9999.0 -9999.0 -9999.0 -9999.0 -9999.0 -9999.0 -9999.0 -9999.0 -9999.0 -9999.0 -9999.0 -9999.0 -9999.0 -9999.0 -9999.0 -9999.0 -9999.0 -9999.0 -9999.0 -9999.0 -9999.0 -9999.0 -9999.0 -9999.0 -9999.0 -9999.0 -9999.0 -9999.0 -9999.0 -9999.0 -9999.0 -9999.0 -9999.0 -9999.0 -9999.0 -9999.0