tests/3D/hillslope02_superslab/out/maps3D/PwL0012N0001.asc
ncols         104
nrows         10
xllcorner     -2.000000
yllcorner     0.000000
cellsize      1.000000
NODATA_value  -9999.0
-9999.0 -9999.0 -9999.0 -9999.0 -9999.0 -9999.0 -9999.0 -9999.0 -9999.0 -9999.0 -9999.0 -9999.0 -9999.0 -9999.0 -9999.0 -9999.0 -9999.0 -9999.0 -9999.0 -9999.0 -9999.0 -9999.0 -9999.0 -9999.0 -9999.0 -9999.0 -9999.0 -9999.0 -9999.0 -9999.0 -9999.0 -9999.0 -9999.0 -9999.0 -9999.0 -9999.0 -9999.0 -9999.0 -9999.0 -9999.0 -9999.0 -9999.0 -9999.0 -9999.0 -9999.0 -9999.0 -9999.0 -9999.0 -9999.0 -9999.0 -9999.0 -9999.0 -9999.0 -9999.0 -9999.0 -9999.0 -9999.0 -9999.0 -9999.0 -9999.0 -9999.0 -9999.0 -9999.0 -9999.0 -9999.0 -9999.0 -9999.0 -9999.0 -9999.0 -9999.0 -9999.0 -9999.0 -9999.0 -9999.0 -9999.0 -9999.0 -9999.0 -9999.0 -9999.0 -9999.0 -9999.0 -9999.0 -9999.0 -9999.0 -9999.0 -9999.0 -9999.0 -9999.0 -9999.0 -9999.0 -9999.0 -9999.0 -9999.0 -9999.0 -9999.0 -9999.0 -9999.0 -9999.0 -9999.0 -9999.0 -9999.0 -9999.0 -9999.0 -9999.0
-9999.0 -9999.0 -9999.0 -9999.0 -9999.0 -9999.0 -9999.0 -9999.0 -9999.0 -9999.0 -9999.0 -9999.0 -9999.0 -9999.0 -9999.0 -9999.0 -9999.0 -9999.0 -9999.0 -9999.0 -9999.0 -9999.0 -9999.0 -9999.0 -9999.0 -9999.0 -9999.0 -9999.0 -9999.0 -9999.0 -9999.0 -9999.0 -9999.0 -9999.0 -9999.0 -9999.0 -9999.0 -9999.0 -9999.0 -9999.0 -9999.0 -9999.0 -9999.0 -9999.0 -9999.0 -9999.0 -9999.0 -9999.0 -9999.0 -9999.0 -9999.0 -9999.0 -9999.0 -9999.0 -9999.0 -9999.0 -9999.0 -9999.0 -9999.0 -9999.0 -9999.0 -9999.0 -9999.0 -9999.0 -9999.0 -9999.0 -9999.0 -9999.0 -9999.0 -9999.0 -9999.0 -9999.0 -9999.0 -9999.0 -9999.0 -9999.0 -9999.0 -9999.0 -9999.0 -9999.0 -9999.0 -9999.0 -9999.0 -9999.0 -9999.0 -9999.0 -9999.0 -9999.0 -9999.0 -9999.0 -9999.0 -9999.0 -9999.0 -9999.0 -9999.0 -9999.0 -9999.0 -9999.0 -9999.0 -9999.0 -9999.0 -9999.0 -9999.0 -9999.0
-9999.0 -9999.0 -4378.146488 -4378.258094 -4378.302179 -4378.342347 -4378.378960 -4378.412585 -4378.445225 -4378.483821 -4378.564397 -4378.677898 -4378.960921 -4380.972435 -4381.035225 -4381.147255 -4381.144737 -4381.140429 -4381.132983 -4379.984910 -4378.503694 -4378.510551 -4378.513766 -4378.514929 -4378.514654 -4378.513131 -4378.510358 -4378.506339 -4378.501497 -4378.495030 -4378.487286 -4378.479142 -4378.471453 -4378.463971 -4378.456570 -4378.449647 -4378.443395 -4378.437952 -4378.432985 -4378.429413 -4378.429341 -4378.502697 -4381.188118 -4381.188119 -4381.188119 -4381.188119 -4381.188119 -4381.188119 -4381.188119 -4381.188119 -4381.188119 -4381.188119 -4381.188119 -4381.188119 -4381.188119 -4381.188119 -4381.188119 -4381.188119 -4381.188119 -4381.188119 -4381.188119 -4381.161655 -4378.272697 -4378.320505 -4378.364157 -4378.403701 -4378.438117 -4378.466275 -4378.486763 -4378.501356 -4378.510911 -4378.517020 -4378.521112 -4378.523957 -4378.526017 -4378.527584 -4378.528853 -4378.529956 -4378.530994 -4378.532042 -4378.533164 -4378.534420 -4378.535866 -4378.537563 -4378.539580 -4378.541998 -4378.544918 -4378.548469 -4378.552824 -4378.558221 -4378.564997 -4378.573657 -4378.584990 -4378.600314 -4378.622000 -4378.654734 -4378.709256 -4378.817221 -4379.150883 -4380.882066 -4381.174999 -4381.250435 -9999.0 -9999.0
-9999.0 -9999.0 -4378.146412 -4378.258066 -4378.302170 -4378.342343 -4378.378959 -4378.412584 -4378.445225 -4378.483821 -4378.564397 -4378.677898 -4378.960921 -4380.972435 -4381.035225 -4381.147255 -4381.144737 -4381.140429 -4381.132983 -4379.984910 -4378.503694 -4378.510551 -4378.513766 -4378.514929 -4378.514654 -4378.513131 -4378.510358 -4378.506339 -4378.501497 -4378.495030 -4378.487286 -4378.479142 -4378.471453 -4378.463971 -4378.456570 -4378.449647 -4378.443395 -4378.437952 -4378.432985 -4378.429413 -4378.429341 -4378.502697 -4381.188118 -4381.188119 -4381.188119 -4381.188119 -4381.188119 -4381.188119 -4381.188119 -4381.188119 -4381.188119 -4381.188119 -4381.188119 -4381.188119 -4381.188119 -4381.188119 -4381.188119 -4381.188119 -4381.188119 -4381.188119 -4381.188119 -4381.161655 -4378.272697 -4378.320505 -4378.364157 -4378.403701 -4378.438117 -4378.466275 -4378.486763 -4378.501356 -4378.510911 -4378.517020 -4378.521112 -4378.523957 -4378.526017 -4378.527584 -4378.528853 -4378.529956 -4378.530994 -4378.532042 -4378.533164 -4378.534420 -4378.535866 -4378.537563 -4378.539580 -4378.541998 -4378.544918 -4378.548469 -4378.552824 -4378.558221 -4378.564997 -4378.573657 -4378.584990 -4378.600314 -4378.622000 -4378.654734 -4378.709256 -4378.817221 -4379.150883 -4380.882066 -4381.174999 -4381.250435 -9999.0 -9999.0
-9999.0 -9999.0 -4378.146392 -4378.258053 -4378.302163 -4378.342341 -4378.378958 -4378.412583 -4378.445225 -4378.483821 -4378.564397 -4378.677897 -4378.960921 -4380.972435 -4381.035225 -4381.147255 -4381.144737 -4381.140429 -4381.132983 -4379.984910 -4378.503694 -4378.510551 -4378.513766 -4378.514929 -4378.514654 -4378.513131 -4378.510358 -4378.506339 -4378.501497 -4378.495030 -4378.487286 -4378.479142 -4378.471453 -4378.463971 -4378.456570 -4378.449647 -4378.443395 -4378.437952 -4378.432985 -4378.429413 -4378.429341 -4378.502697 -4381.188118 -4381.188119 -4381.188119 -4381.188119 -4381.188119 -4381.188119 -4381.188119 -4381.188119 -4381.188119 -4381.188119 -4381.188119 -4381.188119 -4381.188119 -4381.188119 -4381.188119 -4381.188119 -4381.188119 -4381.188119 -4381.188119 -4381.161655 -4378.272697 -4378.320505 -4378.364157 -4378.403701 -4378.438117 -4378.466275 -4378.486763 -4378.501356 -4378.510911 -4378.517020 -4378.521112 -4378.523957 -4378.526017 -4378.527584 -4378.528853 -4378.529956 -4378.530994 -4378.532042 -4378.533164 -4378.534420 -4378.535866 -4378.537563 -4378.539580 -4378.541998 -4378.544918 -4378.548469 -4378.552824 -4378.558221 -4378.564997 -4378.573657 -4378.584990 -4378.600314 -4378.622000 -4378.654734 -4378.709256 -4378.817221 -4379.150883 -4380.882066 -4381.174999 -4381.250435 -9999.0 -9999.0
-9999.0 -9999.0 -4378.146392 -4378.258053 -4378.302163 -4378.342341 -4378.378958 -4378.412583 -4378.445225 -4378.483821 -4378.564397 -4378.677897 -4378.960921 -4380.972435 -4381.035225 -4381.147255 -4381.144737 -4381.140429 -4381.132983 -4379.984910 -4378.503694 -4378.510551 -4378.513766 -4378.514929 -4378.514654 -4378.513131 -4378.510358 -4378.506339 -4378.501497 -4378.495030 -4378.487286 -4378.479142 -4378.471453 -4378.463971 -4378.456570 -4378.449647 -4378.443395 -4378.437952 -4378.432985 -4378.429413 -4378.429341 -4378.502697 -4381.188118 -4381.188119 -4381.188119 -4381.188119 -4381.188119 -4381.188119 -4381.188119 -4381.188119 -4381.188119 -4381.188119 -4381.188119 -4381.188119 -4381.188119 -4381.188119 -4381.188119 -4381.188119 -4381.188119 -4381.188119 -4381.188119 -4381.161655 -4378.272697 -4378.320505 -4378.364157 -4378.403701 -4378.438117 -4378.466275 -4378.486763 -4378.501356 -4378.510911 -4378.517020 -4378.521112 -4378.523957 -4378.526017 -4378.527584 -4378.528853 -4378.529956 -4378.530994 -4378.532042 -4378.533164 -4378.534420 -4378.535866 -4378.537563 -4378.539580 -4378.541998 -4378.544918 -4378.548469 -4378.552824 -4378.558221 -4378.564997 -4378.573657 -4378.584990 -4378.600314 -4378.622000 -4378.654734 -4378.709256 -4378.817221 -4379.150883 -4380.882066 -4381.174999 -4381.250435 -9999.0 -9999.0
-9999.0 -9999.0 -4378.146412 -4378.258066 -4378.302170 -4378.342343 -4378.378959 -4378.412584 -4378.445225 -4378.483821 -4378.564397 -4378.677898 -4378.960921 -4380.972435 -4381.035225 -4381.147255 -4381.144737 -4381.140429 -4381.132983 -4379.984910 -4378.503694 -4378.510551 -4378.513766 -4378.514929 -4378.514654 -4378.513131 -4378.510358 -4378.506339 -4378.501497 -4378.495030 -4378.487286 -4378.479142 -4378.471453 -4378.463971 -4378.456570 -4378.449647 -4378.443395 -4378.437952 -4378.432985 -4378.429413 -4378.429341 -4378.502697 -4381.188118 -4381.188119 -4381.188119 -4381.188119 -4381.188119 -4381.188119 -4381.188119 -4381.188119 -4381.188119 -4381.188119 -4381.188119 -4381.188119 -4381.188119 -4381.188119 -4381.188119 -4381.188119 -4381.188119 -4381.188119 -4381.188119 -4381.161655 -4378.272697 -4378.320505 -4378.364157 -4378.403701 -4378.438117 -4378.466275 -4378.486763 -4378.501356 -4378.510911 -4378.517020 -4378.521112 -4378.523957 -4378.526017 -4378.527584 -4378.528853 -4378.529956 -4378.530994 -4378.532042 -4378.533164 -4378.534420 -4378.535866 -4378.537563 -4378.539580 -4378.541998 -4378.544918 -4378.548469 -4378.552824 -4378.558221 -4378.564997 -4378.573657 -4378.584990 -4378.600314 -4378.622000 -4378.654734 -4378.709256 -4378.817221 -4379.150883 -4380.882066 -4381.174999 -4381.250435 -9999.0 -9999.0
-9999.0 -9999.0 -4378.146488 -4378.258094 -4378.302179 -4378.342347 -4378.378960 -4378.412585 -4378.445225 -4378.483821 -4378.564397 -4378.677898 -4378.960921 -4380.972435 -4381.035225 -4381.147255 -4381.144737 -4381.140429 -4381.132983 -4379.984910 -4378.503694 -4378.510551 -4378.513766 -4378.514929 -4378.514654 -4378.513131 -4378.510358 -4378.506339 -4378.501497 -4378.495030 -4378.487286 -4378.479142 -4378.471453 -4378.463971 -4378.456570 -4378.449647 -4378.443395 -4378.437952 -4378.432985 -4378.429413 -4378.429341 -4378.502697 -4381.188118 -4381.188119 -4381.188119 -4381.188119 -4381.188119 -4381.188119 -4381.188119 -4381.188119 -4381.188119 -4381.188119 -4381.188119 -4381.188119 -4381.188119 -4381.188119 -4381.188119 -4381.188119 -4381.188119 -4381.188119 -4381.188119 -4381.161655 -4378.272697 -4378.320505 -4378.364157 -4378.403701 -4378.438117 -4378.466275 -4378.486763 -4378.501356 -4378.510911 -4378.517020 -4378.521112 -4378.523957 -4378.526017 -4378.527584 -4378.528853 -4378.529956 -4378.530994 -4378.532042 -4378.533164 -4378.534420 -4378.535866 -4378.537563 -4378.539580 -4378.541998 -4378.544918 -4378.548469 -4378.552824 -4378.558221 -4378.564997 -4378.573657 -4378.584990 -4378.600314 -4378.622000 -4378.654734 -4378.709256 -4378.817221 -4379.150883 -4380.882066 -4381.174999 -4381.250435 -9999.0 -9999.0
-9999.0 -9999.0 -9999.0 -9999.0 -9999.0 -9999.0 -9999.0 -9999.0 -9999.0 -9999.0 -9999.0 -9999.0 -9999.0 -9999.0 -9999.0 -9999.0 -9999.0 -9999.0 -9999.0 -9999.0 -9999.0 -9999.0 -9999.0 -9999.0 -9999.0 -9999.0 -9999.0 -9999.0 -9999.0 -9999.0 -9999.0 -9999.0 -9999.0 -9999.0 -9999.0 -9999.0 -9999.0 -9999.0 -9999.0 -9999.0 -9999.0 -9999.0 -9999.0 -9999.0 -9999.0 -9999.0 -9999.0 -9999.0 -9999.0 -9999.0 -9999.0 -9999.0 -9999.0 -9999.0 -9999.0 -9999.0 -9999.0 -9999.0 -9999.0 -9999.0 -9999.0 -9999.0 -9999.0 -9999.0 -9999.0 -9999.0 -9999.0 -9999.0 -9999.0 -9999.0 -9999.0 -9999.0 -9999.0 -9999.0 -9999.0 -9999.0 -9999.0 -9999.0 -9999.0 -9999.0 -9999.0 -9999.0 -9999.0 -9999.0 -9999.0 -9999.0 -9999.0 -9999.0 -9999.0 -9999.0 -9999.0 -9999.0 -9999.0 -9999.0 -9999.0 -9999.0 -9999.0 -9999.0 -9999.0 -9999.0 -9999.0 -9999.0 -9999.0 -9999.0
-9999.0 -9999.0 -9999.0 -9999.0 -9999.0 -9999.0 -9999.0 -9999.0 -9999.0 -9999.0 -9999.0 -9999.0 -9999.0 -9999.0 -9999.0 -9999.0 -9999.0 -9999.0 -9999.0 -9999.0 -9999.0 -9999.0 -9999.0 -9999.0 -9999.0 -9999.0 -9999.0 -9999.0 -9999.0 -9999.0 -9999.0 -9999.0 -9999.0 -9999.0 -9999.0 -9999.0 -9999.0 -9999.0 -9999.0 -9999.0 -9999.0 -9999.0 -9999.0 -9999.0 -9999.0 -9999.0 -9999.0 -9999.0 -9999.0 -9999.0 -9999.0 -9999.0 -9999.0 -9999.0 -9999.0 -9999.0 -9999.0 -9999.0 -9999.0 -9999.0 -9999.0 -9999.0 -9999.0 -9999.0 -9999.0 -9999.0 -9999.0 -9999.0 -9999.0 -9999.0 -9999.0 -9999.0 -9999.0 -9999.0 -9999.0 -9999.0 -9999.0 -9999.0 -9999.0 -9999.0 -9999.0 -9999.0 -9999.0 -9999.0 -9999.0 -9999.0 -9999.0 -9999.0 -9999.0 -9999.0 -9999.0 -9999.0 -9999.0 -9999.0 -9999.0 -9999.0 -9999.0 -9999.0 -9999.0 -9999.0 -9999.0 -9999.0 -9999.0 -9999.0