tests/3D/hillslope02_superslab/out/maps3D/PwL0089N0004.asc
ncols         104
nrows         10
xllcorner     -2.000000
yllcorner     0.000000
cellsize      1.000000
NODATA_value  -9999.0
-9999.0 -9999.0 -9999.0 -9999.0 -9999.0 -9999.0 -9999.0 -9999.0 -9999.0 -9999.0 -9999.0 -9999.0 -9999.0 -9999.0 -9999.0 -9999.0 -9999.0 -9999.0 -9999.0 -9999.0 -9999.0 -9999.0 -9999.0 -9999.0 -9999.0 -9999.0 -9999.0 -9999.0 -9999.0 -9999.0 -9999.0 -9999.0 -9999.0 -9999.0 -9999.0 -9999.0 -9999.0 -9999.0 -9999.0 -9999.0 -9999.0 -9999.0 -9999.0 -9999.0 -9999.0 -9999.0 -9999.0 -9999.0 -9999.0 -9999.0 -9999.0 -9999.0 -9999.0 -9999.0 -9999.0 -9999.0 -9999.0 -9999.0 -9999.0 -9999.0 -9999.0 -9999.0 -9999.0 -9999.0 -9999.0 -9999.0 -9999.0 -9999.0 -9999.0 -9999.0 -9999.0 -9999.0 -9999.0 -9999.0 -9999.0 -9999.0 -9999.0 -9999.0 -9999.0 -9999.0 -9999.0 -9999.0 -9999.0 -9999.0 -9999.0 -9999.0 -9999.0 -9999.0 -9999.0 -9999.0 -9999.0 -9999.0 -9999.0 -9999.0 -9999.0 -9999.0 -9999.0 -9999.0 -9999.0 -9999.0 -9999.0 -9999.0 -9999.0 -9999.0
-9999.0 -9999.0 -9999.0 -9999.0 -9999.0 -9999.0 -9999.0 -9999.0 -9999.0 -9999.0 -9999.0 -9999.0 -9999.0 -9999.0 -9999.0 -9999.0 -9999.0 -9999.0 -9999.0 -9999.0 -9999.0 -9999.0 -9999.0 -9999.0 -9999.0 -9999.0 -9999.0 -9999.0 -9999.0 -9999.0 -9999.0 -9999.0 -9999.0 -9999.0 -9999.0 -9999.0 -9999.0 -9999.0 -9999.0 -9999.0 -9999.0 -9999.0 -9999.0 -9999.0 -9999.0 -9999.0 -9999.0 -9999.0 -9999.0 -9999.0 -9999.0 -9999.0 -9999.0 -9999.0 -9999.0 -9999.0 -9999.0 -9999.0 -9999.0 -9999.0 -9999.0 -9999.0 -9999.0 -9999.0 -9999.0 -9999.0 -9999.0 -9999.0 -9999.0 -9999.0 -9999.0 -9999.0 -9999.0 -9999.0 -9999.0 -9999.0 -9999.0 -9999.0 -9999.0 -9999.0 -9999.0 -9999.0 -9999.0 -9999.0 -9999.0 -9999.0 -9999.0 -9999.0 -9999.0 -9999.0 -9999.0 -9999.0 -9999.0 -9999.0 -9999.0 -9999.0 -9999.0 -9999.0 -9999.0 -9999.0 -9999.0 -9999.0 -9999.0 -9999.0
-9999.0 -9999.0 -66.746152 -164.489163 -259.276580 -349.525240 -430.702471 -494.993271 -535.671688 -555.884024 -564.157076 -567.359838 -568.574987 -569.032437 -569.204079 -569.268367 -569.292406 -569.301367 -569.304680 -569.305874 -569.306269 -569.306358 -569.306324 -569.306237 -569.306123 -569.305992 -569.305851 -569.305702 -569.305549 -569.305395 -569.305245 -569.305103 -569.304973 -569.304861 -569.304774 -569.304717 -569.304695 -569.304712 -569.304772 -569.304886 -569.305096 -569.305402 -569.305775 -569.305959 -569.305184 -569.301756 -569.292765 -569.274165 -569.241380 -569.193436 -569.184141 -569.710363 -569.405708 -569.408429 -569.443348 -569.492903 -569.558735 -569.644237 -569.753543 -569.891349 -570.062832 -570.273549 -570.529354 -570.836293 -571.200499 -571.628090 -572.125080 -572.697302 -573.350353 -574.089561 -574.919976 -575.846390 -576.873370 -578.005324 -579.246576 -580.601464 -582.074452 -583.670253 -585.393979 -587.251297 -589.248618 -591.393306 -593.693930 -596.160563 -598.805151 -601.641970 -604.688213 -607.964749 -611.497133 -615.316983 -619.463876 -623.988056 -628.954395 -634.448363 -640.585409 -647.526355 -655.504138 -664.873744 -676.215116 -690.580423 -710.281687 -742.903827 -9999.0 -9999.0
-9999.0 -9999.0 -66.746152 -164.489163 -259.276580 -349.525240 -430.702471 -494.993271 -535.671688 -555.884024 -564.157076 -567.359838 -568.574987 -569.032437 -569.204079 -569.268367 -569.292406 -569.301367 -569.304680 -569.305874 -569.306269 -569.306358 -569.306324 -569.306237 -569.306123 -569.305992 -569.305851 -569.305702 -569.305549 -569.305395 -569.305245 -569.305103 -569.304973 -569.304861 -569.304774 -569.304717 -569.304695 -569.304712 -569.304772 -569.304886 -569.305096 -569.305402 -569.305775 -569.305959 -569.305184 -569.301756 -569.292765 -569.274165 -569.241380 -569.193436 -569.184141 -569.710363 -569.405708 -569.408429 -569.443348 -569.492903 -569.558735 -569.644237 -569.753543 -569.891349 -570.062832 -570.273549 -570.529354 -570.836293 -571.200499 -571.628090 -572.125080 -572.697302 -573.350353 -574.089561 -574.919976 -575.846390 -576.873370 -578.005324 -579.246576 -580.601464 -582.074452 -583.670253 -585.393979 -587.251297 -589.248618 -591.393306 -593.693930 -596.160563 -598.805151 -601.641970 -604.688213 -607.964749 -611.497133 -615.316983 -619.463876 -623.988056 -628.954395 -634.448363 -640.585409 -647.526355 -655.504138 -664.873744 -676.215116 -690.580423 -710.281687 -742.903827 -9999.0 -9999.0
-9999.0 -9999.0 -66.746152 -164.489163 -259.276580 -349.525240 -430.702471 -494.993271 -535.671688 -555.884024 -564.157076 -567.359838 -568.574987 -569.032437 -569.204079 -569.268367 -569.292406 -569.301367 -569.304680 -569.305874 -569.306269 -569.306358 -569.306324 -569.306237 -569.306123 -569.305992 -569.305851 -569.305702 -569.305549 -569.305395 -569.305245 -569.305103 -569.304973 -569.304861 -569.304774 -569.304717 -569.304695 -569.304712 -569.304772 -569.304886 -569.305096 -569.305402 -569.305775 -569.305959 -569.305184 -569.301756 -569.292765 -569.274165 -569.241380 -569.193436 -569.184141 -569.710363 -569.405708 -569.408429 -569.443348 -569.492903 -569.558735 -569.644237 -569.753543 -569.891349 -570.062832 -570.273549 -570.529354 -570.836293 -571.200499 -571.628090 -572.125080 -572.697302 -573.350353 -574.089561 -574.919976 -575.846390 -576.873370 -578.005324 -579.246576 -580.601464 -582.074452 -583.670253 -585.393979 -587.251297 -589.248618 -591.393306 -593.693930 -596.160563 -598.805151 -601.641970 -604.688213 -607.964749 -611.497133 -615.316983 -619.463876 -623.988056 -628.954395 -634.448363 -640.585409 -647.526355 -655.504138 -664.873744 -676.215116 -690.580423 -710.281687 -742.903827 -9999.0 -9999.0
-9999.0 -9999.0 -66.746152 -164.489163 -259.276580 -349.525240 -430.702471 -494.993271 -535.671688 -555.884024 -564.157076 -567.359838 -568.574987 -569.032437 -569.204079 -569.268367 -569.292406 -569.301367 -569.304680 -569.305874 -569.306269 -569.306358 -569.306324 -569.306237 -569.306123 -569.305992 -569.305851 -569.305702 -569.305549 -569.305395 -569.305245 -569.305103 -569.304973 -569.304861 -569.304774 -569.304717 -569.304695 -569.304712 -569.304772 -569.304886 -569.305096 -569.305402 -569.305775 -569.305959 -569.305184 -569.301756 -569.292765 -569.274165 -569.241380 -569.193436 -569.184141 -569.710363 -569.405708 -569.408429 -569.443348 -569.492903 -569.558735 -569.644237 -569.753543 -569.891349 -570.062832 -570.273549 -570.529354 -570.836293 -571.200499 -571.628090 -572.125080 -572.697302 -573.350353 -574.089561 -574.919976 -575.846390 -576.873370 -578.005324 -579.246576 -580.601464 -582.074452 -583.670253 -585.393979 -587.251297 -589.248618 -591.393306 -593.693930 -596.160563 -598.805151 -601.641970 -604.688213 -607.964749 -611.497133 -615.316983 -619.463876 -623.988056 -628.954395 -634.448363 -640.585409 -647.526355 -655.504138 -664.873744 -676.215116 -690.580423 -710.281687 -742.903827 -9999.0 -9999.0
-9999.0 -9999.0 -66.746152 -164.489163 -259.276580 -349.525240 -430.702471 -494.993271 -535.671688 -555.884024 -564.157076 -567.359838 -568.574987 -569.032437 -569.204079 -569.268367 -569.292406 -569.301367 -569.304680 -569.305874 -569.306269 -569.306358 -569.306324 -569.306237 -569.306123 -569.305992 -569.305851 -569.305702 -569.305549 -569.305395 -569.305245 -569.305103 -569.304973 -569.304861 -569.304774 -569.304717 -569.304695 -569.304712 -569.304772 -569.304886 -569.305096 -569.305402 -569.305775 -569.305959 -569.305184 -569.301756 -569.292765 -569.274165 -569.241380 -569.193436 -569.184141 -569.710363 -569.405708 -569.408429 -569.443348 -569.492903 -569.558735 -569.644237 -569.753543 -569.891349 -570.062832 -570.273549 -570.529354 -570.836293 -571.200499 -571.628090 -572.125080 -572.697302 -573.350353 -574.089561 -574.919976 -575.846390 -576.873370 -578.005324 -579.246576 -580.601464 -582.074452 -583.670253 -585.393979 -587.251297 -589.248618 -591.393306 -593.693930 -596.160563 -598.805151 -601.641970 -604.688213 -607.964749 -611.497133 -615.316983 -619.463876 -623.988056 -628.954395 -634.448363 -640.585409 -647.526355 -655.504138 -664.873744 -676.215116 -690.580423 -710.281687 -742.903827 -9999.0 -9999.0
-9999.0 -9999.0 -66.746152 -164.489163 -259.276580 -349.525240 -430.702471 -494.993271 -535.671688 -555.884024 -564.157076 -567.359838 -568.574987 -569.032437 -569.204079 -569.268367 -569.292406 -569.301367 -569.304680 -569.305874 -569.306269 -569.306358 -569.306324 -569.306237 -569.306123 -569.305992 -569.305851 -569.305702 -569.305549 -569.305395 -569.305245 -569.305103 -569.304973 -569.304861 -569.304774 -569.304717 -569.304695 -569.304712 -569.304772 -569.304886 -569.305096 -569.305402 -569.305775 -569.305959 -569.305184 -569.301756 -569.292765 -569.274165 -569.241380 -569.193436 -569.184141 -569.710363 -569.405708 -569.408429 -569.443348 -569.492903 -569.558735 -569.644237 -569.753543 -569.891349 -570.062832 -570.273549 -570.529354 -570.836293 -571.200499 -571.628090 -572.125080 -572.697302 -573.350353 -574.089561 -574.919976 -575.846390 -576.873370 -578.005324 -579.246576 -580.601464 -582.074452 -583.670253 -585.393979 -587.251297 -589.248618 -591.393306 -593.693930 -596.160563 -598.805151 -601.641970 -604.688213 -607.964749 -611.497133 -615.316983 -619.463876 -623.988056 -628.954395 -634.448363 -640.585409 -647.526355 -655.504138 -664.873744 -676.215116 -690.580423 -710.281687 -742.903827 -9999.0 -9999.0
-9999.0 -9999.0 -9999.0 -9999.0 -9999.0 -9999.0 -9999.0 -9999.0 -9999.0 -9999.0 -9999.0 -9999.0 -9999.0 -9999.0 -9999.0 -9999.0 -9999.0 -9999.0 -9999.0 -9999.0 -9999.0 -9999.0 -9999.0 -9999.0 -9999.0 -9999.0 -9999.0 -9999.0 -9999.0 -9999.0 -9999.0 -9999.0 -9999.0 -9999.0 -9999.0 -9999.0 -9999.0 -9999.0 -9999.0 -9999.0 -9999.0 -9999.0 -9999.0 -9999.0 -9999.0 -9999.0 -9999.0 -9999.0 -9999.0 -9999.0 -9999.0 -9999.0 -9999.0 -9999.0 -9999.0 -9999.0 -9999.0 -9999.0 -9999.0 -9999.0 -9999.0 -9999.0 -9999.0 -9999.0 -9999.0 -9999.0 -9999.0 -9999.0 -9999.0 -9999.0 -9999.0 -9999.0 -9999.0 -9999.0 -9999.0 -9999.0 -9999.0 -9999.0 -9999.0 -9999.0 -9999.0 -9999.0 -9999.0 -9999.0 -9999.0 -9999.0 -9999.0 -9999.0 -9999.0 -9999.0 -9999.0 -9999.0 -9999.0 -9999.0 -9999.0 -9999.0 -9999.0 -9999.0 -9999.0 -9999.0 -9999.0 -9999.0 -9999.0 -9999.0
-9999.0 -9999.0 -9999.0 -9999.0 -9999.0 -9999.0 -9999.0 -9999.0 -9999.0 -9999.0 -9999.0 -9999.0 -9999.0 -9999.0 -9999.0 -9999.0 -9999.0 -9999.0 -9999.0 -9999.0 -9999.0 -9999.0 -9999.0 -9999.0 -9999.0 -9999.0 -9999.0 -9999.0 -9999.0 -9999.0 -9999.0 -9999.0 -9999.0 -9999.0 -9999.0 -9999.0 -9999.0 -9999.0 -9999.0 -9999.0 -9999.0 -9999.0 -9999.0 -9999.0 -9999.0 -9999.0 -9999.0 -9999.0 -9999.0 -9999.0 -9999.0 -9999.0 -9999.0 -9999.0 -9999.0 -9999.0 -9999.0 -9999.0 -9999.0 -9999.0 -9999.0 -9999.0 -9999.0 -9999.0 -9999.0 -9999.0 -9999.0 -9999.0 -9999.0 -9999.0 -9999.0 -9999.0 -9999.0 -9999.0 -9999.0 -9999.0 -9999.0 -9999.0 -9999.0 -9999.0 -9999.0 -9999.0 -9999.0 -9999.0 -9999.0 -9999.0 -9999.0 -9999.0 -9999.0 -9999.0 -9999.0 -9999.0 -9999.0 -9999.0 -9999.0 -9999.0 -9999.0 -9999.0 -9999.0 -9999.0 -9999.0 -9999.0 -9999.0 -9999.0