tests/3D/hillslope02_superslab/out/maps3D/PwL0037N0006.asc
ncols         104
nrows         10
xllcorner     -2.000000
yllcorner     0.000000
cellsize      1.000000
NODATA_value  -9999.0
-9999.0 -9999.0 -9999.0 -9999.0 -9999.0 -9999.0 -9999.0 -9999.0 -9999.0 -9999.0 -9999.0 -9999.0 -9999.0 -9999.0 -9999.0 -9999.0 -9999.0 -9999.0 -9999.0 -9999.0 -9999.0 -9999.0 -9999.0 -9999.0 -9999.0 -9999.0 -9999.0 -9999.0 -9999.0 -9999.0 -9999.0 -9999.0 -9999.0 -9999.0 -9999.0 -9999.0 -9999.0 -9999.0 -9999.0 -9999.0 -9999.0 -9999.0 -9999.0 -9999.0 -9999.0 -9999.0 -9999.0 -9999.0 -9999.0 -9999.0 -9999.0 -9999.0 -9999.0 -9999.0 -9999.0 -9999.0 -9999.0 -9999.0 -9999.0 -9999.0 -9999.0 -9999.0 -9999.0 -9999.0 -9999.0 -9999.0 -9999.0 -9999.0 -9999.0 -9999.0 -9999.0 -9999.0 -9999.0 -9999.0 -9999.0 -9999.0 -9999.0 -9999.0 -9999.0 -9999.0 -9999.0 -9999.0 -9999.0 -9999.0 -9999.0 -9999.0 -9999.0 -9999.0 -9999.0 -9999.0 -9999.0 -9999.0 -9999.0 -9999.0 -9999.0 -9999.0 -9999.0 -9999.0 -9999.0 -9999.0 -9999.0 -9999.0 -9999.0 -9999.0
-9999.0 -9999.0 -9999.0 -9999.0 -9999.0 -9999.0 -9999.0 -9999.0 -9999.0 -9999.0 -9999.0 -9999.0 -9999.0 -9999.0 -9999.0 -9999.0 -9999.0 -9999.0 -9999.0 -9999.0 -9999.0 -9999.0 -9999.0 -9999.0 -9999.0 -9999.0 -9999.0 -9999.0 -9999.0 -9999.0 -9999.0 -9999.0 -9999.0 -9999.0 -9999.0 -9999.0 -9999.0 -9999.0 -9999.0 -9999.0 -9999.0 -9999.0 -9999.0 -9999.0 -9999.0 -9999.0 -9999.0 -9999.0 -9999.0 -9999.0 -9999.0 -9999.0 -9999.0 -9999.0 -9999.0 -9999.0 -9999.0 -9999.0 -9999.0 -9999.0 -9999.0 -9999.0 -9999.0 -9999.0 -9999.0 -9999.0 -9999.0 -9999.0 -9999.0 -9999.0 -9999.0 -9999.0 -9999.0 -9999.0 -9999.0 -9999.0 -9999.0 -9999.0 -9999.0 -9999.0 -9999.0 -9999.0 -9999.0 -9999.0 -9999.0 -9999.0 -9999.0 -9999.0 -9999.0 -9999.0 -9999.0 -9999.0 -9999.0 -9999.0 -9999.0 -9999.0 -9999.0 -9999.0 -9999.0 -9999.0 -9999.0 -9999.0 -9999.0 -9999.0
-9999.0 -9999.0 1537.052756 1435.618595 1332.517847 1228.031905 1122.597672 1017.594013 913.118370 807.463835 699.600648 591.881605 486.254127 383.875690 283.358629 184.142597 86.475264 -8.154582 -98.066076 -179.448568 -246.796314 -293.531987 -319.907405 -332.922864 -339.302274 -341.896559 -342.341638 -342.028390 -238.219949 -57.264082 119.318284 297.951602 478.731229 385.706307 293.047429 201.250767 111.056920 23.527524 -58.665518 -128.555581 -203.795267 -314.047357 -399.865157 -528.392388 -396.161541 -283.862832 -221.009669 -189.283494 -170.503073 -159.455675 -153.391995 -150.765943 -150.649545 -152.438637 -155.727555 -160.240275 -165.784509 -172.186759 -179.364263 -188.019690 -194.468136 -195.528839 -205.427446 -240.338399 -259.065765 -282.107316 -300.594278 -314.260857 -324.845202 -332.999259 -339.065337 -343.485663 -346.629276 -348.995433 -350.784150 -352.090284 -352.861077 -353.871127 -354.745261 -355.830901 -356.707349 -357.249729 -357.282623 -356.983854 -356.729048 -356.626225 -356.715817 -357.005364 -357.552587 -358.464491 -359.921184 -362.209055 -365.767605 -371.249845 -379.595342 -392.107656 -410.568527 -438.208391 -498.725905 -916.780544 -3023.144221 -3144.389531 -9999.0 -9999.0
-9999.0 -9999.0 1537.070781 1435.629282 1332.522949 1228.034122 1122.598597 1017.594391 913.118523 807.463897 699.600673 591.881615 486.254132 383.875692 283.358630 184.142597 86.475264 -8.154581 -98.066076 -179.448568 -246.796314 -293.531987 -319.907404 -332.922864 -339.302274 -341.896559 -342.341638 -342.028390 -238.219949 -57.264082 119.318284 297.951602 478.731229 385.706307 293.047429 201.250767 111.056920 23.527525 -58.665517 -128.555581 -203.795268 -314.047358 -399.865157 -528.392388 -396.161542 -283.862833 -221.009669 -189.283494 -170.503073 -159.455675 -153.391995 -150.765943 -150.649545 -152.438637 -155.727556 -160.240275 -165.784510 -172.186759 -179.364263 -188.019690 -194.468136 -195.528840 -205.427445 -240.338399 -259.065765 -282.107316 -300.594278 -314.260857 -324.845202 -332.999259 -339.065337 -343.485663 -346.629276 -348.995433 -350.784149 -352.090284 -352.861077 -353.871127 -354.745261 -355.830901 -356.707349 -357.249729 -357.282623 -356.983854 -356.729048 -356.626224 -356.715817 -357.005364 -357.552587 -358.464491 -359.921184 -362.209055 -365.767605 -371.249845 -379.595342 -392.107656 -410.568527 -438.208391 -498.725905 -916.780543 -3023.144220 -3144.389531 -9999.0 -9999.0
-9999.0 -9999.0 1537.084694 1435.638124 1332.527453 1228.036174 1122.599481 1017.594760 913.118674 807.463958 699.600698 591.881626 486.254136 383.875694 283.358630 184.142598 86.475265 -8.154581 -98.066076 -179.448568 -246.796314 -293.531987 -319.907404 -332.922864 -339.302274 -341.896559 -342.341638 -342.028390 -238.219949 -57.264082 119.318284 297.951602 478.731229 385.706307 293.047429 201.250767 111.056920 23.527525 -58.665517 -128.555581 -203.795269 -314.047359 -399.865157 -528.392388 -396.161542 -283.862833 -221.009669 -189.283494 -170.503073 -159.455675 -153.391995 -150.765943 -150.649545 -152.438637 -155.727556 -160.240275 -165.784510 -172.186759 -179.364263 -188.019690 -194.468136 -195.528839 -205.427445 -240.338400 -259.065765 -282.107316 -300.594278 -314.260857 -324.845202 -332.999259 -339.065337 -343.485663 -346.629276 -348.995432 -350.784149 -352.090284 -352.861077 -353.871127 -354.745261 -355.830901 -356.707349 -357.249729 -357.282623 -356.983854 -356.729048 -356.626224 -356.715817 -357.005364 -357.552587 -358.464491 -359.921184 -362.209055 -365.767605 -371.249845 -379.595342 -392.107656 -410.568527 -438.208391 -498.725905 -916.780542 -3023.144219 -3144.389531 -9999.0 -9999.0
-9999.0 -9999.0 1537.084694 1435.638124 1332.527453 1228.036174 1122.599481 1017.594760 913.118674 807.463958 699.600698 591.881626 486.254136 383.875694 283.358630 184.142598 86.475265 -8.154581 -98.066076 -179.448568 -246.796314 -293.531987 -319.907404 -332.922864 -339.302274 -341.896559 -342.341638 -342.028390 -238.219949 -57.264082 119.318284 297.951602 478.731229 385.706307 293.047429 201.250767 111.056920 23.527525 -58.665517 -128.555581 -203.795269 -314.047359 -399.865157 -528.392388 -396.161542 -283.862833 -221.009669 -189.283494 -170.503073 -159.455675 -153.391995 -150.765943 -150.649545 -152.438637 -155.727556 -160.240275 -165.784510 -172.186760 -179.364263 -188.019690 -194.468136 -195.528839 -205.427445 -240.338399 -259.065765 -282.107316 -300.594278 -314.260857 -324.845202 -332.999259 -339.065337 -343.485663 -346.629276 -348.995432 -350.784149 -352.090284 -352.861077 -353.871127 -354.745261 -355.830901 -356.707349 -357.249729 -357.282623 -356.983854 -356.729048 -356.626224 -356.715817 -357.005364 -357.552587 -358.464491 -359.921184 -362.209055 -365.767605 -371.249845 -379.595342 -392.107656 -410.568527 -438.208391 -498.725905 -916.780542 -3023.144219 -3144.389531 -9999.0 -9999.0
-9999.0 -9999.0 1537.070781 1435.629282 1332.522949 1228.034122 1122.598597 1017.594391 913.118524 807.463897 699.600673 591.881615 486.254132 383.875692 283.358630 184.142597 86.475264 -8.154581 -98.066076 -179.448568 -246.796314 -293.531987 -319.907404 -332.922864 -339.302274 -341.896559 -342.341638 -342.028390 -238.219949 -57.264082 119.318284 297.951602 478.731229 385.706307 293.047429 201.250767 111.056920 23.527525 -58.665517 -128.555581 -203.795268 -314.047358 -399.865157 -528.392388 -396.161542 -283.862833 -221.009669 -189.283494 -170.503073 -159.455675 -153.391995 -150.765943 -150.649545 -152.438637 -155.727556 -160.240275 -165.784510 -172.186759 -179.364263 -188.019690 -194.468136 -195.528839 -205.427445 -240.338399 -259.065765 -282.107316 -300.594278 -314.260857 -324.845202 -332.999259 -339.065337 -343.485663 -346.629276 -348.995433 -350.784149 -352.090284 -352.861077 -353.871127 -354.745261 -355.830901 -356.707349 -357.249729 -357.282623 -356.983854 -356.729048 -356.626225 -356.715817 -357.005364 -357.552587 -358.464491 -359.921184 -362.209055 -365.767605 -371.249845 -379.595342 -392.107656 -410.568527 -438.208391 -498.725905 -916.780543 -3023.144220 -3144.389531 -9999.0 -9999.0
-9999.0 -9999.0 1537.052756 1435.618595 1332.517847 1228.031905 1122.597672 1017.594013 913.118370 807.463835 699.600648 591.881605 486.254127 383.875690 283.358629 184.142597 86.475264 -8.154582 -98.066076 -179.448568 -246.796314 -293.531987 -319.907405 -332.922864 -339.302274 -341.896559 -342.341638 -342.028390 -238.219949 -57.264082 119.318284 297.951602 478.731229 385.706307 293.047429 201.250767 111.056920 23.527524 -58.665518 -128.555581 -203.795267 -314.047357 -399.865157 -528.392388 -396.161541 -283.862832 -221.009669 -189.283494 -170.503073 -159.455675 -153.391995 -150.765943 -150.649545 -152.438637 -155.727555 -160.240275 -165.784509 -172.186759 -179.364263 -188.019690 -194.468136 -195.528839 -205.427444 -240.338399 -259.065765 -282.107316 -300.594278 -314.260857 -324.845202 -332.999259 -339.065337 -343.485663 -346.629276 -348.995433 -350.784150 -352.090284 -352.861077 -353.871127 -354.745261 -355.830901 -356.707349 -357.249729 -357.282623 -356.983854 -356.729048 -356.626225 -356.715817 -357.005364 -357.552587 -358.464491 -359.921184 -362.209054 -365.767605 -371.249845 -379.595342 -392.107656 -410.568527 -438.208391 -498.725905 -916.780544 -3023.144221 -3144.389531 -9999.0 -9999.0
-9999.0 -9999.0 -9999.0 -9999.0 -9999.0 -9999.0 -9999.0 -9999.0 -9999.0 -9999.0 -9999.0 -9999.0 -9999.0 -9999.0 -9999.0 -9999.0 -9999.0 -9999.0 -9999.0 -9999.0 -9999.0 -9999.0 -9999.0 -9999.0 -9999.0 -9999.0 -9999.0 -9999.0 -9999.0 -9999.0 -9999.0 -9999.0 -9999.0 -9999.0 -9999.0 -9999.0 -9999.0 -9999.0 -9999.0 -9999.0 -9999.0 -9999.0 -9999.0 -9999.0 -9999.0 -9999.0 -9999.0 -9999.0 -9999.0 -9999.0 -9999.0 -9999.0 -9999.0 -9999.0 -9999.0 -9999.0 -9999.0 -9999.0 -9999.0 -9999.0 -9999.0 -9999.0 -9999.0 -9999.0 -9999.0 -9999.0 -9999.0 -9999.0 -9999.0 -9999.0 -9999.0 -9999.0 -9999.0 -9999.0 -9999.0 -9999.0 -9999.0 -9999.0 -9999.0 -9999.0 -9999.0 -9999.0 -9999.0 -9999.0 -9999.0 -9999.0 -9999.0 -9999.0 -9999.0 -9999.0 -9999.0 -9999.0 -9999.0 -9999.0 -9999.0 -9999.0 -9999.0 -9999.0 -9999.0 -9999.0 -9999.0 -9999.0 -9999.0 -9999.0
-9999.0 -9999.0 -9999.0 -9999.0 -9999.0 -9999.0 -9999.0 -9999.0 -9999.0 -9999.0 -9999.0 -9999.0 -9999.0 -9999.0 -9999.0 -9999.0 -9999.0 -9999.0 -9999.0 -9999.0 -9999.0 -9999.0 -9999.0 -9999.0 -9999.0 -9999.0 -9999.0 -9999.0 -9999.0 -9999.0 -9999.0 -9999.0 -9999.0 -9999.0 -9999.0 -9999.0 -9999.0 -9999.0 -9999.0 -9999.0 -9999.0 -9999.0 -9999.0 -9999.0 -9999.0 -9999.0 -9999.0 -9999.0 -9999.0 -9999.0 -9999.0 -9999.0 -9999.0 -9999.0 -9999.0 -9999.0 -9999.0 -9999.0 -9999.0 -9999.0 -9999.0 -9999.0 -9999.0 -9999.0 -9999.0 -9999.0 -9999.0 -9999.0 -9999.0 -9999.0 -9999.0 -9999.0 -9999.0 -9999.0 -9999.0 -9999.0 -9999.0 -9999.0 -9999.0 -9999.0 -9999.0 -9999.0 -9999.0 -9999.0 -9999.0 -9999.0 -9999.0 -9999.0 -9999.0 -9999.0 -9999.0 -9999.0 -9999.0 -9999.0 -9999.0 -9999.0 -9999.0 -9999.0 -9999.0 -9999.0 -9999.0 -9999.0 -9999.0 -9999.0