tests/3D/hillslope02_superslab/out/maps3D/PwL0099N0001.asc
ncols         104
nrows         10
xllcorner     -2.000000
yllcorner     0.000000
cellsize      1.000000
NODATA_value  -9999.0
-9999.0 -9999.0 -9999.0 -9999.0 -9999.0 -9999.0 -9999.0 -9999.0 -9999.0 -9999.0 -9999.0 -9999.0 -9999.0 -9999.0 -9999.0 -9999.0 -9999.0 -9999.0 -9999.0 -9999.0 -9999.0 -9999.0 -9999.0 -9999.0 -9999.0 -9999.0 -9999.0 -9999.0 -9999.0 -9999.0 -9999.0 -9999.0 -9999.0 -9999.0 -9999.0 -9999.0 -9999.0 -9999.0 -9999.0 -9999.0 -9999.0 -9999.0 -9999.0 -9999.0 -9999.0 -9999.0 -9999.0 -9999.0 -9999.0 -9999.0 -9999.0 -9999.0 -9999.0 -9999.0 -9999.0 -9999.0 -9999.0 -9999.0 -9999.0 -9999.0 -9999.0 -9999.0 -9999.0 -9999.0 -9999.0 -9999.0 -9999.0 -9999.0 -9999.0 -9999.0 -9999.0 -9999.0 -9999.0 -9999.0 -9999.0 -9999.0 -9999.0 -9999.0 -9999.0 -9999.0 -9999.0 -9999.0 -9999.0 -9999.0 -9999.0 -9999.0 -9999.0 -9999.0 -9999.0 -9999.0 -9999.0 -9999.0 -9999.0 -9999.0 -9999.0 -9999.0 -9999.0 -9999.0 -9999.0 -9999.0 -9999.0 -9999.0 -9999.0 -9999.0
-9999.0 -9999.0 -9999.0 -9999.0 -9999.0 -9999.0 -9999.0 -9999.0 -9999.0 -9999.0 -9999.0 -9999.0 -9999.0 -9999.0 -9999.0 -9999.0 -9999.0 -9999.0 -9999.0 -9999.0 -9999.0 -9999.0 -9999.0 -9999.0 -9999.0 -9999.0 -9999.0 -9999.0 -9999.0 -9999.0 -9999.0 -9999.0 -9999.0 -9999.0 -9999.0 -9999.0 -9999.0 -9999.0 -9999.0 -9999.0 -9999.0 -9999.0 -9999.0 -9999.0 -9999.0 -9999.0 -9999.0 -9999.0 -9999.0 -9999.0 -9999.0 -9999.0 -9999.0 -9999.0 -9999.0 -9999.0 -9999.0 -9999.0 -9999.0 -9999.0 -9999.0 -9999.0 -9999.0 -9999.0 -9999.0 -9999.0 -9999.0 -9999.0 -9999.0 -9999.0 -9999.0 -9999.0 -9999.0 -9999.0 -9999.0 -9999.0 -9999.0 -9999.0 -9999.0 -9999.0 -9999.0 -9999.0 -9999.0 -9999.0 -9999.0 -9999.0 -9999.0 -9999.0 -9999.0 -9999.0 -9999.0 -9999.0 -9999.0 -9999.0 -9999.0 -9999.0 -9999.0 -9999.0 -9999.0 -9999.0 -9999.0 -9999.0 -9999.0 -9999.0
-9999.0 -9999.0 149.218223 61.306716 -5.139335 -45.712354 -63.552814 -70.406478 -72.896069 -73.780170 -74.090953 -74.199581 -74.237394 -74.250511 -74.255046 -74.256609 -74.257147 -74.257330 -74.257393 -74.257415 -74.257422 -74.257424 -74.257425 -74.257426 -74.257426 -74.257426 -74.257426 -74.257426 -74.257426 -74.257426 -74.257426 -74.257426 -74.257425 -74.257425 -74.257424 -74.257422 -74.257419 -74.257413 -74.257402 -74.257384 -74.257353 -74.257303 -74.257227 -74.257116 -74.256960 -74.256751 -74.256489 -74.256203 -74.256014 -74.256328 -74.258168 -74.262480 -74.259435 -74.258147 -74.257682 -74.257516 -74.257458 -74.257437 -74.257430 -74.257427 -74.257426 -74.257426 -74.257426 -74.257426 -74.257426 -74.257426 -74.257426 -74.257426 -74.257426 -74.257427 -74.257430 -74.257436 -74.257452 -74.257488 -74.257571 -74.257763 -74.258196 -74.259152 -74.261224 -74.265617 -74.274701 -74.292990 -74.328729 -74.396305 -74.519529 -74.735485 -75.098058 -75.679711 -76.570053 -77.870899 -79.689497 -82.133227 -85.308819 -89.327565 -94.317043 -100.441018 -107.932588 -117.153522 -128.713864 -143.752607 -164.751821 -198.907901 -9999.0 -9999.0
-9999.0 -9999.0 149.218223 61.306716 -5.139335 -45.712354 -63.552814 -70.406478 -72.896069 -73.780170 -74.090953 -74.199581 -74.237394 -74.250511 -74.255046 -74.256609 -74.257147 -74.257330 -74.257393 -74.257415 -74.257422 -74.257424 -74.257425 -74.257426 -74.257426 -74.257426 -74.257426 -74.257426 -74.257426 -74.257426 -74.257426 -74.257426 -74.257425 -74.257425 -74.257424 -74.257422 -74.257419 -74.257413 -74.257402 -74.257384 -74.257353 -74.257303 -74.257227 -74.257116 -74.256960 -74.256751 -74.256489 -74.256203 -74.256014 -74.256328 -74.258168 -74.262480 -74.259435 -74.258147 -74.257682 -74.257516 -74.257458 -74.257437 -74.257430 -74.257427 -74.257426 -74.257426 -74.257426 -74.257426 -74.257426 -74.257426 -74.257426 -74.257426 -74.257426 -74.257427 -74.257430 -74.257436 -74.257452 -74.257488 -74.257571 -74.257763 -74.258196 -74.259152 -74.261224 -74.265617 -74.274701 -74.292990 -74.328729 -74.396305 -74.519529 -74.735485 -75.098058 -75.679711 -76.570053 -77.870899 -79.689497 -82.133227 -85.308819 -89.327565 -94.317043 -100.441018 -107.932588 -117.153522 -128.713864 -143.752607 -164.751821 -198.907901 -9999.0 -9999.0
-9999.0 -9999.0 149.218223 61.306716 -5.139335 -45.712354 -63.552814 -70.406478 -72.896069 -73.780170 -74.090953 -74.199581 -74.237394 -74.250511 -74.255046 -74.256609 -74.257147 -74.257330 -74.257393 -74.257415 -74.257422 -74.257424 -74.257425 -74.257426 -74.257426 -74.257426 -74.257426 -74.257426 -74.257426 -74.257426 -74.257426 -74.257426 -74.257425 -74.257425 -74.257424 -74.257422 -74.257419 -74.257413 -74.257402 -74.257384 -74.257353 -74.257303 -74.257227 -74.257116 -74.256960 -74.256751 -74.256489 -74.256203 -74.256014 -74.256328 -74.258168 -74.262480 -74.259435 -74.258147 -74.257682 -74.257516 -74.257458 -74.257437 -74.257430 -74.257427 -74.257426 -74.257426 -74.257426 -74.257426 -74.257426 -74.257426 -74.257426 -74.257426 -74.257426 -74.257427 -74.257430 -74.257436 -74.257452 -74.257488 -74.257571 -74.257763 -74.258196 -74.259152 -74.261224 -74.265617 -74.274701 -74.292990 -74.328729 -74.396305 -74.519529 -74.735485 -75.098058 -75.679711 -76.570053 -77.870899 -79.689497 -82.133227 -85.308819 -89.327565 -94.317043 -100.441018 -107.932588 -117.153522 -128.713864 -143.752607 -164.751821 -198.907901 -9999.0 -9999.0
-9999.0 -9999.0 149.218223 61.306716 -5.139335 -45.712354 -63.552814 -70.406478 -72.896069 -73.780170 -74.090953 -74.199581 -74.237394 -74.250511 -74.255046 -74.256609 -74.257147 -74.257330 -74.257393 -74.257415 -74.257422 -74.257424 -74.257425 -74.257426 -74.257426 -74.257426 -74.257426 -74.257426 -74.257426 -74.257426 -74.257426 -74.257426 -74.257425 -74.257425 -74.257424 -74.257422 -74.257419 -74.257413 -74.257402 -74.257384 -74.257353 -74.257303 -74.257227 -74.257116 -74.256960 -74.256751 -74.256489 -74.256203 -74.256014 -74.256328 -74.258168 -74.262480 -74.259435 -74.258147 -74.257682 -74.257516 -74.257458 -74.257437 -74.257430 -74.257427 -74.257426 -74.257426 -74.257426 -74.257426 -74.257426 -74.257426 -74.257426 -74.257426 -74.257426 -74.257427 -74.257430 -74.257436 -74.257452 -74.257488 -74.257571 -74.257763 -74.258196 -74.259152 -74.261224 -74.265617 -74.274701 -74.292990 -74.328729 -74.396305 -74.519529 -74.735485 -75.098058 -75.679711 -76.570053 -77.870899 -79.689497 -82.133227 -85.308819 -89.327565 -94.317043 -100.441018 -107.932588 -117.153522 -128.713864 -143.752607 -164.751821 -198.907901 -9999.0 -9999.0
-9999.0 -9999.0 149.218223 61.306716 -5.139335 -45.712354 -63.552814 -70.406478 -72.896069 -73.780170 -74.090953 -74.199581 -74.237394 -74.250511 -74.255046 -74.256609 -74.257147 -74.257330 -74.257393 -74.257415 -74.257422 -74.257424 -74.257425 -74.257426 -74.257426 -74.257426 -74.257426 -74.257426 -74.257426 -74.257426 -74.257426 -74.257426 -74.257425 -74.257425 -74.257424 -74.257422 -74.257419 -74.257413 -74.257402 -74.257384 -74.257353 -74.257303 -74.257227 -74.257116 -74.256960 -74.256751 -74.256489 -74.256203 -74.256014 -74.256328 -74.258168 -74.262480 -74.259435 -74.258147 -74.257682 -74.257516 -74.257458 -74.257437 -74.257430 -74.257427 -74.257426 -74.257426 -74.257426 -74.257426 -74.257426 -74.257426 -74.257426 -74.257426 -74.257426 -74.257427 -74.257430 -74.257436 -74.257452 -74.257488 -74.257571 -74.257763 -74.258196 -74.259152 -74.261224 -74.265617 -74.274701 -74.292990 -74.328729 -74.396305 -74.519529 -74.735485 -75.098058 -75.679711 -76.570053 -77.870899 -79.689497 -82.133227 -85.308819 -89.327565 -94.317043 -100.441018 -107.932588 -117.153522 -128.713864 -143.752607 -164.751821 -198.907901 -9999.0 -9999.0
-9999.0 -9999.0 149.218223 61.306716 -5.139335 -45.712354 -63.552814 -70.406478 -72.896069 -73.780170 -74.090953 -74.199581 -74.237394 -74.250511 -74.255046 -74.256609 -74.257147 -74.257330 -74.257393 -74.257415 -74.257422 -74.257424 -74.257425 -74.257426 -74.257426 -74.257426 -74.257426 -74.257426 -74.257426 -74.257426 -74.257426 -74.257426 -74.257425 -74.257425 -74.257424 -74.257422 -74.257419 -74.257413 -74.257402 -74.257384 -74.257353 -74.257303 -74.257227 -74.257116 -74.256960 -74.256751 -74.256489 -74.256203 -74.256014 -74.256328 -74.258168 -74.262480 -74.259435 -74.258147 -74.257682 -74.257516 -74.257458 -74.257437 -74.257430 -74.257427 -74.257426 -74.257426 -74.257426 -74.257426 -74.257426 -74.257426 -74.257426 -74.257426 -74.257426 -74.257427 -74.257430 -74.257436 -74.257452 -74.257488 -74.257571 -74.257763 -74.258196 -74.259152 -74.261224 -74.265617 -74.274701 -74.292990 -74.328729 -74.396305 -74.519529 -74.735485 -75.098058 -75.679711 -76.570053 -77.870899 -79.689497 -82.133227 -85.308819 -89.327565 -94.317043 -100.441018 -107.932588 -117.153522 -128.713864 -143.752607 -164.751821 -198.907901 -9999.0 -9999.0
-9999.0 -9999.0 -9999.0 -9999.0 -9999.0 -9999.0 -9999.0 -9999.0 -9999.0 -9999.0 -9999.0 -9999.0 -9999.0 -9999.0 -9999.0 -9999.0 -9999.0 -9999.0 -9999.0 -9999.0 -9999.0 -9999.0 -9999.0 -9999.0 -9999.0 -9999.0 -9999.0 -9999.0 -9999.0 -9999.0 -9999.0 -9999.0 -9999.0 -9999.0 -9999.0 -9999.0 -9999.0 -9999.0 -9999.0 -9999.0 -9999.0 -9999.0 -9999.0 -9999.0 -9999.0 -9999.0 -9999.0 -9999.0 -9999.0 -9999.0 -9999.0 -9999.0 -9999.0 -9999.0 -9999.0 -9999.0 -9999.0 -9999.0 -9999.0 -9999.0 -9999.0 -9999.0 -9999.0 -9999.0 -9999.0 -9999.0 -9999.0 -9999.0 -9999.0 -9999.0 -9999.0 -9999.0 -9999.0 -9999.0 -9999.0 -9999.0 -9999.0 -9999.0 -9999.0 -9999.0 -9999.0 -9999.0 -9999.0 -9999.0 -9999.0 -9999.0 -9999.0 -9999.0 -9999.0 -9999.0 -9999.0 -9999.0 -9999.0 -9999.0 -9999.0 -9999.0 -9999.0 -9999.0 -9999.0 -9999.0 -9999.0 -9999.0 -9999.0 -9999.0
-9999.0 -9999.0 -9999.0 -9999.0 -9999.0 -9999.0 -9999.0 -9999.0 -9999.0 -9999.0 -9999.0 -9999.0 -9999.0 -9999.0 -9999.0 -9999.0 -9999.0 -9999.0 -9999.0 -9999.0 -9999.0 -9999.0 -9999.0 -9999.0 -9999.0 -9999.0 -9999.0 -9999.0 -9999.0 -9999.0 -9999.0 -9999.0 -9999.0 -9999.0 -9999.0 -9999.0 -9999.0 -9999.0 -9999.0 -9999.0 -9999.0 -9999.0 -9999.0 -9999.0 -9999.0 -9999.0 -9999.0 -9999.0 -9999.0 -9999.0 -9999.0 -9999.0 -9999.0 -9999.0 -9999.0 -9999.0 -9999.0 -9999.0 -9999.0 -9999.0 -9999.0 -9999.0 -9999.0 -9999.0 -9999.0 -9999.0 -9999.0 -9999.0 -9999.0 -9999.0 -9999.0 -9999.0 -9999.0 -9999.0 -9999.0 -9999.0 -9999.0 -9999.0 -9999.0 -9999.0 -9999.0 -9999.0 -9999.0 -9999.0 -9999.0 -9999.0 -9999.0 -9999.0 -9999.0 -9999.0 -9999.0 -9999.0 -9999.0 -9999.0 -9999.0 -9999.0 -9999.0 -9999.0 -9999.0 -9999.0 -9999.0 -9999.0 -9999.0 -9999.0