tests/3D/hillslope02_superslab/out/maps3D/PwL0080N0001.asc
ncols         104
nrows         10
xllcorner     -2.000000
yllcorner     0.000000
cellsize      1.000000
NODATA_value  -9999.0
-9999.0 -9999.0 -9999.0 -9999.0 -9999.0 -9999.0 -9999.0 -9999.0 -9999.0 -9999.0 -9999.0 -9999.0 -9999.0 -9999.0 -9999.0 -9999.0 -9999.0 -9999.0 -9999.0 -9999.0 -9999.0 -9999.0 -9999.0 -9999.0 -9999.0 -9999.0 -9999.0 -9999.0 -9999.0 -9999.0 -9999.0 -9999.0 -9999.0 -9999.0 -9999.0 -9999.0 -9999.0 -9999.0 -9999.0 -9999.0 -9999.0 -9999.0 -9999.0 -9999.0 -9999.0 -9999.0 -9999.0 -9999.0 -9999.0 -9999.0 -9999.0 -9999.0 -9999.0 -9999.0 -9999.0 -9999.0 -9999.0 -9999.0 -9999.0 -9999.0 -9999.0 -9999.0 -9999.0 -9999.0 -9999.0 -9999.0 -9999.0 -9999.0 -9999.0 -9999.0 -9999.0 -9999.0 -9999.0 -9999.0 -9999.0 -9999.0 -9999.0 -9999.0 -9999.0 -9999.0 -9999.0 -9999.0 -9999.0 -9999.0 -9999.0 -9999.0 -9999.0 -9999.0 -9999.0 -9999.0 -9999.0 -9999.0 -9999.0 -9999.0 -9999.0 -9999.0 -9999.0 -9999.0 -9999.0 -9999.0 -9999.0 -9999.0 -9999.0 -9999.0
-9999.0 -9999.0 -9999.0 -9999.0 -9999.0 -9999.0 -9999.0 -9999.0 -9999.0 -9999.0 -9999.0 -9999.0 -9999.0 -9999.0 -9999.0 -9999.0 -9999.0 -9999.0 -9999.0 -9999.0 -9999.0 -9999.0 -9999.0 -9999.0 -9999.0 -9999.0 -9999.0 -9999.0 -9999.0 -9999.0 -9999.0 -9999.0 -9999.0 -9999.0 -9999.0 -9999.0 -9999.0 -9999.0 -9999.0 -9999.0 -9999.0 -9999.0 -9999.0 -9999.0 -9999.0 -9999.0 -9999.0 -9999.0 -9999.0 -9999.0 -9999.0 -9999.0 -9999.0 -9999.0 -9999.0 -9999.0 -9999.0 -9999.0 -9999.0 -9999.0 -9999.0 -9999.0 -9999.0 -9999.0 -9999.0 -9999.0 -9999.0 -9999.0 -9999.0 -9999.0 -9999.0 -9999.0 -9999.0 -9999.0 -9999.0 -9999.0 -9999.0 -9999.0 -9999.0 -9999.0 -9999.0 -9999.0 -9999.0 -9999.0 -9999.0 -9999.0 -9999.0 -9999.0 -9999.0 -9999.0 -9999.0 -9999.0 -9999.0 -9999.0 -9999.0 -9999.0 -9999.0 -9999.0 -9999.0 -9999.0 -9999.0 -9999.0 -9999.0 -9999.0
-9999.0 -9999.0 -964.675391 -998.914879 -1009.701437 -1013.169891 -1014.294929 -1014.666377 -1014.789902 -1014.831028 -1014.844704 -1014.849243 -1014.850745 -1014.851242 -1014.851405 -1014.851459 -1014.851477 -1014.851482 -1014.851484 -1014.851485 -1014.851485 -1014.851485 -1014.851485 -1014.851485 -1014.851485 -1014.851485 -1014.851485 -1014.851485 -1014.851485 -1014.851485 -1014.851485 -1014.851485 -1014.851485 -1014.851485 -1014.851485 -1014.851485 -1014.851485 -1014.851485 -1014.851485 -1014.851485 -1014.851484 -1014.851483 -1014.851464 -1014.851244 -1014.849255 -1014.835867 -1014.769988 -1014.535780 -1013.933525 -1013.510378 -1014.343830 -1016.430382 -1014.870616 -1014.851687 -1014.851492 -1014.851487 -1014.851486 -1014.851485 -1014.851485 -1014.851485 -1014.851485 -1014.851485 -1014.851485 -1014.851485 -1014.851485 -1014.851485 -1014.851485 -1014.851485 -1014.851485 -1014.851485 -1014.851485 -1014.851485 -1014.851485 -1014.851485 -1014.851485 -1014.851486 -1014.851486 -1014.851487 -1014.851490 -1014.851495 -1014.851509 -1014.851538 -1014.851602 -1014.851738 -1014.852023 -1014.852607 -1014.853771 -1014.856038 -1014.860336 -1014.868262 -1014.882474 -1014.907251 -1014.949262 -1015.018612 -1015.130257 -1015.305961 -1015.577218 -1015.990027 -1016.613904 -1017.563129 -1019.107864 -1024.114529 -9999.0 -9999.0
-9999.0 -9999.0 -964.675391 -998.914879 -1009.701437 -1013.169891 -1014.294929 -1014.666377 -1014.789902 -1014.831028 -1014.844704 -1014.849243 -1014.850745 -1014.851242 -1014.851405 -1014.851459 -1014.851477 -1014.851482 -1014.851484 -1014.851485 -1014.851485 -1014.851485 -1014.851485 -1014.851485 -1014.851485 -1014.851485 -1014.851485 -1014.851485 -1014.851485 -1014.851485 -1014.851485 -1014.851485 -1014.851485 -1014.851485 -1014.851485 -1014.851485 -1014.851485 -1014.851485 -1014.851485 -1014.851485 -1014.851484 -1014.851483 -1014.851464 -1014.851244 -1014.849255 -1014.835867 -1014.769988 -1014.535780 -1013.933525 -1013.510378 -1014.343830 -1016.430382 -1014.870616 -1014.851687 -1014.851492 -1014.851487 -1014.851486 -1014.851485 -1014.851485 -1014.851485 -1014.851485 -1014.851485 -1014.851485 -1014.851485 -1014.851485 -1014.851485 -1014.851485 -1014.851485 -1014.851485 -1014.851485 -1014.851485 -1014.851485 -1014.851485 -1014.851485 -1014.851485 -1014.851486 -1014.851486 -1014.851487 -1014.851490 -1014.851495 -1014.851509 -1014.851538 -1014.851602 -1014.851738 -1014.852023 -1014.852607 -1014.853771 -1014.856038 -1014.860336 -1014.868262 -1014.882474 -1014.907251 -1014.949262 -1015.018612 -1015.130257 -1015.305961 -1015.577218 -1015.990027 -1016.613904 -1017.563129 -1019.107864 -1024.114529 -9999.0 -9999.0
-9999.0 -9999.0 -964.675391 -998.914879 -1009.701437 -1013.169891 -1014.294929 -1014.666377 -1014.789902 -1014.831028 -1014.844704 -1014.849243 -1014.850745 -1014.851242 -1014.851405 -1014.851459 -1014.851477 -1014.851482 -1014.851484 -1014.851485 -1014.851485 -1014.851485 -1014.851485 -1014.851485 -1014.851485 -1014.851485 -1014.851485 -1014.851485 -1014.851485 -1014.851485 -1014.851485 -1014.851485 -1014.851485 -1014.851485 -1014.851485 -1014.851485 -1014.851485 -1014.851485 -1014.851485 -1014.851485 -1014.851484 -1014.851483 -1014.851464 -1014.851244 -1014.849255 -1014.835867 -1014.769988 -1014.535780 -1013.933525 -1013.510378 -1014.343830 -1016.430382 -1014.870616 -1014.851687 -1014.851492 -1014.851487 -1014.851486 -1014.851485 -1014.851485 -1014.851485 -1014.851485 -1014.851485 -1014.851485 -1014.851485 -1014.851485 -1014.851485 -1014.851485 -1014.851485 -1014.851485 -1014.851485 -1014.851485 -1014.851485 -1014.851485 -1014.851485 -1014.851485 -1014.851486 -1014.851486 -1014.851487 -1014.851490 -1014.851495 -1014.851509 -1014.851538 -1014.851602 -1014.851738 -1014.852023 -1014.852607 -1014.853771 -1014.856038 -1014.860336 -1014.868262 -1014.882474 -1014.907251 -1014.949262 -1015.018612 -1015.130257 -1015.305961 -1015.577218 -1015.990027 -1016.613904 -1017.563129 -1019.107864 -1024.114529 -9999.0 -9999.0
-9999.0 -9999.0 -964.675391 -998.914879 -1009.701437 -1013.169891 -1014.294929 -1014.666377 -1014.789902 -1014.831028 -1014.844704 -1014.849243 -1014.850745 -1014.851242 -1014.851405 -1014.851459 -1014.851477 -1014.851482 -1014.851484 -1014.851485 -1014.851485 -1014.851485 -1014.851485 -1014.851485 -1014.851485 -1014.851485 -1014.851485 -1014.851485 -1014.851485 -1014.851485 -1014.851485 -1014.851485 -1014.851485 -1014.851485 -1014.851485 -1014.851485 -1014.851485 -1014.851485 -1014.851485 -1014.851485 -1014.851484 -1014.851483 -1014.851464 -1014.851244 -1014.849255 -1014.835867 -1014.769988 -1014.535780 -1013.933525 -1013.510378 -1014.343830 -1016.430382 -1014.870616 -1014.851687 -1014.851492 -1014.851487 -1014.851486 -1014.851485 -1014.851485 -1014.851485 -1014.851485 -1014.851485 -1014.851485 -1014.851485 -1014.851485 -1014.851485 -1014.851485 -1014.851485 -1014.851485 -1014.851485 -1014.851485 -1014.851485 -1014.851485 -1014.851485 -1014.851485 -1014.851486 -1014.851486 -1014.851487 -1014.851490 -1014.851495 -1014.851509 -1014.851538 -1014.851602 -1014.851738 -1014.852023 -1014.852607 -1014.853771 -1014.856038 -1014.860336 -1014.868262 -1014.882474 -1014.907251 -1014.949262 -1015.018612 -1015.130257 -1015.305961 -1015.577218 -1015.990027 -1016.613904 -1017.563129 -1019.107864 -1024.114529 -9999.0 -9999.0
-9999.0 -9999.0 -964.675391 -998.914879 -1009.701437 -1013.169891 -1014.294929 -1014.666377 -1014.789902 -1014.831028 -1014.844704 -1014.849243 -1014.850745 -1014.851242 -1014.851405 -1014.851459 -1014.851477 -1014.851482 -1014.851484 -1014.851485 -1014.851485 -1014.851485 -1014.851485 -1014.851485 -1014.851485 -1014.851485 -1014.851485 -1014.851485 -1014.851485 -1014.851485 -1014.851485 -1014.851485 -1014.851485 -1014.851485 -1014.851485 -1014.851485 -1014.851485 -1014.851485 -1014.851485 -1014.851485 -1014.851484 -1014.851483 -1014.851464 -1014.851244 -1014.849255 -1014.835867 -1014.769988 -1014.535780 -1013.933525 -1013.510378 -1014.343830 -1016.430382 -1014.870616 -1014.851687 -1014.851492 -1014.851487 -1014.851486 -1014.851485 -1014.851485 -1014.851485 -1014.851485 -1014.851485 -1014.851485 -1014.851485 -1014.851485 -1014.851485 -1014.851485 -1014.851485 -1014.851485 -1014.851485 -1014.851485 -1014.851485 -1014.851485 -1014.851485 -1014.851485 -1014.851486 -1014.851486 -1014.851487 -1014.851490 -1014.851495 -1014.851509 -1014.851538 -1014.851602 -1014.851738 -1014.852023 -1014.852607 -1014.853771 -1014.856038 -1014.860336 -1014.868262 -1014.882474 -1014.907251 -1014.949262 -1015.018612 -1015.130257 -1015.305961 -1015.577218 -1015.990027 -1016.613904 -1017.563129 -1019.107864 -1024.114529 -9999.0 -9999.0
-9999.0 -9999.0 -964.675391 -998.914879 -1009.701437 -1013.169891 -1014.294929 -1014.666377 -1014.789902 -1014.831028 -1014.844704 -1014.849243 -1014.850745 -1014.851242 -1014.851405 -1014.851459 -1014.851477 -1014.851482 -1014.851484 -1014.851485 -1014.851485 -1014.851485 -1014.851485 -1014.851485 -1014.851485 -1014.851485 -1014.851485 -1014.851485 -1014.851485 -1014.851485 -1014.851485 -1014.851485 -1014.851485 -1014.851485 -1014.851485 -1014.851485 -1014.851485 -1014.851485 -1014.851485 -1014.851485 -1014.851484 -1014.851483 -1014.851464 -1014.851244 -1014.849255 -1014.835867 -1014.769988 -1014.535780 -1013.933525 -1013.510378 -1014.343830 -1016.430382 -1014.870616 -1014.851687 -1014.851492 -1014.851487 -1014.851486 -1014.851485 -1014.851485 -1014.851485 -1014.851485 -1014.851485 -1014.851485 -1014.851485 -1014.851485 -1014.851485 -1014.851485 -1014.851485 -1014.851485 -1014.851485 -1014.851485 -1014.851485 -1014.851485 -1014.851485 -1014.851485 -1014.851486 -1014.851486 -1014.851487 -1014.851490 -1014.851495 -1014.851509 -1014.851538 -1014.851602 -1014.851738 -1014.852023 -1014.852607 -1014.853771 -1014.856038 -1014.860336 -1014.868262 -1014.882474 -1014.907251 -1014.949262 -1015.018612 -1015.130257 -1015.305961 -1015.577218 -1015.990027 -1016.613904 -1017.563129 -1019.107864 -1024.114529 -9999.0 -9999.0
-9999.0 -9999.0 -9999.0 -9999.0 -9999.0 -9999.0 -9999.0 -9999.0 -9999.0 -9999.0 -9999.0 -9999.0 -9999.0 -9999.0 -9999.0 -9999.0 -9999.0 -9999.0 -9999.0 -9999.0 -9999.0 -9999.0 -9999.0 -9999.0 -9999.0 -9999.0 -9999.0 -9999.0 -9999.0 -9999.0 -9999.0 -9999.0 -9999.0 -9999.0 -9999.0 -9999.0 -9999.0 -9999.0 -9999.0 -9999.0 -9999.0 -9999.0 -9999.0 -9999.0 -9999.0 -9999.0 -9999.0 -9999.0 -9999.0 -9999.0 -9999.0 -9999.0 -9999.0 -9999.0 -9999.0 -9999.0 -9999.0 -9999.0 -9999.0 -9999.0 -9999.0 -9999.0 -9999.0 -9999.0 -9999.0 -9999.0 -9999.0 -9999.0 -9999.0 -9999.0 -9999.0 -9999.0 -9999.0 -9999.0 -9999.0 -9999.0 -9999.0 -9999.0 -9999.0 -9999.0 -9999.0 -9999.0 -9999.0 -9999.0 -9999.0 -9999.0 -9999.0 -9999.0 -9999.0 -9999.0 -9999.0 -9999.0 -9999.0 -9999.0 -9999.0 -9999.0 -9999.0 -9999.0 -9999.0 -9999.0 -9999.0 -9999.0 -9999.0 -9999.0
-9999.0 -9999.0 -9999.0 -9999.0 -9999.0 -9999.0 -9999.0 -9999.0 -9999.0 -9999.0 -9999.0 -9999.0 -9999.0 -9999.0 -9999.0 -9999.0 -9999.0 -9999.0 -9999.0 -9999.0 -9999.0 -9999.0 -9999.0 -9999.0 -9999.0 -9999.0 -9999.0 -9999.0 -9999.0 -9999.0 -9999.0 -9999.0 -9999.0 -9999.0 -9999.0 -9999.0 -9999.0 -9999.0 -9999.0 -9999.0 -9999.0 -9999.0 -9999.0 -9999.0 -9999.0 -9999.0 -9999.0 -9999.0 -9999.0 -9999.0 -9999.0 -9999.0 -9999.0 -9999.0 -9999.0 -9999.0 -9999.0 -9999.0 -9999.0 -9999.0 -9999.0 -9999.0 -9999.0 -9999.0 -9999.0 -9999.0 -9999.0 -9999.0 -9999.0 -9999.0 -9999.0 -9999.0 -9999.0 -9999.0 -9999.0 -9999.0 -9999.0 -9999.0 -9999.0 -9999.0 -9999.0 -9999.0 -9999.0 -9999.0 -9999.0 -9999.0 -9999.0 -9999.0 -9999.0 -9999.0 -9999.0 -9999.0 -9999.0 -9999.0 -9999.0 -9999.0 -9999.0 -9999.0 -9999.0 -9999.0 -9999.0 -9999.0 -9999.0 -9999.0