tests/3D/hillslope02_superslab/out/maps3D/PwL0081N0006.asc
ncols         104
nrows         10
xllcorner     -2.000000
yllcorner     0.000000
cellsize      1.000000
NODATA_value  -9999.0
-9999.0 -9999.0 -9999.0 -9999.0 -9999.0 -9999.0 -9999.0 -9999.0 -9999.0 -9999.0 -9999.0 -9999.0 -9999.0 -9999.0 -9999.0 -9999.0 -9999.0 -9999.0 -9999.0 -9999.0 -9999.0 -9999.0 -9999.0 -9999.0 -9999.0 -9999.0 -9999.0 -9999.0 -9999.0 -9999.0 -9999.0 -9999.0 -9999.0 -9999.0 -9999.0 -9999.0 -9999.0 -9999.0 -9999.0 -9999.0 -9999.0 -9999.0 -9999.0 -9999.0 -9999.0 -9999.0 -9999.0 -9999.0 -9999.0 -9999.0 -9999.0 -9999.0 -9999.0 -9999.0 -9999.0 -9999.0 -9999.0 -9999.0 -9999.0 -9999.0 -9999.0 -9999.0 -9999.0 -9999.0 -9999.0 -9999.0 -9999.0 -9999.0 -9999.0 -9999.0 -9999.0 -9999.0 -9999.0 -9999.0 -9999.0 -9999.0 -9999.0 -9999.0 -9999.0 -9999.0 -9999.0 -9999.0 -9999.0 -9999.0 -9999.0 -9999.0 -9999.0 -9999.0 -9999.0 -9999.0 -9999.0 -9999.0 -9999.0 -9999.0 -9999.0 -9999.0 -9999.0 -9999.0 -9999.0 -9999.0 -9999.0 -9999.0 -9999.0 -9999.0
-9999.0 -9999.0 -9999.0 -9999.0 -9999.0 -9999.0 -9999.0 -9999.0 -9999.0 -9999.0 -9999.0 -9999.0 -9999.0 -9999.0 -9999.0 -9999.0 -9999.0 -9999.0 -9999.0 -9999.0 -9999.0 -9999.0 -9999.0 -9999.0 -9999.0 -9999.0 -9999.0 -9999.0 -9999.0 -9999.0 -9999.0 -9999.0 -9999.0 -9999.0 -9999.0 -9999.0 -9999.0 -9999.0 -9999.0 -9999.0 -9999.0 -9999.0 -9999.0 -9999.0 -9999.0 -9999.0 -9999.0 -9999.0 -9999.0 -9999.0 -9999.0 -9999.0 -9999.0 -9999.0 -9999.0 -9999.0 -9999.0 -9999.0 -9999.0 -9999.0 -9999.0 -9999.0 -9999.0 -9999.0 -9999.0 -9999.0 -9999.0 -9999.0 -9999.0 -9999.0 -9999.0 -9999.0 -9999.0 -9999.0 -9999.0 -9999.0 -9999.0 -9999.0 -9999.0 -9999.0 -9999.0 -9999.0 -9999.0 -9999.0 -9999.0 -9999.0 -9999.0 -9999.0 -9999.0 -9999.0 -9999.0 -9999.0 -9999.0 -9999.0 -9999.0 -9999.0 -9999.0 -9999.0 -9999.0 -9999.0 -9999.0 -9999.0 -9999.0 -9999.0
-9999.0 -9999.0 -341.657551 -446.120268 -553.484393 -662.207348 -765.803892 -851.877348 -910.316446 -942.050853 -956.315700 -961.909419 -964.044424 -964.853911 -965.160125 -965.275821 -965.319484 -965.335931 -965.342102 -965.344398 -965.345237 -965.345531 -965.345627 -965.345663 -965.345694 -965.345743 -965.345827 -965.345978 -965.346218 -965.346581 -965.347111 -965.347867 -965.348924 -965.350382 -965.352365 -965.355031 -965.358581 -965.363256 -965.369331 -965.377032 -965.386240 -965.395665 -965.401218 -965.393591 -965.355682 -965.260665 -965.070397 -964.731103 -964.160575 -963.249233 -964.351393 -970.636609 -966.189420 -966.116655 -966.252397 -966.417516 -966.606521 -966.820947 -967.062743 -967.333949 -967.636644 -967.972920 -968.344877 -968.754618 -969.204248 -969.695880 -970.231639 -970.813671 -971.444159 -972.125333 -972.859494 -973.649032 -974.496453 -975.404411 -976.375738 -977.413489 -978.520989 -979.701882 -980.960205 -982.300457 -983.727696 -985.247649 -986.866850 -988.592808 -990.434217 -992.401228 -994.505793 -996.762112 -999.187235 -1001.801863 -1004.631461 -1007.707831 -1011.071375 -1014.774500 -1018.886890 -1023.504066 -1028.762111 -1034.864947 -1042.141140 -1051.194644 -1063.571963 -1086.765095 -9999.0 -9999.0
-9999.0 -9999.0 -341.657551 -446.120268 -553.484393 -662.207348 -765.803892 -851.877348 -910.316446 -942.050853 -956.315700 -961.909419 -964.044424 -964.853911 -965.160125 -965.275821 -965.319484 -965.335931 -965.342102 -965.344398 -965.345237 -965.345531 -965.345627 -965.345663 -965.345694 -965.345743 -965.345827 -965.345978 -965.346218 -965.346581 -965.347111 -965.347867 -965.348924 -965.350382 -965.352365 -965.355031 -965.358581 -965.363256 -965.369331 -965.377032 -965.386240 -965.395665 -965.401218 -965.393591 -965.355682 -965.260665 -965.070397 -964.731103 -964.160575 -963.249233 -964.351393 -970.636609 -966.189420 -966.116655 -966.252397 -966.417516 -966.606521 -966.820947 -967.062743 -967.333949 -967.636644 -967.972920 -968.344877 -968.754618 -969.204248 -969.695880 -970.231639 -970.813671 -971.444159 -972.125333 -972.859494 -973.649032 -974.496453 -975.404411 -976.375738 -977.413489 -978.520989 -979.701882 -980.960205 -982.300457 -983.727696 -985.247649 -986.866850 -988.592808 -990.434217 -992.401228 -994.505793 -996.762112 -999.187235 -1001.801863 -1004.631461 -1007.707831 -1011.071375 -1014.774500 -1018.886890 -1023.504066 -1028.762111 -1034.864947 -1042.141140 -1051.194644 -1063.571963 -1086.765095 -9999.0 -9999.0
-9999.0 -9999.0 -341.657551 -446.120268 -553.484393 -662.207348 -765.803892 -851.877348 -910.316446 -942.050853 -956.315700 -961.909419 -964.044424 -964.853911 -965.160125 -965.275821 -965.319484 -965.335931 -965.342102 -965.344398 -965.345237 -965.345531 -965.345627 -965.345663 -965.345694 -965.345743 -965.345827 -965.345978 -965.346218 -965.346581 -965.347111 -965.347867 -965.348924 -965.350382 -965.352365 -965.355031 -965.358581 -965.363256 -965.369331 -965.377032 -965.386240 -965.395665 -965.401218 -965.393591 -965.355682 -965.260665 -965.070397 -964.731103 -964.160575 -963.249233 -964.351393 -970.636609 -966.189420 -966.116655 -966.252397 -966.417516 -966.606521 -966.820947 -967.062743 -967.333949 -967.636644 -967.972920 -968.344877 -968.754618 -969.204248 -969.695880 -970.231639 -970.813671 -971.444159 -972.125333 -972.859494 -973.649032 -974.496453 -975.404411 -976.375738 -977.413489 -978.520989 -979.701882 -980.960205 -982.300457 -983.727696 -985.247649 -986.866850 -988.592808 -990.434217 -992.401228 -994.505793 -996.762112 -999.187235 -1001.801863 -1004.631461 -1007.707831 -1011.071375 -1014.774500 -1018.886890 -1023.504066 -1028.762111 -1034.864947 -1042.141140 -1051.194644 -1063.571963 -1086.765095 -9999.0 -9999.0
-9999.0 -9999.0 -341.657551 -446.120268 -553.484393 -662.207348 -765.803892 -851.877348 -910.316446 -942.050853 -956.315700 -961.909419 -964.044424 -964.853911 -965.160125 -965.275821 -965.319484 -965.335931 -965.342102 -965.344398 -965.345237 -965.345531 -965.345627 -965.345663 -965.345694 -965.345743 -965.345827 -965.345978 -965.346218 -965.346581 -965.347111 -965.347867 -965.348924 -965.350382 -965.352365 -965.355031 -965.358581 -965.363256 -965.369331 -965.377032 -965.386240 -965.395665 -965.401218 -965.393591 -965.355682 -965.260665 -965.070397 -964.731103 -964.160575 -963.249233 -964.351393 -970.636609 -966.189420 -966.116655 -966.252397 -966.417516 -966.606521 -966.820947 -967.062743 -967.333949 -967.636644 -967.972920 -968.344877 -968.754618 -969.204248 -969.695880 -970.231639 -970.813671 -971.444159 -972.125333 -972.859494 -973.649032 -974.496453 -975.404411 -976.375738 -977.413489 -978.520989 -979.701882 -980.960205 -982.300457 -983.727696 -985.247649 -986.866850 -988.592808 -990.434217 -992.401228 -994.505793 -996.762112 -999.187235 -1001.801863 -1004.631461 -1007.707831 -1011.071375 -1014.774500 -1018.886890 -1023.504066 -1028.762111 -1034.864947 -1042.141140 -1051.194644 -1063.571963 -1086.765095 -9999.0 -9999.0
-9999.0 -9999.0 -341.657551 -446.120268 -553.484393 -662.207348 -765.803892 -851.877348 -910.316446 -942.050853 -956.315700 -961.909419 -964.044424 -964.853911 -965.160125 -965.275821 -965.319484 -965.335931 -965.342102 -965.344398 -965.345237 -965.345531 -965.345627 -965.345663 -965.345694 -965.345743 -965.345827 -965.345978 -965.346218 -965.346581 -965.347111 -965.347867 -965.348924 -965.350382 -965.352365 -965.355031 -965.358581 -965.363256 -965.369331 -965.377032 -965.386240 -965.395665 -965.401218 -965.393591 -965.355682 -965.260665 -965.070397 -964.731103 -964.160575 -963.249233 -964.351393 -970.636609 -966.189420 -966.116655 -966.252397 -966.417516 -966.606521 -966.820947 -967.062743 -967.333949 -967.636644 -967.972920 -968.344877 -968.754618 -969.204248 -969.695880 -970.231639 -970.813671 -971.444159 -972.125333 -972.859494 -973.649032 -974.496453 -975.404411 -976.375738 -977.413489 -978.520989 -979.701882 -980.960205 -982.300457 -983.727696 -985.247649 -986.866850 -988.592808 -990.434217 -992.401228 -994.505793 -996.762112 -999.187235 -1001.801863 -1004.631461 -1007.707831 -1011.071375 -1014.774500 -1018.886890 -1023.504066 -1028.762111 -1034.864947 -1042.141140 -1051.194644 -1063.571963 -1086.765095 -9999.0 -9999.0
-9999.0 -9999.0 -341.657551 -446.120268 -553.484393 -662.207348 -765.803892 -851.877348 -910.316446 -942.050853 -956.315700 -961.909419 -964.044424 -964.853911 -965.160125 -965.275821 -965.319484 -965.335931 -965.342102 -965.344398 -965.345237 -965.345531 -965.345627 -965.345663 -965.345694 -965.345743 -965.345827 -965.345978 -965.346218 -965.346581 -965.347111 -965.347867 -965.348924 -965.350382 -965.352365 -965.355031 -965.358581 -965.363256 -965.369331 -965.377032 -965.386240 -965.395665 -965.401218 -965.393591 -965.355682 -965.260665 -965.070397 -964.731103 -964.160575 -963.249233 -964.351393 -970.636609 -966.189420 -966.116655 -966.252397 -966.417516 -966.606521 -966.820947 -967.062743 -967.333949 -967.636644 -967.972920 -968.344877 -968.754618 -969.204248 -969.695880 -970.231639 -970.813671 -971.444159 -972.125333 -972.859494 -973.649032 -974.496453 -975.404411 -976.375738 -977.413489 -978.520989 -979.701882 -980.960205 -982.300457 -983.727696 -985.247649 -986.866850 -988.592808 -990.434217 -992.401228 -994.505793 -996.762112 -999.187235 -1001.801863 -1004.631461 -1007.707831 -1011.071375 -1014.774500 -1018.886890 -1023.504066 -1028.762111 -1034.864947 -1042.141140 -1051.194644 -1063.571963 -1086.765095 -9999.0 -9999.0
-9999.0 -9999.0 -9999.0 -9999.0 -9999.0 -9999.0 -9999.0 -9999.0 -9999.0 -9999.0 -9999.0 -9999.0 -9999.0 -9999.0 -9999.0 -9999.0 -9999.0 -9999.0 -9999.0 -9999.0 -9999.0 -9999.0 -9999.0 -9999.0 -9999.0 -9999.0 -9999.0 -9999.0 -9999.0 -9999.0 -9999.0 -9999.0 -9999.0 -9999.0 -9999.0 -9999.0 -9999.0 -9999.0 -9999.0 -9999.0 -9999.0 -9999.0 -9999.0 -9999.0 -9999.0 -9999.0 -9999.0 -9999.0 -9999.0 -9999.0 -9999.0 -9999.0 -9999.0 -9999.0 -9999.0 -9999.0 -9999.0 -9999.0 -9999.0 -9999.0 -9999.0 -9999.0 -9999.0 -9999.0 -9999.0 -9999.0 -9999.0 -9999.0 -9999.0 -9999.0 -9999.0 -9999.0 -9999.0 -9999.0 -9999.0 -9999.0 -9999.0 -9999.0 -9999.0 -9999.0 -9999.0 -9999.0 -9999.0 -9999.0 -9999.0 -9999.0 -9999.0 -9999.0 -9999.0 -9999.0 -9999.0 -9999.0 -9999.0 -9999.0 -9999.0 -9999.0 -9999.0 -9999.0 -9999.0 -9999.0 -9999.0 -9999.0 -9999.0 -9999.0
-9999.0 -9999.0 -9999.0 -9999.0 -9999.0 -9999.0 -9999.0 -9999.0 -9999.0 -9999.0 -9999.0 -9999.0 -9999.0 -9999.0 -9999.0 -9999.0 -9999.0 -9999.0 -9999.0 -9999.0 -9999.0 -9999.0 -9999.0 -9999.0 -9999.0 -9999.0 -9999.0 -9999.0 -9999.0 -9999.0 -9999.0 -9999.0 -9999.0 -9999.0 -9999.0 -9999.0 -9999.0 -9999.0 -9999.0 -9999.0 -9999.0 -9999.0 -9999.0 -9999.0 -9999.0 -9999.0 -9999.0 -9999.0 -9999.0 -9999.0 -9999.0 -9999.0 -9999.0 -9999.0 -9999.0 -9999.0 -9999.0 -9999.0 -9999.0 -9999.0 -9999.0 -9999.0 -9999.0 -9999.0 -9999.0 -9999.0 -9999.0 -9999.0 -9999.0 -9999.0 -9999.0 -9999.0 -9999.0 -9999.0 -9999.0 -9999.0 -9999.0 -9999.0 -9999.0 -9999.0 -9999.0 -9999.0 -9999.0 -9999.0 -9999.0 -9999.0 -9999.0 -9999.0 -9999.0 -9999.0 -9999.0 -9999.0 -9999.0 -9999.0 -9999.0 -9999.0 -9999.0 -9999.0 -9999.0 -9999.0 -9999.0 -9999.0 -9999.0 -9999.0