tests/3D/hillslope02_superslab/out/maps3D/PwL0036N0004.asc
ncols         104
nrows         10
xllcorner     -2.000000
yllcorner     0.000000
cellsize      1.000000
NODATA_value  -9999.0
-9999.0 -9999.0 -9999.0 -9999.0 -9999.0 -9999.0 -9999.0 -9999.0 -9999.0 -9999.0 -9999.0 -9999.0 -9999.0 -9999.0 -9999.0 -9999.0 -9999.0 -9999.0 -9999.0 -9999.0 -9999.0 -9999.0 -9999.0 -9999.0 -9999.0 -9999.0 -9999.0 -9999.0 -9999.0 -9999.0 -9999.0 -9999.0 -9999.0 -9999.0 -9999.0 -9999.0 -9999.0 -9999.0 -9999.0 -9999.0 -9999.0 -9999.0 -9999.0 -9999.0 -9999.0 -9999.0 -9999.0 -9999.0 -9999.0 -9999.0 -9999.0 -9999.0 -9999.0 -9999.0 -9999.0 -9999.0 -9999.0 -9999.0 -9999.0 -9999.0 -9999.0 -9999.0 -9999.0 -9999.0 -9999.0 -9999.0 -9999.0 -9999.0 -9999.0 -9999.0 -9999.0 -9999.0 -9999.0 -9999.0 -9999.0 -9999.0 -9999.0 -9999.0 -9999.0 -9999.0 -9999.0 -9999.0 -9999.0 -9999.0 -9999.0 -9999.0 -9999.0 -9999.0 -9999.0 -9999.0 -9999.0 -9999.0 -9999.0 -9999.0 -9999.0 -9999.0 -9999.0 -9999.0 -9999.0 -9999.0 -9999.0 -9999.0 -9999.0 -9999.0
-9999.0 -9999.0 -9999.0 -9999.0 -9999.0 -9999.0 -9999.0 -9999.0 -9999.0 -9999.0 -9999.0 -9999.0 -9999.0 -9999.0 -9999.0 -9999.0 -9999.0 -9999.0 -9999.0 -9999.0 -9999.0 -9999.0 -9999.0 -9999.0 -9999.0 -9999.0 -9999.0 -9999.0 -9999.0 -9999.0 -9999.0 -9999.0 -9999.0 -9999.0 -9999.0 -9999.0 -9999.0 -9999.0 -9999.0 -9999.0 -9999.0 -9999.0 -9999.0 -9999.0 -9999.0 -9999.0 -9999.0 -9999.0 -9999.0 -9999.0 -9999.0 -9999.0 -9999.0 -9999.0 -9999.0 -9999.0 -9999.0 -9999.0 -9999.0 -9999.0 -9999.0 -9999.0 -9999.0 -9999.0 -9999.0 -9999.0 -9999.0 -9999.0 -9999.0 -9999.0 -9999.0 -9999.0 -9999.0 -9999.0 -9999.0 -9999.0 -9999.0 -9999.0 -9999.0 -9999.0 -9999.0 -9999.0 -9999.0 -9999.0 -9999.0 -9999.0 -9999.0 -9999.0 -9999.0 -9999.0 -9999.0 -9999.0 -9999.0 -9999.0 -9999.0 -9999.0 -9999.0 -9999.0 -9999.0 -9999.0 -9999.0 -9999.0 -9999.0 -9999.0
-9999.0 -9999.0 1748.030656 1649.684338 1551.565901 1452.071462 1350.271652 1245.940772 1138.790706 1027.820507 912.016664 795.864245 681.482476 570.084163 462.186417 359.786431 265.237079 178.562593 101.854234 36.081055 -18.575582 -62.729750 -98.494423 -129.934811 -157.230703 -183.191291 -207.129196 -231.831181 6.726698 236.696223 422.531811 627.302354 689.577052 607.678846 524.673696 445.114691 368.328981 293.784928 219.679307 142.228003 53.853775 -53.802231 -175.085347 -331.013492 -1040.352397 -3179.136634 -3193.067219 -3193.069307 -3193.069307 -3193.069307 -3193.069307 -3193.069306 -3193.069270 -3193.068392 -3193.047541 -3192.567627 -3181.873245 -2953.941560 641.624004 708.692539 778.022153 848.935756 916.054281 903.285258 873.046807 836.919164 797.357895 755.319615 711.420214 666.142875 619.895528 573.043302 525.924244 478.857097 432.142847 386.059075 340.845346 296.680455 253.734623 212.404343 172.834619 134.946685 98.380157 63.329687 29.945994 -2.662343 -34.223846 -64.705286 -95.473660 -124.451480 -153.156726 -180.724926 -206.095321 -230.334156 -258.036356 -297.094732 -374.300817 -523.883864 -2324.268145 -3192.657974 -3193.071023 -3193.626218 -9999.0 -9999.0
-9999.0 -9999.0 1748.046177 1649.693326 1551.570047 1452.073202 1350.272360 1245.941058 1138.790822 1027.820554 912.016683 795.864253 681.482480 570.084164 462.186418 359.786431 265.237079 178.562593 101.854234 36.081055 -18.575582 -62.729750 -98.494423 -129.934811 -157.230703 -183.191291 -207.129196 -231.831181 6.726698 236.696223 422.531811 627.302354 689.577052 607.678846 524.673696 445.114691 368.328981 293.784928 219.679307 142.228003 53.853775 -53.802231 -175.085347 -331.013492 -1040.352401 -3179.136634 -3193.067219 -3193.069307 -3193.069307 -3193.069307 -3193.069307 -3193.069306 -3193.069270 -3193.068392 -3193.047541 -3192.567627 -3181.873245 -2953.941560 641.624009 708.692539 778.022157 848.935756 916.054284 903.285258 873.046808 836.919164 797.357897 755.319615 711.420215 666.142875 619.895529 573.043302 525.924245 478.857097 432.142848 386.059075 340.845347 296.680455 253.734623 212.404343 172.834619 134.946685 98.380157 63.329687 29.945994 -2.662343 -34.223846 -64.705286 -95.473660 -124.451480 -153.156726 -180.724926 -206.095321 -230.334156 -258.036356 -297.094732 -374.300817 -523.883864 -2324.268142 -3192.657974 -3193.071023 -3193.626218 -9999.0 -9999.0
-9999.0 -9999.0 1748.056509 1649.699987 1551.573449 1452.074742 1350.273019 1245.941332 1138.790935 1027.820601 912.016703 795.864261 681.482483 570.084166 462.186419 359.786431 265.237079 178.562593 101.854234 36.081055 -18.575582 -62.729750 -98.494423 -129.934811 -157.230703 -183.191291 -207.129196 -231.831181 6.726698 236.696223 422.531811 627.302354 689.577052 607.678846 524.673696 445.114691 368.328980 293.784928 219.679307 142.228003 53.853775 -53.802231 -175.085347 -331.013493 -1040.352400 -3179.136634 -3193.067219 -3193.069307 -3193.069307 -3193.069307 -3193.069307 -3193.069306 -3193.069270 -3193.068392 -3193.047541 -3192.567627 -3181.873245 -2953.941560 641.624008 708.692542 778.022157 848.935758 916.054284 903.285259 873.046808 836.919165 797.357897 755.319615 711.420215 666.142875 619.895529 573.043302 525.924245 478.857097 432.142848 386.059075 340.845347 296.680455 253.734623 212.404343 172.834619 134.946685 98.380157 63.329687 29.945994 -2.662343 -34.223846 -64.705286 -95.473660 -124.451480 -153.156726 -180.724926 -206.095321 -230.334156 -258.036356 -297.094732 -374.300817 -523.883863 -2324.268138 -3192.657974 -3193.071023 -3193.626218 -9999.0 -9999.0
-9999.0 -9999.0 1748.056509 1649.699987 1551.573449 1452.074742 1350.273019 1245.941332 1138.790935 1027.820601 912.016703 795.864261 681.482483 570.084166 462.186419 359.786431 265.237079 178.562593 101.854234 36.081055 -18.575582 -62.729750 -98.494423 -129.934811 -157.230703 -183.191291 -207.129196 -231.831181 6.726698 236.696223 422.531811 627.302354 689.577052 607.678846 524.673696 445.114691 368.328980 293.784928 219.679307 142.228003 53.853775 -53.802231 -175.085347 -331.013493 -1040.352400 -3179.136634 -3193.067219 -3193.069307 -3193.069307 -3193.069307 -3193.069307 -3193.069306 -3193.069270 -3193.068392 -3193.047541 -3192.567627 -3181.873245 -2953.941560 641.624009 708.692542 778.022157 848.935757 916.054284 903.285259 873.046808 836.919165 797.357897 755.319615 711.420215 666.142875 619.895529 573.043302 525.924245 478.857097 432.142848 386.059075 340.845347 296.680455 253.734623 212.404343 172.834619 134.946685 98.380157 63.329687 29.945994 -2.662343 -34.223846 -64.705286 -95.473660 -124.451480 -153.156726 -180.724926 -206.095321 -230.334156 -258.036356 -297.094732 -374.300817 -523.883863 -2324.268139 -3192.657974 -3193.071023 -3193.626218 -9999.0 -9999.0
-9999.0 -9999.0 1748.046177 1649.693326 1551.570047 1452.073201 1350.272360 1245.941058 1138.790822 1027.820554 912.016683 795.864253 681.482480 570.084164 462.186418 359.786431 265.237079 178.562593 101.854234 36.081055 -18.575582 -62.729750 -98.494423 -129.934811 -157.230703 -183.191291 -207.129196 -231.831181 6.726698 236.696223 422.531811 627.302354 689.577052 607.678846 524.673696 445.114691 368.328981 293.784928 219.679307 142.228003 53.853775 -53.802231 -175.085347 -331.013492 -1040.352401 -3179.136634 -3193.067219 -3193.069307 -3193.069307 -3193.069307 -3193.069307 -3193.069306 -3193.069270 -3193.068392 -3193.047541 -3192.567627 -3181.873245 -2953.941560 641.624008 708.692540 778.022157 848.935756 916.054283 903.285258 873.046808 836.919164 797.357897 755.319615 711.420215 666.142875 619.895529 573.043302 525.924245 478.857097 432.142848 386.059075 340.845347 296.680455 253.734623 212.404343 172.834619 134.946685 98.380157 63.329687 29.945994 -2.662343 -34.223846 -64.705286 -95.473660 -124.451480 -153.156726 -180.724926 -206.095321 -230.334156 -258.036356 -297.094732 -374.300817 -523.883864 -2324.268142 -3192.657974 -3193.071023 -3193.626218 -9999.0 -9999.0
-9999.0 -9999.0 1748.030656 1649.684338 1551.565901 1452.071462 1350.271652 1245.940772 1138.790706 1027.820507 912.016664 795.864245 681.482476 570.084163 462.186417 359.786431 265.237079 178.562593 101.854234 36.081055 -18.575582 -62.729750 -98.494423 -129.934811 -157.230703 -183.191291 -207.129196 -231.831181 6.726698 236.696223 422.531811 627.302354 689.577052 607.678846 524.673696 445.114691 368.328981 293.784928 219.679307 142.228003 53.853775 -53.802231 -175.085347 -331.013492 -1040.352397 -3179.136634 -3193.067219 -3193.069307 -3193.069307 -3193.069307 -3193.069307 -3193.069306 -3193.069270 -3193.068392 -3193.047541 -3192.567627 -3181.873245 -2953.941560 641.624004 708.692539 778.022153 848.935755 916.054281 903.285258 873.046807 836.919164 797.357896 755.319615 711.420214 666.142875 619.895528 573.043302 525.924244 478.857097 432.142848 386.059075 340.845346 296.680455 253.734623 212.404343 172.834619 134.946685 98.380157 63.329687 29.945994 -2.662343 -34.223846 -64.705286 -95.473660 -124.451480 -153.156726 -180.724926 -206.095321 -230.334156 -258.036356 -297.094732 -374.300817 -523.883864 -2324.268146 -3192.657974 -3193.071023 -3193.626218 -9999.0 -9999.0
-9999.0 -9999.0 -9999.0 -9999.0 -9999.0 -9999.0 -9999.0 -9999.0 -9999.0 -9999.0 -9999.0 -9999.0 -9999.0 -9999.0 -9999.0 -9999.0 -9999.0 -9999.0 -9999.0 -9999.0 -9999.0 -9999.0 -9999.0 -9999.0 -9999.0 -9999.0 -9999.0 -9999.0 -9999.0 -9999.0 -9999.0 -9999.0 -9999.0 -9999.0 -9999.0 -9999.0 -9999.0 -9999.0 -9999.0 -9999.0 -9999.0 -9999.0 -9999.0 -9999.0 -9999.0 -9999.0 -9999.0 -9999.0 -9999.0 -9999.0 -9999.0 -9999.0 -9999.0 -9999.0 -9999.0 -9999.0 -9999.0 -9999.0 -9999.0 -9999.0 -9999.0 -9999.0 -9999.0 -9999.0 -9999.0 -9999.0 -9999.0 -9999.0 -9999.0 -9999.0 -9999.0 -9999.0 -9999.0 -9999.0 -9999.0 -9999.0 -9999.0 -9999.0 -9999.0 -9999.0 -9999.0 -9999.0 -9999.0 -9999.0 -9999.0 -9999.0 -9999.0 -9999.0 -9999.0 -9999.0 -9999.0 -9999.0 -9999.0 -9999.0 -9999.0 -9999.0 -9999.0 -9999.0 -9999.0 -9999.0 -9999.0 -9999.0 -9999.0 -9999.0
-9999.0 -9999.0 -9999.0 -9999.0 -9999.0 -9999.0 -9999.0 -9999.0 -9999.0 -9999.0 -9999.0 -9999.0 -9999.0 -9999.0 -9999.0 -9999.0 -9999.0 -9999.0 -9999.0 -9999.0 -9999.0 -9999.0 -9999.0 -9999.0 -9999.0 -9999.0 -9999.0 -9999.0 -9999.0 -9999.0 -9999.0 -9999.0 -9999.0 -9999.0 -9999.0 -9999.0 -9999.0 -9999.0 -9999.0 -9999.0 -9999.0 -9999.0 -9999.0 -9999.0 -9999.0 -9999.0 -9999.0 -9999.0 -9999.0 -9999.0 -9999.0 -9999.0 -9999.0 -9999.0 -9999.0 -9999.0 -9999.0 -9999.0 -9999.0 -9999.0 -9999.0 -9999.0 -9999.0 -9999.0 -9999.0 -9999.0 -9999.0 -9999.0 -9999.0 -9999.0 -9999.0 -9999.0 -9999.0 -9999.0 -9999.0 -9999.0 -9999.0 -9999.0 -9999.0 -9999.0 -9999.0 -9999.0 -9999.0 -9999.0 -9999.0 -9999.0 -9999.0 -9999.0 -9999.0 -9999.0 -9999.0 -9999.0 -9999.0 -9999.0 -9999.0 -9999.0 -9999.0 -9999.0 -9999.0 -9999.0 -9999.0 -9999.0 -9999.0 -9999.0