tests/3D/hillslope02_superslab/out/maps3D/PwL0092N0006.asc
ncols         104
nrows         10
xllcorner     -2.000000
yllcorner     0.000000
cellsize      1.000000
NODATA_value  -9999.0
-9999.0 -9999.0 -9999.0 -9999.0 -9999.0 -9999.0 -9999.0 -9999.0 -9999.0 -9999.0 -9999.0 -9999.0 -9999.0 -9999.0 -9999.0 -9999.0 -9999.0 -9999.0 -9999.0 -9999.0 -9999.0 -9999.0 -9999.0 -9999.0 -9999.0 -9999.0 -9999.0 -9999.0 -9999.0 -9999.0 -9999.0 -9999.0 -9999.0 -9999.0 -9999.0 -9999.0 -9999.0 -9999.0 -9999.0 -9999.0 -9999.0 -9999.0 -9999.0 -9999.0 -9999.0 -9999.0 -9999.0 -9999.0 -9999.0 -9999.0 -9999.0 -9999.0 -9999.0 -9999.0 -9999.0 -9999.0 -9999.0 -9999.0 -9999.0 -9999.0 -9999.0 -9999.0 -9999.0 -9999.0 -9999.0 -9999.0 -9999.0 -9999.0 -9999.0 -9999.0 -9999.0 -9999.0 -9999.0 -9999.0 -9999.0 -9999.0 -9999.0 -9999.0 -9999.0 -9999.0 -9999.0 -9999.0 -9999.0 -9999.0 -9999.0 -9999.0 -9999.0 -9999.0 -9999.0 -9999.0 -9999.0 -9999.0 -9999.0 -9999.0 -9999.0 -9999.0 -9999.0 -9999.0 -9999.0 -9999.0 -9999.0 -9999.0 -9999.0 -9999.0
-9999.0 -9999.0 -9999.0 -9999.0 -9999.0 -9999.0 -9999.0 -9999.0 -9999.0 -9999.0 -9999.0 -9999.0 -9999.0 -9999.0 -9999.0 -9999.0 -9999.0 -9999.0 -9999.0 -9999.0 -9999.0 -9999.0 -9999.0 -9999.0 -9999.0 -9999.0 -9999.0 -9999.0 -9999.0 -9999.0 -9999.0 -9999.0 -9999.0 -9999.0 -9999.0 -9999.0 -9999.0 -9999.0 -9999.0 -9999.0 -9999.0 -9999.0 -9999.0 -9999.0 -9999.0 -9999.0 -9999.0 -9999.0 -9999.0 -9999.0 -9999.0 -9999.0 -9999.0 -9999.0 -9999.0 -9999.0 -9999.0 -9999.0 -9999.0 -9999.0 -9999.0 -9999.0 -9999.0 -9999.0 -9999.0 -9999.0 -9999.0 -9999.0 -9999.0 -9999.0 -9999.0 -9999.0 -9999.0 -9999.0 -9999.0 -9999.0 -9999.0 -9999.0 -9999.0 -9999.0 -9999.0 -9999.0 -9999.0 -9999.0 -9999.0 -9999.0 -9999.0 -9999.0 -9999.0 -9999.0 -9999.0 -9999.0 -9999.0 -9999.0 -9999.0 -9999.0 -9999.0 -9999.0 -9999.0 -9999.0 -9999.0 -9999.0 -9999.0 -9999.0
-9999.0 -9999.0 207.196092 108.849624 12.729291 -80.174554 -168.373673 -249.365485 -317.959280 -367.887758 -398.207967 -411.793726 -417.307401 -419.457578 -420.282895 -420.597677 -420.717439 -420.763004 -420.780431 -420.787264 -420.790081 -420.791583 -420.792790 -420.794158 -420.795954 -420.798402 -420.801748 -420.806290 -420.812403 -420.820550 -420.831307 -420.845380 -420.863618 -420.887034 -420.916820 -420.954356 -421.001221 -421.059195 -421.130254 -421.216561 -421.320449 -421.444385 -421.590918 -421.762616 -421.961985 -422.191423 -422.453190 -422.749390 -423.082001 -423.454498 -423.889312 -424.516941 -424.921426 -425.475702 -426.093767 -426.767235 -427.496078 -428.281169 -429.123542 -430.024258 -430.984361 -432.004887 -433.086880 -434.231418 -435.439641 -436.712778 -438.052183 -439.459362 -440.936009 -442.484042 -444.105638 -445.803280 -447.579801 -449.438434 -451.382879 -453.417363 -455.546731 -457.776536 -460.113154 -462.563929 -465.137336 -467.843193 -470.692920 -473.699867 -476.879728 -480.251073 -483.836047 -487.661288 -491.759163 -496.169465 -500.941770 -506.138826 -511.841520 -518.156417 -525.227634 -533.256403 -542.535158 -553.511287 -566.918204 -584.084282 -607.839680 -646.353516 -9999.0 -9999.0
-9999.0 -9999.0 207.196092 108.849624 12.729291 -80.174554 -168.373673 -249.365485 -317.959280 -367.887758 -398.207967 -411.793726 -417.307401 -419.457578 -420.282895 -420.597677 -420.717439 -420.763004 -420.780431 -420.787264 -420.790081 -420.791583 -420.792790 -420.794158 -420.795954 -420.798402 -420.801748 -420.806290 -420.812403 -420.820550 -420.831307 -420.845380 -420.863618 -420.887034 -420.916820 -420.954356 -421.001221 -421.059195 -421.130254 -421.216561 -421.320449 -421.444385 -421.590918 -421.762616 -421.961985 -422.191423 -422.453190 -422.749390 -423.082001 -423.454498 -423.889312 -424.516941 -424.921426 -425.475702 -426.093767 -426.767235 -427.496078 -428.281169 -429.123542 -430.024258 -430.984361 -432.004887 -433.086880 -434.231418 -435.439641 -436.712778 -438.052183 -439.459362 -440.936009 -442.484042 -444.105638 -445.803280 -447.579801 -449.438434 -451.382879 -453.417363 -455.546731 -457.776536 -460.113154 -462.563929 -465.137336 -467.843193 -470.692920 -473.699867 -476.879728 -480.251073 -483.836047 -487.661288 -491.759163 -496.169465 -500.941770 -506.138826 -511.841520 -518.156417 -525.227634 -533.256403 -542.535158 -553.511287 -566.918204 -584.084282 -607.839680 -646.353516 -9999.0 -9999.0
-9999.0 -9999.0 207.196092 108.849624 12.729291 -80.174554 -168.373673 -249.365485 -317.959280 -367.887758 -398.207967 -411.793726 -417.307401 -419.457578 -420.282895 -420.597677 -420.717439 -420.763004 -420.780431 -420.787264 -420.790081 -420.791583 -420.792790 -420.794158 -420.795954 -420.798402 -420.801748 -420.806290 -420.812403 -420.820550 -420.831307 -420.845380 -420.863618 -420.887034 -420.916820 -420.954356 -421.001221 -421.059195 -421.130254 -421.216561 -421.320449 -421.444385 -421.590918 -421.762616 -421.961985 -422.191423 -422.453190 -422.749390 -423.082001 -423.454498 -423.889312 -424.516941 -424.921426 -425.475702 -426.093767 -426.767235 -427.496078 -428.281169 -429.123542 -430.024258 -430.984361 -432.004887 -433.086880 -434.231418 -435.439641 -436.712778 -438.052183 -439.459362 -440.936009 -442.484042 -444.105638 -445.803280 -447.579801 -449.438434 -451.382879 -453.417363 -455.546731 -457.776536 -460.113154 -462.563929 -465.137336 -467.843193 -470.692920 -473.699867 -476.879728 -480.251073 -483.836047 -487.661288 -491.759163 -496.169465 -500.941770 -506.138826 -511.841520 -518.156417 -525.227634 -533.256403 -542.535158 -553.511287 -566.918204 -584.084282 -607.839680 -646.353516 -9999.0 -9999.0
-9999.0 -9999.0 207.196092 108.849624 12.729291 -80.174554 -168.373673 -249.365485 -317.959280 -367.887758 -398.207967 -411.793726 -417.307401 -419.457578 -420.282895 -420.597677 -420.717439 -420.763004 -420.780431 -420.787264 -420.790081 -420.791583 -420.792790 -420.794158 -420.795954 -420.798402 -420.801748 -420.806290 -420.812403 -420.820550 -420.831307 -420.845380 -420.863618 -420.887034 -420.916820 -420.954356 -421.001221 -421.059195 -421.130254 -421.216561 -421.320449 -421.444385 -421.590918 -421.762616 -421.961985 -422.191423 -422.453190 -422.749390 -423.082001 -423.454498 -423.889312 -424.516941 -424.921426 -425.475702 -426.093767 -426.767235 -427.496078 -428.281169 -429.123542 -430.024258 -430.984361 -432.004887 -433.086880 -434.231418 -435.439641 -436.712778 -438.052183 -439.459362 -440.936009 -442.484042 -444.105638 -445.803280 -447.579801 -449.438434 -451.382879 -453.417363 -455.546731 -457.776536 -460.113154 -462.563929 -465.137336 -467.843193 -470.692920 -473.699867 -476.879728 -480.251073 -483.836047 -487.661288 -491.759163 -496.169465 -500.941770 -506.138826 -511.841520 -518.156417 -525.227634 -533.256403 -542.535158 -553.511287 -566.918204 -584.084282 -607.839680 -646.353516 -9999.0 -9999.0
-9999.0 -9999.0 207.196092 108.849624 12.729291 -80.174554 -168.373673 -249.365485 -317.959280 -367.887758 -398.207967 -411.793726 -417.307401 -419.457578 -420.282895 -420.597677 -420.717439 -420.763004 -420.780431 -420.787264 -420.790081 -420.791583 -420.792790 -420.794158 -420.795954 -420.798402 -420.801748 -420.806290 -420.812403 -420.820550 -420.831307 -420.845380 -420.863618 -420.887034 -420.916820 -420.954356 -421.001221 -421.059195 -421.130254 -421.216561 -421.320449 -421.444385 -421.590918 -421.762616 -421.961985 -422.191423 -422.453190 -422.749390 -423.082001 -423.454498 -423.889312 -424.516941 -424.921426 -425.475702 -426.093767 -426.767235 -427.496078 -428.281169 -429.123542 -430.024258 -430.984361 -432.004887 -433.086880 -434.231418 -435.439641 -436.712778 -438.052183 -439.459362 -440.936009 -442.484042 -444.105638 -445.803280 -447.579801 -449.438434 -451.382879 -453.417363 -455.546731 -457.776536 -460.113154 -462.563929 -465.137336 -467.843193 -470.692920 -473.699867 -476.879728 -480.251073 -483.836047 -487.661288 -491.759163 -496.169465 -500.941770 -506.138826 -511.841520 -518.156417 -525.227634 -533.256403 -542.535158 -553.511287 -566.918204 -584.084282 -607.839680 -646.353516 -9999.0 -9999.0
-9999.0 -9999.0 207.196092 108.849624 12.729291 -80.174554 -168.373673 -249.365485 -317.959280 -367.887758 -398.207967 -411.793726 -417.307401 -419.457578 -420.282895 -420.597677 -420.717439 -420.763004 -420.780431 -420.787264 -420.790081 -420.791583 -420.792790 -420.794158 -420.795954 -420.798402 -420.801748 -420.806290 -420.812403 -420.820550 -420.831307 -420.845380 -420.863618 -420.887034 -420.916820 -420.954356 -421.001221 -421.059195 -421.130254 -421.216561 -421.320449 -421.444385 -421.590918 -421.762616 -421.961985 -422.191423 -422.453190 -422.749390 -423.082001 -423.454498 -423.889312 -424.516941 -424.921426 -425.475702 -426.093767 -426.767235 -427.496078 -428.281169 -429.123542 -430.024258 -430.984361 -432.004887 -433.086880 -434.231418 -435.439641 -436.712778 -438.052183 -439.459362 -440.936009 -442.484042 -444.105638 -445.803280 -447.579801 -449.438434 -451.382879 -453.417363 -455.546731 -457.776536 -460.113154 -462.563929 -465.137336 -467.843193 -470.692920 -473.699867 -476.879728 -480.251073 -483.836047 -487.661288 -491.759163 -496.169465 -500.941770 -506.138826 -511.841520 -518.156417 -525.227634 -533.256403 -542.535158 -553.511287 -566.918204 -584.084282 -607.839680 -646.353516 -9999.0 -9999.0
-9999.0 -9999.0 -9999.0 -9999.0 -9999.0 -9999.0 -9999.0 -9999.0 -9999.0 -9999.0 -9999.0 -9999.0 -9999.0 -9999.0 -9999.0 -9999.0 -9999.0 -9999.0 -9999.0 -9999.0 -9999.0 -9999.0 -9999.0 -9999.0 -9999.0 -9999.0 -9999.0 -9999.0 -9999.0 -9999.0 -9999.0 -9999.0 -9999.0 -9999.0 -9999.0 -9999.0 -9999.0 -9999.0 -9999.0 -9999.0 -9999.0 -9999.0 -9999.0 -9999.0 -9999.0 -9999.0 -9999.0 -9999.0 -9999.0 -9999.0 -9999.0 -9999.0 -9999.0 -9999.0 -9999.0 -9999.0 -9999.0 -9999.0 -9999.0 -9999.0 -9999.0 -9999.0 -9999.0 -9999.0 -9999.0 -9999.0 -9999.0 -9999.0 -9999.0 -9999.0 -9999.0 -9999.0 -9999.0 -9999.0 -9999.0 -9999.0 -9999.0 -9999.0 -9999.0 -9999.0 -9999.0 -9999.0 -9999.0 -9999.0 -9999.0 -9999.0 -9999.0 -9999.0 -9999.0 -9999.0 -9999.0 -9999.0 -9999.0 -9999.0 -9999.0 -9999.0 -9999.0 -9999.0 -9999.0 -9999.0 -9999.0 -9999.0 -9999.0 -9999.0
-9999.0 -9999.0 -9999.0 -9999.0 -9999.0 -9999.0 -9999.0 -9999.0 -9999.0 -9999.0 -9999.0 -9999.0 -9999.0 -9999.0 -9999.0 -9999.0 -9999.0 -9999.0 -9999.0 -9999.0 -9999.0 -9999.0 -9999.0 -9999.0 -9999.0 -9999.0 -9999.0 -9999.0 -9999.0 -9999.0 -9999.0 -9999.0 -9999.0 -9999.0 -9999.0 -9999.0 -9999.0 -9999.0 -9999.0 -9999.0 -9999.0 -9999.0 -9999.0 -9999.0 -9999.0 -9999.0 -9999.0 -9999.0 -9999.0 -9999.0 -9999.0 -9999.0 -9999.0 -9999.0 -9999.0 -9999.0 -9999.0 -9999.0 -9999.0 -9999.0 -9999.0 -9999.0 -9999.0 -9999.0 -9999.0 -9999.0 -9999.0 -9999.0 -9999.0 -9999.0 -9999.0 -9999.0 -9999.0 -9999.0 -9999.0 -9999.0 -9999.0 -9999.0 -9999.0 -9999.0 -9999.0 -9999.0 -9999.0 -9999.0 -9999.0 -9999.0 -9999.0 -9999.0 -9999.0 -9999.0 -9999.0 -9999.0 -9999.0 -9999.0 -9999.0 -9999.0 -9999.0 -9999.0 -9999.0 -9999.0 -9999.0 -9999.0 -9999.0 -9999.0