tests/3D/hillslope02_superslab/out/maps3D/PwL0001N0004.asc
ncols         104
nrows         10
xllcorner     -2.000000
yllcorner     0.000000
cellsize      1.000000
NODATA_value  -9999.0
-9999.0 -9999.0 -9999.0 -9999.0 -9999.0 -9999.0 -9999.0 -9999.0 -9999.0 -9999.0 -9999.0 -9999.0 -9999.0 -9999.0 -9999.0 -9999.0 -9999.0 -9999.0 -9999.0 -9999.0 -9999.0 -9999.0 -9999.0 -9999.0 -9999.0 -9999.0 -9999.0 -9999.0 -9999.0 -9999.0 -9999.0 -9999.0 -9999.0 -9999.0 -9999.0 -9999.0 -9999.0 -9999.0 -9999.0 -9999.0 -9999.0 -9999.0 -9999.0 -9999.0 -9999.0 -9999.0 -9999.0 -9999.0 -9999.0 -9999.0 -9999.0 -9999.0 -9999.0 -9999.0 -9999.0 -9999.0 -9999.0 -9999.0 -9999.0 -9999.0 -9999.0 -9999.0 -9999.0 -9999.0 -9999.0 -9999.0 -9999.0 -9999.0 -9999.0 -9999.0 -9999.0 -9999.0 -9999.0 -9999.0 -9999.0 -9999.0 -9999.0 -9999.0 -9999.0 -9999.0 -9999.0 -9999.0 -9999.0 -9999.0 -9999.0 -9999.0 -9999.0 -9999.0 -9999.0 -9999.0 -9999.0 -9999.0 -9999.0 -9999.0 -9999.0 -9999.0 -9999.0 -9999.0 -9999.0 -9999.0 -9999.0 -9999.0 -9999.0 -9999.0
-9999.0 -9999.0 -9999.0 -9999.0 -9999.0 -9999.0 -9999.0 -9999.0 -9999.0 -9999.0 -9999.0 -9999.0 -9999.0 -9999.0 -9999.0 -9999.0 -9999.0 -9999.0 -9999.0 -9999.0 -9999.0 -9999.0 -9999.0 -9999.0 -9999.0 -9999.0 -9999.0 -9999.0 -9999.0 -9999.0 -9999.0 -9999.0 -9999.0 -9999.0 -9999.0 -9999.0 -9999.0 -9999.0 -9999.0 -9999.0 -9999.0 -9999.0 -9999.0 -9999.0 -9999.0 -9999.0 -9999.0 -9999.0 -9999.0 -9999.0 -9999.0 -9999.0 -9999.0 -9999.0 -9999.0 -9999.0 -9999.0 -9999.0 -9999.0 -9999.0 -9999.0 -9999.0 -9999.0 -9999.0 -9999.0 -9999.0 -9999.0 -9999.0 -9999.0 -9999.0 -9999.0 -9999.0 -9999.0 -9999.0 -9999.0 -9999.0 -9999.0 -9999.0 -9999.0 -9999.0 -9999.0 -9999.0 -9999.0 -9999.0 -9999.0 -9999.0 -9999.0 -9999.0 -9999.0 -9999.0 -9999.0 -9999.0 -9999.0 -9999.0 -9999.0 -9999.0 -9999.0 -9999.0 -9999.0 -9999.0 -9999.0 -9999.0 -9999.0 -9999.0
-9999.0 -9999.0 26.700887 -67.440008 -153.297252 -219.082253 -261.380755 -282.881312 -285.376799 -266.275652 -267.714460 -201.036704 -146.169849 -98.342336 -18.212061 -3.550209 -15.324879 -42.421030 -78.487070 -119.994768 -163.952921 -206.877032 -245.146031 -276.467277 -300.390902 -317.790157 -329.997399 -338.333978 -343.892908 -347.506439 -349.760705 -351.041827 -351.576752 -351.457858 -350.648587 -348.966472 -346.037498 -341.193076 -333.271133 -320.225597 -298.258130 -256.875667 -248.966911 -183.817219 -132.784631 -98.382521 -80.732149 -78.879038 -78.691830 -78.673772 -78.672747 -78.673390 -78.674159 -78.675028 -78.677317 -78.694334 -78.858263 -80.475154 -96.255927 -127.963533 -175.698380 -236.863344 -252.841101 -296.292774 -320.096702 -333.975334 -342.329025 -347.446896 -350.615084 -352.588645 -353.822094 -354.594416 -355.078534 -355.382292 -355.573179 -355.693569 -355.770200 -355.820122 -355.854505 -355.881130 -355.906068 -355.934442 -355.972457 -356.028231 -356.113672 -356.246986 -356.456469 -356.786520 -357.306870 -358.126879 -359.417459 -361.444101 -364.615243 -369.549788 -377.163997 -388.767514 -406.137920 -431.517461 -467.469608 -516.586339 -581.143041 -662.856170 -9999.0 -9999.0
-9999.0 -9999.0 26.813617 -67.414208 -153.290275 -219.080245 -261.380149 -282.881125 -285.376742 -266.275635 -267.714455 -201.036702 -146.169848 -98.342335 -18.212061 -3.550209 -15.324879 -42.421030 -78.487071 -119.994768 -163.952921 -206.877032 -245.146031 -276.467277 -300.390902 -317.790156 -329.997399 -338.333977 -343.892908 -347.506437 -349.760705 -351.041825 -351.576753 -351.457855 -350.648587 -348.966469 -346.037499 -341.193074 -333.271133 -320.225595 -298.258130 -256.875666 -248.966911 -183.817219 -132.784631 -98.382521 -80.732148 -78.879038 -78.691830 -78.673772 -78.672747 -78.673390 -78.674159 -78.675028 -78.677317 -78.694334 -78.858263 -80.475154 -96.255928 -127.963533 -175.698380 -236.863344 -252.841100 -296.292773 -320.096701 -333.975334 -342.329023 -347.446896 -350.615082 -352.588646 -353.822091 -354.594417 -355.078532 -355.382292 -355.573178 -355.693569 -355.770199 -355.820122 -355.854505 -355.881130 -355.906067 -355.934442 -355.972457 -356.028231 -356.113672 -356.246986 -356.456469 -356.786520 -357.306870 -358.126879 -359.417459 -361.444101 -364.615243 -369.549788 -377.163997 -388.767514 -406.137920 -431.517461 -467.469608 -516.586339 -581.143041 -662.856170 -9999.0 -9999.0
-9999.0 -9999.0 26.831338 -67.403287 -153.285872 -219.078700 -261.379629 -282.880955 -285.376688 -266.275619 -267.714450 -201.036700 -146.169847 -98.342335 -18.212061 -3.550209 -15.324879 -42.421030 -78.487071 -119.994768 -163.952921 -206.877032 -245.146031 -276.467277 -300.390902 -317.790156 -329.997398 -338.333977 -343.892908 -347.506438 -349.760704 -351.041825 -351.576751 -351.457855 -350.648586 -348.966470 -346.037497 -341.193074 -333.271132 -320.225596 -298.258129 -256.875666 -248.966911 -183.817219 -132.784631 -98.382521 -80.732148 -78.879038 -78.691830 -78.673772 -78.672747 -78.673390 -78.674159 -78.675028 -78.677317 -78.694334 -78.858263 -80.475154 -96.255928 -127.963533 -175.698380 -236.863344 -252.841100 -296.292773 -320.096701 -333.975333 -342.329023 -347.446895 -350.615083 -352.588644 -353.822092 -354.594415 -355.078532 -355.382291 -355.573178 -355.693568 -355.770199 -355.820121 -355.854505 -355.881130 -355.906067 -355.934442 -355.972457 -356.028231 -356.113672 -356.246986 -356.456469 -356.786520 -357.306870 -358.126879 -359.417459 -361.444101 -364.615243 -369.549788 -377.163997 -388.767514 -406.137920 -431.517461 -467.469608 -516.586339 -581.143041 -662.856170 -9999.0 -9999.0
-9999.0 -9999.0 26.831338 -67.403287 -153.285872 -219.078700 -261.379629 -282.880955 -285.376688 -266.275619 -267.714451 -201.036700 -146.169848 -98.342335 -18.212061 -3.550209 -15.324879 -42.421030 -78.487071 -119.994768 -163.952921 -206.877032 -245.146031 -276.467277 -300.390902 -317.790156 -329.997399 -338.333977 -343.892908 -347.506438 -349.760704 -351.041825 -351.576751 -351.457855 -350.648586 -348.966470 -346.037497 -341.193074 -333.271132 -320.225596 -298.258129 -256.875666 -248.966911 -183.817219 -132.784631 -98.382521 -80.732148 -78.879038 -78.691830 -78.673772 -78.672747 -78.673390 -78.674159 -78.675028 -78.677317 -78.694334 -78.858263 -80.475154 -96.255928 -127.963533 -175.698380 -236.863344 -252.841100 -296.292773 -320.096701 -333.975333 -342.329023 -347.446895 -350.615083 -352.588644 -353.822092 -354.594415 -355.078532 -355.382291 -355.573178 -355.693568 -355.770199 -355.820121 -355.854505 -355.881130 -355.906067 -355.934442 -355.972457 -356.028231 -356.113672 -356.246986 -356.456469 -356.786520 -357.306870 -358.126879 -359.417459 -361.444101 -364.615243 -369.549788 -377.163997 -388.767514 -406.137920 -431.517461 -467.469608 -516.586339 -581.143041 -662.856170 -9999.0 -9999.0
-9999.0 -9999.0 26.813617 -67.414208 -153.290275 -219.080245 -261.380149 -282.881125 -285.376742 -266.275635 -267.714455 -201.036702 -146.169848 -98.342335 -18.212061 -3.550209 -15.324879 -42.421030 -78.487070 -119.994768 -163.952921 -206.877032 -245.146031 -276.467277 -300.390902 -317.790156 -329.997399 -338.333977 -343.892908 -347.506437 -349.760705 -351.041825 -351.576753 -351.457855 -350.648587 -348.966469 -346.037499 -341.193074 -333.271133 -320.225595 -298.258130 -256.875666 -248.966911 -183.817219 -132.784631 -98.382521 -80.732148 -78.879038 -78.691830 -78.673772 -78.672747 -78.673390 -78.674159 -78.675028 -78.677317 -78.694334 -78.858263 -80.475154 -96.255928 -127.963533 -175.698380 -236.863344 -252.841100 -296.292773 -320.096701 -333.975334 -342.329023 -347.446896 -350.615082 -352.588646 -353.822091 -354.594417 -355.078532 -355.382292 -355.573178 -355.693569 -355.770199 -355.820122 -355.854505 -355.881130 -355.906067 -355.934442 -355.972457 -356.028231 -356.113672 -356.246986 -356.456469 -356.786520 -357.306870 -358.126879 -359.417459 -361.444101 -364.615243 -369.549788 -377.163997 -388.767514 -406.137920 -431.517461 -467.469608 -516.586339 -581.143041 -662.856170 -9999.0 -9999.0
-9999.0 -9999.0 26.700887 -67.440008 -153.297252 -219.082253 -261.380755 -282.881312 -285.376799 -266.275652 -267.714460 -201.036704 -146.169849 -98.342336 -18.212061 -3.550209 -15.324879 -42.421030 -78.487070 -119.994768 -163.952921 -206.877032 -245.146031 -276.467277 -300.390902 -317.790157 -329.997399 -338.333978 -343.892908 -347.506439 -349.760705 -351.041827 -351.576752 -351.457858 -350.648587 -348.966472 -346.037498 -341.193076 -333.271133 -320.225597 -298.258130 -256.875667 -248.966911 -183.817219 -132.784631 -98.382521 -80.732149 -78.879038 -78.691830 -78.673772 -78.672747 -78.673390 -78.674159 -78.675028 -78.677317 -78.694334 -78.858263 -80.475154 -96.255927 -127.963533 -175.698380 -236.863344 -252.841101 -296.292774 -320.096702 -333.975334 -342.329025 -347.446896 -350.615084 -352.588645 -353.822094 -354.594416 -355.078534 -355.382292 -355.573179 -355.693569 -355.770200 -355.820122 -355.854505 -355.881130 -355.906068 -355.934442 -355.972457 -356.028231 -356.113672 -356.246986 -356.456469 -356.786520 -357.306870 -358.126879 -359.417459 -361.444101 -364.615243 -369.549788 -377.163997 -388.767514 -406.137920 -431.517461 -467.469608 -516.586339 -581.143041 -662.856170 -9999.0 -9999.0
-9999.0 -9999.0 -9999.0 -9999.0 -9999.0 -9999.0 -9999.0 -9999.0 -9999.0 -9999.0 -9999.0 -9999.0 -9999.0 -9999.0 -9999.0 -9999.0 -9999.0 -9999.0 -9999.0 -9999.0 -9999.0 -9999.0 -9999.0 -9999.0 -9999.0 -9999.0 -9999.0 -9999.0 -9999.0 -9999.0 -9999.0 -9999.0 -9999.0 -9999.0 -9999.0 -9999.0 -9999.0 -9999.0 -9999.0 -9999.0 -9999.0 -9999.0 -9999.0 -9999.0 -9999.0 -9999.0 -9999.0 -9999.0 -9999.0 -9999.0 -9999.0 -9999.0 -9999.0 -9999.0 -9999.0 -9999.0 -9999.0 -9999.0 -9999.0 -9999.0 -9999.0 -9999.0 -9999.0 -9999.0 -9999.0 -9999.0 -9999.0 -9999.0 -9999.0 -9999.0 -9999.0 -9999.0 -9999.0 -9999.0 -9999.0 -9999.0 -9999.0 -9999.0 -9999.0 -9999.0 -9999.0 -9999.0 -9999.0 -9999.0 -9999.0 -9999.0 -9999.0 -9999.0 -9999.0 -9999.0 -9999.0 -9999.0 -9999.0 -9999.0 -9999.0 -9999.0 -9999.0 -9999.0 -9999.0 -9999.0 -9999.0 -9999.0 -9999.0 -9999.0
-9999.0 -9999.0 -9999.0 -9999.0 -9999.0 -9999.0 -9999.0 -9999.0 -9999.0 -9999.0 -9999.0 -9999.0 -9999.0 -9999.0 -9999.0 -9999.0 -9999.0 -9999.0 -9999.0 -9999.0 -9999.0 -9999.0 -9999.0 -9999.0 -9999.0 -9999.0 -9999.0 -9999.0 -9999.0 -9999.0 -9999.0 -9999.0 -9999.0 -9999.0 -9999.0 -9999.0 -9999.0 -9999.0 -9999.0 -9999.0 -9999.0 -9999.0 -9999.0 -9999.0 -9999.0 -9999.0 -9999.0 -9999.0 -9999.0 -9999.0 -9999.0 -9999.0 -9999.0 -9999.0 -9999.0 -9999.0 -9999.0 -9999.0 -9999.0 -9999.0 -9999.0 -9999.0 -9999.0 -9999.0 -9999.0 -9999.0 -9999.0 -9999.0 -9999.0 -9999.0 -9999.0 -9999.0 -9999.0 -9999.0 -9999.0 -9999.0 -9999.0 -9999.0 -9999.0 -9999.0 -9999.0 -9999.0 -9999.0 -9999.0 -9999.0 -9999.0 -9999.0 -9999.0 -9999.0 -9999.0 -9999.0 -9999.0 -9999.0 -9999.0 -9999.0 -9999.0 -9999.0 -9999.0 -9999.0 -9999.0 -9999.0 -9999.0 -9999.0 -9999.0