tests/3D/hillslope02_superslab/out/maps3D/PwL0074N0002.asc
ncols         104
nrows         10
xllcorner     -2.000000
yllcorner     0.000000
cellsize      1.000000
NODATA_value  -9999.0
-9999.0 -9999.0 -9999.0 -9999.0 -9999.0 -9999.0 -9999.0 -9999.0 -9999.0 -9999.0 -9999.0 -9999.0 -9999.0 -9999.0 -9999.0 -9999.0 -9999.0 -9999.0 -9999.0 -9999.0 -9999.0 -9999.0 -9999.0 -9999.0 -9999.0 -9999.0 -9999.0 -9999.0 -9999.0 -9999.0 -9999.0 -9999.0 -9999.0 -9999.0 -9999.0 -9999.0 -9999.0 -9999.0 -9999.0 -9999.0 -9999.0 -9999.0 -9999.0 -9999.0 -9999.0 -9999.0 -9999.0 -9999.0 -9999.0 -9999.0 -9999.0 -9999.0 -9999.0 -9999.0 -9999.0 -9999.0 -9999.0 -9999.0 -9999.0 -9999.0 -9999.0 -9999.0 -9999.0 -9999.0 -9999.0 -9999.0 -9999.0 -9999.0 -9999.0 -9999.0 -9999.0 -9999.0 -9999.0 -9999.0 -9999.0 -9999.0 -9999.0 -9999.0 -9999.0 -9999.0 -9999.0 -9999.0 -9999.0 -9999.0 -9999.0 -9999.0 -9999.0 -9999.0 -9999.0 -9999.0 -9999.0 -9999.0 -9999.0 -9999.0 -9999.0 -9999.0 -9999.0 -9999.0 -9999.0 -9999.0 -9999.0 -9999.0 -9999.0 -9999.0
-9999.0 -9999.0 -9999.0 -9999.0 -9999.0 -9999.0 -9999.0 -9999.0 -9999.0 -9999.0 -9999.0 -9999.0 -9999.0 -9999.0 -9999.0 -9999.0 -9999.0 -9999.0 -9999.0 -9999.0 -9999.0 -9999.0 -9999.0 -9999.0 -9999.0 -9999.0 -9999.0 -9999.0 -9999.0 -9999.0 -9999.0 -9999.0 -9999.0 -9999.0 -9999.0 -9999.0 -9999.0 -9999.0 -9999.0 -9999.0 -9999.0 -9999.0 -9999.0 -9999.0 -9999.0 -9999.0 -9999.0 -9999.0 -9999.0 -9999.0 -9999.0 -9999.0 -9999.0 -9999.0 -9999.0 -9999.0 -9999.0 -9999.0 -9999.0 -9999.0 -9999.0 -9999.0 -9999.0 -9999.0 -9999.0 -9999.0 -9999.0 -9999.0 -9999.0 -9999.0 -9999.0 -9999.0 -9999.0 -9999.0 -9999.0 -9999.0 -9999.0 -9999.0 -9999.0 -9999.0 -9999.0 -9999.0 -9999.0 -9999.0 -9999.0 -9999.0 -9999.0 -9999.0 -9999.0 -9999.0 -9999.0 -9999.0 -9999.0 -9999.0 -9999.0 -9999.0 -9999.0 -9999.0 -9999.0 -9999.0 -9999.0 -9999.0 -9999.0 -9999.0
-9999.0 -9999.0 -1272.570432 -1299.916322 -1307.990723 -1310.587621 -1311.445103 -1311.731943 -1311.829778 -1311.863451 -1311.875072 -1311.879082 -1311.880464 -1311.880939 -1311.881103 -1311.881159 -1311.881178 -1311.881185 -1311.881187 -1311.881188 -1311.881188 -1311.881188 -1311.881188 -1311.881188 -1311.881188 -1311.881188 -1311.881188 -1311.881188 -1311.881188 -1311.881188 -1311.881188 -1311.881188 -1311.881188 -1311.881188 -1311.881188 -1311.881188 -1311.881188 -1311.881187 -1311.881185 -1311.881157 -1311.880853 -1311.878351 -1311.863097 -1311.794599 -1311.566615 -1310.991611 -1310.549581 -1311.341335 -1311.592991 -1311.929362 -1312.329584 -1313.064362 -1311.903940 -1311.881503 -1311.881195 -1311.881189 -1311.881189 -1311.881188 -1311.881188 -1311.881188 -1311.881188 -1311.881188 -1311.881188 -1311.881188 -1311.881188 -1311.881188 -1311.881188 -1311.881188 -1311.881189 -1311.881189 -1311.881190 -1311.881191 -1311.881194 -1311.881199 -1311.881207 -1311.881223 -1311.881252 -1311.881301 -1311.881387 -1311.881530 -1311.881770 -1311.882162 -1311.882792 -1311.883792 -1311.885350 -1311.887742 -1311.891357 -1311.896743 -1311.904655 -1311.916123 -1311.932541 -1311.955776 -1311.988326 -1312.033524 -1312.095844 -1312.181356 -1312.298466 -1312.459217 -1312.681862 -1312.997875 -1313.528041 -1317.071233 -9999.0 -9999.0
-9999.0 -9999.0 -1272.570432 -1299.916322 -1307.990723 -1310.587621 -1311.445103 -1311.731943 -1311.829778 -1311.863451 -1311.875072 -1311.879082 -1311.880464 -1311.880939 -1311.881103 -1311.881159 -1311.881178 -1311.881185 -1311.881187 -1311.881188 -1311.881188 -1311.881188 -1311.881188 -1311.881188 -1311.881188 -1311.881188 -1311.881188 -1311.881188 -1311.881188 -1311.881188 -1311.881188 -1311.881188 -1311.881188 -1311.881188 -1311.881188 -1311.881188 -1311.881188 -1311.881187 -1311.881185 -1311.881157 -1311.880853 -1311.878351 -1311.863097 -1311.794599 -1311.566615 -1310.991611 -1310.549581 -1311.341335 -1311.592991 -1311.929362 -1312.329584 -1313.064362 -1311.903940 -1311.881503 -1311.881195 -1311.881189 -1311.881189 -1311.881188 -1311.881188 -1311.881188 -1311.881188 -1311.881188 -1311.881188 -1311.881188 -1311.881188 -1311.881188 -1311.881188 -1311.881188 -1311.881189 -1311.881189 -1311.881190 -1311.881191 -1311.881194 -1311.881199 -1311.881207 -1311.881223 -1311.881252 -1311.881301 -1311.881387 -1311.881530 -1311.881770 -1311.882162 -1311.882792 -1311.883792 -1311.885350 -1311.887742 -1311.891357 -1311.896743 -1311.904655 -1311.916123 -1311.932541 -1311.955776 -1311.988326 -1312.033524 -1312.095844 -1312.181356 -1312.298466 -1312.459217 -1312.681862 -1312.997875 -1313.528041 -1317.071233 -9999.0 -9999.0
-9999.0 -9999.0 -1272.570432 -1299.916322 -1307.990723 -1310.587621 -1311.445103 -1311.731943 -1311.829778 -1311.863451 -1311.875072 -1311.879082 -1311.880464 -1311.880939 -1311.881103 -1311.881159 -1311.881178 -1311.881185 -1311.881187 -1311.881188 -1311.881188 -1311.881188 -1311.881188 -1311.881188 -1311.881188 -1311.881188 -1311.881188 -1311.881188 -1311.881188 -1311.881188 -1311.881188 -1311.881188 -1311.881188 -1311.881188 -1311.881188 -1311.881188 -1311.881188 -1311.881187 -1311.881185 -1311.881157 -1311.880853 -1311.878351 -1311.863097 -1311.794599 -1311.566615 -1310.991611 -1310.549581 -1311.341335 -1311.592991 -1311.929362 -1312.329584 -1313.064362 -1311.903940 -1311.881503 -1311.881195 -1311.881189 -1311.881189 -1311.881188 -1311.881188 -1311.881188 -1311.881188 -1311.881188 -1311.881188 -1311.881188 -1311.881188 -1311.881188 -1311.881188 -1311.881188 -1311.881189 -1311.881189 -1311.881190 -1311.881191 -1311.881194 -1311.881199 -1311.881207 -1311.881223 -1311.881252 -1311.881301 -1311.881387 -1311.881530 -1311.881770 -1311.882162 -1311.882792 -1311.883792 -1311.885350 -1311.887742 -1311.891357 -1311.896743 -1311.904655 -1311.916123 -1311.932541 -1311.955776 -1311.988326 -1312.033524 -1312.095844 -1312.181356 -1312.298466 -1312.459217 -1312.681862 -1312.997875 -1313.528041 -1317.071233 -9999.0 -9999.0
-9999.0 -9999.0 -1272.570432 -1299.916322 -1307.990723 -1310.587621 -1311.445103 -1311.731943 -1311.829778 -1311.863451 -1311.875072 -1311.879082 -1311.880464 -1311.880939 -1311.881103 -1311.881159 -1311.881178 -1311.881185 -1311.881187 -1311.881188 -1311.881188 -1311.881188 -1311.881188 -1311.881188 -1311.881188 -1311.881188 -1311.881188 -1311.881188 -1311.881188 -1311.881188 -1311.881188 -1311.881188 -1311.881188 -1311.881188 -1311.881188 -1311.881188 -1311.881188 -1311.881187 -1311.881185 -1311.881157 -1311.880853 -1311.878351 -1311.863097 -1311.794599 -1311.566615 -1310.991611 -1310.549581 -1311.341335 -1311.592991 -1311.929362 -1312.329584 -1313.064362 -1311.903940 -1311.881503 -1311.881195 -1311.881189 -1311.881189 -1311.881188 -1311.881188 -1311.881188 -1311.881188 -1311.881188 -1311.881188 -1311.881188 -1311.881188 -1311.881188 -1311.881188 -1311.881188 -1311.881189 -1311.881189 -1311.881190 -1311.881191 -1311.881194 -1311.881199 -1311.881207 -1311.881223 -1311.881252 -1311.881301 -1311.881387 -1311.881530 -1311.881770 -1311.882162 -1311.882792 -1311.883792 -1311.885350 -1311.887742 -1311.891357 -1311.896743 -1311.904655 -1311.916123 -1311.932541 -1311.955776 -1311.988326 -1312.033524 -1312.095844 -1312.181356 -1312.298466 -1312.459217 -1312.681862 -1312.997875 -1313.528041 -1317.071233 -9999.0 -9999.0
-9999.0 -9999.0 -1272.570432 -1299.916322 -1307.990723 -1310.587621 -1311.445103 -1311.731943 -1311.829778 -1311.863451 -1311.875072 -1311.879082 -1311.880464 -1311.880939 -1311.881103 -1311.881159 -1311.881178 -1311.881185 -1311.881187 -1311.881188 -1311.881188 -1311.881188 -1311.881188 -1311.881188 -1311.881188 -1311.881188 -1311.881188 -1311.881188 -1311.881188 -1311.881188 -1311.881188 -1311.881188 -1311.881188 -1311.881188 -1311.881188 -1311.881188 -1311.881188 -1311.881187 -1311.881185 -1311.881157 -1311.880853 -1311.878351 -1311.863097 -1311.794599 -1311.566615 -1310.991611 -1310.549581 -1311.341335 -1311.592991 -1311.929362 -1312.329584 -1313.064362 -1311.903940 -1311.881503 -1311.881195 -1311.881189 -1311.881189 -1311.881188 -1311.881188 -1311.881188 -1311.881188 -1311.881188 -1311.881188 -1311.881188 -1311.881188 -1311.881188 -1311.881188 -1311.881188 -1311.881189 -1311.881189 -1311.881190 -1311.881191 -1311.881194 -1311.881199 -1311.881207 -1311.881223 -1311.881252 -1311.881301 -1311.881387 -1311.881530 -1311.881770 -1311.882162 -1311.882792 -1311.883792 -1311.885350 -1311.887742 -1311.891357 -1311.896743 -1311.904655 -1311.916123 -1311.932541 -1311.955776 -1311.988326 -1312.033524 -1312.095844 -1312.181356 -1312.298466 -1312.459217 -1312.681862 -1312.997875 -1313.528041 -1317.071233 -9999.0 -9999.0
-9999.0 -9999.0 -1272.570432 -1299.916322 -1307.990723 -1310.587621 -1311.445103 -1311.731943 -1311.829778 -1311.863451 -1311.875072 -1311.879082 -1311.880464 -1311.880939 -1311.881103 -1311.881159 -1311.881178 -1311.881185 -1311.881187 -1311.881188 -1311.881188 -1311.881188 -1311.881188 -1311.881188 -1311.881188 -1311.881188 -1311.881188 -1311.881188 -1311.881188 -1311.881188 -1311.881188 -1311.881188 -1311.881188 -1311.881188 -1311.881188 -1311.881188 -1311.881188 -1311.881187 -1311.881185 -1311.881157 -1311.880853 -1311.878351 -1311.863097 -1311.794599 -1311.566615 -1310.991611 -1310.549581 -1311.341335 -1311.592991 -1311.929362 -1312.329584 -1313.064362 -1311.903940 -1311.881503 -1311.881195 -1311.881189 -1311.881189 -1311.881188 -1311.881188 -1311.881188 -1311.881188 -1311.881188 -1311.881188 -1311.881188 -1311.881188 -1311.881188 -1311.881188 -1311.881188 -1311.881189 -1311.881189 -1311.881190 -1311.881191 -1311.881194 -1311.881199 -1311.881207 -1311.881223 -1311.881252 -1311.881301 -1311.881387 -1311.881530 -1311.881770 -1311.882162 -1311.882792 -1311.883792 -1311.885350 -1311.887742 -1311.891357 -1311.896743 -1311.904655 -1311.916123 -1311.932541 -1311.955776 -1311.988326 -1312.033524 -1312.095844 -1312.181356 -1312.298466 -1312.459217 -1312.681862 -1312.997875 -1313.528041 -1317.071233 -9999.0 -9999.0
-9999.0 -9999.0 -9999.0 -9999.0 -9999.0 -9999.0 -9999.0 -9999.0 -9999.0 -9999.0 -9999.0 -9999.0 -9999.0 -9999.0 -9999.0 -9999.0 -9999.0 -9999.0 -9999.0 -9999.0 -9999.0 -9999.0 -9999.0 -9999.0 -9999.0 -9999.0 -9999.0 -9999.0 -9999.0 -9999.0 -9999.0 -9999.0 -9999.0 -9999.0 -9999.0 -9999.0 -9999.0 -9999.0 -9999.0 -9999.0 -9999.0 -9999.0 -9999.0 -9999.0 -9999.0 -9999.0 -9999.0 -9999.0 -9999.0 -9999.0 -9999.0 -9999.0 -9999.0 -9999.0 -9999.0 -9999.0 -9999.0 -9999.0 -9999.0 -9999.0 -9999.0 -9999.0 -9999.0 -9999.0 -9999.0 -9999.0 -9999.0 -9999.0 -9999.0 -9999.0 -9999.0 -9999.0 -9999.0 -9999.0 -9999.0 -9999.0 -9999.0 -9999.0 -9999.0 -9999.0 -9999.0 -9999.0 -9999.0 -9999.0 -9999.0 -9999.0 -9999.0 -9999.0 -9999.0 -9999.0 -9999.0 -9999.0 -9999.0 -9999.0 -9999.0 -9999.0 -9999.0 -9999.0 -9999.0 -9999.0 -9999.0 -9999.0 -9999.0 -9999.0
-9999.0 -9999.0 -9999.0 -9999.0 -9999.0 -9999.0 -9999.0 -9999.0 -9999.0 -9999.0 -9999.0 -9999.0 -9999.0 -9999.0 -9999.0 -9999.0 -9999.0 -9999.0 -9999.0 -9999.0 -9999.0 -9999.0 -9999.0 -9999.0 -9999.0 -9999.0 -9999.0 -9999.0 -9999.0 -9999.0 -9999.0 -9999.0 -9999.0 -9999.0 -9999.0 -9999.0 -9999.0 -9999.0 -9999.0 -9999.0 -9999.0 -9999.0 -9999.0 -9999.0 -9999.0 -9999.0 -9999.0 -9999.0 -9999.0 -9999.0 -9999.0 -9999.0 -9999.0 -9999.0 -9999.0 -9999.0 -9999.0 -9999.0 -9999.0 -9999.0 -9999.0 -9999.0 -9999.0 -9999.0 -9999.0 -9999.0 -9999.0 -9999.0 -9999.0 -9999.0 -9999.0 -9999.0 -9999.0 -9999.0 -9999.0 -9999.0 -9999.0 -9999.0 -9999.0 -9999.0 -9999.0 -9999.0 -9999.0 -9999.0 -9999.0 -9999.0 -9999.0 -9999.0 -9999.0 -9999.0 -9999.0 -9999.0 -9999.0 -9999.0 -9999.0 -9999.0 -9999.0 -9999.0 -9999.0 -9999.0 -9999.0 -9999.0 -9999.0 -9999.0