tests/3D/hillslope02_superslab/out/maps3D/PwL0078N0006.asc
ncols         104
nrows         10
xllcorner     -2.000000
yllcorner     0.000000
cellsize      1.000000
NODATA_value  -9999.0
-9999.0 -9999.0 -9999.0 -9999.0 -9999.0 -9999.0 -9999.0 -9999.0 -9999.0 -9999.0 -9999.0 -9999.0 -9999.0 -9999.0 -9999.0 -9999.0 -9999.0 -9999.0 -9999.0 -9999.0 -9999.0 -9999.0 -9999.0 -9999.0 -9999.0 -9999.0 -9999.0 -9999.0 -9999.0 -9999.0 -9999.0 -9999.0 -9999.0 -9999.0 -9999.0 -9999.0 -9999.0 -9999.0 -9999.0 -9999.0 -9999.0 -9999.0 -9999.0 -9999.0 -9999.0 -9999.0 -9999.0 -9999.0 -9999.0 -9999.0 -9999.0 -9999.0 -9999.0 -9999.0 -9999.0 -9999.0 -9999.0 -9999.0 -9999.0 -9999.0 -9999.0 -9999.0 -9999.0 -9999.0 -9999.0 -9999.0 -9999.0 -9999.0 -9999.0 -9999.0 -9999.0 -9999.0 -9999.0 -9999.0 -9999.0 -9999.0 -9999.0 -9999.0 -9999.0 -9999.0 -9999.0 -9999.0 -9999.0 -9999.0 -9999.0 -9999.0 -9999.0 -9999.0 -9999.0 -9999.0 -9999.0 -9999.0 -9999.0 -9999.0 -9999.0 -9999.0 -9999.0 -9999.0 -9999.0 -9999.0 -9999.0 -9999.0 -9999.0 -9999.0
-9999.0 -9999.0 -9999.0 -9999.0 -9999.0 -9999.0 -9999.0 -9999.0 -9999.0 -9999.0 -9999.0 -9999.0 -9999.0 -9999.0 -9999.0 -9999.0 -9999.0 -9999.0 -9999.0 -9999.0 -9999.0 -9999.0 -9999.0 -9999.0 -9999.0 -9999.0 -9999.0 -9999.0 -9999.0 -9999.0 -9999.0 -9999.0 -9999.0 -9999.0 -9999.0 -9999.0 -9999.0 -9999.0 -9999.0 -9999.0 -9999.0 -9999.0 -9999.0 -9999.0 -9999.0 -9999.0 -9999.0 -9999.0 -9999.0 -9999.0 -9999.0 -9999.0 -9999.0 -9999.0 -9999.0 -9999.0 -9999.0 -9999.0 -9999.0 -9999.0 -9999.0 -9999.0 -9999.0 -9999.0 -9999.0 -9999.0 -9999.0 -9999.0 -9999.0 -9999.0 -9999.0 -9999.0 -9999.0 -9999.0 -9999.0 -9999.0 -9999.0 -9999.0 -9999.0 -9999.0 -9999.0 -9999.0 -9999.0 -9999.0 -9999.0 -9999.0 -9999.0 -9999.0 -9999.0 -9999.0 -9999.0 -9999.0 -9999.0 -9999.0 -9999.0 -9999.0 -9999.0 -9999.0 -9999.0 -9999.0 -9999.0 -9999.0 -9999.0 -9999.0
-9999.0 -9999.0 -503.257636 -618.414788 -739.640197 -859.982484 -964.808646 -1038.983839 -1081.028664 -1100.856406 -1108.937653 -1112.006655 -1113.162810 -1113.598216 -1113.762182 -1113.823903 -1113.847113 -1113.855823 -1113.859073 -1113.860268 -1113.860690 -1113.860821 -1113.860844 -1113.860829 -1113.860803 -1113.860779 -1113.860762 -1113.860758 -1113.860772 -1113.860811 -1113.860881 -1113.861005 -1113.861199 -1113.861490 -1113.861910 -1113.862503 -1113.863323 -1113.864425 -1113.865806 -1113.867145 -1113.866966 -1113.860666 -1113.837032 -1113.773736 -1113.633180 -1113.359531 -1112.874710 -1112.064741 -1111.515233 -1112.343637 -1113.276288 -1119.389305 -1114.306166 -1114.127392 -1114.174150 -1114.239290 -1114.316143 -1114.405650 -1114.509171 -1114.628195 -1114.764296 -1114.919126 -1115.094400 -1115.291896 -1115.513449 -1115.760950 -1116.036343 -1116.341630 -1116.678872 -1117.050192 -1117.457785 -1117.903926 -1118.390983 -1118.921436 -1119.497892 -1120.123112 -1120.800040 -1121.531841 -1122.321938 -1123.174069 -1124.092350 -1125.081345 -1126.146169 -1127.292598 -1128.527218 -1129.857608 -1131.292578 -1132.842478 -1134.519603 -1136.338742 -1138.317932 -1140.479511 -1142.851649 -1145.470616 -1148.384295 -1151.657865 -1155.383532 -1159.698545 -1164.822992 -1171.166386 -1179.897731 -1198.159518 -9999.0 -9999.0
-9999.0 -9999.0 -503.257635 -618.414788 -739.640197 -859.982484 -964.808646 -1038.983839 -1081.028664 -1100.856406 -1108.937653 -1112.006655 -1113.162810 -1113.598216 -1113.762182 -1113.823903 -1113.847113 -1113.855823 -1113.859073 -1113.860268 -1113.860690 -1113.860821 -1113.860844 -1113.860829 -1113.860803 -1113.860779 -1113.860762 -1113.860758 -1113.860772 -1113.860811 -1113.860881 -1113.861005 -1113.861199 -1113.861490 -1113.861910 -1113.862503 -1113.863323 -1113.864425 -1113.865806 -1113.867145 -1113.866966 -1113.860666 -1113.837032 -1113.773736 -1113.633180 -1113.359531 -1112.874710 -1112.064741 -1111.515233 -1112.343637 -1113.276288 -1119.389305 -1114.306166 -1114.127392 -1114.174150 -1114.239290 -1114.316143 -1114.405650 -1114.509171 -1114.628195 -1114.764296 -1114.919126 -1115.094400 -1115.291896 -1115.513449 -1115.760950 -1116.036343 -1116.341630 -1116.678872 -1117.050192 -1117.457785 -1117.903926 -1118.390983 -1118.921436 -1119.497892 -1120.123112 -1120.800040 -1121.531841 -1122.321938 -1123.174069 -1124.092350 -1125.081345 -1126.146169 -1127.292598 -1128.527218 -1129.857608 -1131.292578 -1132.842478 -1134.519603 -1136.338742 -1138.317932 -1140.479511 -1142.851649 -1145.470616 -1148.384295 -1151.657865 -1155.383532 -1159.698545 -1164.822992 -1171.166386 -1179.897731 -1198.159518 -9999.0 -9999.0
-9999.0 -9999.0 -503.257635 -618.414788 -739.640197 -859.982484 -964.808646 -1038.983839 -1081.028664 -1100.856406 -1108.937653 -1112.006655 -1113.162810 -1113.598216 -1113.762182 -1113.823903 -1113.847113 -1113.855823 -1113.859073 -1113.860268 -1113.860690 -1113.860821 -1113.860844 -1113.860829 -1113.860803 -1113.860779 -1113.860762 -1113.860758 -1113.860772 -1113.860811 -1113.860881 -1113.861005 -1113.861199 -1113.861490 -1113.861910 -1113.862503 -1113.863323 -1113.864425 -1113.865806 -1113.867145 -1113.866966 -1113.860666 -1113.837032 -1113.773736 -1113.633180 -1113.359531 -1112.874710 -1112.064741 -1111.515233 -1112.343637 -1113.276288 -1119.389305 -1114.306166 -1114.127392 -1114.174150 -1114.239290 -1114.316143 -1114.405650 -1114.509171 -1114.628195 -1114.764296 -1114.919126 -1115.094400 -1115.291896 -1115.513449 -1115.760950 -1116.036343 -1116.341630 -1116.678872 -1117.050192 -1117.457785 -1117.903926 -1118.390983 -1118.921436 -1119.497892 -1120.123112 -1120.800040 -1121.531841 -1122.321938 -1123.174069 -1124.092350 -1125.081345 -1126.146169 -1127.292598 -1128.527218 -1129.857608 -1131.292578 -1132.842478 -1134.519603 -1136.338742 -1138.317932 -1140.479511 -1142.851649 -1145.470616 -1148.384295 -1151.657865 -1155.383532 -1159.698545 -1164.822992 -1171.166386 -1179.897731 -1198.159518 -9999.0 -9999.0
-9999.0 -9999.0 -503.257635 -618.414788 -739.640197 -859.982484 -964.808646 -1038.983839 -1081.028664 -1100.856406 -1108.937653 -1112.006655 -1113.162810 -1113.598216 -1113.762182 -1113.823903 -1113.847113 -1113.855823 -1113.859073 -1113.860268 -1113.860690 -1113.860821 -1113.860844 -1113.860829 -1113.860803 -1113.860779 -1113.860762 -1113.860758 -1113.860772 -1113.860811 -1113.860881 -1113.861005 -1113.861199 -1113.861490 -1113.861910 -1113.862503 -1113.863323 -1113.864425 -1113.865806 -1113.867145 -1113.866966 -1113.860666 -1113.837032 -1113.773736 -1113.633180 -1113.359531 -1112.874710 -1112.064741 -1111.515233 -1112.343637 -1113.276288 -1119.389305 -1114.306166 -1114.127392 -1114.174150 -1114.239290 -1114.316143 -1114.405650 -1114.509171 -1114.628195 -1114.764296 -1114.919126 -1115.094400 -1115.291896 -1115.513449 -1115.760950 -1116.036343 -1116.341630 -1116.678872 -1117.050192 -1117.457785 -1117.903926 -1118.390983 -1118.921436 -1119.497892 -1120.123112 -1120.800040 -1121.531841 -1122.321938 -1123.174069 -1124.092350 -1125.081345 -1126.146169 -1127.292598 -1128.527218 -1129.857608 -1131.292578 -1132.842478 -1134.519603 -1136.338742 -1138.317932 -1140.479511 -1142.851649 -1145.470616 -1148.384295 -1151.657865 -1155.383532 -1159.698545 -1164.822992 -1171.166386 -1179.897731 -1198.159518 -9999.0 -9999.0
-9999.0 -9999.0 -503.257635 -618.414788 -739.640197 -859.982484 -964.808646 -1038.983839 -1081.028664 -1100.856406 -1108.937653 -1112.006655 -1113.162810 -1113.598216 -1113.762182 -1113.823903 -1113.847113 -1113.855823 -1113.859073 -1113.860268 -1113.860690 -1113.860821 -1113.860844 -1113.860829 -1113.860803 -1113.860779 -1113.860762 -1113.860758 -1113.860772 -1113.860811 -1113.860881 -1113.861005 -1113.861199 -1113.861490 -1113.861910 -1113.862503 -1113.863323 -1113.864425 -1113.865806 -1113.867145 -1113.866966 -1113.860666 -1113.837032 -1113.773736 -1113.633180 -1113.359531 -1112.874710 -1112.064741 -1111.515233 -1112.343637 -1113.276288 -1119.389305 -1114.306166 -1114.127392 -1114.174150 -1114.239290 -1114.316143 -1114.405650 -1114.509171 -1114.628195 -1114.764296 -1114.919126 -1115.094400 -1115.291896 -1115.513449 -1115.760950 -1116.036343 -1116.341630 -1116.678872 -1117.050192 -1117.457785 -1117.903926 -1118.390983 -1118.921436 -1119.497892 -1120.123112 -1120.800040 -1121.531841 -1122.321938 -1123.174069 -1124.092350 -1125.081345 -1126.146169 -1127.292598 -1128.527218 -1129.857608 -1131.292578 -1132.842478 -1134.519603 -1136.338742 -1138.317932 -1140.479511 -1142.851649 -1145.470616 -1148.384295 -1151.657865 -1155.383532 -1159.698545 -1164.822992 -1171.166386 -1179.897731 -1198.159518 -9999.0 -9999.0
-9999.0 -9999.0 -503.257636 -618.414788 -739.640197 -859.982484 -964.808646 -1038.983839 -1081.028664 -1100.856406 -1108.937653 -1112.006655 -1113.162810 -1113.598216 -1113.762182 -1113.823903 -1113.847113 -1113.855823 -1113.859073 -1113.860268 -1113.860690 -1113.860821 -1113.860844 -1113.860829 -1113.860803 -1113.860779 -1113.860762 -1113.860758 -1113.860772 -1113.860811 -1113.860881 -1113.861005 -1113.861199 -1113.861490 -1113.861910 -1113.862503 -1113.863323 -1113.864425 -1113.865806 -1113.867145 -1113.866966 -1113.860666 -1113.837032 -1113.773736 -1113.633180 -1113.359531 -1112.874710 -1112.064741 -1111.515233 -1112.343637 -1113.276288 -1119.389305 -1114.306166 -1114.127392 -1114.174150 -1114.239290 -1114.316143 -1114.405650 -1114.509171 -1114.628195 -1114.764296 -1114.919126 -1115.094400 -1115.291896 -1115.513449 -1115.760950 -1116.036343 -1116.341630 -1116.678872 -1117.050192 -1117.457785 -1117.903926 -1118.390983 -1118.921436 -1119.497892 -1120.123112 -1120.800040 -1121.531841 -1122.321938 -1123.174069 -1124.092350 -1125.081345 -1126.146169 -1127.292598 -1128.527218 -1129.857608 -1131.292578 -1132.842478 -1134.519603 -1136.338742 -1138.317932 -1140.479511 -1142.851649 -1145.470616 -1148.384295 -1151.657865 -1155.383532 -1159.698545 -1164.822992 -1171.166386 -1179.897731 -1198.159518 -9999.0 -9999.0
-9999.0 -9999.0 -9999.0 -9999.0 -9999.0 -9999.0 -9999.0 -9999.0 -9999.0 -9999.0 -9999.0 -9999.0 -9999.0 -9999.0 -9999.0 -9999.0 -9999.0 -9999.0 -9999.0 -9999.0 -9999.0 -9999.0 -9999.0 -9999.0 -9999.0 -9999.0 -9999.0 -9999.0 -9999.0 -9999.0 -9999.0 -9999.0 -9999.0 -9999.0 -9999.0 -9999.0 -9999.0 -9999.0 -9999.0 -9999.0 -9999.0 -9999.0 -9999.0 -9999.0 -9999.0 -9999.0 -9999.0 -9999.0 -9999.0 -9999.0 -9999.0 -9999.0 -9999.0 -9999.0 -9999.0 -9999.0 -9999.0 -9999.0 -9999.0 -9999.0 -9999.0 -9999.0 -9999.0 -9999.0 -9999.0 -9999.0 -9999.0 -9999.0 -9999.0 -9999.0 -9999.0 -9999.0 -9999.0 -9999.0 -9999.0 -9999.0 -9999.0 -9999.0 -9999.0 -9999.0 -9999.0 -9999.0 -9999.0 -9999.0 -9999.0 -9999.0 -9999.0 -9999.0 -9999.0 -9999.0 -9999.0 -9999.0 -9999.0 -9999.0 -9999.0 -9999.0 -9999.0 -9999.0 -9999.0 -9999.0 -9999.0 -9999.0 -9999.0 -9999.0
-9999.0 -9999.0 -9999.0 -9999.0 -9999.0 -9999.0 -9999.0 -9999.0 -9999.0 -9999.0 -9999.0 -9999.0 -9999.0 -9999.0 -9999.0 -9999.0 -9999.0 -9999.0 -9999.0 -9999.0 -9999.0 -9999.0 -9999.0 -9999.0 -9999.0 -9999.0 -9999.0 -9999.0 -9999.0 -9999.0 -9999.0 -9999.0 -9999.0 -9999.0 -9999.0 -9999.0 -9999.0 -9999.0 -9999.0 -9999.0 -9999.0 -9999.0 -9999.0 -9999.0 -9999.0 -9999.0 -9999.0 -9999.0 -9999.0 -9999.0 -9999.0 -9999.0 -9999.0 -9999.0 -9999.0 -9999.0 -9999.0 -9999.0 -9999.0 -9999.0 -9999.0 -9999.0 -9999.0 -9999.0 -9999.0 -9999.0 -9999.0 -9999.0 -9999.0 -9999.0 -9999.0 -9999.0 -9999.0 -9999.0 -9999.0 -9999.0 -9999.0 -9999.0 -9999.0 -9999.0 -9999.0 -9999.0 -9999.0 -9999.0 -9999.0 -9999.0 -9999.0 -9999.0 -9999.0 -9999.0 -9999.0 -9999.0 -9999.0 -9999.0 -9999.0 -9999.0 -9999.0 -9999.0 -9999.0 -9999.0 -9999.0 -9999.0 -9999.0 -9999.0