tests/3D/hillslope02_superslab/out/maps3D/PwL0069N0004.asc
ncols         104
nrows         10
xllcorner     -2.000000
yllcorner     0.000000
cellsize      1.000000
NODATA_value  -9999.0
-9999.0 -9999.0 -9999.0 -9999.0 -9999.0 -9999.0 -9999.0 -9999.0 -9999.0 -9999.0 -9999.0 -9999.0 -9999.0 -9999.0 -9999.0 -9999.0 -9999.0 -9999.0 -9999.0 -9999.0 -9999.0 -9999.0 -9999.0 -9999.0 -9999.0 -9999.0 -9999.0 -9999.0 -9999.0 -9999.0 -9999.0 -9999.0 -9999.0 -9999.0 -9999.0 -9999.0 -9999.0 -9999.0 -9999.0 -9999.0 -9999.0 -9999.0 -9999.0 -9999.0 -9999.0 -9999.0 -9999.0 -9999.0 -9999.0 -9999.0 -9999.0 -9999.0 -9999.0 -9999.0 -9999.0 -9999.0 -9999.0 -9999.0 -9999.0 -9999.0 -9999.0 -9999.0 -9999.0 -9999.0 -9999.0 -9999.0 -9999.0 -9999.0 -9999.0 -9999.0 -9999.0 -9999.0 -9999.0 -9999.0 -9999.0 -9999.0 -9999.0 -9999.0 -9999.0 -9999.0 -9999.0 -9999.0 -9999.0 -9999.0 -9999.0 -9999.0 -9999.0 -9999.0 -9999.0 -9999.0 -9999.0 -9999.0 -9999.0 -9999.0 -9999.0 -9999.0 -9999.0 -9999.0 -9999.0 -9999.0 -9999.0 -9999.0 -9999.0 -9999.0
-9999.0 -9999.0 -9999.0 -9999.0 -9999.0 -9999.0 -9999.0 -9999.0 -9999.0 -9999.0 -9999.0 -9999.0 -9999.0 -9999.0 -9999.0 -9999.0 -9999.0 -9999.0 -9999.0 -9999.0 -9999.0 -9999.0 -9999.0 -9999.0 -9999.0 -9999.0 -9999.0 -9999.0 -9999.0 -9999.0 -9999.0 -9999.0 -9999.0 -9999.0 -9999.0 -9999.0 -9999.0 -9999.0 -9999.0 -9999.0 -9999.0 -9999.0 -9999.0 -9999.0 -9999.0 -9999.0 -9999.0 -9999.0 -9999.0 -9999.0 -9999.0 -9999.0 -9999.0 -9999.0 -9999.0 -9999.0 -9999.0 -9999.0 -9999.0 -9999.0 -9999.0 -9999.0 -9999.0 -9999.0 -9999.0 -9999.0 -9999.0 -9999.0 -9999.0 -9999.0 -9999.0 -9999.0 -9999.0 -9999.0 -9999.0 -9999.0 -9999.0 -9999.0 -9999.0 -9999.0 -9999.0 -9999.0 -9999.0 -9999.0 -9999.0 -9999.0 -9999.0 -9999.0 -9999.0 -9999.0 -9999.0 -9999.0 -9999.0 -9999.0 -9999.0 -9999.0 -9999.0 -9999.0 -9999.0 -9999.0 -9999.0 -9999.0 -9999.0 -9999.0
-9999.0 -9999.0 -1480.183783 -1532.855673 -1550.477376 -1556.312997 -1558.321717 -1559.025289 -1559.270902 -1559.357603 -1559.388574 -1559.399696 -1559.403696 -1559.405134 -1559.405651 -1559.405837 -1559.405903 -1559.405927 -1559.405936 -1559.405939 -1559.405940 -1559.405940 -1559.405940 -1559.405940 -1559.405940 -1559.405940 -1559.405940 -1559.405940 -1559.405940 -1559.405939 -1559.405939 -1559.405939 -1559.405938 -1559.405937 -1559.405936 -1559.405931 -1559.405897 -1559.405589 -1559.403485 -1559.392558 -1559.349122 -1559.214601 -1558.881002 -1558.191013 -1558.735726 -1558.980153 -1559.252508 -1559.656996 -1559.719848 -1559.628354 -1559.590410 -1559.985506 -1559.427721 -1559.406449 -1559.405957 -1559.405944 -1559.405943 -1559.405944 -1559.405946 -1559.405948 -1559.405953 -1559.405959 -1559.405969 -1559.405984 -1559.406005 -1559.406037 -1559.406084 -1559.406150 -1559.406245 -1559.406379 -1559.406566 -1559.406826 -1559.407183 -1559.407670 -1559.408329 -1559.409213 -1559.410389 -1559.411941 -1559.413977 -1559.416626 -1559.420050 -1559.424448 -1559.430060 -1559.437181 -1559.446165 -1559.457445 -1559.471538 -1559.489073 -1559.510809 -1559.537667 -1559.570773 -1559.611507 -1559.661588 -1559.723177 -1559.799051 -1559.892864 -1560.009590 -1560.156326 -1560.343947 -1560.593055 -1561.036662 -1565.164603 -9999.0 -9999.0
-9999.0 -9999.0 -1480.183783 -1532.855673 -1550.477376 -1556.312997 -1558.321717 -1559.025289 -1559.270902 -1559.357603 -1559.388574 -1559.399696 -1559.403696 -1559.405134 -1559.405651 -1559.405837 -1559.405903 -1559.405927 -1559.405936 -1559.405939 -1559.405940 -1559.405940 -1559.405940 -1559.405940 -1559.405940 -1559.405940 -1559.405940 -1559.405940 -1559.405940 -1559.405939 -1559.405939 -1559.405939 -1559.405938 -1559.405937 -1559.405936 -1559.405931 -1559.405897 -1559.405589 -1559.403485 -1559.392558 -1559.349122 -1559.214601 -1558.881002 -1558.191013 -1558.735726 -1558.980153 -1559.252508 -1559.656996 -1559.719848 -1559.628354 -1559.590410 -1559.985506 -1559.427721 -1559.406449 -1559.405957 -1559.405944 -1559.405943 -1559.405944 -1559.405946 -1559.405948 -1559.405953 -1559.405959 -1559.405969 -1559.405984 -1559.406005 -1559.406037 -1559.406084 -1559.406150 -1559.406245 -1559.406379 -1559.406566 -1559.406826 -1559.407183 -1559.407670 -1559.408329 -1559.409213 -1559.410389 -1559.411941 -1559.413977 -1559.416626 -1559.420050 -1559.424448 -1559.430060 -1559.437181 -1559.446165 -1559.457445 -1559.471538 -1559.489073 -1559.510809 -1559.537667 -1559.570773 -1559.611507 -1559.661588 -1559.723177 -1559.799051 -1559.892864 -1560.009590 -1560.156326 -1560.343947 -1560.593055 -1561.036662 -1565.164603 -9999.0 -9999.0
-9999.0 -9999.0 -1480.183783 -1532.855673 -1550.477376 -1556.312997 -1558.321717 -1559.025289 -1559.270902 -1559.357603 -1559.388574 -1559.399696 -1559.403696 -1559.405134 -1559.405651 -1559.405837 -1559.405903 -1559.405927 -1559.405936 -1559.405939 -1559.405940 -1559.405940 -1559.405940 -1559.405940 -1559.405940 -1559.405940 -1559.405940 -1559.405940 -1559.405940 -1559.405939 -1559.405939 -1559.405939 -1559.405938 -1559.405937 -1559.405936 -1559.405931 -1559.405897 -1559.405589 -1559.403485 -1559.392558 -1559.349122 -1559.214601 -1558.881002 -1558.191013 -1558.735726 -1558.980153 -1559.252508 -1559.656996 -1559.719848 -1559.628354 -1559.590410 -1559.985506 -1559.427721 -1559.406449 -1559.405957 -1559.405944 -1559.405943 -1559.405944 -1559.405946 -1559.405948 -1559.405953 -1559.405959 -1559.405969 -1559.405984 -1559.406005 -1559.406037 -1559.406084 -1559.406150 -1559.406245 -1559.406379 -1559.406566 -1559.406826 -1559.407183 -1559.407670 -1559.408329 -1559.409213 -1559.410389 -1559.411941 -1559.413977 -1559.416626 -1559.420050 -1559.424448 -1559.430060 -1559.437181 -1559.446165 -1559.457445 -1559.471538 -1559.489073 -1559.510809 -1559.537667 -1559.570773 -1559.611507 -1559.661588 -1559.723177 -1559.799051 -1559.892864 -1560.009590 -1560.156326 -1560.343947 -1560.593055 -1561.036662 -1565.164603 -9999.0 -9999.0
-9999.0 -9999.0 -1480.183783 -1532.855673 -1550.477376 -1556.312997 -1558.321717 -1559.025289 -1559.270902 -1559.357603 -1559.388574 -1559.399696 -1559.403696 -1559.405134 -1559.405651 -1559.405837 -1559.405903 -1559.405927 -1559.405936 -1559.405939 -1559.405940 -1559.405940 -1559.405940 -1559.405940 -1559.405940 -1559.405940 -1559.405940 -1559.405940 -1559.405940 -1559.405939 -1559.405939 -1559.405939 -1559.405938 -1559.405937 -1559.405936 -1559.405931 -1559.405897 -1559.405589 -1559.403485 -1559.392558 -1559.349122 -1559.214601 -1558.881002 -1558.191013 -1558.735726 -1558.980153 -1559.252508 -1559.656996 -1559.719848 -1559.628354 -1559.590410 -1559.985506 -1559.427721 -1559.406449 -1559.405957 -1559.405944 -1559.405943 -1559.405944 -1559.405946 -1559.405948 -1559.405953 -1559.405959 -1559.405969 -1559.405984 -1559.406005 -1559.406037 -1559.406084 -1559.406150 -1559.406245 -1559.406379 -1559.406566 -1559.406826 -1559.407183 -1559.407670 -1559.408329 -1559.409213 -1559.410389 -1559.411941 -1559.413977 -1559.416626 -1559.420050 -1559.424448 -1559.430060 -1559.437181 -1559.446165 -1559.457445 -1559.471538 -1559.489073 -1559.510809 -1559.537667 -1559.570773 -1559.611507 -1559.661588 -1559.723177 -1559.799051 -1559.892864 -1560.009590 -1560.156326 -1560.343947 -1560.593055 -1561.036662 -1565.164603 -9999.0 -9999.0
-9999.0 -9999.0 -1480.183783 -1532.855673 -1550.477376 -1556.312997 -1558.321717 -1559.025289 -1559.270902 -1559.357603 -1559.388574 -1559.399696 -1559.403696 -1559.405134 -1559.405651 -1559.405837 -1559.405903 -1559.405927 -1559.405936 -1559.405939 -1559.405940 -1559.405940 -1559.405940 -1559.405940 -1559.405940 -1559.405940 -1559.405940 -1559.405940 -1559.405940 -1559.405939 -1559.405939 -1559.405939 -1559.405938 -1559.405937 -1559.405936 -1559.405931 -1559.405897 -1559.405589 -1559.403485 -1559.392558 -1559.349122 -1559.214601 -1558.881002 -1558.191013 -1558.735726 -1558.980153 -1559.252508 -1559.656996 -1559.719848 -1559.628354 -1559.590410 -1559.985506 -1559.427721 -1559.406449 -1559.405957 -1559.405944 -1559.405943 -1559.405944 -1559.405946 -1559.405948 -1559.405953 -1559.405959 -1559.405969 -1559.405984 -1559.406005 -1559.406037 -1559.406084 -1559.406150 -1559.406245 -1559.406379 -1559.406566 -1559.406826 -1559.407183 -1559.407670 -1559.408329 -1559.409213 -1559.410389 -1559.411941 -1559.413977 -1559.416626 -1559.420050 -1559.424448 -1559.430060 -1559.437181 -1559.446165 -1559.457445 -1559.471538 -1559.489073 -1559.510809 -1559.537667 -1559.570773 -1559.611507 -1559.661588 -1559.723177 -1559.799051 -1559.892864 -1560.009590 -1560.156326 -1560.343947 -1560.593055 -1561.036662 -1565.164603 -9999.0 -9999.0
-9999.0 -9999.0 -1480.183783 -1532.855673 -1550.477376 -1556.312997 -1558.321717 -1559.025289 -1559.270902 -1559.357603 -1559.388574 -1559.399696 -1559.403696 -1559.405134 -1559.405651 -1559.405837 -1559.405903 -1559.405927 -1559.405936 -1559.405939 -1559.405940 -1559.405940 -1559.405940 -1559.405940 -1559.405940 -1559.405940 -1559.405940 -1559.405940 -1559.405940 -1559.405939 -1559.405939 -1559.405939 -1559.405938 -1559.405937 -1559.405936 -1559.405931 -1559.405897 -1559.405589 -1559.403485 -1559.392558 -1559.349122 -1559.214601 -1558.881002 -1558.191013 -1558.735726 -1558.980153 -1559.252508 -1559.656996 -1559.719848 -1559.628354 -1559.590410 -1559.985506 -1559.427721 -1559.406449 -1559.405957 -1559.405944 -1559.405943 -1559.405944 -1559.405946 -1559.405948 -1559.405953 -1559.405959 -1559.405969 -1559.405984 -1559.406005 -1559.406037 -1559.406084 -1559.406150 -1559.406245 -1559.406379 -1559.406566 -1559.406826 -1559.407183 -1559.407670 -1559.408329 -1559.409213 -1559.410389 -1559.411941 -1559.413977 -1559.416626 -1559.420050 -1559.424448 -1559.430060 -1559.437181 -1559.446165 -1559.457445 -1559.471538 -1559.489073 -1559.510809 -1559.537667 -1559.570773 -1559.611507 -1559.661588 -1559.723177 -1559.799051 -1559.892864 -1560.009590 -1560.156326 -1560.343947 -1560.593055 -1561.036662 -1565.164603 -9999.0 -9999.0
-9999.0 -9999.0 -9999.0 -9999.0 -9999.0 -9999.0 -9999.0 -9999.0 -9999.0 -9999.0 -9999.0 -9999.0 -9999.0 -9999.0 -9999.0 -9999.0 -9999.0 -9999.0 -9999.0 -9999.0 -9999.0 -9999.0 -9999.0 -9999.0 -9999.0 -9999.0 -9999.0 -9999.0 -9999.0 -9999.0 -9999.0 -9999.0 -9999.0 -9999.0 -9999.0 -9999.0 -9999.0 -9999.0 -9999.0 -9999.0 -9999.0 -9999.0 -9999.0 -9999.0 -9999.0 -9999.0 -9999.0 -9999.0 -9999.0 -9999.0 -9999.0 -9999.0 -9999.0 -9999.0 -9999.0 -9999.0 -9999.0 -9999.0 -9999.0 -9999.0 -9999.0 -9999.0 -9999.0 -9999.0 -9999.0 -9999.0 -9999.0 -9999.0 -9999.0 -9999.0 -9999.0 -9999.0 -9999.0 -9999.0 -9999.0 -9999.0 -9999.0 -9999.0 -9999.0 -9999.0 -9999.0 -9999.0 -9999.0 -9999.0 -9999.0 -9999.0 -9999.0 -9999.0 -9999.0 -9999.0 -9999.0 -9999.0 -9999.0 -9999.0 -9999.0 -9999.0 -9999.0 -9999.0 -9999.0 -9999.0 -9999.0 -9999.0 -9999.0 -9999.0
-9999.0 -9999.0 -9999.0 -9999.0 -9999.0 -9999.0 -9999.0 -9999.0 -9999.0 -9999.0 -9999.0 -9999.0 -9999.0 -9999.0 -9999.0 -9999.0 -9999.0 -9999.0 -9999.0 -9999.0 -9999.0 -9999.0 -9999.0 -9999.0 -9999.0 -9999.0 -9999.0 -9999.0 -9999.0 -9999.0 -9999.0 -9999.0 -9999.0 -9999.0 -9999.0 -9999.0 -9999.0 -9999.0 -9999.0 -9999.0 -9999.0 -9999.0 -9999.0 -9999.0 -9999.0 -9999.0 -9999.0 -9999.0 -9999.0 -9999.0 -9999.0 -9999.0 -9999.0 -9999.0 -9999.0 -9999.0 -9999.0 -9999.0 -9999.0 -9999.0 -9999.0 -9999.0 -9999.0 -9999.0 -9999.0 -9999.0 -9999.0 -9999.0 -9999.0 -9999.0 -9999.0 -9999.0 -9999.0 -9999.0 -9999.0 -9999.0 -9999.0 -9999.0 -9999.0 -9999.0 -9999.0 -9999.0 -9999.0 -9999.0 -9999.0 -9999.0 -9999.0 -9999.0 -9999.0 -9999.0 -9999.0 -9999.0 -9999.0 -9999.0 -9999.0 -9999.0 -9999.0 -9999.0 -9999.0 -9999.0 -9999.0 -9999.0 -9999.0 -9999.0