tests/3D/hillslope02_superslab/out/maps3D/PwL0100N0004.asc
ncols         104
nrows         10
xllcorner     -2.000000
yllcorner     0.000000
cellsize      1.000000
NODATA_value  -9999.0
-9999.0 -9999.0 -9999.0 -9999.0 -9999.0 -9999.0 -9999.0 -9999.0 -9999.0 -9999.0 -9999.0 -9999.0 -9999.0 -9999.0 -9999.0 -9999.0 -9999.0 -9999.0 -9999.0 -9999.0 -9999.0 -9999.0 -9999.0 -9999.0 -9999.0 -9999.0 -9999.0 -9999.0 -9999.0 -9999.0 -9999.0 -9999.0 -9999.0 -9999.0 -9999.0 -9999.0 -9999.0 -9999.0 -9999.0 -9999.0 -9999.0 -9999.0 -9999.0 -9999.0 -9999.0 -9999.0 -9999.0 -9999.0 -9999.0 -9999.0 -9999.0 -9999.0 -9999.0 -9999.0 -9999.0 -9999.0 -9999.0 -9999.0 -9999.0 -9999.0 -9999.0 -9999.0 -9999.0 -9999.0 -9999.0 -9999.0 -9999.0 -9999.0 -9999.0 -9999.0 -9999.0 -9999.0 -9999.0 -9999.0 -9999.0 -9999.0 -9999.0 -9999.0 -9999.0 -9999.0 -9999.0 -9999.0 -9999.0 -9999.0 -9999.0 -9999.0 -9999.0 -9999.0 -9999.0 -9999.0 -9999.0 -9999.0 -9999.0 -9999.0 -9999.0 -9999.0 -9999.0 -9999.0 -9999.0 -9999.0 -9999.0 -9999.0 -9999.0 -9999.0
-9999.0 -9999.0 -9999.0 -9999.0 -9999.0 -9999.0 -9999.0 -9999.0 -9999.0 -9999.0 -9999.0 -9999.0 -9999.0 -9999.0 -9999.0 -9999.0 -9999.0 -9999.0 -9999.0 -9999.0 -9999.0 -9999.0 -9999.0 -9999.0 -9999.0 -9999.0 -9999.0 -9999.0 -9999.0 -9999.0 -9999.0 -9999.0 -9999.0 -9999.0 -9999.0 -9999.0 -9999.0 -9999.0 -9999.0 -9999.0 -9999.0 -9999.0 -9999.0 -9999.0 -9999.0 -9999.0 -9999.0 -9999.0 -9999.0 -9999.0 -9999.0 -9999.0 -9999.0 -9999.0 -9999.0 -9999.0 -9999.0 -9999.0 -9999.0 -9999.0 -9999.0 -9999.0 -9999.0 -9999.0 -9999.0 -9999.0 -9999.0 -9999.0 -9999.0 -9999.0 -9999.0 -9999.0 -9999.0 -9999.0 -9999.0 -9999.0 -9999.0 -9999.0 -9999.0 -9999.0 -9999.0 -9999.0 -9999.0 -9999.0 -9999.0 -9999.0 -9999.0 -9999.0 -9999.0 -9999.0 -9999.0 -9999.0 -9999.0 -9999.0 -9999.0 -9999.0 -9999.0 -9999.0 -9999.0 -9999.0 -9999.0 -9999.0 -9999.0 -9999.0
-9999.0 -9999.0 478.234495 380.881244 287.304561 199.484680 121.120427 57.388009 14.595889 -8.610620 -18.471224 -22.361632 -23.850451 -24.413354 -24.625128 -24.704609 -24.734381 -24.745495 -24.749608 -24.751088 -24.751575 -24.751682 -24.751639 -24.751533 -24.751398 -24.751247 -24.751089 -24.750928 -24.750769 -24.750616 -24.750476 -24.750352 -24.750251 -24.750179 -24.750145 -24.750159 -24.750236 -24.750389 -24.750646 -24.751047 -24.751654 -24.752561 -24.753904 -24.755890 -24.758824 -24.763174 -24.769655 -24.779347 -24.793828 -24.815282 -24.846290 -24.886896 -24.918736 -24.971481 -25.046056 -25.144664 -25.271273 -25.430888 -25.629161 -25.872160 -26.166204 -26.517716 -26.933086 -27.418550 -27.980092 -28.623358 -29.353614 -30.175721 -31.094147 -32.112996 -33.236071 -34.466951 -35.809081 -37.265880 -38.840861 -40.537750 -42.360631 -44.314088 -46.403371 -48.634576 -51.014850 -53.552634 -56.257954 -59.142763 -62.221390 -65.511082 -69.032732 -72.811814 -76.879653 -81.275160 -86.047252 -91.258333 -96.989419 -103.347937 -110.480072 -118.591199 -127.981680 -139.114197 -152.752774 -170.288981 -194.666122 -233.969887 -9999.0 -9999.0
-9999.0 -9999.0 478.234495 380.881244 287.304561 199.484680 121.120427 57.388009 14.595889 -8.610620 -18.471224 -22.361632 -23.850451 -24.413354 -24.625128 -24.704609 -24.734381 -24.745495 -24.749608 -24.751088 -24.751575 -24.751682 -24.751639 -24.751533 -24.751398 -24.751247 -24.751089 -24.750928 -24.750769 -24.750616 -24.750476 -24.750352 -24.750251 -24.750179 -24.750145 -24.750159 -24.750236 -24.750389 -24.750646 -24.751047 -24.751654 -24.752561 -24.753904 -24.755890 -24.758824 -24.763174 -24.769655 -24.779347 -24.793828 -24.815282 -24.846290 -24.886896 -24.918736 -24.971481 -25.046056 -25.144664 -25.271273 -25.430888 -25.629161 -25.872160 -26.166204 -26.517716 -26.933086 -27.418550 -27.980092 -28.623358 -29.353614 -30.175721 -31.094147 -32.112996 -33.236071 -34.466951 -35.809081 -37.265880 -38.840861 -40.537750 -42.360631 -44.314088 -46.403371 -48.634576 -51.014850 -53.552634 -56.257954 -59.142763 -62.221390 -65.511082 -69.032732 -72.811814 -76.879653 -81.275160 -86.047252 -91.258333 -96.989419 -103.347937 -110.480072 -118.591199 -127.981680 -139.114197 -152.752774 -170.288981 -194.666122 -233.969887 -9999.0 -9999.0
-9999.0 -9999.0 478.234495 380.881244 287.304561 199.484680 121.120427 57.388009 14.595889 -8.610620 -18.471224 -22.361632 -23.850451 -24.413354 -24.625128 -24.704609 -24.734381 -24.745495 -24.749608 -24.751088 -24.751575 -24.751682 -24.751639 -24.751533 -24.751398 -24.751247 -24.751089 -24.750928 -24.750769 -24.750616 -24.750476 -24.750352 -24.750251 -24.750179 -24.750145 -24.750159 -24.750236 -24.750389 -24.750646 -24.751047 -24.751654 -24.752561 -24.753904 -24.755890 -24.758824 -24.763174 -24.769655 -24.779347 -24.793828 -24.815282 -24.846290 -24.886896 -24.918736 -24.971481 -25.046056 -25.144664 -25.271273 -25.430888 -25.629161 -25.872160 -26.166204 -26.517716 -26.933086 -27.418550 -27.980092 -28.623358 -29.353614 -30.175721 -31.094147 -32.112996 -33.236071 -34.466951 -35.809081 -37.265880 -38.840861 -40.537750 -42.360631 -44.314088 -46.403371 -48.634576 -51.014850 -53.552634 -56.257954 -59.142763 -62.221390 -65.511082 -69.032732 -72.811814 -76.879653 -81.275160 -86.047252 -91.258333 -96.989419 -103.347937 -110.480072 -118.591199 -127.981680 -139.114197 -152.752774 -170.288981 -194.666122 -233.969887 -9999.0 -9999.0
-9999.0 -9999.0 478.234495 380.881244 287.304561 199.484680 121.120427 57.388009 14.595889 -8.610620 -18.471224 -22.361632 -23.850451 -24.413354 -24.625128 -24.704609 -24.734381 -24.745495 -24.749608 -24.751088 -24.751575 -24.751682 -24.751639 -24.751533 -24.751398 -24.751247 -24.751089 -24.750928 -24.750769 -24.750616 -24.750476 -24.750352 -24.750251 -24.750179 -24.750145 -24.750159 -24.750236 -24.750389 -24.750646 -24.751047 -24.751654 -24.752561 -24.753904 -24.755890 -24.758824 -24.763174 -24.769655 -24.779347 -24.793828 -24.815282 -24.846290 -24.886896 -24.918736 -24.971481 -25.046056 -25.144664 -25.271273 -25.430888 -25.629161 -25.872160 -26.166204 -26.517716 -26.933086 -27.418550 -27.980092 -28.623358 -29.353614 -30.175721 -31.094147 -32.112996 -33.236071 -34.466951 -35.809081 -37.265880 -38.840861 -40.537750 -42.360631 -44.314088 -46.403371 -48.634576 -51.014850 -53.552634 -56.257954 -59.142763 -62.221390 -65.511082 -69.032732 -72.811814 -76.879653 -81.275160 -86.047252 -91.258333 -96.989419 -103.347937 -110.480072 -118.591199 -127.981680 -139.114197 -152.752774 -170.288981 -194.666122 -233.969887 -9999.0 -9999.0
-9999.0 -9999.0 478.234495 380.881244 287.304561 199.484680 121.120427 57.388009 14.595889 -8.610620 -18.471224 -22.361632 -23.850451 -24.413354 -24.625128 -24.704609 -24.734381 -24.745495 -24.749608 -24.751088 -24.751575 -24.751682 -24.751639 -24.751533 -24.751398 -24.751247 -24.751089 -24.750928 -24.750769 -24.750616 -24.750476 -24.750352 -24.750251 -24.750179 -24.750145 -24.750159 -24.750236 -24.750389 -24.750646 -24.751047 -24.751654 -24.752561 -24.753904 -24.755890 -24.758824 -24.763174 -24.769655 -24.779347 -24.793828 -24.815282 -24.846290 -24.886896 -24.918736 -24.971481 -25.046056 -25.144664 -25.271273 -25.430888 -25.629161 -25.872160 -26.166204 -26.517716 -26.933086 -27.418550 -27.980092 -28.623358 -29.353614 -30.175721 -31.094147 -32.112996 -33.236071 -34.466951 -35.809081 -37.265880 -38.840861 -40.537750 -42.360631 -44.314088 -46.403371 -48.634576 -51.014850 -53.552634 -56.257954 -59.142763 -62.221390 -65.511082 -69.032732 -72.811814 -76.879653 -81.275160 -86.047252 -91.258333 -96.989419 -103.347937 -110.480072 -118.591199 -127.981680 -139.114197 -152.752774 -170.288981 -194.666122 -233.969887 -9999.0 -9999.0
-9999.0 -9999.0 478.234495 380.881244 287.304561 199.484680 121.120427 57.388009 14.595889 -8.610620 -18.471224 -22.361632 -23.850451 -24.413354 -24.625128 -24.704609 -24.734381 -24.745495 -24.749608 -24.751088 -24.751575 -24.751682 -24.751639 -24.751533 -24.751398 -24.751247 -24.751089 -24.750928 -24.750769 -24.750616 -24.750476 -24.750352 -24.750251 -24.750179 -24.750145 -24.750159 -24.750236 -24.750389 -24.750646 -24.751047 -24.751654 -24.752561 -24.753904 -24.755890 -24.758824 -24.763174 -24.769655 -24.779347 -24.793828 -24.815282 -24.846290 -24.886896 -24.918736 -24.971481 -25.046056 -25.144664 -25.271273 -25.430888 -25.629161 -25.872160 -26.166204 -26.517716 -26.933086 -27.418550 -27.980092 -28.623358 -29.353614 -30.175721 -31.094147 -32.112996 -33.236071 -34.466951 -35.809081 -37.265880 -38.840861 -40.537750 -42.360631 -44.314088 -46.403371 -48.634576 -51.014850 -53.552634 -56.257954 -59.142763 -62.221390 -65.511082 -69.032732 -72.811814 -76.879653 -81.275160 -86.047252 -91.258333 -96.989419 -103.347937 -110.480072 -118.591199 -127.981680 -139.114197 -152.752774 -170.288981 -194.666122 -233.969887 -9999.0 -9999.0
-9999.0 -9999.0 -9999.0 -9999.0 -9999.0 -9999.0 -9999.0 -9999.0 -9999.0 -9999.0 -9999.0 -9999.0 -9999.0 -9999.0 -9999.0 -9999.0 -9999.0 -9999.0 -9999.0 -9999.0 -9999.0 -9999.0 -9999.0 -9999.0 -9999.0 -9999.0 -9999.0 -9999.0 -9999.0 -9999.0 -9999.0 -9999.0 -9999.0 -9999.0 -9999.0 -9999.0 -9999.0 -9999.0 -9999.0 -9999.0 -9999.0 -9999.0 -9999.0 -9999.0 -9999.0 -9999.0 -9999.0 -9999.0 -9999.0 -9999.0 -9999.0 -9999.0 -9999.0 -9999.0 -9999.0 -9999.0 -9999.0 -9999.0 -9999.0 -9999.0 -9999.0 -9999.0 -9999.0 -9999.0 -9999.0 -9999.0 -9999.0 -9999.0 -9999.0 -9999.0 -9999.0 -9999.0 -9999.0 -9999.0 -9999.0 -9999.0 -9999.0 -9999.0 -9999.0 -9999.0 -9999.0 -9999.0 -9999.0 -9999.0 -9999.0 -9999.0 -9999.0 -9999.0 -9999.0 -9999.0 -9999.0 -9999.0 -9999.0 -9999.0 -9999.0 -9999.0 -9999.0 -9999.0 -9999.0 -9999.0 -9999.0 -9999.0 -9999.0 -9999.0
-9999.0 -9999.0 -9999.0 -9999.0 -9999.0 -9999.0 -9999.0 -9999.0 -9999.0 -9999.0 -9999.0 -9999.0 -9999.0 -9999.0 -9999.0 -9999.0 -9999.0 -9999.0 -9999.0 -9999.0 -9999.0 -9999.0 -9999.0 -9999.0 -9999.0 -9999.0 -9999.0 -9999.0 -9999.0 -9999.0 -9999.0 -9999.0 -9999.0 -9999.0 -9999.0 -9999.0 -9999.0 -9999.0 -9999.0 -9999.0 -9999.0 -9999.0 -9999.0 -9999.0 -9999.0 -9999.0 -9999.0 -9999.0 -9999.0 -9999.0 -9999.0 -9999.0 -9999.0 -9999.0 -9999.0 -9999.0 -9999.0 -9999.0 -9999.0 -9999.0 -9999.0 -9999.0 -9999.0 -9999.0 -9999.0 -9999.0 -9999.0 -9999.0 -9999.0 -9999.0 -9999.0 -9999.0 -9999.0 -9999.0 -9999.0 -9999.0 -9999.0 -9999.0 -9999.0 -9999.0 -9999.0 -9999.0 -9999.0 -9999.0 -9999.0 -9999.0 -9999.0 -9999.0 -9999.0 -9999.0 -9999.0 -9999.0 -9999.0 -9999.0 -9999.0 -9999.0 -9999.0 -9999.0 -9999.0 -9999.0 -9999.0 -9999.0 -9999.0 -9999.0