tests/3D/hillslope02_superslab/out/maps3D/PwL0055N0006.asc
ncols         104
nrows         10
xllcorner     -2.000000
yllcorner     0.000000
cellsize      1.000000
NODATA_value  -9999.0
-9999.0 -9999.0 -9999.0 -9999.0 -9999.0 -9999.0 -9999.0 -9999.0 -9999.0 -9999.0 -9999.0 -9999.0 -9999.0 -9999.0 -9999.0 -9999.0 -9999.0 -9999.0 -9999.0 -9999.0 -9999.0 -9999.0 -9999.0 -9999.0 -9999.0 -9999.0 -9999.0 -9999.0 -9999.0 -9999.0 -9999.0 -9999.0 -9999.0 -9999.0 -9999.0 -9999.0 -9999.0 -9999.0 -9999.0 -9999.0 -9999.0 -9999.0 -9999.0 -9999.0 -9999.0 -9999.0 -9999.0 -9999.0 -9999.0 -9999.0 -9999.0 -9999.0 -9999.0 -9999.0 -9999.0 -9999.0 -9999.0 -9999.0 -9999.0 -9999.0 -9999.0 -9999.0 -9999.0 -9999.0 -9999.0 -9999.0 -9999.0 -9999.0 -9999.0 -9999.0 -9999.0 -9999.0 -9999.0 -9999.0 -9999.0 -9999.0 -9999.0 -9999.0 -9999.0 -9999.0 -9999.0 -9999.0 -9999.0 -9999.0 -9999.0 -9999.0 -9999.0 -9999.0 -9999.0 -9999.0 -9999.0 -9999.0 -9999.0 -9999.0 -9999.0 -9999.0 -9999.0 -9999.0 -9999.0 -9999.0 -9999.0 -9999.0 -9999.0 -9999.0
-9999.0 -9999.0 -9999.0 -9999.0 -9999.0 -9999.0 -9999.0 -9999.0 -9999.0 -9999.0 -9999.0 -9999.0 -9999.0 -9999.0 -9999.0 -9999.0 -9999.0 -9999.0 -9999.0 -9999.0 -9999.0 -9999.0 -9999.0 -9999.0 -9999.0 -9999.0 -9999.0 -9999.0 -9999.0 -9999.0 -9999.0 -9999.0 -9999.0 -9999.0 -9999.0 -9999.0 -9999.0 -9999.0 -9999.0 -9999.0 -9999.0 -9999.0 -9999.0 -9999.0 -9999.0 -9999.0 -9999.0 -9999.0 -9999.0 -9999.0 -9999.0 -9999.0 -9999.0 -9999.0 -9999.0 -9999.0 -9999.0 -9999.0 -9999.0 -9999.0 -9999.0 -9999.0 -9999.0 -9999.0 -9999.0 -9999.0 -9999.0 -9999.0 -9999.0 -9999.0 -9999.0 -9999.0 -9999.0 -9999.0 -9999.0 -9999.0 -9999.0 -9999.0 -9999.0 -9999.0 -9999.0 -9999.0 -9999.0 -9999.0 -9999.0 -9999.0 -9999.0 -9999.0 -9999.0 -9999.0 -9999.0 -9999.0 -9999.0 -9999.0 -9999.0 -9999.0 -9999.0 -9999.0 -9999.0 -9999.0 -9999.0 -9999.0 -9999.0 -9999.0
-9999.0 -9999.0 2414.317642 2314.574144 2212.487510 2108.342142 2001.567707 1896.321938 1793.221086 1688.156361 1581.317767 1473.000778 1366.950226 1266.648950 1166.679026 1066.709085 967.739011 872.788555 782.467452 697.205663 613.557098 530.810581 449.183907 368.872787 289.758032 217.487212 155.043233 99.335037 46.563508 -4.052820 -52.239650 -97.152673 -138.218534 -175.566184 -207.385300 -234.008228 -256.793839 -157.407768 43.165974 232.322111 369.949623 486.005586 332.117153 187.995375 47.877258 -137.286863 -688.018438 -2249.404627 -2252.474763 -2252.475785 -2252.475234 -2252.471716 -2252.426085 -2251.872196 -2245.252314 -2167.628337 -1346.393862 712.868873 705.545936 694.728208 687.492197 675.861728 653.935879 622.738680 590.144155 557.186113 526.063077 497.320804 468.515661 439.222599 409.692563 379.690517 349.300050 318.546724 287.167923 255.577921 223.957130 192.099882 160.124247 126.129171 94.739680 65.994465 41.177305 19.713503 -2.655607 -27.649541 -55.849417 -85.329549 -116.293789 -148.583440 -179.883718 -209.800070 -238.203179 -262.803658 -288.756098 -323.587151 -388.321900 -539.034992 -1852.429930 -2252.055220 -2252.501538 -2254.529034 -9999.0 -9999.0
-9999.0 -9999.0 2414.325684 2314.579716 2212.490629 2108.343677 2001.568428 1896.322251 1793.221218 1688.156415 1581.317790 1473.000788 1366.950230 1266.648951 1166.679027 1066.709086 967.739011 872.788555 782.467452 697.205663 613.557098 530.810581 449.183907 368.872788 289.758032 217.487212 155.043233 99.335037 46.563508 -4.052820 -52.239650 -97.152673 -138.218534 -175.566184 -207.385300 -234.008228 -256.793839 -157.407768 43.165974 232.322112 369.949623 486.005586 332.117154 187.995375 47.877258 -137.286863 -688.018437 -2249.404627 -2252.474763 -2252.475785 -2252.475234 -2252.471716 -2252.426085 -2251.872196 -2245.252314 -2167.628337 -1346.393862 712.868873 705.545936 694.728208 687.492197 675.861728 653.935879 622.738680 590.144155 557.186113 526.063077 497.320804 468.515661 439.222599 409.692563 379.690517 349.300050 318.546724 287.167923 255.577921 223.957130 192.099882 160.124247 126.129171 94.739680 65.994465 41.177305 19.713503 -2.655607 -27.649541 -55.849417 -85.329549 -116.293789 -148.583440 -179.883718 -209.800070 -238.203179 -262.803658 -288.756098 -323.587151 -388.321900 -539.034992 -1852.429929 -2252.055220 -2252.501538 -2254.529034 -9999.0 -9999.0
-9999.0 -9999.0 2414.332792 2314.584772 2212.493540 2108.345144 2001.569127 1896.322558 1793.221348 1688.156470 1581.317814 1473.000797 1366.950233 1266.648953 1166.679027 1066.709086 967.739012 872.788555 782.467453 697.205663 613.557098 530.810581 449.183907 368.872788 289.758033 217.487212 155.043233 99.335037 46.563508 -4.052820 -52.239650 -97.152673 -138.218534 -175.566184 -207.385300 -234.008228 -256.793839 -157.407768 43.165974 232.322112 369.949624 486.005586 332.117154 187.995375 47.877258 -137.286863 -688.018437 -2249.404627 -2252.474763 -2252.475785 -2252.475234 -2252.471716 -2252.426085 -2251.872196 -2245.252314 -2167.628337 -1346.393862 712.868873 705.545936 694.728208 687.492197 675.861728 653.935879 622.738680 590.144155 557.186113 526.063077 497.320804 468.515661 439.222599 409.692563 379.690517 349.300050 318.546724 287.167923 255.577921 223.957130 192.099882 160.124247 126.129171 94.739680 65.994465 41.177305 19.713503 -2.655607 -27.649541 -55.849417 -85.329549 -116.293789 -148.583440 -179.883718 -209.800070 -238.203179 -262.803658 -288.756098 -323.587151 -388.321900 -539.034992 -1852.429929 -2252.055220 -2252.501538 -2254.529034 -9999.0 -9999.0
-9999.0 -9999.0 2414.332792 2314.584772 2212.493540 2108.345144 2001.569127 1896.322558 1793.221348 1688.156470 1581.317814 1473.000798 1366.950233 1266.648953 1166.679027 1066.709086 967.739012 872.788555 782.467453 697.205663 613.557098 530.810581 449.183907 368.872788 289.758033 217.487212 155.043233 99.335037 46.563508 -4.052820 -52.239650 -97.152673 -138.218534 -175.566184 -207.385300 -234.008228 -256.793839 -157.407768 43.165974 232.322112 369.949624 486.005586 332.117154 187.995375 47.877258 -137.286863 -688.018437 -2249.404627 -2252.474763 -2252.475785 -2252.475234 -2252.471716 -2252.426085 -2251.872196 -2245.252314 -2167.628337 -1346.393862 712.868873 705.545936 694.728208 687.492197 675.861728 653.935879 622.738680 590.144155 557.186113 526.063077 497.320804 468.515661 439.222599 409.692563 379.690517 349.300050 318.546724 287.167923 255.577921 223.957130 192.099882 160.124247 126.129171 94.739680 65.994465 41.177305 19.713503 -2.655607 -27.649541 -55.849417 -85.329549 -116.293789 -148.583440 -179.883718 -209.800070 -238.203179 -262.803658 -288.756098 -323.587151 -388.321900 -539.034991 -1852.429929 -2252.055220 -2252.501538 -2254.529034 -9999.0 -9999.0
-9999.0 -9999.0 2414.325684 2314.579716 2212.490629 2108.343677 2001.568428 1896.322251 1793.221218 1688.156415 1581.317790 1473.000788 1366.950230 1266.648951 1166.679027 1066.709086 967.739011 872.788555 782.467453 697.205663 613.557098 530.810581 449.183907 368.872788 289.758032 217.487212 155.043233 99.335037 46.563508 -4.052820 -52.239650 -97.152673 -138.218534 -175.566184 -207.385300 -234.008228 -256.793839 -157.407768 43.165974 232.322111 369.949623 486.005586 332.117154 187.995375 47.877258 -137.286863 -688.018437 -2249.404627 -2252.474763 -2252.475785 -2252.475234 -2252.471716 -2252.426085 -2251.872196 -2245.252314 -2167.628337 -1346.393862 712.868873 705.545936 694.728208 687.492197 675.861728 653.935879 622.738680 590.144155 557.186113 526.063077 497.320804 468.515661 439.222599 409.692563 379.690517 349.300050 318.546724 287.167923 255.577921 223.957130 192.099882 160.124247 126.129171 94.739680 65.994465 41.177305 19.713503 -2.655607 -27.649541 -55.849417 -85.329549 -116.293789 -148.583440 -179.883718 -209.800070 -238.203179 -262.803658 -288.756098 -323.587151 -388.321900 -539.034992 -1852.429929 -2252.055220 -2252.501538 -2254.529034 -9999.0 -9999.0
-9999.0 -9999.0 2414.317642 2314.574144 2212.487510 2108.342142 2001.567707 1896.321938 1793.221086 1688.156361 1581.317767 1473.000778 1366.950226 1266.648950 1166.679026 1066.709085 967.739011 872.788555 782.467452 697.205663 613.557098 530.810581 449.183907 368.872787 289.758032 217.487212 155.043233 99.335037 46.563508 -4.052820 -52.239650 -97.152673 -138.218534 -175.566184 -207.385300 -234.008228 -256.793839 -157.407768 43.165974 232.322111 369.949623 486.005586 332.117153 187.995374 47.877258 -137.286863 -688.018438 -2249.404627 -2252.474763 -2252.475785 -2252.475234 -2252.471716 -2252.426085 -2251.872196 -2245.252314 -2167.628337 -1346.393862 712.868873 705.545936 694.728208 687.492197 675.861728 653.935879 622.738681 590.144155 557.186113 526.063077 497.320804 468.515661 439.222599 409.692563 379.690517 349.300050 318.546724 287.167923 255.577921 223.957130 192.099882 160.124247 126.129171 94.739680 65.994465 41.177305 19.713503 -2.655607 -27.649541 -55.849417 -85.329549 -116.293789 -148.583440 -179.883718 -209.800070 -238.203179 -262.803658 -288.756098 -323.587151 -388.321900 -539.034992 -1852.429930 -2252.055220 -2252.501538 -2254.529034 -9999.0 -9999.0
-9999.0 -9999.0 -9999.0 -9999.0 -9999.0 -9999.0 -9999.0 -9999.0 -9999.0 -9999.0 -9999.0 -9999.0 -9999.0 -9999.0 -9999.0 -9999.0 -9999.0 -9999.0 -9999.0 -9999.0 -9999.0 -9999.0 -9999.0 -9999.0 -9999.0 -9999.0 -9999.0 -9999.0 -9999.0 -9999.0 -9999.0 -9999.0 -9999.0 -9999.0 -9999.0 -9999.0 -9999.0 -9999.0 -9999.0 -9999.0 -9999.0 -9999.0 -9999.0 -9999.0 -9999.0 -9999.0 -9999.0 -9999.0 -9999.0 -9999.0 -9999.0 -9999.0 -9999.0 -9999.0 -9999.0 -9999.0 -9999.0 -9999.0 -9999.0 -9999.0 -9999.0 -9999.0 -9999.0 -9999.0 -9999.0 -9999.0 -9999.0 -9999.0 -9999.0 -9999.0 -9999.0 -9999.0 -9999.0 -9999.0 -9999.0 -9999.0 -9999.0 -9999.0 -9999.0 -9999.0 -9999.0 -9999.0 -9999.0 -9999.0 -9999.0 -9999.0 -9999.0 -9999.0 -9999.0 -9999.0 -9999.0 -9999.0 -9999.0 -9999.0 -9999.0 -9999.0 -9999.0 -9999.0 -9999.0 -9999.0 -9999.0 -9999.0 -9999.0 -9999.0
-9999.0 -9999.0 -9999.0 -9999.0 -9999.0 -9999.0 -9999.0 -9999.0 -9999.0 -9999.0 -9999.0 -9999.0 -9999.0 -9999.0 -9999.0 -9999.0 -9999.0 -9999.0 -9999.0 -9999.0 -9999.0 -9999.0 -9999.0 -9999.0 -9999.0 -9999.0 -9999.0 -9999.0 -9999.0 -9999.0 -9999.0 -9999.0 -9999.0 -9999.0 -9999.0 -9999.0 -9999.0 -9999.0 -9999.0 -9999.0 -9999.0 -9999.0 -9999.0 -9999.0 -9999.0 -9999.0 -9999.0 -9999.0 -9999.0 -9999.0 -9999.0 -9999.0 -9999.0 -9999.0 -9999.0 -9999.0 -9999.0 -9999.0 -9999.0 -9999.0 -9999.0 -9999.0 -9999.0 -9999.0 -9999.0 -9999.0 -9999.0 -9999.0 -9999.0 -9999.0 -9999.0 -9999.0 -9999.0 -9999.0 -9999.0 -9999.0 -9999.0 -9999.0 -9999.0 -9999.0 -9999.0 -9999.0 -9999.0 -9999.0 -9999.0 -9999.0 -9999.0 -9999.0 -9999.0 -9999.0 -9999.0 -9999.0 -9999.0 -9999.0 -9999.0 -9999.0 -9999.0 -9999.0 -9999.0 -9999.0 -9999.0 -9999.0 -9999.0 -9999.0