tests/3D/hillslope02_superslab/out/maps3D/PwL0088N0006.asc
ncols         104
nrows         10
xllcorner     -2.000000
yllcorner     0.000000
cellsize      1.000000
NODATA_value  -9999.0
-9999.0 -9999.0 -9999.0 -9999.0 -9999.0 -9999.0 -9999.0 -9999.0 -9999.0 -9999.0 -9999.0 -9999.0 -9999.0 -9999.0 -9999.0 -9999.0 -9999.0 -9999.0 -9999.0 -9999.0 -9999.0 -9999.0 -9999.0 -9999.0 -9999.0 -9999.0 -9999.0 -9999.0 -9999.0 -9999.0 -9999.0 -9999.0 -9999.0 -9999.0 -9999.0 -9999.0 -9999.0 -9999.0 -9999.0 -9999.0 -9999.0 -9999.0 -9999.0 -9999.0 -9999.0 -9999.0 -9999.0 -9999.0 -9999.0 -9999.0 -9999.0 -9999.0 -9999.0 -9999.0 -9999.0 -9999.0 -9999.0 -9999.0 -9999.0 -9999.0 -9999.0 -9999.0 -9999.0 -9999.0 -9999.0 -9999.0 -9999.0 -9999.0 -9999.0 -9999.0 -9999.0 -9999.0 -9999.0 -9999.0 -9999.0 -9999.0 -9999.0 -9999.0 -9999.0 -9999.0 -9999.0 -9999.0 -9999.0 -9999.0 -9999.0 -9999.0 -9999.0 -9999.0 -9999.0 -9999.0 -9999.0 -9999.0 -9999.0 -9999.0 -9999.0 -9999.0 -9999.0 -9999.0 -9999.0 -9999.0 -9999.0 -9999.0 -9999.0 -9999.0
-9999.0 -9999.0 -9999.0 -9999.0 -9999.0 -9999.0 -9999.0 -9999.0 -9999.0 -9999.0 -9999.0 -9999.0 -9999.0 -9999.0 -9999.0 -9999.0 -9999.0 -9999.0 -9999.0 -9999.0 -9999.0 -9999.0 -9999.0 -9999.0 -9999.0 -9999.0 -9999.0 -9999.0 -9999.0 -9999.0 -9999.0 -9999.0 -9999.0 -9999.0 -9999.0 -9999.0 -9999.0 -9999.0 -9999.0 -9999.0 -9999.0 -9999.0 -9999.0 -9999.0 -9999.0 -9999.0 -9999.0 -9999.0 -9999.0 -9999.0 -9999.0 -9999.0 -9999.0 -9999.0 -9999.0 -9999.0 -9999.0 -9999.0 -9999.0 -9999.0 -9999.0 -9999.0 -9999.0 -9999.0 -9999.0 -9999.0 -9999.0 -9999.0 -9999.0 -9999.0 -9999.0 -9999.0 -9999.0 -9999.0 -9999.0 -9999.0 -9999.0 -9999.0 -9999.0 -9999.0 -9999.0 -9999.0 -9999.0 -9999.0 -9999.0 -9999.0 -9999.0 -9999.0 -9999.0 -9999.0 -9999.0 -9999.0 -9999.0 -9999.0 -9999.0 -9999.0 -9999.0 -9999.0 -9999.0 -9999.0 -9999.0 -9999.0 -9999.0 -9999.0
-9999.0 -9999.0 9.004638 -89.403952 -185.871251 -279.912326 -370.326125 -453.869071 -523.525320 -571.875014 -599.296138 -611.142708 -615.861403 -617.685768 -618.383073 -618.648365 -618.749092 -618.787312 -618.801847 -618.807452 -618.809675 -618.810645 -618.811300 -618.811977 -618.812855 -618.814071 -618.815765 -618.818107 -618.821314 -618.825658 -618.831482 -618.839220 -618.849400 -618.862673 -618.879818 -618.901762 -618.929594 -618.964573 -619.008136 -619.061894 -619.127609 -619.207110 -619.302125 -619.413986 -619.543294 -619.689627 -619.851374 -620.025486 -620.207109 -620.396129 -620.692768 -622.064484 -621.750690 -622.137678 -622.616045 -623.145611 -623.725369 -624.356616 -625.040848 -625.779559 -626.574197 -627.426163 -628.336823 -629.307531 -630.339649 -631.434582 -632.593799 -633.818869 -635.111491 -636.473529 -637.907050 -639.414363 -640.998064 -642.661085 -644.406751 -646.238840 -648.161663 -650.180145 -652.299932 -654.527509 -656.870357 -659.337128 -661.937878 -664.684345 -667.590314 -670.672072 -673.949007 -677.444397 -681.186465 -685.209817 -689.557443 -694.283576 -699.457865 -705.171683 -711.548023 -718.757721 -727.047600 -736.792942 -748.605537 -763.594558 -784.206488 -818.417968 -9999.0 -9999.0
-9999.0 -9999.0 9.004638 -89.403952 -185.871251 -279.912326 -370.326125 -453.869071 -523.525320 -571.875014 -599.296138 -611.142708 -615.861403 -617.685768 -618.383073 -618.648365 -618.749092 -618.787312 -618.801847 -618.807452 -618.809675 -618.810645 -618.811300 -618.811977 -618.812855 -618.814071 -618.815765 -618.818107 -618.821314 -618.825658 -618.831482 -618.839220 -618.849400 -618.862673 -618.879818 -618.901762 -618.929594 -618.964573 -619.008136 -619.061894 -619.127609 -619.207110 -619.302125 -619.413986 -619.543294 -619.689627 -619.851374 -620.025486 -620.207109 -620.396129 -620.692768 -622.064484 -621.750690 -622.137678 -622.616045 -623.145611 -623.725369 -624.356616 -625.040848 -625.779559 -626.574197 -627.426163 -628.336823 -629.307531 -630.339649 -631.434582 -632.593799 -633.818869 -635.111491 -636.473529 -637.907050 -639.414363 -640.998064 -642.661085 -644.406751 -646.238840 -648.161663 -650.180145 -652.299932 -654.527509 -656.870357 -659.337128 -661.937878 -664.684345 -667.590314 -670.672072 -673.949007 -677.444397 -681.186465 -685.209817 -689.557443 -694.283576 -699.457865 -705.171683 -711.548023 -718.757721 -727.047600 -736.792942 -748.605537 -763.594558 -784.206488 -818.417968 -9999.0 -9999.0
-9999.0 -9999.0 9.004638 -89.403952 -185.871251 -279.912326 -370.326125 -453.869071 -523.525320 -571.875014 -599.296138 -611.142708 -615.861403 -617.685768 -618.383073 -618.648365 -618.749092 -618.787312 -618.801847 -618.807452 -618.809675 -618.810645 -618.811300 -618.811977 -618.812855 -618.814071 -618.815765 -618.818107 -618.821314 -618.825658 -618.831482 -618.839220 -618.849400 -618.862673 -618.879818 -618.901762 -618.929594 -618.964573 -619.008136 -619.061894 -619.127609 -619.207110 -619.302125 -619.413986 -619.543294 -619.689627 -619.851374 -620.025486 -620.207109 -620.396129 -620.692768 -622.064484 -621.750690 -622.137678 -622.616045 -623.145611 -623.725369 -624.356616 -625.040848 -625.779559 -626.574197 -627.426163 -628.336823 -629.307531 -630.339649 -631.434582 -632.593799 -633.818869 -635.111491 -636.473529 -637.907050 -639.414363 -640.998064 -642.661085 -644.406751 -646.238840 -648.161663 -650.180145 -652.299932 -654.527509 -656.870357 -659.337128 -661.937878 -664.684345 -667.590314 -670.672072 -673.949007 -677.444397 -681.186465 -685.209817 -689.557443 -694.283576 -699.457865 -705.171683 -711.548023 -718.757721 -727.047600 -736.792942 -748.605537 -763.594558 -784.206488 -818.417968 -9999.0 -9999.0
-9999.0 -9999.0 9.004638 -89.403952 -185.871251 -279.912326 -370.326125 -453.869071 -523.525320 -571.875014 -599.296138 -611.142708 -615.861403 -617.685768 -618.383073 -618.648365 -618.749092 -618.787312 -618.801847 -618.807452 -618.809675 -618.810645 -618.811300 -618.811977 -618.812855 -618.814071 -618.815765 -618.818107 -618.821314 -618.825658 -618.831482 -618.839220 -618.849400 -618.862673 -618.879818 -618.901762 -618.929594 -618.964573 -619.008136 -619.061894 -619.127609 -619.207110 -619.302125 -619.413986 -619.543294 -619.689627 -619.851374 -620.025486 -620.207109 -620.396129 -620.692768 -622.064484 -621.750690 -622.137678 -622.616045 -623.145611 -623.725369 -624.356616 -625.040848 -625.779559 -626.574197 -627.426163 -628.336823 -629.307531 -630.339649 -631.434582 -632.593799 -633.818869 -635.111491 -636.473529 -637.907050 -639.414363 -640.998064 -642.661085 -644.406751 -646.238840 -648.161663 -650.180145 -652.299932 -654.527509 -656.870357 -659.337128 -661.937878 -664.684345 -667.590314 -670.672072 -673.949007 -677.444397 -681.186465 -685.209817 -689.557443 -694.283576 -699.457865 -705.171683 -711.548023 -718.757721 -727.047600 -736.792942 -748.605537 -763.594558 -784.206488 -818.417968 -9999.0 -9999.0
-9999.0 -9999.0 9.004638 -89.403952 -185.871251 -279.912326 -370.326125 -453.869071 -523.525320 -571.875014 -599.296138 -611.142708 -615.861403 -617.685768 -618.383073 -618.648365 -618.749092 -618.787312 -618.801847 -618.807452 -618.809675 -618.810645 -618.811300 -618.811977 -618.812855 -618.814071 -618.815765 -618.818107 -618.821314 -618.825658 -618.831482 -618.839220 -618.849400 -618.862673 -618.879818 -618.901762 -618.929594 -618.964573 -619.008136 -619.061894 -619.127609 -619.207110 -619.302125 -619.413986 -619.543294 -619.689627 -619.851374 -620.025486 -620.207109 -620.396129 -620.692768 -622.064484 -621.750690 -622.137678 -622.616045 -623.145611 -623.725369 -624.356616 -625.040848 -625.779559 -626.574197 -627.426163 -628.336823 -629.307531 -630.339649 -631.434582 -632.593799 -633.818869 -635.111491 -636.473529 -637.907050 -639.414363 -640.998064 -642.661085 -644.406751 -646.238840 -648.161663 -650.180145 -652.299932 -654.527509 -656.870357 -659.337128 -661.937878 -664.684345 -667.590314 -670.672072 -673.949007 -677.444397 -681.186465 -685.209817 -689.557443 -694.283576 -699.457865 -705.171683 -711.548023 -718.757721 -727.047600 -736.792942 -748.605537 -763.594558 -784.206488 -818.417968 -9999.0 -9999.0
-9999.0 -9999.0 9.004638 -89.403952 -185.871251 -279.912326 -370.326125 -453.869071 -523.525320 -571.875014 -599.296138 -611.142708 -615.861403 -617.685768 -618.383073 -618.648365 -618.749092 -618.787312 -618.801847 -618.807452 -618.809675 -618.810645 -618.811300 -618.811977 -618.812855 -618.814071 -618.815765 -618.818107 -618.821314 -618.825658 -618.831482 -618.839220 -618.849400 -618.862673 -618.879818 -618.901762 -618.929594 -618.964573 -619.008136 -619.061894 -619.127609 -619.207110 -619.302125 -619.413986 -619.543294 -619.689627 -619.851374 -620.025486 -620.207109 -620.396129 -620.692768 -622.064484 -621.750690 -622.137678 -622.616045 -623.145611 -623.725369 -624.356616 -625.040848 -625.779559 -626.574197 -627.426163 -628.336823 -629.307531 -630.339649 -631.434582 -632.593799 -633.818869 -635.111491 -636.473529 -637.907050 -639.414363 -640.998064 -642.661085 -644.406751 -646.238840 -648.161663 -650.180145 -652.299932 -654.527509 -656.870357 -659.337128 -661.937878 -664.684345 -667.590314 -670.672072 -673.949007 -677.444397 -681.186465 -685.209817 -689.557443 -694.283576 -699.457865 -705.171683 -711.548023 -718.757721 -727.047600 -736.792942 -748.605537 -763.594558 -784.206488 -818.417968 -9999.0 -9999.0
-9999.0 -9999.0 -9999.0 -9999.0 -9999.0 -9999.0 -9999.0 -9999.0 -9999.0 -9999.0 -9999.0 -9999.0 -9999.0 -9999.0 -9999.0 -9999.0 -9999.0 -9999.0 -9999.0 -9999.0 -9999.0 -9999.0 -9999.0 -9999.0 -9999.0 -9999.0 -9999.0 -9999.0 -9999.0 -9999.0 -9999.0 -9999.0 -9999.0 -9999.0 -9999.0 -9999.0 -9999.0 -9999.0 -9999.0 -9999.0 -9999.0 -9999.0 -9999.0 -9999.0 -9999.0 -9999.0 -9999.0 -9999.0 -9999.0 -9999.0 -9999.0 -9999.0 -9999.0 -9999.0 -9999.0 -9999.0 -9999.0 -9999.0 -9999.0 -9999.0 -9999.0 -9999.0 -9999.0 -9999.0 -9999.0 -9999.0 -9999.0 -9999.0 -9999.0 -9999.0 -9999.0 -9999.0 -9999.0 -9999.0 -9999.0 -9999.0 -9999.0 -9999.0 -9999.0 -9999.0 -9999.0 -9999.0 -9999.0 -9999.0 -9999.0 -9999.0 -9999.0 -9999.0 -9999.0 -9999.0 -9999.0 -9999.0 -9999.0 -9999.0 -9999.0 -9999.0 -9999.0 -9999.0 -9999.0 -9999.0 -9999.0 -9999.0 -9999.0 -9999.0
-9999.0 -9999.0 -9999.0 -9999.0 -9999.0 -9999.0 -9999.0 -9999.0 -9999.0 -9999.0 -9999.0 -9999.0 -9999.0 -9999.0 -9999.0 -9999.0 -9999.0 -9999.0 -9999.0 -9999.0 -9999.0 -9999.0 -9999.0 -9999.0 -9999.0 -9999.0 -9999.0 -9999.0 -9999.0 -9999.0 -9999.0 -9999.0 -9999.0 -9999.0 -9999.0 -9999.0 -9999.0 -9999.0 -9999.0 -9999.0 -9999.0 -9999.0 -9999.0 -9999.0 -9999.0 -9999.0 -9999.0 -9999.0 -9999.0 -9999.0 -9999.0 -9999.0 -9999.0 -9999.0 -9999.0 -9999.0 -9999.0 -9999.0 -9999.0 -9999.0 -9999.0 -9999.0 -9999.0 -9999.0 -9999.0 -9999.0 -9999.0 -9999.0 -9999.0 -9999.0 -9999.0 -9999.0 -9999.0 -9999.0 -9999.0 -9999.0 -9999.0 -9999.0 -9999.0 -9999.0 -9999.0 -9999.0 -9999.0 -9999.0 -9999.0 -9999.0 -9999.0 -9999.0 -9999.0 -9999.0 -9999.0 -9999.0 -9999.0 -9999.0 -9999.0 -9999.0 -9999.0 -9999.0 -9999.0 -9999.0 -9999.0 -9999.0 -9999.0 -9999.0