tests/3D/hillslope02_superslab/out/maps3D/PwL0085N0004.asc
ncols         104
nrows         10
xllcorner     -2.000000
yllcorner     0.000000
cellsize      1.000000
NODATA_value  -9999.0
-9999.0 -9999.0 -9999.0 -9999.0 -9999.0 -9999.0 -9999.0 -9999.0 -9999.0 -9999.0 -9999.0 -9999.0 -9999.0 -9999.0 -9999.0 -9999.0 -9999.0 -9999.0 -9999.0 -9999.0 -9999.0 -9999.0 -9999.0 -9999.0 -9999.0 -9999.0 -9999.0 -9999.0 -9999.0 -9999.0 -9999.0 -9999.0 -9999.0 -9999.0 -9999.0 -9999.0 -9999.0 -9999.0 -9999.0 -9999.0 -9999.0 -9999.0 -9999.0 -9999.0 -9999.0 -9999.0 -9999.0 -9999.0 -9999.0 -9999.0 -9999.0 -9999.0 -9999.0 -9999.0 -9999.0 -9999.0 -9999.0 -9999.0 -9999.0 -9999.0 -9999.0 -9999.0 -9999.0 -9999.0 -9999.0 -9999.0 -9999.0 -9999.0 -9999.0 -9999.0 -9999.0 -9999.0 -9999.0 -9999.0 -9999.0 -9999.0 -9999.0 -9999.0 -9999.0 -9999.0 -9999.0 -9999.0 -9999.0 -9999.0 -9999.0 -9999.0 -9999.0 -9999.0 -9999.0 -9999.0 -9999.0 -9999.0 -9999.0 -9999.0 -9999.0 -9999.0 -9999.0 -9999.0 -9999.0 -9999.0 -9999.0 -9999.0 -9999.0 -9999.0
-9999.0 -9999.0 -9999.0 -9999.0 -9999.0 -9999.0 -9999.0 -9999.0 -9999.0 -9999.0 -9999.0 -9999.0 -9999.0 -9999.0 -9999.0 -9999.0 -9999.0 -9999.0 -9999.0 -9999.0 -9999.0 -9999.0 -9999.0 -9999.0 -9999.0 -9999.0 -9999.0 -9999.0 -9999.0 -9999.0 -9999.0 -9999.0 -9999.0 -9999.0 -9999.0 -9999.0 -9999.0 -9999.0 -9999.0 -9999.0 -9999.0 -9999.0 -9999.0 -9999.0 -9999.0 -9999.0 -9999.0 -9999.0 -9999.0 -9999.0 -9999.0 -9999.0 -9999.0 -9999.0 -9999.0 -9999.0 -9999.0 -9999.0 -9999.0 -9999.0 -9999.0 -9999.0 -9999.0 -9999.0 -9999.0 -9999.0 -9999.0 -9999.0 -9999.0 -9999.0 -9999.0 -9999.0 -9999.0 -9999.0 -9999.0 -9999.0 -9999.0 -9999.0 -9999.0 -9999.0 -9999.0 -9999.0 -9999.0 -9999.0 -9999.0 -9999.0 -9999.0 -9999.0 -9999.0 -9999.0 -9999.0 -9999.0 -9999.0 -9999.0 -9999.0 -9999.0 -9999.0 -9999.0 -9999.0 -9999.0 -9999.0 -9999.0 -9999.0 -9999.0
-9999.0 -9999.0 -266.806847 -368.050309 -468.961636 -565.993499 -649.861141 -709.564746 -743.093165 -757.963253 -763.787009 -765.998397 -766.829730 -767.141040 -767.257400 -767.300839 -767.317032 -767.323053 -767.325276 -767.326078 -767.326347 -767.326411 -767.326393 -767.326338 -767.326262 -767.326172 -767.326070 -767.325958 -767.325838 -767.325711 -767.325579 -767.325445 -767.325313 -767.325185 -767.325065 -767.324959 -767.324870 -767.324802 -767.324758 -767.324740 -767.324724 -767.324598 -767.323922 -767.321058 -767.311808 -767.287565 -767.234019 -767.131316 -766.955360 -766.688120 -766.497538 -769.076080 -767.424480 -767.364317 -767.374191 -767.392410 -767.417773 -767.451865 -767.496864 -767.555419 -767.630625 -767.726011 -767.845525 -767.993508 -768.174652 -768.393948 -768.656626 -768.968098 -769.333884 -769.759564 -770.250719 -770.812900 -771.451601 -772.172254 -772.980242 -773.880927 -774.879701 -775.982056 -777.193670 -778.520520 -779.969014 -781.546152 -783.259719 -785.118521 -787.132668 -789.313935 -791.676213 -794.236087 -797.013605 -800.033306 -803.325631 -806.928919 -810.892295 -815.280012 -820.178190 -825.705822 -832.033739 -839.419828 -848.281629 -859.376863 -874.472600 -900.732655 -9999.0 -9999.0
-9999.0 -9999.0 -266.806847 -368.050309 -468.961636 -565.993499 -649.861141 -709.564746 -743.093165 -757.963253 -763.787009 -765.998397 -766.829730 -767.141040 -767.257400 -767.300839 -767.317032 -767.323053 -767.325276 -767.326078 -767.326347 -767.326411 -767.326393 -767.326338 -767.326262 -767.326172 -767.326070 -767.325958 -767.325838 -767.325711 -767.325579 -767.325445 -767.325313 -767.325185 -767.325065 -767.324959 -767.324870 -767.324802 -767.324758 -767.324740 -767.324724 -767.324598 -767.323922 -767.321058 -767.311808 -767.287565 -767.234019 -767.131316 -766.955360 -766.688120 -766.497538 -769.076080 -767.424480 -767.364317 -767.374191 -767.392410 -767.417773 -767.451865 -767.496864 -767.555419 -767.630625 -767.726011 -767.845525 -767.993508 -768.174652 -768.393948 -768.656626 -768.968098 -769.333884 -769.759564 -770.250719 -770.812900 -771.451601 -772.172254 -772.980242 -773.880927 -774.879701 -775.982056 -777.193670 -778.520520 -779.969014 -781.546152 -783.259719 -785.118521 -787.132668 -789.313935 -791.676213 -794.236087 -797.013605 -800.033306 -803.325631 -806.928919 -810.892295 -815.280012 -820.178190 -825.705822 -832.033739 -839.419828 -848.281629 -859.376863 -874.472600 -900.732655 -9999.0 -9999.0
-9999.0 -9999.0 -266.806847 -368.050309 -468.961636 -565.993499 -649.861141 -709.564746 -743.093165 -757.963253 -763.787009 -765.998397 -766.829730 -767.141040 -767.257400 -767.300839 -767.317032 -767.323053 -767.325276 -767.326078 -767.326347 -767.326411 -767.326393 -767.326338 -767.326262 -767.326172 -767.326070 -767.325958 -767.325838 -767.325711 -767.325579 -767.325445 -767.325313 -767.325185 -767.325065 -767.324959 -767.324870 -767.324802 -767.324758 -767.324740 -767.324724 -767.324598 -767.323922 -767.321058 -767.311808 -767.287565 -767.234019 -767.131316 -766.955360 -766.688120 -766.497538 -769.076080 -767.424480 -767.364317 -767.374191 -767.392410 -767.417773 -767.451865 -767.496864 -767.555419 -767.630625 -767.726011 -767.845525 -767.993508 -768.174652 -768.393948 -768.656626 -768.968098 -769.333884 -769.759564 -770.250719 -770.812900 -771.451601 -772.172254 -772.980242 -773.880927 -774.879701 -775.982056 -777.193670 -778.520520 -779.969014 -781.546152 -783.259719 -785.118521 -787.132668 -789.313935 -791.676213 -794.236087 -797.013605 -800.033306 -803.325631 -806.928919 -810.892295 -815.280012 -820.178190 -825.705822 -832.033739 -839.419828 -848.281629 -859.376863 -874.472600 -900.732655 -9999.0 -9999.0
-9999.0 -9999.0 -266.806847 -368.050309 -468.961636 -565.993499 -649.861141 -709.564746 -743.093165 -757.963253 -763.787009 -765.998397 -766.829730 -767.141040 -767.257400 -767.300839 -767.317032 -767.323053 -767.325276 -767.326078 -767.326347 -767.326411 -767.326393 -767.326338 -767.326262 -767.326172 -767.326070 -767.325958 -767.325838 -767.325711 -767.325579 -767.325445 -767.325313 -767.325185 -767.325065 -767.324959 -767.324870 -767.324802 -767.324758 -767.324740 -767.324724 -767.324598 -767.323922 -767.321058 -767.311808 -767.287565 -767.234019 -767.131316 -766.955360 -766.688120 -766.497538 -769.076080 -767.424480 -767.364317 -767.374191 -767.392410 -767.417773 -767.451865 -767.496864 -767.555419 -767.630625 -767.726011 -767.845525 -767.993508 -768.174652 -768.393948 -768.656626 -768.968098 -769.333884 -769.759564 -770.250719 -770.812900 -771.451601 -772.172254 -772.980242 -773.880927 -774.879701 -775.982056 -777.193670 -778.520520 -779.969014 -781.546152 -783.259719 -785.118521 -787.132668 -789.313935 -791.676213 -794.236087 -797.013605 -800.033306 -803.325631 -806.928919 -810.892295 -815.280012 -820.178190 -825.705822 -832.033739 -839.419828 -848.281629 -859.376863 -874.472600 -900.732655 -9999.0 -9999.0
-9999.0 -9999.0 -266.806847 -368.050309 -468.961636 -565.993499 -649.861141 -709.564746 -743.093165 -757.963253 -763.787009 -765.998397 -766.829730 -767.141040 -767.257400 -767.300839 -767.317032 -767.323053 -767.325276 -767.326078 -767.326347 -767.326411 -767.326393 -767.326338 -767.326262 -767.326172 -767.326070 -767.325958 -767.325838 -767.325711 -767.325579 -767.325445 -767.325313 -767.325185 -767.325065 -767.324959 -767.324870 -767.324802 -767.324758 -767.324740 -767.324724 -767.324598 -767.323922 -767.321058 -767.311808 -767.287565 -767.234019 -767.131316 -766.955360 -766.688120 -766.497538 -769.076080 -767.424480 -767.364317 -767.374191 -767.392410 -767.417773 -767.451865 -767.496864 -767.555419 -767.630625 -767.726011 -767.845525 -767.993508 -768.174652 -768.393948 -768.656626 -768.968098 -769.333884 -769.759564 -770.250719 -770.812900 -771.451601 -772.172254 -772.980242 -773.880927 -774.879701 -775.982056 -777.193670 -778.520520 -779.969014 -781.546152 -783.259719 -785.118521 -787.132668 -789.313935 -791.676213 -794.236087 -797.013605 -800.033306 -803.325631 -806.928919 -810.892295 -815.280012 -820.178190 -825.705822 -832.033739 -839.419828 -848.281629 -859.376863 -874.472600 -900.732655 -9999.0 -9999.0
-9999.0 -9999.0 -266.806847 -368.050309 -468.961636 -565.993499 -649.861141 -709.564746 -743.093165 -757.963253 -763.787009 -765.998397 -766.829730 -767.141040 -767.257400 -767.300839 -767.317032 -767.323053 -767.325276 -767.326078 -767.326347 -767.326411 -767.326393 -767.326338 -767.326262 -767.326172 -767.326070 -767.325958 -767.325838 -767.325711 -767.325579 -767.325445 -767.325313 -767.325185 -767.325065 -767.324959 -767.324870 -767.324802 -767.324758 -767.324740 -767.324724 -767.324598 -767.323922 -767.321058 -767.311808 -767.287565 -767.234019 -767.131316 -766.955360 -766.688120 -766.497538 -769.076080 -767.424480 -767.364317 -767.374191 -767.392410 -767.417773 -767.451865 -767.496864 -767.555419 -767.630625 -767.726011 -767.845525 -767.993508 -768.174652 -768.393948 -768.656626 -768.968098 -769.333884 -769.759564 -770.250719 -770.812900 -771.451601 -772.172254 -772.980242 -773.880927 -774.879701 -775.982056 -777.193670 -778.520520 -779.969014 -781.546152 -783.259719 -785.118521 -787.132668 -789.313935 -791.676213 -794.236087 -797.013605 -800.033306 -803.325631 -806.928919 -810.892295 -815.280012 -820.178190 -825.705822 -832.033739 -839.419828 -848.281629 -859.376863 -874.472600 -900.732655 -9999.0 -9999.0
-9999.0 -9999.0 -9999.0 -9999.0 -9999.0 -9999.0 -9999.0 -9999.0 -9999.0 -9999.0 -9999.0 -9999.0 -9999.0 -9999.0 -9999.0 -9999.0 -9999.0 -9999.0 -9999.0 -9999.0 -9999.0 -9999.0 -9999.0 -9999.0 -9999.0 -9999.0 -9999.0 -9999.0 -9999.0 -9999.0 -9999.0 -9999.0 -9999.0 -9999.0 -9999.0 -9999.0 -9999.0 -9999.0 -9999.0 -9999.0 -9999.0 -9999.0 -9999.0 -9999.0 -9999.0 -9999.0 -9999.0 -9999.0 -9999.0 -9999.0 -9999.0 -9999.0 -9999.0 -9999.0 -9999.0 -9999.0 -9999.0 -9999.0 -9999.0 -9999.0 -9999.0 -9999.0 -9999.0 -9999.0 -9999.0 -9999.0 -9999.0 -9999.0 -9999.0 -9999.0 -9999.0 -9999.0 -9999.0 -9999.0 -9999.0 -9999.0 -9999.0 -9999.0 -9999.0 -9999.0 -9999.0 -9999.0 -9999.0 -9999.0 -9999.0 -9999.0 -9999.0 -9999.0 -9999.0 -9999.0 -9999.0 -9999.0 -9999.0 -9999.0 -9999.0 -9999.0 -9999.0 -9999.0 -9999.0 -9999.0 -9999.0 -9999.0 -9999.0 -9999.0
-9999.0 -9999.0 -9999.0 -9999.0 -9999.0 -9999.0 -9999.0 -9999.0 -9999.0 -9999.0 -9999.0 -9999.0 -9999.0 -9999.0 -9999.0 -9999.0 -9999.0 -9999.0 -9999.0 -9999.0 -9999.0 -9999.0 -9999.0 -9999.0 -9999.0 -9999.0 -9999.0 -9999.0 -9999.0 -9999.0 -9999.0 -9999.0 -9999.0 -9999.0 -9999.0 -9999.0 -9999.0 -9999.0 -9999.0 -9999.0 -9999.0 -9999.0 -9999.0 -9999.0 -9999.0 -9999.0 -9999.0 -9999.0 -9999.0 -9999.0 -9999.0 -9999.0 -9999.0 -9999.0 -9999.0 -9999.0 -9999.0 -9999.0 -9999.0 -9999.0 -9999.0 -9999.0 -9999.0 -9999.0 -9999.0 -9999.0 -9999.0 -9999.0 -9999.0 -9999.0 -9999.0 -9999.0 -9999.0 -9999.0 -9999.0 -9999.0 -9999.0 -9999.0 -9999.0 -9999.0 -9999.0 -9999.0 -9999.0 -9999.0 -9999.0 -9999.0 -9999.0 -9999.0 -9999.0 -9999.0 -9999.0 -9999.0 -9999.0 -9999.0 -9999.0 -9999.0 -9999.0 -9999.0 -9999.0 -9999.0 -9999.0 -9999.0 -9999.0 -9999.0