tests/3D/hillslope02_superslab/out/maps3D/thetaliqL0019N0006.asc
ncols         104
nrows         10
xllcorner     -2.000000
yllcorner     0.000000
cellsize      1.000000
NODATA_value  -9999.0
-9999.0 -9999.0 -9999.0 -9999.0 -9999.0 -9999.0 -9999.0 -9999.0 -9999.0 -9999.0 -9999.0 -9999.0 -9999.0 -9999.0 -9999.0 -9999.0 -9999.0 -9999.0 -9999.0 -9999.0 -9999.0 -9999.0 -9999.0 -9999.0 -9999.0 -9999.0 -9999.0 -9999.0 -9999.0 -9999.0 -9999.0 -9999.0 -9999.0 -9999.0 -9999.0 -9999.0 -9999.0 -9999.0 -9999.0 -9999.0 -9999.0 -9999.0 -9999.0 -9999.0 -9999.0 -9999.0 -9999.0 -9999.0 -9999.0 -9999.0 -9999.0 -9999.0 -9999.0 -9999.0 -9999.0 -9999.0 -9999.0 -9999.0 -9999.0 -9999.0 -9999.0 -9999.0 -9999.0 -9999.0 -9999.0 -9999.0 -9999.0 -9999.0 -9999.0 -9999.0 -9999.0 -9999.0 -9999.0 -9999.0 -9999.0 -9999.0 -9999.0 -9999.0 -9999.0 -9999.0 -9999.0 -9999.0 -9999.0 -9999.0 -9999.0 -9999.0 -9999.0 -9999.0 -9999.0 -9999.0 -9999.0 -9999.0 -9999.0 -9999.0 -9999.0 -9999.0 -9999.0 -9999.0 -9999.0 -9999.0 -9999.0 -9999.0 -9999.0 -9999.0
-9999.0 -9999.0 -9999.0 -9999.0 -9999.0 -9999.0 -9999.0 -9999.0 -9999.0 -9999.0 -9999.0 -9999.0 -9999.0 -9999.0 -9999.0 -9999.0 -9999.0 -9999.0 -9999.0 -9999.0 -9999.0 -9999.0 -9999.0 -9999.0 -9999.0 -9999.0 -9999.0 -9999.0 -9999.0 -9999.0 -9999.0 -9999.0 -9999.0 -9999.0 -9999.0 -9999.0 -9999.0 -9999.0 -9999.0 -9999.0 -9999.0 -9999.0 -9999.0 -9999.0 -9999.0 -9999.0 -9999.0 -9999.0 -9999.0 -9999.0 -9999.0 -9999.0 -9999.0 -9999.0 -9999.0 -9999.0 -9999.0 -9999.0 -9999.0 -9999.0 -9999.0 -9999.0 -9999.0 -9999.0 -9999.0 -9999.0 -9999.0 -9999.0 -9999.0 -9999.0 -9999.0 -9999.0 -9999.0 -9999.0 -9999.0 -9999.0 -9999.0 -9999.0 -9999.0 -9999.0 -9999.0 -9999.0 -9999.0 -9999.0 -9999.0 -9999.0 -9999.0 -9999.0 -9999.0 -9999.0 -9999.0 -9999.0 -9999.0 -9999.0 -9999.0 -9999.0 -9999.0 -9999.0 -9999.0 -9999.0 -9999.0 -9999.0 -9999.0 -9999.0
-9999.0 -9999.0 0.100000 0.100000 0.100000 0.100000 0.100000 0.100000 0.100000 0.093644 0.074897 0.062334 0.055961 0.053017 0.052012 0.052393 0.052887 0.053333 0.053724 0.099130 0.099949 0.100000 0.100000 0.100000 0.100000 0.100000 0.100000 0.100000 0.098241 0.083904 0.070048 0.061763 0.057593 0.055727 0.055016 0.054881 0.055087 0.054936 0.052456 0.059033 0.090456 0.077300 0.039282 0.034257 0.034257 0.034257 0.034257 0.034257 0.034257 0.034257 0.034257 0.034257 0.034257 0.034257 0.034257 0.034257 0.034257 0.034257 0.034257 0.034257 0.034258 0.040170 0.054334 0.059708 0.056893 0.055718 0.055029 0.054610 0.054353 0.054194 0.054095 0.054034 0.053995 0.053971 0.053956 0.053947 0.053943 0.053939 0.053936 0.053933 0.053929 0.053926 0.053922 0.053917 0.053910 0.053899 0.053881 0.053854 0.053810 0.053743 0.053636 0.053471 0.053217 0.052829 0.052251 0.051411 0.050237 0.048673 0.046705 0.044273 0.040675 0.034724 -9999.0 -9999.0
-9999.0 -9999.0 0.100000 0.100000 0.100000 0.100000 0.100000 0.100000 0.100000 0.093644 0.074897 0.062334 0.055961 0.053017 0.052012 0.052393 0.052887 0.053333 0.053724 0.099130 0.099949 0.100000 0.100000 0.100000 0.100000 0.100000 0.100000 0.100000 0.098241 0.083904 0.070048 0.061763 0.057593 0.055727 0.055016 0.054881 0.055087 0.054936 0.052456 0.059033 0.090456 0.077300 0.039282 0.034257 0.034257 0.034257 0.034257 0.034257 0.034257 0.034257 0.034257 0.034257 0.034257 0.034257 0.034257 0.034257 0.034257 0.034257 0.034257 0.034257 0.034258 0.040170 0.054334 0.059708 0.056893 0.055718 0.055029 0.054610 0.054353 0.054194 0.054095 0.054034 0.053995 0.053971 0.053956 0.053947 0.053943 0.053939 0.053936 0.053933 0.053929 0.053926 0.053922 0.053917 0.053910 0.053899 0.053881 0.053854 0.053810 0.053743 0.053636 0.053471 0.053217 0.052829 0.052251 0.051411 0.050237 0.048673 0.046705 0.044273 0.040675 0.034724 -9999.0 -9999.0
-9999.0 -9999.0 0.100000 0.100000 0.100000 0.100000 0.100000 0.100000 0.100000 0.093644 0.074897 0.062334 0.055961 0.053017 0.052012 0.052393 0.052887 0.053333 0.053724 0.099130 0.099949 0.100000 0.100000 0.100000 0.100000 0.100000 0.100000 0.100000 0.098241 0.083904 0.070048 0.061763 0.057593 0.055727 0.055016 0.054881 0.055087 0.054936 0.052456 0.059033 0.090456 0.077300 0.039282 0.034257 0.034257 0.034257 0.034257 0.034257 0.034257 0.034257 0.034257 0.034257 0.034257 0.034257 0.034257 0.034257 0.034257 0.034257 0.034257 0.034257 0.034258 0.040170 0.054334 0.059708 0.056893 0.055718 0.055029 0.054610 0.054353 0.054194 0.054095 0.054034 0.053995 0.053971 0.053956 0.053947 0.053943 0.053939 0.053936 0.053933 0.053929 0.053926 0.053922 0.053917 0.053910 0.053899 0.053881 0.053854 0.053810 0.053743 0.053636 0.053471 0.053217 0.052829 0.052251 0.051411 0.050237 0.048673 0.046705 0.044273 0.040675 0.034724 -9999.0 -9999.0
-9999.0 -9999.0 0.100000 0.100000 0.100000 0.100000 0.100000 0.100000 0.100000 0.093644 0.074897 0.062334 0.055961 0.053017 0.052012 0.052393 0.052887 0.053333 0.053724 0.099130 0.099949 0.100000 0.100000 0.100000 0.100000 0.100000 0.100000 0.100000 0.098241 0.083904 0.070048 0.061763 0.057593 0.055727 0.055016 0.054881 0.055087 0.054936 0.052456 0.059033 0.090456 0.077300 0.039282 0.034257 0.034257 0.034257 0.034257 0.034257 0.034257 0.034257 0.034257 0.034257 0.034257 0.034257 0.034257 0.034257 0.034257 0.034257 0.034257 0.034257 0.034258 0.040170 0.054334 0.059708 0.056893 0.055718 0.055029 0.054610 0.054353 0.054194 0.054095 0.054034 0.053995 0.053971 0.053956 0.053947 0.053943 0.053939 0.053936 0.053933 0.053929 0.053926 0.053922 0.053917 0.053910 0.053899 0.053881 0.053854 0.053810 0.053743 0.053636 0.053471 0.053217 0.052829 0.052251 0.051411 0.050237 0.048673 0.046705 0.044273 0.040675 0.034724 -9999.0 -9999.0
-9999.0 -9999.0 0.100000 0.100000 0.100000 0.100000 0.100000 0.100000 0.100000 0.093644 0.074897 0.062334 0.055961 0.053017 0.052012 0.052393 0.052887 0.053333 0.053724 0.099130 0.099949 0.100000 0.100000 0.100000 0.100000 0.100000 0.100000 0.100000 0.098241 0.083904 0.070048 0.061763 0.057593 0.055727 0.055016 0.054881 0.055087 0.054936 0.052456 0.059033 0.090456 0.077300 0.039282 0.034257 0.034257 0.034257 0.034257 0.034257 0.034257 0.034257 0.034257 0.034257 0.034257 0.034257 0.034257 0.034257 0.034257 0.034257 0.034257 0.034257 0.034258 0.040170 0.054334 0.059708 0.056893 0.055718 0.055029 0.054610 0.054353 0.054194 0.054095 0.054034 0.053995 0.053971 0.053956 0.053947 0.053943 0.053939 0.053936 0.053933 0.053929 0.053926 0.053922 0.053917 0.053910 0.053899 0.053881 0.053854 0.053810 0.053743 0.053636 0.053471 0.053217 0.052829 0.052251 0.051411 0.050237 0.048673 0.046705 0.044273 0.040675 0.034724 -9999.0 -9999.0
-9999.0 -9999.0 0.100000 0.100000 0.100000 0.100000 0.100000 0.100000 0.100000 0.093644 0.074897 0.062334 0.055961 0.053017 0.052012 0.052393 0.052887 0.053333 0.053724 0.099130 0.099949 0.100000 0.100000 0.100000 0.100000 0.100000 0.100000 0.100000 0.098241 0.083904 0.070048 0.061763 0.057593 0.055727 0.055016 0.054881 0.055087 0.054936 0.052456 0.059033 0.090456 0.077300 0.039282 0.034257 0.034257 0.034257 0.034257 0.034257 0.034257 0.034257 0.034257 0.034257 0.034257 0.034257 0.034257 0.034257 0.034257 0.034257 0.034257 0.034257 0.034258 0.040170 0.054334 0.059708 0.056893 0.055718 0.055029 0.054610 0.054353 0.054194 0.054095 0.054034 0.053995 0.053971 0.053956 0.053947 0.053943 0.053939 0.053936 0.053933 0.053929 0.053926 0.053922 0.053917 0.053910 0.053899 0.053881 0.053854 0.053810 0.053743 0.053636 0.053471 0.053217 0.052829 0.052251 0.051411 0.050237 0.048673 0.046705 0.044273 0.040675 0.034724 -9999.0 -9999.0
-9999.0 -9999.0 -9999.0 -9999.0 -9999.0 -9999.0 -9999.0 -9999.0 -9999.0 -9999.0 -9999.0 -9999.0 -9999.0 -9999.0 -9999.0 -9999.0 -9999.0 -9999.0 -9999.0 -9999.0 -9999.0 -9999.0 -9999.0 -9999.0 -9999.0 -9999.0 -9999.0 -9999.0 -9999.0 -9999.0 -9999.0 -9999.0 -9999.0 -9999.0 -9999.0 -9999.0 -9999.0 -9999.0 -9999.0 -9999.0 -9999.0 -9999.0 -9999.0 -9999.0 -9999.0 -9999.0 -9999.0 -9999.0 -9999.0 -9999.0 -9999.0 -9999.0 -9999.0 -9999.0 -9999.0 -9999.0 -9999.0 -9999.0 -9999.0 -9999.0 -9999.0 -9999.0 -9999.0 -9999.0 -9999.0 -9999.0 -9999.0 -9999.0 -9999.0 -9999.0 -9999.0 -9999.0 -9999.0 -9999.0 -9999.0 -9999.0 -9999.0 -9999.0 -9999.0 -9999.0 -9999.0 -9999.0 -9999.0 -9999.0 -9999.0 -9999.0 -9999.0 -9999.0 -9999.0 -9999.0 -9999.0 -9999.0 -9999.0 -9999.0 -9999.0 -9999.0 -9999.0 -9999.0 -9999.0 -9999.0 -9999.0 -9999.0 -9999.0 -9999.0
-9999.0 -9999.0 -9999.0 -9999.0 -9999.0 -9999.0 -9999.0 -9999.0 -9999.0 -9999.0 -9999.0 -9999.0 -9999.0 -9999.0 -9999.0 -9999.0 -9999.0 -9999.0 -9999.0 -9999.0 -9999.0 -9999.0 -9999.0 -9999.0 -9999.0 -9999.0 -9999.0 -9999.0 -9999.0 -9999.0 -9999.0 -9999.0 -9999.0 -9999.0 -9999.0 -9999.0 -9999.0 -9999.0 -9999.0 -9999.0 -9999.0 -9999.0 -9999.0 -9999.0 -9999.0 -9999.0 -9999.0 -9999.0 -9999.0 -9999.0 -9999.0 -9999.0 -9999.0 -9999.0 -9999.0 -9999.0 -9999.0 -9999.0 -9999.0 -9999.0 -9999.0 -9999.0 -9999.0 -9999.0 -9999.0 -9999.0 -9999.0 -9999.0 -9999.0 -9999.0 -9999.0 -9999.0 -9999.0 -9999.0 -9999.0 -9999.0 -9999.0 -9999.0 -9999.0 -9999.0 -9999.0 -9999.0 -9999.0 -9999.0 -9999.0 -9999.0 -9999.0 -9999.0 -9999.0 -9999.0 -9999.0 -9999.0 -9999.0 -9999.0 -9999.0 -9999.0 -9999.0 -9999.0 -9999.0 -9999.0 -9999.0 -9999.0 -9999.0 -9999.0