tests/3D/hillslope02_superslab/out/maps3D/thetaliqL0030N0006.asc
ncols         104
nrows         10
xllcorner     -2.000000
yllcorner     0.000000
cellsize      1.000000
NODATA_value  -9999.0
-9999.0 -9999.0 -9999.0 -9999.0 -9999.0 -9999.0 -9999.0 -9999.0 -9999.0 -9999.0 -9999.0 -9999.0 -9999.0 -9999.0 -9999.0 -9999.0 -9999.0 -9999.0 -9999.0 -9999.0 -9999.0 -9999.0 -9999.0 -9999.0 -9999.0 -9999.0 -9999.0 -9999.0 -9999.0 -9999.0 -9999.0 -9999.0 -9999.0 -9999.0 -9999.0 -9999.0 -9999.0 -9999.0 -9999.0 -9999.0 -9999.0 -9999.0 -9999.0 -9999.0 -9999.0 -9999.0 -9999.0 -9999.0 -9999.0 -9999.0 -9999.0 -9999.0 -9999.0 -9999.0 -9999.0 -9999.0 -9999.0 -9999.0 -9999.0 -9999.0 -9999.0 -9999.0 -9999.0 -9999.0 -9999.0 -9999.0 -9999.0 -9999.0 -9999.0 -9999.0 -9999.0 -9999.0 -9999.0 -9999.0 -9999.0 -9999.0 -9999.0 -9999.0 -9999.0 -9999.0 -9999.0 -9999.0 -9999.0 -9999.0 -9999.0 -9999.0 -9999.0 -9999.0 -9999.0 -9999.0 -9999.0 -9999.0 -9999.0 -9999.0 -9999.0 -9999.0 -9999.0 -9999.0 -9999.0 -9999.0 -9999.0 -9999.0 -9999.0 -9999.0
-9999.0 -9999.0 -9999.0 -9999.0 -9999.0 -9999.0 -9999.0 -9999.0 -9999.0 -9999.0 -9999.0 -9999.0 -9999.0 -9999.0 -9999.0 -9999.0 -9999.0 -9999.0 -9999.0 -9999.0 -9999.0 -9999.0 -9999.0 -9999.0 -9999.0 -9999.0 -9999.0 -9999.0 -9999.0 -9999.0 -9999.0 -9999.0 -9999.0 -9999.0 -9999.0 -9999.0 -9999.0 -9999.0 -9999.0 -9999.0 -9999.0 -9999.0 -9999.0 -9999.0 -9999.0 -9999.0 -9999.0 -9999.0 -9999.0 -9999.0 -9999.0 -9999.0 -9999.0 -9999.0 -9999.0 -9999.0 -9999.0 -9999.0 -9999.0 -9999.0 -9999.0 -9999.0 -9999.0 -9999.0 -9999.0 -9999.0 -9999.0 -9999.0 -9999.0 -9999.0 -9999.0 -9999.0 -9999.0 -9999.0 -9999.0 -9999.0 -9999.0 -9999.0 -9999.0 -9999.0 -9999.0 -9999.0 -9999.0 -9999.0 -9999.0 -9999.0 -9999.0 -9999.0 -9999.0 -9999.0 -9999.0 -9999.0 -9999.0 -9999.0 -9999.0 -9999.0 -9999.0 -9999.0 -9999.0 -9999.0 -9999.0 -9999.0 -9999.0 -9999.0
-9999.0 -9999.0 0.100000 0.100000 0.100000 0.100000 0.100000 0.100000 0.100000 0.100000 0.100000 0.100000 0.100000 0.100000 0.095240 0.078345 0.065557 0.058838 0.055963 0.054986 0.054756 0.054770 0.054843 0.054910 0.054957 0.099837 0.100000 0.100000 0.100000 0.100000 0.100000 0.100000 0.100000 0.100000 0.096484 0.081292 0.068846 0.062976 0.062927 0.053072 0.047508 0.047250 0.043985 0.036225 0.032236 0.038532 0.042325 0.044963 0.046197 0.046826 0.047192 0.047396 0.047470 0.047451 0.047367 0.047233 0.047060 0.046852 0.046621 0.046383 0.047012 0.050670 0.046366 0.048453 0.055099 0.055334 0.054865 0.054541 0.054336 0.054212 0.054133 0.054083 0.054052 0.054032 0.054017 0.054006 0.054003 0.053991 0.053978 0.053958 0.053938 0.053922 0.053914 0.053910 0.053904 0.053894 0.053877 0.053850 0.053805 0.053734 0.053624 0.053453 0.053189 0.052790 0.052196 0.051340 0.050150 0.048563 0.046415 0.041897 0.029134 0.023836 -9999.0 -9999.0
-9999.0 -9999.0 0.100000 0.100000 0.100000 0.100000 0.100000 0.100000 0.100000 0.100000 0.100000 0.100000 0.100000 0.100000 0.095240 0.078345 0.065557 0.058838 0.055963 0.054986 0.054756 0.054770 0.054843 0.054910 0.054957 0.099837 0.100000 0.100000 0.100000 0.100000 0.100000 0.100000 0.100000 0.100000 0.096484 0.081292 0.068846 0.062976 0.062927 0.053072 0.047508 0.047250 0.043985 0.036225 0.032236 0.038532 0.042325 0.044963 0.046197 0.046826 0.047192 0.047396 0.047470 0.047451 0.047367 0.047233 0.047060 0.046852 0.046621 0.046383 0.047012 0.050670 0.046366 0.048453 0.055099 0.055334 0.054865 0.054541 0.054336 0.054212 0.054133 0.054083 0.054052 0.054032 0.054017 0.054006 0.054003 0.053991 0.053978 0.053958 0.053938 0.053922 0.053914 0.053910 0.053904 0.053894 0.053877 0.053850 0.053805 0.053734 0.053624 0.053453 0.053189 0.052790 0.052196 0.051340 0.050150 0.048563 0.046415 0.041897 0.029134 0.023836 -9999.0 -9999.0
-9999.0 -9999.0 0.100000 0.100000 0.100000 0.100000 0.100000 0.100000 0.100000 0.100000 0.100000 0.100000 0.100000 0.100000 0.095240 0.078345 0.065557 0.058838 0.055963 0.054986 0.054756 0.054770 0.054843 0.054910 0.054957 0.099837 0.100000 0.100000 0.100000 0.100000 0.100000 0.100000 0.100000 0.100000 0.096484 0.081292 0.068846 0.062976 0.062927 0.053072 0.047508 0.047250 0.043985 0.036225 0.032236 0.038532 0.042325 0.044963 0.046197 0.046826 0.047192 0.047396 0.047470 0.047451 0.047367 0.047233 0.047060 0.046852 0.046621 0.046383 0.047012 0.050670 0.046366 0.048453 0.055099 0.055334 0.054865 0.054541 0.054336 0.054212 0.054133 0.054083 0.054052 0.054032 0.054017 0.054006 0.054003 0.053991 0.053978 0.053958 0.053938 0.053922 0.053914 0.053910 0.053904 0.053894 0.053877 0.053850 0.053805 0.053734 0.053624 0.053453 0.053189 0.052790 0.052196 0.051340 0.050150 0.048563 0.046415 0.041897 0.029134 0.023836 -9999.0 -9999.0
-9999.0 -9999.0 0.100000 0.100000 0.100000 0.100000 0.100000 0.100000 0.100000 0.100000 0.100000 0.100000 0.100000 0.100000 0.095240 0.078345 0.065557 0.058838 0.055963 0.054986 0.054756 0.054770 0.054843 0.054910 0.054957 0.099837 0.100000 0.100000 0.100000 0.100000 0.100000 0.100000 0.100000 0.100000 0.096484 0.081292 0.068846 0.062976 0.062927 0.053072 0.047508 0.047250 0.043985 0.036225 0.032236 0.038532 0.042325 0.044963 0.046197 0.046826 0.047192 0.047396 0.047470 0.047451 0.047367 0.047233 0.047060 0.046852 0.046621 0.046383 0.047012 0.050670 0.046366 0.048453 0.055099 0.055334 0.054865 0.054541 0.054336 0.054212 0.054133 0.054083 0.054052 0.054032 0.054017 0.054006 0.054003 0.053991 0.053978 0.053958 0.053938 0.053922 0.053914 0.053910 0.053904 0.053894 0.053877 0.053850 0.053805 0.053734 0.053624 0.053453 0.053189 0.052790 0.052196 0.051340 0.050150 0.048563 0.046415 0.041897 0.029134 0.023836 -9999.0 -9999.0
-9999.0 -9999.0 0.100000 0.100000 0.100000 0.100000 0.100000 0.100000 0.100000 0.100000 0.100000 0.100000 0.100000 0.100000 0.095240 0.078345 0.065557 0.058838 0.055963 0.054986 0.054756 0.054770 0.054843 0.054910 0.054957 0.099837 0.100000 0.100000 0.100000 0.100000 0.100000 0.100000 0.100000 0.100000 0.096484 0.081292 0.068846 0.062976 0.062927 0.053072 0.047508 0.047250 0.043985 0.036225 0.032236 0.038532 0.042325 0.044963 0.046197 0.046826 0.047192 0.047396 0.047470 0.047451 0.047367 0.047233 0.047060 0.046852 0.046621 0.046383 0.047012 0.050670 0.046366 0.048453 0.055099 0.055334 0.054865 0.054541 0.054336 0.054212 0.054133 0.054083 0.054052 0.054032 0.054017 0.054006 0.054003 0.053991 0.053978 0.053958 0.053938 0.053922 0.053914 0.053910 0.053904 0.053894 0.053877 0.053850 0.053805 0.053734 0.053624 0.053453 0.053189 0.052790 0.052196 0.051340 0.050150 0.048563 0.046415 0.041897 0.029134 0.023836 -9999.0 -9999.0
-9999.0 -9999.0 0.100000 0.100000 0.100000 0.100000 0.100000 0.100000 0.100000 0.100000 0.100000 0.100000 0.100000 0.100000 0.095240 0.078345 0.065557 0.058838 0.055963 0.054986 0.054756 0.054770 0.054843 0.054910 0.054957 0.099837 0.100000 0.100000 0.100000 0.100000 0.100000 0.100000 0.100000 0.100000 0.096484 0.081292 0.068846 0.062976 0.062927 0.053072 0.047508 0.047250 0.043985 0.036225 0.032236 0.038532 0.042325 0.044963 0.046197 0.046826 0.047192 0.047396 0.047470 0.047451 0.047367 0.047233 0.047060 0.046852 0.046621 0.046383 0.047012 0.050670 0.046366 0.048453 0.055099 0.055334 0.054865 0.054541 0.054336 0.054212 0.054133 0.054083 0.054052 0.054032 0.054017 0.054006 0.054003 0.053991 0.053978 0.053958 0.053938 0.053922 0.053914 0.053910 0.053904 0.053894 0.053877 0.053850 0.053805 0.053734 0.053624 0.053453 0.053189 0.052790 0.052196 0.051340 0.050150 0.048563 0.046415 0.041897 0.029134 0.023836 -9999.0 -9999.0
-9999.0 -9999.0 -9999.0 -9999.0 -9999.0 -9999.0 -9999.0 -9999.0 -9999.0 -9999.0 -9999.0 -9999.0 -9999.0 -9999.0 -9999.0 -9999.0 -9999.0 -9999.0 -9999.0 -9999.0 -9999.0 -9999.0 -9999.0 -9999.0 -9999.0 -9999.0 -9999.0 -9999.0 -9999.0 -9999.0 -9999.0 -9999.0 -9999.0 -9999.0 -9999.0 -9999.0 -9999.0 -9999.0 -9999.0 -9999.0 -9999.0 -9999.0 -9999.0 -9999.0 -9999.0 -9999.0 -9999.0 -9999.0 -9999.0 -9999.0 -9999.0 -9999.0 -9999.0 -9999.0 -9999.0 -9999.0 -9999.0 -9999.0 -9999.0 -9999.0 -9999.0 -9999.0 -9999.0 -9999.0 -9999.0 -9999.0 -9999.0 -9999.0 -9999.0 -9999.0 -9999.0 -9999.0 -9999.0 -9999.0 -9999.0 -9999.0 -9999.0 -9999.0 -9999.0 -9999.0 -9999.0 -9999.0 -9999.0 -9999.0 -9999.0 -9999.0 -9999.0 -9999.0 -9999.0 -9999.0 -9999.0 -9999.0 -9999.0 -9999.0 -9999.0 -9999.0 -9999.0 -9999.0 -9999.0 -9999.0 -9999.0 -9999.0 -9999.0 -9999.0
-9999.0 -9999.0 -9999.0 -9999.0 -9999.0 -9999.0 -9999.0 -9999.0 -9999.0 -9999.0 -9999.0 -9999.0 -9999.0 -9999.0 -9999.0 -9999.0 -9999.0 -9999.0 -9999.0 -9999.0 -9999.0 -9999.0 -9999.0 -9999.0 -9999.0 -9999.0 -9999.0 -9999.0 -9999.0 -9999.0 -9999.0 -9999.0 -9999.0 -9999.0 -9999.0 -9999.0 -9999.0 -9999.0 -9999.0 -9999.0 -9999.0 -9999.0 -9999.0 -9999.0 -9999.0 -9999.0 -9999.0 -9999.0 -9999.0 -9999.0 -9999.0 -9999.0 -9999.0 -9999.0 -9999.0 -9999.0 -9999.0 -9999.0 -9999.0 -9999.0 -9999.0 -9999.0 -9999.0 -9999.0 -9999.0 -9999.0 -9999.0 -9999.0 -9999.0 -9999.0 -9999.0 -9999.0 -9999.0 -9999.0 -9999.0 -9999.0 -9999.0 -9999.0 -9999.0 -9999.0 -9999.0 -9999.0 -9999.0 -9999.0 -9999.0 -9999.0 -9999.0 -9999.0 -9999.0 -9999.0 -9999.0 -9999.0 -9999.0 -9999.0 -9999.0 -9999.0 -9999.0 -9999.0 -9999.0 -9999.0 -9999.0 -9999.0 -9999.0 -9999.0