tests/3D/hillslope02_superslab/out/maps3D/thetaliqL0040N0006.asc
ncols         104
nrows         10
xllcorner     -2.000000
yllcorner     0.000000
cellsize      1.000000
NODATA_value  -9999.0
-9999.0 -9999.0 -9999.0 -9999.0 -9999.0 -9999.0 -9999.0 -9999.0 -9999.0 -9999.0 -9999.0 -9999.0 -9999.0 -9999.0 -9999.0 -9999.0 -9999.0 -9999.0 -9999.0 -9999.0 -9999.0 -9999.0 -9999.0 -9999.0 -9999.0 -9999.0 -9999.0 -9999.0 -9999.0 -9999.0 -9999.0 -9999.0 -9999.0 -9999.0 -9999.0 -9999.0 -9999.0 -9999.0 -9999.0 -9999.0 -9999.0 -9999.0 -9999.0 -9999.0 -9999.0 -9999.0 -9999.0 -9999.0 -9999.0 -9999.0 -9999.0 -9999.0 -9999.0 -9999.0 -9999.0 -9999.0 -9999.0 -9999.0 -9999.0 -9999.0 -9999.0 -9999.0 -9999.0 -9999.0 -9999.0 -9999.0 -9999.0 -9999.0 -9999.0 -9999.0 -9999.0 -9999.0 -9999.0 -9999.0 -9999.0 -9999.0 -9999.0 -9999.0 -9999.0 -9999.0 -9999.0 -9999.0 -9999.0 -9999.0 -9999.0 -9999.0 -9999.0 -9999.0 -9999.0 -9999.0 -9999.0 -9999.0 -9999.0 -9999.0 -9999.0 -9999.0 -9999.0 -9999.0 -9999.0 -9999.0 -9999.0 -9999.0 -9999.0 -9999.0
-9999.0 -9999.0 -9999.0 -9999.0 -9999.0 -9999.0 -9999.0 -9999.0 -9999.0 -9999.0 -9999.0 -9999.0 -9999.0 -9999.0 -9999.0 -9999.0 -9999.0 -9999.0 -9999.0 -9999.0 -9999.0 -9999.0 -9999.0 -9999.0 -9999.0 -9999.0 -9999.0 -9999.0 -9999.0 -9999.0 -9999.0 -9999.0 -9999.0 -9999.0 -9999.0 -9999.0 -9999.0 -9999.0 -9999.0 -9999.0 -9999.0 -9999.0 -9999.0 -9999.0 -9999.0 -9999.0 -9999.0 -9999.0 -9999.0 -9999.0 -9999.0 -9999.0 -9999.0 -9999.0 -9999.0 -9999.0 -9999.0 -9999.0 -9999.0 -9999.0 -9999.0 -9999.0 -9999.0 -9999.0 -9999.0 -9999.0 -9999.0 -9999.0 -9999.0 -9999.0 -9999.0 -9999.0 -9999.0 -9999.0 -9999.0 -9999.0 -9999.0 -9999.0 -9999.0 -9999.0 -9999.0 -9999.0 -9999.0 -9999.0 -9999.0 -9999.0 -9999.0 -9999.0 -9999.0 -9999.0 -9999.0 -9999.0 -9999.0 -9999.0 -9999.0 -9999.0 -9999.0 -9999.0 -9999.0 -9999.0 -9999.0 -9999.0 -9999.0 -9999.0
-9999.0 -9999.0 0.100000 0.100000 0.100000 0.100000 0.100000 0.100000 0.100000 0.100000 0.100000 0.100000 0.100000 0.100000 0.100000 0.100000 0.100000 0.100000 0.100000 0.097980 0.084772 0.071772 0.063465 0.058924 0.056620 0.055597 0.055246 0.055161 0.055147 0.055156 0.099865 0.100000 0.100000 0.100000 0.100000 0.100000 0.100000 0.100000 0.100000 0.099987 0.088965 0.072326 0.054863 0.051229 0.062047 0.080381 0.092614 0.097340 0.099143 0.099752 0.099931 0.099975 0.099976 0.099950 0.099876 0.099722 0.099450 0.099023 0.098407 0.097473 0.096596 0.095617 0.093340 0.087156 0.081379 0.075794 0.071173 0.067540 0.064535 0.062047 0.060040 0.058433 0.057186 0.056228 0.055498 0.054968 0.054615 0.054321 0.054106 0.053901 0.053763 0.053689 0.053700 0.053764 0.053820 0.053852 0.053857 0.053840 0.053800 0.053729 0.053615 0.053438 0.053166 0.052756 0.052149 0.051277 0.050063 0.048336 0.044127 0.028858 0.024459 0.024443 -9999.0 -9999.0
-9999.0 -9999.0 0.100000 0.100000 0.100000 0.100000 0.100000 0.100000 0.100000 0.100000 0.100000 0.100000 0.100000 0.100000 0.100000 0.100000 0.100000 0.100000 0.100000 0.097980 0.084772 0.071772 0.063465 0.058924 0.056620 0.055597 0.055246 0.055161 0.055147 0.055156 0.099865 0.100000 0.100000 0.100000 0.100000 0.100000 0.100000 0.100000 0.100000 0.099987 0.088965 0.072326 0.054863 0.051229 0.062047 0.080381 0.092614 0.097340 0.099143 0.099752 0.099931 0.099975 0.099976 0.099950 0.099876 0.099722 0.099450 0.099023 0.098407 0.097473 0.096596 0.095617 0.093340 0.087156 0.081379 0.075794 0.071173 0.067540 0.064535 0.062047 0.060040 0.058433 0.057186 0.056228 0.055498 0.054968 0.054615 0.054321 0.054106 0.053901 0.053763 0.053689 0.053700 0.053764 0.053820 0.053852 0.053857 0.053840 0.053800 0.053729 0.053615 0.053438 0.053166 0.052756 0.052149 0.051277 0.050063 0.048336 0.044127 0.028858 0.024459 0.024443 -9999.0 -9999.0
-9999.0 -9999.0 0.100000 0.100000 0.100000 0.100000 0.100000 0.100000 0.100000 0.100000 0.100000 0.100000 0.100000 0.100000 0.100000 0.100000 0.100000 0.100000 0.100000 0.097980 0.084772 0.071772 0.063465 0.058924 0.056620 0.055597 0.055246 0.055161 0.055147 0.055156 0.099865 0.100000 0.100000 0.100000 0.100000 0.100000 0.100000 0.100000 0.100000 0.099987 0.088965 0.072326 0.054863 0.051229 0.062047 0.080381 0.092614 0.097340 0.099143 0.099752 0.099931 0.099975 0.099976 0.099950 0.099876 0.099722 0.099450 0.099023 0.098407 0.097473 0.096596 0.095617 0.093340 0.087156 0.081379 0.075794 0.071173 0.067540 0.064535 0.062047 0.060040 0.058433 0.057186 0.056228 0.055498 0.054968 0.054615 0.054321 0.054106 0.053901 0.053763 0.053689 0.053700 0.053764 0.053820 0.053852 0.053857 0.053840 0.053800 0.053729 0.053615 0.053438 0.053166 0.052756 0.052149 0.051277 0.050063 0.048336 0.044127 0.028858 0.024459 0.024443 -9999.0 -9999.0
-9999.0 -9999.0 0.100000 0.100000 0.100000 0.100000 0.100000 0.100000 0.100000 0.100000 0.100000 0.100000 0.100000 0.100000 0.100000 0.100000 0.100000 0.100000 0.100000 0.097980 0.084772 0.071772 0.063465 0.058924 0.056620 0.055597 0.055246 0.055161 0.055147 0.055156 0.099865 0.100000 0.100000 0.100000 0.100000 0.100000 0.100000 0.100000 0.100000 0.099987 0.088965 0.072326 0.054863 0.051229 0.062047 0.080381 0.092614 0.097340 0.099143 0.099752 0.099931 0.099975 0.099976 0.099950 0.099876 0.099722 0.099450 0.099023 0.098407 0.097473 0.096596 0.095617 0.093340 0.087156 0.081379 0.075794 0.071173 0.067540 0.064535 0.062047 0.060040 0.058433 0.057186 0.056228 0.055498 0.054968 0.054615 0.054321 0.054106 0.053901 0.053763 0.053689 0.053700 0.053764 0.053820 0.053852 0.053857 0.053840 0.053800 0.053729 0.053615 0.053438 0.053166 0.052756 0.052149 0.051277 0.050063 0.048336 0.044127 0.028858 0.024459 0.024443 -9999.0 -9999.0
-9999.0 -9999.0 0.100000 0.100000 0.100000 0.100000 0.100000 0.100000 0.100000 0.100000 0.100000 0.100000 0.100000 0.100000 0.100000 0.100000 0.100000 0.100000 0.100000 0.097980 0.084772 0.071772 0.063465 0.058924 0.056620 0.055597 0.055246 0.055161 0.055147 0.055156 0.099865 0.100000 0.100000 0.100000 0.100000 0.100000 0.100000 0.100000 0.100000 0.099987 0.088965 0.072326 0.054863 0.051229 0.062047 0.080381 0.092614 0.097340 0.099143 0.099752 0.099931 0.099975 0.099976 0.099950 0.099876 0.099722 0.099450 0.099023 0.098407 0.097473 0.096596 0.095617 0.093340 0.087156 0.081379 0.075794 0.071173 0.067540 0.064535 0.062047 0.060040 0.058433 0.057186 0.056228 0.055498 0.054968 0.054615 0.054321 0.054106 0.053901 0.053763 0.053689 0.053700 0.053764 0.053820 0.053852 0.053857 0.053840 0.053800 0.053729 0.053615 0.053438 0.053166 0.052756 0.052149 0.051277 0.050063 0.048336 0.044127 0.028858 0.024459 0.024443 -9999.0 -9999.0
-9999.0 -9999.0 0.100000 0.100000 0.100000 0.100000 0.100000 0.100000 0.100000 0.100000 0.100000 0.100000 0.100000 0.100000 0.100000 0.100000 0.100000 0.100000 0.100000 0.097980 0.084772 0.071772 0.063465 0.058924 0.056620 0.055597 0.055246 0.055161 0.055147 0.055156 0.099865 0.100000 0.100000 0.100000 0.100000 0.100000 0.100000 0.100000 0.100000 0.099987 0.088965 0.072326 0.054863 0.051229 0.062047 0.080381 0.092614 0.097340 0.099143 0.099752 0.099931 0.099975 0.099976 0.099950 0.099876 0.099722 0.099450 0.099023 0.098407 0.097473 0.096596 0.095617 0.093340 0.087156 0.081379 0.075794 0.071173 0.067540 0.064535 0.062047 0.060040 0.058433 0.057186 0.056228 0.055498 0.054968 0.054615 0.054321 0.054106 0.053901 0.053763 0.053689 0.053700 0.053764 0.053820 0.053852 0.053857 0.053840 0.053800 0.053729 0.053615 0.053438 0.053166 0.052756 0.052149 0.051277 0.050063 0.048336 0.044127 0.028858 0.024459 0.024443 -9999.0 -9999.0
-9999.0 -9999.0 -9999.0 -9999.0 -9999.0 -9999.0 -9999.0 -9999.0 -9999.0 -9999.0 -9999.0 -9999.0 -9999.0 -9999.0 -9999.0 -9999.0 -9999.0 -9999.0 -9999.0 -9999.0 -9999.0 -9999.0 -9999.0 -9999.0 -9999.0 -9999.0 -9999.0 -9999.0 -9999.0 -9999.0 -9999.0 -9999.0 -9999.0 -9999.0 -9999.0 -9999.0 -9999.0 -9999.0 -9999.0 -9999.0 -9999.0 -9999.0 -9999.0 -9999.0 -9999.0 -9999.0 -9999.0 -9999.0 -9999.0 -9999.0 -9999.0 -9999.0 -9999.0 -9999.0 -9999.0 -9999.0 -9999.0 -9999.0 -9999.0 -9999.0 -9999.0 -9999.0 -9999.0 -9999.0 -9999.0 -9999.0 -9999.0 -9999.0 -9999.0 -9999.0 -9999.0 -9999.0 -9999.0 -9999.0 -9999.0 -9999.0 -9999.0 -9999.0 -9999.0 -9999.0 -9999.0 -9999.0 -9999.0 -9999.0 -9999.0 -9999.0 -9999.0 -9999.0 -9999.0 -9999.0 -9999.0 -9999.0 -9999.0 -9999.0 -9999.0 -9999.0 -9999.0 -9999.0 -9999.0 -9999.0 -9999.0 -9999.0 -9999.0 -9999.0
-9999.0 -9999.0 -9999.0 -9999.0 -9999.0 -9999.0 -9999.0 -9999.0 -9999.0 -9999.0 -9999.0 -9999.0 -9999.0 -9999.0 -9999.0 -9999.0 -9999.0 -9999.0 -9999.0 -9999.0 -9999.0 -9999.0 -9999.0 -9999.0 -9999.0 -9999.0 -9999.0 -9999.0 -9999.0 -9999.0 -9999.0 -9999.0 -9999.0 -9999.0 -9999.0 -9999.0 -9999.0 -9999.0 -9999.0 -9999.0 -9999.0 -9999.0 -9999.0 -9999.0 -9999.0 -9999.0 -9999.0 -9999.0 -9999.0 -9999.0 -9999.0 -9999.0 -9999.0 -9999.0 -9999.0 -9999.0 -9999.0 -9999.0 -9999.0 -9999.0 -9999.0 -9999.0 -9999.0 -9999.0 -9999.0 -9999.0 -9999.0 -9999.0 -9999.0 -9999.0 -9999.0 -9999.0 -9999.0 -9999.0 -9999.0 -9999.0 -9999.0 -9999.0 -9999.0 -9999.0 -9999.0 -9999.0 -9999.0 -9999.0 -9999.0 -9999.0 -9999.0 -9999.0 -9999.0 -9999.0 -9999.0 -9999.0 -9999.0 -9999.0 -9999.0 -9999.0 -9999.0 -9999.0 -9999.0 -9999.0 -9999.0 -9999.0 -9999.0 -9999.0