tests/3D/hillslope02_superslab/out/maps3D/thetaliqL0012N0006.asc
ncols         104
nrows         10
xllcorner     -2.000000
yllcorner     0.000000
cellsize      1.000000
NODATA_value  -9999.0
-9999.0 -9999.0 -9999.0 -9999.0 -9999.0 -9999.0 -9999.0 -9999.0 -9999.0 -9999.0 -9999.0 -9999.0 -9999.0 -9999.0 -9999.0 -9999.0 -9999.0 -9999.0 -9999.0 -9999.0 -9999.0 -9999.0 -9999.0 -9999.0 -9999.0 -9999.0 -9999.0 -9999.0 -9999.0 -9999.0 -9999.0 -9999.0 -9999.0 -9999.0 -9999.0 -9999.0 -9999.0 -9999.0 -9999.0 -9999.0 -9999.0 -9999.0 -9999.0 -9999.0 -9999.0 -9999.0 -9999.0 -9999.0 -9999.0 -9999.0 -9999.0 -9999.0 -9999.0 -9999.0 -9999.0 -9999.0 -9999.0 -9999.0 -9999.0 -9999.0 -9999.0 -9999.0 -9999.0 -9999.0 -9999.0 -9999.0 -9999.0 -9999.0 -9999.0 -9999.0 -9999.0 -9999.0 -9999.0 -9999.0 -9999.0 -9999.0 -9999.0 -9999.0 -9999.0 -9999.0 -9999.0 -9999.0 -9999.0 -9999.0 -9999.0 -9999.0 -9999.0 -9999.0 -9999.0 -9999.0 -9999.0 -9999.0 -9999.0 -9999.0 -9999.0 -9999.0 -9999.0 -9999.0 -9999.0 -9999.0 -9999.0 -9999.0 -9999.0 -9999.0
-9999.0 -9999.0 -9999.0 -9999.0 -9999.0 -9999.0 -9999.0 -9999.0 -9999.0 -9999.0 -9999.0 -9999.0 -9999.0 -9999.0 -9999.0 -9999.0 -9999.0 -9999.0 -9999.0 -9999.0 -9999.0 -9999.0 -9999.0 -9999.0 -9999.0 -9999.0 -9999.0 -9999.0 -9999.0 -9999.0 -9999.0 -9999.0 -9999.0 -9999.0 -9999.0 -9999.0 -9999.0 -9999.0 -9999.0 -9999.0 -9999.0 -9999.0 -9999.0 -9999.0 -9999.0 -9999.0 -9999.0 -9999.0 -9999.0 -9999.0 -9999.0 -9999.0 -9999.0 -9999.0 -9999.0 -9999.0 -9999.0 -9999.0 -9999.0 -9999.0 -9999.0 -9999.0 -9999.0 -9999.0 -9999.0 -9999.0 -9999.0 -9999.0 -9999.0 -9999.0 -9999.0 -9999.0 -9999.0 -9999.0 -9999.0 -9999.0 -9999.0 -9999.0 -9999.0 -9999.0 -9999.0 -9999.0 -9999.0 -9999.0 -9999.0 -9999.0 -9999.0 -9999.0 -9999.0 -9999.0 -9999.0 -9999.0 -9999.0 -9999.0 -9999.0 -9999.0 -9999.0 -9999.0 -9999.0 -9999.0 -9999.0 -9999.0 -9999.0 -9999.0
-9999.0 -9999.0 0.100000 0.100000 0.100000 0.100000 0.089012 0.072349 0.063439 0.061170 0.054501 0.052361 0.051477 0.051042 0.051167 0.052119 0.099370 0.099955 0.100000 0.100000 0.100000 0.100000 0.100000 0.100000 0.099400 0.087449 0.073095 0.063702 0.058648 0.056176 0.055034 0.054531 0.054330 0.054279 0.054318 0.054432 0.054603 0.054747 0.056532 0.062384 0.055492 0.052705 0.039583 0.033619 0.033618 0.033618 0.033618 0.033618 0.033618 0.033618 0.033618 0.033618 0.033618 0.033618 0.033618 0.033618 0.033618 0.033618 0.033618 0.033618 0.033619 0.040436 0.097127 0.068435 0.058391 0.056185 0.055254 0.054737 0.054429 0.054241 0.054124 0.054051 0.054005 0.053976 0.053958 0.053947 0.053940 0.053935 0.053932 0.053930 0.053927 0.053925 0.053922 0.053917 0.053910 0.053899 0.053882 0.053856 0.053813 0.053747 0.053644 0.053483 0.053234 0.052854 0.052285 0.051456 0.050292 0.048735 0.046777 0.044464 0.041780 0.038569 -9999.0 -9999.0
-9999.0 -9999.0 0.100000 0.100000 0.100000 0.100000 0.089012 0.072349 0.063439 0.061170 0.054501 0.052361 0.051477 0.051042 0.051167 0.052119 0.099370 0.099955 0.100000 0.100000 0.100000 0.100000 0.100000 0.100000 0.099400 0.087449 0.073095 0.063702 0.058648 0.056176 0.055034 0.054531 0.054330 0.054279 0.054318 0.054432 0.054603 0.054747 0.056532 0.062384 0.055492 0.052705 0.039583 0.033619 0.033618 0.033618 0.033618 0.033618 0.033618 0.033618 0.033618 0.033618 0.033618 0.033618 0.033618 0.033618 0.033618 0.033618 0.033618 0.033618 0.033619 0.040436 0.097127 0.068435 0.058391 0.056185 0.055254 0.054737 0.054429 0.054241 0.054124 0.054051 0.054005 0.053976 0.053958 0.053947 0.053940 0.053935 0.053932 0.053930 0.053927 0.053925 0.053922 0.053917 0.053910 0.053899 0.053882 0.053856 0.053813 0.053747 0.053644 0.053483 0.053234 0.052854 0.052285 0.051456 0.050292 0.048735 0.046777 0.044464 0.041780 0.038569 -9999.0 -9999.0
-9999.0 -9999.0 0.100000 0.100000 0.100000 0.100000 0.089012 0.072350 0.063439 0.061170 0.054501 0.052361 0.051477 0.051042 0.051167 0.052119 0.099370 0.099955 0.100000 0.100000 0.100000 0.100000 0.100000 0.100000 0.099400 0.087449 0.073095 0.063702 0.058648 0.056176 0.055034 0.054531 0.054330 0.054279 0.054318 0.054432 0.054603 0.054747 0.056532 0.062384 0.055492 0.052705 0.039583 0.033619 0.033618 0.033618 0.033618 0.033618 0.033618 0.033618 0.033618 0.033618 0.033618 0.033618 0.033618 0.033618 0.033618 0.033618 0.033618 0.033618 0.033619 0.040436 0.097127 0.068435 0.058391 0.056185 0.055254 0.054737 0.054429 0.054241 0.054124 0.054051 0.054005 0.053976 0.053958 0.053947 0.053940 0.053935 0.053932 0.053930 0.053927 0.053925 0.053922 0.053917 0.053910 0.053899 0.053882 0.053856 0.053813 0.053747 0.053644 0.053483 0.053234 0.052854 0.052285 0.051456 0.050292 0.048735 0.046777 0.044464 0.041780 0.038569 -9999.0 -9999.0
-9999.0 -9999.0 0.100000 0.100000 0.100000 0.100000 0.089012 0.072350 0.063439 0.061170 0.054501 0.052361 0.051477 0.051042 0.051167 0.052119 0.099370 0.099955 0.100000 0.100000 0.100000 0.100000 0.100000 0.100000 0.099400 0.087449 0.073095 0.063702 0.058648 0.056176 0.055034 0.054531 0.054330 0.054279 0.054318 0.054432 0.054603 0.054747 0.056532 0.062384 0.055492 0.052705 0.039583 0.033619 0.033618 0.033618 0.033618 0.033618 0.033618 0.033618 0.033618 0.033618 0.033618 0.033618 0.033618 0.033618 0.033618 0.033618 0.033618 0.033618 0.033619 0.040436 0.097127 0.068435 0.058391 0.056185 0.055254 0.054737 0.054429 0.054241 0.054124 0.054051 0.054005 0.053976 0.053958 0.053947 0.053940 0.053935 0.053932 0.053930 0.053927 0.053925 0.053922 0.053917 0.053910 0.053899 0.053882 0.053856 0.053813 0.053747 0.053644 0.053483 0.053234 0.052854 0.052285 0.051456 0.050292 0.048735 0.046777 0.044464 0.041780 0.038569 -9999.0 -9999.0
-9999.0 -9999.0 0.100000 0.100000 0.100000 0.100000 0.089012 0.072349 0.063439 0.061170 0.054501 0.052361 0.051477 0.051042 0.051167 0.052119 0.099370 0.099955 0.100000 0.100000 0.100000 0.100000 0.100000 0.100000 0.099400 0.087449 0.073095 0.063702 0.058648 0.056176 0.055034 0.054531 0.054330 0.054279 0.054318 0.054432 0.054603 0.054747 0.056532 0.062384 0.055492 0.052705 0.039583 0.033619 0.033618 0.033618 0.033618 0.033618 0.033618 0.033618 0.033618 0.033618 0.033618 0.033618 0.033618 0.033618 0.033618 0.033618 0.033618 0.033618 0.033619 0.040436 0.097127 0.068435 0.058391 0.056185 0.055254 0.054737 0.054429 0.054241 0.054124 0.054051 0.054005 0.053976 0.053958 0.053947 0.053940 0.053935 0.053932 0.053930 0.053927 0.053925 0.053922 0.053917 0.053910 0.053899 0.053882 0.053856 0.053813 0.053747 0.053644 0.053483 0.053234 0.052854 0.052285 0.051456 0.050292 0.048735 0.046777 0.044464 0.041780 0.038569 -9999.0 -9999.0
-9999.0 -9999.0 0.100000 0.100000 0.100000 0.100000 0.089012 0.072349 0.063439 0.061170 0.054501 0.052361 0.051477 0.051042 0.051167 0.052119 0.099370 0.099955 0.100000 0.100000 0.100000 0.100000 0.100000 0.100000 0.099400 0.087449 0.073095 0.063702 0.058648 0.056176 0.055034 0.054531 0.054330 0.054279 0.054318 0.054432 0.054603 0.054747 0.056532 0.062384 0.055492 0.052705 0.039583 0.033619 0.033618 0.033618 0.033618 0.033618 0.033618 0.033618 0.033618 0.033618 0.033618 0.033618 0.033618 0.033618 0.033618 0.033618 0.033618 0.033618 0.033619 0.040436 0.097127 0.068435 0.058391 0.056185 0.055254 0.054737 0.054429 0.054241 0.054124 0.054051 0.054005 0.053976 0.053958 0.053947 0.053940 0.053935 0.053932 0.053930 0.053927 0.053925 0.053922 0.053917 0.053910 0.053899 0.053882 0.053856 0.053813 0.053747 0.053644 0.053483 0.053234 0.052854 0.052285 0.051456 0.050292 0.048735 0.046777 0.044464 0.041780 0.038569 -9999.0 -9999.0
-9999.0 -9999.0 -9999.0 -9999.0 -9999.0 -9999.0 -9999.0 -9999.0 -9999.0 -9999.0 -9999.0 -9999.0 -9999.0 -9999.0 -9999.0 -9999.0 -9999.0 -9999.0 -9999.0 -9999.0 -9999.0 -9999.0 -9999.0 -9999.0 -9999.0 -9999.0 -9999.0 -9999.0 -9999.0 -9999.0 -9999.0 -9999.0 -9999.0 -9999.0 -9999.0 -9999.0 -9999.0 -9999.0 -9999.0 -9999.0 -9999.0 -9999.0 -9999.0 -9999.0 -9999.0 -9999.0 -9999.0 -9999.0 -9999.0 -9999.0 -9999.0 -9999.0 -9999.0 -9999.0 -9999.0 -9999.0 -9999.0 -9999.0 -9999.0 -9999.0 -9999.0 -9999.0 -9999.0 -9999.0 -9999.0 -9999.0 -9999.0 -9999.0 -9999.0 -9999.0 -9999.0 -9999.0 -9999.0 -9999.0 -9999.0 -9999.0 -9999.0 -9999.0 -9999.0 -9999.0 -9999.0 -9999.0 -9999.0 -9999.0 -9999.0 -9999.0 -9999.0 -9999.0 -9999.0 -9999.0 -9999.0 -9999.0 -9999.0 -9999.0 -9999.0 -9999.0 -9999.0 -9999.0 -9999.0 -9999.0 -9999.0 -9999.0 -9999.0 -9999.0
-9999.0 -9999.0 -9999.0 -9999.0 -9999.0 -9999.0 -9999.0 -9999.0 -9999.0 -9999.0 -9999.0 -9999.0 -9999.0 -9999.0 -9999.0 -9999.0 -9999.0 -9999.0 -9999.0 -9999.0 -9999.0 -9999.0 -9999.0 -9999.0 -9999.0 -9999.0 -9999.0 -9999.0 -9999.0 -9999.0 -9999.0 -9999.0 -9999.0 -9999.0 -9999.0 -9999.0 -9999.0 -9999.0 -9999.0 -9999.0 -9999.0 -9999.0 -9999.0 -9999.0 -9999.0 -9999.0 -9999.0 -9999.0 -9999.0 -9999.0 -9999.0 -9999.0 -9999.0 -9999.0 -9999.0 -9999.0 -9999.0 -9999.0 -9999.0 -9999.0 -9999.0 -9999.0 -9999.0 -9999.0 -9999.0 -9999.0 -9999.0 -9999.0 -9999.0 -9999.0 -9999.0 -9999.0 -9999.0 -9999.0 -9999.0 -9999.0 -9999.0 -9999.0 -9999.0 -9999.0 -9999.0 -9999.0 -9999.0 -9999.0 -9999.0 -9999.0 -9999.0 -9999.0 -9999.0 -9999.0 -9999.0 -9999.0 -9999.0 -9999.0 -9999.0 -9999.0 -9999.0 -9999.0 -9999.0 -9999.0 -9999.0 -9999.0 -9999.0 -9999.0