tests/3D/hillslope02_superslab/out/maps3D/thetaliqL0023N0005.asc
ncols         104
nrows         10
xllcorner     -2.000000
yllcorner     0.000000
cellsize      1.000000
NODATA_value  -9999.0
-9999.0 -9999.0 -9999.0 -9999.0 -9999.0 -9999.0 -9999.0 -9999.0 -9999.0 -9999.0 -9999.0 -9999.0 -9999.0 -9999.0 -9999.0 -9999.0 -9999.0 -9999.0 -9999.0 -9999.0 -9999.0 -9999.0 -9999.0 -9999.0 -9999.0 -9999.0 -9999.0 -9999.0 -9999.0 -9999.0 -9999.0 -9999.0 -9999.0 -9999.0 -9999.0 -9999.0 -9999.0 -9999.0 -9999.0 -9999.0 -9999.0 -9999.0 -9999.0 -9999.0 -9999.0 -9999.0 -9999.0 -9999.0 -9999.0 -9999.0 -9999.0 -9999.0 -9999.0 -9999.0 -9999.0 -9999.0 -9999.0 -9999.0 -9999.0 -9999.0 -9999.0 -9999.0 -9999.0 -9999.0 -9999.0 -9999.0 -9999.0 -9999.0 -9999.0 -9999.0 -9999.0 -9999.0 -9999.0 -9999.0 -9999.0 -9999.0 -9999.0 -9999.0 -9999.0 -9999.0 -9999.0 -9999.0 -9999.0 -9999.0 -9999.0 -9999.0 -9999.0 -9999.0 -9999.0 -9999.0 -9999.0 -9999.0 -9999.0 -9999.0 -9999.0 -9999.0 -9999.0 -9999.0 -9999.0 -9999.0 -9999.0 -9999.0 -9999.0 -9999.0
-9999.0 -9999.0 -9999.0 -9999.0 -9999.0 -9999.0 -9999.0 -9999.0 -9999.0 -9999.0 -9999.0 -9999.0 -9999.0 -9999.0 -9999.0 -9999.0 -9999.0 -9999.0 -9999.0 -9999.0 -9999.0 -9999.0 -9999.0 -9999.0 -9999.0 -9999.0 -9999.0 -9999.0 -9999.0 -9999.0 -9999.0 -9999.0 -9999.0 -9999.0 -9999.0 -9999.0 -9999.0 -9999.0 -9999.0 -9999.0 -9999.0 -9999.0 -9999.0 -9999.0 -9999.0 -9999.0 -9999.0 -9999.0 -9999.0 -9999.0 -9999.0 -9999.0 -9999.0 -9999.0 -9999.0 -9999.0 -9999.0 -9999.0 -9999.0 -9999.0 -9999.0 -9999.0 -9999.0 -9999.0 -9999.0 -9999.0 -9999.0 -9999.0 -9999.0 -9999.0 -9999.0 -9999.0 -9999.0 -9999.0 -9999.0 -9999.0 -9999.0 -9999.0 -9999.0 -9999.0 -9999.0 -9999.0 -9999.0 -9999.0 -9999.0 -9999.0 -9999.0 -9999.0 -9999.0 -9999.0 -9999.0 -9999.0 -9999.0 -9999.0 -9999.0 -9999.0 -9999.0 -9999.0 -9999.0 -9999.0 -9999.0 -9999.0 -9999.0 -9999.0
-9999.0 -9999.0 0.100000 0.100000 0.100000 0.100000 0.100000 0.100000 0.100000 0.100000 0.100000 0.100000 0.100000 0.090780 0.073170 0.062365 0.057353 0.055376 0.054742 0.054648 0.054748 0.099327 0.099988 0.100000 0.100000 0.100000 0.100000 0.100000 0.100000 0.100000 0.100000 0.099991 0.090834 0.076274 0.065920 0.060192 0.057544 0.056612 0.054753 0.048881 0.049772 0.063366 0.038598 0.034727 0.034700 0.034700 0.034700 0.034700 0.034700 0.034700 0.034701 0.034711 0.034763 0.034884 0.035170 0.035852 0.037355 0.040171 0.044606 0.050524 0.057208 0.067079 0.061851 0.059648 0.057782 0.056583 0.055766 0.055205 0.054803 0.054527 0.054333 0.054199 0.054110 0.054048 0.054007 0.053980 0.053962 0.053951 0.053942 0.053936 0.053931 0.053928 0.053923 0.053918 0.053910 0.053899 0.053881 0.053853 0.053809 0.053740 0.053632 0.053464 0.053206 0.052814 0.052230 0.051383 0.050202 0.048624 0.046532 0.042891 0.034190 0.023786 -9999.0 -9999.0
-9999.0 -9999.0 0.100000 0.100000 0.100000 0.100000 0.100000 0.100000 0.100000 0.100000 0.100000 0.100000 0.100000 0.090780 0.073170 0.062365 0.057353 0.055376 0.054742 0.054648 0.054748 0.099327 0.099988 0.100000 0.100000 0.100000 0.100000 0.100000 0.100000 0.100000 0.100000 0.099991 0.090834 0.076274 0.065920 0.060192 0.057544 0.056612 0.054753 0.048881 0.049772 0.063366 0.038598 0.034727 0.034700 0.034700 0.034700 0.034700 0.034700 0.034700 0.034701 0.034711 0.034763 0.034884 0.035170 0.035852 0.037355 0.040171 0.044606 0.050524 0.057208 0.067079 0.061851 0.059648 0.057782 0.056583 0.055766 0.055205 0.054803 0.054527 0.054333 0.054199 0.054110 0.054048 0.054007 0.053980 0.053962 0.053951 0.053942 0.053936 0.053931 0.053928 0.053923 0.053918 0.053910 0.053899 0.053881 0.053853 0.053809 0.053740 0.053632 0.053464 0.053206 0.052814 0.052230 0.051383 0.050202 0.048624 0.046532 0.042891 0.034190 0.023786 -9999.0 -9999.0
-9999.0 -9999.0 0.100000 0.100000 0.100000 0.100000 0.100000 0.100000 0.100000 0.100000 0.100000 0.100000 0.100000 0.090780 0.073170 0.062365 0.057353 0.055376 0.054742 0.054648 0.054748 0.099327 0.099988 0.100000 0.100000 0.100000 0.100000 0.100000 0.100000 0.100000 0.100000 0.099991 0.090834 0.076274 0.065920 0.060192 0.057544 0.056612 0.054753 0.048881 0.049772 0.063366 0.038598 0.034727 0.034700 0.034700 0.034700 0.034700 0.034700 0.034700 0.034701 0.034711 0.034763 0.034884 0.035170 0.035852 0.037355 0.040171 0.044606 0.050524 0.057208 0.067079 0.061851 0.059648 0.057782 0.056583 0.055766 0.055205 0.054803 0.054527 0.054333 0.054199 0.054110 0.054048 0.054007 0.053980 0.053962 0.053951 0.053942 0.053936 0.053931 0.053928 0.053923 0.053918 0.053910 0.053899 0.053881 0.053853 0.053809 0.053740 0.053632 0.053464 0.053206 0.052814 0.052230 0.051383 0.050202 0.048624 0.046532 0.042891 0.034190 0.023786 -9999.0 -9999.0
-9999.0 -9999.0 0.100000 0.100000 0.100000 0.100000 0.100000 0.100000 0.100000 0.100000 0.100000 0.100000 0.100000 0.090780 0.073170 0.062365 0.057353 0.055376 0.054742 0.054648 0.054748 0.099327 0.099988 0.100000 0.100000 0.100000 0.100000 0.100000 0.100000 0.100000 0.100000 0.099991 0.090834 0.076274 0.065920 0.060192 0.057544 0.056612 0.054753 0.048881 0.049772 0.063366 0.038598 0.034727 0.034700 0.034700 0.034700 0.034700 0.034700 0.034700 0.034701 0.034711 0.034763 0.034884 0.035170 0.035852 0.037355 0.040171 0.044606 0.050524 0.057208 0.067079 0.061851 0.059648 0.057782 0.056583 0.055766 0.055205 0.054803 0.054527 0.054333 0.054199 0.054110 0.054048 0.054007 0.053980 0.053962 0.053951 0.053942 0.053936 0.053931 0.053928 0.053923 0.053918 0.053910 0.053899 0.053881 0.053853 0.053809 0.053740 0.053632 0.053464 0.053206 0.052814 0.052230 0.051383 0.050202 0.048624 0.046532 0.042891 0.034190 0.023786 -9999.0 -9999.0
-9999.0 -9999.0 0.100000 0.100000 0.100000 0.100000 0.100000 0.100000 0.100000 0.100000 0.100000 0.100000 0.100000 0.090780 0.073170 0.062365 0.057353 0.055376 0.054742 0.054648 0.054748 0.099327 0.099988 0.100000 0.100000 0.100000 0.100000 0.100000 0.100000 0.100000 0.100000 0.099991 0.090834 0.076274 0.065920 0.060192 0.057544 0.056612 0.054753 0.048881 0.049772 0.063366 0.038598 0.034727 0.034700 0.034700 0.034700 0.034700 0.034700 0.034700 0.034701 0.034711 0.034763 0.034884 0.035170 0.035852 0.037355 0.040171 0.044606 0.050524 0.057208 0.067079 0.061851 0.059648 0.057782 0.056583 0.055766 0.055205 0.054803 0.054527 0.054333 0.054199 0.054110 0.054048 0.054007 0.053980 0.053962 0.053951 0.053942 0.053936 0.053931 0.053928 0.053923 0.053918 0.053910 0.053899 0.053881 0.053853 0.053809 0.053740 0.053632 0.053464 0.053206 0.052814 0.052230 0.051383 0.050202 0.048624 0.046532 0.042891 0.034190 0.023786 -9999.0 -9999.0
-9999.0 -9999.0 0.100000 0.100000 0.100000 0.100000 0.100000 0.100000 0.100000 0.100000 0.100000 0.100000 0.100000 0.090780 0.073170 0.062365 0.057353 0.055376 0.054742 0.054648 0.054748 0.099327 0.099988 0.100000 0.100000 0.100000 0.100000 0.100000 0.100000 0.100000 0.100000 0.099991 0.090834 0.076274 0.065920 0.060192 0.057544 0.056612 0.054753 0.048881 0.049772 0.063366 0.038598 0.034727 0.034700 0.034700 0.034700 0.034700 0.034700 0.034700 0.034701 0.034711 0.034763 0.034884 0.035170 0.035852 0.037355 0.040171 0.044606 0.050524 0.057208 0.067079 0.061851 0.059648 0.057782 0.056583 0.055766 0.055205 0.054803 0.054527 0.054333 0.054199 0.054110 0.054048 0.054007 0.053980 0.053962 0.053951 0.053942 0.053936 0.053931 0.053928 0.053923 0.053918 0.053910 0.053899 0.053881 0.053853 0.053809 0.053740 0.053632 0.053464 0.053206 0.052814 0.052230 0.051383 0.050202 0.048624 0.046532 0.042891 0.034190 0.023786 -9999.0 -9999.0
-9999.0 -9999.0 -9999.0 -9999.0 -9999.0 -9999.0 -9999.0 -9999.0 -9999.0 -9999.0 -9999.0 -9999.0 -9999.0 -9999.0 -9999.0 -9999.0 -9999.0 -9999.0 -9999.0 -9999.0 -9999.0 -9999.0 -9999.0 -9999.0 -9999.0 -9999.0 -9999.0 -9999.0 -9999.0 -9999.0 -9999.0 -9999.0 -9999.0 -9999.0 -9999.0 -9999.0 -9999.0 -9999.0 -9999.0 -9999.0 -9999.0 -9999.0 -9999.0 -9999.0 -9999.0 -9999.0 -9999.0 -9999.0 -9999.0 -9999.0 -9999.0 -9999.0 -9999.0 -9999.0 -9999.0 -9999.0 -9999.0 -9999.0 -9999.0 -9999.0 -9999.0 -9999.0 -9999.0 -9999.0 -9999.0 -9999.0 -9999.0 -9999.0 -9999.0 -9999.0 -9999.0 -9999.0 -9999.0 -9999.0 -9999.0 -9999.0 -9999.0 -9999.0 -9999.0 -9999.0 -9999.0 -9999.0 -9999.0 -9999.0 -9999.0 -9999.0 -9999.0 -9999.0 -9999.0 -9999.0 -9999.0 -9999.0 -9999.0 -9999.0 -9999.0 -9999.0 -9999.0 -9999.0 -9999.0 -9999.0 -9999.0 -9999.0 -9999.0 -9999.0
-9999.0 -9999.0 -9999.0 -9999.0 -9999.0 -9999.0 -9999.0 -9999.0 -9999.0 -9999.0 -9999.0 -9999.0 -9999.0 -9999.0 -9999.0 -9999.0 -9999.0 -9999.0 -9999.0 -9999.0 -9999.0 -9999.0 -9999.0 -9999.0 -9999.0 -9999.0 -9999.0 -9999.0 -9999.0 -9999.0 -9999.0 -9999.0 -9999.0 -9999.0 -9999.0 -9999.0 -9999.0 -9999.0 -9999.0 -9999.0 -9999.0 -9999.0 -9999.0 -9999.0 -9999.0 -9999.0 -9999.0 -9999.0 -9999.0 -9999.0 -9999.0 -9999.0 -9999.0 -9999.0 -9999.0 -9999.0 -9999.0 -9999.0 -9999.0 -9999.0 -9999.0 -9999.0 -9999.0 -9999.0 -9999.0 -9999.0 -9999.0 -9999.0 -9999.0 -9999.0 -9999.0 -9999.0 -9999.0 -9999.0 -9999.0 -9999.0 -9999.0 -9999.0 -9999.0 -9999.0 -9999.0 -9999.0 -9999.0 -9999.0 -9999.0 -9999.0 -9999.0 -9999.0 -9999.0 -9999.0 -9999.0 -9999.0 -9999.0 -9999.0 -9999.0 -9999.0 -9999.0 -9999.0 -9999.0 -9999.0 -9999.0 -9999.0 -9999.0 -9999.0