tests/3D/hillslope02_superslab/out/maps3D/thetaliqL0025N0005.asc
ncols         104
nrows         10
xllcorner     -2.000000
yllcorner     0.000000
cellsize      1.000000
NODATA_value  -9999.0
-9999.0 -9999.0 -9999.0 -9999.0 -9999.0 -9999.0 -9999.0 -9999.0 -9999.0 -9999.0 -9999.0 -9999.0 -9999.0 -9999.0 -9999.0 -9999.0 -9999.0 -9999.0 -9999.0 -9999.0 -9999.0 -9999.0 -9999.0 -9999.0 -9999.0 -9999.0 -9999.0 -9999.0 -9999.0 -9999.0 -9999.0 -9999.0 -9999.0 -9999.0 -9999.0 -9999.0 -9999.0 -9999.0 -9999.0 -9999.0 -9999.0 -9999.0 -9999.0 -9999.0 -9999.0 -9999.0 -9999.0 -9999.0 -9999.0 -9999.0 -9999.0 -9999.0 -9999.0 -9999.0 -9999.0 -9999.0 -9999.0 -9999.0 -9999.0 -9999.0 -9999.0 -9999.0 -9999.0 -9999.0 -9999.0 -9999.0 -9999.0 -9999.0 -9999.0 -9999.0 -9999.0 -9999.0 -9999.0 -9999.0 -9999.0 -9999.0 -9999.0 -9999.0 -9999.0 -9999.0 -9999.0 -9999.0 -9999.0 -9999.0 -9999.0 -9999.0 -9999.0 -9999.0 -9999.0 -9999.0 -9999.0 -9999.0 -9999.0 -9999.0 -9999.0 -9999.0 -9999.0 -9999.0 -9999.0 -9999.0 -9999.0 -9999.0 -9999.0 -9999.0
-9999.0 -9999.0 -9999.0 -9999.0 -9999.0 -9999.0 -9999.0 -9999.0 -9999.0 -9999.0 -9999.0 -9999.0 -9999.0 -9999.0 -9999.0 -9999.0 -9999.0 -9999.0 -9999.0 -9999.0 -9999.0 -9999.0 -9999.0 -9999.0 -9999.0 -9999.0 -9999.0 -9999.0 -9999.0 -9999.0 -9999.0 -9999.0 -9999.0 -9999.0 -9999.0 -9999.0 -9999.0 -9999.0 -9999.0 -9999.0 -9999.0 -9999.0 -9999.0 -9999.0 -9999.0 -9999.0 -9999.0 -9999.0 -9999.0 -9999.0 -9999.0 -9999.0 -9999.0 -9999.0 -9999.0 -9999.0 -9999.0 -9999.0 -9999.0 -9999.0 -9999.0 -9999.0 -9999.0 -9999.0 -9999.0 -9999.0 -9999.0 -9999.0 -9999.0 -9999.0 -9999.0 -9999.0 -9999.0 -9999.0 -9999.0 -9999.0 -9999.0 -9999.0 -9999.0 -9999.0 -9999.0 -9999.0 -9999.0 -9999.0 -9999.0 -9999.0 -9999.0 -9999.0 -9999.0 -9999.0 -9999.0 -9999.0 -9999.0 -9999.0 -9999.0 -9999.0 -9999.0 -9999.0 -9999.0 -9999.0 -9999.0 -9999.0 -9999.0 -9999.0
-9999.0 -9999.0 0.100000 0.100000 0.100000 0.100000 0.100000 0.100000 0.100000 0.100000 0.100000 0.100000 0.100000 0.100000 0.089622 0.072730 0.062539 0.057745 0.055788 0.055111 0.054958 0.054997 0.099370 0.099993 0.100000 0.100000 0.100000 0.100000 0.100000 0.100000 0.100000 0.100000 0.100000 0.092894 0.078168 0.067115 0.060977 0.058238 0.055952 0.048796 0.047182 0.051071 0.072755 0.058993 0.035026 0.034948 0.034948 0.034948 0.035451 0.046869 0.060005 0.070080 0.075142 0.078106 0.080702 0.083225 0.085693 0.087997 0.090041 0.091789 0.093245 0.094849 0.064632 0.062098 0.060188 0.058744 0.057566 0.056635 0.055889 0.055330 0.054908 0.054605 0.054393 0.054240 0.054138 0.054068 0.054021 0.053990 0.053969 0.053954 0.053943 0.053935 0.053929 0.053921 0.053912 0.053900 0.053881 0.053853 0.053808 0.053738 0.053630 0.053461 0.053201 0.052807 0.052220 0.051370 0.050185 0.048598 0.046406 0.041879 0.030054 0.023594 -9999.0 -9999.0
-9999.0 -9999.0 0.100000 0.100000 0.100000 0.100000 0.100000 0.100000 0.100000 0.100000 0.100000 0.100000 0.100000 0.100000 0.089622 0.072730 0.062539 0.057745 0.055788 0.055111 0.054958 0.054997 0.099370 0.099993 0.100000 0.100000 0.100000 0.100000 0.100000 0.100000 0.100000 0.100000 0.100000 0.092894 0.078168 0.067115 0.060977 0.058238 0.055952 0.048796 0.047182 0.051071 0.072755 0.058993 0.035026 0.034948 0.034948 0.034948 0.035451 0.046869 0.060005 0.070080 0.075142 0.078106 0.080702 0.083225 0.085693 0.087997 0.090041 0.091789 0.093245 0.094849 0.064632 0.062098 0.060188 0.058744 0.057566 0.056635 0.055889 0.055330 0.054908 0.054605 0.054393 0.054240 0.054138 0.054068 0.054021 0.053990 0.053969 0.053954 0.053943 0.053935 0.053929 0.053921 0.053912 0.053900 0.053881 0.053853 0.053808 0.053738 0.053630 0.053461 0.053201 0.052807 0.052220 0.051370 0.050185 0.048598 0.046406 0.041879 0.030054 0.023594 -9999.0 -9999.0
-9999.0 -9999.0 0.100000 0.100000 0.100000 0.100000 0.100000 0.100000 0.100000 0.100000 0.100000 0.100000 0.100000 0.100000 0.089622 0.072730 0.062539 0.057745 0.055788 0.055111 0.054958 0.054997 0.099370 0.099993 0.100000 0.100000 0.100000 0.100000 0.100000 0.100000 0.100000 0.100000 0.100000 0.092894 0.078168 0.067115 0.060977 0.058238 0.055952 0.048796 0.047182 0.051071 0.072755 0.058993 0.035026 0.034948 0.034948 0.034948 0.035451 0.046869 0.060005 0.070080 0.075142 0.078106 0.080702 0.083225 0.085693 0.087997 0.090041 0.091789 0.093245 0.094849 0.064632 0.062098 0.060188 0.058744 0.057566 0.056635 0.055889 0.055330 0.054908 0.054605 0.054393 0.054240 0.054138 0.054068 0.054021 0.053990 0.053969 0.053954 0.053943 0.053935 0.053929 0.053921 0.053912 0.053900 0.053881 0.053853 0.053808 0.053738 0.053630 0.053461 0.053201 0.052807 0.052220 0.051370 0.050185 0.048598 0.046406 0.041879 0.030054 0.023594 -9999.0 -9999.0
-9999.0 -9999.0 0.100000 0.100000 0.100000 0.100000 0.100000 0.100000 0.100000 0.100000 0.100000 0.100000 0.100000 0.100000 0.089622 0.072730 0.062539 0.057745 0.055788 0.055111 0.054958 0.054997 0.099370 0.099993 0.100000 0.100000 0.100000 0.100000 0.100000 0.100000 0.100000 0.100000 0.100000 0.092894 0.078168 0.067115 0.060977 0.058238 0.055952 0.048796 0.047182 0.051071 0.072755 0.058993 0.035026 0.034948 0.034948 0.034948 0.035451 0.046869 0.060005 0.070080 0.075142 0.078106 0.080702 0.083225 0.085693 0.087997 0.090041 0.091789 0.093245 0.094849 0.064632 0.062098 0.060188 0.058744 0.057566 0.056635 0.055889 0.055330 0.054908 0.054605 0.054393 0.054240 0.054138 0.054068 0.054021 0.053990 0.053969 0.053954 0.053943 0.053935 0.053929 0.053921 0.053912 0.053900 0.053881 0.053853 0.053808 0.053738 0.053630 0.053461 0.053201 0.052807 0.052220 0.051370 0.050185 0.048598 0.046406 0.041879 0.030054 0.023594 -9999.0 -9999.0
-9999.0 -9999.0 0.100000 0.100000 0.100000 0.100000 0.100000 0.100000 0.100000 0.100000 0.100000 0.100000 0.100000 0.100000 0.089622 0.072730 0.062539 0.057745 0.055788 0.055111 0.054958 0.054997 0.099370 0.099993 0.100000 0.100000 0.100000 0.100000 0.100000 0.100000 0.100000 0.100000 0.100000 0.092894 0.078168 0.067115 0.060977 0.058238 0.055952 0.048796 0.047182 0.051071 0.072755 0.058993 0.035026 0.034948 0.034948 0.034948 0.035451 0.046869 0.060005 0.070080 0.075142 0.078106 0.080702 0.083225 0.085693 0.087997 0.090041 0.091789 0.093245 0.094849 0.064632 0.062098 0.060188 0.058744 0.057566 0.056635 0.055889 0.055330 0.054908 0.054605 0.054393 0.054240 0.054138 0.054068 0.054021 0.053990 0.053969 0.053954 0.053943 0.053935 0.053929 0.053921 0.053912 0.053900 0.053881 0.053853 0.053808 0.053738 0.053630 0.053461 0.053201 0.052807 0.052220 0.051370 0.050185 0.048598 0.046406 0.041879 0.030054 0.023594 -9999.0 -9999.0
-9999.0 -9999.0 0.100000 0.100000 0.100000 0.100000 0.100000 0.100000 0.100000 0.100000 0.100000 0.100000 0.100000 0.100000 0.089622 0.072730 0.062539 0.057745 0.055788 0.055111 0.054958 0.054997 0.099370 0.099993 0.100000 0.100000 0.100000 0.100000 0.100000 0.100000 0.100000 0.100000 0.100000 0.092894 0.078168 0.067115 0.060977 0.058238 0.055952 0.048796 0.047182 0.051071 0.072755 0.058993 0.035026 0.034948 0.034948 0.034948 0.035451 0.046869 0.060005 0.070080 0.075142 0.078106 0.080702 0.083225 0.085693 0.087997 0.090041 0.091789 0.093245 0.094849 0.064632 0.062098 0.060188 0.058744 0.057566 0.056635 0.055889 0.055330 0.054908 0.054605 0.054393 0.054240 0.054138 0.054068 0.054021 0.053990 0.053969 0.053954 0.053943 0.053935 0.053929 0.053921 0.053912 0.053900 0.053881 0.053853 0.053808 0.053738 0.053630 0.053461 0.053201 0.052807 0.052220 0.051370 0.050185 0.048598 0.046406 0.041879 0.030054 0.023594 -9999.0 -9999.0
-9999.0 -9999.0 -9999.0 -9999.0 -9999.0 -9999.0 -9999.0 -9999.0 -9999.0 -9999.0 -9999.0 -9999.0 -9999.0 -9999.0 -9999.0 -9999.0 -9999.0 -9999.0 -9999.0 -9999.0 -9999.0 -9999.0 -9999.0 -9999.0 -9999.0 -9999.0 -9999.0 -9999.0 -9999.0 -9999.0 -9999.0 -9999.0 -9999.0 -9999.0 -9999.0 -9999.0 -9999.0 -9999.0 -9999.0 -9999.0 -9999.0 -9999.0 -9999.0 -9999.0 -9999.0 -9999.0 -9999.0 -9999.0 -9999.0 -9999.0 -9999.0 -9999.0 -9999.0 -9999.0 -9999.0 -9999.0 -9999.0 -9999.0 -9999.0 -9999.0 -9999.0 -9999.0 -9999.0 -9999.0 -9999.0 -9999.0 -9999.0 -9999.0 -9999.0 -9999.0 -9999.0 -9999.0 -9999.0 -9999.0 -9999.0 -9999.0 -9999.0 -9999.0 -9999.0 -9999.0 -9999.0 -9999.0 -9999.0 -9999.0 -9999.0 -9999.0 -9999.0 -9999.0 -9999.0 -9999.0 -9999.0 -9999.0 -9999.0 -9999.0 -9999.0 -9999.0 -9999.0 -9999.0 -9999.0 -9999.0 -9999.0 -9999.0 -9999.0 -9999.0
-9999.0 -9999.0 -9999.0 -9999.0 -9999.0 -9999.0 -9999.0 -9999.0 -9999.0 -9999.0 -9999.0 -9999.0 -9999.0 -9999.0 -9999.0 -9999.0 -9999.0 -9999.0 -9999.0 -9999.0 -9999.0 -9999.0 -9999.0 -9999.0 -9999.0 -9999.0 -9999.0 -9999.0 -9999.0 -9999.0 -9999.0 -9999.0 -9999.0 -9999.0 -9999.0 -9999.0 -9999.0 -9999.0 -9999.0 -9999.0 -9999.0 -9999.0 -9999.0 -9999.0 -9999.0 -9999.0 -9999.0 -9999.0 -9999.0 -9999.0 -9999.0 -9999.0 -9999.0 -9999.0 -9999.0 -9999.0 -9999.0 -9999.0 -9999.0 -9999.0 -9999.0 -9999.0 -9999.0 -9999.0 -9999.0 -9999.0 -9999.0 -9999.0 -9999.0 -9999.0 -9999.0 -9999.0 -9999.0 -9999.0 -9999.0 -9999.0 -9999.0 -9999.0 -9999.0 -9999.0 -9999.0 -9999.0 -9999.0 -9999.0 -9999.0 -9999.0 -9999.0 -9999.0 -9999.0 -9999.0 -9999.0 -9999.0 -9999.0 -9999.0 -9999.0 -9999.0 -9999.0 -9999.0 -9999.0 -9999.0 -9999.0 -9999.0 -9999.0 -9999.0