tests/3D/hillslope02_superslab/out/maps3D/thetaliqL0092N0006.asc
ncols         104
nrows         10
xllcorner     -2.000000
yllcorner     0.000000
cellsize      1.000000
NODATA_value  -9999.0
-9999.0 -9999.0 -9999.0 -9999.0 -9999.0 -9999.0 -9999.0 -9999.0 -9999.0 -9999.0 -9999.0 -9999.0 -9999.0 -9999.0 -9999.0 -9999.0 -9999.0 -9999.0 -9999.0 -9999.0 -9999.0 -9999.0 -9999.0 -9999.0 -9999.0 -9999.0 -9999.0 -9999.0 -9999.0 -9999.0 -9999.0 -9999.0 -9999.0 -9999.0 -9999.0 -9999.0 -9999.0 -9999.0 -9999.0 -9999.0 -9999.0 -9999.0 -9999.0 -9999.0 -9999.0 -9999.0 -9999.0 -9999.0 -9999.0 -9999.0 -9999.0 -9999.0 -9999.0 -9999.0 -9999.0 -9999.0 -9999.0 -9999.0 -9999.0 -9999.0 -9999.0 -9999.0 -9999.0 -9999.0 -9999.0 -9999.0 -9999.0 -9999.0 -9999.0 -9999.0 -9999.0 -9999.0 -9999.0 -9999.0 -9999.0 -9999.0 -9999.0 -9999.0 -9999.0 -9999.0 -9999.0 -9999.0 -9999.0 -9999.0 -9999.0 -9999.0 -9999.0 -9999.0 -9999.0 -9999.0 -9999.0 -9999.0 -9999.0 -9999.0 -9999.0 -9999.0 -9999.0 -9999.0 -9999.0 -9999.0 -9999.0 -9999.0 -9999.0 -9999.0
-9999.0 -9999.0 -9999.0 -9999.0 -9999.0 -9999.0 -9999.0 -9999.0 -9999.0 -9999.0 -9999.0 -9999.0 -9999.0 -9999.0 -9999.0 -9999.0 -9999.0 -9999.0 -9999.0 -9999.0 -9999.0 -9999.0 -9999.0 -9999.0 -9999.0 -9999.0 -9999.0 -9999.0 -9999.0 -9999.0 -9999.0 -9999.0 -9999.0 -9999.0 -9999.0 -9999.0 -9999.0 -9999.0 -9999.0 -9999.0 -9999.0 -9999.0 -9999.0 -9999.0 -9999.0 -9999.0 -9999.0 -9999.0 -9999.0 -9999.0 -9999.0 -9999.0 -9999.0 -9999.0 -9999.0 -9999.0 -9999.0 -9999.0 -9999.0 -9999.0 -9999.0 -9999.0 -9999.0 -9999.0 -9999.0 -9999.0 -9999.0 -9999.0 -9999.0 -9999.0 -9999.0 -9999.0 -9999.0 -9999.0 -9999.0 -9999.0 -9999.0 -9999.0 -9999.0 -9999.0 -9999.0 -9999.0 -9999.0 -9999.0 -9999.0 -9999.0 -9999.0 -9999.0 -9999.0 -9999.0 -9999.0 -9999.0 -9999.0 -9999.0 -9999.0 -9999.0 -9999.0 -9999.0 -9999.0 -9999.0 -9999.0 -9999.0 -9999.0 -9999.0
-9999.0 -9999.0 0.100000 0.100000 0.100000 0.092092 0.076280 0.064454 0.057141 0.053013 0.050887 0.050014 0.049672 0.049541 0.049490 0.049471 0.049464 0.049461 0.049460 0.049460 0.049460 0.049460 0.049460 0.049460 0.049459 0.049459 0.049459 0.049459 0.049458 0.049458 0.049457 0.049456 0.049455 0.049454 0.049452 0.049450 0.049447 0.049443 0.049439 0.049434 0.049428 0.049420 0.049411 0.049401 0.049389 0.049375 0.049359 0.049342 0.049322 0.049299 0.049273 0.049236 0.049212 0.049179 0.049142 0.049102 0.049059 0.049013 0.048963 0.048911 0.048855 0.048795 0.048733 0.048667 0.048597 0.048524 0.048448 0.048369 0.048286 0.048199 0.048109 0.048015 0.047917 0.047816 0.047710 0.047601 0.047487 0.047369 0.047246 0.047118 0.046985 0.046847 0.046702 0.046552 0.046394 0.046229 0.046055 0.045872 0.045679 0.045474 0.045255 0.045022 0.044770 0.044496 0.044197 0.043865 0.043492 0.043066 0.042564 0.041952 0.041155 0.039975 -9999.0 -9999.0
-9999.0 -9999.0 0.100000 0.100000 0.100000 0.092092 0.076280 0.064454 0.057141 0.053013 0.050887 0.050014 0.049672 0.049541 0.049490 0.049471 0.049464 0.049461 0.049460 0.049460 0.049460 0.049460 0.049460 0.049460 0.049459 0.049459 0.049459 0.049459 0.049458 0.049458 0.049457 0.049456 0.049455 0.049454 0.049452 0.049450 0.049447 0.049443 0.049439 0.049434 0.049428 0.049420 0.049411 0.049401 0.049389 0.049375 0.049359 0.049342 0.049322 0.049299 0.049273 0.049236 0.049212 0.049179 0.049142 0.049102 0.049059 0.049013 0.048963 0.048911 0.048855 0.048795 0.048733 0.048667 0.048597 0.048524 0.048448 0.048369 0.048286 0.048199 0.048109 0.048015 0.047917 0.047816 0.047710 0.047601 0.047487 0.047369 0.047246 0.047118 0.046985 0.046847 0.046702 0.046552 0.046394 0.046229 0.046055 0.045872 0.045679 0.045474 0.045255 0.045022 0.044770 0.044496 0.044197 0.043865 0.043492 0.043066 0.042564 0.041952 0.041155 0.039975 -9999.0 -9999.0
-9999.0 -9999.0 0.100000 0.100000 0.100000 0.092092 0.076280 0.064454 0.057141 0.053013 0.050887 0.050014 0.049672 0.049541 0.049490 0.049471 0.049464 0.049461 0.049460 0.049460 0.049460 0.049460 0.049460 0.049460 0.049459 0.049459 0.049459 0.049459 0.049458 0.049458 0.049457 0.049456 0.049455 0.049454 0.049452 0.049450 0.049447 0.049443 0.049439 0.049434 0.049428 0.049420 0.049411 0.049401 0.049389 0.049375 0.049359 0.049342 0.049322 0.049299 0.049273 0.049236 0.049212 0.049179 0.049142 0.049102 0.049059 0.049013 0.048963 0.048911 0.048855 0.048795 0.048733 0.048667 0.048597 0.048524 0.048448 0.048369 0.048286 0.048199 0.048109 0.048015 0.047917 0.047816 0.047710 0.047601 0.047487 0.047369 0.047246 0.047118 0.046985 0.046847 0.046702 0.046552 0.046394 0.046229 0.046055 0.045872 0.045679 0.045474 0.045255 0.045022 0.044770 0.044496 0.044197 0.043865 0.043492 0.043066 0.042564 0.041952 0.041155 0.039975 -9999.0 -9999.0
-9999.0 -9999.0 0.100000 0.100000 0.100000 0.092092 0.076280 0.064454 0.057141 0.053013 0.050887 0.050014 0.049672 0.049541 0.049490 0.049471 0.049464 0.049461 0.049460 0.049460 0.049460 0.049460 0.049460 0.049460 0.049459 0.049459 0.049459 0.049459 0.049458 0.049458 0.049457 0.049456 0.049455 0.049454 0.049452 0.049450 0.049447 0.049443 0.049439 0.049434 0.049428 0.049420 0.049411 0.049401 0.049389 0.049375 0.049359 0.049342 0.049322 0.049299 0.049273 0.049236 0.049212 0.049179 0.049142 0.049102 0.049059 0.049013 0.048963 0.048911 0.048855 0.048795 0.048733 0.048667 0.048597 0.048524 0.048448 0.048369 0.048286 0.048199 0.048109 0.048015 0.047917 0.047816 0.047710 0.047601 0.047487 0.047369 0.047246 0.047118 0.046985 0.046847 0.046702 0.046552 0.046394 0.046229 0.046055 0.045872 0.045679 0.045474 0.045255 0.045022 0.044770 0.044496 0.044197 0.043865 0.043492 0.043066 0.042564 0.041952 0.041155 0.039975 -9999.0 -9999.0
-9999.0 -9999.0 0.100000 0.100000 0.100000 0.092092 0.076280 0.064454 0.057141 0.053013 0.050887 0.050014 0.049672 0.049541 0.049490 0.049471 0.049464 0.049461 0.049460 0.049460 0.049460 0.049460 0.049460 0.049460 0.049459 0.049459 0.049459 0.049459 0.049458 0.049458 0.049457 0.049456 0.049455 0.049454 0.049452 0.049450 0.049447 0.049443 0.049439 0.049434 0.049428 0.049420 0.049411 0.049401 0.049389 0.049375 0.049359 0.049342 0.049322 0.049299 0.049273 0.049236 0.049212 0.049179 0.049142 0.049102 0.049059 0.049013 0.048963 0.048911 0.048855 0.048795 0.048733 0.048667 0.048597 0.048524 0.048448 0.048369 0.048286 0.048199 0.048109 0.048015 0.047917 0.047816 0.047710 0.047601 0.047487 0.047369 0.047246 0.047118 0.046985 0.046847 0.046702 0.046552 0.046394 0.046229 0.046055 0.045872 0.045679 0.045474 0.045255 0.045022 0.044770 0.044496 0.044197 0.043865 0.043492 0.043066 0.042564 0.041952 0.041155 0.039975 -9999.0 -9999.0
-9999.0 -9999.0 0.100000 0.100000 0.100000 0.092092 0.076280 0.064454 0.057141 0.053013 0.050887 0.050014 0.049672 0.049541 0.049490 0.049471 0.049464 0.049461 0.049460 0.049460 0.049460 0.049460 0.049460 0.049460 0.049459 0.049459 0.049459 0.049459 0.049458 0.049458 0.049457 0.049456 0.049455 0.049454 0.049452 0.049450 0.049447 0.049443 0.049439 0.049434 0.049428 0.049420 0.049411 0.049401 0.049389 0.049375 0.049359 0.049342 0.049322 0.049299 0.049273 0.049236 0.049212 0.049179 0.049142 0.049102 0.049059 0.049013 0.048963 0.048911 0.048855 0.048795 0.048733 0.048667 0.048597 0.048524 0.048448 0.048369 0.048286 0.048199 0.048109 0.048015 0.047917 0.047816 0.047710 0.047601 0.047487 0.047369 0.047246 0.047118 0.046985 0.046847 0.046702 0.046552 0.046394 0.046229 0.046055 0.045872 0.045679 0.045474 0.045255 0.045022 0.044770 0.044496 0.044197 0.043865 0.043492 0.043066 0.042564 0.041952 0.041155 0.039975 -9999.0 -9999.0
-9999.0 -9999.0 -9999.0 -9999.0 -9999.0 -9999.0 -9999.0 -9999.0 -9999.0 -9999.0 -9999.0 -9999.0 -9999.0 -9999.0 -9999.0 -9999.0 -9999.0 -9999.0 -9999.0 -9999.0 -9999.0 -9999.0 -9999.0 -9999.0 -9999.0 -9999.0 -9999.0 -9999.0 -9999.0 -9999.0 -9999.0 -9999.0 -9999.0 -9999.0 -9999.0 -9999.0 -9999.0 -9999.0 -9999.0 -9999.0 -9999.0 -9999.0 -9999.0 -9999.0 -9999.0 -9999.0 -9999.0 -9999.0 -9999.0 -9999.0 -9999.0 -9999.0 -9999.0 -9999.0 -9999.0 -9999.0 -9999.0 -9999.0 -9999.0 -9999.0 -9999.0 -9999.0 -9999.0 -9999.0 -9999.0 -9999.0 -9999.0 -9999.0 -9999.0 -9999.0 -9999.0 -9999.0 -9999.0 -9999.0 -9999.0 -9999.0 -9999.0 -9999.0 -9999.0 -9999.0 -9999.0 -9999.0 -9999.0 -9999.0 -9999.0 -9999.0 -9999.0 -9999.0 -9999.0 -9999.0 -9999.0 -9999.0 -9999.0 -9999.0 -9999.0 -9999.0 -9999.0 -9999.0 -9999.0 -9999.0 -9999.0 -9999.0 -9999.0 -9999.0
-9999.0 -9999.0 -9999.0 -9999.0 -9999.0 -9999.0 -9999.0 -9999.0 -9999.0 -9999.0 -9999.0 -9999.0 -9999.0 -9999.0 -9999.0 -9999.0 -9999.0 -9999.0 -9999.0 -9999.0 -9999.0 -9999.0 -9999.0 -9999.0 -9999.0 -9999.0 -9999.0 -9999.0 -9999.0 -9999.0 -9999.0 -9999.0 -9999.0 -9999.0 -9999.0 -9999.0 -9999.0 -9999.0 -9999.0 -9999.0 -9999.0 -9999.0 -9999.0 -9999.0 -9999.0 -9999.0 -9999.0 -9999.0 -9999.0 -9999.0 -9999.0 -9999.0 -9999.0 -9999.0 -9999.0 -9999.0 -9999.0 -9999.0 -9999.0 -9999.0 -9999.0 -9999.0 -9999.0 -9999.0 -9999.0 -9999.0 -9999.0 -9999.0 -9999.0 -9999.0 -9999.0 -9999.0 -9999.0 -9999.0 -9999.0 -9999.0 -9999.0 -9999.0 -9999.0 -9999.0 -9999.0 -9999.0 -9999.0 -9999.0 -9999.0 -9999.0 -9999.0 -9999.0 -9999.0 -9999.0 -9999.0 -9999.0 -9999.0 -9999.0 -9999.0 -9999.0 -9999.0 -9999.0 -9999.0 -9999.0 -9999.0 -9999.0 -9999.0 -9999.0