tests/3D/hillslope02_superslab/out/maps3D/thetaliqL0004N0003.asc
ncols         104
nrows         10
xllcorner     -2.000000
yllcorner     0.000000
cellsize      1.000000
NODATA_value  -9999.0
-9999.0 -9999.0 -9999.0 -9999.0 -9999.0 -9999.0 -9999.0 -9999.0 -9999.0 -9999.0 -9999.0 -9999.0 -9999.0 -9999.0 -9999.0 -9999.0 -9999.0 -9999.0 -9999.0 -9999.0 -9999.0 -9999.0 -9999.0 -9999.0 -9999.0 -9999.0 -9999.0 -9999.0 -9999.0 -9999.0 -9999.0 -9999.0 -9999.0 -9999.0 -9999.0 -9999.0 -9999.0 -9999.0 -9999.0 -9999.0 -9999.0 -9999.0 -9999.0 -9999.0 -9999.0 -9999.0 -9999.0 -9999.0 -9999.0 -9999.0 -9999.0 -9999.0 -9999.0 -9999.0 -9999.0 -9999.0 -9999.0 -9999.0 -9999.0 -9999.0 -9999.0 -9999.0 -9999.0 -9999.0 -9999.0 -9999.0 -9999.0 -9999.0 -9999.0 -9999.0 -9999.0 -9999.0 -9999.0 -9999.0 -9999.0 -9999.0 -9999.0 -9999.0 -9999.0 -9999.0 -9999.0 -9999.0 -9999.0 -9999.0 -9999.0 -9999.0 -9999.0 -9999.0 -9999.0 -9999.0 -9999.0 -9999.0 -9999.0 -9999.0 -9999.0 -9999.0 -9999.0 -9999.0 -9999.0 -9999.0 -9999.0 -9999.0 -9999.0 -9999.0
-9999.0 -9999.0 -9999.0 -9999.0 -9999.0 -9999.0 -9999.0 -9999.0 -9999.0 -9999.0 -9999.0 -9999.0 -9999.0 -9999.0 -9999.0 -9999.0 -9999.0 -9999.0 -9999.0 -9999.0 -9999.0 -9999.0 -9999.0 -9999.0 -9999.0 -9999.0 -9999.0 -9999.0 -9999.0 -9999.0 -9999.0 -9999.0 -9999.0 -9999.0 -9999.0 -9999.0 -9999.0 -9999.0 -9999.0 -9999.0 -9999.0 -9999.0 -9999.0 -9999.0 -9999.0 -9999.0 -9999.0 -9999.0 -9999.0 -9999.0 -9999.0 -9999.0 -9999.0 -9999.0 -9999.0 -9999.0 -9999.0 -9999.0 -9999.0 -9999.0 -9999.0 -9999.0 -9999.0 -9999.0 -9999.0 -9999.0 -9999.0 -9999.0 -9999.0 -9999.0 -9999.0 -9999.0 -9999.0 -9999.0 -9999.0 -9999.0 -9999.0 -9999.0 -9999.0 -9999.0 -9999.0 -9999.0 -9999.0 -9999.0 -9999.0 -9999.0 -9999.0 -9999.0 -9999.0 -9999.0 -9999.0 -9999.0 -9999.0 -9999.0 -9999.0 -9999.0 -9999.0 -9999.0 -9999.0 -9999.0 -9999.0 -9999.0 -9999.0 -9999.0
-9999.0 -9999.0 0.100000 0.100000 0.099868 0.088273 0.073496 0.065078 0.062077 0.062995 0.054581 0.052732 0.099109 0.099655 0.099941 0.100000 0.100000 0.100000 0.100000 0.100000 0.100000 0.097227 0.089078 0.079338 0.070960 0.064832 0.060765 0.058188 0.056588 0.055591 0.055003 0.054663 0.054478 0.054399 0.054409 0.054516 0.054742 0.055153 0.055870 0.057148 0.059552 0.063968 0.069331 0.071750 0.075013 0.077068 0.078049 0.078161 0.078173 0.078175 0.078175 0.078175 0.078175 0.078175 0.078174 0.078174 0.078173 0.078166 0.078149 0.078069 0.077648 0.078662 0.100000 0.099229 0.089684 0.077391 0.067996 0.062035 0.058559 0.056581 0.055466 0.054828 0.054462 0.054248 0.054121 0.054045 0.054000 0.053972 0.053955 0.053943 0.053936 0.053930 0.053926 0.053920 0.053912 0.053901 0.053884 0.053858 0.053817 0.053752 0.053651 0.053493 0.053249 0.052876 0.052315 0.051495 0.050337 0.048781 0.046813 0.044465 0.041799 0.038965 -9999.0 -9999.0
-9999.0 -9999.0 0.100000 0.100000 0.099868 0.088273 0.073496 0.065078 0.062077 0.062995 0.054581 0.052732 0.099109 0.099655 0.099941 0.100000 0.100000 0.100000 0.100000 0.100000 0.100000 0.097227 0.089078 0.079338 0.070960 0.064832 0.060765 0.058188 0.056588 0.055591 0.055003 0.054663 0.054478 0.054399 0.054409 0.054516 0.054742 0.055153 0.055870 0.057148 0.059552 0.063968 0.069331 0.071750 0.075013 0.077068 0.078049 0.078161 0.078173 0.078175 0.078175 0.078175 0.078175 0.078175 0.078174 0.078174 0.078173 0.078166 0.078149 0.078069 0.077648 0.078662 0.100000 0.099229 0.089684 0.077391 0.067996 0.062035 0.058559 0.056581 0.055466 0.054828 0.054462 0.054248 0.054121 0.054045 0.054000 0.053972 0.053955 0.053943 0.053936 0.053930 0.053926 0.053920 0.053912 0.053901 0.053884 0.053858 0.053817 0.053752 0.053651 0.053493 0.053249 0.052876 0.052315 0.051495 0.050337 0.048781 0.046813 0.044465 0.041799 0.038965 -9999.0 -9999.0
-9999.0 -9999.0 0.100000 0.100000 0.099868 0.088274 0.073497 0.065078 0.062077 0.062995 0.054581 0.052732 0.099109 0.099655 0.099941 0.100000 0.100000 0.100000 0.100000 0.100000 0.100000 0.097227 0.089078 0.079338 0.070960 0.064832 0.060765 0.058188 0.056588 0.055591 0.055003 0.054663 0.054478 0.054399 0.054409 0.054516 0.054742 0.055153 0.055870 0.057148 0.059552 0.063968 0.069331 0.071750 0.075013 0.077068 0.078049 0.078161 0.078173 0.078175 0.078175 0.078175 0.078175 0.078175 0.078174 0.078174 0.078173 0.078166 0.078149 0.078069 0.077648 0.078662 0.100000 0.099229 0.089684 0.077391 0.067996 0.062035 0.058559 0.056581 0.055466 0.054828 0.054462 0.054248 0.054121 0.054045 0.054000 0.053972 0.053955 0.053943 0.053936 0.053930 0.053926 0.053920 0.053912 0.053901 0.053884 0.053858 0.053817 0.053752 0.053651 0.053493 0.053249 0.052876 0.052315 0.051495 0.050337 0.048781 0.046813 0.044465 0.041799 0.038965 -9999.0 -9999.0
-9999.0 -9999.0 0.100000 0.100000 0.099868 0.088274 0.073497 0.065078 0.062077 0.062995 0.054581 0.052732 0.099109 0.099655 0.099941 0.100000 0.100000 0.100000 0.100000 0.100000 0.100000 0.097227 0.089078 0.079338 0.070960 0.064832 0.060765 0.058188 0.056588 0.055591 0.055003 0.054663 0.054478 0.054399 0.054409 0.054516 0.054742 0.055153 0.055870 0.057148 0.059552 0.063968 0.069331 0.071750 0.075013 0.077068 0.078049 0.078161 0.078173 0.078175 0.078175 0.078175 0.078175 0.078175 0.078174 0.078174 0.078173 0.078166 0.078149 0.078069 0.077648 0.078662 0.100000 0.099229 0.089684 0.077391 0.067996 0.062035 0.058559 0.056581 0.055466 0.054828 0.054462 0.054248 0.054121 0.054045 0.054000 0.053972 0.053955 0.053943 0.053936 0.053930 0.053926 0.053920 0.053912 0.053901 0.053884 0.053858 0.053817 0.053752 0.053651 0.053493 0.053249 0.052876 0.052315 0.051495 0.050337 0.048781 0.046813 0.044465 0.041799 0.038965 -9999.0 -9999.0
-9999.0 -9999.0 0.100000 0.100000 0.099868 0.088273 0.073496 0.065078 0.062077 0.062995 0.054581 0.052732 0.099109 0.099655 0.099941 0.100000 0.100000 0.100000 0.100000 0.100000 0.100000 0.097227 0.089078 0.079338 0.070960 0.064832 0.060765 0.058188 0.056588 0.055591 0.055003 0.054663 0.054478 0.054399 0.054409 0.054516 0.054742 0.055153 0.055870 0.057148 0.059552 0.063968 0.069331 0.071750 0.075013 0.077068 0.078049 0.078161 0.078173 0.078175 0.078175 0.078175 0.078175 0.078175 0.078174 0.078174 0.078173 0.078166 0.078149 0.078069 0.077648 0.078662 0.100000 0.099229 0.089684 0.077391 0.067996 0.062035 0.058559 0.056581 0.055466 0.054828 0.054462 0.054248 0.054121 0.054045 0.054000 0.053972 0.053955 0.053943 0.053936 0.053930 0.053926 0.053920 0.053912 0.053901 0.053884 0.053858 0.053817 0.053752 0.053651 0.053493 0.053249 0.052876 0.052315 0.051495 0.050337 0.048781 0.046813 0.044465 0.041799 0.038965 -9999.0 -9999.0
-9999.0 -9999.0 0.100000 0.100000 0.099868 0.088273 0.073496 0.065078 0.062077 0.062995 0.054581 0.052732 0.099109 0.099655 0.099941 0.100000 0.100000 0.100000 0.100000 0.100000 0.100000 0.097227 0.089078 0.079338 0.070960 0.064832 0.060765 0.058188 0.056588 0.055591 0.055003 0.054663 0.054478 0.054399 0.054409 0.054516 0.054742 0.055153 0.055870 0.057148 0.059552 0.063968 0.069331 0.071750 0.075013 0.077068 0.078049 0.078161 0.078173 0.078175 0.078175 0.078175 0.078175 0.078175 0.078174 0.078174 0.078173 0.078166 0.078149 0.078069 0.077648 0.078662 0.100000 0.099229 0.089684 0.077391 0.067996 0.062035 0.058559 0.056581 0.055466 0.054828 0.054462 0.054248 0.054121 0.054045 0.054000 0.053972 0.053955 0.053943 0.053936 0.053930 0.053926 0.053920 0.053912 0.053901 0.053884 0.053858 0.053817 0.053752 0.053651 0.053493 0.053249 0.052876 0.052315 0.051495 0.050337 0.048781 0.046813 0.044465 0.041799 0.038965 -9999.0 -9999.0
-9999.0 -9999.0 -9999.0 -9999.0 -9999.0 -9999.0 -9999.0 -9999.0 -9999.0 -9999.0 -9999.0 -9999.0 -9999.0 -9999.0 -9999.0 -9999.0 -9999.0 -9999.0 -9999.0 -9999.0 -9999.0 -9999.0 -9999.0 -9999.0 -9999.0 -9999.0 -9999.0 -9999.0 -9999.0 -9999.0 -9999.0 -9999.0 -9999.0 -9999.0 -9999.0 -9999.0 -9999.0 -9999.0 -9999.0 -9999.0 -9999.0 -9999.0 -9999.0 -9999.0 -9999.0 -9999.0 -9999.0 -9999.0 -9999.0 -9999.0 -9999.0 -9999.0 -9999.0 -9999.0 -9999.0 -9999.0 -9999.0 -9999.0 -9999.0 -9999.0 -9999.0 -9999.0 -9999.0 -9999.0 -9999.0 -9999.0 -9999.0 -9999.0 -9999.0 -9999.0 -9999.0 -9999.0 -9999.0 -9999.0 -9999.0 -9999.0 -9999.0 -9999.0 -9999.0 -9999.0 -9999.0 -9999.0 -9999.0 -9999.0 -9999.0 -9999.0 -9999.0 -9999.0 -9999.0 -9999.0 -9999.0 -9999.0 -9999.0 -9999.0 -9999.0 -9999.0 -9999.0 -9999.0 -9999.0 -9999.0 -9999.0 -9999.0 -9999.0 -9999.0
-9999.0 -9999.0 -9999.0 -9999.0 -9999.0 -9999.0 -9999.0 -9999.0 -9999.0 -9999.0 -9999.0 -9999.0 -9999.0 -9999.0 -9999.0 -9999.0 -9999.0 -9999.0 -9999.0 -9999.0 -9999.0 -9999.0 -9999.0 -9999.0 -9999.0 -9999.0 -9999.0 -9999.0 -9999.0 -9999.0 -9999.0 -9999.0 -9999.0 -9999.0 -9999.0 -9999.0 -9999.0 -9999.0 -9999.0 -9999.0 -9999.0 -9999.0 -9999.0 -9999.0 -9999.0 -9999.0 -9999.0 -9999.0 -9999.0 -9999.0 -9999.0 -9999.0 -9999.0 -9999.0 -9999.0 -9999.0 -9999.0 -9999.0 -9999.0 -9999.0 -9999.0 -9999.0 -9999.0 -9999.0 -9999.0 -9999.0 -9999.0 -9999.0 -9999.0 -9999.0 -9999.0 -9999.0 -9999.0 -9999.0 -9999.0 -9999.0 -9999.0 -9999.0 -9999.0 -9999.0 -9999.0 -9999.0 -9999.0 -9999.0 -9999.0 -9999.0 -9999.0 -9999.0 -9999.0 -9999.0 -9999.0 -9999.0 -9999.0 -9999.0 -9999.0 -9999.0 -9999.0 -9999.0 -9999.0 -9999.0 -9999.0 -9999.0 -9999.0 -9999.0