tests/3D/hillslope02_superslab/out/maps3D/thetaliqL0021N0005.asc
ncols         104
nrows         10
xllcorner     -2.000000
yllcorner     0.000000
cellsize      1.000000
NODATA_value  -9999.0
-9999.0 -9999.0 -9999.0 -9999.0 -9999.0 -9999.0 -9999.0 -9999.0 -9999.0 -9999.0 -9999.0 -9999.0 -9999.0 -9999.0 -9999.0 -9999.0 -9999.0 -9999.0 -9999.0 -9999.0 -9999.0 -9999.0 -9999.0 -9999.0 -9999.0 -9999.0 -9999.0 -9999.0 -9999.0 -9999.0 -9999.0 -9999.0 -9999.0 -9999.0 -9999.0 -9999.0 -9999.0 -9999.0 -9999.0 -9999.0 -9999.0 -9999.0 -9999.0 -9999.0 -9999.0 -9999.0 -9999.0 -9999.0 -9999.0 -9999.0 -9999.0 -9999.0 -9999.0 -9999.0 -9999.0 -9999.0 -9999.0 -9999.0 -9999.0 -9999.0 -9999.0 -9999.0 -9999.0 -9999.0 -9999.0 -9999.0 -9999.0 -9999.0 -9999.0 -9999.0 -9999.0 -9999.0 -9999.0 -9999.0 -9999.0 -9999.0 -9999.0 -9999.0 -9999.0 -9999.0 -9999.0 -9999.0 -9999.0 -9999.0 -9999.0 -9999.0 -9999.0 -9999.0 -9999.0 -9999.0 -9999.0 -9999.0 -9999.0 -9999.0 -9999.0 -9999.0 -9999.0 -9999.0 -9999.0 -9999.0 -9999.0 -9999.0 -9999.0 -9999.0
-9999.0 -9999.0 -9999.0 -9999.0 -9999.0 -9999.0 -9999.0 -9999.0 -9999.0 -9999.0 -9999.0 -9999.0 -9999.0 -9999.0 -9999.0 -9999.0 -9999.0 -9999.0 -9999.0 -9999.0 -9999.0 -9999.0 -9999.0 -9999.0 -9999.0 -9999.0 -9999.0 -9999.0 -9999.0 -9999.0 -9999.0 -9999.0 -9999.0 -9999.0 -9999.0 -9999.0 -9999.0 -9999.0 -9999.0 -9999.0 -9999.0 -9999.0 -9999.0 -9999.0 -9999.0 -9999.0 -9999.0 -9999.0 -9999.0 -9999.0 -9999.0 -9999.0 -9999.0 -9999.0 -9999.0 -9999.0 -9999.0 -9999.0 -9999.0 -9999.0 -9999.0 -9999.0 -9999.0 -9999.0 -9999.0 -9999.0 -9999.0 -9999.0 -9999.0 -9999.0 -9999.0 -9999.0 -9999.0 -9999.0 -9999.0 -9999.0 -9999.0 -9999.0 -9999.0 -9999.0 -9999.0 -9999.0 -9999.0 -9999.0 -9999.0 -9999.0 -9999.0 -9999.0 -9999.0 -9999.0 -9999.0 -9999.0 -9999.0 -9999.0 -9999.0 -9999.0 -9999.0 -9999.0 -9999.0 -9999.0 -9999.0 -9999.0 -9999.0 -9999.0
-9999.0 -9999.0 0.100000 0.100000 0.100000 0.100000 0.100000 0.100000 0.100000 0.100000 0.100000 0.100000 0.092283 0.074118 0.062361 0.056983 0.054939 0.054336 0.054295 0.054452 0.099271 0.099981 0.100000 0.100000 0.100000 0.100000 0.100000 0.100000 0.100000 0.100000 0.099681 0.088666 0.074447 0.064796 0.059511 0.057010 0.056071 0.055909 0.054477 0.050896 0.057754 0.093059 0.038159 0.034471 0.034470 0.034470 0.034470 0.034470 0.034470 0.034470 0.034470 0.034470 0.034470 0.034470 0.034470 0.034470 0.034470 0.034471 0.034471 0.034471 0.034472 0.039070 0.060748 0.058886 0.057055 0.055921 0.055215 0.054770 0.054476 0.054286 0.054162 0.054079 0.054026 0.053991 0.053969 0.053954 0.053945 0.053939 0.053935 0.053931 0.053928 0.053926 0.053922 0.053917 0.053910 0.053899 0.053881 0.053853 0.053809 0.053741 0.053634 0.053468 0.053211 0.052821 0.052240 0.051396 0.050218 0.048646 0.046611 0.043520 0.037011 0.025521 -9999.0 -9999.0
-9999.0 -9999.0 0.100000 0.100000 0.100000 0.100000 0.100000 0.100000 0.100000 0.100000 0.100000 0.100000 0.092283 0.074118 0.062361 0.056983 0.054939 0.054336 0.054295 0.054452 0.099271 0.099981 0.100000 0.100000 0.100000 0.100000 0.100000 0.100000 0.100000 0.100000 0.099681 0.088666 0.074447 0.064796 0.059511 0.057010 0.056071 0.055909 0.054477 0.050896 0.057754 0.093059 0.038159 0.034471 0.034470 0.034470 0.034470 0.034470 0.034470 0.034470 0.034470 0.034470 0.034470 0.034470 0.034470 0.034470 0.034470 0.034471 0.034471 0.034471 0.034472 0.039070 0.060748 0.058886 0.057055 0.055921 0.055215 0.054770 0.054476 0.054286 0.054162 0.054079 0.054026 0.053991 0.053969 0.053954 0.053945 0.053939 0.053935 0.053931 0.053928 0.053926 0.053922 0.053917 0.053910 0.053899 0.053881 0.053853 0.053809 0.053741 0.053634 0.053468 0.053211 0.052821 0.052240 0.051396 0.050218 0.048646 0.046611 0.043520 0.037011 0.025521 -9999.0 -9999.0
-9999.0 -9999.0 0.100000 0.100000 0.100000 0.100000 0.100000 0.100000 0.100000 0.100000 0.100000 0.100000 0.092283 0.074118 0.062361 0.056983 0.054939 0.054336 0.054295 0.054452 0.099271 0.099981 0.100000 0.100000 0.100000 0.100000 0.100000 0.100000 0.100000 0.100000 0.099681 0.088666 0.074447 0.064796 0.059511 0.057010 0.056071 0.055909 0.054477 0.050896 0.057754 0.093059 0.038159 0.034471 0.034470 0.034470 0.034470 0.034470 0.034470 0.034470 0.034470 0.034470 0.034470 0.034470 0.034470 0.034470 0.034470 0.034471 0.034471 0.034471 0.034472 0.039070 0.060748 0.058886 0.057055 0.055921 0.055215 0.054770 0.054476 0.054286 0.054162 0.054079 0.054026 0.053991 0.053969 0.053954 0.053945 0.053939 0.053935 0.053931 0.053928 0.053926 0.053922 0.053917 0.053910 0.053899 0.053881 0.053853 0.053809 0.053741 0.053634 0.053468 0.053211 0.052821 0.052240 0.051396 0.050218 0.048646 0.046611 0.043520 0.037011 0.025521 -9999.0 -9999.0
-9999.0 -9999.0 0.100000 0.100000 0.100000 0.100000 0.100000 0.100000 0.100000 0.100000 0.100000 0.100000 0.092283 0.074118 0.062361 0.056983 0.054939 0.054336 0.054295 0.054452 0.099271 0.099981 0.100000 0.100000 0.100000 0.100000 0.100000 0.100000 0.100000 0.100000 0.099681 0.088666 0.074447 0.064796 0.059511 0.057010 0.056071 0.055909 0.054477 0.050896 0.057754 0.093059 0.038159 0.034471 0.034470 0.034470 0.034470 0.034470 0.034470 0.034470 0.034470 0.034470 0.034470 0.034470 0.034470 0.034470 0.034470 0.034471 0.034471 0.034471 0.034472 0.039070 0.060748 0.058886 0.057055 0.055921 0.055215 0.054770 0.054476 0.054286 0.054162 0.054079 0.054026 0.053991 0.053969 0.053954 0.053945 0.053939 0.053935 0.053931 0.053928 0.053926 0.053922 0.053917 0.053910 0.053899 0.053881 0.053853 0.053809 0.053741 0.053634 0.053468 0.053211 0.052821 0.052240 0.051396 0.050218 0.048646 0.046611 0.043520 0.037011 0.025521 -9999.0 -9999.0
-9999.0 -9999.0 0.100000 0.100000 0.100000 0.100000 0.100000 0.100000 0.100000 0.100000 0.100000 0.100000 0.092283 0.074118 0.062361 0.056983 0.054939 0.054336 0.054295 0.054452 0.099271 0.099981 0.100000 0.100000 0.100000 0.100000 0.100000 0.100000 0.100000 0.100000 0.099681 0.088666 0.074447 0.064796 0.059511 0.057010 0.056071 0.055909 0.054477 0.050896 0.057754 0.093059 0.038159 0.034471 0.034470 0.034470 0.034470 0.034470 0.034470 0.034470 0.034470 0.034470 0.034470 0.034470 0.034470 0.034470 0.034470 0.034471 0.034471 0.034471 0.034472 0.039070 0.060748 0.058886 0.057055 0.055921 0.055215 0.054770 0.054476 0.054286 0.054162 0.054079 0.054026 0.053991 0.053969 0.053954 0.053945 0.053939 0.053935 0.053931 0.053928 0.053926 0.053922 0.053917 0.053910 0.053899 0.053881 0.053853 0.053809 0.053741 0.053634 0.053468 0.053211 0.052821 0.052240 0.051396 0.050218 0.048646 0.046611 0.043520 0.037011 0.025521 -9999.0 -9999.0
-9999.0 -9999.0 0.100000 0.100000 0.100000 0.100000 0.100000 0.100000 0.100000 0.100000 0.100000 0.100000 0.092283 0.074118 0.062361 0.056983 0.054939 0.054336 0.054295 0.054452 0.099271 0.099981 0.100000 0.100000 0.100000 0.100000 0.100000 0.100000 0.100000 0.100000 0.099681 0.088666 0.074447 0.064796 0.059511 0.057010 0.056071 0.055909 0.054477 0.050896 0.057754 0.093059 0.038159 0.034471 0.034470 0.034470 0.034470 0.034470 0.034470 0.034470 0.034470 0.034470 0.034470 0.034470 0.034470 0.034470 0.034470 0.034471 0.034471 0.034471 0.034472 0.039070 0.060748 0.058886 0.057055 0.055921 0.055215 0.054770 0.054476 0.054286 0.054162 0.054079 0.054026 0.053991 0.053969 0.053954 0.053945 0.053939 0.053935 0.053931 0.053928 0.053926 0.053922 0.053917 0.053910 0.053899 0.053881 0.053853 0.053809 0.053741 0.053634 0.053468 0.053211 0.052821 0.052240 0.051396 0.050218 0.048646 0.046611 0.043520 0.037011 0.025521 -9999.0 -9999.0
-9999.0 -9999.0 -9999.0 -9999.0 -9999.0 -9999.0 -9999.0 -9999.0 -9999.0 -9999.0 -9999.0 -9999.0 -9999.0 -9999.0 -9999.0 -9999.0 -9999.0 -9999.0 -9999.0 -9999.0 -9999.0 -9999.0 -9999.0 -9999.0 -9999.0 -9999.0 -9999.0 -9999.0 -9999.0 -9999.0 -9999.0 -9999.0 -9999.0 -9999.0 -9999.0 -9999.0 -9999.0 -9999.0 -9999.0 -9999.0 -9999.0 -9999.0 -9999.0 -9999.0 -9999.0 -9999.0 -9999.0 -9999.0 -9999.0 -9999.0 -9999.0 -9999.0 -9999.0 -9999.0 -9999.0 -9999.0 -9999.0 -9999.0 -9999.0 -9999.0 -9999.0 -9999.0 -9999.0 -9999.0 -9999.0 -9999.0 -9999.0 -9999.0 -9999.0 -9999.0 -9999.0 -9999.0 -9999.0 -9999.0 -9999.0 -9999.0 -9999.0 -9999.0 -9999.0 -9999.0 -9999.0 -9999.0 -9999.0 -9999.0 -9999.0 -9999.0 -9999.0 -9999.0 -9999.0 -9999.0 -9999.0 -9999.0 -9999.0 -9999.0 -9999.0 -9999.0 -9999.0 -9999.0 -9999.0 -9999.0 -9999.0 -9999.0 -9999.0 -9999.0
-9999.0 -9999.0 -9999.0 -9999.0 -9999.0 -9999.0 -9999.0 -9999.0 -9999.0 -9999.0 -9999.0 -9999.0 -9999.0 -9999.0 -9999.0 -9999.0 -9999.0 -9999.0 -9999.0 -9999.0 -9999.0 -9999.0 -9999.0 -9999.0 -9999.0 -9999.0 -9999.0 -9999.0 -9999.0 -9999.0 -9999.0 -9999.0 -9999.0 -9999.0 -9999.0 -9999.0 -9999.0 -9999.0 -9999.0 -9999.0 -9999.0 -9999.0 -9999.0 -9999.0 -9999.0 -9999.0 -9999.0 -9999.0 -9999.0 -9999.0 -9999.0 -9999.0 -9999.0 -9999.0 -9999.0 -9999.0 -9999.0 -9999.0 -9999.0 -9999.0 -9999.0 -9999.0 -9999.0 -9999.0 -9999.0 -9999.0 -9999.0 -9999.0 -9999.0 -9999.0 -9999.0 -9999.0 -9999.0 -9999.0 -9999.0 -9999.0 -9999.0 -9999.0 -9999.0 -9999.0 -9999.0 -9999.0 -9999.0 -9999.0 -9999.0 -9999.0 -9999.0 -9999.0 -9999.0 -9999.0 -9999.0 -9999.0 -9999.0 -9999.0 -9999.0 -9999.0 -9999.0 -9999.0 -9999.0 -9999.0 -9999.0 -9999.0 -9999.0 -9999.0