tests/3D/hillslope02_superslab/out/maps3D/thetaliqL0007N0003.asc
ncols         104
nrows         10
xllcorner     -2.000000
yllcorner     0.000000
cellsize      1.000000
NODATA_value  -9999.0
-9999.0 -9999.0 -9999.0 -9999.0 -9999.0 -9999.0 -9999.0 -9999.0 -9999.0 -9999.0 -9999.0 -9999.0 -9999.0 -9999.0 -9999.0 -9999.0 -9999.0 -9999.0 -9999.0 -9999.0 -9999.0 -9999.0 -9999.0 -9999.0 -9999.0 -9999.0 -9999.0 -9999.0 -9999.0 -9999.0 -9999.0 -9999.0 -9999.0 -9999.0 -9999.0 -9999.0 -9999.0 -9999.0 -9999.0 -9999.0 -9999.0 -9999.0 -9999.0 -9999.0 -9999.0 -9999.0 -9999.0 -9999.0 -9999.0 -9999.0 -9999.0 -9999.0 -9999.0 -9999.0 -9999.0 -9999.0 -9999.0 -9999.0 -9999.0 -9999.0 -9999.0 -9999.0 -9999.0 -9999.0 -9999.0 -9999.0 -9999.0 -9999.0 -9999.0 -9999.0 -9999.0 -9999.0 -9999.0 -9999.0 -9999.0 -9999.0 -9999.0 -9999.0 -9999.0 -9999.0 -9999.0 -9999.0 -9999.0 -9999.0 -9999.0 -9999.0 -9999.0 -9999.0 -9999.0 -9999.0 -9999.0 -9999.0 -9999.0 -9999.0 -9999.0 -9999.0 -9999.0 -9999.0 -9999.0 -9999.0 -9999.0 -9999.0 -9999.0 -9999.0
-9999.0 -9999.0 -9999.0 -9999.0 -9999.0 -9999.0 -9999.0 -9999.0 -9999.0 -9999.0 -9999.0 -9999.0 -9999.0 -9999.0 -9999.0 -9999.0 -9999.0 -9999.0 -9999.0 -9999.0 -9999.0 -9999.0 -9999.0 -9999.0 -9999.0 -9999.0 -9999.0 -9999.0 -9999.0 -9999.0 -9999.0 -9999.0 -9999.0 -9999.0 -9999.0 -9999.0 -9999.0 -9999.0 -9999.0 -9999.0 -9999.0 -9999.0 -9999.0 -9999.0 -9999.0 -9999.0 -9999.0 -9999.0 -9999.0 -9999.0 -9999.0 -9999.0 -9999.0 -9999.0 -9999.0 -9999.0 -9999.0 -9999.0 -9999.0 -9999.0 -9999.0 -9999.0 -9999.0 -9999.0 -9999.0 -9999.0 -9999.0 -9999.0 -9999.0 -9999.0 -9999.0 -9999.0 -9999.0 -9999.0 -9999.0 -9999.0 -9999.0 -9999.0 -9999.0 -9999.0 -9999.0 -9999.0 -9999.0 -9999.0 -9999.0 -9999.0 -9999.0 -9999.0 -9999.0 -9999.0 -9999.0 -9999.0 -9999.0 -9999.0 -9999.0 -9999.0 -9999.0 -9999.0 -9999.0 -9999.0 -9999.0 -9999.0 -9999.0 -9999.0
-9999.0 -9999.0 0.100000 0.100000 0.100000 0.100000 0.095705 0.079155 0.067902 0.064591 0.055685 0.053168 0.052215 0.098392 0.099459 0.099976 0.100000 0.100000 0.100000 0.100000 0.100000 0.100000 0.100000 0.099881 0.093787 0.082790 0.072780 0.065620 0.060981 0.058100 0.056446 0.055504 0.054971 0.054688 0.054572 0.054605 0.054783 0.055169 0.055883 0.057206 0.059762 0.064148 0.036622 0.033246 0.033245 0.033246 0.033246 0.033246 0.033246 0.033246 0.033246 0.033246 0.033246 0.033246 0.033246 0.033246 0.033246 0.033246 0.033246 0.033246 0.033246 0.037185 0.100000 0.100000 0.100000 0.099391 0.089728 0.077031 0.067554 0.061649 0.058261 0.056364 0.055319 0.054736 0.054405 0.054215 0.054105 0.054038 0.053997 0.053972 0.053954 0.053942 0.053934 0.053926 0.053916 0.053904 0.053886 0.053858 0.053816 0.053751 0.053648 0.053489 0.053242 0.052866 0.052301 0.051475 0.050312 0.048751 0.046761 0.044296 0.041259 0.037809 -9999.0 -9999.0
-9999.0 -9999.0 0.100000 0.100000 0.100000 0.100000 0.095705 0.079155 0.067902 0.064591 0.055685 0.053168 0.052215 0.098392 0.099459 0.099976 0.100000 0.100000 0.100000 0.100000 0.100000 0.100000 0.100000 0.099881 0.093787 0.082790 0.072780 0.065620 0.060981 0.058100 0.056446 0.055504 0.054971 0.054688 0.054572 0.054605 0.054783 0.055169 0.055883 0.057206 0.059762 0.064148 0.036622 0.033246 0.033245 0.033246 0.033246 0.033246 0.033246 0.033246 0.033246 0.033246 0.033246 0.033246 0.033246 0.033246 0.033246 0.033246 0.033246 0.033246 0.033246 0.037185 0.100000 0.100000 0.100000 0.099391 0.089728 0.077031 0.067554 0.061649 0.058261 0.056364 0.055319 0.054736 0.054405 0.054215 0.054105 0.054038 0.053997 0.053972 0.053954 0.053942 0.053934 0.053926 0.053916 0.053904 0.053886 0.053858 0.053816 0.053751 0.053648 0.053489 0.053242 0.052866 0.052301 0.051475 0.050312 0.048751 0.046761 0.044296 0.041259 0.037809 -9999.0 -9999.0
-9999.0 -9999.0 0.100000 0.100000 0.100000 0.100000 0.095705 0.079155 0.067902 0.064591 0.055685 0.053168 0.052215 0.098392 0.099459 0.099976 0.100000 0.100000 0.100000 0.100000 0.100000 0.100000 0.100000 0.099881 0.093787 0.082790 0.072780 0.065620 0.060981 0.058100 0.056446 0.055504 0.054971 0.054688 0.054572 0.054605 0.054783 0.055169 0.055883 0.057206 0.059762 0.064148 0.036622 0.033246 0.033245 0.033246 0.033246 0.033246 0.033246 0.033246 0.033246 0.033246 0.033246 0.033246 0.033246 0.033246 0.033246 0.033246 0.033246 0.033246 0.033246 0.037185 0.100000 0.100000 0.100000 0.099391 0.089728 0.077031 0.067554 0.061649 0.058261 0.056364 0.055319 0.054736 0.054405 0.054215 0.054105 0.054038 0.053997 0.053972 0.053954 0.053942 0.053934 0.053926 0.053916 0.053904 0.053886 0.053858 0.053816 0.053751 0.053648 0.053489 0.053242 0.052866 0.052301 0.051475 0.050312 0.048751 0.046761 0.044296 0.041259 0.037809 -9999.0 -9999.0
-9999.0 -9999.0 0.100000 0.100000 0.100000 0.100000 0.095705 0.079155 0.067902 0.064591 0.055685 0.053168 0.052215 0.098392 0.099459 0.099976 0.100000 0.100000 0.100000 0.100000 0.100000 0.100000 0.100000 0.099881 0.093787 0.082790 0.072780 0.065620 0.060981 0.058100 0.056446 0.055504 0.054971 0.054688 0.054572 0.054605 0.054783 0.055169 0.055883 0.057206 0.059762 0.064148 0.036622 0.033246 0.033245 0.033246 0.033246 0.033246 0.033246 0.033246 0.033246 0.033246 0.033246 0.033246 0.033246 0.033246 0.033246 0.033246 0.033246 0.033246 0.033246 0.037185 0.100000 0.100000 0.100000 0.099391 0.089728 0.077031 0.067554 0.061649 0.058261 0.056364 0.055319 0.054736 0.054405 0.054215 0.054105 0.054038 0.053997 0.053972 0.053954 0.053942 0.053934 0.053926 0.053916 0.053904 0.053886 0.053858 0.053816 0.053751 0.053648 0.053489 0.053242 0.052866 0.052301 0.051475 0.050312 0.048751 0.046761 0.044296 0.041259 0.037809 -9999.0 -9999.0
-9999.0 -9999.0 0.100000 0.100000 0.100000 0.100000 0.095705 0.079155 0.067902 0.064591 0.055685 0.053168 0.052215 0.098392 0.099459 0.099976 0.100000 0.100000 0.100000 0.100000 0.100000 0.100000 0.100000 0.099881 0.093787 0.082790 0.072780 0.065620 0.060981 0.058100 0.056446 0.055504 0.054971 0.054688 0.054572 0.054605 0.054783 0.055169 0.055883 0.057206 0.059762 0.064148 0.036622 0.033246 0.033245 0.033246 0.033246 0.033246 0.033246 0.033246 0.033246 0.033246 0.033246 0.033246 0.033246 0.033246 0.033246 0.033246 0.033246 0.033246 0.033246 0.037185 0.100000 0.100000 0.100000 0.099391 0.089728 0.077031 0.067554 0.061649 0.058261 0.056364 0.055319 0.054736 0.054405 0.054215 0.054105 0.054038 0.053997 0.053972 0.053954 0.053942 0.053934 0.053926 0.053916 0.053904 0.053886 0.053858 0.053816 0.053751 0.053648 0.053489 0.053242 0.052866 0.052301 0.051475 0.050312 0.048751 0.046761 0.044296 0.041259 0.037809 -9999.0 -9999.0
-9999.0 -9999.0 0.100000 0.100000 0.100000 0.100000 0.095705 0.079155 0.067902 0.064591 0.055685 0.053168 0.052215 0.098392 0.099459 0.099976 0.100000 0.100000 0.100000 0.100000 0.100000 0.100000 0.100000 0.099881 0.093787 0.082790 0.072780 0.065620 0.060981 0.058100 0.056446 0.055504 0.054971 0.054688 0.054572 0.054605 0.054783 0.055169 0.055883 0.057206 0.059762 0.064148 0.036622 0.033246 0.033245 0.033246 0.033246 0.033246 0.033246 0.033246 0.033246 0.033246 0.033246 0.033246 0.033246 0.033246 0.033246 0.033246 0.033246 0.033246 0.033246 0.037185 0.100000 0.100000 0.100000 0.099391 0.089728 0.077031 0.067554 0.061649 0.058261 0.056364 0.055319 0.054736 0.054405 0.054215 0.054105 0.054038 0.053997 0.053972 0.053954 0.053942 0.053934 0.053926 0.053916 0.053904 0.053886 0.053858 0.053816 0.053751 0.053648 0.053489 0.053242 0.052866 0.052301 0.051475 0.050312 0.048751 0.046761 0.044296 0.041259 0.037809 -9999.0 -9999.0
-9999.0 -9999.0 -9999.0 -9999.0 -9999.0 -9999.0 -9999.0 -9999.0 -9999.0 -9999.0 -9999.0 -9999.0 -9999.0 -9999.0 -9999.0 -9999.0 -9999.0 -9999.0 -9999.0 -9999.0 -9999.0 -9999.0 -9999.0 -9999.0 -9999.0 -9999.0 -9999.0 -9999.0 -9999.0 -9999.0 -9999.0 -9999.0 -9999.0 -9999.0 -9999.0 -9999.0 -9999.0 -9999.0 -9999.0 -9999.0 -9999.0 -9999.0 -9999.0 -9999.0 -9999.0 -9999.0 -9999.0 -9999.0 -9999.0 -9999.0 -9999.0 -9999.0 -9999.0 -9999.0 -9999.0 -9999.0 -9999.0 -9999.0 -9999.0 -9999.0 -9999.0 -9999.0 -9999.0 -9999.0 -9999.0 -9999.0 -9999.0 -9999.0 -9999.0 -9999.0 -9999.0 -9999.0 -9999.0 -9999.0 -9999.0 -9999.0 -9999.0 -9999.0 -9999.0 -9999.0 -9999.0 -9999.0 -9999.0 -9999.0 -9999.0 -9999.0 -9999.0 -9999.0 -9999.0 -9999.0 -9999.0 -9999.0 -9999.0 -9999.0 -9999.0 -9999.0 -9999.0 -9999.0 -9999.0 -9999.0 -9999.0 -9999.0 -9999.0 -9999.0
-9999.0 -9999.0 -9999.0 -9999.0 -9999.0 -9999.0 -9999.0 -9999.0 -9999.0 -9999.0 -9999.0 -9999.0 -9999.0 -9999.0 -9999.0 -9999.0 -9999.0 -9999.0 -9999.0 -9999.0 -9999.0 -9999.0 -9999.0 -9999.0 -9999.0 -9999.0 -9999.0 -9999.0 -9999.0 -9999.0 -9999.0 -9999.0 -9999.0 -9999.0 -9999.0 -9999.0 -9999.0 -9999.0 -9999.0 -9999.0 -9999.0 -9999.0 -9999.0 -9999.0 -9999.0 -9999.0 -9999.0 -9999.0 -9999.0 -9999.0 -9999.0 -9999.0 -9999.0 -9999.0 -9999.0 -9999.0 -9999.0 -9999.0 -9999.0 -9999.0 -9999.0 -9999.0 -9999.0 -9999.0 -9999.0 -9999.0 -9999.0 -9999.0 -9999.0 -9999.0 -9999.0 -9999.0 -9999.0 -9999.0 -9999.0 -9999.0 -9999.0 -9999.0 -9999.0 -9999.0 -9999.0 -9999.0 -9999.0 -9999.0 -9999.0 -9999.0 -9999.0 -9999.0 -9999.0 -9999.0 -9999.0 -9999.0 -9999.0 -9999.0 -9999.0 -9999.0 -9999.0 -9999.0 -9999.0 -9999.0 -9999.0 -9999.0 -9999.0 -9999.0