tests/3D/hillslope02_superslab/out/maps3D/thetaliqL0096N0006.asc
ncols         104
nrows         10
xllcorner     -2.000000
yllcorner     0.000000
cellsize      1.000000
NODATA_value  -9999.0
-9999.0 -9999.0 -9999.0 -9999.0 -9999.0 -9999.0 -9999.0 -9999.0 -9999.0 -9999.0 -9999.0 -9999.0 -9999.0 -9999.0 -9999.0 -9999.0 -9999.0 -9999.0 -9999.0 -9999.0 -9999.0 -9999.0 -9999.0 -9999.0 -9999.0 -9999.0 -9999.0 -9999.0 -9999.0 -9999.0 -9999.0 -9999.0 -9999.0 -9999.0 -9999.0 -9999.0 -9999.0 -9999.0 -9999.0 -9999.0 -9999.0 -9999.0 -9999.0 -9999.0 -9999.0 -9999.0 -9999.0 -9999.0 -9999.0 -9999.0 -9999.0 -9999.0 -9999.0 -9999.0 -9999.0 -9999.0 -9999.0 -9999.0 -9999.0 -9999.0 -9999.0 -9999.0 -9999.0 -9999.0 -9999.0 -9999.0 -9999.0 -9999.0 -9999.0 -9999.0 -9999.0 -9999.0 -9999.0 -9999.0 -9999.0 -9999.0 -9999.0 -9999.0 -9999.0 -9999.0 -9999.0 -9999.0 -9999.0 -9999.0 -9999.0 -9999.0 -9999.0 -9999.0 -9999.0 -9999.0 -9999.0 -9999.0 -9999.0 -9999.0 -9999.0 -9999.0 -9999.0 -9999.0 -9999.0 -9999.0 -9999.0 -9999.0 -9999.0 -9999.0
-9999.0 -9999.0 -9999.0 -9999.0 -9999.0 -9999.0 -9999.0 -9999.0 -9999.0 -9999.0 -9999.0 -9999.0 -9999.0 -9999.0 -9999.0 -9999.0 -9999.0 -9999.0 -9999.0 -9999.0 -9999.0 -9999.0 -9999.0 -9999.0 -9999.0 -9999.0 -9999.0 -9999.0 -9999.0 -9999.0 -9999.0 -9999.0 -9999.0 -9999.0 -9999.0 -9999.0 -9999.0 -9999.0 -9999.0 -9999.0 -9999.0 -9999.0 -9999.0 -9999.0 -9999.0 -9999.0 -9999.0 -9999.0 -9999.0 -9999.0 -9999.0 -9999.0 -9999.0 -9999.0 -9999.0 -9999.0 -9999.0 -9999.0 -9999.0 -9999.0 -9999.0 -9999.0 -9999.0 -9999.0 -9999.0 -9999.0 -9999.0 -9999.0 -9999.0 -9999.0 -9999.0 -9999.0 -9999.0 -9999.0 -9999.0 -9999.0 -9999.0 -9999.0 -9999.0 -9999.0 -9999.0 -9999.0 -9999.0 -9999.0 -9999.0 -9999.0 -9999.0 -9999.0 -9999.0 -9999.0 -9999.0 -9999.0 -9999.0 -9999.0 -9999.0 -9999.0 -9999.0 -9999.0 -9999.0 -9999.0 -9999.0 -9999.0 -9999.0 -9999.0
-9999.0 -9999.0 0.100000 0.100000 0.100000 0.100000 0.100000 0.096581 0.085222 0.076289 0.071319 0.069246 0.068431 0.068118 0.067998 0.067952 0.067935 0.067928 0.067926 0.067925 0.067924 0.067924 0.067924 0.067924 0.067923 0.067923 0.067922 0.067921 0.067920 0.067919 0.067917 0.067915 0.067911 0.067907 0.067902 0.067896 0.067888 0.067878 0.067867 0.067853 0.067836 0.067816 0.067792 0.067765 0.067733 0.067697 0.067656 0.067609 0.067557 0.067499 0.067433 0.067360 0.067286 0.067203 0.067112 0.067015 0.066909 0.066797 0.066677 0.066550 0.066416 0.066274 0.066125 0.065968 0.065804 0.065632 0.065453 0.065266 0.065071 0.064869 0.064659 0.064441 0.064215 0.063981 0.063738 0.063486 0.063225 0.062955 0.062674 0.062383 0.062082 0.061768 0.061442 0.061102 0.060748 0.060377 0.059989 0.059582 0.059153 0.058700 0.058219 0.057706 0.057155 0.056561 0.055914 0.055201 0.054406 0.053502 0.052451 0.051182 0.049564 0.047265 -9999.0 -9999.0
-9999.0 -9999.0 0.100000 0.100000 0.100000 0.100000 0.100000 0.096581 0.085222 0.076289 0.071319 0.069246 0.068431 0.068118 0.067998 0.067952 0.067935 0.067928 0.067926 0.067925 0.067924 0.067924 0.067924 0.067924 0.067923 0.067923 0.067922 0.067921 0.067920 0.067919 0.067917 0.067915 0.067911 0.067907 0.067902 0.067896 0.067888 0.067878 0.067867 0.067853 0.067836 0.067816 0.067792 0.067765 0.067733 0.067697 0.067656 0.067609 0.067557 0.067499 0.067433 0.067360 0.067286 0.067203 0.067112 0.067015 0.066909 0.066797 0.066677 0.066550 0.066416 0.066274 0.066125 0.065968 0.065804 0.065632 0.065453 0.065266 0.065071 0.064869 0.064659 0.064441 0.064215 0.063981 0.063738 0.063486 0.063225 0.062955 0.062674 0.062383 0.062082 0.061768 0.061442 0.061102 0.060748 0.060377 0.059989 0.059582 0.059153 0.058700 0.058219 0.057706 0.057155 0.056561 0.055914 0.055201 0.054406 0.053502 0.052451 0.051182 0.049564 0.047265 -9999.0 -9999.0
-9999.0 -9999.0 0.100000 0.100000 0.100000 0.100000 0.100000 0.096581 0.085222 0.076289 0.071319 0.069246 0.068431 0.068118 0.067998 0.067952 0.067935 0.067928 0.067926 0.067925 0.067924 0.067924 0.067924 0.067924 0.067923 0.067923 0.067922 0.067921 0.067920 0.067919 0.067917 0.067915 0.067911 0.067907 0.067902 0.067896 0.067888 0.067878 0.067867 0.067853 0.067836 0.067816 0.067792 0.067765 0.067733 0.067697 0.067656 0.067609 0.067557 0.067499 0.067433 0.067360 0.067286 0.067203 0.067112 0.067015 0.066909 0.066797 0.066677 0.066550 0.066416 0.066274 0.066125 0.065968 0.065804 0.065632 0.065453 0.065266 0.065071 0.064869 0.064659 0.064441 0.064215 0.063981 0.063738 0.063486 0.063225 0.062955 0.062674 0.062383 0.062082 0.061768 0.061442 0.061102 0.060748 0.060377 0.059989 0.059582 0.059153 0.058700 0.058219 0.057706 0.057155 0.056561 0.055914 0.055201 0.054406 0.053502 0.052451 0.051182 0.049564 0.047265 -9999.0 -9999.0
-9999.0 -9999.0 0.100000 0.100000 0.100000 0.100000 0.100000 0.096581 0.085222 0.076289 0.071319 0.069246 0.068431 0.068118 0.067998 0.067952 0.067935 0.067928 0.067926 0.067925 0.067924 0.067924 0.067924 0.067924 0.067923 0.067923 0.067922 0.067921 0.067920 0.067919 0.067917 0.067915 0.067911 0.067907 0.067902 0.067896 0.067888 0.067878 0.067867 0.067853 0.067836 0.067816 0.067792 0.067765 0.067733 0.067697 0.067656 0.067609 0.067557 0.067499 0.067433 0.067360 0.067286 0.067203 0.067112 0.067015 0.066909 0.066797 0.066677 0.066550 0.066416 0.066274 0.066125 0.065968 0.065804 0.065632 0.065453 0.065266 0.065071 0.064869 0.064659 0.064441 0.064215 0.063981 0.063738 0.063486 0.063225 0.062955 0.062674 0.062383 0.062082 0.061768 0.061442 0.061102 0.060748 0.060377 0.059989 0.059582 0.059153 0.058700 0.058219 0.057706 0.057155 0.056561 0.055914 0.055201 0.054406 0.053502 0.052451 0.051182 0.049564 0.047265 -9999.0 -9999.0
-9999.0 -9999.0 0.100000 0.100000 0.100000 0.100000 0.100000 0.096581 0.085222 0.076289 0.071319 0.069246 0.068431 0.068118 0.067998 0.067952 0.067935 0.067928 0.067926 0.067925 0.067924 0.067924 0.067924 0.067924 0.067923 0.067923 0.067922 0.067921 0.067920 0.067919 0.067917 0.067915 0.067911 0.067907 0.067902 0.067896 0.067888 0.067878 0.067867 0.067853 0.067836 0.067816 0.067792 0.067765 0.067733 0.067697 0.067656 0.067609 0.067557 0.067499 0.067433 0.067360 0.067286 0.067203 0.067112 0.067015 0.066909 0.066797 0.066677 0.066550 0.066416 0.066274 0.066125 0.065968 0.065804 0.065632 0.065453 0.065266 0.065071 0.064869 0.064659 0.064441 0.064215 0.063981 0.063738 0.063486 0.063225 0.062955 0.062674 0.062383 0.062082 0.061768 0.061442 0.061102 0.060748 0.060377 0.059989 0.059582 0.059153 0.058700 0.058219 0.057706 0.057155 0.056561 0.055914 0.055201 0.054406 0.053502 0.052451 0.051182 0.049564 0.047265 -9999.0 -9999.0
-9999.0 -9999.0 0.100000 0.100000 0.100000 0.100000 0.100000 0.096581 0.085222 0.076289 0.071319 0.069246 0.068431 0.068118 0.067998 0.067952 0.067935 0.067928 0.067926 0.067925 0.067924 0.067924 0.067924 0.067924 0.067923 0.067923 0.067922 0.067921 0.067920 0.067919 0.067917 0.067915 0.067911 0.067907 0.067902 0.067896 0.067888 0.067878 0.067867 0.067853 0.067836 0.067816 0.067792 0.067765 0.067733 0.067697 0.067656 0.067609 0.067557 0.067499 0.067433 0.067360 0.067286 0.067203 0.067112 0.067015 0.066909 0.066797 0.066677 0.066550 0.066416 0.066274 0.066125 0.065968 0.065804 0.065632 0.065453 0.065266 0.065071 0.064869 0.064659 0.064441 0.064215 0.063981 0.063738 0.063486 0.063225 0.062955 0.062674 0.062383 0.062082 0.061768 0.061442 0.061102 0.060748 0.060377 0.059989 0.059582 0.059153 0.058700 0.058219 0.057706 0.057155 0.056561 0.055914 0.055201 0.054406 0.053502 0.052451 0.051182 0.049564 0.047265 -9999.0 -9999.0
-9999.0 -9999.0 -9999.0 -9999.0 -9999.0 -9999.0 -9999.0 -9999.0 -9999.0 -9999.0 -9999.0 -9999.0 -9999.0 -9999.0 -9999.0 -9999.0 -9999.0 -9999.0 -9999.0 -9999.0 -9999.0 -9999.0 -9999.0 -9999.0 -9999.0 -9999.0 -9999.0 -9999.0 -9999.0 -9999.0 -9999.0 -9999.0 -9999.0 -9999.0 -9999.0 -9999.0 -9999.0 -9999.0 -9999.0 -9999.0 -9999.0 -9999.0 -9999.0 -9999.0 -9999.0 -9999.0 -9999.0 -9999.0 -9999.0 -9999.0 -9999.0 -9999.0 -9999.0 -9999.0 -9999.0 -9999.0 -9999.0 -9999.0 -9999.0 -9999.0 -9999.0 -9999.0 -9999.0 -9999.0 -9999.0 -9999.0 -9999.0 -9999.0 -9999.0 -9999.0 -9999.0 -9999.0 -9999.0 -9999.0 -9999.0 -9999.0 -9999.0 -9999.0 -9999.0 -9999.0 -9999.0 -9999.0 -9999.0 -9999.0 -9999.0 -9999.0 -9999.0 -9999.0 -9999.0 -9999.0 -9999.0 -9999.0 -9999.0 -9999.0 -9999.0 -9999.0 -9999.0 -9999.0 -9999.0 -9999.0 -9999.0 -9999.0 -9999.0 -9999.0
-9999.0 -9999.0 -9999.0 -9999.0 -9999.0 -9999.0 -9999.0 -9999.0 -9999.0 -9999.0 -9999.0 -9999.0 -9999.0 -9999.0 -9999.0 -9999.0 -9999.0 -9999.0 -9999.0 -9999.0 -9999.0 -9999.0 -9999.0 -9999.0 -9999.0 -9999.0 -9999.0 -9999.0 -9999.0 -9999.0 -9999.0 -9999.0 -9999.0 -9999.0 -9999.0 -9999.0 -9999.0 -9999.0 -9999.0 -9999.0 -9999.0 -9999.0 -9999.0 -9999.0 -9999.0 -9999.0 -9999.0 -9999.0 -9999.0 -9999.0 -9999.0 -9999.0 -9999.0 -9999.0 -9999.0 -9999.0 -9999.0 -9999.0 -9999.0 -9999.0 -9999.0 -9999.0 -9999.0 -9999.0 -9999.0 -9999.0 -9999.0 -9999.0 -9999.0 -9999.0 -9999.0 -9999.0 -9999.0 -9999.0 -9999.0 -9999.0 -9999.0 -9999.0 -9999.0 -9999.0 -9999.0 -9999.0 -9999.0 -9999.0 -9999.0 -9999.0 -9999.0 -9999.0 -9999.0 -9999.0 -9999.0 -9999.0 -9999.0 -9999.0 -9999.0 -9999.0 -9999.0 -9999.0 -9999.0 -9999.0 -9999.0 -9999.0 -9999.0 -9999.0