tests/3D/hillslope02_superslab/out/maps3D/thetaliqL0004N0004.asc
ncols         104
nrows         10
xllcorner     -2.000000
yllcorner     0.000000
cellsize      1.000000
NODATA_value  -9999.0
-9999.0 -9999.0 -9999.0 -9999.0 -9999.0 -9999.0 -9999.0 -9999.0 -9999.0 -9999.0 -9999.0 -9999.0 -9999.0 -9999.0 -9999.0 -9999.0 -9999.0 -9999.0 -9999.0 -9999.0 -9999.0 -9999.0 -9999.0 -9999.0 -9999.0 -9999.0 -9999.0 -9999.0 -9999.0 -9999.0 -9999.0 -9999.0 -9999.0 -9999.0 -9999.0 -9999.0 -9999.0 -9999.0 -9999.0 -9999.0 -9999.0 -9999.0 -9999.0 -9999.0 -9999.0 -9999.0 -9999.0 -9999.0 -9999.0 -9999.0 -9999.0 -9999.0 -9999.0 -9999.0 -9999.0 -9999.0 -9999.0 -9999.0 -9999.0 -9999.0 -9999.0 -9999.0 -9999.0 -9999.0 -9999.0 -9999.0 -9999.0 -9999.0 -9999.0 -9999.0 -9999.0 -9999.0 -9999.0 -9999.0 -9999.0 -9999.0 -9999.0 -9999.0 -9999.0 -9999.0 -9999.0 -9999.0 -9999.0 -9999.0 -9999.0 -9999.0 -9999.0 -9999.0 -9999.0 -9999.0 -9999.0 -9999.0 -9999.0 -9999.0 -9999.0 -9999.0 -9999.0 -9999.0 -9999.0 -9999.0 -9999.0 -9999.0 -9999.0 -9999.0
-9999.0 -9999.0 -9999.0 -9999.0 -9999.0 -9999.0 -9999.0 -9999.0 -9999.0 -9999.0 -9999.0 -9999.0 -9999.0 -9999.0 -9999.0 -9999.0 -9999.0 -9999.0 -9999.0 -9999.0 -9999.0 -9999.0 -9999.0 -9999.0 -9999.0 -9999.0 -9999.0 -9999.0 -9999.0 -9999.0 -9999.0 -9999.0 -9999.0 -9999.0 -9999.0 -9999.0 -9999.0 -9999.0 -9999.0 -9999.0 -9999.0 -9999.0 -9999.0 -9999.0 -9999.0 -9999.0 -9999.0 -9999.0 -9999.0 -9999.0 -9999.0 -9999.0 -9999.0 -9999.0 -9999.0 -9999.0 -9999.0 -9999.0 -9999.0 -9999.0 -9999.0 -9999.0 -9999.0 -9999.0 -9999.0 -9999.0 -9999.0 -9999.0 -9999.0 -9999.0 -9999.0 -9999.0 -9999.0 -9999.0 -9999.0 -9999.0 -9999.0 -9999.0 -9999.0 -9999.0 -9999.0 -9999.0 -9999.0 -9999.0 -9999.0 -9999.0 -9999.0 -9999.0 -9999.0 -9999.0 -9999.0 -9999.0 -9999.0 -9999.0 -9999.0 -9999.0 -9999.0 -9999.0 -9999.0 -9999.0 -9999.0 -9999.0 -9999.0 -9999.0
-9999.0 -9999.0 0.100000 0.100000 0.099627 0.086696 0.072216 0.064411 0.061735 0.062689 0.054448 0.052607 0.099062 0.099614 0.099921 0.100000 0.100000 0.100000 0.100000 0.100000 0.099331 0.093124 0.083152 0.073455 0.066111 0.061240 0.058245 0.056475 0.055452 0.054864 0.054530 0.054347 0.054257 0.054234 0.054268 0.054370 0.054566 0.054910 0.055515 0.056669 0.057943 0.058342 0.080364 0.082675 0.085431 0.087084 0.087856 0.087943 0.087952 0.087953 0.087953 0.087953 0.087952 0.087952 0.087952 0.087952 0.087948 0.087917 0.087639 0.087009 0.085874 0.085770 0.064446 0.059315 0.056965 0.055728 0.055023 0.054604 0.054349 0.054191 0.054092 0.054031 0.053992 0.053968 0.053953 0.053944 0.053937 0.053934 0.053931 0.053929 0.053927 0.053925 0.053922 0.053918 0.053911 0.053900 0.053884 0.053858 0.053817 0.053752 0.053652 0.053494 0.053251 0.052879 0.052321 0.051503 0.050348 0.048797 0.046837 0.044525 0.041951 0.039235 -9999.0 -9999.0
-9999.0 -9999.0 0.100000 0.100000 0.099627 0.086696 0.072216 0.064411 0.061735 0.062689 0.054448 0.052607 0.099062 0.099614 0.099921 0.100000 0.100000 0.100000 0.100000 0.100000 0.099331 0.093124 0.083152 0.073455 0.066111 0.061240 0.058245 0.056475 0.055452 0.054864 0.054530 0.054347 0.054257 0.054234 0.054268 0.054370 0.054566 0.054910 0.055515 0.056669 0.057943 0.058342 0.080364 0.082675 0.085431 0.087084 0.087856 0.087943 0.087952 0.087953 0.087953 0.087953 0.087952 0.087952 0.087952 0.087952 0.087948 0.087917 0.087639 0.087009 0.085874 0.085770 0.064446 0.059315 0.056965 0.055728 0.055023 0.054604 0.054349 0.054191 0.054092 0.054031 0.053992 0.053968 0.053953 0.053944 0.053937 0.053934 0.053931 0.053929 0.053927 0.053925 0.053922 0.053918 0.053911 0.053900 0.053884 0.053858 0.053817 0.053752 0.053652 0.053494 0.053251 0.052879 0.052321 0.051503 0.050348 0.048797 0.046837 0.044525 0.041951 0.039235 -9999.0 -9999.0
-9999.0 -9999.0 0.100000 0.100000 0.099627 0.086697 0.072217 0.064411 0.061735 0.062689 0.054448 0.052607 0.099062 0.099614 0.099921 0.100000 0.100000 0.100000 0.100000 0.100000 0.099331 0.093124 0.083152 0.073455 0.066111 0.061240 0.058245 0.056475 0.055452 0.054864 0.054530 0.054347 0.054257 0.054234 0.054268 0.054370 0.054566 0.054910 0.055515 0.056669 0.057943 0.058342 0.080364 0.082675 0.085431 0.087084 0.087856 0.087943 0.087952 0.087953 0.087953 0.087953 0.087952 0.087952 0.087952 0.087952 0.087948 0.087917 0.087639 0.087009 0.085874 0.085770 0.064446 0.059315 0.056965 0.055728 0.055023 0.054604 0.054349 0.054191 0.054092 0.054031 0.053992 0.053968 0.053953 0.053944 0.053937 0.053934 0.053931 0.053929 0.053927 0.053925 0.053922 0.053918 0.053911 0.053900 0.053884 0.053858 0.053817 0.053752 0.053652 0.053494 0.053251 0.052879 0.052321 0.051503 0.050348 0.048797 0.046837 0.044525 0.041951 0.039235 -9999.0 -9999.0
-9999.0 -9999.0 0.100000 0.100000 0.099627 0.086697 0.072217 0.064411 0.061735 0.062689 0.054448 0.052607 0.099062 0.099614 0.099921 0.100000 0.100000 0.100000 0.100000 0.100000 0.099331 0.093124 0.083152 0.073455 0.066111 0.061240 0.058245 0.056475 0.055452 0.054864 0.054530 0.054347 0.054257 0.054234 0.054268 0.054370 0.054566 0.054910 0.055515 0.056669 0.057943 0.058342 0.080364 0.082675 0.085431 0.087084 0.087856 0.087943 0.087952 0.087953 0.087953 0.087953 0.087952 0.087952 0.087952 0.087952 0.087948 0.087917 0.087639 0.087009 0.085874 0.085770 0.064446 0.059315 0.056965 0.055728 0.055023 0.054604 0.054349 0.054191 0.054092 0.054031 0.053992 0.053968 0.053953 0.053944 0.053937 0.053934 0.053931 0.053929 0.053927 0.053925 0.053922 0.053918 0.053911 0.053900 0.053884 0.053858 0.053817 0.053752 0.053652 0.053494 0.053251 0.052879 0.052321 0.051503 0.050348 0.048797 0.046837 0.044525 0.041951 0.039235 -9999.0 -9999.0
-9999.0 -9999.0 0.100000 0.100000 0.099627 0.086696 0.072216 0.064411 0.061735 0.062689 0.054448 0.052607 0.099062 0.099614 0.099921 0.100000 0.100000 0.100000 0.100000 0.100000 0.099331 0.093124 0.083152 0.073455 0.066111 0.061240 0.058245 0.056475 0.055452 0.054864 0.054530 0.054347 0.054257 0.054234 0.054268 0.054370 0.054566 0.054910 0.055515 0.056669 0.057943 0.058342 0.080364 0.082675 0.085431 0.087084 0.087856 0.087943 0.087952 0.087953 0.087953 0.087953 0.087952 0.087952 0.087952 0.087952 0.087948 0.087917 0.087639 0.087009 0.085874 0.085770 0.064446 0.059315 0.056965 0.055728 0.055023 0.054604 0.054349 0.054191 0.054092 0.054031 0.053992 0.053968 0.053953 0.053944 0.053937 0.053934 0.053931 0.053929 0.053927 0.053925 0.053922 0.053918 0.053911 0.053900 0.053884 0.053858 0.053817 0.053752 0.053652 0.053494 0.053251 0.052879 0.052321 0.051503 0.050348 0.048797 0.046837 0.044525 0.041951 0.039235 -9999.0 -9999.0
-9999.0 -9999.0 0.100000 0.100000 0.099627 0.086696 0.072216 0.064411 0.061735 0.062689 0.054448 0.052607 0.099062 0.099614 0.099921 0.100000 0.100000 0.100000 0.100000 0.100000 0.099331 0.093124 0.083152 0.073455 0.066111 0.061240 0.058245 0.056475 0.055452 0.054864 0.054530 0.054347 0.054257 0.054234 0.054268 0.054370 0.054566 0.054910 0.055515 0.056669 0.057943 0.058342 0.080364 0.082675 0.085431 0.087084 0.087856 0.087943 0.087952 0.087953 0.087953 0.087953 0.087952 0.087952 0.087952 0.087952 0.087948 0.087917 0.087639 0.087009 0.085874 0.085770 0.064446 0.059315 0.056965 0.055728 0.055023 0.054604 0.054349 0.054191 0.054092 0.054031 0.053992 0.053968 0.053953 0.053944 0.053937 0.053934 0.053931 0.053929 0.053927 0.053925 0.053922 0.053918 0.053911 0.053900 0.053884 0.053858 0.053817 0.053752 0.053652 0.053494 0.053251 0.052879 0.052321 0.051503 0.050348 0.048797 0.046837 0.044525 0.041951 0.039235 -9999.0 -9999.0
-9999.0 -9999.0 -9999.0 -9999.0 -9999.0 -9999.0 -9999.0 -9999.0 -9999.0 -9999.0 -9999.0 -9999.0 -9999.0 -9999.0 -9999.0 -9999.0 -9999.0 -9999.0 -9999.0 -9999.0 -9999.0 -9999.0 -9999.0 -9999.0 -9999.0 -9999.0 -9999.0 -9999.0 -9999.0 -9999.0 -9999.0 -9999.0 -9999.0 -9999.0 -9999.0 -9999.0 -9999.0 -9999.0 -9999.0 -9999.0 -9999.0 -9999.0 -9999.0 -9999.0 -9999.0 -9999.0 -9999.0 -9999.0 -9999.0 -9999.0 -9999.0 -9999.0 -9999.0 -9999.0 -9999.0 -9999.0 -9999.0 -9999.0 -9999.0 -9999.0 -9999.0 -9999.0 -9999.0 -9999.0 -9999.0 -9999.0 -9999.0 -9999.0 -9999.0 -9999.0 -9999.0 -9999.0 -9999.0 -9999.0 -9999.0 -9999.0 -9999.0 -9999.0 -9999.0 -9999.0 -9999.0 -9999.0 -9999.0 -9999.0 -9999.0 -9999.0 -9999.0 -9999.0 -9999.0 -9999.0 -9999.0 -9999.0 -9999.0 -9999.0 -9999.0 -9999.0 -9999.0 -9999.0 -9999.0 -9999.0 -9999.0 -9999.0 -9999.0 -9999.0
-9999.0 -9999.0 -9999.0 -9999.0 -9999.0 -9999.0 -9999.0 -9999.0 -9999.0 -9999.0 -9999.0 -9999.0 -9999.0 -9999.0 -9999.0 -9999.0 -9999.0 -9999.0 -9999.0 -9999.0 -9999.0 -9999.0 -9999.0 -9999.0 -9999.0 -9999.0 -9999.0 -9999.0 -9999.0 -9999.0 -9999.0 -9999.0 -9999.0 -9999.0 -9999.0 -9999.0 -9999.0 -9999.0 -9999.0 -9999.0 -9999.0 -9999.0 -9999.0 -9999.0 -9999.0 -9999.0 -9999.0 -9999.0 -9999.0 -9999.0 -9999.0 -9999.0 -9999.0 -9999.0 -9999.0 -9999.0 -9999.0 -9999.0 -9999.0 -9999.0 -9999.0 -9999.0 -9999.0 -9999.0 -9999.0 -9999.0 -9999.0 -9999.0 -9999.0 -9999.0 -9999.0 -9999.0 -9999.0 -9999.0 -9999.0 -9999.0 -9999.0 -9999.0 -9999.0 -9999.0 -9999.0 -9999.0 -9999.0 -9999.0 -9999.0 -9999.0 -9999.0 -9999.0 -9999.0 -9999.0 -9999.0 -9999.0 -9999.0 -9999.0 -9999.0 -9999.0 -9999.0 -9999.0 -9999.0 -9999.0 -9999.0 -9999.0 -9999.0 -9999.0