tests/3D/hillslope02_superslab/out/maps3D/thetaliqL0094N0005.asc
ncols         104
nrows         10
xllcorner     -2.000000
yllcorner     0.000000
cellsize      1.000000
NODATA_value  -9999.0
-9999.0 -9999.0 -9999.0 -9999.0 -9999.0 -9999.0 -9999.0 -9999.0 -9999.0 -9999.0 -9999.0 -9999.0 -9999.0 -9999.0 -9999.0 -9999.0 -9999.0 -9999.0 -9999.0 -9999.0 -9999.0 -9999.0 -9999.0 -9999.0 -9999.0 -9999.0 -9999.0 -9999.0 -9999.0 -9999.0 -9999.0 -9999.0 -9999.0 -9999.0 -9999.0 -9999.0 -9999.0 -9999.0 -9999.0 -9999.0 -9999.0 -9999.0 -9999.0 -9999.0 -9999.0 -9999.0 -9999.0 -9999.0 -9999.0 -9999.0 -9999.0 -9999.0 -9999.0 -9999.0 -9999.0 -9999.0 -9999.0 -9999.0 -9999.0 -9999.0 -9999.0 -9999.0 -9999.0 -9999.0 -9999.0 -9999.0 -9999.0 -9999.0 -9999.0 -9999.0 -9999.0 -9999.0 -9999.0 -9999.0 -9999.0 -9999.0 -9999.0 -9999.0 -9999.0 -9999.0 -9999.0 -9999.0 -9999.0 -9999.0 -9999.0 -9999.0 -9999.0 -9999.0 -9999.0 -9999.0 -9999.0 -9999.0 -9999.0 -9999.0 -9999.0 -9999.0 -9999.0 -9999.0 -9999.0 -9999.0 -9999.0 -9999.0 -9999.0 -9999.0
-9999.0 -9999.0 -9999.0 -9999.0 -9999.0 -9999.0 -9999.0 -9999.0 -9999.0 -9999.0 -9999.0 -9999.0 -9999.0 -9999.0 -9999.0 -9999.0 -9999.0 -9999.0 -9999.0 -9999.0 -9999.0 -9999.0 -9999.0 -9999.0 -9999.0 -9999.0 -9999.0 -9999.0 -9999.0 -9999.0 -9999.0 -9999.0 -9999.0 -9999.0 -9999.0 -9999.0 -9999.0 -9999.0 -9999.0 -9999.0 -9999.0 -9999.0 -9999.0 -9999.0 -9999.0 -9999.0 -9999.0 -9999.0 -9999.0 -9999.0 -9999.0 -9999.0 -9999.0 -9999.0 -9999.0 -9999.0 -9999.0 -9999.0 -9999.0 -9999.0 -9999.0 -9999.0 -9999.0 -9999.0 -9999.0 -9999.0 -9999.0 -9999.0 -9999.0 -9999.0 -9999.0 -9999.0 -9999.0 -9999.0 -9999.0 -9999.0 -9999.0 -9999.0 -9999.0 -9999.0 -9999.0 -9999.0 -9999.0 -9999.0 -9999.0 -9999.0 -9999.0 -9999.0 -9999.0 -9999.0 -9999.0 -9999.0 -9999.0 -9999.0 -9999.0 -9999.0 -9999.0 -9999.0 -9999.0 -9999.0 -9999.0 -9999.0 -9999.0 -9999.0
-9999.0 -9999.0 0.100000 0.100000 0.100000 0.098083 0.084639 0.071865 0.063958 0.059782 0.057955 0.057237 0.056962 0.056857 0.056818 0.056803 0.056797 0.056795 0.056794 0.056794 0.056794 0.056794 0.056794 0.056794 0.056794 0.056794 0.056794 0.056794 0.056794 0.056794 0.056794 0.056793 0.056793 0.056793 0.056793 0.056793 0.056792 0.056792 0.056791 0.056790 0.056788 0.056786 0.056784 0.056780 0.056776 0.056770 0.056764 0.056755 0.056744 0.056731 0.056715 0.056692 0.056674 0.056649 0.056619 0.056585 0.056546 0.056502 0.056453 0.056399 0.056338 0.056272 0.056200 0.056121 0.056037 0.055946 0.055848 0.055744 0.055634 0.055517 0.055393 0.055263 0.055126 0.054982 0.054831 0.054673 0.054508 0.054335 0.054155 0.053967 0.053770 0.053564 0.053350 0.053125 0.052890 0.052643 0.052384 0.052111 0.051823 0.051518 0.051193 0.050846 0.050473 0.050070 0.049629 0.049143 0.048599 0.047978 0.047252 0.046372 0.045236 0.043584 -9999.0 -9999.0
-9999.0 -9999.0 0.100000 0.100000 0.100000 0.098083 0.084639 0.071865 0.063958 0.059782 0.057955 0.057237 0.056962 0.056857 0.056818 0.056803 0.056797 0.056795 0.056794 0.056794 0.056794 0.056794 0.056794 0.056794 0.056794 0.056794 0.056794 0.056794 0.056794 0.056794 0.056794 0.056793 0.056793 0.056793 0.056793 0.056793 0.056792 0.056792 0.056791 0.056790 0.056788 0.056786 0.056784 0.056780 0.056776 0.056770 0.056764 0.056755 0.056744 0.056731 0.056715 0.056692 0.056674 0.056649 0.056619 0.056585 0.056546 0.056502 0.056453 0.056399 0.056338 0.056272 0.056200 0.056121 0.056037 0.055946 0.055848 0.055744 0.055634 0.055517 0.055393 0.055263 0.055126 0.054982 0.054831 0.054673 0.054508 0.054335 0.054155 0.053967 0.053770 0.053564 0.053350 0.053125 0.052890 0.052643 0.052384 0.052111 0.051823 0.051518 0.051193 0.050846 0.050473 0.050070 0.049629 0.049143 0.048599 0.047978 0.047252 0.046372 0.045236 0.043584 -9999.0 -9999.0
-9999.0 -9999.0 0.100000 0.100000 0.100000 0.098083 0.084639 0.071865 0.063958 0.059782 0.057955 0.057237 0.056962 0.056857 0.056818 0.056803 0.056797 0.056795 0.056794 0.056794 0.056794 0.056794 0.056794 0.056794 0.056794 0.056794 0.056794 0.056794 0.056794 0.056794 0.056794 0.056793 0.056793 0.056793 0.056793 0.056793 0.056792 0.056792 0.056791 0.056790 0.056788 0.056786 0.056784 0.056780 0.056776 0.056770 0.056764 0.056755 0.056744 0.056731 0.056715 0.056692 0.056674 0.056649 0.056619 0.056585 0.056546 0.056502 0.056453 0.056399 0.056338 0.056272 0.056200 0.056121 0.056037 0.055946 0.055848 0.055744 0.055634 0.055517 0.055393 0.055263 0.055126 0.054982 0.054831 0.054673 0.054508 0.054335 0.054155 0.053967 0.053770 0.053564 0.053350 0.053125 0.052890 0.052643 0.052384 0.052111 0.051823 0.051518 0.051193 0.050846 0.050473 0.050070 0.049629 0.049143 0.048599 0.047978 0.047252 0.046372 0.045236 0.043584 -9999.0 -9999.0
-9999.0 -9999.0 0.100000 0.100000 0.100000 0.098083 0.084639 0.071865 0.063958 0.059782 0.057955 0.057237 0.056962 0.056857 0.056818 0.056803 0.056797 0.056795 0.056794 0.056794 0.056794 0.056794 0.056794 0.056794 0.056794 0.056794 0.056794 0.056794 0.056794 0.056794 0.056794 0.056793 0.056793 0.056793 0.056793 0.056793 0.056792 0.056792 0.056791 0.056790 0.056788 0.056786 0.056784 0.056780 0.056776 0.056770 0.056764 0.056755 0.056744 0.056731 0.056715 0.056692 0.056674 0.056649 0.056619 0.056585 0.056546 0.056502 0.056453 0.056399 0.056338 0.056272 0.056200 0.056121 0.056037 0.055946 0.055848 0.055744 0.055634 0.055517 0.055393 0.055263 0.055126 0.054982 0.054831 0.054673 0.054508 0.054335 0.054155 0.053967 0.053770 0.053564 0.053350 0.053125 0.052890 0.052643 0.052384 0.052111 0.051823 0.051518 0.051193 0.050846 0.050473 0.050070 0.049629 0.049143 0.048599 0.047978 0.047252 0.046372 0.045236 0.043584 -9999.0 -9999.0
-9999.0 -9999.0 0.100000 0.100000 0.100000 0.098083 0.084639 0.071865 0.063958 0.059782 0.057955 0.057237 0.056962 0.056857 0.056818 0.056803 0.056797 0.056795 0.056794 0.056794 0.056794 0.056794 0.056794 0.056794 0.056794 0.056794 0.056794 0.056794 0.056794 0.056794 0.056794 0.056793 0.056793 0.056793 0.056793 0.056793 0.056792 0.056792 0.056791 0.056790 0.056788 0.056786 0.056784 0.056780 0.056776 0.056770 0.056764 0.056755 0.056744 0.056731 0.056715 0.056692 0.056674 0.056649 0.056619 0.056585 0.056546 0.056502 0.056453 0.056399 0.056338 0.056272 0.056200 0.056121 0.056037 0.055946 0.055848 0.055744 0.055634 0.055517 0.055393 0.055263 0.055126 0.054982 0.054831 0.054673 0.054508 0.054335 0.054155 0.053967 0.053770 0.053564 0.053350 0.053125 0.052890 0.052643 0.052384 0.052111 0.051823 0.051518 0.051193 0.050846 0.050473 0.050070 0.049629 0.049143 0.048599 0.047978 0.047252 0.046372 0.045236 0.043584 -9999.0 -9999.0
-9999.0 -9999.0 0.100000 0.100000 0.100000 0.098083 0.084639 0.071865 0.063958 0.059782 0.057955 0.057237 0.056962 0.056857 0.056818 0.056803 0.056797 0.056795 0.056794 0.056794 0.056794 0.056794 0.056794 0.056794 0.056794 0.056794 0.056794 0.056794 0.056794 0.056794 0.056794 0.056793 0.056793 0.056793 0.056793 0.056793 0.056792 0.056792 0.056791 0.056790 0.056788 0.056786 0.056784 0.056780 0.056776 0.056770 0.056764 0.056755 0.056744 0.056731 0.056715 0.056692 0.056674 0.056649 0.056619 0.056585 0.056546 0.056502 0.056453 0.056399 0.056338 0.056272 0.056200 0.056121 0.056037 0.055946 0.055848 0.055744 0.055634 0.055517 0.055393 0.055263 0.055126 0.054982 0.054831 0.054673 0.054508 0.054335 0.054155 0.053967 0.053770 0.053564 0.053350 0.053125 0.052890 0.052643 0.052384 0.052111 0.051823 0.051518 0.051193 0.050846 0.050473 0.050070 0.049629 0.049143 0.048599 0.047978 0.047252 0.046372 0.045236 0.043584 -9999.0 -9999.0
-9999.0 -9999.0 -9999.0 -9999.0 -9999.0 -9999.0 -9999.0 -9999.0 -9999.0 -9999.0 -9999.0 -9999.0 -9999.0 -9999.0 -9999.0 -9999.0 -9999.0 -9999.0 -9999.0 -9999.0 -9999.0 -9999.0 -9999.0 -9999.0 -9999.0 -9999.0 -9999.0 -9999.0 -9999.0 -9999.0 -9999.0 -9999.0 -9999.0 -9999.0 -9999.0 -9999.0 -9999.0 -9999.0 -9999.0 -9999.0 -9999.0 -9999.0 -9999.0 -9999.0 -9999.0 -9999.0 -9999.0 -9999.0 -9999.0 -9999.0 -9999.0 -9999.0 -9999.0 -9999.0 -9999.0 -9999.0 -9999.0 -9999.0 -9999.0 -9999.0 -9999.0 -9999.0 -9999.0 -9999.0 -9999.0 -9999.0 -9999.0 -9999.0 -9999.0 -9999.0 -9999.0 -9999.0 -9999.0 -9999.0 -9999.0 -9999.0 -9999.0 -9999.0 -9999.0 -9999.0 -9999.0 -9999.0 -9999.0 -9999.0 -9999.0 -9999.0 -9999.0 -9999.0 -9999.0 -9999.0 -9999.0 -9999.0 -9999.0 -9999.0 -9999.0 -9999.0 -9999.0 -9999.0 -9999.0 -9999.0 -9999.0 -9999.0 -9999.0 -9999.0
-9999.0 -9999.0 -9999.0 -9999.0 -9999.0 -9999.0 -9999.0 -9999.0 -9999.0 -9999.0 -9999.0 -9999.0 -9999.0 -9999.0 -9999.0 -9999.0 -9999.0 -9999.0 -9999.0 -9999.0 -9999.0 -9999.0 -9999.0 -9999.0 -9999.0 -9999.0 -9999.0 -9999.0 -9999.0 -9999.0 -9999.0 -9999.0 -9999.0 -9999.0 -9999.0 -9999.0 -9999.0 -9999.0 -9999.0 -9999.0 -9999.0 -9999.0 -9999.0 -9999.0 -9999.0 -9999.0 -9999.0 -9999.0 -9999.0 -9999.0 -9999.0 -9999.0 -9999.0 -9999.0 -9999.0 -9999.0 -9999.0 -9999.0 -9999.0 -9999.0 -9999.0 -9999.0 -9999.0 -9999.0 -9999.0 -9999.0 -9999.0 -9999.0 -9999.0 -9999.0 -9999.0 -9999.0 -9999.0 -9999.0 -9999.0 -9999.0 -9999.0 -9999.0 -9999.0 -9999.0 -9999.0 -9999.0 -9999.0 -9999.0 -9999.0 -9999.0 -9999.0 -9999.0 -9999.0 -9999.0 -9999.0 -9999.0 -9999.0 -9999.0 -9999.0 -9999.0 -9999.0 -9999.0 -9999.0 -9999.0 -9999.0 -9999.0 -9999.0 -9999.0