tests/3D/hillslope02_superslab/out/maps3D/thetaliqL0038N0006.asc
ncols         104
nrows         10
xllcorner     -2.000000
yllcorner     0.000000
cellsize      1.000000
NODATA_value  -9999.0
-9999.0 -9999.0 -9999.0 -9999.0 -9999.0 -9999.0 -9999.0 -9999.0 -9999.0 -9999.0 -9999.0 -9999.0 -9999.0 -9999.0 -9999.0 -9999.0 -9999.0 -9999.0 -9999.0 -9999.0 -9999.0 -9999.0 -9999.0 -9999.0 -9999.0 -9999.0 -9999.0 -9999.0 -9999.0 -9999.0 -9999.0 -9999.0 -9999.0 -9999.0 -9999.0 -9999.0 -9999.0 -9999.0 -9999.0 -9999.0 -9999.0 -9999.0 -9999.0 -9999.0 -9999.0 -9999.0 -9999.0 -9999.0 -9999.0 -9999.0 -9999.0 -9999.0 -9999.0 -9999.0 -9999.0 -9999.0 -9999.0 -9999.0 -9999.0 -9999.0 -9999.0 -9999.0 -9999.0 -9999.0 -9999.0 -9999.0 -9999.0 -9999.0 -9999.0 -9999.0 -9999.0 -9999.0 -9999.0 -9999.0 -9999.0 -9999.0 -9999.0 -9999.0 -9999.0 -9999.0 -9999.0 -9999.0 -9999.0 -9999.0 -9999.0 -9999.0 -9999.0 -9999.0 -9999.0 -9999.0 -9999.0 -9999.0 -9999.0 -9999.0 -9999.0 -9999.0 -9999.0 -9999.0 -9999.0 -9999.0 -9999.0 -9999.0 -9999.0 -9999.0
-9999.0 -9999.0 -9999.0 -9999.0 -9999.0 -9999.0 -9999.0 -9999.0 -9999.0 -9999.0 -9999.0 -9999.0 -9999.0 -9999.0 -9999.0 -9999.0 -9999.0 -9999.0 -9999.0 -9999.0 -9999.0 -9999.0 -9999.0 -9999.0 -9999.0 -9999.0 -9999.0 -9999.0 -9999.0 -9999.0 -9999.0 -9999.0 -9999.0 -9999.0 -9999.0 -9999.0 -9999.0 -9999.0 -9999.0 -9999.0 -9999.0 -9999.0 -9999.0 -9999.0 -9999.0 -9999.0 -9999.0 -9999.0 -9999.0 -9999.0 -9999.0 -9999.0 -9999.0 -9999.0 -9999.0 -9999.0 -9999.0 -9999.0 -9999.0 -9999.0 -9999.0 -9999.0 -9999.0 -9999.0 -9999.0 -9999.0 -9999.0 -9999.0 -9999.0 -9999.0 -9999.0 -9999.0 -9999.0 -9999.0 -9999.0 -9999.0 -9999.0 -9999.0 -9999.0 -9999.0 -9999.0 -9999.0 -9999.0 -9999.0 -9999.0 -9999.0 -9999.0 -9999.0 -9999.0 -9999.0 -9999.0 -9999.0 -9999.0 -9999.0 -9999.0 -9999.0 -9999.0 -9999.0 -9999.0 -9999.0 -9999.0 -9999.0 -9999.0 -9999.0
-9999.0 -9999.0 0.100000 0.100000 0.100000 0.100000 0.100000 0.100000 0.100000 0.100000 0.100000 0.100000 0.100000 0.100000 0.100000 0.100000 0.100000 0.100000 0.096665 0.082320 0.069834 0.062245 0.058292 0.056403 0.055507 0.055138 0.055049 0.055060 0.055091 0.099859 0.100000 0.100000 0.100000 0.100000 0.100000 0.100000 0.100000 0.100000 0.099824 0.090058 0.076405 0.061824 0.051835 0.046150 0.054314 0.065828 0.075385 0.080986 0.084481 0.086555 0.087686 0.088173 0.088194 0.087862 0.087249 0.086404 0.085362 0.084156 0.082808 0.081187 0.079943 0.079102 0.076988 0.071289 0.067625 0.064151 0.061517 0.059611 0.058144 0.057013 0.056164 0.055537 0.055086 0.054753 0.054507 0.054333 0.054226 0.054112 0.054019 0.053911 0.053830 0.053782 0.053785 0.053819 0.053849 0.053864 0.053861 0.053840 0.053798 0.053728 0.053615 0.053439 0.053169 0.052761 0.052157 0.051288 0.050081 0.048411 0.045023 0.032356 0.024374 0.024302 -9999.0 -9999.0
-9999.0 -9999.0 0.100000 0.100000 0.100000 0.100000 0.100000 0.100000 0.100000 0.100000 0.100000 0.100000 0.100000 0.100000 0.100000 0.100000 0.100000 0.100000 0.096665 0.082320 0.069834 0.062245 0.058292 0.056403 0.055507 0.055138 0.055049 0.055060 0.055091 0.099859 0.100000 0.100000 0.100000 0.100000 0.100000 0.100000 0.100000 0.100000 0.099824 0.090058 0.076405 0.061824 0.051835 0.046150 0.054314 0.065828 0.075385 0.080986 0.084481 0.086555 0.087686 0.088173 0.088194 0.087862 0.087249 0.086404 0.085362 0.084156 0.082808 0.081187 0.079943 0.079102 0.076988 0.071289 0.067625 0.064151 0.061517 0.059611 0.058144 0.057013 0.056164 0.055537 0.055086 0.054753 0.054507 0.054333 0.054226 0.054112 0.054019 0.053911 0.053830 0.053782 0.053785 0.053819 0.053849 0.053864 0.053861 0.053840 0.053798 0.053728 0.053615 0.053439 0.053169 0.052761 0.052157 0.051288 0.050081 0.048411 0.045023 0.032356 0.024374 0.024302 -9999.0 -9999.0
-9999.0 -9999.0 0.100000 0.100000 0.100000 0.100000 0.100000 0.100000 0.100000 0.100000 0.100000 0.100000 0.100000 0.100000 0.100000 0.100000 0.100000 0.100000 0.096665 0.082320 0.069834 0.062245 0.058292 0.056403 0.055507 0.055138 0.055049 0.055060 0.055091 0.099859 0.100000 0.100000 0.100000 0.100000 0.100000 0.100000 0.100000 0.100000 0.099824 0.090058 0.076405 0.061824 0.051835 0.046150 0.054314 0.065828 0.075385 0.080986 0.084481 0.086555 0.087686 0.088173 0.088194 0.087862 0.087249 0.086404 0.085362 0.084156 0.082808 0.081187 0.079943 0.079102 0.076988 0.071289 0.067625 0.064151 0.061517 0.059611 0.058144 0.057013 0.056164 0.055537 0.055086 0.054753 0.054507 0.054333 0.054226 0.054112 0.054019 0.053911 0.053830 0.053782 0.053785 0.053819 0.053849 0.053864 0.053861 0.053840 0.053798 0.053728 0.053615 0.053439 0.053169 0.052761 0.052157 0.051288 0.050081 0.048411 0.045023 0.032356 0.024374 0.024302 -9999.0 -9999.0
-9999.0 -9999.0 0.100000 0.100000 0.100000 0.100000 0.100000 0.100000 0.100000 0.100000 0.100000 0.100000 0.100000 0.100000 0.100000 0.100000 0.100000 0.100000 0.096665 0.082320 0.069834 0.062245 0.058292 0.056403 0.055507 0.055138 0.055049 0.055060 0.055091 0.099859 0.100000 0.100000 0.100000 0.100000 0.100000 0.100000 0.100000 0.100000 0.099824 0.090058 0.076405 0.061824 0.051835 0.046150 0.054314 0.065828 0.075385 0.080986 0.084481 0.086555 0.087686 0.088173 0.088194 0.087862 0.087249 0.086404 0.085362 0.084156 0.082808 0.081187 0.079943 0.079102 0.076988 0.071289 0.067625 0.064151 0.061517 0.059611 0.058144 0.057013 0.056164 0.055537 0.055086 0.054753 0.054507 0.054333 0.054226 0.054112 0.054019 0.053911 0.053830 0.053782 0.053785 0.053819 0.053849 0.053864 0.053861 0.053840 0.053798 0.053728 0.053615 0.053439 0.053169 0.052761 0.052157 0.051288 0.050081 0.048411 0.045023 0.032356 0.024374 0.024302 -9999.0 -9999.0
-9999.0 -9999.0 0.100000 0.100000 0.100000 0.100000 0.100000 0.100000 0.100000 0.100000 0.100000 0.100000 0.100000 0.100000 0.100000 0.100000 0.100000 0.100000 0.096665 0.082320 0.069834 0.062245 0.058292 0.056403 0.055507 0.055138 0.055049 0.055060 0.055091 0.099859 0.100000 0.100000 0.100000 0.100000 0.100000 0.100000 0.100000 0.100000 0.099824 0.090058 0.076405 0.061824 0.051835 0.046150 0.054314 0.065828 0.075385 0.080986 0.084481 0.086555 0.087686 0.088173 0.088194 0.087862 0.087249 0.086404 0.085362 0.084156 0.082808 0.081187 0.079943 0.079102 0.076988 0.071289 0.067625 0.064151 0.061517 0.059611 0.058144 0.057013 0.056164 0.055537 0.055086 0.054753 0.054507 0.054333 0.054226 0.054112 0.054019 0.053911 0.053830 0.053782 0.053785 0.053819 0.053849 0.053864 0.053861 0.053840 0.053798 0.053728 0.053615 0.053439 0.053169 0.052761 0.052157 0.051288 0.050081 0.048411 0.045023 0.032356 0.024374 0.024302 -9999.0 -9999.0
-9999.0 -9999.0 0.100000 0.100000 0.100000 0.100000 0.100000 0.100000 0.100000 0.100000 0.100000 0.100000 0.100000 0.100000 0.100000 0.100000 0.100000 0.100000 0.096665 0.082320 0.069834 0.062245 0.058292 0.056403 0.055507 0.055138 0.055049 0.055060 0.055091 0.099859 0.100000 0.100000 0.100000 0.100000 0.100000 0.100000 0.100000 0.100000 0.099824 0.090058 0.076405 0.061824 0.051835 0.046150 0.054314 0.065828 0.075385 0.080986 0.084481 0.086555 0.087686 0.088173 0.088194 0.087862 0.087249 0.086404 0.085362 0.084156 0.082808 0.081187 0.079943 0.079102 0.076988 0.071289 0.067625 0.064151 0.061517 0.059611 0.058144 0.057013 0.056164 0.055537 0.055086 0.054753 0.054507 0.054333 0.054226 0.054112 0.054019 0.053911 0.053830 0.053782 0.053785 0.053819 0.053849 0.053864 0.053861 0.053840 0.053798 0.053728 0.053615 0.053439 0.053169 0.052761 0.052157 0.051288 0.050081 0.048411 0.045023 0.032356 0.024374 0.024302 -9999.0 -9999.0
-9999.0 -9999.0 -9999.0 -9999.0 -9999.0 -9999.0 -9999.0 -9999.0 -9999.0 -9999.0 -9999.0 -9999.0 -9999.0 -9999.0 -9999.0 -9999.0 -9999.0 -9999.0 -9999.0 -9999.0 -9999.0 -9999.0 -9999.0 -9999.0 -9999.0 -9999.0 -9999.0 -9999.0 -9999.0 -9999.0 -9999.0 -9999.0 -9999.0 -9999.0 -9999.0 -9999.0 -9999.0 -9999.0 -9999.0 -9999.0 -9999.0 -9999.0 -9999.0 -9999.0 -9999.0 -9999.0 -9999.0 -9999.0 -9999.0 -9999.0 -9999.0 -9999.0 -9999.0 -9999.0 -9999.0 -9999.0 -9999.0 -9999.0 -9999.0 -9999.0 -9999.0 -9999.0 -9999.0 -9999.0 -9999.0 -9999.0 -9999.0 -9999.0 -9999.0 -9999.0 -9999.0 -9999.0 -9999.0 -9999.0 -9999.0 -9999.0 -9999.0 -9999.0 -9999.0 -9999.0 -9999.0 -9999.0 -9999.0 -9999.0 -9999.0 -9999.0 -9999.0 -9999.0 -9999.0 -9999.0 -9999.0 -9999.0 -9999.0 -9999.0 -9999.0 -9999.0 -9999.0 -9999.0 -9999.0 -9999.0 -9999.0 -9999.0 -9999.0 -9999.0
-9999.0 -9999.0 -9999.0 -9999.0 -9999.0 -9999.0 -9999.0 -9999.0 -9999.0 -9999.0 -9999.0 -9999.0 -9999.0 -9999.0 -9999.0 -9999.0 -9999.0 -9999.0 -9999.0 -9999.0 -9999.0 -9999.0 -9999.0 -9999.0 -9999.0 -9999.0 -9999.0 -9999.0 -9999.0 -9999.0 -9999.0 -9999.0 -9999.0 -9999.0 -9999.0 -9999.0 -9999.0 -9999.0 -9999.0 -9999.0 -9999.0 -9999.0 -9999.0 -9999.0 -9999.0 -9999.0 -9999.0 -9999.0 -9999.0 -9999.0 -9999.0 -9999.0 -9999.0 -9999.0 -9999.0 -9999.0 -9999.0 -9999.0 -9999.0 -9999.0 -9999.0 -9999.0 -9999.0 -9999.0 -9999.0 -9999.0 -9999.0 -9999.0 -9999.0 -9999.0 -9999.0 -9999.0 -9999.0 -9999.0 -9999.0 -9999.0 -9999.0 -9999.0 -9999.0 -9999.0 -9999.0 -9999.0 -9999.0 -9999.0 -9999.0 -9999.0 -9999.0 -9999.0 -9999.0 -9999.0 -9999.0 -9999.0 -9999.0 -9999.0 -9999.0 -9999.0 -9999.0 -9999.0 -9999.0 -9999.0 -9999.0 -9999.0 -9999.0 -9999.0