tests/3D/hillslope02_superslab/out/maps3D/thetaliqL0032N0005.asc
ncols         104
nrows         10
xllcorner     -2.000000
yllcorner     0.000000
cellsize      1.000000
NODATA_value  -9999.0
-9999.0 -9999.0 -9999.0 -9999.0 -9999.0 -9999.0 -9999.0 -9999.0 -9999.0 -9999.0 -9999.0 -9999.0 -9999.0 -9999.0 -9999.0 -9999.0 -9999.0 -9999.0 -9999.0 -9999.0 -9999.0 -9999.0 -9999.0 -9999.0 -9999.0 -9999.0 -9999.0 -9999.0 -9999.0 -9999.0 -9999.0 -9999.0 -9999.0 -9999.0 -9999.0 -9999.0 -9999.0 -9999.0 -9999.0 -9999.0 -9999.0 -9999.0 -9999.0 -9999.0 -9999.0 -9999.0 -9999.0 -9999.0 -9999.0 -9999.0 -9999.0 -9999.0 -9999.0 -9999.0 -9999.0 -9999.0 -9999.0 -9999.0 -9999.0 -9999.0 -9999.0 -9999.0 -9999.0 -9999.0 -9999.0 -9999.0 -9999.0 -9999.0 -9999.0 -9999.0 -9999.0 -9999.0 -9999.0 -9999.0 -9999.0 -9999.0 -9999.0 -9999.0 -9999.0 -9999.0 -9999.0 -9999.0 -9999.0 -9999.0 -9999.0 -9999.0 -9999.0 -9999.0 -9999.0 -9999.0 -9999.0 -9999.0 -9999.0 -9999.0 -9999.0 -9999.0 -9999.0 -9999.0 -9999.0 -9999.0 -9999.0 -9999.0 -9999.0 -9999.0
-9999.0 -9999.0 -9999.0 -9999.0 -9999.0 -9999.0 -9999.0 -9999.0 -9999.0 -9999.0 -9999.0 -9999.0 -9999.0 -9999.0 -9999.0 -9999.0 -9999.0 -9999.0 -9999.0 -9999.0 -9999.0 -9999.0 -9999.0 -9999.0 -9999.0 -9999.0 -9999.0 -9999.0 -9999.0 -9999.0 -9999.0 -9999.0 -9999.0 -9999.0 -9999.0 -9999.0 -9999.0 -9999.0 -9999.0 -9999.0 -9999.0 -9999.0 -9999.0 -9999.0 -9999.0 -9999.0 -9999.0 -9999.0 -9999.0 -9999.0 -9999.0 -9999.0 -9999.0 -9999.0 -9999.0 -9999.0 -9999.0 -9999.0 -9999.0 -9999.0 -9999.0 -9999.0 -9999.0 -9999.0 -9999.0 -9999.0 -9999.0 -9999.0 -9999.0 -9999.0 -9999.0 -9999.0 -9999.0 -9999.0 -9999.0 -9999.0 -9999.0 -9999.0 -9999.0 -9999.0 -9999.0 -9999.0 -9999.0 -9999.0 -9999.0 -9999.0 -9999.0 -9999.0 -9999.0 -9999.0 -9999.0 -9999.0 -9999.0 -9999.0 -9999.0 -9999.0 -9999.0 -9999.0 -9999.0 -9999.0 -9999.0 -9999.0 -9999.0 -9999.0
-9999.0 -9999.0 0.100000 0.100000 0.100000 0.100000 0.100000 0.100000 0.100000 0.100000 0.100000 0.100000 0.100000 0.100000 0.100000 0.100000 0.100000 0.096801 0.081533 0.068968 0.061908 0.058412 0.056788 0.056060 0.055742 0.055622 0.099904 0.100000 0.100000 0.100000 0.100000 0.100000 0.100000 0.100000 0.100000 0.100000 0.100000 0.092500 0.077859 0.065404 0.055595 0.049979 0.046521 0.039071 0.031690 0.024309 0.026336 0.058376 0.075256 0.083269 0.088406 0.091941 0.094563 0.096536 0.097916 0.098861 0.099501 0.099861 0.099994 0.100000 0.100000 0.100000 0.100000 0.100000 0.099974 0.099143 0.096920 0.093426 0.088925 0.084013 0.079000 0.074321 0.070111 0.066426 0.063378 0.060898 0.058931 0.057452 0.056364 0.055582 0.055037 0.054666 0.054413 0.054240 0.054122 0.054038 0.053971 0.053911 0.053845 0.053760 0.053641 0.053463 0.053194 0.052791 0.052193 0.051332 0.050126 0.048430 0.044841 0.031940 0.023976 0.023926 -9999.0 -9999.0
-9999.0 -9999.0 0.100000 0.100000 0.100000 0.100000 0.100000 0.100000 0.100000 0.100000 0.100000 0.100000 0.100000 0.100000 0.100000 0.100000 0.100000 0.096801 0.081533 0.068968 0.061908 0.058412 0.056788 0.056060 0.055742 0.055622 0.099904 0.100000 0.100000 0.100000 0.100000 0.100000 0.100000 0.100000 0.100000 0.100000 0.100000 0.092500 0.077859 0.065404 0.055595 0.049979 0.046521 0.039071 0.031690 0.024309 0.026336 0.058376 0.075256 0.083269 0.088406 0.091941 0.094563 0.096536 0.097916 0.098861 0.099501 0.099861 0.099994 0.100000 0.100000 0.100000 0.100000 0.100000 0.099974 0.099143 0.096920 0.093426 0.088925 0.084013 0.079000 0.074321 0.070111 0.066426 0.063378 0.060898 0.058931 0.057452 0.056364 0.055582 0.055037 0.054666 0.054413 0.054240 0.054122 0.054038 0.053971 0.053911 0.053845 0.053760 0.053641 0.053463 0.053194 0.052791 0.052193 0.051332 0.050126 0.048430 0.044841 0.031940 0.023976 0.023926 -9999.0 -9999.0
-9999.0 -9999.0 0.100000 0.100000 0.100000 0.100000 0.100000 0.100000 0.100000 0.100000 0.100000 0.100000 0.100000 0.100000 0.100000 0.100000 0.100000 0.096801 0.081533 0.068968 0.061908 0.058412 0.056788 0.056060 0.055742 0.055622 0.099904 0.100000 0.100000 0.100000 0.100000 0.100000 0.100000 0.100000 0.100000 0.100000 0.100000 0.092500 0.077859 0.065404 0.055595 0.049979 0.046521 0.039071 0.031690 0.024309 0.026336 0.058376 0.075256 0.083269 0.088406 0.091941 0.094563 0.096536 0.097916 0.098861 0.099501 0.099861 0.099994 0.100000 0.100000 0.100000 0.100000 0.100000 0.099974 0.099143 0.096920 0.093426 0.088925 0.084013 0.079000 0.074321 0.070111 0.066426 0.063378 0.060898 0.058931 0.057452 0.056364 0.055582 0.055037 0.054666 0.054413 0.054240 0.054122 0.054038 0.053971 0.053911 0.053845 0.053760 0.053641 0.053463 0.053194 0.052791 0.052193 0.051332 0.050126 0.048430 0.044841 0.031940 0.023976 0.023926 -9999.0 -9999.0
-9999.0 -9999.0 0.100000 0.100000 0.100000 0.100000 0.100000 0.100000 0.100000 0.100000 0.100000 0.100000 0.100000 0.100000 0.100000 0.100000 0.100000 0.096801 0.081533 0.068968 0.061908 0.058412 0.056788 0.056060 0.055742 0.055622 0.099904 0.100000 0.100000 0.100000 0.100000 0.100000 0.100000 0.100000 0.100000 0.100000 0.100000 0.092500 0.077859 0.065404 0.055595 0.049979 0.046521 0.039071 0.031690 0.024309 0.026336 0.058376 0.075256 0.083269 0.088406 0.091941 0.094563 0.096536 0.097916 0.098861 0.099501 0.099861 0.099994 0.100000 0.100000 0.100000 0.100000 0.100000 0.099974 0.099143 0.096920 0.093426 0.088925 0.084013 0.079000 0.074321 0.070111 0.066426 0.063378 0.060898 0.058931 0.057452 0.056364 0.055582 0.055037 0.054666 0.054413 0.054240 0.054122 0.054038 0.053971 0.053911 0.053845 0.053760 0.053641 0.053463 0.053194 0.052791 0.052193 0.051332 0.050126 0.048430 0.044841 0.031940 0.023976 0.023926 -9999.0 -9999.0
-9999.0 -9999.0 0.100000 0.100000 0.100000 0.100000 0.100000 0.100000 0.100000 0.100000 0.100000 0.100000 0.100000 0.100000 0.100000 0.100000 0.100000 0.096801 0.081533 0.068968 0.061908 0.058412 0.056788 0.056060 0.055742 0.055622 0.099904 0.100000 0.100000 0.100000 0.100000 0.100000 0.100000 0.100000 0.100000 0.100000 0.100000 0.092500 0.077859 0.065404 0.055595 0.049979 0.046521 0.039071 0.031690 0.024309 0.026336 0.058376 0.075256 0.083269 0.088406 0.091941 0.094563 0.096536 0.097916 0.098861 0.099501 0.099861 0.099994 0.100000 0.100000 0.100000 0.100000 0.100000 0.099974 0.099143 0.096920 0.093426 0.088925 0.084013 0.079000 0.074321 0.070111 0.066426 0.063378 0.060898 0.058931 0.057452 0.056364 0.055582 0.055037 0.054666 0.054413 0.054240 0.054122 0.054038 0.053971 0.053911 0.053845 0.053760 0.053641 0.053463 0.053194 0.052791 0.052193 0.051332 0.050126 0.048430 0.044841 0.031940 0.023976 0.023926 -9999.0 -9999.0
-9999.0 -9999.0 0.100000 0.100000 0.100000 0.100000 0.100000 0.100000 0.100000 0.100000 0.100000 0.100000 0.100000 0.100000 0.100000 0.100000 0.100000 0.096801 0.081533 0.068968 0.061908 0.058412 0.056788 0.056060 0.055742 0.055622 0.099904 0.100000 0.100000 0.100000 0.100000 0.100000 0.100000 0.100000 0.100000 0.100000 0.100000 0.092500 0.077859 0.065404 0.055595 0.049979 0.046521 0.039071 0.031690 0.024309 0.026336 0.058376 0.075256 0.083269 0.088406 0.091941 0.094563 0.096536 0.097916 0.098861 0.099501 0.099861 0.099994 0.100000 0.100000 0.100000 0.100000 0.100000 0.099974 0.099143 0.096920 0.093426 0.088925 0.084013 0.079000 0.074321 0.070111 0.066426 0.063378 0.060898 0.058931 0.057452 0.056364 0.055582 0.055037 0.054666 0.054413 0.054240 0.054122 0.054038 0.053971 0.053911 0.053845 0.053760 0.053641 0.053463 0.053194 0.052791 0.052193 0.051332 0.050126 0.048430 0.044841 0.031940 0.023976 0.023926 -9999.0 -9999.0
-9999.0 -9999.0 -9999.0 -9999.0 -9999.0 -9999.0 -9999.0 -9999.0 -9999.0 -9999.0 -9999.0 -9999.0 -9999.0 -9999.0 -9999.0 -9999.0 -9999.0 -9999.0 -9999.0 -9999.0 -9999.0 -9999.0 -9999.0 -9999.0 -9999.0 -9999.0 -9999.0 -9999.0 -9999.0 -9999.0 -9999.0 -9999.0 -9999.0 -9999.0 -9999.0 -9999.0 -9999.0 -9999.0 -9999.0 -9999.0 -9999.0 -9999.0 -9999.0 -9999.0 -9999.0 -9999.0 -9999.0 -9999.0 -9999.0 -9999.0 -9999.0 -9999.0 -9999.0 -9999.0 -9999.0 -9999.0 -9999.0 -9999.0 -9999.0 -9999.0 -9999.0 -9999.0 -9999.0 -9999.0 -9999.0 -9999.0 -9999.0 -9999.0 -9999.0 -9999.0 -9999.0 -9999.0 -9999.0 -9999.0 -9999.0 -9999.0 -9999.0 -9999.0 -9999.0 -9999.0 -9999.0 -9999.0 -9999.0 -9999.0 -9999.0 -9999.0 -9999.0 -9999.0 -9999.0 -9999.0 -9999.0 -9999.0 -9999.0 -9999.0 -9999.0 -9999.0 -9999.0 -9999.0 -9999.0 -9999.0 -9999.0 -9999.0 -9999.0 -9999.0
-9999.0 -9999.0 -9999.0 -9999.0 -9999.0 -9999.0 -9999.0 -9999.0 -9999.0 -9999.0 -9999.0 -9999.0 -9999.0 -9999.0 -9999.0 -9999.0 -9999.0 -9999.0 -9999.0 -9999.0 -9999.0 -9999.0 -9999.0 -9999.0 -9999.0 -9999.0 -9999.0 -9999.0 -9999.0 -9999.0 -9999.0 -9999.0 -9999.0 -9999.0 -9999.0 -9999.0 -9999.0 -9999.0 -9999.0 -9999.0 -9999.0 -9999.0 -9999.0 -9999.0 -9999.0 -9999.0 -9999.0 -9999.0 -9999.0 -9999.0 -9999.0 -9999.0 -9999.0 -9999.0 -9999.0 -9999.0 -9999.0 -9999.0 -9999.0 -9999.0 -9999.0 -9999.0 -9999.0 -9999.0 -9999.0 -9999.0 -9999.0 -9999.0 -9999.0 -9999.0 -9999.0 -9999.0 -9999.0 -9999.0 -9999.0 -9999.0 -9999.0 -9999.0 -9999.0 -9999.0 -9999.0 -9999.0 -9999.0 -9999.0 -9999.0 -9999.0 -9999.0 -9999.0 -9999.0 -9999.0 -9999.0 -9999.0 -9999.0 -9999.0 -9999.0 -9999.0 -9999.0 -9999.0 -9999.0 -9999.0 -9999.0 -9999.0 -9999.0 -9999.0