tests/3D/hillslope02_superslab/out/maps3D/thetaliqL0022N0006.asc
ncols         104
nrows         10
xllcorner     -2.000000
yllcorner     0.000000
cellsize      1.000000
NODATA_value  -9999.0
-9999.0 -9999.0 -9999.0 -9999.0 -9999.0 -9999.0 -9999.0 -9999.0 -9999.0 -9999.0 -9999.0 -9999.0 -9999.0 -9999.0 -9999.0 -9999.0 -9999.0 -9999.0 -9999.0 -9999.0 -9999.0 -9999.0 -9999.0 -9999.0 -9999.0 -9999.0 -9999.0 -9999.0 -9999.0 -9999.0 -9999.0 -9999.0 -9999.0 -9999.0 -9999.0 -9999.0 -9999.0 -9999.0 -9999.0 -9999.0 -9999.0 -9999.0 -9999.0 -9999.0 -9999.0 -9999.0 -9999.0 -9999.0 -9999.0 -9999.0 -9999.0 -9999.0 -9999.0 -9999.0 -9999.0 -9999.0 -9999.0 -9999.0 -9999.0 -9999.0 -9999.0 -9999.0 -9999.0 -9999.0 -9999.0 -9999.0 -9999.0 -9999.0 -9999.0 -9999.0 -9999.0 -9999.0 -9999.0 -9999.0 -9999.0 -9999.0 -9999.0 -9999.0 -9999.0 -9999.0 -9999.0 -9999.0 -9999.0 -9999.0 -9999.0 -9999.0 -9999.0 -9999.0 -9999.0 -9999.0 -9999.0 -9999.0 -9999.0 -9999.0 -9999.0 -9999.0 -9999.0 -9999.0 -9999.0 -9999.0 -9999.0 -9999.0 -9999.0 -9999.0
-9999.0 -9999.0 -9999.0 -9999.0 -9999.0 -9999.0 -9999.0 -9999.0 -9999.0 -9999.0 -9999.0 -9999.0 -9999.0 -9999.0 -9999.0 -9999.0 -9999.0 -9999.0 -9999.0 -9999.0 -9999.0 -9999.0 -9999.0 -9999.0 -9999.0 -9999.0 -9999.0 -9999.0 -9999.0 -9999.0 -9999.0 -9999.0 -9999.0 -9999.0 -9999.0 -9999.0 -9999.0 -9999.0 -9999.0 -9999.0 -9999.0 -9999.0 -9999.0 -9999.0 -9999.0 -9999.0 -9999.0 -9999.0 -9999.0 -9999.0 -9999.0 -9999.0 -9999.0 -9999.0 -9999.0 -9999.0 -9999.0 -9999.0 -9999.0 -9999.0 -9999.0 -9999.0 -9999.0 -9999.0 -9999.0 -9999.0 -9999.0 -9999.0 -9999.0 -9999.0 -9999.0 -9999.0 -9999.0 -9999.0 -9999.0 -9999.0 -9999.0 -9999.0 -9999.0 -9999.0 -9999.0 -9999.0 -9999.0 -9999.0 -9999.0 -9999.0 -9999.0 -9999.0 -9999.0 -9999.0 -9999.0 -9999.0 -9999.0 -9999.0 -9999.0 -9999.0 -9999.0 -9999.0 -9999.0 -9999.0 -9999.0 -9999.0 -9999.0 -9999.0
-9999.0 -9999.0 0.100000 0.100000 0.100000 0.100000 0.100000 0.100000 0.100000 0.100000 0.098275 0.081007 0.066068 0.057918 0.054162 0.053177 0.053154 0.053424 0.053751 0.054059 0.054325 0.099772 0.100000 0.100000 0.100000 0.100000 0.100000 0.100000 0.100000 0.100000 0.093364 0.077554 0.065976 0.059697 0.056800 0.055715 0.055632 0.055789 0.051442 0.049898 0.071381 0.098169 0.039202 0.034584 0.034583 0.034583 0.034583 0.034583 0.034583 0.034583 0.034583 0.034585 0.034590 0.034600 0.034625 0.034694 0.034894 0.035446 0.036745 0.039191 0.042896 0.052577 0.044558 0.050622 0.055340 0.055310 0.054839 0.054499 0.054283 0.054148 0.054065 0.054014 0.053982 0.053963 0.053952 0.053946 0.053944 0.053941 0.053939 0.053935 0.053930 0.053926 0.053922 0.053917 0.053909 0.053898 0.053881 0.053853 0.053809 0.053740 0.053633 0.053466 0.053209 0.052818 0.052236 0.051392 0.050213 0.048646 0.046663 0.044060 0.039369 0.030333 -9999.0 -9999.0
-9999.0 -9999.0 0.100000 0.100000 0.100000 0.100000 0.100000 0.100000 0.100000 0.100000 0.098275 0.081007 0.066068 0.057918 0.054162 0.053177 0.053154 0.053424 0.053751 0.054059 0.054325 0.099772 0.100000 0.100000 0.100000 0.100000 0.100000 0.100000 0.100000 0.100000 0.093364 0.077554 0.065976 0.059697 0.056800 0.055715 0.055632 0.055789 0.051442 0.049898 0.071381 0.098169 0.039202 0.034584 0.034583 0.034583 0.034583 0.034583 0.034583 0.034583 0.034583 0.034585 0.034590 0.034600 0.034625 0.034694 0.034894 0.035446 0.036745 0.039191 0.042896 0.052577 0.044558 0.050622 0.055340 0.055310 0.054839 0.054499 0.054283 0.054148 0.054065 0.054014 0.053982 0.053963 0.053952 0.053946 0.053944 0.053941 0.053939 0.053935 0.053930 0.053926 0.053922 0.053917 0.053909 0.053898 0.053881 0.053853 0.053809 0.053740 0.053633 0.053466 0.053209 0.052818 0.052236 0.051392 0.050213 0.048646 0.046663 0.044060 0.039369 0.030333 -9999.0 -9999.0
-9999.0 -9999.0 0.100000 0.100000 0.100000 0.100000 0.100000 0.100000 0.100000 0.100000 0.098275 0.081007 0.066068 0.057918 0.054162 0.053177 0.053154 0.053424 0.053751 0.054059 0.054325 0.099772 0.100000 0.100000 0.100000 0.100000 0.100000 0.100000 0.100000 0.100000 0.093364 0.077554 0.065976 0.059697 0.056800 0.055715 0.055632 0.055789 0.051442 0.049898 0.071381 0.098169 0.039202 0.034584 0.034583 0.034583 0.034583 0.034583 0.034583 0.034583 0.034583 0.034585 0.034590 0.034600 0.034625 0.034694 0.034894 0.035446 0.036745 0.039191 0.042896 0.052577 0.044558 0.050622 0.055340 0.055310 0.054839 0.054499 0.054283 0.054148 0.054065 0.054014 0.053982 0.053963 0.053952 0.053946 0.053944 0.053941 0.053939 0.053935 0.053930 0.053926 0.053922 0.053917 0.053909 0.053898 0.053881 0.053853 0.053809 0.053740 0.053633 0.053466 0.053209 0.052818 0.052236 0.051392 0.050213 0.048646 0.046663 0.044060 0.039369 0.030333 -9999.0 -9999.0
-9999.0 -9999.0 0.100000 0.100000 0.100000 0.100000 0.100000 0.100000 0.100000 0.100000 0.098275 0.081007 0.066068 0.057918 0.054162 0.053177 0.053154 0.053424 0.053751 0.054059 0.054325 0.099772 0.100000 0.100000 0.100000 0.100000 0.100000 0.100000 0.100000 0.100000 0.093364 0.077554 0.065976 0.059697 0.056800 0.055715 0.055632 0.055789 0.051442 0.049898 0.071381 0.098169 0.039202 0.034584 0.034583 0.034583 0.034583 0.034583 0.034583 0.034583 0.034583 0.034585 0.034590 0.034600 0.034625 0.034694 0.034894 0.035446 0.036745 0.039191 0.042896 0.052577 0.044558 0.050622 0.055340 0.055310 0.054839 0.054499 0.054283 0.054148 0.054065 0.054014 0.053982 0.053963 0.053952 0.053946 0.053944 0.053941 0.053939 0.053935 0.053930 0.053926 0.053922 0.053917 0.053909 0.053898 0.053881 0.053853 0.053809 0.053740 0.053633 0.053466 0.053209 0.052818 0.052236 0.051392 0.050213 0.048646 0.046663 0.044060 0.039369 0.030333 -9999.0 -9999.0
-9999.0 -9999.0 0.100000 0.100000 0.100000 0.100000 0.100000 0.100000 0.100000 0.100000 0.098275 0.081007 0.066068 0.057918 0.054162 0.053177 0.053154 0.053424 0.053751 0.054059 0.054325 0.099772 0.100000 0.100000 0.100000 0.100000 0.100000 0.100000 0.100000 0.100000 0.093364 0.077554 0.065976 0.059697 0.056800 0.055715 0.055632 0.055789 0.051442 0.049898 0.071381 0.098169 0.039202 0.034584 0.034583 0.034583 0.034583 0.034583 0.034583 0.034583 0.034583 0.034585 0.034590 0.034600 0.034625 0.034694 0.034894 0.035446 0.036745 0.039191 0.042896 0.052577 0.044558 0.050622 0.055340 0.055310 0.054839 0.054499 0.054283 0.054148 0.054065 0.054014 0.053982 0.053963 0.053952 0.053946 0.053944 0.053941 0.053939 0.053935 0.053930 0.053926 0.053922 0.053917 0.053909 0.053898 0.053881 0.053853 0.053809 0.053740 0.053633 0.053466 0.053209 0.052818 0.052236 0.051392 0.050213 0.048646 0.046663 0.044060 0.039369 0.030333 -9999.0 -9999.0
-9999.0 -9999.0 0.100000 0.100000 0.100000 0.100000 0.100000 0.100000 0.100000 0.100000 0.098275 0.081007 0.066068 0.057918 0.054162 0.053177 0.053154 0.053424 0.053751 0.054059 0.054325 0.099772 0.100000 0.100000 0.100000 0.100000 0.100000 0.100000 0.100000 0.100000 0.093364 0.077554 0.065976 0.059697 0.056800 0.055715 0.055632 0.055789 0.051442 0.049898 0.071381 0.098169 0.039202 0.034584 0.034583 0.034583 0.034583 0.034583 0.034583 0.034583 0.034583 0.034585 0.034590 0.034600 0.034625 0.034694 0.034894 0.035446 0.036745 0.039191 0.042896 0.052577 0.044558 0.050622 0.055340 0.055310 0.054839 0.054499 0.054283 0.054148 0.054065 0.054014 0.053982 0.053963 0.053952 0.053946 0.053944 0.053941 0.053939 0.053935 0.053930 0.053926 0.053922 0.053917 0.053909 0.053898 0.053881 0.053853 0.053809 0.053740 0.053633 0.053466 0.053209 0.052818 0.052236 0.051392 0.050213 0.048646 0.046663 0.044060 0.039369 0.030333 -9999.0 -9999.0
-9999.0 -9999.0 -9999.0 -9999.0 -9999.0 -9999.0 -9999.0 -9999.0 -9999.0 -9999.0 -9999.0 -9999.0 -9999.0 -9999.0 -9999.0 -9999.0 -9999.0 -9999.0 -9999.0 -9999.0 -9999.0 -9999.0 -9999.0 -9999.0 -9999.0 -9999.0 -9999.0 -9999.0 -9999.0 -9999.0 -9999.0 -9999.0 -9999.0 -9999.0 -9999.0 -9999.0 -9999.0 -9999.0 -9999.0 -9999.0 -9999.0 -9999.0 -9999.0 -9999.0 -9999.0 -9999.0 -9999.0 -9999.0 -9999.0 -9999.0 -9999.0 -9999.0 -9999.0 -9999.0 -9999.0 -9999.0 -9999.0 -9999.0 -9999.0 -9999.0 -9999.0 -9999.0 -9999.0 -9999.0 -9999.0 -9999.0 -9999.0 -9999.0 -9999.0 -9999.0 -9999.0 -9999.0 -9999.0 -9999.0 -9999.0 -9999.0 -9999.0 -9999.0 -9999.0 -9999.0 -9999.0 -9999.0 -9999.0 -9999.0 -9999.0 -9999.0 -9999.0 -9999.0 -9999.0 -9999.0 -9999.0 -9999.0 -9999.0 -9999.0 -9999.0 -9999.0 -9999.0 -9999.0 -9999.0 -9999.0 -9999.0 -9999.0 -9999.0 -9999.0
-9999.0 -9999.0 -9999.0 -9999.0 -9999.0 -9999.0 -9999.0 -9999.0 -9999.0 -9999.0 -9999.0 -9999.0 -9999.0 -9999.0 -9999.0 -9999.0 -9999.0 -9999.0 -9999.0 -9999.0 -9999.0 -9999.0 -9999.0 -9999.0 -9999.0 -9999.0 -9999.0 -9999.0 -9999.0 -9999.0 -9999.0 -9999.0 -9999.0 -9999.0 -9999.0 -9999.0 -9999.0 -9999.0 -9999.0 -9999.0 -9999.0 -9999.0 -9999.0 -9999.0 -9999.0 -9999.0 -9999.0 -9999.0 -9999.0 -9999.0 -9999.0 -9999.0 -9999.0 -9999.0 -9999.0 -9999.0 -9999.0 -9999.0 -9999.0 -9999.0 -9999.0 -9999.0 -9999.0 -9999.0 -9999.0 -9999.0 -9999.0 -9999.0 -9999.0 -9999.0 -9999.0 -9999.0 -9999.0 -9999.0 -9999.0 -9999.0 -9999.0 -9999.0 -9999.0 -9999.0 -9999.0 -9999.0 -9999.0 -9999.0 -9999.0 -9999.0 -9999.0 -9999.0 -9999.0 -9999.0 -9999.0 -9999.0 -9999.0 -9999.0 -9999.0 -9999.0 -9999.0 -9999.0 -9999.0 -9999.0 -9999.0 -9999.0 -9999.0 -9999.0