tests/3D/hillslope02_superslab/out/maps3D/thetaliqL0029N0006.asc
ncols         104
nrows         10
xllcorner     -2.000000
yllcorner     0.000000
cellsize      1.000000
NODATA_value  -9999.0
-9999.0 -9999.0 -9999.0 -9999.0 -9999.0 -9999.0 -9999.0 -9999.0 -9999.0 -9999.0 -9999.0 -9999.0 -9999.0 -9999.0 -9999.0 -9999.0 -9999.0 -9999.0 -9999.0 -9999.0 -9999.0 -9999.0 -9999.0 -9999.0 -9999.0 -9999.0 -9999.0 -9999.0 -9999.0 -9999.0 -9999.0 -9999.0 -9999.0 -9999.0 -9999.0 -9999.0 -9999.0 -9999.0 -9999.0 -9999.0 -9999.0 -9999.0 -9999.0 -9999.0 -9999.0 -9999.0 -9999.0 -9999.0 -9999.0 -9999.0 -9999.0 -9999.0 -9999.0 -9999.0 -9999.0 -9999.0 -9999.0 -9999.0 -9999.0 -9999.0 -9999.0 -9999.0 -9999.0 -9999.0 -9999.0 -9999.0 -9999.0 -9999.0 -9999.0 -9999.0 -9999.0 -9999.0 -9999.0 -9999.0 -9999.0 -9999.0 -9999.0 -9999.0 -9999.0 -9999.0 -9999.0 -9999.0 -9999.0 -9999.0 -9999.0 -9999.0 -9999.0 -9999.0 -9999.0 -9999.0 -9999.0 -9999.0 -9999.0 -9999.0 -9999.0 -9999.0 -9999.0 -9999.0 -9999.0 -9999.0 -9999.0 -9999.0 -9999.0 -9999.0
-9999.0 -9999.0 -9999.0 -9999.0 -9999.0 -9999.0 -9999.0 -9999.0 -9999.0 -9999.0 -9999.0 -9999.0 -9999.0 -9999.0 -9999.0 -9999.0 -9999.0 -9999.0 -9999.0 -9999.0 -9999.0 -9999.0 -9999.0 -9999.0 -9999.0 -9999.0 -9999.0 -9999.0 -9999.0 -9999.0 -9999.0 -9999.0 -9999.0 -9999.0 -9999.0 -9999.0 -9999.0 -9999.0 -9999.0 -9999.0 -9999.0 -9999.0 -9999.0 -9999.0 -9999.0 -9999.0 -9999.0 -9999.0 -9999.0 -9999.0 -9999.0 -9999.0 -9999.0 -9999.0 -9999.0 -9999.0 -9999.0 -9999.0 -9999.0 -9999.0 -9999.0 -9999.0 -9999.0 -9999.0 -9999.0 -9999.0 -9999.0 -9999.0 -9999.0 -9999.0 -9999.0 -9999.0 -9999.0 -9999.0 -9999.0 -9999.0 -9999.0 -9999.0 -9999.0 -9999.0 -9999.0 -9999.0 -9999.0 -9999.0 -9999.0 -9999.0 -9999.0 -9999.0 -9999.0 -9999.0 -9999.0 -9999.0 -9999.0 -9999.0 -9999.0 -9999.0 -9999.0 -9999.0 -9999.0 -9999.0 -9999.0 -9999.0 -9999.0 -9999.0
-9999.0 -9999.0 0.100000 0.100000 0.100000 0.100000 0.100000 0.100000 0.100000 0.100000 0.100000 0.100000 0.100000 0.099886 0.087028 0.071061 0.061402 0.056835 0.055098 0.054626 0.054599 0.054694 0.054801 0.054888 0.099337 0.099986 0.100000 0.100000 0.100000 0.100000 0.100000 0.100000 0.100000 0.099911 0.088724 0.073728 0.064383 0.060893 0.060510 0.050693 0.046889 0.048466 0.042960 0.035447 0.030169 0.035268 0.039838 0.042846 0.044126 0.044762 0.045131 0.045350 0.045442 0.045449 0.045398 0.045304 0.045177 0.045015 0.044833 0.044648 0.045363 0.048374 0.045191 0.047650 0.054765 0.055231 0.054810 0.054500 0.054301 0.054180 0.054104 0.054058 0.054028 0.054010 0.053999 0.053990 0.053989 0.053980 0.053970 0.053953 0.053937 0.053924 0.053916 0.053912 0.053906 0.053895 0.053878 0.053850 0.053805 0.053735 0.053625 0.053454 0.053192 0.052793 0.052201 0.051346 0.050158 0.048575 0.046470 0.042403 0.031089 0.023825 -9999.0 -9999.0
-9999.0 -9999.0 0.100000 0.100000 0.100000 0.100000 0.100000 0.100000 0.100000 0.100000 0.100000 0.100000 0.100000 0.099886 0.087028 0.071061 0.061402 0.056835 0.055098 0.054626 0.054599 0.054694 0.054801 0.054888 0.099337 0.099986 0.100000 0.100000 0.100000 0.100000 0.100000 0.100000 0.100000 0.099911 0.088724 0.073728 0.064383 0.060893 0.060510 0.050693 0.046889 0.048466 0.042960 0.035447 0.030169 0.035268 0.039838 0.042846 0.044126 0.044762 0.045131 0.045350 0.045442 0.045449 0.045398 0.045304 0.045177 0.045015 0.044833 0.044648 0.045363 0.048374 0.045191 0.047650 0.054765 0.055231 0.054810 0.054500 0.054301 0.054180 0.054104 0.054058 0.054028 0.054010 0.053999 0.053990 0.053989 0.053980 0.053970 0.053953 0.053937 0.053924 0.053916 0.053912 0.053906 0.053895 0.053878 0.053850 0.053805 0.053735 0.053625 0.053454 0.053192 0.052793 0.052201 0.051346 0.050158 0.048575 0.046470 0.042403 0.031089 0.023825 -9999.0 -9999.0
-9999.0 -9999.0 0.100000 0.100000 0.100000 0.100000 0.100000 0.100000 0.100000 0.100000 0.100000 0.100000 0.100000 0.099886 0.087028 0.071061 0.061402 0.056835 0.055098 0.054626 0.054599 0.054694 0.054801 0.054888 0.099337 0.099986 0.100000 0.100000 0.100000 0.100000 0.100000 0.100000 0.100000 0.099911 0.088724 0.073728 0.064383 0.060893 0.060510 0.050693 0.046889 0.048466 0.042960 0.035447 0.030169 0.035268 0.039838 0.042846 0.044126 0.044762 0.045131 0.045350 0.045442 0.045449 0.045398 0.045304 0.045177 0.045015 0.044833 0.044648 0.045363 0.048374 0.045191 0.047650 0.054765 0.055231 0.054810 0.054500 0.054301 0.054180 0.054104 0.054058 0.054028 0.054010 0.053999 0.053990 0.053989 0.053980 0.053970 0.053953 0.053937 0.053924 0.053916 0.053912 0.053906 0.053895 0.053878 0.053850 0.053805 0.053735 0.053625 0.053454 0.053192 0.052793 0.052201 0.051346 0.050158 0.048575 0.046470 0.042403 0.031089 0.023825 -9999.0 -9999.0
-9999.0 -9999.0 0.100000 0.100000 0.100000 0.100000 0.100000 0.100000 0.100000 0.100000 0.100000 0.100000 0.100000 0.099886 0.087028 0.071061 0.061402 0.056835 0.055098 0.054626 0.054599 0.054694 0.054801 0.054888 0.099337 0.099986 0.100000 0.100000 0.100000 0.100000 0.100000 0.100000 0.100000 0.099911 0.088724 0.073728 0.064383 0.060893 0.060510 0.050693 0.046889 0.048466 0.042960 0.035447 0.030169 0.035268 0.039838 0.042846 0.044126 0.044762 0.045131 0.045350 0.045442 0.045449 0.045398 0.045304 0.045177 0.045015 0.044833 0.044648 0.045363 0.048374 0.045191 0.047650 0.054765 0.055231 0.054810 0.054500 0.054301 0.054180 0.054104 0.054058 0.054028 0.054010 0.053999 0.053990 0.053989 0.053980 0.053970 0.053953 0.053937 0.053924 0.053916 0.053912 0.053906 0.053895 0.053878 0.053850 0.053805 0.053735 0.053625 0.053454 0.053192 0.052793 0.052201 0.051346 0.050158 0.048575 0.046470 0.042403 0.031089 0.023825 -9999.0 -9999.0
-9999.0 -9999.0 0.100000 0.100000 0.100000 0.100000 0.100000 0.100000 0.100000 0.100000 0.100000 0.100000 0.100000 0.099886 0.087028 0.071061 0.061402 0.056835 0.055098 0.054626 0.054599 0.054694 0.054801 0.054888 0.099337 0.099986 0.100000 0.100000 0.100000 0.100000 0.100000 0.100000 0.100000 0.099911 0.088724 0.073728 0.064383 0.060893 0.060510 0.050693 0.046889 0.048466 0.042960 0.035447 0.030169 0.035268 0.039838 0.042846 0.044126 0.044762 0.045131 0.045350 0.045442 0.045449 0.045398 0.045304 0.045177 0.045015 0.044833 0.044648 0.045363 0.048374 0.045191 0.047650 0.054765 0.055231 0.054810 0.054500 0.054301 0.054180 0.054104 0.054058 0.054028 0.054010 0.053999 0.053990 0.053989 0.053980 0.053970 0.053953 0.053937 0.053924 0.053916 0.053912 0.053906 0.053895 0.053878 0.053850 0.053805 0.053735 0.053625 0.053454 0.053192 0.052793 0.052201 0.051346 0.050158 0.048575 0.046470 0.042403 0.031089 0.023825 -9999.0 -9999.0
-9999.0 -9999.0 0.100000 0.100000 0.100000 0.100000 0.100000 0.100000 0.100000 0.100000 0.100000 0.100000 0.100000 0.099886 0.087028 0.071061 0.061402 0.056835 0.055098 0.054626 0.054599 0.054694 0.054801 0.054888 0.099337 0.099986 0.100000 0.100000 0.100000 0.100000 0.100000 0.100000 0.100000 0.099911 0.088724 0.073728 0.064383 0.060893 0.060510 0.050693 0.046889 0.048466 0.042960 0.035447 0.030169 0.035268 0.039838 0.042846 0.044126 0.044762 0.045131 0.045350 0.045442 0.045449 0.045398 0.045304 0.045177 0.045015 0.044833 0.044648 0.045363 0.048374 0.045191 0.047650 0.054765 0.055231 0.054810 0.054500 0.054301 0.054180 0.054104 0.054058 0.054028 0.054010 0.053999 0.053990 0.053989 0.053980 0.053970 0.053953 0.053937 0.053924 0.053916 0.053912 0.053906 0.053895 0.053878 0.053850 0.053805 0.053735 0.053625 0.053454 0.053192 0.052793 0.052201 0.051346 0.050158 0.048575 0.046470 0.042403 0.031089 0.023825 -9999.0 -9999.0
-9999.0 -9999.0 -9999.0 -9999.0 -9999.0 -9999.0 -9999.0 -9999.0 -9999.0 -9999.0 -9999.0 -9999.0 -9999.0 -9999.0 -9999.0 -9999.0 -9999.0 -9999.0 -9999.0 -9999.0 -9999.0 -9999.0 -9999.0 -9999.0 -9999.0 -9999.0 -9999.0 -9999.0 -9999.0 -9999.0 -9999.0 -9999.0 -9999.0 -9999.0 -9999.0 -9999.0 -9999.0 -9999.0 -9999.0 -9999.0 -9999.0 -9999.0 -9999.0 -9999.0 -9999.0 -9999.0 -9999.0 -9999.0 -9999.0 -9999.0 -9999.0 -9999.0 -9999.0 -9999.0 -9999.0 -9999.0 -9999.0 -9999.0 -9999.0 -9999.0 -9999.0 -9999.0 -9999.0 -9999.0 -9999.0 -9999.0 -9999.0 -9999.0 -9999.0 -9999.0 -9999.0 -9999.0 -9999.0 -9999.0 -9999.0 -9999.0 -9999.0 -9999.0 -9999.0 -9999.0 -9999.0 -9999.0 -9999.0 -9999.0 -9999.0 -9999.0 -9999.0 -9999.0 -9999.0 -9999.0 -9999.0 -9999.0 -9999.0 -9999.0 -9999.0 -9999.0 -9999.0 -9999.0 -9999.0 -9999.0 -9999.0 -9999.0 -9999.0 -9999.0
-9999.0 -9999.0 -9999.0 -9999.0 -9999.0 -9999.0 -9999.0 -9999.0 -9999.0 -9999.0 -9999.0 -9999.0 -9999.0 -9999.0 -9999.0 -9999.0 -9999.0 -9999.0 -9999.0 -9999.0 -9999.0 -9999.0 -9999.0 -9999.0 -9999.0 -9999.0 -9999.0 -9999.0 -9999.0 -9999.0 -9999.0 -9999.0 -9999.0 -9999.0 -9999.0 -9999.0 -9999.0 -9999.0 -9999.0 -9999.0 -9999.0 -9999.0 -9999.0 -9999.0 -9999.0 -9999.0 -9999.0 -9999.0 -9999.0 -9999.0 -9999.0 -9999.0 -9999.0 -9999.0 -9999.0 -9999.0 -9999.0 -9999.0 -9999.0 -9999.0 -9999.0 -9999.0 -9999.0 -9999.0 -9999.0 -9999.0 -9999.0 -9999.0 -9999.0 -9999.0 -9999.0 -9999.0 -9999.0 -9999.0 -9999.0 -9999.0 -9999.0 -9999.0 -9999.0 -9999.0 -9999.0 -9999.0 -9999.0 -9999.0 -9999.0 -9999.0 -9999.0 -9999.0 -9999.0 -9999.0 -9999.0 -9999.0 -9999.0 -9999.0 -9999.0 -9999.0 -9999.0 -9999.0 -9999.0 -9999.0 -9999.0 -9999.0 -9999.0 -9999.0