tests/3D/hillslope02_superslab/out/maps3D/thetaliqL0018N0005.asc
ncols         104
nrows         10
xllcorner     -2.000000
yllcorner     0.000000
cellsize      1.000000
NODATA_value  -9999.0
-9999.0 -9999.0 -9999.0 -9999.0 -9999.0 -9999.0 -9999.0 -9999.0 -9999.0 -9999.0 -9999.0 -9999.0 -9999.0 -9999.0 -9999.0 -9999.0 -9999.0 -9999.0 -9999.0 -9999.0 -9999.0 -9999.0 -9999.0 -9999.0 -9999.0 -9999.0 -9999.0 -9999.0 -9999.0 -9999.0 -9999.0 -9999.0 -9999.0 -9999.0 -9999.0 -9999.0 -9999.0 -9999.0 -9999.0 -9999.0 -9999.0 -9999.0 -9999.0 -9999.0 -9999.0 -9999.0 -9999.0 -9999.0 -9999.0 -9999.0 -9999.0 -9999.0 -9999.0 -9999.0 -9999.0 -9999.0 -9999.0 -9999.0 -9999.0 -9999.0 -9999.0 -9999.0 -9999.0 -9999.0 -9999.0 -9999.0 -9999.0 -9999.0 -9999.0 -9999.0 -9999.0 -9999.0 -9999.0 -9999.0 -9999.0 -9999.0 -9999.0 -9999.0 -9999.0 -9999.0 -9999.0 -9999.0 -9999.0 -9999.0 -9999.0 -9999.0 -9999.0 -9999.0 -9999.0 -9999.0 -9999.0 -9999.0 -9999.0 -9999.0 -9999.0 -9999.0 -9999.0 -9999.0 -9999.0 -9999.0 -9999.0 -9999.0 -9999.0 -9999.0
-9999.0 -9999.0 -9999.0 -9999.0 -9999.0 -9999.0 -9999.0 -9999.0 -9999.0 -9999.0 -9999.0 -9999.0 -9999.0 -9999.0 -9999.0 -9999.0 -9999.0 -9999.0 -9999.0 -9999.0 -9999.0 -9999.0 -9999.0 -9999.0 -9999.0 -9999.0 -9999.0 -9999.0 -9999.0 -9999.0 -9999.0 -9999.0 -9999.0 -9999.0 -9999.0 -9999.0 -9999.0 -9999.0 -9999.0 -9999.0 -9999.0 -9999.0 -9999.0 -9999.0 -9999.0 -9999.0 -9999.0 -9999.0 -9999.0 -9999.0 -9999.0 -9999.0 -9999.0 -9999.0 -9999.0 -9999.0 -9999.0 -9999.0 -9999.0 -9999.0 -9999.0 -9999.0 -9999.0 -9999.0 -9999.0 -9999.0 -9999.0 -9999.0 -9999.0 -9999.0 -9999.0 -9999.0 -9999.0 -9999.0 -9999.0 -9999.0 -9999.0 -9999.0 -9999.0 -9999.0 -9999.0 -9999.0 -9999.0 -9999.0 -9999.0 -9999.0 -9999.0 -9999.0 -9999.0 -9999.0 -9999.0 -9999.0 -9999.0 -9999.0 -9999.0 -9999.0 -9999.0 -9999.0 -9999.0 -9999.0 -9999.0 -9999.0 -9999.0 -9999.0
-9999.0 -9999.0 0.100000 0.100000 0.100000 0.100000 0.100000 0.100000 0.100000 0.100000 0.099919 0.085576 0.068801 0.059283 0.054939 0.053740 0.053582 0.053770 0.054058 0.099735 0.100000 0.100000 0.100000 0.100000 0.100000 0.100000 0.100000 0.100000 0.100000 0.092792 0.078098 0.066992 0.060558 0.057290 0.055809 0.055263 0.055242 0.055458 0.054955 0.057928 0.087236 0.097480 0.038277 0.034156 0.034156 0.034156 0.034156 0.034156 0.034156 0.034156 0.034156 0.034156 0.034156 0.034156 0.034156 0.034156 0.034156 0.034156 0.034156 0.034156 0.034156 0.039153 0.061662 0.058815 0.056845 0.055694 0.055019 0.054612 0.054358 0.054200 0.054101 0.054037 0.053997 0.053972 0.053956 0.053946 0.053940 0.053935 0.053932 0.053930 0.053927 0.053925 0.053922 0.053917 0.053910 0.053899 0.053881 0.053854 0.053811 0.053743 0.053637 0.053472 0.053218 0.052832 0.052254 0.051416 0.050242 0.048676 0.046685 0.044039 0.039546 0.031976 -9999.0 -9999.0
-9999.0 -9999.0 0.100000 0.100000 0.100000 0.100000 0.100000 0.100000 0.100000 0.100000 0.099919 0.085576 0.068801 0.059283 0.054939 0.053740 0.053582 0.053770 0.054058 0.099735 0.100000 0.100000 0.100000 0.100000 0.100000 0.100000 0.100000 0.100000 0.100000 0.092792 0.078098 0.066992 0.060558 0.057290 0.055809 0.055263 0.055242 0.055458 0.054955 0.057928 0.087236 0.097480 0.038277 0.034156 0.034156 0.034156 0.034156 0.034156 0.034156 0.034156 0.034156 0.034156 0.034156 0.034156 0.034156 0.034156 0.034156 0.034156 0.034156 0.034156 0.034156 0.039153 0.061662 0.058815 0.056845 0.055694 0.055019 0.054612 0.054358 0.054200 0.054101 0.054037 0.053997 0.053972 0.053956 0.053946 0.053940 0.053935 0.053932 0.053930 0.053927 0.053925 0.053922 0.053917 0.053910 0.053899 0.053881 0.053854 0.053811 0.053743 0.053637 0.053472 0.053218 0.052832 0.052254 0.051416 0.050242 0.048676 0.046685 0.044039 0.039546 0.031976 -9999.0 -9999.0
-9999.0 -9999.0 0.100000 0.100000 0.100000 0.100000 0.100000 0.100000 0.100000 0.100000 0.099919 0.085576 0.068801 0.059283 0.054939 0.053740 0.053582 0.053770 0.054058 0.099735 0.100000 0.100000 0.100000 0.100000 0.100000 0.100000 0.100000 0.100000 0.100000 0.092792 0.078098 0.066992 0.060558 0.057290 0.055809 0.055263 0.055242 0.055458 0.054955 0.057928 0.087236 0.097480 0.038277 0.034156 0.034156 0.034156 0.034156 0.034156 0.034156 0.034156 0.034156 0.034156 0.034156 0.034156 0.034156 0.034156 0.034156 0.034156 0.034156 0.034156 0.034156 0.039153 0.061662 0.058815 0.056845 0.055694 0.055019 0.054612 0.054358 0.054200 0.054101 0.054037 0.053997 0.053972 0.053956 0.053946 0.053940 0.053935 0.053932 0.053930 0.053927 0.053925 0.053922 0.053917 0.053910 0.053899 0.053881 0.053854 0.053811 0.053743 0.053637 0.053472 0.053218 0.052832 0.052254 0.051416 0.050242 0.048676 0.046685 0.044039 0.039546 0.031976 -9999.0 -9999.0
-9999.0 -9999.0 0.100000 0.100000 0.100000 0.100000 0.100000 0.100000 0.100000 0.100000 0.099919 0.085576 0.068801 0.059283 0.054939 0.053740 0.053582 0.053770 0.054058 0.099735 0.100000 0.100000 0.100000 0.100000 0.100000 0.100000 0.100000 0.100000 0.100000 0.092792 0.078098 0.066992 0.060558 0.057290 0.055809 0.055263 0.055242 0.055458 0.054955 0.057928 0.087236 0.097480 0.038277 0.034156 0.034156 0.034156 0.034156 0.034156 0.034156 0.034156 0.034156 0.034156 0.034156 0.034156 0.034156 0.034156 0.034156 0.034156 0.034156 0.034156 0.034156 0.039153 0.061662 0.058815 0.056845 0.055694 0.055019 0.054612 0.054358 0.054200 0.054101 0.054037 0.053997 0.053972 0.053956 0.053946 0.053940 0.053935 0.053932 0.053930 0.053927 0.053925 0.053922 0.053917 0.053910 0.053899 0.053881 0.053854 0.053811 0.053743 0.053637 0.053472 0.053218 0.052832 0.052254 0.051416 0.050242 0.048676 0.046685 0.044039 0.039546 0.031976 -9999.0 -9999.0
-9999.0 -9999.0 0.100000 0.100000 0.100000 0.100000 0.100000 0.100000 0.100000 0.100000 0.099919 0.085576 0.068801 0.059283 0.054939 0.053740 0.053582 0.053770 0.054058 0.099735 0.100000 0.100000 0.100000 0.100000 0.100000 0.100000 0.100000 0.100000 0.100000 0.092792 0.078098 0.066992 0.060558 0.057290 0.055809 0.055263 0.055242 0.055458 0.054955 0.057928 0.087236 0.097480 0.038277 0.034156 0.034156 0.034156 0.034156 0.034156 0.034156 0.034156 0.034156 0.034156 0.034156 0.034156 0.034156 0.034156 0.034156 0.034156 0.034156 0.034156 0.034156 0.039153 0.061662 0.058815 0.056845 0.055694 0.055019 0.054612 0.054358 0.054200 0.054101 0.054037 0.053997 0.053972 0.053956 0.053946 0.053940 0.053935 0.053932 0.053930 0.053927 0.053925 0.053922 0.053917 0.053910 0.053899 0.053881 0.053854 0.053811 0.053743 0.053637 0.053472 0.053218 0.052832 0.052254 0.051416 0.050242 0.048676 0.046685 0.044039 0.039546 0.031976 -9999.0 -9999.0
-9999.0 -9999.0 0.100000 0.100000 0.100000 0.100000 0.100000 0.100000 0.100000 0.100000 0.099919 0.085576 0.068801 0.059283 0.054939 0.053740 0.053582 0.053770 0.054058 0.099735 0.100000 0.100000 0.100000 0.100000 0.100000 0.100000 0.100000 0.100000 0.100000 0.092792 0.078098 0.066992 0.060558 0.057290 0.055809 0.055263 0.055242 0.055458 0.054955 0.057928 0.087236 0.097480 0.038277 0.034156 0.034156 0.034156 0.034156 0.034156 0.034156 0.034156 0.034156 0.034156 0.034156 0.034156 0.034156 0.034156 0.034156 0.034156 0.034156 0.034156 0.034156 0.039153 0.061662 0.058815 0.056845 0.055694 0.055019 0.054612 0.054358 0.054200 0.054101 0.054037 0.053997 0.053972 0.053956 0.053946 0.053940 0.053935 0.053932 0.053930 0.053927 0.053925 0.053922 0.053917 0.053910 0.053899 0.053881 0.053854 0.053811 0.053743 0.053637 0.053472 0.053218 0.052832 0.052254 0.051416 0.050242 0.048676 0.046685 0.044039 0.039546 0.031976 -9999.0 -9999.0
-9999.0 -9999.0 -9999.0 -9999.0 -9999.0 -9999.0 -9999.0 -9999.0 -9999.0 -9999.0 -9999.0 -9999.0 -9999.0 -9999.0 -9999.0 -9999.0 -9999.0 -9999.0 -9999.0 -9999.0 -9999.0 -9999.0 -9999.0 -9999.0 -9999.0 -9999.0 -9999.0 -9999.0 -9999.0 -9999.0 -9999.0 -9999.0 -9999.0 -9999.0 -9999.0 -9999.0 -9999.0 -9999.0 -9999.0 -9999.0 -9999.0 -9999.0 -9999.0 -9999.0 -9999.0 -9999.0 -9999.0 -9999.0 -9999.0 -9999.0 -9999.0 -9999.0 -9999.0 -9999.0 -9999.0 -9999.0 -9999.0 -9999.0 -9999.0 -9999.0 -9999.0 -9999.0 -9999.0 -9999.0 -9999.0 -9999.0 -9999.0 -9999.0 -9999.0 -9999.0 -9999.0 -9999.0 -9999.0 -9999.0 -9999.0 -9999.0 -9999.0 -9999.0 -9999.0 -9999.0 -9999.0 -9999.0 -9999.0 -9999.0 -9999.0 -9999.0 -9999.0 -9999.0 -9999.0 -9999.0 -9999.0 -9999.0 -9999.0 -9999.0 -9999.0 -9999.0 -9999.0 -9999.0 -9999.0 -9999.0 -9999.0 -9999.0 -9999.0 -9999.0
-9999.0 -9999.0 -9999.0 -9999.0 -9999.0 -9999.0 -9999.0 -9999.0 -9999.0 -9999.0 -9999.0 -9999.0 -9999.0 -9999.0 -9999.0 -9999.0 -9999.0 -9999.0 -9999.0 -9999.0 -9999.0 -9999.0 -9999.0 -9999.0 -9999.0 -9999.0 -9999.0 -9999.0 -9999.0 -9999.0 -9999.0 -9999.0 -9999.0 -9999.0 -9999.0 -9999.0 -9999.0 -9999.0 -9999.0 -9999.0 -9999.0 -9999.0 -9999.0 -9999.0 -9999.0 -9999.0 -9999.0 -9999.0 -9999.0 -9999.0 -9999.0 -9999.0 -9999.0 -9999.0 -9999.0 -9999.0 -9999.0 -9999.0 -9999.0 -9999.0 -9999.0 -9999.0 -9999.0 -9999.0 -9999.0 -9999.0 -9999.0 -9999.0 -9999.0 -9999.0 -9999.0 -9999.0 -9999.0 -9999.0 -9999.0 -9999.0 -9999.0 -9999.0 -9999.0 -9999.0 -9999.0 -9999.0 -9999.0 -9999.0 -9999.0 -9999.0 -9999.0 -9999.0 -9999.0 -9999.0 -9999.0 -9999.0 -9999.0 -9999.0 -9999.0 -9999.0 -9999.0 -9999.0 -9999.0 -9999.0 -9999.0 -9999.0 -9999.0 -9999.0