tests/3D/hillslope02_superslab/out/maps3D/thetaliqL0011N0003.asc
ncols         104
nrows         10
xllcorner     -2.000000
yllcorner     0.000000
cellsize      1.000000
NODATA_value  -9999.0
-9999.0 -9999.0 -9999.0 -9999.0 -9999.0 -9999.0 -9999.0 -9999.0 -9999.0 -9999.0 -9999.0 -9999.0 -9999.0 -9999.0 -9999.0 -9999.0 -9999.0 -9999.0 -9999.0 -9999.0 -9999.0 -9999.0 -9999.0 -9999.0 -9999.0 -9999.0 -9999.0 -9999.0 -9999.0 -9999.0 -9999.0 -9999.0 -9999.0 -9999.0 -9999.0 -9999.0 -9999.0 -9999.0 -9999.0 -9999.0 -9999.0 -9999.0 -9999.0 -9999.0 -9999.0 -9999.0 -9999.0 -9999.0 -9999.0 -9999.0 -9999.0 -9999.0 -9999.0 -9999.0 -9999.0 -9999.0 -9999.0 -9999.0 -9999.0 -9999.0 -9999.0 -9999.0 -9999.0 -9999.0 -9999.0 -9999.0 -9999.0 -9999.0 -9999.0 -9999.0 -9999.0 -9999.0 -9999.0 -9999.0 -9999.0 -9999.0 -9999.0 -9999.0 -9999.0 -9999.0 -9999.0 -9999.0 -9999.0 -9999.0 -9999.0 -9999.0 -9999.0 -9999.0 -9999.0 -9999.0 -9999.0 -9999.0 -9999.0 -9999.0 -9999.0 -9999.0 -9999.0 -9999.0 -9999.0 -9999.0 -9999.0 -9999.0 -9999.0 -9999.0
-9999.0 -9999.0 -9999.0 -9999.0 -9999.0 -9999.0 -9999.0 -9999.0 -9999.0 -9999.0 -9999.0 -9999.0 -9999.0 -9999.0 -9999.0 -9999.0 -9999.0 -9999.0 -9999.0 -9999.0 -9999.0 -9999.0 -9999.0 -9999.0 -9999.0 -9999.0 -9999.0 -9999.0 -9999.0 -9999.0 -9999.0 -9999.0 -9999.0 -9999.0 -9999.0 -9999.0 -9999.0 -9999.0 -9999.0 -9999.0 -9999.0 -9999.0 -9999.0 -9999.0 -9999.0 -9999.0 -9999.0 -9999.0 -9999.0 -9999.0 -9999.0 -9999.0 -9999.0 -9999.0 -9999.0 -9999.0 -9999.0 -9999.0 -9999.0 -9999.0 -9999.0 -9999.0 -9999.0 -9999.0 -9999.0 -9999.0 -9999.0 -9999.0 -9999.0 -9999.0 -9999.0 -9999.0 -9999.0 -9999.0 -9999.0 -9999.0 -9999.0 -9999.0 -9999.0 -9999.0 -9999.0 -9999.0 -9999.0 -9999.0 -9999.0 -9999.0 -9999.0 -9999.0 -9999.0 -9999.0 -9999.0 -9999.0 -9999.0 -9999.0 -9999.0 -9999.0 -9999.0 -9999.0 -9999.0 -9999.0 -9999.0 -9999.0 -9999.0 -9999.0
-9999.0 -9999.0 0.100000 0.100000 0.100000 0.100000 0.100000 0.100000 0.093661 0.076619 0.062073 0.055725 0.053177 0.052151 0.052076 0.098782 0.099848 0.100000 0.100000 0.100000 0.100000 0.100000 0.100000 0.100000 0.100000 0.100000 0.099968 0.093586 0.082013 0.071887 0.065167 0.060993 0.058436 0.056874 0.055932 0.055425 0.055238 0.055367 0.055918 0.057184 0.059865 0.064400 0.036339 0.033539 0.033539 0.033539 0.033539 0.033539 0.033539 0.033539 0.033539 0.033539 0.033539 0.033539 0.033539 0.033539 0.033539 0.033539 0.033539 0.033539 0.033539 0.036945 0.100000 0.100000 0.100000 0.100000 0.100000 0.100000 0.096884 0.084960 0.073522 0.065654 0.060845 0.058025 0.056391 0.055442 0.054885 0.054545 0.054335 0.054206 0.054115 0.054057 0.054018 0.053985 0.053961 0.053937 0.053909 0.053874 0.053827 0.053757 0.053651 0.053487 0.053237 0.052855 0.052285 0.051452 0.050280 0.048702 0.046622 0.043694 0.039395 0.033998 -9999.0 -9999.0
-9999.0 -9999.0 0.100000 0.100000 0.100000 0.100000 0.100000 0.100000 0.093661 0.076619 0.062073 0.055725 0.053177 0.052151 0.052076 0.098782 0.099848 0.100000 0.100000 0.100000 0.100000 0.100000 0.100000 0.100000 0.100000 0.100000 0.099968 0.093586 0.082013 0.071887 0.065167 0.060993 0.058436 0.056874 0.055932 0.055425 0.055238 0.055367 0.055918 0.057184 0.059865 0.064400 0.036339 0.033539 0.033539 0.033539 0.033539 0.033539 0.033539 0.033539 0.033539 0.033539 0.033539 0.033539 0.033539 0.033539 0.033539 0.033539 0.033539 0.033539 0.033539 0.036945 0.100000 0.100000 0.100000 0.100000 0.100000 0.100000 0.096884 0.084960 0.073522 0.065654 0.060845 0.058025 0.056391 0.055442 0.054885 0.054545 0.054335 0.054206 0.054115 0.054057 0.054018 0.053985 0.053961 0.053937 0.053909 0.053874 0.053827 0.053757 0.053651 0.053487 0.053237 0.052855 0.052285 0.051452 0.050280 0.048702 0.046622 0.043694 0.039395 0.033998 -9999.0 -9999.0
-9999.0 -9999.0 0.100000 0.100000 0.100000 0.100000 0.100000 0.100000 0.093661 0.076619 0.062073 0.055725 0.053177 0.052151 0.052076 0.098782 0.099848 0.100000 0.100000 0.100000 0.100000 0.100000 0.100000 0.100000 0.100000 0.100000 0.099968 0.093586 0.082013 0.071887 0.065167 0.060993 0.058436 0.056874 0.055932 0.055425 0.055238 0.055367 0.055918 0.057184 0.059865 0.064400 0.036339 0.033539 0.033539 0.033539 0.033539 0.033539 0.033539 0.033539 0.033539 0.033539 0.033539 0.033539 0.033539 0.033539 0.033539 0.033539 0.033539 0.033539 0.033539 0.036945 0.100000 0.100000 0.100000 0.100000 0.100000 0.100000 0.096884 0.084960 0.073522 0.065654 0.060845 0.058025 0.056391 0.055442 0.054885 0.054545 0.054335 0.054206 0.054115 0.054057 0.054018 0.053985 0.053961 0.053937 0.053909 0.053874 0.053827 0.053757 0.053651 0.053487 0.053237 0.052855 0.052285 0.051452 0.050280 0.048702 0.046622 0.043694 0.039395 0.033998 -9999.0 -9999.0
-9999.0 -9999.0 0.100000 0.100000 0.100000 0.100000 0.100000 0.100000 0.093661 0.076619 0.062073 0.055725 0.053177 0.052151 0.052076 0.098782 0.099848 0.100000 0.100000 0.100000 0.100000 0.100000 0.100000 0.100000 0.100000 0.100000 0.099968 0.093586 0.082013 0.071887 0.065167 0.060993 0.058436 0.056874 0.055932 0.055425 0.055238 0.055367 0.055918 0.057184 0.059865 0.064400 0.036339 0.033539 0.033539 0.033539 0.033539 0.033539 0.033539 0.033539 0.033539 0.033539 0.033539 0.033539 0.033539 0.033539 0.033539 0.033539 0.033539 0.033539 0.033539 0.036945 0.100000 0.100000 0.100000 0.100000 0.100000 0.100000 0.096884 0.084960 0.073522 0.065654 0.060845 0.058025 0.056391 0.055442 0.054885 0.054545 0.054335 0.054206 0.054115 0.054057 0.054018 0.053985 0.053961 0.053937 0.053909 0.053874 0.053827 0.053757 0.053651 0.053487 0.053237 0.052855 0.052285 0.051452 0.050280 0.048702 0.046622 0.043694 0.039395 0.033998 -9999.0 -9999.0
-9999.0 -9999.0 0.100000 0.100000 0.100000 0.100000 0.100000 0.100000 0.093661 0.076619 0.062073 0.055725 0.053177 0.052151 0.052076 0.098782 0.099848 0.100000 0.100000 0.100000 0.100000 0.100000 0.100000 0.100000 0.100000 0.100000 0.099968 0.093586 0.082013 0.071887 0.065167 0.060993 0.058436 0.056874 0.055932 0.055425 0.055238 0.055367 0.055918 0.057184 0.059865 0.064400 0.036339 0.033539 0.033539 0.033539 0.033539 0.033539 0.033539 0.033539 0.033539 0.033539 0.033539 0.033539 0.033539 0.033539 0.033539 0.033539 0.033539 0.033539 0.033539 0.036945 0.100000 0.100000 0.100000 0.100000 0.100000 0.100000 0.096884 0.084960 0.073522 0.065654 0.060845 0.058025 0.056391 0.055442 0.054885 0.054545 0.054335 0.054206 0.054115 0.054057 0.054018 0.053985 0.053961 0.053937 0.053909 0.053874 0.053827 0.053757 0.053651 0.053487 0.053237 0.052855 0.052285 0.051452 0.050280 0.048702 0.046622 0.043694 0.039395 0.033998 -9999.0 -9999.0
-9999.0 -9999.0 0.100000 0.100000 0.100000 0.100000 0.100000 0.100000 0.093661 0.076619 0.062073 0.055725 0.053177 0.052151 0.052076 0.098782 0.099848 0.100000 0.100000 0.100000 0.100000 0.100000 0.100000 0.100000 0.100000 0.100000 0.099968 0.093586 0.082013 0.071887 0.065167 0.060993 0.058436 0.056874 0.055932 0.055425 0.055238 0.055367 0.055918 0.057184 0.059865 0.064400 0.036339 0.033539 0.033539 0.033539 0.033539 0.033539 0.033539 0.033539 0.033539 0.033539 0.033539 0.033539 0.033539 0.033539 0.033539 0.033539 0.033539 0.033539 0.033539 0.036945 0.100000 0.100000 0.100000 0.100000 0.100000 0.100000 0.096884 0.084960 0.073522 0.065654 0.060845 0.058025 0.056391 0.055442 0.054885 0.054545 0.054335 0.054206 0.054115 0.054057 0.054018 0.053985 0.053961 0.053937 0.053909 0.053874 0.053827 0.053757 0.053651 0.053487 0.053237 0.052855 0.052285 0.051452 0.050280 0.048702 0.046622 0.043694 0.039395 0.033998 -9999.0 -9999.0
-9999.0 -9999.0 -9999.0 -9999.0 -9999.0 -9999.0 -9999.0 -9999.0 -9999.0 -9999.0 -9999.0 -9999.0 -9999.0 -9999.0 -9999.0 -9999.0 -9999.0 -9999.0 -9999.0 -9999.0 -9999.0 -9999.0 -9999.0 -9999.0 -9999.0 -9999.0 -9999.0 -9999.0 -9999.0 -9999.0 -9999.0 -9999.0 -9999.0 -9999.0 -9999.0 -9999.0 -9999.0 -9999.0 -9999.0 -9999.0 -9999.0 -9999.0 -9999.0 -9999.0 -9999.0 -9999.0 -9999.0 -9999.0 -9999.0 -9999.0 -9999.0 -9999.0 -9999.0 -9999.0 -9999.0 -9999.0 -9999.0 -9999.0 -9999.0 -9999.0 -9999.0 -9999.0 -9999.0 -9999.0 -9999.0 -9999.0 -9999.0 -9999.0 -9999.0 -9999.0 -9999.0 -9999.0 -9999.0 -9999.0 -9999.0 -9999.0 -9999.0 -9999.0 -9999.0 -9999.0 -9999.0 -9999.0 -9999.0 -9999.0 -9999.0 -9999.0 -9999.0 -9999.0 -9999.0 -9999.0 -9999.0 -9999.0 -9999.0 -9999.0 -9999.0 -9999.0 -9999.0 -9999.0 -9999.0 -9999.0 -9999.0 -9999.0 -9999.0 -9999.0
-9999.0 -9999.0 -9999.0 -9999.0 -9999.0 -9999.0 -9999.0 -9999.0 -9999.0 -9999.0 -9999.0 -9999.0 -9999.0 -9999.0 -9999.0 -9999.0 -9999.0 -9999.0 -9999.0 -9999.0 -9999.0 -9999.0 -9999.0 -9999.0 -9999.0 -9999.0 -9999.0 -9999.0 -9999.0 -9999.0 -9999.0 -9999.0 -9999.0 -9999.0 -9999.0 -9999.0 -9999.0 -9999.0 -9999.0 -9999.0 -9999.0 -9999.0 -9999.0 -9999.0 -9999.0 -9999.0 -9999.0 -9999.0 -9999.0 -9999.0 -9999.0 -9999.0 -9999.0 -9999.0 -9999.0 -9999.0 -9999.0 -9999.0 -9999.0 -9999.0 -9999.0 -9999.0 -9999.0 -9999.0 -9999.0 -9999.0 -9999.0 -9999.0 -9999.0 -9999.0 -9999.0 -9999.0 -9999.0 -9999.0 -9999.0 -9999.0 -9999.0 -9999.0 -9999.0 -9999.0 -9999.0 -9999.0 -9999.0 -9999.0 -9999.0 -9999.0 -9999.0 -9999.0 -9999.0 -9999.0 -9999.0 -9999.0 -9999.0 -9999.0 -9999.0 -9999.0 -9999.0 -9999.0 -9999.0 -9999.0 -9999.0 -9999.0 -9999.0 -9999.0