Templates/3Db/_dem.asc
ncols         68
nrows         41
xllcorner     1715911.000000
yllcorner     5147278.000000
cellsize      250.000000
NODATA_value  -9999.0
[rows 0 to 24 of 41, columns 0 to 55 of 68]
-9999.0 -9999.0 -9999.0 -9999.0 -9999.0 -9999.0 -9999.0 -9999.0 -9999.0 -9999.0 -9999.0 -9999.0 -9999.0 -9999.0 -9999.0 -9999.0 -9999.0 -9999.0 -9999.0 -9999.0 -9999.0 -9999.0 -9999.0 -9999.0 -9999.0 -9999.0 -9999.0 -9999.0 -9999.0 -9999.0 -9999.0 -9999.0 -9999.0 -9999.0 -9999.0 -9999.0 -9999.0 -9999.0 -9999.0 -9999.0 -9999.0 2233.576172 2104.983887 2012.325562 1933.929565 1895.045166 1895.944214 1923.338135 1985.806519 2051.248535 2149.344727 2140.302734 2146.433838 2150.000000 2225.000000 2288.163818
-9999.0 -9999.0 -9999.0 -9999.0 -9999.0 -9999.0 -9999.0 -9999.0 -9999.0 -9999.0 -9999.0 -9999.0 -9999.0 -9999.0 -9999.0 -9999.0 -9999.0 -9999.0 -9999.0 -9999.0 -9999.0 -9999.0 -9999.0 -9999.0 -9999.0 -9999.0 -9999.0 -9999.0 -9999.0 -9999.0 2093.669922 2109.942139 2123.262451 -9999.0 -9999.0 -9999.0 -9999.0 -9999.0 -9999.0 -9999.0 -9999.0 2217.015137 2130.987305 2057.896729 2007.156250 1961.398315 1956.401978 1950.000000 1988.987305 2052.225586 2168.134033 2270.506836 2186.675049 2149.039307 2200.323486 2223.965576
-9999.0 -9999.0 -9999.0 -9999.0 -9999.0 -9999.0 -9999.0 -9999.0 -9999.0 -9999.0 -9999.0 -9999.0 -9999.0 -9999.0 -9999.0 -9999.0 -9999.0 -9999.0 -9999.0 -9999.0 -9999.0 -9999.0 -9999.0 -9999.0 -9999.0 -9999.0 -9999.0 1954.322632 2006.338623 2017.487183 2040.825684 2048.083252 2082.256592 2128.940186 2143.604004 -9999.0 -9999.0 -9999.0 2150.000000 -9999.0 2297.058350 2239.359131 2185.787109 2149.737793 2087.037109 2005.909790 2009.791382 2067.367920 2078.310547 2103.177979 2152.186768 2215.186523 2125.000000 2128.796875 2169.815918 2195.270020
-9999.0 -9999.0 -9999.0 -9999.0 -9999.0 -9999.0 -9999.0 -9999.0 -9999.0 -9999.0 -9999.0 -9999.0 -9999.0 -9999.0 -9999.0 -9999.0 -9999.0 -9999.0 -9999.0 -9999.0 -9999.0 -9999.0 -9999.0 -9999.0 -9999.0 -9999.0 1952.635010 1923.184570 1937.840332 1962.317139 2013.229370 2014.996582 2021.971313 2068.761475 2059.617676 2056.968506 2100.000000 2106.527100 2132.531982 2175.000000 2241.580078 2317.527344 2243.297607 2221.075928 2160.142822 2122.049316 2137.671875 2133.773682 2176.895020 2225.324219 2235.035156 2225.000000 2082.042236 2117.115967 2253.358887 2205.706543
-9999.0 -9999.0 -9999.0 -9999.0 -9999.0 -9999.0 -9999.0 -9999.0 -9999.0 -9999.0 -9999.0 -9999.0 -9999.0 -9999.0 -9999.0 -9999.0 -9999.0 -9999.0 -9999.0 -9999.0 -9999.0 -9999.0 -9999.0 -9999.0 -9999.0 2008.085938 1939.147705 1887.211060 1879.734009 1918.499756 1952.590820 1967.510498 1986.521729 2025.000000 1998.919556 1999.010620 2035.866821 2054.661865 2101.790527 2175.000000 2225.000000 2303.916748 2352.073242 2374.676514 2240.576172 2236.339111 2245.926758 2250.644775 2273.280273 2300.000000 2190.935547 2029.888550 1986.857666 2008.397583 2129.186279 2339.112061
-9999.0 -9999.0 -9999.0 -9999.0 -9999.0 -9999.0 -9999.0 -9999.0 -9999.0 -9999.0 -9999.0 -9999.0 -9999.0 -9999.0 -9999.0 -9999.0 -9999.0 -9999.0 -9999.0 -9999.0 -9999.0 -9999.0 -9999.0 -9999.0 1984.932495 1985.029907 1935.570679 1869.722046 1849.393311 1880.398804 1900.000000 1936.091675 1922.951294 1953.069946 1950.457153 1975.000000 1996.152710 2034.130127 2078.901855 2148.496338 2223.301270 2275.000000 2375.308350 2485.178711 2381.479248 2340.954834 2338.919922 2341.640869 2304.546631 2217.888672 2053.474609 1975.422607 1936.967773 1991.840210 2080.003418 2195.103516
-9999.0 -9999.0 -9999.0 -9999.0 -9999.0 -9999.0 -9999.0 -9999.0 -9999.0 -9999.0 -9999.0 -9999.0 -9999.0 -9999.0 -9999.0 -9999.0 -9999.0 -9999.0 -9999.0 1868.953003 1926.015015 1970.842041 2005.293091 1987.732544 1938.709473 1910.274658 1915.837280 1834.218384 1825.000000 1836.234375 1860.433472 1867.853149 1860.406006 1900.000000 1900.231689 1931.320801 1952.447266 2014.134277 2057.101318 2123.628906 2173.227295 2194.889648 2243.196289 2300.486084 2526.911133 2504.802979 2254.020508 2185.907471 2100.000000 2049.701416 2000.481812 1944.557739 1900.000000 1927.899048 2010.650391 2160.200439
-9999.0 -9999.0 -9999.0 -9999.0 -9999.0 -9999.0 -9999.0 -9999.0 -9999.0 -9999.0 -9999.0 -9999.0 -9999.0 -9999.0 -9999.0 -9999.0 1950.000000 1889.803223 1850.000000 1907.997559 1981.525879 2051.051270 2050.000000 1985.709229 1941.533691 1901.270630 1850.000000 1821.356567 1800.000000 1794.057129 1808.177246 1805.201782 1816.116821 1840.685547 1850.000000 1889.197876 1947.723511 2015.985596 2050.000000 2097.273438 2101.735107 2128.894043 2186.890137 2232.056885 2375.000000 2329.892090 2241.117676 2153.631592 2089.172607 2031.668945 1963.901978 1909.523315 1875.734863 1884.157715 1941.959106 2029.549316
-9999.0 -9999.0 -9999.0 -9999.0 -9999.0 -9999.0 -9999.0 -9999.0 -9999.0 -9999.0 -9999.0 -9999.0 2371.926514 2223.445313 2116.865967 2065.671631 1994.193237 1906.637207 1872.678467 1952.187988 2003.657837 2060.230469 2079.327637 2029.716919 1968.257690 1923.218262 1875.137573 1814.007935 1775.000000 1761.495361 1767.520752 1779.712769 1792.728516 1818.666992 1850.000000 1892.360962 1952.439697 2001.951538 1994.157104 2021.848511 2070.176270 2089.451660 2131.341797 2200.000000 2279.834717 2228.976807 2200.198242 2139.429199 2091.224365 2046.272949 1987.846069 1930.320679 1875.000000 1850.000000 1882.460693 1962.101318
-9999.0 -9999.0 -9999.0 -9999.0 -9999.0 -9999.0 -9999.0 -9999.0 -9999.0 -9999.0 2526.976074 2460.764160 2270.998535 2175.770264 2157.465332 2077.445313 2016.224609 1917.399902 1880.677002 1958.677246 2023.632812 2034.475830 2070.539795 2068.522217 2007.414185 1938.172974 1882.703979 1864.575562 1815.390869 1762.515991 1751.266357 1762.456177 1773.012817 1809.695190 1853.261719 1914.670776 1941.978638 1961.975708 1931.075073 1956.215454 1999.646973 2038.021606 2110.714111 2200.000000 2250.000000 2189.674072 2181.011719 2150.000000 2100.000000 2060.543701 2025.000000 1967.249756 1887.546509 1825.000000 1841.103760 1898.731812
-9999.0 -9999.0 -9999.0 -9999.0 -9999.0 -9999.0 -9999.0 -9999.0 2785.518555 2671.995117 2532.782471 2397.984863 2203.786865 2041.711304 2041.903931 2084.247070 2055.732910 1988.065674 1885.389526 1890.039062 1988.421875 2027.330200 2093.601318 2092.486572 2042.592285 1975.342773 1943.381104 1925.000000 1850.000000 1809.644653 1747.878784 1744.796143 1750.000000 1827.077026 1843.068481 1875.000000 1900.000000 1865.519653 1900.000000 1931.555176 1990.145386 2056.141357 2105.082031 2157.896484 2207.574463 2142.865967 2116.159180 2078.728760 2061.242920 1973.351196 1986.044067 1975.574341 1915.174072 1831.545410 1800.000000 1823.877075
-9999.0 -9999.0 -9999.0 -9999.0 -9999.0 -9999.0 -9999.0 2830.873779 2679.170898 2584.479248 2469.175781 2318.943115 2083.451172 1970.456177 1972.897949 1982.046387 2000.000000 1996.604614 1950.135498 1863.494507 1938.153076 2065.924805 2085.000000 2093.508057 2081.702637 2057.530518 2035.339844 1949.182739 1873.194214 1797.225342 1737.765137 1710.038452 1753.002808 1849.956665 1801.261597 1875.000000 1800.000000 1868.197266 1936.972046 1967.826050 2007.071045 2047.767334 2107.097168 2171.548828 2173.459717 2116.991699 2072.118896 2028.912964 1975.999146 1925.608643 1913.205566 1885.591797 1862.425415 1848.491577 1777.258301 1762.138794
-9999.0 -9999.0 -9999.0 -9999.0 -9999.0 3044.241943 2892.410156 2789.343994 2586.565918 2542.532715 2450.401367 2098.113037 1936.820801 1861.776611 1874.644653 1875.000000 1946.805664 1974.120972 2019.703979 1850.055786 1870.156006 2042.763062 2073.511230 2019.231689 2041.973389 2079.092773 2005.582275 2002.080444 1935.299316 1851.670044 1773.426392 1694.309692 1643.837036 1701.328003 1739.580444 1725.122803 1760.987061 1898.234863 1997.451660 2047.579956 2075.302490 2094.891602 2132.580078 2250.000000 2204.961426 2125.781006 2042.756836 2003.082886 1957.072510 1944.290161 1934.158081 1919.904053 1890.676270 1835.380371 1737.260498 1738.134521
-9999.0 -9999.0 -9999.0 -9999.0 3006.765381 3035.502441 2928.893555 2857.450684 2637.400391 2449.241943 2285.017090 1997.005615 1899.372070 1869.453613 1825.000000 1810.180542 1815.596558 1870.545532 1843.686890 1785.056763 1863.456909 1924.259766 1951.936401 1871.725952 1961.351685 2022.698242 2006.311646 1908.569824 1971.466309 1939.560181 1881.030029 1753.266357 1612.913574 1608.768311 1667.298706 1806.358643 1859.867432 1891.645264 1940.588867 2088.482666 2156.352295 2166.219727 2193.155762 2282.436768 2247.934814 2171.009766 2075.000000 2027.965454 1990.085205 1989.025513 2010.132568 2015.747803 1904.679932 1747.082397 1694.680420 1727.942139
-9999.0 -9999.0 -9999.0 -9999.0 2849.822510 2875.179688 2867.620605 2664.868408 2590.099609 2410.042236 2183.082031 2026.005615 1939.912720 1954.660278 1857.495605 1813.527710 1752.612183 1730.742920 1731.336914 1722.166382 1808.033203 1858.545898 1772.353882 1775.000000 1829.888550 1870.495972 1799.812256 1760.048218 1727.012451 1773.004761 1754.700195 1747.839600 1690.765747 1548.505859 1688.692993 1839.361816 1925.000000 1938.356201 1971.548218 2030.011353 2132.068115 2224.537109 2312.331299 2392.320313 2231.846924 2157.210449 2114.931152 2072.495117 2070.071777 2095.454102 2093.514648 1966.485596 1819.452393 1714.640625 1650.000000 1752.904663
-9999.0 -9999.0 -9999.0 -9999.0 2747.338135 2670.335449 2647.679443 2576.636719 2449.879395 2263.828369 2130.559082 2050.000000 2020.043457 2005.088501 1894.489624 1885.223755 1773.583374 1688.315796 1675.000000 1675.000000 1694.149902 1699.564941 1664.713745 1647.633667 1652.951782 1661.005737 1636.756348 1629.974976 1620.480347 1610.875610 1611.524780 1605.691895 1603.855225 1500.000000 1621.471558 1685.101685 1736.443970 1793.366455 1853.791138 1966.746094 2070.312012 2122.655273 2230.628418 2298.941650 2273.412354 2266.650635 2209.184570 2200.000000 2172.526367 2201.266602 2120.430908 1928.868652 1816.174683 1676.086670 1648.145264 1751.742188
-9999.0 2903.439453 2861.771729 2774.176025 2575.000000 2550.406982 2538.643799 2461.086182 2344.328369 2148.998535 2090.651123 2001.841553 1950.356812 1958.289673 1915.153442 1899.999390 1802.007080 1687.288696 1625.000000 1596.575928 1575.000000 1575.000000 1550.000000 1550.000000 1550.000000 1502.514893 1500.000000 1477.059814 1529.391846 1467.066040 1449.168213 1464.172241 1445.852905 1425.000000 1575.298950 1603.573364 1611.614014 1678.287842 1745.055298 1826.658081 1892.271484 1943.557861 2140.666992 2217.101563 2328.417725 2450.000000 2282.370850 2114.813965 2002.656128 2038.460815 2044.514282 1953.234131 1794.425415 1634.129639 1626.257446 1730.528809
-9999.0 2685.169678 2640.121094 2608.388672 2526.287354 2427.255127 2354.033447 2317.166260 2268.422119 2114.304688 2034.148926 1995.029663 1897.531738 1875.000000 1827.183228 1799.394409 1758.144653 1668.445435 1610.440796 1600.000000 1615.924927 1637.345947 1630.185425 1607.651733 1575.000000 1549.221924 1553.257446 1529.436279 1450.000000 1399.922485 1375.000000 1350.000000 1350.000000 1398.834961 1430.780396 1452.580200 1478.731812 1549.151245 1628.387451 1672.640747 1837.929077 1911.363892 1945.927979 2097.452148 2228.683105 2282.304443 2279.359375 2104.372559 1938.179199 1889.922485 1995.001709 1967.465576 1795.479370 1632.729492 1586.654175 1726.822144
-9999.0 2547.055176 2476.625732 2435.653809 2356.659180 2285.937012 2197.724365 2157.381836 2141.937988 2031.509277 1981.093506 1940.093750 1900.000000 1806.754639 1769.267090 1714.364746 1675.000000 1650.000000 1628.984253 1654.320923 1702.852295 1728.085693 1722.127930 1697.482544 1682.704834 1670.488037 1688.944458 1621.263062 1531.238159 1527.606079 1494.222778 1469.588623 1419.441772 1345.218506 1315.727539 1315.727539 1333.527710 1430.473755 1488.756714 1639.434204 1741.014404 1797.856934 1838.955322 1992.507812 2089.356934 2120.721924 2170.483887 2172.090088 1997.013306 1804.644653 1810.726196 1799.367065 1792.048828 1581.990356 1560.170410 1701.647339
-9999.0 2360.448975 2334.834229 2316.093750 2275.042480 2249.700195 2181.031006 2104.522461 2025.362427 1952.869751 1977.598877 1886.756104 1823.645264 1760.596680 1725.000000 1740.493652 1712.203979 1726.319336 1742.031982 1725.819824 1822.942139 1818.543579 1800.358765 1858.576782 1853.477905 1772.439575 1764.905151 1766.615845 1688.910156 1686.067627 1691.917480 1648.802856 1591.294434 1484.048706 1403.760498 1359.684082 1300.000000 1328.479614 1433.710449 1531.972656 1613.318848 1645.743896 1776.595825 1844.726685 1919.940552 1915.841431 2098.410156 2084.936768 2018.725830 1896.089233 1753.183228 1627.320801 1631.831909 1541.121704 1532.512329 1559.577271
-9999.0 2338.824463 2283.466553 2236.309082 2211.826172 2174.528809 2165.388184 2125.000000 2043.684204 1969.497681 1925.000000 1823.685913 1800.000000 1798.949951 1830.187622 1827.719727 1849.879272 1899.484375 1866.497314 1763.791260 1900.773437 1966.091187 1995.019409 2019.664795 2013.071289 1803.641357 1790.716064 1919.569092 1903.978638 1889.740234 1886.741455 1822.853638 1756.011353 1651.324829 1559.638916 1450.000000 1334.338745 1275.000000 1299.024658 1415.589355 1464.284668 1572.651978 1692.343994 1768.889893 1790.585327 1790.804321 1945.261719 2031.278687 1891.212769 1910.981201 1831.055298 1711.582031 1575.269653 1472.416504 1477.321411 1575.000000
-9999.0 2252.989014 2195.660889 2171.741699 2145.858398 2131.466553 2103.342285 2053.198730 1981.268066 1888.620728 1850.000000 1815.544434 1853.895142 1902.656128 1898.989502 1873.052002 1979.693848 2066.071045 1897.013550 1892.641357 1955.294312 2143.910156 2125.134277 2075.706299 1886.820557 1829.924805 1870.492310 2006.992310 2001.247192 1975.000000 1901.334473 1843.083252 1731.058594 1632.147949 1508.404663 1428.058472 1363.391846 1372.084717 1268.140503 1270.506104 1396.035156 1466.849121 1555.388306 1682.298584 1617.966553 1728.226074 1848.145264 1905.608154 1835.685791 1754.843018 1739.360596 1705.539307 1500.789307 1430.244141 1466.185425 1561.327271
2243.275391 2198.099609 2150.000000 2100.000000 2060.868164 2042.590088 2016.831421 1968.653198 1921.175781 1909.334839 1900.000000 1917.146362 1937.655273 1990.403931 1957.473145 1950.733276 2102.732422 2075.544922 1950.870239 1995.562012 2001.674072 2151.744873 2195.849854 2041.575806 1945.122559 1973.958252 2004.593872 2011.786133 1951.732178 1898.635254 1846.336548 1722.354370 1623.310303 1540.341797 1469.249512 1433.540405 1483.357300 1511.046875 1391.508057 1268.140503 1227.271851 1361.463501 1435.224243 1498.091553 1518.610840 1648.719727 1759.902954 1850.000000 1776.764404 1719.022095 1626.693481 1590.268433 1432.737061 1375.000000 1473.735718 1563.896362
2331.035156 2210.977051 2168.124512 2132.255859 2081.460938 2052.419189 2009.439087 1987.556030 1972.268433 1971.644653 1974.892944 2006.894653 2010.654419 2063.286133 2016.185059 2003.741455 2098.709717 2098.947754 2012.356567 1986.790161 2035.473877 2130.533203 2199.795166 2073.741699 2078.002441 2104.870850 2070.487549 1990.438965 1933.967407 1882.823853 1825.000000 1694.596191 1584.765259 1525.000000 1530.123657 1564.180786 1669.562744 1644.122681 1574.272949 1432.117554 1283.998413 1227.271851 1325.000000 1425.000000 1464.371094 1533.480957 1648.443970 1742.631714 1762.525513 1633.167480 1527.014404 1439.218872 1368.562866 1384.181763 1533.442017 1574.370850
2353.372559 2235.266846 2201.229248 2169.641113 2132.004883 2115.118896 2100.355713 2081.478027 2113.324707 2096.119385 2074.388916 2074.052734 2083.473877 2158.222900 2135.370117 2111.520264 2220.859375 2191.485352 2184.418945 2154.566650 2150.000000 2167.065918 2164.475830 2125.000000 2102.487549 2172.917480 2142.426270 2000.000000 1915.352417 1856.451294 1775.000000 1633.288086 1582.651733 1603.403931 1631.962036 1737.798340 1847.393311 1801.365845 1677.195557 1534.703491 1388.015015 1248.690674 1227.271851 1326.173218 1347.283081 1417.096069 1514.163574 1600.684692 1627.995605 1578.179810 1415.351807 1281.214722 1312.838867 1426.534058 1583.226440 1663.299194
