examples/3D/hillslope01/output-maps-METEOIO-OFF/psiliqL0098N0002.asc
ncols         104
nrows         10
xllcorner     -2.000000
yllcorner     0.000000
cellsize      1.000000
NODATA_value  -9999.0
-9999.000 -9999.000 -9999.000 -9999.000 -9999.000 -9999.000 -9999.000 -9999.000 -9999.000 -9999.000 -9999.000 -9999.000 -9999.000 -9999.000 -9999.000 -9999.000 -9999.000 -9999.000 -9999.000 -9999.000 -9999.000 -9999.000 -9999.000 -9999.000 -9999.000 -9999.000 -9999.000 -9999.000 -9999.000 -9999.000 -9999.000 -9999.000 -9999.000 -9999.000 -9999.000 -9999.000 -9999.000 -9999.000 -9999.000 -9999.000 -9999.000 -9999.000 -9999.000 -9999.000 -9999.000 -9999.000 -9999.000 -9999.000 -9999.000 -9999.000 -9999.000 -9999.000 -9999.000 -9999.000 -9999.000 -9999.000 -9999.000 -9999.000 -9999.000 -9999.000 -9999.000 -9999.000 -9999.000 -9999.000 -9999.000 -9999.000 -9999.000 -9999.000 -9999.000 -9999.000 -9999.000 -9999.000 -9999.000 -9999.000 -9999.000 -9999.000 -9999.000 -9999.000 -9999.000 -9999.000 -9999.000 -9999.000 -9999.000 -9999.000 -9999.000 -9999.000 -9999.000 -9999.000 -9999.000 -9999.000 -9999.000 -9999.000 -9999.000 -9999.000 -9999.000 -9999.000 -9999.000 -9999.000 -9999.000 -9999.000 -9999.000 -9999.000 -9999.000 -9999.000
-9999.000 -9999.000 -9999.000 -9999.000 -9999.000 -9999.000 -9999.000 -9999.000 -9999.000 -9999.000 -9999.000 -9999.000 -9999.000 -9999.000 -9999.000 -9999.000 -9999.000 -9999.000 -9999.000 -9999.000 -9999.000 -9999.000 -9999.000 -9999.000 -9999.000 -9999.000 -9999.000 -9999.000 -9999.000 -9999.000 -9999.000 -9999.000 -9999.000 -9999.000 -9999.000 -9999.000 -9999.000 -9999.000 -9999.000 -9999.000 -9999.000 -9999.000 -9999.000 -9999.000 -9999.000 -9999.000 -9999.000 -9999.000 -9999.000 -9999.000 -9999.000 -9999.000 -9999.000 -9999.000 -9999.000 -9999.000 -9999.000 -9999.000 -9999.000 -9999.000 -9999.000 -9999.000 -9999.000 -9999.000 -9999.000 -9999.000 -9999.000 -9999.000 -9999.000 -9999.000 -9999.000 -9999.000 -9999.000 -9999.000 -9999.000 -9999.000 -9999.000 -9999.000 -9999.000 -9999.000 -9999.000 -9999.000 -9999.000 -9999.000 -9999.000 -9999.000 -9999.000 -9999.000 -9999.000 -9999.000 -9999.000 -9999.000 -9999.000 -9999.000 -9999.000 -9999.000 -9999.000 -9999.000 -9999.000 -9999.000 -9999.000 -9999.000 -9999.000 -9999.000
-9999.000 -9999.000 10075.177 9979.762 9888.708 9801.608 9717.924 9637.065 9558.439 9481.503 9405.782 9330.883 9256.488 9182.351 9108.283 9034.141 8959.821 8885.247 8810.366 8735.140 8659.544 8583.562 8507.186 8430.411 8353.237 8275.664 8197.698 8119.341 8040.601 7961.482 7881.991 7802.135 7721.920 7641.352 7560.439 7479.187 7397.601 7315.688 7233.453 7150.903 7068.043 6984.878 6901.413 6817.652 6733.599 6649.259 6564.636 6479.733 6394.555 6309.102 6223.376 6137.377 6051.108 5964.569 5877.764 5790.694 5703.359 5615.757 5527.883 5439.732 5351.298 5262.579 5173.574 5084.281 4994.700 4904.830 4814.664 4724.195 4633.408 4542.288 4450.816 4358.973 4266.744 4174.115 4081.073 3987.609 3893.710 3799.363 3704.555 3609.267 3513.481 3417.177 3320.333 3222.924 3124.924 3026.307 2927.046 2827.114 2726.483 2625.127 2523.017 2420.123 2316.412 2211.851 2106.406 2000.043 1892.742 1784.530 1675.595 1566.528 1458.632 1353.953 -9999.000 -9999.000
-9999.000 -9999.000 10075.177 9979.762 9888.708 9801.608 9717.924 9637.065 9558.439 9481.503 9405.782 9330.883 9256.488 9182.351 9108.283 9034.141 8959.821 8885.247 8810.366 8735.140 8659.544 8583.562 8507.186 8430.411 8353.237 8275.664 8197.698 8119.341 8040.601 7961.482 7881.991 7802.135 7721.920 7641.352 7560.439 7479.187 7397.601 7315.688 7233.453 7150.903 7068.043 6984.878 6901.413 6817.652 6733.599 6649.259 6564.636 6479.733 6394.555 6309.102 6223.376 6137.377 6051.108 5964.569 5877.764 5790.694 5703.359 5615.757 5527.883 5439.732 5351.298 5262.579 5173.574 5084.281 4994.700 4904.830 4814.664 4724.195 4633.408 4542.288 4450.816 4358.973 4266.744 4174.115 4081.073 3987.609 3893.710 3799.363 3704.555 3609.267 3513.481 3417.177 3320.333 3222.924 3124.924 3026.307 2927.046 2827.114 2726.483 2625.127 2523.017 2420.123 2316.412 2211.851 2106.406 2000.043 1892.742 1784.530 1675.595 1566.528 1458.632 1353.953 -9999.000 -9999.000
-9999.000 -9999.000 10075.177 9979.762 9888.708 9801.608 9717.924 9637.065 9558.439 9481.503 9405.782 9330.883 9256.488 9182.351 9108.283 9034.141 8959.821 8885.247 8810.366 8735.140 8659.544 8583.562 8507.186 8430.411 8353.237 8275.664 8197.698 8119.341 8040.601 7961.482 7881.991 7802.135 7721.920 7641.352 7560.439 7479.187 7397.601 7315.688 7233.453 7150.903 7068.043 6984.878 6901.413 6817.652 6733.599 6649.259 6564.636 6479.733 6394.555 6309.102 6223.376 6137.377 6051.108 5964.569 5877.764 5790.694 5703.359 5615.757 5527.883 5439.732 5351.298 5262.579 5173.574 5084.281 4994.700 4904.830 4814.664 4724.195 4633.408 4542.288 4450.816 4358.973 4266.744 4174.115 4081.073 3987.609 3893.710 3799.363 3704.555 3609.267 3513.481 3417.177 3320.333 3222.924 3124.924 3026.307 2927.046 2827.114 2726.483 2625.127 2523.017 2420.123 2316.412 2211.851 2106.406 2000.043 1892.742 1784.530 1675.595 1566.528 1458.632 1353.953 -9999.000 -9999.000
-9999.000 -9999.000 10075.177 9979.762 9888.708 9801.608 9717.924 9637.065 9558.439 9481.503 9405.782 9330.883 9256.488 9182.351 9108.283 9034.141 8959.821 8885.247 8810.366 8735.140 8659.544 8583.562 8507.186 8430.411 8353.237 8275.664 8197.698 8119.341 8040.601 7961.482 7881.991 7802.135 7721.920 7641.352 7560.439 7479.187 7397.601 7315.688 7233.453 7150.903 7068.043 6984.878 6901.413 6817.652 6733.599 6649.259 6564.636 6479.733 6394.555 6309.102 6223.376 6137.377 6051.108 5964.569 5877.764 5790.694 5703.359 5615.757 5527.883 5439.732 5351.298 5262.579 5173.574 5084.281 4994.700 4904.830 4814.664 4724.195 4633.408 4542.288 4450.816 4358.973 4266.744 4174.115 4081.073 3987.609 3893.710 3799.363 3704.555 3609.267 3513.481 3417.177 3320.333 3222.924 3124.924 3026.307 2927.046 2827.114 2726.483 2625.127 2523.017 2420.123 2316.412 2211.851 2106.406 2000.043 1892.742 1784.530 1675.595 1566.528 1458.632 1353.953 -9999.000 -9999.000
-9999.000 -9999.000 10075.177 9979.762 9888.708 9801.608 9717.924 9637.065 9558.439 9481.503 9405.782 9330.883 9256.488 9182.351 9108.283 9034.141 8959.821 8885.247 8810.366 8735.140 8659.544 8583.562 8507.186 8430.411 8353.237 8275.664 8197.698 8119.341 8040.601 7961.482 7881.991 7802.135 7721.920 7641.352 7560.439 7479.187 7397.601 7315.688 7233.453 7150.903 7068.043 6984.878 6901.413 6817.652 6733.599 6649.259 6564.636 6479.733 6394.555 6309.102 6223.376 6137.377 6051.108 5964.569 5877.764 5790.694 5703.359 5615.757 5527.883 5439.732 5351.298 5262.579 5173.574 5084.281 4994.700 4904.830 4814.664 4724.195 4633.408 4542.288 4450.816 4358.973 4266.744 4174.115 4081.073 3987.609 3893.710 3799.363 3704.555 3609.267 3513.481 3417.177 3320.333 3222.924 3124.924 3026.307 2927.046 2827.114 2726.483 2625.127 2523.017 2420.123 2316.412 2211.851 2106.406 2000.043 1892.742 1784.530 1675.595 1566.528 1458.632 1353.953 -9999.000 -9999.000
-9999.000 -9999.000 10075.177 9979.762 9888.708 9801.608 9717.924 9637.065 9558.439 9481.503 9405.782 9330.883 9256.488 9182.351 9108.283 9034.141 8959.821 8885.247 8810.366 8735.140 8659.544 8583.562 8507.186 8430.411 8353.237 8275.664 8197.698 8119.341 8040.601 7961.482 7881.991 7802.135 7721.920 7641.352 7560.439 7479.187 7397.601 7315.688 7233.453 7150.903 7068.043 6984.878 6901.413 6817.652 6733.599 6649.259 6564.636 6479.733 6394.555 6309.102 6223.376 6137.377 6051.108 5964.569 5877.764 5790.694 5703.359 5615.757 5527.883 5439.732 5351.298 5262.579 5173.574 5084.281 4994.700 4904.830 4814.664 4724.195 4633.408 4542.288 4450.816 4358.973 4266.744 4174.115 4081.073 3987.609 3893.710 3799.363 3704.555 3609.267 3513.481 3417.177 3320.333 3222.924 3124.924 3026.307 2927.046 2827.114 2726.483 2625.127 2523.017 2420.123 2316.412 2211.851 2106.406 2000.043 1892.742 1784.530 1675.595 1566.528 1458.632 1353.953 -9999.000 -9999.000
-9999.000 -9999.000 -9999.000 -9999.000 -9999.000 -9999.000 -9999.000 -9999.000 -9999.000 -9999.000 -9999.000 -9999.000 -9999.000 -9999.000 -9999.000 -9999.000 -9999.000 -9999.000 -9999.000 -9999.000 -9999.000 -9999.000 -9999.000 -9999.000 -9999.000 -9999.000 -9999.000 -9999.000 -9999.000 -9999.000 -9999.000 -9999.000 -9999.000 -9999.000 -9999.000 -9999.000 -9999.000 -9999.000 -9999.000 -9999.000 -9999.000 -9999.000 -9999.000 -9999.000 -9999.000 -9999.000 -9999.000 -9999.000 -9999.000 -9999.000 -9999.000 -9999.000 -9999.000 -9999.000 -9999.000 -9999.000 -9999.000 -9999.000 -9999.000 -9999.000 -9999.000 -9999.000 -9999.000 -9999.000 -9999.000 -9999.000 -9999.000 -9999.000 -9999.000 -9999.000 -9999.000 -9999.000 -9999.000 -9999.000 -9999.000 -9999.000 -9999.000 -9999.000 -9999.000 -9999.000 -9999.000 -9999.000 -9999.000 -9999.000 -9999.000 -9999.000 -9999.000 -9999.000 -9999.000 -9999.000 -9999.000 -9999.000 -9999.000 -9999.000 -9999.000 -9999.000 -9999.000 -9999.000 -9999.000 -9999.000 -9999.000 -9999.000 -9999.000 -9999.000
-9999.000 -9999.000 -9999.000 -9999.000 -9999.000 -9999.000 -9999.000 -9999.000 -9999.000 -9999.000 -9999.000 -9999.000 -9999.000 -9999.000 -9999.000 -9999.000 -9999.000 -9999.000 -9999.000 -9999.000 -9999.000 -9999.000 -9999.000 -9999.000 -9999.000 -9999.000 -9999.000 -9999.000 -9999.000 -9999.000 -9999.000 -9999.000 -9999.000 -9999.000 -9999.000 -9999.000 -9999.000 -9999.000 -9999.000 -9999.000 -9999.000 -9999.000 -9999.000 -9999.000 -9999.000 -9999.000 -9999.000 -9999.000 -9999.000 -9999.000 -9999.000 -9999.000 -9999.000 -9999.000 -9999.000 -9999.000 -9999.000 -9999.000 -9999.000 -9999.000 -9999.000 -9999.000 -9999.000 -9999.000 -9999.000 -9999.000 -9999.000 -9999.000 -9999.000 -9999.000 -9999.000 -9999.000 -9999.000 -9999.000 -9999.000 -9999.000 -9999.000 -9999.000 -9999.000 -9999.000 -9999.000 -9999.000 -9999.000 -9999.000 -9999.000 -9999.000 -9999.000 -9999.000 -9999.000 -9999.000 -9999.000 -9999.000 -9999.000 -9999.000 -9999.000 -9999.000 -9999.000 -9999.000 -9999.000 -9999.000 -9999.000 -9999.000 -9999.000 -9999.000