examples/3D/hillslope01/output-maps-METEOIO-OFF/psiliqL0049N0003.asc
ncols         104
nrows         10
xllcorner     -2.000000
yllcorner     0.000000
cellsize      1.000000
NODATA_value  -9999.0
-9999.000 -9999.000 -9999.000 -9999.000 -9999.000 -9999.000 -9999.000 -9999.000 -9999.000 -9999.000 -9999.000 -9999.000 -9999.000 -9999.000 -9999.000 -9999.000 -9999.000 -9999.000 -9999.000 -9999.000 -9999.000 -9999.000 -9999.000 -9999.000 -9999.000 -9999.000 -9999.000 -9999.000 -9999.000 -9999.000 -9999.000 -9999.000 -9999.000 -9999.000 -9999.000 -9999.000 -9999.000 -9999.000 -9999.000 -9999.000 -9999.000 -9999.000 -9999.000 -9999.000 -9999.000 -9999.000 -9999.000 -9999.000 -9999.000 -9999.000 -9999.000 -9999.000 -9999.000 -9999.000 -9999.000 -9999.000 -9999.000 -9999.000 -9999.000 -9999.000 -9999.000 -9999.000 -9999.000 -9999.000 -9999.000 -9999.000 -9999.000 -9999.000 -9999.000 -9999.000 -9999.000 -9999.000 -9999.000 -9999.000 -9999.000 -9999.000 -9999.000 -9999.000 -9999.000 -9999.000 -9999.000 -9999.000 -9999.000 -9999.000 -9999.000 -9999.000 -9999.000 -9999.000 -9999.000 -9999.000 -9999.000 -9999.000 -9999.000 -9999.000 -9999.000 -9999.000 -9999.000 -9999.000 -9999.000 -9999.000 -9999.000 -9999.000 -9999.000 -9999.000
-9999.000 -9999.000 -9999.000 -9999.000 -9999.000 -9999.000 -9999.000 -9999.000 -9999.000 -9999.000 -9999.000 -9999.000 -9999.000 -9999.000 -9999.000 -9999.000 -9999.000 -9999.000 -9999.000 -9999.000 -9999.000 -9999.000 -9999.000 -9999.000 -9999.000 -9999.000 -9999.000 -9999.000 -9999.000 -9999.000 -9999.000 -9999.000 -9999.000 -9999.000 -9999.000 -9999.000 -9999.000 -9999.000 -9999.000 -9999.000 -9999.000 -9999.000 -9999.000 -9999.000 -9999.000 -9999.000 -9999.000 -9999.000 -9999.000 -9999.000 -9999.000 -9999.000 -9999.000 -9999.000 -9999.000 -9999.000 -9999.000 -9999.000 -9999.000 -9999.000 -9999.000 -9999.000 -9999.000 -9999.000 -9999.000 -9999.000 -9999.000 -9999.000 -9999.000 -9999.000 -9999.000 -9999.000 -9999.000 -9999.000 -9999.000 -9999.000 -9999.000 -9999.000 -9999.000 -9999.000 -9999.000 -9999.000 -9999.000 -9999.000 -9999.000 -9999.000 -9999.000 -9999.000 -9999.000 -9999.000 -9999.000 -9999.000 -9999.000 -9999.000 -9999.000 -9999.000 -9999.000 -9999.000 -9999.000 -9999.000 -9999.000 -9999.000 -9999.000 -9999.000
-9999.000 -9999.000 5102.166 5009.300 4922.468 4840.062 4760.587 4682.939 4606.406 4530.562 4455.165 4380.083 4305.244 4230.607 4156.148 4081.853 4007.713 3933.722 3859.877 3786.178 3712.623 3639.209 3565.932 3492.793 3419.789 3346.913 3274.161 3201.532 3129.021 3056.618 2984.321 2912.126 2840.024 2768.006 2696.074 2624.223 2552.436 2480.707 2409.043 2337.431 2265.852 2194.311 2122.808 2051.316 1979.817 1908.347 1836.885 1765.394 1693.877 1622.359 1550.796 1479.149 1407.480 1335.776 1263.967 1192.033 1120.074 1048.025 975.795 903.442 831.035 758.466 685.613 612.675 539.647 466.379 392.686 318.975 245.130 170.970 96.213 21.486 -53.086 -126.844 -198.249 -264.195 -322.064 -369.996 -407.444 -435.084 -454.614 -467.991 -476.923 -482.763 -486.507 -488.882 -490.372 -491.298 -491.868 -492.215 -492.424 -492.549 -492.623 -492.667 -492.693 -492.711 -492.739 -492.841 -493.275 -495.013 -501.399 -523.817 -9999.000 -9999.000
-9999.000 -9999.000 5102.166 5009.300 4922.468 4840.062 4760.587 4682.939 4606.406 4530.562 4455.165 4380.083 4305.244 4230.607 4156.148 4081.853 4007.713 3933.722 3859.877 3786.178 3712.623 3639.209 3565.932 3492.793 3419.789 3346.913 3274.161 3201.532 3129.021 3056.618 2984.321 2912.126 2840.024 2768.006 2696.074 2624.223 2552.436 2480.707 2409.043 2337.431 2265.852 2194.311 2122.808 2051.316 1979.817 1908.347 1836.885 1765.394 1693.877 1622.359 1550.796 1479.149 1407.480 1335.776 1263.967 1192.033 1120.074 1048.025 975.795 903.442 831.035 758.466 685.613 612.675 539.647 466.379 392.686 318.975 245.130 170.970 96.213 21.486 -53.086 -126.844 -198.249 -264.195 -322.064 -369.996 -407.444 -435.084 -454.614 -467.991 -476.923 -482.763 -486.507 -488.882 -490.372 -491.298 -491.868 -492.215 -492.424 -492.549 -492.623 -492.667 -492.693 -492.711 -492.739 -492.841 -493.275 -495.013 -501.399 -523.817 -9999.000 -9999.000
-9999.000 -9999.000 5102.166 5009.300 4922.468 4840.062 4760.587 4682.939 4606.406 4530.562 4455.165 4380.083 4305.244 4230.607 4156.148 4081.853 4007.713 3933.722 3859.877 3786.178 3712.623 3639.209 3565.932 3492.793 3419.789 3346.913 3274.161 3201.532 3129.021 3056.618 2984.321 2912.126 2840.024 2768.006 2696.074 2624.223 2552.436 2480.707 2409.043 2337.431 2265.852 2194.311 2122.808 2051.316 1979.817 1908.347 1836.885 1765.394 1693.877 1622.359 1550.796 1479.149 1407.480 1335.776 1263.967 1192.033 1120.074 1048.025 975.795 903.442 831.035 758.466 685.613 612.675 539.647 466.379 392.686 318.975 245.130 170.970 96.213 21.486 -53.086 -126.844 -198.249 -264.195 -322.064 -369.996 -407.444 -435.084 -454.614 -467.991 -476.923 -482.763 -486.507 -488.882 -490.372 -491.298 -491.868 -492.215 -492.424 -492.549 -492.623 -492.667 -492.693 -492.711 -492.739 -492.841 -493.275 -495.013 -501.399 -523.817 -9999.000 -9999.000
-9999.000 -9999.000 5102.166 5009.300 4922.468 4840.062 4760.587 4682.939 4606.406 4530.562 4455.165 4380.083 4305.244 4230.607 4156.148 4081.853 4007.713 3933.722 3859.877 3786.178 3712.623 3639.209 3565.932 3492.793 3419.789 3346.913 3274.161 3201.532 3129.021 3056.618 2984.321 2912.126 2840.024 2768.006 2696.074 2624.223 2552.436 2480.707 2409.043 2337.431 2265.852 2194.311 2122.808 2051.316 1979.817 1908.347 1836.885 1765.394 1693.877 1622.359 1550.796 1479.149 1407.480 1335.776 1263.967 1192.033 1120.074 1048.025 975.795 903.442 831.035 758.466 685.613 612.675 539.647 466.379 392.686 318.975 245.130 170.970 96.213 21.486 -53.086 -126.844 -198.249 -264.195 -322.064 -369.996 -407.444 -435.084 -454.614 -467.991 -476.923 -482.763 -486.507 -488.882 -490.372 -491.298 -491.868 -492.215 -492.424 -492.549 -492.623 -492.667 -492.693 -492.711 -492.739 -492.841 -493.275 -495.013 -501.399 -523.817 -9999.000 -9999.000
-9999.000 -9999.000 5102.166 5009.300 4922.468 4840.062 4760.587 4682.939 4606.406 4530.562 4455.165 4380.083 4305.244 4230.607 4156.148 4081.853 4007.713 3933.722 3859.877 3786.178 3712.623 3639.209 3565.932 3492.793 3419.789 3346.913 3274.161 3201.532 3129.021 3056.618 2984.321 2912.126 2840.024 2768.006 2696.074 2624.223 2552.436 2480.707 2409.043 2337.431 2265.852 2194.311 2122.808 2051.316 1979.817 1908.347 1836.885 1765.394 1693.877 1622.359 1550.796 1479.149 1407.480 1335.776 1263.967 1192.033 1120.074 1048.025 975.795 903.442 831.035 758.466 685.613 612.675 539.647 466.379 392.686 318.975 245.130 170.970 96.213 21.486 -53.086 -126.844 -198.249 -264.195 -322.064 -369.996 -407.444 -435.084 -454.614 -467.991 -476.923 -482.763 -486.507 -488.882 -490.372 -491.298 -491.868 -492.215 -492.424 -492.549 -492.623 -492.667 -492.693 -492.711 -492.739 -492.841 -493.275 -495.013 -501.399 -523.817 -9999.000 -9999.000
-9999.000 -9999.000 5102.166 5009.300 4922.468 4840.062 4760.587 4682.939 4606.406 4530.562 4455.165 4380.083 4305.244 4230.607 4156.148 4081.853 4007.713 3933.722 3859.877 3786.178 3712.623 3639.209 3565.932 3492.793 3419.789 3346.913 3274.161 3201.532 3129.021 3056.618 2984.321 2912.126 2840.024 2768.006 2696.074 2624.223 2552.436 2480.707 2409.043 2337.431 2265.852 2194.311 2122.808 2051.316 1979.817 1908.347 1836.885 1765.394 1693.877 1622.359 1550.796 1479.149 1407.480 1335.776 1263.967 1192.033 1120.074 1048.025 975.795 903.442 831.035 758.466 685.613 612.675 539.647 466.379 392.686 318.975 245.130 170.970 96.213 21.486 -53.086 -126.844 -198.249 -264.195 -322.064 -369.996 -407.444 -435.084 -454.614 -467.991 -476.923 -482.763 -486.507 -488.882 -490.372 -491.298 -491.868 -492.215 -492.424 -492.549 -492.623 -492.667 -492.693 -492.711 -492.739 -492.841 -493.275 -495.013 -501.399 -523.817 -9999.000 -9999.000
-9999.000 -9999.000 -9999.000 -9999.000 -9999.000 -9999.000 -9999.000 -9999.000 -9999.000 -9999.000 -9999.000 -9999.000 -9999.000 -9999.000 -9999.000 -9999.000 -9999.000 -9999.000 -9999.000 -9999.000 -9999.000 -9999.000 -9999.000 -9999.000 -9999.000 -9999.000 -9999.000 -9999.000 -9999.000 -9999.000 -9999.000 -9999.000 -9999.000 -9999.000 -9999.000 -9999.000 -9999.000 -9999.000 -9999.000 -9999.000 -9999.000 -9999.000 -9999.000 -9999.000 -9999.000 -9999.000 -9999.000 -9999.000 -9999.000 -9999.000 -9999.000 -9999.000 -9999.000 -9999.000 -9999.000 -9999.000 -9999.000 -9999.000 -9999.000 -9999.000 -9999.000 -9999.000 -9999.000 -9999.000 -9999.000 -9999.000 -9999.000 -9999.000 -9999.000 -9999.000 -9999.000 -9999.000 -9999.000 -9999.000 -9999.000 -9999.000 -9999.000 -9999.000 -9999.000 -9999.000 -9999.000 -9999.000 -9999.000 -9999.000 -9999.000 -9999.000 -9999.000 -9999.000 -9999.000 -9999.000 -9999.000 -9999.000 -9999.000 -9999.000 -9999.000 -9999.000 -9999.000 -9999.000 -9999.000 -9999.000 -9999.000 -9999.000 -9999.000 -9999.000
-9999.000 -9999.000 -9999.000 -9999.000 -9999.000 -9999.000 -9999.000 -9999.000 -9999.000 -9999.000 -9999.000 -9999.000 -9999.000 -9999.000 -9999.000 -9999.000 -9999.000 -9999.000 -9999.000 -9999.000 -9999.000 -9999.000 -9999.000 -9999.000 -9999.000 -9999.000 -9999.000 -9999.000 -9999.000 -9999.000 -9999.000 -9999.000 -9999.000 -9999.000 -9999.000 -9999.000 -9999.000 -9999.000 -9999.000 -9999.000 -9999.000 -9999.000 -9999.000 -9999.000 -9999.000 -9999.000 -9999.000 -9999.000 -9999.000 -9999.000 -9999.000 -9999.000 -9999.000 -9999.000 -9999.000 -9999.000 -9999.000 -9999.000 -9999.000 -9999.000 -9999.000 -9999.000 -9999.000 -9999.000 -9999.000 -9999.000 -9999.000 -9999.000 -9999.000 -9999.000 -9999.000 -9999.000 -9999.000 -9999.000 -9999.000 -9999.000 -9999.000 -9999.000 -9999.000 -9999.000 -9999.000 -9999.000 -9999.000 -9999.000 -9999.000 -9999.000 -9999.000 -9999.000 -9999.000 -9999.000 -9999.000 -9999.000 -9999.000 -9999.000 -9999.000 -9999.000 -9999.000 -9999.000 -9999.000 -9999.000 -9999.000 -9999.000 -9999.000 -9999.000