examples/3D/hillslope01/output-maps-METEOIO-OFF/psiliqL0073N0002.asc
ncols         104
nrows         10
xllcorner     -2.000000
yllcorner     0.000000
cellsize      1.000000
NODATA_value  -9999.0
-9999.000 -9999.000 -9999.000 -9999.000 -9999.000 -9999.000 -9999.000 -9999.000 -9999.000 -9999.000 -9999.000 -9999.000 -9999.000 -9999.000 -9999.000 -9999.000 -9999.000 -9999.000 -9999.000 -9999.000 -9999.000 -9999.000 -9999.000 -9999.000 -9999.000 -9999.000 -9999.000 -9999.000 -9999.000 -9999.000 -9999.000 -9999.000 -9999.000 -9999.000 -9999.000 -9999.000 -9999.000 -9999.000 -9999.000 -9999.000 -9999.000 -9999.000 -9999.000 -9999.000 -9999.000 -9999.000 -9999.000 -9999.000 -9999.000 -9999.000 -9999.000 -9999.000 -9999.000 -9999.000 -9999.000 -9999.000 -9999.000 -9999.000 -9999.000 -9999.000 -9999.000 -9999.000 -9999.000 -9999.000 -9999.000 -9999.000 -9999.000 -9999.000 -9999.000 -9999.000 -9999.000 -9999.000 -9999.000 -9999.000 -9999.000 -9999.000 -9999.000 -9999.000 -9999.000 -9999.000 -9999.000 -9999.000 -9999.000 -9999.000 -9999.000 -9999.000 -9999.000 -9999.000 -9999.000 -9999.000 -9999.000 -9999.000 -9999.000 -9999.000 -9999.000 -9999.000 -9999.000 -9999.000 -9999.000 -9999.000 -9999.000 -9999.000 -9999.000 -9999.000
-9999.000 -9999.000 -9999.000 -9999.000 -9999.000 -9999.000 -9999.000 -9999.000 -9999.000 -9999.000 -9999.000 -9999.000 -9999.000 -9999.000 -9999.000 -9999.000 -9999.000 -9999.000 -9999.000 -9999.000 -9999.000 -9999.000 -9999.000 -9999.000 -9999.000 -9999.000 -9999.000 -9999.000 -9999.000 -9999.000 -9999.000 -9999.000 -9999.000 -9999.000 -9999.000 -9999.000 -9999.000 -9999.000 -9999.000 -9999.000 -9999.000 -9999.000 -9999.000 -9999.000 -9999.000 -9999.000 -9999.000 -9999.000 -9999.000 -9999.000 -9999.000 -9999.000 -9999.000 -9999.000 -9999.000 -9999.000 -9999.000 -9999.000 -9999.000 -9999.000 -9999.000 -9999.000 -9999.000 -9999.000 -9999.000 -9999.000 -9999.000 -9999.000 -9999.000 -9999.000 -9999.000 -9999.000 -9999.000 -9999.000 -9999.000 -9999.000 -9999.000 -9999.000 -9999.000 -9999.000 -9999.000 -9999.000 -9999.000 -9999.000 -9999.000 -9999.000 -9999.000 -9999.000 -9999.000 -9999.000 -9999.000 -9999.000 -9999.000 -9999.000 -9999.000 -9999.000 -9999.000 -9999.000 -9999.000 -9999.000 -9999.000 -9999.000 -9999.000 -9999.000
-9999.000 -9999.000 7582.483 7487.977 7398.580 7313.615 7232.259 7153.677 7077.115 7001.946 6927.674 6853.924 6780.419 6706.956 6633.389 6559.615 6485.561 6411.174 6336.421 6261.280 6185.737 6109.786 6033.422 5956.648 5879.465 5801.879 5723.895 5645.517 5566.754 5487.612 5408.098 5328.217 5247.977 5167.385 5086.449 5005.174 4923.566 4841.631 4759.375 4676.803 4593.924 4510.742 4427.262 4343.487 4259.418 4175.061 4090.422 4005.508 3920.323 3834.868 3749.141 3663.138 3576.859 3490.310 3403.496 3316.425 3229.100 3141.516 3053.666 2965.536 2877.115 2788.399 2699.391 2610.097 2520.523 2430.670 2340.537 2250.116 2159.393 2068.346 1976.947 1885.166 1792.985 1700.395 1607.393 1513.969 1420.117 1325.824 1231.077 1135.859 1040.150 943.929 847.174 749.860 651.959 553.445 454.286 354.451 253.917 152.667 50.670 -51.853 -151.682 -236.178 -293.682 -326.193 -342.705 -351.214 -357.717 -369.878 -413.897 -595.269 -9999.000 -9999.000
-9999.000 -9999.000 7582.483 7487.977 7398.580 7313.615 7232.259 7153.677 7077.115 7001.946 6927.674 6853.924 6780.419 6706.956 6633.389 6559.615 6485.561 6411.174 6336.421 6261.280 6185.737 6109.786 6033.422 5956.648 5879.465 5801.879 5723.895 5645.517 5566.754 5487.612 5408.098 5328.217 5247.977 5167.385 5086.449 5005.174 4923.566 4841.631 4759.375 4676.803 4593.924 4510.742 4427.262 4343.487 4259.418 4175.061 4090.422 4005.508 3920.323 3834.868 3749.141 3663.138 3576.859 3490.310 3403.496 3316.425 3229.100 3141.516 3053.666 2965.536 2877.115 2788.399 2699.391 2610.097 2520.523 2430.670 2340.537 2250.116 2159.393 2068.346 1976.947 1885.166 1792.985 1700.395 1607.393 1513.969 1420.117 1325.824 1231.077 1135.859 1040.150 943.929 847.174 749.860 651.959 553.445 454.286 354.451 253.917 152.667 50.670 -51.853 -151.682 -236.178 -293.682 -326.193 -342.705 -351.214 -357.717 -369.878 -413.897 -595.269 -9999.000 -9999.000
-9999.000 -9999.000 7582.483 7487.977 7398.580 7313.615 7232.259 7153.677 7077.115 7001.946 6927.674 6853.924 6780.419 6706.956 6633.389 6559.615 6485.561 6411.174 6336.421 6261.280 6185.737 6109.786 6033.422 5956.648 5879.465 5801.879 5723.895 5645.517 5566.754 5487.612 5408.098 5328.217 5247.977 5167.385 5086.449 5005.174 4923.566 4841.631 4759.375 4676.803 4593.924 4510.742 4427.262 4343.487 4259.418 4175.061 4090.422 4005.508 3920.323 3834.868 3749.141 3663.138 3576.859 3490.310 3403.496 3316.425 3229.100 3141.516 3053.666 2965.536 2877.115 2788.399 2699.391 2610.097 2520.523 2430.670 2340.537 2250.116 2159.393 2068.346 1976.947 1885.166 1792.985 1700.395 1607.393 1513.969 1420.117 1325.824 1231.077 1135.859 1040.150 943.929 847.174 749.860 651.959 553.445 454.286 354.451 253.917 152.667 50.670 -51.853 -151.682 -236.178 -293.682 -326.193 -342.705 -351.214 -357.717 -369.878 -413.897 -595.269 -9999.000 -9999.000
-9999.000 -9999.000 7582.483 7487.977 7398.580 7313.615 7232.259 7153.677 7077.115 7001.946 6927.674 6853.924 6780.419 6706.956 6633.389 6559.615 6485.561 6411.174 6336.421 6261.280 6185.737 6109.786 6033.422 5956.648 5879.465 5801.879 5723.895 5645.517 5566.754 5487.612 5408.098 5328.217 5247.977 5167.385 5086.449 5005.174 4923.566 4841.631 4759.375 4676.803 4593.924 4510.742 4427.262 4343.487 4259.418 4175.061 4090.422 4005.508 3920.323 3834.868 3749.141 3663.138 3576.859 3490.310 3403.496 3316.425 3229.100 3141.516 3053.666 2965.536 2877.115 2788.399 2699.391 2610.097 2520.523 2430.670 2340.537 2250.116 2159.393 2068.346 1976.947 1885.166 1792.985 1700.395 1607.393 1513.969 1420.117 1325.824 1231.077 1135.859 1040.150 943.929 847.174 749.860 651.959 553.445 454.286 354.451 253.917 152.667 50.670 -51.853 -151.682 -236.178 -293.682 -326.193 -342.705 -351.214 -357.717 -369.878 -413.897 -595.269 -9999.000 -9999.000
-9999.000 -9999.000 7582.483 7487.977 7398.580 7313.615 7232.259 7153.677 7077.115 7001.946 6927.674 6853.924 6780.419 6706.956 6633.389 6559.615 6485.561 6411.174 6336.421 6261.280 6185.737 6109.786 6033.422 5956.648 5879.465 5801.879 5723.895 5645.517 5566.754 5487.612 5408.098 5328.217 5247.977 5167.385 5086.449 5005.174 4923.566 4841.631 4759.375 4676.803 4593.924 4510.742 4427.262 4343.487 4259.418 4175.061 4090.422 4005.508 3920.323 3834.868 3749.141 3663.138 3576.859 3490.310 3403.496 3316.425 3229.100 3141.516 3053.666 2965.536 2877.115 2788.399 2699.391 2610.097 2520.523 2430.670 2340.537 2250.116 2159.393 2068.346 1976.947 1885.166 1792.985 1700.395 1607.393 1513.969 1420.117 1325.824 1231.077 1135.859 1040.150 943.929 847.174 749.860 651.959 553.445 454.286 354.451 253.917 152.667 50.670 -51.853 -151.682 -236.178 -293.682 -326.193 -342.705 -351.214 -357.717 -369.878 -413.897 -595.269 -9999.000 -9999.000
-9999.000 -9999.000 7582.483 7487.977 7398.580 7313.615 7232.259 7153.677 7077.115 7001.946 6927.674 6853.924 6780.419 6706.956 6633.389 6559.615 6485.561 6411.174 6336.421 6261.280 6185.737 6109.786 6033.422 5956.648 5879.465 5801.879 5723.895 5645.517 5566.754 5487.612 5408.098 5328.217 5247.977 5167.385 5086.449 5005.174 4923.566 4841.631 4759.375 4676.803 4593.924 4510.742 4427.262 4343.487 4259.418 4175.061 4090.422 4005.508 3920.323 3834.868 3749.141 3663.138 3576.859 3490.310 3403.496 3316.425 3229.100 3141.516 3053.666 2965.536 2877.115 2788.399 2699.391 2610.097 2520.523 2430.670 2340.537 2250.116 2159.393 2068.346 1976.947 1885.166 1792.985 1700.395 1607.393 1513.969 1420.117 1325.824 1231.077 1135.859 1040.150 943.929 847.174 749.860 651.959 553.445 454.286 354.451 253.917 152.667 50.670 -51.853 -151.682 -236.178 -293.682 -326.193 -342.705 -351.214 -357.717 -369.878 -413.897 -595.269 -9999.000 -9999.000
-9999.000 -9999.000 -9999.000 -9999.000 -9999.000 -9999.000 -9999.000 -9999.000 -9999.000 -9999.000 -9999.000 -9999.000 -9999.000 -9999.000 -9999.000 -9999.000 -9999.000 -9999.000 -9999.000 -9999.000 -9999.000 -9999.000 -9999.000 -9999.000 -9999.000 -9999.000 -9999.000 -9999.000 -9999.000 -9999.000 -9999.000 -9999.000 -9999.000 -9999.000 -9999.000 -9999.000 -9999.000 -9999.000 -9999.000 -9999.000 -9999.000 -9999.000 -9999.000 -9999.000 -9999.000 -9999.000 -9999.000 -9999.000 -9999.000 -9999.000 -9999.000 -9999.000 -9999.000 -9999.000 -9999.000 -9999.000 -9999.000 -9999.000 -9999.000 -9999.000 -9999.000 -9999.000 -9999.000 -9999.000 -9999.000 -9999.000 -9999.000 -9999.000 -9999.000 -9999.000 -9999.000 -9999.000 -9999.000 -9999.000 -9999.000 -9999.000 -9999.000 -9999.000 -9999.000 -9999.000 -9999.000 -9999.000 -9999.000 -9999.000 -9999.000 -9999.000 -9999.000 -9999.000 -9999.000 -9999.000 -9999.000 -9999.000 -9999.000 -9999.000 -9999.000 -9999.000 -9999.000 -9999.000 -9999.000 -9999.000 -9999.000 -9999.000 -9999.000 -9999.000
-9999.000 -9999.000 -9999.000 -9999.000 -9999.000 -9999.000 -9999.000 -9999.000 -9999.000 -9999.000 -9999.000 -9999.000 -9999.000 -9999.000 -9999.000 -9999.000 -9999.000 -9999.000 -9999.000 -9999.000 -9999.000 -9999.000 -9999.000 -9999.000 -9999.000 -9999.000 -9999.000 -9999.000 -9999.000 -9999.000 -9999.000 -9999.000 -9999.000 -9999.000 -9999.000 -9999.000 -9999.000 -9999.000 -9999.000 -9999.000 -9999.000 -9999.000 -9999.000 -9999.000 -9999.000 -9999.000 -9999.000 -9999.000 -9999.000 -9999.000 -9999.000 -9999.000 -9999.000 -9999.000 -9999.000 -9999.000 -9999.000 -9999.000 -9999.000 -9999.000 -9999.000 -9999.000 -9999.000 -9999.000 -9999.000 -9999.000 -9999.000 -9999.000 -9999.000 -9999.000 -9999.000 -9999.000 -9999.000 -9999.000 -9999.000 -9999.000 -9999.000 -9999.000 -9999.000 -9999.000 -9999.000 -9999.000 -9999.000 -9999.000 -9999.000 -9999.000 -9999.000 -9999.000 -9999.000 -9999.000 -9999.000 -9999.000 -9999.000 -9999.000 -9999.000 -9999.000 -9999.000 -9999.000 -9999.000 -9999.000 -9999.000 -9999.000 -9999.000 -9999.000