examples/3D/hillslope01/output-maps-METEOIO-OFF/psiliqL0019N0003.asc
ncols         104
nrows         10
xllcorner     -2.000000
yllcorner     0.000000
cellsize      1.000000
NODATA_value  -9999.0
-9999.000 -9999.000 -9999.000 -9999.000 -9999.000 -9999.000 -9999.000 -9999.000 -9999.000 -9999.000 -9999.000 -9999.000 -9999.000 -9999.000 -9999.000 -9999.000 -9999.000 -9999.000 -9999.000 -9999.000 -9999.000 -9999.000 -9999.000 -9999.000 -9999.000 -9999.000 -9999.000 -9999.000 -9999.000 -9999.000 -9999.000 -9999.000 -9999.000 -9999.000 -9999.000 -9999.000 -9999.000 -9999.000 -9999.000 -9999.000 -9999.000 -9999.000 -9999.000 -9999.000 -9999.000 -9999.000 -9999.000 -9999.000 -9999.000 -9999.000 -9999.000 -9999.000 -9999.000 -9999.000 -9999.000 -9999.000 -9999.000 -9999.000 -9999.000 -9999.000 -9999.000 -9999.000 -9999.000 -9999.000 -9999.000 -9999.000 -9999.000 -9999.000 -9999.000 -9999.000 -9999.000 -9999.000 -9999.000 -9999.000 -9999.000 -9999.000 -9999.000 -9999.000 -9999.000 -9999.000 -9999.000 -9999.000 -9999.000 -9999.000 -9999.000 -9999.000 -9999.000 -9999.000 -9999.000 -9999.000 -9999.000 -9999.000 -9999.000 -9999.000 -9999.000 -9999.000 -9999.000 -9999.000 -9999.000 -9999.000 -9999.000 -9999.000 -9999.000 -9999.000
-9999.000 -9999.000 -9999.000 -9999.000 -9999.000 -9999.000 -9999.000 -9999.000 -9999.000 -9999.000 -9999.000 -9999.000 -9999.000 -9999.000 -9999.000 -9999.000 -9999.000 -9999.000 -9999.000 -9999.000 -9999.000 -9999.000 -9999.000 -9999.000 -9999.000 -9999.000 -9999.000 -9999.000 -9999.000 -9999.000 -9999.000 -9999.000 -9999.000 -9999.000 -9999.000 -9999.000 -9999.000 -9999.000 -9999.000 -9999.000 -9999.000 -9999.000 -9999.000 -9999.000 -9999.000 -9999.000 -9999.000 -9999.000 -9999.000 -9999.000 -9999.000 -9999.000 -9999.000 -9999.000 -9999.000 -9999.000 -9999.000 -9999.000 -9999.000 -9999.000 -9999.000 -9999.000 -9999.000 -9999.000 -9999.000 -9999.000 -9999.000 -9999.000 -9999.000 -9999.000 -9999.000 -9999.000 -9999.000 -9999.000 -9999.000 -9999.000 -9999.000 -9999.000 -9999.000 -9999.000 -9999.000 -9999.000 -9999.000 -9999.000 -9999.000 -9999.000 -9999.000 -9999.000 -9999.000 -9999.000 -9999.000 -9999.000 -9999.000 -9999.000 -9999.000 -9999.000 -9999.000 -9999.000 -9999.000 -9999.000 -9999.000 -9999.000 -9999.000 -9999.000
-9999.000 -9999.000 2013.947 1939.016 1876.372 1814.752 1750.615 1683.701 1614.639 1544.030 1472.297 1399.807 1326.884 1253.667 1180.219 1106.669 1033.119 959.562 885.963 812.492 739.189 665.963 592.696 519.700 446.910 374.164 301.342 228.900 156.635 84.263 11.921 -59.866 -131.153 -201.746 -270.025 -334.997 -395.517 -450.008 -497.127 -536.660 -568.725 -593.763 -612.887 -627.189 -637.637 -645.168 -650.542 -654.324 -656.963 -658.795 -660.055 -660.915 -661.501 -661.897 -662.162 -662.340 -662.458 -662.536 -662.587 -662.621 -662.642 -662.656 -662.665 -662.671 -662.674 -662.676 -662.678 -662.678 -662.679 -662.679 -662.679 -662.678 -662.678 -662.678 -662.678 -662.678 -662.677 -662.677 -662.677 -662.677 -662.676 -662.676 -662.676 -662.676 -662.675 -662.675 -662.675 -662.675 -662.675 -662.674 -662.674 -662.674 -662.674 -662.673 -662.673 -662.673 -662.675 -662.688 -662.775 -663.318 -666.378 -682.324 -9999.000 -9999.000
-9999.000 -9999.000 2013.953 1939.019 1876.373 1814.752 1750.615 1683.701 1614.639 1544.030 1472.297 1399.807 1326.884 1253.667 1180.219 1106.669 1033.119 959.562 885.963 812.492 739.189 665.963 592.696 519.700 446.910 374.164 301.342 228.900 156.635 84.263 11.921 -59.866 -131.153 -201.746 -270.025 -334.997 -395.517 -450.008 -497.127 -536.660 -568.725 -593.763 -612.887 -627.189 -637.637 -645.168 -650.542 -654.324 -656.963 -658.795 -660.055 -660.915 -661.501 -661.897 -662.162 -662.340 -662.458 -662.536 -662.587 -662.621 -662.642 -662.656 -662.665 -662.671 -662.674 -662.676 -662.678 -662.678 -662.679 -662.679 -662.679 -662.678 -662.678 -662.678 -662.678 -662.678 -662.677 -662.677 -662.677 -662.677 -662.676 -662.676 -662.676 -662.676 -662.675 -662.675 -662.675 -662.675 -662.675 -662.674 -662.674 -662.674 -662.674 -662.673 -662.673 -662.673 -662.675 -662.688 -662.775 -663.318 -666.378 -682.324 -9999.000 -9999.000
-9999.000 -9999.000 2013.958 1939.021 1876.374 1814.753 1750.615 1683.701 1614.639 1544.030 1472.297 1399.807 1326.884 1253.667 1180.219 1106.669 1033.119 959.562 885.963 812.492 739.189 665.963 592.696 519.700 446.910 374.164 301.342 228.900 156.635 84.263 11.921 -59.866 -131.153 -201.746 -270.025 -334.997 -395.517 -450.008 -497.127 -536.660 -568.725 -593.763 -612.887 -627.189 -637.637 -645.168 -650.542 -654.324 -656.963 -658.795 -660.055 -660.915 -661.501 -661.897 -662.162 -662.340 -662.458 -662.536 -662.587 -662.621 -662.642 -662.656 -662.665 -662.671 -662.674 -662.676 -662.678 -662.678 -662.679 -662.679 -662.679 -662.678 -662.678 -662.678 -662.678 -662.678 -662.677 -662.677 -662.677 -662.677 -662.676 -662.676 -662.676 -662.676 -662.675 -662.675 -662.675 -662.675 -662.675 -662.674 -662.674 -662.674 -662.674 -662.673 -662.673 -662.673 -662.675 -662.688 -662.775 -663.318 -666.378 -682.324 -9999.000 -9999.000
-9999.000 -9999.000 2013.958 1939.021 1876.374 1814.753 1750.615 1683.701 1614.639 1544.030 1472.297 1399.807 1326.884 1253.667 1180.219 1106.669 1033.119 959.562 885.963 812.492 739.189 665.963 592.696 519.700 446.910 374.164 301.342 228.900 156.635 84.263 11.921 -59.866 -131.153 -201.746 -270.025 -334.997 -395.517 -450.008 -497.127 -536.660 -568.725 -593.763 -612.887 -627.189 -637.637 -645.168 -650.542 -654.324 -656.963 -658.795 -660.055 -660.915 -661.501 -661.897 -662.162 -662.340 -662.458 -662.536 -662.587 -662.621 -662.642 -662.656 -662.665 -662.671 -662.674 -662.676 -662.678 -662.678 -662.679 -662.679 -662.679 -662.678 -662.678 -662.678 -662.678 -662.678 -662.677 -662.677 -662.677 -662.677 -662.676 -662.676 -662.676 -662.676 -662.675 -662.675 -662.675 -662.675 -662.675 -662.674 -662.674 -662.674 -662.674 -662.673 -662.673 -662.673 -662.675 -662.688 -662.775 -663.318 -666.378 -682.324 -9999.000 -9999.000
-9999.000 -9999.000 2013.953 1939.019 1876.373 1814.752 1750.615 1683.701 1614.639 1544.030 1472.297 1399.807 1326.884 1253.667 1180.219 1106.669 1033.119 959.562 885.963 812.492 739.189 665.963 592.696 519.700 446.910 374.164 301.342 228.900 156.635 84.263 11.921 -59.866 -131.153 -201.746 -270.025 -334.997 -395.517 -450.008 -497.127 -536.660 -568.725 -593.763 -612.887 -627.189 -637.637 -645.168 -650.542 -654.324 -656.963 -658.795 -660.055 -660.915 -661.501 -661.897 -662.162 -662.340 -662.458 -662.536 -662.587 -662.621 -662.642 -662.656 -662.665 -662.671 -662.674 -662.676 -662.678 -662.678 -662.679 -662.679 -662.679 -662.678 -662.678 -662.678 -662.678 -662.678 -662.677 -662.677 -662.677 -662.677 -662.676 -662.676 -662.676 -662.676 -662.675 -662.675 -662.675 -662.675 -662.675 -662.674 -662.674 -662.674 -662.674 -662.673 -662.673 -662.673 -662.675 -662.688 -662.775 -663.318 -666.378 -682.324 -9999.000 -9999.000
-9999.000 -9999.000 2013.947 1939.016 1876.372 1814.752 1750.615 1683.701 1614.639 1544.030 1472.297 1399.807 1326.884 1253.667 1180.219 1106.669 1033.119 959.562 885.963 812.492 739.189 665.963 592.696 519.700 446.910 374.164 301.342 228.900 156.635 84.263 11.921 -59.866 -131.153 -201.746 -270.025 -334.997 -395.517 -450.008 -497.127 -536.660 -568.725 -593.763 -612.887 -627.189 -637.637 -645.168 -650.542 -654.324 -656.963 -658.795 -660.055 -660.915 -661.501 -661.897 -662.162 -662.340 -662.458 -662.536 -662.587 -662.621 -662.642 -662.656 -662.665 -662.671 -662.674 -662.676 -662.678 -662.678 -662.679 -662.679 -662.679 -662.678 -662.678 -662.678 -662.678 -662.678 -662.677 -662.677 -662.677 -662.677 -662.676 -662.676 -662.676 -662.676 -662.675 -662.675 -662.675 -662.675 -662.675 -662.674 -662.674 -662.674 -662.674 -662.673 -662.673 -662.673 -662.675 -662.688 -662.775 -663.318 -666.378 -682.324 -9999.000 -9999.000
-9999.000 -9999.000 -9999.000 -9999.000 -9999.000 -9999.000 -9999.000 -9999.000 -9999.000 -9999.000 -9999.000 -9999.000 -9999.000 -9999.000 -9999.000 -9999.000 -9999.000 -9999.000 -9999.000 -9999.000 -9999.000 -9999.000 -9999.000 -9999.000 -9999.000 -9999.000 -9999.000 -9999.000 -9999.000 -9999.000 -9999.000 -9999.000 -9999.000 -9999.000 -9999.000 -9999.000 -9999.000 -9999.000 -9999.000 -9999.000 -9999.000 -9999.000 -9999.000 -9999.000 -9999.000 -9999.000 -9999.000 -9999.000 -9999.000 -9999.000 -9999.000 -9999.000 -9999.000 -9999.000 -9999.000 -9999.000 -9999.000 -9999.000 -9999.000 -9999.000 -9999.000 -9999.000 -9999.000 -9999.000 -9999.000 -9999.000 -9999.000 -9999.000 -9999.000 -9999.000 -9999.000 -9999.000 -9999.000 -9999.000 -9999.000 -9999.000 -9999.000 -9999.000 -9999.000 -9999.000 -9999.000 -9999.000 -9999.000 -9999.000 -9999.000 -9999.000 -9999.000 -9999.000 -9999.000 -9999.000 -9999.000 -9999.000 -9999.000 -9999.000 -9999.000 -9999.000 -9999.000 -9999.000 -9999.000 -9999.000 -9999.000 -9999.000 -9999.000 -9999.000
-9999.000 -9999.000 -9999.000 -9999.000 -9999.000 -9999.000 -9999.000 -9999.000 -9999.000 -9999.000 -9999.000 -9999.000 -9999.000 -9999.000 -9999.000 -9999.000 -9999.000 -9999.000 -9999.000 -9999.000 -9999.000 -9999.000 -9999.000 -9999.000 -9999.000 -9999.000 -9999.000 -9999.000 -9999.000 -9999.000 -9999.000 -9999.000 -9999.000 -9999.000 -9999.000 -9999.000 -9999.000 -9999.000 -9999.000 -9999.000 -9999.000 -9999.000 -9999.000 -9999.000 -9999.000 -9999.000 -9999.000 -9999.000 -9999.000 -9999.000 -9999.000 -9999.000 -9999.000 -9999.000 -9999.000 -9999.000 -9999.000 -9999.000 -9999.000 -9999.000 -9999.000 -9999.000 -9999.000 -9999.000 -9999.000 -9999.000 -9999.000 -9999.000 -9999.000 -9999.000 -9999.000 -9999.000 -9999.000 -9999.000 -9999.000 -9999.000 -9999.000 -9999.000 -9999.000 -9999.000 -9999.000 -9999.000 -9999.000 -9999.000 -9999.000 -9999.000 -9999.000 -9999.000 -9999.000 -9999.000 -9999.000 -9999.000 -9999.000 -9999.000 -9999.000 -9999.000 -9999.000 -9999.000 -9999.000 -9999.000 -9999.000 -9999.000 -9999.000 -9999.000