examples/3D/hillslope01/output-maps-METEOIO-OFF/psiliqL0014N0001.asc
ncols         104
nrows         10
xllcorner     -2.000000
yllcorner     0.000000
cellsize      1.000000
NODATA_value  -9999.0
-9999.000 -9999.000 -9999.000 -9999.000 -9999.000 -9999.000 -9999.000 -9999.000 -9999.000 -9999.000 -9999.000 -9999.000 -9999.000 -9999.000 -9999.000 -9999.000 -9999.000 -9999.000 -9999.000 -9999.000 -9999.000 -9999.000 -9999.000 -9999.000 -9999.000 -9999.000 -9999.000 -9999.000 -9999.000 -9999.000 -9999.000 -9999.000 -9999.000 -9999.000 -9999.000 -9999.000 -9999.000 -9999.000 -9999.000 -9999.000 -9999.000 -9999.000 -9999.000 -9999.000 -9999.000 -9999.000 -9999.000 -9999.000 -9999.000 -9999.000 -9999.000 -9999.000 -9999.000 -9999.000 -9999.000 -9999.000 -9999.000 -9999.000 -9999.000 -9999.000 -9999.000 -9999.000 -9999.000 -9999.000 -9999.000 -9999.000 -9999.000 -9999.000 -9999.000 -9999.000 -9999.000 -9999.000 -9999.000 -9999.000 -9999.000 -9999.000 -9999.000 -9999.000 -9999.000 -9999.000 -9999.000 -9999.000 -9999.000 -9999.000 -9999.000 -9999.000 -9999.000 -9999.000 -9999.000 -9999.000 -9999.000 -9999.000 -9999.000 -9999.000 -9999.000 -9999.000 -9999.000 -9999.000 -9999.000 -9999.000 -9999.000 -9999.000 -9999.000 -9999.000
-9999.000 -9999.000 -9999.000 -9999.000 -9999.000 -9999.000 -9999.000 -9999.000 -9999.000 -9999.000 -9999.000 -9999.000 -9999.000 -9999.000 -9999.000 -9999.000 -9999.000 -9999.000 -9999.000 -9999.000 -9999.000 -9999.000 -9999.000 -9999.000 -9999.000 -9999.000 -9999.000 -9999.000 -9999.000 -9999.000 -9999.000 -9999.000 -9999.000 -9999.000 -9999.000 -9999.000 -9999.000 -9999.000 -9999.000 -9999.000 -9999.000 -9999.000 -9999.000 -9999.000 -9999.000 -9999.000 -9999.000 -9999.000 -9999.000 -9999.000 -9999.000 -9999.000 -9999.000 -9999.000 -9999.000 -9999.000 -9999.000 -9999.000 -9999.000 -9999.000 -9999.000 -9999.000 -9999.000 -9999.000 -9999.000 -9999.000 -9999.000 -9999.000 -9999.000 -9999.000 -9999.000 -9999.000 -9999.000 -9999.000 -9999.000 -9999.000 -9999.000 -9999.000 -9999.000 -9999.000 -9999.000 -9999.000 -9999.000 -9999.000 -9999.000 -9999.000 -9999.000 -9999.000 -9999.000 -9999.000 -9999.000 -9999.000 -9999.000 -9999.000 -9999.000 -9999.000 -9999.000 -9999.000 -9999.000 -9999.000 -9999.000 -9999.000 -9999.000 -9999.000
-9999.000 -9999.000 12.562 -87.909 -184.839 -260.658 -307.746 -332.796 -345.082 -350.885 -353.582 -354.830 -355.405 -355.671 -355.792 -355.848 -355.872 -355.881 -355.884 -355.883 -355.881 -355.878 -355.874 -355.871 -355.867 -355.863 -355.859 -355.855 -355.851 -355.846 -355.842 -355.838 -355.834 -355.830 -355.826 -355.822 -355.818 -355.813 -355.809 -355.805 -355.801 -355.797 -355.793 -355.789 -355.785 -355.780 -355.776 -355.772 -355.768 -355.764 -355.760 -355.756 -355.751 -355.747 -355.743 -355.739 -355.735 -355.731 -355.727 -355.723 -355.718 -355.714 -355.710 -355.706 -355.702 -355.698 -355.694 -355.690 -355.685 -355.681 -355.677 -355.673 -355.669 -355.665 -355.661 -355.657 -355.652 -355.648 -355.644 -355.640 -355.636 -355.632 -355.628 -355.623 -355.619 -355.615 -355.611 -355.607 -355.603 -355.599 -355.595 -355.590 -355.586 -355.582 -355.578 -355.574 -355.570 -355.569 -355.590 -355.806 -357.548 -369.671 -9999.000 -9999.000
-9999.000 -9999.000 12.562 -87.909 -184.839 -260.658 -307.746 -332.796 -345.082 -350.885 -353.582 -354.830 -355.405 -355.671 -355.792 -355.848 -355.872 -355.881 -355.884 -355.883 -355.881 -355.878 -355.874 -355.871 -355.867 -355.863 -355.859 -355.855 -355.851 -355.846 -355.842 -355.838 -355.834 -355.830 -355.826 -355.822 -355.818 -355.813 -355.809 -355.805 -355.801 -355.797 -355.793 -355.789 -355.785 -355.780 -355.776 -355.772 -355.768 -355.764 -355.760 -355.756 -355.751 -355.747 -355.743 -355.739 -355.735 -355.731 -355.727 -355.723 -355.718 -355.714 -355.710 -355.706 -355.702 -355.698 -355.694 -355.690 -355.685 -355.681 -355.677 -355.673 -355.669 -355.665 -355.661 -355.657 -355.652 -355.648 -355.644 -355.640 -355.636 -355.632 -355.628 -355.623 -355.619 -355.615 -355.611 -355.607 -355.603 -355.599 -355.595 -355.590 -355.586 -355.582 -355.578 -355.574 -355.570 -355.569 -355.590 -355.806 -357.548 -369.671 -9999.000 -9999.000
-9999.000 -9999.000 12.562 -87.909 -184.839 -260.658 -307.746 -332.796 -345.082 -350.885 -353.582 -354.830 -355.405 -355.671 -355.792 -355.848 -355.872 -355.881 -355.884 -355.883 -355.881 -355.878 -355.874 -355.871 -355.867 -355.863 -355.859 -355.855 -355.851 -355.846 -355.842 -355.838 -355.834 -355.830 -355.826 -355.822 -355.818 -355.813 -355.809 -355.805 -355.801 -355.797 -355.793 -355.789 -355.785 -355.780 -355.776 -355.772 -355.768 -355.764 -355.760 -355.756 -355.751 -355.747 -355.743 -355.739 -355.735 -355.731 -355.727 -355.723 -355.718 -355.714 -355.710 -355.706 -355.702 -355.698 -355.694 -355.690 -355.685 -355.681 -355.677 -355.673 -355.669 -355.665 -355.661 -355.657 -355.652 -355.648 -355.644 -355.640 -355.636 -355.632 -355.628 -355.623 -355.619 -355.615 -355.611 -355.607 -355.603 -355.599 -355.595 -355.590 -355.586 -355.582 -355.578 -355.574 -355.570 -355.569 -355.590 -355.806 -357.548 -369.671 -9999.000 -9999.000
-9999.000 -9999.000 12.562 -87.909 -184.839 -260.658 -307.746 -332.796 -345.082 -350.885 -353.582 -354.830 -355.405 -355.671 -355.792 -355.848 -355.872 -355.881 -355.884 -355.883 -355.881 -355.878 -355.874 -355.871 -355.867 -355.863 -355.859 -355.855 -355.851 -355.846 -355.842 -355.838 -355.834 -355.830 -355.826 -355.822 -355.818 -355.813 -355.809 -355.805 -355.801 -355.797 -355.793 -355.789 -355.785 -355.780 -355.776 -355.772 -355.768 -355.764 -355.760 -355.756 -355.751 -355.747 -355.743 -355.739 -355.735 -355.731 -355.727 -355.723 -355.718 -355.714 -355.710 -355.706 -355.702 -355.698 -355.694 -355.690 -355.685 -355.681 -355.677 -355.673 -355.669 -355.665 -355.661 -355.657 -355.652 -355.648 -355.644 -355.640 -355.636 -355.632 -355.628 -355.623 -355.619 -355.615 -355.611 -355.607 -355.603 -355.599 -355.595 -355.590 -355.586 -355.582 -355.578 -355.574 -355.570 -355.569 -355.590 -355.806 -357.548 -369.671 -9999.000 -9999.000
-9999.000 -9999.000 12.562 -87.909 -184.839 -260.658 -307.746 -332.796 -345.082 -350.885 -353.582 -354.830 -355.405 -355.671 -355.792 -355.848 -355.872 -355.881 -355.884 -355.883 -355.881 -355.878 -355.874 -355.871 -355.867 -355.863 -355.859 -355.855 -355.851 -355.846 -355.842 -355.838 -355.834 -355.830 -355.826 -355.822 -355.818 -355.813 -355.809 -355.805 -355.801 -355.797 -355.793 -355.789 -355.785 -355.780 -355.776 -355.772 -355.768 -355.764 -355.760 -355.756 -355.751 -355.747 -355.743 -355.739 -355.735 -355.731 -355.727 -355.723 -355.718 -355.714 -355.710 -355.706 -355.702 -355.698 -355.694 -355.690 -355.685 -355.681 -355.677 -355.673 -355.669 -355.665 -355.661 -355.657 -355.652 -355.648 -355.644 -355.640 -355.636 -355.632 -355.628 -355.623 -355.619 -355.615 -355.611 -355.607 -355.603 -355.599 -355.595 -355.590 -355.586 -355.582 -355.578 -355.574 -355.570 -355.569 -355.590 -355.806 -357.548 -369.671 -9999.000 -9999.000
-9999.000 -9999.000 12.562 -87.909 -184.839 -260.658 -307.746 -332.796 -345.082 -350.885 -353.582 -354.830 -355.405 -355.671 -355.792 -355.848 -355.872 -355.881 -355.884 -355.883 -355.881 -355.878 -355.874 -355.871 -355.867 -355.863 -355.859 -355.855 -355.851 -355.846 -355.842 -355.838 -355.834 -355.830 -355.826 -355.822 -355.818 -355.813 -355.809 -355.805 -355.801 -355.797 -355.793 -355.789 -355.785 -355.780 -355.776 -355.772 -355.768 -355.764 -355.760 -355.756 -355.751 -355.747 -355.743 -355.739 -355.735 -355.731 -355.727 -355.723 -355.718 -355.714 -355.710 -355.706 -355.702 -355.698 -355.694 -355.690 -355.685 -355.681 -355.677 -355.673 -355.669 -355.665 -355.661 -355.657 -355.652 -355.648 -355.644 -355.640 -355.636 -355.632 -355.628 -355.623 -355.619 -355.615 -355.611 -355.607 -355.603 -355.599 -355.595 -355.590 -355.586 -355.582 -355.578 -355.574 -355.570 -355.569 -355.590 -355.806 -357.548 -369.671 -9999.000 -9999.000
-9999.000 -9999.000 -9999.000 -9999.000 -9999.000 -9999.000 -9999.000 -9999.000 -9999.000 -9999.000 -9999.000 -9999.000 -9999.000 -9999.000 -9999.000 -9999.000 -9999.000 -9999.000 -9999.000 -9999.000 -9999.000 -9999.000 -9999.000 -9999.000 -9999.000 -9999.000 -9999.000 -9999.000 -9999.000 -9999.000 -9999.000 -9999.000 -9999.000 -9999.000 -9999.000 -9999.000 -9999.000 -9999.000 -9999.000 -9999.000 -9999.000 -9999.000 -9999.000 -9999.000 -9999.000 -9999.000 -9999.000 -9999.000 -9999.000 -9999.000 -9999.000 -9999.000 -9999.000 -9999.000 -9999.000 -9999.000 -9999.000 -9999.000 -9999.000 -9999.000 -9999.000 -9999.000 -9999.000 -9999.000 -9999.000 -9999.000 -9999.000 -9999.000 -9999.000 -9999.000 -9999.000 -9999.000 -9999.000 -9999.000 -9999.000 -9999.000 -9999.000 -9999.000 -9999.000 -9999.000 -9999.000 -9999.000 -9999.000 -9999.000 -9999.000 -9999.000 -9999.000 -9999.000 -9999.000 -9999.000 -9999.000 -9999.000 -9999.000 -9999.000 -9999.000 -9999.000 -9999.000 -9999.000 -9999.000 -9999.000 -9999.000 -9999.000 -9999.000 -9999.000
-9999.000 -9999.000 -9999.000 -9999.000 -9999.000 -9999.000 -9999.000 -9999.000 -9999.000 -9999.000 -9999.000 -9999.000 -9999.000 -9999.000 -9999.000 -9999.000 -9999.000 -9999.000 -9999.000 -9999.000 -9999.000 -9999.000 -9999.000 -9999.000 -9999.000 -9999.000 -9999.000 -9999.000 -9999.000 -9999.000 -9999.000 -9999.000 -9999.000 -9999.000 -9999.000 -9999.000 -9999.000 -9999.000 -9999.000 -9999.000 -9999.000 -9999.000 -9999.000 -9999.000 -9999.000 -9999.000 -9999.000 -9999.000 -9999.000 -9999.000 -9999.000 -9999.000 -9999.000 -9999.000 -9999.000 -9999.000 -9999.000 -9999.000 -9999.000 -9999.000 -9999.000 -9999.000 -9999.000 -9999.000 -9999.000 -9999.000 -9999.000 -9999.000 -9999.000 -9999.000 -9999.000 -9999.000 -9999.000 -9999.000 -9999.000 -9999.000 -9999.000 -9999.000 -9999.000 -9999.000 -9999.000 -9999.000 -9999.000 -9999.000 -9999.000 -9999.000 -9999.000 -9999.000 -9999.000 -9999.000 -9999.000 -9999.000 -9999.000 -9999.000 -9999.000 -9999.000 -9999.000 -9999.000 -9999.000 -9999.000 -9999.000 -9999.000 -9999.000 -9999.000