examples/3D/hillslope01/output-maps-METEOIO-OFF/psiliqL0069N0002.asc
ncols         104
nrows         10
xllcorner     -2.000000
yllcorner     0.000000
cellsize      1.000000
NODATA_value  -9999.0
-9999.000 -9999.000 -9999.000 -9999.000 -9999.000 -9999.000 -9999.000 -9999.000 -9999.000 -9999.000 -9999.000 -9999.000 -9999.000 -9999.000 -9999.000 -9999.000 -9999.000 -9999.000 -9999.000 -9999.000 -9999.000 -9999.000 -9999.000 -9999.000 -9999.000 -9999.000 -9999.000 -9999.000 -9999.000 -9999.000 -9999.000 -9999.000 -9999.000 -9999.000 -9999.000 -9999.000 -9999.000 -9999.000 -9999.000 -9999.000 -9999.000 -9999.000 -9999.000 -9999.000 -9999.000 -9999.000 -9999.000 -9999.000 -9999.000 -9999.000 -9999.000 -9999.000 -9999.000 -9999.000 -9999.000 -9999.000 -9999.000 -9999.000 -9999.000 -9999.000 -9999.000 -9999.000 -9999.000 -9999.000 -9999.000 -9999.000 -9999.000 -9999.000 -9999.000 -9999.000 -9999.000 -9999.000 -9999.000 -9999.000 -9999.000 -9999.000 -9999.000 -9999.000 -9999.000 -9999.000 -9999.000 -9999.000 -9999.000 -9999.000 -9999.000 -9999.000 -9999.000 -9999.000 -9999.000 -9999.000 -9999.000 -9999.000 -9999.000 -9999.000 -9999.000 -9999.000 -9999.000 -9999.000 -9999.000 -9999.000 -9999.000 -9999.000 -9999.000 -9999.000
-9999.000 -9999.000 -9999.000 -9999.000 -9999.000 -9999.000 -9999.000 -9999.000 -9999.000 -9999.000 -9999.000 -9999.000 -9999.000 -9999.000 -9999.000 -9999.000 -9999.000 -9999.000 -9999.000 -9999.000 -9999.000 -9999.000 -9999.000 -9999.000 -9999.000 -9999.000 -9999.000 -9999.000 -9999.000 -9999.000 -9999.000 -9999.000 -9999.000 -9999.000 -9999.000 -9999.000 -9999.000 -9999.000 -9999.000 -9999.000 -9999.000 -9999.000 -9999.000 -9999.000 -9999.000 -9999.000 -9999.000 -9999.000 -9999.000 -9999.000 -9999.000 -9999.000 -9999.000 -9999.000 -9999.000 -9999.000 -9999.000 -9999.000 -9999.000 -9999.000 -9999.000 -9999.000 -9999.000 -9999.000 -9999.000 -9999.000 -9999.000 -9999.000 -9999.000 -9999.000 -9999.000 -9999.000 -9999.000 -9999.000 -9999.000 -9999.000 -9999.000 -9999.000 -9999.000 -9999.000 -9999.000 -9999.000 -9999.000 -9999.000 -9999.000 -9999.000 -9999.000 -9999.000 -9999.000 -9999.000 -9999.000 -9999.000 -9999.000 -9999.000 -9999.000 -9999.000 -9999.000 -9999.000 -9999.000 -9999.000 -9999.000 -9999.000 -9999.000 -9999.000
-9999.000 -9999.000 7180.724 7086.545 6997.735 6913.515 6832.954 6755.130 6679.239 6604.631 6530.810 6457.413 6384.176 6310.914 6237.496 6163.829 6089.851 6015.519 5940.803 5865.686 5790.157 5714.213 5637.852 5561.077 5483.892 5406.301 5328.310 5249.926 5171.156 5092.006 5012.484 4932.596 4852.348 4771.748 4690.804 4609.523 4527.909 4445.967 4363.703 4281.124 4198.239 4115.052 4031.568 3947.788 3863.714 3779.351 3694.707 3609.789 3524.602 3439.148 3353.421 3267.417 3181.134 3094.580 3007.763 2920.691 2833.368 2745.792 2657.951 2569.830 2481.413 2392.697 2303.687 2214.391 2124.817 2034.968 1944.845 1854.440 1763.738 1672.717 1581.344 1489.583 1397.416 1304.837 1211.845 1118.434 1024.597 930.321 835.593 740.396 644.711 548.517 451.791 354.506 256.637 158.155 59.030 -40.596 -138.253 -223.298 -283.886 -319.778 -338.601 -347.808 -352.149 -354.180 -355.233 -356.207 -358.419 -365.295 -388.275 -481.215 -9999.000 -9999.000
-9999.000 -9999.000 7180.724 7086.545 6997.735 6913.515 6832.954 6755.130 6679.239 6604.631 6530.810 6457.413 6384.176 6310.914 6237.496 6163.829 6089.851 6015.519 5940.803 5865.686 5790.157 5714.213 5637.852 5561.077 5483.892 5406.301 5328.310 5249.926 5171.156 5092.006 5012.484 4932.596 4852.348 4771.748 4690.804 4609.523 4527.909 4445.967 4363.703 4281.124 4198.239 4115.052 4031.568 3947.788 3863.714 3779.351 3694.707 3609.789 3524.602 3439.148 3353.421 3267.417 3181.134 3094.580 3007.763 2920.691 2833.368 2745.792 2657.951 2569.830 2481.413 2392.697 2303.687 2214.391 2124.817 2034.968 1944.845 1854.440 1763.738 1672.717 1581.344 1489.583 1397.416 1304.837 1211.845 1118.434 1024.597 930.321 835.593 740.396 644.711 548.517 451.791 354.506 256.637 158.155 59.030 -40.596 -138.253 -223.298 -283.886 -319.778 -338.601 -347.808 -352.149 -354.180 -355.233 -356.207 -358.419 -365.295 -388.275 -481.215 -9999.000 -9999.000
-9999.000 -9999.000 7180.724 7086.545 6997.735 6913.515 6832.954 6755.130 6679.239 6604.631 6530.810 6457.413 6384.176 6310.914 6237.496 6163.829 6089.851 6015.519 5940.803 5865.686 5790.157 5714.213 5637.852 5561.077 5483.892 5406.301 5328.310 5249.926 5171.156 5092.006 5012.484 4932.596 4852.348 4771.748 4690.804 4609.523 4527.909 4445.967 4363.703 4281.124 4198.239 4115.052 4031.568 3947.788 3863.714 3779.351 3694.707 3609.789 3524.602 3439.148 3353.421 3267.417 3181.134 3094.580 3007.763 2920.691 2833.368 2745.792 2657.951 2569.830 2481.413 2392.697 2303.687 2214.391 2124.817 2034.968 1944.845 1854.440 1763.738 1672.717 1581.344 1489.583 1397.416 1304.837 1211.845 1118.434 1024.597 930.321 835.593 740.396 644.711 548.517 451.791 354.506 256.637 158.155 59.030 -40.596 -138.253 -223.298 -283.886 -319.778 -338.601 -347.808 -352.149 -354.180 -355.233 -356.207 -358.419 -365.295 -388.275 -481.215 -9999.000 -9999.000
-9999.000 -9999.000 7180.724 7086.545 6997.735 6913.515 6832.954 6755.130 6679.239 6604.631 6530.810 6457.413 6384.176 6310.914 6237.496 6163.829 6089.851 6015.519 5940.803 5865.686 5790.157 5714.213 5637.852 5561.077 5483.892 5406.301 5328.310 5249.926 5171.156 5092.006 5012.484 4932.596 4852.348 4771.748 4690.804 4609.523 4527.909 4445.967 4363.703 4281.124 4198.239 4115.052 4031.568 3947.788 3863.714 3779.351 3694.707 3609.789 3524.602 3439.148 3353.421 3267.417 3181.134 3094.580 3007.763 2920.691 2833.368 2745.792 2657.951 2569.830 2481.413 2392.697 2303.687 2214.391 2124.817 2034.968 1944.845 1854.440 1763.738 1672.717 1581.344 1489.583 1397.416 1304.837 1211.845 1118.434 1024.597 930.321 835.593 740.396 644.711 548.517 451.791 354.506 256.637 158.155 59.030 -40.596 -138.253 -223.298 -283.886 -319.778 -338.601 -347.808 -352.149 -354.180 -355.233 -356.207 -358.419 -365.295 -388.275 -481.215 -9999.000 -9999.000
-9999.000 -9999.000 7180.724 7086.545 6997.735 6913.515 6832.954 6755.130 6679.239 6604.631 6530.810 6457.413 6384.176 6310.914 6237.496 6163.829 6089.851 6015.519 5940.803 5865.686 5790.157 5714.213 5637.852 5561.077 5483.892 5406.301 5328.310 5249.926 5171.156 5092.006 5012.484 4932.596 4852.348 4771.748 4690.804 4609.523 4527.909 4445.967 4363.703 4281.124 4198.239 4115.052 4031.568 3947.788 3863.714 3779.351 3694.707 3609.789 3524.602 3439.148 3353.421 3267.417 3181.134 3094.580 3007.763 2920.691 2833.368 2745.792 2657.951 2569.830 2481.413 2392.697 2303.687 2214.391 2124.817 2034.968 1944.845 1854.440 1763.738 1672.717 1581.344 1489.583 1397.416 1304.837 1211.845 1118.434 1024.597 930.321 835.593 740.396 644.711 548.517 451.791 354.506 256.637 158.155 59.030 -40.596 -138.253 -223.298 -283.886 -319.778 -338.601 -347.808 -352.149 -354.180 -355.233 -356.207 -358.419 -365.295 -388.275 -481.215 -9999.000 -9999.000
-9999.000 -9999.000 7180.724 7086.545 6997.735 6913.515 6832.954 6755.130 6679.239 6604.631 6530.810 6457.413 6384.176 6310.914 6237.496 6163.829 6089.851 6015.519 5940.803 5865.686 5790.157 5714.213 5637.852 5561.077 5483.892 5406.301 5328.310 5249.926 5171.156 5092.006 5012.484 4932.596 4852.348 4771.748 4690.804 4609.523 4527.909 4445.967 4363.703 4281.124 4198.239 4115.052 4031.568 3947.788 3863.714 3779.351 3694.707 3609.789 3524.602 3439.148 3353.421 3267.417 3181.134 3094.580 3007.763 2920.691 2833.368 2745.792 2657.951 2569.830 2481.413 2392.697 2303.687 2214.391 2124.817 2034.968 1944.845 1854.440 1763.738 1672.717 1581.344 1489.583 1397.416 1304.837 1211.845 1118.434 1024.597 930.321 835.593 740.396 644.711 548.517 451.791 354.506 256.637 158.155 59.030 -40.596 -138.253 -223.298 -283.886 -319.778 -338.601 -347.808 -352.149 -354.180 -355.233 -356.207 -358.419 -365.295 -388.275 -481.215 -9999.000 -9999.000
-9999.000 -9999.000 -9999.000 -9999.000 -9999.000 -9999.000 -9999.000 -9999.000 -9999.000 -9999.000 -9999.000 -9999.000 -9999.000 -9999.000 -9999.000 -9999.000 -9999.000 -9999.000 -9999.000 -9999.000 -9999.000 -9999.000 -9999.000 -9999.000 -9999.000 -9999.000 -9999.000 -9999.000 -9999.000 -9999.000 -9999.000 -9999.000 -9999.000 -9999.000 -9999.000 -9999.000 -9999.000 -9999.000 -9999.000 -9999.000 -9999.000 -9999.000 -9999.000 -9999.000 -9999.000 -9999.000 -9999.000 -9999.000 -9999.000 -9999.000 -9999.000 -9999.000 -9999.000 -9999.000 -9999.000 -9999.000 -9999.000 -9999.000 -9999.000 -9999.000 -9999.000 -9999.000 -9999.000 -9999.000 -9999.000 -9999.000 -9999.000 -9999.000 -9999.000 -9999.000 -9999.000 -9999.000 -9999.000 -9999.000 -9999.000 -9999.000 -9999.000 -9999.000 -9999.000 -9999.000 -9999.000 -9999.000 -9999.000 -9999.000 -9999.000 -9999.000 -9999.000 -9999.000 -9999.000 -9999.000 -9999.000 -9999.000 -9999.000 -9999.000 -9999.000 -9999.000 -9999.000 -9999.000 -9999.000 -9999.000 -9999.000 -9999.000 -9999.000 -9999.000
-9999.000 -9999.000 -9999.000 -9999.000 -9999.000 -9999.000 -9999.000 -9999.000 -9999.000 -9999.000 -9999.000 -9999.000 -9999.000 -9999.000 -9999.000 -9999.000 -9999.000 -9999.000 -9999.000 -9999.000 -9999.000 -9999.000 -9999.000 -9999.000 -9999.000 -9999.000 -9999.000 -9999.000 -9999.000 -9999.000 -9999.000 -9999.000 -9999.000 -9999.000 -9999.000 -9999.000 -9999.000 -9999.000 -9999.000 -9999.000 -9999.000 -9999.000 -9999.000 -9999.000 -9999.000 -9999.000 -9999.000 -9999.000 -9999.000 -9999.000 -9999.000 -9999.000 -9999.000 -9999.000 -9999.000 -9999.000 -9999.000 -9999.000 -9999.000 -9999.000 -9999.000 -9999.000 -9999.000 -9999.000 -9999.000 -9999.000 -9999.000 -9999.000 -9999.000 -9999.000 -9999.000 -9999.000 -9999.000 -9999.000 -9999.000 -9999.000 -9999.000 -9999.000 -9999.000 -9999.000 -9999.000 -9999.000 -9999.000 -9999.000 -9999.000 -9999.000 -9999.000 -9999.000 -9999.000 -9999.000 -9999.000 -9999.000 -9999.000 -9999.000 -9999.000 -9999.000 -9999.000 -9999.000 -9999.000 -9999.000 -9999.000 -9999.000 -9999.000 -9999.000