examples/3D/hillslope01/output-maps-METEOIO-OFF/psiliqL0001N0002.asc
ncols         104
nrows         10
xllcorner     -2.000000
yllcorner     0.000000
cellsize      1.000000
NODATA_value  -9999.0
-9999.000 -9999.000 -9999.000 -9999.000 -9999.000 -9999.000 -9999.000 -9999.000 -9999.000 -9999.000 -9999.000 -9999.000 -9999.000 -9999.000 -9999.000 -9999.000 -9999.000 -9999.000 -9999.000 -9999.000 -9999.000 -9999.000 -9999.000 -9999.000 -9999.000 -9999.000 -9999.000 -9999.000 -9999.000 -9999.000 -9999.000 -9999.000 -9999.000 -9999.000 -9999.000 -9999.000 -9999.000 -9999.000 -9999.000 -9999.000 -9999.000 -9999.000 -9999.000 -9999.000 -9999.000 -9999.000 -9999.000 -9999.000 -9999.000 -9999.000 -9999.000 -9999.000 -9999.000 -9999.000 -9999.000 -9999.000 -9999.000 -9999.000 -9999.000 -9999.000 -9999.000 -9999.000 -9999.000 -9999.000 -9999.000 -9999.000 -9999.000 -9999.000 -9999.000 -9999.000 -9999.000 -9999.000 -9999.000 -9999.000 -9999.000 -9999.000 -9999.000 -9999.000 -9999.000 -9999.000 -9999.000 -9999.000 -9999.000 -9999.000 -9999.000 -9999.000 -9999.000 -9999.000 -9999.000 -9999.000 -9999.000 -9999.000 -9999.000 -9999.000 -9999.000 -9999.000 -9999.000 -9999.000 -9999.000 -9999.000 -9999.000 -9999.000 -9999.000 -9999.000
-9999.000 -9999.000 -9999.000 -9999.000 -9999.000 -9999.000 -9999.000 -9999.000 -9999.000 -9999.000 -9999.000 -9999.000 -9999.000 -9999.000 -9999.000 -9999.000 -9999.000 -9999.000 -9999.000 -9999.000 -9999.000 -9999.000 -9999.000 -9999.000 -9999.000 -9999.000 -9999.000 -9999.000 -9999.000 -9999.000 -9999.000 -9999.000 -9999.000 -9999.000 -9999.000 -9999.000 -9999.000 -9999.000 -9999.000 -9999.000 -9999.000 -9999.000 -9999.000 -9999.000 -9999.000 -9999.000 -9999.000 -9999.000 -9999.000 -9999.000 -9999.000 -9999.000 -9999.000 -9999.000 -9999.000 -9999.000 -9999.000 -9999.000 -9999.000 -9999.000 -9999.000 -9999.000 -9999.000 -9999.000 -9999.000 -9999.000 -9999.000 -9999.000 -9999.000 -9999.000 -9999.000 -9999.000 -9999.000 -9999.000 -9999.000 -9999.000 -9999.000 -9999.000 -9999.000 -9999.000 -9999.000 -9999.000 -9999.000 -9999.000 -9999.000 -9999.000 -9999.000 -9999.000 -9999.000 -9999.000 -9999.000 -9999.000 -9999.000 -9999.000 -9999.000 -9999.000 -9999.000 -9999.000 -9999.000 -9999.000 -9999.000 -9999.000 -9999.000 -9999.000
-9999.000 -9999.000 65.549 57.133 53.684 50.130 21.505 -24.506 -78.347 -134.255 -187.860 -233.381 -268.093 -292.267 -307.901 -317.432 -323.084 -326.400 -328.341 -329.471 -330.126 -330.504 -330.721 -330.844 -330.912 -330.950 -330.969 -330.979 -330.983 -330.983 -330.982 -330.979 -330.977 -330.973 -330.970 -330.967 -330.963 -330.960 -330.956 -330.953 -330.949 -330.946 -330.942 -330.939 -330.935 -330.932 -330.928 -330.925 -330.921 -330.917 -330.914 -330.910 -330.907 -330.903 -330.900 -330.896 -330.893 -330.889 -330.886 -330.882 -330.879 -330.875 -330.872 -330.868 -330.865 -330.861 -330.858 -330.854 -330.850 -330.847 -330.843 -330.840 -330.836 -330.833 -330.829 -330.826 -330.822 -330.819 -330.815 -330.812 -330.808 -330.805 -330.801 -330.798 -330.794 -330.791 -330.787 -330.783 -330.780 -330.776 -330.773 -330.769 -330.766 -330.762 -330.759 -330.755 -330.752 -330.748 -330.745 -330.745 -330.810 -332.298 -9999.000 -9999.000
-9999.000 -9999.000 65.636 57.136 53.684 50.130 21.505 -24.506 -78.347 -134.255 -187.860 -233.381 -268.093 -292.267 -307.901 -317.432 -323.084 -326.400 -328.341 -329.471 -330.126 -330.504 -330.721 -330.844 -330.912 -330.950 -330.969 -330.979 -330.983 -330.983 -330.982 -330.979 -330.977 -330.973 -330.970 -330.967 -330.963 -330.960 -330.956 -330.953 -330.949 -330.946 -330.942 -330.939 -330.935 -330.932 -330.928 -330.925 -330.921 -330.917 -330.914 -330.910 -330.907 -330.903 -330.900 -330.896 -330.893 -330.889 -330.886 -330.882 -330.879 -330.875 -330.872 -330.868 -330.865 -330.861 -330.858 -330.854 -330.850 -330.847 -330.843 -330.840 -330.836 -330.833 -330.829 -330.826 -330.822 -330.819 -330.815 -330.812 -330.808 -330.805 -330.801 -330.798 -330.794 -330.791 -330.787 -330.783 -330.780 -330.776 -330.773 -330.769 -330.766 -330.762 -330.759 -330.755 -330.752 -330.748 -330.745 -330.745 -330.810 -332.298 -9999.000 -9999.000
-9999.000 -9999.000 65.658 57.137 53.684 50.130 21.505 -24.506 -78.347 -134.255 -187.860 -233.381 -268.093 -292.267 -307.901 -317.432 -323.084 -326.400 -328.341 -329.471 -330.126 -330.504 -330.721 -330.844 -330.912 -330.950 -330.969 -330.979 -330.983 -330.983 -330.982 -330.979 -330.977 -330.973 -330.970 -330.967 -330.963 -330.960 -330.956 -330.953 -330.949 -330.946 -330.942 -330.939 -330.935 -330.932 -330.928 -330.925 -330.921 -330.917 -330.914 -330.910 -330.907 -330.903 -330.900 -330.896 -330.893 -330.889 -330.886 -330.882 -330.879 -330.875 -330.872 -330.868 -330.865 -330.861 -330.858 -330.854 -330.850 -330.847 -330.843 -330.840 -330.836 -330.833 -330.829 -330.826 -330.822 -330.819 -330.815 -330.812 -330.808 -330.805 -330.801 -330.798 -330.794 -330.791 -330.787 -330.783 -330.780 -330.776 -330.773 -330.769 -330.766 -330.762 -330.759 -330.755 -330.752 -330.748 -330.745 -330.745 -330.810 -332.298 -9999.000 -9999.000
-9999.000 -9999.000 65.658 57.137 53.684 50.130 21.505 -24.506 -78.347 -134.255 -187.860 -233.381 -268.093 -292.267 -307.901 -317.432 -323.084 -326.400 -328.341 -329.471 -330.126 -330.504 -330.721 -330.844 -330.912 -330.950 -330.969 -330.979 -330.983 -330.983 -330.982 -330.979 -330.977 -330.973 -330.970 -330.967 -330.963 -330.960 -330.956 -330.953 -330.949 -330.946 -330.942 -330.939 -330.935 -330.932 -330.928 -330.925 -330.921 -330.917 -330.914 -330.910 -330.907 -330.903 -330.900 -330.896 -330.893 -330.889 -330.886 -330.882 -330.879 -330.875 -330.872 -330.868 -330.865 -330.861 -330.858 -330.854 -330.850 -330.847 -330.843 -330.840 -330.836 -330.833 -330.829 -330.826 -330.822 -330.819 -330.815 -330.812 -330.808 -330.805 -330.801 -330.798 -330.794 -330.791 -330.787 -330.783 -330.780 -330.776 -330.773 -330.769 -330.766 -330.762 -330.759 -330.755 -330.752 -330.748 -330.745 -330.745 -330.810 -332.298 -9999.000 -9999.000
-9999.000 -9999.000 65.636 57.136 53.684 50.130 21.505 -24.506 -78.347 -134.255 -187.860 -233.381 -268.093 -292.267 -307.901 -317.432 -323.084 -326.400 -328.341 -329.471 -330.126 -330.504 -330.721 -330.844 -330.912 -330.950 -330.969 -330.979 -330.983 -330.983 -330.982 -330.979 -330.977 -330.973 -330.970 -330.967 -330.963 -330.960 -330.956 -330.953 -330.949 -330.946 -330.942 -330.939 -330.935 -330.932 -330.928 -330.925 -330.921 -330.917 -330.914 -330.910 -330.907 -330.903 -330.900 -330.896 -330.893 -330.889 -330.886 -330.882 -330.879 -330.875 -330.872 -330.868 -330.865 -330.861 -330.858 -330.854 -330.850 -330.847 -330.843 -330.840 -330.836 -330.833 -330.829 -330.826 -330.822 -330.819 -330.815 -330.812 -330.808 -330.805 -330.801 -330.798 -330.794 -330.791 -330.787 -330.783 -330.780 -330.776 -330.773 -330.769 -330.766 -330.762 -330.759 -330.755 -330.752 -330.748 -330.745 -330.745 -330.810 -332.298 -9999.000 -9999.000
-9999.000 -9999.000 65.549 57.133 53.684 50.130 21.505 -24.506 -78.347 -134.255 -187.860 -233.381 -268.093 -292.267 -307.901 -317.432 -323.084 -326.400 -328.341 -329.471 -330.126 -330.504 -330.721 -330.844 -330.912 -330.950 -330.969 -330.979 -330.983 -330.983 -330.982 -330.979 -330.977 -330.973 -330.970 -330.967 -330.963 -330.960 -330.956 -330.953 -330.949 -330.946 -330.942 -330.939 -330.935 -330.932 -330.928 -330.925 -330.921 -330.917 -330.914 -330.910 -330.907 -330.903 -330.900 -330.896 -330.893 -330.889 -330.886 -330.882 -330.879 -330.875 -330.872 -330.868 -330.865 -330.861 -330.858 -330.854 -330.850 -330.847 -330.843 -330.840 -330.836 -330.833 -330.829 -330.826 -330.822 -330.819 -330.815 -330.812 -330.808 -330.805 -330.801 -330.798 -330.794 -330.791 -330.787 -330.783 -330.780 -330.776 -330.773 -330.769 -330.766 -330.762 -330.759 -330.755 -330.752 -330.748 -330.745 -330.745 -330.810 -332.298 -9999.000 -9999.000
-9999.000 -9999.000 -9999.000 -9999.000 -9999.000 -9999.000 -9999.000 -9999.000 -9999.000 -9999.000 -9999.000 -9999.000 -9999.000 -9999.000 -9999.000 -9999.000 -9999.000 -9999.000 -9999.000 -9999.000 -9999.000 -9999.000 -9999.000 -9999.000 -9999.000 -9999.000 -9999.000 -9999.000 -9999.000 -9999.000 -9999.000 -9999.000 -9999.000 -9999.000 -9999.000 -9999.000 -9999.000 -9999.000 -9999.000 -9999.000 -9999.000 -9999.000 -9999.000 -9999.000 -9999.000 -9999.000 -9999.000 -9999.000 -9999.000 -9999.000 -9999.000 -9999.000 -9999.000 -9999.000 -9999.000 -9999.000 -9999.000 -9999.000 -9999.000 -9999.000 -9999.000 -9999.000 -9999.000 -9999.000 -9999.000 -9999.000 -9999.000 -9999.000 -9999.000 -9999.000 -9999.000 -9999.000 -9999.000 -9999.000 -9999.000 -9999.000 -9999.000 -9999.000 -9999.000 -9999.000 -9999.000 -9999.000 -9999.000 -9999.000 -9999.000 -9999.000 -9999.000 -9999.000 -9999.000 -9999.000 -9999.000 -9999.000 -9999.000 -9999.000 -9999.000 -9999.000 -9999.000 -9999.000 -9999.000 -9999.000 -9999.000 -9999.000 -9999.000 -9999.000
-9999.000 -9999.000 -9999.000 -9999.000 -9999.000 -9999.000 -9999.000 -9999.000 -9999.000 -9999.000 -9999.000 -9999.000 -9999.000 -9999.000 -9999.000 -9999.000 -9999.000 -9999.000 -9999.000 -9999.000 -9999.000 -9999.000 -9999.000 -9999.000 -9999.000 -9999.000 -9999.000 -9999.000 -9999.000 -9999.000 -9999.000 -9999.000 -9999.000 -9999.000 -9999.000 -9999.000 -9999.000 -9999.000 -9999.000 -9999.000 -9999.000 -9999.000 -9999.000 -9999.000 -9999.000 -9999.000 -9999.000 -9999.000 -9999.000 -9999.000 -9999.000 -9999.000 -9999.000 -9999.000 -9999.000 -9999.000 -9999.000 -9999.000 -9999.000 -9999.000 -9999.000 -9999.000 -9999.000 -9999.000 -9999.000 -9999.000 -9999.000 -9999.000 -9999.000 -9999.000 -9999.000 -9999.000 -9999.000 -9999.000 -9999.000 -9999.000 -9999.000 -9999.000 -9999.000 -9999.000 -9999.000 -9999.000 -9999.000 -9999.000 -9999.000 -9999.000 -9999.000 -9999.000 -9999.000 -9999.000 -9999.000 -9999.000 -9999.000 -9999.000 -9999.000 -9999.000 -9999.000 -9999.000 -9999.000 -9999.000 -9999.000 -9999.000 -9999.000 -9999.000