examples/3D/hillslope01/output-maps-METEOIO-OFF/psiliqL0042N0001.asc
ncols         104
nrows         10
xllcorner     -2.000000
yllcorner     0.000000
cellsize      1.000000
NODATA_value  -9999.0
-9999.000 -9999.000 -9999.000 -9999.000 -9999.000 -9999.000 -9999.000 -9999.000 -9999.000 -9999.000 -9999.000 -9999.000 -9999.000 -9999.000 -9999.000 -9999.000 -9999.000 -9999.000 -9999.000 -9999.000 -9999.000 -9999.000 -9999.000 -9999.000 -9999.000 -9999.000 -9999.000 -9999.000 -9999.000 -9999.000 -9999.000 -9999.000 -9999.000 -9999.000 -9999.000 -9999.000 -9999.000 -9999.000 -9999.000 -9999.000 -9999.000 -9999.000 -9999.000 -9999.000 -9999.000 -9999.000 -9999.000 -9999.000 -9999.000 -9999.000 -9999.000 -9999.000 -9999.000 -9999.000 -9999.000 -9999.000 -9999.000 -9999.000 -9999.000 -9999.000 -9999.000 -9999.000 -9999.000 -9999.000 -9999.000 -9999.000 -9999.000 -9999.000 -9999.000 -9999.000 -9999.000 -9999.000 -9999.000 -9999.000 -9999.000 -9999.000 -9999.000 -9999.000 -9999.000 -9999.000 -9999.000 -9999.000 -9999.000 -9999.000 -9999.000 -9999.000 -9999.000 -9999.000 -9999.000 -9999.000 -9999.000 -9999.000 -9999.000 -9999.000 -9999.000 -9999.000 -9999.000 -9999.000 -9999.000 -9999.000 -9999.000 -9999.000 -9999.000 -9999.000
-9999.000 -9999.000 -9999.000 -9999.000 -9999.000 -9999.000 -9999.000 -9999.000 -9999.000 -9999.000 -9999.000 -9999.000 -9999.000 -9999.000 -9999.000 -9999.000 -9999.000 -9999.000 -9999.000 -9999.000 -9999.000 -9999.000 -9999.000 -9999.000 -9999.000 -9999.000 -9999.000 -9999.000 -9999.000 -9999.000 -9999.000 -9999.000 -9999.000 -9999.000 -9999.000 -9999.000 -9999.000 -9999.000 -9999.000 -9999.000 -9999.000 -9999.000 -9999.000 -9999.000 -9999.000 -9999.000 -9999.000 -9999.000 -9999.000 -9999.000 -9999.000 -9999.000 -9999.000 -9999.000 -9999.000 -9999.000 -9999.000 -9999.000 -9999.000 -9999.000 -9999.000 -9999.000 -9999.000 -9999.000 -9999.000 -9999.000 -9999.000 -9999.000 -9999.000 -9999.000 -9999.000 -9999.000 -9999.000 -9999.000 -9999.000 -9999.000 -9999.000 -9999.000 -9999.000 -9999.000 -9999.000 -9999.000 -9999.000 -9999.000 -9999.000 -9999.000 -9999.000 -9999.000 -9999.000 -9999.000 -9999.000 -9999.000 -9999.000 -9999.000 -9999.000 -9999.000 -9999.000 -9999.000 -9999.000 -9999.000 -9999.000 -9999.000 -9999.000 -9999.000
-9999.000 -9999.000 2792.381 2692.722 2593.450 2494.606 2396.216 2298.296 2200.858 2103.909 2007.459 1911.516 1816.090 1721.190 1626.828 1533.017 1439.768 1347.093 1255.029 1163.611 1072.850 982.737 893.229 804.224 715.662 627.744 540.715 455.000 371.156 289.609 210.463 133.977 60.544 -10.066 -78.327 -144.653 -209.872 -274.828 -339.342 -404.214 -468.333 -531.385 -592.324 -649.867 -703.493 -751.887 -795.357 -832.653 -861.811 -882.520 -899.414 -914.051 -926.704 -937.748 -947.514 -956.179 -963.932 -970.930 -977.285 -983.098 -988.452 -993.414 -998.039 -1002.375 -1006.459 -1010.323 -1013.996 -1017.499 -1020.850 -1024.066 -1027.160 -1030.141 -1033.019 -1035.801 -1038.492 -1041.098 -1043.622 -1046.067 -1048.435 -1050.727 -1052.945 -1055.089 -1057.159 -1059.155 -1061.077 -1062.924 -1064.696 -1066.390 -1068.008 -1069.546 -1071.003 -1072.379 -1073.672 -1074.880 -1076.001 -1077.035 -1077.981 -1078.840 -1079.619 -1080.406 -1082.130 -1093.384 -9999.000 -9999.000
-9999.000 -9999.000 2792.381 2692.722 2593.450 2494.606 2396.216 2298.296 2200.858 2103.909 2007.459 1911.516 1816.090 1721.190 1626.828 1533.017 1439.768 1347.093 1255.029 1163.611 1072.850 982.737 893.229 804.224 715.662 627.744 540.715 455.000 371.156 289.609 210.463 133.977 60.544 -10.066 -78.327 -144.653 -209.872 -274.828 -339.342 -404.214 -468.333 -531.385 -592.324 -649.867 -703.493 -751.887 -795.357 -832.653 -861.811 -882.520 -899.414 -914.051 -926.704 -937.748 -947.514 -956.179 -963.932 -970.930 -977.285 -983.098 -988.452 -993.414 -998.039 -1002.375 -1006.459 -1010.323 -1013.996 -1017.499 -1020.850 -1024.066 -1027.160 -1030.141 -1033.019 -1035.801 -1038.492 -1041.098 -1043.622 -1046.067 -1048.435 -1050.727 -1052.945 -1055.089 -1057.159 -1059.155 -1061.077 -1062.924 -1064.696 -1066.390 -1068.008 -1069.546 -1071.003 -1072.379 -1073.672 -1074.880 -1076.001 -1077.035 -1077.981 -1078.840 -1079.619 -1080.406 -1082.130 -1093.384 -9999.000 -9999.000
-9999.000 -9999.000 2792.381 2692.722 2593.450 2494.606 2396.216 2298.296 2200.858 2103.909 2007.459 1911.516 1816.090 1721.190 1626.828 1533.017 1439.768 1347.093 1255.029 1163.611 1072.850 982.737 893.229 804.224 715.662 627.744 540.715 455.000 371.156 289.609 210.463 133.977 60.544 -10.066 -78.327 -144.653 -209.872 -274.828 -339.342 -404.214 -468.333 -531.385 -592.324 -649.867 -703.493 -751.887 -795.357 -832.653 -861.811 -882.520 -899.414 -914.051 -926.704 -937.748 -947.514 -956.179 -963.932 -970.930 -977.285 -983.098 -988.452 -993.414 -998.039 -1002.375 -1006.459 -1010.323 -1013.996 -1017.499 -1020.850 -1024.066 -1027.160 -1030.141 -1033.019 -1035.801 -1038.492 -1041.098 -1043.622 -1046.067 -1048.435 -1050.727 -1052.945 -1055.089 -1057.159 -1059.155 -1061.077 -1062.924 -1064.696 -1066.390 -1068.008 -1069.546 -1071.003 -1072.379 -1073.672 -1074.880 -1076.001 -1077.035 -1077.981 -1078.840 -1079.619 -1080.406 -1082.130 -1093.384 -9999.000 -9999.000
-9999.000 -9999.000 2792.381 2692.722 2593.450 2494.606 2396.216 2298.296 2200.858 2103.909 2007.459 1911.516 1816.090 1721.190 1626.828 1533.017 1439.768 1347.093 1255.029 1163.611 1072.850 982.737 893.229 804.224 715.662 627.744 540.715 455.000 371.156 289.609 210.463 133.977 60.544 -10.066 -78.327 -144.653 -209.872 -274.828 -339.342 -404.214 -468.333 -531.385 -592.324 -649.867 -703.493 -751.887 -795.357 -832.653 -861.811 -882.520 -899.414 -914.051 -926.704 -937.748 -947.514 -956.179 -963.932 -970.930 -977.285 -983.098 -988.452 -993.414 -998.039 -1002.375 -1006.459 -1010.323 -1013.996 -1017.499 -1020.850 -1024.066 -1027.160 -1030.141 -1033.019 -1035.801 -1038.492 -1041.098 -1043.622 -1046.067 -1048.435 -1050.727 -1052.945 -1055.089 -1057.159 -1059.155 -1061.077 -1062.924 -1064.696 -1066.390 -1068.008 -1069.546 -1071.003 -1072.379 -1073.672 -1074.880 -1076.001 -1077.035 -1077.981 -1078.840 -1079.619 -1080.406 -1082.130 -1093.384 -9999.000 -9999.000
-9999.000 -9999.000 2792.381 2692.722 2593.450 2494.606 2396.216 2298.296 2200.858 2103.909 2007.459 1911.516 1816.090 1721.190 1626.828 1533.017 1439.768 1347.093 1255.029 1163.611 1072.850 982.737 893.229 804.224 715.662 627.744 540.715 455.000 371.156 289.609 210.463 133.977 60.544 -10.066 -78.327 -144.653 -209.872 -274.828 -339.342 -404.214 -468.333 -531.385 -592.324 -649.867 -703.493 -751.887 -795.357 -832.653 -861.811 -882.520 -899.414 -914.051 -926.704 -937.748 -947.514 -956.179 -963.932 -970.930 -977.285 -983.098 -988.452 -993.414 -998.039 -1002.375 -1006.459 -1010.323 -1013.996 -1017.499 -1020.850 -1024.066 -1027.160 -1030.141 -1033.019 -1035.801 -1038.492 -1041.098 -1043.622 -1046.067 -1048.435 -1050.727 -1052.945 -1055.089 -1057.159 -1059.155 -1061.077 -1062.924 -1064.696 -1066.390 -1068.008 -1069.546 -1071.003 -1072.379 -1073.672 -1074.880 -1076.001 -1077.035 -1077.981 -1078.840 -1079.619 -1080.406 -1082.130 -1093.384 -9999.000 -9999.000
-9999.000 -9999.000 2792.381 2692.722 2593.450 2494.606 2396.216 2298.296 2200.858 2103.909 2007.459 1911.516 1816.090 1721.190 1626.828 1533.017 1439.768 1347.093 1255.029 1163.611 1072.850 982.737 893.229 804.224 715.662 627.744 540.715 455.000 371.156 289.609 210.463 133.977 60.544 -10.066 -78.327 -144.653 -209.872 -274.828 -339.342 -404.214 -468.333 -531.385 -592.324 -649.867 -703.493 -751.887 -795.357 -832.653 -861.811 -882.520 -899.414 -914.051 -926.704 -937.748 -947.514 -956.179 -963.932 -970.930 -977.285 -983.098 -988.452 -993.414 -998.039 -1002.375 -1006.459 -1010.323 -1013.996 -1017.499 -1020.850 -1024.066 -1027.160 -1030.141 -1033.019 -1035.801 -1038.492 -1041.098 -1043.622 -1046.067 -1048.435 -1050.727 -1052.945 -1055.089 -1057.159 -1059.155 -1061.077 -1062.924 -1064.696 -1066.390 -1068.008 -1069.546 -1071.003 -1072.379 -1073.672 -1074.880 -1076.001 -1077.035 -1077.981 -1078.840 -1079.619 -1080.406 -1082.130 -1093.384 -9999.000 -9999.000
-9999.000 -9999.000 -9999.000 -9999.000 -9999.000 -9999.000 -9999.000 -9999.000 -9999.000 -9999.000 -9999.000 -9999.000 -9999.000 -9999.000 -9999.000 -9999.000 -9999.000 -9999.000 -9999.000 -9999.000 -9999.000 -9999.000 -9999.000 -9999.000 -9999.000 -9999.000 -9999.000 -9999.000 -9999.000 -9999.000 -9999.000 -9999.000 -9999.000 -9999.000 -9999.000 -9999.000 -9999.000 -9999.000 -9999.000 -9999.000 -9999.000 -9999.000 -9999.000 -9999.000 -9999.000 -9999.000 -9999.000 -9999.000 -9999.000 -9999.000 -9999.000 -9999.000 -9999.000 -9999.000 -9999.000 -9999.000 -9999.000 -9999.000 -9999.000 -9999.000 -9999.000 -9999.000 -9999.000 -9999.000 -9999.000 -9999.000 -9999.000 -9999.000 -9999.000 -9999.000 -9999.000 -9999.000 -9999.000 -9999.000 -9999.000 -9999.000 -9999.000 -9999.000 -9999.000 -9999.000 -9999.000 -9999.000 -9999.000 -9999.000 -9999.000 -9999.000 -9999.000 -9999.000 -9999.000 -9999.000 -9999.000 -9999.000 -9999.000 -9999.000 -9999.000 -9999.000 -9999.000 -9999.000 -9999.000 -9999.000 -9999.000 -9999.000 -9999.000 -9999.000
-9999.000 -9999.000 -9999.000 -9999.000 -9999.000 -9999.000 -9999.000 -9999.000 -9999.000 -9999.000 -9999.000 -9999.000 -9999.000 -9999.000 -9999.000 -9999.000 -9999.000 -9999.000 -9999.000 -9999.000 -9999.000 -9999.000 -9999.000 -9999.000 -9999.000 -9999.000 -9999.000 -9999.000 -9999.000 -9999.000 -9999.000 -9999.000 -9999.000 -9999.000 -9999.000 -9999.000 -9999.000 -9999.000 -9999.000 -9999.000 -9999.000 -9999.000 -9999.000 -9999.000 -9999.000 -9999.000 -9999.000 -9999.000 -9999.000 -9999.000 -9999.000 -9999.000 -9999.000 -9999.000 -9999.000 -9999.000 -9999.000 -9999.000 -9999.000 -9999.000 -9999.000 -9999.000 -9999.000 -9999.000 -9999.000 -9999.000 -9999.000 -9999.000 -9999.000 -9999.000 -9999.000 -9999.000 -9999.000 -9999.000 -9999.000 -9999.000 -9999.000 -9999.000 -9999.000 -9999.000 -9999.000 -9999.000 -9999.000 -9999.000 -9999.000 -9999.000 -9999.000 -9999.000 -9999.000 -9999.000 -9999.000 -9999.000 -9999.000 -9999.000 -9999.000 -9999.000 -9999.000 -9999.000 -9999.000 -9999.000 -9999.000 -9999.000 -9999.000 -9999.000