examples/3D/hillslope01/output-maps-METEOIO-OFF/psiliqL0051N0003.asc
ncols         104
nrows         10
xllcorner     -2.000000
yllcorner     0.000000
cellsize      1.000000
NODATA_value  -9999.0
-9999.000 -9999.000 -9999.000 -9999.000 -9999.000 -9999.000 -9999.000 -9999.000 -9999.000 -9999.000 -9999.000 -9999.000 -9999.000 -9999.000 -9999.000 -9999.000 -9999.000 -9999.000 -9999.000 -9999.000 -9999.000 -9999.000 -9999.000 -9999.000 -9999.000 -9999.000 -9999.000 -9999.000 -9999.000 -9999.000 -9999.000 -9999.000 -9999.000 -9999.000 -9999.000 -9999.000 -9999.000 -9999.000 -9999.000 -9999.000 -9999.000 -9999.000 -9999.000 -9999.000 -9999.000 -9999.000 -9999.000 -9999.000 -9999.000 -9999.000 -9999.000 -9999.000 -9999.000 -9999.000 -9999.000 -9999.000 -9999.000 -9999.000 -9999.000 -9999.000 -9999.000 -9999.000 -9999.000 -9999.000 -9999.000 -9999.000 -9999.000 -9999.000 -9999.000 -9999.000 -9999.000 -9999.000 -9999.000 -9999.000 -9999.000 -9999.000 -9999.000 -9999.000 -9999.000 -9999.000 -9999.000 -9999.000 -9999.000 -9999.000 -9999.000 -9999.000 -9999.000 -9999.000 -9999.000 -9999.000 -9999.000 -9999.000 -9999.000 -9999.000 -9999.000 -9999.000 -9999.000 -9999.000 -9999.000 -9999.000 -9999.000 -9999.000 -9999.000 -9999.000
-9999.000 -9999.000 -9999.000 -9999.000 -9999.000 -9999.000 -9999.000 -9999.000 -9999.000 -9999.000 -9999.000 -9999.000 -9999.000 -9999.000 -9999.000 -9999.000 -9999.000 -9999.000 -9999.000 -9999.000 -9999.000 -9999.000 -9999.000 -9999.000 -9999.000 -9999.000 -9999.000 -9999.000 -9999.000 -9999.000 -9999.000 -9999.000 -9999.000 -9999.000 -9999.000 -9999.000 -9999.000 -9999.000 -9999.000 -9999.000 -9999.000 -9999.000 -9999.000 -9999.000 -9999.000 -9999.000 -9999.000 -9999.000 -9999.000 -9999.000 -9999.000 -9999.000 -9999.000 -9999.000 -9999.000 -9999.000 -9999.000 -9999.000 -9999.000 -9999.000 -9999.000 -9999.000 -9999.000 -9999.000 -9999.000 -9999.000 -9999.000 -9999.000 -9999.000 -9999.000 -9999.000 -9999.000 -9999.000 -9999.000 -9999.000 -9999.000 -9999.000 -9999.000 -9999.000 -9999.000 -9999.000 -9999.000 -9999.000 -9999.000 -9999.000 -9999.000 -9999.000 -9999.000 -9999.000 -9999.000 -9999.000 -9999.000 -9999.000 -9999.000 -9999.000 -9999.000 -9999.000 -9999.000 -9999.000 -9999.000 -9999.000 -9999.000 -9999.000 -9999.000
-9999.000 -9999.000 5304.825 5211.588 5124.147 5041.062 4960.957 4882.781 4805.829 4729.664 4654.025 4578.763 4503.790 4429.053 4354.520 4280.169 4205.988 4131.966 4058.099 3984.382 3910.813 3837.387 3764.102 3690.955 3617.944 3545.062 3472.304 3399.669 3327.152 3254.743 3182.440 3110.239 3038.131 2966.107 2894.169 2822.310 2750.517 2678.783 2607.111 2535.491 2463.906 2392.359 2320.846 2249.345 2177.844 2106.365 2034.891 1963.392 1891.870 1820.339 1748.765 1677.117 1605.438 1533.717 1461.898 1389.966 1317.991 1245.922 1173.690 1101.334 1028.903 956.312 883.471 810.521 737.461 664.165 590.504 516.771 442.883 368.686 293.983 219.225 144.274 68.959 -6.978 -82.345 -156.031 -225.997 -289.373 -343.253 -386.093 -418.316 -441.399 -457.289 -467.859 -474.737 -479.138 -481.914 -483.642 -484.706 -485.352 -485.742 -485.975 -486.113 -486.194 -486.245 -486.295 -486.417 -486.891 -488.730 -495.338 -518.118 -9999.000 -9999.000
-9999.000 -9999.000 5304.825 5211.588 5124.147 5041.062 4960.957 4882.781 4805.829 4729.664 4654.025 4578.763 4503.790 4429.053 4354.520 4280.169 4205.988 4131.966 4058.099 3984.382 3910.813 3837.387 3764.102 3690.955 3617.944 3545.062 3472.304 3399.669 3327.152 3254.743 3182.440 3110.239 3038.131 2966.107 2894.169 2822.310 2750.517 2678.783 2607.111 2535.491 2463.906 2392.359 2320.846 2249.345 2177.844 2106.365 2034.891 1963.392 1891.870 1820.339 1748.765 1677.117 1605.438 1533.717 1461.898 1389.966 1317.991 1245.922 1173.690 1101.334 1028.903 956.312 883.471 810.521 737.461 664.165 590.504 516.771 442.883 368.686 293.983 219.225 144.274 68.959 -6.978 -82.345 -156.031 -225.997 -289.373 -343.253 -386.093 -418.316 -441.399 -457.289 -467.859 -474.737 -479.138 -481.914 -483.642 -484.706 -485.352 -485.742 -485.975 -486.113 -486.194 -486.245 -486.295 -486.417 -486.891 -488.730 -495.338 -518.118 -9999.000 -9999.000
-9999.000 -9999.000 5304.825 5211.588 5124.147 5041.062 4960.957 4882.781 4805.829 4729.664 4654.025 4578.763 4503.790 4429.053 4354.520 4280.169 4205.988 4131.966 4058.099 3984.382 3910.813 3837.387 3764.102 3690.955 3617.944 3545.062 3472.304 3399.669 3327.152 3254.743 3182.440 3110.239 3038.131 2966.107 2894.169 2822.310 2750.517 2678.783 2607.111 2535.491 2463.906 2392.359 2320.846 2249.345 2177.844 2106.365 2034.891 1963.392 1891.870 1820.339 1748.765 1677.117 1605.438 1533.717 1461.898 1389.966 1317.991 1245.922 1173.690 1101.334 1028.903 956.312 883.471 810.521 737.461 664.165 590.504 516.771 442.883 368.686 293.983 219.225 144.274 68.959 -6.978 -82.345 -156.031 -225.997 -289.373 -343.253 -386.093 -418.316 -441.399 -457.289 -467.859 -474.737 -479.138 -481.914 -483.642 -484.706 -485.352 -485.742 -485.975 -486.113 -486.194 -486.245 -486.295 -486.417 -486.891 -488.730 -495.338 -518.118 -9999.000 -9999.000
-9999.000 -9999.000 5304.825 5211.588 5124.147 5041.062 4960.957 4882.781 4805.829 4729.664 4654.025 4578.763 4503.790 4429.053 4354.520 4280.169 4205.988 4131.966 4058.099 3984.382 3910.813 3837.387 3764.102 3690.955 3617.944 3545.062 3472.304 3399.669 3327.152 3254.743 3182.440 3110.239 3038.131 2966.107 2894.169 2822.310 2750.517 2678.783 2607.111 2535.491 2463.906 2392.359 2320.846 2249.345 2177.844 2106.365 2034.891 1963.392 1891.870 1820.339 1748.765 1677.117 1605.438 1533.717 1461.898 1389.966 1317.991 1245.922 1173.690 1101.334 1028.903 956.312 883.471 810.521 737.461 664.165 590.504 516.771 442.883 368.686 293.983 219.225 144.274 68.959 -6.978 -82.345 -156.031 -225.997 -289.373 -343.253 -386.093 -418.316 -441.399 -457.289 -467.859 -474.737 -479.138 -481.914 -483.642 -484.706 -485.352 -485.742 -485.975 -486.113 -486.194 -486.245 -486.295 -486.417 -486.891 -488.730 -495.338 -518.118 -9999.000 -9999.000
-9999.000 -9999.000 5304.825 5211.588 5124.147 5041.062 4960.957 4882.781 4805.829 4729.664 4654.025 4578.763 4503.790 4429.053 4354.520 4280.169 4205.988 4131.966 4058.099 3984.382 3910.813 3837.387 3764.102 3690.955 3617.944 3545.062 3472.304 3399.669 3327.152 3254.743 3182.440 3110.239 3038.131 2966.107 2894.169 2822.310 2750.517 2678.783 2607.111 2535.491 2463.906 2392.359 2320.846 2249.345 2177.844 2106.365 2034.891 1963.392 1891.870 1820.339 1748.765 1677.117 1605.438 1533.717 1461.898 1389.966 1317.991 1245.922 1173.690 1101.334 1028.903 956.312 883.471 810.521 737.461 664.165 590.504 516.771 442.883 368.686 293.983 219.225 144.274 68.959 -6.978 -82.345 -156.031 -225.997 -289.373 -343.253 -386.093 -418.316 -441.399 -457.289 -467.859 -474.737 -479.138 -481.914 -483.642 -484.706 -485.352 -485.742 -485.975 -486.113 -486.194 -486.245 -486.295 -486.417 -486.891 -488.730 -495.338 -518.118 -9999.000 -9999.000
-9999.000 -9999.000 5304.825 5211.588 5124.147 5041.062 4960.957 4882.781 4805.829 4729.664 4654.025 4578.763 4503.790 4429.053 4354.520 4280.169 4205.988 4131.966 4058.099 3984.382 3910.813 3837.387 3764.102 3690.955 3617.944 3545.062 3472.304 3399.669 3327.152 3254.743 3182.440 3110.239 3038.131 2966.107 2894.169 2822.310 2750.517 2678.783 2607.111 2535.491 2463.906 2392.359 2320.846 2249.345 2177.844 2106.365 2034.891 1963.392 1891.870 1820.339 1748.765 1677.117 1605.438 1533.717 1461.898 1389.966 1317.991 1245.922 1173.690 1101.334 1028.903 956.312 883.471 810.521 737.461 664.165 590.504 516.771 442.883 368.686 293.983 219.225 144.274 68.959 -6.978 -82.345 -156.031 -225.997 -289.373 -343.253 -386.093 -418.316 -441.399 -457.289 -467.859 -474.737 -479.138 -481.914 -483.642 -484.706 -485.352 -485.742 -485.975 -486.113 -486.194 -486.245 -486.295 -486.417 -486.891 -488.730 -495.338 -518.118 -9999.000 -9999.000
-9999.000 -9999.000 -9999.000 -9999.000 -9999.000 -9999.000 -9999.000 -9999.000 -9999.000 -9999.000 -9999.000 -9999.000 -9999.000 -9999.000 -9999.000 -9999.000 -9999.000 -9999.000 -9999.000 -9999.000 -9999.000 -9999.000 -9999.000 -9999.000 -9999.000 -9999.000 -9999.000 -9999.000 -9999.000 -9999.000 -9999.000 -9999.000 -9999.000 -9999.000 -9999.000 -9999.000 -9999.000 -9999.000 -9999.000 -9999.000 -9999.000 -9999.000 -9999.000 -9999.000 -9999.000 -9999.000 -9999.000 -9999.000 -9999.000 -9999.000 -9999.000 -9999.000 -9999.000 -9999.000 -9999.000 -9999.000 -9999.000 -9999.000 -9999.000 -9999.000 -9999.000 -9999.000 -9999.000 -9999.000 -9999.000 -9999.000 -9999.000 -9999.000 -9999.000 -9999.000 -9999.000 -9999.000 -9999.000 -9999.000 -9999.000 -9999.000 -9999.000 -9999.000 -9999.000 -9999.000 -9999.000 -9999.000 -9999.000 -9999.000 -9999.000 -9999.000 -9999.000 -9999.000 -9999.000 -9999.000 -9999.000 -9999.000 -9999.000 -9999.000 -9999.000 -9999.000 -9999.000 -9999.000 -9999.000 -9999.000 -9999.000 -9999.000 -9999.000 -9999.000
-9999.000 -9999.000 -9999.000 -9999.000 -9999.000 -9999.000 -9999.000 -9999.000 -9999.000 -9999.000 -9999.000 -9999.000 -9999.000 -9999.000 -9999.000 -9999.000 -9999.000 -9999.000 -9999.000 -9999.000 -9999.000 -9999.000 -9999.000 -9999.000 -9999.000 -9999.000 -9999.000 -9999.000 -9999.000 -9999.000 -9999.000 -9999.000 -9999.000 -9999.000 -9999.000 -9999.000 -9999.000 -9999.000 -9999.000 -9999.000 -9999.000 -9999.000 -9999.000 -9999.000 -9999.000 -9999.000 -9999.000 -9999.000 -9999.000 -9999.000 -9999.000 -9999.000 -9999.000 -9999.000 -9999.000 -9999.000 -9999.000 -9999.000 -9999.000 -9999.000 -9999.000 -9999.000 -9999.000 -9999.000 -9999.000 -9999.000 -9999.000 -9999.000 -9999.000 -9999.000 -9999.000 -9999.000 -9999.000 -9999.000 -9999.000 -9999.000 -9999.000 -9999.000 -9999.000 -9999.000 -9999.000 -9999.000 -9999.000 -9999.000 -9999.000 -9999.000 -9999.000 -9999.000 -9999.000 -9999.000 -9999.000 -9999.000 -9999.000 -9999.000 -9999.000 -9999.000 -9999.000 -9999.000 -9999.000 -9999.000 -9999.000 -9999.000 -9999.000 -9999.000