examples/3D/hillslope01/output-maps-METEOIO-OFF/psiliqL0099N0002.asc
ncols         104
nrows         10
xllcorner     -2.000000
yllcorner     0.000000
cellsize      1.000000
NODATA_value  -9999.0
-9999.000 -9999.000 -9999.000 -9999.000 -9999.000 -9999.000 -9999.000 -9999.000 -9999.000 -9999.000 -9999.000 -9999.000 -9999.000 -9999.000 -9999.000 -9999.000 -9999.000 -9999.000 -9999.000 -9999.000 -9999.000 -9999.000 -9999.000 -9999.000 -9999.000 -9999.000 -9999.000 -9999.000 -9999.000 -9999.000 -9999.000 -9999.000 -9999.000 -9999.000 -9999.000 -9999.000 -9999.000 -9999.000 -9999.000 -9999.000 -9999.000 -9999.000 -9999.000 -9999.000 -9999.000 -9999.000 -9999.000 -9999.000 -9999.000 -9999.000 -9999.000 -9999.000 -9999.000 -9999.000 -9999.000 -9999.000 -9999.000 -9999.000 -9999.000 -9999.000 -9999.000 -9999.000 -9999.000 -9999.000 -9999.000 -9999.000 -9999.000 -9999.000 -9999.000 -9999.000 -9999.000 -9999.000 -9999.000 -9999.000 -9999.000 -9999.000 -9999.000 -9999.000 -9999.000 -9999.000 -9999.000 -9999.000 -9999.000 -9999.000 -9999.000 -9999.000 -9999.000 -9999.000 -9999.000 -9999.000 -9999.000 -9999.000 -9999.000 -9999.000 -9999.000 -9999.000 -9999.000 -9999.000 -9999.000 -9999.000 -9999.000 -9999.000 -9999.000 -9999.000
-9999.000 -9999.000 -9999.000 -9999.000 -9999.000 -9999.000 -9999.000 -9999.000 -9999.000 -9999.000 -9999.000 -9999.000 -9999.000 -9999.000 -9999.000 -9999.000 -9999.000 -9999.000 -9999.000 -9999.000 -9999.000 -9999.000 -9999.000 -9999.000 -9999.000 -9999.000 -9999.000 -9999.000 -9999.000 -9999.000 -9999.000 -9999.000 -9999.000 -9999.000 -9999.000 -9999.000 -9999.000 -9999.000 -9999.000 -9999.000 -9999.000 -9999.000 -9999.000 -9999.000 -9999.000 -9999.000 -9999.000 -9999.000 -9999.000 -9999.000 -9999.000 -9999.000 -9999.000 -9999.000 -9999.000 -9999.000 -9999.000 -9999.000 -9999.000 -9999.000 -9999.000 -9999.000 -9999.000 -9999.000 -9999.000 -9999.000 -9999.000 -9999.000 -9999.000 -9999.000 -9999.000 -9999.000 -9999.000 -9999.000 -9999.000 -9999.000 -9999.000 -9999.000 -9999.000 -9999.000 -9999.000 -9999.000 -9999.000 -9999.000 -9999.000 -9999.000 -9999.000 -9999.000 -9999.000 -9999.000 -9999.000 -9999.000 -9999.000 -9999.000 -9999.000 -9999.000 -9999.000 -9999.000 -9999.000 -9999.000 -9999.000 -9999.000 -9999.000 -9999.000
-9999.000 -9999.000 10174.277 10078.857 9987.796 9900.685 9816.990 9736.119 9657.483 9580.537 9504.808 9429.903 9355.503 9281.363 9207.291 9133.147 9058.826 8984.251 8909.369 8834.142 8758.546 8682.564 8606.188 8529.413 8452.239 8374.667 8296.700 8218.344 8139.603 8060.484 7980.994 7901.138 7820.923 7740.355 7659.442 7578.190 7496.604 7414.691 7332.457 7249.906 7167.046 7083.882 7000.417 6916.656 6832.603 6748.263 6663.640 6578.738 6493.559 6408.106 6322.380 6236.382 6150.112 6063.574 5976.769 5889.699 5802.364 5714.762 5626.887 5538.736 5450.303 5361.584 5272.578 5183.285 5093.705 5003.834 4913.668 4823.198 4732.411 4641.291 4549.818 4457.976 4365.746 4273.116 4180.075 4086.610 3992.711 3898.364 3803.555 3708.267 3612.481 3516.177 3419.332 3321.922 3223.922 3125.304 3026.043 2926.110 2825.479 2724.122 2622.012 2519.117 2415.405 2310.843 2205.398 2099.035 1991.734 1883.526 1774.603 1665.561 1557.705 1453.055 -9999.000 -9999.000
-9999.000 -9999.000 10174.277 10078.857 9987.796 9900.685 9816.990 9736.119 9657.483 9580.537 9504.808 9429.903 9355.503 9281.363 9207.291 9133.147 9058.826 8984.251 8909.369 8834.142 8758.546 8682.564 8606.188 8529.413 8452.239 8374.667 8296.700 8218.344 8139.603 8060.484 7980.994 7901.138 7820.923 7740.355 7659.442 7578.190 7496.604 7414.691 7332.457 7249.906 7167.046 7083.882 7000.417 6916.656 6832.603 6748.263 6663.640 6578.738 6493.559 6408.106 6322.380 6236.382 6150.112 6063.574 5976.769 5889.699 5802.364 5714.762 5626.887 5538.736 5450.303 5361.584 5272.578 5183.285 5093.705 5003.834 4913.668 4823.198 4732.411 4641.291 4549.818 4457.976 4365.746 4273.116 4180.075 4086.610 3992.711 3898.364 3803.555 3708.267 3612.481 3516.177 3419.332 3321.922 3223.922 3125.304 3026.043 2926.110 2825.479 2724.122 2622.012 2519.117 2415.405 2310.843 2205.398 2099.035 1991.734 1883.526 1774.603 1665.561 1557.705 1453.055 -9999.000 -9999.000
-9999.000 -9999.000 10174.277 10078.857 9987.796 9900.685 9816.990 9736.119 9657.483 9580.537 9504.808 9429.903 9355.503 9281.363 9207.291 9133.147 9058.826 8984.251 8909.369 8834.142 8758.546 8682.564 8606.188 8529.413 8452.239 8374.667 8296.700 8218.344 8139.603 8060.484 7980.994 7901.138 7820.923 7740.355 7659.442 7578.190 7496.604 7414.691 7332.457 7249.906 7167.046 7083.882 7000.417 6916.656 6832.603 6748.263 6663.640 6578.738 6493.559 6408.106 6322.380 6236.382 6150.112 6063.574 5976.769 5889.699 5802.364 5714.762 5626.887 5538.736 5450.303 5361.584 5272.578 5183.285 5093.705 5003.834 4913.668 4823.198 4732.411 4641.291 4549.818 4457.976 4365.746 4273.116 4180.075 4086.610 3992.711 3898.364 3803.555 3708.267 3612.481 3516.177 3419.332 3321.922 3223.922 3125.304 3026.043 2926.110 2825.479 2724.122 2622.012 2519.117 2415.405 2310.843 2205.398 2099.035 1991.734 1883.526 1774.603 1665.561 1557.705 1453.055 -9999.000 -9999.000
-9999.000 -9999.000 10174.277 10078.857 9987.796 9900.685 9816.990 9736.119 9657.483 9580.537 9504.808 9429.903 9355.503 9281.363 9207.291 9133.147 9058.826 8984.251 8909.369 8834.142 8758.546 8682.564 8606.188 8529.413 8452.239 8374.667 8296.700 8218.344 8139.603 8060.484 7980.994 7901.138 7820.923 7740.355 7659.442 7578.190 7496.604 7414.691 7332.457 7249.906 7167.046 7083.882 7000.417 6916.656 6832.603 6748.263 6663.640 6578.738 6493.559 6408.106 6322.380 6236.382 6150.112 6063.574 5976.769 5889.699 5802.364 5714.762 5626.887 5538.736 5450.303 5361.584 5272.578 5183.285 5093.705 5003.834 4913.668 4823.198 4732.411 4641.291 4549.818 4457.976 4365.746 4273.116 4180.075 4086.610 3992.711 3898.364 3803.555 3708.267 3612.481 3516.177 3419.332 3321.922 3223.922 3125.304 3026.043 2926.110 2825.479 2724.122 2622.012 2519.117 2415.405 2310.843 2205.398 2099.035 1991.734 1883.526 1774.603 1665.561 1557.705 1453.055 -9999.000 -9999.000
-9999.000 -9999.000 10174.277 10078.857 9987.796 9900.685 9816.990 9736.119 9657.483 9580.537 9504.808 9429.903 9355.503 9281.363 9207.291 9133.147 9058.826 8984.251 8909.369 8834.142 8758.546 8682.564 8606.188 8529.413 8452.239 8374.667 8296.700 8218.344 8139.603 8060.484 7980.994 7901.138 7820.923 7740.355 7659.442 7578.190 7496.604 7414.691 7332.457 7249.906 7167.046 7083.882 7000.417 6916.656 6832.603 6748.263 6663.640 6578.738 6493.559 6408.106 6322.380 6236.382 6150.112 6063.574 5976.769 5889.699 5802.364 5714.762 5626.887 5538.736 5450.303 5361.584 5272.578 5183.285 5093.705 5003.834 4913.668 4823.198 4732.411 4641.291 4549.818 4457.976 4365.746 4273.116 4180.075 4086.610 3992.711 3898.364 3803.555 3708.267 3612.481 3516.177 3419.332 3321.922 3223.922 3125.304 3026.043 2926.110 2825.479 2724.122 2622.012 2519.117 2415.405 2310.843 2205.398 2099.035 1991.734 1883.526 1774.603 1665.561 1557.705 1453.055 -9999.000 -9999.000
-9999.000 -9999.000 10174.277 10078.857 9987.796 9900.685 9816.990 9736.119 9657.483 9580.537 9504.808 9429.903 9355.503 9281.363 9207.291 9133.147 9058.826 8984.251 8909.369 8834.142 8758.546 8682.564 8606.188 8529.413 8452.239 8374.667 8296.700 8218.344 8139.603 8060.484 7980.994 7901.138 7820.923 7740.355 7659.442 7578.190 7496.604 7414.691 7332.457 7249.906 7167.046 7083.882 7000.417 6916.656 6832.603 6748.263 6663.640 6578.738 6493.559 6408.106 6322.380 6236.382 6150.112 6063.574 5976.769 5889.699 5802.364 5714.762 5626.887 5538.736 5450.303 5361.584 5272.578 5183.285 5093.705 5003.834 4913.668 4823.198 4732.411 4641.291 4549.818 4457.976 4365.746 4273.116 4180.075 4086.610 3992.711 3898.364 3803.555 3708.267 3612.481 3516.177 3419.332 3321.922 3223.922 3125.304 3026.043 2926.110 2825.479 2724.122 2622.012 2519.117 2415.405 2310.843 2205.398 2099.035 1991.734 1883.526 1774.603 1665.561 1557.705 1453.055 -9999.000 -9999.000
-9999.000 -9999.000 -9999.000 -9999.000 -9999.000 -9999.000 -9999.000 -9999.000 -9999.000 -9999.000 -9999.000 -9999.000 -9999.000 -9999.000 -9999.000 -9999.000 -9999.000 -9999.000 -9999.000 -9999.000 -9999.000 -9999.000 -9999.000 -9999.000 -9999.000 -9999.000 -9999.000 -9999.000 -9999.000 -9999.000 -9999.000 -9999.000 -9999.000 -9999.000 -9999.000 -9999.000 -9999.000 -9999.000 -9999.000 -9999.000 -9999.000 -9999.000 -9999.000 -9999.000 -9999.000 -9999.000 -9999.000 -9999.000 -9999.000 -9999.000 -9999.000 -9999.000 -9999.000 -9999.000 -9999.000 -9999.000 -9999.000 -9999.000 -9999.000 -9999.000 -9999.000 -9999.000 -9999.000 -9999.000 -9999.000 -9999.000 -9999.000 -9999.000 -9999.000 -9999.000 -9999.000 -9999.000 -9999.000 -9999.000 -9999.000 -9999.000 -9999.000 -9999.000 -9999.000 -9999.000 -9999.000 -9999.000 -9999.000 -9999.000 -9999.000 -9999.000 -9999.000 -9999.000 -9999.000 -9999.000 -9999.000 -9999.000 -9999.000 -9999.000 -9999.000 -9999.000 -9999.000 -9999.000 -9999.000 -9999.000 -9999.000 -9999.000 -9999.000 -9999.000
-9999.000 -9999.000 -9999.000 -9999.000 -9999.000 -9999.000 -9999.000 -9999.000 -9999.000 -9999.000 -9999.000 -9999.000 -9999.000 -9999.000 -9999.000 -9999.000 -9999.000 -9999.000 -9999.000 -9999.000 -9999.000 -9999.000 -9999.000 -9999.000 -9999.000 -9999.000 -9999.000 -9999.000 -9999.000 -9999.000 -9999.000 -9999.000 -9999.000 -9999.000 -9999.000 -9999.000 -9999.000 -9999.000 -9999.000 -9999.000 -9999.000 -9999.000 -9999.000 -9999.000 -9999.000 -9999.000 -9999.000 -9999.000 -9999.000 -9999.000 -9999.000 -9999.000 -9999.000 -9999.000 -9999.000 -9999.000 -9999.000 -9999.000 -9999.000 -9999.000 -9999.000 -9999.000 -9999.000 -9999.000 -9999.000 -9999.000 -9999.000 -9999.000 -9999.000 -9999.000 -9999.000 -9999.000 -9999.000 -9999.000 -9999.000 -9999.000 -9999.000 -9999.000 -9999.000 -9999.000 -9999.000 -9999.000 -9999.000 -9999.000 -9999.000 -9999.000 -9999.000 -9999.000 -9999.000 -9999.000 -9999.000 -9999.000 -9999.000 -9999.000 -9999.000 -9999.000 -9999.000 -9999.000 -9999.000 -9999.000 -9999.000 -9999.000 -9999.000 -9999.000