examples/3D/hillslope01/output-maps-METEOIO-OFF/psiliqL0091N0002.asc
ncols         104
nrows         10
xllcorner     -2.000000
yllcorner     0.000000
cellsize      1.000000
NODATA_value  -9999.0
-9999.000 -9999.000 -9999.000 -9999.000 -9999.000 -9999.000 -9999.000 -9999.000 -9999.000 -9999.000 -9999.000 -9999.000 -9999.000 -9999.000 -9999.000 -9999.000 -9999.000 -9999.000 -9999.000 -9999.000 -9999.000 -9999.000 -9999.000 -9999.000 -9999.000 -9999.000 -9999.000 -9999.000 -9999.000 -9999.000 -9999.000 -9999.000 -9999.000 -9999.000 -9999.000 -9999.000 -9999.000 -9999.000 -9999.000 -9999.000 -9999.000 -9999.000 -9999.000 -9999.000 -9999.000 -9999.000 -9999.000 -9999.000 -9999.000 -9999.000 -9999.000 -9999.000 -9999.000 -9999.000 -9999.000 -9999.000 -9999.000 -9999.000 -9999.000 -9999.000 -9999.000 -9999.000 -9999.000 -9999.000 -9999.000 -9999.000 -9999.000 -9999.000 -9999.000 -9999.000 -9999.000 -9999.000 -9999.000 -9999.000 -9999.000 -9999.000 -9999.000 -9999.000 -9999.000 -9999.000 -9999.000 -9999.000 -9999.000 -9999.000 -9999.000 -9999.000 -9999.000 -9999.000 -9999.000 -9999.000 -9999.000 -9999.000 -9999.000 -9999.000 -9999.000 -9999.000 -9999.000 -9999.000 -9999.000 -9999.000 -9999.000 -9999.000 -9999.000 -9999.000
-9999.000 -9999.000 -9999.000 -9999.000 -9999.000 -9999.000 -9999.000 -9999.000 -9999.000 -9999.000 -9999.000 -9999.000 -9999.000 -9999.000 -9999.000 -9999.000 -9999.000 -9999.000 -9999.000 -9999.000 -9999.000 -9999.000 -9999.000 -9999.000 -9999.000 -9999.000 -9999.000 -9999.000 -9999.000 -9999.000 -9999.000 -9999.000 -9999.000 -9999.000 -9999.000 -9999.000 -9999.000 -9999.000 -9999.000 -9999.000 -9999.000 -9999.000 -9999.000 -9999.000 -9999.000 -9999.000 -9999.000 -9999.000 -9999.000 -9999.000 -9999.000 -9999.000 -9999.000 -9999.000 -9999.000 -9999.000 -9999.000 -9999.000 -9999.000 -9999.000 -9999.000 -9999.000 -9999.000 -9999.000 -9999.000 -9999.000 -9999.000 -9999.000 -9999.000 -9999.000 -9999.000 -9999.000 -9999.000 -9999.000 -9999.000 -9999.000 -9999.000 -9999.000 -9999.000 -9999.000 -9999.000 -9999.000 -9999.000 -9999.000 -9999.000 -9999.000 -9999.000 -9999.000 -9999.000 -9999.000 -9999.000 -9999.000 -9999.000 -9999.000 -9999.000 -9999.000 -9999.000 -9999.000 -9999.000 -9999.000 -9999.000 -9999.000 -9999.000 -9999.000
-9999.000 -9999.000 9380.206 9284.884 9194.001 9107.124 9023.687 8943.073 8864.673 8787.932 8712.374 8637.606 8563.314 8489.255 8415.245 8341.146 8266.857 8192.306 8117.440 8042.224 7966.634 7890.657 7814.282 7737.508 7660.332 7582.759 7504.790 7426.431 7347.688 7268.567 7189.073 7109.214 7028.997 6948.426 6867.511 6786.256 6704.667 6622.752 6540.515 6457.962 6375.100 6291.933 6208.466 6124.704 6040.649 5956.307 5871.682 5786.779 5701.599 5616.146 5530.420 5444.421 5358.150 5271.611 5184.805 5097.735 5010.401 4922.801 4834.929 4746.780 4658.348 4569.629 4480.624 4391.331 4301.752 4211.883 4121.721 4031.257 3940.477 3849.365 3757.900 3666.065 3573.841 3481.216 3388.180 3294.720 3200.826 3106.486 3011.684 2916.404 2820.627 2724.332 2627.498 2530.099 2432.110 2333.505 2234.255 2134.334 2033.715 1932.371 1830.273 1727.392 1623.695 1519.148 1413.717 1307.364 1200.053 1091.769 982.595 872.989 764.221 658.920 -9999.000 -9999.000
-9999.000 -9999.000 9380.206 9284.884 9194.001 9107.124 9023.687 8943.073 8864.673 8787.932 8712.374 8637.606 8563.314 8489.255 8415.245 8341.146 8266.857 8192.306 8117.440 8042.224 7966.634 7890.657 7814.282 7737.508 7660.332 7582.759 7504.790 7426.431 7347.688 7268.567 7189.073 7109.214 7028.997 6948.426 6867.511 6786.256 6704.667 6622.752 6540.515 6457.962 6375.100 6291.933 6208.466 6124.704 6040.649 5956.307 5871.682 5786.779 5701.599 5616.146 5530.420 5444.421 5358.150 5271.611 5184.805 5097.735 5010.401 4922.801 4834.929 4746.780 4658.348 4569.629 4480.624 4391.331 4301.752 4211.883 4121.721 4031.257 3940.477 3849.365 3757.900 3666.065 3573.841 3481.216 3388.180 3294.720 3200.826 3106.486 3011.684 2916.404 2820.627 2724.332 2627.498 2530.099 2432.110 2333.505 2234.255 2134.334 2033.715 1932.371 1830.273 1727.392 1623.695 1519.148 1413.717 1307.364 1200.053 1091.769 982.595 872.989 764.221 658.920 -9999.000 -9999.000
-9999.000 -9999.000 9380.206 9284.884 9194.001 9107.124 9023.687 8943.073 8864.673 8787.932 8712.374 8637.606 8563.314 8489.255 8415.245 8341.146 8266.857 8192.306 8117.440 8042.224 7966.634 7890.657 7814.282 7737.508 7660.332 7582.759 7504.790 7426.431 7347.688 7268.567 7189.073 7109.214 7028.997 6948.426 6867.511 6786.256 6704.667 6622.752 6540.515 6457.962 6375.100 6291.933 6208.466 6124.704 6040.649 5956.307 5871.682 5786.779 5701.599 5616.146 5530.420 5444.421 5358.150 5271.611 5184.805 5097.735 5010.401 4922.801 4834.929 4746.780 4658.348 4569.629 4480.624 4391.331 4301.752 4211.883 4121.721 4031.257 3940.477 3849.365 3757.900 3666.065 3573.841 3481.216 3388.180 3294.720 3200.826 3106.486 3011.684 2916.404 2820.627 2724.332 2627.498 2530.099 2432.110 2333.505 2234.255 2134.334 2033.715 1932.371 1830.273 1727.392 1623.695 1519.148 1413.717 1307.364 1200.053 1091.769 982.595 872.989 764.221 658.920 -9999.000 -9999.000
-9999.000 -9999.000 9380.206 9284.884 9194.001 9107.124 9023.687 8943.073 8864.673 8787.932 8712.374 8637.606 8563.314 8489.255 8415.245 8341.146 8266.857 8192.306 8117.440 8042.224 7966.634 7890.657 7814.282 7737.508 7660.332 7582.759 7504.790 7426.431 7347.688 7268.567 7189.073 7109.214 7028.997 6948.426 6867.511 6786.256 6704.667 6622.752 6540.515 6457.962 6375.100 6291.933 6208.466 6124.704 6040.649 5956.307 5871.682 5786.779 5701.599 5616.146 5530.420 5444.421 5358.150 5271.611 5184.805 5097.735 5010.401 4922.801 4834.929 4746.780 4658.348 4569.629 4480.624 4391.331 4301.752 4211.883 4121.721 4031.257 3940.477 3849.365 3757.900 3666.065 3573.841 3481.216 3388.180 3294.720 3200.826 3106.486 3011.684 2916.404 2820.627 2724.332 2627.498 2530.099 2432.110 2333.505 2234.255 2134.334 2033.715 1932.371 1830.273 1727.392 1623.695 1519.148 1413.717 1307.364 1200.053 1091.769 982.595 872.989 764.221 658.920 -9999.000 -9999.000
-9999.000 -9999.000 9380.206 9284.884 9194.001 9107.124 9023.687 8943.073 8864.673 8787.932 8712.374 8637.606 8563.314 8489.255 8415.245 8341.146 8266.857 8192.306 8117.440 8042.224 7966.634 7890.657 7814.282 7737.508 7660.332 7582.759 7504.790 7426.431 7347.688 7268.567 7189.073 7109.214 7028.997 6948.426 6867.511 6786.256 6704.667 6622.752 6540.515 6457.962 6375.100 6291.933 6208.466 6124.704 6040.649 5956.307 5871.682 5786.779 5701.599 5616.146 5530.420 5444.421 5358.150 5271.611 5184.805 5097.735 5010.401 4922.801 4834.929 4746.780 4658.348 4569.629 4480.624 4391.331 4301.752 4211.883 4121.721 4031.257 3940.477 3849.365 3757.900 3666.065 3573.841 3481.216 3388.180 3294.720 3200.826 3106.486 3011.684 2916.404 2820.627 2724.332 2627.498 2530.099 2432.110 2333.505 2234.255 2134.334 2033.715 1932.371 1830.273 1727.392 1623.695 1519.148 1413.717 1307.364 1200.053 1091.769 982.595 872.989 764.221 658.920 -9999.000 -9999.000
-9999.000 -9999.000 9380.206 9284.884 9194.001 9107.124 9023.687 8943.073 8864.673 8787.932 8712.374 8637.606 8563.314 8489.255 8415.245 8341.146 8266.857 8192.306 8117.440 8042.224 7966.634 7890.657 7814.282 7737.508 7660.332 7582.759 7504.790 7426.431 7347.688 7268.567 7189.073 7109.214 7028.997 6948.426 6867.511 6786.256 6704.667 6622.752 6540.515 6457.962 6375.100 6291.933 6208.466 6124.704 6040.649 5956.307 5871.682 5786.779 5701.599 5616.146 5530.420 5444.421 5358.150 5271.611 5184.805 5097.735 5010.401 4922.801 4834.929 4746.780 4658.348 4569.629 4480.624 4391.331 4301.752 4211.883 4121.721 4031.257 3940.477 3849.365 3757.900 3666.065 3573.841 3481.216 3388.180 3294.720 3200.826 3106.486 3011.684 2916.404 2820.627 2724.332 2627.498 2530.099 2432.110 2333.505 2234.255 2134.334 2033.715 1932.371 1830.273 1727.392 1623.695 1519.148 1413.717 1307.364 1200.053 1091.769 982.595 872.989 764.221 658.920 -9999.000 -9999.000
-9999.000 -9999.000 -9999.000 -9999.000 -9999.000 -9999.000 -9999.000 -9999.000 -9999.000 -9999.000 -9999.000 -9999.000 -9999.000 -9999.000 -9999.000 -9999.000 -9999.000 -9999.000 -9999.000 -9999.000 -9999.000 -9999.000 -9999.000 -9999.000 -9999.000 -9999.000 -9999.000 -9999.000 -9999.000 -9999.000 -9999.000 -9999.000 -9999.000 -9999.000 -9999.000 -9999.000 -9999.000 -9999.000 -9999.000 -9999.000 -9999.000 -9999.000 -9999.000 -9999.000 -9999.000 -9999.000 -9999.000 -9999.000 -9999.000 -9999.000 -9999.000 -9999.000 -9999.000 -9999.000 -9999.000 -9999.000 -9999.000 -9999.000 -9999.000 -9999.000 -9999.000 -9999.000 -9999.000 -9999.000 -9999.000 -9999.000 -9999.000 -9999.000 -9999.000 -9999.000 -9999.000 -9999.000 -9999.000 -9999.000 -9999.000 -9999.000 -9999.000 -9999.000 -9999.000 -9999.000 -9999.000 -9999.000 -9999.000 -9999.000 -9999.000 -9999.000 -9999.000 -9999.000 -9999.000 -9999.000 -9999.000 -9999.000 -9999.000 -9999.000 -9999.000 -9999.000 -9999.000 -9999.000 -9999.000 -9999.000 -9999.000 -9999.000 -9999.000 -9999.000
-9999.000 -9999.000 -9999.000 -9999.000 -9999.000 -9999.000 -9999.000 -9999.000 -9999.000 -9999.000 -9999.000 -9999.000 -9999.000 -9999.000 -9999.000 -9999.000 -9999.000 -9999.000 -9999.000 -9999.000 -9999.000 -9999.000 -9999.000 -9999.000 -9999.000 -9999.000 -9999.000 -9999.000 -9999.000 -9999.000 -9999.000 -9999.000 -9999.000 -9999.000 -9999.000 -9999.000 -9999.000 -9999.000 -9999.000 -9999.000 -9999.000 -9999.000 -9999.000 -9999.000 -9999.000 -9999.000 -9999.000 -9999.000 -9999.000 -9999.000 -9999.000 -9999.000 -9999.000 -9999.000 -9999.000 -9999.000 -9999.000 -9999.000 -9999.000 -9999.000 -9999.000 -9999.000 -9999.000 -9999.000 -9999.000 -9999.000 -9999.000 -9999.000 -9999.000 -9999.000 -9999.000 -9999.000 -9999.000 -9999.000 -9999.000 -9999.000 -9999.000 -9999.000 -9999.000 -9999.000 -9999.000 -9999.000 -9999.000 -9999.000 -9999.000 -9999.000 -9999.000 -9999.000 -9999.000 -9999.000 -9999.000 -9999.000 -9999.000 -9999.000 -9999.000 -9999.000 -9999.000 -9999.000 -9999.000 -9999.000 -9999.000 -9999.000 -9999.000 -9999.000