examples/3D/hillslope01/output-maps-METEOIO-OFF/psiliqL0040N0003.asc
ncols         104
nrows         10
xllcorner     -2.000000
yllcorner     0.000000
cellsize      1.000000
NODATA_value  -9999.0
-9999.000 -9999.000 -9999.000 -9999.000 -9999.000 -9999.000 -9999.000 -9999.000 -9999.000 -9999.000 -9999.000 -9999.000 -9999.000 -9999.000 -9999.000 -9999.000 -9999.000 -9999.000 -9999.000 -9999.000 -9999.000 -9999.000 -9999.000 -9999.000 -9999.000 -9999.000 -9999.000 -9999.000 -9999.000 -9999.000 -9999.000 -9999.000 -9999.000 -9999.000 -9999.000 -9999.000 -9999.000 -9999.000 -9999.000 -9999.000 -9999.000 -9999.000 -9999.000 -9999.000 -9999.000 -9999.000 -9999.000 -9999.000 -9999.000 -9999.000 -9999.000 -9999.000 -9999.000 -9999.000 -9999.000 -9999.000 -9999.000 -9999.000 -9999.000 -9999.000 -9999.000 -9999.000 -9999.000 -9999.000 -9999.000 -9999.000 -9999.000 -9999.000 -9999.000 -9999.000 -9999.000 -9999.000 -9999.000 -9999.000 -9999.000 -9999.000 -9999.000 -9999.000 -9999.000 -9999.000 -9999.000 -9999.000 -9999.000 -9999.000 -9999.000 -9999.000 -9999.000 -9999.000 -9999.000 -9999.000 -9999.000 -9999.000 -9999.000 -9999.000 -9999.000 -9999.000 -9999.000 -9999.000 -9999.000 -9999.000 -9999.000 -9999.000 -9999.000 -9999.000
-9999.000 -9999.000 -9999.000 -9999.000 -9999.000 -9999.000 -9999.000 -9999.000 -9999.000 -9999.000 -9999.000 -9999.000 -9999.000 -9999.000 -9999.000 -9999.000 -9999.000 -9999.000 -9999.000 -9999.000 -9999.000 -9999.000 -9999.000 -9999.000 -9999.000 -9999.000 -9999.000 -9999.000 -9999.000 -9999.000 -9999.000 -9999.000 -9999.000 -9999.000 -9999.000 -9999.000 -9999.000 -9999.000 -9999.000 -9999.000 -9999.000 -9999.000 -9999.000 -9999.000 -9999.000 -9999.000 -9999.000 -9999.000 -9999.000 -9999.000 -9999.000 -9999.000 -9999.000 -9999.000 -9999.000 -9999.000 -9999.000 -9999.000 -9999.000 -9999.000 -9999.000 -9999.000 -9999.000 -9999.000 -9999.000 -9999.000 -9999.000 -9999.000 -9999.000 -9999.000 -9999.000 -9999.000 -9999.000 -9999.000 -9999.000 -9999.000 -9999.000 -9999.000 -9999.000 -9999.000 -9999.000 -9999.000 -9999.000 -9999.000 -9999.000 -9999.000 -9999.000 -9999.000 -9999.000 -9999.000 -9999.000 -9999.000 -9999.000 -9999.000 -9999.000 -9999.000 -9999.000 -9999.000 -9999.000 -9999.000 -9999.000 -9999.000 -9999.000 -9999.000
-9999.000 -9999.000 4186.463 4095.904 4012.719 3934.174 3858.103 3783.182 3708.729 3634.434 3560.177 3485.932 3411.710 3337.529 3263.407 3189.362 3115.409 3041.556 2967.813 2894.193 2820.702 2747.338 2674.098 2600.997 2528.030 2455.184 2382.456 2309.859 2237.382 2165.005 2092.733 2020.574 1948.506 1876.507 1804.606 1732.799 1661.045 1589.331 1517.711 1446.148 1374.591 1303.078 1231.636 1160.191 1088.679 1017.264 945.879 874.413 802.901 731.469 659.987 588.297 516.679 445.097 373.350 301.327 229.489 157.592 85.333 12.933 -58.976 -130.103 -199.436 -264.379 -322.954 -373.486 -414.926 -447.101 -471.218 -488.728 -501.053 -509.533 -515.292 -519.155 -521.706 -523.375 -524.461 -525.162 -525.611 -525.895 -526.074 -526.186 -526.256 -526.299 -526.325 -526.341 -526.351 -526.356 -526.360 -526.361 -526.362 -526.363 -526.363 -526.363 -526.363 -526.365 -526.376 -526.436 -526.732 -528.058 -533.453 -554.184 -9999.000 -9999.000
-9999.000 -9999.000 4186.463 4095.904 4012.719 3934.174 3858.103 3783.182 3708.729 3634.434 3560.177 3485.932 3411.710 3337.529 3263.407 3189.362 3115.409 3041.556 2967.813 2894.193 2820.702 2747.338 2674.098 2600.997 2528.030 2455.184 2382.456 2309.859 2237.382 2165.005 2092.733 2020.574 1948.506 1876.507 1804.606 1732.799 1661.045 1589.331 1517.711 1446.148 1374.591 1303.078 1231.636 1160.191 1088.679 1017.264 945.879 874.413 802.901 731.469 659.987 588.297 516.679 445.097 373.350 301.327 229.489 157.592 85.333 12.933 -58.976 -130.103 -199.436 -264.379 -322.954 -373.486 -414.926 -447.101 -471.218 -488.728 -501.053 -509.533 -515.292 -519.155 -521.706 -523.375 -524.461 -525.162 -525.611 -525.895 -526.074 -526.186 -526.256 -526.299 -526.325 -526.341 -526.351 -526.356 -526.360 -526.361 -526.362 -526.363 -526.363 -526.363 -526.363 -526.365 -526.376 -526.436 -526.732 -528.058 -533.453 -554.184 -9999.000 -9999.000
-9999.000 -9999.000 4186.464 4095.905 4012.719 3934.174 3858.103 3783.182 3708.729 3634.434 3560.177 3485.932 3411.710 3337.529 3263.407 3189.362 3115.409 3041.556 2967.813 2894.193 2820.702 2747.338 2674.098 2600.997 2528.030 2455.184 2382.456 2309.859 2237.382 2165.005 2092.733 2020.574 1948.506 1876.507 1804.606 1732.799 1661.045 1589.331 1517.711 1446.148 1374.591 1303.078 1231.636 1160.191 1088.679 1017.264 945.879 874.413 802.901 731.469 659.987 588.297 516.679 445.097 373.350 301.327 229.489 157.592 85.333 12.933 -58.976 -130.103 -199.436 -264.379 -322.954 -373.486 -414.926 -447.101 -471.218 -488.728 -501.053 -509.533 -515.292 -519.155 -521.706 -523.375 -524.461 -525.162 -525.611 -525.895 -526.074 -526.186 -526.256 -526.299 -526.325 -526.341 -526.351 -526.356 -526.360 -526.361 -526.362 -526.363 -526.363 -526.363 -526.363 -526.365 -526.376 -526.436 -526.732 -528.058 -533.453 -554.184 -9999.000 -9999.000
-9999.000 -9999.000 4186.464 4095.905 4012.719 3934.174 3858.103 3783.182 3708.729 3634.434 3560.177 3485.932 3411.710 3337.529 3263.407 3189.362 3115.409 3041.556 2967.813 2894.193 2820.702 2747.338 2674.098 2600.997 2528.030 2455.184 2382.456 2309.859 2237.382 2165.005 2092.733 2020.574 1948.506 1876.507 1804.606 1732.799 1661.045 1589.331 1517.711 1446.148 1374.591 1303.078 1231.636 1160.191 1088.679 1017.264 945.879 874.413 802.901 731.469 659.987 588.297 516.679 445.097 373.350 301.327 229.489 157.592 85.333 12.933 -58.976 -130.103 -199.436 -264.379 -322.954 -373.486 -414.926 -447.101 -471.218 -488.728 -501.053 -509.533 -515.292 -519.155 -521.706 -523.375 -524.461 -525.162 -525.611 -525.895 -526.074 -526.186 -526.256 -526.299 -526.325 -526.341 -526.351 -526.356 -526.360 -526.361 -526.362 -526.363 -526.363 -526.363 -526.363 -526.365 -526.376 -526.436 -526.732 -528.058 -533.453 -554.184 -9999.000 -9999.000
-9999.000 -9999.000 4186.463 4095.904 4012.719 3934.174 3858.103 3783.182 3708.729 3634.434 3560.177 3485.932 3411.710 3337.529 3263.407 3189.362 3115.409 3041.556 2967.813 2894.193 2820.702 2747.338 2674.098 2600.997 2528.030 2455.184 2382.456 2309.859 2237.382 2165.005 2092.733 2020.574 1948.506 1876.507 1804.606 1732.799 1661.045 1589.331 1517.711 1446.148 1374.591 1303.078 1231.636 1160.191 1088.679 1017.264 945.879 874.413 802.901 731.469 659.987 588.297 516.679 445.097 373.350 301.327 229.489 157.592 85.333 12.933 -58.976 -130.103 -199.436 -264.379 -322.954 -373.486 -414.926 -447.101 -471.218 -488.728 -501.053 -509.533 -515.292 -519.155 -521.706 -523.375 -524.461 -525.162 -525.611 -525.895 -526.074 -526.186 -526.256 -526.299 -526.325 -526.341 -526.351 -526.356 -526.360 -526.361 -526.362 -526.363 -526.363 -526.363 -526.363 -526.365 -526.376 -526.436 -526.732 -528.058 -533.453 -554.184 -9999.000 -9999.000
-9999.000 -9999.000 4186.463 4095.904 4012.719 3934.174 3858.103 3783.182 3708.729 3634.434 3560.177 3485.932 3411.710 3337.529 3263.407 3189.362 3115.409 3041.556 2967.813 2894.193 2820.702 2747.338 2674.098 2600.997 2528.030 2455.184 2382.456 2309.859 2237.382 2165.005 2092.733 2020.574 1948.506 1876.507 1804.606 1732.799 1661.045 1589.331 1517.711 1446.148 1374.591 1303.078 1231.636 1160.191 1088.679 1017.264 945.879 874.413 802.901 731.469 659.987 588.297 516.679 445.097 373.350 301.327 229.489 157.592 85.333 12.933 -58.976 -130.103 -199.436 -264.379 -322.954 -373.486 -414.926 -447.101 -471.218 -488.728 -501.053 -509.533 -515.292 -519.155 -521.706 -523.375 -524.461 -525.162 -525.611 -525.895 -526.074 -526.186 -526.256 -526.299 -526.325 -526.341 -526.351 -526.356 -526.360 -526.361 -526.362 -526.363 -526.363 -526.363 -526.363 -526.365 -526.376 -526.436 -526.732 -528.058 -533.453 -554.184 -9999.000 -9999.000
-9999.000 -9999.000 -9999.000 -9999.000 -9999.000 -9999.000 -9999.000 -9999.000 -9999.000 -9999.000 -9999.000 -9999.000 -9999.000 -9999.000 -9999.000 -9999.000 -9999.000 -9999.000 -9999.000 -9999.000 -9999.000 -9999.000 -9999.000 -9999.000 -9999.000 -9999.000 -9999.000 -9999.000 -9999.000 -9999.000 -9999.000 -9999.000 -9999.000 -9999.000 -9999.000 -9999.000 -9999.000 -9999.000 -9999.000 -9999.000 -9999.000 -9999.000 -9999.000 -9999.000 -9999.000 -9999.000 -9999.000 -9999.000 -9999.000 -9999.000 -9999.000 -9999.000 -9999.000 -9999.000 -9999.000 -9999.000 -9999.000 -9999.000 -9999.000 -9999.000 -9999.000 -9999.000 -9999.000 -9999.000 -9999.000 -9999.000 -9999.000 -9999.000 -9999.000 -9999.000 -9999.000 -9999.000 -9999.000 -9999.000 -9999.000 -9999.000 -9999.000 -9999.000 -9999.000 -9999.000 -9999.000 -9999.000 -9999.000 -9999.000 -9999.000 -9999.000 -9999.000 -9999.000 -9999.000 -9999.000 -9999.000 -9999.000 -9999.000 -9999.000 -9999.000 -9999.000 -9999.000 -9999.000 -9999.000 -9999.000 -9999.000 -9999.000 -9999.000 -9999.000
-9999.000 -9999.000 -9999.000 -9999.000 -9999.000 -9999.000 -9999.000 -9999.000 -9999.000 -9999.000 -9999.000 -9999.000 -9999.000 -9999.000 -9999.000 -9999.000 -9999.000 -9999.000 -9999.000 -9999.000 -9999.000 -9999.000 -9999.000 -9999.000 -9999.000 -9999.000 -9999.000 -9999.000 -9999.000 -9999.000 -9999.000 -9999.000 -9999.000 -9999.000 -9999.000 -9999.000 -9999.000 -9999.000 -9999.000 -9999.000 -9999.000 -9999.000 -9999.000 -9999.000 -9999.000 -9999.000 -9999.000 -9999.000 -9999.000 -9999.000 -9999.000 -9999.000 -9999.000 -9999.000 -9999.000 -9999.000 -9999.000 -9999.000 -9999.000 -9999.000 -9999.000 -9999.000 -9999.000 -9999.000 -9999.000 -9999.000 -9999.000 -9999.000 -9999.000 -9999.000 -9999.000 -9999.000 -9999.000 -9999.000 -9999.000 -9999.000 -9999.000 -9999.000 -9999.000 -9999.000 -9999.000 -9999.000 -9999.000 -9999.000 -9999.000 -9999.000 -9999.000 -9999.000 -9999.000 -9999.000 -9999.000 -9999.000 -9999.000 -9999.000 -9999.000 -9999.000 -9999.000 -9999.000 -9999.000 -9999.000 -9999.000 -9999.000 -9999.000 -9999.000