examples/3D/hillslope01/output-maps-METEOIO-OFF/psiliqL0075N0002.asc
ncols         104
nrows         10
xllcorner     -2.000000
yllcorner     0.000000
cellsize      1.000000
NODATA_value  -9999.0
-9999.000 -9999.000 -9999.000 -9999.000 -9999.000 -9999.000 -9999.000 -9999.000 -9999.000 -9999.000 -9999.000 -9999.000 -9999.000 -9999.000 -9999.000 -9999.000 -9999.000 -9999.000 -9999.000 -9999.000 -9999.000 -9999.000 -9999.000 -9999.000 -9999.000 -9999.000 -9999.000 -9999.000 -9999.000 -9999.000 -9999.000 -9999.000 -9999.000 -9999.000 -9999.000 -9999.000 -9999.000 -9999.000 -9999.000 -9999.000 -9999.000 -9999.000 -9999.000 -9999.000 -9999.000 -9999.000 -9999.000 -9999.000 -9999.000 -9999.000 -9999.000 -9999.000 -9999.000 -9999.000 -9999.000 -9999.000 -9999.000 -9999.000 -9999.000 -9999.000 -9999.000 -9999.000 -9999.000 -9999.000 -9999.000 -9999.000 -9999.000 -9999.000 -9999.000 -9999.000 -9999.000 -9999.000 -9999.000 -9999.000 -9999.000 -9999.000 -9999.000 -9999.000 -9999.000 -9999.000 -9999.000 -9999.000 -9999.000 -9999.000 -9999.000 -9999.000 -9999.000 -9999.000 -9999.000 -9999.000 -9999.000 -9999.000 -9999.000 -9999.000 -9999.000 -9999.000 -9999.000 -9999.000 -9999.000 -9999.000 -9999.000 -9999.000 -9999.000 -9999.000
-9999.000 -9999.000 -9999.000 -9999.000 -9999.000 -9999.000 -9999.000 -9999.000 -9999.000 -9999.000 -9999.000 -9999.000 -9999.000 -9999.000 -9999.000 -9999.000 -9999.000 -9999.000 -9999.000 -9999.000 -9999.000 -9999.000 -9999.000 -9999.000 -9999.000 -9999.000 -9999.000 -9999.000 -9999.000 -9999.000 -9999.000 -9999.000 -9999.000 -9999.000 -9999.000 -9999.000 -9999.000 -9999.000 -9999.000 -9999.000 -9999.000 -9999.000 -9999.000 -9999.000 -9999.000 -9999.000 -9999.000 -9999.000 -9999.000 -9999.000 -9999.000 -9999.000 -9999.000 -9999.000 -9999.000 -9999.000 -9999.000 -9999.000 -9999.000 -9999.000 -9999.000 -9999.000 -9999.000 -9999.000 -9999.000 -9999.000 -9999.000 -9999.000 -9999.000 -9999.000 -9999.000 -9999.000 -9999.000 -9999.000 -9999.000 -9999.000 -9999.000 -9999.000 -9999.000 -9999.000 -9999.000 -9999.000 -9999.000 -9999.000 -9999.000 -9999.000 -9999.000 -9999.000 -9999.000 -9999.000 -9999.000 -9999.000 -9999.000 -9999.000 -9999.000 -9999.000 -9999.000 -9999.000 -9999.000 -9999.000 -9999.000 -9999.000 -9999.000 -9999.000
-9999.000 -9999.000 7783.035 7688.389 7598.738 7513.451 7431.749 7352.833 7275.973 7200.551 7126.076 7052.167 6978.539 6904.984 6831.349 6757.525 6683.435 6609.023 6534.254 6459.101 6383.552 6307.596 6231.231 6154.457 6077.276 5999.692 5921.710 5843.336 5764.576 5685.437 5605.926 5526.049 5445.813 5365.224 5284.291 5203.019 5121.415 5039.483 4957.229 4874.661 4791.784 4708.605 4625.127 4541.354 4457.287 4372.932 4288.296 4203.384 4118.200 4032.745 3947.017 3861.015 3774.738 3688.190 3601.378 3514.308 3426.980 3339.394 3251.540 3163.407 3074.984 2986.268 2897.261 2807.967 2718.392 2628.537 2538.399 2447.971 2357.239 2266.181 2174.771 2082.981 1990.794 1898.199 1805.191 1711.762 1617.904 1523.603 1428.847 1333.619 1237.899 1141.667 1044.899 947.571 849.657 751.127 651.954 552.106 451.559 350.294 248.280 145.488 41.884 -62.236 -162.866 -245.988 -300.816 -331.611 -349.874 -370.313 -435.602 -641.828 -9999.000 -9999.000
-9999.000 -9999.000 7783.035 7688.389 7598.738 7513.451 7431.749 7352.833 7275.973 7200.551 7126.076 7052.167 6978.539 6904.984 6831.349 6757.525 6683.435 6609.023 6534.254 6459.101 6383.552 6307.596 6231.231 6154.457 6077.276 5999.692 5921.710 5843.336 5764.576 5685.437 5605.926 5526.049 5445.813 5365.224 5284.291 5203.019 5121.415 5039.483 4957.229 4874.661 4791.784 4708.605 4625.127 4541.354 4457.287 4372.932 4288.296 4203.384 4118.200 4032.745 3947.017 3861.015 3774.738 3688.190 3601.378 3514.308 3426.980 3339.394 3251.540 3163.407 3074.984 2986.268 2897.261 2807.967 2718.392 2628.537 2538.399 2447.971 2357.239 2266.181 2174.771 2082.981 1990.794 1898.199 1805.191 1711.762 1617.904 1523.603 1428.847 1333.619 1237.899 1141.667 1044.899 947.571 849.657 751.127 651.954 552.106 451.559 350.294 248.280 145.488 41.884 -62.236 -162.866 -245.988 -300.816 -331.611 -349.874 -370.313 -435.602 -641.828 -9999.000 -9999.000
-9999.000 -9999.000 7783.035 7688.389 7598.738 7513.451 7431.749 7352.833 7275.973 7200.551 7126.076 7052.167 6978.539 6904.984 6831.349 6757.525 6683.435 6609.023 6534.254 6459.101 6383.552 6307.596 6231.231 6154.457 6077.276 5999.692 5921.710 5843.336 5764.576 5685.437 5605.926 5526.049 5445.813 5365.224 5284.291 5203.019 5121.415 5039.483 4957.229 4874.661 4791.784 4708.605 4625.127 4541.354 4457.287 4372.932 4288.296 4203.384 4118.200 4032.745 3947.017 3861.015 3774.738 3688.190 3601.378 3514.308 3426.980 3339.394 3251.540 3163.407 3074.984 2986.268 2897.261 2807.967 2718.392 2628.537 2538.399 2447.971 2357.239 2266.181 2174.771 2082.981 1990.794 1898.199 1805.191 1711.762 1617.904 1523.603 1428.847 1333.619 1237.899 1141.667 1044.899 947.571 849.657 751.127 651.954 552.106 451.559 350.294 248.280 145.488 41.884 -62.236 -162.866 -245.988 -300.816 -331.611 -349.874 -370.313 -435.602 -641.828 -9999.000 -9999.000
-9999.000 -9999.000 7783.035 7688.389 7598.738 7513.451 7431.749 7352.833 7275.973 7200.551 7126.076 7052.167 6978.539 6904.984 6831.349 6757.525 6683.435 6609.023 6534.254 6459.101 6383.552 6307.596 6231.231 6154.457 6077.276 5999.692 5921.710 5843.336 5764.576 5685.437 5605.926 5526.049 5445.813 5365.224 5284.291 5203.019 5121.415 5039.483 4957.229 4874.661 4791.784 4708.605 4625.127 4541.354 4457.287 4372.932 4288.296 4203.384 4118.200 4032.745 3947.017 3861.015 3774.738 3688.190 3601.378 3514.308 3426.980 3339.394 3251.540 3163.407 3074.984 2986.268 2897.261 2807.967 2718.392 2628.537 2538.399 2447.971 2357.239 2266.181 2174.771 2082.981 1990.794 1898.199 1805.191 1711.762 1617.904 1523.603 1428.847 1333.619 1237.899 1141.667 1044.899 947.571 849.657 751.127 651.954 552.106 451.559 350.294 248.280 145.488 41.884 -62.236 -162.866 -245.988 -300.816 -331.611 -349.874 -370.313 -435.602 -641.828 -9999.000 -9999.000
-9999.000 -9999.000 7783.035 7688.389 7598.738 7513.451 7431.749 7352.833 7275.973 7200.551 7126.076 7052.167 6978.539 6904.984 6831.349 6757.525 6683.435 6609.023 6534.254 6459.101 6383.552 6307.596 6231.231 6154.457 6077.276 5999.692 5921.710 5843.336 5764.576 5685.437 5605.926 5526.049 5445.813 5365.224 5284.291 5203.019 5121.415 5039.483 4957.229 4874.661 4791.784 4708.605 4625.127 4541.354 4457.287 4372.932 4288.296 4203.384 4118.200 4032.745 3947.017 3861.015 3774.738 3688.190 3601.378 3514.308 3426.980 3339.394 3251.540 3163.407 3074.984 2986.268 2897.261 2807.967 2718.392 2628.537 2538.399 2447.971 2357.239 2266.181 2174.771 2082.981 1990.794 1898.199 1805.191 1711.762 1617.904 1523.603 1428.847 1333.619 1237.899 1141.667 1044.899 947.571 849.657 751.127 651.954 552.106 451.559 350.294 248.280 145.488 41.884 -62.236 -162.866 -245.988 -300.816 -331.611 -349.874 -370.313 -435.602 -641.828 -9999.000 -9999.000
-9999.000 -9999.000 7783.035 7688.389 7598.738 7513.451 7431.749 7352.833 7275.973 7200.551 7126.076 7052.167 6978.539 6904.984 6831.349 6757.525 6683.435 6609.023 6534.254 6459.101 6383.552 6307.596 6231.231 6154.457 6077.276 5999.692 5921.710 5843.336 5764.576 5685.437 5605.926 5526.049 5445.813 5365.224 5284.291 5203.019 5121.415 5039.483 4957.229 4874.661 4791.784 4708.605 4625.127 4541.354 4457.287 4372.932 4288.296 4203.384 4118.200 4032.745 3947.017 3861.015 3774.738 3688.190 3601.378 3514.308 3426.980 3339.394 3251.540 3163.407 3074.984 2986.268 2897.261 2807.967 2718.392 2628.537 2538.399 2447.971 2357.239 2266.181 2174.771 2082.981 1990.794 1898.199 1805.191 1711.762 1617.904 1523.603 1428.847 1333.619 1237.899 1141.667 1044.899 947.571 849.657 751.127 651.954 552.106 451.559 350.294 248.280 145.488 41.884 -62.236 -162.866 -245.988 -300.816 -331.611 -349.874 -370.313 -435.602 -641.828 -9999.000 -9999.000
-9999.000 -9999.000 -9999.000 -9999.000 -9999.000 -9999.000 -9999.000 -9999.000 -9999.000 -9999.000 -9999.000 -9999.000 -9999.000 -9999.000 -9999.000 -9999.000 -9999.000 -9999.000 -9999.000 -9999.000 -9999.000 -9999.000 -9999.000 -9999.000 -9999.000 -9999.000 -9999.000 -9999.000 -9999.000 -9999.000 -9999.000 -9999.000 -9999.000 -9999.000 -9999.000 -9999.000 -9999.000 -9999.000 -9999.000 -9999.000 -9999.000 -9999.000 -9999.000 -9999.000 -9999.000 -9999.000 -9999.000 -9999.000 -9999.000 -9999.000 -9999.000 -9999.000 -9999.000 -9999.000 -9999.000 -9999.000 -9999.000 -9999.000 -9999.000 -9999.000 -9999.000 -9999.000 -9999.000 -9999.000 -9999.000 -9999.000 -9999.000 -9999.000 -9999.000 -9999.000 -9999.000 -9999.000 -9999.000 -9999.000 -9999.000 -9999.000 -9999.000 -9999.000 -9999.000 -9999.000 -9999.000 -9999.000 -9999.000 -9999.000 -9999.000 -9999.000 -9999.000 -9999.000 -9999.000 -9999.000 -9999.000 -9999.000 -9999.000 -9999.000 -9999.000 -9999.000 -9999.000 -9999.000 -9999.000 -9999.000 -9999.000 -9999.000 -9999.000 -9999.000
-9999.000 -9999.000 -9999.000 -9999.000 -9999.000 -9999.000 -9999.000 -9999.000 -9999.000 -9999.000 -9999.000 -9999.000 -9999.000 -9999.000 -9999.000 -9999.000 -9999.000 -9999.000 -9999.000 -9999.000 -9999.000 -9999.000 -9999.000 -9999.000 -9999.000 -9999.000 -9999.000 -9999.000 -9999.000 -9999.000 -9999.000 -9999.000 -9999.000 -9999.000 -9999.000 -9999.000 -9999.000 -9999.000 -9999.000 -9999.000 -9999.000 -9999.000 -9999.000 -9999.000 -9999.000 -9999.000 -9999.000 -9999.000 -9999.000 -9999.000 -9999.000 -9999.000 -9999.000 -9999.000 -9999.000 -9999.000 -9999.000 -9999.000 -9999.000 -9999.000 -9999.000 -9999.000 -9999.000 -9999.000 -9999.000 -9999.000 -9999.000 -9999.000 -9999.000 -9999.000 -9999.000 -9999.000 -9999.000 -9999.000 -9999.000 -9999.000 -9999.000 -9999.000 -9999.000 -9999.000 -9999.000 -9999.000 -9999.000 -9999.000 -9999.000 -9999.000 -9999.000 -9999.000 -9999.000 -9999.000 -9999.000 -9999.000 -9999.000 -9999.000 -9999.000 -9999.000 -9999.000 -9999.000 -9999.000 -9999.000 -9999.000 -9999.000 -9999.000 -9999.000