examples/3D/hillslope01/output-maps-METEOIO-OFF/psiliqL0087N0002.asc
ncols         104
nrows         10
xllcorner     -2.000000
yllcorner     0.000000
cellsize      1.000000
NODATA_value  -9999.0
-9999.000 -9999.000 -9999.000 -9999.000 -9999.000 -9999.000 -9999.000 -9999.000 -9999.000 -9999.000 -9999.000 -9999.000 -9999.000 -9999.000 -9999.000 -9999.000 -9999.000 -9999.000 -9999.000 -9999.000 -9999.000 -9999.000 -9999.000 -9999.000 -9999.000 -9999.000 -9999.000 -9999.000 -9999.000 -9999.000 -9999.000 -9999.000 -9999.000 -9999.000 -9999.000 -9999.000 -9999.000 -9999.000 -9999.000 -9999.000 -9999.000 -9999.000 -9999.000 -9999.000 -9999.000 -9999.000 -9999.000 -9999.000 -9999.000 -9999.000 -9999.000 -9999.000 -9999.000 -9999.000 -9999.000 -9999.000 -9999.000 -9999.000 -9999.000 -9999.000 -9999.000 -9999.000 -9999.000 -9999.000 -9999.000 -9999.000 -9999.000 -9999.000 -9999.000 -9999.000 -9999.000 -9999.000 -9999.000 -9999.000 -9999.000 -9999.000 -9999.000 -9999.000 -9999.000 -9999.000 -9999.000 -9999.000 -9999.000 -9999.000 -9999.000 -9999.000 -9999.000 -9999.000 -9999.000 -9999.000 -9999.000 -9999.000 -9999.000 -9999.000 -9999.000 -9999.000 -9999.000 -9999.000 -9999.000 -9999.000 -9999.000 -9999.000 -9999.000 -9999.000
-9999.000 -9999.000 -9999.000 -9999.000 -9999.000 -9999.000 -9999.000 -9999.000 -9999.000 -9999.000 -9999.000 -9999.000 -9999.000 -9999.000 -9999.000 -9999.000 -9999.000 -9999.000 -9999.000 -9999.000 -9999.000 -9999.000 -9999.000 -9999.000 -9999.000 -9999.000 -9999.000 -9999.000 -9999.000 -9999.000 -9999.000 -9999.000 -9999.000 -9999.000 -9999.000 -9999.000 -9999.000 -9999.000 -9999.000 -9999.000 -9999.000 -9999.000 -9999.000 -9999.000 -9999.000 -9999.000 -9999.000 -9999.000 -9999.000 -9999.000 -9999.000 -9999.000 -9999.000 -9999.000 -9999.000 -9999.000 -9999.000 -9999.000 -9999.000 -9999.000 -9999.000 -9999.000 -9999.000 -9999.000 -9999.000 -9999.000 -9999.000 -9999.000 -9999.000 -9999.000 -9999.000 -9999.000 -9999.000 -9999.000 -9999.000 -9999.000 -9999.000 -9999.000 -9999.000 -9999.000 -9999.000 -9999.000 -9999.000 -9999.000 -9999.000 -9999.000 -9999.000 -9999.000 -9999.000 -9999.000 -9999.000 -9999.000 -9999.000 -9999.000 -9999.000 -9999.000 -9999.000 -9999.000 -9999.000 -9999.000 -9999.000 -9999.000 -9999.000 -9999.000
-9999.000 -9999.000 8982.069 8886.851 8796.160 8709.531 8626.368 8546.025 8467.874 8391.349 8315.969 8241.344 8167.163 8093.189 8019.242 7945.190 7870.935 7796.407 7721.558 7646.353 7570.770 7494.797 7418.424 7341.650 7264.474 7186.898 7108.927 7030.566 6951.820 6872.696 6793.200 6713.338 6633.117 6552.544 6471.625 6390.368 6308.777 6226.858 6144.618 6062.063 5979.199 5896.030 5812.561 5728.797 5644.740 5560.396 5475.770 5390.865 5305.685 5220.231 5134.504 5048.505 4962.233 4875.692 4788.886 4701.816 4614.483 4526.885 4439.016 4350.869 4262.438 4173.720 4084.715 3995.422 3905.844 3815.978 3725.820 3635.362 3544.589 3453.485 3362.029 3270.201 3177.984 3085.364 2992.332 2898.878 2804.990 2710.656 2615.862 2520.590 2424.823 2328.538 2231.715 2134.328 2036.351 1937.758 1838.521 1738.612 1638.005 1536.673 1434.590 1331.723 1228.041 1123.510 1018.095 911.754 804.440 696.094 586.680 476.489 366.673 260.629 -9999.000 -9999.000
-9999.000 -9999.000 8982.069 8886.851 8796.160 8709.531 8626.368 8546.025 8467.874 8391.349 8315.969 8241.344 8167.163 8093.189 8019.242 7945.190 7870.935 7796.407 7721.558 7646.353 7570.770 7494.797 7418.424 7341.650 7264.474 7186.898 7108.927 7030.566 6951.820 6872.696 6793.200 6713.338 6633.117 6552.544 6471.625 6390.368 6308.777 6226.858 6144.618 6062.063 5979.199 5896.030 5812.561 5728.797 5644.740 5560.396 5475.770 5390.865 5305.685 5220.231 5134.504 5048.505 4962.233 4875.692 4788.886 4701.816 4614.483 4526.885 4439.016 4350.869 4262.438 4173.720 4084.715 3995.422 3905.844 3815.978 3725.820 3635.362 3544.589 3453.485 3362.029 3270.201 3177.984 3085.364 2992.332 2898.878 2804.990 2710.656 2615.862 2520.590 2424.823 2328.538 2231.715 2134.328 2036.351 1937.758 1838.521 1738.612 1638.005 1536.673 1434.590 1331.723 1228.041 1123.510 1018.095 911.754 804.440 696.094 586.680 476.489 366.673 260.629 -9999.000 -9999.000
-9999.000 -9999.000 8982.069 8886.851 8796.160 8709.531 8626.368 8546.025 8467.874 8391.349 8315.969 8241.344 8167.163 8093.189 8019.242 7945.190 7870.935 7796.407 7721.558 7646.353 7570.770 7494.797 7418.424 7341.650 7264.474 7186.898 7108.927 7030.566 6951.820 6872.696 6793.200 6713.338 6633.117 6552.544 6471.625 6390.368 6308.777 6226.858 6144.618 6062.063 5979.199 5896.030 5812.561 5728.797 5644.740 5560.396 5475.770 5390.865 5305.685 5220.231 5134.504 5048.505 4962.233 4875.692 4788.886 4701.816 4614.483 4526.885 4439.016 4350.869 4262.438 4173.720 4084.715 3995.422 3905.844 3815.978 3725.820 3635.362 3544.589 3453.485 3362.029 3270.201 3177.984 3085.364 2992.332 2898.878 2804.990 2710.656 2615.862 2520.590 2424.823 2328.538 2231.715 2134.328 2036.351 1937.758 1838.521 1738.612 1638.005 1536.673 1434.590 1331.723 1228.041 1123.510 1018.095 911.754 804.440 696.094 586.680 476.489 366.673 260.629 -9999.000 -9999.000
-9999.000 -9999.000 8982.069 8886.851 8796.160 8709.531 8626.368 8546.025 8467.874 8391.349 8315.969 8241.344 8167.163 8093.189 8019.242 7945.190 7870.935 7796.407 7721.558 7646.353 7570.770 7494.797 7418.424 7341.650 7264.474 7186.898 7108.927 7030.566 6951.820 6872.696 6793.200 6713.338 6633.117 6552.544 6471.625 6390.368 6308.777 6226.858 6144.618 6062.063 5979.199 5896.030 5812.561 5728.797 5644.740 5560.396 5475.770 5390.865 5305.685 5220.231 5134.504 5048.505 4962.233 4875.692 4788.886 4701.816 4614.483 4526.885 4439.016 4350.869 4262.438 4173.720 4084.715 3995.422 3905.844 3815.978 3725.820 3635.362 3544.589 3453.485 3362.029 3270.201 3177.984 3085.364 2992.332 2898.878 2804.990 2710.656 2615.862 2520.590 2424.823 2328.538 2231.715 2134.328 2036.351 1937.758 1838.521 1738.612 1638.005 1536.673 1434.590 1331.723 1228.041 1123.510 1018.095 911.754 804.440 696.094 586.680 476.489 366.673 260.629 -9999.000 -9999.000
-9999.000 -9999.000 8982.069 8886.851 8796.160 8709.531 8626.368 8546.025 8467.874 8391.349 8315.969 8241.344 8167.163 8093.189 8019.242 7945.190 7870.935 7796.407 7721.558 7646.353 7570.770 7494.797 7418.424 7341.650 7264.474 7186.898 7108.927 7030.566 6951.820 6872.696 6793.200 6713.338 6633.117 6552.544 6471.625 6390.368 6308.777 6226.858 6144.618 6062.063 5979.199 5896.030 5812.561 5728.797 5644.740 5560.396 5475.770 5390.865 5305.685 5220.231 5134.504 5048.505 4962.233 4875.692 4788.886 4701.816 4614.483 4526.885 4439.016 4350.869 4262.438 4173.720 4084.715 3995.422 3905.844 3815.978 3725.820 3635.362 3544.589 3453.485 3362.029 3270.201 3177.984 3085.364 2992.332 2898.878 2804.990 2710.656 2615.862 2520.590 2424.823 2328.538 2231.715 2134.328 2036.351 1937.758 1838.521 1738.612 1638.005 1536.673 1434.590 1331.723 1228.041 1123.510 1018.095 911.754 804.440 696.094 586.680 476.489 366.673 260.629 -9999.000 -9999.000
-9999.000 -9999.000 8982.069 8886.851 8796.160 8709.531 8626.368 8546.025 8467.874 8391.349 8315.969 8241.344 8167.163 8093.189 8019.242 7945.190 7870.935 7796.407 7721.558 7646.353 7570.770 7494.797 7418.424 7341.650 7264.474 7186.898 7108.927 7030.566 6951.820 6872.696 6793.200 6713.338 6633.117 6552.544 6471.625 6390.368 6308.777 6226.858 6144.618 6062.063 5979.199 5896.030 5812.561 5728.797 5644.740 5560.396 5475.770 5390.865 5305.685 5220.231 5134.504 5048.505 4962.233 4875.692 4788.886 4701.816 4614.483 4526.885 4439.016 4350.869 4262.438 4173.720 4084.715 3995.422 3905.844 3815.978 3725.820 3635.362 3544.589 3453.485 3362.029 3270.201 3177.984 3085.364 2992.332 2898.878 2804.990 2710.656 2615.862 2520.590 2424.823 2328.538 2231.715 2134.328 2036.351 1937.758 1838.521 1738.612 1638.005 1536.673 1434.590 1331.723 1228.041 1123.510 1018.095 911.754 804.440 696.094 586.680 476.489 366.673 260.629 -9999.000 -9999.000
-9999.000 -9999.000 -9999.000 -9999.000 -9999.000 -9999.000 -9999.000 -9999.000 -9999.000 -9999.000 -9999.000 -9999.000 -9999.000 -9999.000 -9999.000 -9999.000 -9999.000 -9999.000 -9999.000 -9999.000 -9999.000 -9999.000 -9999.000 -9999.000 -9999.000 -9999.000 -9999.000 -9999.000 -9999.000 -9999.000 -9999.000 -9999.000 -9999.000 -9999.000 -9999.000 -9999.000 -9999.000 -9999.000 -9999.000 -9999.000 -9999.000 -9999.000 -9999.000 -9999.000 -9999.000 -9999.000 -9999.000 -9999.000 -9999.000 -9999.000 -9999.000 -9999.000 -9999.000 -9999.000 -9999.000 -9999.000 -9999.000 -9999.000 -9999.000 -9999.000 -9999.000 -9999.000 -9999.000 -9999.000 -9999.000 -9999.000 -9999.000 -9999.000 -9999.000 -9999.000 -9999.000 -9999.000 -9999.000 -9999.000 -9999.000 -9999.000 -9999.000 -9999.000 -9999.000 -9999.000 -9999.000 -9999.000 -9999.000 -9999.000 -9999.000 -9999.000 -9999.000 -9999.000 -9999.000 -9999.000 -9999.000 -9999.000 -9999.000 -9999.000 -9999.000 -9999.000 -9999.000 -9999.000 -9999.000 -9999.000 -9999.000 -9999.000 -9999.000 -9999.000
-9999.000 -9999.000 -9999.000 -9999.000 -9999.000 -9999.000 -9999.000 -9999.000 -9999.000 -9999.000 -9999.000 -9999.000 -9999.000 -9999.000 -9999.000 -9999.000 -9999.000 -9999.000 -9999.000 -9999.000 -9999.000 -9999.000 -9999.000 -9999.000 -9999.000 -9999.000 -9999.000 -9999.000 -9999.000 -9999.000 -9999.000 -9999.000 -9999.000 -9999.000 -9999.000 -9999.000 -9999.000 -9999.000 -9999.000 -9999.000 -9999.000 -9999.000 -9999.000 -9999.000 -9999.000 -9999.000 -9999.000 -9999.000 -9999.000 -9999.000 -9999.000 -9999.000 -9999.000 -9999.000 -9999.000 -9999.000 -9999.000 -9999.000 -9999.000 -9999.000 -9999.000 -9999.000 -9999.000 -9999.000 -9999.000 -9999.000 -9999.000 -9999.000 -9999.000 -9999.000 -9999.000 -9999.000 -9999.000 -9999.000 -9999.000 -9999.000 -9999.000 -9999.000 -9999.000 -9999.000 -9999.000 -9999.000 -9999.000 -9999.000 -9999.000 -9999.000 -9999.000 -9999.000 -9999.000 -9999.000 -9999.000 -9999.000 -9999.000 -9999.000 -9999.000 -9999.000 -9999.000 -9999.000 -9999.000 -9999.000 -9999.000 -9999.000 -9999.000 -9999.000