examples/3D/hillslope01/output-maps-METEOIO-OFF/psiliqL0067N0003.asc
ncols         104
nrows         10
xllcorner     -2.000000
yllcorner     0.000000
cellsize      1.000000
NODATA_value  -9999.0
-9999.000 -9999.000 -9999.000 -9999.000 -9999.000 -9999.000 -9999.000 -9999.000 -9999.000 -9999.000 -9999.000 -9999.000 -9999.000 -9999.000 -9999.000 -9999.000 -9999.000 -9999.000 -9999.000 -9999.000 -9999.000 -9999.000 -9999.000 -9999.000 -9999.000 -9999.000 -9999.000 -9999.000 -9999.000 -9999.000 -9999.000 -9999.000 -9999.000 -9999.000 -9999.000 -9999.000 -9999.000 -9999.000 -9999.000 -9999.000 -9999.000 -9999.000 -9999.000 -9999.000 -9999.000 -9999.000 -9999.000 -9999.000 -9999.000 -9999.000 -9999.000 -9999.000 -9999.000 -9999.000 -9999.000 -9999.000 -9999.000 -9999.000 -9999.000 -9999.000 -9999.000 -9999.000 -9999.000 -9999.000 -9999.000 -9999.000 -9999.000 -9999.000 -9999.000 -9999.000 -9999.000 -9999.000 -9999.000 -9999.000 -9999.000 -9999.000 -9999.000 -9999.000 -9999.000 -9999.000 -9999.000 -9999.000 -9999.000 -9999.000 -9999.000 -9999.000 -9999.000 -9999.000 -9999.000 -9999.000 -9999.000 -9999.000 -9999.000 -9999.000 -9999.000 -9999.000 -9999.000 -9999.000 -9999.000 -9999.000 -9999.000 -9999.000 -9999.000 -9999.000
-9999.000 -9999.000 -9999.000 -9999.000 -9999.000 -9999.000 -9999.000 -9999.000 -9999.000 -9999.000 -9999.000 -9999.000 -9999.000 -9999.000 -9999.000 -9999.000 -9999.000 -9999.000 -9999.000 -9999.000 -9999.000 -9999.000 -9999.000 -9999.000 -9999.000 -9999.000 -9999.000 -9999.000 -9999.000 -9999.000 -9999.000 -9999.000 -9999.000 -9999.000 -9999.000 -9999.000 -9999.000 -9999.000 -9999.000 -9999.000 -9999.000 -9999.000 -9999.000 -9999.000 -9999.000 -9999.000 -9999.000 -9999.000 -9999.000 -9999.000 -9999.000 -9999.000 -9999.000 -9999.000 -9999.000 -9999.000 -9999.000 -9999.000 -9999.000 -9999.000 -9999.000 -9999.000 -9999.000 -9999.000 -9999.000 -9999.000 -9999.000 -9999.000 -9999.000 -9999.000 -9999.000 -9999.000 -9999.000 -9999.000 -9999.000 -9999.000 -9999.000 -9999.000 -9999.000 -9999.000 -9999.000 -9999.000 -9999.000 -9999.000 -9999.000 -9999.000 -9999.000 -9999.000 -9999.000 -9999.000 -9999.000 -9999.000 -9999.000 -9999.000 -9999.000 -9999.000 -9999.000 -9999.000 -9999.000 -9999.000 -9999.000 -9999.000 -9999.000 -9999.000
-9999.000 -9999.000 6917.456 6822.316 6731.639 6644.765 6560.948 6479.494 6399.828 6321.505 6244.193 6167.654 6091.715 6016.251 5941.173 5866.414 5791.927 5717.677 5643.638 5569.790 5496.119 5422.613 5349.263 5276.060 5202.999 5130.072 5057.273 4984.598 4912.040 4839.593 4767.251 4695.009 4622.860 4550.799 4478.819 4406.914 4335.078 4263.304 4191.585 4119.915 4048.286 3976.691 3905.123 3833.573 3762.033 3690.499 3618.962 3547.412 3475.841 3404.242 3332.604 3260.917 3189.176 3117.372 3045.491 2973.522 2901.464 2829.302 2757.020 2684.612 2612.072 2539.380 2466.520 2393.493 2320.288 2246.878 2173.244 2099.399 2025.325 1950.984 1876.355 1801.462 1726.283 1650.772 1574.894 1498.676 1422.112 1345.147 1267.727 1189.840 1111.537 1032.770 953.469 873.568 793.050 711.995 630.335 547.990 464.891 380.975 296.179 210.633 124.218 36.839 -51.140 -137.900 -219.408 -289.955 -345.333 -385.860 -417.472 -454.431 -9999.000 -9999.000
-9999.000 -9999.000 6917.456 6822.316 6731.639 6644.765 6560.948 6479.494 6399.828 6321.505 6244.193 6167.654 6091.715 6016.251 5941.173 5866.414 5791.927 5717.677 5643.638 5569.790 5496.119 5422.613 5349.263 5276.060 5202.999 5130.072 5057.273 4984.598 4912.040 4839.593 4767.251 4695.009 4622.860 4550.799 4478.819 4406.914 4335.078 4263.304 4191.585 4119.915 4048.286 3976.691 3905.123 3833.573 3762.033 3690.499 3618.962 3547.412 3475.841 3404.242 3332.604 3260.917 3189.176 3117.372 3045.491 2973.522 2901.464 2829.302 2757.020 2684.612 2612.072 2539.380 2466.520 2393.493 2320.288 2246.878 2173.244 2099.399 2025.325 1950.984 1876.355 1801.462 1726.283 1650.772 1574.894 1498.676 1422.112 1345.147 1267.727 1189.840 1111.537 1032.770 953.469 873.568 793.050 711.995 630.335 547.990 464.891 380.975 296.179 210.633 124.218 36.839 -51.140 -137.900 -219.408 -289.955 -345.333 -385.860 -417.472 -454.431 -9999.000 -9999.000
-9999.000 -9999.000 6917.456 6822.316 6731.639 6644.765 6560.948 6479.494 6399.828 6321.505 6244.193 6167.654 6091.715 6016.251 5941.173 5866.414 5791.927 5717.677 5643.638 5569.790 5496.119 5422.613 5349.263 5276.060 5202.999 5130.072 5057.273 4984.598 4912.040 4839.593 4767.251 4695.009 4622.860 4550.799 4478.819 4406.914 4335.078 4263.304 4191.585 4119.915 4048.286 3976.691 3905.123 3833.573 3762.033 3690.499 3618.962 3547.412 3475.841 3404.242 3332.604 3260.917 3189.176 3117.372 3045.491 2973.522 2901.464 2829.302 2757.020 2684.612 2612.072 2539.380 2466.520 2393.493 2320.288 2246.878 2173.244 2099.399 2025.325 1950.984 1876.355 1801.462 1726.283 1650.772 1574.894 1498.676 1422.112 1345.147 1267.727 1189.840 1111.537 1032.770 953.469 873.568 793.050 711.995 630.335 547.990 464.891 380.975 296.179 210.633 124.218 36.839 -51.140 -137.900 -219.408 -289.955 -345.333 -385.860 -417.472 -454.431 -9999.000 -9999.000
-9999.000 -9999.000 6917.456 6822.316 6731.639 6644.765 6560.948 6479.494 6399.828 6321.505 6244.193 6167.654 6091.715 6016.251 5941.173 5866.414 5791.927 5717.677 5643.638 5569.790 5496.119 5422.613 5349.263 5276.060 5202.999 5130.072 5057.273 4984.598 4912.040 4839.593 4767.251 4695.009 4622.860 4550.799 4478.819 4406.914 4335.078 4263.304 4191.585 4119.915 4048.286 3976.691 3905.123 3833.573 3762.033 3690.499 3618.962 3547.412 3475.841 3404.242 3332.604 3260.917 3189.176 3117.372 3045.491 2973.522 2901.464 2829.302 2757.020 2684.612 2612.072 2539.380 2466.520 2393.493 2320.288 2246.878 2173.244 2099.399 2025.325 1950.984 1876.355 1801.462 1726.283 1650.772 1574.894 1498.676 1422.112 1345.147 1267.727 1189.840 1111.537 1032.770 953.469 873.568 793.050 711.995 630.335 547.990 464.891 380.975 296.179 210.633 124.218 36.839 -51.140 -137.900 -219.408 -289.955 -345.333 -385.860 -417.472 -454.431 -9999.000 -9999.000
-9999.000 -9999.000 6917.456 6822.316 6731.639 6644.765 6560.948 6479.494 6399.828 6321.505 6244.193 6167.654 6091.715 6016.251 5941.173 5866.414 5791.927 5717.677 5643.638 5569.790 5496.119 5422.613 5349.263 5276.060 5202.999 5130.072 5057.273 4984.598 4912.040 4839.593 4767.251 4695.009 4622.860 4550.799 4478.819 4406.914 4335.078 4263.304 4191.585 4119.915 4048.286 3976.691 3905.123 3833.573 3762.033 3690.499 3618.962 3547.412 3475.841 3404.242 3332.604 3260.917 3189.176 3117.372 3045.491 2973.522 2901.464 2829.302 2757.020 2684.612 2612.072 2539.380 2466.520 2393.493 2320.288 2246.878 2173.244 2099.399 2025.325 1950.984 1876.355 1801.462 1726.283 1650.772 1574.894 1498.676 1422.112 1345.147 1267.727 1189.840 1111.537 1032.770 953.469 873.568 793.050 711.995 630.335 547.990 464.891 380.975 296.179 210.633 124.218 36.839 -51.140 -137.900 -219.408 -289.955 -345.333 -385.860 -417.472 -454.431 -9999.000 -9999.000
-9999.000 -9999.000 6917.456 6822.316 6731.639 6644.765 6560.948 6479.494 6399.828 6321.505 6244.193 6167.654 6091.715 6016.251 5941.173 5866.414 5791.927 5717.677 5643.638 5569.790 5496.119 5422.613 5349.263 5276.060 5202.999 5130.072 5057.273 4984.598 4912.040 4839.593 4767.251 4695.009 4622.860 4550.799 4478.819 4406.914 4335.078 4263.304 4191.585 4119.915 4048.286 3976.691 3905.123 3833.573 3762.033 3690.499 3618.962 3547.412 3475.841 3404.242 3332.604 3260.917 3189.176 3117.372 3045.491 2973.522 2901.464 2829.302 2757.020 2684.612 2612.072 2539.380 2466.520 2393.493 2320.288 2246.878 2173.244 2099.399 2025.325 1950.984 1876.355 1801.462 1726.283 1650.772 1574.894 1498.676 1422.112 1345.147 1267.727 1189.840 1111.537 1032.770 953.469 873.568 793.050 711.995 630.335 547.990 464.891 380.975 296.179 210.633 124.218 36.839 -51.140 -137.900 -219.408 -289.955 -345.333 -385.860 -417.472 -454.431 -9999.000 -9999.000
-9999.000 -9999.000 -9999.000 -9999.000 -9999.000 -9999.000 -9999.000 -9999.000 -9999.000 -9999.000 -9999.000 -9999.000 -9999.000 -9999.000 -9999.000 -9999.000 -9999.000 -9999.000 -9999.000 -9999.000 -9999.000 -9999.000 -9999.000 -9999.000 -9999.000 -9999.000 -9999.000 -9999.000 -9999.000 -9999.000 -9999.000 -9999.000 -9999.000 -9999.000 -9999.000 -9999.000 -9999.000 -9999.000 -9999.000 -9999.000 -9999.000 -9999.000 -9999.000 -9999.000 -9999.000 -9999.000 -9999.000 -9999.000 -9999.000 -9999.000 -9999.000 -9999.000 -9999.000 -9999.000 -9999.000 -9999.000 -9999.000 -9999.000 -9999.000 -9999.000 -9999.000 -9999.000 -9999.000 -9999.000 -9999.000 -9999.000 -9999.000 -9999.000 -9999.000 -9999.000 -9999.000 -9999.000 -9999.000 -9999.000 -9999.000 -9999.000 -9999.000 -9999.000 -9999.000 -9999.000 -9999.000 -9999.000 -9999.000 -9999.000 -9999.000 -9999.000 -9999.000 -9999.000 -9999.000 -9999.000 -9999.000 -9999.000 -9999.000 -9999.000 -9999.000 -9999.000 -9999.000 -9999.000 -9999.000 -9999.000 -9999.000 -9999.000 -9999.000 -9999.000
-9999.000 -9999.000 -9999.000 -9999.000 -9999.000 -9999.000 -9999.000 -9999.000 -9999.000 -9999.000 -9999.000 -9999.000 -9999.000 -9999.000 -9999.000 -9999.000 -9999.000 -9999.000 -9999.000 -9999.000 -9999.000 -9999.000 -9999.000 -9999.000 -9999.000 -9999.000 -9999.000 -9999.000 -9999.000 -9999.000 -9999.000 -9999.000 -9999.000 -9999.000 -9999.000 -9999.000 -9999.000 -9999.000 -9999.000 -9999.000 -9999.000 -9999.000 -9999.000 -9999.000 -9999.000 -9999.000 -9999.000 -9999.000 -9999.000 -9999.000 -9999.000 -9999.000 -9999.000 -9999.000 -9999.000 -9999.000 -9999.000 -9999.000 -9999.000 -9999.000 -9999.000 -9999.000 -9999.000 -9999.000 -9999.000 -9999.000 -9999.000 -9999.000 -9999.000 -9999.000 -9999.000 -9999.000 -9999.000 -9999.000 -9999.000 -9999.000 -9999.000 -9999.000 -9999.000 -9999.000 -9999.000 -9999.000 -9999.000 -9999.000 -9999.000 -9999.000 -9999.000 -9999.000 -9999.000 -9999.000 -9999.000 -9999.000 -9999.000 -9999.000 -9999.000 -9999.000 -9999.000 -9999.000 -9999.000 -9999.000 -9999.000 -9999.000 -9999.000 -9999.000