examples/3D/hillslope01/output-maps-METEOIO-OFF/psiliqL0053N0003.asc
ncols         104
nrows         10
xllcorner     -2.000000
yllcorner     0.000000
cellsize      1.000000
NODATA_value  -9999.0
-9999.000 -9999.000 -9999.000 -9999.000 -9999.000 -9999.000 -9999.000 -9999.000 -9999.000 -9999.000 -9999.000 -9999.000 -9999.000 -9999.000 -9999.000 -9999.000 -9999.000 -9999.000 -9999.000 -9999.000 -9999.000 -9999.000 -9999.000 -9999.000 -9999.000 -9999.000 -9999.000 -9999.000 -9999.000 -9999.000 -9999.000 -9999.000 -9999.000 -9999.000 -9999.000 -9999.000 -9999.000 -9999.000 -9999.000 -9999.000 -9999.000 -9999.000 -9999.000 -9999.000 -9999.000 -9999.000 -9999.000 -9999.000 -9999.000 -9999.000 -9999.000 -9999.000 -9999.000 -9999.000 -9999.000 -9999.000 -9999.000 -9999.000 -9999.000 -9999.000 -9999.000 -9999.000 -9999.000 -9999.000 -9999.000 -9999.000 -9999.000 -9999.000 -9999.000 -9999.000 -9999.000 -9999.000 -9999.000 -9999.000 -9999.000 -9999.000 -9999.000 -9999.000 -9999.000 -9999.000 -9999.000 -9999.000 -9999.000 -9999.000 -9999.000 -9999.000 -9999.000 -9999.000 -9999.000 -9999.000 -9999.000 -9999.000 -9999.000 -9999.000 -9999.000 -9999.000 -9999.000 -9999.000 -9999.000 -9999.000 -9999.000 -9999.000 -9999.000 -9999.000
-9999.000 -9999.000 -9999.000 -9999.000 -9999.000 -9999.000 -9999.000 -9999.000 -9999.000 -9999.000 -9999.000 -9999.000 -9999.000 -9999.000 -9999.000 -9999.000 -9999.000 -9999.000 -9999.000 -9999.000 -9999.000 -9999.000 -9999.000 -9999.000 -9999.000 -9999.000 -9999.000 -9999.000 -9999.000 -9999.000 -9999.000 -9999.000 -9999.000 -9999.000 -9999.000 -9999.000 -9999.000 -9999.000 -9999.000 -9999.000 -9999.000 -9999.000 -9999.000 -9999.000 -9999.000 -9999.000 -9999.000 -9999.000 -9999.000 -9999.000 -9999.000 -9999.000 -9999.000 -9999.000 -9999.000 -9999.000 -9999.000 -9999.000 -9999.000 -9999.000 -9999.000 -9999.000 -9999.000 -9999.000 -9999.000 -9999.000 -9999.000 -9999.000 -9999.000 -9999.000 -9999.000 -9999.000 -9999.000 -9999.000 -9999.000 -9999.000 -9999.000 -9999.000 -9999.000 -9999.000 -9999.000 -9999.000 -9999.000 -9999.000 -9999.000 -9999.000 -9999.000 -9999.000 -9999.000 -9999.000 -9999.000 -9999.000 -9999.000 -9999.000 -9999.000 -9999.000 -9999.000 -9999.000 -9999.000 -9999.000 -9999.000 -9999.000 -9999.000 -9999.000
-9999.000 -9999.000 5507.218 5413.648 5325.654 5241.945 5161.252 5082.575 5005.221 4928.745 4852.871 4777.432 4702.327 4627.491 4552.884 4478.478 4404.256 4330.204 4256.314 4182.580 4108.997 4035.561 3962.267 3889.112 3816.094 3743.205 3670.442 3597.801 3525.278 3452.864 3380.555 3308.348 3236.234 3164.205 3092.261 3020.395 2948.595 2876.856 2805.178 2733.550 2661.959 2590.404 2518.882 2447.374 2375.869 2304.382 2232.897 2161.392 2089.864 2018.322 1946.737 1875.086 1803.398 1731.662 1659.834 1587.901 1515.911 1443.826 1371.589 1299.229 1226.778 1154.168 1081.332 1008.372 935.284 861.966 788.325 714.572 640.648 566.421 491.755 416.971 341.977 266.620 190.707 114.569 38.217 -38.326 -114.301 -187.840 -255.733 -315.080 -363.667 -400.948 -427.880 -446.462 -458.863 -466.921 -472.050 -475.256 -477.230 -478.433 -479.158 -479.590 -479.846 -480.000 -480.111 -480.278 -480.807 -482.756 -489.591 -512.732 -9999.000 -9999.000
-9999.000 -9999.000 5507.218 5413.648 5325.655 5241.945 5161.252 5082.575 5005.221 4928.745 4852.871 4777.432 4702.327 4627.491 4552.884 4478.478 4404.256 4330.204 4256.314 4182.580 4108.997 4035.561 3962.267 3889.112 3816.094 3743.205 3670.442 3597.801 3525.278 3452.864 3380.555 3308.348 3236.234 3164.205 3092.261 3020.395 2948.595 2876.856 2805.178 2733.550 2661.959 2590.404 2518.882 2447.374 2375.869 2304.382 2232.897 2161.392 2089.864 2018.322 1946.737 1875.086 1803.398 1731.662 1659.834 1587.901 1515.911 1443.826 1371.589 1299.229 1226.778 1154.168 1081.332 1008.372 935.284 861.966 788.325 714.572 640.648 566.421 491.755 416.971 341.977 266.620 190.707 114.569 38.217 -38.326 -114.301 -187.840 -255.733 -315.080 -363.667 -400.948 -427.880 -446.462 -458.863 -466.921 -472.050 -475.256 -477.230 -478.433 -479.158 -479.590 -479.846 -480.000 -480.111 -480.278 -480.807 -482.756 -489.591 -512.732 -9999.000 -9999.000
-9999.000 -9999.000 5507.218 5413.648 5325.655 5241.945 5161.252 5082.575 5005.221 4928.745 4852.871 4777.432 4702.327 4627.491 4552.884 4478.478 4404.256 4330.204 4256.314 4182.580 4108.997 4035.561 3962.267 3889.112 3816.094 3743.205 3670.442 3597.801 3525.278 3452.864 3380.555 3308.348 3236.234 3164.205 3092.261 3020.395 2948.595 2876.856 2805.178 2733.550 2661.959 2590.404 2518.882 2447.374 2375.869 2304.382 2232.897 2161.392 2089.864 2018.322 1946.737 1875.086 1803.398 1731.662 1659.834 1587.901 1515.911 1443.826 1371.589 1299.229 1226.778 1154.168 1081.332 1008.372 935.284 861.966 788.325 714.572 640.648 566.421 491.755 416.971 341.977 266.620 190.707 114.569 38.217 -38.326 -114.301 -187.840 -255.733 -315.080 -363.667 -400.948 -427.880 -446.462 -458.863 -466.921 -472.050 -475.256 -477.230 -478.433 -479.158 -479.590 -479.846 -480.000 -480.111 -480.278 -480.807 -482.756 -489.591 -512.732 -9999.000 -9999.000
-9999.000 -9999.000 5507.218 5413.648 5325.655 5241.945 5161.252 5082.575 5005.221 4928.745 4852.871 4777.432 4702.327 4627.491 4552.884 4478.478 4404.256 4330.204 4256.314 4182.580 4108.997 4035.561 3962.267 3889.112 3816.094 3743.205 3670.442 3597.801 3525.278 3452.864 3380.555 3308.348 3236.234 3164.205 3092.261 3020.395 2948.595 2876.856 2805.178 2733.550 2661.959 2590.404 2518.882 2447.374 2375.869 2304.382 2232.897 2161.392 2089.864 2018.322 1946.737 1875.086 1803.398 1731.662 1659.834 1587.901 1515.911 1443.826 1371.589 1299.229 1226.778 1154.168 1081.332 1008.372 935.284 861.966 788.325 714.572 640.648 566.421 491.755 416.971 341.977 266.620 190.707 114.569 38.217 -38.326 -114.301 -187.840 -255.733 -315.080 -363.667 -400.948 -427.880 -446.462 -458.863 -466.921 -472.050 -475.256 -477.230 -478.433 -479.158 -479.590 -479.846 -480.000 -480.111 -480.278 -480.807 -482.756 -489.591 -512.732 -9999.000 -9999.000
-9999.000 -9999.000 5507.218 5413.648 5325.655 5241.945 5161.252 5082.575 5005.221 4928.745 4852.871 4777.432 4702.327 4627.491 4552.884 4478.478 4404.256 4330.204 4256.314 4182.580 4108.997 4035.561 3962.267 3889.112 3816.094 3743.205 3670.442 3597.801 3525.278 3452.864 3380.555 3308.348 3236.234 3164.205 3092.261 3020.395 2948.595 2876.856 2805.178 2733.550 2661.959 2590.404 2518.882 2447.374 2375.869 2304.382 2232.897 2161.392 2089.864 2018.322 1946.737 1875.086 1803.398 1731.662 1659.834 1587.901 1515.911 1443.826 1371.589 1299.229 1226.778 1154.168 1081.332 1008.372 935.284 861.966 788.325 714.572 640.648 566.421 491.755 416.971 341.977 266.620 190.707 114.569 38.217 -38.326 -114.301 -187.840 -255.733 -315.080 -363.667 -400.948 -427.880 -446.462 -458.863 -466.921 -472.050 -475.256 -477.230 -478.433 -479.158 -479.590 -479.846 -480.000 -480.111 -480.278 -480.807 -482.756 -489.591 -512.732 -9999.000 -9999.000
-9999.000 -9999.000 5507.218 5413.648 5325.654 5241.945 5161.252 5082.575 5005.221 4928.745 4852.871 4777.432 4702.327 4627.491 4552.884 4478.478 4404.256 4330.204 4256.314 4182.580 4108.997 4035.561 3962.267 3889.112 3816.094 3743.205 3670.442 3597.801 3525.278 3452.864 3380.555 3308.348 3236.234 3164.205 3092.261 3020.395 2948.595 2876.856 2805.178 2733.550 2661.959 2590.404 2518.882 2447.374 2375.869 2304.382 2232.897 2161.392 2089.864 2018.322 1946.737 1875.086 1803.398 1731.662 1659.834 1587.901 1515.911 1443.826 1371.589 1299.229 1226.778 1154.168 1081.332 1008.372 935.284 861.966 788.325 714.572 640.648 566.421 491.755 416.971 341.977 266.620 190.707 114.569 38.217 -38.326 -114.301 -187.840 -255.733 -315.080 -363.667 -400.948 -427.880 -446.462 -458.863 -466.921 -472.050 -475.256 -477.230 -478.433 -479.158 -479.590 -479.846 -480.000 -480.111 -480.278 -480.807 -482.756 -489.591 -512.732 -9999.000 -9999.000
-9999.000 -9999.000 -9999.000 -9999.000 -9999.000 -9999.000 -9999.000 -9999.000 -9999.000 -9999.000 -9999.000 -9999.000 -9999.000 -9999.000 -9999.000 -9999.000 -9999.000 -9999.000 -9999.000 -9999.000 -9999.000 -9999.000 -9999.000 -9999.000 -9999.000 -9999.000 -9999.000 -9999.000 -9999.000 -9999.000 -9999.000 -9999.000 -9999.000 -9999.000 -9999.000 -9999.000 -9999.000 -9999.000 -9999.000 -9999.000 -9999.000 -9999.000 -9999.000 -9999.000 -9999.000 -9999.000 -9999.000 -9999.000 -9999.000 -9999.000 -9999.000 -9999.000 -9999.000 -9999.000 -9999.000 -9999.000 -9999.000 -9999.000 -9999.000 -9999.000 -9999.000 -9999.000 -9999.000 -9999.000 -9999.000 -9999.000 -9999.000 -9999.000 -9999.000 -9999.000 -9999.000 -9999.000 -9999.000 -9999.000 -9999.000 -9999.000 -9999.000 -9999.000 -9999.000 -9999.000 -9999.000 -9999.000 -9999.000 -9999.000 -9999.000 -9999.000 -9999.000 -9999.000 -9999.000 -9999.000 -9999.000 -9999.000 -9999.000 -9999.000 -9999.000 -9999.000 -9999.000 -9999.000 -9999.000 -9999.000 -9999.000 -9999.000 -9999.000 -9999.000
-9999.000 -9999.000 -9999.000 -9999.000 -9999.000 -9999.000 -9999.000 -9999.000 -9999.000 -9999.000 -9999.000 -9999.000 -9999.000 -9999.000 -9999.000 -9999.000 -9999.000 -9999.000 -9999.000 -9999.000 -9999.000 -9999.000 -9999.000 -9999.000 -9999.000 -9999.000 -9999.000 -9999.000 -9999.000 -9999.000 -9999.000 -9999.000 -9999.000 -9999.000 -9999.000 -9999.000 -9999.000 -9999.000 -9999.000 -9999.000 -9999.000 -9999.000 -9999.000 -9999.000 -9999.000 -9999.000 -9999.000 -9999.000 -9999.000 -9999.000 -9999.000 -9999.000 -9999.000 -9999.000 -9999.000 -9999.000 -9999.000 -9999.000 -9999.000 -9999.000 -9999.000 -9999.000 -9999.000 -9999.000 -9999.000 -9999.000 -9999.000 -9999.000 -9999.000 -9999.000 -9999.000 -9999.000 -9999.000 -9999.000 -9999.000 -9999.000 -9999.000 -9999.000 -9999.000 -9999.000 -9999.000 -9999.000 -9999.000 -9999.000 -9999.000 -9999.000 -9999.000 -9999.000 -9999.000 -9999.000 -9999.000 -9999.000 -9999.000 -9999.000 -9999.000 -9999.000 -9999.000 -9999.000 -9999.000 -9999.000 -9999.000 -9999.000 -9999.000 -9999.000