examples/3D/hillslope01/output-maps-METEOIO-OFF/psiliqL0018N0002.asc
ncols         104
nrows         10
xllcorner     -2.000000
yllcorner     0.000000
cellsize      1.000000
NODATA_value  -9999.0
-9999.000 -9999.000 -9999.000 -9999.000 -9999.000 -9999.000 -9999.000 -9999.000 -9999.000 -9999.000 -9999.000 -9999.000 -9999.000 -9999.000 -9999.000 -9999.000 -9999.000 -9999.000 -9999.000 -9999.000 -9999.000 -9999.000 -9999.000 -9999.000 -9999.000 -9999.000 -9999.000 -9999.000 -9999.000 -9999.000 -9999.000 -9999.000 -9999.000 -9999.000 -9999.000 -9999.000 -9999.000 -9999.000 -9999.000 -9999.000 -9999.000 -9999.000 -9999.000 -9999.000 -9999.000 -9999.000 -9999.000 -9999.000 -9999.000 -9999.000 -9999.000 -9999.000 -9999.000 -9999.000 -9999.000 -9999.000 -9999.000 -9999.000 -9999.000 -9999.000 -9999.000 -9999.000 -9999.000 -9999.000 -9999.000 -9999.000 -9999.000 -9999.000 -9999.000 -9999.000 -9999.000 -9999.000 -9999.000 -9999.000 -9999.000 -9999.000 -9999.000 -9999.000 -9999.000 -9999.000 -9999.000 -9999.000 -9999.000 -9999.000 -9999.000 -9999.000 -9999.000 -9999.000 -9999.000 -9999.000 -9999.000 -9999.000 -9999.000 -9999.000 -9999.000 -9999.000 -9999.000 -9999.000 -9999.000 -9999.000 -9999.000 -9999.000 -9999.000 -9999.000
-9999.000 -9999.000 -9999.000 -9999.000 -9999.000 -9999.000 -9999.000 -9999.000 -9999.000 -9999.000 -9999.000 -9999.000 -9999.000 -9999.000 -9999.000 -9999.000 -9999.000 -9999.000 -9999.000 -9999.000 -9999.000 -9999.000 -9999.000 -9999.000 -9999.000 -9999.000 -9999.000 -9999.000 -9999.000 -9999.000 -9999.000 -9999.000 -9999.000 -9999.000 -9999.000 -9999.000 -9999.000 -9999.000 -9999.000 -9999.000 -9999.000 -9999.000 -9999.000 -9999.000 -9999.000 -9999.000 -9999.000 -9999.000 -9999.000 -9999.000 -9999.000 -9999.000 -9999.000 -9999.000 -9999.000 -9999.000 -9999.000 -9999.000 -9999.000 -9999.000 -9999.000 -9999.000 -9999.000 -9999.000 -9999.000 -9999.000 -9999.000 -9999.000 -9999.000 -9999.000 -9999.000 -9999.000 -9999.000 -9999.000 -9999.000 -9999.000 -9999.000 -9999.000 -9999.000 -9999.000 -9999.000 -9999.000 -9999.000 -9999.000 -9999.000 -9999.000 -9999.000 -9999.000 -9999.000 -9999.000 -9999.000 -9999.000 -9999.000 -9999.000 -9999.000 -9999.000 -9999.000 -9999.000 -9999.000 -9999.000 -9999.000 -9999.000 -9999.000 -9999.000
-9999.000 -9999.000 1935.284 1865.054 1811.630 1764.103 1714.488 1660.103 1601.225 1538.811 1473.630 1406.372 1337.514 1267.329 1196.057 1123.947 1051.058 977.393 903.036 828.130 752.724 676.786 600.272 523.328 446.016 368.335 290.172 211.491 132.451 53.126 -26.288 -104.576 -177.594 -238.646 -283.654 -313.453 -331.732 -342.405 -348.448 -351.802 -353.639 -354.636 -355.172 -355.458 -355.609 -355.688 -355.728 -355.747 -355.755 -355.757 -355.757 -355.754 -355.751 -355.747 -355.743 -355.740 -355.735 -355.731 -355.727 -355.723 -355.719 -355.715 -355.711 -355.707 -355.703 -355.698 -355.694 -355.690 -355.686 -355.682 -355.678 -355.674 -355.670 -355.665 -355.661 -355.657 -355.653 -355.649 -355.645 -355.641 -355.637 -355.632 -355.628 -355.624 -355.620 -355.616 -355.612 -355.608 -355.604 -355.599 -355.595 -355.591 -355.587 -355.583 -355.579 -355.575 -355.571 -355.573 -355.617 -355.982 -358.485 -373.230 -9999.000 -9999.000
-9999.000 -9999.000 1935.292 1865.057 1811.631 1764.103 1714.488 1660.103 1601.225 1538.811 1473.630 1406.372 1337.514 1267.329 1196.057 1123.947 1051.058 977.393 903.036 828.130 752.724 676.786 600.272 523.328 446.016 368.335 290.172 211.491 132.451 53.126 -26.288 -104.576 -177.594 -238.646 -283.654 -313.453 -331.732 -342.405 -348.448 -351.802 -353.639 -354.636 -355.172 -355.458 -355.609 -355.688 -355.728 -355.747 -355.755 -355.757 -355.757 -355.754 -355.751 -355.747 -355.743 -355.740 -355.735 -355.731 -355.727 -355.723 -355.719 -355.715 -355.711 -355.707 -355.703 -355.698 -355.694 -355.690 -355.686 -355.682 -355.678 -355.674 -355.670 -355.665 -355.661 -355.657 -355.653 -355.649 -355.645 -355.641 -355.637 -355.632 -355.628 -355.624 -355.620 -355.616 -355.612 -355.608 -355.604 -355.599 -355.595 -355.591 -355.587 -355.583 -355.579 -355.575 -355.571 -355.573 -355.617 -355.982 -358.485 -373.230 -9999.000 -9999.000
-9999.000 -9999.000 1935.297 1865.059 1811.632 1764.104 1714.488 1660.103 1601.225 1538.811 1473.630 1406.372 1337.514 1267.329 1196.057 1123.947 1051.058 977.393 903.036 828.130 752.724 676.786 600.272 523.328 446.016 368.335 290.172 211.491 132.451 53.126 -26.288 -104.576 -177.594 -238.646 -283.654 -313.453 -331.732 -342.405 -348.448 -351.802 -353.639 -354.636 -355.172 -355.458 -355.609 -355.688 -355.728 -355.747 -355.755 -355.757 -355.757 -355.754 -355.751 -355.747 -355.743 -355.739 -355.735 -355.731 -355.727 -355.723 -355.719 -355.715 -355.711 -355.707 -355.703 -355.698 -355.694 -355.690 -355.686 -355.682 -355.678 -355.674 -355.670 -355.665 -355.661 -355.657 -355.653 -355.649 -355.645 -355.641 -355.637 -355.632 -355.628 -355.624 -355.620 -355.616 -355.612 -355.608 -355.604 -355.599 -355.595 -355.591 -355.587 -355.583 -355.579 -355.575 -355.571 -355.573 -355.617 -355.982 -358.485 -373.230 -9999.000 -9999.000
-9999.000 -9999.000 1935.297 1865.059 1811.632 1764.104 1714.488 1660.103 1601.225 1538.811 1473.630 1406.372 1337.514 1267.329 1196.057 1123.947 1051.058 977.393 903.036 828.130 752.724 676.786 600.272 523.328 446.016 368.335 290.172 211.491 132.451 53.126 -26.288 -104.576 -177.594 -238.646 -283.654 -313.453 -331.732 -342.405 -348.448 -351.802 -353.639 -354.636 -355.172 -355.458 -355.609 -355.688 -355.728 -355.747 -355.755 -355.757 -355.757 -355.754 -355.751 -355.747 -355.743 -355.739 -355.735 -355.731 -355.727 -355.723 -355.719 -355.715 -355.711 -355.707 -355.703 -355.698 -355.694 -355.690 -355.686 -355.682 -355.678 -355.674 -355.670 -355.665 -355.661 -355.657 -355.653 -355.649 -355.645 -355.641 -355.637 -355.632 -355.628 -355.624 -355.620 -355.616 -355.612 -355.608 -355.604 -355.599 -355.595 -355.591 -355.587 -355.583 -355.579 -355.575 -355.571 -355.573 -355.617 -355.982 -358.485 -373.230 -9999.000 -9999.000
-9999.000 -9999.000 1935.292 1865.057 1811.631 1764.103 1714.488 1660.103 1601.225 1538.811 1473.630 1406.372 1337.514 1267.329 1196.057 1123.947 1051.058 977.393 903.036 828.130 752.724 676.786 600.272 523.328 446.016 368.335 290.172 211.491 132.451 53.126 -26.288 -104.576 -177.594 -238.646 -283.654 -313.453 -331.732 -342.405 -348.448 -351.802 -353.639 -354.636 -355.172 -355.458 -355.609 -355.688 -355.728 -355.747 -355.755 -355.757 -355.757 -355.754 -355.751 -355.747 -355.743 -355.740 -355.735 -355.731 -355.727 -355.723 -355.719 -355.715 -355.711 -355.707 -355.703 -355.698 -355.694 -355.690 -355.686 -355.682 -355.678 -355.674 -355.670 -355.665 -355.661 -355.657 -355.653 -355.649 -355.645 -355.641 -355.637 -355.632 -355.628 -355.624 -355.620 -355.616 -355.612 -355.608 -355.604 -355.599 -355.595 -355.591 -355.587 -355.583 -355.579 -355.575 -355.571 -355.573 -355.617 -355.982 -358.485 -373.230 -9999.000 -9999.000
-9999.000 -9999.000 1935.284 1865.054 1811.630 1764.103 1714.488 1660.103 1601.225 1538.811 1473.630 1406.372 1337.514 1267.329 1196.057 1123.947 1051.058 977.393 903.036 828.130 752.724 676.786 600.272 523.328 446.016 368.335 290.172 211.491 132.451 53.126 -26.288 -104.576 -177.594 -238.646 -283.654 -313.453 -331.732 -342.405 -348.448 -351.802 -353.639 -354.636 -355.172 -355.458 -355.609 -355.688 -355.728 -355.747 -355.755 -355.757 -355.757 -355.754 -355.751 -355.747 -355.743 -355.740 -355.735 -355.731 -355.727 -355.723 -355.719 -355.715 -355.711 -355.707 -355.703 -355.698 -355.694 -355.690 -355.686 -355.682 -355.678 -355.674 -355.670 -355.665 -355.661 -355.657 -355.653 -355.649 -355.645 -355.641 -355.637 -355.632 -355.628 -355.624 -355.620 -355.616 -355.612 -355.608 -355.604 -355.599 -355.595 -355.591 -355.587 -355.583 -355.579 -355.575 -355.571 -355.573 -355.617 -355.982 -358.485 -373.230 -9999.000 -9999.000
-9999.000 -9999.000 -9999.000 -9999.000 -9999.000 -9999.000 -9999.000 -9999.000 -9999.000 -9999.000 -9999.000 -9999.000 -9999.000 -9999.000 -9999.000 -9999.000 -9999.000 -9999.000 -9999.000 -9999.000 -9999.000 -9999.000 -9999.000 -9999.000 -9999.000 -9999.000 -9999.000 -9999.000 -9999.000 -9999.000 -9999.000 -9999.000 -9999.000 -9999.000 -9999.000 -9999.000 -9999.000 -9999.000 -9999.000 -9999.000 -9999.000 -9999.000 -9999.000 -9999.000 -9999.000 -9999.000 -9999.000 -9999.000 -9999.000 -9999.000 -9999.000 -9999.000 -9999.000 -9999.000 -9999.000 -9999.000 -9999.000 -9999.000 -9999.000 -9999.000 -9999.000 -9999.000 -9999.000 -9999.000 -9999.000 -9999.000 -9999.000 -9999.000 -9999.000 -9999.000 -9999.000 -9999.000 -9999.000 -9999.000 -9999.000 -9999.000 -9999.000 -9999.000 -9999.000 -9999.000 -9999.000 -9999.000 -9999.000 -9999.000 -9999.000 -9999.000 -9999.000 -9999.000 -9999.000 -9999.000 -9999.000 -9999.000 -9999.000 -9999.000 -9999.000 -9999.000 -9999.000 -9999.000 -9999.000 -9999.000 -9999.000 -9999.000 -9999.000 -9999.000
-9999.000 -9999.000 -9999.000 -9999.000 -9999.000 -9999.000 -9999.000 -9999.000 -9999.000 -9999.000 -9999.000 -9999.000 -9999.000 -9999.000 -9999.000 -9999.000 -9999.000 -9999.000 -9999.000 -9999.000 -9999.000 -9999.000 -9999.000 -9999.000 -9999.000 -9999.000 -9999.000 -9999.000 -9999.000 -9999.000 -9999.000 -9999.000 -9999.000 -9999.000 -9999.000 -9999.000 -9999.000 -9999.000 -9999.000 -9999.000 -9999.000 -9999.000 -9999.000 -9999.000 -9999.000 -9999.000 -9999.000 -9999.000 -9999.000 -9999.000 -9999.000 -9999.000 -9999.000 -9999.000 -9999.000 -9999.000 -9999.000 -9999.000 -9999.000 -9999.000 -9999.000 -9999.000 -9999.000 -9999.000 -9999.000 -9999.000 -9999.000 -9999.000 -9999.000 -9999.000 -9999.000 -9999.000 -9999.000 -9999.000 -9999.000 -9999.000 -9999.000 -9999.000 -9999.000 -9999.000 -9999.000 -9999.000 -9999.000 -9999.000 -9999.000 -9999.000 -9999.000 -9999.000 -9999.000 -9999.000 -9999.000 -9999.000 -9999.000 -9999.000 -9999.000 -9999.000 -9999.000 -9999.000 -9999.000 -9999.000 -9999.000 -9999.000 -9999.000 -9999.000