examples/3D/hillslope01/output-maps-METEOIO-OFF/psiliqL0050N0003.asc
ncols         104
nrows         10
xllcorner     -2.000000
yllcorner     0.000000
cellsize      1.000000
NODATA_value  -9999.0
-9999.000 -9999.000 -9999.000 -9999.000 -9999.000 -9999.000 -9999.000 -9999.000 -9999.000 -9999.000 -9999.000 -9999.000 -9999.000 -9999.000 -9999.000 -9999.000 -9999.000 -9999.000 -9999.000 -9999.000 -9999.000 -9999.000 -9999.000 -9999.000 -9999.000 -9999.000 -9999.000 -9999.000 -9999.000 -9999.000 -9999.000 -9999.000 -9999.000 -9999.000 -9999.000 -9999.000 -9999.000 -9999.000 -9999.000 -9999.000 -9999.000 -9999.000 -9999.000 -9999.000 -9999.000 -9999.000 -9999.000 -9999.000 -9999.000 -9999.000 -9999.000 -9999.000 -9999.000 -9999.000 -9999.000 -9999.000 -9999.000 -9999.000 -9999.000 -9999.000 -9999.000 -9999.000 -9999.000 -9999.000 -9999.000 -9999.000 -9999.000 -9999.000 -9999.000 -9999.000 -9999.000 -9999.000 -9999.000 -9999.000 -9999.000 -9999.000 -9999.000 -9999.000 -9999.000 -9999.000 -9999.000 -9999.000 -9999.000 -9999.000 -9999.000 -9999.000 -9999.000 -9999.000 -9999.000 -9999.000 -9999.000 -9999.000 -9999.000 -9999.000 -9999.000 -9999.000 -9999.000 -9999.000 -9999.000 -9999.000 -9999.000 -9999.000 -9999.000 -9999.000
-9999.000 -9999.000 -9999.000 -9999.000 -9999.000 -9999.000 -9999.000 -9999.000 -9999.000 -9999.000 -9999.000 -9999.000 -9999.000 -9999.000 -9999.000 -9999.000 -9999.000 -9999.000 -9999.000 -9999.000 -9999.000 -9999.000 -9999.000 -9999.000 -9999.000 -9999.000 -9999.000 -9999.000 -9999.000 -9999.000 -9999.000 -9999.000 -9999.000 -9999.000 -9999.000 -9999.000 -9999.000 -9999.000 -9999.000 -9999.000 -9999.000 -9999.000 -9999.000 -9999.000 -9999.000 -9999.000 -9999.000 -9999.000 -9999.000 -9999.000 -9999.000 -9999.000 -9999.000 -9999.000 -9999.000 -9999.000 -9999.000 -9999.000 -9999.000 -9999.000 -9999.000 -9999.000 -9999.000 -9999.000 -9999.000 -9999.000 -9999.000 -9999.000 -9999.000 -9999.000 -9999.000 -9999.000 -9999.000 -9999.000 -9999.000 -9999.000 -9999.000 -9999.000 -9999.000 -9999.000 -9999.000 -9999.000 -9999.000 -9999.000 -9999.000 -9999.000 -9999.000 -9999.000 -9999.000 -9999.000 -9999.000 -9999.000 -9999.000 -9999.000 -9999.000 -9999.000 -9999.000 -9999.000 -9999.000 -9999.000 -9999.000 -9999.000 -9999.000 -9999.000
-9999.000 -9999.000 5203.529 5110.473 5023.329 4940.577 4860.781 4782.866 4706.121 4630.115 4554.597 4479.425 4404.518 4329.831 4255.335 4181.012 4106.851 4032.845 3958.989 3885.281 3811.719 3738.299 3665.017 3591.875 3518.867 3445.988 3373.233 3300.601 3228.087 3155.681 3083.381 3011.183 2939.078 2867.057 2795.122 2723.267 2651.477 2579.745 2508.078 2436.461 2364.880 2293.335 2221.827 2150.330 2078.831 2007.356 1935.888 1864.393 1792.874 1721.349 1649.780 1578.133 1506.459 1434.746 1362.932 1290.999 1219.032 1146.973 1074.742 1002.388 929.969 857.388 784.541 711.597 638.553 565.270 491.595 417.872 344.005 269.825 195.098 120.354 45.428 -29.752 -104.628 -177.197 -245.166 -305.811 -356.798 -396.948 -426.796 -448.047 -462.645 -472.387 -478.727 -482.789 -485.359 -486.966 -487.961 -488.569 -488.937 -489.158 -489.290 -489.367 -489.413 -489.443 -489.480 -489.590 -490.043 -491.831 -498.327 -520.927 -9999.000 -9999.000
-9999.000 -9999.000 5203.530 5110.473 5023.329 4940.577 4860.781 4782.866 4706.121 4630.115 4554.597 4479.425 4404.518 4329.831 4255.335 4181.012 4106.851 4032.845 3958.989 3885.281 3811.719 3738.299 3665.017 3591.875 3518.867 3445.988 3373.233 3300.601 3228.087 3155.681 3083.381 3011.183 2939.078 2867.057 2795.122 2723.267 2651.477 2579.745 2508.078 2436.461 2364.880 2293.335 2221.827 2150.330 2078.831 2007.356 1935.888 1864.393 1792.874 1721.349 1649.780 1578.133 1506.459 1434.746 1362.932 1290.999 1219.032 1146.973 1074.742 1002.388 929.969 857.388 784.541 711.597 638.553 565.270 491.595 417.872 344.005 269.825 195.098 120.354 45.428 -29.752 -104.628 -177.197 -245.166 -305.811 -356.798 -396.948 -426.796 -448.047 -462.645 -472.387 -478.727 -482.789 -485.359 -486.966 -487.961 -488.569 -488.937 -489.158 -489.290 -489.367 -489.413 -489.443 -489.480 -489.590 -490.043 -491.831 -498.327 -520.927 -9999.000 -9999.000
-9999.000 -9999.000 5203.530 5110.473 5023.329 4940.577 4860.781 4782.866 4706.121 4630.115 4554.597 4479.425 4404.518 4329.831 4255.335 4181.012 4106.851 4032.845 3958.989 3885.281 3811.719 3738.299 3665.017 3591.875 3518.867 3445.988 3373.233 3300.601 3228.087 3155.681 3083.381 3011.183 2939.078 2867.057 2795.122 2723.267 2651.477 2579.745 2508.078 2436.461 2364.880 2293.335 2221.827 2150.330 2078.831 2007.356 1935.888 1864.393 1792.874 1721.349 1649.780 1578.133 1506.459 1434.746 1362.932 1290.999 1219.032 1146.973 1074.742 1002.388 929.969 857.388 784.541 711.597 638.553 565.270 491.595 417.872 344.005 269.825 195.098 120.354 45.428 -29.752 -104.628 -177.197 -245.166 -305.811 -356.798 -396.948 -426.796 -448.047 -462.645 -472.387 -478.727 -482.789 -485.359 -486.966 -487.961 -488.569 -488.937 -489.158 -489.290 -489.367 -489.413 -489.443 -489.480 -489.590 -490.043 -491.831 -498.327 -520.927 -9999.000 -9999.000
-9999.000 -9999.000 5203.530 5110.473 5023.329 4940.577 4860.781 4782.866 4706.121 4630.115 4554.597 4479.425 4404.518 4329.831 4255.335 4181.012 4106.851 4032.845 3958.989 3885.281 3811.719 3738.299 3665.017 3591.875 3518.867 3445.988 3373.233 3300.601 3228.087 3155.681 3083.381 3011.183 2939.078 2867.057 2795.122 2723.267 2651.477 2579.745 2508.078 2436.461 2364.880 2293.335 2221.827 2150.330 2078.831 2007.356 1935.888 1864.393 1792.874 1721.349 1649.780 1578.133 1506.459 1434.746 1362.932 1290.999 1219.032 1146.973 1074.742 1002.388 929.969 857.388 784.541 711.597 638.553 565.270 491.595 417.872 344.005 269.825 195.098 120.354 45.428 -29.752 -104.628 -177.197 -245.166 -305.811 -356.798 -396.948 -426.796 -448.047 -462.645 -472.387 -478.727 -482.789 -485.359 -486.966 -487.961 -488.569 -488.937 -489.158 -489.290 -489.367 -489.413 -489.443 -489.480 -489.590 -490.043 -491.831 -498.327 -520.927 -9999.000 -9999.000
-9999.000 -9999.000 5203.530 5110.473 5023.329 4940.577 4860.781 4782.866 4706.121 4630.115 4554.597 4479.425 4404.518 4329.831 4255.335 4181.012 4106.851 4032.845 3958.989 3885.281 3811.719 3738.299 3665.017 3591.875 3518.867 3445.988 3373.233 3300.601 3228.087 3155.681 3083.381 3011.183 2939.078 2867.057 2795.122 2723.267 2651.477 2579.745 2508.078 2436.461 2364.880 2293.335 2221.827 2150.330 2078.831 2007.356 1935.888 1864.393 1792.874 1721.349 1649.780 1578.133 1506.459 1434.746 1362.932 1290.999 1219.032 1146.973 1074.742 1002.388 929.969 857.388 784.541 711.597 638.553 565.270 491.595 417.872 344.005 269.825 195.098 120.354 45.428 -29.752 -104.628 -177.197 -245.166 -305.811 -356.798 -396.948 -426.796 -448.047 -462.645 -472.387 -478.727 -482.789 -485.359 -486.966 -487.961 -488.569 -488.937 -489.158 -489.290 -489.367 -489.413 -489.443 -489.480 -489.590 -490.043 -491.831 -498.327 -520.927 -9999.000 -9999.000
-9999.000 -9999.000 5203.529 5110.473 5023.329 4940.577 4860.781 4782.866 4706.121 4630.115 4554.597 4479.425 4404.518 4329.831 4255.335 4181.012 4106.851 4032.845 3958.989 3885.281 3811.719 3738.299 3665.017 3591.875 3518.867 3445.988 3373.233 3300.601 3228.087 3155.681 3083.381 3011.183 2939.078 2867.057 2795.122 2723.267 2651.477 2579.745 2508.078 2436.461 2364.880 2293.335 2221.827 2150.330 2078.831 2007.356 1935.888 1864.393 1792.874 1721.349 1649.780 1578.133 1506.459 1434.746 1362.932 1290.999 1219.032 1146.973 1074.742 1002.388 929.969 857.388 784.541 711.597 638.553 565.270 491.595 417.872 344.005 269.825 195.098 120.354 45.428 -29.752 -104.628 -177.197 -245.166 -305.811 -356.798 -396.948 -426.796 -448.047 -462.645 -472.387 -478.727 -482.789 -485.359 -486.966 -487.961 -488.569 -488.937 -489.158 -489.290 -489.367 -489.413 -489.443 -489.480 -489.590 -490.043 -491.831 -498.327 -520.927 -9999.000 -9999.000
-9999.000 -9999.000 -9999.000 -9999.000 -9999.000 -9999.000 -9999.000 -9999.000 -9999.000 -9999.000 -9999.000 -9999.000 -9999.000 -9999.000 -9999.000 -9999.000 -9999.000 -9999.000 -9999.000 -9999.000 -9999.000 -9999.000 -9999.000 -9999.000 -9999.000 -9999.000 -9999.000 -9999.000 -9999.000 -9999.000 -9999.000 -9999.000 -9999.000 -9999.000 -9999.000 -9999.000 -9999.000 -9999.000 -9999.000 -9999.000 -9999.000 -9999.000 -9999.000 -9999.000 -9999.000 -9999.000 -9999.000 -9999.000 -9999.000 -9999.000 -9999.000 -9999.000 -9999.000 -9999.000 -9999.000 -9999.000 -9999.000 -9999.000 -9999.000 -9999.000 -9999.000 -9999.000 -9999.000 -9999.000 -9999.000 -9999.000 -9999.000 -9999.000 -9999.000 -9999.000 -9999.000 -9999.000 -9999.000 -9999.000 -9999.000 -9999.000 -9999.000 -9999.000 -9999.000 -9999.000 -9999.000 -9999.000 -9999.000 -9999.000 -9999.000 -9999.000 -9999.000 -9999.000 -9999.000 -9999.000 -9999.000 -9999.000 -9999.000 -9999.000 -9999.000 -9999.000 -9999.000 -9999.000 -9999.000 -9999.000 -9999.000 -9999.000 -9999.000 -9999.000
-9999.000 -9999.000 -9999.000 -9999.000 -9999.000 -9999.000 -9999.000 -9999.000 -9999.000 -9999.000 -9999.000 -9999.000 -9999.000 -9999.000 -9999.000 -9999.000 -9999.000 -9999.000 -9999.000 -9999.000 -9999.000 -9999.000 -9999.000 -9999.000 -9999.000 -9999.000 -9999.000 -9999.000 -9999.000 -9999.000 -9999.000 -9999.000 -9999.000 -9999.000 -9999.000 -9999.000 -9999.000 -9999.000 -9999.000 -9999.000 -9999.000 -9999.000 -9999.000 -9999.000 -9999.000 -9999.000 -9999.000 -9999.000 -9999.000 -9999.000 -9999.000 -9999.000 -9999.000 -9999.000 -9999.000 -9999.000 -9999.000 -9999.000 -9999.000 -9999.000 -9999.000 -9999.000 -9999.000 -9999.000 -9999.000 -9999.000 -9999.000 -9999.000 -9999.000 -9999.000 -9999.000 -9999.000 -9999.000 -9999.000 -9999.000 -9999.000 -9999.000 -9999.000 -9999.000 -9999.000 -9999.000 -9999.000 -9999.000 -9999.000 -9999.000 -9999.000 -9999.000 -9999.000 -9999.000 -9999.000 -9999.000 -9999.000 -9999.000 -9999.000 -9999.000 -9999.000 -9999.000 -9999.000 -9999.000 -9999.000 -9999.000 -9999.000 -9999.000 -9999.000