examples/3D/hillslope01/output-maps-METEOIO-OFF/psiliqL0026N0003.asc
ncols         104
nrows         10
xllcorner     -2.000000
yllcorner     0.000000
cellsize      1.000000
NODATA_value  -9999.0
-9999.000 -9999.000 -9999.000 -9999.000 -9999.000 -9999.000 -9999.000 -9999.000 -9999.000 -9999.000 -9999.000 -9999.000 -9999.000 -9999.000 -9999.000 -9999.000 -9999.000 -9999.000 -9999.000 -9999.000 -9999.000 -9999.000 -9999.000 -9999.000 -9999.000 -9999.000 -9999.000 -9999.000 -9999.000 -9999.000 -9999.000 -9999.000 -9999.000 -9999.000 -9999.000 -9999.000 -9999.000 -9999.000 -9999.000 -9999.000 -9999.000 -9999.000 -9999.000 -9999.000 -9999.000 -9999.000 -9999.000 -9999.000 -9999.000 -9999.000 -9999.000 -9999.000 -9999.000 -9999.000 -9999.000 -9999.000 -9999.000 -9999.000 -9999.000 -9999.000 -9999.000 -9999.000 -9999.000 -9999.000 -9999.000 -9999.000 -9999.000 -9999.000 -9999.000 -9999.000 -9999.000 -9999.000 -9999.000 -9999.000 -9999.000 -9999.000 -9999.000 -9999.000 -9999.000 -9999.000 -9999.000 -9999.000 -9999.000 -9999.000 -9999.000 -9999.000 -9999.000 -9999.000 -9999.000 -9999.000 -9999.000 -9999.000 -9999.000 -9999.000 -9999.000 -9999.000 -9999.000 -9999.000 -9999.000 -9999.000 -9999.000 -9999.000 -9999.000 -9999.000
-9999.000 -9999.000 -9999.000 -9999.000 -9999.000 -9999.000 -9999.000 -9999.000 -9999.000 -9999.000 -9999.000 -9999.000 -9999.000 -9999.000 -9999.000 -9999.000 -9999.000 -9999.000 -9999.000 -9999.000 -9999.000 -9999.000 -9999.000 -9999.000 -9999.000 -9999.000 -9999.000 -9999.000 -9999.000 -9999.000 -9999.000 -9999.000 -9999.000 -9999.000 -9999.000 -9999.000 -9999.000 -9999.000 -9999.000 -9999.000 -9999.000 -9999.000 -9999.000 -9999.000 -9999.000 -9999.000 -9999.000 -9999.000 -9999.000 -9999.000 -9999.000 -9999.000 -9999.000 -9999.000 -9999.000 -9999.000 -9999.000 -9999.000 -9999.000 -9999.000 -9999.000 -9999.000 -9999.000 -9999.000 -9999.000 -9999.000 -9999.000 -9999.000 -9999.000 -9999.000 -9999.000 -9999.000 -9999.000 -9999.000 -9999.000 -9999.000 -9999.000 -9999.000 -9999.000 -9999.000 -9999.000 -9999.000 -9999.000 -9999.000 -9999.000 -9999.000 -9999.000 -9999.000 -9999.000 -9999.000 -9999.000 -9999.000 -9999.000 -9999.000 -9999.000 -9999.000 -9999.000 -9999.000 -9999.000 -9999.000 -9999.000 -9999.000 -9999.000 -9999.000
-9999.000 -9999.000 2745.708 2662.773 2590.325 2521.499 2452.814 2383.122 2312.306 2240.544 2168.055 2095.058 2021.749 1948.240 1874.601 1800.912 1727.234 1653.583 1579.966 1506.455 1433.076 1359.793 1286.579 1213.541 1140.662 1067.871 995.141 922.619 850.238 777.887 705.622 633.574 561.613 489.556 417.715 346.069 274.400 202.556 131.096 59.742 -11.895 -83.054 -153.095 -221.486 -287.098 -347.533 -401.655 -448.437 -487.018 -517.725 -541.481 -559.300 -572.327 -581.721 -588.390 -593.046 -596.276 -598.500 -600.013 -601.037 -601.727 -602.188 -602.495 -602.697 -602.830 -602.917 -602.973 -603.010 -603.033 -603.048 -603.057 -603.063 -603.066 -603.068 -603.069 -603.070 -603.070 -603.070 -603.070 -603.070 -603.070 -603.070 -603.070 -603.069 -603.069 -603.069 -603.069 -603.068 -603.068 -603.068 -603.068 -603.067 -603.067 -603.067 -603.067 -603.067 -603.071 -603.094 -603.235 -604.011 -607.858 -625.592 -9999.000 -9999.000
-9999.000 -9999.000 2745.711 2662.775 2590.325 2521.500 2452.814 2383.122 2312.306 2240.544 2168.055 2095.058 2021.749 1948.240 1874.601 1800.912 1727.234 1653.583 1579.966 1506.455 1433.076 1359.793 1286.579 1213.541 1140.662 1067.871 995.141 922.619 850.238 777.887 705.622 633.574 561.613 489.556 417.715 346.069 274.400 202.556 131.096 59.742 -11.895 -83.054 -153.095 -221.486 -287.098 -347.533 -401.655 -448.437 -487.018 -517.725 -541.481 -559.300 -572.327 -581.721 -588.390 -593.046 -596.276 -598.500 -600.013 -601.037 -601.727 -602.188 -602.495 -602.697 -602.830 -602.917 -602.973 -603.010 -603.033 -603.048 -603.057 -603.063 -603.066 -603.068 -603.069 -603.070 -603.070 -603.070 -603.070 -603.070 -603.070 -603.070 -603.070 -603.069 -603.069 -603.069 -603.069 -603.068 -603.068 -603.068 -603.068 -603.067 -603.067 -603.067 -603.067 -603.067 -603.071 -603.094 -603.235 -604.011 -607.858 -625.592 -9999.000 -9999.000
-9999.000 -9999.000 2745.713 2662.776 2590.326 2521.500 2452.814 2383.122 2312.306 2240.544 2168.055 2095.058 2021.749 1948.240 1874.601 1800.912 1727.234 1653.583 1579.966 1506.455 1433.076 1359.793 1286.579 1213.541 1140.662 1067.871 995.141 922.619 850.238 777.887 705.622 633.574 561.613 489.556 417.715 346.069 274.400 202.556 131.096 59.742 -11.895 -83.054 -153.095 -221.486 -287.098 -347.533 -401.655 -448.437 -487.018 -517.725 -541.481 -559.300 -572.327 -581.721 -588.390 -593.046 -596.276 -598.500 -600.013 -601.037 -601.727 -602.188 -602.495 -602.697 -602.830 -602.917 -602.973 -603.010 -603.033 -603.048 -603.057 -603.063 -603.066 -603.068 -603.069 -603.070 -603.070 -603.070 -603.070 -603.070 -603.070 -603.070 -603.070 -603.069 -603.069 -603.069 -603.069 -603.068 -603.068 -603.068 -603.068 -603.067 -603.067 -603.067 -603.067 -603.067 -603.071 -603.094 -603.235 -604.011 -607.858 -625.592 -9999.000 -9999.000
-9999.000 -9999.000 2745.713 2662.776 2590.326 2521.500 2452.814 2383.122 2312.306 2240.544 2168.055 2095.058 2021.749 1948.240 1874.601 1800.912 1727.234 1653.583 1579.966 1506.455 1433.076 1359.793 1286.579 1213.541 1140.662 1067.871 995.141 922.619 850.238 777.887 705.622 633.574 561.613 489.556 417.715 346.069 274.400 202.556 131.096 59.742 -11.895 -83.054 -153.095 -221.486 -287.098 -347.533 -401.655 -448.437 -487.018 -517.725 -541.481 -559.300 -572.327 -581.721 -588.390 -593.046 -596.276 -598.500 -600.013 -601.037 -601.727 -602.188 -602.495 -602.697 -602.830 -602.917 -602.973 -603.010 -603.033 -603.048 -603.057 -603.063 -603.066 -603.068 -603.069 -603.070 -603.070 -603.070 -603.070 -603.070 -603.070 -603.070 -603.070 -603.069 -603.069 -603.069 -603.069 -603.068 -603.068 -603.068 -603.068 -603.067 -603.067 -603.067 -603.067 -603.067 -603.071 -603.094 -603.235 -604.011 -607.858 -625.592 -9999.000 -9999.000
-9999.000 -9999.000 2745.711 2662.775 2590.325 2521.500 2452.814 2383.122 2312.306 2240.544 2168.055 2095.058 2021.749 1948.240 1874.601 1800.912 1727.234 1653.583 1579.966 1506.455 1433.076 1359.793 1286.579 1213.541 1140.662 1067.871 995.141 922.619 850.238 777.887 705.622 633.574 561.613 489.556 417.715 346.069 274.400 202.556 131.096 59.742 -11.895 -83.054 -153.095 -221.486 -287.098 -347.533 -401.655 -448.437 -487.018 -517.725 -541.481 -559.300 -572.327 -581.721 -588.390 -593.046 -596.276 -598.500 -600.013 -601.037 -601.727 -602.188 -602.495 -602.697 -602.830 -602.917 -602.973 -603.010 -603.033 -603.048 -603.057 -603.063 -603.066 -603.068 -603.069 -603.070 -603.070 -603.070 -603.070 -603.070 -603.070 -603.070 -603.070 -603.069 -603.069 -603.069 -603.069 -603.068 -603.068 -603.068 -603.068 -603.067 -603.067 -603.067 -603.067 -603.067 -603.071 -603.094 -603.235 -604.011 -607.858 -625.592 -9999.000 -9999.000
-9999.000 -9999.000 2745.708 2662.773 2590.325 2521.499 2452.814 2383.122 2312.306 2240.544 2168.055 2095.058 2021.749 1948.240 1874.601 1800.912 1727.234 1653.583 1579.966 1506.455 1433.076 1359.793 1286.579 1213.541 1140.662 1067.871 995.141 922.619 850.238 777.887 705.622 633.574 561.613 489.556 417.715 346.069 274.400 202.556 131.096 59.742 -11.895 -83.054 -153.095 -221.486 -287.098 -347.533 -401.655 -448.437 -487.018 -517.725 -541.481 -559.300 -572.327 -581.721 -588.390 -593.046 -596.276 -598.500 -600.013 -601.037 -601.727 -602.188 -602.495 -602.697 -602.830 -602.917 -602.973 -603.010 -603.033 -603.048 -603.057 -603.063 -603.066 -603.068 -603.069 -603.070 -603.070 -603.070 -603.070 -603.070 -603.070 -603.070 -603.070 -603.069 -603.069 -603.069 -603.069 -603.068 -603.068 -603.068 -603.068 -603.067 -603.067 -603.067 -603.067 -603.067 -603.071 -603.094 -603.235 -604.011 -607.858 -625.592 -9999.000 -9999.000
-9999.000 -9999.000 -9999.000 -9999.000 -9999.000 -9999.000 -9999.000 -9999.000 -9999.000 -9999.000 -9999.000 -9999.000 -9999.000 -9999.000 -9999.000 -9999.000 -9999.000 -9999.000 -9999.000 -9999.000 -9999.000 -9999.000 -9999.000 -9999.000 -9999.000 -9999.000 -9999.000 -9999.000 -9999.000 -9999.000 -9999.000 -9999.000 -9999.000 -9999.000 -9999.000 -9999.000 -9999.000 -9999.000 -9999.000 -9999.000 -9999.000 -9999.000 -9999.000 -9999.000 -9999.000 -9999.000 -9999.000 -9999.000 -9999.000 -9999.000 -9999.000 -9999.000 -9999.000 -9999.000 -9999.000 -9999.000 -9999.000 -9999.000 -9999.000 -9999.000 -9999.000 -9999.000 -9999.000 -9999.000 -9999.000 -9999.000 -9999.000 -9999.000 -9999.000 -9999.000 -9999.000 -9999.000 -9999.000 -9999.000 -9999.000 -9999.000 -9999.000 -9999.000 -9999.000 -9999.000 -9999.000 -9999.000 -9999.000 -9999.000 -9999.000 -9999.000 -9999.000 -9999.000 -9999.000 -9999.000 -9999.000 -9999.000 -9999.000 -9999.000 -9999.000 -9999.000 -9999.000 -9999.000 -9999.000 -9999.000 -9999.000 -9999.000 -9999.000 -9999.000
-9999.000 -9999.000 -9999.000 -9999.000 -9999.000 -9999.000 -9999.000 -9999.000 -9999.000 -9999.000 -9999.000 -9999.000 -9999.000 -9999.000 -9999.000 -9999.000 -9999.000 -9999.000 -9999.000 -9999.000 -9999.000 -9999.000 -9999.000 -9999.000 -9999.000 -9999.000 -9999.000 -9999.000 -9999.000 -9999.000 -9999.000 -9999.000 -9999.000 -9999.000 -9999.000 -9999.000 -9999.000 -9999.000 -9999.000 -9999.000 -9999.000 -9999.000 -9999.000 -9999.000 -9999.000 -9999.000 -9999.000 -9999.000 -9999.000 -9999.000 -9999.000 -9999.000 -9999.000 -9999.000 -9999.000 -9999.000 -9999.000 -9999.000 -9999.000 -9999.000 -9999.000 -9999.000 -9999.000 -9999.000 -9999.000 -9999.000 -9999.000 -9999.000 -9999.000 -9999.000 -9999.000 -9999.000 -9999.000 -9999.000 -9999.000 -9999.000 -9999.000 -9999.000 -9999.000 -9999.000 -9999.000 -9999.000 -9999.000 -9999.000 -9999.000 -9999.000 -9999.000 -9999.000 -9999.000 -9999.000 -9999.000 -9999.000 -9999.000 -9999.000 -9999.000 -9999.000 -9999.000 -9999.000 -9999.000 -9999.000 -9999.000 -9999.000 -9999.000 -9999.000