examples/3D/hillslope01/output-maps-METEOIO-OFF/psiliqL0028N0003.asc
ncols         104
nrows         10
xllcorner     -2.000000
yllcorner     0.000000
cellsize      1.000000
NODATA_value  -9999.0
-9999.000 -9999.000 -9999.000 -9999.000 -9999.000 -9999.000 -9999.000 -9999.000 -9999.000 -9999.000 -9999.000 -9999.000 -9999.000 -9999.000 -9999.000 -9999.000 -9999.000 -9999.000 -9999.000 -9999.000 -9999.000 -9999.000 -9999.000 -9999.000 -9999.000 -9999.000 -9999.000 -9999.000 -9999.000 -9999.000 -9999.000 -9999.000 -9999.000 -9999.000 -9999.000 -9999.000 -9999.000 -9999.000 -9999.000 -9999.000 -9999.000 -9999.000 -9999.000 -9999.000 -9999.000 -9999.000 -9999.000 -9999.000 -9999.000 -9999.000 -9999.000 -9999.000 -9999.000 -9999.000 -9999.000 -9999.000 -9999.000 -9999.000 -9999.000 -9999.000 -9999.000 -9999.000 -9999.000 -9999.000 -9999.000 -9999.000 -9999.000 -9999.000 -9999.000 -9999.000 -9999.000 -9999.000 -9999.000 -9999.000 -9999.000 -9999.000 -9999.000 -9999.000 -9999.000 -9999.000 -9999.000 -9999.000 -9999.000 -9999.000 -9999.000 -9999.000 -9999.000 -9999.000 -9999.000 -9999.000 -9999.000 -9999.000 -9999.000 -9999.000 -9999.000 -9999.000 -9999.000 -9999.000 -9999.000 -9999.000 -9999.000 -9999.000 -9999.000 -9999.000
-9999.000 -9999.000 -9999.000 -9999.000 -9999.000 -9999.000 -9999.000 -9999.000 -9999.000 -9999.000 -9999.000 -9999.000 -9999.000 -9999.000 -9999.000 -9999.000 -9999.000 -9999.000 -9999.000 -9999.000 -9999.000 -9999.000 -9999.000 -9999.000 -9999.000 -9999.000 -9999.000 -9999.000 -9999.000 -9999.000 -9999.000 -9999.000 -9999.000 -9999.000 -9999.000 -9999.000 -9999.000 -9999.000 -9999.000 -9999.000 -9999.000 -9999.000 -9999.000 -9999.000 -9999.000 -9999.000 -9999.000 -9999.000 -9999.000 -9999.000 -9999.000 -9999.000 -9999.000 -9999.000 -9999.000 -9999.000 -9999.000 -9999.000 -9999.000 -9999.000 -9999.000 -9999.000 -9999.000 -9999.000 -9999.000 -9999.000 -9999.000 -9999.000 -9999.000 -9999.000 -9999.000 -9999.000 -9999.000 -9999.000 -9999.000 -9999.000 -9999.000 -9999.000 -9999.000 -9999.000 -9999.000 -9999.000 -9999.000 -9999.000 -9999.000 -9999.000 -9999.000 -9999.000 -9999.000 -9999.000 -9999.000 -9999.000 -9999.000 -9999.000 -9999.000 -9999.000 -9999.000 -9999.000 -9999.000 -9999.000 -9999.000 -9999.000 -9999.000 -9999.000
-9999.000 -9999.000 2953.122 2868.592 2794.033 2723.464 2653.566 2583.077 2511.736 2439.621 2366.893 2293.732 2220.302 2146.703 2073.001 1999.266 1925.551 1851.873 1778.243 1704.718 1631.321 1558.025 1484.814 1411.766 1338.870 1266.070 1193.348 1120.811 1048.410 976.058 903.799 831.727 759.740 687.709 615.859 544.175 472.487 400.692 329.193 257.787 186.182 114.655 43.413 -27.829 -99.065 -168.675 -236.088 -300.078 -358.551 -409.858 -453.321 -488.692 -516.247 -537.180 -552.692 -563.880 -571.834 -577.427 -581.301 -583.956 -585.768 -586.994 -587.815 -588.363 -588.728 -588.968 -589.125 -589.227 -589.293 -589.336 -589.363 -589.380 -589.391 -589.398 -589.402 -589.404 -589.405 -589.406 -589.407 -589.407 -589.407 -589.407 -589.406 -589.406 -589.406 -589.406 -589.405 -589.405 -589.405 -589.405 -589.404 -589.404 -589.404 -589.404 -589.404 -589.404 -589.408 -589.435 -589.595 -590.442 -594.513 -612.714 -9999.000 -9999.000
-9999.000 -9999.000 2953.124 2868.593 2794.033 2723.465 2653.566 2583.077 2511.736 2439.621 2366.893 2293.732 2220.302 2146.703 2073.001 1999.266 1925.551 1851.873 1778.243 1704.718 1631.321 1558.025 1484.814 1411.766 1338.870 1266.070 1193.348 1120.811 1048.410 976.058 903.799 831.727 759.740 687.709 615.859 544.175 472.487 400.692 329.193 257.787 186.182 114.655 43.413 -27.829 -99.065 -168.675 -236.088 -300.078 -358.551 -409.858 -453.321 -488.692 -516.247 -537.180 -552.692 -563.880 -571.834 -577.427 -581.301 -583.956 -585.768 -586.994 -587.815 -588.363 -588.728 -588.968 -589.125 -589.227 -589.293 -589.336 -589.363 -589.380 -589.391 -589.398 -589.402 -589.404 -589.405 -589.406 -589.407 -589.407 -589.407 -589.407 -589.406 -589.406 -589.406 -589.406 -589.405 -589.405 -589.405 -589.405 -589.404 -589.404 -589.404 -589.404 -589.404 -589.404 -589.408 -589.435 -589.595 -590.442 -594.513 -612.714 -9999.000 -9999.000
-9999.000 -9999.000 2953.126 2868.594 2794.034 2723.465 2653.566 2583.077 2511.736 2439.621 2366.893 2293.732 2220.302 2146.703 2073.001 1999.266 1925.551 1851.873 1778.243 1704.718 1631.321 1558.025 1484.814 1411.766 1338.870 1266.070 1193.348 1120.811 1048.410 976.058 903.799 831.727 759.740 687.709 615.859 544.175 472.487 400.692 329.193 257.787 186.182 114.655 43.413 -27.829 -99.065 -168.675 -236.088 -300.078 -358.551 -409.858 -453.321 -488.692 -516.247 -537.180 -552.692 -563.880 -571.834 -577.427 -581.301 -583.956 -585.768 -586.994 -587.815 -588.363 -588.728 -588.968 -589.125 -589.227 -589.293 -589.336 -589.363 -589.380 -589.391 -589.398 -589.402 -589.404 -589.405 -589.406 -589.407 -589.407 -589.407 -589.407 -589.406 -589.406 -589.406 -589.406 -589.405 -589.405 -589.405 -589.405 -589.404 -589.404 -589.404 -589.404 -589.404 -589.404 -589.408 -589.435 -589.595 -590.442 -594.513 -612.714 -9999.000 -9999.000
-9999.000 -9999.000 2953.126 2868.594 2794.034 2723.465 2653.566 2583.077 2511.736 2439.621 2366.893 2293.732 2220.302 2146.703 2073.001 1999.266 1925.551 1851.873 1778.243 1704.718 1631.321 1558.025 1484.814 1411.766 1338.870 1266.070 1193.348 1120.811 1048.410 976.058 903.799 831.727 759.740 687.709 615.859 544.175 472.487 400.692 329.193 257.787 186.182 114.655 43.413 -27.829 -99.065 -168.675 -236.088 -300.078 -358.551 -409.858 -453.321 -488.692 -516.247 -537.180 -552.692 -563.880 -571.834 -577.427 -581.301 -583.956 -585.768 -586.994 -587.815 -588.363 -588.728 -588.968 -589.125 -589.227 -589.293 -589.336 -589.363 -589.380 -589.391 -589.398 -589.402 -589.404 -589.405 -589.406 -589.407 -589.407 -589.407 -589.407 -589.406 -589.406 -589.406 -589.406 -589.405 -589.405 -589.405 -589.405 -589.404 -589.404 -589.404 -589.404 -589.404 -589.404 -589.408 -589.435 -589.595 -590.442 -594.513 -612.714 -9999.000 -9999.000
-9999.000 -9999.000 2953.124 2868.593 2794.033 2723.465 2653.566 2583.077 2511.736 2439.621 2366.893 2293.732 2220.302 2146.703 2073.001 1999.266 1925.551 1851.873 1778.243 1704.718 1631.321 1558.025 1484.814 1411.766 1338.870 1266.070 1193.348 1120.811 1048.410 976.058 903.799 831.727 759.740 687.709 615.859 544.175 472.487 400.692 329.193 257.787 186.182 114.655 43.413 -27.829 -99.065 -168.675 -236.088 -300.078 -358.551 -409.858 -453.321 -488.692 -516.247 -537.180 -552.692 -563.880 -571.834 -577.427 -581.301 -583.956 -585.768 -586.994 -587.815 -588.363 -588.728 -588.968 -589.125 -589.227 -589.293 -589.336 -589.363 -589.380 -589.391 -589.398 -589.402 -589.404 -589.405 -589.406 -589.407 -589.407 -589.407 -589.407 -589.406 -589.406 -589.406 -589.406 -589.405 -589.405 -589.405 -589.405 -589.404 -589.404 -589.404 -589.404 -589.404 -589.404 -589.408 -589.435 -589.595 -590.442 -594.513 -612.714 -9999.000 -9999.000
-9999.000 -9999.000 2953.122 2868.592 2794.033 2723.464 2653.566 2583.077 2511.736 2439.621 2366.893 2293.732 2220.302 2146.703 2073.001 1999.266 1925.551 1851.873 1778.243 1704.718 1631.321 1558.025 1484.814 1411.766 1338.870 1266.070 1193.348 1120.811 1048.410 976.058 903.799 831.727 759.740 687.709 615.859 544.175 472.487 400.692 329.193 257.787 186.182 114.655 43.413 -27.829 -99.065 -168.675 -236.088 -300.078 -358.551 -409.858 -453.321 -488.692 -516.247 -537.180 -552.692 -563.880 -571.834 -577.427 -581.301 -583.956 -585.768 -586.994 -587.815 -588.363 -588.728 -588.968 -589.125 -589.227 -589.293 -589.336 -589.363 -589.380 -589.391 -589.398 -589.402 -589.404 -589.405 -589.406 -589.407 -589.407 -589.407 -589.407 -589.406 -589.406 -589.406 -589.406 -589.405 -589.405 -589.405 -589.405 -589.404 -589.404 -589.404 -589.404 -589.404 -589.404 -589.408 -589.435 -589.595 -590.442 -594.513 -612.714 -9999.000 -9999.000
-9999.000 -9999.000 -9999.000 -9999.000 -9999.000 -9999.000 -9999.000 -9999.000 -9999.000 -9999.000 -9999.000 -9999.000 -9999.000 -9999.000 -9999.000 -9999.000 -9999.000 -9999.000 -9999.000 -9999.000 -9999.000 -9999.000 -9999.000 -9999.000 -9999.000 -9999.000 -9999.000 -9999.000 -9999.000 -9999.000 -9999.000 -9999.000 -9999.000 -9999.000 -9999.000 -9999.000 -9999.000 -9999.000 -9999.000 -9999.000 -9999.000 -9999.000 -9999.000 -9999.000 -9999.000 -9999.000 -9999.000 -9999.000 -9999.000 -9999.000 -9999.000 -9999.000 -9999.000 -9999.000 -9999.000 -9999.000 -9999.000 -9999.000 -9999.000 -9999.000 -9999.000 -9999.000 -9999.000 -9999.000 -9999.000 -9999.000 -9999.000 -9999.000 -9999.000 -9999.000 -9999.000 -9999.000 -9999.000 -9999.000 -9999.000 -9999.000 -9999.000 -9999.000 -9999.000 -9999.000 -9999.000 -9999.000 -9999.000 -9999.000 -9999.000 -9999.000 -9999.000 -9999.000 -9999.000 -9999.000 -9999.000 -9999.000 -9999.000 -9999.000 -9999.000 -9999.000 -9999.000 -9999.000 -9999.000 -9999.000 -9999.000 -9999.000 -9999.000 -9999.000
-9999.000 -9999.000 -9999.000 -9999.000 -9999.000 -9999.000 -9999.000 -9999.000 -9999.000 -9999.000 -9999.000 -9999.000 -9999.000 -9999.000 -9999.000 -9999.000 -9999.000 -9999.000 -9999.000 -9999.000 -9999.000 -9999.000 -9999.000 -9999.000 -9999.000 -9999.000 -9999.000 -9999.000 -9999.000 -9999.000 -9999.000 -9999.000 -9999.000 -9999.000 -9999.000 -9999.000 -9999.000 -9999.000 -9999.000 -9999.000 -9999.000 -9999.000 -9999.000 -9999.000 -9999.000 -9999.000 -9999.000 -9999.000 -9999.000 -9999.000 -9999.000 -9999.000 -9999.000 -9999.000 -9999.000 -9999.000 -9999.000 -9999.000 -9999.000 -9999.000 -9999.000 -9999.000 -9999.000 -9999.000 -9999.000 -9999.000 -9999.000 -9999.000 -9999.000 -9999.000 -9999.000 -9999.000 -9999.000 -9999.000 -9999.000 -9999.000 -9999.000 -9999.000 -9999.000 -9999.000 -9999.000 -9999.000 -9999.000 -9999.000 -9999.000 -9999.000 -9999.000 -9999.000 -9999.000 -9999.000 -9999.000 -9999.000 -9999.000 -9999.000 -9999.000 -9999.000 -9999.000 -9999.000 -9999.000 -9999.000 -9999.000 -9999.000 -9999.000 -9999.000