examples/3D/hillslope01/output-maps-METEOIO-OFF/psiliqL0035N0001.asc
ncols         104
nrows         10
xllcorner     -2.000000
yllcorner     0.000000
cellsize      1.000000
NODATA_value  -9999.0
-9999.000 -9999.000 -9999.000 -9999.000 -9999.000 -9999.000 -9999.000 -9999.000 -9999.000 -9999.000 -9999.000 -9999.000 -9999.000 -9999.000 -9999.000 -9999.000 -9999.000 -9999.000 -9999.000 -9999.000 -9999.000 -9999.000 -9999.000 -9999.000 -9999.000 -9999.000 -9999.000 -9999.000 -9999.000 -9999.000 -9999.000 -9999.000 -9999.000 -9999.000 -9999.000 -9999.000 -9999.000 -9999.000 -9999.000 -9999.000 -9999.000 -9999.000 -9999.000 -9999.000 -9999.000 -9999.000 -9999.000 -9999.000 -9999.000 -9999.000 -9999.000 -9999.000 -9999.000 -9999.000 -9999.000 -9999.000 -9999.000 -9999.000 -9999.000 -9999.000 -9999.000 -9999.000 -9999.000 -9999.000 -9999.000 -9999.000 -9999.000 -9999.000 -9999.000 -9999.000 -9999.000 -9999.000 -9999.000 -9999.000 -9999.000 -9999.000 -9999.000 -9999.000 -9999.000 -9999.000 -9999.000 -9999.000 -9999.000 -9999.000 -9999.000 -9999.000 -9999.000 -9999.000 -9999.000 -9999.000 -9999.000 -9999.000 -9999.000 -9999.000 -9999.000 -9999.000 -9999.000 -9999.000 -9999.000 -9999.000 -9999.000 -9999.000 -9999.000 -9999.000
-9999.000 -9999.000 -9999.000 -9999.000 -9999.000 -9999.000 -9999.000 -9999.000 -9999.000 -9999.000 -9999.000 -9999.000 -9999.000 -9999.000 -9999.000 -9999.000 -9999.000 -9999.000 -9999.000 -9999.000 -9999.000 -9999.000 -9999.000 -9999.000 -9999.000 -9999.000 -9999.000 -9999.000 -9999.000 -9999.000 -9999.000 -9999.000 -9999.000 -9999.000 -9999.000 -9999.000 -9999.000 -9999.000 -9999.000 -9999.000 -9999.000 -9999.000 -9999.000 -9999.000 -9999.000 -9999.000 -9999.000 -9999.000 -9999.000 -9999.000 -9999.000 -9999.000 -9999.000 -9999.000 -9999.000 -9999.000 -9999.000 -9999.000 -9999.000 -9999.000 -9999.000 -9999.000 -9999.000 -9999.000 -9999.000 -9999.000 -9999.000 -9999.000 -9999.000 -9999.000 -9999.000 -9999.000 -9999.000 -9999.000 -9999.000 -9999.000 -9999.000 -9999.000 -9999.000 -9999.000 -9999.000 -9999.000 -9999.000 -9999.000 -9999.000 -9999.000 -9999.000 -9999.000 -9999.000 -9999.000 -9999.000 -9999.000 -9999.000 -9999.000 -9999.000 -9999.000 -9999.000 -9999.000 -9999.000 -9999.000 -9999.000 -9999.000 -9999.000 -9999.000
-9999.000 -9999.000 2097.562 1997.846 1898.504 1799.596 1701.150 1603.179 1505.691 1408.694 1312.193 1216.195 1120.709 1025.743 931.308 837.416 744.073 651.275 559.077 467.536 376.656 286.422 196.779 107.504 18.336 -70.288 -158.461 -245.778 -331.010 -413.057 -493.335 -570.907 -640.902 -698.841 -743.721 -776.613 -799.933 -816.014 -826.949 -834.371 -839.463 -842.979 -845.433 -847.154 -848.375 -849.241 -849.828 -850.177 -850.094 -849.925 -849.732 -849.523 -849.302 -849.071 -848.832 -848.587 -848.337 -848.083 -847.825 -847.565 -847.303 -847.040 -846.776 -846.510 -846.245 -845.979 -845.713 -845.447 -845.181 -844.915 -844.649 -844.384 -844.119 -843.854 -843.589 -843.324 -843.059 -842.794 -842.529 -842.263 -841.997 -841.730 -841.463 -841.194 -840.925 -840.654 -840.381 -840.107 -839.831 -839.554 -839.273 -838.991 -838.706 -838.418 -838.130 -837.858 -837.736 -838.701 -846.413 -890.327 -1121.344 -1538.752 -9999.000 -9999.000
-9999.000 -9999.000 2097.562 1997.846 1898.504 1799.596 1701.150 1603.179 1505.691 1408.694 1312.193 1216.195 1120.709 1025.743 931.308 837.416 744.073 651.275 559.077 467.536 376.656 286.422 196.779 107.504 18.336 -70.288 -158.461 -245.778 -331.010 -413.057 -493.335 -570.907 -640.902 -698.841 -743.721 -776.613 -799.933 -816.014 -826.949 -834.371 -839.463 -842.979 -845.433 -847.154 -848.375 -849.241 -849.828 -850.177 -850.094 -849.925 -849.732 -849.523 -849.302 -849.071 -848.832 -848.587 -848.337 -848.083 -847.825 -847.565 -847.303 -847.040 -846.776 -846.510 -846.245 -845.979 -845.713 -845.447 -845.181 -844.915 -844.649 -844.384 -844.119 -843.854 -843.589 -843.324 -843.059 -842.794 -842.529 -842.263 -841.997 -841.730 -841.463 -841.194 -840.925 -840.654 -840.381 -840.107 -839.831 -839.554 -839.273 -838.991 -838.706 -838.418 -838.130 -837.858 -837.736 -838.701 -846.413 -890.327 -1121.344 -1538.752 -9999.000 -9999.000
-9999.000 -9999.000 2097.562 1997.846 1898.504 1799.596 1701.150 1603.179 1505.691 1408.694 1312.193 1216.195 1120.709 1025.743 931.308 837.416 744.073 651.275 559.077 467.536 376.656 286.422 196.779 107.504 18.336 -70.288 -158.461 -245.778 -331.010 -413.057 -493.335 -570.907 -640.902 -698.841 -743.721 -776.613 -799.933 -816.014 -826.949 -834.371 -839.463 -842.979 -845.433 -847.154 -848.375 -849.241 -849.828 -850.177 -850.094 -849.925 -849.732 -849.523 -849.302 -849.071 -848.832 -848.587 -848.337 -848.083 -847.825 -847.565 -847.303 -847.040 -846.776 -846.510 -846.245 -845.979 -845.713 -845.447 -845.181 -844.915 -844.649 -844.384 -844.119 -843.854 -843.589 -843.324 -843.059 -842.794 -842.529 -842.263 -841.997 -841.730 -841.463 -841.194 -840.925 -840.654 -840.381 -840.107 -839.831 -839.554 -839.273 -838.991 -838.706 -838.418 -838.130 -837.858 -837.736 -838.701 -846.413 -890.327 -1121.344 -1538.752 -9999.000 -9999.000
-9999.000 -9999.000 2097.562 1997.846 1898.504 1799.596 1701.150 1603.179 1505.691 1408.694 1312.193 1216.195 1120.709 1025.743 931.308 837.416 744.073 651.275 559.077 467.536 376.656 286.422 196.779 107.504 18.336 -70.288 -158.461 -245.778 -331.010 -413.057 -493.335 -570.907 -640.902 -698.841 -743.721 -776.613 -799.933 -816.014 -826.949 -834.371 -839.463 -842.979 -845.433 -847.154 -848.375 -849.241 -849.828 -850.177 -850.094 -849.925 -849.732 -849.523 -849.302 -849.071 -848.832 -848.587 -848.337 -848.083 -847.825 -847.565 -847.303 -847.040 -846.776 -846.510 -846.245 -845.979 -845.713 -845.447 -845.181 -844.915 -844.649 -844.384 -844.119 -843.854 -843.589 -843.324 -843.059 -842.794 -842.529 -842.263 -841.997 -841.730 -841.463 -841.194 -840.925 -840.654 -840.381 -840.107 -839.831 -839.554 -839.273 -838.991 -838.706 -838.418 -838.130 -837.858 -837.736 -838.701 -846.413 -890.327 -1121.344 -1538.752 -9999.000 -9999.000
-9999.000 -9999.000 2097.562 1997.846 1898.504 1799.596 1701.150 1603.179 1505.691 1408.694 1312.193 1216.195 1120.709 1025.743 931.308 837.416 744.073 651.275 559.077 467.536 376.656 286.422 196.779 107.504 18.336 -70.288 -158.461 -245.778 -331.010 -413.057 -493.335 -570.907 -640.902 -698.841 -743.721 -776.613 -799.933 -816.014 -826.949 -834.371 -839.463 -842.979 -845.433 -847.154 -848.375 -849.241 -849.828 -850.177 -850.094 -849.925 -849.732 -849.523 -849.302 -849.071 -848.832 -848.587 -848.337 -848.083 -847.825 -847.565 -847.303 -847.040 -846.776 -846.510 -846.245 -845.979 -845.713 -845.447 -845.181 -844.915 -844.649 -844.384 -844.119 -843.854 -843.589 -843.324 -843.059 -842.794 -842.529 -842.263 -841.997 -841.730 -841.463 -841.194 -840.925 -840.654 -840.381 -840.107 -839.831 -839.554 -839.273 -838.991 -838.706 -838.418 -838.130 -837.858 -837.736 -838.701 -846.413 -890.327 -1121.344 -1538.752 -9999.000 -9999.000
-9999.000 -9999.000 2097.562 1997.846 1898.504 1799.596 1701.150 1603.179 1505.691 1408.694 1312.193 1216.195 1120.709 1025.743 931.308 837.416 744.073 651.275 559.077 467.536 376.656 286.422 196.779 107.504 18.336 -70.288 -158.461 -245.778 -331.010 -413.057 -493.335 -570.907 -640.902 -698.841 -743.721 -776.613 -799.933 -816.014 -826.949 -834.371 -839.463 -842.979 -845.433 -847.154 -848.375 -849.241 -849.828 -850.177 -850.094 -849.925 -849.732 -849.523 -849.302 -849.071 -848.832 -848.587 -848.337 -848.083 -847.825 -847.565 -847.303 -847.040 -846.776 -846.510 -846.245 -845.979 -845.713 -845.447 -845.181 -844.915 -844.649 -844.384 -844.119 -843.854 -843.589 -843.324 -843.059 -842.794 -842.529 -842.263 -841.997 -841.730 -841.463 -841.194 -840.925 -840.654 -840.381 -840.107 -839.831 -839.554 -839.273 -838.991 -838.706 -838.418 -838.130 -837.858 -837.736 -838.701 -846.413 -890.327 -1121.344 -1538.752 -9999.000 -9999.000
-9999.000 -9999.000 -9999.000 -9999.000 -9999.000 -9999.000 -9999.000 -9999.000 -9999.000 -9999.000 -9999.000 -9999.000 -9999.000 -9999.000 -9999.000 -9999.000 -9999.000 -9999.000 -9999.000 -9999.000 -9999.000 -9999.000 -9999.000 -9999.000 -9999.000 -9999.000 -9999.000 -9999.000 -9999.000 -9999.000 -9999.000 -9999.000 -9999.000 -9999.000 -9999.000 -9999.000 -9999.000 -9999.000 -9999.000 -9999.000 -9999.000 -9999.000 -9999.000 -9999.000 -9999.000 -9999.000 -9999.000 -9999.000 -9999.000 -9999.000 -9999.000 -9999.000 -9999.000 -9999.000 -9999.000 -9999.000 -9999.000 -9999.000 -9999.000 -9999.000 -9999.000 -9999.000 -9999.000 -9999.000 -9999.000 -9999.000 -9999.000 -9999.000 -9999.000 -9999.000 -9999.000 -9999.000 -9999.000 -9999.000 -9999.000 -9999.000 -9999.000 -9999.000 -9999.000 -9999.000 -9999.000 -9999.000 -9999.000 -9999.000 -9999.000 -9999.000 -9999.000 -9999.000 -9999.000 -9999.000 -9999.000 -9999.000 -9999.000 -9999.000 -9999.000 -9999.000 -9999.000 -9999.000 -9999.000 -9999.000 -9999.000 -9999.000 -9999.000 -9999.000
-9999.000 -9999.000 -9999.000 -9999.000 -9999.000 -9999.000 -9999.000 -9999.000 -9999.000 -9999.000 -9999.000 -9999.000 -9999.000 -9999.000 -9999.000 -9999.000 -9999.000 -9999.000 -9999.000 -9999.000 -9999.000 -9999.000 -9999.000 -9999.000 -9999.000 -9999.000 -9999.000 -9999.000 -9999.000 -9999.000 -9999.000 -9999.000 -9999.000 -9999.000 -9999.000 -9999.000 -9999.000 -9999.000 -9999.000 -9999.000 -9999.000 -9999.000 -9999.000 -9999.000 -9999.000 -9999.000 -9999.000 -9999.000 -9999.000 -9999.000 -9999.000 -9999.000 -9999.000 -9999.000 -9999.000 -9999.000 -9999.000 -9999.000 -9999.000 -9999.000 -9999.000 -9999.000 -9999.000 -9999.000 -9999.000 -9999.000 -9999.000 -9999.000 -9999.000 -9999.000 -9999.000 -9999.000 -9999.000 -9999.000 -9999.000 -9999.000 -9999.000 -9999.000 -9999.000 -9999.000 -9999.000 -9999.000 -9999.000 -9999.000 -9999.000 -9999.000 -9999.000 -9999.000 -9999.000 -9999.000 -9999.000 -9999.000 -9999.000 -9999.000 -9999.000 -9999.000 -9999.000 -9999.000 -9999.000 -9999.000 -9999.000 -9999.000 -9999.000 -9999.000