examples/3D/hillslope01/output-maps-METEOIO-OFF/psiliqL0012N0001.asc
ncols         104
nrows         10
xllcorner     -2.000000
yllcorner     0.000000
cellsize      1.000000
NODATA_value  -9999.0
-9999.000 -9999.000 -9999.000 -9999.000 -9999.000 -9999.000 -9999.000 -9999.000 -9999.000 -9999.000 -9999.000 -9999.000 -9999.000 -9999.000 -9999.000 -9999.000 -9999.000 -9999.000 -9999.000 -9999.000 -9999.000 -9999.000 -9999.000 -9999.000 -9999.000 -9999.000 -9999.000 -9999.000 -9999.000 -9999.000 -9999.000 -9999.000 -9999.000 -9999.000 -9999.000 -9999.000 -9999.000 -9999.000 -9999.000 -9999.000 -9999.000 -9999.000 -9999.000 -9999.000 -9999.000 -9999.000 -9999.000 -9999.000 -9999.000 -9999.000 -9999.000 -9999.000 -9999.000 -9999.000 -9999.000 -9999.000 -9999.000 -9999.000 -9999.000 -9999.000 -9999.000 -9999.000 -9999.000 -9999.000 -9999.000 -9999.000 -9999.000 -9999.000 -9999.000 -9999.000 -9999.000 -9999.000 -9999.000 -9999.000 -9999.000 -9999.000 -9999.000 -9999.000 -9999.000 -9999.000 -9999.000 -9999.000 -9999.000 -9999.000 -9999.000 -9999.000 -9999.000 -9999.000 -9999.000 -9999.000 -9999.000 -9999.000 -9999.000 -9999.000 -9999.000 -9999.000 -9999.000 -9999.000 -9999.000 -9999.000 -9999.000 -9999.000 -9999.000 -9999.000
-9999.000 -9999.000 -9999.000 -9999.000 -9999.000 -9999.000 -9999.000 -9999.000 -9999.000 -9999.000 -9999.000 -9999.000 -9999.000 -9999.000 -9999.000 -9999.000 -9999.000 -9999.000 -9999.000 -9999.000 -9999.000 -9999.000 -9999.000 -9999.000 -9999.000 -9999.000 -9999.000 -9999.000 -9999.000 -9999.000 -9999.000 -9999.000 -9999.000 -9999.000 -9999.000 -9999.000 -9999.000 -9999.000 -9999.000 -9999.000 -9999.000 -9999.000 -9999.000 -9999.000 -9999.000 -9999.000 -9999.000 -9999.000 -9999.000 -9999.000 -9999.000 -9999.000 -9999.000 -9999.000 -9999.000 -9999.000 -9999.000 -9999.000 -9999.000 -9999.000 -9999.000 -9999.000 -9999.000 -9999.000 -9999.000 -9999.000 -9999.000 -9999.000 -9999.000 -9999.000 -9999.000 -9999.000 -9999.000 -9999.000 -9999.000 -9999.000 -9999.000 -9999.000 -9999.000 -9999.000 -9999.000 -9999.000 -9999.000 -9999.000 -9999.000 -9999.000 -9999.000 -9999.000 -9999.000 -9999.000 -9999.000 -9999.000 -9999.000 -9999.000 -9999.000 -9999.000 -9999.000 -9999.000 -9999.000 -9999.000 -9999.000 -9999.000 -9999.000 -9999.000
-9999.000 -9999.000 -181.817 -260.312 -308.082 -333.163 -345.348 -351.054 -353.684 -354.889 -355.440 -355.692 -355.806 -355.857 -355.878 -355.886 -355.888 -355.887 -355.884 -355.881 -355.877 -355.873 -355.869 -355.865 -355.861 -355.857 -355.853 -355.849 -355.845 -355.840 -355.836 -355.832 -355.828 -355.824 -355.820 -355.816 -355.812 -355.807 -355.803 -355.799 -355.795 -355.791 -355.787 -355.783 -355.779 -355.774 -355.770 -355.766 -355.762 -355.758 -355.754 -355.750 -355.746 -355.741 -355.737 -355.733 -355.729 -355.725 -355.721 -355.717 -355.713 -355.708 -355.704 -355.700 -355.696 -355.692 -355.688 -355.684 -355.680 -355.675 -355.671 -355.667 -355.663 -355.659 -355.655 -355.651 -355.647 -355.642 -355.638 -355.634 -355.630 -355.626 -355.622 -355.618 -355.614 -355.609 -355.605 -355.601 -355.597 -355.593 -355.589 -355.585 -355.581 -355.576 -355.572 -355.568 -355.564 -355.562 -355.574 -355.730 -357.118 -367.829 -9999.000 -9999.000
-9999.000 -9999.000 -181.817 -260.312 -308.082 -333.163 -345.348 -351.054 -353.684 -354.889 -355.440 -355.692 -355.806 -355.857 -355.878 -355.886 -355.888 -355.887 -355.884 -355.881 -355.877 -355.873 -355.869 -355.865 -355.861 -355.857 -355.853 -355.849 -355.845 -355.840 -355.836 -355.832 -355.828 -355.824 -355.820 -355.816 -355.812 -355.807 -355.803 -355.799 -355.795 -355.791 -355.787 -355.783 -355.779 -355.774 -355.770 -355.766 -355.762 -355.758 -355.754 -355.750 -355.746 -355.741 -355.737 -355.733 -355.729 -355.725 -355.721 -355.717 -355.713 -355.708 -355.704 -355.700 -355.696 -355.692 -355.688 -355.684 -355.680 -355.675 -355.671 -355.667 -355.663 -355.659 -355.655 -355.651 -355.647 -355.642 -355.638 -355.634 -355.630 -355.626 -355.622 -355.618 -355.614 -355.609 -355.605 -355.601 -355.597 -355.593 -355.589 -355.585 -355.581 -355.576 -355.572 -355.568 -355.564 -355.562 -355.574 -355.730 -357.118 -367.829 -9999.000 -9999.000
-9999.000 -9999.000 -181.817 -260.312 -308.082 -333.163 -345.348 -351.054 -353.684 -354.889 -355.440 -355.692 -355.806 -355.857 -355.878 -355.886 -355.888 -355.887 -355.884 -355.881 -355.877 -355.873 -355.869 -355.865 -355.861 -355.857 -355.853 -355.849 -355.845 -355.840 -355.836 -355.832 -355.828 -355.824 -355.820 -355.816 -355.812 -355.807 -355.803 -355.799 -355.795 -355.791 -355.787 -355.783 -355.779 -355.774 -355.770 -355.766 -355.762 -355.758 -355.754 -355.750 -355.746 -355.741 -355.737 -355.733 -355.729 -355.725 -355.721 -355.717 -355.713 -355.708 -355.704 -355.700 -355.696 -355.692 -355.688 -355.684 -355.680 -355.675 -355.671 -355.667 -355.663 -355.659 -355.655 -355.651 -355.647 -355.642 -355.638 -355.634 -355.630 -355.626 -355.622 -355.618 -355.614 -355.609 -355.605 -355.601 -355.597 -355.593 -355.589 -355.585 -355.581 -355.576 -355.572 -355.568 -355.564 -355.562 -355.574 -355.730 -357.118 -367.829 -9999.000 -9999.000
-9999.000 -9999.000 -181.817 -260.312 -308.082 -333.163 -345.348 -351.054 -353.684 -354.889 -355.440 -355.692 -355.806 -355.857 -355.878 -355.886 -355.888 -355.887 -355.884 -355.881 -355.877 -355.873 -355.869 -355.865 -355.861 -355.857 -355.853 -355.849 -355.845 -355.840 -355.836 -355.832 -355.828 -355.824 -355.820 -355.816 -355.812 -355.807 -355.803 -355.799 -355.795 -355.791 -355.787 -355.783 -355.779 -355.774 -355.770 -355.766 -355.762 -355.758 -355.754 -355.750 -355.746 -355.741 -355.737 -355.733 -355.729 -355.725 -355.721 -355.717 -355.713 -355.708 -355.704 -355.700 -355.696 -355.692 -355.688 -355.684 -355.680 -355.675 -355.671 -355.667 -355.663 -355.659 -355.655 -355.651 -355.647 -355.642 -355.638 -355.634 -355.630 -355.626 -355.622 -355.618 -355.614 -355.609 -355.605 -355.601 -355.597 -355.593 -355.589 -355.585 -355.581 -355.576 -355.572 -355.568 -355.564 -355.562 -355.574 -355.730 -357.118 -367.829 -9999.000 -9999.000
-9999.000 -9999.000 -181.817 -260.312 -308.082 -333.163 -345.348 -351.054 -353.684 -354.889 -355.440 -355.692 -355.806 -355.857 -355.878 -355.886 -355.888 -355.887 -355.884 -355.881 -355.877 -355.873 -355.869 -355.865 -355.861 -355.857 -355.853 -355.849 -355.845 -355.840 -355.836 -355.832 -355.828 -355.824 -355.820 -355.816 -355.812 -355.807 -355.803 -355.799 -355.795 -355.791 -355.787 -355.783 -355.779 -355.774 -355.770 -355.766 -355.762 -355.758 -355.754 -355.750 -355.746 -355.741 -355.737 -355.733 -355.729 -355.725 -355.721 -355.717 -355.713 -355.708 -355.704 -355.700 -355.696 -355.692 -355.688 -355.684 -355.680 -355.675 -355.671 -355.667 -355.663 -355.659 -355.655 -355.651 -355.647 -355.642 -355.638 -355.634 -355.630 -355.626 -355.622 -355.618 -355.614 -355.609 -355.605 -355.601 -355.597 -355.593 -355.589 -355.585 -355.581 -355.576 -355.572 -355.568 -355.564 -355.562 -355.574 -355.730 -357.118 -367.829 -9999.000 -9999.000
-9999.000 -9999.000 -181.817 -260.312 -308.082 -333.163 -345.348 -351.054 -353.684 -354.889 -355.440 -355.692 -355.806 -355.857 -355.878 -355.886 -355.888 -355.887 -355.884 -355.881 -355.877 -355.873 -355.869 -355.865 -355.861 -355.857 -355.853 -355.849 -355.845 -355.840 -355.836 -355.832 -355.828 -355.824 -355.820 -355.816 -355.812 -355.807 -355.803 -355.799 -355.795 -355.791 -355.787 -355.783 -355.779 -355.774 -355.770 -355.766 -355.762 -355.758 -355.754 -355.750 -355.746 -355.741 -355.737 -355.733 -355.729 -355.725 -355.721 -355.717 -355.713 -355.708 -355.704 -355.700 -355.696 -355.692 -355.688 -355.684 -355.680 -355.675 -355.671 -355.667 -355.663 -355.659 -355.655 -355.651 -355.647 -355.642 -355.638 -355.634 -355.630 -355.626 -355.622 -355.618 -355.614 -355.609 -355.605 -355.601 -355.597 -355.593 -355.589 -355.585 -355.581 -355.576 -355.572 -355.568 -355.564 -355.562 -355.574 -355.730 -357.118 -367.829 -9999.000 -9999.000
-9999.000 -9999.000 -9999.000 -9999.000 -9999.000 -9999.000 -9999.000 -9999.000 -9999.000 -9999.000 -9999.000 -9999.000 -9999.000 -9999.000 -9999.000 -9999.000 -9999.000 -9999.000 -9999.000 -9999.000 -9999.000 -9999.000 -9999.000 -9999.000 -9999.000 -9999.000 -9999.000 -9999.000 -9999.000 -9999.000 -9999.000 -9999.000 -9999.000 -9999.000 -9999.000 -9999.000 -9999.000 -9999.000 -9999.000 -9999.000 -9999.000 -9999.000 -9999.000 -9999.000 -9999.000 -9999.000 -9999.000 -9999.000 -9999.000 -9999.000 -9999.000 -9999.000 -9999.000 -9999.000 -9999.000 -9999.000 -9999.000 -9999.000 -9999.000 -9999.000 -9999.000 -9999.000 -9999.000 -9999.000 -9999.000 -9999.000 -9999.000 -9999.000 -9999.000 -9999.000 -9999.000 -9999.000 -9999.000 -9999.000 -9999.000 -9999.000 -9999.000 -9999.000 -9999.000 -9999.000 -9999.000 -9999.000 -9999.000 -9999.000 -9999.000 -9999.000 -9999.000 -9999.000 -9999.000 -9999.000 -9999.000 -9999.000 -9999.000 -9999.000 -9999.000 -9999.000 -9999.000 -9999.000 -9999.000 -9999.000 -9999.000 -9999.000 -9999.000 -9999.000
-9999.000 -9999.000 -9999.000 -9999.000 -9999.000 -9999.000 -9999.000 -9999.000 -9999.000 -9999.000 -9999.000 -9999.000 -9999.000 -9999.000 -9999.000 -9999.000 -9999.000 -9999.000 -9999.000 -9999.000 -9999.000 -9999.000 -9999.000 -9999.000 -9999.000 -9999.000 -9999.000 -9999.000 -9999.000 -9999.000 -9999.000 -9999.000 -9999.000 -9999.000 -9999.000 -9999.000 -9999.000 -9999.000 -9999.000 -9999.000 -9999.000 -9999.000 -9999.000 -9999.000 -9999.000 -9999.000 -9999.000 -9999.000 -9999.000 -9999.000 -9999.000 -9999.000 -9999.000 -9999.000 -9999.000 -9999.000 -9999.000 -9999.000 -9999.000 -9999.000 -9999.000 -9999.000 -9999.000 -9999.000 -9999.000 -9999.000 -9999.000 -9999.000 -9999.000 -9999.000 -9999.000 -9999.000 -9999.000 -9999.000 -9999.000 -9999.000 -9999.000 -9999.000 -9999.000 -9999.000 -9999.000 -9999.000 -9999.000 -9999.000 -9999.000 -9999.000 -9999.000 -9999.000 -9999.000 -9999.000 -9999.000 -9999.000 -9999.000 -9999.000 -9999.000 -9999.000 -9999.000 -9999.000 -9999.000 -9999.000 -9999.000 -9999.000 -9999.000 -9999.000