examples/3D/hillslope01/output-maps-METEOIO-OFF/psiliqL0089N0002.asc
ncols         104
nrows         10
xllcorner     -2.000000
yllcorner     0.000000
cellsize      1.000000
NODATA_value  -9999.0
-9999.000 -9999.000 -9999.000 -9999.000 -9999.000 -9999.000 -9999.000 -9999.000 -9999.000 -9999.000 -9999.000 -9999.000 -9999.000 -9999.000 -9999.000 -9999.000 -9999.000 -9999.000 -9999.000 -9999.000 -9999.000 -9999.000 -9999.000 -9999.000 -9999.000 -9999.000 -9999.000 -9999.000 -9999.000 -9999.000 -9999.000 -9999.000 -9999.000 -9999.000 -9999.000 -9999.000 -9999.000 -9999.000 -9999.000 -9999.000 -9999.000 -9999.000 -9999.000 -9999.000 -9999.000 -9999.000 -9999.000 -9999.000 -9999.000 -9999.000 -9999.000 -9999.000 -9999.000 -9999.000 -9999.000 -9999.000 -9999.000 -9999.000 -9999.000 -9999.000 -9999.000 -9999.000 -9999.000 -9999.000 -9999.000 -9999.000 -9999.000 -9999.000 -9999.000 -9999.000 -9999.000 -9999.000 -9999.000 -9999.000 -9999.000 -9999.000 -9999.000 -9999.000 -9999.000 -9999.000 -9999.000 -9999.000 -9999.000 -9999.000 -9999.000 -9999.000 -9999.000 -9999.000 -9999.000 -9999.000 -9999.000 -9999.000 -9999.000 -9999.000 -9999.000 -9999.000 -9999.000 -9999.000 -9999.000 -9999.000 -9999.000 -9999.000 -9999.000 -9999.000
-9999.000 -9999.000 -9999.000 -9999.000 -9999.000 -9999.000 -9999.000 -9999.000 -9999.000 -9999.000 -9999.000 -9999.000 -9999.000 -9999.000 -9999.000 -9999.000 -9999.000 -9999.000 -9999.000 -9999.000 -9999.000 -9999.000 -9999.000 -9999.000 -9999.000 -9999.000 -9999.000 -9999.000 -9999.000 -9999.000 -9999.000 -9999.000 -9999.000 -9999.000 -9999.000 -9999.000 -9999.000 -9999.000 -9999.000 -9999.000 -9999.000 -9999.000 -9999.000 -9999.000 -9999.000 -9999.000 -9999.000 -9999.000 -9999.000 -9999.000 -9999.000 -9999.000 -9999.000 -9999.000 -9999.000 -9999.000 -9999.000 -9999.000 -9999.000 -9999.000 -9999.000 -9999.000 -9999.000 -9999.000 -9999.000 -9999.000 -9999.000 -9999.000 -9999.000 -9999.000 -9999.000 -9999.000 -9999.000 -9999.000 -9999.000 -9999.000 -9999.000 -9999.000 -9999.000 -9999.000 -9999.000 -9999.000 -9999.000 -9999.000 -9999.000 -9999.000 -9999.000 -9999.000 -9999.000 -9999.000 -9999.000 -9999.000 -9999.000 -9999.000 -9999.000 -9999.000 -9999.000 -9999.000 -9999.000 -9999.000 -9999.000 -9999.000 -9999.000 -9999.000
-9999.000 -9999.000 9181.231 9085.956 8995.160 8908.395 8825.083 8744.592 8666.306 8589.664 8514.187 8439.484 8365.243 8291.223 8217.242 8143.164 8068.891 7994.350 7919.492 7844.281 7768.695 7692.719 7616.345 7539.571 7462.395 7384.821 7306.851 7228.491 7149.747 7070.624 6991.129 6911.269 6831.050 6750.478 6669.561 6588.305 6506.715 6424.799 6342.560 6260.007 6177.143 6093.975 6010.508 5926.744 5842.689 5758.346 5673.721 5588.816 5503.637 5418.183 5332.457 5246.457 5160.186 5073.646 4986.840 4899.770 4812.437 4724.837 4636.967 4548.819 4460.387 4371.669 4282.664 4193.371 4103.792 4013.925 3923.765 3833.303 3742.527 3651.418 3559.958 3468.125 3375.904 3283.282 3190.248 3096.791 3002.899 2908.562 2813.763 2718.487 2622.715 2526.425 2429.595 2332.202 2234.218 2135.619 2036.375 1936.459 1835.845 1734.507 1632.416 1529.542 1425.851 1321.312 1215.888 1109.540 1002.226 893.912 784.626 674.752 565.518 459.886 -9999.000 -9999.000
-9999.000 -9999.000 9181.231 9085.956 8995.160 8908.395 8825.083 8744.592 8666.306 8589.664 8514.187 8439.484 8365.243 8291.223 8217.242 8143.164 8068.891 7994.350 7919.492 7844.281 7768.695 7692.719 7616.345 7539.571 7462.395 7384.821 7306.851 7228.491 7149.747 7070.624 6991.129 6911.269 6831.050 6750.478 6669.561 6588.305 6506.715 6424.799 6342.560 6260.007 6177.143 6093.975 6010.508 5926.744 5842.689 5758.346 5673.721 5588.816 5503.637 5418.183 5332.457 5246.457 5160.186 5073.646 4986.840 4899.770 4812.437 4724.837 4636.967 4548.819 4460.387 4371.669 4282.664 4193.371 4103.792 4013.925 3923.765 3833.303 3742.527 3651.418 3559.958 3468.125 3375.904 3283.282 3190.248 3096.791 3002.899 2908.562 2813.763 2718.487 2622.715 2526.425 2429.595 2332.202 2234.218 2135.619 2036.375 1936.459 1835.845 1734.507 1632.416 1529.542 1425.851 1321.312 1215.888 1109.540 1002.226 893.912 784.626 674.752 565.518 459.886 -9999.000 -9999.000
-9999.000 -9999.000 9181.231 9085.956 8995.160 8908.395 8825.083 8744.592 8666.306 8589.664 8514.187 8439.484 8365.243 8291.223 8217.242 8143.164 8068.891 7994.350 7919.492 7844.281 7768.695 7692.719 7616.345 7539.571 7462.395 7384.821 7306.851 7228.491 7149.747 7070.624 6991.129 6911.269 6831.050 6750.478 6669.561 6588.305 6506.715 6424.799 6342.560 6260.007 6177.143 6093.975 6010.508 5926.744 5842.689 5758.346 5673.721 5588.816 5503.637 5418.183 5332.457 5246.457 5160.186 5073.646 4986.840 4899.770 4812.437 4724.837 4636.967 4548.819 4460.387 4371.669 4282.664 4193.371 4103.792 4013.925 3923.765 3833.303 3742.527 3651.418 3559.958 3468.125 3375.904 3283.282 3190.248 3096.791 3002.899 2908.562 2813.763 2718.487 2622.715 2526.425 2429.595 2332.202 2234.218 2135.619 2036.375 1936.459 1835.845 1734.507 1632.416 1529.542 1425.851 1321.312 1215.888 1109.540 1002.226 893.912 784.626 674.752 565.518 459.886 -9999.000 -9999.000
-9999.000 -9999.000 9181.231 9085.956 8995.160 8908.395 8825.083 8744.592 8666.306 8589.664 8514.187 8439.484 8365.243 8291.223 8217.242 8143.164 8068.891 7994.350 7919.492 7844.281 7768.695 7692.719 7616.345 7539.571 7462.395 7384.821 7306.851 7228.491 7149.747 7070.624 6991.129 6911.269 6831.050 6750.478 6669.561 6588.305 6506.715 6424.799 6342.560 6260.007 6177.143 6093.975 6010.508 5926.744 5842.689 5758.346 5673.721 5588.816 5503.637 5418.183 5332.457 5246.457 5160.186 5073.646 4986.840 4899.770 4812.437 4724.837 4636.967 4548.819 4460.387 4371.669 4282.664 4193.371 4103.792 4013.925 3923.765 3833.303 3742.527 3651.418 3559.958 3468.125 3375.904 3283.282 3190.248 3096.791 3002.899 2908.562 2813.763 2718.487 2622.715 2526.425 2429.595 2332.202 2234.218 2135.619 2036.375 1936.459 1835.845 1734.507 1632.416 1529.542 1425.851 1321.312 1215.888 1109.540 1002.226 893.912 784.626 674.752 565.518 459.886 -9999.000 -9999.000
-9999.000 -9999.000 9181.231 9085.956 8995.160 8908.395 8825.083 8744.592 8666.306 8589.664 8514.187 8439.484 8365.243 8291.223 8217.242 8143.164 8068.891 7994.350 7919.492 7844.281 7768.695 7692.719 7616.345 7539.571 7462.395 7384.821 7306.851 7228.491 7149.747 7070.624 6991.129 6911.269 6831.050 6750.478 6669.561 6588.305 6506.715 6424.799 6342.560 6260.007 6177.143 6093.975 6010.508 5926.744 5842.689 5758.346 5673.721 5588.816 5503.637 5418.183 5332.457 5246.457 5160.186 5073.646 4986.840 4899.770 4812.437 4724.837 4636.967 4548.819 4460.387 4371.669 4282.664 4193.371 4103.792 4013.925 3923.765 3833.303 3742.527 3651.418 3559.958 3468.125 3375.904 3283.282 3190.248 3096.791 3002.899 2908.562 2813.763 2718.487 2622.715 2526.425 2429.595 2332.202 2234.218 2135.619 2036.375 1936.459 1835.845 1734.507 1632.416 1529.542 1425.851 1321.312 1215.888 1109.540 1002.226 893.912 784.626 674.752 565.518 459.886 -9999.000 -9999.000
-9999.000 -9999.000 9181.231 9085.956 8995.160 8908.395 8825.083 8744.592 8666.306 8589.664 8514.187 8439.484 8365.243 8291.223 8217.242 8143.164 8068.891 7994.350 7919.492 7844.281 7768.695 7692.719 7616.345 7539.571 7462.395 7384.821 7306.851 7228.491 7149.747 7070.624 6991.129 6911.269 6831.050 6750.478 6669.561 6588.305 6506.715 6424.799 6342.560 6260.007 6177.143 6093.975 6010.508 5926.744 5842.689 5758.346 5673.721 5588.816 5503.637 5418.183 5332.457 5246.457 5160.186 5073.646 4986.840 4899.770 4812.437 4724.837 4636.967 4548.819 4460.387 4371.669 4282.664 4193.371 4103.792 4013.925 3923.765 3833.303 3742.527 3651.418 3559.958 3468.125 3375.904 3283.282 3190.248 3096.791 3002.899 2908.562 2813.763 2718.487 2622.715 2526.425 2429.595 2332.202 2234.218 2135.619 2036.375 1936.459 1835.845 1734.507 1632.416 1529.542 1425.851 1321.312 1215.888 1109.540 1002.226 893.912 784.626 674.752 565.518 459.886 -9999.000 -9999.000
-9999.000 -9999.000 -9999.000 -9999.000 -9999.000 -9999.000 -9999.000 -9999.000 -9999.000 -9999.000 -9999.000 -9999.000 -9999.000 -9999.000 -9999.000 -9999.000 -9999.000 -9999.000 -9999.000 -9999.000 -9999.000 -9999.000 -9999.000 -9999.000 -9999.000 -9999.000 -9999.000 -9999.000 -9999.000 -9999.000 -9999.000 -9999.000 -9999.000 -9999.000 -9999.000 -9999.000 -9999.000 -9999.000 -9999.000 -9999.000 -9999.000 -9999.000 -9999.000 -9999.000 -9999.000 -9999.000 -9999.000 -9999.000 -9999.000 -9999.000 -9999.000 -9999.000 -9999.000 -9999.000 -9999.000 -9999.000 -9999.000 -9999.000 -9999.000 -9999.000 -9999.000 -9999.000 -9999.000 -9999.000 -9999.000 -9999.000 -9999.000 -9999.000 -9999.000 -9999.000 -9999.000 -9999.000 -9999.000 -9999.000 -9999.000 -9999.000 -9999.000 -9999.000 -9999.000 -9999.000 -9999.000 -9999.000 -9999.000 -9999.000 -9999.000 -9999.000 -9999.000 -9999.000 -9999.000 -9999.000 -9999.000 -9999.000 -9999.000 -9999.000 -9999.000 -9999.000 -9999.000 -9999.000 -9999.000 -9999.000 -9999.000 -9999.000 -9999.000 -9999.000
-9999.000 -9999.000 -9999.000 -9999.000 -9999.000 -9999.000 -9999.000 -9999.000 -9999.000 -9999.000 -9999.000 -9999.000 -9999.000 -9999.000 -9999.000 -9999.000 -9999.000 -9999.000 -9999.000 -9999.000 -9999.000 -9999.000 -9999.000 -9999.000 -9999.000 -9999.000 -9999.000 -9999.000 -9999.000 -9999.000 -9999.000 -9999.000 -9999.000 -9999.000 -9999.000 -9999.000 -9999.000 -9999.000 -9999.000 -9999.000 -9999.000 -9999.000 -9999.000 -9999.000 -9999.000 -9999.000 -9999.000 -9999.000 -9999.000 -9999.000 -9999.000 -9999.000 -9999.000 -9999.000 -9999.000 -9999.000 -9999.000 -9999.000 -9999.000 -9999.000 -9999.000 -9999.000 -9999.000 -9999.000 -9999.000 -9999.000 -9999.000 -9999.000 -9999.000 -9999.000 -9999.000 -9999.000 -9999.000 -9999.000 -9999.000 -9999.000 -9999.000 -9999.000 -9999.000 -9999.000 -9999.000 -9999.000 -9999.000 -9999.000 -9999.000 -9999.000 -9999.000 -9999.000 -9999.000 -9999.000 -9999.000 -9999.000 -9999.000 -9999.000 -9999.000 -9999.000 -9999.000 -9999.000 -9999.000 -9999.000 -9999.000 -9999.000 -9999.000 -9999.000