examples/3D/hillslope01/output-maps-METEOIO-OFF/psiliqL0082N0002.asc
ncols         104
nrows         10
xllcorner     -2.000000
yllcorner     0.000000
cellsize      1.000000
NODATA_value  -9999.0
-9999.000 -9999.000 -9999.000 -9999.000 -9999.000 -9999.000 -9999.000 -9999.000 -9999.000 -9999.000 -9999.000 -9999.000 -9999.000 -9999.000 -9999.000 -9999.000 -9999.000 -9999.000 -9999.000 -9999.000 -9999.000 -9999.000 -9999.000 -9999.000 -9999.000 -9999.000 -9999.000 -9999.000 -9999.000 -9999.000 -9999.000 -9999.000 -9999.000 -9999.000 -9999.000 -9999.000 -9999.000 -9999.000 -9999.000 -9999.000 -9999.000 -9999.000 -9999.000 -9999.000 -9999.000 -9999.000 -9999.000 -9999.000 -9999.000 -9999.000 -9999.000 -9999.000 -9999.000 -9999.000 -9999.000 -9999.000 -9999.000 -9999.000 -9999.000 -9999.000 -9999.000 -9999.000 -9999.000 -9999.000 -9999.000 -9999.000 -9999.000 -9999.000 -9999.000 -9999.000 -9999.000 -9999.000 -9999.000 -9999.000 -9999.000 -9999.000 -9999.000 -9999.000 -9999.000 -9999.000 -9999.000 -9999.000 -9999.000 -9999.000 -9999.000 -9999.000 -9999.000 -9999.000 -9999.000 -9999.000 -9999.000 -9999.000 -9999.000 -9999.000 -9999.000 -9999.000 -9999.000 -9999.000 -9999.000 -9999.000 -9999.000 -9999.000 -9999.000 -9999.000
-9999.000 -9999.000 -9999.000 -9999.000 -9999.000 -9999.000 -9999.000 -9999.000 -9999.000 -9999.000 -9999.000 -9999.000 -9999.000 -9999.000 -9999.000 -9999.000 -9999.000 -9999.000 -9999.000 -9999.000 -9999.000 -9999.000 -9999.000 -9999.000 -9999.000 -9999.000 -9999.000 -9999.000 -9999.000 -9999.000 -9999.000 -9999.000 -9999.000 -9999.000 -9999.000 -9999.000 -9999.000 -9999.000 -9999.000 -9999.000 -9999.000 -9999.000 -9999.000 -9999.000 -9999.000 -9999.000 -9999.000 -9999.000 -9999.000 -9999.000 -9999.000 -9999.000 -9999.000 -9999.000 -9999.000 -9999.000 -9999.000 -9999.000 -9999.000 -9999.000 -9999.000 -9999.000 -9999.000 -9999.000 -9999.000 -9999.000 -9999.000 -9999.000 -9999.000 -9999.000 -9999.000 -9999.000 -9999.000 -9999.000 -9999.000 -9999.000 -9999.000 -9999.000 -9999.000 -9999.000 -9999.000 -9999.000 -9999.000 -9999.000 -9999.000 -9999.000 -9999.000 -9999.000 -9999.000 -9999.000 -9999.000 -9999.000 -9999.000 -9999.000 -9999.000 -9999.000 -9999.000 -9999.000 -9999.000 -9999.000 -9999.000 -9999.000 -9999.000 -9999.000
-9999.000 -9999.000 8483.335 8388.304 8297.955 8211.770 8129.094 8049.230 7971.516 7895.367 7820.297 7745.918 7671.929 7598.100 7524.262 7450.290 7376.093 7301.606 7226.784 7151.598 7076.027 7000.060 6923.690 6846.916 6769.739 6692.161 6614.186 6535.820 6457.070 6377.941 6298.439 6218.572 6138.346 6057.768 5976.844 5895.581 5813.986 5732.063 5649.818 5567.259 5484.390 5401.218 5317.746 5233.978 5149.918 5065.571 4980.941 4896.034 4810.852 4725.398 4639.671 4553.670 4467.397 4380.854 4294.046 4206.976 4119.645 4032.050 3944.186 3856.043 3767.615 3678.898 3589.893 3500.600 3411.023 3321.161 3231.010 3140.562 3049.803 2958.714 2867.274 2775.458 2683.251 2590.641 2497.617 2404.172 2310.294 2215.972 2121.190 2025.933 1930.182 1833.916 1737.111 1639.744 1541.789 1443.217 1344.002 1244.114 1143.527 1042.219 940.159 837.318 733.663 629.159 523.773 417.459 310.153 201.741 91.968 -19.198 -131.290 -241.755 -9999.000 -9999.000
-9999.000 -9999.000 8483.335 8388.304 8297.955 8211.770 8129.094 8049.230 7971.516 7895.367 7820.297 7745.918 7671.929 7598.100 7524.262 7450.290 7376.093 7301.606 7226.784 7151.598 7076.027 7000.060 6923.690 6846.916 6769.739 6692.161 6614.186 6535.820 6457.070 6377.941 6298.439 6218.572 6138.346 6057.768 5976.844 5895.581 5813.986 5732.063 5649.818 5567.259 5484.390 5401.218 5317.746 5233.978 5149.918 5065.571 4980.941 4896.034 4810.852 4725.398 4639.671 4553.670 4467.397 4380.854 4294.046 4206.976 4119.645 4032.050 3944.186 3856.043 3767.615 3678.898 3589.893 3500.600 3411.023 3321.161 3231.010 3140.562 3049.803 2958.714 2867.274 2775.458 2683.251 2590.641 2497.617 2404.172 2310.294 2215.972 2121.190 2025.933 1930.182 1833.916 1737.111 1639.744 1541.789 1443.217 1344.002 1244.114 1143.527 1042.219 940.159 837.318 733.663 629.159 523.773 417.459 310.153 201.741 91.968 -19.198 -131.290 -241.755 -9999.000 -9999.000
-9999.000 -9999.000 8483.335 8388.304 8297.955 8211.770 8129.094 8049.230 7971.516 7895.367 7820.297 7745.918 7671.929 7598.100 7524.262 7450.290 7376.093 7301.606 7226.784 7151.598 7076.027 7000.060 6923.690 6846.916 6769.739 6692.161 6614.186 6535.820 6457.070 6377.941 6298.439 6218.572 6138.346 6057.768 5976.844 5895.581 5813.986 5732.063 5649.818 5567.259 5484.390 5401.218 5317.746 5233.978 5149.918 5065.571 4980.941 4896.034 4810.852 4725.398 4639.671 4553.670 4467.397 4380.854 4294.046 4206.976 4119.645 4032.050 3944.186 3856.043 3767.615 3678.898 3589.893 3500.600 3411.023 3321.161 3231.010 3140.562 3049.803 2958.714 2867.274 2775.458 2683.251 2590.641 2497.617 2404.172 2310.294 2215.972 2121.190 2025.933 1930.182 1833.916 1737.111 1639.744 1541.789 1443.217 1344.002 1244.114 1143.527 1042.219 940.159 837.318 733.663 629.159 523.773 417.459 310.153 201.741 91.968 -19.198 -131.290 -241.755 -9999.000 -9999.000
-9999.000 -9999.000 8483.335 8388.304 8297.955 8211.770 8129.094 8049.230 7971.516 7895.367 7820.297 7745.918 7671.929 7598.100 7524.262 7450.290 7376.093 7301.606 7226.784 7151.598 7076.027 7000.060 6923.690 6846.916 6769.739 6692.161 6614.186 6535.820 6457.070 6377.941 6298.439 6218.572 6138.346 6057.768 5976.844 5895.581 5813.986 5732.063 5649.818 5567.259 5484.390 5401.218 5317.746 5233.978 5149.918 5065.571 4980.941 4896.034 4810.852 4725.398 4639.671 4553.670 4467.397 4380.854 4294.046 4206.976 4119.645 4032.050 3944.186 3856.043 3767.615 3678.898 3589.893 3500.600 3411.023 3321.161 3231.010 3140.562 3049.803 2958.714 2867.274 2775.458 2683.251 2590.641 2497.617 2404.172 2310.294 2215.972 2121.190 2025.933 1930.182 1833.916 1737.111 1639.744 1541.789 1443.217 1344.002 1244.114 1143.527 1042.219 940.159 837.318 733.663 629.159 523.773 417.459 310.153 201.741 91.968 -19.198 -131.290 -241.755 -9999.000 -9999.000
-9999.000 -9999.000 8483.335 8388.304 8297.955 8211.770 8129.094 8049.230 7971.516 7895.367 7820.297 7745.918 7671.929 7598.100 7524.262 7450.290 7376.093 7301.606 7226.784 7151.598 7076.027 7000.060 6923.690 6846.916 6769.739 6692.161 6614.186 6535.820 6457.070 6377.941 6298.439 6218.572 6138.346 6057.768 5976.844 5895.581 5813.986 5732.063 5649.818 5567.259 5484.390 5401.218 5317.746 5233.978 5149.918 5065.571 4980.941 4896.034 4810.852 4725.398 4639.671 4553.670 4467.397 4380.854 4294.046 4206.976 4119.645 4032.050 3944.186 3856.043 3767.615 3678.898 3589.893 3500.600 3411.023 3321.161 3231.010 3140.562 3049.803 2958.714 2867.274 2775.458 2683.251 2590.641 2497.617 2404.172 2310.294 2215.972 2121.190 2025.933 1930.182 1833.916 1737.111 1639.744 1541.789 1443.217 1344.002 1244.114 1143.527 1042.219 940.159 837.318 733.663 629.159 523.773 417.459 310.153 201.741 91.968 -19.198 -131.290 -241.755 -9999.000 -9999.000
-9999.000 -9999.000 8483.335 8388.304 8297.955 8211.770 8129.094 8049.230 7971.516 7895.367 7820.297 7745.918 7671.929 7598.100 7524.262 7450.290 7376.093 7301.606 7226.784 7151.598 7076.027 7000.060 6923.690 6846.916 6769.739 6692.161 6614.186 6535.820 6457.070 6377.941 6298.439 6218.572 6138.346 6057.768 5976.844 5895.581 5813.986 5732.063 5649.818 5567.259 5484.390 5401.218 5317.746 5233.978 5149.918 5065.571 4980.941 4896.034 4810.852 4725.398 4639.671 4553.670 4467.397 4380.854 4294.046 4206.976 4119.645 4032.050 3944.186 3856.043 3767.615 3678.898 3589.893 3500.600 3411.023 3321.161 3231.010 3140.562 3049.803 2958.714 2867.274 2775.458 2683.251 2590.641 2497.617 2404.172 2310.294 2215.972 2121.190 2025.933 1930.182 1833.916 1737.111 1639.744 1541.789 1443.217 1344.002 1244.114 1143.527 1042.219 940.159 837.318 733.663 629.159 523.773 417.459 310.153 201.741 91.968 -19.198 -131.290 -241.755 -9999.000 -9999.000
-9999.000 -9999.000 -9999.000 -9999.000 -9999.000 -9999.000 -9999.000 -9999.000 -9999.000 -9999.000 -9999.000 -9999.000 -9999.000 -9999.000 -9999.000 -9999.000 -9999.000 -9999.000 -9999.000 -9999.000 -9999.000 -9999.000 -9999.000 -9999.000 -9999.000 -9999.000 -9999.000 -9999.000 -9999.000 -9999.000 -9999.000 -9999.000 -9999.000 -9999.000 -9999.000 -9999.000 -9999.000 -9999.000 -9999.000 -9999.000 -9999.000 -9999.000 -9999.000 -9999.000 -9999.000 -9999.000 -9999.000 -9999.000 -9999.000 -9999.000 -9999.000 -9999.000 -9999.000 -9999.000 -9999.000 -9999.000 -9999.000 -9999.000 -9999.000 -9999.000 -9999.000 -9999.000 -9999.000 -9999.000 -9999.000 -9999.000 -9999.000 -9999.000 -9999.000 -9999.000 -9999.000 -9999.000 -9999.000 -9999.000 -9999.000 -9999.000 -9999.000 -9999.000 -9999.000 -9999.000 -9999.000 -9999.000 -9999.000 -9999.000 -9999.000 -9999.000 -9999.000 -9999.000 -9999.000 -9999.000 -9999.000 -9999.000 -9999.000 -9999.000 -9999.000 -9999.000 -9999.000 -9999.000 -9999.000 -9999.000 -9999.000 -9999.000 -9999.000 -9999.000
-9999.000 -9999.000 -9999.000 -9999.000 -9999.000 -9999.000 -9999.000 -9999.000 -9999.000 -9999.000 -9999.000 -9999.000 -9999.000 -9999.000 -9999.000 -9999.000 -9999.000 -9999.000 -9999.000 -9999.000 -9999.000 -9999.000 -9999.000 -9999.000 -9999.000 -9999.000 -9999.000 -9999.000 -9999.000 -9999.000 -9999.000 -9999.000 -9999.000 -9999.000 -9999.000 -9999.000 -9999.000 -9999.000 -9999.000 -9999.000 -9999.000 -9999.000 -9999.000 -9999.000 -9999.000 -9999.000 -9999.000 -9999.000 -9999.000 -9999.000 -9999.000 -9999.000 -9999.000 -9999.000 -9999.000 -9999.000 -9999.000 -9999.000 -9999.000 -9999.000 -9999.000 -9999.000 -9999.000 -9999.000 -9999.000 -9999.000 -9999.000 -9999.000 -9999.000 -9999.000 -9999.000 -9999.000 -9999.000 -9999.000 -9999.000 -9999.000 -9999.000 -9999.000 -9999.000 -9999.000 -9999.000 -9999.000 -9999.000 -9999.000 -9999.000 -9999.000 -9999.000 -9999.000 -9999.000 -9999.000 -9999.000 -9999.000 -9999.000 -9999.000 -9999.000 -9999.000 -9999.000 -9999.000 -9999.000 -9999.000 -9999.000 -9999.000 -9999.000 -9999.000