examples/3D/hillslope01/output-maps-METEOIO-OFF/psiliqL0098N0003.asc
ncols         104
nrows         10
xllcorner     -2.000000
yllcorner     0.000000
cellsize      1.000000
NODATA_value  -9999.0
-9999.000 -9999.000 -9999.000 -9999.000 -9999.000 -9999.000 -9999.000 -9999.000 -9999.000 -9999.000 -9999.000 -9999.000 -9999.000 -9999.000 -9999.000 -9999.000 -9999.000 -9999.000 -9999.000 -9999.000 -9999.000 -9999.000 -9999.000 -9999.000 -9999.000 -9999.000 -9999.000 -9999.000 -9999.000 -9999.000 -9999.000 -9999.000 -9999.000 -9999.000 -9999.000 -9999.000 -9999.000 -9999.000 -9999.000 -9999.000 -9999.000 -9999.000 -9999.000 -9999.000 -9999.000 -9999.000 -9999.000 -9999.000 -9999.000 -9999.000 -9999.000 -9999.000 -9999.000 -9999.000 -9999.000 -9999.000 -9999.000 -9999.000 -9999.000 -9999.000 -9999.000 -9999.000 -9999.000 -9999.000 -9999.000 -9999.000 -9999.000 -9999.000 -9999.000 -9999.000 -9999.000 -9999.000 -9999.000 -9999.000 -9999.000 -9999.000 -9999.000 -9999.000 -9999.000 -9999.000 -9999.000 -9999.000 -9999.000 -9999.000 -9999.000 -9999.000 -9999.000 -9999.000 -9999.000 -9999.000 -9999.000 -9999.000 -9999.000 -9999.000 -9999.000 -9999.000 -9999.000 -9999.000 -9999.000 -9999.000 -9999.000 -9999.000 -9999.000 -9999.000
-9999.000 -9999.000 -9999.000 -9999.000 -9999.000 -9999.000 -9999.000 -9999.000 -9999.000 -9999.000 -9999.000 -9999.000 -9999.000 -9999.000 -9999.000 -9999.000 -9999.000 -9999.000 -9999.000 -9999.000 -9999.000 -9999.000 -9999.000 -9999.000 -9999.000 -9999.000 -9999.000 -9999.000 -9999.000 -9999.000 -9999.000 -9999.000 -9999.000 -9999.000 -9999.000 -9999.000 -9999.000 -9999.000 -9999.000 -9999.000 -9999.000 -9999.000 -9999.000 -9999.000 -9999.000 -9999.000 -9999.000 -9999.000 -9999.000 -9999.000 -9999.000 -9999.000 -9999.000 -9999.000 -9999.000 -9999.000 -9999.000 -9999.000 -9999.000 -9999.000 -9999.000 -9999.000 -9999.000 -9999.000 -9999.000 -9999.000 -9999.000 -9999.000 -9999.000 -9999.000 -9999.000 -9999.000 -9999.000 -9999.000 -9999.000 -9999.000 -9999.000 -9999.000 -9999.000 -9999.000 -9999.000 -9999.000 -9999.000 -9999.000 -9999.000 -9999.000 -9999.000 -9999.000 -9999.000 -9999.000 -9999.000 -9999.000 -9999.000 -9999.000 -9999.000 -9999.000 -9999.000 -9999.000 -9999.000 -9999.000 -9999.000 -9999.000 -9999.000 -9999.000
-9999.000 -9999.000 10008.399 9912.176 9819.563 9730.256 9643.865 9559.961 9478.124 9397.973 9319.178 9241.464 9164.611 9088.445 9012.833 8937.670 8862.879 8788.399 8714.186 8640.207 8566.433 8492.847 8419.433 8346.177 8273.069 8200.101 8127.265 8054.554 7981.962 7909.481 7837.105 7764.829 7692.647 7620.551 7548.536 7476.596 7404.723 7332.912 7261.155 7189.446 7117.777 7046.141 6974.532 6902.940 6831.359 6759.781 6688.198 6616.602 6544.984 6473.336 6401.648 6329.913 6258.121 6186.262 6114.327 6042.306 5970.189 5897.966 5825.626 5753.158 5680.550 5607.792 5534.871 5461.775 5388.491 5315.007 5241.308 5167.382 5093.214 5018.787 4944.088 4869.100 4793.806 4718.189 4642.228 4565.906 4489.203 4412.096 4334.561 4256.577 4178.120 4099.163 4019.676 3939.629 3858.990 3777.732 3695.818 3613.205 3529.848 3445.703 3360.725 3274.869 3188.081 3100.296 3011.441 2921.441 2830.212 2737.671 2643.733 2548.321 2451.381 2352.899 -9999.000 -9999.000
-9999.000 -9999.000 10008.399 9912.176 9819.563 9730.256 9643.865 9559.961 9478.124 9397.973 9319.178 9241.464 9164.611 9088.445 9012.833 8937.670 8862.879 8788.399 8714.186 8640.207 8566.433 8492.847 8419.433 8346.177 8273.069 8200.101 8127.265 8054.554 7981.962 7909.481 7837.105 7764.829 7692.647 7620.551 7548.536 7476.596 7404.723 7332.912 7261.155 7189.446 7117.777 7046.141 6974.532 6902.940 6831.359 6759.781 6688.198 6616.602 6544.984 6473.336 6401.648 6329.913 6258.121 6186.262 6114.327 6042.306 5970.189 5897.966 5825.626 5753.158 5680.550 5607.792 5534.871 5461.775 5388.491 5315.007 5241.308 5167.382 5093.214 5018.787 4944.088 4869.100 4793.806 4718.189 4642.228 4565.906 4489.203 4412.096 4334.561 4256.577 4178.120 4099.163 4019.676 3939.629 3858.990 3777.732 3695.818 3613.205 3529.848 3445.703 3360.725 3274.869 3188.081 3100.296 3011.441 2921.441 2830.212 2737.671 2643.733 2548.321 2451.381 2352.899 -9999.000 -9999.000
-9999.000 -9999.000 10008.399 9912.176 9819.563 9730.256 9643.865 9559.961 9478.124 9397.973 9319.178 9241.464 9164.611 9088.445 9012.833 8937.670 8862.879 8788.399 8714.186 8640.207 8566.433 8492.847 8419.433 8346.177 8273.069 8200.101 8127.265 8054.554 7981.962 7909.481 7837.105 7764.829 7692.647 7620.551 7548.536 7476.596 7404.723 7332.912 7261.155 7189.446 7117.777 7046.141 6974.532 6902.940 6831.359 6759.781 6688.198 6616.602 6544.984 6473.336 6401.648 6329.913 6258.121 6186.262 6114.327 6042.306 5970.189 5897.966 5825.626 5753.158 5680.550 5607.792 5534.871 5461.775 5388.491 5315.007 5241.308 5167.382 5093.214 5018.787 4944.088 4869.100 4793.806 4718.189 4642.228 4565.906 4489.203 4412.096 4334.561 4256.577 4178.120 4099.163 4019.676 3939.629 3858.990 3777.732 3695.818 3613.205 3529.848 3445.703 3360.725 3274.869 3188.081 3100.296 3011.441 2921.441 2830.212 2737.671 2643.733 2548.321 2451.381 2352.899 -9999.000 -9999.000
-9999.000 -9999.000 10008.399 9912.176 9819.563 9730.256 9643.865 9559.961 9478.124 9397.973 9319.178 9241.464 9164.611 9088.445 9012.833 8937.670 8862.879 8788.399 8714.186 8640.207 8566.433 8492.847 8419.433 8346.177 8273.069 8200.101 8127.265 8054.554 7981.962 7909.481 7837.105 7764.829 7692.647 7620.551 7548.536 7476.596 7404.723 7332.912 7261.155 7189.446 7117.777 7046.141 6974.532 6902.940 6831.359 6759.781 6688.198 6616.602 6544.984 6473.336 6401.648 6329.913 6258.121 6186.262 6114.327 6042.306 5970.189 5897.966 5825.626 5753.158 5680.550 5607.792 5534.871 5461.775 5388.491 5315.007 5241.308 5167.382 5093.214 5018.787 4944.088 4869.100 4793.806 4718.189 4642.228 4565.906 4489.203 4412.096 4334.561 4256.577 4178.120 4099.163 4019.676 3939.629 3858.990 3777.732 3695.818 3613.205 3529.848 3445.703 3360.725 3274.869 3188.081 3100.296 3011.441 2921.441 2830.212 2737.671 2643.733 2548.321 2451.381 2352.899 -9999.000 -9999.000
-9999.000 -9999.000 10008.399 9912.176 9819.563 9730.256 9643.865 9559.961 9478.124 9397.973 9319.178 9241.464 9164.611 9088.445 9012.833 8937.670 8862.879 8788.399 8714.186 8640.207 8566.433 8492.847 8419.433 8346.177 8273.069 8200.101 8127.265 8054.554 7981.962 7909.481 7837.105 7764.829 7692.647 7620.551 7548.536 7476.596 7404.723 7332.912 7261.155 7189.446 7117.777 7046.141 6974.532 6902.940 6831.359 6759.781 6688.198 6616.602 6544.984 6473.336 6401.648 6329.913 6258.121 6186.262 6114.327 6042.306 5970.189 5897.966 5825.626 5753.158 5680.550 5607.792 5534.871 5461.775 5388.491 5315.007 5241.308 5167.382 5093.214 5018.787 4944.088 4869.100 4793.806 4718.189 4642.228 4565.906 4489.203 4412.096 4334.561 4256.577 4178.120 4099.163 4019.676 3939.629 3858.990 3777.732 3695.818 3613.205 3529.848 3445.703 3360.725 3274.869 3188.081 3100.296 3011.441 2921.441 2830.212 2737.671 2643.733 2548.321 2451.381 2352.899 -9999.000 -9999.000
-9999.000 -9999.000 10008.399 9912.176 9819.563 9730.256 9643.865 9559.961 9478.124 9397.973 9319.178 9241.464 9164.611 9088.445 9012.833 8937.670 8862.879 8788.399 8714.186 8640.207 8566.433 8492.847 8419.433 8346.177 8273.069 8200.101 8127.265 8054.554 7981.962 7909.481 7837.105 7764.829 7692.647 7620.551 7548.536 7476.596 7404.723 7332.912 7261.155 7189.446 7117.777 7046.141 6974.532 6902.940 6831.359 6759.781 6688.198 6616.602 6544.984 6473.336 6401.648 6329.913 6258.121 6186.262 6114.327 6042.306 5970.189 5897.966 5825.626 5753.158 5680.550 5607.792 5534.871 5461.775 5388.491 5315.007 5241.308 5167.382 5093.214 5018.787 4944.088 4869.100 4793.806 4718.189 4642.228 4565.906 4489.203 4412.096 4334.561 4256.577 4178.120 4099.163 4019.676 3939.629 3858.990 3777.732 3695.818 3613.205 3529.848 3445.703 3360.725 3274.869 3188.081 3100.296 3011.441 2921.441 2830.212 2737.671 2643.733 2548.321 2451.381 2352.899 -9999.000 -9999.000
-9999.000 -9999.000 -9999.000 -9999.000 -9999.000 -9999.000 -9999.000 -9999.000 -9999.000 -9999.000 -9999.000 -9999.000 -9999.000 -9999.000 -9999.000 -9999.000 -9999.000 -9999.000 -9999.000 -9999.000 -9999.000 -9999.000 -9999.000 -9999.000 -9999.000 -9999.000 -9999.000 -9999.000 -9999.000 -9999.000 -9999.000 -9999.000 -9999.000 -9999.000 -9999.000 -9999.000 -9999.000 -9999.000 -9999.000 -9999.000 -9999.000 -9999.000 -9999.000 -9999.000 -9999.000 -9999.000 -9999.000 -9999.000 -9999.000 -9999.000 -9999.000 -9999.000 -9999.000 -9999.000 -9999.000 -9999.000 -9999.000 -9999.000 -9999.000 -9999.000 -9999.000 -9999.000 -9999.000 -9999.000 -9999.000 -9999.000 -9999.000 -9999.000 -9999.000 -9999.000 -9999.000 -9999.000 -9999.000 -9999.000 -9999.000 -9999.000 -9999.000 -9999.000 -9999.000 -9999.000 -9999.000 -9999.000 -9999.000 -9999.000 -9999.000 -9999.000 -9999.000 -9999.000 -9999.000 -9999.000 -9999.000 -9999.000 -9999.000 -9999.000 -9999.000 -9999.000 -9999.000 -9999.000 -9999.000 -9999.000 -9999.000 -9999.000 -9999.000 -9999.000
-9999.000 -9999.000 -9999.000 -9999.000 -9999.000 -9999.000 -9999.000 -9999.000 -9999.000 -9999.000 -9999.000 -9999.000 -9999.000 -9999.000 -9999.000 -9999.000 -9999.000 -9999.000 -9999.000 -9999.000 -9999.000 -9999.000 -9999.000 -9999.000 -9999.000 -9999.000 -9999.000 -9999.000 -9999.000 -9999.000 -9999.000 -9999.000 -9999.000 -9999.000 -9999.000 -9999.000 -9999.000 -9999.000 -9999.000 -9999.000 -9999.000 -9999.000 -9999.000 -9999.000 -9999.000 -9999.000 -9999.000 -9999.000 -9999.000 -9999.000 -9999.000 -9999.000 -9999.000 -9999.000 -9999.000 -9999.000 -9999.000 -9999.000 -9999.000 -9999.000 -9999.000 -9999.000 -9999.000 -9999.000 -9999.000 -9999.000 -9999.000 -9999.000 -9999.000 -9999.000 -9999.000 -9999.000 -9999.000 -9999.000 -9999.000 -9999.000 -9999.000 -9999.000 -9999.000 -9999.000 -9999.000 -9999.000 -9999.000 -9999.000 -9999.000 -9999.000 -9999.000 -9999.000 -9999.000 -9999.000 -9999.000 -9999.000 -9999.000 -9999.000 -9999.000 -9999.000 -9999.000 -9999.000 -9999.000 -9999.000 -9999.000 -9999.000 -9999.000 -9999.000