examples/3D/hillslope01/output-maps-METEOIO-OFF/psiliqL0080N0001.asc
ncols         104
nrows         10
xllcorner     -2.000000
yllcorner     0.000000
cellsize      1.000000
NODATA_value  -9999.0
-9999.000 -9999.000 -9999.000 -9999.000 -9999.000 -9999.000 -9999.000 -9999.000 -9999.000 -9999.000 -9999.000 -9999.000 -9999.000 -9999.000 -9999.000 -9999.000 -9999.000 -9999.000 -9999.000 -9999.000 -9999.000 -9999.000 -9999.000 -9999.000 -9999.000 -9999.000 -9999.000 -9999.000 -9999.000 -9999.000 -9999.000 -9999.000 -9999.000 -9999.000 -9999.000 -9999.000 -9999.000 -9999.000 -9999.000 -9999.000 -9999.000 -9999.000 -9999.000 -9999.000 -9999.000 -9999.000 -9999.000 -9999.000 -9999.000 -9999.000 -9999.000 -9999.000 -9999.000 -9999.000 -9999.000 -9999.000 -9999.000 -9999.000 -9999.000 -9999.000 -9999.000 -9999.000 -9999.000 -9999.000 -9999.000 -9999.000 -9999.000 -9999.000 -9999.000 -9999.000 -9999.000 -9999.000 -9999.000 -9999.000 -9999.000 -9999.000 -9999.000 -9999.000 -9999.000 -9999.000 -9999.000 -9999.000 -9999.000 -9999.000 -9999.000 -9999.000 -9999.000 -9999.000 -9999.000 -9999.000 -9999.000 -9999.000 -9999.000 -9999.000 -9999.000 -9999.000 -9999.000 -9999.000 -9999.000 -9999.000 -9999.000 -9999.000 -9999.000 -9999.000
-9999.000 -9999.000 -9999.000 -9999.000 -9999.000 -9999.000 -9999.000 -9999.000 -9999.000 -9999.000 -9999.000 -9999.000 -9999.000 -9999.000 -9999.000 -9999.000 -9999.000 -9999.000 -9999.000 -9999.000 -9999.000 -9999.000 -9999.000 -9999.000 -9999.000 -9999.000 -9999.000 -9999.000 -9999.000 -9999.000 -9999.000 -9999.000 -9999.000 -9999.000 -9999.000 -9999.000 -9999.000 -9999.000 -9999.000 -9999.000 -9999.000 -9999.000 -9999.000 -9999.000 -9999.000 -9999.000 -9999.000 -9999.000 -9999.000 -9999.000 -9999.000 -9999.000 -9999.000 -9999.000 -9999.000 -9999.000 -9999.000 -9999.000 -9999.000 -9999.000 -9999.000 -9999.000 -9999.000 -9999.000 -9999.000 -9999.000 -9999.000 -9999.000 -9999.000 -9999.000 -9999.000 -9999.000 -9999.000 -9999.000 -9999.000 -9999.000 -9999.000 -9999.000 -9999.000 -9999.000 -9999.000 -9999.000 -9999.000 -9999.000 -9999.000 -9999.000 -9999.000 -9999.000 -9999.000 -9999.000 -9999.000 -9999.000 -9999.000 -9999.000 -9999.000 -9999.000 -9999.000 -9999.000 -9999.000 -9999.000 -9999.000 -9999.000 -9999.000 -9999.000
-9999.000 -9999.000 6561.082 6461.518 6362.395 6263.722 6165.507 6067.764 5970.503 5873.737 5777.478 5681.740 5586.537 5491.883 5397.798 5304.299 5211.408 5119.150 5027.553 4936.650 4846.477 4757.078 4668.510 4580.845 4494.181 4408.644 4324.385 4241.576 4160.391 4080.994 4003.522 3928.080 3854.729 3783.486 3714.326 3647.201 3582.037 3518.752 3457.255 3397.452 3339.252 3282.562 3227.291 3173.349 3120.648 3069.100 3018.619 2969.118 2920.515 2872.722 2825.663 2779.253 2733.430 2688.112 2643.235 2598.720 2554.501 2510.508 2466.672 2422.946 2379.252 2335.559 2291.789 2247.890 2203.797 2159.446 2114.794 2069.765 2024.347 1978.445 1932.059 1885.087 1837.516 1789.249 1740.274 1690.495 1639.904 1588.394 1535.976 1482.510 1428.061 1372.447 1315.746 1257.800 1198.561 1138.016 1075.952 1012.521 947.532 880.768 812.451 742.348 670.206 596.042 519.931 441.546 360.657 277.114 190.805 101.704 9.457 -84.864 -9999.000 -9999.000
-9999.000 -9999.000 6561.082 6461.518 6362.395 6263.722 6165.507 6067.764 5970.503 5873.737 5777.478 5681.740 5586.537 5491.883 5397.798 5304.299 5211.408 5119.150 5027.553 4936.650 4846.477 4757.078 4668.510 4580.845 4494.181 4408.644 4324.385 4241.576 4160.391 4080.994 4003.522 3928.080 3854.729 3783.486 3714.326 3647.201 3582.037 3518.752 3457.255 3397.452 3339.252 3282.562 3227.291 3173.349 3120.648 3069.100 3018.619 2969.118 2920.515 2872.722 2825.663 2779.253 2733.430 2688.112 2643.235 2598.720 2554.501 2510.508 2466.672 2422.946 2379.252 2335.559 2291.789 2247.890 2203.797 2159.446 2114.794 2069.765 2024.347 1978.445 1932.059 1885.087 1837.516 1789.249 1740.274 1690.495 1639.904 1588.394 1535.976 1482.510 1428.061 1372.447 1315.746 1257.800 1198.561 1138.016 1075.952 1012.521 947.532 880.768 812.451 742.348 670.206 596.042 519.931 441.546 360.657 277.114 190.805 101.704 9.457 -84.864 -9999.000 -9999.000
-9999.000 -9999.000 6561.082 6461.518 6362.395 6263.722 6165.507 6067.764 5970.503 5873.737 5777.478 5681.740 5586.537 5491.883 5397.798 5304.299 5211.408 5119.150 5027.553 4936.650 4846.477 4757.078 4668.510 4580.845 4494.181 4408.644 4324.385 4241.576 4160.391 4080.994 4003.522 3928.080 3854.729 3783.486 3714.326 3647.201 3582.037 3518.752 3457.255 3397.452 3339.252 3282.562 3227.291 3173.349 3120.648 3069.100 3018.619 2969.118 2920.515 2872.722 2825.663 2779.253 2733.430 2688.112 2643.235 2598.720 2554.501 2510.508 2466.672 2422.946 2379.252 2335.559 2291.789 2247.890 2203.797 2159.446 2114.794 2069.765 2024.347 1978.445 1932.059 1885.087 1837.516 1789.249 1740.274 1690.495 1639.904 1588.394 1535.976 1482.510 1428.061 1372.447 1315.746 1257.800 1198.561 1138.016 1075.952 1012.521 947.532 880.768 812.451 742.348 670.206 596.042 519.931 441.546 360.657 277.114 190.805 101.704 9.457 -84.864 -9999.000 -9999.000
-9999.000 -9999.000 6561.082 6461.518 6362.395 6263.722 6165.507 6067.764 5970.503 5873.737 5777.478 5681.740 5586.537 5491.883 5397.798 5304.299 5211.408 5119.150 5027.553 4936.650 4846.477 4757.078 4668.510 4580.845 4494.181 4408.644 4324.385 4241.576 4160.391 4080.994 4003.522 3928.080 3854.729 3783.486 3714.326 3647.201 3582.037 3518.752 3457.255 3397.452 3339.252 3282.562 3227.291 3173.349 3120.648 3069.100 3018.619 2969.118 2920.515 2872.722 2825.663 2779.253 2733.430 2688.112 2643.235 2598.720 2554.501 2510.508 2466.672 2422.946 2379.252 2335.559 2291.789 2247.890 2203.797 2159.446 2114.794 2069.765 2024.347 1978.445 1932.059 1885.087 1837.516 1789.249 1740.274 1690.495 1639.904 1588.394 1535.976 1482.510 1428.061 1372.447 1315.746 1257.800 1198.561 1138.016 1075.952 1012.521 947.532 880.768 812.451 742.348 670.206 596.042 519.931 441.546 360.657 277.114 190.805 101.704 9.457 -84.864 -9999.000 -9999.000
-9999.000 -9999.000 6561.082 6461.518 6362.395 6263.722 6165.507 6067.764 5970.503 5873.737 5777.478 5681.740 5586.537 5491.883 5397.798 5304.299 5211.408 5119.150 5027.553 4936.650 4846.477 4757.078 4668.510 4580.845 4494.181 4408.644 4324.385 4241.576 4160.391 4080.994 4003.522 3928.080 3854.729 3783.486 3714.326 3647.201 3582.037 3518.752 3457.255 3397.452 3339.252 3282.562 3227.291 3173.349 3120.648 3069.100 3018.619 2969.118 2920.515 2872.722 2825.663 2779.253 2733.430 2688.112 2643.235 2598.720 2554.501 2510.508 2466.672 2422.946 2379.252 2335.559 2291.789 2247.890 2203.797 2159.446 2114.794 2069.765 2024.347 1978.445 1932.059 1885.087 1837.516 1789.249 1740.274 1690.495 1639.904 1588.394 1535.976 1482.510 1428.061 1372.447 1315.746 1257.800 1198.561 1138.016 1075.952 1012.521 947.532 880.768 812.451 742.348 670.206 596.042 519.931 441.546 360.657 277.114 190.805 101.704 9.457 -84.864 -9999.000 -9999.000
-9999.000 -9999.000 6561.082 6461.518 6362.395 6263.722 6165.507 6067.764 5970.503 5873.737 5777.478 5681.740 5586.537 5491.883 5397.798 5304.299 5211.408 5119.150 5027.553 4936.650 4846.477 4757.078 4668.510 4580.845 4494.181 4408.644 4324.385 4241.576 4160.391 4080.994 4003.522 3928.080 3854.729 3783.486 3714.326 3647.201 3582.037 3518.752 3457.255 3397.452 3339.252 3282.562 3227.291 3173.349 3120.648 3069.100 3018.619 2969.118 2920.515 2872.722 2825.663 2779.253 2733.430 2688.112 2643.235 2598.720 2554.501 2510.508 2466.672 2422.946 2379.252 2335.559 2291.789 2247.890 2203.797 2159.446 2114.794 2069.765 2024.347 1978.445 1932.059 1885.087 1837.516 1789.249 1740.274 1690.495 1639.904 1588.394 1535.976 1482.510 1428.061 1372.447 1315.746 1257.800 1198.561 1138.016 1075.952 1012.521 947.532 880.768 812.451 742.348 670.206 596.042 519.931 441.546 360.657 277.114 190.805 101.704 9.457 -84.864 -9999.000 -9999.000
-9999.000 -9999.000 -9999.000 -9999.000 -9999.000 -9999.000 -9999.000 -9999.000 -9999.000 -9999.000 -9999.000 -9999.000 -9999.000 -9999.000 -9999.000 -9999.000 -9999.000 -9999.000 -9999.000 -9999.000 -9999.000 -9999.000 -9999.000 -9999.000 -9999.000 -9999.000 -9999.000 -9999.000 -9999.000 -9999.000 -9999.000 -9999.000 -9999.000 -9999.000 -9999.000 -9999.000 -9999.000 -9999.000 -9999.000 -9999.000 -9999.000 -9999.000 -9999.000 -9999.000 -9999.000 -9999.000 -9999.000 -9999.000 -9999.000 -9999.000 -9999.000 -9999.000 -9999.000 -9999.000 -9999.000 -9999.000 -9999.000 -9999.000 -9999.000 -9999.000 -9999.000 -9999.000 -9999.000 -9999.000 -9999.000 -9999.000 -9999.000 -9999.000 -9999.000 -9999.000 -9999.000 -9999.000 -9999.000 -9999.000 -9999.000 -9999.000 -9999.000 -9999.000 -9999.000 -9999.000 -9999.000 -9999.000 -9999.000 -9999.000 -9999.000 -9999.000 -9999.000 -9999.000 -9999.000 -9999.000 -9999.000 -9999.000 -9999.000 -9999.000 -9999.000 -9999.000 -9999.000 -9999.000 -9999.000 -9999.000 -9999.000 -9999.000 -9999.000 -9999.000
-9999.000 -9999.000 -9999.000 -9999.000 -9999.000 -9999.000 -9999.000 -9999.000 -9999.000 -9999.000 -9999.000 -9999.000 -9999.000 -9999.000 -9999.000 -9999.000 -9999.000 -9999.000 -9999.000 -9999.000 -9999.000 -9999.000 -9999.000 -9999.000 -9999.000 -9999.000 -9999.000 -9999.000 -9999.000 -9999.000 -9999.000 -9999.000 -9999.000 -9999.000 -9999.000 -9999.000 -9999.000 -9999.000 -9999.000 -9999.000 -9999.000 -9999.000 -9999.000 -9999.000 -9999.000 -9999.000 -9999.000 -9999.000 -9999.000 -9999.000 -9999.000 -9999.000 -9999.000 -9999.000 -9999.000 -9999.000 -9999.000 -9999.000 -9999.000 -9999.000 -9999.000 -9999.000 -9999.000 -9999.000 -9999.000 -9999.000 -9999.000 -9999.000 -9999.000 -9999.000 -9999.000 -9999.000 -9999.000 -9999.000 -9999.000 -9999.000 -9999.000 -9999.000 -9999.000 -9999.000 -9999.000 -9999.000 -9999.000 -9999.000 -9999.000 -9999.000 -9999.000 -9999.000 -9999.000 -9999.000 -9999.000 -9999.000 -9999.000 -9999.000 -9999.000 -9999.000 -9999.000 -9999.000 -9999.000 -9999.000 -9999.000 -9999.000 -9999.000 -9999.000