examples/3D/hillslope01/output-maps-METEOIO-OFF/psiliqL0008N0002.asc
ncols         104
nrows         10
xllcorner     -2.000000
yllcorner     0.000000
cellsize      1.000000
NODATA_value  -9999.0
-9999.000 -9999.000 -9999.000 -9999.000 -9999.000 -9999.000 -9999.000 -9999.000 -9999.000 -9999.000 -9999.000 -9999.000 -9999.000 -9999.000 -9999.000 -9999.000 -9999.000 -9999.000 -9999.000 -9999.000 -9999.000 -9999.000 -9999.000 -9999.000 -9999.000 -9999.000 -9999.000 -9999.000 -9999.000 -9999.000 -9999.000 -9999.000 -9999.000 -9999.000 -9999.000 -9999.000 -9999.000 -9999.000 -9999.000 -9999.000 -9999.000 -9999.000 -9999.000 -9999.000 -9999.000 -9999.000 -9999.000 -9999.000 -9999.000 -9999.000 -9999.000 -9999.000 -9999.000 -9999.000 -9999.000 -9999.000 -9999.000 -9999.000 -9999.000 -9999.000 -9999.000 -9999.000 -9999.000 -9999.000 -9999.000 -9999.000 -9999.000 -9999.000 -9999.000 -9999.000 -9999.000 -9999.000 -9999.000 -9999.000 -9999.000 -9999.000 -9999.000 -9999.000 -9999.000 -9999.000 -9999.000 -9999.000 -9999.000 -9999.000 -9999.000 -9999.000 -9999.000 -9999.000 -9999.000 -9999.000 -9999.000 -9999.000 -9999.000 -9999.000 -9999.000 -9999.000 -9999.000 -9999.000 -9999.000 -9999.000 -9999.000 -9999.000 -9999.000 -9999.000
-9999.000 -9999.000 -9999.000 -9999.000 -9999.000 -9999.000 -9999.000 -9999.000 -9999.000 -9999.000 -9999.000 -9999.000 -9999.000 -9999.000 -9999.000 -9999.000 -9999.000 -9999.000 -9999.000 -9999.000 -9999.000 -9999.000 -9999.000 -9999.000 -9999.000 -9999.000 -9999.000 -9999.000 -9999.000 -9999.000 -9999.000 -9999.000 -9999.000 -9999.000 -9999.000 -9999.000 -9999.000 -9999.000 -9999.000 -9999.000 -9999.000 -9999.000 -9999.000 -9999.000 -9999.000 -9999.000 -9999.000 -9999.000 -9999.000 -9999.000 -9999.000 -9999.000 -9999.000 -9999.000 -9999.000 -9999.000 -9999.000 -9999.000 -9999.000 -9999.000 -9999.000 -9999.000 -9999.000 -9999.000 -9999.000 -9999.000 -9999.000 -9999.000 -9999.000 -9999.000 -9999.000 -9999.000 -9999.000 -9999.000 -9999.000 -9999.000 -9999.000 -9999.000 -9999.000 -9999.000 -9999.000 -9999.000 -9999.000 -9999.000 -9999.000 -9999.000 -9999.000 -9999.000 -9999.000 -9999.000 -9999.000 -9999.000 -9999.000 -9999.000 -9999.000 -9999.000 -9999.000 -9999.000 -9999.000 -9999.000 -9999.000 -9999.000 -9999.000 -9999.000
-9999.000 -9999.000 848.610 803.901 776.513 751.415 714.729 666.570 610.794 550.209 485.944 419.268 350.865 280.903 209.659 137.734 65.022 -8.604 -81.790 -151.534 -213.043 -261.984 -297.223 -320.554 -335.137 -343.907 -349.050 -352.014 -353.701 -354.651 -355.181 -355.475 -355.635 -355.722 -355.768 -355.791 -355.802 -355.806 -355.806 -355.804 -355.801 -355.798 -355.794 -355.790 -355.786 -355.782 -355.778 -355.774 -355.770 -355.765 -355.761 -355.757 -355.753 -355.749 -355.745 -355.741 -355.737 -355.732 -355.728 -355.724 -355.720 -355.716 -355.712 -355.708 -355.704 -355.699 -355.695 -355.691 -355.687 -355.683 -355.679 -355.675 -355.671 -355.666 -355.662 -355.658 -355.654 -355.650 -355.646 -355.642 -355.638 -355.633 -355.629 -355.625 -355.621 -355.617 -355.613 -355.609 -355.605 -355.600 -355.596 -355.592 -355.588 -355.584 -355.580 -355.576 -355.572 -355.568 -355.570 -355.638 -356.406 -364.111 -9999.000 -9999.000
-9999.000 -9999.000 848.642 803.908 776.514 751.415 714.729 666.570 610.794 550.209 485.944 419.268 350.865 280.903 209.659 137.734 65.022 -8.604 -81.790 -151.534 -213.043 -261.984 -297.223 -320.554 -335.137 -343.907 -349.050 -352.014 -353.701 -354.651 -355.181 -355.475 -355.635 -355.722 -355.768 -355.791 -355.802 -355.806 -355.806 -355.804 -355.801 -355.798 -355.794 -355.790 -355.786 -355.782 -355.778 -355.774 -355.770 -355.765 -355.761 -355.757 -355.753 -355.749 -355.745 -355.741 -355.737 -355.732 -355.728 -355.724 -355.720 -355.716 -355.712 -355.708 -355.704 -355.699 -355.695 -355.691 -355.687 -355.683 -355.679 -355.675 -355.671 -355.666 -355.662 -355.658 -355.654 -355.650 -355.646 -355.642 -355.638 -355.633 -355.629 -355.625 -355.621 -355.617 -355.613 -355.609 -355.605 -355.600 -355.596 -355.592 -355.588 -355.584 -355.580 -355.576 -355.572 -355.568 -355.570 -355.638 -356.406 -364.111 -9999.000 -9999.000
-9999.000 -9999.000 848.655 803.911 776.515 751.415 714.730 666.570 610.794 550.209 485.944 419.268 350.865 280.903 209.659 137.734 65.022 -8.604 -81.790 -151.534 -213.043 -261.984 -297.223 -320.554 -335.137 -343.907 -349.050 -352.014 -353.701 -354.651 -355.181 -355.475 -355.635 -355.722 -355.768 -355.791 -355.802 -355.806 -355.806 -355.804 -355.801 -355.798 -355.794 -355.790 -355.786 -355.782 -355.778 -355.774 -355.770 -355.765 -355.761 -355.757 -355.753 -355.749 -355.745 -355.741 -355.737 -355.732 -355.728 -355.724 -355.720 -355.716 -355.712 -355.708 -355.704 -355.699 -355.695 -355.691 -355.687 -355.683 -355.679 -355.675 -355.671 -355.666 -355.662 -355.658 -355.654 -355.650 -355.646 -355.642 -355.638 -355.633 -355.629 -355.625 -355.621 -355.617 -355.613 -355.609 -355.605 -355.600 -355.596 -355.592 -355.588 -355.584 -355.580 -355.576 -355.572 -355.568 -355.570 -355.638 -356.406 -364.111 -9999.000 -9999.000
-9999.000 -9999.000 848.655 803.911 776.515 751.415 714.730 666.570 610.794 550.209 485.944 419.268 350.865 280.903 209.659 137.734 65.022 -8.604 -81.790 -151.534 -213.043 -261.984 -297.223 -320.554 -335.137 -343.907 -349.050 -352.014 -353.701 -354.651 -355.181 -355.475 -355.635 -355.722 -355.768 -355.791 -355.802 -355.806 -355.806 -355.804 -355.801 -355.798 -355.794 -355.790 -355.786 -355.782 -355.778 -355.774 -355.770 -355.765 -355.761 -355.757 -355.753 -355.749 -355.745 -355.741 -355.737 -355.732 -355.728 -355.724 -355.720 -355.716 -355.712 -355.708 -355.704 -355.699 -355.695 -355.691 -355.687 -355.683 -355.679 -355.675 -355.671 -355.666 -355.662 -355.658 -355.654 -355.650 -355.646 -355.642 -355.638 -355.633 -355.629 -355.625 -355.621 -355.617 -355.613 -355.609 -355.605 -355.600 -355.596 -355.592 -355.588 -355.584 -355.580 -355.576 -355.572 -355.568 -355.570 -355.638 -356.406 -364.111 -9999.000 -9999.000
-9999.000 -9999.000 848.642 803.908 776.514 751.415 714.729 666.570 610.794 550.209 485.944 419.268 350.865 280.903 209.659 137.734 65.022 -8.604 -81.790 -151.534 -213.043 -261.984 -297.223 -320.554 -335.137 -343.907 -349.050 -352.014 -353.701 -354.651 -355.181 -355.475 -355.635 -355.722 -355.768 -355.791 -355.802 -355.806 -355.806 -355.804 -355.801 -355.798 -355.794 -355.790 -355.786 -355.782 -355.778 -355.774 -355.770 -355.765 -355.761 -355.757 -355.753 -355.749 -355.745 -355.741 -355.737 -355.732 -355.728 -355.724 -355.720 -355.716 -355.712 -355.708 -355.704 -355.699 -355.695 -355.691 -355.687 -355.683 -355.679 -355.675 -355.671 -355.666 -355.662 -355.658 -355.654 -355.650 -355.646 -355.642 -355.638 -355.633 -355.629 -355.625 -355.621 -355.617 -355.613 -355.609 -355.605 -355.600 -355.596 -355.592 -355.588 -355.584 -355.580 -355.576 -355.572 -355.568 -355.570 -355.638 -356.406 -364.111 -9999.000 -9999.000
-9999.000 -9999.000 848.610 803.901 776.513 751.415 714.729 666.570 610.794 550.209 485.944 419.268 350.865 280.903 209.659 137.734 65.022 -8.604 -81.790 -151.534 -213.043 -261.984 -297.223 -320.554 -335.137 -343.907 -349.050 -352.014 -353.701 -354.651 -355.181 -355.475 -355.635 -355.722 -355.768 -355.791 -355.802 -355.806 -355.806 -355.804 -355.801 -355.798 -355.794 -355.790 -355.786 -355.782 -355.778 -355.774 -355.770 -355.765 -355.761 -355.757 -355.753 -355.749 -355.745 -355.741 -355.737 -355.732 -355.728 -355.724 -355.720 -355.716 -355.712 -355.708 -355.704 -355.699 -355.695 -355.691 -355.687 -355.683 -355.679 -355.675 -355.671 -355.666 -355.662 -355.658 -355.654 -355.650 -355.646 -355.642 -355.638 -355.633 -355.629 -355.625 -355.621 -355.617 -355.613 -355.609 -355.605 -355.600 -355.596 -355.592 -355.588 -355.584 -355.580 -355.576 -355.572 -355.568 -355.570 -355.638 -356.406 -364.111 -9999.000 -9999.000
-9999.000 -9999.000 -9999.000 -9999.000 -9999.000 -9999.000 -9999.000 -9999.000 -9999.000 -9999.000 -9999.000 -9999.000 -9999.000 -9999.000 -9999.000 -9999.000 -9999.000 -9999.000 -9999.000 -9999.000 -9999.000 -9999.000 -9999.000 -9999.000 -9999.000 -9999.000 -9999.000 -9999.000 -9999.000 -9999.000 -9999.000 -9999.000 -9999.000 -9999.000 -9999.000 -9999.000 -9999.000 -9999.000 -9999.000 -9999.000 -9999.000 -9999.000 -9999.000 -9999.000 -9999.000 -9999.000 -9999.000 -9999.000 -9999.000 -9999.000 -9999.000 -9999.000 -9999.000 -9999.000 -9999.000 -9999.000 -9999.000 -9999.000 -9999.000 -9999.000 -9999.000 -9999.000 -9999.000 -9999.000 -9999.000 -9999.000 -9999.000 -9999.000 -9999.000 -9999.000 -9999.000 -9999.000 -9999.000 -9999.000 -9999.000 -9999.000 -9999.000 -9999.000 -9999.000 -9999.000 -9999.000 -9999.000 -9999.000 -9999.000 -9999.000 -9999.000 -9999.000 -9999.000 -9999.000 -9999.000 -9999.000 -9999.000 -9999.000 -9999.000 -9999.000 -9999.000 -9999.000 -9999.000 -9999.000 -9999.000 -9999.000 -9999.000 -9999.000 -9999.000
-9999.000 -9999.000 -9999.000 -9999.000 -9999.000 -9999.000 -9999.000 -9999.000 -9999.000 -9999.000 -9999.000 -9999.000 -9999.000 -9999.000 -9999.000 -9999.000 -9999.000 -9999.000 -9999.000 -9999.000 -9999.000 -9999.000 -9999.000 -9999.000 -9999.000 -9999.000 -9999.000 -9999.000 -9999.000 -9999.000 -9999.000 -9999.000 -9999.000 -9999.000 -9999.000 -9999.000 -9999.000 -9999.000 -9999.000 -9999.000 -9999.000 -9999.000 -9999.000 -9999.000 -9999.000 -9999.000 -9999.000 -9999.000 -9999.000 -9999.000 -9999.000 -9999.000 -9999.000 -9999.000 -9999.000 -9999.000 -9999.000 -9999.000 -9999.000 -9999.000 -9999.000 -9999.000 -9999.000 -9999.000 -9999.000 -9999.000 -9999.000 -9999.000 -9999.000 -9999.000 -9999.000 -9999.000 -9999.000 -9999.000 -9999.000 -9999.000 -9999.000 -9999.000 -9999.000 -9999.000 -9999.000 -9999.000 -9999.000 -9999.000 -9999.000 -9999.000 -9999.000 -9999.000 -9999.000 -9999.000 -9999.000 -9999.000 -9999.000 -9999.000 -9999.000 -9999.000 -9999.000 -9999.000 -9999.000 -9999.000 -9999.000 -9999.000 -9999.000 -9999.000