examples/3D/hillslope01/output-maps-METEOIO-OFF/psiliqL0093N0002.asc
ncols         104
nrows         10
xllcorner     -2.000000
yllcorner     0.000000
cellsize      1.000000
NODATA_value  -9999.0
-9999.000 -9999.000 -9999.000 -9999.000 -9999.000 -9999.000 -9999.000 -9999.000 -9999.000 -9999.000 -9999.000 -9999.000 -9999.000 -9999.000 -9999.000 -9999.000 -9999.000 -9999.000 -9999.000 -9999.000 -9999.000 -9999.000 -9999.000 -9999.000 -9999.000 -9999.000 -9999.000 -9999.000 -9999.000 -9999.000 -9999.000 -9999.000 -9999.000 -9999.000 -9999.000 -9999.000 -9999.000 -9999.000 -9999.000 -9999.000 -9999.000 -9999.000 -9999.000 -9999.000 -9999.000 -9999.000 -9999.000 -9999.000 -9999.000 -9999.000 -9999.000 -9999.000 -9999.000 -9999.000 -9999.000 -9999.000 -9999.000 -9999.000 -9999.000 -9999.000 -9999.000 -9999.000 -9999.000 -9999.000 -9999.000 -9999.000 -9999.000 -9999.000 -9999.000 -9999.000 -9999.000 -9999.000 -9999.000 -9999.000 -9999.000 -9999.000 -9999.000 -9999.000 -9999.000 -9999.000 -9999.000 -9999.000 -9999.000 -9999.000 -9999.000 -9999.000 -9999.000 -9999.000 -9999.000 -9999.000 -9999.000 -9999.000 -9999.000 -9999.000 -9999.000 -9999.000 -9999.000 -9999.000 -9999.000 -9999.000 -9999.000 -9999.000 -9999.000 -9999.000
-9999.000 -9999.000 -9999.000 -9999.000 -9999.000 -9999.000 -9999.000 -9999.000 -9999.000 -9999.000 -9999.000 -9999.000 -9999.000 -9999.000 -9999.000 -9999.000 -9999.000 -9999.000 -9999.000 -9999.000 -9999.000 -9999.000 -9999.000 -9999.000 -9999.000 -9999.000 -9999.000 -9999.000 -9999.000 -9999.000 -9999.000 -9999.000 -9999.000 -9999.000 -9999.000 -9999.000 -9999.000 -9999.000 -9999.000 -9999.000 -9999.000 -9999.000 -9999.000 -9999.000 -9999.000 -9999.000 -9999.000 -9999.000 -9999.000 -9999.000 -9999.000 -9999.000 -9999.000 -9999.000 -9999.000 -9999.000 -9999.000 -9999.000 -9999.000 -9999.000 -9999.000 -9999.000 -9999.000 -9999.000 -9999.000 -9999.000 -9999.000 -9999.000 -9999.000 -9999.000 -9999.000 -9999.000 -9999.000 -9999.000 -9999.000 -9999.000 -9999.000 -9999.000 -9999.000 -9999.000 -9999.000 -9999.000 -9999.000 -9999.000 -9999.000 -9999.000 -9999.000 -9999.000 -9999.000 -9999.000 -9999.000 -9999.000 -9999.000 -9999.000 -9999.000 -9999.000 -9999.000 -9999.000 -9999.000 -9999.000 -9999.000 -9999.000 -9999.000 -9999.000
-9999.000 -9999.000 9578.997 9483.637 9392.685 9305.717 9222.180 9141.466 9062.974 8986.154 8910.531 8835.709 8761.376 8687.285 8613.252 8539.136 8464.834 8390.274 8315.402 8240.182 8164.589 8088.610 8012.235 7935.460 7858.285 7780.712 7702.744 7624.387 7545.645 7466.524 7387.032 7307.174 7226.957 7146.388 7065.474 6984.219 6902.632 6820.717 6738.481 6655.930 6573.068 6489.902 6406.436 6322.674 6238.621 6154.279 6069.655 5984.752 5899.573 5814.120 5728.394 5642.395 5556.125 5469.586 5382.780 5295.710 5208.376 5120.775 5032.902 4944.752 4856.319 4767.601 4678.595 4589.303 4499.723 4409.854 4319.690 4229.224 4138.441 4047.325 3955.858 3864.019 3771.794 3679.167 3586.128 3492.667 3398.771 3304.428 3209.623 3114.340 3018.560 2922.261 2825.423 2728.020 2630.027 2531.417 2432.162 2332.237 2231.613 2130.264 2028.162 1925.275 1821.572 1717.020 1611.583 1505.225 1397.918 1289.662 1180.582 1071.193 962.788 857.745 -9999.000 -9999.000
-9999.000 -9999.000 9578.997 9483.637 9392.685 9305.717 9222.180 9141.466 9062.974 8986.154 8910.531 8835.709 8761.376 8687.285 8613.252 8539.136 8464.834 8390.274 8315.402 8240.182 8164.589 8088.610 8012.235 7935.460 7858.285 7780.712 7702.744 7624.387 7545.645 7466.524 7387.032 7307.174 7226.957 7146.388 7065.474 6984.219 6902.632 6820.717 6738.481 6655.930 6573.068 6489.902 6406.436 6322.674 6238.621 6154.279 6069.655 5984.752 5899.573 5814.120 5728.394 5642.395 5556.125 5469.586 5382.780 5295.710 5208.376 5120.775 5032.902 4944.752 4856.319 4767.601 4678.595 4589.303 4499.723 4409.854 4319.690 4229.224 4138.441 4047.325 3955.858 3864.019 3771.794 3679.167 3586.128 3492.667 3398.771 3304.428 3209.623 3114.340 3018.560 2922.261 2825.423 2728.020 2630.027 2531.417 2432.162 2332.237 2231.613 2130.264 2028.162 1925.275 1821.572 1717.020 1611.583 1505.225 1397.918 1289.662 1180.582 1071.193 962.788 857.745 -9999.000 -9999.000
-9999.000 -9999.000 9578.997 9483.637 9392.685 9305.717 9222.180 9141.466 9062.974 8986.154 8910.531 8835.709 8761.376 8687.285 8613.252 8539.136 8464.834 8390.274 8315.402 8240.182 8164.589 8088.610 8012.235 7935.460 7858.285 7780.712 7702.744 7624.387 7545.645 7466.524 7387.032 7307.174 7226.957 7146.388 7065.474 6984.219 6902.632 6820.717 6738.481 6655.930 6573.068 6489.902 6406.436 6322.674 6238.621 6154.279 6069.655 5984.752 5899.573 5814.120 5728.394 5642.395 5556.125 5469.586 5382.780 5295.710 5208.376 5120.775 5032.902 4944.752 4856.319 4767.601 4678.595 4589.303 4499.723 4409.854 4319.690 4229.224 4138.441 4047.325 3955.858 3864.019 3771.794 3679.167 3586.128 3492.667 3398.771 3304.428 3209.623 3114.340 3018.560 2922.261 2825.423 2728.020 2630.027 2531.417 2432.162 2332.237 2231.613 2130.264 2028.162 1925.275 1821.572 1717.020 1611.583 1505.225 1397.918 1289.662 1180.582 1071.193 962.788 857.745 -9999.000 -9999.000
-9999.000 -9999.000 9578.997 9483.637 9392.685 9305.717 9222.180 9141.466 9062.974 8986.154 8910.531 8835.709 8761.376 8687.285 8613.252 8539.136 8464.834 8390.274 8315.402 8240.182 8164.589 8088.610 8012.235 7935.460 7858.285 7780.712 7702.744 7624.387 7545.645 7466.524 7387.032 7307.174 7226.957 7146.388 7065.474 6984.219 6902.632 6820.717 6738.481 6655.930 6573.068 6489.902 6406.436 6322.674 6238.621 6154.279 6069.655 5984.752 5899.573 5814.120 5728.394 5642.395 5556.125 5469.586 5382.780 5295.710 5208.376 5120.775 5032.902 4944.752 4856.319 4767.601 4678.595 4589.303 4499.723 4409.854 4319.690 4229.224 4138.441 4047.325 3955.858 3864.019 3771.794 3679.167 3586.128 3492.667 3398.771 3304.428 3209.623 3114.340 3018.560 2922.261 2825.423 2728.020 2630.027 2531.417 2432.162 2332.237 2231.613 2130.264 2028.162 1925.275 1821.572 1717.020 1611.583 1505.225 1397.918 1289.662 1180.582 1071.193 962.788 857.745 -9999.000 -9999.000
-9999.000 -9999.000 9578.997 9483.637 9392.685 9305.717 9222.180 9141.466 9062.974 8986.154 8910.531 8835.709 8761.376 8687.285 8613.252 8539.136 8464.834 8390.274 8315.402 8240.182 8164.589 8088.610 8012.235 7935.460 7858.285 7780.712 7702.744 7624.387 7545.645 7466.524 7387.032 7307.174 7226.957 7146.388 7065.474 6984.219 6902.632 6820.717 6738.481 6655.930 6573.068 6489.902 6406.436 6322.674 6238.621 6154.279 6069.655 5984.752 5899.573 5814.120 5728.394 5642.395 5556.125 5469.586 5382.780 5295.710 5208.376 5120.775 5032.902 4944.752 4856.319 4767.601 4678.595 4589.303 4499.723 4409.854 4319.690 4229.224 4138.441 4047.325 3955.858 3864.019 3771.794 3679.167 3586.128 3492.667 3398.771 3304.428 3209.623 3114.340 3018.560 2922.261 2825.423 2728.020 2630.027 2531.417 2432.162 2332.237 2231.613 2130.264 2028.162 1925.275 1821.572 1717.020 1611.583 1505.225 1397.918 1289.662 1180.582 1071.193 962.788 857.745 -9999.000 -9999.000
-9999.000 -9999.000 9578.997 9483.637 9392.685 9305.717 9222.180 9141.466 9062.974 8986.154 8910.531 8835.709 8761.376 8687.285 8613.252 8539.136 8464.834 8390.274 8315.402 8240.182 8164.589 8088.610 8012.235 7935.460 7858.285 7780.712 7702.744 7624.387 7545.645 7466.524 7387.032 7307.174 7226.957 7146.388 7065.474 6984.219 6902.632 6820.717 6738.481 6655.930 6573.068 6489.902 6406.436 6322.674 6238.621 6154.279 6069.655 5984.752 5899.573 5814.120 5728.394 5642.395 5556.125 5469.586 5382.780 5295.710 5208.376 5120.775 5032.902 4944.752 4856.319 4767.601 4678.595 4589.303 4499.723 4409.854 4319.690 4229.224 4138.441 4047.325 3955.858 3864.019 3771.794 3679.167 3586.128 3492.667 3398.771 3304.428 3209.623 3114.340 3018.560 2922.261 2825.423 2728.020 2630.027 2531.417 2432.162 2332.237 2231.613 2130.264 2028.162 1925.275 1821.572 1717.020 1611.583 1505.225 1397.918 1289.662 1180.582 1071.193 962.788 857.745 -9999.000 -9999.000
-9999.000 -9999.000 -9999.000 -9999.000 -9999.000 -9999.000 -9999.000 -9999.000 -9999.000 -9999.000 -9999.000 -9999.000 -9999.000 -9999.000 -9999.000 -9999.000 -9999.000 -9999.000 -9999.000 -9999.000 -9999.000 -9999.000 -9999.000 -9999.000 -9999.000 -9999.000 -9999.000 -9999.000 -9999.000 -9999.000 -9999.000 -9999.000 -9999.000 -9999.000 -9999.000 -9999.000 -9999.000 -9999.000 -9999.000 -9999.000 -9999.000 -9999.000 -9999.000 -9999.000 -9999.000 -9999.000 -9999.000 -9999.000 -9999.000 -9999.000 -9999.000 -9999.000 -9999.000 -9999.000 -9999.000 -9999.000 -9999.000 -9999.000 -9999.000 -9999.000 -9999.000 -9999.000 -9999.000 -9999.000 -9999.000 -9999.000 -9999.000 -9999.000 -9999.000 -9999.000 -9999.000 -9999.000 -9999.000 -9999.000 -9999.000 -9999.000 -9999.000 -9999.000 -9999.000 -9999.000 -9999.000 -9999.000 -9999.000 -9999.000 -9999.000 -9999.000 -9999.000 -9999.000 -9999.000 -9999.000 -9999.000 -9999.000 -9999.000 -9999.000 -9999.000 -9999.000 -9999.000 -9999.000 -9999.000 -9999.000 -9999.000 -9999.000 -9999.000 -9999.000
-9999.000 -9999.000 -9999.000 -9999.000 -9999.000 -9999.000 -9999.000 -9999.000 -9999.000 -9999.000 -9999.000 -9999.000 -9999.000 -9999.000 -9999.000 -9999.000 -9999.000 -9999.000 -9999.000 -9999.000 -9999.000 -9999.000 -9999.000 -9999.000 -9999.000 -9999.000 -9999.000 -9999.000 -9999.000 -9999.000 -9999.000 -9999.000 -9999.000 -9999.000 -9999.000 -9999.000 -9999.000 -9999.000 -9999.000 -9999.000 -9999.000 -9999.000 -9999.000 -9999.000 -9999.000 -9999.000 -9999.000 -9999.000 -9999.000 -9999.000 -9999.000 -9999.000 -9999.000 -9999.000 -9999.000 -9999.000 -9999.000 -9999.000 -9999.000 -9999.000 -9999.000 -9999.000 -9999.000 -9999.000 -9999.000 -9999.000 -9999.000 -9999.000 -9999.000 -9999.000 -9999.000 -9999.000 -9999.000 -9999.000 -9999.000 -9999.000 -9999.000 -9999.000 -9999.000 -9999.000 -9999.000 -9999.000 -9999.000 -9999.000 -9999.000 -9999.000 -9999.000 -9999.000 -9999.000 -9999.000 -9999.000 -9999.000 -9999.000 -9999.000 -9999.000 -9999.000 -9999.000 -9999.000 -9999.000 -9999.000 -9999.000 -9999.000 -9999.000 -9999.000