examples/3D/hillslope01/output-maps-METEOIO-OFF/psiliqL0094N0003.asc
ncols         104
nrows         10
xllcorner     -2.000000
yllcorner     0.000000
cellsize      1.000000
NODATA_value  -9999.0
-9999.000 -9999.000 -9999.000 -9999.000 -9999.000 -9999.000 -9999.000 -9999.000 -9999.000 -9999.000 -9999.000 -9999.000 -9999.000 -9999.000 -9999.000 -9999.000 -9999.000 -9999.000 -9999.000 -9999.000 -9999.000 -9999.000 -9999.000 -9999.000 -9999.000 -9999.000 -9999.000 -9999.000 -9999.000 -9999.000 -9999.000 -9999.000 -9999.000 -9999.000 -9999.000 -9999.000 -9999.000 -9999.000 -9999.000 -9999.000 -9999.000 -9999.000 -9999.000 -9999.000 -9999.000 -9999.000 -9999.000 -9999.000 -9999.000 -9999.000 -9999.000 -9999.000 -9999.000 -9999.000 -9999.000 -9999.000 -9999.000 -9999.000 -9999.000 -9999.000 -9999.000 -9999.000 -9999.000 -9999.000 -9999.000 -9999.000 -9999.000 -9999.000 -9999.000 -9999.000 -9999.000 -9999.000 -9999.000 -9999.000 -9999.000 -9999.000 -9999.000 -9999.000 -9999.000 -9999.000 -9999.000 -9999.000 -9999.000 -9999.000 -9999.000 -9999.000 -9999.000 -9999.000 -9999.000 -9999.000 -9999.000 -9999.000 -9999.000 -9999.000 -9999.000 -9999.000 -9999.000 -9999.000 -9999.000 -9999.000 -9999.000 -9999.000 -9999.000 -9999.000
-9999.000 -9999.000 -9999.000 -9999.000 -9999.000 -9999.000 -9999.000 -9999.000 -9999.000 -9999.000 -9999.000 -9999.000 -9999.000 -9999.000 -9999.000 -9999.000 -9999.000 -9999.000 -9999.000 -9999.000 -9999.000 -9999.000 -9999.000 -9999.000 -9999.000 -9999.000 -9999.000 -9999.000 -9999.000 -9999.000 -9999.000 -9999.000 -9999.000 -9999.000 -9999.000 -9999.000 -9999.000 -9999.000 -9999.000 -9999.000 -9999.000 -9999.000 -9999.000 -9999.000 -9999.000 -9999.000 -9999.000 -9999.000 -9999.000 -9999.000 -9999.000 -9999.000 -9999.000 -9999.000 -9999.000 -9999.000 -9999.000 -9999.000 -9999.000 -9999.000 -9999.000 -9999.000 -9999.000 -9999.000 -9999.000 -9999.000 -9999.000 -9999.000 -9999.000 -9999.000 -9999.000 -9999.000 -9999.000 -9999.000 -9999.000 -9999.000 -9999.000 -9999.000 -9999.000 -9999.000 -9999.000 -9999.000 -9999.000 -9999.000 -9999.000 -9999.000 -9999.000 -9999.000 -9999.000 -9999.000 -9999.000 -9999.000 -9999.000 -9999.000 -9999.000 -9999.000 -9999.000 -9999.000 -9999.000 -9999.000 -9999.000 -9999.000 -9999.000 -9999.000
-9999.000 -9999.000 9611.690 9515.496 9422.937 9333.700 9247.384 9163.554 9081.786 9001.694 8922.946 8845.271 8768.449 8692.308 8616.714 8541.565 8466.784 8392.312 8318.106 8244.130 8170.361 8096.777 8023.365 7950.111 7877.005 7804.038 7731.204 7658.494 7585.902 7513.422 7441.048 7368.773 7296.592 7224.497 7152.483 7080.544 7008.673 6936.863 6865.107 6793.399 6721.732 6650.097 6578.489 6506.898 6435.319 6363.742 6292.161 6220.566 6148.950 6077.303 6005.617 5933.884 5862.093 5790.236 5718.303 5646.283 5574.169 5501.947 5429.609 5357.143 5284.538 5211.781 5138.862 5065.768 4992.487 4919.005 4845.309 4771.385 4697.220 4622.796 4548.100 4473.115 4397.824 4322.210 4246.252 4169.934 4093.235 4016.132 3938.601 3860.621 3782.169 3703.218 3623.736 3543.694 3463.061 3381.809 3299.902 3217.297 3133.948 3049.811 2964.841 2878.995 2792.218 2704.445 2615.605 2525.619 2434.405 2341.880 2247.955 2152.553 2055.615 1957.128 -9999.000 -9999.000
-9999.000 -9999.000 9611.690 9515.496 9422.937 9333.700 9247.384 9163.554 9081.786 9001.694 8922.946 8845.271 8768.449 8692.308 8616.714 8541.565 8466.784 8392.312 8318.106 8244.130 8170.361 8096.777 8023.365 7950.111 7877.005 7804.038 7731.204 7658.494 7585.902 7513.422 7441.048 7368.773 7296.592 7224.497 7152.483 7080.544 7008.673 6936.863 6865.107 6793.399 6721.732 6650.097 6578.489 6506.898 6435.319 6363.742 6292.161 6220.566 6148.950 6077.303 6005.617 5933.884 5862.093 5790.236 5718.303 5646.283 5574.169 5501.947 5429.609 5357.143 5284.538 5211.781 5138.862 5065.768 4992.487 4919.005 4845.309 4771.385 4697.220 4622.796 4548.100 4473.115 4397.824 4322.210 4246.252 4169.934 4093.235 4016.132 3938.601 3860.621 3782.169 3703.218 3623.736 3543.694 3463.061 3381.809 3299.902 3217.297 3133.948 3049.811 2964.841 2878.995 2792.218 2704.445 2615.605 2525.619 2434.405 2341.880 2247.955 2152.553 2055.615 1957.128 -9999.000 -9999.000
-9999.000 -9999.000 9611.690 9515.496 9422.937 9333.700 9247.384 9163.554 9081.786 9001.694 8922.946 8845.271 8768.449 8692.308 8616.714 8541.565 8466.784 8392.312 8318.106 8244.130 8170.361 8096.777 8023.365 7950.111 7877.005 7804.038 7731.204 7658.494 7585.902 7513.422 7441.048 7368.773 7296.592 7224.497 7152.483 7080.544 7008.673 6936.863 6865.107 6793.399 6721.732 6650.097 6578.489 6506.898 6435.319 6363.742 6292.161 6220.566 6148.950 6077.303 6005.617 5933.884 5862.093 5790.236 5718.303 5646.283 5574.169 5501.947 5429.609 5357.143 5284.538 5211.781 5138.862 5065.768 4992.487 4919.005 4845.309 4771.385 4697.220 4622.796 4548.100 4473.115 4397.824 4322.210 4246.252 4169.934 4093.235 4016.132 3938.601 3860.621 3782.169 3703.218 3623.736 3543.694 3463.061 3381.809 3299.902 3217.297 3133.948 3049.811 2964.841 2878.995 2792.218 2704.445 2615.605 2525.619 2434.405 2341.880 2247.955 2152.553 2055.615 1957.128 -9999.000 -9999.000
-9999.000 -9999.000 9611.690 9515.496 9422.937 9333.700 9247.384 9163.554 9081.786 9001.694 8922.946 8845.271 8768.449 8692.308 8616.714 8541.565 8466.784 8392.312 8318.106 8244.130 8170.361 8096.777 8023.365 7950.111 7877.005 7804.038 7731.204 7658.494 7585.902 7513.422 7441.048 7368.773 7296.592 7224.497 7152.483 7080.544 7008.673 6936.863 6865.107 6793.399 6721.732 6650.097 6578.489 6506.898 6435.319 6363.742 6292.161 6220.566 6148.950 6077.303 6005.617 5933.884 5862.093 5790.236 5718.303 5646.283 5574.169 5501.947 5429.609 5357.143 5284.538 5211.781 5138.862 5065.768 4992.487 4919.005 4845.309 4771.385 4697.220 4622.796 4548.100 4473.115 4397.824 4322.210 4246.252 4169.934 4093.235 4016.132 3938.601 3860.621 3782.169 3703.218 3623.736 3543.694 3463.061 3381.809 3299.902 3217.297 3133.948 3049.811 2964.841 2878.995 2792.218 2704.445 2615.605 2525.619 2434.405 2341.880 2247.955 2152.553 2055.615 1957.128 -9999.000 -9999.000
-9999.000 -9999.000 9611.690 9515.496 9422.937 9333.700 9247.384 9163.554 9081.786 9001.694 8922.946 8845.271 8768.449 8692.308 8616.714 8541.565 8466.784 8392.312 8318.106 8244.130 8170.361 8096.777 8023.365 7950.111 7877.005 7804.038 7731.204 7658.494 7585.902 7513.422 7441.048 7368.773 7296.592 7224.497 7152.483 7080.544 7008.673 6936.863 6865.107 6793.399 6721.732 6650.097 6578.489 6506.898 6435.319 6363.742 6292.161 6220.566 6148.950 6077.303 6005.617 5933.884 5862.093 5790.236 5718.303 5646.283 5574.169 5501.947 5429.609 5357.143 5284.538 5211.781 5138.862 5065.768 4992.487 4919.005 4845.309 4771.385 4697.220 4622.796 4548.100 4473.115 4397.824 4322.210 4246.252 4169.934 4093.235 4016.132 3938.601 3860.621 3782.169 3703.218 3623.736 3543.694 3463.061 3381.809 3299.902 3217.297 3133.948 3049.811 2964.841 2878.995 2792.218 2704.445 2615.605 2525.619 2434.405 2341.880 2247.955 2152.553 2055.615 1957.128 -9999.000 -9999.000
-9999.000 -9999.000 9611.690 9515.496 9422.937 9333.700 9247.384 9163.554 9081.786 9001.694 8922.946 8845.271 8768.449 8692.308 8616.714 8541.565 8466.784 8392.312 8318.106 8244.130 8170.361 8096.777 8023.365 7950.111 7877.005 7804.038 7731.204 7658.494 7585.902 7513.422 7441.048 7368.773 7296.592 7224.497 7152.483 7080.544 7008.673 6936.863 6865.107 6793.399 6721.732 6650.097 6578.489 6506.898 6435.319 6363.742 6292.161 6220.566 6148.950 6077.303 6005.617 5933.884 5862.093 5790.236 5718.303 5646.283 5574.169 5501.947 5429.609 5357.143 5284.538 5211.781 5138.862 5065.768 4992.487 4919.005 4845.309 4771.385 4697.220 4622.796 4548.100 4473.115 4397.824 4322.210 4246.252 4169.934 4093.235 4016.132 3938.601 3860.621 3782.169 3703.218 3623.736 3543.694 3463.061 3381.809 3299.902 3217.297 3133.948 3049.811 2964.841 2878.995 2792.218 2704.445 2615.605 2525.619 2434.405 2341.880 2247.955 2152.553 2055.615 1957.128 -9999.000 -9999.000
-9999.000 -9999.000 -9999.000 -9999.000 -9999.000 -9999.000 -9999.000 -9999.000 -9999.000 -9999.000 -9999.000 -9999.000 -9999.000 -9999.000 -9999.000 -9999.000 -9999.000 -9999.000 -9999.000 -9999.000 -9999.000 -9999.000 -9999.000 -9999.000 -9999.000 -9999.000 -9999.000 -9999.000 -9999.000 -9999.000 -9999.000 -9999.000 -9999.000 -9999.000 -9999.000 -9999.000 -9999.000 -9999.000 -9999.000 -9999.000 -9999.000 -9999.000 -9999.000 -9999.000 -9999.000 -9999.000 -9999.000 -9999.000 -9999.000 -9999.000 -9999.000 -9999.000 -9999.000 -9999.000 -9999.000 -9999.000 -9999.000 -9999.000 -9999.000 -9999.000 -9999.000 -9999.000 -9999.000 -9999.000 -9999.000 -9999.000 -9999.000 -9999.000 -9999.000 -9999.000 -9999.000 -9999.000 -9999.000 -9999.000 -9999.000 -9999.000 -9999.000 -9999.000 -9999.000 -9999.000 -9999.000 -9999.000 -9999.000 -9999.000 -9999.000 -9999.000 -9999.000 -9999.000 -9999.000 -9999.000 -9999.000 -9999.000 -9999.000 -9999.000 -9999.000 -9999.000 -9999.000 -9999.000 -9999.000 -9999.000 -9999.000 -9999.000 -9999.000 -9999.000
-9999.000 -9999.000 -9999.000 -9999.000 -9999.000 -9999.000 -9999.000 -9999.000 -9999.000 -9999.000 -9999.000 -9999.000 -9999.000 -9999.000 -9999.000 -9999.000 -9999.000 -9999.000 -9999.000 -9999.000 -9999.000 -9999.000 -9999.000 -9999.000 -9999.000 -9999.000 -9999.000 -9999.000 -9999.000 -9999.000 -9999.000 -9999.000 -9999.000 -9999.000 -9999.000 -9999.000 -9999.000 -9999.000 -9999.000 -9999.000 -9999.000 -9999.000 -9999.000 -9999.000 -9999.000 -9999.000 -9999.000 -9999.000 -9999.000 -9999.000 -9999.000 -9999.000 -9999.000 -9999.000 -9999.000 -9999.000 -9999.000 -9999.000 -9999.000 -9999.000 -9999.000 -9999.000 -9999.000 -9999.000 -9999.000 -9999.000 -9999.000 -9999.000 -9999.000 -9999.000 -9999.000 -9999.000 -9999.000 -9999.000 -9999.000 -9999.000 -9999.000 -9999.000 -9999.000 -9999.000 -9999.000 -9999.000 -9999.000 -9999.000 -9999.000 -9999.000 -9999.000 -9999.000 -9999.000 -9999.000 -9999.000 -9999.000 -9999.000 -9999.000 -9999.000 -9999.000 -9999.000 -9999.000 -9999.000 -9999.000 -9999.000 -9999.000 -9999.000 -9999.000