examples/3D/hillslope01/output-maps-METEOIO-OFF/psiliqL0017N0003.asc
ncols         104
nrows         10
xllcorner     -2.000000
yllcorner     0.000000
cellsize      1.000000
NODATA_value  -9999.0
-9999.000 -9999.000 -9999.000 -9999.000 -9999.000 -9999.000 -9999.000 -9999.000 -9999.000 -9999.000 -9999.000 -9999.000 -9999.000 -9999.000 -9999.000 -9999.000 -9999.000 -9999.000 -9999.000 -9999.000 -9999.000 -9999.000 -9999.000 -9999.000 -9999.000 -9999.000 -9999.000 -9999.000 -9999.000 -9999.000 -9999.000 -9999.000 -9999.000 -9999.000 -9999.000 -9999.000 -9999.000 -9999.000 -9999.000 -9999.000 -9999.000 -9999.000 -9999.000 -9999.000 -9999.000 -9999.000 -9999.000 -9999.000 -9999.000 -9999.000 -9999.000 -9999.000 -9999.000 -9999.000 -9999.000 -9999.000 -9999.000 -9999.000 -9999.000 -9999.000 -9999.000 -9999.000 -9999.000 -9999.000 -9999.000 -9999.000 -9999.000 -9999.000 -9999.000 -9999.000 -9999.000 -9999.000 -9999.000 -9999.000 -9999.000 -9999.000 -9999.000 -9999.000 -9999.000 -9999.000 -9999.000 -9999.000 -9999.000 -9999.000 -9999.000 -9999.000 -9999.000 -9999.000 -9999.000 -9999.000 -9999.000 -9999.000 -9999.000 -9999.000 -9999.000 -9999.000 -9999.000 -9999.000 -9999.000 -9999.000 -9999.000 -9999.000 -9999.000 -9999.000
-9999.000 -9999.000 -9999.000 -9999.000 -9999.000 -9999.000 -9999.000 -9999.000 -9999.000 -9999.000 -9999.000 -9999.000 -9999.000 -9999.000 -9999.000 -9999.000 -9999.000 -9999.000 -9999.000 -9999.000 -9999.000 -9999.000 -9999.000 -9999.000 -9999.000 -9999.000 -9999.000 -9999.000 -9999.000 -9999.000 -9999.000 -9999.000 -9999.000 -9999.000 -9999.000 -9999.000 -9999.000 -9999.000 -9999.000 -9999.000 -9999.000 -9999.000 -9999.000 -9999.000 -9999.000 -9999.000 -9999.000 -9999.000 -9999.000 -9999.000 -9999.000 -9999.000 -9999.000 -9999.000 -9999.000 -9999.000 -9999.000 -9999.000 -9999.000 -9999.000 -9999.000 -9999.000 -9999.000 -9999.000 -9999.000 -9999.000 -9999.000 -9999.000 -9999.000 -9999.000 -9999.000 -9999.000 -9999.000 -9999.000 -9999.000 -9999.000 -9999.000 -9999.000 -9999.000 -9999.000 -9999.000 -9999.000 -9999.000 -9999.000 -9999.000 -9999.000 -9999.000 -9999.000 -9999.000 -9999.000 -9999.000 -9999.000 -9999.000 -9999.000 -9999.000 -9999.000 -9999.000 -9999.000 -9999.000 -9999.000 -9999.000 -9999.000 -9999.000 -9999.000
-9999.000 -9999.000 1802.839 1731.175 1672.227 1612.984 1550.193 1484.034 1415.431 1345.118 1273.572 1201.201 1128.375 1055.236 981.832 908.313 834.801 761.272 687.666 614.203 540.928 467.727 394.422 321.443 248.690 175.965 103.084 30.679 -41.486 -113.520 -184.719 -254.076 -320.916 -384.184 -441.790 -492.794 -536.564 -572.653 -601.435 -623.831 -640.800 -653.352 -662.520 -669.120 -673.799 -677.096 -679.400 -680.993 -682.090 -682.841 -683.352 -683.696 -683.929 -684.084 -684.187 -684.255 -684.300 -684.329 -684.348 -684.360 -684.368 -684.373 -684.376 -684.378 -684.379 -684.380 -684.380 -684.380 -684.380 -684.380 -684.380 -684.379 -684.379 -684.379 -684.379 -684.378 -684.378 -684.378 -684.378 -684.377 -684.377 -684.377 -684.377 -684.377 -684.376 -684.376 -684.376 -684.376 -684.375 -684.375 -684.375 -684.375 -684.374 -684.374 -684.374 -684.374 -684.375 -684.386 -684.460 -684.943 -687.775 -703.156 -9999.000 -9999.000
-9999.000 -9999.000 1802.848 1731.179 1672.228 1612.985 1550.193 1484.035 1415.431 1345.118 1273.572 1201.201 1128.375 1055.236 981.832 908.313 834.801 761.272 687.666 614.203 540.928 467.727 394.422 321.443 248.690 175.965 103.084 30.679 -41.486 -113.520 -184.719 -254.076 -320.916 -384.184 -441.790 -492.794 -536.564 -572.653 -601.435 -623.831 -640.800 -653.352 -662.520 -669.120 -673.799 -677.096 -679.400 -680.993 -682.090 -682.841 -683.352 -683.696 -683.929 -684.084 -684.187 -684.255 -684.300 -684.329 -684.348 -684.360 -684.368 -684.373 -684.376 -684.378 -684.379 -684.380 -684.380 -684.380 -684.380 -684.380 -684.380 -684.379 -684.379 -684.379 -684.379 -684.378 -684.378 -684.378 -684.378 -684.377 -684.377 -684.377 -684.377 -684.377 -684.376 -684.376 -684.376 -684.376 -684.375 -684.375 -684.375 -684.375 -684.374 -684.374 -684.374 -684.374 -684.375 -684.386 -684.460 -684.943 -687.775 -703.156 -9999.000 -9999.000
-9999.000 -9999.000 1802.853 1731.181 1672.229 1612.985 1550.193 1484.035 1415.431 1345.118 1273.572 1201.201 1128.375 1055.236 981.832 908.313 834.801 761.272 687.666 614.203 540.928 467.727 394.422 321.443 248.690 175.965 103.084 30.679 -41.486 -113.520 -184.719 -254.076 -320.916 -384.184 -441.790 -492.794 -536.564 -572.653 -601.435 -623.831 -640.800 -653.352 -662.520 -669.120 -673.799 -677.096 -679.400 -680.993 -682.090 -682.841 -683.352 -683.696 -683.929 -684.084 -684.187 -684.255 -684.300 -684.329 -684.348 -684.360 -684.368 -684.373 -684.376 -684.378 -684.379 -684.380 -684.380 -684.380 -684.380 -684.380 -684.380 -684.379 -684.379 -684.379 -684.379 -684.378 -684.378 -684.378 -684.378 -684.377 -684.377 -684.377 -684.377 -684.377 -684.376 -684.376 -684.376 -684.376 -684.375 -684.375 -684.375 -684.375 -684.374 -684.374 -684.374 -684.374 -684.375 -684.386 -684.460 -684.943 -687.775 -703.156 -9999.000 -9999.000
-9999.000 -9999.000 1802.853 1731.181 1672.229 1612.985 1550.193 1484.035 1415.431 1345.118 1273.572 1201.201 1128.375 1055.236 981.832 908.313 834.801 761.272 687.666 614.203 540.928 467.727 394.422 321.443 248.690 175.965 103.084 30.679 -41.486 -113.520 -184.719 -254.076 -320.916 -384.184 -441.790 -492.794 -536.564 -572.653 -601.435 -623.831 -640.800 -653.352 -662.520 -669.120 -673.799 -677.096 -679.400 -680.993 -682.090 -682.841 -683.352 -683.696 -683.929 -684.084 -684.187 -684.255 -684.300 -684.329 -684.348 -684.360 -684.368 -684.373 -684.376 -684.378 -684.379 -684.380 -684.380 -684.380 -684.380 -684.380 -684.380 -684.379 -684.379 -684.379 -684.379 -684.378 -684.378 -684.378 -684.378 -684.377 -684.377 -684.377 -684.377 -684.377 -684.376 -684.376 -684.376 -684.376 -684.375 -684.375 -684.375 -684.375 -684.374 -684.374 -684.374 -684.374 -684.375 -684.386 -684.460 -684.943 -687.775 -703.156 -9999.000 -9999.000
-9999.000 -9999.000 1802.848 1731.179 1672.228 1612.985 1550.193 1484.035 1415.431 1345.118 1273.572 1201.201 1128.375 1055.236 981.832 908.313 834.801 761.272 687.666 614.203 540.928 467.727 394.422 321.443 248.690 175.965 103.084 30.679 -41.486 -113.520 -184.719 -254.076 -320.916 -384.184 -441.790 -492.794 -536.564 -572.653 -601.435 -623.831 -640.800 -653.352 -662.520 -669.120 -673.799 -677.096 -679.400 -680.993 -682.090 -682.841 -683.352 -683.696 -683.929 -684.084 -684.187 -684.255 -684.300 -684.329 -684.348 -684.360 -684.368 -684.373 -684.376 -684.378 -684.379 -684.380 -684.380 -684.380 -684.380 -684.380 -684.380 -684.379 -684.379 -684.379 -684.379 -684.378 -684.378 -684.378 -684.378 -684.377 -684.377 -684.377 -684.377 -684.377 -684.376 -684.376 -684.376 -684.376 -684.375 -684.375 -684.375 -684.375 -684.374 -684.374 -684.374 -684.374 -684.375 -684.386 -684.460 -684.943 -687.775 -703.156 -9999.000 -9999.000
-9999.000 -9999.000 1802.839 1731.175 1672.227 1612.984 1550.193 1484.034 1415.431 1345.118 1273.572 1201.201 1128.375 1055.236 981.832 908.313 834.801 761.272 687.666 614.203 540.928 467.727 394.422 321.443 248.690 175.965 103.084 30.679 -41.486 -113.520 -184.719 -254.076 -320.916 -384.184 -441.790 -492.794 -536.564 -572.653 -601.435 -623.831 -640.800 -653.352 -662.520 -669.120 -673.799 -677.096 -679.400 -680.993 -682.090 -682.841 -683.352 -683.696 -683.929 -684.084 -684.187 -684.255 -684.300 -684.329 -684.348 -684.360 -684.368 -684.373 -684.376 -684.378 -684.379 -684.380 -684.380 -684.380 -684.380 -684.380 -684.380 -684.379 -684.379 -684.379 -684.379 -684.378 -684.378 -684.378 -684.378 -684.377 -684.377 -684.377 -684.377 -684.377 -684.376 -684.376 -684.376 -684.376 -684.375 -684.375 -684.375 -684.375 -684.374 -684.374 -684.374 -684.374 -684.375 -684.386 -684.460 -684.943 -687.775 -703.156 -9999.000 -9999.000
-9999.000 -9999.000 -9999.000 -9999.000 -9999.000 -9999.000 -9999.000 -9999.000 -9999.000 -9999.000 -9999.000 -9999.000 -9999.000 -9999.000 -9999.000 -9999.000 -9999.000 -9999.000 -9999.000 -9999.000 -9999.000 -9999.000 -9999.000 -9999.000 -9999.000 -9999.000 -9999.000 -9999.000 -9999.000 -9999.000 -9999.000 -9999.000 -9999.000 -9999.000 -9999.000 -9999.000 -9999.000 -9999.000 -9999.000 -9999.000 -9999.000 -9999.000 -9999.000 -9999.000 -9999.000 -9999.000 -9999.000 -9999.000 -9999.000 -9999.000 -9999.000 -9999.000 -9999.000 -9999.000 -9999.000 -9999.000 -9999.000 -9999.000 -9999.000 -9999.000 -9999.000 -9999.000 -9999.000 -9999.000 -9999.000 -9999.000 -9999.000 -9999.000 -9999.000 -9999.000 -9999.000 -9999.000 -9999.000 -9999.000 -9999.000 -9999.000 -9999.000 -9999.000 -9999.000 -9999.000 -9999.000 -9999.000 -9999.000 -9999.000 -9999.000 -9999.000 -9999.000 -9999.000 -9999.000 -9999.000 -9999.000 -9999.000 -9999.000 -9999.000 -9999.000 -9999.000 -9999.000 -9999.000 -9999.000 -9999.000 -9999.000 -9999.000 -9999.000 -9999.000
-9999.000 -9999.000 -9999.000 -9999.000 -9999.000 -9999.000 -9999.000 -9999.000 -9999.000 -9999.000 -9999.000 -9999.000 -9999.000 -9999.000 -9999.000 -9999.000 -9999.000 -9999.000 -9999.000 -9999.000 -9999.000 -9999.000 -9999.000 -9999.000 -9999.000 -9999.000 -9999.000 -9999.000 -9999.000 -9999.000 -9999.000 -9999.000 -9999.000 -9999.000 -9999.000 -9999.000 -9999.000 -9999.000 -9999.000 -9999.000 -9999.000 -9999.000 -9999.000 -9999.000 -9999.000 -9999.000 -9999.000 -9999.000 -9999.000 -9999.000 -9999.000 -9999.000 -9999.000 -9999.000 -9999.000 -9999.000 -9999.000 -9999.000 -9999.000 -9999.000 -9999.000 -9999.000 -9999.000 -9999.000 -9999.000 -9999.000 -9999.000 -9999.000 -9999.000 -9999.000 -9999.000 -9999.000 -9999.000 -9999.000 -9999.000 -9999.000 -9999.000 -9999.000 -9999.000 -9999.000 -9999.000 -9999.000 -9999.000 -9999.000 -9999.000 -9999.000 -9999.000 -9999.000 -9999.000 -9999.000 -9999.000 -9999.000 -9999.000 -9999.000 -9999.000 -9999.000 -9999.000 -9999.000 -9999.000 -9999.000 -9999.000 -9999.000 -9999.000 -9999.000