examples/3D/hillslope01/output-maps-METEOIO-OFF/psiliqL0064N0003.asc
ncols         104
nrows         10
xllcorner     -2.000000
yllcorner     0.000000
cellsize      1.000000
NODATA_value  -9999.0
-9999.000 -9999.000 -9999.000 -9999.000 -9999.000 -9999.000 -9999.000 -9999.000 -9999.000 -9999.000 -9999.000 -9999.000 -9999.000 -9999.000 -9999.000 -9999.000 -9999.000 -9999.000 -9999.000 -9999.000 -9999.000 -9999.000 -9999.000 -9999.000 -9999.000 -9999.000 -9999.000 -9999.000 -9999.000 -9999.000 -9999.000 -9999.000 -9999.000 -9999.000 -9999.000 -9999.000 -9999.000 -9999.000 -9999.000 -9999.000 -9999.000 -9999.000 -9999.000 -9999.000 -9999.000 -9999.000 -9999.000 -9999.000 -9999.000 -9999.000 -9999.000 -9999.000 -9999.000 -9999.000 -9999.000 -9999.000 -9999.000 -9999.000 -9999.000 -9999.000 -9999.000 -9999.000 -9999.000 -9999.000 -9999.000 -9999.000 -9999.000 -9999.000 -9999.000 -9999.000 -9999.000 -9999.000 -9999.000 -9999.000 -9999.000 -9999.000 -9999.000 -9999.000 -9999.000 -9999.000 -9999.000 -9999.000 -9999.000 -9999.000 -9999.000 -9999.000 -9999.000 -9999.000 -9999.000 -9999.000 -9999.000 -9999.000 -9999.000 -9999.000 -9999.000 -9999.000 -9999.000 -9999.000 -9999.000 -9999.000 -9999.000 -9999.000 -9999.000 -9999.000
-9999.000 -9999.000 -9999.000 -9999.000 -9999.000 -9999.000 -9999.000 -9999.000 -9999.000 -9999.000 -9999.000 -9999.000 -9999.000 -9999.000 -9999.000 -9999.000 -9999.000 -9999.000 -9999.000 -9999.000 -9999.000 -9999.000 -9999.000 -9999.000 -9999.000 -9999.000 -9999.000 -9999.000 -9999.000 -9999.000 -9999.000 -9999.000 -9999.000 -9999.000 -9999.000 -9999.000 -9999.000 -9999.000 -9999.000 -9999.000 -9999.000 -9999.000 -9999.000 -9999.000 -9999.000 -9999.000 -9999.000 -9999.000 -9999.000 -9999.000 -9999.000 -9999.000 -9999.000 -9999.000 -9999.000 -9999.000 -9999.000 -9999.000 -9999.000 -9999.000 -9999.000 -9999.000 -9999.000 -9999.000 -9999.000 -9999.000 -9999.000 -9999.000 -9999.000 -9999.000 -9999.000 -9999.000 -9999.000 -9999.000 -9999.000 -9999.000 -9999.000 -9999.000 -9999.000 -9999.000 -9999.000 -9999.000 -9999.000 -9999.000 -9999.000 -9999.000 -9999.000 -9999.000 -9999.000 -9999.000 -9999.000 -9999.000 -9999.000 -9999.000 -9999.000 -9999.000 -9999.000 -9999.000 -9999.000 -9999.000 -9999.000 -9999.000 -9999.000 -9999.000
-9999.000 -9999.000 6616.138 6521.247 6431.005 6344.659 6261.381 6180.420 6101.176 6023.197 5946.158 5869.831 5794.054 5718.713 5643.727 5569.038 5494.603 5420.393 5346.383 5272.558 5198.904 5125.412 5052.073 4978.880 4905.826 4832.907 4760.115 4687.446 4614.895 4542.454 4470.118 4397.882 4325.740 4253.685 4181.712 4109.814 4037.985 3966.217 3894.506 3822.844 3751.222 3679.634 3608.074 3536.532 3465.000 3393.474 3321.946 3250.405 3178.842 3107.253 3035.624 2963.945 2892.214 2820.421 2748.549 2676.590 2604.543 2532.394 2460.122 2387.724 2315.198 2242.520 2169.669 2096.654 2023.467 1950.071 1876.445 1802.615 1728.563 1654.240 1579.618 1504.742 1429.590 1354.101 1278.231 1202.031 1125.498 1048.566 971.166 893.283 815.013 736.289 657.029 577.153 496.639 415.627 334.021 251.732 168.686 84.813 0.023 -84.446 -166.637 -242.448 -306.957 -356.981 -392.548 -416.189 -431.513 -442.642 -455.423 -482.586 -9999.000 -9999.000
-9999.000 -9999.000 6616.138 6521.247 6431.005 6344.659 6261.381 6180.420 6101.176 6023.197 5946.158 5869.831 5794.054 5718.713 5643.727 5569.038 5494.603 5420.393 5346.383 5272.558 5198.904 5125.412 5052.073 4978.880 4905.826 4832.907 4760.115 4687.446 4614.895 4542.454 4470.118 4397.882 4325.740 4253.685 4181.712 4109.814 4037.985 3966.217 3894.506 3822.844 3751.222 3679.634 3608.074 3536.532 3465.000 3393.474 3321.946 3250.405 3178.842 3107.253 3035.624 2963.945 2892.214 2820.421 2748.549 2676.590 2604.543 2532.394 2460.122 2387.724 2315.198 2242.520 2169.669 2096.654 2023.467 1950.071 1876.445 1802.615 1728.563 1654.240 1579.618 1504.742 1429.590 1354.101 1278.231 1202.031 1125.498 1048.566 971.166 893.283 815.013 736.289 657.029 577.153 496.639 415.627 334.021 251.732 168.686 84.813 0.023 -84.446 -166.637 -242.448 -306.957 -356.981 -392.548 -416.189 -431.513 -442.642 -455.423 -482.586 -9999.000 -9999.000
-9999.000 -9999.000 6616.138 6521.247 6431.005 6344.659 6261.381 6180.420 6101.176 6023.197 5946.158 5869.831 5794.054 5718.713 5643.727 5569.038 5494.603 5420.393 5346.383 5272.558 5198.904 5125.412 5052.073 4978.880 4905.826 4832.907 4760.115 4687.446 4614.895 4542.454 4470.118 4397.882 4325.740 4253.685 4181.712 4109.814 4037.985 3966.217 3894.506 3822.844 3751.222 3679.634 3608.074 3536.532 3465.000 3393.474 3321.946 3250.405 3178.842 3107.253 3035.624 2963.945 2892.214 2820.421 2748.549 2676.590 2604.543 2532.394 2460.122 2387.724 2315.198 2242.520 2169.669 2096.654 2023.467 1950.071 1876.445 1802.615 1728.563 1654.240 1579.618 1504.742 1429.590 1354.101 1278.231 1202.031 1125.498 1048.566 971.166 893.283 815.013 736.289 657.029 577.153 496.639 415.627 334.021 251.732 168.686 84.813 0.023 -84.446 -166.637 -242.448 -306.957 -356.981 -392.548 -416.189 -431.513 -442.642 -455.423 -482.586 -9999.000 -9999.000
-9999.000 -9999.000 6616.138 6521.247 6431.005 6344.659 6261.381 6180.420 6101.176 6023.197 5946.158 5869.831 5794.054 5718.713 5643.727 5569.038 5494.603 5420.393 5346.383 5272.558 5198.904 5125.412 5052.073 4978.880 4905.826 4832.907 4760.115 4687.446 4614.895 4542.454 4470.118 4397.882 4325.740 4253.685 4181.712 4109.814 4037.985 3966.217 3894.506 3822.844 3751.222 3679.634 3608.074 3536.532 3465.000 3393.474 3321.946 3250.405 3178.842 3107.253 3035.624 2963.945 2892.214 2820.421 2748.549 2676.590 2604.543 2532.394 2460.122 2387.724 2315.198 2242.520 2169.669 2096.654 2023.467 1950.071 1876.445 1802.615 1728.563 1654.240 1579.618 1504.742 1429.590 1354.101 1278.231 1202.031 1125.498 1048.566 971.166 893.283 815.013 736.289 657.029 577.153 496.639 415.627 334.021 251.732 168.686 84.813 0.023 -84.446 -166.637 -242.448 -306.957 -356.981 -392.548 -416.189 -431.513 -442.642 -455.423 -482.586 -9999.000 -9999.000
-9999.000 -9999.000 6616.138 6521.247 6431.005 6344.659 6261.381 6180.420 6101.176 6023.197 5946.158 5869.831 5794.054 5718.713 5643.727 5569.038 5494.603 5420.393 5346.383 5272.558 5198.904 5125.412 5052.073 4978.880 4905.826 4832.907 4760.115 4687.446 4614.895 4542.454 4470.118 4397.882 4325.740 4253.685 4181.712 4109.814 4037.985 3966.217 3894.506 3822.844 3751.222 3679.634 3608.074 3536.532 3465.000 3393.474 3321.946 3250.405 3178.842 3107.253 3035.624 2963.945 2892.214 2820.421 2748.549 2676.590 2604.543 2532.394 2460.122 2387.724 2315.198 2242.520 2169.669 2096.654 2023.467 1950.071 1876.445 1802.615 1728.563 1654.240 1579.618 1504.742 1429.590 1354.101 1278.231 1202.031 1125.498 1048.566 971.166 893.283 815.013 736.289 657.029 577.153 496.639 415.627 334.021 251.732 168.686 84.813 0.023 -84.446 -166.637 -242.448 -306.957 -356.981 -392.548 -416.189 -431.513 -442.642 -455.423 -482.586 -9999.000 -9999.000
-9999.000 -9999.000 6616.138 6521.247 6431.005 6344.659 6261.381 6180.420 6101.176 6023.197 5946.158 5869.831 5794.054 5718.713 5643.727 5569.038 5494.603 5420.393 5346.383 5272.558 5198.904 5125.412 5052.073 4978.880 4905.826 4832.907 4760.115 4687.446 4614.895 4542.454 4470.118 4397.882 4325.740 4253.685 4181.712 4109.814 4037.985 3966.217 3894.506 3822.844 3751.222 3679.634 3608.074 3536.532 3465.000 3393.474 3321.946 3250.405 3178.842 3107.253 3035.624 2963.945 2892.214 2820.421 2748.549 2676.590 2604.543 2532.394 2460.122 2387.724 2315.198 2242.520 2169.669 2096.654 2023.467 1950.071 1876.445 1802.615 1728.563 1654.240 1579.618 1504.742 1429.590 1354.101 1278.231 1202.031 1125.498 1048.566 971.166 893.283 815.013 736.289 657.029 577.153 496.639 415.627 334.021 251.732 168.686 84.813 0.023 -84.446 -166.637 -242.448 -306.957 -356.981 -392.548 -416.189 -431.513 -442.642 -455.423 -482.586 -9999.000 -9999.000
-9999.000 -9999.000 -9999.000 -9999.000 -9999.000 -9999.000 -9999.000 -9999.000 -9999.000 -9999.000 -9999.000 -9999.000 -9999.000 -9999.000 -9999.000 -9999.000 -9999.000 -9999.000 -9999.000 -9999.000 -9999.000 -9999.000 -9999.000 -9999.000 -9999.000 -9999.000 -9999.000 -9999.000 -9999.000 -9999.000 -9999.000 -9999.000 -9999.000 -9999.000 -9999.000 -9999.000 -9999.000 -9999.000 -9999.000 -9999.000 -9999.000 -9999.000 -9999.000 -9999.000 -9999.000 -9999.000 -9999.000 -9999.000 -9999.000 -9999.000 -9999.000 -9999.000 -9999.000 -9999.000 -9999.000 -9999.000 -9999.000 -9999.000 -9999.000 -9999.000 -9999.000 -9999.000 -9999.000 -9999.000 -9999.000 -9999.000 -9999.000 -9999.000 -9999.000 -9999.000 -9999.000 -9999.000 -9999.000 -9999.000 -9999.000 -9999.000 -9999.000 -9999.000 -9999.000 -9999.000 -9999.000 -9999.000 -9999.000 -9999.000 -9999.000 -9999.000 -9999.000 -9999.000 -9999.000 -9999.000 -9999.000 -9999.000 -9999.000 -9999.000 -9999.000 -9999.000 -9999.000 -9999.000 -9999.000 -9999.000 -9999.000 -9999.000 -9999.000 -9999.000
-9999.000 -9999.000 -9999.000 -9999.000 -9999.000 -9999.000 -9999.000 -9999.000 -9999.000 -9999.000 -9999.000 -9999.000 -9999.000 -9999.000 -9999.000 -9999.000 -9999.000 -9999.000 -9999.000 -9999.000 -9999.000 -9999.000 -9999.000 -9999.000 -9999.000 -9999.000 -9999.000 -9999.000 -9999.000 -9999.000 -9999.000 -9999.000 -9999.000 -9999.000 -9999.000 -9999.000 -9999.000 -9999.000 -9999.000 -9999.000 -9999.000 -9999.000 -9999.000 -9999.000 -9999.000 -9999.000 -9999.000 -9999.000 -9999.000 -9999.000 -9999.000 -9999.000 -9999.000 -9999.000 -9999.000 -9999.000 -9999.000 -9999.000 -9999.000 -9999.000 -9999.000 -9999.000 -9999.000 -9999.000 -9999.000 -9999.000 -9999.000 -9999.000 -9999.000 -9999.000 -9999.000 -9999.000 -9999.000 -9999.000 -9999.000 -9999.000 -9999.000 -9999.000 -9999.000 -9999.000 -9999.000 -9999.000 -9999.000 -9999.000 -9999.000 -9999.000 -9999.000 -9999.000 -9999.000 -9999.000 -9999.000 -9999.000 -9999.000 -9999.000 -9999.000 -9999.000 -9999.000 -9999.000 -9999.000 -9999.000 -9999.000 -9999.000 -9999.000 -9999.000