examples/3D/hillslope01/output-maps-METEOIO-OFF/psiliqL0096N0002.asc
ncols         104
nrows         10
xllcorner     -2.000000
yllcorner     0.000000
cellsize      1.000000
NODATA_value  -9999.0
-9999.000 -9999.000 -9999.000 -9999.000 -9999.000 -9999.000 -9999.000 -9999.000 -9999.000 -9999.000 -9999.000 -9999.000 -9999.000 -9999.000 -9999.000 -9999.000 -9999.000 -9999.000 -9999.000 -9999.000 -9999.000 -9999.000 -9999.000 -9999.000 -9999.000 -9999.000 -9999.000 -9999.000 -9999.000 -9999.000 -9999.000 -9999.000 -9999.000 -9999.000 -9999.000 -9999.000 -9999.000 -9999.000 -9999.000 -9999.000 -9999.000 -9999.000 -9999.000 -9999.000 -9999.000 -9999.000 -9999.000 -9999.000 -9999.000 -9999.000 -9999.000 -9999.000 -9999.000 -9999.000 -9999.000 -9999.000 -9999.000 -9999.000 -9999.000 -9999.000 -9999.000 -9999.000 -9999.000 -9999.000 -9999.000 -9999.000 -9999.000 -9999.000 -9999.000 -9999.000 -9999.000 -9999.000 -9999.000 -9999.000 -9999.000 -9999.000 -9999.000 -9999.000 -9999.000 -9999.000 -9999.000 -9999.000 -9999.000 -9999.000 -9999.000 -9999.000 -9999.000 -9999.000 -9999.000 -9999.000 -9999.000 -9999.000 -9999.000 -9999.000 -9999.000 -9999.000 -9999.000 -9999.000 -9999.000 -9999.000 -9999.000 -9999.000 -9999.000 -9999.000
-9999.000 -9999.000 -9999.000 -9999.000 -9999.000 -9999.000 -9999.000 -9999.000 -9999.000 -9999.000 -9999.000 -9999.000 -9999.000 -9999.000 -9999.000 -9999.000 -9999.000 -9999.000 -9999.000 -9999.000 -9999.000 -9999.000 -9999.000 -9999.000 -9999.000 -9999.000 -9999.000 -9999.000 -9999.000 -9999.000 -9999.000 -9999.000 -9999.000 -9999.000 -9999.000 -9999.000 -9999.000 -9999.000 -9999.000 -9999.000 -9999.000 -9999.000 -9999.000 -9999.000 -9999.000 -9999.000 -9999.000 -9999.000 -9999.000 -9999.000 -9999.000 -9999.000 -9999.000 -9999.000 -9999.000 -9999.000 -9999.000 -9999.000 -9999.000 -9999.000 -9999.000 -9999.000 -9999.000 -9999.000 -9999.000 -9999.000 -9999.000 -9999.000 -9999.000 -9999.000 -9999.000 -9999.000 -9999.000 -9999.000 -9999.000 -9999.000 -9999.000 -9999.000 -9999.000 -9999.000 -9999.000 -9999.000 -9999.000 -9999.000 -9999.000 -9999.000 -9999.000 -9999.000 -9999.000 -9999.000 -9999.000 -9999.000 -9999.000 -9999.000 -9999.000 -9999.000 -9999.000 -9999.000 -9999.000 -9999.000 -9999.000 -9999.000 -9999.000 -9999.000
-9999.000 -9999.000 9876.841 9781.441 9690.416 9603.353 9519.710 9438.891 9360.303 9283.399 9207.706 9132.828 9058.451 8984.327 8910.268 8836.133 8761.819 8687.249 8612.370 8537.145 8461.551 8385.570 8309.194 8232.419 8155.244 8077.672 7999.705 7921.348 7842.607 7763.488 7683.997 7604.140 7523.924 7443.356 7362.443 7281.190 7199.604 7117.690 7035.455 6952.904 6870.044 6786.879 6703.413 6619.652 6535.599 6451.259 6366.635 6281.733 6196.554 6111.101 6025.375 5939.376 5853.107 5766.568 5679.763 5592.693 5505.358 5417.756 5329.882 5241.732 5153.298 5064.579 4975.574 4886.281 4796.701 4706.831 4616.666 4526.197 4435.411 4344.292 4252.822 4160.980 4068.752 3976.123 3883.083 3789.619 3695.721 3601.376 3506.568 3411.281 3315.497 3219.195 3122.352 3024.945 2926.947 2828.332 2729.073 2629.142 2528.514 2427.160 2325.052 2222.160 2118.451 2013.892 1908.449 1802.088 1694.785 1586.560 1477.584 1368.427 1260.391 1155.612 -9999.000 -9999.000
-9999.000 -9999.000 9876.841 9781.441 9690.416 9603.353 9519.710 9438.891 9360.303 9283.399 9207.706 9132.828 9058.451 8984.327 8910.268 8836.133 8761.819 8687.249 8612.370 8537.145 8461.551 8385.570 8309.194 8232.419 8155.244 8077.672 7999.705 7921.348 7842.607 7763.488 7683.997 7604.140 7523.924 7443.356 7362.443 7281.190 7199.604 7117.690 7035.455 6952.904 6870.044 6786.879 6703.413 6619.652 6535.599 6451.259 6366.635 6281.733 6196.554 6111.101 6025.375 5939.376 5853.107 5766.568 5679.763 5592.693 5505.358 5417.756 5329.882 5241.732 5153.298 5064.579 4975.574 4886.281 4796.701 4706.831 4616.666 4526.197 4435.411 4344.292 4252.822 4160.980 4068.752 3976.123 3883.083 3789.619 3695.721 3601.376 3506.568 3411.281 3315.497 3219.195 3122.352 3024.945 2926.947 2828.332 2729.073 2629.142 2528.514 2427.160 2325.052 2222.160 2118.451 2013.892 1908.449 1802.088 1694.785 1586.560 1477.584 1368.427 1260.391 1155.612 -9999.000 -9999.000
-9999.000 -9999.000 9876.841 9781.441 9690.416 9603.353 9519.710 9438.891 9360.303 9283.399 9207.706 9132.828 9058.451 8984.327 8910.268 8836.133 8761.819 8687.249 8612.370 8537.145 8461.551 8385.570 8309.194 8232.419 8155.244 8077.672 7999.705 7921.348 7842.607 7763.488 7683.997 7604.140 7523.924 7443.356 7362.443 7281.190 7199.604 7117.690 7035.455 6952.904 6870.044 6786.879 6703.413 6619.652 6535.599 6451.259 6366.635 6281.733 6196.554 6111.101 6025.375 5939.376 5853.107 5766.568 5679.763 5592.693 5505.358 5417.756 5329.882 5241.732 5153.298 5064.579 4975.574 4886.281 4796.701 4706.831 4616.666 4526.197 4435.411 4344.292 4252.822 4160.980 4068.752 3976.123 3883.083 3789.619 3695.721 3601.376 3506.568 3411.281 3315.497 3219.195 3122.352 3024.945 2926.947 2828.332 2729.073 2629.142 2528.514 2427.160 2325.052 2222.160 2118.451 2013.892 1908.449 1802.088 1694.785 1586.560 1477.584 1368.427 1260.391 1155.612 -9999.000 -9999.000
-9999.000 -9999.000 9876.841 9781.441 9690.416 9603.353 9519.710 9438.891 9360.303 9283.399 9207.706 9132.828 9058.451 8984.327 8910.268 8836.133 8761.819 8687.249 8612.370 8537.145 8461.551 8385.570 8309.194 8232.419 8155.244 8077.672 7999.705 7921.348 7842.607 7763.488 7683.997 7604.140 7523.924 7443.356 7362.443 7281.190 7199.604 7117.690 7035.455 6952.904 6870.044 6786.879 6703.413 6619.652 6535.599 6451.259 6366.635 6281.733 6196.554 6111.101 6025.375 5939.376 5853.107 5766.568 5679.763 5592.693 5505.358 5417.756 5329.882 5241.732 5153.298 5064.579 4975.574 4886.281 4796.701 4706.831 4616.666 4526.197 4435.411 4344.292 4252.822 4160.980 4068.752 3976.123 3883.083 3789.619 3695.721 3601.376 3506.568 3411.281 3315.497 3219.195 3122.352 3024.945 2926.947 2828.332 2729.073 2629.142 2528.514 2427.160 2325.052 2222.160 2118.451 2013.892 1908.449 1802.088 1694.785 1586.560 1477.584 1368.427 1260.391 1155.612 -9999.000 -9999.000
-9999.000 -9999.000 9876.841 9781.441 9690.416 9603.353 9519.710 9438.891 9360.303 9283.399 9207.706 9132.828 9058.451 8984.327 8910.268 8836.133 8761.819 8687.249 8612.370 8537.145 8461.551 8385.570 8309.194 8232.419 8155.244 8077.672 7999.705 7921.348 7842.607 7763.488 7683.997 7604.140 7523.924 7443.356 7362.443 7281.190 7199.604 7117.690 7035.455 6952.904 6870.044 6786.879 6703.413 6619.652 6535.599 6451.259 6366.635 6281.733 6196.554 6111.101 6025.375 5939.376 5853.107 5766.568 5679.763 5592.693 5505.358 5417.756 5329.882 5241.732 5153.298 5064.579 4975.574 4886.281 4796.701 4706.831 4616.666 4526.197 4435.411 4344.292 4252.822 4160.980 4068.752 3976.123 3883.083 3789.619 3695.721 3601.376 3506.568 3411.281 3315.497 3219.195 3122.352 3024.945 2926.947 2828.332 2729.073 2629.142 2528.514 2427.160 2325.052 2222.160 2118.451 2013.892 1908.449 1802.088 1694.785 1586.560 1477.584 1368.427 1260.391 1155.612 -9999.000 -9999.000
-9999.000 -9999.000 9876.841 9781.441 9690.416 9603.353 9519.710 9438.891 9360.303 9283.399 9207.706 9132.828 9058.451 8984.327 8910.268 8836.133 8761.819 8687.249 8612.370 8537.145 8461.551 8385.570 8309.194 8232.419 8155.244 8077.672 7999.705 7921.348 7842.607 7763.488 7683.997 7604.140 7523.924 7443.356 7362.443 7281.190 7199.604 7117.690 7035.455 6952.904 6870.044 6786.879 6703.413 6619.652 6535.599 6451.259 6366.635 6281.733 6196.554 6111.101 6025.375 5939.376 5853.107 5766.568 5679.763 5592.693 5505.358 5417.756 5329.882 5241.732 5153.298 5064.579 4975.574 4886.281 4796.701 4706.831 4616.666 4526.197 4435.411 4344.292 4252.822 4160.980 4068.752 3976.123 3883.083 3789.619 3695.721 3601.376 3506.568 3411.281 3315.497 3219.195 3122.352 3024.945 2926.947 2828.332 2729.073 2629.142 2528.514 2427.160 2325.052 2222.160 2118.451 2013.892 1908.449 1802.088 1694.785 1586.560 1477.584 1368.427 1260.391 1155.612 -9999.000 -9999.000
-9999.000 -9999.000 -9999.000 -9999.000 -9999.000 -9999.000 -9999.000 -9999.000 -9999.000 -9999.000 -9999.000 -9999.000 -9999.000 -9999.000 -9999.000 -9999.000 -9999.000 -9999.000 -9999.000 -9999.000 -9999.000 -9999.000 -9999.000 -9999.000 -9999.000 -9999.000 -9999.000 -9999.000 -9999.000 -9999.000 -9999.000 -9999.000 -9999.000 -9999.000 -9999.000 -9999.000 -9999.000 -9999.000 -9999.000 -9999.000 -9999.000 -9999.000 -9999.000 -9999.000 -9999.000 -9999.000 -9999.000 -9999.000 -9999.000 -9999.000 -9999.000 -9999.000 -9999.000 -9999.000 -9999.000 -9999.000 -9999.000 -9999.000 -9999.000 -9999.000 -9999.000 -9999.000 -9999.000 -9999.000 -9999.000 -9999.000 -9999.000 -9999.000 -9999.000 -9999.000 -9999.000 -9999.000 -9999.000 -9999.000 -9999.000 -9999.000 -9999.000 -9999.000 -9999.000 -9999.000 -9999.000 -9999.000 -9999.000 -9999.000 -9999.000 -9999.000 -9999.000 -9999.000 -9999.000 -9999.000 -9999.000 -9999.000 -9999.000 -9999.000 -9999.000 -9999.000 -9999.000 -9999.000 -9999.000 -9999.000 -9999.000 -9999.000 -9999.000 -9999.000
-9999.000 -9999.000 -9999.000 -9999.000 -9999.000 -9999.000 -9999.000 -9999.000 -9999.000 -9999.000 -9999.000 -9999.000 -9999.000 -9999.000 -9999.000 -9999.000 -9999.000 -9999.000 -9999.000 -9999.000 -9999.000 -9999.000 -9999.000 -9999.000 -9999.000 -9999.000 -9999.000 -9999.000 -9999.000 -9999.000 -9999.000 -9999.000 -9999.000 -9999.000 -9999.000 -9999.000 -9999.000 -9999.000 -9999.000 -9999.000 -9999.000 -9999.000 -9999.000 -9999.000 -9999.000 -9999.000 -9999.000 -9999.000 -9999.000 -9999.000 -9999.000 -9999.000 -9999.000 -9999.000 -9999.000 -9999.000 -9999.000 -9999.000 -9999.000 -9999.000 -9999.000 -9999.000 -9999.000 -9999.000 -9999.000 -9999.000 -9999.000 -9999.000 -9999.000 -9999.000 -9999.000 -9999.000 -9999.000 -9999.000 -9999.000 -9999.000 -9999.000 -9999.000 -9999.000 -9999.000 -9999.000 -9999.000 -9999.000 -9999.000 -9999.000 -9999.000 -9999.000 -9999.000 -9999.000 -9999.000 -9999.000 -9999.000 -9999.000 -9999.000 -9999.000 -9999.000 -9999.000 -9999.000 -9999.000 -9999.000 -9999.000 -9999.000 -9999.000 -9999.000