examples/3D/hillslope01/output-maps-METEOIO-OFF/psiliqL0049N0002.asc
ncols         104
nrows         10
xllcorner     -2.000000
yllcorner     0.000000
cellsize      1.000000
NODATA_value  -9999.0
-9999.000 -9999.000 -9999.000 -9999.000 -9999.000 -9999.000 -9999.000 -9999.000 -9999.000 -9999.000 -9999.000 -9999.000 -9999.000 -9999.000 -9999.000 -9999.000 -9999.000 -9999.000 -9999.000 -9999.000 -9999.000 -9999.000 -9999.000 -9999.000 -9999.000 -9999.000 -9999.000 -9999.000 -9999.000 -9999.000 -9999.000 -9999.000 -9999.000 -9999.000 -9999.000 -9999.000 -9999.000 -9999.000 -9999.000 -9999.000 -9999.000 -9999.000 -9999.000 -9999.000 -9999.000 -9999.000 -9999.000 -9999.000 -9999.000 -9999.000 -9999.000 -9999.000 -9999.000 -9999.000 -9999.000 -9999.000 -9999.000 -9999.000 -9999.000 -9999.000 -9999.000 -9999.000 -9999.000 -9999.000 -9999.000 -9999.000 -9999.000 -9999.000 -9999.000 -9999.000 -9999.000 -9999.000 -9999.000 -9999.000 -9999.000 -9999.000 -9999.000 -9999.000 -9999.000 -9999.000 -9999.000 -9999.000 -9999.000 -9999.000 -9999.000 -9999.000 -9999.000 -9999.000 -9999.000 -9999.000 -9999.000 -9999.000 -9999.000 -9999.000 -9999.000 -9999.000 -9999.000 -9999.000 -9999.000 -9999.000 -9999.000 -9999.000 -9999.000 -9999.000
-9999.000 -9999.000 -9999.000 -9999.000 -9999.000 -9999.000 -9999.000 -9999.000 -9999.000 -9999.000 -9999.000 -9999.000 -9999.000 -9999.000 -9999.000 -9999.000 -9999.000 -9999.000 -9999.000 -9999.000 -9999.000 -9999.000 -9999.000 -9999.000 -9999.000 -9999.000 -9999.000 -9999.000 -9999.000 -9999.000 -9999.000 -9999.000 -9999.000 -9999.000 -9999.000 -9999.000 -9999.000 -9999.000 -9999.000 -9999.000 -9999.000 -9999.000 -9999.000 -9999.000 -9999.000 -9999.000 -9999.000 -9999.000 -9999.000 -9999.000 -9999.000 -9999.000 -9999.000 -9999.000 -9999.000 -9999.000 -9999.000 -9999.000 -9999.000 -9999.000 -9999.000 -9999.000 -9999.000 -9999.000 -9999.000 -9999.000 -9999.000 -9999.000 -9999.000 -9999.000 -9999.000 -9999.000 -9999.000 -9999.000 -9999.000 -9999.000 -9999.000 -9999.000 -9999.000 -9999.000 -9999.000 -9999.000 -9999.000 -9999.000 -9999.000 -9999.000 -9999.000 -9999.000 -9999.000 -9999.000 -9999.000 -9999.000 -9999.000 -9999.000 -9999.000 -9999.000 -9999.000 -9999.000 -9999.000 -9999.000 -9999.000 -9999.000 -9999.000 -9999.000
-9999.000 -9999.000 5156.677 5065.539 4982.034 4904.245 4830.194 4758.262 4687.319 4616.665 4545.899 4474.806 4403.281 4331.273 4258.764 4185.750 4112.231 4038.214 3963.706 3888.720 3813.267 3737.355 3660.997 3584.205 3506.991 3429.362 3351.324 3272.886 3194.061 3114.859 3035.286 2955.344 2875.037 2794.378 2713.380 2632.053 2550.399 2468.411 2386.091 2303.454 2220.520 2137.302 2053.800 1970.001 1885.888 1801.470 1716.771 1631.817 1546.623 1461.188 1375.490 1289.486 1203.164 1116.554 1029.689 942.597 855.295 767.785 680.048 592.027 503.635 414.892 325.839 236.508 146.921 57.093 -32.825 -121.275 -201.316 -263.354 -304.351 -328.450 -341.626 -348.537 -352.078 -353.867 -354.762 -355.207 -355.426 -355.532 -355.582 -355.605 -355.614 -355.616 -355.615 -355.612 -355.609 -355.605 -355.601 -355.597 -355.593 -355.589 -355.585 -355.581 -355.578 -355.579 -355.606 -355.759 -356.462 -359.255 -368.881 -398.797 -9999.000 -9999.000
-9999.000 -9999.000 5156.677 5065.539 4982.034 4904.245 4830.194 4758.262 4687.319 4616.665 4545.899 4474.806 4403.281 4331.273 4258.764 4185.750 4112.231 4038.214 3963.706 3888.720 3813.267 3737.355 3660.997 3584.205 3506.991 3429.362 3351.324 3272.886 3194.061 3114.859 3035.286 2955.344 2875.037 2794.378 2713.380 2632.053 2550.399 2468.411 2386.091 2303.454 2220.520 2137.302 2053.800 1970.001 1885.888 1801.470 1716.771 1631.817 1546.623 1461.188 1375.490 1289.486 1203.164 1116.554 1029.689 942.597 855.295 767.785 680.048 592.027 503.635 414.892 325.839 236.508 146.921 57.093 -32.825 -121.275 -201.316 -263.354 -304.351 -328.450 -341.626 -348.537 -352.078 -353.867 -354.762 -355.207 -355.426 -355.532 -355.582 -355.605 -355.614 -355.616 -355.615 -355.612 -355.609 -355.605 -355.601 -355.597 -355.593 -355.589 -355.585 -355.581 -355.578 -355.579 -355.606 -355.759 -356.462 -359.255 -368.881 -398.797 -9999.000 -9999.000
-9999.000 -9999.000 5156.678 5065.540 4982.034 4904.245 4830.194 4758.262 4687.319 4616.665 4545.899 4474.806 4403.281 4331.273 4258.764 4185.750 4112.231 4038.214 3963.706 3888.720 3813.267 3737.355 3660.997 3584.205 3506.991 3429.362 3351.324 3272.886 3194.061 3114.859 3035.286 2955.344 2875.037 2794.378 2713.380 2632.053 2550.399 2468.411 2386.091 2303.454 2220.520 2137.302 2053.800 1970.001 1885.888 1801.470 1716.771 1631.817 1546.623 1461.188 1375.490 1289.486 1203.164 1116.554 1029.689 942.597 855.295 767.785 680.048 592.027 503.635 414.892 325.839 236.508 146.921 57.093 -32.825 -121.275 -201.316 -263.354 -304.351 -328.450 -341.626 -348.537 -352.078 -353.867 -354.762 -355.207 -355.426 -355.532 -355.582 -355.605 -355.614 -355.616 -355.615 -355.612 -355.609 -355.605 -355.601 -355.597 -355.593 -355.589 -355.585 -355.581 -355.578 -355.579 -355.606 -355.759 -356.462 -359.255 -368.881 -398.797 -9999.000 -9999.000
-9999.000 -9999.000 5156.678 5065.540 4982.034 4904.245 4830.194 4758.262 4687.319 4616.665 4545.899 4474.806 4403.281 4331.273 4258.764 4185.750 4112.231 4038.214 3963.706 3888.720 3813.267 3737.355 3660.997 3584.205 3506.991 3429.362 3351.324 3272.886 3194.061 3114.859 3035.286 2955.344 2875.037 2794.378 2713.380 2632.053 2550.399 2468.411 2386.091 2303.454 2220.520 2137.302 2053.800 1970.001 1885.888 1801.470 1716.771 1631.817 1546.623 1461.188 1375.490 1289.486 1203.164 1116.554 1029.689 942.597 855.295 767.785 680.048 592.027 503.635 414.892 325.839 236.508 146.921 57.093 -32.825 -121.275 -201.316 -263.354 -304.351 -328.450 -341.626 -348.537 -352.078 -353.867 -354.762 -355.207 -355.426 -355.532 -355.582 -355.605 -355.614 -355.616 -355.615 -355.612 -355.609 -355.605 -355.601 -355.597 -355.593 -355.589 -355.585 -355.581 -355.578 -355.579 -355.606 -355.759 -356.462 -359.255 -368.881 -398.797 -9999.000 -9999.000
-9999.000 -9999.000 5156.677 5065.539 4982.034 4904.245 4830.194 4758.262 4687.319 4616.665 4545.899 4474.806 4403.281 4331.273 4258.764 4185.750 4112.231 4038.214 3963.706 3888.720 3813.267 3737.355 3660.997 3584.205 3506.991 3429.362 3351.324 3272.886 3194.061 3114.859 3035.286 2955.344 2875.037 2794.378 2713.380 2632.053 2550.399 2468.411 2386.091 2303.454 2220.520 2137.302 2053.800 1970.001 1885.888 1801.470 1716.771 1631.817 1546.623 1461.188 1375.490 1289.486 1203.164 1116.554 1029.689 942.597 855.295 767.785 680.048 592.027 503.635 414.892 325.839 236.508 146.921 57.093 -32.825 -121.275 -201.316 -263.354 -304.351 -328.450 -341.626 -348.537 -352.078 -353.867 -354.762 -355.207 -355.426 -355.532 -355.582 -355.605 -355.614 -355.616 -355.615 -355.612 -355.609 -355.605 -355.601 -355.597 -355.593 -355.589 -355.585 -355.581 -355.578 -355.579 -355.606 -355.759 -356.462 -359.255 -368.881 -398.797 -9999.000 -9999.000
-9999.000 -9999.000 5156.677 5065.539 4982.034 4904.245 4830.194 4758.262 4687.319 4616.665 4545.899 4474.806 4403.281 4331.273 4258.764 4185.750 4112.231 4038.214 3963.706 3888.720 3813.267 3737.355 3660.997 3584.205 3506.991 3429.362 3351.324 3272.886 3194.061 3114.859 3035.286 2955.344 2875.037 2794.378 2713.380 2632.053 2550.399 2468.411 2386.091 2303.454 2220.520 2137.302 2053.800 1970.001 1885.888 1801.470 1716.771 1631.817 1546.623 1461.188 1375.490 1289.486 1203.164 1116.554 1029.689 942.597 855.295 767.785 680.048 592.027 503.635 414.892 325.839 236.508 146.921 57.093 -32.825 -121.275 -201.316 -263.354 -304.351 -328.450 -341.626 -348.537 -352.078 -353.867 -354.762 -355.207 -355.426 -355.532 -355.582 -355.605 -355.614 -355.616 -355.615 -355.612 -355.609 -355.605 -355.601 -355.597 -355.593 -355.589 -355.585 -355.581 -355.578 -355.579 -355.606 -355.759 -356.462 -359.255 -368.881 -398.797 -9999.000 -9999.000
-9999.000 -9999.000 -9999.000 -9999.000 -9999.000 -9999.000 -9999.000 -9999.000 -9999.000 -9999.000 -9999.000 -9999.000 -9999.000 -9999.000 -9999.000 -9999.000 -9999.000 -9999.000 -9999.000 -9999.000 -9999.000 -9999.000 -9999.000 -9999.000 -9999.000 -9999.000 -9999.000 -9999.000 -9999.000 -9999.000 -9999.000 -9999.000 -9999.000 -9999.000 -9999.000 -9999.000 -9999.000 -9999.000 -9999.000 -9999.000 -9999.000 -9999.000 -9999.000 -9999.000 -9999.000 -9999.000 -9999.000 -9999.000 -9999.000 -9999.000 -9999.000 -9999.000 -9999.000 -9999.000 -9999.000 -9999.000 -9999.000 -9999.000 -9999.000 -9999.000 -9999.000 -9999.000 -9999.000 -9999.000 -9999.000 -9999.000 -9999.000 -9999.000 -9999.000 -9999.000 -9999.000 -9999.000 -9999.000 -9999.000 -9999.000 -9999.000 -9999.000 -9999.000 -9999.000 -9999.000 -9999.000 -9999.000 -9999.000 -9999.000 -9999.000 -9999.000 -9999.000 -9999.000 -9999.000 -9999.000 -9999.000 -9999.000 -9999.000 -9999.000 -9999.000 -9999.000 -9999.000 -9999.000 -9999.000 -9999.000 -9999.000 -9999.000 -9999.000 -9999.000
-9999.000 -9999.000 -9999.000 -9999.000 -9999.000 -9999.000 -9999.000 -9999.000 -9999.000 -9999.000 -9999.000 -9999.000 -9999.000 -9999.000 -9999.000 -9999.000 -9999.000 -9999.000 -9999.000 -9999.000 -9999.000 -9999.000 -9999.000 -9999.000 -9999.000 -9999.000 -9999.000 -9999.000 -9999.000 -9999.000 -9999.000 -9999.000 -9999.000 -9999.000 -9999.000 -9999.000 -9999.000 -9999.000 -9999.000 -9999.000 -9999.000 -9999.000 -9999.000 -9999.000 -9999.000 -9999.000 -9999.000 -9999.000 -9999.000 -9999.000 -9999.000 -9999.000 -9999.000 -9999.000 -9999.000 -9999.000 -9999.000 -9999.000 -9999.000 -9999.000 -9999.000 -9999.000 -9999.000 -9999.000 -9999.000 -9999.000 -9999.000 -9999.000 -9999.000 -9999.000 -9999.000 -9999.000 -9999.000 -9999.000 -9999.000 -9999.000 -9999.000 -9999.000 -9999.000 -9999.000 -9999.000 -9999.000 -9999.000 -9999.000 -9999.000 -9999.000 -9999.000 -9999.000 -9999.000 -9999.000 -9999.000 -9999.000 -9999.000 -9999.000 -9999.000 -9999.000 -9999.000 -9999.000 -9999.000 -9999.000 -9999.000 -9999.000 -9999.000 -9999.000