examples/3D/hillslope01/output-maps-METEOIO-OFF/psiliqL0034N0003.asc
ncols         104
nrows         10
xllcorner     -2.000000
yllcorner     0.000000
cellsize      1.000000
NODATA_value  -9999.0
-9999.000 -9999.000 -9999.000 -9999.000 -9999.000 -9999.000 -9999.000 -9999.000 -9999.000 -9999.000 -9999.000 -9999.000 -9999.000 -9999.000 -9999.000 -9999.000 -9999.000 -9999.000 -9999.000 -9999.000 -9999.000 -9999.000 -9999.000 -9999.000 -9999.000 -9999.000 -9999.000 -9999.000 -9999.000 -9999.000 -9999.000 -9999.000 -9999.000 -9999.000 -9999.000 -9999.000 -9999.000 -9999.000 -9999.000 -9999.000 -9999.000 -9999.000 -9999.000 -9999.000 -9999.000 -9999.000 -9999.000 -9999.000 -9999.000 -9999.000 -9999.000 -9999.000 -9999.000 -9999.000 -9999.000 -9999.000 -9999.000 -9999.000 -9999.000 -9999.000 -9999.000 -9999.000 -9999.000 -9999.000 -9999.000 -9999.000 -9999.000 -9999.000 -9999.000 -9999.000 -9999.000 -9999.000 -9999.000 -9999.000 -9999.000 -9999.000 -9999.000 -9999.000 -9999.000 -9999.000 -9999.000 -9999.000 -9999.000 -9999.000 -9999.000 -9999.000 -9999.000 -9999.000 -9999.000 -9999.000 -9999.000 -9999.000 -9999.000 -9999.000 -9999.000 -9999.000 -9999.000 -9999.000 -9999.000 -9999.000 -9999.000 -9999.000 -9999.000 -9999.000
-9999.000 -9999.000 -9999.000 -9999.000 -9999.000 -9999.000 -9999.000 -9999.000 -9999.000 -9999.000 -9999.000 -9999.000 -9999.000 -9999.000 -9999.000 -9999.000 -9999.000 -9999.000 -9999.000 -9999.000 -9999.000 -9999.000 -9999.000 -9999.000 -9999.000 -9999.000 -9999.000 -9999.000 -9999.000 -9999.000 -9999.000 -9999.000 -9999.000 -9999.000 -9999.000 -9999.000 -9999.000 -9999.000 -9999.000 -9999.000 -9999.000 -9999.000 -9999.000 -9999.000 -9999.000 -9999.000 -9999.000 -9999.000 -9999.000 -9999.000 -9999.000 -9999.000 -9999.000 -9999.000 -9999.000 -9999.000 -9999.000 -9999.000 -9999.000 -9999.000 -9999.000 -9999.000 -9999.000 -9999.000 -9999.000 -9999.000 -9999.000 -9999.000 -9999.000 -9999.000 -9999.000 -9999.000 -9999.000 -9999.000 -9999.000 -9999.000 -9999.000 -9999.000 -9999.000 -9999.000 -9999.000 -9999.000 -9999.000 -9999.000 -9999.000 -9999.000 -9999.000 -9999.000 -9999.000 -9999.000 -9999.000 -9999.000 -9999.000 -9999.000 -9999.000 -9999.000 -9999.000 -9999.000 -9999.000 -9999.000 -9999.000 -9999.000 -9999.000 -9999.000
-9999.000 -9999.000 3571.912 3483.768 3404.176 3329.134 3255.906 3183.106 3110.182 3036.978 2963.498 2889.809 2815.994 2742.112 2668.208 2594.323 2520.492 2446.729 2373.048 2299.478 2226.032 2152.701 2079.482 2006.406 1933.470 1860.646 1787.928 1715.357 1642.911 1570.549 1498.290 1426.166 1354.129 1282.130 1210.254 1138.493 1066.765 995.040 923.464 851.957 780.396 708.892 637.522 566.136 494.546 423.195 351.909 280.446 208.884 137.563 66.203 -5.633 -76.754 -146.775 -214.848 -279.224 -337.467 -388.279 -430.771 -464.521 -490.393 -509.664 -523.602 -533.438 -540.296 -545.015 -548.211 -550.358 -551.793 -552.744 -553.368 -553.775 -554.040 -554.210 -554.319 -554.389 -554.432 -554.460 -554.477 -554.487 -554.494 -554.497 -554.500 -554.501 -554.501 -554.502 -554.502 -554.502 -554.502 -554.501 -554.501 -554.501 -554.501 -554.500 -554.500 -554.501 -554.508 -554.550 -554.771 -555.848 -560.583 -580.101 -9999.000 -9999.000
-9999.000 -9999.000 3571.913 3483.769 3404.176 3329.134 3255.906 3183.106 3110.182 3036.978 2963.498 2889.809 2815.994 2742.112 2668.208 2594.323 2520.492 2446.729 2373.048 2299.478 2226.032 2152.701 2079.482 2006.406 1933.470 1860.646 1787.928 1715.357 1642.911 1570.549 1498.290 1426.166 1354.129 1282.130 1210.254 1138.493 1066.765 995.040 923.464 851.957 780.396 708.892 637.522 566.136 494.546 423.195 351.909 280.446 208.884 137.563 66.203 -5.633 -76.754 -146.775 -214.848 -279.224 -337.467 -388.279 -430.771 -464.521 -490.393 -509.664 -523.602 -533.438 -540.296 -545.015 -548.211 -550.358 -551.793 -552.744 -553.368 -553.775 -554.040 -554.210 -554.319 -554.389 -554.432 -554.460 -554.477 -554.487 -554.494 -554.497 -554.500 -554.501 -554.501 -554.502 -554.502 -554.502 -554.502 -554.501 -554.501 -554.501 -554.501 -554.500 -554.500 -554.501 -554.508 -554.550 -554.771 -555.848 -560.583 -580.101 -9999.000 -9999.000
-9999.000 -9999.000 3571.914 3483.769 3404.177 3329.134 3255.906 3183.106 3110.182 3036.978 2963.498 2889.809 2815.994 2742.112 2668.208 2594.323 2520.492 2446.729 2373.048 2299.478 2226.032 2152.701 2079.482 2006.406 1933.470 1860.646 1787.928 1715.357 1642.911 1570.549 1498.290 1426.166 1354.129 1282.130 1210.254 1138.493 1066.765 995.040 923.464 851.957 780.396 708.892 637.522 566.136 494.546 423.195 351.909 280.446 208.884 137.563 66.203 -5.633 -76.754 -146.775 -214.848 -279.224 -337.467 -388.279 -430.771 -464.521 -490.393 -509.664 -523.602 -533.438 -540.296 -545.015 -548.211 -550.358 -551.793 -552.744 -553.368 -553.775 -554.040 -554.210 -554.319 -554.389 -554.432 -554.460 -554.477 -554.487 -554.494 -554.497 -554.500 -554.501 -554.501 -554.502 -554.502 -554.502 -554.502 -554.501 -554.501 -554.501 -554.501 -554.500 -554.500 -554.501 -554.508 -554.550 -554.771 -555.848 -560.583 -580.101 -9999.000 -9999.000
-9999.000 -9999.000 3571.914 3483.769 3404.177 3329.134 3255.906 3183.106 3110.182 3036.978 2963.498 2889.809 2815.994 2742.112 2668.208 2594.323 2520.492 2446.729 2373.048 2299.478 2226.032 2152.701 2079.482 2006.406 1933.470 1860.646 1787.928 1715.357 1642.911 1570.549 1498.290 1426.166 1354.129 1282.130 1210.254 1138.493 1066.765 995.040 923.464 851.957 780.396 708.892 637.522 566.136 494.546 423.195 351.909 280.446 208.884 137.563 66.203 -5.633 -76.754 -146.775 -214.848 -279.224 -337.467 -388.279 -430.771 -464.521 -490.393 -509.664 -523.602 -533.438 -540.296 -545.015 -548.211 -550.358 -551.793 -552.744 -553.368 -553.775 -554.040 -554.210 -554.319 -554.389 -554.432 -554.460 -554.477 -554.487 -554.494 -554.497 -554.500 -554.501 -554.501 -554.502 -554.502 -554.502 -554.502 -554.501 -554.501 -554.501 -554.501 -554.500 -554.500 -554.501 -554.508 -554.550 -554.771 -555.848 -560.583 -580.101 -9999.000 -9999.000
-9999.000 -9999.000 3571.913 3483.769 3404.176 3329.134 3255.906 3183.106 3110.182 3036.978 2963.498 2889.809 2815.994 2742.112 2668.208 2594.323 2520.492 2446.729 2373.048 2299.478 2226.032 2152.701 2079.482 2006.406 1933.470 1860.646 1787.928 1715.357 1642.911 1570.549 1498.290 1426.166 1354.129 1282.130 1210.254 1138.493 1066.765 995.040 923.464 851.957 780.396 708.892 637.522 566.136 494.546 423.195 351.909 280.446 208.884 137.563 66.203 -5.633 -76.754 -146.775 -214.848 -279.224 -337.467 -388.279 -430.771 -464.521 -490.393 -509.664 -523.602 -533.438 -540.296 -545.015 -548.211 -550.358 -551.793 -552.744 -553.368 -553.775 -554.040 -554.210 -554.319 -554.389 -554.432 -554.460 -554.477 -554.487 -554.494 -554.497 -554.500 -554.501 -554.501 -554.502 -554.502 -554.502 -554.502 -554.501 -554.501 -554.501 -554.501 -554.500 -554.500 -554.501 -554.508 -554.550 -554.771 -555.848 -560.583 -580.101 -9999.000 -9999.000
-9999.000 -9999.000 3571.912 3483.768 3404.176 3329.134 3255.906 3183.106 3110.182 3036.978 2963.498 2889.809 2815.994 2742.112 2668.208 2594.323 2520.492 2446.729 2373.048 2299.478 2226.032 2152.701 2079.482 2006.406 1933.470 1860.646 1787.928 1715.357 1642.911 1570.549 1498.290 1426.166 1354.129 1282.130 1210.254 1138.493 1066.765 995.040 923.464 851.957 780.396 708.892 637.522 566.136 494.546 423.195 351.909 280.446 208.884 137.563 66.203 -5.633 -76.754 -146.775 -214.848 -279.224 -337.467 -388.279 -430.771 -464.521 -490.393 -509.664 -523.602 -533.438 -540.296 -545.015 -548.211 -550.358 -551.793 -552.744 -553.368 -553.775 -554.040 -554.210 -554.319 -554.389 -554.432 -554.460 -554.477 -554.487 -554.494 -554.497 -554.500 -554.501 -554.501 -554.502 -554.502 -554.502 -554.502 -554.501 -554.501 -554.501 -554.501 -554.500 -554.500 -554.501 -554.508 -554.550 -554.771 -555.848 -560.583 -580.101 -9999.000 -9999.000
-9999.000 -9999.000 -9999.000 -9999.000 -9999.000 -9999.000 -9999.000 -9999.000 -9999.000 -9999.000 -9999.000 -9999.000 -9999.000 -9999.000 -9999.000 -9999.000 -9999.000 -9999.000 -9999.000 -9999.000 -9999.000 -9999.000 -9999.000 -9999.000 -9999.000 -9999.000 -9999.000 -9999.000 -9999.000 -9999.000 -9999.000 -9999.000 -9999.000 -9999.000 -9999.000 -9999.000 -9999.000 -9999.000 -9999.000 -9999.000 -9999.000 -9999.000 -9999.000 -9999.000 -9999.000 -9999.000 -9999.000 -9999.000 -9999.000 -9999.000 -9999.000 -9999.000 -9999.000 -9999.000 -9999.000 -9999.000 -9999.000 -9999.000 -9999.000 -9999.000 -9999.000 -9999.000 -9999.000 -9999.000 -9999.000 -9999.000 -9999.000 -9999.000 -9999.000 -9999.000 -9999.000 -9999.000 -9999.000 -9999.000 -9999.000 -9999.000 -9999.000 -9999.000 -9999.000 -9999.000 -9999.000 -9999.000 -9999.000 -9999.000 -9999.000 -9999.000 -9999.000 -9999.000 -9999.000 -9999.000 -9999.000 -9999.000 -9999.000 -9999.000 -9999.000 -9999.000 -9999.000 -9999.000 -9999.000 -9999.000 -9999.000 -9999.000 -9999.000 -9999.000
-9999.000 -9999.000 -9999.000 -9999.000 -9999.000 -9999.000 -9999.000 -9999.000 -9999.000 -9999.000 -9999.000 -9999.000 -9999.000 -9999.000 -9999.000 -9999.000 -9999.000 -9999.000 -9999.000 -9999.000 -9999.000 -9999.000 -9999.000 -9999.000 -9999.000 -9999.000 -9999.000 -9999.000 -9999.000 -9999.000 -9999.000 -9999.000 -9999.000 -9999.000 -9999.000 -9999.000 -9999.000 -9999.000 -9999.000 -9999.000 -9999.000 -9999.000 -9999.000 -9999.000 -9999.000 -9999.000 -9999.000 -9999.000 -9999.000 -9999.000 -9999.000 -9999.000 -9999.000 -9999.000 -9999.000 -9999.000 -9999.000 -9999.000 -9999.000 -9999.000 -9999.000 -9999.000 -9999.000 -9999.000 -9999.000 -9999.000 -9999.000 -9999.000 -9999.000 -9999.000 -9999.000 -9999.000 -9999.000 -9999.000 -9999.000 -9999.000 -9999.000 -9999.000 -9999.000 -9999.000 -9999.000 -9999.000 -9999.000 -9999.000 -9999.000 -9999.000 -9999.000 -9999.000 -9999.000 -9999.000 -9999.000 -9999.000 -9999.000 -9999.000 -9999.000 -9999.000 -9999.000 -9999.000 -9999.000 -9999.000 -9999.000 -9999.000 -9999.000 -9999.000