examples/3D/hillslope01/output-maps-METEOIO-OFF/psiliqL0046N0003.asc
ncols         104
nrows         10
xllcorner     -2.000000
yllcorner     0.000000
cellsize      1.000000
NODATA_value  -9999.0
-9999.000 -9999.000 -9999.000 -9999.000 -9999.000 -9999.000 -9999.000 -9999.000 -9999.000 -9999.000 -9999.000 -9999.000 -9999.000 -9999.000 -9999.000 -9999.000 -9999.000 -9999.000 -9999.000 -9999.000 -9999.000 -9999.000 -9999.000 -9999.000 -9999.000 -9999.000 -9999.000 -9999.000 -9999.000 -9999.000 -9999.000 -9999.000 -9999.000 -9999.000 -9999.000 -9999.000 -9999.000 -9999.000 -9999.000 -9999.000 -9999.000 -9999.000 -9999.000 -9999.000 -9999.000 -9999.000 -9999.000 -9999.000 -9999.000 -9999.000 -9999.000 -9999.000 -9999.000 -9999.000 -9999.000 -9999.000 -9999.000 -9999.000 -9999.000 -9999.000 -9999.000 -9999.000 -9999.000 -9999.000 -9999.000 -9999.000 -9999.000 -9999.000 -9999.000 -9999.000 -9999.000 -9999.000 -9999.000 -9999.000 -9999.000 -9999.000 -9999.000 -9999.000 -9999.000 -9999.000 -9999.000 -9999.000 -9999.000 -9999.000 -9999.000 -9999.000 -9999.000 -9999.000 -9999.000 -9999.000 -9999.000 -9999.000 -9999.000 -9999.000 -9999.000 -9999.000 -9999.000 -9999.000 -9999.000 -9999.000 -9999.000 -9999.000 -9999.000 -9999.000
-9999.000 -9999.000 -9999.000 -9999.000 -9999.000 -9999.000 -9999.000 -9999.000 -9999.000 -9999.000 -9999.000 -9999.000 -9999.000 -9999.000 -9999.000 -9999.000 -9999.000 -9999.000 -9999.000 -9999.000 -9999.000 -9999.000 -9999.000 -9999.000 -9999.000 -9999.000 -9999.000 -9999.000 -9999.000 -9999.000 -9999.000 -9999.000 -9999.000 -9999.000 -9999.000 -9999.000 -9999.000 -9999.000 -9999.000 -9999.000 -9999.000 -9999.000 -9999.000 -9999.000 -9999.000 -9999.000 -9999.000 -9999.000 -9999.000 -9999.000 -9999.000 -9999.000 -9999.000 -9999.000 -9999.000 -9999.000 -9999.000 -9999.000 -9999.000 -9999.000 -9999.000 -9999.000 -9999.000 -9999.000 -9999.000 -9999.000 -9999.000 -9999.000 -9999.000 -9999.000 -9999.000 -9999.000 -9999.000 -9999.000 -9999.000 -9999.000 -9999.000 -9999.000 -9999.000 -9999.000 -9999.000 -9999.000 -9999.000 -9999.000 -9999.000 -9999.000 -9999.000 -9999.000 -9999.000 -9999.000 -9999.000 -9999.000 -9999.000 -9999.000 -9999.000 -9999.000 -9999.000 -9999.000 -9999.000 -9999.000 -9999.000 -9999.000 -9999.000 -9999.000
-9999.000 -9999.000 4797.644 4705.418 4619.621 4538.345 4459.898 4383.096 4307.222 4231.877 4156.852 4082.046 4007.411 3932.926 3858.579 3784.367 3710.289 3636.345 3562.535 3488.862 3415.328 3341.930 3268.666 3195.539 3122.547 3049.681 2976.937 2904.318 2831.817 2759.423 2687.134 2614.951 2542.859 2470.848 2398.926 2327.087 2255.310 2183.588 2111.937 2040.339 1968.769 1897.238 1825.751 1754.272 1682.776 1611.321 1539.879 1468.397 1396.887 1325.391 1253.849 1182.199 1110.545 1038.872 967.079 895.134 823.205 751.193 678.963 606.607 534.245 461.719 388.833 315.911 242.945 169.732 95.959 22.291 -51.193 -123.958 -194.701 -260.413 -318.887 -368.217 -407.564 -437.173 -458.610 -473.634 -483.883 -490.699 -495.168 -498.064 -499.921 -501.098 -501.836 -502.295 -502.579 -502.753 -502.858 -502.922 -502.959 -502.982 -502.995 -503.002 -503.007 -503.012 -503.030 -503.114 -503.497 -505.093 -511.147 -533.016 -9999.000 -9999.000
-9999.000 -9999.000 4797.644 4705.418 4619.621 4538.345 4459.898 4383.096 4307.222 4231.877 4156.852 4082.046 4007.411 3932.926 3858.579 3784.367 3710.289 3636.345 3562.535 3488.862 3415.328 3341.930 3268.666 3195.539 3122.547 3049.681 2976.937 2904.318 2831.817 2759.423 2687.134 2614.951 2542.859 2470.848 2398.926 2327.087 2255.310 2183.588 2111.937 2040.339 1968.769 1897.238 1825.751 1754.272 1682.776 1611.321 1539.879 1468.397 1396.887 1325.391 1253.849 1182.199 1110.545 1038.872 967.079 895.134 823.205 751.193 678.963 606.607 534.245 461.719 388.833 315.911 242.945 169.732 95.959 22.291 -51.193 -123.958 -194.701 -260.413 -318.887 -368.217 -407.564 -437.173 -458.610 -473.634 -483.883 -490.699 -495.168 -498.064 -499.921 -501.098 -501.836 -502.295 -502.579 -502.753 -502.858 -502.922 -502.959 -502.982 -502.995 -503.002 -503.007 -503.012 -503.030 -503.114 -503.497 -505.093 -511.147 -533.016 -9999.000 -9999.000
-9999.000 -9999.000 4797.644 4705.418 4619.621 4538.345 4459.898 4383.096 4307.222 4231.877 4156.852 4082.046 4007.411 3932.926 3858.579 3784.367 3710.289 3636.345 3562.535 3488.862 3415.328 3341.930 3268.666 3195.539 3122.547 3049.681 2976.937 2904.318 2831.817 2759.423 2687.134 2614.951 2542.859 2470.848 2398.926 2327.087 2255.310 2183.588 2111.937 2040.339 1968.769 1897.238 1825.751 1754.272 1682.776 1611.321 1539.879 1468.397 1396.887 1325.391 1253.849 1182.199 1110.545 1038.872 967.079 895.134 823.205 751.193 678.963 606.607 534.245 461.719 388.833 315.911 242.945 169.732 95.959 22.291 -51.193 -123.958 -194.701 -260.413 -318.887 -368.217 -407.564 -437.173 -458.610 -473.634 -483.883 -490.699 -495.168 -498.064 -499.921 -501.098 -501.836 -502.295 -502.579 -502.753 -502.858 -502.922 -502.959 -502.982 -502.995 -503.002 -503.007 -503.012 -503.030 -503.114 -503.497 -505.093 -511.147 -533.016 -9999.000 -9999.000
-9999.000 -9999.000 4797.644 4705.418 4619.621 4538.345 4459.898 4383.096 4307.222 4231.877 4156.852 4082.046 4007.411 3932.926 3858.579 3784.367 3710.289 3636.345 3562.535 3488.862 3415.328 3341.930 3268.666 3195.539 3122.547 3049.681 2976.937 2904.318 2831.817 2759.423 2687.134 2614.951 2542.859 2470.848 2398.926 2327.087 2255.310 2183.588 2111.937 2040.339 1968.769 1897.238 1825.751 1754.272 1682.776 1611.321 1539.879 1468.397 1396.887 1325.391 1253.849 1182.199 1110.545 1038.872 967.079 895.134 823.205 751.193 678.963 606.607 534.245 461.719 388.833 315.911 242.945 169.732 95.959 22.291 -51.193 -123.958 -194.701 -260.413 -318.887 -368.217 -407.564 -437.173 -458.610 -473.634 -483.883 -490.699 -495.168 -498.064 -499.921 -501.098 -501.836 -502.295 -502.579 -502.753 -502.858 -502.922 -502.959 -502.982 -502.995 -503.002 -503.007 -503.012 -503.030 -503.114 -503.497 -505.093 -511.147 -533.016 -9999.000 -9999.000
-9999.000 -9999.000 4797.644 4705.418 4619.621 4538.345 4459.898 4383.096 4307.222 4231.877 4156.852 4082.046 4007.411 3932.926 3858.579 3784.367 3710.289 3636.345 3562.535 3488.862 3415.328 3341.930 3268.666 3195.539 3122.547 3049.681 2976.937 2904.318 2831.817 2759.423 2687.134 2614.951 2542.859 2470.848 2398.926 2327.087 2255.310 2183.588 2111.937 2040.339 1968.769 1897.238 1825.751 1754.272 1682.776 1611.321 1539.879 1468.397 1396.887 1325.391 1253.849 1182.199 1110.545 1038.872 967.079 895.134 823.205 751.193 678.963 606.607 534.245 461.719 388.833 315.911 242.945 169.732 95.959 22.291 -51.193 -123.958 -194.701 -260.413 -318.887 -368.217 -407.564 -437.173 -458.610 -473.634 -483.883 -490.699 -495.168 -498.064 -499.921 -501.098 -501.836 -502.295 -502.579 -502.753 -502.858 -502.922 -502.959 -502.982 -502.995 -503.002 -503.007 -503.012 -503.030 -503.114 -503.497 -505.093 -511.147 -533.016 -9999.000 -9999.000
-9999.000 -9999.000 4797.644 4705.418 4619.621 4538.345 4459.898 4383.096 4307.222 4231.877 4156.852 4082.046 4007.411 3932.926 3858.579 3784.367 3710.289 3636.345 3562.535 3488.862 3415.328 3341.930 3268.666 3195.539 3122.547 3049.681 2976.937 2904.318 2831.817 2759.423 2687.134 2614.951 2542.859 2470.848 2398.926 2327.087 2255.310 2183.588 2111.937 2040.339 1968.769 1897.238 1825.751 1754.272 1682.776 1611.321 1539.879 1468.397 1396.887 1325.391 1253.849 1182.199 1110.545 1038.872 967.079 895.134 823.205 751.193 678.963 606.607 534.245 461.719 388.833 315.911 242.945 169.732 95.959 22.291 -51.193 -123.958 -194.701 -260.413 -318.887 -368.217 -407.564 -437.173 -458.610 -473.634 -483.883 -490.699 -495.168 -498.064 -499.921 -501.098 -501.836 -502.295 -502.579 -502.753 -502.858 -502.922 -502.959 -502.982 -502.995 -503.002 -503.007 -503.012 -503.030 -503.114 -503.497 -505.093 -511.147 -533.016 -9999.000 -9999.000
-9999.000 -9999.000 -9999.000 -9999.000 -9999.000 -9999.000 -9999.000 -9999.000 -9999.000 -9999.000 -9999.000 -9999.000 -9999.000 -9999.000 -9999.000 -9999.000 -9999.000 -9999.000 -9999.000 -9999.000 -9999.000 -9999.000 -9999.000 -9999.000 -9999.000 -9999.000 -9999.000 -9999.000 -9999.000 -9999.000 -9999.000 -9999.000 -9999.000 -9999.000 -9999.000 -9999.000 -9999.000 -9999.000 -9999.000 -9999.000 -9999.000 -9999.000 -9999.000 -9999.000 -9999.000 -9999.000 -9999.000 -9999.000 -9999.000 -9999.000 -9999.000 -9999.000 -9999.000 -9999.000 -9999.000 -9999.000 -9999.000 -9999.000 -9999.000 -9999.000 -9999.000 -9999.000 -9999.000 -9999.000 -9999.000 -9999.000 -9999.000 -9999.000 -9999.000 -9999.000 -9999.000 -9999.000 -9999.000 -9999.000 -9999.000 -9999.000 -9999.000 -9999.000 -9999.000 -9999.000 -9999.000 -9999.000 -9999.000 -9999.000 -9999.000 -9999.000 -9999.000 -9999.000 -9999.000 -9999.000 -9999.000 -9999.000 -9999.000 -9999.000 -9999.000 -9999.000 -9999.000 -9999.000 -9999.000 -9999.000 -9999.000 -9999.000 -9999.000 -9999.000
-9999.000 -9999.000 -9999.000 -9999.000 -9999.000 -9999.000 -9999.000 -9999.000 -9999.000 -9999.000 -9999.000 -9999.000 -9999.000 -9999.000 -9999.000 -9999.000 -9999.000 -9999.000 -9999.000 -9999.000 -9999.000 -9999.000 -9999.000 -9999.000 -9999.000 -9999.000 -9999.000 -9999.000 -9999.000 -9999.000 -9999.000 -9999.000 -9999.000 -9999.000 -9999.000 -9999.000 -9999.000 -9999.000 -9999.000 -9999.000 -9999.000 -9999.000 -9999.000 -9999.000 -9999.000 -9999.000 -9999.000 -9999.000 -9999.000 -9999.000 -9999.000 -9999.000 -9999.000 -9999.000 -9999.000 -9999.000 -9999.000 -9999.000 -9999.000 -9999.000 -9999.000 -9999.000 -9999.000 -9999.000 -9999.000 -9999.000 -9999.000 -9999.000 -9999.000 -9999.000 -9999.000 -9999.000 -9999.000 -9999.000 -9999.000 -9999.000 -9999.000 -9999.000 -9999.000 -9999.000 -9999.000 -9999.000 -9999.000 -9999.000 -9999.000 -9999.000 -9999.000 -9999.000 -9999.000 -9999.000 -9999.000 -9999.000 -9999.000 -9999.000 -9999.000 -9999.000 -9999.000 -9999.000 -9999.000 -9999.000 -9999.000 -9999.000 -9999.000 -9999.000