examples/3D/hillslope01/output-maps-METEOIO-OFF/psiliqL0014N0003.asc
ncols         104
nrows         10
xllcorner     -2.000000
yllcorner     0.000000
cellsize      1.000000
NODATA_value  -9999.0
-9999.000 -9999.000 -9999.000 -9999.000 -9999.000 -9999.000 -9999.000 -9999.000 -9999.000 -9999.000 -9999.000 -9999.000 -9999.000 -9999.000 -9999.000 -9999.000 -9999.000 -9999.000 -9999.000 -9999.000 -9999.000 -9999.000 -9999.000 -9999.000 -9999.000 -9999.000 -9999.000 -9999.000 -9999.000 -9999.000 -9999.000 -9999.000 -9999.000 -9999.000 -9999.000 -9999.000 -9999.000 -9999.000 -9999.000 -9999.000 -9999.000 -9999.000 -9999.000 -9999.000 -9999.000 -9999.000 -9999.000 -9999.000 -9999.000 -9999.000 -9999.000 -9999.000 -9999.000 -9999.000 -9999.000 -9999.000 -9999.000 -9999.000 -9999.000 -9999.000 -9999.000 -9999.000 -9999.000 -9999.000 -9999.000 -9999.000 -9999.000 -9999.000 -9999.000 -9999.000 -9999.000 -9999.000 -9999.000 -9999.000 -9999.000 -9999.000 -9999.000 -9999.000 -9999.000 -9999.000 -9999.000 -9999.000 -9999.000 -9999.000 -9999.000 -9999.000 -9999.000 -9999.000 -9999.000 -9999.000 -9999.000 -9999.000 -9999.000 -9999.000 -9999.000 -9999.000 -9999.000 -9999.000 -9999.000 -9999.000 -9999.000 -9999.000 -9999.000 -9999.000
-9999.000 -9999.000 -9999.000 -9999.000 -9999.000 -9999.000 -9999.000 -9999.000 -9999.000 -9999.000 -9999.000 -9999.000 -9999.000 -9999.000 -9999.000 -9999.000 -9999.000 -9999.000 -9999.000 -9999.000 -9999.000 -9999.000 -9999.000 -9999.000 -9999.000 -9999.000 -9999.000 -9999.000 -9999.000 -9999.000 -9999.000 -9999.000 -9999.000 -9999.000 -9999.000 -9999.000 -9999.000 -9999.000 -9999.000 -9999.000 -9999.000 -9999.000 -9999.000 -9999.000 -9999.000 -9999.000 -9999.000 -9999.000 -9999.000 -9999.000 -9999.000 -9999.000 -9999.000 -9999.000 -9999.000 -9999.000 -9999.000 -9999.000 -9999.000 -9999.000 -9999.000 -9999.000 -9999.000 -9999.000 -9999.000 -9999.000 -9999.000 -9999.000 -9999.000 -9999.000 -9999.000 -9999.000 -9999.000 -9999.000 -9999.000 -9999.000 -9999.000 -9999.000 -9999.000 -9999.000 -9999.000 -9999.000 -9999.000 -9999.000 -9999.000 -9999.000 -9999.000 -9999.000 -9999.000 -9999.000 -9999.000 -9999.000 -9999.000 -9999.000 -9999.000 -9999.000 -9999.000 -9999.000 -9999.000 -9999.000 -9999.000 -9999.000 -9999.000 -9999.000
-9999.000 -9999.000 1484.034 1418.471 1366.055 1310.610 1249.816 1184.719 1116.746 1046.842 975.545 903.324 830.635 757.609 684.261 610.780 537.325 463.843 390.210 316.755 243.532 170.382 96.986 24.040 -48.576 -120.988 -192.917 -263.086 -330.993 -395.771 -455.659 -509.333 -556.081 -595.400 -627.206 -652.301 -671.600 -686.046 -696.692 -704.431 -709.967 -713.890 -716.651 -718.574 -719.905 -720.821 -721.448 -721.873 -722.161 -722.355 -722.484 -722.571 -722.628 -722.665 -722.689 -722.705 -722.715 -722.722 -722.726 -722.728 -722.730 -722.731 -722.731 -722.731 -722.731 -722.731 -722.731 -722.731 -722.731 -722.731 -722.730 -722.730 -722.730 -722.730 -722.729 -722.729 -722.729 -722.729 -722.728 -722.728 -722.728 -722.728 -722.727 -722.727 -722.727 -722.727 -722.726 -722.726 -722.726 -722.726 -722.725 -722.725 -722.725 -722.725 -722.724 -722.724 -722.725 -722.733 -722.790 -723.187 -725.675 -740.144 -9999.000 -9999.000
-9999.000 -9999.000 1484.047 1418.476 1366.056 1310.611 1249.817 1184.719 1116.746 1046.842 975.545 903.324 830.635 757.609 684.261 610.780 537.325 463.843 390.210 316.755 243.532 170.382 96.986 24.040 -48.576 -120.988 -192.917 -263.086 -330.993 -395.771 -455.659 -509.333 -556.081 -595.400 -627.206 -652.301 -671.600 -686.046 -696.692 -704.431 -709.967 -713.890 -716.651 -718.574 -719.905 -720.821 -721.448 -721.873 -722.161 -722.355 -722.484 -722.571 -722.628 -722.665 -722.689 -722.705 -722.715 -722.722 -722.726 -722.728 -722.730 -722.731 -722.731 -722.731 -722.731 -722.731 -722.731 -722.731 -722.731 -722.731 -722.730 -722.730 -722.730 -722.730 -722.729 -722.729 -722.729 -722.729 -722.728 -722.728 -722.728 -722.728 -722.727 -722.727 -722.727 -722.727 -722.726 -722.726 -722.726 -722.726 -722.725 -722.725 -722.725 -722.725 -722.724 -722.724 -722.725 -722.733 -722.790 -723.187 -725.675 -740.144 -9999.000 -9999.000
-9999.000 -9999.000 1484.054 1418.479 1366.057 1310.611 1249.817 1184.720 1116.746 1046.842 975.545 903.324 830.635 757.609 684.261 610.780 537.325 463.843 390.210 316.755 243.532 170.382 96.986 24.040 -48.576 -120.988 -192.917 -263.086 -330.993 -395.771 -455.659 -509.333 -556.081 -595.400 -627.206 -652.301 -671.600 -686.046 -696.692 -704.431 -709.967 -713.890 -716.651 -718.574 -719.905 -720.821 -721.448 -721.873 -722.161 -722.355 -722.484 -722.571 -722.628 -722.665 -722.689 -722.705 -722.715 -722.722 -722.726 -722.728 -722.730 -722.731 -722.731 -722.731 -722.731 -722.731 -722.731 -722.731 -722.731 -722.731 -722.730 -722.730 -722.730 -722.730 -722.729 -722.729 -722.729 -722.729 -722.728 -722.728 -722.728 -722.728 -722.727 -722.727 -722.727 -722.727 -722.726 -722.726 -722.726 -722.726 -722.725 -722.725 -722.725 -722.725 -722.724 -722.724 -722.725 -722.733 -722.790 -723.187 -725.675 -740.144 -9999.000 -9999.000
-9999.000 -9999.000 1484.054 1418.479 1366.057 1310.611 1249.817 1184.720 1116.746 1046.842 975.545 903.324 830.635 757.609 684.261 610.780 537.325 463.843 390.210 316.755 243.532 170.382 96.986 24.040 -48.576 -120.988 -192.917 -263.086 -330.993 -395.771 -455.659 -509.333 -556.081 -595.400 -627.206 -652.301 -671.600 -686.046 -696.692 -704.431 -709.967 -713.890 -716.651 -718.574 -719.905 -720.821 -721.448 -721.873 -722.161 -722.355 -722.484 -722.571 -722.628 -722.665 -722.689 -722.705 -722.715 -722.722 -722.726 -722.728 -722.730 -722.731 -722.731 -722.731 -722.731 -722.731 -722.731 -722.731 -722.731 -722.731 -722.730 -722.730 -722.730 -722.730 -722.729 -722.729 -722.729 -722.729 -722.728 -722.728 -722.728 -722.728 -722.727 -722.727 -722.727 -722.727 -722.726 -722.726 -722.726 -722.726 -722.725 -722.725 -722.725 -722.725 -722.724 -722.724 -722.725 -722.733 -722.790 -723.187 -725.675 -740.144 -9999.000 -9999.000
-9999.000 -9999.000 1484.047 1418.476 1366.056 1310.611 1249.817 1184.719 1116.746 1046.842 975.545 903.324 830.635 757.609 684.261 610.780 537.325 463.843 390.210 316.755 243.532 170.382 96.986 24.040 -48.576 -120.988 -192.917 -263.086 -330.993 -395.771 -455.659 -509.333 -556.081 -595.400 -627.206 -652.301 -671.600 -686.046 -696.692 -704.431 -709.967 -713.890 -716.651 -718.574 -719.905 -720.821 -721.448 -721.873 -722.161 -722.355 -722.484 -722.571 -722.628 -722.665 -722.689 -722.705 -722.715 -722.722 -722.726 -722.728 -722.730 -722.731 -722.731 -722.731 -722.731 -722.731 -722.731 -722.731 -722.731 -722.731 -722.730 -722.730 -722.730 -722.730 -722.729 -722.729 -722.729 -722.729 -722.728 -722.728 -722.728 -722.728 -722.727 -722.727 -722.727 -722.727 -722.726 -722.726 -722.726 -722.726 -722.725 -722.725 -722.725 -722.725 -722.724 -722.724 -722.725 -722.733 -722.790 -723.187 -725.675 -740.144 -9999.000 -9999.000
-9999.000 -9999.000 1484.034 1418.471 1366.055 1310.610 1249.816 1184.719 1116.746 1046.842 975.545 903.324 830.635 757.609 684.261 610.780 537.325 463.843 390.210 316.755 243.532 170.382 96.986 24.040 -48.576 -120.988 -192.917 -263.086 -330.993 -395.771 -455.659 -509.333 -556.081 -595.400 -627.206 -652.301 -671.600 -686.046 -696.692 -704.431 -709.967 -713.890 -716.651 -718.574 -719.905 -720.821 -721.448 -721.873 -722.161 -722.355 -722.484 -722.571 -722.628 -722.665 -722.689 -722.705 -722.715 -722.722 -722.726 -722.728 -722.730 -722.731 -722.731 -722.731 -722.731 -722.731 -722.731 -722.731 -722.731 -722.731 -722.730 -722.730 -722.730 -722.730 -722.729 -722.729 -722.729 -722.729 -722.728 -722.728 -722.728 -722.728 -722.727 -722.727 -722.727 -722.727 -722.726 -722.726 -722.726 -722.726 -722.725 -722.725 -722.725 -722.725 -722.724 -722.724 -722.725 -722.733 -722.790 -723.187 -725.675 -740.144 -9999.000 -9999.000
-9999.000 -9999.000 -9999.000 -9999.000 -9999.000 -9999.000 -9999.000 -9999.000 -9999.000 -9999.000 -9999.000 -9999.000 -9999.000 -9999.000 -9999.000 -9999.000 -9999.000 -9999.000 -9999.000 -9999.000 -9999.000 -9999.000 -9999.000 -9999.000 -9999.000 -9999.000 -9999.000 -9999.000 -9999.000 -9999.000 -9999.000 -9999.000 -9999.000 -9999.000 -9999.000 -9999.000 -9999.000 -9999.000 -9999.000 -9999.000 -9999.000 -9999.000 -9999.000 -9999.000 -9999.000 -9999.000 -9999.000 -9999.000 -9999.000 -9999.000 -9999.000 -9999.000 -9999.000 -9999.000 -9999.000 -9999.000 -9999.000 -9999.000 -9999.000 -9999.000 -9999.000 -9999.000 -9999.000 -9999.000 -9999.000 -9999.000 -9999.000 -9999.000 -9999.000 -9999.000 -9999.000 -9999.000 -9999.000 -9999.000 -9999.000 -9999.000 -9999.000 -9999.000 -9999.000 -9999.000 -9999.000 -9999.000 -9999.000 -9999.000 -9999.000 -9999.000 -9999.000 -9999.000 -9999.000 -9999.000 -9999.000 -9999.000 -9999.000 -9999.000 -9999.000 -9999.000 -9999.000 -9999.000 -9999.000 -9999.000 -9999.000 -9999.000 -9999.000 -9999.000
-9999.000 -9999.000 -9999.000 -9999.000 -9999.000 -9999.000 -9999.000 -9999.000 -9999.000 -9999.000 -9999.000 -9999.000 -9999.000 -9999.000 -9999.000 -9999.000 -9999.000 -9999.000 -9999.000 -9999.000 -9999.000 -9999.000 -9999.000 -9999.000 -9999.000 -9999.000 -9999.000 -9999.000 -9999.000 -9999.000 -9999.000 -9999.000 -9999.000 -9999.000 -9999.000 -9999.000 -9999.000 -9999.000 -9999.000 -9999.000 -9999.000 -9999.000 -9999.000 -9999.000 -9999.000 -9999.000 -9999.000 -9999.000 -9999.000 -9999.000 -9999.000 -9999.000 -9999.000 -9999.000 -9999.000 -9999.000 -9999.000 -9999.000 -9999.000 -9999.000 -9999.000 -9999.000 -9999.000 -9999.000 -9999.000 -9999.000 -9999.000 -9999.000 -9999.000 -9999.000 -9999.000 -9999.000 -9999.000 -9999.000 -9999.000 -9999.000 -9999.000 -9999.000 -9999.000 -9999.000 -9999.000 -9999.000 -9999.000 -9999.000 -9999.000 -9999.000 -9999.000 -9999.000 -9999.000 -9999.000 -9999.000 -9999.000 -9999.000 -9999.000 -9999.000 -9999.000 -9999.000 -9999.000 -9999.000 -9999.000 -9999.000 -9999.000 -9999.000 -9999.000