examples/3D/hillslope01/output-maps-METEOIO-OFF/psiliqL0013N0002.asc
ncols         104
nrows         10
xllcorner     -2.000000
yllcorner     0.000000
cellsize      1.000000
NODATA_value  -9999.0
-9999.000 -9999.000 -9999.000 -9999.000 -9999.000 -9999.000 -9999.000 -9999.000 -9999.000 -9999.000 -9999.000 -9999.000 -9999.000 -9999.000 -9999.000 -9999.000 -9999.000 -9999.000 -9999.000 -9999.000 -9999.000 -9999.000 -9999.000 -9999.000 -9999.000 -9999.000 -9999.000 -9999.000 -9999.000 -9999.000 -9999.000 -9999.000 -9999.000 -9999.000 -9999.000 -9999.000 -9999.000 -9999.000 -9999.000 -9999.000 -9999.000 -9999.000 -9999.000 -9999.000 -9999.000 -9999.000 -9999.000 -9999.000 -9999.000 -9999.000 -9999.000 -9999.000 -9999.000 -9999.000 -9999.000 -9999.000 -9999.000 -9999.000 -9999.000 -9999.000 -9999.000 -9999.000 -9999.000 -9999.000 -9999.000 -9999.000 -9999.000 -9999.000 -9999.000 -9999.000 -9999.000 -9999.000 -9999.000 -9999.000 -9999.000 -9999.000 -9999.000 -9999.000 -9999.000 -9999.000 -9999.000 -9999.000 -9999.000 -9999.000 -9999.000 -9999.000 -9999.000 -9999.000 -9999.000 -9999.000 -9999.000 -9999.000 -9999.000 -9999.000 -9999.000 -9999.000 -9999.000 -9999.000 -9999.000 -9999.000 -9999.000 -9999.000 -9999.000 -9999.000
-9999.000 -9999.000 -9999.000 -9999.000 -9999.000 -9999.000 -9999.000 -9999.000 -9999.000 -9999.000 -9999.000 -9999.000 -9999.000 -9999.000 -9999.000 -9999.000 -9999.000 -9999.000 -9999.000 -9999.000 -9999.000 -9999.000 -9999.000 -9999.000 -9999.000 -9999.000 -9999.000 -9999.000 -9999.000 -9999.000 -9999.000 -9999.000 -9999.000 -9999.000 -9999.000 -9999.000 -9999.000 -9999.000 -9999.000 -9999.000 -9999.000 -9999.000 -9999.000 -9999.000 -9999.000 -9999.000 -9999.000 -9999.000 -9999.000 -9999.000 -9999.000 -9999.000 -9999.000 -9999.000 -9999.000 -9999.000 -9999.000 -9999.000 -9999.000 -9999.000 -9999.000 -9999.000 -9999.000 -9999.000 -9999.000 -9999.000 -9999.000 -9999.000 -9999.000 -9999.000 -9999.000 -9999.000 -9999.000 -9999.000 -9999.000 -9999.000 -9999.000 -9999.000 -9999.000 -9999.000 -9999.000 -9999.000 -9999.000 -9999.000 -9999.000 -9999.000 -9999.000 -9999.000 -9999.000 -9999.000 -9999.000 -9999.000 -9999.000 -9999.000 -9999.000 -9999.000 -9999.000 -9999.000 -9999.000 -9999.000 -9999.000 -9999.000 -9999.000 -9999.000
-9999.000 -9999.000 1396.902 1336.691 1294.616 1257.026 1213.653 1162.592 1105.486 1044.112 979.506 912.611 844.012 773.971 702.760 630.743 557.934 484.271 409.861 334.935 259.541 183.608 106.997 29.993 -46.874 -121.822 -190.399 -246.820 -288.100 -315.533 -332.553 -342.647 -348.464 -351.753 -353.587 -354.599 -355.153 -355.454 -355.616 -355.702 -355.746 -355.768 -355.778 -355.781 -355.781 -355.779 -355.776 -355.772 -355.768 -355.765 -355.760 -355.756 -355.752 -355.748 -355.744 -355.740 -355.736 -355.732 -355.728 -355.723 -355.719 -355.715 -355.711 -355.707 -355.703 -355.699 -355.695 -355.690 -355.686 -355.682 -355.678 -355.674 -355.670 -355.666 -355.662 -355.657 -355.653 -355.649 -355.645 -355.641 -355.637 -355.633 -355.629 -355.625 -355.620 -355.616 -355.612 -355.608 -355.604 -355.600 -355.596 -355.592 -355.587 -355.583 -355.579 -355.575 -355.571 -355.569 -355.585 -355.769 -357.326 -368.738 -9999.000 -9999.000
-9999.000 -9999.000 1396.917 1336.696 1294.617 1257.027 1213.653 1162.592 1105.486 1044.112 979.506 912.611 844.012 773.971 702.760 630.743 557.934 484.271 409.861 334.935 259.541 183.608 106.997 29.993 -46.874 -121.822 -190.399 -246.820 -288.100 -315.533 -332.553 -342.647 -348.464 -351.753 -353.587 -354.599 -355.153 -355.454 -355.616 -355.702 -355.746 -355.768 -355.778 -355.781 -355.781 -355.779 -355.776 -355.772 -355.768 -355.765 -355.760 -355.756 -355.752 -355.748 -355.744 -355.740 -355.736 -355.732 -355.728 -355.723 -355.719 -355.715 -355.711 -355.707 -355.703 -355.699 -355.695 -355.690 -355.686 -355.682 -355.678 -355.674 -355.670 -355.666 -355.662 -355.657 -355.653 -355.649 -355.645 -355.641 -355.637 -355.633 -355.629 -355.625 -355.620 -355.616 -355.612 -355.608 -355.604 -355.600 -355.596 -355.592 -355.587 -355.583 -355.579 -355.575 -355.571 -355.569 -355.585 -355.769 -357.326 -368.738 -9999.000 -9999.000
-9999.000 -9999.000 1396.926 1336.700 1294.618 1257.027 1213.653 1162.592 1105.486 1044.112 979.506 912.611 844.012 773.971 702.760 630.743 557.934 484.271 409.861 334.935 259.541 183.608 106.997 29.993 -46.874 -121.822 -190.399 -246.820 -288.100 -315.533 -332.553 -342.647 -348.464 -351.753 -353.587 -354.599 -355.153 -355.454 -355.616 -355.702 -355.746 -355.768 -355.778 -355.781 -355.781 -355.779 -355.776 -355.772 -355.768 -355.765 -355.760 -355.756 -355.752 -355.748 -355.744 -355.740 -355.736 -355.732 -355.728 -355.723 -355.719 -355.715 -355.711 -355.707 -355.703 -355.699 -355.695 -355.690 -355.686 -355.682 -355.678 -355.674 -355.670 -355.666 -355.662 -355.657 -355.653 -355.649 -355.645 -355.641 -355.637 -355.633 -355.629 -355.625 -355.620 -355.616 -355.612 -355.608 -355.604 -355.600 -355.596 -355.592 -355.587 -355.583 -355.579 -355.575 -355.571 -355.569 -355.585 -355.769 -357.326 -368.738 -9999.000 -9999.000
-9999.000 -9999.000 1396.926 1336.700 1294.618 1257.027 1213.653 1162.592 1105.486 1044.112 979.506 912.611 844.012 773.971 702.760 630.743 557.934 484.271 409.861 334.935 259.541 183.608 106.997 29.993 -46.874 -121.822 -190.399 -246.820 -288.100 -315.533 -332.553 -342.647 -348.464 -351.753 -353.587 -354.599 -355.153 -355.454 -355.616 -355.702 -355.746 -355.768 -355.778 -355.781 -355.781 -355.779 -355.776 -355.772 -355.768 -355.765 -355.760 -355.756 -355.752 -355.748 -355.744 -355.740 -355.736 -355.732 -355.728 -355.723 -355.719 -355.715 -355.711 -355.707 -355.703 -355.699 -355.695 -355.690 -355.686 -355.682 -355.678 -355.674 -355.670 -355.666 -355.662 -355.657 -355.653 -355.649 -355.645 -355.641 -355.637 -355.633 -355.629 -355.625 -355.620 -355.616 -355.612 -355.608 -355.604 -355.600 -355.596 -355.592 -355.587 -355.583 -355.579 -355.575 -355.571 -355.569 -355.585 -355.769 -357.326 -368.738 -9999.000 -9999.000
-9999.000 -9999.000 1396.917 1336.696 1294.617 1257.027 1213.653 1162.592 1105.486 1044.112 979.506 912.611 844.012 773.971 702.760 630.743 557.934 484.271 409.861 334.935 259.541 183.608 106.997 29.993 -46.874 -121.822 -190.399 -246.820 -288.100 -315.533 -332.553 -342.647 -348.464 -351.753 -353.587 -354.599 -355.153 -355.454 -355.616 -355.702 -355.746 -355.768 -355.778 -355.781 -355.781 -355.779 -355.776 -355.772 -355.768 -355.765 -355.760 -355.756 -355.752 -355.748 -355.744 -355.740 -355.736 -355.732 -355.728 -355.723 -355.719 -355.715 -355.711 -355.707 -355.703 -355.699 -355.695 -355.690 -355.686 -355.682 -355.678 -355.674 -355.670 -355.666 -355.662 -355.657 -355.653 -355.649 -355.645 -355.641 -355.637 -355.633 -355.629 -355.625 -355.620 -355.616 -355.612 -355.608 -355.604 -355.600 -355.596 -355.592 -355.587 -355.583 -355.579 -355.575 -355.571 -355.569 -355.585 -355.769 -357.326 -368.738 -9999.000 -9999.000
-9999.000 -9999.000 1396.902 1336.691 1294.616 1257.026 1213.653 1162.592 1105.486 1044.112 979.506 912.611 844.012 773.971 702.760 630.743 557.934 484.271 409.861 334.935 259.541 183.608 106.997 29.993 -46.874 -121.822 -190.399 -246.820 -288.100 -315.533 -332.553 -342.647 -348.464 -351.753 -353.587 -354.599 -355.153 -355.454 -355.616 -355.702 -355.746 -355.768 -355.778 -355.781 -355.781 -355.779 -355.776 -355.772 -355.768 -355.765 -355.760 -355.756 -355.752 -355.748 -355.744 -355.740 -355.736 -355.732 -355.728 -355.723 -355.719 -355.715 -355.711 -355.707 -355.703 -355.699 -355.695 -355.690 -355.686 -355.682 -355.678 -355.674 -355.670 -355.666 -355.662 -355.657 -355.653 -355.649 -355.645 -355.641 -355.637 -355.633 -355.629 -355.625 -355.620 -355.616 -355.612 -355.608 -355.604 -355.600 -355.596 -355.592 -355.587 -355.583 -355.579 -355.575 -355.571 -355.569 -355.585 -355.769 -357.326 -368.738 -9999.000 -9999.000
-9999.000 -9999.000 -9999.000 -9999.000 -9999.000 -9999.000 -9999.000 -9999.000 -9999.000 -9999.000 -9999.000 -9999.000 -9999.000 -9999.000 -9999.000 -9999.000 -9999.000 -9999.000 -9999.000 -9999.000 -9999.000 -9999.000 -9999.000 -9999.000 -9999.000 -9999.000 -9999.000 -9999.000 -9999.000 -9999.000 -9999.000 -9999.000 -9999.000 -9999.000 -9999.000 -9999.000 -9999.000 -9999.000 -9999.000 -9999.000 -9999.000 -9999.000 -9999.000 -9999.000 -9999.000 -9999.000 -9999.000 -9999.000 -9999.000 -9999.000 -9999.000 -9999.000 -9999.000 -9999.000 -9999.000 -9999.000 -9999.000 -9999.000 -9999.000 -9999.000 -9999.000 -9999.000 -9999.000 -9999.000 -9999.000 -9999.000 -9999.000 -9999.000 -9999.000 -9999.000 -9999.000 -9999.000 -9999.000 -9999.000 -9999.000 -9999.000 -9999.000 -9999.000 -9999.000 -9999.000 -9999.000 -9999.000 -9999.000 -9999.000 -9999.000 -9999.000 -9999.000 -9999.000 -9999.000 -9999.000 -9999.000 -9999.000 -9999.000 -9999.000 -9999.000 -9999.000 -9999.000 -9999.000 -9999.000 -9999.000 -9999.000 -9999.000 -9999.000 -9999.000
-9999.000 -9999.000 -9999.000 -9999.000 -9999.000 -9999.000 -9999.000 -9999.000 -9999.000 -9999.000 -9999.000 -9999.000 -9999.000 -9999.000 -9999.000 -9999.000 -9999.000 -9999.000 -9999.000 -9999.000 -9999.000 -9999.000 -9999.000 -9999.000 -9999.000 -9999.000 -9999.000 -9999.000 -9999.000 -9999.000 -9999.000 -9999.000 -9999.000 -9999.000 -9999.000 -9999.000 -9999.000 -9999.000 -9999.000 -9999.000 -9999.000 -9999.000 -9999.000 -9999.000 -9999.000 -9999.000 -9999.000 -9999.000 -9999.000 -9999.000 -9999.000 -9999.000 -9999.000 -9999.000 -9999.000 -9999.000 -9999.000 -9999.000 -9999.000 -9999.000 -9999.000 -9999.000 -9999.000 -9999.000 -9999.000 -9999.000 -9999.000 -9999.000 -9999.000 -9999.000 -9999.000 -9999.000 -9999.000 -9999.000 -9999.000 -9999.000 -9999.000 -9999.000 -9999.000 -9999.000 -9999.000 -9999.000 -9999.000 -9999.000 -9999.000 -9999.000 -9999.000 -9999.000 -9999.000 -9999.000 -9999.000 -9999.000 -9999.000 -9999.000 -9999.000 -9999.000 -9999.000 -9999.000 -9999.000 -9999.000 -9999.000 -9999.000 -9999.000 -9999.000