examples/3D/hillslope01/output-maps-METEOIO-OFF/psiliqL0035N0003.asc
ncols         104
nrows         10
xllcorner     -2.000000
yllcorner     0.000000
cellsize      1.000000
NODATA_value  -9999.0
-9999.000 -9999.000 -9999.000 -9999.000 -9999.000 -9999.000 -9999.000 -9999.000 -9999.000 -9999.000 -9999.000 -9999.000 -9999.000 -9999.000 -9999.000 -9999.000 -9999.000 -9999.000 -9999.000 -9999.000 -9999.000 -9999.000 -9999.000 -9999.000 -9999.000 -9999.000 -9999.000 -9999.000 -9999.000 -9999.000 -9999.000 -9999.000 -9999.000 -9999.000 -9999.000 -9999.000 -9999.000 -9999.000 -9999.000 -9999.000 -9999.000 -9999.000 -9999.000 -9999.000 -9999.000 -9999.000 -9999.000 -9999.000 -9999.000 -9999.000 -9999.000 -9999.000 -9999.000 -9999.000 -9999.000 -9999.000 -9999.000 -9999.000 -9999.000 -9999.000 -9999.000 -9999.000 -9999.000 -9999.000 -9999.000 -9999.000 -9999.000 -9999.000 -9999.000 -9999.000 -9999.000 -9999.000 -9999.000 -9999.000 -9999.000 -9999.000 -9999.000 -9999.000 -9999.000 -9999.000 -9999.000 -9999.000 -9999.000 -9999.000 -9999.000 -9999.000 -9999.000 -9999.000 -9999.000 -9999.000 -9999.000 -9999.000 -9999.000 -9999.000 -9999.000 -9999.000 -9999.000 -9999.000 -9999.000 -9999.000 -9999.000 -9999.000 -9999.000 -9999.000
-9999.000 -9999.000 -9999.000 -9999.000 -9999.000 -9999.000 -9999.000 -9999.000 -9999.000 -9999.000 -9999.000 -9999.000 -9999.000 -9999.000 -9999.000 -9999.000 -9999.000 -9999.000 -9999.000 -9999.000 -9999.000 -9999.000 -9999.000 -9999.000 -9999.000 -9999.000 -9999.000 -9999.000 -9999.000 -9999.000 -9999.000 -9999.000 -9999.000 -9999.000 -9999.000 -9999.000 -9999.000 -9999.000 -9999.000 -9999.000 -9999.000 -9999.000 -9999.000 -9999.000 -9999.000 -9999.000 -9999.000 -9999.000 -9999.000 -9999.000 -9999.000 -9999.000 -9999.000 -9999.000 -9999.000 -9999.000 -9999.000 -9999.000 -9999.000 -9999.000 -9999.000 -9999.000 -9999.000 -9999.000 -9999.000 -9999.000 -9999.000 -9999.000 -9999.000 -9999.000 -9999.000 -9999.000 -9999.000 -9999.000 -9999.000 -9999.000 -9999.000 -9999.000 -9999.000 -9999.000 -9999.000 -9999.000 -9999.000 -9999.000 -9999.000 -9999.000 -9999.000 -9999.000 -9999.000 -9999.000 -9999.000 -9999.000 -9999.000 -9999.000 -9999.000 -9999.000 -9999.000 -9999.000 -9999.000 -9999.000 -9999.000 -9999.000 -9999.000 -9999.000
-9999.000 -9999.000 3674.604 3585.990 3505.713 3430.026 3356.290 3283.121 3209.937 3136.550 3062.941 2989.161 2915.279 2841.349 2767.409 2693.498 2619.647 2545.869 2472.178 2398.600 2325.147 2251.810 2178.588 2105.508 2032.566 1959.738 1887.020 1814.444 1741.991 1669.628 1597.367 1525.237 1453.193 1381.196 1309.315 1237.545 1165.812 1094.091 1022.507 950.988 879.430 807.925 736.541 665.142 593.573 522.208 450.901 379.439 307.891 236.546 165.159 93.358 21.781 -49.485 -120.257 -189.557 -255.207 -315.717 -369.388 -414.505 -450.821 -479.007 -500.099 -515.357 -526.203 -533.781 -538.974 -542.494 -544.865 -546.445 -547.487 -548.171 -548.617 -548.907 -549.092 -549.211 -549.286 -549.333 -549.363 -549.381 -549.393 -549.399 -549.403 -549.406 -549.407 -549.408 -549.408 -549.408 -549.408 -549.408 -549.408 -549.407 -549.407 -549.407 -549.407 -549.408 -549.416 -549.460 -549.693 -550.810 -555.656 -575.382 -9999.000 -9999.000
-9999.000 -9999.000 3674.605 3585.990 3505.714 3430.026 3356.290 3283.121 3209.937 3136.550 3062.941 2989.161 2915.279 2841.349 2767.409 2693.498 2619.647 2545.869 2472.178 2398.600 2325.147 2251.810 2178.588 2105.508 2032.566 1959.738 1887.020 1814.444 1741.991 1669.628 1597.367 1525.237 1453.193 1381.196 1309.315 1237.545 1165.812 1094.091 1022.507 950.988 879.430 807.925 736.541 665.142 593.573 522.208 450.901 379.439 307.891 236.546 165.159 93.358 21.781 -49.485 -120.257 -189.557 -255.207 -315.717 -369.388 -414.505 -450.821 -479.007 -500.099 -515.357 -526.203 -533.781 -538.974 -542.494 -544.865 -546.445 -547.487 -548.171 -548.617 -548.907 -549.092 -549.211 -549.286 -549.333 -549.363 -549.381 -549.393 -549.399 -549.403 -549.406 -549.407 -549.408 -549.408 -549.408 -549.408 -549.408 -549.408 -549.407 -549.407 -549.407 -549.407 -549.408 -549.416 -549.460 -549.693 -550.810 -555.656 -575.382 -9999.000 -9999.000
-9999.000 -9999.000 3674.606 3585.991 3505.714 3430.026 3356.290 3283.121 3209.937 3136.550 3062.941 2989.161 2915.279 2841.349 2767.409 2693.498 2619.647 2545.869 2472.178 2398.600 2325.147 2251.810 2178.588 2105.508 2032.566 1959.738 1887.020 1814.444 1741.991 1669.628 1597.367 1525.237 1453.193 1381.196 1309.315 1237.545 1165.812 1094.091 1022.507 950.988 879.430 807.925 736.541 665.142 593.573 522.208 450.901 379.439 307.891 236.546 165.159 93.358 21.781 -49.485 -120.257 -189.557 -255.207 -315.717 -369.388 -414.505 -450.821 -479.007 -500.099 -515.357 -526.203 -533.781 -538.974 -542.494 -544.865 -546.445 -547.487 -548.171 -548.617 -548.907 -549.092 -549.211 -549.286 -549.333 -549.363 -549.381 -549.393 -549.399 -549.403 -549.406 -549.407 -549.408 -549.408 -549.408 -549.408 -549.408 -549.408 -549.407 -549.407 -549.407 -549.407 -549.408 -549.416 -549.460 -549.693 -550.810 -555.656 -575.382 -9999.000 -9999.000
-9999.000 -9999.000 3674.606 3585.991 3505.714 3430.026 3356.290 3283.121 3209.937 3136.550 3062.941 2989.161 2915.279 2841.349 2767.409 2693.498 2619.647 2545.869 2472.178 2398.600 2325.147 2251.810 2178.588 2105.508 2032.566 1959.738 1887.020 1814.444 1741.991 1669.628 1597.367 1525.237 1453.193 1381.196 1309.315 1237.545 1165.812 1094.091 1022.507 950.988 879.430 807.925 736.541 665.142 593.573 522.208 450.901 379.439 307.891 236.546 165.159 93.358 21.781 -49.485 -120.257 -189.557 -255.207 -315.717 -369.388 -414.505 -450.821 -479.007 -500.099 -515.357 -526.203 -533.781 -538.974 -542.494 -544.865 -546.445 -547.487 -548.171 -548.617 -548.907 -549.092 -549.211 -549.286 -549.333 -549.363 -549.381 -549.393 -549.399 -549.403 -549.406 -549.407 -549.408 -549.408 -549.408 -549.408 -549.408 -549.408 -549.407 -549.407 -549.407 -549.407 -549.408 -549.416 -549.460 -549.693 -550.810 -555.656 -575.382 -9999.000 -9999.000
-9999.000 -9999.000 3674.605 3585.990 3505.714 3430.026 3356.290 3283.121 3209.937 3136.550 3062.941 2989.161 2915.279 2841.349 2767.409 2693.498 2619.647 2545.869 2472.178 2398.600 2325.147 2251.810 2178.588 2105.508 2032.566 1959.738 1887.020 1814.444 1741.991 1669.628 1597.367 1525.237 1453.193 1381.196 1309.315 1237.545 1165.812 1094.091 1022.507 950.988 879.430 807.925 736.541 665.142 593.573 522.208 450.901 379.439 307.891 236.546 165.159 93.358 21.781 -49.485 -120.257 -189.557 -255.207 -315.717 -369.388 -414.505 -450.821 -479.007 -500.099 -515.357 -526.203 -533.781 -538.974 -542.494 -544.865 -546.445 -547.487 -548.171 -548.617 -548.907 -549.092 -549.211 -549.286 -549.333 -549.363 -549.381 -549.393 -549.399 -549.403 -549.406 -549.407 -549.408 -549.408 -549.408 -549.408 -549.408 -549.408 -549.407 -549.407 -549.407 -549.407 -549.408 -549.416 -549.460 -549.693 -550.810 -555.656 -575.382 -9999.000 -9999.000
-9999.000 -9999.000 3674.604 3585.990 3505.713 3430.026 3356.290 3283.121 3209.937 3136.550 3062.941 2989.161 2915.279 2841.349 2767.409 2693.498 2619.647 2545.869 2472.178 2398.600 2325.147 2251.810 2178.588 2105.508 2032.566 1959.738 1887.020 1814.444 1741.991 1669.628 1597.367 1525.237 1453.193 1381.196 1309.315 1237.545 1165.812 1094.091 1022.507 950.988 879.430 807.925 736.541 665.142 593.573 522.208 450.901 379.439 307.891 236.546 165.159 93.358 21.781 -49.485 -120.257 -189.557 -255.207 -315.717 -369.388 -414.505 -450.821 -479.007 -500.099 -515.357 -526.203 -533.781 -538.974 -542.494 -544.865 -546.445 -547.487 -548.171 -548.617 -548.907 -549.092 -549.211 -549.286 -549.333 -549.363 -549.381 -549.393 -549.399 -549.403 -549.406 -549.407 -549.408 -549.408 -549.408 -549.408 -549.408 -549.408 -549.407 -549.407 -549.407 -549.407 -549.408 -549.416 -549.460 -549.693 -550.810 -555.656 -575.382 -9999.000 -9999.000
-9999.000 -9999.000 -9999.000 -9999.000 -9999.000 -9999.000 -9999.000 -9999.000 -9999.000 -9999.000 -9999.000 -9999.000 -9999.000 -9999.000 -9999.000 -9999.000 -9999.000 -9999.000 -9999.000 -9999.000 -9999.000 -9999.000 -9999.000 -9999.000 -9999.000 -9999.000 -9999.000 -9999.000 -9999.000 -9999.000 -9999.000 -9999.000 -9999.000 -9999.000 -9999.000 -9999.000 -9999.000 -9999.000 -9999.000 -9999.000 -9999.000 -9999.000 -9999.000 -9999.000 -9999.000 -9999.000 -9999.000 -9999.000 -9999.000 -9999.000 -9999.000 -9999.000 -9999.000 -9999.000 -9999.000 -9999.000 -9999.000 -9999.000 -9999.000 -9999.000 -9999.000 -9999.000 -9999.000 -9999.000 -9999.000 -9999.000 -9999.000 -9999.000 -9999.000 -9999.000 -9999.000 -9999.000 -9999.000 -9999.000 -9999.000 -9999.000 -9999.000 -9999.000 -9999.000 -9999.000 -9999.000 -9999.000 -9999.000 -9999.000 -9999.000 -9999.000 -9999.000 -9999.000 -9999.000 -9999.000 -9999.000 -9999.000 -9999.000 -9999.000 -9999.000 -9999.000 -9999.000 -9999.000 -9999.000 -9999.000 -9999.000 -9999.000 -9999.000 -9999.000
-9999.000 -9999.000 -9999.000 -9999.000 -9999.000 -9999.000 -9999.000 -9999.000 -9999.000 -9999.000 -9999.000 -9999.000 -9999.000 -9999.000 -9999.000 -9999.000 -9999.000 -9999.000 -9999.000 -9999.000 -9999.000 -9999.000 -9999.000 -9999.000 -9999.000 -9999.000 -9999.000 -9999.000 -9999.000 -9999.000 -9999.000 -9999.000 -9999.000 -9999.000 -9999.000 -9999.000 -9999.000 -9999.000 -9999.000 -9999.000 -9999.000 -9999.000 -9999.000 -9999.000 -9999.000 -9999.000 -9999.000 -9999.000 -9999.000 -9999.000 -9999.000 -9999.000 -9999.000 -9999.000 -9999.000 -9999.000 -9999.000 -9999.000 -9999.000 -9999.000 -9999.000 -9999.000 -9999.000 -9999.000 -9999.000 -9999.000 -9999.000 -9999.000 -9999.000 -9999.000 -9999.000 -9999.000 -9999.000 -9999.000 -9999.000 -9999.000 -9999.000 -9999.000 -9999.000 -9999.000 -9999.000 -9999.000 -9999.000 -9999.000 -9999.000 -9999.000 -9999.000 -9999.000 -9999.000 -9999.000 -9999.000 -9999.000 -9999.000 -9999.000 -9999.000 -9999.000 -9999.000 -9999.000 -9999.000 -9999.000 -9999.000 -9999.000 -9999.000 -9999.000