examples/3D/hillslope01/output-maps-METEOIO-OFF/psiliqL0083N0003.asc
ncols         104
nrows         10
xllcorner     -2.000000
yllcorner     0.000000
cellsize      1.000000
NODATA_value  -9999.0
-9999.000 -9999.000 -9999.000 -9999.000 -9999.000 -9999.000 -9999.000 -9999.000 -9999.000 -9999.000 -9999.000 -9999.000 -9999.000 -9999.000 -9999.000 -9999.000 -9999.000 -9999.000 -9999.000 -9999.000 -9999.000 -9999.000 -9999.000 -9999.000 -9999.000 -9999.000 -9999.000 -9999.000 -9999.000 -9999.000 -9999.000 -9999.000 -9999.000 -9999.000 -9999.000 -9999.000 -9999.000 -9999.000 -9999.000 -9999.000 -9999.000 -9999.000 -9999.000 -9999.000 -9999.000 -9999.000 -9999.000 -9999.000 -9999.000 -9999.000 -9999.000 -9999.000 -9999.000 -9999.000 -9999.000 -9999.000 -9999.000 -9999.000 -9999.000 -9999.000 -9999.000 -9999.000 -9999.000 -9999.000 -9999.000 -9999.000 -9999.000 -9999.000 -9999.000 -9999.000 -9999.000 -9999.000 -9999.000 -9999.000 -9999.000 -9999.000 -9999.000 -9999.000 -9999.000 -9999.000 -9999.000 -9999.000 -9999.000 -9999.000 -9999.000 -9999.000 -9999.000 -9999.000 -9999.000 -9999.000 -9999.000 -9999.000 -9999.000 -9999.000 -9999.000 -9999.000 -9999.000 -9999.000 -9999.000 -9999.000 -9999.000 -9999.000 -9999.000 -9999.000
-9999.000 -9999.000 -9999.000 -9999.000 -9999.000 -9999.000 -9999.000 -9999.000 -9999.000 -9999.000 -9999.000 -9999.000 -9999.000 -9999.000 -9999.000 -9999.000 -9999.000 -9999.000 -9999.000 -9999.000 -9999.000 -9999.000 -9999.000 -9999.000 -9999.000 -9999.000 -9999.000 -9999.000 -9999.000 -9999.000 -9999.000 -9999.000 -9999.000 -9999.000 -9999.000 -9999.000 -9999.000 -9999.000 -9999.000 -9999.000 -9999.000 -9999.000 -9999.000 -9999.000 -9999.000 -9999.000 -9999.000 -9999.000 -9999.000 -9999.000 -9999.000 -9999.000 -9999.000 -9999.000 -9999.000 -9999.000 -9999.000 -9999.000 -9999.000 -9999.000 -9999.000 -9999.000 -9999.000 -9999.000 -9999.000 -9999.000 -9999.000 -9999.000 -9999.000 -9999.000 -9999.000 -9999.000 -9999.000 -9999.000 -9999.000 -9999.000 -9999.000 -9999.000 -9999.000 -9999.000 -9999.000 -9999.000 -9999.000 -9999.000 -9999.000 -9999.000 -9999.000 -9999.000 -9999.000 -9999.000 -9999.000 -9999.000 -9999.000 -9999.000 -9999.000 -9999.000 -9999.000 -9999.000 -9999.000 -9999.000 -9999.000 -9999.000 -9999.000 -9999.000
-9999.000 -9999.000 8517.614 8421.647 8329.499 8240.788 8155.043 8071.769 7990.503 7910.841 7832.449 7755.058 7678.459 7602.490 7527.028 7451.979 7377.274 7302.860 7228.696 7154.754 7081.010 7007.447 6934.050 6860.809 6787.714 6714.758 6641.932 6569.231 6496.648 6424.176 6351.810 6279.543 6207.369 6135.283 6063.277 5991.347 5919.484 5847.683 5775.936 5704.237 5632.579 5560.955 5489.356 5417.775 5346.206 5274.640 5203.069 5131.485 5059.880 4988.245 4916.571 4844.849 4773.070 4701.225 4629.305 4557.299 4485.198 4412.990 4340.666 4268.215 4195.625 4122.884 4049.980 3976.903 3903.639 3830.174 3756.495 3682.591 3608.446 3534.042 3459.365 3384.402 3309.137 3233.546 3157.612 3081.320 3004.651 2927.579 2850.077 2772.125 2693.709 2614.798 2535.357 2455.352 2374.756 2293.551 2211.700 2129.155 2045.866 1961.784 1876.870 1791.095 1704.403 1616.725 1527.985 1438.105 1347.003 1254.590 1160.770 1065.446 968.525 869.983 -9999.000 -9999.000
-9999.000 -9999.000 8517.614 8421.647 8329.499 8240.788 8155.043 8071.769 7990.503 7910.841 7832.449 7755.058 7678.459 7602.490 7527.028 7451.979 7377.274 7302.860 7228.696 7154.754 7081.010 7007.447 6934.050 6860.809 6787.714 6714.758 6641.932 6569.231 6496.648 6424.176 6351.810 6279.543 6207.369 6135.283 6063.277 5991.347 5919.484 5847.683 5775.936 5704.237 5632.579 5560.955 5489.356 5417.775 5346.206 5274.640 5203.069 5131.485 5059.880 4988.245 4916.571 4844.849 4773.070 4701.225 4629.305 4557.299 4485.198 4412.990 4340.666 4268.215 4195.625 4122.884 4049.980 3976.903 3903.639 3830.174 3756.495 3682.591 3608.446 3534.042 3459.365 3384.402 3309.137 3233.546 3157.612 3081.320 3004.651 2927.579 2850.077 2772.125 2693.709 2614.798 2535.357 2455.352 2374.756 2293.551 2211.700 2129.155 2045.866 1961.784 1876.870 1791.095 1704.403 1616.725 1527.985 1438.105 1347.003 1254.590 1160.770 1065.446 968.525 869.983 -9999.000 -9999.000
-9999.000 -9999.000 8517.614 8421.647 8329.499 8240.788 8155.043 8071.769 7990.503 7910.841 7832.449 7755.058 7678.459 7602.490 7527.028 7451.979 7377.274 7302.860 7228.696 7154.754 7081.010 7007.447 6934.050 6860.809 6787.714 6714.758 6641.932 6569.231 6496.648 6424.176 6351.810 6279.543 6207.369 6135.283 6063.277 5991.347 5919.484 5847.683 5775.936 5704.237 5632.579 5560.955 5489.356 5417.775 5346.206 5274.640 5203.069 5131.485 5059.880 4988.245 4916.571 4844.849 4773.070 4701.225 4629.305 4557.299 4485.198 4412.990 4340.666 4268.215 4195.625 4122.884 4049.980 3976.903 3903.639 3830.174 3756.495 3682.591 3608.446 3534.042 3459.365 3384.402 3309.137 3233.546 3157.612 3081.320 3004.651 2927.579 2850.077 2772.125 2693.709 2614.798 2535.357 2455.352 2374.756 2293.551 2211.700 2129.155 2045.866 1961.784 1876.870 1791.095 1704.403 1616.725 1527.985 1438.105 1347.003 1254.590 1160.770 1065.446 968.525 869.983 -9999.000 -9999.000
-9999.000 -9999.000 8517.614 8421.647 8329.499 8240.788 8155.043 8071.769 7990.503 7910.841 7832.449 7755.058 7678.459 7602.490 7527.028 7451.979 7377.274 7302.860 7228.696 7154.754 7081.010 7007.447 6934.050 6860.809 6787.714 6714.758 6641.932 6569.231 6496.648 6424.176 6351.810 6279.543 6207.369 6135.283 6063.277 5991.347 5919.484 5847.683 5775.936 5704.237 5632.579 5560.955 5489.356 5417.775 5346.206 5274.640 5203.069 5131.485 5059.880 4988.245 4916.571 4844.849 4773.070 4701.225 4629.305 4557.299 4485.198 4412.990 4340.666 4268.215 4195.625 4122.884 4049.980 3976.903 3903.639 3830.174 3756.495 3682.591 3608.446 3534.042 3459.365 3384.402 3309.137 3233.546 3157.612 3081.320 3004.651 2927.579 2850.077 2772.125 2693.709 2614.798 2535.357 2455.352 2374.756 2293.551 2211.700 2129.155 2045.866 1961.784 1876.870 1791.095 1704.403 1616.725 1527.985 1438.105 1347.003 1254.590 1160.770 1065.446 968.525 869.983 -9999.000 -9999.000
-9999.000 -9999.000 8517.614 8421.647 8329.499 8240.788 8155.043 8071.769 7990.503 7910.841 7832.449 7755.058 7678.459 7602.490 7527.028 7451.979 7377.274 7302.860 7228.696 7154.754 7081.010 7007.447 6934.050 6860.809 6787.714 6714.758 6641.932 6569.231 6496.648 6424.176 6351.810 6279.543 6207.369 6135.283 6063.277 5991.347 5919.484 5847.683 5775.936 5704.237 5632.579 5560.955 5489.356 5417.775 5346.206 5274.640 5203.069 5131.485 5059.880 4988.245 4916.571 4844.849 4773.070 4701.225 4629.305 4557.299 4485.198 4412.990 4340.666 4268.215 4195.625 4122.884 4049.980 3976.903 3903.639 3830.174 3756.495 3682.591 3608.446 3534.042 3459.365 3384.402 3309.137 3233.546 3157.612 3081.320 3004.651 2927.579 2850.077 2772.125 2693.709 2614.798 2535.357 2455.352 2374.756 2293.551 2211.700 2129.155 2045.866 1961.784 1876.870 1791.095 1704.403 1616.725 1527.985 1438.105 1347.003 1254.590 1160.770 1065.446 968.525 869.983 -9999.000 -9999.000
-9999.000 -9999.000 8517.614 8421.647 8329.499 8240.788 8155.043 8071.769 7990.503 7910.841 7832.449 7755.058 7678.459 7602.490 7527.028 7451.979 7377.274 7302.860 7228.696 7154.754 7081.010 7007.447 6934.050 6860.809 6787.714 6714.758 6641.932 6569.231 6496.648 6424.176 6351.810 6279.543 6207.369 6135.283 6063.277 5991.347 5919.484 5847.683 5775.936 5704.237 5632.579 5560.955 5489.356 5417.775 5346.206 5274.640 5203.069 5131.485 5059.880 4988.245 4916.571 4844.849 4773.070 4701.225 4629.305 4557.299 4485.198 4412.990 4340.666 4268.215 4195.625 4122.884 4049.980 3976.903 3903.639 3830.174 3756.495 3682.591 3608.446 3534.042 3459.365 3384.402 3309.137 3233.546 3157.612 3081.320 3004.651 2927.579 2850.077 2772.125 2693.709 2614.798 2535.357 2455.352 2374.756 2293.551 2211.700 2129.155 2045.866 1961.784 1876.870 1791.095 1704.403 1616.725 1527.985 1438.105 1347.003 1254.590 1160.770 1065.446 968.525 869.983 -9999.000 -9999.000
-9999.000 -9999.000 -9999.000 -9999.000 -9999.000 -9999.000 -9999.000 -9999.000 -9999.000 -9999.000 -9999.000 -9999.000 -9999.000 -9999.000 -9999.000 -9999.000 -9999.000 -9999.000 -9999.000 -9999.000 -9999.000 -9999.000 -9999.000 -9999.000 -9999.000 -9999.000 -9999.000 -9999.000 -9999.000 -9999.000 -9999.000 -9999.000 -9999.000 -9999.000 -9999.000 -9999.000 -9999.000 -9999.000 -9999.000 -9999.000 -9999.000 -9999.000 -9999.000 -9999.000 -9999.000 -9999.000 -9999.000 -9999.000 -9999.000 -9999.000 -9999.000 -9999.000 -9999.000 -9999.000 -9999.000 -9999.000 -9999.000 -9999.000 -9999.000 -9999.000 -9999.000 -9999.000 -9999.000 -9999.000 -9999.000 -9999.000 -9999.000 -9999.000 -9999.000 -9999.000 -9999.000 -9999.000 -9999.000 -9999.000 -9999.000 -9999.000 -9999.000 -9999.000 -9999.000 -9999.000 -9999.000 -9999.000 -9999.000 -9999.000 -9999.000 -9999.000 -9999.000 -9999.000 -9999.000 -9999.000 -9999.000 -9999.000 -9999.000 -9999.000 -9999.000 -9999.000 -9999.000 -9999.000 -9999.000 -9999.000 -9999.000 -9999.000 -9999.000 -9999.000
-9999.000 -9999.000 -9999.000 -9999.000 -9999.000 -9999.000 -9999.000 -9999.000 -9999.000 -9999.000 -9999.000 -9999.000 -9999.000 -9999.000 -9999.000 -9999.000 -9999.000 -9999.000 -9999.000 -9999.000 -9999.000 -9999.000 -9999.000 -9999.000 -9999.000 -9999.000 -9999.000 -9999.000 -9999.000 -9999.000 -9999.000 -9999.000 -9999.000 -9999.000 -9999.000 -9999.000 -9999.000 -9999.000 -9999.000 -9999.000 -9999.000 -9999.000 -9999.000 -9999.000 -9999.000 -9999.000 -9999.000 -9999.000 -9999.000 -9999.000 -9999.000 -9999.000 -9999.000 -9999.000 -9999.000 -9999.000 -9999.000 -9999.000 -9999.000 -9999.000 -9999.000 -9999.000 -9999.000 -9999.000 -9999.000 -9999.000 -9999.000 -9999.000 -9999.000 -9999.000 -9999.000 -9999.000 -9999.000 -9999.000 -9999.000 -9999.000 -9999.000 -9999.000 -9999.000 -9999.000 -9999.000 -9999.000 -9999.000 -9999.000 -9999.000 -9999.000 -9999.000 -9999.000 -9999.000 -9999.000 -9999.000 -9999.000 -9999.000 -9999.000 -9999.000 -9999.000 -9999.000 -9999.000 -9999.000 -9999.000 -9999.000 -9999.000 -9999.000 -9999.000