examples/3D/hillslope01/output-maps-METEOIO-OFF/psiliqL0081N0002.asc
ncols         104
nrows         10
xllcorner     -2.000000
yllcorner     0.000000
cellsize      1.000000
NODATA_value  -9999.0
-9999.000 -9999.000 -9999.000 -9999.000 -9999.000 -9999.000 -9999.000 -9999.000 -9999.000 -9999.000 -9999.000 -9999.000 -9999.000 -9999.000 -9999.000 -9999.000 -9999.000 -9999.000 -9999.000 -9999.000 -9999.000 -9999.000 -9999.000 -9999.000 -9999.000 -9999.000 -9999.000 -9999.000 -9999.000 -9999.000 -9999.000 -9999.000 -9999.000 -9999.000 -9999.000 -9999.000 -9999.000 -9999.000 -9999.000 -9999.000 -9999.000 -9999.000 -9999.000 -9999.000 -9999.000 -9999.000 -9999.000 -9999.000 -9999.000 -9999.000 -9999.000 -9999.000 -9999.000 -9999.000 -9999.000 -9999.000 -9999.000 -9999.000 -9999.000 -9999.000 -9999.000 -9999.000 -9999.000 -9999.000 -9999.000 -9999.000 -9999.000 -9999.000 -9999.000 -9999.000 -9999.000 -9999.000 -9999.000 -9999.000 -9999.000 -9999.000 -9999.000 -9999.000 -9999.000 -9999.000 -9999.000 -9999.000 -9999.000 -9999.000 -9999.000 -9999.000 -9999.000 -9999.000 -9999.000 -9999.000 -9999.000 -9999.000 -9999.000 -9999.000 -9999.000 -9999.000 -9999.000 -9999.000 -9999.000 -9999.000 -9999.000 -9999.000 -9999.000 -9999.000
-9999.000 -9999.000 -9999.000 -9999.000 -9999.000 -9999.000 -9999.000 -9999.000 -9999.000 -9999.000 -9999.000 -9999.000 -9999.000 -9999.000 -9999.000 -9999.000 -9999.000 -9999.000 -9999.000 -9999.000 -9999.000 -9999.000 -9999.000 -9999.000 -9999.000 -9999.000 -9999.000 -9999.000 -9999.000 -9999.000 -9999.000 -9999.000 -9999.000 -9999.000 -9999.000 -9999.000 -9999.000 -9999.000 -9999.000 -9999.000 -9999.000 -9999.000 -9999.000 -9999.000 -9999.000 -9999.000 -9999.000 -9999.000 -9999.000 -9999.000 -9999.000 -9999.000 -9999.000 -9999.000 -9999.000 -9999.000 -9999.000 -9999.000 -9999.000 -9999.000 -9999.000 -9999.000 -9999.000 -9999.000 -9999.000 -9999.000 -9999.000 -9999.000 -9999.000 -9999.000 -9999.000 -9999.000 -9999.000 -9999.000 -9999.000 -9999.000 -9999.000 -9999.000 -9999.000 -9999.000 -9999.000 -9999.000 -9999.000 -9999.000 -9999.000 -9999.000 -9999.000 -9999.000 -9999.000 -9999.000 -9999.000 -9999.000 -9999.000 -9999.000 -9999.000 -9999.000 -9999.000 -9999.000 -9999.000 -9999.000 -9999.000 -9999.000 -9999.000 -9999.000
-9999.000 -9999.000 8383.443 8288.458 8198.192 8112.115 8029.556 7949.808 7872.198 7796.138 7721.142 7646.821 7572.877 7499.083 7425.270 7351.317 7277.133 7202.655 7127.840 7052.659 6977.090 6901.125 6824.756 6747.982 6670.804 6593.225 6515.249 6436.883 6358.131 6279.000 6199.498 6119.630 6039.402 5958.823 5877.898 5796.634 5715.037 5633.113 5550.868 5468.307 5385.437 5302.264 5218.792 5135.023 5050.963 4966.614 4881.983 4797.075 4711.894 4626.439 4540.712 4454.711 4368.437 4281.894 4195.085 4108.015 4020.685 3933.091 3845.228 3757.087 3668.659 3579.943 3490.937 3401.644 3312.067 3222.206 3132.057 3041.611 2950.856 2859.771 2768.334 2676.521 2584.317 2491.708 2398.687 2305.243 2211.368 2117.048 2022.270 1927.017 1831.269 1735.007 1638.207 1540.845 1442.894 1344.328 1245.118 1145.235 1044.653 943.350 841.296 738.461 634.812 530.314 424.936 318.629 211.328 102.908 -6.920 -118.259 -232.085 -348.550 -9999.000 -9999.000
-9999.000 -9999.000 8383.443 8288.458 8198.192 8112.115 8029.556 7949.808 7872.198 7796.138 7721.142 7646.821 7572.877 7499.083 7425.270 7351.317 7277.133 7202.655 7127.840 7052.659 6977.090 6901.125 6824.756 6747.982 6670.804 6593.225 6515.249 6436.883 6358.131 6279.000 6199.498 6119.630 6039.402 5958.823 5877.898 5796.634 5715.037 5633.113 5550.868 5468.307 5385.437 5302.264 5218.792 5135.023 5050.963 4966.614 4881.983 4797.075 4711.894 4626.439 4540.712 4454.711 4368.437 4281.894 4195.085 4108.015 4020.685 3933.091 3845.228 3757.087 3668.659 3579.943 3490.937 3401.644 3312.067 3222.206 3132.057 3041.611 2950.856 2859.771 2768.334 2676.521 2584.317 2491.708 2398.687 2305.243 2211.368 2117.048 2022.270 1927.017 1831.269 1735.007 1638.207 1540.845 1442.894 1344.328 1245.118 1145.235 1044.653 943.350 841.296 738.461 634.812 530.314 424.936 318.629 211.328 102.908 -6.920 -118.259 -232.085 -348.550 -9999.000 -9999.000
-9999.000 -9999.000 8383.443 8288.458 8198.192 8112.115 8029.556 7949.808 7872.198 7796.138 7721.142 7646.821 7572.877 7499.083 7425.270 7351.317 7277.133 7202.655 7127.840 7052.659 6977.090 6901.125 6824.756 6747.982 6670.804 6593.225 6515.249 6436.883 6358.131 6279.000 6199.498 6119.630 6039.402 5958.823 5877.898 5796.634 5715.037 5633.113 5550.868 5468.307 5385.437 5302.264 5218.792 5135.023 5050.963 4966.614 4881.983 4797.075 4711.894 4626.439 4540.712 4454.711 4368.437 4281.894 4195.085 4108.015 4020.685 3933.091 3845.228 3757.087 3668.659 3579.943 3490.937 3401.644 3312.067 3222.206 3132.057 3041.611 2950.856 2859.771 2768.334 2676.521 2584.317 2491.708 2398.687 2305.243 2211.368 2117.048 2022.270 1927.017 1831.269 1735.007 1638.207 1540.845 1442.894 1344.328 1245.118 1145.235 1044.653 943.350 841.296 738.461 634.812 530.314 424.936 318.629 211.328 102.908 -6.920 -118.259 -232.085 -348.550 -9999.000 -9999.000
-9999.000 -9999.000 8383.443 8288.458 8198.192 8112.115 8029.556 7949.808 7872.198 7796.138 7721.142 7646.821 7572.877 7499.083 7425.270 7351.317 7277.133 7202.655 7127.840 7052.659 6977.090 6901.125 6824.756 6747.982 6670.804 6593.225 6515.249 6436.883 6358.131 6279.000 6199.498 6119.630 6039.402 5958.823 5877.898 5796.634 5715.037 5633.113 5550.868 5468.307 5385.437 5302.264 5218.792 5135.023 5050.963 4966.614 4881.983 4797.075 4711.894 4626.439 4540.712 4454.711 4368.437 4281.894 4195.085 4108.015 4020.685 3933.091 3845.228 3757.087 3668.659 3579.943 3490.937 3401.644 3312.067 3222.206 3132.057 3041.611 2950.856 2859.771 2768.334 2676.521 2584.317 2491.708 2398.687 2305.243 2211.368 2117.048 2022.270 1927.017 1831.269 1735.007 1638.207 1540.845 1442.894 1344.328 1245.118 1145.235 1044.653 943.350 841.296 738.461 634.812 530.314 424.936 318.629 211.328 102.908 -6.920 -118.259 -232.085 -348.550 -9999.000 -9999.000
-9999.000 -9999.000 8383.443 8288.458 8198.192 8112.115 8029.556 7949.808 7872.198 7796.138 7721.142 7646.821 7572.877 7499.083 7425.270 7351.317 7277.133 7202.655 7127.840 7052.659 6977.090 6901.125 6824.756 6747.982 6670.804 6593.225 6515.249 6436.883 6358.131 6279.000 6199.498 6119.630 6039.402 5958.823 5877.898 5796.634 5715.037 5633.113 5550.868 5468.307 5385.437 5302.264 5218.792 5135.023 5050.963 4966.614 4881.983 4797.075 4711.894 4626.439 4540.712 4454.711 4368.437 4281.894 4195.085 4108.015 4020.685 3933.091 3845.228 3757.087 3668.659 3579.943 3490.937 3401.644 3312.067 3222.206 3132.057 3041.611 2950.856 2859.771 2768.334 2676.521 2584.317 2491.708 2398.687 2305.243 2211.368 2117.048 2022.270 1927.017 1831.269 1735.007 1638.207 1540.845 1442.894 1344.328 1245.118 1145.235 1044.653 943.350 841.296 738.461 634.812 530.314 424.936 318.629 211.328 102.908 -6.920 -118.259 -232.085 -348.550 -9999.000 -9999.000
-9999.000 -9999.000 8383.443 8288.458 8198.192 8112.115 8029.556 7949.808 7872.198 7796.138 7721.142 7646.821 7572.877 7499.083 7425.270 7351.317 7277.133 7202.655 7127.840 7052.659 6977.090 6901.125 6824.756 6747.982 6670.804 6593.225 6515.249 6436.883 6358.131 6279.000 6199.498 6119.630 6039.402 5958.823 5877.898 5796.634 5715.037 5633.113 5550.868 5468.307 5385.437 5302.264 5218.792 5135.023 5050.963 4966.614 4881.983 4797.075 4711.894 4626.439 4540.712 4454.711 4368.437 4281.894 4195.085 4108.015 4020.685 3933.091 3845.228 3757.087 3668.659 3579.943 3490.937 3401.644 3312.067 3222.206 3132.057 3041.611 2950.856 2859.771 2768.334 2676.521 2584.317 2491.708 2398.687 2305.243 2211.368 2117.048 2022.270 1927.017 1831.269 1735.007 1638.207 1540.845 1442.894 1344.328 1245.118 1145.235 1044.653 943.350 841.296 738.461 634.812 530.314 424.936 318.629 211.328 102.908 -6.920 -118.259 -232.085 -348.550 -9999.000 -9999.000
-9999.000 -9999.000 -9999.000 -9999.000 -9999.000 -9999.000 -9999.000 -9999.000 -9999.000 -9999.000 -9999.000 -9999.000 -9999.000 -9999.000 -9999.000 -9999.000 -9999.000 -9999.000 -9999.000 -9999.000 -9999.000 -9999.000 -9999.000 -9999.000 -9999.000 -9999.000 -9999.000 -9999.000 -9999.000 -9999.000 -9999.000 -9999.000 -9999.000 -9999.000 -9999.000 -9999.000 -9999.000 -9999.000 -9999.000 -9999.000 -9999.000 -9999.000 -9999.000 -9999.000 -9999.000 -9999.000 -9999.000 -9999.000 -9999.000 -9999.000 -9999.000 -9999.000 -9999.000 -9999.000 -9999.000 -9999.000 -9999.000 -9999.000 -9999.000 -9999.000 -9999.000 -9999.000 -9999.000 -9999.000 -9999.000 -9999.000 -9999.000 -9999.000 -9999.000 -9999.000 -9999.000 -9999.000 -9999.000 -9999.000 -9999.000 -9999.000 -9999.000 -9999.000 -9999.000 -9999.000 -9999.000 -9999.000 -9999.000 -9999.000 -9999.000 -9999.000 -9999.000 -9999.000 -9999.000 -9999.000 -9999.000 -9999.000 -9999.000 -9999.000 -9999.000 -9999.000 -9999.000 -9999.000 -9999.000 -9999.000 -9999.000 -9999.000 -9999.000 -9999.000
-9999.000 -9999.000 -9999.000 -9999.000 -9999.000 -9999.000 -9999.000 -9999.000 -9999.000 -9999.000 -9999.000 -9999.000 -9999.000 -9999.000 -9999.000 -9999.000 -9999.000 -9999.000 -9999.000 -9999.000 -9999.000 -9999.000 -9999.000 -9999.000 -9999.000 -9999.000 -9999.000 -9999.000 -9999.000 -9999.000 -9999.000 -9999.000 -9999.000 -9999.000 -9999.000 -9999.000 -9999.000 -9999.000 -9999.000 -9999.000 -9999.000 -9999.000 -9999.000 -9999.000 -9999.000 -9999.000 -9999.000 -9999.000 -9999.000 -9999.000 -9999.000 -9999.000 -9999.000 -9999.000 -9999.000 -9999.000 -9999.000 -9999.000 -9999.000 -9999.000 -9999.000 -9999.000 -9999.000 -9999.000 -9999.000 -9999.000 -9999.000 -9999.000 -9999.000 -9999.000 -9999.000 -9999.000 -9999.000 -9999.000 -9999.000 -9999.000 -9999.000 -9999.000 -9999.000 -9999.000 -9999.000 -9999.000 -9999.000 -9999.000 -9999.000 -9999.000 -9999.000 -9999.000 -9999.000 -9999.000 -9999.000 -9999.000 -9999.000 -9999.000 -9999.000 -9999.000 -9999.000 -9999.000 -9999.000 -9999.000 -9999.000 -9999.000 -9999.000 -9999.000