examples/3D/hillslope01/output-maps-METEOIO-OFF/psiliqL0062N0003.asc
ncols         104
nrows         10
xllcorner     -2.000000
yllcorner     0.000000
cellsize      1.000000
NODATA_value  -9999.0
-9999.000 -9999.000 -9999.000 -9999.000 -9999.000 -9999.000 -9999.000 -9999.000 -9999.000 -9999.000 -9999.000 -9999.000 -9999.000 -9999.000 -9999.000 -9999.000 -9999.000 -9999.000 -9999.000 -9999.000 -9999.000 -9999.000 -9999.000 -9999.000 -9999.000 -9999.000 -9999.000 -9999.000 -9999.000 -9999.000 -9999.000 -9999.000 -9999.000 -9999.000 -9999.000 -9999.000 -9999.000 -9999.000 -9999.000 -9999.000 -9999.000 -9999.000 -9999.000 -9999.000 -9999.000 -9999.000 -9999.000 -9999.000 -9999.000 -9999.000 -9999.000 -9999.000 -9999.000 -9999.000 -9999.000 -9999.000 -9999.000 -9999.000 -9999.000 -9999.000 -9999.000 -9999.000 -9999.000 -9999.000 -9999.000 -9999.000 -9999.000 -9999.000 -9999.000 -9999.000 -9999.000 -9999.000 -9999.000 -9999.000 -9999.000 -9999.000 -9999.000 -9999.000 -9999.000 -9999.000 -9999.000 -9999.000 -9999.000 -9999.000 -9999.000 -9999.000 -9999.000 -9999.000 -9999.000 -9999.000 -9999.000 -9999.000 -9999.000 -9999.000 -9999.000 -9999.000 -9999.000 -9999.000 -9999.000 -9999.000 -9999.000 -9999.000 -9999.000 -9999.000
-9999.000 -9999.000 -9999.000 -9999.000 -9999.000 -9999.000 -9999.000 -9999.000 -9999.000 -9999.000 -9999.000 -9999.000 -9999.000 -9999.000 -9999.000 -9999.000 -9999.000 -9999.000 -9999.000 -9999.000 -9999.000 -9999.000 -9999.000 -9999.000 -9999.000 -9999.000 -9999.000 -9999.000 -9999.000 -9999.000 -9999.000 -9999.000 -9999.000 -9999.000 -9999.000 -9999.000 -9999.000 -9999.000 -9999.000 -9999.000 -9999.000 -9999.000 -9999.000 -9999.000 -9999.000 -9999.000 -9999.000 -9999.000 -9999.000 -9999.000 -9999.000 -9999.000 -9999.000 -9999.000 -9999.000 -9999.000 -9999.000 -9999.000 -9999.000 -9999.000 -9999.000 -9999.000 -9999.000 -9999.000 -9999.000 -9999.000 -9999.000 -9999.000 -9999.000 -9999.000 -9999.000 -9999.000 -9999.000 -9999.000 -9999.000 -9999.000 -9999.000 -9999.000 -9999.000 -9999.000 -9999.000 -9999.000 -9999.000 -9999.000 -9999.000 -9999.000 -9999.000 -9999.000 -9999.000 -9999.000 -9999.000 -9999.000 -9999.000 -9999.000 -9999.000 -9999.000 -9999.000 -9999.000 -9999.000 -9999.000 -9999.000 -9999.000 -9999.000 -9999.000
-9999.000 -9999.000 6415.009 6320.306 6230.391 6144.438 6061.554 5980.952 5902.011 5824.278 5747.433 5671.255 5595.591 5520.336 5445.415 5370.774 5296.377 5222.193 5148.204 5074.395 5000.753 4927.270 4853.939 4780.752 4707.705 4634.791 4562.004 4489.339 4416.792 4344.356 4272.025 4199.794 4127.656 4055.605 3983.637 3911.744 3839.919 3768.157 3696.451 3624.794 3553.177 3481.595 3410.041 3338.504 3266.977 3195.457 3123.936 3052.400 2980.844 2909.262 2837.640 2765.967 2694.242 2622.458 2550.593 2478.639 2406.601 2334.461 2262.195 2189.805 2117.290 2044.621 1971.776 1898.771 1825.597 1752.212 1678.589 1604.771 1530.736 1456.426 1381.805 1306.943 1231.812 1156.340 1080.473 1004.284 927.776 850.869 773.482 695.598 617.353 538.662 459.432 379.575 299.056 218.078 136.513 54.264 -28.581 -110.883 -190.081 -261.746 -321.740 -367.807 -400.488 -422.233 -436.037 -444.603 -450.237 -455.467 -464.811 -490.184 -9999.000 -9999.000
-9999.000 -9999.000 6415.009 6320.306 6230.391 6144.438 6061.554 5980.952 5902.011 5824.278 5747.433 5671.255 5595.591 5520.336 5445.415 5370.774 5296.377 5222.193 5148.204 5074.395 5000.753 4927.270 4853.939 4780.752 4707.705 4634.791 4562.004 4489.339 4416.792 4344.356 4272.025 4199.794 4127.656 4055.605 3983.637 3911.744 3839.919 3768.157 3696.451 3624.794 3553.177 3481.595 3410.041 3338.504 3266.977 3195.457 3123.936 3052.400 2980.844 2909.262 2837.640 2765.967 2694.242 2622.458 2550.593 2478.639 2406.601 2334.461 2262.195 2189.805 2117.290 2044.621 1971.776 1898.771 1825.597 1752.212 1678.589 1604.771 1530.736 1456.426 1381.805 1306.943 1231.812 1156.340 1080.473 1004.284 927.776 850.869 773.482 695.598 617.353 538.662 459.432 379.575 299.056 218.078 136.513 54.264 -28.581 -110.883 -190.081 -261.746 -321.740 -367.807 -400.488 -422.233 -436.037 -444.603 -450.237 -455.467 -464.811 -490.184 -9999.000 -9999.000
-9999.000 -9999.000 6415.009 6320.306 6230.391 6144.438 6061.554 5980.952 5902.011 5824.278 5747.433 5671.255 5595.591 5520.336 5445.415 5370.774 5296.377 5222.193 5148.204 5074.395 5000.753 4927.270 4853.939 4780.752 4707.705 4634.791 4562.004 4489.339 4416.792 4344.356 4272.025 4199.794 4127.656 4055.605 3983.637 3911.744 3839.919 3768.157 3696.451 3624.794 3553.177 3481.595 3410.041 3338.504 3266.977 3195.457 3123.936 3052.400 2980.844 2909.262 2837.640 2765.967 2694.242 2622.458 2550.593 2478.639 2406.601 2334.461 2262.195 2189.805 2117.290 2044.621 1971.776 1898.771 1825.597 1752.212 1678.589 1604.771 1530.736 1456.426 1381.805 1306.943 1231.812 1156.340 1080.473 1004.284 927.776 850.869 773.482 695.598 617.353 538.662 459.432 379.575 299.056 218.078 136.513 54.264 -28.581 -110.883 -190.081 -261.746 -321.740 -367.807 -400.488 -422.233 -436.037 -444.603 -450.237 -455.467 -464.811 -490.184 -9999.000 -9999.000
-9999.000 -9999.000 6415.009 6320.306 6230.391 6144.438 6061.554 5980.952 5902.011 5824.278 5747.433 5671.255 5595.591 5520.336 5445.415 5370.774 5296.377 5222.193 5148.204 5074.395 5000.753 4927.270 4853.939 4780.752 4707.705 4634.791 4562.004 4489.339 4416.792 4344.356 4272.025 4199.794 4127.656 4055.605 3983.637 3911.744 3839.919 3768.157 3696.451 3624.794 3553.177 3481.595 3410.041 3338.504 3266.977 3195.457 3123.936 3052.400 2980.844 2909.262 2837.640 2765.967 2694.242 2622.458 2550.593 2478.639 2406.601 2334.461 2262.195 2189.805 2117.290 2044.621 1971.776 1898.771 1825.597 1752.212 1678.589 1604.771 1530.736 1456.426 1381.805 1306.943 1231.812 1156.340 1080.473 1004.284 927.776 850.869 773.482 695.598 617.353 538.662 459.432 379.575 299.056 218.078 136.513 54.264 -28.581 -110.883 -190.081 -261.746 -321.740 -367.807 -400.488 -422.233 -436.037 -444.603 -450.237 -455.467 -464.811 -490.184 -9999.000 -9999.000
-9999.000 -9999.000 6415.009 6320.306 6230.391 6144.438 6061.554 5980.952 5902.011 5824.278 5747.433 5671.255 5595.591 5520.336 5445.415 5370.774 5296.377 5222.193 5148.204 5074.395 5000.753 4927.270 4853.939 4780.752 4707.705 4634.791 4562.004 4489.339 4416.792 4344.356 4272.025 4199.794 4127.656 4055.605 3983.637 3911.744 3839.919 3768.157 3696.451 3624.794 3553.177 3481.595 3410.041 3338.504 3266.977 3195.457 3123.936 3052.400 2980.844 2909.262 2837.640 2765.967 2694.242 2622.458 2550.593 2478.639 2406.601 2334.461 2262.195 2189.805 2117.290 2044.621 1971.776 1898.771 1825.597 1752.212 1678.589 1604.771 1530.736 1456.426 1381.805 1306.943 1231.812 1156.340 1080.473 1004.284 927.776 850.869 773.482 695.598 617.353 538.662 459.432 379.575 299.056 218.078 136.513 54.264 -28.581 -110.883 -190.081 -261.746 -321.740 -367.807 -400.488 -422.233 -436.037 -444.603 -450.237 -455.467 -464.811 -490.184 -9999.000 -9999.000
-9999.000 -9999.000 6415.009 6320.306 6230.391 6144.438 6061.554 5980.952 5902.011 5824.278 5747.433 5671.255 5595.591 5520.336 5445.415 5370.774 5296.377 5222.193 5148.204 5074.395 5000.753 4927.270 4853.939 4780.752 4707.705 4634.791 4562.004 4489.339 4416.792 4344.356 4272.025 4199.794 4127.656 4055.605 3983.637 3911.744 3839.919 3768.157 3696.451 3624.794 3553.177 3481.595 3410.041 3338.504 3266.977 3195.457 3123.936 3052.400 2980.844 2909.262 2837.640 2765.967 2694.242 2622.458 2550.593 2478.639 2406.601 2334.461 2262.195 2189.805 2117.290 2044.621 1971.776 1898.771 1825.597 1752.212 1678.589 1604.771 1530.736 1456.426 1381.805 1306.943 1231.812 1156.340 1080.473 1004.284 927.776 850.869 773.482 695.598 617.353 538.662 459.432 379.575 299.056 218.078 136.513 54.264 -28.581 -110.883 -190.081 -261.746 -321.740 -367.807 -400.488 -422.233 -436.037 -444.603 -450.237 -455.467 -464.811 -490.184 -9999.000 -9999.000
-9999.000 -9999.000 -9999.000 -9999.000 -9999.000 -9999.000 -9999.000 -9999.000 -9999.000 -9999.000 -9999.000 -9999.000 -9999.000 -9999.000 -9999.000 -9999.000 -9999.000 -9999.000 -9999.000 -9999.000 -9999.000 -9999.000 -9999.000 -9999.000 -9999.000 -9999.000 -9999.000 -9999.000 -9999.000 -9999.000 -9999.000 -9999.000 -9999.000 -9999.000 -9999.000 -9999.000 -9999.000 -9999.000 -9999.000 -9999.000 -9999.000 -9999.000 -9999.000 -9999.000 -9999.000 -9999.000 -9999.000 -9999.000 -9999.000 -9999.000 -9999.000 -9999.000 -9999.000 -9999.000 -9999.000 -9999.000 -9999.000 -9999.000 -9999.000 -9999.000 -9999.000 -9999.000 -9999.000 -9999.000 -9999.000 -9999.000 -9999.000 -9999.000 -9999.000 -9999.000 -9999.000 -9999.000 -9999.000 -9999.000 -9999.000 -9999.000 -9999.000 -9999.000 -9999.000 -9999.000 -9999.000 -9999.000 -9999.000 -9999.000 -9999.000 -9999.000 -9999.000 -9999.000 -9999.000 -9999.000 -9999.000 -9999.000 -9999.000 -9999.000 -9999.000 -9999.000 -9999.000 -9999.000 -9999.000 -9999.000 -9999.000 -9999.000 -9999.000 -9999.000
-9999.000 -9999.000 -9999.000 -9999.000 -9999.000 -9999.000 -9999.000 -9999.000 -9999.000 -9999.000 -9999.000 -9999.000 -9999.000 -9999.000 -9999.000 -9999.000 -9999.000 -9999.000 -9999.000 -9999.000 -9999.000 -9999.000 -9999.000 -9999.000 -9999.000 -9999.000 -9999.000 -9999.000 -9999.000 -9999.000 -9999.000 -9999.000 -9999.000 -9999.000 -9999.000 -9999.000 -9999.000 -9999.000 -9999.000 -9999.000 -9999.000 -9999.000 -9999.000 -9999.000 -9999.000 -9999.000 -9999.000 -9999.000 -9999.000 -9999.000 -9999.000 -9999.000 -9999.000 -9999.000 -9999.000 -9999.000 -9999.000 -9999.000 -9999.000 -9999.000 -9999.000 -9999.000 -9999.000 -9999.000 -9999.000 -9999.000 -9999.000 -9999.000 -9999.000 -9999.000 -9999.000 -9999.000 -9999.000 -9999.000 -9999.000 -9999.000 -9999.000 -9999.000 -9999.000 -9999.000 -9999.000 -9999.000 -9999.000 -9999.000 -9999.000 -9999.000 -9999.000 -9999.000 -9999.000 -9999.000 -9999.000 -9999.000 -9999.000 -9999.000 -9999.000 -9999.000 -9999.000 -9999.000 -9999.000 -9999.000 -9999.000 -9999.000 -9999.000 -9999.000