examples/3D/hillslope01/output-maps-METEOIO-OFF/psiliqL0033N0001.asc
ncols         104
nrows         10
xllcorner     -2.000000
yllcorner     0.000000
cellsize      1.000000
NODATA_value  -9999.0
-9999.000 -9999.000 -9999.000 -9999.000 -9999.000 -9999.000 -9999.000 -9999.000 -9999.000 -9999.000 -9999.000 -9999.000 -9999.000 -9999.000 -9999.000 -9999.000 -9999.000 -9999.000 -9999.000 -9999.000 -9999.000 -9999.000 -9999.000 -9999.000 -9999.000 -9999.000 -9999.000 -9999.000 -9999.000 -9999.000 -9999.000 -9999.000 -9999.000 -9999.000 -9999.000 -9999.000 -9999.000 -9999.000 -9999.000 -9999.000 -9999.000 -9999.000 -9999.000 -9999.000 -9999.000 -9999.000 -9999.000 -9999.000 -9999.000 -9999.000 -9999.000 -9999.000 -9999.000 -9999.000 -9999.000 -9999.000 -9999.000 -9999.000 -9999.000 -9999.000 -9999.000 -9999.000 -9999.000 -9999.000 -9999.000 -9999.000 -9999.000 -9999.000 -9999.000 -9999.000 -9999.000 -9999.000 -9999.000 -9999.000 -9999.000 -9999.000 -9999.000 -9999.000 -9999.000 -9999.000 -9999.000 -9999.000 -9999.000 -9999.000 -9999.000 -9999.000 -9999.000 -9999.000 -9999.000 -9999.000 -9999.000 -9999.000 -9999.000 -9999.000 -9999.000 -9999.000 -9999.000 -9999.000 -9999.000 -9999.000 -9999.000 -9999.000 -9999.000 -9999.000
-9999.000 -9999.000 -9999.000 -9999.000 -9999.000 -9999.000 -9999.000 -9999.000 -9999.000 -9999.000 -9999.000 -9999.000 -9999.000 -9999.000 -9999.000 -9999.000 -9999.000 -9999.000 -9999.000 -9999.000 -9999.000 -9999.000 -9999.000 -9999.000 -9999.000 -9999.000 -9999.000 -9999.000 -9999.000 -9999.000 -9999.000 -9999.000 -9999.000 -9999.000 -9999.000 -9999.000 -9999.000 -9999.000 -9999.000 -9999.000 -9999.000 -9999.000 -9999.000 -9999.000 -9999.000 -9999.000 -9999.000 -9999.000 -9999.000 -9999.000 -9999.000 -9999.000 -9999.000 -9999.000 -9999.000 -9999.000 -9999.000 -9999.000 -9999.000 -9999.000 -9999.000 -9999.000 -9999.000 -9999.000 -9999.000 -9999.000 -9999.000 -9999.000 -9999.000 -9999.000 -9999.000 -9999.000 -9999.000 -9999.000 -9999.000 -9999.000 -9999.000 -9999.000 -9999.000 -9999.000 -9999.000 -9999.000 -9999.000 -9999.000 -9999.000 -9999.000 -9999.000 -9999.000 -9999.000 -9999.000 -9999.000 -9999.000 -9999.000 -9999.000 -9999.000 -9999.000 -9999.000 -9999.000 -9999.000 -9999.000 -9999.000 -9999.000 -9999.000 -9999.000
-9999.000 -9999.000 1899.016 1799.277 1699.909 1600.981 1502.518 1404.531 1307.029 1210.018 1113.501 1017.487 921.982 826.996 732.540 638.624 545.254 452.416 360.176 268.600 177.686 87.423 -2.239 -91.513 -180.475 -258.488 -321.076 -367.965 -404.605 -433.573 -456.147 -473.164 -485.408 -493.847 -499.500 -503.191 -505.589 -507.138 -508.135 -508.780 -509.197 -509.462 -509.627 -509.724 -509.773 -509.789 -509.779 -509.745 -509.669 -509.583 -509.495 -509.406 -509.315 -509.224 -509.133 -509.040 -508.948 -508.855 -508.762 -508.669 -508.576 -508.483 -508.389 -508.296 -508.203 -508.110 -508.017 -507.924 -507.831 -507.738 -507.646 -507.553 -507.461 -507.369 -507.276 -507.184 -507.092 -507.000 -506.908 -506.816 -506.725 -506.633 -506.541 -506.449 -506.357 -506.265 -506.173 -506.081 -505.988 -505.896 -505.803 -505.710 -505.617 -505.524 -505.431 -505.345 -505.313 -505.657 -508.257 -522.593 -599.612 -1043.180 -9999.000 -9999.000
-9999.000 -9999.000 1899.016 1799.277 1699.909 1600.981 1502.518 1404.531 1307.029 1210.018 1113.501 1017.487 921.982 826.996 732.540 638.624 545.254 452.416 360.176 268.600 177.686 87.423 -2.239 -91.513 -180.475 -258.488 -321.076 -367.965 -404.605 -433.573 -456.147 -473.164 -485.408 -493.847 -499.500 -503.191 -505.589 -507.138 -508.135 -508.780 -509.197 -509.462 -509.627 -509.724 -509.773 -509.789 -509.779 -509.745 -509.669 -509.583 -509.495 -509.406 -509.315 -509.224 -509.133 -509.040 -508.948 -508.855 -508.762 -508.669 -508.576 -508.483 -508.389 -508.296 -508.203 -508.110 -508.017 -507.924 -507.831 -507.738 -507.646 -507.553 -507.461 -507.369 -507.276 -507.184 -507.092 -507.000 -506.908 -506.816 -506.725 -506.633 -506.541 -506.449 -506.357 -506.265 -506.173 -506.081 -505.988 -505.896 -505.803 -505.710 -505.617 -505.524 -505.431 -505.345 -505.313 -505.657 -508.257 -522.593 -599.612 -1043.180 -9999.000 -9999.000
-9999.000 -9999.000 1899.016 1799.277 1699.909 1600.981 1502.518 1404.531 1307.029 1210.018 1113.501 1017.487 921.982 826.996 732.540 638.624 545.254 452.416 360.176 268.600 177.686 87.423 -2.239 -91.513 -180.475 -258.488 -321.076 -367.965 -404.605 -433.573 -456.147 -473.164 -485.408 -493.847 -499.500 -503.191 -505.589 -507.138 -508.135 -508.780 -509.197 -509.462 -509.627 -509.724 -509.773 -509.789 -509.779 -509.745 -509.669 -509.583 -509.495 -509.406 -509.315 -509.224 -509.133 -509.040 -508.948 -508.855 -508.762 -508.669 -508.576 -508.483 -508.389 -508.296 -508.203 -508.110 -508.017 -507.924 -507.831 -507.738 -507.646 -507.553 -507.461 -507.369 -507.276 -507.184 -507.092 -507.000 -506.908 -506.816 -506.725 -506.633 -506.541 -506.449 -506.357 -506.265 -506.173 -506.081 -505.988 -505.896 -505.803 -505.710 -505.617 -505.524 -505.431 -505.345 -505.313 -505.657 -508.257 -522.593 -599.612 -1043.180 -9999.000 -9999.000
-9999.000 -9999.000 1899.016 1799.277 1699.909 1600.981 1502.518 1404.531 1307.029 1210.018 1113.501 1017.487 921.982 826.996 732.540 638.624 545.254 452.416 360.176 268.600 177.686 87.423 -2.239 -91.513 -180.475 -258.488 -321.076 -367.965 -404.605 -433.573 -456.147 -473.164 -485.408 -493.847 -499.500 -503.191 -505.589 -507.138 -508.135 -508.780 -509.197 -509.462 -509.627 -509.724 -509.773 -509.789 -509.779 -509.745 -509.669 -509.583 -509.495 -509.406 -509.315 -509.224 -509.133 -509.040 -508.948 -508.855 -508.762 -508.669 -508.576 -508.483 -508.389 -508.296 -508.203 -508.110 -508.017 -507.924 -507.831 -507.738 -507.646 -507.553 -507.461 -507.369 -507.276 -507.184 -507.092 -507.000 -506.908 -506.816 -506.725 -506.633 -506.541 -506.449 -506.357 -506.265 -506.173 -506.081 -505.988 -505.896 -505.803 -505.710 -505.617 -505.524 -505.431 -505.345 -505.313 -505.657 -508.257 -522.593 -599.612 -1043.180 -9999.000 -9999.000
-9999.000 -9999.000 1899.016 1799.277 1699.909 1600.981 1502.518 1404.531 1307.029 1210.018 1113.501 1017.487 921.982 826.996 732.540 638.624 545.254 452.416 360.176 268.600 177.686 87.423 -2.239 -91.513 -180.475 -258.488 -321.076 -367.965 -404.605 -433.573 -456.147 -473.164 -485.408 -493.847 -499.500 -503.191 -505.589 -507.138 -508.135 -508.780 -509.197 -509.462 -509.627 -509.724 -509.773 -509.789 -509.779 -509.745 -509.669 -509.583 -509.495 -509.406 -509.315 -509.224 -509.133 -509.040 -508.948 -508.855 -508.762 -508.669 -508.576 -508.483 -508.389 -508.296 -508.203 -508.110 -508.017 -507.924 -507.831 -507.738 -507.646 -507.553 -507.461 -507.369 -507.276 -507.184 -507.092 -507.000 -506.908 -506.816 -506.725 -506.633 -506.541 -506.449 -506.357 -506.265 -506.173 -506.081 -505.988 -505.896 -505.803 -505.710 -505.617 -505.524 -505.431 -505.345 -505.313 -505.657 -508.257 -522.593 -599.612 -1043.180 -9999.000 -9999.000
-9999.000 -9999.000 1899.016 1799.277 1699.909 1600.981 1502.518 1404.531 1307.029 1210.018 1113.501 1017.487 921.982 826.996 732.540 638.624 545.254 452.416 360.176 268.600 177.686 87.423 -2.239 -91.513 -180.475 -258.488 -321.076 -367.965 -404.605 -433.573 -456.147 -473.164 -485.408 -493.847 -499.500 -503.191 -505.589 -507.138 -508.135 -508.780 -509.197 -509.462 -509.627 -509.724 -509.773 -509.789 -509.779 -509.745 -509.669 -509.583 -509.495 -509.406 -509.315 -509.224 -509.133 -509.040 -508.948 -508.855 -508.762 -508.669 -508.576 -508.483 -508.389 -508.296 -508.203 -508.110 -508.017 -507.924 -507.831 -507.738 -507.646 -507.553 -507.461 -507.369 -507.276 -507.184 -507.092 -507.000 -506.908 -506.816 -506.725 -506.633 -506.541 -506.449 -506.357 -506.265 -506.173 -506.081 -505.988 -505.896 -505.803 -505.710 -505.617 -505.524 -505.431 -505.345 -505.313 -505.657 -508.257 -522.593 -599.612 -1043.180 -9999.000 -9999.000
-9999.000 -9999.000 -9999.000 -9999.000 -9999.000 -9999.000 -9999.000 -9999.000 -9999.000 -9999.000 -9999.000 -9999.000 -9999.000 -9999.000 -9999.000 -9999.000 -9999.000 -9999.000 -9999.000 -9999.000 -9999.000 -9999.000 -9999.000 -9999.000 -9999.000 -9999.000 -9999.000 -9999.000 -9999.000 -9999.000 -9999.000 -9999.000 -9999.000 -9999.000 -9999.000 -9999.000 -9999.000 -9999.000 -9999.000 -9999.000 -9999.000 -9999.000 -9999.000 -9999.000 -9999.000 -9999.000 -9999.000 -9999.000 -9999.000 -9999.000 -9999.000 -9999.000 -9999.000 -9999.000 -9999.000 -9999.000 -9999.000 -9999.000 -9999.000 -9999.000 -9999.000 -9999.000 -9999.000 -9999.000 -9999.000 -9999.000 -9999.000 -9999.000 -9999.000 -9999.000 -9999.000 -9999.000 -9999.000 -9999.000 -9999.000 -9999.000 -9999.000 -9999.000 -9999.000 -9999.000 -9999.000 -9999.000 -9999.000 -9999.000 -9999.000 -9999.000 -9999.000 -9999.000 -9999.000 -9999.000 -9999.000 -9999.000 -9999.000 -9999.000 -9999.000 -9999.000 -9999.000 -9999.000 -9999.000 -9999.000 -9999.000 -9999.000 -9999.000 -9999.000
-9999.000 -9999.000 -9999.000 -9999.000 -9999.000 -9999.000 -9999.000 -9999.000 -9999.000 -9999.000 -9999.000 -9999.000 -9999.000 -9999.000 -9999.000 -9999.000 -9999.000 -9999.000 -9999.000 -9999.000 -9999.000 -9999.000 -9999.000 -9999.000 -9999.000 -9999.000 -9999.000 -9999.000 -9999.000 -9999.000 -9999.000 -9999.000 -9999.000 -9999.000 -9999.000 -9999.000 -9999.000 -9999.000 -9999.000 -9999.000 -9999.000 -9999.000 -9999.000 -9999.000 -9999.000 -9999.000 -9999.000 -9999.000 -9999.000 -9999.000 -9999.000 -9999.000 -9999.000 -9999.000 -9999.000 -9999.000 -9999.000 -9999.000 -9999.000 -9999.000 -9999.000 -9999.000 -9999.000 -9999.000 -9999.000 -9999.000 -9999.000 -9999.000 -9999.000 -9999.000 -9999.000 -9999.000 -9999.000 -9999.000 -9999.000 -9999.000 -9999.000 -9999.000 -9999.000 -9999.000 -9999.000 -9999.000 -9999.000 -9999.000 -9999.000 -9999.000 -9999.000 -9999.000 -9999.000 -9999.000 -9999.000 -9999.000 -9999.000 -9999.000 -9999.000 -9999.000 -9999.000 -9999.000 -9999.000 -9999.000 -9999.000 -9999.000 -9999.000 -9999.000