examples/3D/hillslope01/output-maps-METEOIO-OFF/psiliqL0045N0003.asc
ncols         104
nrows         10
xllcorner     -2.000000
yllcorner     0.000000
cellsize      1.000000
NODATA_value  -9999.0
-9999.000 -9999.000 -9999.000 -9999.000 -9999.000 -9999.000 -9999.000 -9999.000 -9999.000 -9999.000 -9999.000 -9999.000 -9999.000 -9999.000 -9999.000 -9999.000 -9999.000 -9999.000 -9999.000 -9999.000 -9999.000 -9999.000 -9999.000 -9999.000 -9999.000 -9999.000 -9999.000 -9999.000 -9999.000 -9999.000 -9999.000 -9999.000 -9999.000 -9999.000 -9999.000 -9999.000 -9999.000 -9999.000 -9999.000 -9999.000 -9999.000 -9999.000 -9999.000 -9999.000 -9999.000 -9999.000 -9999.000 -9999.000 -9999.000 -9999.000 -9999.000 -9999.000 -9999.000 -9999.000 -9999.000 -9999.000 -9999.000 -9999.000 -9999.000 -9999.000 -9999.000 -9999.000 -9999.000 -9999.000 -9999.000 -9999.000 -9999.000 -9999.000 -9999.000 -9999.000 -9999.000 -9999.000 -9999.000 -9999.000 -9999.000 -9999.000 -9999.000 -9999.000 -9999.000 -9999.000 -9999.000 -9999.000 -9999.000 -9999.000 -9999.000 -9999.000 -9999.000 -9999.000 -9999.000 -9999.000 -9999.000 -9999.000 -9999.000 -9999.000 -9999.000 -9999.000 -9999.000 -9999.000 -9999.000 -9999.000 -9999.000 -9999.000 -9999.000 -9999.000
-9999.000 -9999.000 -9999.000 -9999.000 -9999.000 -9999.000 -9999.000 -9999.000 -9999.000 -9999.000 -9999.000 -9999.000 -9999.000 -9999.000 -9999.000 -9999.000 -9999.000 -9999.000 -9999.000 -9999.000 -9999.000 -9999.000 -9999.000 -9999.000 -9999.000 -9999.000 -9999.000 -9999.000 -9999.000 -9999.000 -9999.000 -9999.000 -9999.000 -9999.000 -9999.000 -9999.000 -9999.000 -9999.000 -9999.000 -9999.000 -9999.000 -9999.000 -9999.000 -9999.000 -9999.000 -9999.000 -9999.000 -9999.000 -9999.000 -9999.000 -9999.000 -9999.000 -9999.000 -9999.000 -9999.000 -9999.000 -9999.000 -9999.000 -9999.000 -9999.000 -9999.000 -9999.000 -9999.000 -9999.000 -9999.000 -9999.000 -9999.000 -9999.000 -9999.000 -9999.000 -9999.000 -9999.000 -9999.000 -9999.000 -9999.000 -9999.000 -9999.000 -9999.000 -9999.000 -9999.000 -9999.000 -9999.000 -9999.000 -9999.000 -9999.000 -9999.000 -9999.000 -9999.000 -9999.000 -9999.000 -9999.000 -9999.000 -9999.000 -9999.000 -9999.000 -9999.000 -9999.000 -9999.000 -9999.000 -9999.000 -9999.000 -9999.000 -9999.000 -9999.000
-9999.000 -9999.000 4695.987 4603.999 4518.583 4437.717 4359.635 4283.129 4207.483 4132.308 4057.410 3982.696 3908.130 3833.696 3759.386 3685.202 3611.145 3537.217 3463.418 3389.754 3316.227 3242.835 3169.575 3096.452 3023.464 2950.601 2877.860 2805.245 2732.747 2660.356 2588.070 2515.890 2443.802 2371.793 2299.875 2228.040 2156.267 2084.547 2012.901 1941.308 1869.740 1798.213 1726.732 1655.258 1583.761 1512.312 1440.878 1369.399 1297.890 1226.403 1154.868 1083.216 1011.568 939.906 868.120 796.168 724.250 652.253 580.022 507.663 435.318 362.810 289.907 216.990 144.049 70.860 -2.949 -76.014 -147.784 -216.751 -280.640 -336.384 -382.654 -419.118 -446.484 -466.101 -479.783 -489.109 -495.339 -499.420 -502.067 -503.768 -504.851 -505.533 -505.959 -506.223 -506.385 -506.485 -506.544 -506.580 -506.601 -506.614 -506.621 -506.625 -506.628 -506.632 -506.648 -506.728 -507.095 -508.644 -514.589 -536.272 -9999.000 -9999.000
-9999.000 -9999.000 4695.987 4603.999 4518.583 4437.717 4359.635 4283.129 4207.483 4132.308 4057.410 3982.696 3908.130 3833.696 3759.386 3685.202 3611.145 3537.217 3463.418 3389.754 3316.227 3242.835 3169.575 3096.452 3023.464 2950.601 2877.860 2805.245 2732.747 2660.356 2588.070 2515.890 2443.802 2371.793 2299.875 2228.040 2156.267 2084.547 2012.901 1941.308 1869.740 1798.213 1726.732 1655.258 1583.761 1512.312 1440.878 1369.399 1297.890 1226.403 1154.868 1083.216 1011.568 939.906 868.120 796.168 724.250 652.253 580.022 507.663 435.318 362.810 289.907 216.990 144.049 70.860 -2.949 -76.014 -147.784 -216.751 -280.640 -336.384 -382.654 -419.118 -446.484 -466.101 -479.783 -489.109 -495.339 -499.420 -502.067 -503.768 -504.851 -505.533 -505.959 -506.223 -506.385 -506.485 -506.544 -506.580 -506.601 -506.614 -506.621 -506.625 -506.628 -506.632 -506.648 -506.728 -507.095 -508.644 -514.589 -536.272 -9999.000 -9999.000
-9999.000 -9999.000 4695.987 4604.000 4518.584 4437.717 4359.635 4283.129 4207.483 4132.308 4057.410 3982.696 3908.130 3833.696 3759.386 3685.202 3611.145 3537.217 3463.418 3389.754 3316.227 3242.835 3169.575 3096.452 3023.464 2950.601 2877.860 2805.245 2732.747 2660.356 2588.070 2515.890 2443.802 2371.793 2299.875 2228.040 2156.267 2084.547 2012.901 1941.308 1869.740 1798.213 1726.732 1655.258 1583.761 1512.312 1440.878 1369.399 1297.890 1226.403 1154.868 1083.216 1011.568 939.906 868.120 796.168 724.250 652.253 580.022 507.663 435.318 362.810 289.907 216.990 144.049 70.860 -2.949 -76.014 -147.784 -216.751 -280.640 -336.384 -382.654 -419.118 -446.484 -466.101 -479.783 -489.109 -495.339 -499.420 -502.067 -503.768 -504.851 -505.533 -505.959 -506.223 -506.385 -506.485 -506.544 -506.580 -506.601 -506.614 -506.621 -506.625 -506.628 -506.632 -506.648 -506.728 -507.095 -508.644 -514.589 -536.272 -9999.000 -9999.000
-9999.000 -9999.000 4695.987 4604.000 4518.584 4437.717 4359.635 4283.129 4207.483 4132.308 4057.410 3982.696 3908.130 3833.696 3759.386 3685.202 3611.145 3537.217 3463.418 3389.754 3316.227 3242.835 3169.575 3096.452 3023.464 2950.601 2877.860 2805.245 2732.747 2660.356 2588.070 2515.890 2443.802 2371.793 2299.875 2228.040 2156.267 2084.547 2012.901 1941.308 1869.740 1798.213 1726.732 1655.258 1583.761 1512.312 1440.878 1369.399 1297.890 1226.403 1154.868 1083.216 1011.568 939.906 868.120 796.168 724.250 652.253 580.022 507.663 435.318 362.810 289.907 216.990 144.049 70.860 -2.949 -76.014 -147.784 -216.751 -280.640 -336.384 -382.654 -419.118 -446.484 -466.101 -479.783 -489.109 -495.339 -499.420 -502.067 -503.768 -504.851 -505.533 -505.959 -506.223 -506.385 -506.485 -506.544 -506.580 -506.601 -506.614 -506.621 -506.625 -506.628 -506.632 -506.648 -506.728 -507.095 -508.644 -514.589 -536.272 -9999.000 -9999.000
-9999.000 -9999.000 4695.987 4603.999 4518.583 4437.717 4359.635 4283.129 4207.483 4132.308 4057.410 3982.696 3908.130 3833.696 3759.386 3685.202 3611.145 3537.217 3463.418 3389.754 3316.227 3242.835 3169.575 3096.452 3023.464 2950.601 2877.860 2805.245 2732.747 2660.356 2588.070 2515.890 2443.802 2371.793 2299.875 2228.040 2156.267 2084.547 2012.901 1941.308 1869.740 1798.213 1726.732 1655.258 1583.761 1512.312 1440.878 1369.399 1297.890 1226.403 1154.868 1083.216 1011.568 939.906 868.120 796.168 724.250 652.253 580.022 507.663 435.318 362.810 289.907 216.990 144.049 70.860 -2.949 -76.014 -147.784 -216.751 -280.640 -336.384 -382.654 -419.118 -446.484 -466.101 -479.783 -489.109 -495.339 -499.420 -502.067 -503.768 -504.851 -505.533 -505.959 -506.223 -506.385 -506.485 -506.544 -506.580 -506.601 -506.614 -506.621 -506.625 -506.628 -506.632 -506.648 -506.728 -507.095 -508.644 -514.589 -536.272 -9999.000 -9999.000
-9999.000 -9999.000 4695.987 4603.999 4518.583 4437.717 4359.635 4283.129 4207.483 4132.308 4057.410 3982.696 3908.130 3833.696 3759.386 3685.202 3611.145 3537.217 3463.418 3389.754 3316.227 3242.835 3169.575 3096.452 3023.464 2950.601 2877.860 2805.245 2732.747 2660.356 2588.070 2515.890 2443.802 2371.793 2299.875 2228.040 2156.267 2084.547 2012.901 1941.308 1869.740 1798.213 1726.732 1655.258 1583.761 1512.312 1440.878 1369.399 1297.890 1226.403 1154.868 1083.216 1011.568 939.906 868.120 796.168 724.250 652.253 580.022 507.663 435.318 362.810 289.907 216.990 144.049 70.860 -2.949 -76.014 -147.784 -216.751 -280.640 -336.384 -382.654 -419.118 -446.484 -466.101 -479.783 -489.109 -495.339 -499.420 -502.067 -503.768 -504.851 -505.533 -505.959 -506.223 -506.385 -506.485 -506.544 -506.580 -506.601 -506.614 -506.621 -506.625 -506.628 -506.632 -506.648 -506.728 -507.095 -508.644 -514.589 -536.272 -9999.000 -9999.000
-9999.000 -9999.000 -9999.000 -9999.000 -9999.000 -9999.000 -9999.000 -9999.000 -9999.000 -9999.000 -9999.000 -9999.000 -9999.000 -9999.000 -9999.000 -9999.000 -9999.000 -9999.000 -9999.000 -9999.000 -9999.000 -9999.000 -9999.000 -9999.000 -9999.000 -9999.000 -9999.000 -9999.000 -9999.000 -9999.000 -9999.000 -9999.000 -9999.000 -9999.000 -9999.000 -9999.000 -9999.000 -9999.000 -9999.000 -9999.000 -9999.000 -9999.000 -9999.000 -9999.000 -9999.000 -9999.000 -9999.000 -9999.000 -9999.000 -9999.000 -9999.000 -9999.000 -9999.000 -9999.000 -9999.000 -9999.000 -9999.000 -9999.000 -9999.000 -9999.000 -9999.000 -9999.000 -9999.000 -9999.000 -9999.000 -9999.000 -9999.000 -9999.000 -9999.000 -9999.000 -9999.000 -9999.000 -9999.000 -9999.000 -9999.000 -9999.000 -9999.000 -9999.000 -9999.000 -9999.000 -9999.000 -9999.000 -9999.000 -9999.000 -9999.000 -9999.000 -9999.000 -9999.000 -9999.000 -9999.000 -9999.000 -9999.000 -9999.000 -9999.000 -9999.000 -9999.000 -9999.000 -9999.000 -9999.000 -9999.000 -9999.000 -9999.000 -9999.000 -9999.000
-9999.000 -9999.000 -9999.000 -9999.000 -9999.000 -9999.000 -9999.000 -9999.000 -9999.000 -9999.000 -9999.000 -9999.000 -9999.000 -9999.000 -9999.000 -9999.000 -9999.000 -9999.000 -9999.000 -9999.000 -9999.000 -9999.000 -9999.000 -9999.000 -9999.000 -9999.000 -9999.000 -9999.000 -9999.000 -9999.000 -9999.000 -9999.000 -9999.000 -9999.000 -9999.000 -9999.000 -9999.000 -9999.000 -9999.000 -9999.000 -9999.000 -9999.000 -9999.000 -9999.000 -9999.000 -9999.000 -9999.000 -9999.000 -9999.000 -9999.000 -9999.000 -9999.000 -9999.000 -9999.000 -9999.000 -9999.000 -9999.000 -9999.000 -9999.000 -9999.000 -9999.000 -9999.000 -9999.000 -9999.000 -9999.000 -9999.000 -9999.000 -9999.000 -9999.000 -9999.000 -9999.000 -9999.000 -9999.000 -9999.000 -9999.000 -9999.000 -9999.000 -9999.000 -9999.000 -9999.000 -9999.000 -9999.000 -9999.000 -9999.000 -9999.000 -9999.000 -9999.000 -9999.000 -9999.000 -9999.000 -9999.000 -9999.000 -9999.000 -9999.000 -9999.000 -9999.000 -9999.000 -9999.000 -9999.000 -9999.000 -9999.000 -9999.000 -9999.000 -9999.000