examples/3D/hillslope01/output-maps-METEOIO-OFF/psiliqL0010N0001.asc
ncols         104
nrows         10
xllcorner     -2.000000
yllcorner     0.000000
cellsize      1.000000
NODATA_value  -9999.0
-9999.000 -9999.000 -9999.000 -9999.000 -9999.000 -9999.000 -9999.000 -9999.000 -9999.000 -9999.000 -9999.000 -9999.000 -9999.000 -9999.000 -9999.000 -9999.000 -9999.000 -9999.000 -9999.000 -9999.000 -9999.000 -9999.000 -9999.000 -9999.000 -9999.000 -9999.000 -9999.000 -9999.000 -9999.000 -9999.000 -9999.000 -9999.000 -9999.000 -9999.000 -9999.000 -9999.000 -9999.000 -9999.000 -9999.000 -9999.000 -9999.000 -9999.000 -9999.000 -9999.000 -9999.000 -9999.000 -9999.000 -9999.000 -9999.000 -9999.000 -9999.000 -9999.000 -9999.000 -9999.000 -9999.000 -9999.000 -9999.000 -9999.000 -9999.000 -9999.000 -9999.000 -9999.000 -9999.000 -9999.000 -9999.000 -9999.000 -9999.000 -9999.000 -9999.000 -9999.000 -9999.000 -9999.000 -9999.000 -9999.000 -9999.000 -9999.000 -9999.000 -9999.000 -9999.000 -9999.000 -9999.000 -9999.000 -9999.000 -9999.000 -9999.000 -9999.000 -9999.000 -9999.000 -9999.000 -9999.000 -9999.000 -9999.000 -9999.000 -9999.000 -9999.000 -9999.000 -9999.000 -9999.000 -9999.000 -9999.000 -9999.000 -9999.000 -9999.000 -9999.000
-9999.000 -9999.000 -9999.000 -9999.000 -9999.000 -9999.000 -9999.000 -9999.000 -9999.000 -9999.000 -9999.000 -9999.000 -9999.000 -9999.000 -9999.000 -9999.000 -9999.000 -9999.000 -9999.000 -9999.000 -9999.000 -9999.000 -9999.000 -9999.000 -9999.000 -9999.000 -9999.000 -9999.000 -9999.000 -9999.000 -9999.000 -9999.000 -9999.000 -9999.000 -9999.000 -9999.000 -9999.000 -9999.000 -9999.000 -9999.000 -9999.000 -9999.000 -9999.000 -9999.000 -9999.000 -9999.000 -9999.000 -9999.000 -9999.000 -9999.000 -9999.000 -9999.000 -9999.000 -9999.000 -9999.000 -9999.000 -9999.000 -9999.000 -9999.000 -9999.000 -9999.000 -9999.000 -9999.000 -9999.000 -9999.000 -9999.000 -9999.000 -9999.000 -9999.000 -9999.000 -9999.000 -9999.000 -9999.000 -9999.000 -9999.000 -9999.000 -9999.000 -9999.000 -9999.000 -9999.000 -9999.000 -9999.000 -9999.000 -9999.000 -9999.000 -9999.000 -9999.000 -9999.000 -9999.000 -9999.000 -9999.000 -9999.000 -9999.000 -9999.000 -9999.000 -9999.000 -9999.000 -9999.000 -9999.000 -9999.000 -9999.000 -9999.000 -9999.000 -9999.000
-9999.000 -9999.000 -301.166 -332.689 -345.411 -351.138 -353.745 -354.930 -355.467 -355.710 -355.819 -355.867 -355.887 -355.894 -355.895 -355.894 -355.891 -355.887 -355.884 -355.880 -355.876 -355.872 -355.867 -355.863 -355.859 -355.855 -355.851 -355.847 -355.843 -355.839 -355.834 -355.830 -355.826 -355.822 -355.818 -355.814 -355.810 -355.806 -355.801 -355.797 -355.793 -355.789 -355.785 -355.781 -355.777 -355.773 -355.768 -355.764 -355.760 -355.756 -355.752 -355.748 -355.744 -355.740 -355.736 -355.731 -355.727 -355.723 -355.719 -355.715 -355.711 -355.707 -355.703 -355.698 -355.694 -355.690 -355.686 -355.682 -355.678 -355.674 -355.670 -355.665 -355.661 -355.657 -355.653 -355.649 -355.645 -355.641 -355.637 -355.632 -355.628 -355.624 -355.620 -355.616 -355.612 -355.608 -355.604 -355.599 -355.595 -355.591 -355.587 -355.583 -355.579 -355.575 -355.571 -355.566 -355.562 -355.559 -355.566 -355.672 -356.735 -365.977 -9999.000 -9999.000
-9999.000 -9999.000 -301.166 -332.689 -345.411 -351.138 -353.745 -354.930 -355.467 -355.710 -355.819 -355.867 -355.887 -355.894 -355.895 -355.894 -355.891 -355.887 -355.884 -355.880 -355.876 -355.872 -355.867 -355.863 -355.859 -355.855 -355.851 -355.847 -355.843 -355.839 -355.834 -355.830 -355.826 -355.822 -355.818 -355.814 -355.810 -355.806 -355.801 -355.797 -355.793 -355.789 -355.785 -355.781 -355.777 -355.773 -355.768 -355.764 -355.760 -355.756 -355.752 -355.748 -355.744 -355.740 -355.736 -355.731 -355.727 -355.723 -355.719 -355.715 -355.711 -355.707 -355.703 -355.698 -355.694 -355.690 -355.686 -355.682 -355.678 -355.674 -355.670 -355.665 -355.661 -355.657 -355.653 -355.649 -355.645 -355.641 -355.637 -355.632 -355.628 -355.624 -355.620 -355.616 -355.612 -355.608 -355.604 -355.599 -355.595 -355.591 -355.587 -355.583 -355.579 -355.575 -355.571 -355.566 -355.562 -355.559 -355.566 -355.672 -356.735 -365.977 -9999.000 -9999.000
-9999.000 -9999.000 -301.166 -332.689 -345.411 -351.138 -353.745 -354.930 -355.467 -355.710 -355.819 -355.867 -355.887 -355.894 -355.895 -355.894 -355.891 -355.887 -355.884 -355.880 -355.876 -355.872 -355.867 -355.863 -355.859 -355.855 -355.851 -355.847 -355.843 -355.839 -355.834 -355.830 -355.826 -355.822 -355.818 -355.814 -355.810 -355.806 -355.801 -355.797 -355.793 -355.789 -355.785 -355.781 -355.777 -355.773 -355.768 -355.764 -355.760 -355.756 -355.752 -355.748 -355.744 -355.740 -355.736 -355.731 -355.727 -355.723 -355.719 -355.715 -355.711 -355.707 -355.703 -355.698 -355.694 -355.690 -355.686 -355.682 -355.678 -355.674 -355.670 -355.665 -355.661 -355.657 -355.653 -355.649 -355.645 -355.641 -355.637 -355.632 -355.628 -355.624 -355.620 -355.616 -355.612 -355.608 -355.604 -355.599 -355.595 -355.591 -355.587 -355.583 -355.579 -355.575 -355.571 -355.566 -355.562 -355.559 -355.566 -355.672 -356.735 -365.977 -9999.000 -9999.000
-9999.000 -9999.000 -301.166 -332.689 -345.411 -351.138 -353.745 -354.930 -355.467 -355.710 -355.819 -355.867 -355.887 -355.894 -355.895 -355.894 -355.891 -355.887 -355.884 -355.880 -355.876 -355.872 -355.867 -355.863 -355.859 -355.855 -355.851 -355.847 -355.843 -355.839 -355.834 -355.830 -355.826 -355.822 -355.818 -355.814 -355.810 -355.806 -355.801 -355.797 -355.793 -355.789 -355.785 -355.781 -355.777 -355.773 -355.768 -355.764 -355.760 -355.756 -355.752 -355.748 -355.744 -355.740 -355.736 -355.731 -355.727 -355.723 -355.719 -355.715 -355.711 -355.707 -355.703 -355.698 -355.694 -355.690 -355.686 -355.682 -355.678 -355.674 -355.670 -355.665 -355.661 -355.657 -355.653 -355.649 -355.645 -355.641 -355.637 -355.632 -355.628 -355.624 -355.620 -355.616 -355.612 -355.608 -355.604 -355.599 -355.595 -355.591 -355.587 -355.583 -355.579 -355.575 -355.571 -355.566 -355.562 -355.559 -355.566 -355.672 -356.735 -365.977 -9999.000 -9999.000
-9999.000 -9999.000 -301.166 -332.689 -345.411 -351.138 -353.745 -354.930 -355.467 -355.710 -355.819 -355.867 -355.887 -355.894 -355.895 -355.894 -355.891 -355.887 -355.884 -355.880 -355.876 -355.872 -355.867 -355.863 -355.859 -355.855 -355.851 -355.847 -355.843 -355.839 -355.834 -355.830 -355.826 -355.822 -355.818 -355.814 -355.810 -355.806 -355.801 -355.797 -355.793 -355.789 -355.785 -355.781 -355.777 -355.773 -355.768 -355.764 -355.760 -355.756 -355.752 -355.748 -355.744 -355.740 -355.736 -355.731 -355.727 -355.723 -355.719 -355.715 -355.711 -355.707 -355.703 -355.698 -355.694 -355.690 -355.686 -355.682 -355.678 -355.674 -355.670 -355.665 -355.661 -355.657 -355.653 -355.649 -355.645 -355.641 -355.637 -355.632 -355.628 -355.624 -355.620 -355.616 -355.612 -355.608 -355.604 -355.599 -355.595 -355.591 -355.587 -355.583 -355.579 -355.575 -355.571 -355.566 -355.562 -355.559 -355.566 -355.672 -356.735 -365.977 -9999.000 -9999.000
-9999.000 -9999.000 -301.166 -332.689 -345.411 -351.138 -353.745 -354.930 -355.467 -355.710 -355.819 -355.867 -355.887 -355.894 -355.895 -355.894 -355.891 -355.887 -355.884 -355.880 -355.876 -355.872 -355.867 -355.863 -355.859 -355.855 -355.851 -355.847 -355.843 -355.839 -355.834 -355.830 -355.826 -355.822 -355.818 -355.814 -355.810 -355.806 -355.801 -355.797 -355.793 -355.789 -355.785 -355.781 -355.777 -355.773 -355.768 -355.764 -355.760 -355.756 -355.752 -355.748 -355.744 -355.740 -355.736 -355.731 -355.727 -355.723 -355.719 -355.715 -355.711 -355.707 -355.703 -355.698 -355.694 -355.690 -355.686 -355.682 -355.678 -355.674 -355.670 -355.665 -355.661 -355.657 -355.653 -355.649 -355.645 -355.641 -355.637 -355.632 -355.628 -355.624 -355.620 -355.616 -355.612 -355.608 -355.604 -355.599 -355.595 -355.591 -355.587 -355.583 -355.579 -355.575 -355.571 -355.566 -355.562 -355.559 -355.566 -355.672 -356.735 -365.977 -9999.000 -9999.000
-9999.000 -9999.000 -9999.000 -9999.000 -9999.000 -9999.000 -9999.000 -9999.000 -9999.000 -9999.000 -9999.000 -9999.000 -9999.000 -9999.000 -9999.000 -9999.000 -9999.000 -9999.000 -9999.000 -9999.000 -9999.000 -9999.000 -9999.000 -9999.000 -9999.000 -9999.000 -9999.000 -9999.000 -9999.000 -9999.000 -9999.000 -9999.000 -9999.000 -9999.000 -9999.000 -9999.000 -9999.000 -9999.000 -9999.000 -9999.000 -9999.000 -9999.000 -9999.000 -9999.000 -9999.000 -9999.000 -9999.000 -9999.000 -9999.000 -9999.000 -9999.000 -9999.000 -9999.000 -9999.000 -9999.000 -9999.000 -9999.000 -9999.000 -9999.000 -9999.000 -9999.000 -9999.000 -9999.000 -9999.000 -9999.000 -9999.000 -9999.000 -9999.000 -9999.000 -9999.000 -9999.000 -9999.000 -9999.000 -9999.000 -9999.000 -9999.000 -9999.000 -9999.000 -9999.000 -9999.000 -9999.000 -9999.000 -9999.000 -9999.000 -9999.000 -9999.000 -9999.000 -9999.000 -9999.000 -9999.000 -9999.000 -9999.000 -9999.000 -9999.000 -9999.000 -9999.000 -9999.000 -9999.000 -9999.000 -9999.000 -9999.000 -9999.000 -9999.000 -9999.000
-9999.000 -9999.000 -9999.000 -9999.000 -9999.000 -9999.000 -9999.000 -9999.000 -9999.000 -9999.000 -9999.000 -9999.000 -9999.000 -9999.000 -9999.000 -9999.000 -9999.000 -9999.000 -9999.000 -9999.000 -9999.000 -9999.000 -9999.000 -9999.000 -9999.000 -9999.000 -9999.000 -9999.000 -9999.000 -9999.000 -9999.000 -9999.000 -9999.000 -9999.000 -9999.000 -9999.000 -9999.000 -9999.000 -9999.000 -9999.000 -9999.000 -9999.000 -9999.000 -9999.000 -9999.000 -9999.000 -9999.000 -9999.000 -9999.000 -9999.000 -9999.000 -9999.000 -9999.000 -9999.000 -9999.000 -9999.000 -9999.000 -9999.000 -9999.000 -9999.000 -9999.000 -9999.000 -9999.000 -9999.000 -9999.000 -9999.000 -9999.000 -9999.000 -9999.000 -9999.000 -9999.000 -9999.000 -9999.000 -9999.000 -9999.000 -9999.000 -9999.000 -9999.000 -9999.000 -9999.000 -9999.000 -9999.000 -9999.000 -9999.000 -9999.000 -9999.000 -9999.000 -9999.000 -9999.000 -9999.000 -9999.000 -9999.000 -9999.000 -9999.000 -9999.000 -9999.000 -9999.000 -9999.000 -9999.000 -9999.000 -9999.000 -9999.000 -9999.000 -9999.000