examples/3D/hillslope01/output-maps-METEOIO-OFF/psiliqL0023N0002.asc
ncols         104
nrows         10
xllcorner     -2.000000
yllcorner     0.000000
cellsize      1.000000
NODATA_value  -9999.0
-9999.000 -9999.000 -9999.000 -9999.000 -9999.000 -9999.000 -9999.000 -9999.000 -9999.000 -9999.000 -9999.000 -9999.000 -9999.000 -9999.000 -9999.000 -9999.000 -9999.000 -9999.000 -9999.000 -9999.000 -9999.000 -9999.000 -9999.000 -9999.000 -9999.000 -9999.000 -9999.000 -9999.000 -9999.000 -9999.000 -9999.000 -9999.000 -9999.000 -9999.000 -9999.000 -9999.000 -9999.000 -9999.000 -9999.000 -9999.000 -9999.000 -9999.000 -9999.000 -9999.000 -9999.000 -9999.000 -9999.000 -9999.000 -9999.000 -9999.000 -9999.000 -9999.000 -9999.000 -9999.000 -9999.000 -9999.000 -9999.000 -9999.000 -9999.000 -9999.000 -9999.000 -9999.000 -9999.000 -9999.000 -9999.000 -9999.000 -9999.000 -9999.000 -9999.000 -9999.000 -9999.000 -9999.000 -9999.000 -9999.000 -9999.000 -9999.000 -9999.000 -9999.000 -9999.000 -9999.000 -9999.000 -9999.000 -9999.000 -9999.000 -9999.000 -9999.000 -9999.000 -9999.000 -9999.000 -9999.000 -9999.000 -9999.000 -9999.000 -9999.000 -9999.000 -9999.000 -9999.000 -9999.000 -9999.000 -9999.000 -9999.000 -9999.000 -9999.000 -9999.000
-9999.000 -9999.000 -9999.000 -9999.000 -9999.000 -9999.000 -9999.000 -9999.000 -9999.000 -9999.000 -9999.000 -9999.000 -9999.000 -9999.000 -9999.000 -9999.000 -9999.000 -9999.000 -9999.000 -9999.000 -9999.000 -9999.000 -9999.000 -9999.000 -9999.000 -9999.000 -9999.000 -9999.000 -9999.000 -9999.000 -9999.000 -9999.000 -9999.000 -9999.000 -9999.000 -9999.000 -9999.000 -9999.000 -9999.000 -9999.000 -9999.000 -9999.000 -9999.000 -9999.000 -9999.000 -9999.000 -9999.000 -9999.000 -9999.000 -9999.000 -9999.000 -9999.000 -9999.000 -9999.000 -9999.000 -9999.000 -9999.000 -9999.000 -9999.000 -9999.000 -9999.000 -9999.000 -9999.000 -9999.000 -9999.000 -9999.000 -9999.000 -9999.000 -9999.000 -9999.000 -9999.000 -9999.000 -9999.000 -9999.000 -9999.000 -9999.000 -9999.000 -9999.000 -9999.000 -9999.000 -9999.000 -9999.000 -9999.000 -9999.000 -9999.000 -9999.000 -9999.000 -9999.000 -9999.000 -9999.000 -9999.000 -9999.000 -9999.000 -9999.000 -9999.000 -9999.000 -9999.000 -9999.000 -9999.000 -9999.000 -9999.000 -9999.000 -9999.000 -9999.000
-9999.000 -9999.000 2466.268 2389.286 2327.205 2271.720 2216.511 2158.724 2097.835 2034.191 1968.264 1900.527 1831.343 1760.953 1689.561 1617.343 1544.374 1470.685 1396.345 1321.448 1246.038 1170.108 1093.653 1016.755 939.460 861.770 783.626 705.020 626.038 546.736 467.120 387.116 306.627 225.768 144.625 63.249 -18.261 -98.928 -174.551 -237.855 -284.188 -314.442 -332.682 -343.138 -348.950 -352.121 -353.829 -354.741 -355.224 -355.478 -355.610 -355.677 -355.711 -355.726 -355.732 -355.734 -355.732 -355.730 -355.726 -355.722 -355.718 -355.714 -355.710 -355.706 -355.702 -355.698 -355.694 -355.690 -355.686 -355.682 -355.677 -355.673 -355.669 -355.665 -355.661 -355.657 -355.653 -355.649 -355.644 -355.640 -355.636 -355.632 -355.628 -355.624 -355.620 -355.616 -355.612 -355.607 -355.603 -355.599 -355.595 -355.591 -355.587 -355.583 -355.579 -355.575 -355.572 -355.580 -355.669 -356.282 -359.835 -377.602 -9999.000 -9999.000
-9999.000 -9999.000 2466.273 2389.288 2327.206 2271.720 2216.511 2158.724 2097.835 2034.191 1968.264 1900.527 1831.343 1760.953 1689.561 1617.343 1544.374 1470.685 1396.345 1321.448 1246.038 1170.108 1093.653 1016.755 939.460 861.770 783.626 705.020 626.038 546.736 467.120 387.116 306.627 225.768 144.625 63.249 -18.261 -98.928 -174.551 -237.855 -284.188 -314.442 -332.682 -343.138 -348.950 -352.121 -353.829 -354.741 -355.224 -355.478 -355.610 -355.677 -355.711 -355.726 -355.732 -355.734 -355.732 -355.730 -355.726 -355.722 -355.718 -355.714 -355.710 -355.706 -355.702 -355.698 -355.694 -355.690 -355.686 -355.682 -355.677 -355.673 -355.669 -355.665 -355.661 -355.657 -355.653 -355.649 -355.644 -355.640 -355.636 -355.632 -355.628 -355.624 -355.620 -355.616 -355.612 -355.607 -355.603 -355.599 -355.595 -355.591 -355.587 -355.583 -355.579 -355.575 -355.572 -355.580 -355.669 -356.282 -359.835 -377.602 -9999.000 -9999.000
-9999.000 -9999.000 2466.276 2389.290 2327.207 2271.720 2216.511 2158.724 2097.835 2034.191 1968.264 1900.527 1831.343 1760.953 1689.561 1617.343 1544.374 1470.685 1396.345 1321.448 1246.038 1170.108 1093.653 1016.755 939.460 861.770 783.626 705.020 626.038 546.736 467.120 387.116 306.627 225.768 144.625 63.249 -18.261 -98.928 -174.551 -237.855 -284.188 -314.442 -332.682 -343.138 -348.950 -352.121 -353.829 -354.741 -355.224 -355.478 -355.610 -355.677 -355.711 -355.726 -355.732 -355.734 -355.732 -355.730 -355.726 -355.722 -355.718 -355.714 -355.710 -355.706 -355.702 -355.698 -355.694 -355.690 -355.686 -355.682 -355.677 -355.673 -355.669 -355.665 -355.661 -355.657 -355.653 -355.649 -355.644 -355.640 -355.636 -355.632 -355.628 -355.624 -355.620 -355.616 -355.612 -355.607 -355.603 -355.599 -355.595 -355.591 -355.587 -355.583 -355.579 -355.575 -355.572 -355.580 -355.669 -356.282 -359.835 -377.602 -9999.000 -9999.000
-9999.000 -9999.000 2466.276 2389.290 2327.207 2271.720 2216.511 2158.724 2097.835 2034.191 1968.264 1900.527 1831.343 1760.953 1689.561 1617.343 1544.374 1470.685 1396.345 1321.448 1246.038 1170.108 1093.653 1016.755 939.460 861.770 783.626 705.020 626.038 546.736 467.120 387.116 306.627 225.768 144.625 63.249 -18.261 -98.928 -174.551 -237.855 -284.188 -314.442 -332.682 -343.138 -348.950 -352.121 -353.829 -354.741 -355.224 -355.478 -355.610 -355.677 -355.711 -355.726 -355.732 -355.734 -355.732 -355.730 -355.726 -355.722 -355.718 -355.714 -355.710 -355.706 -355.702 -355.698 -355.694 -355.690 -355.686 -355.682 -355.677 -355.673 -355.669 -355.665 -355.661 -355.657 -355.653 -355.649 -355.644 -355.640 -355.636 -355.632 -355.628 -355.624 -355.620 -355.616 -355.612 -355.607 -355.603 -355.599 -355.595 -355.591 -355.587 -355.583 -355.579 -355.575 -355.572 -355.580 -355.669 -356.282 -359.835 -377.602 -9999.000 -9999.000
-9999.000 -9999.000 2466.273 2389.288 2327.206 2271.720 2216.511 2158.724 2097.835 2034.191 1968.264 1900.527 1831.343 1760.953 1689.561 1617.343 1544.374 1470.685 1396.345 1321.448 1246.038 1170.108 1093.653 1016.755 939.460 861.770 783.626 705.020 626.038 546.736 467.120 387.116 306.627 225.768 144.625 63.249 -18.261 -98.928 -174.551 -237.855 -284.188 -314.442 -332.682 -343.138 -348.950 -352.121 -353.829 -354.741 -355.224 -355.478 -355.610 -355.677 -355.711 -355.726 -355.732 -355.734 -355.732 -355.730 -355.726 -355.722 -355.718 -355.714 -355.710 -355.706 -355.702 -355.698 -355.694 -355.690 -355.686 -355.682 -355.677 -355.673 -355.669 -355.665 -355.661 -355.657 -355.653 -355.649 -355.644 -355.640 -355.636 -355.632 -355.628 -355.624 -355.620 -355.616 -355.612 -355.607 -355.603 -355.599 -355.595 -355.591 -355.587 -355.583 -355.579 -355.575 -355.572 -355.580 -355.669 -356.282 -359.835 -377.602 -9999.000 -9999.000
-9999.000 -9999.000 2466.268 2389.286 2327.205 2271.720 2216.511 2158.724 2097.835 2034.191 1968.264 1900.527 1831.343 1760.953 1689.561 1617.343 1544.374 1470.685 1396.345 1321.448 1246.038 1170.108 1093.653 1016.755 939.460 861.770 783.626 705.020 626.038 546.736 467.120 387.116 306.627 225.768 144.625 63.249 -18.261 -98.928 -174.551 -237.855 -284.188 -314.442 -332.682 -343.138 -348.950 -352.121 -353.829 -354.741 -355.224 -355.478 -355.610 -355.677 -355.711 -355.726 -355.732 -355.734 -355.732 -355.730 -355.726 -355.722 -355.718 -355.714 -355.710 -355.706 -355.702 -355.698 -355.694 -355.690 -355.686 -355.682 -355.677 -355.673 -355.669 -355.665 -355.661 -355.657 -355.653 -355.649 -355.644 -355.640 -355.636 -355.632 -355.628 -355.624 -355.620 -355.616 -355.612 -355.607 -355.603 -355.599 -355.595 -355.591 -355.587 -355.583 -355.579 -355.575 -355.572 -355.580 -355.669 -356.282 -359.835 -377.602 -9999.000 -9999.000
-9999.000 -9999.000 -9999.000 -9999.000 -9999.000 -9999.000 -9999.000 -9999.000 -9999.000 -9999.000 -9999.000 -9999.000 -9999.000 -9999.000 -9999.000 -9999.000 -9999.000 -9999.000 -9999.000 -9999.000 -9999.000 -9999.000 -9999.000 -9999.000 -9999.000 -9999.000 -9999.000 -9999.000 -9999.000 -9999.000 -9999.000 -9999.000 -9999.000 -9999.000 -9999.000 -9999.000 -9999.000 -9999.000 -9999.000 -9999.000 -9999.000 -9999.000 -9999.000 -9999.000 -9999.000 -9999.000 -9999.000 -9999.000 -9999.000 -9999.000 -9999.000 -9999.000 -9999.000 -9999.000 -9999.000 -9999.000 -9999.000 -9999.000 -9999.000 -9999.000 -9999.000 -9999.000 -9999.000 -9999.000 -9999.000 -9999.000 -9999.000 -9999.000 -9999.000 -9999.000 -9999.000 -9999.000 -9999.000 -9999.000 -9999.000 -9999.000 -9999.000 -9999.000 -9999.000 -9999.000 -9999.000 -9999.000 -9999.000 -9999.000 -9999.000 -9999.000 -9999.000 -9999.000 -9999.000 -9999.000 -9999.000 -9999.000 -9999.000 -9999.000 -9999.000 -9999.000 -9999.000 -9999.000 -9999.000 -9999.000 -9999.000 -9999.000 -9999.000 -9999.000
-9999.000 -9999.000 -9999.000 -9999.000 -9999.000 -9999.000 -9999.000 -9999.000 -9999.000 -9999.000 -9999.000 -9999.000 -9999.000 -9999.000 -9999.000 -9999.000 -9999.000 -9999.000 -9999.000 -9999.000 -9999.000 -9999.000 -9999.000 -9999.000 -9999.000 -9999.000 -9999.000 -9999.000 -9999.000 -9999.000 -9999.000 -9999.000 -9999.000 -9999.000 -9999.000 -9999.000 -9999.000 -9999.000 -9999.000 -9999.000 -9999.000 -9999.000 -9999.000 -9999.000 -9999.000 -9999.000 -9999.000 -9999.000 -9999.000 -9999.000 -9999.000 -9999.000 -9999.000 -9999.000 -9999.000 -9999.000 -9999.000 -9999.000 -9999.000 -9999.000 -9999.000 -9999.000 -9999.000 -9999.000 -9999.000 -9999.000 -9999.000 -9999.000 -9999.000 -9999.000 -9999.000 -9999.000 -9999.000 -9999.000 -9999.000 -9999.000 -9999.000 -9999.000 -9999.000 -9999.000 -9999.000 -9999.000 -9999.000 -9999.000 -9999.000 -9999.000 -9999.000 -9999.000 -9999.000 -9999.000 -9999.000 -9999.000 -9999.000 -9999.000 -9999.000 -9999.000 -9999.000 -9999.000 -9999.000 -9999.000 -9999.000 -9999.000 -9999.000 -9999.000