examples/3D/hillslope01/output-maps-METEOIO-OFF/psiliqL0100N0001.asc
ncols         104
nrows         10
xllcorner     -2.000000
yllcorner     0.000000
cellsize      1.000000
NODATA_value  -9999.0
-9999.000 -9999.000 -9999.000 -9999.000 -9999.000 -9999.000 -9999.000 -9999.000 -9999.000 -9999.000 -9999.000 -9999.000 -9999.000 -9999.000 -9999.000 -9999.000 -9999.000 -9999.000 -9999.000 -9999.000 -9999.000 -9999.000 -9999.000 -9999.000 -9999.000 -9999.000 -9999.000 -9999.000 -9999.000 -9999.000 -9999.000 -9999.000 -9999.000 -9999.000 -9999.000 -9999.000 -9999.000 -9999.000 -9999.000 -9999.000 -9999.000 -9999.000 -9999.000 -9999.000 -9999.000 -9999.000 -9999.000 -9999.000 -9999.000 -9999.000 -9999.000 -9999.000 -9999.000 -9999.000 -9999.000 -9999.000 -9999.000 -9999.000 -9999.000 -9999.000 -9999.000 -9999.000 -9999.000 -9999.000 -9999.000 -9999.000 -9999.000 -9999.000 -9999.000 -9999.000 -9999.000 -9999.000 -9999.000 -9999.000 -9999.000 -9999.000 -9999.000 -9999.000 -9999.000 -9999.000 -9999.000 -9999.000 -9999.000 -9999.000 -9999.000 -9999.000 -9999.000 -9999.000 -9999.000 -9999.000 -9999.000 -9999.000 -9999.000 -9999.000 -9999.000 -9999.000 -9999.000 -9999.000 -9999.000 -9999.000 -9999.000 -9999.000 -9999.000 -9999.000
-9999.000 -9999.000 -9999.000 -9999.000 -9999.000 -9999.000 -9999.000 -9999.000 -9999.000 -9999.000 -9999.000 -9999.000 -9999.000 -9999.000 -9999.000 -9999.000 -9999.000 -9999.000 -9999.000 -9999.000 -9999.000 -9999.000 -9999.000 -9999.000 -9999.000 -9999.000 -9999.000 -9999.000 -9999.000 -9999.000 -9999.000 -9999.000 -9999.000 -9999.000 -9999.000 -9999.000 -9999.000 -9999.000 -9999.000 -9999.000 -9999.000 -9999.000 -9999.000 -9999.000 -9999.000 -9999.000 -9999.000 -9999.000 -9999.000 -9999.000 -9999.000 -9999.000 -9999.000 -9999.000 -9999.000 -9999.000 -9999.000 -9999.000 -9999.000 -9999.000 -9999.000 -9999.000 -9999.000 -9999.000 -9999.000 -9999.000 -9999.000 -9999.000 -9999.000 -9999.000 -9999.000 -9999.000 -9999.000 -9999.000 -9999.000 -9999.000 -9999.000 -9999.000 -9999.000 -9999.000 -9999.000 -9999.000 -9999.000 -9999.000 -9999.000 -9999.000 -9999.000 -9999.000 -9999.000 -9999.000 -9999.000 -9999.000 -9999.000 -9999.000 -9999.000 -9999.000 -9999.000 -9999.000 -9999.000 -9999.000 -9999.000 -9999.000 -9999.000 -9999.000
-9999.000 -9999.000 8542.190 8442.633 8343.525 8244.870 8146.677 8048.957 7951.721 7854.982 7758.751 7663.044 7567.874 7473.257 7379.213 7285.761 7192.924 7100.728 7009.203 6918.385 6828.316 6739.048 6650.645 6563.186 6476.773 6391.527 6307.584 6225.094 6144.208 6065.066 5987.789 5912.468 5839.163 5767.895 5698.654 5631.404 5566.087 5502.630 5440.950 5380.961 5322.574 5265.697 5210.241 5156.116 5103.234 5051.508 5000.850 4951.175 4902.400 4854.443 4807.222 4760.661 4714.684 4669.219 4624.193 4579.535 4535.177 4491.050 4447.090 4403.236 4359.428 4315.608 4271.716 4227.693 4183.478 4139.015 4094.248 4049.122 4003.587 3957.591 3911.083 3864.009 3816.315 3767.946 3718.850 3668.970 3618.256 3566.650 3514.102 3460.557 3405.965 3350.267 3293.413 3235.336 3175.970 3115.252 3053.110 2989.485 2924.295 2857.455 2788.898 2718.523 2646.213 2571.874 2495.401 2416.637 2335.407 2251.545 2164.888 2075.251 1982.389 1886.044 -9999.000 -9999.000
-9999.000 -9999.000 8542.190 8442.633 8343.525 8244.870 8146.677 8048.957 7951.721 7854.982 7758.751 7663.044 7567.874 7473.257 7379.213 7285.761 7192.924 7100.728 7009.203 6918.385 6828.316 6739.048 6650.645 6563.186 6476.773 6391.527 6307.584 6225.094 6144.208 6065.066 5987.789 5912.468 5839.163 5767.895 5698.654 5631.404 5566.087 5502.630 5440.950 5380.961 5322.574 5265.697 5210.241 5156.116 5103.234 5051.508 5000.850 4951.175 4902.400 4854.443 4807.222 4760.661 4714.684 4669.219 4624.193 4579.535 4535.177 4491.050 4447.090 4403.236 4359.428 4315.608 4271.716 4227.693 4183.478 4139.015 4094.248 4049.122 4003.587 3957.591 3911.083 3864.009 3816.315 3767.946 3718.850 3668.970 3618.256 3566.650 3514.102 3460.557 3405.965 3350.267 3293.413 3235.336 3175.970 3115.252 3053.110 2989.485 2924.295 2857.455 2788.898 2718.523 2646.213 2571.874 2495.401 2416.637 2335.407 2251.545 2164.888 2075.251 1982.389 1886.044 -9999.000 -9999.000
-9999.000 -9999.000 8542.190 8442.633 8343.525 8244.870 8146.677 8048.957 7951.721 7854.982 7758.751 7663.044 7567.874 7473.257 7379.213 7285.761 7192.924 7100.728 7009.203 6918.385 6828.316 6739.048 6650.645 6563.186 6476.773 6391.527 6307.584 6225.094 6144.208 6065.066 5987.789 5912.468 5839.163 5767.895 5698.654 5631.404 5566.087 5502.630 5440.950 5380.961 5322.574 5265.697 5210.241 5156.116 5103.234 5051.508 5000.850 4951.175 4902.400 4854.443 4807.222 4760.661 4714.684 4669.219 4624.193 4579.535 4535.177 4491.050 4447.090 4403.236 4359.428 4315.608 4271.716 4227.693 4183.478 4139.015 4094.248 4049.122 4003.587 3957.591 3911.083 3864.009 3816.315 3767.946 3718.850 3668.970 3618.256 3566.650 3514.102 3460.557 3405.965 3350.267 3293.413 3235.336 3175.970 3115.252 3053.110 2989.485 2924.295 2857.455 2788.898 2718.523 2646.213 2571.874 2495.401 2416.637 2335.407 2251.545 2164.888 2075.251 1982.389 1886.044 -9999.000 -9999.000
-9999.000 -9999.000 8542.190 8442.633 8343.525 8244.870 8146.677 8048.957 7951.721 7854.982 7758.751 7663.044 7567.874 7473.257 7379.213 7285.761 7192.924 7100.728 7009.203 6918.385 6828.316 6739.048 6650.645 6563.186 6476.773 6391.527 6307.584 6225.094 6144.208 6065.066 5987.789 5912.468 5839.163 5767.895 5698.654 5631.404 5566.087 5502.630 5440.950 5380.961 5322.574 5265.697 5210.241 5156.116 5103.234 5051.508 5000.850 4951.175 4902.400 4854.443 4807.222 4760.661 4714.684 4669.219 4624.193 4579.535 4535.177 4491.050 4447.090 4403.236 4359.428 4315.608 4271.716 4227.693 4183.478 4139.015 4094.248 4049.122 4003.587 3957.591 3911.083 3864.009 3816.315 3767.946 3718.850 3668.970 3618.256 3566.650 3514.102 3460.557 3405.965 3350.267 3293.413 3235.336 3175.970 3115.252 3053.110 2989.485 2924.295 2857.455 2788.898 2718.523 2646.213 2571.874 2495.401 2416.637 2335.407 2251.545 2164.888 2075.251 1982.389 1886.044 -9999.000 -9999.000
-9999.000 -9999.000 8542.190 8442.633 8343.525 8244.870 8146.677 8048.957 7951.721 7854.982 7758.751 7663.044 7567.874 7473.257 7379.213 7285.761 7192.924 7100.728 7009.203 6918.385 6828.316 6739.048 6650.645 6563.186 6476.773 6391.527 6307.584 6225.094 6144.208 6065.066 5987.789 5912.468 5839.163 5767.895 5698.654 5631.404 5566.087 5502.630 5440.950 5380.961 5322.574 5265.697 5210.241 5156.116 5103.234 5051.508 5000.850 4951.175 4902.400 4854.443 4807.222 4760.661 4714.684 4669.219 4624.193 4579.535 4535.177 4491.050 4447.090 4403.236 4359.428 4315.608 4271.716 4227.693 4183.478 4139.015 4094.248 4049.122 4003.587 3957.591 3911.083 3864.009 3816.315 3767.946 3718.850 3668.970 3618.256 3566.650 3514.102 3460.557 3405.965 3350.267 3293.413 3235.336 3175.970 3115.252 3053.110 2989.485 2924.295 2857.455 2788.898 2718.523 2646.213 2571.874 2495.401 2416.637 2335.407 2251.545 2164.888 2075.251 1982.389 1886.044 -9999.000 -9999.000
-9999.000 -9999.000 8542.190 8442.633 8343.525 8244.870 8146.677 8048.957 7951.721 7854.982 7758.751 7663.044 7567.874 7473.257 7379.213 7285.761 7192.924 7100.728 7009.203 6918.385 6828.316 6739.048 6650.645 6563.186 6476.773 6391.527 6307.584 6225.094 6144.208 6065.066 5987.789 5912.468 5839.163 5767.895 5698.654 5631.404 5566.087 5502.630 5440.950 5380.961 5322.574 5265.697 5210.241 5156.116 5103.234 5051.508 5000.850 4951.175 4902.400 4854.443 4807.222 4760.661 4714.684 4669.219 4624.193 4579.535 4535.177 4491.050 4447.090 4403.236 4359.428 4315.608 4271.716 4227.693 4183.478 4139.015 4094.248 4049.122 4003.587 3957.591 3911.083 3864.009 3816.315 3767.946 3718.850 3668.970 3618.256 3566.650 3514.102 3460.557 3405.965 3350.267 3293.413 3235.336 3175.970 3115.252 3053.110 2989.485 2924.295 2857.455 2788.898 2718.523 2646.213 2571.874 2495.401 2416.637 2335.407 2251.545 2164.888 2075.251 1982.389 1886.044 -9999.000 -9999.000
-9999.000 -9999.000 -9999.000 -9999.000 -9999.000 -9999.000 -9999.000 -9999.000 -9999.000 -9999.000 -9999.000 -9999.000 -9999.000 -9999.000 -9999.000 -9999.000 -9999.000 -9999.000 -9999.000 -9999.000 -9999.000 -9999.000 -9999.000 -9999.000 -9999.000 -9999.000 -9999.000 -9999.000 -9999.000 -9999.000 -9999.000 -9999.000 -9999.000 -9999.000 -9999.000 -9999.000 -9999.000 -9999.000 -9999.000 -9999.000 -9999.000 -9999.000 -9999.000 -9999.000 -9999.000 -9999.000 -9999.000 -9999.000 -9999.000 -9999.000 -9999.000 -9999.000 -9999.000 -9999.000 -9999.000 -9999.000 -9999.000 -9999.000 -9999.000 -9999.000 -9999.000 -9999.000 -9999.000 -9999.000 -9999.000 -9999.000 -9999.000 -9999.000 -9999.000 -9999.000 -9999.000 -9999.000 -9999.000 -9999.000 -9999.000 -9999.000 -9999.000 -9999.000 -9999.000 -9999.000 -9999.000 -9999.000 -9999.000 -9999.000 -9999.000 -9999.000 -9999.000 -9999.000 -9999.000 -9999.000 -9999.000 -9999.000 -9999.000 -9999.000 -9999.000 -9999.000 -9999.000 -9999.000 -9999.000 -9999.000 -9999.000 -9999.000 -9999.000 -9999.000
-9999.000 -9999.000 -9999.000 -9999.000 -9999.000 -9999.000 -9999.000 -9999.000 -9999.000 -9999.000 -9999.000 -9999.000 -9999.000 -9999.000 -9999.000 -9999.000 -9999.000 -9999.000 -9999.000 -9999.000 -9999.000 -9999.000 -9999.000 -9999.000 -9999.000 -9999.000 -9999.000 -9999.000 -9999.000 -9999.000 -9999.000 -9999.000 -9999.000 -9999.000 -9999.000 -9999.000 -9999.000 -9999.000 -9999.000 -9999.000 -9999.000 -9999.000 -9999.000 -9999.000 -9999.000 -9999.000 -9999.000 -9999.000 -9999.000 -9999.000 -9999.000 -9999.000 -9999.000 -9999.000 -9999.000 -9999.000 -9999.000 -9999.000 -9999.000 -9999.000 -9999.000 -9999.000 -9999.000 -9999.000 -9999.000 -9999.000 -9999.000 -9999.000 -9999.000 -9999.000 -9999.000 -9999.000 -9999.000 -9999.000 -9999.000 -9999.000 -9999.000 -9999.000 -9999.000 -9999.000 -9999.000 -9999.000 -9999.000 -9999.000 -9999.000 -9999.000 -9999.000 -9999.000 -9999.000 -9999.000 -9999.000 -9999.000 -9999.000 -9999.000 -9999.000 -9999.000 -9999.000 -9999.000 -9999.000 -9999.000 -9999.000 -9999.000 -9999.000 -9999.000