examples/3D/hillslope01/output-maps-METEOIO-OFF/psiliqL0022N0003.asc
ncols         104
nrows         10
xllcorner     -2.000000
yllcorner     0.000000
cellsize      1.000000
NODATA_value  -9999.0
-9999.000 -9999.000 -9999.000 -9999.000 -9999.000 -9999.000 -9999.000 -9999.000 -9999.000 -9999.000 -9999.000 -9999.000 -9999.000 -9999.000 -9999.000 -9999.000 -9999.000 -9999.000 -9999.000 -9999.000 -9999.000 -9999.000 -9999.000 -9999.000 -9999.000 -9999.000 -9999.000 -9999.000 -9999.000 -9999.000 -9999.000 -9999.000 -9999.000 -9999.000 -9999.000 -9999.000 -9999.000 -9999.000 -9999.000 -9999.000 -9999.000 -9999.000 -9999.000 -9999.000 -9999.000 -9999.000 -9999.000 -9999.000 -9999.000 -9999.000 -9999.000 -9999.000 -9999.000 -9999.000 -9999.000 -9999.000 -9999.000 -9999.000 -9999.000 -9999.000 -9999.000 -9999.000 -9999.000 -9999.000 -9999.000 -9999.000 -9999.000 -9999.000 -9999.000 -9999.000 -9999.000 -9999.000 -9999.000 -9999.000 -9999.000 -9999.000 -9999.000 -9999.000 -9999.000 -9999.000 -9999.000 -9999.000 -9999.000 -9999.000 -9999.000 -9999.000 -9999.000 -9999.000 -9999.000 -9999.000 -9999.000 -9999.000 -9999.000 -9999.000 -9999.000 -9999.000 -9999.000 -9999.000 -9999.000 -9999.000 -9999.000 -9999.000 -9999.000 -9999.000
-9999.000 -9999.000 -9999.000 -9999.000 -9999.000 -9999.000 -9999.000 -9999.000 -9999.000 -9999.000 -9999.000 -9999.000 -9999.000 -9999.000 -9999.000 -9999.000 -9999.000 -9999.000 -9999.000 -9999.000 -9999.000 -9999.000 -9999.000 -9999.000 -9999.000 -9999.000 -9999.000 -9999.000 -9999.000 -9999.000 -9999.000 -9999.000 -9999.000 -9999.000 -9999.000 -9999.000 -9999.000 -9999.000 -9999.000 -9999.000 -9999.000 -9999.000 -9999.000 -9999.000 -9999.000 -9999.000 -9999.000 -9999.000 -9999.000 -9999.000 -9999.000 -9999.000 -9999.000 -9999.000 -9999.000 -9999.000 -9999.000 -9999.000 -9999.000 -9999.000 -9999.000 -9999.000 -9999.000 -9999.000 -9999.000 -9999.000 -9999.000 -9999.000 -9999.000 -9999.000 -9999.000 -9999.000 -9999.000 -9999.000 -9999.000 -9999.000 -9999.000 -9999.000 -9999.000 -9999.000 -9999.000 -9999.000 -9999.000 -9999.000 -9999.000 -9999.000 -9999.000 -9999.000 -9999.000 -9999.000 -9999.000 -9999.000 -9999.000 -9999.000 -9999.000 -9999.000 -9999.000 -9999.000 -9999.000 -9999.000 -9999.000 -9999.000 -9999.000 -9999.000
-9999.000 -9999.000 2328.788 2249.874 2182.501 2117.578 2051.446 1983.355 1913.564 1842.481 1770.441 1697.749 1624.668 1551.330 1477.807 1404.201 1330.598 1256.999 1183.400 1109.914 1036.574 963.320 890.087 817.071 744.236 671.467 598.701 526.217 453.892 381.534 309.240 237.258 165.371 93.222 21.403 -50.045 -121.127 -191.338 -259.037 -323.338 -382.948 -435.910 -481.343 -519.066 -549.205 -572.487 -590.093 -603.106 -612.511 -619.241 -624.000 -627.319 -629.619 -631.204 -632.285 -633.019 -633.514 -633.847 -634.068 -634.215 -634.313 -634.376 -634.417 -634.444 -634.461 -634.472 -634.479 -634.484 -634.486 -634.488 -634.489 -634.489 -634.489 -634.489 -634.489 -634.489 -634.489 -634.489 -634.488 -634.488 -634.488 -634.488 -634.487 -634.487 -634.487 -634.487 -634.486 -634.486 -634.486 -634.486 -634.485 -634.485 -634.485 -634.485 -634.485 -634.485 -634.487 -634.504 -634.613 -635.251 -638.650 -655.395 -9999.000 -9999.000
-9999.000 -9999.000 2328.792 2249.877 2182.502 2117.579 2051.446 1983.355 1913.564 1842.481 1770.441 1697.749 1624.668 1551.330 1477.807 1404.201 1330.598 1256.999 1183.400 1109.914 1036.574 963.320 890.087 817.071 744.236 671.467 598.701 526.217 453.892 381.534 309.240 237.258 165.371 93.222 21.403 -50.045 -121.127 -191.338 -259.037 -323.338 -382.948 -435.910 -481.343 -519.066 -549.205 -572.487 -590.093 -603.106 -612.511 -619.241 -624.000 -627.319 -629.619 -631.204 -632.285 -633.019 -633.514 -633.847 -634.068 -634.215 -634.313 -634.376 -634.417 -634.444 -634.461 -634.472 -634.479 -634.484 -634.486 -634.488 -634.489 -634.489 -634.489 -634.489 -634.489 -634.489 -634.489 -634.489 -634.488 -634.488 -634.488 -634.488 -634.487 -634.487 -634.487 -634.487 -634.486 -634.486 -634.486 -634.486 -634.485 -634.485 -634.485 -634.485 -634.485 -634.485 -634.487 -634.504 -634.613 -635.251 -638.650 -655.395 -9999.000 -9999.000
-9999.000 -9999.000 2328.796 2249.878 2182.503 2117.579 2051.446 1983.355 1913.564 1842.481 1770.441 1697.749 1624.668 1551.330 1477.807 1404.201 1330.598 1256.999 1183.400 1109.914 1036.574 963.320 890.087 817.071 744.236 671.467 598.701 526.217 453.892 381.534 309.240 237.258 165.371 93.222 21.403 -50.045 -121.127 -191.338 -259.037 -323.338 -382.948 -435.910 -481.343 -519.066 -549.205 -572.487 -590.093 -603.106 -612.511 -619.241 -624.000 -627.319 -629.619 -631.204 -632.285 -633.019 -633.514 -633.847 -634.068 -634.215 -634.313 -634.376 -634.417 -634.444 -634.461 -634.472 -634.479 -634.484 -634.486 -634.488 -634.489 -634.489 -634.489 -634.489 -634.489 -634.489 -634.489 -634.489 -634.488 -634.488 -634.488 -634.488 -634.487 -634.487 -634.487 -634.487 -634.486 -634.486 -634.486 -634.486 -634.485 -634.485 -634.485 -634.485 -634.485 -634.485 -634.487 -634.504 -634.613 -635.251 -638.650 -655.395 -9999.000 -9999.000
-9999.000 -9999.000 2328.796 2249.878 2182.503 2117.579 2051.446 1983.355 1913.564 1842.481 1770.441 1697.749 1624.668 1551.330 1477.807 1404.201 1330.598 1256.999 1183.400 1109.914 1036.574 963.320 890.087 817.071 744.236 671.467 598.701 526.217 453.892 381.534 309.240 237.258 165.371 93.222 21.403 -50.045 -121.127 -191.338 -259.037 -323.338 -382.948 -435.910 -481.343 -519.066 -549.205 -572.487 -590.093 -603.106 -612.511 -619.241 -624.000 -627.319 -629.619 -631.204 -632.285 -633.019 -633.514 -633.847 -634.068 -634.215 -634.313 -634.376 -634.417 -634.444 -634.461 -634.472 -634.479 -634.484 -634.486 -634.488 -634.489 -634.489 -634.489 -634.489 -634.489 -634.489 -634.489 -634.489 -634.488 -634.488 -634.488 -634.488 -634.487 -634.487 -634.487 -634.487 -634.486 -634.486 -634.486 -634.486 -634.485 -634.485 -634.485 -634.485 -634.485 -634.485 -634.487 -634.504 -634.613 -635.251 -638.650 -655.395 -9999.000 -9999.000
-9999.000 -9999.000 2328.792 2249.877 2182.502 2117.579 2051.446 1983.355 1913.564 1842.481 1770.441 1697.749 1624.668 1551.330 1477.807 1404.201 1330.598 1256.999 1183.400 1109.914 1036.574 963.320 890.087 817.071 744.236 671.467 598.701 526.217 453.892 381.534 309.240 237.258 165.371 93.222 21.403 -50.045 -121.127 -191.338 -259.037 -323.338 -382.948 -435.910 -481.343 -519.066 -549.205 -572.487 -590.093 -603.106 -612.511 -619.241 -624.000 -627.319 -629.619 -631.204 -632.285 -633.019 -633.514 -633.847 -634.068 -634.215 -634.313 -634.376 -634.417 -634.444 -634.461 -634.472 -634.479 -634.484 -634.486 -634.488 -634.489 -634.489 -634.489 -634.489 -634.489 -634.489 -634.489 -634.489 -634.488 -634.488 -634.488 -634.488 -634.487 -634.487 -634.487 -634.487 -634.486 -634.486 -634.486 -634.486 -634.485 -634.485 -634.485 -634.485 -634.485 -634.485 -634.487 -634.504 -634.613 -635.251 -638.650 -655.395 -9999.000 -9999.000
-9999.000 -9999.000 2328.788 2249.874 2182.501 2117.578 2051.446 1983.355 1913.564 1842.481 1770.441 1697.749 1624.668 1551.330 1477.807 1404.201 1330.598 1256.999 1183.400 1109.914 1036.574 963.320 890.087 817.071 744.236 671.467 598.701 526.217 453.892 381.534 309.240 237.258 165.371 93.222 21.403 -50.045 -121.127 -191.338 -259.037 -323.338 -382.948 -435.910 -481.343 -519.066 -549.205 -572.487 -590.093 -603.106 -612.511 -619.241 -624.000 -627.319 -629.619 -631.204 -632.285 -633.019 -633.514 -633.847 -634.068 -634.215 -634.313 -634.376 -634.417 -634.444 -634.461 -634.472 -634.479 -634.484 -634.486 -634.488 -634.489 -634.489 -634.489 -634.489 -634.489 -634.489 -634.489 -634.489 -634.488 -634.488 -634.488 -634.488 -634.487 -634.487 -634.487 -634.487 -634.486 -634.486 -634.486 -634.486 -634.485 -634.485 -634.485 -634.485 -634.485 -634.485 -634.487 -634.504 -634.613 -635.251 -638.650 -655.395 -9999.000 -9999.000
-9999.000 -9999.000 -9999.000 -9999.000 -9999.000 -9999.000 -9999.000 -9999.000 -9999.000 -9999.000 -9999.000 -9999.000 -9999.000 -9999.000 -9999.000 -9999.000 -9999.000 -9999.000 -9999.000 -9999.000 -9999.000 -9999.000 -9999.000 -9999.000 -9999.000 -9999.000 -9999.000 -9999.000 -9999.000 -9999.000 -9999.000 -9999.000 -9999.000 -9999.000 -9999.000 -9999.000 -9999.000 -9999.000 -9999.000 -9999.000 -9999.000 -9999.000 -9999.000 -9999.000 -9999.000 -9999.000 -9999.000 -9999.000 -9999.000 -9999.000 -9999.000 -9999.000 -9999.000 -9999.000 -9999.000 -9999.000 -9999.000 -9999.000 -9999.000 -9999.000 -9999.000 -9999.000 -9999.000 -9999.000 -9999.000 -9999.000 -9999.000 -9999.000 -9999.000 -9999.000 -9999.000 -9999.000 -9999.000 -9999.000 -9999.000 -9999.000 -9999.000 -9999.000 -9999.000 -9999.000 -9999.000 -9999.000 -9999.000 -9999.000 -9999.000 -9999.000 -9999.000 -9999.000 -9999.000 -9999.000 -9999.000 -9999.000 -9999.000 -9999.000 -9999.000 -9999.000 -9999.000 -9999.000 -9999.000 -9999.000 -9999.000 -9999.000 -9999.000 -9999.000
-9999.000 -9999.000 -9999.000 -9999.000 -9999.000 -9999.000 -9999.000 -9999.000 -9999.000 -9999.000 -9999.000 -9999.000 -9999.000 -9999.000 -9999.000 -9999.000 -9999.000 -9999.000 -9999.000 -9999.000 -9999.000 -9999.000 -9999.000 -9999.000 -9999.000 -9999.000 -9999.000 -9999.000 -9999.000 -9999.000 -9999.000 -9999.000 -9999.000 -9999.000 -9999.000 -9999.000 -9999.000 -9999.000 -9999.000 -9999.000 -9999.000 -9999.000 -9999.000 -9999.000 -9999.000 -9999.000 -9999.000 -9999.000 -9999.000 -9999.000 -9999.000 -9999.000 -9999.000 -9999.000 -9999.000 -9999.000 -9999.000 -9999.000 -9999.000 -9999.000 -9999.000 -9999.000 -9999.000 -9999.000 -9999.000 -9999.000 -9999.000 -9999.000 -9999.000 -9999.000 -9999.000 -9999.000 -9999.000 -9999.000 -9999.000 -9999.000 -9999.000 -9999.000 -9999.000 -9999.000 -9999.000 -9999.000 -9999.000 -9999.000 -9999.000 -9999.000 -9999.000 -9999.000 -9999.000 -9999.000 -9999.000 -9999.000 -9999.000 -9999.000 -9999.000 -9999.000 -9999.000 -9999.000 -9999.000 -9999.000 -9999.000 -9999.000 -9999.000 -9999.000