examples/3D/hillslope01/output-maps-METEOIO-OFF/psiliqL0027N0003.asc
ncols         104
nrows         10
xllcorner     -2.000000
yllcorner     0.000000
cellsize      1.000000
NODATA_value  -9999.0
-9999.000 -9999.000 -9999.000 -9999.000 -9999.000 -9999.000 -9999.000 -9999.000 -9999.000 -9999.000 -9999.000 -9999.000 -9999.000 -9999.000 -9999.000 -9999.000 -9999.000 -9999.000 -9999.000 -9999.000 -9999.000 -9999.000 -9999.000 -9999.000 -9999.000 -9999.000 -9999.000 -9999.000 -9999.000 -9999.000 -9999.000 -9999.000 -9999.000 -9999.000 -9999.000 -9999.000 -9999.000 -9999.000 -9999.000 -9999.000 -9999.000 -9999.000 -9999.000 -9999.000 -9999.000 -9999.000 -9999.000 -9999.000 -9999.000 -9999.000 -9999.000 -9999.000 -9999.000 -9999.000 -9999.000 -9999.000 -9999.000 -9999.000 -9999.000 -9999.000 -9999.000 -9999.000 -9999.000 -9999.000 -9999.000 -9999.000 -9999.000 -9999.000 -9999.000 -9999.000 -9999.000 -9999.000 -9999.000 -9999.000 -9999.000 -9999.000 -9999.000 -9999.000 -9999.000 -9999.000 -9999.000 -9999.000 -9999.000 -9999.000 -9999.000 -9999.000 -9999.000 -9999.000 -9999.000 -9999.000 -9999.000 -9999.000 -9999.000 -9999.000 -9999.000 -9999.000 -9999.000 -9999.000 -9999.000 -9999.000 -9999.000 -9999.000 -9999.000 -9999.000
-9999.000 -9999.000 -9999.000 -9999.000 -9999.000 -9999.000 -9999.000 -9999.000 -9999.000 -9999.000 -9999.000 -9999.000 -9999.000 -9999.000 -9999.000 -9999.000 -9999.000 -9999.000 -9999.000 -9999.000 -9999.000 -9999.000 -9999.000 -9999.000 -9999.000 -9999.000 -9999.000 -9999.000 -9999.000 -9999.000 -9999.000 -9999.000 -9999.000 -9999.000 -9999.000 -9999.000 -9999.000 -9999.000 -9999.000 -9999.000 -9999.000 -9999.000 -9999.000 -9999.000 -9999.000 -9999.000 -9999.000 -9999.000 -9999.000 -9999.000 -9999.000 -9999.000 -9999.000 -9999.000 -9999.000 -9999.000 -9999.000 -9999.000 -9999.000 -9999.000 -9999.000 -9999.000 -9999.000 -9999.000 -9999.000 -9999.000 -9999.000 -9999.000 -9999.000 -9999.000 -9999.000 -9999.000 -9999.000 -9999.000 -9999.000 -9999.000 -9999.000 -9999.000 -9999.000 -9999.000 -9999.000 -9999.000 -9999.000 -9999.000 -9999.000 -9999.000 -9999.000 -9999.000 -9999.000 -9999.000 -9999.000 -9999.000 -9999.000 -9999.000 -9999.000 -9999.000 -9999.000 -9999.000 -9999.000 -9999.000 -9999.000 -9999.000 -9999.000 -9999.000
-9999.000 -9999.000 2849.495 2765.733 2692.197 2622.484 2553.186 2483.095 2412.016 2340.079 2267.471 2194.394 2121.024 2047.471 1973.801 1900.089 1826.393 1752.728 1679.105 1605.588 1532.199 1458.909 1385.697 1312.654 1239.766 1166.971 1094.246 1021.716 949.324 876.973 804.712 732.651 660.676 588.634 516.788 445.122 373.443 301.626 230.145 158.763 87.144 15.608 -55.435 -125.946 -195.446 -261.814 -323.962 -380.450 -429.503 -470.402 -503.384 -529.032 -548.299 -562.504 -572.773 -580.041 -585.136 -588.675 -591.103 -592.756 -593.876 -594.629 -595.131 -595.464 -595.685 -595.830 -595.924 -595.985 -596.024 -596.049 -596.065 -596.075 -596.081 -596.085 -596.087 -596.089 -596.089 -596.090 -596.090 -596.090 -596.090 -596.089 -596.089 -596.089 -596.089 -596.088 -596.088 -596.088 -596.088 -596.087 -596.087 -596.087 -596.087 -596.086 -596.086 -596.087 -596.090 -596.116 -596.266 -597.077 -601.036 -619.005 -9999.000 -9999.000
-9999.000 -9999.000 2849.498 2765.734 2692.198 2622.484 2553.186 2483.095 2412.016 2340.079 2267.471 2194.394 2121.024 2047.471 1973.801 1900.089 1826.393 1752.728 1679.105 1605.588 1532.199 1458.909 1385.697 1312.654 1239.766 1166.971 1094.246 1021.716 949.324 876.973 804.712 732.651 660.676 588.634 516.788 445.122 373.443 301.626 230.145 158.763 87.144 15.608 -55.435 -125.946 -195.446 -261.814 -323.962 -380.450 -429.503 -470.402 -503.384 -529.032 -548.299 -562.504 -572.773 -580.041 -585.136 -588.675 -591.103 -592.756 -593.876 -594.629 -595.131 -595.464 -595.685 -595.830 -595.924 -595.985 -596.024 -596.049 -596.065 -596.075 -596.081 -596.085 -596.087 -596.089 -596.089 -596.090 -596.090 -596.090 -596.090 -596.089 -596.089 -596.089 -596.089 -596.088 -596.088 -596.088 -596.088 -596.087 -596.087 -596.087 -596.087 -596.086 -596.086 -596.087 -596.090 -596.116 -596.266 -597.077 -601.036 -619.005 -9999.000 -9999.000
-9999.000 -9999.000 2849.499 2765.735 2692.199 2622.484 2553.186 2483.095 2412.016 2340.079 2267.471 2194.394 2121.024 2047.471 1973.801 1900.089 1826.393 1752.728 1679.105 1605.588 1532.199 1458.909 1385.697 1312.654 1239.766 1166.971 1094.246 1021.716 949.324 876.973 804.712 732.651 660.676 588.634 516.788 445.122 373.443 301.626 230.145 158.763 87.144 15.608 -55.435 -125.946 -195.446 -261.814 -323.962 -380.450 -429.503 -470.402 -503.384 -529.032 -548.299 -562.504 -572.773 -580.041 -585.136 -588.675 -591.103 -592.756 -593.876 -594.629 -595.131 -595.464 -595.685 -595.830 -595.924 -595.985 -596.024 -596.049 -596.065 -596.075 -596.081 -596.085 -596.087 -596.089 -596.089 -596.090 -596.090 -596.090 -596.090 -596.089 -596.089 -596.089 -596.089 -596.088 -596.088 -596.088 -596.088 -596.087 -596.087 -596.087 -596.087 -596.086 -596.086 -596.087 -596.090 -596.116 -596.266 -597.077 -601.036 -619.005 -9999.000 -9999.000
-9999.000 -9999.000 2849.499 2765.735 2692.199 2622.484 2553.186 2483.095 2412.016 2340.079 2267.471 2194.394 2121.024 2047.471 1973.801 1900.089 1826.393 1752.728 1679.105 1605.588 1532.199 1458.909 1385.697 1312.654 1239.766 1166.971 1094.246 1021.716 949.324 876.973 804.712 732.651 660.676 588.634 516.788 445.122 373.443 301.626 230.145 158.763 87.144 15.608 -55.435 -125.946 -195.446 -261.814 -323.962 -380.450 -429.503 -470.402 -503.384 -529.032 -548.299 -562.504 -572.773 -580.041 -585.136 -588.675 -591.103 -592.756 -593.876 -594.629 -595.131 -595.464 -595.685 -595.830 -595.924 -595.985 -596.024 -596.049 -596.065 -596.075 -596.081 -596.085 -596.087 -596.089 -596.089 -596.090 -596.090 -596.090 -596.090 -596.089 -596.089 -596.089 -596.089 -596.088 -596.088 -596.088 -596.088 -596.087 -596.087 -596.087 -596.087 -596.086 -596.086 -596.087 -596.090 -596.116 -596.266 -597.077 -601.036 -619.005 -9999.000 -9999.000
-9999.000 -9999.000 2849.498 2765.734 2692.198 2622.484 2553.186 2483.095 2412.016 2340.079 2267.471 2194.394 2121.024 2047.471 1973.801 1900.089 1826.393 1752.728 1679.105 1605.588 1532.199 1458.909 1385.697 1312.654 1239.766 1166.971 1094.246 1021.716 949.324 876.973 804.712 732.651 660.676 588.634 516.788 445.122 373.443 301.626 230.145 158.763 87.144 15.608 -55.435 -125.946 -195.446 -261.814 -323.962 -380.450 -429.503 -470.402 -503.384 -529.032 -548.299 -562.504 -572.773 -580.041 -585.136 -588.675 -591.103 -592.756 -593.876 -594.629 -595.131 -595.464 -595.685 -595.830 -595.924 -595.985 -596.024 -596.049 -596.065 -596.075 -596.081 -596.085 -596.087 -596.089 -596.089 -596.090 -596.090 -596.090 -596.090 -596.089 -596.089 -596.089 -596.089 -596.088 -596.088 -596.088 -596.088 -596.087 -596.087 -596.087 -596.087 -596.086 -596.086 -596.087 -596.090 -596.116 -596.266 -597.077 -601.036 -619.005 -9999.000 -9999.000
-9999.000 -9999.000 2849.495 2765.733 2692.197 2622.484 2553.186 2483.095 2412.016 2340.079 2267.471 2194.394 2121.024 2047.471 1973.801 1900.089 1826.393 1752.728 1679.105 1605.588 1532.199 1458.909 1385.697 1312.654 1239.766 1166.971 1094.246 1021.716 949.324 876.973 804.712 732.651 660.676 588.634 516.788 445.122 373.443 301.626 230.145 158.763 87.144 15.608 -55.435 -125.946 -195.446 -261.814 -323.962 -380.450 -429.503 -470.402 -503.384 -529.032 -548.299 -562.504 -572.773 -580.041 -585.136 -588.675 -591.103 -592.756 -593.876 -594.629 -595.131 -595.464 -595.685 -595.830 -595.924 -595.985 -596.024 -596.049 -596.065 -596.075 -596.081 -596.085 -596.087 -596.089 -596.089 -596.090 -596.090 -596.090 -596.090 -596.089 -596.089 -596.089 -596.089 -596.088 -596.088 -596.088 -596.088 -596.087 -596.087 -596.087 -596.087 -596.086 -596.086 -596.087 -596.090 -596.116 -596.266 -597.077 -601.036 -619.005 -9999.000 -9999.000
-9999.000 -9999.000 -9999.000 -9999.000 -9999.000 -9999.000 -9999.000 -9999.000 -9999.000 -9999.000 -9999.000 -9999.000 -9999.000 -9999.000 -9999.000 -9999.000 -9999.000 -9999.000 -9999.000 -9999.000 -9999.000 -9999.000 -9999.000 -9999.000 -9999.000 -9999.000 -9999.000 -9999.000 -9999.000 -9999.000 -9999.000 -9999.000 -9999.000 -9999.000 -9999.000 -9999.000 -9999.000 -9999.000 -9999.000 -9999.000 -9999.000 -9999.000 -9999.000 -9999.000 -9999.000 -9999.000 -9999.000 -9999.000 -9999.000 -9999.000 -9999.000 -9999.000 -9999.000 -9999.000 -9999.000 -9999.000 -9999.000 -9999.000 -9999.000 -9999.000 -9999.000 -9999.000 -9999.000 -9999.000 -9999.000 -9999.000 -9999.000 -9999.000 -9999.000 -9999.000 -9999.000 -9999.000 -9999.000 -9999.000 -9999.000 -9999.000 -9999.000 -9999.000 -9999.000 -9999.000 -9999.000 -9999.000 -9999.000 -9999.000 -9999.000 -9999.000 -9999.000 -9999.000 -9999.000 -9999.000 -9999.000 -9999.000 -9999.000 -9999.000 -9999.000 -9999.000 -9999.000 -9999.000 -9999.000 -9999.000 -9999.000 -9999.000 -9999.000 -9999.000
-9999.000 -9999.000 -9999.000 -9999.000 -9999.000 -9999.000 -9999.000 -9999.000 -9999.000 -9999.000 -9999.000 -9999.000 -9999.000 -9999.000 -9999.000 -9999.000 -9999.000 -9999.000 -9999.000 -9999.000 -9999.000 -9999.000 -9999.000 -9999.000 -9999.000 -9999.000 -9999.000 -9999.000 -9999.000 -9999.000 -9999.000 -9999.000 -9999.000 -9999.000 -9999.000 -9999.000 -9999.000 -9999.000 -9999.000 -9999.000 -9999.000 -9999.000 -9999.000 -9999.000 -9999.000 -9999.000 -9999.000 -9999.000 -9999.000 -9999.000 -9999.000 -9999.000 -9999.000 -9999.000 -9999.000 -9999.000 -9999.000 -9999.000 -9999.000 -9999.000 -9999.000 -9999.000 -9999.000 -9999.000 -9999.000 -9999.000 -9999.000 -9999.000 -9999.000 -9999.000 -9999.000 -9999.000 -9999.000 -9999.000 -9999.000 -9999.000 -9999.000 -9999.000 -9999.000 -9999.000 -9999.000 -9999.000 -9999.000 -9999.000 -9999.000 -9999.000 -9999.000 -9999.000 -9999.000 -9999.000 -9999.000 -9999.000 -9999.000 -9999.000 -9999.000 -9999.000 -9999.000 -9999.000 -9999.000 -9999.000 -9999.000 -9999.000 -9999.000 -9999.000