examples/3D/hillslope01/output-maps-METEOIO-OFF/psiliqL0083N0002.asc
ncols         104
nrows         10
xllcorner     -2.000000
yllcorner     0.000000
cellsize      1.000000
NODATA_value  -9999.0
-9999.000 -9999.000 -9999.000 -9999.000 -9999.000 -9999.000 -9999.000 -9999.000 -9999.000 -9999.000 -9999.000 -9999.000 -9999.000 -9999.000 -9999.000 -9999.000 -9999.000 -9999.000 -9999.000 -9999.000 -9999.000 -9999.000 -9999.000 -9999.000 -9999.000 -9999.000 -9999.000 -9999.000 -9999.000 -9999.000 -9999.000 -9999.000 -9999.000 -9999.000 -9999.000 -9999.000 -9999.000 -9999.000 -9999.000 -9999.000 -9999.000 -9999.000 -9999.000 -9999.000 -9999.000 -9999.000 -9999.000 -9999.000 -9999.000 -9999.000 -9999.000 -9999.000 -9999.000 -9999.000 -9999.000 -9999.000 -9999.000 -9999.000 -9999.000 -9999.000 -9999.000 -9999.000 -9999.000 -9999.000 -9999.000 -9999.000 -9999.000 -9999.000 -9999.000 -9999.000 -9999.000 -9999.000 -9999.000 -9999.000 -9999.000 -9999.000 -9999.000 -9999.000 -9999.000 -9999.000 -9999.000 -9999.000 -9999.000 -9999.000 -9999.000 -9999.000 -9999.000 -9999.000 -9999.000 -9999.000 -9999.000 -9999.000 -9999.000 -9999.000 -9999.000 -9999.000 -9999.000 -9999.000 -9999.000 -9999.000 -9999.000 -9999.000 -9999.000 -9999.000
-9999.000 -9999.000 -9999.000 -9999.000 -9999.000 -9999.000 -9999.000 -9999.000 -9999.000 -9999.000 -9999.000 -9999.000 -9999.000 -9999.000 -9999.000 -9999.000 -9999.000 -9999.000 -9999.000 -9999.000 -9999.000 -9999.000 -9999.000 -9999.000 -9999.000 -9999.000 -9999.000 -9999.000 -9999.000 -9999.000 -9999.000 -9999.000 -9999.000 -9999.000 -9999.000 -9999.000 -9999.000 -9999.000 -9999.000 -9999.000 -9999.000 -9999.000 -9999.000 -9999.000 -9999.000 -9999.000 -9999.000 -9999.000 -9999.000 -9999.000 -9999.000 -9999.000 -9999.000 -9999.000 -9999.000 -9999.000 -9999.000 -9999.000 -9999.000 -9999.000 -9999.000 -9999.000 -9999.000 -9999.000 -9999.000 -9999.000 -9999.000 -9999.000 -9999.000 -9999.000 -9999.000 -9999.000 -9999.000 -9999.000 -9999.000 -9999.000 -9999.000 -9999.000 -9999.000 -9999.000 -9999.000 -9999.000 -9999.000 -9999.000 -9999.000 -9999.000 -9999.000 -9999.000 -9999.000 -9999.000 -9999.000 -9999.000 -9999.000 -9999.000 -9999.000 -9999.000 -9999.000 -9999.000 -9999.000 -9999.000 -9999.000 -9999.000 -9999.000 -9999.000
-9999.000 -9999.000 8583.178 8488.105 8397.677 8311.391 8228.604 8148.632 8070.819 7994.585 7919.446 7845.012 7770.979 7697.118 7623.256 7549.266 7475.056 7400.560 7325.732 7250.542 7174.968 7099.000 7022.629 6945.855 6868.678 6791.100 6713.127 6634.762 6556.012 6476.884 6397.384 6317.518 6237.293 6156.716 6075.794 5994.532 5912.938 5831.016 5748.772 5666.214 5583.346 5500.174 5416.703 5332.936 5248.877 5164.530 5079.901 4994.994 4909.813 4824.359 4738.632 4652.631 4566.359 4479.816 4393.009 4305.939 4218.607 4131.012 4043.146 3955.003 3866.574 3777.857 3688.851 3599.559 3509.981 3420.119 3329.966 3239.516 3148.754 3057.662 2966.217 2874.399 2782.190 2689.577 2596.552 2503.104 2409.224 2314.899 2220.115 2124.855 2029.100 1932.830 1836.021 1738.649 1640.689 1542.113 1442.892 1342.999 1242.408 1141.095 1039.030 936.183 832.521 728.011 622.619 516.299 408.989 300.587 190.888 79.935 -31.473 -139.017 -9999.000 -9999.000
-9999.000 -9999.000 8583.178 8488.105 8397.677 8311.391 8228.604 8148.632 8070.819 7994.585 7919.446 7845.012 7770.979 7697.118 7623.256 7549.266 7475.056 7400.560 7325.732 7250.542 7174.968 7099.000 7022.629 6945.855 6868.678 6791.100 6713.127 6634.762 6556.012 6476.884 6397.384 6317.518 6237.293 6156.716 6075.794 5994.532 5912.938 5831.016 5748.772 5666.214 5583.346 5500.174 5416.703 5332.936 5248.877 5164.530 5079.901 4994.994 4909.813 4824.359 4738.632 4652.631 4566.359 4479.816 4393.009 4305.939 4218.607 4131.012 4043.146 3955.003 3866.574 3777.857 3688.851 3599.559 3509.981 3420.119 3329.966 3239.516 3148.754 3057.662 2966.217 2874.399 2782.190 2689.577 2596.552 2503.104 2409.224 2314.899 2220.115 2124.855 2029.100 1932.830 1836.021 1738.649 1640.689 1542.113 1442.892 1342.999 1242.408 1141.095 1039.030 936.183 832.521 728.011 622.619 516.299 408.989 300.587 190.888 79.935 -31.473 -139.017 -9999.000 -9999.000
-9999.000 -9999.000 8583.178 8488.105 8397.677 8311.391 8228.604 8148.632 8070.819 7994.585 7919.446 7845.012 7770.979 7697.118 7623.256 7549.266 7475.056 7400.560 7325.732 7250.542 7174.968 7099.000 7022.629 6945.855 6868.678 6791.100 6713.127 6634.762 6556.012 6476.884 6397.384 6317.518 6237.293 6156.716 6075.794 5994.532 5912.938 5831.016 5748.772 5666.214 5583.346 5500.174 5416.703 5332.936 5248.877 5164.530 5079.901 4994.994 4909.813 4824.359 4738.632 4652.631 4566.359 4479.816 4393.009 4305.939 4218.607 4131.012 4043.146 3955.003 3866.574 3777.857 3688.851 3599.559 3509.981 3420.119 3329.966 3239.516 3148.754 3057.662 2966.217 2874.399 2782.190 2689.577 2596.552 2503.104 2409.224 2314.899 2220.115 2124.855 2029.100 1932.830 1836.021 1738.649 1640.689 1542.113 1442.892 1342.999 1242.408 1141.095 1039.030 936.183 832.521 728.011 622.619 516.299 408.989 300.587 190.888 79.935 -31.473 -139.017 -9999.000 -9999.000
-9999.000 -9999.000 8583.178 8488.105 8397.677 8311.391 8228.604 8148.632 8070.819 7994.585 7919.446 7845.012 7770.979 7697.118 7623.256 7549.266 7475.056 7400.560 7325.732 7250.542 7174.968 7099.000 7022.629 6945.855 6868.678 6791.100 6713.127 6634.762 6556.012 6476.884 6397.384 6317.518 6237.293 6156.716 6075.794 5994.532 5912.938 5831.016 5748.772 5666.214 5583.346 5500.174 5416.703 5332.936 5248.877 5164.530 5079.901 4994.994 4909.813 4824.359 4738.632 4652.631 4566.359 4479.816 4393.009 4305.939 4218.607 4131.012 4043.146 3955.003 3866.574 3777.857 3688.851 3599.559 3509.981 3420.119 3329.966 3239.516 3148.754 3057.662 2966.217 2874.399 2782.190 2689.577 2596.552 2503.104 2409.224 2314.899 2220.115 2124.855 2029.100 1932.830 1836.021 1738.649 1640.689 1542.113 1442.892 1342.999 1242.408 1141.095 1039.030 936.183 832.521 728.011 622.619 516.299 408.989 300.587 190.888 79.935 -31.473 -139.017 -9999.000 -9999.000
-9999.000 -9999.000 8583.178 8488.105 8397.677 8311.391 8228.604 8148.632 8070.819 7994.585 7919.446 7845.012 7770.979 7697.118 7623.256 7549.266 7475.056 7400.560 7325.732 7250.542 7174.968 7099.000 7022.629 6945.855 6868.678 6791.100 6713.127 6634.762 6556.012 6476.884 6397.384 6317.518 6237.293 6156.716 6075.794 5994.532 5912.938 5831.016 5748.772 5666.214 5583.346 5500.174 5416.703 5332.936 5248.877 5164.530 5079.901 4994.994 4909.813 4824.359 4738.632 4652.631 4566.359 4479.816 4393.009 4305.939 4218.607 4131.012 4043.146 3955.003 3866.574 3777.857 3688.851 3599.559 3509.981 3420.119 3329.966 3239.516 3148.754 3057.662 2966.217 2874.399 2782.190 2689.577 2596.552 2503.104 2409.224 2314.899 2220.115 2124.855 2029.100 1932.830 1836.021 1738.649 1640.689 1542.113 1442.892 1342.999 1242.408 1141.095 1039.030 936.183 832.521 728.011 622.619 516.299 408.989 300.587 190.888 79.935 -31.473 -139.017 -9999.000 -9999.000
-9999.000 -9999.000 8583.178 8488.105 8397.677 8311.391 8228.604 8148.632 8070.819 7994.585 7919.446 7845.012 7770.979 7697.118 7623.256 7549.266 7475.056 7400.560 7325.732 7250.542 7174.968 7099.000 7022.629 6945.855 6868.678 6791.100 6713.127 6634.762 6556.012 6476.884 6397.384 6317.518 6237.293 6156.716 6075.794 5994.532 5912.938 5831.016 5748.772 5666.214 5583.346 5500.174 5416.703 5332.936 5248.877 5164.530 5079.901 4994.994 4909.813 4824.359 4738.632 4652.631 4566.359 4479.816 4393.009 4305.939 4218.607 4131.012 4043.146 3955.003 3866.574 3777.857 3688.851 3599.559 3509.981 3420.119 3329.966 3239.516 3148.754 3057.662 2966.217 2874.399 2782.190 2689.577 2596.552 2503.104 2409.224 2314.899 2220.115 2124.855 2029.100 1932.830 1836.021 1738.649 1640.689 1542.113 1442.892 1342.999 1242.408 1141.095 1039.030 936.183 832.521 728.011 622.619 516.299 408.989 300.587 190.888 79.935 -31.473 -139.017 -9999.000 -9999.000
-9999.000 -9999.000 -9999.000 -9999.000 -9999.000 -9999.000 -9999.000 -9999.000 -9999.000 -9999.000 -9999.000 -9999.000 -9999.000 -9999.000 -9999.000 -9999.000 -9999.000 -9999.000 -9999.000 -9999.000 -9999.000 -9999.000 -9999.000 -9999.000 -9999.000 -9999.000 -9999.000 -9999.000 -9999.000 -9999.000 -9999.000 -9999.000 -9999.000 -9999.000 -9999.000 -9999.000 -9999.000 -9999.000 -9999.000 -9999.000 -9999.000 -9999.000 -9999.000 -9999.000 -9999.000 -9999.000 -9999.000 -9999.000 -9999.000 -9999.000 -9999.000 -9999.000 -9999.000 -9999.000 -9999.000 -9999.000 -9999.000 -9999.000 -9999.000 -9999.000 -9999.000 -9999.000 -9999.000 -9999.000 -9999.000 -9999.000 -9999.000 -9999.000 -9999.000 -9999.000 -9999.000 -9999.000 -9999.000 -9999.000 -9999.000 -9999.000 -9999.000 -9999.000 -9999.000 -9999.000 -9999.000 -9999.000 -9999.000 -9999.000 -9999.000 -9999.000 -9999.000 -9999.000 -9999.000 -9999.000 -9999.000 -9999.000 -9999.000 -9999.000 -9999.000 -9999.000 -9999.000 -9999.000 -9999.000 -9999.000 -9999.000 -9999.000 -9999.000 -9999.000
-9999.000 -9999.000 -9999.000 -9999.000 -9999.000 -9999.000 -9999.000 -9999.000 -9999.000 -9999.000 -9999.000 -9999.000 -9999.000 -9999.000 -9999.000 -9999.000 -9999.000 -9999.000 -9999.000 -9999.000 -9999.000 -9999.000 -9999.000 -9999.000 -9999.000 -9999.000 -9999.000 -9999.000 -9999.000 -9999.000 -9999.000 -9999.000 -9999.000 -9999.000 -9999.000 -9999.000 -9999.000 -9999.000 -9999.000 -9999.000 -9999.000 -9999.000 -9999.000 -9999.000 -9999.000 -9999.000 -9999.000 -9999.000 -9999.000 -9999.000 -9999.000 -9999.000 -9999.000 -9999.000 -9999.000 -9999.000 -9999.000 -9999.000 -9999.000 -9999.000 -9999.000 -9999.000 -9999.000 -9999.000 -9999.000 -9999.000 -9999.000 -9999.000 -9999.000 -9999.000 -9999.000 -9999.000 -9999.000 -9999.000 -9999.000 -9999.000 -9999.000 -9999.000 -9999.000 -9999.000 -9999.000 -9999.000 -9999.000 -9999.000 -9999.000 -9999.000 -9999.000 -9999.000 -9999.000 -9999.000 -9999.000 -9999.000 -9999.000 -9999.000 -9999.000 -9999.000 -9999.000 -9999.000 -9999.000 -9999.000 -9999.000 -9999.000 -9999.000 -9999.000