examples/3D/hillslope01/output-maps-METEOIO-OFF/psiliqL0031N0001.asc
ncols         104
nrows         10
xllcorner     -2.000000
yllcorner     0.000000
cellsize      1.000000
NODATA_value  -9999.0
-9999.000 -9999.000 -9999.000 -9999.000 -9999.000 -9999.000 -9999.000 -9999.000 -9999.000 -9999.000 -9999.000 -9999.000 -9999.000 -9999.000 -9999.000 -9999.000 -9999.000 -9999.000 -9999.000 -9999.000 -9999.000 -9999.000 -9999.000 -9999.000 -9999.000 -9999.000 -9999.000 -9999.000 -9999.000 -9999.000 -9999.000 -9999.000 -9999.000 -9999.000 -9999.000 -9999.000 -9999.000 -9999.000 -9999.000 -9999.000 -9999.000 -9999.000 -9999.000 -9999.000 -9999.000 -9999.000 -9999.000 -9999.000 -9999.000 -9999.000 -9999.000 -9999.000 -9999.000 -9999.000 -9999.000 -9999.000 -9999.000 -9999.000 -9999.000 -9999.000 -9999.000 -9999.000 -9999.000 -9999.000 -9999.000 -9999.000 -9999.000 -9999.000 -9999.000 -9999.000 -9999.000 -9999.000 -9999.000 -9999.000 -9999.000 -9999.000 -9999.000 -9999.000 -9999.000 -9999.000 -9999.000 -9999.000 -9999.000 -9999.000 -9999.000 -9999.000 -9999.000 -9999.000 -9999.000 -9999.000 -9999.000 -9999.000 -9999.000 -9999.000 -9999.000 -9999.000 -9999.000 -9999.000 -9999.000 -9999.000 -9999.000 -9999.000 -9999.000 -9999.000
-9999.000 -9999.000 -9999.000 -9999.000 -9999.000 -9999.000 -9999.000 -9999.000 -9999.000 -9999.000 -9999.000 -9999.000 -9999.000 -9999.000 -9999.000 -9999.000 -9999.000 -9999.000 -9999.000 -9999.000 -9999.000 -9999.000 -9999.000 -9999.000 -9999.000 -9999.000 -9999.000 -9999.000 -9999.000 -9999.000 -9999.000 -9999.000 -9999.000 -9999.000 -9999.000 -9999.000 -9999.000 -9999.000 -9999.000 -9999.000 -9999.000 -9999.000 -9999.000 -9999.000 -9999.000 -9999.000 -9999.000 -9999.000 -9999.000 -9999.000 -9999.000 -9999.000 -9999.000 -9999.000 -9999.000 -9999.000 -9999.000 -9999.000 -9999.000 -9999.000 -9999.000 -9999.000 -9999.000 -9999.000 -9999.000 -9999.000 -9999.000 -9999.000 -9999.000 -9999.000 -9999.000 -9999.000 -9999.000 -9999.000 -9999.000 -9999.000 -9999.000 -9999.000 -9999.000 -9999.000 -9999.000 -9999.000 -9999.000 -9999.000 -9999.000 -9999.000 -9999.000 -9999.000 -9999.000 -9999.000 -9999.000 -9999.000 -9999.000 -9999.000 -9999.000 -9999.000 -9999.000 -9999.000 -9999.000 -9999.000 -9999.000 -9999.000 -9999.000 -9999.000
-9999.000 -9999.000 1700.460 1600.693 1501.298 1402.348 1303.867 1205.865 1108.348 1011.321 914.790 818.758 723.235 628.229 533.751 439.811 346.414 253.534 161.249 69.637 -21.285 -111.475 -197.618 -266.892 -314.736 -345.020 -364.819 -378.102 -387.575 -394.416 -399.273 -402.628 -404.870 -406.331 -407.265 -407.850 -408.216 -408.441 -408.579 -408.661 -408.707 -408.729 -408.736 -408.732 -408.721 -408.705 -408.684 -408.660 -408.629 -408.596 -408.563 -408.529 -408.495 -408.462 -408.428 -408.394 -408.360 -408.326 -408.292 -408.258 -408.224 -408.190 -408.157 -408.123 -408.089 -408.055 -408.021 -407.987 -407.953 -407.920 -407.886 -407.852 -407.819 -407.785 -407.751 -407.718 -407.684 -407.651 -407.617 -407.584 -407.550 -407.517 -407.483 -407.450 -407.416 -407.383 -407.350 -407.316 -407.283 -407.249 -407.216 -407.182 -407.148 -407.115 -407.082 -407.051 -407.044 -407.192 -408.250 -413.946 -442.222 -584.874 -9999.000 -9999.000
-9999.000 -9999.000 1700.460 1600.693 1501.298 1402.348 1303.867 1205.865 1108.348 1011.321 914.790 818.758 723.235 628.229 533.751 439.811 346.414 253.534 161.249 69.637 -21.285 -111.475 -197.618 -266.892 -314.736 -345.020 -364.819 -378.102 -387.575 -394.416 -399.273 -402.628 -404.870 -406.331 -407.265 -407.850 -408.216 -408.441 -408.579 -408.661 -408.707 -408.729 -408.736 -408.732 -408.721 -408.705 -408.684 -408.660 -408.629 -408.596 -408.563 -408.529 -408.495 -408.462 -408.428 -408.394 -408.360 -408.326 -408.292 -408.258 -408.224 -408.190 -408.157 -408.123 -408.089 -408.055 -408.021 -407.987 -407.953 -407.920 -407.886 -407.852 -407.819 -407.785 -407.751 -407.718 -407.684 -407.651 -407.617 -407.584 -407.550 -407.517 -407.483 -407.450 -407.416 -407.383 -407.350 -407.316 -407.283 -407.249 -407.216 -407.182 -407.148 -407.115 -407.082 -407.051 -407.044 -407.192 -408.250 -413.946 -442.222 -584.874 -9999.000 -9999.000
-9999.000 -9999.000 1700.460 1600.693 1501.298 1402.348 1303.867 1205.865 1108.348 1011.321 914.790 818.758 723.235 628.229 533.751 439.811 346.414 253.534 161.249 69.637 -21.285 -111.475 -197.618 -266.892 -314.736 -345.020 -364.819 -378.102 -387.575 -394.416 -399.273 -402.628 -404.870 -406.331 -407.265 -407.850 -408.216 -408.441 -408.579 -408.661 -408.707 -408.729 -408.736 -408.732 -408.721 -408.705 -408.684 -408.660 -408.629 -408.596 -408.563 -408.529 -408.495 -408.462 -408.428 -408.394 -408.360 -408.326 -408.292 -408.258 -408.224 -408.190 -408.157 -408.123 -408.089 -408.055 -408.021 -407.987 -407.953 -407.920 -407.886 -407.852 -407.819 -407.785 -407.751 -407.718 -407.684 -407.651 -407.617 -407.584 -407.550 -407.517 -407.483 -407.450 -407.416 -407.383 -407.350 -407.316 -407.283 -407.249 -407.216 -407.182 -407.148 -407.115 -407.082 -407.051 -407.044 -407.192 -408.250 -413.946 -442.222 -584.874 -9999.000 -9999.000
-9999.000 -9999.000 1700.460 1600.693 1501.298 1402.348 1303.867 1205.865 1108.348 1011.321 914.790 818.758 723.235 628.229 533.751 439.811 346.414 253.534 161.249 69.637 -21.285 -111.475 -197.618 -266.892 -314.736 -345.020 -364.819 -378.102 -387.575 -394.416 -399.273 -402.628 -404.870 -406.331 -407.265 -407.850 -408.216 -408.441 -408.579 -408.661 -408.707 -408.729 -408.736 -408.732 -408.721 -408.705 -408.684 -408.660 -408.629 -408.596 -408.563 -408.529 -408.495 -408.462 -408.428 -408.394 -408.360 -408.326 -408.292 -408.258 -408.224 -408.190 -408.157 -408.123 -408.089 -408.055 -408.021 -407.987 -407.953 -407.920 -407.886 -407.852 -407.819 -407.785 -407.751 -407.718 -407.684 -407.651 -407.617 -407.584 -407.550 -407.517 -407.483 -407.450 -407.416 -407.383 -407.350 -407.316 -407.283 -407.249 -407.216 -407.182 -407.148 -407.115 -407.082 -407.051 -407.044 -407.192 -408.250 -413.946 -442.222 -584.874 -9999.000 -9999.000
-9999.000 -9999.000 1700.460 1600.693 1501.298 1402.348 1303.867 1205.865 1108.348 1011.321 914.790 818.758 723.235 628.229 533.751 439.811 346.414 253.534 161.249 69.637 -21.285 -111.475 -197.618 -266.892 -314.736 -345.020 -364.819 -378.102 -387.575 -394.416 -399.273 -402.628 -404.870 -406.331 -407.265 -407.850 -408.216 -408.441 -408.579 -408.661 -408.707 -408.729 -408.736 -408.732 -408.721 -408.705 -408.684 -408.660 -408.629 -408.596 -408.563 -408.529 -408.495 -408.462 -408.428 -408.394 -408.360 -408.326 -408.292 -408.258 -408.224 -408.190 -408.157 -408.123 -408.089 -408.055 -408.021 -407.987 -407.953 -407.920 -407.886 -407.852 -407.819 -407.785 -407.751 -407.718 -407.684 -407.651 -407.617 -407.584 -407.550 -407.517 -407.483 -407.450 -407.416 -407.383 -407.350 -407.316 -407.283 -407.249 -407.216 -407.182 -407.148 -407.115 -407.082 -407.051 -407.044 -407.192 -408.250 -413.946 -442.222 -584.874 -9999.000 -9999.000
-9999.000 -9999.000 1700.460 1600.693 1501.298 1402.348 1303.867 1205.865 1108.348 1011.321 914.790 818.758 723.235 628.229 533.751 439.811 346.414 253.534 161.249 69.637 -21.285 -111.475 -197.618 -266.892 -314.736 -345.020 -364.819 -378.102 -387.575 -394.416 -399.273 -402.628 -404.870 -406.331 -407.265 -407.850 -408.216 -408.441 -408.579 -408.661 -408.707 -408.729 -408.736 -408.732 -408.721 -408.705 -408.684 -408.660 -408.629 -408.596 -408.563 -408.529 -408.495 -408.462 -408.428 -408.394 -408.360 -408.326 -408.292 -408.258 -408.224 -408.190 -408.157 -408.123 -408.089 -408.055 -408.021 -407.987 -407.953 -407.920 -407.886 -407.852 -407.819 -407.785 -407.751 -407.718 -407.684 -407.651 -407.617 -407.584 -407.550 -407.517 -407.483 -407.450 -407.416 -407.383 -407.350 -407.316 -407.283 -407.249 -407.216 -407.182 -407.148 -407.115 -407.082 -407.051 -407.044 -407.192 -408.250 -413.946 -442.222 -584.874 -9999.000 -9999.000
-9999.000 -9999.000 -9999.000 -9999.000 -9999.000 -9999.000 -9999.000 -9999.000 -9999.000 -9999.000 -9999.000 -9999.000 -9999.000 -9999.000 -9999.000 -9999.000 -9999.000 -9999.000 -9999.000 -9999.000 -9999.000 -9999.000 -9999.000 -9999.000 -9999.000 -9999.000 -9999.000 -9999.000 -9999.000 -9999.000 -9999.000 -9999.000 -9999.000 -9999.000 -9999.000 -9999.000 -9999.000 -9999.000 -9999.000 -9999.000 -9999.000 -9999.000 -9999.000 -9999.000 -9999.000 -9999.000 -9999.000 -9999.000 -9999.000 -9999.000 -9999.000 -9999.000 -9999.000 -9999.000 -9999.000 -9999.000 -9999.000 -9999.000 -9999.000 -9999.000 -9999.000 -9999.000 -9999.000 -9999.000 -9999.000 -9999.000 -9999.000 -9999.000 -9999.000 -9999.000 -9999.000 -9999.000 -9999.000 -9999.000 -9999.000 -9999.000 -9999.000 -9999.000 -9999.000 -9999.000 -9999.000 -9999.000 -9999.000 -9999.000 -9999.000 -9999.000 -9999.000 -9999.000 -9999.000 -9999.000 -9999.000 -9999.000 -9999.000 -9999.000 -9999.000 -9999.000 -9999.000 -9999.000 -9999.000 -9999.000 -9999.000 -9999.000 -9999.000 -9999.000
-9999.000 -9999.000 -9999.000 -9999.000 -9999.000 -9999.000 -9999.000 -9999.000 -9999.000 -9999.000 -9999.000 -9999.000 -9999.000 -9999.000 -9999.000 -9999.000 -9999.000 -9999.000 -9999.000 -9999.000 -9999.000 -9999.000 -9999.000 -9999.000 -9999.000 -9999.000 -9999.000 -9999.000 -9999.000 -9999.000 -9999.000 -9999.000 -9999.000 -9999.000 -9999.000 -9999.000 -9999.000 -9999.000 -9999.000 -9999.000 -9999.000 -9999.000 -9999.000 -9999.000 -9999.000 -9999.000 -9999.000 -9999.000 -9999.000 -9999.000 -9999.000 -9999.000 -9999.000 -9999.000 -9999.000 -9999.000 -9999.000 -9999.000 -9999.000 -9999.000 -9999.000 -9999.000 -9999.000 -9999.000 -9999.000 -9999.000 -9999.000 -9999.000 -9999.000 -9999.000 -9999.000 -9999.000 -9999.000 -9999.000 -9999.000 -9999.000 -9999.000 -9999.000 -9999.000 -9999.000 -9999.000 -9999.000 -9999.000 -9999.000 -9999.000 -9999.000 -9999.000 -9999.000 -9999.000 -9999.000 -9999.000 -9999.000 -9999.000 -9999.000 -9999.000 -9999.000 -9999.000 -9999.000 -9999.000 -9999.000 -9999.000 -9999.000 -9999.000 -9999.000