examples/3D/hillslope01/output-maps-METEOIO-OFF/psiliqL0092N0003.asc
ncols         104
nrows         10
xllcorner     -2.000000
yllcorner     0.000000
cellsize      1.000000
NODATA_value  -9999.0
-9999.000 -9999.000 -9999.000 -9999.000 -9999.000 -9999.000 -9999.000 -9999.000 -9999.000 -9999.000 -9999.000 -9999.000 -9999.000 -9999.000 -9999.000 -9999.000 -9999.000 -9999.000 -9999.000 -9999.000 -9999.000 -9999.000 -9999.000 -9999.000 -9999.000 -9999.000 -9999.000 -9999.000 -9999.000 -9999.000 -9999.000 -9999.000 -9999.000 -9999.000 -9999.000 -9999.000 -9999.000 -9999.000 -9999.000 -9999.000 -9999.000 -9999.000 -9999.000 -9999.000 -9999.000 -9999.000 -9999.000 -9999.000 -9999.000 -9999.000 -9999.000 -9999.000 -9999.000 -9999.000 -9999.000 -9999.000 -9999.000 -9999.000 -9999.000 -9999.000 -9999.000 -9999.000 -9999.000 -9999.000 -9999.000 -9999.000 -9999.000 -9999.000 -9999.000 -9999.000 -9999.000 -9999.000 -9999.000 -9999.000 -9999.000 -9999.000 -9999.000 -9999.000 -9999.000 -9999.000 -9999.000 -9999.000 -9999.000 -9999.000 -9999.000 -9999.000 -9999.000 -9999.000 -9999.000 -9999.000 -9999.000 -9999.000 -9999.000 -9999.000 -9999.000 -9999.000 -9999.000 -9999.000 -9999.000 -9999.000 -9999.000 -9999.000 -9999.000 -9999.000
-9999.000 -9999.000 -9999.000 -9999.000 -9999.000 -9999.000 -9999.000 -9999.000 -9999.000 -9999.000 -9999.000 -9999.000 -9999.000 -9999.000 -9999.000 -9999.000 -9999.000 -9999.000 -9999.000 -9999.000 -9999.000 -9999.000 -9999.000 -9999.000 -9999.000 -9999.000 -9999.000 -9999.000 -9999.000 -9999.000 -9999.000 -9999.000 -9999.000 -9999.000 -9999.000 -9999.000 -9999.000 -9999.000 -9999.000 -9999.000 -9999.000 -9999.000 -9999.000 -9999.000 -9999.000 -9999.000 -9999.000 -9999.000 -9999.000 -9999.000 -9999.000 -9999.000 -9999.000 -9999.000 -9999.000 -9999.000 -9999.000 -9999.000 -9999.000 -9999.000 -9999.000 -9999.000 -9999.000 -9999.000 -9999.000 -9999.000 -9999.000 -9999.000 -9999.000 -9999.000 -9999.000 -9999.000 -9999.000 -9999.000 -9999.000 -9999.000 -9999.000 -9999.000 -9999.000 -9999.000 -9999.000 -9999.000 -9999.000 -9999.000 -9999.000 -9999.000 -9999.000 -9999.000 -9999.000 -9999.000 -9999.000 -9999.000 -9999.000 -9999.000 -9999.000 -9999.000 -9999.000 -9999.000 -9999.000 -9999.000 -9999.000 -9999.000 -9999.000 -9999.000
-9999.000 -9999.000 9413.110 9316.942 9224.428 9135.249 9048.997 8965.229 8883.518 8803.474 8724.767 8647.125 8570.328 8494.207 8418.628 8343.490 8268.718 8194.253 8120.051 8046.080 7972.313 7898.732 7825.322 7752.069 7678.964 7605.999 7533.165 7460.456 7387.866 7315.387 7243.013 7170.739 7098.559 7026.465 6954.453 6882.514 6810.644 6738.835 6667.080 6595.373 6523.707 6452.074 6380.466 6308.877 6237.299 6165.723 6094.143 6022.549 5950.934 5879.289 5807.605 5735.872 5664.083 5592.227 5520.295 5448.278 5376.164 5303.945 5231.608 5159.144 5086.540 5013.786 4940.868 4867.776 4794.497 4721.017 4647.323 4573.401 4499.238 4424.817 4350.122 4275.140 4199.852 4124.241 4048.286 3971.970 3895.275 3818.175 3740.648 3662.671 3584.223 3505.276 3425.799 3345.761 3265.133 3183.886 3101.985 3019.387 2936.045 2851.914 2766.951 2681.113 2594.345 2506.584 2417.754 2327.780 2236.580 2144.066 2050.153 1954.759 1857.823 1759.332 -9999.000 -9999.000
-9999.000 -9999.000 9413.110 9316.942 9224.428 9135.249 9048.997 8965.229 8883.518 8803.474 8724.767 8647.125 8570.328 8494.207 8418.628 8343.490 8268.718 8194.253 8120.051 8046.080 7972.313 7898.732 7825.322 7752.069 7678.964 7605.999 7533.165 7460.456 7387.866 7315.387 7243.013 7170.739 7098.559 7026.465 6954.453 6882.514 6810.644 6738.835 6667.080 6595.373 6523.707 6452.074 6380.466 6308.877 6237.299 6165.723 6094.143 6022.549 5950.934 5879.289 5807.605 5735.872 5664.083 5592.227 5520.295 5448.278 5376.164 5303.945 5231.608 5159.144 5086.540 5013.786 4940.868 4867.776 4794.497 4721.017 4647.323 4573.401 4499.238 4424.817 4350.122 4275.140 4199.852 4124.241 4048.286 3971.970 3895.275 3818.175 3740.648 3662.671 3584.223 3505.276 3425.799 3345.761 3265.133 3183.886 3101.985 3019.387 2936.045 2851.914 2766.951 2681.113 2594.345 2506.584 2417.754 2327.780 2236.580 2144.066 2050.153 1954.759 1857.823 1759.332 -9999.000 -9999.000
-9999.000 -9999.000 9413.110 9316.942 9224.428 9135.249 9048.997 8965.229 8883.518 8803.474 8724.767 8647.125 8570.328 8494.207 8418.628 8343.490 8268.718 8194.253 8120.051 8046.080 7972.313 7898.732 7825.322 7752.069 7678.964 7605.999 7533.165 7460.456 7387.866 7315.387 7243.013 7170.739 7098.559 7026.465 6954.453 6882.514 6810.644 6738.835 6667.080 6595.373 6523.707 6452.074 6380.466 6308.877 6237.299 6165.723 6094.143 6022.549 5950.934 5879.289 5807.605 5735.872 5664.083 5592.227 5520.295 5448.278 5376.164 5303.945 5231.608 5159.144 5086.540 5013.786 4940.868 4867.776 4794.497 4721.017 4647.323 4573.401 4499.238 4424.817 4350.122 4275.140 4199.852 4124.241 4048.286 3971.970 3895.275 3818.175 3740.648 3662.671 3584.223 3505.276 3425.799 3345.761 3265.133 3183.886 3101.985 3019.387 2936.045 2851.914 2766.951 2681.113 2594.345 2506.584 2417.754 2327.780 2236.580 2144.066 2050.153 1954.759 1857.823 1759.332 -9999.000 -9999.000
-9999.000 -9999.000 9413.110 9316.942 9224.428 9135.249 9048.997 8965.229 8883.518 8803.474 8724.767 8647.125 8570.328 8494.207 8418.628 8343.490 8268.718 8194.253 8120.051 8046.080 7972.313 7898.732 7825.322 7752.069 7678.964 7605.999 7533.165 7460.456 7387.866 7315.387 7243.013 7170.739 7098.559 7026.465 6954.453 6882.514 6810.644 6738.835 6667.080 6595.373 6523.707 6452.074 6380.466 6308.877 6237.299 6165.723 6094.143 6022.549 5950.934 5879.289 5807.605 5735.872 5664.083 5592.227 5520.295 5448.278 5376.164 5303.945 5231.608 5159.144 5086.540 5013.786 4940.868 4867.776 4794.497 4721.017 4647.323 4573.401 4499.238 4424.817 4350.122 4275.140 4199.852 4124.241 4048.286 3971.970 3895.275 3818.175 3740.648 3662.671 3584.223 3505.276 3425.799 3345.761 3265.133 3183.886 3101.985 3019.387 2936.045 2851.914 2766.951 2681.113 2594.345 2506.584 2417.754 2327.780 2236.580 2144.066 2050.153 1954.759 1857.823 1759.332 -9999.000 -9999.000
-9999.000 -9999.000 9413.110 9316.942 9224.428 9135.249 9048.997 8965.229 8883.518 8803.474 8724.767 8647.125 8570.328 8494.207 8418.628 8343.490 8268.718 8194.253 8120.051 8046.080 7972.313 7898.732 7825.322 7752.069 7678.964 7605.999 7533.165 7460.456 7387.866 7315.387 7243.013 7170.739 7098.559 7026.465 6954.453 6882.514 6810.644 6738.835 6667.080 6595.373 6523.707 6452.074 6380.466 6308.877 6237.299 6165.723 6094.143 6022.549 5950.934 5879.289 5807.605 5735.872 5664.083 5592.227 5520.295 5448.278 5376.164 5303.945 5231.608 5159.144 5086.540 5013.786 4940.868 4867.776 4794.497 4721.017 4647.323 4573.401 4499.238 4424.817 4350.122 4275.140 4199.852 4124.241 4048.286 3971.970 3895.275 3818.175 3740.648 3662.671 3584.223 3505.276 3425.799 3345.761 3265.133 3183.886 3101.985 3019.387 2936.045 2851.914 2766.951 2681.113 2594.345 2506.584 2417.754 2327.780 2236.580 2144.066 2050.153 1954.759 1857.823 1759.332 -9999.000 -9999.000
-9999.000 -9999.000 9413.110 9316.942 9224.428 9135.249 9048.997 8965.229 8883.518 8803.474 8724.767 8647.125 8570.328 8494.207 8418.628 8343.490 8268.718 8194.253 8120.051 8046.080 7972.313 7898.732 7825.322 7752.069 7678.964 7605.999 7533.165 7460.456 7387.866 7315.387 7243.013 7170.739 7098.559 7026.465 6954.453 6882.514 6810.644 6738.835 6667.080 6595.373 6523.707 6452.074 6380.466 6308.877 6237.299 6165.723 6094.143 6022.549 5950.934 5879.289 5807.605 5735.872 5664.083 5592.227 5520.295 5448.278 5376.164 5303.945 5231.608 5159.144 5086.540 5013.786 4940.868 4867.776 4794.497 4721.017 4647.323 4573.401 4499.238 4424.817 4350.122 4275.140 4199.852 4124.241 4048.286 3971.970 3895.275 3818.175 3740.648 3662.671 3584.223 3505.276 3425.799 3345.761 3265.133 3183.886 3101.985 3019.387 2936.045 2851.914 2766.951 2681.113 2594.345 2506.584 2417.754 2327.780 2236.580 2144.066 2050.153 1954.759 1857.823 1759.332 -9999.000 -9999.000
-9999.000 -9999.000 -9999.000 -9999.000 -9999.000 -9999.000 -9999.000 -9999.000 -9999.000 -9999.000 -9999.000 -9999.000 -9999.000 -9999.000 -9999.000 -9999.000 -9999.000 -9999.000 -9999.000 -9999.000 -9999.000 -9999.000 -9999.000 -9999.000 -9999.000 -9999.000 -9999.000 -9999.000 -9999.000 -9999.000 -9999.000 -9999.000 -9999.000 -9999.000 -9999.000 -9999.000 -9999.000 -9999.000 -9999.000 -9999.000 -9999.000 -9999.000 -9999.000 -9999.000 -9999.000 -9999.000 -9999.000 -9999.000 -9999.000 -9999.000 -9999.000 -9999.000 -9999.000 -9999.000 -9999.000 -9999.000 -9999.000 -9999.000 -9999.000 -9999.000 -9999.000 -9999.000 -9999.000 -9999.000 -9999.000 -9999.000 -9999.000 -9999.000 -9999.000 -9999.000 -9999.000 -9999.000 -9999.000 -9999.000 -9999.000 -9999.000 -9999.000 -9999.000 -9999.000 -9999.000 -9999.000 -9999.000 -9999.000 -9999.000 -9999.000 -9999.000 -9999.000 -9999.000 -9999.000 -9999.000 -9999.000 -9999.000 -9999.000 -9999.000 -9999.000 -9999.000 -9999.000 -9999.000 -9999.000 -9999.000 -9999.000 -9999.000 -9999.000 -9999.000
-9999.000 -9999.000 -9999.000 -9999.000 -9999.000 -9999.000 -9999.000 -9999.000 -9999.000 -9999.000 -9999.000 -9999.000 -9999.000 -9999.000 -9999.000 -9999.000 -9999.000 -9999.000 -9999.000 -9999.000 -9999.000 -9999.000 -9999.000 -9999.000 -9999.000 -9999.000 -9999.000 -9999.000 -9999.000 -9999.000 -9999.000 -9999.000 -9999.000 -9999.000 -9999.000 -9999.000 -9999.000 -9999.000 -9999.000 -9999.000 -9999.000 -9999.000 -9999.000 -9999.000 -9999.000 -9999.000 -9999.000 -9999.000 -9999.000 -9999.000 -9999.000 -9999.000 -9999.000 -9999.000 -9999.000 -9999.000 -9999.000 -9999.000 -9999.000 -9999.000 -9999.000 -9999.000 -9999.000 -9999.000 -9999.000 -9999.000 -9999.000 -9999.000 -9999.000 -9999.000 -9999.000 -9999.000 -9999.000 -9999.000 -9999.000 -9999.000 -9999.000 -9999.000 -9999.000 -9999.000 -9999.000 -9999.000 -9999.000 -9999.000 -9999.000 -9999.000 -9999.000 -9999.000 -9999.000 -9999.000 -9999.000 -9999.000 -9999.000 -9999.000 -9999.000 -9999.000 -9999.000 -9999.000 -9999.000 -9999.000 -9999.000 -9999.000 -9999.000 -9999.000