examples/3D/hillslope01/output-maps-METEOIO-OFF/psiliqL0005N0002.asc
ncols         104
nrows         10
xllcorner     -2.000000
yllcorner     0.000000
cellsize      1.000000
NODATA_value  -9999.0
-9999.000 -9999.000 -9999.000 -9999.000 -9999.000 -9999.000 -9999.000 -9999.000 -9999.000 -9999.000 -9999.000 -9999.000 -9999.000 -9999.000 -9999.000 -9999.000 -9999.000 -9999.000 -9999.000 -9999.000 -9999.000 -9999.000 -9999.000 -9999.000 -9999.000 -9999.000 -9999.000 -9999.000 -9999.000 -9999.000 -9999.000 -9999.000 -9999.000 -9999.000 -9999.000 -9999.000 -9999.000 -9999.000 -9999.000 -9999.000 -9999.000 -9999.000 -9999.000 -9999.000 -9999.000 -9999.000 -9999.000 -9999.000 -9999.000 -9999.000 -9999.000 -9999.000 -9999.000 -9999.000 -9999.000 -9999.000 -9999.000 -9999.000 -9999.000 -9999.000 -9999.000 -9999.000 -9999.000 -9999.000 -9999.000 -9999.000 -9999.000 -9999.000 -9999.000 -9999.000 -9999.000 -9999.000 -9999.000 -9999.000 -9999.000 -9999.000 -9999.000 -9999.000 -9999.000 -9999.000 -9999.000 -9999.000 -9999.000 -9999.000 -9999.000 -9999.000 -9999.000 -9999.000 -9999.000 -9999.000 -9999.000 -9999.000 -9999.000 -9999.000 -9999.000 -9999.000 -9999.000 -9999.000 -9999.000 -9999.000 -9999.000 -9999.000 -9999.000 -9999.000
-9999.000 -9999.000 -9999.000 -9999.000 -9999.000 -9999.000 -9999.000 -9999.000 -9999.000 -9999.000 -9999.000 -9999.000 -9999.000 -9999.000 -9999.000 -9999.000 -9999.000 -9999.000 -9999.000 -9999.000 -9999.000 -9999.000 -9999.000 -9999.000 -9999.000 -9999.000 -9999.000 -9999.000 -9999.000 -9999.000 -9999.000 -9999.000 -9999.000 -9999.000 -9999.000 -9999.000 -9999.000 -9999.000 -9999.000 -9999.000 -9999.000 -9999.000 -9999.000 -9999.000 -9999.000 -9999.000 -9999.000 -9999.000 -9999.000 -9999.000 -9999.000 -9999.000 -9999.000 -9999.000 -9999.000 -9999.000 -9999.000 -9999.000 -9999.000 -9999.000 -9999.000 -9999.000 -9999.000 -9999.000 -9999.000 -9999.000 -9999.000 -9999.000 -9999.000 -9999.000 -9999.000 -9999.000 -9999.000 -9999.000 -9999.000 -9999.000 -9999.000 -9999.000 -9999.000 -9999.000 -9999.000 -9999.000 -9999.000 -9999.000 -9999.000 -9999.000 -9999.000 -9999.000 -9999.000 -9999.000 -9999.000 -9999.000 -9999.000 -9999.000 -9999.000 -9999.000 -9999.000 -9999.000 -9999.000 -9999.000 -9999.000 -9999.000 -9999.000 -9999.000
-9999.000 -9999.000 515.201 483.374 466.035 449.575 416.722 369.818 314.501 254.241 190.033 123.406 55.095 -14.763 -84.665 -151.182 -209.548 -255.788 -289.085 -311.294 -325.359 -333.955 -339.085 -342.090 -343.827 -344.821 -345.385 -345.702 -345.879 -345.976 -346.028 -346.056 -346.069 -346.075 -346.076 -346.075 -346.072 -346.069 -346.066 -346.062 -346.059 -346.055 -346.051 -346.047 -346.043 -346.039 -346.036 -346.032 -346.028 -346.024 -346.020 -346.016 -346.012 -346.009 -346.005 -346.001 -345.997 -345.993 -345.989 -345.986 -345.982 -345.978 -345.974 -345.970 -345.966 -345.962 -345.959 -345.955 -345.951 -345.947 -345.943 -345.939 -345.935 -345.932 -345.928 -345.924 -345.920 -345.916 -345.912 -345.908 -345.905 -345.901 -345.897 -345.893 -345.889 -345.885 -345.881 -345.878 -345.874 -345.870 -345.866 -345.862 -345.858 -345.854 -345.851 -345.847 -345.843 -345.839 -345.838 -345.861 -346.223 -351.065 -9999.000 -9999.000
-9999.000 -9999.000 515.250 483.381 466.036 449.575 416.722 369.818 314.501 254.241 190.033 123.406 55.095 -14.763 -84.665 -151.182 -209.548 -255.788 -289.085 -311.294 -325.359 -333.955 -339.085 -342.090 -343.827 -344.821 -345.385 -345.702 -345.879 -345.976 -346.028 -346.056 -346.069 -346.075 -346.076 -346.075 -346.072 -346.069 -346.066 -346.062 -346.059 -346.055 -346.051 -346.047 -346.043 -346.039 -346.036 -346.032 -346.028 -346.024 -346.020 -346.016 -346.012 -346.009 -346.005 -346.001 -345.997 -345.993 -345.989 -345.986 -345.982 -345.978 -345.974 -345.970 -345.966 -345.962 -345.959 -345.955 -345.951 -345.947 -345.943 -345.939 -345.935 -345.932 -345.928 -345.924 -345.920 -345.916 -345.912 -345.908 -345.905 -345.901 -345.897 -345.893 -345.889 -345.885 -345.881 -345.878 -345.874 -345.870 -345.866 -345.862 -345.858 -345.854 -345.851 -345.847 -345.843 -345.839 -345.838 -345.861 -346.223 -351.065 -9999.000 -9999.000
-9999.000 -9999.000 515.267 483.384 466.037 449.575 416.722 369.818 314.501 254.241 190.033 123.406 55.095 -14.763 -84.665 -151.182 -209.548 -255.788 -289.085 -311.294 -325.359 -333.955 -339.085 -342.090 -343.827 -344.821 -345.385 -345.702 -345.879 -345.976 -346.028 -346.056 -346.069 -346.075 -346.076 -346.075 -346.072 -346.069 -346.066 -346.062 -346.059 -346.055 -346.051 -346.047 -346.043 -346.039 -346.036 -346.032 -346.028 -346.024 -346.020 -346.016 -346.012 -346.009 -346.005 -346.001 -345.997 -345.993 -345.989 -345.986 -345.982 -345.978 -345.974 -345.970 -345.966 -345.962 -345.959 -345.955 -345.951 -345.947 -345.943 -345.939 -345.935 -345.932 -345.928 -345.924 -345.920 -345.916 -345.912 -345.908 -345.905 -345.901 -345.897 -345.893 -345.889 -345.885 -345.881 -345.878 -345.874 -345.870 -345.866 -345.862 -345.858 -345.854 -345.851 -345.847 -345.843 -345.839 -345.838 -345.861 -346.223 -351.065 -9999.000 -9999.000
-9999.000 -9999.000 515.267 483.384 466.037 449.575 416.722 369.818 314.501 254.241 190.033 123.406 55.095 -14.763 -84.665 -151.182 -209.548 -255.788 -289.085 -311.294 -325.359 -333.955 -339.085 -342.090 -343.827 -344.821 -345.385 -345.702 -345.879 -345.976 -346.028 -346.056 -346.069 -346.075 -346.076 -346.075 -346.072 -346.069 -346.066 -346.062 -346.059 -346.055 -346.051 -346.047 -346.043 -346.039 -346.036 -346.032 -346.028 -346.024 -346.020 -346.016 -346.012 -346.009 -346.005 -346.001 -345.997 -345.993 -345.989 -345.986 -345.982 -345.978 -345.974 -345.970 -345.966 -345.962 -345.959 -345.955 -345.951 -345.947 -345.943 -345.939 -345.935 -345.932 -345.928 -345.924 -345.920 -345.916 -345.912 -345.908 -345.905 -345.901 -345.897 -345.893 -345.889 -345.885 -345.881 -345.878 -345.874 -345.870 -345.866 -345.862 -345.858 -345.854 -345.851 -345.847 -345.843 -345.839 -345.838 -345.861 -346.223 -351.065 -9999.000 -9999.000
-9999.000 -9999.000 515.250 483.381 466.036 449.575 416.722 369.818 314.501 254.241 190.033 123.406 55.095 -14.763 -84.665 -151.182 -209.548 -255.788 -289.085 -311.294 -325.359 -333.955 -339.085 -342.090 -343.827 -344.821 -345.385 -345.702 -345.879 -345.976 -346.028 -346.056 -346.069 -346.075 -346.076 -346.075 -346.072 -346.069 -346.066 -346.062 -346.059 -346.055 -346.051 -346.047 -346.043 -346.039 -346.036 -346.032 -346.028 -346.024 -346.020 -346.016 -346.012 -346.009 -346.005 -346.001 -345.997 -345.993 -345.989 -345.986 -345.982 -345.978 -345.974 -345.970 -345.966 -345.962 -345.959 -345.955 -345.951 -345.947 -345.943 -345.939 -345.935 -345.932 -345.928 -345.924 -345.920 -345.916 -345.912 -345.908 -345.905 -345.901 -345.897 -345.893 -345.889 -345.885 -345.881 -345.878 -345.874 -345.870 -345.866 -345.862 -345.858 -345.854 -345.851 -345.847 -345.843 -345.839 -345.838 -345.861 -346.223 -351.065 -9999.000 -9999.000
-9999.000 -9999.000 515.201 483.374 466.035 449.575 416.722 369.818 314.501 254.241 190.033 123.406 55.095 -14.763 -84.665 -151.182 -209.548 -255.788 -289.085 -311.294 -325.359 -333.955 -339.085 -342.090 -343.827 -344.821 -345.385 -345.702 -345.879 -345.976 -346.028 -346.056 -346.069 -346.075 -346.076 -346.075 -346.072 -346.069 -346.066 -346.062 -346.059 -346.055 -346.051 -346.047 -346.043 -346.039 -346.036 -346.032 -346.028 -346.024 -346.020 -346.016 -346.012 -346.009 -346.005 -346.001 -345.997 -345.993 -345.989 -345.986 -345.982 -345.978 -345.974 -345.970 -345.966 -345.962 -345.959 -345.955 -345.951 -345.947 -345.943 -345.939 -345.935 -345.932 -345.928 -345.924 -345.920 -345.916 -345.912 -345.908 -345.905 -345.901 -345.897 -345.893 -345.889 -345.885 -345.881 -345.878 -345.874 -345.870 -345.866 -345.862 -345.858 -345.854 -345.851 -345.847 -345.843 -345.839 -345.838 -345.861 -346.223 -351.065 -9999.000 -9999.000
-9999.000 -9999.000 -9999.000 -9999.000 -9999.000 -9999.000 -9999.000 -9999.000 -9999.000 -9999.000 -9999.000 -9999.000 -9999.000 -9999.000 -9999.000 -9999.000 -9999.000 -9999.000 -9999.000 -9999.000 -9999.000 -9999.000 -9999.000 -9999.000 -9999.000 -9999.000 -9999.000 -9999.000 -9999.000 -9999.000 -9999.000 -9999.000 -9999.000 -9999.000 -9999.000 -9999.000 -9999.000 -9999.000 -9999.000 -9999.000 -9999.000 -9999.000 -9999.000 -9999.000 -9999.000 -9999.000 -9999.000 -9999.000 -9999.000 -9999.000 -9999.000 -9999.000 -9999.000 -9999.000 -9999.000 -9999.000 -9999.000 -9999.000 -9999.000 -9999.000 -9999.000 -9999.000 -9999.000 -9999.000 -9999.000 -9999.000 -9999.000 -9999.000 -9999.000 -9999.000 -9999.000 -9999.000 -9999.000 -9999.000 -9999.000 -9999.000 -9999.000 -9999.000 -9999.000 -9999.000 -9999.000 -9999.000 -9999.000 -9999.000 -9999.000 -9999.000 -9999.000 -9999.000 -9999.000 -9999.000 -9999.000 -9999.000 -9999.000 -9999.000 -9999.000 -9999.000 -9999.000 -9999.000 -9999.000 -9999.000 -9999.000 -9999.000 -9999.000 -9999.000
-9999.000 -9999.000 -9999.000 -9999.000 -9999.000 -9999.000 -9999.000 -9999.000 -9999.000 -9999.000 -9999.000 -9999.000 -9999.000 -9999.000 -9999.000 -9999.000 -9999.000 -9999.000 -9999.000 -9999.000 -9999.000 -9999.000 -9999.000 -9999.000 -9999.000 -9999.000 -9999.000 -9999.000 -9999.000 -9999.000 -9999.000 -9999.000 -9999.000 -9999.000 -9999.000 -9999.000 -9999.000 -9999.000 -9999.000 -9999.000 -9999.000 -9999.000 -9999.000 -9999.000 -9999.000 -9999.000 -9999.000 -9999.000 -9999.000 -9999.000 -9999.000 -9999.000 -9999.000 -9999.000 -9999.000 -9999.000 -9999.000 -9999.000 -9999.000 -9999.000 -9999.000 -9999.000 -9999.000 -9999.000 -9999.000 -9999.000 -9999.000 -9999.000 -9999.000 -9999.000 -9999.000 -9999.000 -9999.000 -9999.000 -9999.000 -9999.000 -9999.000 -9999.000 -9999.000 -9999.000 -9999.000 -9999.000 -9999.000 -9999.000 -9999.000 -9999.000 -9999.000 -9999.000 -9999.000 -9999.000 -9999.000 -9999.000 -9999.000 -9999.000 -9999.000 -9999.000 -9999.000 -9999.000 -9999.000 -9999.000 -9999.000 -9999.000 -9999.000 -9999.000