examples/3D/hillslope01/output-maps-METEOIO-OFF/psiliqL0085N0003.asc
ncols         104
nrows         10
xllcorner     -2.000000
yllcorner     0.000000
cellsize      1.000000
NODATA_value  -9999.0
-9999.000 -9999.000 -9999.000 -9999.000 -9999.000 -9999.000 -9999.000 -9999.000 -9999.000 -9999.000 -9999.000 -9999.000 -9999.000 -9999.000 -9999.000 -9999.000 -9999.000 -9999.000 -9999.000 -9999.000 -9999.000 -9999.000 -9999.000 -9999.000 -9999.000 -9999.000 -9999.000 -9999.000 -9999.000 -9999.000 -9999.000 -9999.000 -9999.000 -9999.000 -9999.000 -9999.000 -9999.000 -9999.000 -9999.000 -9999.000 -9999.000 -9999.000 -9999.000 -9999.000 -9999.000 -9999.000 -9999.000 -9999.000 -9999.000 -9999.000 -9999.000 -9999.000 -9999.000 -9999.000 -9999.000 -9999.000 -9999.000 -9999.000 -9999.000 -9999.000 -9999.000 -9999.000 -9999.000 -9999.000 -9999.000 -9999.000 -9999.000 -9999.000 -9999.000 -9999.000 -9999.000 -9999.000 -9999.000 -9999.000 -9999.000 -9999.000 -9999.000 -9999.000 -9999.000 -9999.000 -9999.000 -9999.000 -9999.000 -9999.000 -9999.000 -9999.000 -9999.000 -9999.000 -9999.000 -9999.000 -9999.000 -9999.000 -9999.000 -9999.000 -9999.000 -9999.000 -9999.000 -9999.000 -9999.000 -9999.000 -9999.000 -9999.000 -9999.000 -9999.000
-9999.000 -9999.000 -9999.000 -9999.000 -9999.000 -9999.000 -9999.000 -9999.000 -9999.000 -9999.000 -9999.000 -9999.000 -9999.000 -9999.000 -9999.000 -9999.000 -9999.000 -9999.000 -9999.000 -9999.000 -9999.000 -9999.000 -9999.000 -9999.000 -9999.000 -9999.000 -9999.000 -9999.000 -9999.000 -9999.000 -9999.000 -9999.000 -9999.000 -9999.000 -9999.000 -9999.000 -9999.000 -9999.000 -9999.000 -9999.000 -9999.000 -9999.000 -9999.000 -9999.000 -9999.000 -9999.000 -9999.000 -9999.000 -9999.000 -9999.000 -9999.000 -9999.000 -9999.000 -9999.000 -9999.000 -9999.000 -9999.000 -9999.000 -9999.000 -9999.000 -9999.000 -9999.000 -9999.000 -9999.000 -9999.000 -9999.000 -9999.000 -9999.000 -9999.000 -9999.000 -9999.000 -9999.000 -9999.000 -9999.000 -9999.000 -9999.000 -9999.000 -9999.000 -9999.000 -9999.000 -9999.000 -9999.000 -9999.000 -9999.000 -9999.000 -9999.000 -9999.000 -9999.000 -9999.000 -9999.000 -9999.000 -9999.000 -9999.000 -9999.000 -9999.000 -9999.000 -9999.000 -9999.000 -9999.000 -9999.000 -9999.000 -9999.000 -9999.000 -9999.000
-9999.000 -9999.000 8716.884 8620.859 8528.605 8439.761 8353.870 8270.456 8189.063 8109.294 8030.813 7953.352 7876.697 7800.685 7725.191 7650.117 7575.393 7500.965 7426.791 7352.840 7279.090 7205.522 7132.121 7058.877 6985.780 6912.821 6839.993 6767.289 6694.704 6622.230 6549.862 6477.593 6405.417 6333.329 6261.322 6189.389 6117.524 6045.720 5973.972 5902.270 5830.610 5758.983 5687.382 5615.799 5544.227 5472.658 5401.084 5329.498 5257.890 5186.252 5114.575 5042.850 4971.068 4899.221 4827.297 4755.288 4683.183 4610.972 4538.645 4466.189 4393.596 4320.851 4247.943 4174.862 4101.594 4028.125 3954.441 3880.532 3806.382 3731.973 3657.291 3582.323 3507.051 3431.455 3355.515 3279.216 3202.539 3125.459 3047.951 2969.992 2891.566 2812.645 2733.194 2653.180 2572.575 2491.358 2409.493 2326.933 2243.629 2159.533 2074.606 1988.813 1902.100 1814.398 1725.633 1635.727 1544.596 1452.154 1358.308 1262.963 1166.037 1067.514 -9999.000 -9999.000
-9999.000 -9999.000 8716.884 8620.859 8528.605 8439.761 8353.870 8270.456 8189.063 8109.294 8030.813 7953.352 7876.697 7800.685 7725.191 7650.117 7575.393 7500.965 7426.791 7352.840 7279.090 7205.522 7132.121 7058.877 6985.780 6912.821 6839.993 6767.289 6694.704 6622.230 6549.862 6477.593 6405.417 6333.329 6261.322 6189.389 6117.524 6045.720 5973.972 5902.270 5830.610 5758.983 5687.382 5615.799 5544.227 5472.658 5401.084 5329.498 5257.890 5186.252 5114.575 5042.850 4971.068 4899.221 4827.297 4755.288 4683.183 4610.972 4538.645 4466.189 4393.596 4320.851 4247.943 4174.862 4101.594 4028.125 3954.441 3880.532 3806.382 3731.973 3657.291 3582.323 3507.051 3431.455 3355.515 3279.216 3202.539 3125.459 3047.951 2969.992 2891.566 2812.645 2733.194 2653.180 2572.575 2491.358 2409.493 2326.933 2243.629 2159.533 2074.606 1988.813 1902.100 1814.398 1725.633 1635.727 1544.596 1452.154 1358.308 1262.963 1166.037 1067.514 -9999.000 -9999.000
-9999.000 -9999.000 8716.884 8620.859 8528.605 8439.761 8353.870 8270.456 8189.063 8109.294 8030.813 7953.352 7876.697 7800.685 7725.191 7650.117 7575.393 7500.965 7426.791 7352.840 7279.090 7205.522 7132.121 7058.877 6985.780 6912.821 6839.993 6767.289 6694.704 6622.230 6549.862 6477.593 6405.417 6333.329 6261.322 6189.389 6117.524 6045.720 5973.972 5902.270 5830.610 5758.983 5687.382 5615.799 5544.227 5472.658 5401.084 5329.498 5257.890 5186.252 5114.575 5042.850 4971.068 4899.221 4827.297 4755.288 4683.183 4610.972 4538.645 4466.189 4393.596 4320.851 4247.943 4174.862 4101.594 4028.125 3954.441 3880.532 3806.382 3731.973 3657.291 3582.323 3507.051 3431.455 3355.515 3279.216 3202.539 3125.459 3047.951 2969.992 2891.566 2812.645 2733.194 2653.180 2572.575 2491.358 2409.493 2326.933 2243.629 2159.533 2074.606 1988.813 1902.100 1814.398 1725.633 1635.727 1544.596 1452.154 1358.308 1262.963 1166.037 1067.514 -9999.000 -9999.000
-9999.000 -9999.000 8716.884 8620.859 8528.605 8439.761 8353.870 8270.456 8189.063 8109.294 8030.813 7953.352 7876.697 7800.685 7725.191 7650.117 7575.393 7500.965 7426.791 7352.840 7279.090 7205.522 7132.121 7058.877 6985.780 6912.821 6839.993 6767.289 6694.704 6622.230 6549.862 6477.593 6405.417 6333.329 6261.322 6189.389 6117.524 6045.720 5973.972 5902.270 5830.610 5758.983 5687.382 5615.799 5544.227 5472.658 5401.084 5329.498 5257.890 5186.252 5114.575 5042.850 4971.068 4899.221 4827.297 4755.288 4683.183 4610.972 4538.645 4466.189 4393.596 4320.851 4247.943 4174.862 4101.594 4028.125 3954.441 3880.532 3806.382 3731.973 3657.291 3582.323 3507.051 3431.455 3355.515 3279.216 3202.539 3125.459 3047.951 2969.992 2891.566 2812.645 2733.194 2653.180 2572.575 2491.358 2409.493 2326.933 2243.629 2159.533 2074.606 1988.813 1902.100 1814.398 1725.633 1635.727 1544.596 1452.154 1358.308 1262.963 1166.037 1067.514 -9999.000 -9999.000
-9999.000 -9999.000 8716.884 8620.859 8528.605 8439.761 8353.870 8270.456 8189.063 8109.294 8030.813 7953.352 7876.697 7800.685 7725.191 7650.117 7575.393 7500.965 7426.791 7352.840 7279.090 7205.522 7132.121 7058.877 6985.780 6912.821 6839.993 6767.289 6694.704 6622.230 6549.862 6477.593 6405.417 6333.329 6261.322 6189.389 6117.524 6045.720 5973.972 5902.270 5830.610 5758.983 5687.382 5615.799 5544.227 5472.658 5401.084 5329.498 5257.890 5186.252 5114.575 5042.850 4971.068 4899.221 4827.297 4755.288 4683.183 4610.972 4538.645 4466.189 4393.596 4320.851 4247.943 4174.862 4101.594 4028.125 3954.441 3880.532 3806.382 3731.973 3657.291 3582.323 3507.051 3431.455 3355.515 3279.216 3202.539 3125.459 3047.951 2969.992 2891.566 2812.645 2733.194 2653.180 2572.575 2491.358 2409.493 2326.933 2243.629 2159.533 2074.606 1988.813 1902.100 1814.398 1725.633 1635.727 1544.596 1452.154 1358.308 1262.963 1166.037 1067.514 -9999.000 -9999.000
-9999.000 -9999.000 8716.884 8620.859 8528.605 8439.761 8353.870 8270.456 8189.063 8109.294 8030.813 7953.352 7876.697 7800.685 7725.191 7650.117 7575.393 7500.965 7426.791 7352.840 7279.090 7205.522 7132.121 7058.877 6985.780 6912.821 6839.993 6767.289 6694.704 6622.230 6549.862 6477.593 6405.417 6333.329 6261.322 6189.389 6117.524 6045.720 5973.972 5902.270 5830.610 5758.983 5687.382 5615.799 5544.227 5472.658 5401.084 5329.498 5257.890 5186.252 5114.575 5042.850 4971.068 4899.221 4827.297 4755.288 4683.183 4610.972 4538.645 4466.189 4393.596 4320.851 4247.943 4174.862 4101.594 4028.125 3954.441 3880.532 3806.382 3731.973 3657.291 3582.323 3507.051 3431.455 3355.515 3279.216 3202.539 3125.459 3047.951 2969.992 2891.566 2812.645 2733.194 2653.180 2572.575 2491.358 2409.493 2326.933 2243.629 2159.533 2074.606 1988.813 1902.100 1814.398 1725.633 1635.727 1544.596 1452.154 1358.308 1262.963 1166.037 1067.514 -9999.000 -9999.000
-9999.000 -9999.000 -9999.000 -9999.000 -9999.000 -9999.000 -9999.000 -9999.000 -9999.000 -9999.000 -9999.000 -9999.000 -9999.000 -9999.000 -9999.000 -9999.000 -9999.000 -9999.000 -9999.000 -9999.000 -9999.000 -9999.000 -9999.000 -9999.000 -9999.000 -9999.000 -9999.000 -9999.000 -9999.000 -9999.000 -9999.000 -9999.000 -9999.000 -9999.000 -9999.000 -9999.000 -9999.000 -9999.000 -9999.000 -9999.000 -9999.000 -9999.000 -9999.000 -9999.000 -9999.000 -9999.000 -9999.000 -9999.000 -9999.000 -9999.000 -9999.000 -9999.000 -9999.000 -9999.000 -9999.000 -9999.000 -9999.000 -9999.000 -9999.000 -9999.000 -9999.000 -9999.000 -9999.000 -9999.000 -9999.000 -9999.000 -9999.000 -9999.000 -9999.000 -9999.000 -9999.000 -9999.000 -9999.000 -9999.000 -9999.000 -9999.000 -9999.000 -9999.000 -9999.000 -9999.000 -9999.000 -9999.000 -9999.000 -9999.000 -9999.000 -9999.000 -9999.000 -9999.000 -9999.000 -9999.000 -9999.000 -9999.000 -9999.000 -9999.000 -9999.000 -9999.000 -9999.000 -9999.000 -9999.000 -9999.000 -9999.000 -9999.000 -9999.000 -9999.000
-9999.000 -9999.000 -9999.000 -9999.000 -9999.000 -9999.000 -9999.000 -9999.000 -9999.000 -9999.000 -9999.000 -9999.000 -9999.000 -9999.000 -9999.000 -9999.000 -9999.000 -9999.000 -9999.000 -9999.000 -9999.000 -9999.000 -9999.000 -9999.000 -9999.000 -9999.000 -9999.000 -9999.000 -9999.000 -9999.000 -9999.000 -9999.000 -9999.000 -9999.000 -9999.000 -9999.000 -9999.000 -9999.000 -9999.000 -9999.000 -9999.000 -9999.000 -9999.000 -9999.000 -9999.000 -9999.000 -9999.000 -9999.000 -9999.000 -9999.000 -9999.000 -9999.000 -9999.000 -9999.000 -9999.000 -9999.000 -9999.000 -9999.000 -9999.000 -9999.000 -9999.000 -9999.000 -9999.000 -9999.000 -9999.000 -9999.000 -9999.000 -9999.000 -9999.000 -9999.000 -9999.000 -9999.000 -9999.000 -9999.000 -9999.000 -9999.000 -9999.000 -9999.000 -9999.000 -9999.000 -9999.000 -9999.000 -9999.000 -9999.000 -9999.000 -9999.000 -9999.000 -9999.000 -9999.000 -9999.000 -9999.000 -9999.000 -9999.000 -9999.000 -9999.000 -9999.000 -9999.000 -9999.000 -9999.000 -9999.000 -9999.000 -9999.000 -9999.000 -9999.000