examples/3D/hillslope01/output-maps-METEOIO-OFF/psiliqL0052N0002.asc
ncols         104
nrows         10
xllcorner     -2.000000
yllcorner     0.000000
cellsize      1.000000
NODATA_value  -9999.0
-9999.000 -9999.000 -9999.000 -9999.000 -9999.000 -9999.000 -9999.000 -9999.000 -9999.000 -9999.000 -9999.000 -9999.000 -9999.000 -9999.000 -9999.000 -9999.000 -9999.000 -9999.000 -9999.000 -9999.000 -9999.000 -9999.000 -9999.000 -9999.000 -9999.000 -9999.000 -9999.000 -9999.000 -9999.000 -9999.000 -9999.000 -9999.000 -9999.000 -9999.000 -9999.000 -9999.000 -9999.000 -9999.000 -9999.000 -9999.000 -9999.000 -9999.000 -9999.000 -9999.000 -9999.000 -9999.000 -9999.000 -9999.000 -9999.000 -9999.000 -9999.000 -9999.000 -9999.000 -9999.000 -9999.000 -9999.000 -9999.000 -9999.000 -9999.000 -9999.000 -9999.000 -9999.000 -9999.000 -9999.000 -9999.000 -9999.000 -9999.000 -9999.000 -9999.000 -9999.000 -9999.000 -9999.000 -9999.000 -9999.000 -9999.000 -9999.000 -9999.000 -9999.000 -9999.000 -9999.000 -9999.000 -9999.000 -9999.000 -9999.000 -9999.000 -9999.000 -9999.000 -9999.000 -9999.000 -9999.000 -9999.000 -9999.000 -9999.000 -9999.000 -9999.000 -9999.000 -9999.000 -9999.000 -9999.000 -9999.000 -9999.000 -9999.000 -9999.000 -9999.000
-9999.000 -9999.000 -9999.000 -9999.000 -9999.000 -9999.000 -9999.000 -9999.000 -9999.000 -9999.000 -9999.000 -9999.000 -9999.000 -9999.000 -9999.000 -9999.000 -9999.000 -9999.000 -9999.000 -9999.000 -9999.000 -9999.000 -9999.000 -9999.000 -9999.000 -9999.000 -9999.000 -9999.000 -9999.000 -9999.000 -9999.000 -9999.000 -9999.000 -9999.000 -9999.000 -9999.000 -9999.000 -9999.000 -9999.000 -9999.000 -9999.000 -9999.000 -9999.000 -9999.000 -9999.000 -9999.000 -9999.000 -9999.000 -9999.000 -9999.000 -9999.000 -9999.000 -9999.000 -9999.000 -9999.000 -9999.000 -9999.000 -9999.000 -9999.000 -9999.000 -9999.000 -9999.000 -9999.000 -9999.000 -9999.000 -9999.000 -9999.000 -9999.000 -9999.000 -9999.000 -9999.000 -9999.000 -9999.000 -9999.000 -9999.000 -9999.000 -9999.000 -9999.000 -9999.000 -9999.000 -9999.000 -9999.000 -9999.000 -9999.000 -9999.000 -9999.000 -9999.000 -9999.000 -9999.000 -9999.000 -9999.000 -9999.000 -9999.000 -9999.000 -9999.000 -9999.000 -9999.000 -9999.000 -9999.000 -9999.000 -9999.000 -9999.000 -9999.000 -9999.000
-9999.000 -9999.000 5462.147 5370.344 5285.704 5206.580 5131.225 5058.157 4986.296 4914.933 4843.636 4772.152 4700.342 4628.129 4555.473 4482.355 4408.764 4334.697 4260.158 4185.153 4109.689 4033.775 3957.418 3880.631 3803.422 3725.801 3647.772 3569.345 3490.530 3411.337 3331.773 3251.841 3171.545 3090.897 3009.909 2928.591 2846.942 2764.962 2682.653 2600.028 2517.104 2433.891 2350.390 2266.593 2182.487 2098.081 2013.395 1928.448 1843.255 1757.814 1672.107 1586.101 1499.789 1413.192 1326.339 1239.253 1151.947 1064.424 976.662 888.615 800.220 711.486 622.445 533.123 443.541 353.711 263.640 173.326 82.758 -8.050 -98.305 -182.571 -250.553 -296.846 -324.474 -339.644 -347.583 -351.627 -353.654 -354.661 -355.156 -355.397 -355.513 -355.567 -355.592 -355.601 -355.604 -355.603 -355.600 -355.597 -355.593 -355.589 -355.585 -355.581 -355.578 -355.581 -355.617 -355.803 -356.623 -359.744 -370.091 -401.201 -9999.000 -9999.000
-9999.000 -9999.000 5462.147 5370.344 5285.704 5206.580 5131.225 5058.157 4986.296 4914.933 4843.636 4772.152 4700.342 4628.129 4555.473 4482.355 4408.764 4334.697 4260.158 4185.153 4109.689 4033.775 3957.418 3880.631 3803.422 3725.801 3647.772 3569.345 3490.530 3411.337 3331.773 3251.841 3171.545 3090.897 3009.909 2928.591 2846.942 2764.962 2682.653 2600.028 2517.104 2433.891 2350.390 2266.593 2182.487 2098.081 2013.395 1928.448 1843.255 1757.814 1672.107 1586.101 1499.789 1413.192 1326.339 1239.253 1151.947 1064.424 976.662 888.615 800.220 711.486 622.445 533.123 443.541 353.711 263.640 173.326 82.758 -8.050 -98.305 -182.571 -250.553 -296.846 -324.474 -339.644 -347.583 -351.627 -353.654 -354.661 -355.156 -355.397 -355.513 -355.567 -355.592 -355.601 -355.604 -355.603 -355.600 -355.597 -355.593 -355.589 -355.585 -355.581 -355.578 -355.581 -355.617 -355.803 -356.623 -359.744 -370.091 -401.201 -9999.000 -9999.000
-9999.000 -9999.000 5462.147 5370.344 5285.704 5206.580 5131.225 5058.157 4986.296 4914.934 4843.636 4772.152 4700.342 4628.129 4555.473 4482.355 4408.764 4334.697 4260.158 4185.153 4109.689 4033.775 3957.418 3880.631 3803.422 3725.801 3647.772 3569.345 3490.530 3411.337 3331.773 3251.841 3171.545 3090.897 3009.909 2928.591 2846.942 2764.962 2682.653 2600.028 2517.104 2433.891 2350.390 2266.593 2182.487 2098.081 2013.395 1928.448 1843.255 1757.814 1672.107 1586.101 1499.789 1413.192 1326.339 1239.253 1151.947 1064.424 976.662 888.615 800.220 711.486 622.445 533.123 443.541 353.711 263.640 173.326 82.758 -8.050 -98.305 -182.571 -250.553 -296.846 -324.474 -339.644 -347.583 -351.627 -353.654 -354.661 -355.156 -355.397 -355.513 -355.567 -355.592 -355.601 -355.604 -355.603 -355.600 -355.597 -355.593 -355.589 -355.585 -355.581 -355.578 -355.581 -355.617 -355.803 -356.623 -359.744 -370.091 -401.201 -9999.000 -9999.000
-9999.000 -9999.000 5462.147 5370.344 5285.704 5206.580 5131.225 5058.157 4986.296 4914.934 4843.636 4772.152 4700.342 4628.129 4555.473 4482.355 4408.764 4334.697 4260.158 4185.153 4109.689 4033.775 3957.418 3880.631 3803.422 3725.801 3647.772 3569.345 3490.530 3411.337 3331.773 3251.841 3171.545 3090.897 3009.909 2928.591 2846.942 2764.962 2682.653 2600.028 2517.104 2433.891 2350.390 2266.593 2182.487 2098.081 2013.395 1928.448 1843.255 1757.814 1672.107 1586.101 1499.789 1413.192 1326.339 1239.253 1151.947 1064.424 976.662 888.615 800.220 711.486 622.445 533.123 443.541 353.711 263.640 173.326 82.758 -8.050 -98.305 -182.571 -250.553 -296.846 -324.474 -339.644 -347.583 -351.627 -353.654 -354.661 -355.156 -355.397 -355.513 -355.567 -355.592 -355.601 -355.604 -355.603 -355.600 -355.597 -355.593 -355.589 -355.585 -355.581 -355.578 -355.581 -355.617 -355.803 -356.623 -359.744 -370.091 -401.201 -9999.000 -9999.000
-9999.000 -9999.000 5462.147 5370.344 5285.704 5206.580 5131.225 5058.157 4986.296 4914.933 4843.636 4772.152 4700.342 4628.129 4555.473 4482.355 4408.764 4334.697 4260.158 4185.153 4109.689 4033.775 3957.418 3880.631 3803.422 3725.801 3647.772 3569.345 3490.530 3411.337 3331.773 3251.841 3171.545 3090.897 3009.909 2928.591 2846.942 2764.962 2682.653 2600.028 2517.104 2433.891 2350.390 2266.593 2182.487 2098.081 2013.395 1928.448 1843.255 1757.814 1672.107 1586.101 1499.789 1413.192 1326.339 1239.253 1151.947 1064.424 976.662 888.615 800.220 711.486 622.445 533.123 443.541 353.711 263.640 173.326 82.758 -8.050 -98.305 -182.571 -250.553 -296.846 -324.474 -339.644 -347.583 -351.627 -353.654 -354.661 -355.156 -355.397 -355.513 -355.567 -355.592 -355.601 -355.604 -355.603 -355.600 -355.597 -355.593 -355.589 -355.585 -355.581 -355.578 -355.581 -355.617 -355.803 -356.623 -359.744 -370.091 -401.201 -9999.000 -9999.000
-9999.000 -9999.000 5462.147 5370.344 5285.704 5206.580 5131.225 5058.157 4986.296 4914.933 4843.636 4772.152 4700.342 4628.129 4555.473 4482.355 4408.764 4334.697 4260.158 4185.153 4109.689 4033.775 3957.418 3880.631 3803.422 3725.801 3647.772 3569.345 3490.530 3411.337 3331.773 3251.841 3171.545 3090.897 3009.909 2928.591 2846.942 2764.962 2682.653 2600.028 2517.104 2433.891 2350.390 2266.593 2182.487 2098.081 2013.395 1928.448 1843.255 1757.814 1672.107 1586.101 1499.789 1413.192 1326.339 1239.253 1151.947 1064.424 976.662 888.615 800.220 711.486 622.445 533.123 443.541 353.711 263.640 173.326 82.758 -8.050 -98.305 -182.571 -250.553 -296.846 -324.474 -339.644 -347.583 -351.627 -353.654 -354.661 -355.156 -355.397 -355.513 -355.567 -355.592 -355.601 -355.604 -355.603 -355.600 -355.597 -355.593 -355.589 -355.585 -355.581 -355.578 -355.581 -355.617 -355.803 -356.623 -359.744 -370.091 -401.201 -9999.000 -9999.000
-9999.000 -9999.000 -9999.000 -9999.000 -9999.000 -9999.000 -9999.000 -9999.000 -9999.000 -9999.000 -9999.000 -9999.000 -9999.000 -9999.000 -9999.000 -9999.000 -9999.000 -9999.000 -9999.000 -9999.000 -9999.000 -9999.000 -9999.000 -9999.000 -9999.000 -9999.000 -9999.000 -9999.000 -9999.000 -9999.000 -9999.000 -9999.000 -9999.000 -9999.000 -9999.000 -9999.000 -9999.000 -9999.000 -9999.000 -9999.000 -9999.000 -9999.000 -9999.000 -9999.000 -9999.000 -9999.000 -9999.000 -9999.000 -9999.000 -9999.000 -9999.000 -9999.000 -9999.000 -9999.000 -9999.000 -9999.000 -9999.000 -9999.000 -9999.000 -9999.000 -9999.000 -9999.000 -9999.000 -9999.000 -9999.000 -9999.000 -9999.000 -9999.000 -9999.000 -9999.000 -9999.000 -9999.000 -9999.000 -9999.000 -9999.000 -9999.000 -9999.000 -9999.000 -9999.000 -9999.000 -9999.000 -9999.000 -9999.000 -9999.000 -9999.000 -9999.000 -9999.000 -9999.000 -9999.000 -9999.000 -9999.000 -9999.000 -9999.000 -9999.000 -9999.000 -9999.000 -9999.000 -9999.000 -9999.000 -9999.000 -9999.000 -9999.000 -9999.000 -9999.000
-9999.000 -9999.000 -9999.000 -9999.000 -9999.000 -9999.000 -9999.000 -9999.000 -9999.000 -9999.000 -9999.000 -9999.000 -9999.000 -9999.000 -9999.000 -9999.000 -9999.000 -9999.000 -9999.000 -9999.000 -9999.000 -9999.000 -9999.000 -9999.000 -9999.000 -9999.000 -9999.000 -9999.000 -9999.000 -9999.000 -9999.000 -9999.000 -9999.000 -9999.000 -9999.000 -9999.000 -9999.000 -9999.000 -9999.000 -9999.000 -9999.000 -9999.000 -9999.000 -9999.000 -9999.000 -9999.000 -9999.000 -9999.000 -9999.000 -9999.000 -9999.000 -9999.000 -9999.000 -9999.000 -9999.000 -9999.000 -9999.000 -9999.000 -9999.000 -9999.000 -9999.000 -9999.000 -9999.000 -9999.000 -9999.000 -9999.000 -9999.000 -9999.000 -9999.000 -9999.000 -9999.000 -9999.000 -9999.000 -9999.000 -9999.000 -9999.000 -9999.000 -9999.000 -9999.000 -9999.000 -9999.000 -9999.000 -9999.000 -9999.000 -9999.000 -9999.000 -9999.000 -9999.000 -9999.000 -9999.000 -9999.000 -9999.000 -9999.000 -9999.000 -9999.000 -9999.000 -9999.000 -9999.000 -9999.000 -9999.000 -9999.000 -9999.000 -9999.000 -9999.000