tests/3D/Borden05m_nopit_001/bedrock_nopit.asc
ncols         160
nrows         34
xllcorner     620200.000000
yllcorner     5168000.000000
cellsize      0.500000
NODATA_value  -9999.0
[rows 0 to 24 of 34, columns 0 to 54 of 160]
-9999.0 -9999.0 -9999.0 -9999.0 -9999.0 -9999.0 -9999.0 -9999.0 -9999.0 -9999.0 -9999.0 -9999.0 -9999.0 -9999.0 -9999.0 -9999.0 -9999.0 -9999.0 -9999.0 -9999.0 -9999.0 -9999.0 -9999.0 -9999.0 -9999.0 -9999.0 -9999.0 -9999.0 -9999.0 -9999.0 -9999.0 -9999.0 -9999.0 -9999.0 -9999.0 -9999.0 -9999.0 -9999.0 -9999.0 -9999.0 -9999.0 -9999.0 -9999.0 -9999.0 -9999.0 -9999.0 -9999.0 -9999.0 -9999.0 -9999.0 -9999.0 -9999.0 -9999.0 -9999.0 -9999.0
-9999.0 -9999.0 -9999.0 -9999.0 -9999.0 -9999.0 -9999.0 -9999.0 -9999.0 -9999.0 -9999.0 -9999.0 -9999.0 -9999.0 -9999.0 -9999.0 -9999.0 -9999.0 -9999.0 -9999.0 -9999.0 -9999.0 -9999.0 -9999.0 -9999.0 -9999.0 -9999.0 -9999.0 -9999.0 -9999.0 -9999.0 -9999.0 -9999.0 -9999.0 -9999.0 -9999.0 -9999.0 -9999.0 -9999.0 -9999.0 -9999.0 -9999.0 -9999.0 -9999.0 -9999.0 -9999.0 -9999.0 -9999.0 -9999.0 -9999.0 -9999.0 -9999.0 -9999.0 -9999.0 -9999.0
-9999.0 -9999.0 -9999.0 -9999.0 -9999.0 -9999.0 -9999.0 -9999.0 -9999.0 -9999.0 -9999.0 -9999.0 -9999.0 -9999.0 -9999.0 -9999.0 -9999.0 -9999.0 -9999.0 -9999.0 -9999.0 -9999.0 -9999.0 -9999.0 -9999.0 -9999.0 -9999.0 -9999.0 -9999.0 -9999.0 -9999.0 -9999.0 -9999.0 -9999.0 -9999.0 -9999.0 -9999.0 -9999.0 -9999.0 -9999.0 -9999.0 -9999.0 -9999.0 -9999.0 -9999.0 -9999.0 -9999.0 3806.248796 3823.526620 3837.444775 3841.973659 3820.934784 3798.067415 3774.526473 3754.268162
-9999.0 -9999.0 -9999.0 -9999.0 -9999.0 -9999.0 -9999.0 -9999.0 -9999.0 -9999.0 -9999.0 -9999.0 -9999.0 -9999.0 -9999.0 -9999.0 -9999.0 -9999.0 -9999.0 -9999.0 -9999.0 -9999.0 -9999.0 -9999.0 -9999.0 -9999.0 -9999.0 -9999.0 -9999.0 -9999.0 -9999.0 -9999.0 -9999.0 -9999.0 -9999.0 -9999.0 -9999.0 -9999.0 -9999.0 -9999.0 3755.677625 3749.872314 3750.004763 3760.168571 3771.670948 3785.292436 3805.950926 3823.260216 3836.736949 3838.928833 3836.702338 3833.964526 3813.317874 3788.341435 3768.787272
-9999.0 -9999.0 -9999.0 -9999.0 -9999.0 -9999.0 -9999.0 -9999.0 -9999.0 -9999.0 -9999.0 -9999.0 -9999.0 -9999.0 -9999.0 -9999.0 -9999.0 -9999.0 -9999.0 -9999.0 -9999.0 -9999.0 -9999.0 -9999.0 -9999.0 -9999.0 -9999.0 -9999.0 -9999.0 -9999.0 -9999.0 -9999.0 -9999.0 -9999.0 3847.339905 3830.489138 3812.762226 3794.469703 3777.774272 3770.961170 3765.239010 3760.000355 3764.772444 3769.482427 3781.384183 3802.365921 3821.943731 3835.076862 3836.436725 3839.135566 3835.806472 3824.451597 3808.206076 3793.424438 3773.240614
-9999.0 -9999.0 -9999.0 -9999.0 -9999.0 -9999.0 -9999.0 -9999.0 -9999.0 -9999.0 -9999.0 -9999.0 -9999.0 -9999.0 -9999.0 -9999.0 -9999.0 -9999.0 -9999.0 -9999.0 -9999.0 -9999.0 -9999.0 -9999.0 -9999.0 -9999.0 -9999.0 -9999.0 3840.956242 3847.043985 3852.112193 3853.935521 3855.639192 3856.868395 3850.380764 3839.388734 3822.500190 3800.784321 3787.855810 3780.886463 3774.306534 3774.189126 3780.266211 3782.379402 3782.278883 3795.173728 3807.734753 3819.524573 3831.068130 3834.392399 3825.850076 3812.095702 3796.376060 3782.276624 3767.533154
-9999.0 -9999.0 -9999.0 -9999.0 -9999.0 -9999.0 -9999.0 -9999.0 -9999.0 -9999.0 -9999.0 -9999.0 -9999.0 -9999.0 -9999.0 -9999.0 -9999.0 -9999.0 -9999.0 -9999.0 -9999.0 -9999.0 -9999.0 3870.179603 3865.296075 3858.995860 3851.606346 3850.898877 3854.510327 3860.165919 3863.186791 3864.949561 3867.504956 3863.344585 3856.575644 3843.958898 3829.067884 3807.299338 3799.470294 3795.361146 3784.318719 3781.258033 3774.301077 3770.883376 3773.273886 3777.683240 3792.738111 3804.521509 3802.480419 3798.784875 3792.587739 3784.975608 3772.177674 3758.849792 3743.886725
-9999.0 -9999.0 -9999.0 -9999.0 -9999.0 -9999.0 -9999.0 -9999.0 -9999.0 -9999.0 -9999.0 -9999.0 -9999.0 -9999.0 -9999.0 -9999.0 -9999.0 -9999.0 -9999.0 3894.363325 3893.458827 3892.186189 3887.559697 3887.307037 3885.739528 3879.250251 3871.565091 3869.099524 3871.607433 3873.047820 3872.144860 3870.045632 3866.090284 3856.111645 3843.308740 3830.042767 3817.800330 3797.855894 3784.180698 3772.426465 3757.805951 3758.318560 3762.736136 3765.175431 3765.911531 3767.967265 3769.262494 3770.339387 3764.999360 3764.400673 3761.218067 3752.916131 3741.917033 3725.956558 3708.867919
-9999.0 -9999.0 -9999.0 -9999.0 -9999.0 -9999.0 -9999.0 -9999.0 -9999.0 -9999.0 -9999.0 -9999.0 -9999.0 -9999.0 -9999.0 -9999.0 3923.099005 3921.471584 3919.320979 3914.012485 3910.656011 3906.993398 3900.347637 3899.233972 3896.216385 3889.651343 3885.710669 3877.100116 3869.424359 3863.038367 3857.983168 3856.404156 3850.705055 3842.465027 3832.060017 3819.071691 3799.878420 3777.535360 3762.859917 3747.257383 3731.145652 3731.638155 3734.264496 3734.863783 3736.967149 3735.574260 3721.585881 3718.935893 3723.874751 3713.701200 3702.472593 3700.252053 3694.255187 3675.704222 3654.184110
-9999.0 -9999.0 -9999.0 -9999.0 -9999.0 -9999.0 -9999.0 -9999.0 -9999.0 -9999.0 -9999.0 -9999.0 -9999.0 3971.791684 3967.996248 3958.093775 3947.121897 3944.427887 3939.884954 3933.623610 3921.914674 3918.777722 3913.327557 3906.725256 3894.894738 3887.066877 3879.111599 3868.335206 3861.304995 3855.424563 3850.105013 3847.944165 3837.405751 3824.479729 3811.183849 3793.189165 3772.593856 3755.038403 3737.667676 3722.725618 3711.846992 3714.635756 3716.739225 3715.794771 3711.631391 3698.854675 3682.966053 3681.622084 3670.945366 3650.823618 3640.877284 3633.526576 3627.893972 3615.265007 3594.859294
-9999.0 -9999.0 -9999.0 -9999.0 -9999.0 -9999.0 -9999.0 -9999.0 -9999.0 -9999.0 3998.857208 3997.521825 4001.562249 4004.376157 3999.032635 3987.107845 3973.073545 3967.888054 3956.449913 3935.705030 3917.784258 3915.410149 3902.675783 3893.364198 3887.684315 3878.953050 3867.370171 3856.582170 3842.399554 3832.113230 3824.331834 3808.914672 3794.611004 3780.020397 3764.331061 3745.593511 3730.172736 3706.784746 3682.806770 3674.520658 3657.470647 3653.711228 3658.863869 3661.521857 3653.637718 3642.398683 3626.985523 3610.206972 3591.859125 3569.869409 3558.413278 3546.090941 3537.599535 3527.660932 3513.187942
-9999.0 -9999.0 -9999.0 -9999.0 -9999.0 -9999.0 -9999.0 -9999.0 4023.057643 4015.300207 4010.237644 4013.950860 4018.975801 4025.209653 4011.229278 3996.402508 3981.246303 3963.750954 3948.948837 3931.580495 3918.454497 3904.575848 3885.680280 3876.076318 3866.709355 3853.135253 3841.556389 3827.868706 3808.872626 3801.586983 3790.863185 3772.635111 3757.914787 3742.455580 3725.846680 3710.633024 3690.296347 3660.675489 3632.356255 3615.693198 3590.447147 3572.725023 3578.268288 3580.007671 3579.046990 3556.232007 3530.036317 3501.478034 3481.391137 3457.493109 3429.620279 3411.963318 3403.139410 3392.403503 3378.950992
-9999.0 -9999.0 -9999.0 -9999.0 -9999.0 -9999.0 4050.911605 4026.830267 4012.101884 4021.170712 4035.472386 4041.147122 4047.834396 4018.540228 3997.017412 3980.580000 3964.824631 3948.327187 3933.182974 3925.185375 3896.043693 3878.279289 3867.371513 3854.587471 3841.615196 3828.700397 3813.783491 3793.582495 3776.640065 3754.333527 3737.287356 3720.402221 3697.535699 3681.108646 3665.214652 3651.805715 3624.494448 3590.272088 3556.290745 3531.681881 3507.504323 3477.431790 3476.307993 3474.314266 3471.853369 3450.147322 3418.094442 3389.050979 3357.320236 3326.978106 3300.271977 3290.174106 3281.571553 3272.020281 3260.048495
-9999.0 -9999.0 -9999.0 -9999.0 4082.737467 4062.206494 4043.883261 4014.271278 3992.836945 3998.547743 3994.641404 3997.211129 4002.225072 3998.345123 3991.390472 3975.141716 3957.281183 3939.127111 3925.539218 3898.245924 3853.278550 3842.799027 3825.588401 3796.998938 3786.934110 3774.195369 3760.042710 3740.446427 3721.257994 3693.765524 3658.106362 3627.905462 3606.660173 3587.757653 3569.508740 3552.408960 3519.092951 3483.248409 3448.490852 3417.229850 3390.381166 3365.730126 3357.849921 3352.930249 3343.287602 3327.606672 3306.546436 3280.099022 3248.598568 3217.502051 3194.320774 3183.961676 3178.383673 3169.234518 3161.139526
-9999.0 -9999.0 -9999.0 4136.300791 4097.410592 4058.312128 4033.064941 4003.406582 3971.852376 3972.102653 3964.352959 3964.736672 3965.953691 3961.201362 3958.343543 3942.985530 3926.529518 3908.842988 3888.723295 3855.871974 3826.820897 3807.704127 3780.321541 3762.964749 3749.414455 3737.243918 3720.179981 3700.421259 3664.265914 3633.397729 3587.097065 3536.673538 3504.213519 3484.465887 3463.680328 3437.742607 3414.182913 3377.890937 3344.874046 3313.678855 3284.091590 3262.034223 3246.884425 3242.053640 3233.621608 3227.523766 3214.078789 3193.745674 3172.552608 3143.681652 3115.757908 3090.062572 3076.372552 3066.722368 3051.028188
-9999.0 -9999.0 4184.644802 4145.305435 4113.973750 4067.206082 4014.598448 3980.264928 3941.411157 3922.604252 3919.915073 3909.277977 3898.910550 3898.052924 3889.226502 3876.931047 3857.089873 3850.109797 3832.004085 3814.245596 3775.088675 3739.313877 3738.243619 3696.930457 3666.771550 3636.657674 3617.805173 3592.314012 3556.451090 3520.959699 3476.100093 3427.308490 3392.631135 3364.757603 3350.218406 3331.912895 3312.054364 3288.285483 3254.208452 3228.237516 3196.925084 3172.375273 3152.800729 3149.974650 3147.096652 3132.030737 3106.664752 3079.429810 3053.891084 3028.849193 3033.953672 3017.898907 3010.823829 3006.890872 3000.727602
-9999.0 -9999.0 4214.927605 4168.466803 4133.700167 4074.974257 3989.409797 3955.393147 3915.668124 3871.006511 3857.482980 3836.750035 3840.389640 3848.536909 3830.763043 3815.806238 3798.537835 3792.670339 3798.925348 3746.636690 3693.403851 3662.441538 3644.749048 3570.430693 3520.986866 3500.864342 3487.201786 3468.131195 3447.827297 3408.628557 3367.084135 3314.484348 3273.438491 3244.526970 3230.823726 3213.217538 3194.853703 3179.919954 3161.944251 3120.160724 3090.241188 3063.374622 3035.451671 3015.779515 3008.408162 3005.025263 3022.400778 3009.156284 3000.240274 2996.411143 2995.012616 2998.608962 2999.283266 2998.579544 2997.642989
-9999.0 4308.804370 4256.052700 4205.373440 4140.613198 4078.724975 4002.634796 3926.741047 3862.724422 3812.659083 3787.883485 3791.809554 3784.371950 3755.760009 3735.862996 3717.763413 3714.622848 3707.386789 3726.074748 3674.578656 3634.773206 3577.507805 3472.856196 3415.466474 3360.612664 3363.860402 3374.522486 3367.752725 3349.542707 3305.030837 3232.021726 3181.464134 3123.711533 3081.287892 3067.010892 3061.468111 3044.928618 3026.149742 3056.994139 3026.301373 3012.641081 3001.336669 2996.515249 2994.971158 2994.109474 2994.269895 2997.748248 3004.409725 3012.331411 3017.985168 3022.088805 3026.595647 3024.173562 3020.875392 3020.312152
-9999.0 4347.658155 4289.931780 4221.131208 4153.283623 4104.446727 4018.291759 3853.507522 3793.606535 3757.133684 3748.911041 3763.479194 3700.153933 3638.344162 3612.019263 3567.495577 3582.100825 3598.119239 3630.863387 3603.899226 3561.708796 3488.490206 3325.291484 3238.589560 3199.617142 3191.580954 3189.050290 3162.734777 3123.621473 3083.714487 3046.780668 3062.300567 3027.104073 3010.365629 3006.891194 3006.405488 3002.685066 3003.683912 3005.751596 3009.915627 3014.869563 3014.749278 3010.549538 3010.753364 3013.585584 3016.740786 3022.302164 3029.741130 3035.082936 3039.690306 3042.387569 3045.298084 3047.021192 3047.272787 3051.695511
-9999.0 4389.126521 4313.426315 4254.797189 4207.963386 4113.714239 3981.073554 3836.045557 3740.082368 3706.402459 3718.974028 3674.772071 3570.404563 3466.514822 3415.461299 3394.431590 3407.867340 3449.206056 3463.029685 3418.896560 3349.737363 3241.090310 3126.283234 3041.571847 3029.233538 3026.896543 3060.378072 3042.271275 3025.678854 3023.721886 3022.948248 3018.021642 3013.178708 3010.533901 3012.006820 3014.876912 3019.589551 3027.588399 3032.456076 3035.931182 3039.559534 3040.389132 3038.128256 3036.706763 3039.365410 3043.189674 3047.645593 3053.241798 3059.409424 3066.029493 3070.086960 3074.127975 3076.162883 3081.181526 3084.920602
-9999.0 4517.365393 4418.144496 4378.000283 4303.012476 4107.576954 3974.797963 3828.852707 3665.025387 3640.643796 3586.553540 3452.233171 3339.236709 3264.044297 3232.493309 3197.593322 3173.268032 3155.841905 3122.257333 3207.277260 3139.020274 3064.210081 3032.610131 3019.108937 3014.864056 3014.608545 3023.660726 3043.680069 3054.264734 3061.014717 3059.413726 3052.231852 3047.234696 3042.183316 3044.408914 3043.670598 3043.192448 3046.571739 3050.428743 3058.831042 3066.521599 3072.716696 3075.227136 3070.265666 3074.995064 3077.695391 3083.656459 3091.727272 3100.353790 3107.689595 3115.328386 3121.770391 3124.065440 3129.105629 3130.206231
-9999.0 4600.540926 4527.042094 4469.398110 4356.353698 4184.614220 4082.168664 3913.128440 3666.677954 3533.117612 3382.996733 3302.531961 3234.128339 3186.281903 3132.977131 3087.101156 3064.308134 3056.074920 3077.988534 3064.168039 3102.980915 3113.439128 3097.377255 3070.887413 3056.673013 3053.111545 3061.444521 3071.413366 3078.631019 3079.758914 3081.522968 3084.335461 3087.295719 3090.211621 3093.369985 3090.955980 3086.075103 3092.657378 3102.005148 3110.760712 3118.686896 3127.429105 3133.126310 3137.125115 3137.402711 3137.259545 3144.657911 3154.904698 3165.425636 3173.457206 3180.653722 3185.423356 3187.777181 3192.459904 3200.995377
-9999.0 4728.925269 4589.931126 4514.321204 4419.713869 4285.635525 4176.485063 4014.946144 3874.091452 3620.914631 3467.586982 3306.285030 3262.720217 3200.890225 3150.499337 3083.631655 3086.035403 3118.267772 3157.856310 3174.977841 3168.145251 3160.318893 3151.038418 3135.208221 3118.504268 3109.217341 3106.049180 3113.022183 3127.058404 3138.118653 3147.219145 3159.150380 3167.530156 3169.434941 3166.965128 3158.312751 3156.980260 3166.181211 3179.720662 3196.924059 3211.800384 3223.043840 3225.380390 3223.138075 3222.398451 3226.089959 3232.153892 3242.593332 3254.938279 3266.829871 3272.975336 3277.477797 3284.358476 3294.729009 3305.911211
-9999.0 -9999.0 4681.185640 4570.075501 4476.334150 4362.959802 4271.595618 4146.893217 3996.779093 3811.804682 3687.926189 3515.106847 3427.212971 3383.542065 3344.310082 3289.645542 3268.753173 3244.241850 3256.618570 3249.646159 3242.717776 3238.516362 3232.547141 3225.231408 3214.270247 3204.937669 3196.253433 3199.004930 3208.146077 3227.318319 3250.815150 3269.035028 3278.917626 3287.269684 3276.225070 3264.049597 3268.462511 3275.276511 3287.665780 3303.736791 3316.525951 3330.618753 3334.130236 3333.926019 3333.381676 3335.769074 3338.872124 3351.323615 3363.675335 3374.131214 3378.431309 3383.952434 3387.887037 3397.761036 3408.353955
-9999.0 -9999.0 4774.292681 4668.310284 4565.541710 4445.337296 4360.191726 4350.350787 4203.570445 4090.834810 3974.456549 3856.914967 3757.346572 3686.996638 3650.412591 3585.956577 3533.087681 3516.078763 3482.704407 3437.251820 3406.730292 3372.500554 3352.258285 3342.365451 3329.888594 3316.326490 3308.653876 3322.831841 3334.209433 3351.315014 3374.123226 3399.747309 3412.832805 3414.420250 3414.110483 3411.101366 3418.056941 3427.291824 3441.855283 3456.543017 3469.131013 3478.946125 3482.639966 3487.426261 3489.281842 3491.933999 3493.930715 3500.103778 3509.207870 3514.554955 3522.573572 3526.724842 3527.857691 3531.687767 3538.085915
