tests/3D/example/rec/SnowTemperature0001L0001.asc
ncols         174
nrows         141
xllcorner     744500.000000
yllcorner     5140950.000000
cellsize      250.000000
NODATA_value  -9999.0
[rows 27 to 53 of 141, columns 62 to 123 of 174]
-1.653294 -3.197167 -3.364884 -3.174270 -3.006822 -2.713937 -2.603486 -2.543573 -0.180406 -0.000097 -0.440099 -0.465221 -0.374055 -0.466046 -0.059899 -0.000369 -0.134570 0.000000 0.000000 0.000000 0.000000 0.000000 0.000000 0.000000 0.000000 0.000000 -0.000056 -0.000052 -0.000049 -0.000064 -0.000099 -0.000161 -0.810279 -1.435595 -1.108420 -0.724089 -0.000105 -0.000077 -0.000123 -0.000093 0.000000 0.000000 -0.000003 -3.367476 -0.002953 -0.004039 -0.000052 -0.000070 -0.000076 -0.000105 -0.000180 -0.000175 -0.162154 -0.754064 -1.350017 -0.898411 -0.000098 -0.000081 -0.536298 -2.396990 -2.435176 -1.476664
-1.984132 -3.828852 -3.600156 -3.325546 -3.400383 -3.312801 -2.904283 -1.977469 -0.145272 -0.526996 -0.000133 -0.000117 -0.000099 -0.000119 -0.347555 -0.056865 -0.000341 -0.000255 -0.000034 0.000000 0.000000 0.000000 0.000000 0.000000 0.000000 0.000000 -0.005157 -0.000003 -0.000045 -0.000065 -0.000102 -0.000127 -0.148071 -0.841817 -1.627863 -1.059202 -1.146724 -0.000083 -0.000164 -0.000129 0.000000 0.000000 0.000000 -0.000009 -0.000042 -0.000030 -0.000061 -0.000077 -0.000083 -0.000085 -0.000094 -0.000084 -0.000090 -0.000130 -1.512140 -1.316077 -1.058184 -0.000085 -0.132067 -0.399889 -0.795123 -0.899709
-1.374748 -3.701485 -3.804771 -3.362340 -3.383650 -3.243651 -2.289686 -1.356321 -1.176948 -1.192832 -1.267984 -1.253099 -1.194901 -1.201529 -0.000322 -0.000086 -0.263512 -0.192780 -0.000275 -0.000110 0.000000 0.000000 0.000000 0.000000 0.000000 0.000000 0.000000 0.000000 -0.000062 -0.000064 -0.000080 -0.000072 -0.000112 -0.455976 -1.221220 -1.021571 -0.740716 -0.000097 -0.000171 -0.000162 0.000000 0.000000 0.000000 -0.000006 -3.422663 -0.002557 -0.000053 -0.000061 -0.000067 -0.000057 -0.000079 -0.004065 -0.000054 -0.000066 -1.349024 -2.111012 -0.897047 -0.000067 -0.000113 -0.000094 -0.000057 -0.000064
-2.362936 -2.552070 -3.978687 -3.856775 -3.760935 -3.229045 -2.992060 -2.840586 -2.066030 -1.730256 -1.819248 -1.262794 -1.395838 -1.320399 -1.214002 -0.000127 -0.198733 -0.155770 -0.000160 -0.000130 -0.000092 0.000000 0.000000 0.000000 0.000000 0.000000 0.000000 -0.000096 -0.000049 -0.000046 -0.000060 -0.000068 -0.000107 -0.792933 -0.301684 -0.130999 -0.000112 -0.000079 -0.000155 -0.000143 0.000000 0.000000 0.000000 0.000000 -0.000006 -0.000007 -0.003170 -0.003583 -0.000033 -0.003772 -0.000056 -0.000054 -0.000052 -0.000088 -0.643970 -2.529503 -0.304057 -0.000104 -0.000078 -0.000058 -0.003866 -0.003774
-1.796657 -2.459691 -2.965445 -3.712960 -3.899102 -3.009476 -2.952969 -2.934197 -2.869543 -2.772046 -1.767883 -2.019474 -2.148043 -2.136518 -1.040102 -1.049156 -0.819920 -0.000074 -0.000183 -0.000108 -0.000086 -0.000039 0.000000 0.000000 0.000000 0.000000 0.000000 0.000000 0.000000 0.000000 -0.000052 -0.000076 -0.000131 -0.488835 -0.123398 -0.000086 -0.000054 -0.000042 -0.000089 -0.000094 0.000000 0.000000 0.000000 0.000000 0.000000 0.000000 -0.000005 -0.000006 -0.000007 -0.000010 -0.003141 -0.000044 -0.000075 -0.000119 -0.000095 -0.075764 -1.664537 -0.000187 -0.000053 -0.000011 -0.000009 -0.000008
-0.810538 -1.886886 -3.016109 -3.426768 -4.012819 -3.554930 -3.454164 -3.343924 -3.496682 -3.128401 -2.513980 -2.456080 -2.552044 -1.445606 -0.939518 -1.377229 -0.361644 -0.000084 -0.000211 -0.000117 0.000000 0.000000 0.000000 0.000000 0.000000 0.000000 0.000000 0.000000 0.000000 -0.000123 -0.000064 -0.000077 -0.224258 -0.095118 -0.000099 -0.000077 -0.000191 -0.000002 0.000000 0.000000 0.000000 0.000000 0.000000 0.000000 0.000000 0.000000 0.000000 0.000000 -0.000005 -0.000009 -0.000179 -0.000050 -0.000086 -0.000055 -0.000049 -0.000056 -0.037642 -1.292847 -0.000080 -0.000063 -0.000068 -0.000008
-0.000161 -1.368550 -2.565438 -3.262714 -2.144249 -3.703223 -3.669298 -3.519155 -3.531444 -3.432215 -3.321161 -3.260625 -1.381300 -1.230123 -1.200515 -1.211856 -1.011086 -0.567345 -0.160114 -0.000252 -0.000072 0.000000 0.000000 0.000000 0.000000 0.000000 0.000000 0.000000 -0.000130 -0.000111 -0.000066 -0.000066 -0.000083 -0.000391 -0.000079 -0.000051 -0.000028 0.000000 0.000000 0.000000 0.000000 0.000000 0.000000 0.000000 0.000000 0.000000 0.000000 0.000000 -0.000096 -0.000113 -0.000070 -0.000077 -0.000075 -0.000034 -0.000027 -0.004037 -0.004678 -0.000064 -0.000090 -0.000075 -0.000102 -0.000079
-0.000058 -0.318565 -1.446957 -1.635320 -3.123619 -1.806122 -3.893368 -4.180694 -3.718404 -3.518962 -3.455424 -3.129294 -2.518349 -2.324550 -2.187174 -1.820211 -1.659555 -0.859680 -0.000098 -0.163777 -0.000087 -0.000037 0.000000 0.000000 0.000000 0.000000 0.000000 0.000000 0.000000 -0.000087 -0.000049 -0.000060 -0.000067 -0.000072 -0.000079 -0.000304 0.000000 0.000000 0.000000 0.000000 0.000000 0.000000 -0.000027 -0.000088 -0.000090 -0.000092 -0.000122 -0.000124 -0.000217 -0.000068 -0.000092 -0.000102 -0.000081 -0.000058 -0.000031 -0.003217 -0.003584 -0.003762 -0.003310 -0.000045 -0.000112 -0.000096
-0.000046 -0.000273 -1.394419 -1.872580 -3.046267 -2.335299 -3.652310 -3.682857 -3.343072 -3.090550 -3.402480 -3.369154 -3.237468 -3.075124 -3.055726 -2.790585 -2.057254 -1.446646 -0.702992 -0.000084 -0.000180 -0.000109 -0.000082 0.000000 0.000000 0.000000 0.000000 0.000000 0.000000 0.000000 -0.000003 -0.000065 -0.000047 -0.000051 -0.000075 -0.000206 -0.000086 0.000000 0.000000 0.000000 0.000000 0.000000 0.000000 -0.000125 -0.000133 -0.000166 -0.000073 -0.000076 -0.000096 -0.000109 -0.792299 -0.506646 -0.000090 -0.000070 -0.000132 -0.000009 -0.000009 -0.000009 -0.000011 -3.408314 -0.000123 -0.000145
-0.000045 -0.000070 -0.000089 -1.461177 -2.972060 -2.616142 -3.268928 -3.681211 -3.235843 -2.300920 -2.867664 -3.593729 -3.530945 -3.134657 -2.718108 -2.779835 -1.946131 -1.505830 -0.403974 -0.000172 -0.000147 -0.000096 -0.000074 0.000000 0.000000 0.000000 0.000000 0.000000 0.000000 0.000000 0.000000 0.000000 -0.000007 -0.000064 -0.000057 -0.000172 -0.000079 0.000000 0.000000 0.000000 0.000000 0.000000 0.000000 -0.000086 -0.000070 -0.000077 -0.000086 -0.982316 -0.423766 -0.901793 -1.162758 -0.445777 -0.000070 -0.000052 -0.000120 -0.000376 -0.000006 -0.000007 -0.000009 -0.000534 -0.000039 -0.000052
-0.000027 -0.007783 -0.000062 -2.117509 -3.294464 -3.348921 -2.687607 -3.516484 -3.173059 -2.608017 -2.639588 -3.465018 -3.355319 -2.433965 -1.172103 -1.332746 -0.711576 -0.060480 -0.000083 -0.000067 -0.000085 -0.000064 -0.000024 0.000000 0.000000 0.000000 0.000000 0.000000 0.000000 0.000000 0.000000 0.000000 0.000000 0.000000 -0.000096 -0.000130 -0.000027 0.000000 0.000000 0.000000 0.000000 0.000000 0.000000 0.000000 -0.000065 -0.000226 -0.146461 -0.000096 -0.000103 -0.469060 -0.516960 -0.431996 -0.000076 -0.000169 -0.000004 -0.000095 0.000000 -0.000005 -1.518819 -0.000250 -0.000008 -0.000009
-0.000006 -0.010853 -0.367653 -1.638467 -3.117884 -3.946451 -2.351318 -1.977784 -2.475848 -2.030699 -2.289784 -3.145805 -2.867822 -2.081681 -0.767599 -0.528023 -0.000143 -0.000076 -0.000071 -0.000138 -0.000066 -0.000155 0.000000 0.000000 0.000000 0.000000 0.000000 0.000000 0.000000 0.000000 0.000000 0.000000 0.000000 0.000000 -0.000004 -0.000082 -0.000031 0.000000 0.000000 0.000000 0.000000 0.000000 0.000000 -3.133217 -0.000045 -0.000052 -0.000055 -0.000052 -0.000070 -0.000087 -0.452985 -0.374852 -0.000079 -0.000229 -3.305631 0.000000 0.000000 0.000000 -0.000131 -0.000120 -0.000008 -0.000007
0.000000 0.000000 -0.140796 -1.456807 -2.648314 -3.665198 -2.861078 -1.753366 -1.578661 -0.239644 -1.682125 -2.594827 -3.085413 -2.192537 -1.539060 -0.706054 -0.646610 -0.000073 -0.000063 -0.001105 -0.000094 -0.000073 0.000000 0.000000 0.000000 0.000000 0.000000 0.000000 0.000000 0.000000 0.000000 0.000000 0.000000 0.000000 0.000000 0.000000 0.000000 0.000000 0.000000 0.000000 0.000000 0.000000 0.000000 -0.000098 -0.000145 -0.000007 -0.000008 -0.000009 -0.000049 -0.000068 -0.160576 -0.919464 -0.000081 -0.000264 -0.000123 0.000000 0.000000 0.000000 -0.000007 -0.000139 0.000000 0.000000
0.000000 0.000000 -0.000070 -1.318442 -2.659195 -2.593086 -2.636547 -1.704596 -0.820404 -0.010501 -0.991821 -1.792387 -3.257936 -3.053579 -2.211866 -1.920810 -0.967426 -0.454808 -0.000108 -0.000062 -0.000103 -0.000076 -0.000074 -0.000071 -0.000041 0.000000 0.000000 0.000000 0.000000 0.000000 0.000000 0.000000 0.000000 0.000000 0.000000 0.000000 0.000000 0.000000 0.000000 0.000000 0.000000 0.000000 0.000000 -0.000028 0.000000 0.000000 -0.000004 -0.000007 -0.000055 -0.000060 -0.058537 -0.880742 -0.000093 -0.000070 -0.000121 -0.000107 0.000000 0.000000 0.000000 -0.000005 0.000000 0.000000
0.000000 0.000000 -0.000081 -0.842332 -2.177878 -2.017275 -1.641586 -0.527213 -0.000198 -0.382042 -1.022716 -2.790829 -3.451926 -3.329337 -2.981564 -2.707519 -2.205190 -1.332103 -0.021242 -0.000138 -0.000104 -0.000086 -0.000103 -0.000093 -0.000069 -0.000094 0.000000 0.000000 0.000000 0.000000 0.000000 0.000000 0.000000 0.000000 0.000000 0.000000 0.000000 0.000000 0.000000 0.000000 0.000000 0.000000 0.000000 0.000000 0.000000 0.000000 0.000000 -0.000121 -0.000058 -0.000064 -0.318037 -0.744102 -1.189188 -0.000081 -0.000232 -0.000144 -0.000093 0.000000 0.000000 0.000000 0.000000 0.000000
0.000000 0.000000 -0.000056 -2.038904 -1.555866 -1.599075 -0.917825 -0.000103 -0.068824 -0.706147 -2.694169 -3.256813 -3.550343 -3.564639 -2.977255 -2.467483 -1.151426 -0.896467 -0.000225 -0.000129 -0.000119 -0.000106 -0.000086 -0.000087 -0.000070 -0.000081 0.000000 0.000000 0.000000 0.000000 0.000000 0.000000 0.000000 0.000000 0.000000 0.000000 0.000000 0.000000 0.000000 0.000000 0.000000 0.000000 0.000000 0.000000 0.000000 0.000000 0.000000 -3.217760 -0.000055 -0.000070 -0.480899 -0.003650 -0.000095 -0.000082 -0.000215 -0.000129 -0.000022 0.000000 0.000000 0.000000 0.000000 0.000000
0.000000 0.000000 -0.000073 -0.000084 -0.000159 -2.272267 -0.000093 -0.004532 -0.885620 -1.486508 -2.374642 -3.260374 -3.693968 -3.117270 -1.775401 -1.256212 -0.813017 -0.734083 -0.208696 -0.000103 -0.000104 -0.000132 -0.000097 -0.000085 -0.000063 -0.000055 -0.000017 0.000000 0.000000 0.000000 0.000000 0.000000 0.000000 0.000000 0.000000 0.000000 0.000000 0.000000 0.000000 0.000000 0.000000 0.000000 0.000000 0.000000 0.000000 0.000000 0.000000 -0.000036 -0.000485 -0.000078 -0.000081 -0.000071 -0.000058 -0.000050 -0.000110 -0.000113 0.000000 0.000000 0.000000 0.000000 0.000000 0.000000
0.000000 0.000000 -0.000074 -0.658710 -0.000057 -0.000100 -0.005612 -0.000003 -0.000078 -0.763439 -1.955099 -2.682214 -3.414061 -3.757383 -2.722063 -2.549823 -1.776738 -1.276316 -0.565037 -0.412691 -0.108380 -0.000111 -0.000131 -0.000107 -0.000067 -0.000056 -0.000019 0.000000 0.000000 0.000000 0.000000 0.000000 0.000000 0.000000 0.000000 0.000000 0.000000 0.000000 0.000000 0.000000 0.000000 0.000000 0.000000 0.000000 0.000000 0.000000 0.000000 -0.000087 -0.000055 -0.000080 -0.000070 -0.000061 -0.000178 -0.609995 0.000000 0.000000 0.000000 0.000000 0.000000 0.000000 0.000000 0.000000
0.000000 -0.000055 -0.000439 -0.486955 -0.000059 -0.000002 -0.000004 0.000000 -0.000042 -0.000084 -2.442426 -1.313409 -2.571265 -3.579966 -3.257757 -3.090068 -2.489751 -1.963597 -1.274204 -1.046278 -0.653069 -0.448015 -0.000106 -0.000156 -0.000076 -0.000062 0.000000 0.000000 0.000000 0.000000 -0.000062 -0.000068 0.000000 0.000000 0.000000 0.000000 0.000000 0.000000 0.000000 0.000000 0.000000 0.000000 0.000000 0.000000 0.000000 0.000000 0.000000 0.000000 -3.290754 -0.000069 -0.000072 -0.000333 -3.199407 0.000000 0.000000 0.000000 0.000000 0.000000 0.000000 0.000000 0.000000 0.000000
0.000000 -0.000089 -0.000072 -0.000281 -0.000069 -0.000056 -0.000001 -0.000029 -0.000048 -0.000068 -0.663380 -2.129231 -1.328161 -2.055354 -3.437912 -3.283806 -2.951918 -2.285741 -1.708640 -1.495044 -0.409683 -0.115684 -0.344857 -0.000093 -0.000089 -0.000074 -0.000067 0.000000 0.000000 0.000000 -0.000060 -0.000068 -0.000065 -0.000006 0.000000 0.000000 0.000000 0.000000 0.000000 0.000000 0.000000 0.000000 0.000000 0.000000 0.000000 0.000000 0.000000 0.000000 -0.000002 -0.000047 -0.000065 -0.000464 -0.000113 -1.526787 0.000000 0.000000 0.000000 0.000000 0.000000 0.000000 0.000000 0.000000
0.000000 -0.000001 -0.000003 -0.000052 -0.000061 0.000000 0.000000 0.000000 -0.000061 -0.709620 -1.685095 -2.068900 -1.671651 -2.378817 -1.496525 -1.946345 -3.082558 -2.658776 -1.432127 -0.939184 -0.000280 -0.000089 -0.000136 -0.000086 -0.000106 -0.000077 -0.000055 -0.297362 0.000000 0.000000 -0.000067 -0.000081 -0.000075 -0.000063 -0.000053 0.000000 0.000000 0.000000 0.000000 0.000000 0.000000 0.000000 0.000000 0.000000 0.000000 0.000000 0.000000 0.000000 0.000000 -0.000005 -0.000056 -0.000197 -0.000113 -0.000093 0.000000 0.000000 0.000000 0.000000 0.000000 0.000000 0.000000 0.000000
0.000000 0.000000 0.000000 -0.000035 0.000000 0.000000 0.000000 0.000000 -0.000049 -0.000073 -1.646407 -0.942182 -1.780338 -0.990310 -0.000147 -0.944225 -2.034486 -2.249242 -0.815594 -0.136276 -0.000119 -0.000049 -0.000051 -0.000092 -0.000075 -0.000081 -0.000055 -0.000066 -0.000059 -0.972920 -0.000058 -0.000075 -0.000067 -0.000060 -0.000066 -0.000075 -0.000018 0.000000 0.000000 0.000000 0.000000 0.000000 0.000000 0.000000 0.000000 0.000000 0.000000 0.000000 0.000000 0.000000 -0.000098 -0.000117 -0.000096 -0.000093 0.000000 0.000000 0.000000 0.000000 0.000000 0.000000 0.000000 0.000000
0.000000 0.000000 0.000000 0.000000 0.000000 0.000000 0.000000 0.000000 -0.000041 -0.000035 -0.000068 -0.000070 -0.000061 -0.000231 -0.000061 -0.000153 -1.105600 -1.260132 -0.732728 -0.000199 -0.000056 -0.000052 -0.000054 -0.000056 -0.000065 -0.000079 -0.000061 -0.000062 -0.000079 -0.000077 -0.000069 -0.000061 -0.000021 -0.000055 -0.000075 -0.000074 -0.000067 -0.000066 0.000000 0.000000 0.000000 0.000000 0.000000 0.000000 0.000000 0.000000 0.000000 0.000000 0.000000 0.000000 -0.000002 0.000000 0.000000 0.000000 0.000000 0.000000 0.000000 0.000000 0.000000 0.000000 0.000000 0.000000
0.000000 0.000000 0.000000 0.000000 0.000000 0.000000 0.000000 0.000000 -2.189381 0.000000 -0.000041 -0.000041 -0.000041 -0.000061 -0.000044 -0.000083 -0.017611 -0.022785 -0.555134 -0.118636 -0.000073 -0.000055 0.000000 -0.224207 -0.000054 -0.000066 -0.000071 -0.000071 -0.000059 -0.000063 -0.000060 0.000000 0.000000 0.000000 0.000000 -0.000020 -0.000057 -0.000065 -0.000076 0.000000 0.000000 0.000000 0.000000 0.000000 0.000000 0.000000 0.000000 0.000000 0.000000 0.000000 0.000000 0.000000 0.000000 0.000000 0.000000 0.000000 0.000000 0.000000 0.000000 0.000000 0.000000 0.000000
0.000000 0.000000 0.000000 0.000000 0.000000 0.000000 0.000000 0.000000 0.000000 0.000000 -0.000005 -0.000004 -0.000029 -0.000040 -0.000039 -0.007315 -0.000054 -0.000054 -0.000066 -0.000343 -0.000057 -0.000060 0.000000 0.000000 -2.531183 -0.000045 -0.000067 -0.000078 -0.000053 0.000000 0.000000 0.000000 0.000000 0.000000 0.000000 0.000000 0.000000 0.000000 -0.000065 -0.000084 0.000000 0.000000 0.000000 0.000000 0.000000 0.000000 0.000000 0.000000 0.000000 0.000000 0.000000 0.000000 0.000000 0.000000 0.000000 0.000000 0.000000 0.000000 0.000000 0.000000 0.000000 0.000000
0.000000 0.000000 0.000000 0.000000 0.000000 0.000000 0.000000 0.000000 0.000000 0.000000 0.000000 0.000000 -0.000043 -0.000052 0.000000 0.000000 -0.004672 -0.000038 -0.000043 -0.000054 -0.000045 0.000000 0.000000 0.000000 0.000000 0.000000 -0.000049 -0.000059 -0.000023 0.000000 0.000000 0.000000 0.000000 0.000000 0.000000 0.000000 0.000000 0.000000 0.000000 0.000000 0.000000 0.000000 0.000000 0.000000 0.000000 0.000000 0.000000 0.000000 0.000000 0.000000 0.000000 0.000000 0.000000 0.000000 0.000000 0.000000 0.000000 0.000000 0.000000 0.000000 0.000000 0.000000
0.000000 0.000000 0.000000 0.000000 0.000000 0.000000 0.000000 0.000000 0.000000 0.000000 0.000000 0.000000 0.000000 -0.000045 0.000000 0.000000 0.000000 0.000000 -0.000044 -0.000058 -1.806387 0.000000 0.000000 0.000000 0.000000 -0.000036 -0.000052 -0.000050 -0.000020 0.000000 0.000000 0.000000 0.000000 0.000000 0.000000 0.000000 0.000000 0.000000 0.000000 0.000000 0.000000 0.000000 0.000000 0.000000 0.000000 0.000000 0.000000 0.000000 0.000000 0.000000 0.000000 0.000000 0.000000 0.000000 0.000000 0.000000 0.000000 0.000000 0.000000 0.000000 0.000000 0.000000
