tests/3D/hillslope01/output_maps-METEIO_OFF/psiliqL0037N0002.asc
ncols         104
nrows         10
xllcorner     -2.000000
yllcorner     0.000000
cellsize      1.000000
NODATA_value  -9999.0
-9999.000 -9999.000 -9999.000 -9999.000 -9999.000 -9999.000 -9999.000 -9999.000 -9999.000 -9999.000 -9999.000 -9999.000 -9999.000 -9999.000 -9999.000 -9999.000 -9999.000 -9999.000 -9999.000 -9999.000 -9999.000 -9999.000 -9999.000 -9999.000 -9999.000 -9999.000 -9999.000 -9999.000 -9999.000 -9999.000 -9999.000 -9999.000 -9999.000 -9999.000 -9999.000 -9999.000 -9999.000 -9999.000 -9999.000 -9999.000 -9999.000 -9999.000 -9999.000 -9999.000 -9999.000 -9999.000 -9999.000 -9999.000 -9999.000 -9999.000 -9999.000 -9999.000 -9999.000 -9999.000 -9999.000 -9999.000 -9999.000 -9999.000 -9999.000 -9999.000 -9999.000 -9999.000 -9999.000 -9999.000 -9999.000 -9999.000 -9999.000 -9999.000 -9999.000 -9999.000 -9999.000 -9999.000 -9999.000 -9999.000 -9999.000 -9999.000 -9999.000 -9999.000 -9999.000 -9999.000 -9999.000 -9999.000 -9999.000 -9999.000 -9999.000 -9999.000 -9999.000 -9999.000 -9999.000 -9999.000 -9999.000 -9999.000 -9999.000 -9999.000 -9999.000 -9999.000 -9999.000 -9999.000 -9999.000 -9999.000 -9999.000 -9999.000 -9999.000 -9999.000
-9999.000 -9999.000 -9999.000 -9999.000 -9999.000 -9999.000 -9999.000 -9999.000 -9999.000 -9999.000 -9999.000 -9999.000 -9999.000 -9999.000 -9999.000 -9999.000 -9999.000 -9999.000 -9999.000 -9999.000 -9999.000 -9999.000 -9999.000 -9999.000 -9999.000 -9999.000 -9999.000 -9999.000 -9999.000 -9999.000 -9999.000 -9999.000 -9999.000 -9999.000 -9999.000 -9999.000 -9999.000 -9999.000 -9999.000 -9999.000 -9999.000 -9999.000 -9999.000 -9999.000 -9999.000 -9999.000 -9999.000 -9999.000 -9999.000 -9999.000 -9999.000 -9999.000 -9999.000 -9999.000 -9999.000 -9999.000 -9999.000 -9999.000 -9999.000 -9999.000 -9999.000 -9999.000 -9999.000 -9999.000 -9999.000 -9999.000 -9999.000 -9999.000 -9999.000 -9999.000 -9999.000 -9999.000 -9999.000 -9999.000 -9999.000 -9999.000 -9999.000 -9999.000 -9999.000 -9999.000 -9999.000 -9999.000 -9999.000 -9999.000 -9999.000 -9999.000 -9999.000 -9999.000 -9999.000 -9999.000 -9999.000 -9999.000 -9999.000 -9999.000 -9999.000 -9999.000 -9999.000 -9999.000 -9999.000 -9999.000 -9999.000 -9999.000 -9999.000 -9999.000
-9999.000 -9999.000 3926.185 3839.046 3762.101 3691.669 3624.410 3558.052 3491.378 3423.872 3355.377 3285.908 3215.538 3144.347 3072.414 2999.806 2926.567 2852.732 2778.334 2703.411 2627.988 2552.080 2475.702 2398.879 2321.633 2243.970 2165.889 2087.397 2008.519 1929.274 1849.667 1769.685 1689.320 1608.598 1527.550 1446.195 1364.526 1282.507 1200.125 1117.419 1034.432 951.193 867.704 783.921 699.771 615.276 530.500 445.496 360.298 274.914 189.310 103.325 16.926 -69.272 -152.134 -223.732 -276.924 -311.406 -331.726 -343.019 -349.085 -352.279 -353.941 -354.798 -355.237 -355.460 -355.573 -355.628 -355.654 -355.665 -355.669 -355.668 -355.666 -355.663 -355.659 -355.656 -355.652 -355.648 -355.643 -355.639 -355.635 -355.631 -355.627 -355.623 -355.619 -355.615 -355.611 -355.606 -355.602 -355.598 -355.594 -355.590 -355.586 -355.582 -355.578 -355.575 -355.581 -355.639 -355.972 -357.598 -364.372 -389.287 -9999.000 -9999.000
-9999.000 -9999.000 3926.186 3839.046 3762.101 3691.669 3624.410 3558.052 3491.378 3423.872 3355.377 3285.908 3215.538 3144.347 3072.414 2999.806 2926.567 2852.732 2778.334 2703.411 2627.988 2552.080 2475.702 2398.879 2321.633 2243.970 2165.889 2087.397 2008.519 1929.274 1849.667 1769.685 1689.320 1608.598 1527.550 1446.195 1364.526 1282.507 1200.125 1117.419 1034.432 951.193 867.704 783.921 699.771 615.276 530.500 445.496 360.298 274.914 189.310 103.325 16.926 -69.272 -152.134 -223.732 -276.924 -311.406 -331.726 -343.019 -349.085 -352.279 -353.941 -354.798 -355.237 -355.460 -355.573 -355.628 -355.654 -355.665 -355.669 -355.668 -355.666 -355.663 -355.659 -355.656 -355.652 -355.648 -355.643 -355.639 -355.635 -355.631 -355.627 -355.623 -355.619 -355.615 -355.611 -355.606 -355.602 -355.598 -355.594 -355.590 -355.586 -355.582 -355.578 -355.575 -355.581 -355.639 -355.972 -357.598 -364.372 -389.287 -9999.000 -9999.000
-9999.000 -9999.000 3926.186 3839.047 3762.101 3691.669 3624.410 3558.052 3491.378 3423.872 3355.377 3285.908 3215.538 3144.347 3072.414 2999.806 2926.567 2852.732 2778.334 2703.411 2627.988 2552.080 2475.702 2398.879 2321.633 2243.970 2165.889 2087.397 2008.519 1929.274 1849.667 1769.685 1689.320 1608.598 1527.550 1446.195 1364.526 1282.507 1200.125 1117.419 1034.432 951.193 867.704 783.921 699.771 615.276 530.500 445.496 360.298 274.914 189.310 103.325 16.926 -69.272 -152.134 -223.732 -276.924 -311.406 -331.726 -343.019 -349.085 -352.279 -353.941 -354.798 -355.237 -355.460 -355.573 -355.628 -355.654 -355.665 -355.669 -355.668 -355.666 -355.663 -355.659 -355.656 -355.652 -355.648 -355.643 -355.639 -355.635 -355.631 -355.627 -355.623 -355.619 -355.615 -355.611 -355.606 -355.602 -355.598 -355.594 -355.590 -355.586 -355.582 -355.578 -355.575 -355.581 -355.639 -355.972 -357.598 -364.372 -389.287 -9999.000 -9999.000
-9999.000 -9999.000 3926.186 3839.047 3762.101 3691.669 3624.410 3558.052 3491.378 3423.872 3355.377 3285.908 3215.538 3144.347 3072.414 2999.806 2926.567 2852.732 2778.334 2703.411 2627.988 2552.080 2475.702 2398.879 2321.633 2243.970 2165.889 2087.397 2008.519 1929.274 1849.667 1769.685 1689.320 1608.598 1527.550 1446.195 1364.526 1282.507 1200.125 1117.419 1034.432 951.193 867.704 783.921 699.771 615.276 530.500 445.496 360.298 274.914 189.310 103.325 16.926 -69.272 -152.134 -223.732 -276.924 -311.406 -331.726 -343.019 -349.085 -352.279 -353.941 -354.798 -355.237 -355.460 -355.573 -355.628 -355.654 -355.665 -355.669 -355.668 -355.666 -355.663 -355.659 -355.656 -355.652 -355.648 -355.643 -355.639 -355.635 -355.631 -355.627 -355.623 -355.619 -355.615 -355.611 -355.606 -355.602 -355.598 -355.594 -355.590 -355.586 -355.582 -355.578 -355.575 -355.581 -355.639 -355.972 -357.598 -364.372 -389.287 -9999.000 -9999.000
-9999.000 -9999.000 3926.186 3839.046 3762.101 3691.669 3624.410 3558.052 3491.378 3423.872 3355.377 3285.908 3215.538 3144.347 3072.414 2999.806 2926.567 2852.732 2778.334 2703.411 2627.988 2552.080 2475.702 2398.879 2321.633 2243.970 2165.889 2087.397 2008.519 1929.274 1849.667 1769.685 1689.320 1608.598 1527.550 1446.195 1364.526 1282.507 1200.125 1117.419 1034.432 951.193 867.704 783.921 699.771 615.276 530.500 445.496 360.298 274.914 189.310 103.325 16.926 -69.272 -152.134 -223.732 -276.924 -311.406 -331.726 -343.019 -349.085 -352.279 -353.941 -354.798 -355.237 -355.460 -355.573 -355.628 -355.654 -355.665 -355.669 -355.668 -355.666 -355.663 -355.659 -355.656 -355.652 -355.648 -355.643 -355.639 -355.635 -355.631 -355.627 -355.623 -355.619 -355.615 -355.611 -355.606 -355.602 -355.598 -355.594 -355.590 -355.586 -355.582 -355.578 -355.575 -355.581 -355.639 -355.972 -357.598 -364.372 -389.287 -9999.000 -9999.000
-9999.000 -9999.000 3926.185 3839.046 3762.101 3691.669 3624.410 3558.052 3491.378 3423.872 3355.377 3285.908 3215.538 3144.347 3072.414 2999.806 2926.567 2852.732 2778.334 2703.411 2627.988 2552.080 2475.702 2398.879 2321.633 2243.970 2165.889 2087.397 2008.519 1929.274 1849.667 1769.685 1689.320 1608.598 1527.550 1446.195 1364.526 1282.507 1200.125 1117.419 1034.432 951.193 867.704 783.921 699.771 615.276 530.500 445.496 360.298 274.914 189.310 103.325 16.926 -69.272 -152.134 -223.732 -276.924 -311.406 -331.726 -343.019 -349.085 -352.279 -353.941 -354.798 -355.237 -355.460 -355.573 -355.628 -355.654 -355.665 -355.669 -355.668 -355.666 -355.663 -355.659 -355.656 -355.652 -355.648 -355.643 -355.639 -355.635 -355.631 -355.627 -355.623 -355.619 -355.615 -355.611 -355.606 -355.602 -355.598 -355.594 -355.590 -355.586 -355.582 -355.578 -355.575 -355.581 -355.639 -355.972 -357.598 -364.372 -389.287 -9999.000 -9999.000
-9999.000 -9999.000 -9999.000 -9999.000 -9999.000 -9999.000 -9999.000 -9999.000 -9999.000 -9999.000 -9999.000 -9999.000 -9999.000 -9999.000 -9999.000 -9999.000 -9999.000 -9999.000 -9999.000 -9999.000 -9999.000 -9999.000 -9999.000 -9999.000 -9999.000 -9999.000 -9999.000 -9999.000 -9999.000 -9999.000 -9999.000 -9999.000 -9999.000 -9999.000 -9999.000 -9999.000 -9999.000 -9999.000 -9999.000 -9999.000 -9999.000 -9999.000 -9999.000 -9999.000 -9999.000 -9999.000 -9999.000 -9999.000 -9999.000 -9999.000 -9999.000 -9999.000 -9999.000 -9999.000 -9999.000 -9999.000 -9999.000 -9999.000 -9999.000 -9999.000 -9999.000 -9999.000 -9999.000 -9999.000 -9999.000 -9999.000 -9999.000 -9999.000 -9999.000 -9999.000 -9999.000 -9999.000 -9999.000 -9999.000 -9999.000 -9999.000 -9999.000 -9999.000 -9999.000 -9999.000 -9999.000 -9999.000 -9999.000 -9999.000 -9999.000 -9999.000 -9999.000 -9999.000 -9999.000 -9999.000 -9999.000 -9999.000 -9999.000 -9999.000 -9999.000 -9999.000 -9999.000 -9999.000 -9999.000 -9999.000 -9999.000 -9999.000 -9999.000 -9999.000
-9999.000 -9999.000 -9999.000 -9999.000 -9999.000 -9999.000 -9999.000 -9999.000 -9999.000 -9999.000 -9999.000 -9999.000 -9999.000 -9999.000 -9999.000 -9999.000 -9999.000 -9999.000 -9999.000 -9999.000 -9999.000 -9999.000 -9999.000 -9999.000 -9999.000 -9999.000 -9999.000 -9999.000 -9999.000 -9999.000 -9999.000 -9999.000 -9999.000 -9999.000 -9999.000 -9999.000 -9999.000 -9999.000 -9999.000 -9999.000 -9999.000 -9999.000 -9999.000 -9999.000 -9999.000 -9999.000 -9999.000 -9999.000 -9999.000 -9999.000 -9999.000 -9999.000 -9999.000 -9999.000 -9999.000 -9999.000 -9999.000 -9999.000 -9999.000 -9999.000 -9999.000 -9999.000 -9999.000 -9999.000 -9999.000 -9999.000 -9999.000 -9999.000 -9999.000 -9999.000 -9999.000 -9999.000 -9999.000 -9999.000 -9999.000 -9999.000 -9999.000 -9999.000 -9999.000 -9999.000 -9999.000 -9999.000 -9999.000 -9999.000 -9999.000 -9999.000 -9999.000 -9999.000 -9999.000 -9999.000 -9999.000 -9999.000 -9999.000 -9999.000 -9999.000 -9999.000 -9999.000 -9999.000 -9999.000 -9999.000 -9999.000 -9999.000 -9999.000 -9999.000