tests/3D/hillslope01/output_maps-METEIO_OFF/psiliqL0019N0002.asc
ncols         104
nrows         10
xllcorner     -2.000000
yllcorner     0.000000
cellsize      1.000000
NODATA_value  -9999.0
-9999.000 -9999.000 -9999.000 -9999.000 -9999.000 -9999.000 -9999.000 -9999.000 -9999.000 -9999.000 -9999.000 -9999.000 -9999.000 -9999.000 -9999.000 -9999.000 -9999.000 -9999.000 -9999.000 -9999.000 -9999.000 -9999.000 -9999.000 -9999.000 -9999.000 -9999.000 -9999.000 -9999.000 -9999.000 -9999.000 -9999.000 -9999.000 -9999.000 -9999.000 -9999.000 -9999.000 -9999.000 -9999.000 -9999.000 -9999.000 -9999.000 -9999.000 -9999.000 -9999.000 -9999.000 -9999.000 -9999.000 -9999.000 -9999.000 -9999.000 -9999.000 -9999.000 -9999.000 -9999.000 -9999.000 -9999.000 -9999.000 -9999.000 -9999.000 -9999.000 -9999.000 -9999.000 -9999.000 -9999.000 -9999.000 -9999.000 -9999.000 -9999.000 -9999.000 -9999.000 -9999.000 -9999.000 -9999.000 -9999.000 -9999.000 -9999.000 -9999.000 -9999.000 -9999.000 -9999.000 -9999.000 -9999.000 -9999.000 -9999.000 -9999.000 -9999.000 -9999.000 -9999.000 -9999.000 -9999.000 -9999.000 -9999.000 -9999.000 -9999.000 -9999.000 -9999.000 -9999.000 -9999.000 -9999.000 -9999.000 -9999.000 -9999.000 -9999.000 -9999.000
-9999.000 -9999.000 -9999.000 -9999.000 -9999.000 -9999.000 -9999.000 -9999.000 -9999.000 -9999.000 -9999.000 -9999.000 -9999.000 -9999.000 -9999.000 -9999.000 -9999.000 -9999.000 -9999.000 -9999.000 -9999.000 -9999.000 -9999.000 -9999.000 -9999.000 -9999.000 -9999.000 -9999.000 -9999.000 -9999.000 -9999.000 -9999.000 -9999.000 -9999.000 -9999.000 -9999.000 -9999.000 -9999.000 -9999.000 -9999.000 -9999.000 -9999.000 -9999.000 -9999.000 -9999.000 -9999.000 -9999.000 -9999.000 -9999.000 -9999.000 -9999.000 -9999.000 -9999.000 -9999.000 -9999.000 -9999.000 -9999.000 -9999.000 -9999.000 -9999.000 -9999.000 -9999.000 -9999.000 -9999.000 -9999.000 -9999.000 -9999.000 -9999.000 -9999.000 -9999.000 -9999.000 -9999.000 -9999.000 -9999.000 -9999.000 -9999.000 -9999.000 -9999.000 -9999.000 -9999.000 -9999.000 -9999.000 -9999.000 -9999.000 -9999.000 -9999.000 -9999.000 -9999.000 -9999.000 -9999.000 -9999.000 -9999.000 -9999.000 -9999.000 -9999.000 -9999.000 -9999.000 -9999.000 -9999.000 -9999.000 -9999.000 -9999.000 -9999.000 -9999.000
-9999.000 -9999.000 2042.009 1970.217 1914.868 1865.606 1814.817 1759.750 1700.484 1637.836 1572.518 1505.173 1436.255 1366.033 1294.742 1222.612 1149.707 1076.038 1001.687 926.784 851.377 775.440 698.940 622.006 544.697 467.013 388.853 310.189 231.163 151.842 72.244 -7.698 -87.107 -162.327 -226.851 -275.599 -308.453 -328.826 -340.788 -347.570 -351.331 -353.388 -354.501 -355.099 -355.418 -355.586 -355.674 -355.718 -355.740 -355.749 -355.752 -355.752 -355.750 -355.747 -355.743 -355.739 -355.735 -355.731 -355.727 -355.723 -355.719 -355.715 -355.711 -355.707 -355.702 -355.698 -355.694 -355.690 -355.686 -355.682 -355.678 -355.674 -355.669 -355.665 -355.661 -355.657 -355.653 -355.649 -355.645 -355.641 -355.636 -355.632 -355.628 -355.624 -355.620 -355.616 -355.612 -355.608 -355.604 -355.599 -355.595 -355.591 -355.587 -355.583 -355.579 -355.575 -355.571 -355.574 -355.625 -356.035 -358.740 -374.114 -9999.000 -9999.000
-9999.000 -9999.000 2042.016 1970.220 1914.869 1865.606 1814.817 1759.750 1700.484 1637.836 1572.518 1505.173 1436.255 1366.033 1294.742 1222.612 1149.707 1076.038 1001.687 926.784 851.377 775.440 698.940 622.006 544.697 467.013 388.853 310.189 231.163 151.842 72.244 -7.698 -87.107 -162.327 -226.851 -275.599 -308.453 -328.826 -340.788 -347.570 -351.331 -353.388 -354.501 -355.099 -355.418 -355.586 -355.674 -355.718 -355.740 -355.749 -355.752 -355.752 -355.750 -355.747 -355.743 -355.739 -355.735 -355.731 -355.727 -355.723 -355.719 -355.715 -355.711 -355.707 -355.702 -355.698 -355.694 -355.690 -355.686 -355.682 -355.678 -355.674 -355.669 -355.665 -355.661 -355.657 -355.653 -355.649 -355.645 -355.641 -355.636 -355.632 -355.628 -355.624 -355.620 -355.616 -355.612 -355.608 -355.604 -355.599 -355.595 -355.591 -355.587 -355.583 -355.579 -355.575 -355.571 -355.574 -355.625 -356.035 -358.740 -374.114 -9999.000 -9999.000
-9999.000 -9999.000 2042.021 1970.222 1914.870 1865.607 1814.817 1759.750 1700.484 1637.836 1572.518 1505.173 1436.255 1366.033 1294.742 1222.612 1149.707 1076.038 1001.687 926.784 851.377 775.440 698.940 622.006 544.697 467.013 388.853 310.189 231.163 151.842 72.244 -7.698 -87.107 -162.327 -226.851 -275.599 -308.453 -328.826 -340.788 -347.570 -351.331 -353.388 -354.501 -355.099 -355.418 -355.586 -355.674 -355.718 -355.740 -355.749 -355.752 -355.752 -355.750 -355.747 -355.743 -355.739 -355.735 -355.731 -355.727 -355.723 -355.719 -355.715 -355.711 -355.707 -355.702 -355.698 -355.694 -355.690 -355.686 -355.682 -355.678 -355.674 -355.669 -355.665 -355.661 -355.657 -355.653 -355.649 -355.645 -355.641 -355.636 -355.632 -355.628 -355.624 -355.620 -355.616 -355.612 -355.608 -355.604 -355.599 -355.595 -355.591 -355.587 -355.583 -355.579 -355.575 -355.571 -355.574 -355.625 -356.035 -358.740 -374.114 -9999.000 -9999.000
-9999.000 -9999.000 2042.021 1970.222 1914.870 1865.607 1814.817 1759.750 1700.484 1637.836 1572.518 1505.173 1436.255 1366.033 1294.742 1222.612 1149.707 1076.038 1001.687 926.784 851.377 775.440 698.940 622.006 544.697 467.013 388.853 310.189 231.163 151.842 72.244 -7.698 -87.107 -162.327 -226.851 -275.599 -308.453 -328.826 -340.788 -347.570 -351.331 -353.388 -354.501 -355.099 -355.418 -355.586 -355.674 -355.718 -355.740 -355.749 -355.752 -355.752 -355.750 -355.747 -355.743 -355.739 -355.735 -355.731 -355.727 -355.723 -355.719 -355.715 -355.711 -355.707 -355.702 -355.698 -355.694 -355.690 -355.686 -355.682 -355.678 -355.674 -355.669 -355.665 -355.661 -355.657 -355.653 -355.649 -355.645 -355.641 -355.636 -355.632 -355.628 -355.624 -355.620 -355.616 -355.612 -355.608 -355.604 -355.599 -355.595 -355.591 -355.587 -355.583 -355.579 -355.575 -355.571 -355.574 -355.625 -356.035 -358.740 -374.114 -9999.000 -9999.000
-9999.000 -9999.000 2042.016 1970.220 1914.869 1865.606 1814.817 1759.750 1700.484 1637.836 1572.518 1505.173 1436.255 1366.033 1294.742 1222.612 1149.707 1076.038 1001.687 926.784 851.377 775.440 698.940 622.006 544.697 467.013 388.853 310.189 231.163 151.842 72.244 -7.698 -87.107 -162.327 -226.851 -275.599 -308.453 -328.826 -340.788 -347.570 -351.331 -353.388 -354.501 -355.099 -355.418 -355.586 -355.674 -355.718 -355.740 -355.749 -355.752 -355.752 -355.750 -355.747 -355.743 -355.739 -355.735 -355.731 -355.727 -355.723 -355.719 -355.715 -355.711 -355.707 -355.702 -355.698 -355.694 -355.690 -355.686 -355.682 -355.678 -355.674 -355.669 -355.665 -355.661 -355.657 -355.653 -355.649 -355.645 -355.641 -355.636 -355.632 -355.628 -355.624 -355.620 -355.616 -355.612 -355.608 -355.604 -355.599 -355.595 -355.591 -355.587 -355.583 -355.579 -355.575 -355.571 -355.574 -355.625 -356.035 -358.740 -374.114 -9999.000 -9999.000
-9999.000 -9999.000 2042.009 1970.217 1914.868 1865.606 1814.817 1759.750 1700.484 1637.836 1572.518 1505.173 1436.255 1366.033 1294.742 1222.612 1149.707 1076.038 1001.687 926.784 851.377 775.440 698.940 622.006 544.697 467.013 388.853 310.189 231.163 151.842 72.244 -7.698 -87.107 -162.327 -226.851 -275.599 -308.453 -328.826 -340.788 -347.570 -351.331 -353.388 -354.501 -355.099 -355.418 -355.586 -355.674 -355.718 -355.740 -355.749 -355.752 -355.752 -355.750 -355.747 -355.743 -355.739 -355.735 -355.731 -355.727 -355.723 -355.719 -355.715 -355.711 -355.707 -355.702 -355.698 -355.694 -355.690 -355.686 -355.682 -355.678 -355.674 -355.669 -355.665 -355.661 -355.657 -355.653 -355.649 -355.645 -355.641 -355.636 -355.632 -355.628 -355.624 -355.620 -355.616 -355.612 -355.608 -355.604 -355.599 -355.595 -355.591 -355.587 -355.583 -355.579 -355.575 -355.571 -355.574 -355.625 -356.035 -358.740 -374.114 -9999.000 -9999.000
-9999.000 -9999.000 -9999.000 -9999.000 -9999.000 -9999.000 -9999.000 -9999.000 -9999.000 -9999.000 -9999.000 -9999.000 -9999.000 -9999.000 -9999.000 -9999.000 -9999.000 -9999.000 -9999.000 -9999.000 -9999.000 -9999.000 -9999.000 -9999.000 -9999.000 -9999.000 -9999.000 -9999.000 -9999.000 -9999.000 -9999.000 -9999.000 -9999.000 -9999.000 -9999.000 -9999.000 -9999.000 -9999.000 -9999.000 -9999.000 -9999.000 -9999.000 -9999.000 -9999.000 -9999.000 -9999.000 -9999.000 -9999.000 -9999.000 -9999.000 -9999.000 -9999.000 -9999.000 -9999.000 -9999.000 -9999.000 -9999.000 -9999.000 -9999.000 -9999.000 -9999.000 -9999.000 -9999.000 -9999.000 -9999.000 -9999.000 -9999.000 -9999.000 -9999.000 -9999.000 -9999.000 -9999.000 -9999.000 -9999.000 -9999.000 -9999.000 -9999.000 -9999.000 -9999.000 -9999.000 -9999.000 -9999.000 -9999.000 -9999.000 -9999.000 -9999.000 -9999.000 -9999.000 -9999.000 -9999.000 -9999.000 -9999.000 -9999.000 -9999.000 -9999.000 -9999.000 -9999.000 -9999.000 -9999.000 -9999.000 -9999.000 -9999.000 -9999.000 -9999.000
-9999.000 -9999.000 -9999.000 -9999.000 -9999.000 -9999.000 -9999.000 -9999.000 -9999.000 -9999.000 -9999.000 -9999.000 -9999.000 -9999.000 -9999.000 -9999.000 -9999.000 -9999.000 -9999.000 -9999.000 -9999.000 -9999.000 -9999.000 -9999.000 -9999.000 -9999.000 -9999.000 -9999.000 -9999.000 -9999.000 -9999.000 -9999.000 -9999.000 -9999.000 -9999.000 -9999.000 -9999.000 -9999.000 -9999.000 -9999.000 -9999.000 -9999.000 -9999.000 -9999.000 -9999.000 -9999.000 -9999.000 -9999.000 -9999.000 -9999.000 -9999.000 -9999.000 -9999.000 -9999.000 -9999.000 -9999.000 -9999.000 -9999.000 -9999.000 -9999.000 -9999.000 -9999.000 -9999.000 -9999.000 -9999.000 -9999.000 -9999.000 -9999.000 -9999.000 -9999.000 -9999.000 -9999.000 -9999.000 -9999.000 -9999.000 -9999.000 -9999.000 -9999.000 -9999.000 -9999.000 -9999.000 -9999.000 -9999.000 -9999.000 -9999.000 -9999.000 -9999.000 -9999.000 -9999.000 -9999.000 -9999.000 -9999.000 -9999.000 -9999.000 -9999.000 -9999.000 -9999.000 -9999.000 -9999.000 -9999.000 -9999.000 -9999.000 -9999.000 -9999.000