tests/3D/hillslope01/output_maps-METEIO_OFF/psiliqL0088N0001.asc
ncols         104
nrows         10
xllcorner     -2.000000
yllcorner     0.000000
cellsize      1.000000
NODATA_value  -9999.0
-9999.000 -9999.000 -9999.000 -9999.000 -9999.000 -9999.000 -9999.000 -9999.000 -9999.000 -9999.000 -9999.000 -9999.000 -9999.000 -9999.000 -9999.000 -9999.000 -9999.000 -9999.000 -9999.000 -9999.000 -9999.000 -9999.000 -9999.000 -9999.000 -9999.000 -9999.000 -9999.000 -9999.000 -9999.000 -9999.000 -9999.000 -9999.000 -9999.000 -9999.000 -9999.000 -9999.000 -9999.000 -9999.000 -9999.000 -9999.000 -9999.000 -9999.000 -9999.000 -9999.000 -9999.000 -9999.000 -9999.000 -9999.000 -9999.000 -9999.000 -9999.000 -9999.000 -9999.000 -9999.000 -9999.000 -9999.000 -9999.000 -9999.000 -9999.000 -9999.000 -9999.000 -9999.000 -9999.000 -9999.000 -9999.000 -9999.000 -9999.000 -9999.000 -9999.000 -9999.000 -9999.000 -9999.000 -9999.000 -9999.000 -9999.000 -9999.000 -9999.000 -9999.000 -9999.000 -9999.000 -9999.000 -9999.000 -9999.000 -9999.000 -9999.000 -9999.000 -9999.000 -9999.000 -9999.000 -9999.000 -9999.000 -9999.000 -9999.000 -9999.000 -9999.000 -9999.000 -9999.000 -9999.000 -9999.000 -9999.000 -9999.000 -9999.000 -9999.000 -9999.000
-9999.000 -9999.000 -9999.000 -9999.000 -9999.000 -9999.000 -9999.000 -9999.000 -9999.000 -9999.000 -9999.000 -9999.000 -9999.000 -9999.000 -9999.000 -9999.000 -9999.000 -9999.000 -9999.000 -9999.000 -9999.000 -9999.000 -9999.000 -9999.000 -9999.000 -9999.000 -9999.000 -9999.000 -9999.000 -9999.000 -9999.000 -9999.000 -9999.000 -9999.000 -9999.000 -9999.000 -9999.000 -9999.000 -9999.000 -9999.000 -9999.000 -9999.000 -9999.000 -9999.000 -9999.000 -9999.000 -9999.000 -9999.000 -9999.000 -9999.000 -9999.000 -9999.000 -9999.000 -9999.000 -9999.000 -9999.000 -9999.000 -9999.000 -9999.000 -9999.000 -9999.000 -9999.000 -9999.000 -9999.000 -9999.000 -9999.000 -9999.000 -9999.000 -9999.000 -9999.000 -9999.000 -9999.000 -9999.000 -9999.000 -9999.000 -9999.000 -9999.000 -9999.000 -9999.000 -9999.000 -9999.000 -9999.000 -9999.000 -9999.000 -9999.000 -9999.000 -9999.000 -9999.000 -9999.000 -9999.000 -9999.000 -9999.000 -9999.000 -9999.000 -9999.000 -9999.000 -9999.000 -9999.000 -9999.000 -9999.000 -9999.000 -9999.000 -9999.000 -9999.000
-9999.000 -9999.000 7353.733 7254.174 7155.060 7056.398 6958.197 6860.469 6763.224 6666.474 6570.233 6474.514 6379.332 6284.702 6190.642 6097.172 6004.315 5912.096 5820.544 5729.694 5639.586 5550.269 5461.804 5374.268 5287.763 5202.409 5118.351 5035.744 4954.749 4875.513 4798.165 4722.800 4649.477 4578.217 4509.005 4441.800 4376.539 4313.145 4251.533 4191.613 4133.295 4076.487 4021.100 3967.043 3914.228 3862.568 3811.976 3762.366 3713.654 3665.758 3618.597 3572.093 3526.173 3480.763 3435.792 3391.187 3346.880 3302.803 3258.890 3215.082 3171.318 3127.544 3083.698 3039.721 2995.551 2951.130 2906.404 2861.316 2815.823 2769.864 2723.400 2676.365 2628.715 2580.386 2531.333 2481.493 2430.821 2379.254 2326.750 2273.240 2218.695 2163.036 2106.234 2048.206 1988.890 1928.229 1866.127 1802.568 1737.446 1670.649 1602.175 1531.892 1459.652 1385.389 1309.040 1230.413 1149.310 1065.572 979.053 889.607 796.954 700.750 -9999.000 -9999.000
-9999.000 -9999.000 7353.733 7254.174 7155.060 7056.398 6958.197 6860.469 6763.224 6666.474 6570.233 6474.514 6379.332 6284.702 6190.642 6097.172 6004.315 5912.096 5820.544 5729.694 5639.586 5550.269 5461.804 5374.268 5287.763 5202.409 5118.351 5035.744 4954.749 4875.513 4798.165 4722.800 4649.477 4578.217 4509.005 4441.800 4376.539 4313.145 4251.533 4191.613 4133.295 4076.487 4021.100 3967.043 3914.228 3862.568 3811.976 3762.366 3713.654 3665.758 3618.597 3572.093 3526.173 3480.763 3435.792 3391.187 3346.880 3302.803 3258.890 3215.082 3171.318 3127.544 3083.698 3039.721 2995.551 2951.130 2906.404 2861.316 2815.823 2769.864 2723.400 2676.365 2628.715 2580.386 2531.333 2481.493 2430.821 2379.254 2326.750 2273.240 2218.695 2163.036 2106.234 2048.206 1988.890 1928.229 1866.127 1802.568 1737.446 1670.649 1602.175 1531.892 1459.652 1385.389 1309.040 1230.413 1149.310 1065.572 979.053 889.607 796.954 700.750 -9999.000 -9999.000
-9999.000 -9999.000 7353.733 7254.174 7155.060 7056.398 6958.197 6860.469 6763.224 6666.474 6570.233 6474.514 6379.332 6284.702 6190.642 6097.172 6004.315 5912.096 5820.544 5729.694 5639.586 5550.269 5461.804 5374.268 5287.763 5202.409 5118.351 5035.744 4954.749 4875.513 4798.165 4722.800 4649.477 4578.217 4509.005 4441.800 4376.539 4313.145 4251.533 4191.613 4133.295 4076.487 4021.100 3967.043 3914.228 3862.568 3811.976 3762.366 3713.654 3665.758 3618.597 3572.093 3526.173 3480.763 3435.792 3391.187 3346.880 3302.803 3258.890 3215.082 3171.318 3127.544 3083.698 3039.721 2995.551 2951.130 2906.404 2861.316 2815.823 2769.864 2723.400 2676.365 2628.715 2580.386 2531.333 2481.493 2430.821 2379.254 2326.750 2273.240 2218.695 2163.036 2106.234 2048.206 1988.890 1928.229 1866.127 1802.568 1737.446 1670.649 1602.175 1531.892 1459.652 1385.389 1309.040 1230.413 1149.310 1065.572 979.053 889.607 796.954 700.750 -9999.000 -9999.000
-9999.000 -9999.000 7353.733 7254.174 7155.060 7056.398 6958.197 6860.469 6763.224 6666.474 6570.233 6474.514 6379.332 6284.702 6190.642 6097.172 6004.315 5912.096 5820.544 5729.694 5639.586 5550.269 5461.804 5374.268 5287.763 5202.409 5118.351 5035.744 4954.749 4875.513 4798.165 4722.800 4649.477 4578.217 4509.005 4441.800 4376.539 4313.145 4251.533 4191.613 4133.295 4076.487 4021.100 3967.043 3914.228 3862.568 3811.976 3762.366 3713.654 3665.758 3618.597 3572.093 3526.173 3480.763 3435.792 3391.187 3346.880 3302.803 3258.890 3215.082 3171.318 3127.544 3083.698 3039.721 2995.551 2951.130 2906.404 2861.316 2815.823 2769.864 2723.400 2676.365 2628.715 2580.386 2531.333 2481.493 2430.821 2379.254 2326.750 2273.240 2218.695 2163.036 2106.234 2048.206 1988.890 1928.229 1866.127 1802.568 1737.446 1670.649 1602.175 1531.892 1459.652 1385.389 1309.040 1230.413 1149.310 1065.572 979.053 889.607 796.954 700.750 -9999.000 -9999.000
-9999.000 -9999.000 7353.733 7254.174 7155.060 7056.398 6958.197 6860.469 6763.224 6666.474 6570.233 6474.514 6379.332 6284.702 6190.642 6097.172 6004.315 5912.096 5820.544 5729.694 5639.586 5550.269 5461.804 5374.268 5287.763 5202.409 5118.351 5035.744 4954.749 4875.513 4798.165 4722.800 4649.477 4578.217 4509.005 4441.800 4376.539 4313.145 4251.533 4191.613 4133.295 4076.487 4021.100 3967.043 3914.228 3862.568 3811.976 3762.366 3713.654 3665.758 3618.597 3572.093 3526.173 3480.763 3435.792 3391.187 3346.880 3302.803 3258.890 3215.082 3171.318 3127.544 3083.698 3039.721 2995.551 2951.130 2906.404 2861.316 2815.823 2769.864 2723.400 2676.365 2628.715 2580.386 2531.333 2481.493 2430.821 2379.254 2326.750 2273.240 2218.695 2163.036 2106.234 2048.206 1988.890 1928.229 1866.127 1802.568 1737.446 1670.649 1602.175 1531.892 1459.652 1385.389 1309.040 1230.413 1149.310 1065.572 979.053 889.607 796.954 700.750 -9999.000 -9999.000
-9999.000 -9999.000 7353.733 7254.174 7155.060 7056.398 6958.197 6860.469 6763.224 6666.474 6570.233 6474.514 6379.332 6284.702 6190.642 6097.172 6004.315 5912.096 5820.544 5729.694 5639.586 5550.269 5461.804 5374.268 5287.763 5202.409 5118.351 5035.744 4954.749 4875.513 4798.165 4722.800 4649.477 4578.217 4509.005 4441.800 4376.539 4313.145 4251.533 4191.613 4133.295 4076.487 4021.100 3967.043 3914.228 3862.568 3811.976 3762.366 3713.654 3665.758 3618.597 3572.093 3526.173 3480.763 3435.792 3391.187 3346.880 3302.803 3258.890 3215.082 3171.318 3127.544 3083.698 3039.721 2995.551 2951.130 2906.404 2861.316 2815.823 2769.864 2723.400 2676.365 2628.715 2580.386 2531.333 2481.493 2430.821 2379.254 2326.750 2273.240 2218.695 2163.036 2106.234 2048.206 1988.890 1928.229 1866.127 1802.568 1737.446 1670.649 1602.175 1531.892 1459.652 1385.389 1309.040 1230.413 1149.310 1065.572 979.053 889.607 796.954 700.750 -9999.000 -9999.000
-9999.000 -9999.000 -9999.000 -9999.000 -9999.000 -9999.000 -9999.000 -9999.000 -9999.000 -9999.000 -9999.000 -9999.000 -9999.000 -9999.000 -9999.000 -9999.000 -9999.000 -9999.000 -9999.000 -9999.000 -9999.000 -9999.000 -9999.000 -9999.000 -9999.000 -9999.000 -9999.000 -9999.000 -9999.000 -9999.000 -9999.000 -9999.000 -9999.000 -9999.000 -9999.000 -9999.000 -9999.000 -9999.000 -9999.000 -9999.000 -9999.000 -9999.000 -9999.000 -9999.000 -9999.000 -9999.000 -9999.000 -9999.000 -9999.000 -9999.000 -9999.000 -9999.000 -9999.000 -9999.000 -9999.000 -9999.000 -9999.000 -9999.000 -9999.000 -9999.000 -9999.000 -9999.000 -9999.000 -9999.000 -9999.000 -9999.000 -9999.000 -9999.000 -9999.000 -9999.000 -9999.000 -9999.000 -9999.000 -9999.000 -9999.000 -9999.000 -9999.000 -9999.000 -9999.000 -9999.000 -9999.000 -9999.000 -9999.000 -9999.000 -9999.000 -9999.000 -9999.000 -9999.000 -9999.000 -9999.000 -9999.000 -9999.000 -9999.000 -9999.000 -9999.000 -9999.000 -9999.000 -9999.000 -9999.000 -9999.000 -9999.000 -9999.000 -9999.000 -9999.000
-9999.000 -9999.000 -9999.000 -9999.000 -9999.000 -9999.000 -9999.000 -9999.000 -9999.000 -9999.000 -9999.000 -9999.000 -9999.000 -9999.000 -9999.000 -9999.000 -9999.000 -9999.000 -9999.000 -9999.000 -9999.000 -9999.000 -9999.000 -9999.000 -9999.000 -9999.000 -9999.000 -9999.000 -9999.000 -9999.000 -9999.000 -9999.000 -9999.000 -9999.000 -9999.000 -9999.000 -9999.000 -9999.000 -9999.000 -9999.000 -9999.000 -9999.000 -9999.000 -9999.000 -9999.000 -9999.000 -9999.000 -9999.000 -9999.000 -9999.000 -9999.000 -9999.000 -9999.000 -9999.000 -9999.000 -9999.000 -9999.000 -9999.000 -9999.000 -9999.000 -9999.000 -9999.000 -9999.000 -9999.000 -9999.000 -9999.000 -9999.000 -9999.000 -9999.000 -9999.000 -9999.000 -9999.000 -9999.000 -9999.000 -9999.000 -9999.000 -9999.000 -9999.000 -9999.000 -9999.000 -9999.000 -9999.000 -9999.000 -9999.000 -9999.000 -9999.000 -9999.000 -9999.000 -9999.000 -9999.000 -9999.000 -9999.000 -9999.000 -9999.000 -9999.000 -9999.000 -9999.000 -9999.000 -9999.000 -9999.000 -9999.000 -9999.000 -9999.000 -9999.000