tests/3D/hillslope01/output_maps-METEIO_OFF/psiliqL0099N0002.asc
ncols         104
nrows         10
xllcorner     -2.000000
yllcorner     0.000000
cellsize      1.000000
NODATA_value  -9999.0
-9999.000 -9999.000 -9999.000 -9999.000 -9999.000 -9999.000 -9999.000 -9999.000 -9999.000 -9999.000 -9999.000 -9999.000 -9999.000 -9999.000 -9999.000 -9999.000 -9999.000 -9999.000 -9999.000 -9999.000 -9999.000 -9999.000 -9999.000 -9999.000 -9999.000 -9999.000 -9999.000 -9999.000 -9999.000 -9999.000 -9999.000 -9999.000 -9999.000 -9999.000 -9999.000 -9999.000 -9999.000 -9999.000 -9999.000 -9999.000 -9999.000 -9999.000 -9999.000 -9999.000 -9999.000 -9999.000 -9999.000 -9999.000 -9999.000 -9999.000 -9999.000 -9999.000 -9999.000 -9999.000 -9999.000 -9999.000 -9999.000 -9999.000 -9999.000 -9999.000 -9999.000 -9999.000 -9999.000 -9999.000 -9999.000 -9999.000 -9999.000 -9999.000 -9999.000 -9999.000 -9999.000 -9999.000 -9999.000 -9999.000 -9999.000 -9999.000 -9999.000 -9999.000 -9999.000 -9999.000 -9999.000 -9999.000 -9999.000 -9999.000 -9999.000 -9999.000 -9999.000 -9999.000 -9999.000 -9999.000 -9999.000 -9999.000 -9999.000 -9999.000 -9999.000 -9999.000 -9999.000 -9999.000 -9999.000 -9999.000 -9999.000 -9999.000 -9999.000 -9999.000
-9999.000 -9999.000 -9999.000 -9999.000 -9999.000 -9999.000 -9999.000 -9999.000 -9999.000 -9999.000 -9999.000 -9999.000 -9999.000 -9999.000 -9999.000 -9999.000 -9999.000 -9999.000 -9999.000 -9999.000 -9999.000 -9999.000 -9999.000 -9999.000 -9999.000 -9999.000 -9999.000 -9999.000 -9999.000 -9999.000 -9999.000 -9999.000 -9999.000 -9999.000 -9999.000 -9999.000 -9999.000 -9999.000 -9999.000 -9999.000 -9999.000 -9999.000 -9999.000 -9999.000 -9999.000 -9999.000 -9999.000 -9999.000 -9999.000 -9999.000 -9999.000 -9999.000 -9999.000 -9999.000 -9999.000 -9999.000 -9999.000 -9999.000 -9999.000 -9999.000 -9999.000 -9999.000 -9999.000 -9999.000 -9999.000 -9999.000 -9999.000 -9999.000 -9999.000 -9999.000 -9999.000 -9999.000 -9999.000 -9999.000 -9999.000 -9999.000 -9999.000 -9999.000 -9999.000 -9999.000 -9999.000 -9999.000 -9999.000 -9999.000 -9999.000 -9999.000 -9999.000 -9999.000 -9999.000 -9999.000 -9999.000 -9999.000 -9999.000 -9999.000 -9999.000 -9999.000 -9999.000 -9999.000 -9999.000 -9999.000 -9999.000 -9999.000 -9999.000 -9999.000
-9999.000 -9999.000 10174.277 10078.857 9987.796 9900.685 9816.990 9736.119 9657.483 9580.537 9504.808 9429.903 9355.503 9281.363 9207.291 9133.147 9058.826 8984.251 8909.369 8834.142 8758.546 8682.565 8606.188 8529.413 8452.239 8374.667 8296.700 8218.344 8139.603 8060.485 7980.994 7901.138 7820.923 7740.356 7659.443 7578.190 7496.605 7414.692 7332.457 7249.907 7167.047 7083.882 7000.417 6916.656 6832.604 6748.264 6663.641 6578.738 6493.560 6408.107 6322.381 6236.382 6150.113 6063.574 5976.769 5889.700 5802.365 5714.762 5626.888 5538.737 5450.303 5361.584 5272.579 5183.286 5093.705 5003.835 4913.669 4823.199 4732.412 4641.292 4549.819 4457.976 4365.747 4273.117 4180.076 4086.611 3992.712 3898.365 3803.556 3708.268 3612.482 3516.177 3419.333 3321.923 3223.922 3125.305 3026.044 2926.111 2825.480 2724.123 2622.013 2519.118 2415.406 2310.844 2205.399 2099.036 1991.735 1883.527 1774.604 1665.562 1557.706 1453.056 -9999.000 -9999.000
-9999.000 -9999.000 10174.277 10078.857 9987.796 9900.685 9816.990 9736.119 9657.483 9580.537 9504.808 9429.903 9355.503 9281.363 9207.291 9133.147 9058.826 8984.251 8909.369 8834.142 8758.546 8682.565 8606.188 8529.413 8452.239 8374.667 8296.700 8218.344 8139.603 8060.485 7980.994 7901.138 7820.923 7740.356 7659.443 7578.190 7496.605 7414.692 7332.457 7249.907 7167.047 7083.882 7000.417 6916.656 6832.604 6748.264 6663.641 6578.738 6493.560 6408.107 6322.381 6236.382 6150.113 6063.574 5976.769 5889.700 5802.365 5714.762 5626.888 5538.737 5450.303 5361.584 5272.579 5183.286 5093.705 5003.835 4913.669 4823.199 4732.412 4641.292 4549.819 4457.976 4365.747 4273.117 4180.076 4086.611 3992.712 3898.365 3803.556 3708.268 3612.482 3516.177 3419.333 3321.923 3223.922 3125.305 3026.044 2926.111 2825.480 2724.123 2622.013 2519.118 2415.406 2310.844 2205.399 2099.036 1991.735 1883.527 1774.604 1665.562 1557.706 1453.056 -9999.000 -9999.000
-9999.000 -9999.000 10174.277 10078.857 9987.796 9900.685 9816.990 9736.119 9657.483 9580.537 9504.808 9429.903 9355.503 9281.363 9207.291 9133.147 9058.826 8984.251 8909.369 8834.142 8758.546 8682.565 8606.188 8529.413 8452.239 8374.667 8296.700 8218.344 8139.603 8060.485 7980.994 7901.138 7820.923 7740.356 7659.443 7578.190 7496.605 7414.692 7332.457 7249.907 7167.047 7083.882 7000.417 6916.656 6832.604 6748.264 6663.641 6578.738 6493.560 6408.107 6322.381 6236.382 6150.113 6063.574 5976.769 5889.700 5802.365 5714.762 5626.888 5538.737 5450.303 5361.584 5272.579 5183.286 5093.705 5003.835 4913.669 4823.199 4732.412 4641.292 4549.819 4457.976 4365.747 4273.117 4180.076 4086.611 3992.712 3898.365 3803.556 3708.268 3612.482 3516.177 3419.333 3321.923 3223.922 3125.305 3026.044 2926.111 2825.480 2724.123 2622.013 2519.118 2415.406 2310.844 2205.399 2099.036 1991.735 1883.527 1774.604 1665.562 1557.706 1453.056 -9999.000 -9999.000
-9999.000 -9999.000 10174.277 10078.857 9987.796 9900.685 9816.990 9736.119 9657.483 9580.537 9504.808 9429.903 9355.503 9281.363 9207.291 9133.147 9058.826 8984.251 8909.369 8834.142 8758.546 8682.565 8606.188 8529.413 8452.239 8374.667 8296.700 8218.344 8139.603 8060.485 7980.994 7901.138 7820.923 7740.356 7659.443 7578.190 7496.605 7414.692 7332.457 7249.907 7167.047 7083.882 7000.417 6916.656 6832.604 6748.264 6663.641 6578.738 6493.560 6408.107 6322.381 6236.382 6150.113 6063.574 5976.769 5889.700 5802.365 5714.762 5626.888 5538.737 5450.303 5361.584 5272.579 5183.286 5093.705 5003.835 4913.669 4823.199 4732.412 4641.292 4549.819 4457.976 4365.747 4273.117 4180.076 4086.611 3992.712 3898.365 3803.556 3708.268 3612.482 3516.177 3419.333 3321.923 3223.922 3125.305 3026.044 2926.111 2825.480 2724.123 2622.013 2519.118 2415.406 2310.844 2205.399 2099.036 1991.735 1883.527 1774.604 1665.562 1557.706 1453.056 -9999.000 -9999.000
-9999.000 -9999.000 10174.277 10078.857 9987.796 9900.685 9816.990 9736.119 9657.483 9580.537 9504.808 9429.903 9355.503 9281.363 9207.291 9133.147 9058.826 8984.251 8909.369 8834.142 8758.546 8682.565 8606.188 8529.413 8452.239 8374.667 8296.700 8218.344 8139.603 8060.485 7980.994 7901.138 7820.923 7740.356 7659.443 7578.190 7496.605 7414.692 7332.457 7249.907 7167.047 7083.882 7000.417 6916.656 6832.604 6748.264 6663.641 6578.738 6493.560 6408.107 6322.381 6236.382 6150.113 6063.574 5976.769 5889.700 5802.365 5714.762 5626.888 5538.737 5450.303 5361.584 5272.579 5183.286 5093.705 5003.835 4913.669 4823.199 4732.412 4641.292 4549.819 4457.976 4365.747 4273.117 4180.076 4086.611 3992.712 3898.365 3803.556 3708.268 3612.482 3516.177 3419.333 3321.923 3223.922 3125.305 3026.044 2926.111 2825.480 2724.123 2622.013 2519.118 2415.406 2310.844 2205.399 2099.036 1991.735 1883.527 1774.604 1665.562 1557.706 1453.056 -9999.000 -9999.000
-9999.000 -9999.000 10174.277 10078.857 9987.796 9900.685 9816.990 9736.119 9657.483 9580.537 9504.808 9429.903 9355.503 9281.363 9207.291 9133.147 9058.826 8984.251 8909.369 8834.142 8758.546 8682.565 8606.188 8529.413 8452.239 8374.667 8296.700 8218.344 8139.603 8060.485 7980.994 7901.138 7820.923 7740.356 7659.443 7578.190 7496.605 7414.692 7332.457 7249.907 7167.047 7083.882 7000.417 6916.656 6832.604 6748.264 6663.641 6578.738 6493.560 6408.107 6322.381 6236.382 6150.113 6063.574 5976.769 5889.700 5802.365 5714.762 5626.888 5538.737 5450.303 5361.584 5272.579 5183.286 5093.705 5003.835 4913.669 4823.199 4732.412 4641.292 4549.819 4457.976 4365.747 4273.117 4180.076 4086.611 3992.712 3898.365 3803.556 3708.268 3612.482 3516.177 3419.333 3321.923 3223.922 3125.305 3026.044 2926.111 2825.480 2724.123 2622.013 2519.118 2415.406 2310.844 2205.399 2099.036 1991.735 1883.527 1774.604 1665.562 1557.706 1453.056 -9999.000 -9999.000
-9999.000 -9999.000 -9999.000 -9999.000 -9999.000 -9999.000 -9999.000 -9999.000 -9999.000 -9999.000 -9999.000 -9999.000 -9999.000 -9999.000 -9999.000 -9999.000 -9999.000 -9999.000 -9999.000 -9999.000 -9999.000 -9999.000 -9999.000 -9999.000 -9999.000 -9999.000 -9999.000 -9999.000 -9999.000 -9999.000 -9999.000 -9999.000 -9999.000 -9999.000 -9999.000 -9999.000 -9999.000 -9999.000 -9999.000 -9999.000 -9999.000 -9999.000 -9999.000 -9999.000 -9999.000 -9999.000 -9999.000 -9999.000 -9999.000 -9999.000 -9999.000 -9999.000 -9999.000 -9999.000 -9999.000 -9999.000 -9999.000 -9999.000 -9999.000 -9999.000 -9999.000 -9999.000 -9999.000 -9999.000 -9999.000 -9999.000 -9999.000 -9999.000 -9999.000 -9999.000 -9999.000 -9999.000 -9999.000 -9999.000 -9999.000 -9999.000 -9999.000 -9999.000 -9999.000 -9999.000 -9999.000 -9999.000 -9999.000 -9999.000 -9999.000 -9999.000 -9999.000 -9999.000 -9999.000 -9999.000 -9999.000 -9999.000 -9999.000 -9999.000 -9999.000 -9999.000 -9999.000 -9999.000 -9999.000 -9999.000 -9999.000 -9999.000 -9999.000 -9999.000
-9999.000 -9999.000 -9999.000 -9999.000 -9999.000 -9999.000 -9999.000 -9999.000 -9999.000 -9999.000 -9999.000 -9999.000 -9999.000 -9999.000 -9999.000 -9999.000 -9999.000 -9999.000 -9999.000 -9999.000 -9999.000 -9999.000 -9999.000 -9999.000 -9999.000 -9999.000 -9999.000 -9999.000 -9999.000 -9999.000 -9999.000 -9999.000 -9999.000 -9999.000 -9999.000 -9999.000 -9999.000 -9999.000 -9999.000 -9999.000 -9999.000 -9999.000 -9999.000 -9999.000 -9999.000 -9999.000 -9999.000 -9999.000 -9999.000 -9999.000 -9999.000 -9999.000 -9999.000 -9999.000 -9999.000 -9999.000 -9999.000 -9999.000 -9999.000 -9999.000 -9999.000 -9999.000 -9999.000 -9999.000 -9999.000 -9999.000 -9999.000 -9999.000 -9999.000 -9999.000 -9999.000 -9999.000 -9999.000 -9999.000 -9999.000 -9999.000 -9999.000 -9999.000 -9999.000 -9999.000 -9999.000 -9999.000 -9999.000 -9999.000 -9999.000 -9999.000 -9999.000 -9999.000 -9999.000 -9999.000 -9999.000 -9999.000 -9999.000 -9999.000 -9999.000 -9999.000 -9999.000 -9999.000 -9999.000 -9999.000 -9999.000 -9999.000 -9999.000 -9999.000