tests/3D/hillslope01/output_maps-METEIO_OFF/psiliqL0007N0001.asc
ncols         104
nrows         10
xllcorner     -2.000000
yllcorner     0.000000
cellsize      1.000000
NODATA_value  -9999.0
-9999.000 -9999.000 -9999.000 -9999.000 -9999.000 -9999.000 -9999.000 -9999.000 -9999.000 -9999.000 -9999.000 -9999.000 -9999.000 -9999.000 -9999.000 -9999.000 -9999.000 -9999.000 -9999.000 -9999.000 -9999.000 -9999.000 -9999.000 -9999.000 -9999.000 -9999.000 -9999.000 -9999.000 -9999.000 -9999.000 -9999.000 -9999.000 -9999.000 -9999.000 -9999.000 -9999.000 -9999.000 -9999.000 -9999.000 -9999.000 -9999.000 -9999.000 -9999.000 -9999.000 -9999.000 -9999.000 -9999.000 -9999.000 -9999.000 -9999.000 -9999.000 -9999.000 -9999.000 -9999.000 -9999.000 -9999.000 -9999.000 -9999.000 -9999.000 -9999.000 -9999.000 -9999.000 -9999.000 -9999.000 -9999.000 -9999.000 -9999.000 -9999.000 -9999.000 -9999.000 -9999.000 -9999.000 -9999.000 -9999.000 -9999.000 -9999.000 -9999.000 -9999.000 -9999.000 -9999.000 -9999.000 -9999.000 -9999.000 -9999.000 -9999.000 -9999.000 -9999.000 -9999.000 -9999.000 -9999.000 -9999.000 -9999.000 -9999.000 -9999.000 -9999.000 -9999.000 -9999.000 -9999.000 -9999.000 -9999.000 -9999.000 -9999.000 -9999.000 -9999.000
-9999.000 -9999.000 -9999.000 -9999.000 -9999.000 -9999.000 -9999.000 -9999.000 -9999.000 -9999.000 -9999.000 -9999.000 -9999.000 -9999.000 -9999.000 -9999.000 -9999.000 -9999.000 -9999.000 -9999.000 -9999.000 -9999.000 -9999.000 -9999.000 -9999.000 -9999.000 -9999.000 -9999.000 -9999.000 -9999.000 -9999.000 -9999.000 -9999.000 -9999.000 -9999.000 -9999.000 -9999.000 -9999.000 -9999.000 -9999.000 -9999.000 -9999.000 -9999.000 -9999.000 -9999.000 -9999.000 -9999.000 -9999.000 -9999.000 -9999.000 -9999.000 -9999.000 -9999.000 -9999.000 -9999.000 -9999.000 -9999.000 -9999.000 -9999.000 -9999.000 -9999.000 -9999.000 -9999.000 -9999.000 -9999.000 -9999.000 -9999.000 -9999.000 -9999.000 -9999.000 -9999.000 -9999.000 -9999.000 -9999.000 -9999.000 -9999.000 -9999.000 -9999.000 -9999.000 -9999.000 -9999.000 -9999.000 -9999.000 -9999.000 -9999.000 -9999.000 -9999.000 -9999.000 -9999.000 -9999.000 -9999.000 -9999.000 -9999.000 -9999.000 -9999.000 -9999.000 -9999.000 -9999.000 -9999.000 -9999.000 -9999.000 -9999.000 -9999.000 -9999.000
-9999.000 -9999.000 -344.153 -353.462 -354.978 -355.527 -355.766 -355.872 -355.918 -355.937 -355.943 -355.944 -355.942 -355.939 -355.935 -355.931 -355.927 -355.923 -355.919 -355.915 -355.911 -355.906 -355.902 -355.898 -355.894 -355.890 -355.886 -355.882 -355.878 -355.873 -355.869 -355.865 -355.861 -355.857 -355.853 -355.849 -355.845 -355.840 -355.836 -355.832 -355.828 -355.824 -355.820 -355.816 -355.812 -355.808 -355.803 -355.799 -355.795 -355.791 -355.787 -355.783 -355.779 -355.775 -355.770 -355.766 -355.762 -355.758 -355.754 -355.750 -355.746 -355.742 -355.737 -355.733 -355.729 -355.725 -355.721 -355.717 -355.713 -355.709 -355.704 -355.700 -355.696 -355.692 -355.688 -355.684 -355.680 -355.676 -355.671 -355.667 -355.663 -355.659 -355.655 -355.651 -355.647 -355.643 -355.638 -355.634 -355.630 -355.626 -355.622 -355.618 -355.614 -355.610 -355.605 -355.601 -355.597 -355.594 -355.594 -355.646 -356.282 -363.201 -9999.000 -9999.000
-9999.000 -9999.000 -344.153 -353.462 -354.978 -355.527 -355.766 -355.872 -355.918 -355.937 -355.943 -355.944 -355.942 -355.939 -355.935 -355.931 -355.927 -355.923 -355.919 -355.915 -355.911 -355.906 -355.902 -355.898 -355.894 -355.890 -355.886 -355.882 -355.878 -355.873 -355.869 -355.865 -355.861 -355.857 -355.853 -355.849 -355.845 -355.840 -355.836 -355.832 -355.828 -355.824 -355.820 -355.816 -355.812 -355.808 -355.803 -355.799 -355.795 -355.791 -355.787 -355.783 -355.779 -355.775 -355.770 -355.766 -355.762 -355.758 -355.754 -355.750 -355.746 -355.742 -355.737 -355.733 -355.729 -355.725 -355.721 -355.717 -355.713 -355.709 -355.704 -355.700 -355.696 -355.692 -355.688 -355.684 -355.680 -355.676 -355.671 -355.667 -355.663 -355.659 -355.655 -355.651 -355.647 -355.643 -355.638 -355.634 -355.630 -355.626 -355.622 -355.618 -355.614 -355.610 -355.605 -355.601 -355.597 -355.594 -355.594 -355.646 -356.282 -363.201 -9999.000 -9999.000
-9999.000 -9999.000 -344.153 -353.462 -354.978 -355.527 -355.766 -355.872 -355.918 -355.937 -355.943 -355.944 -355.942 -355.939 -355.935 -355.931 -355.927 -355.923 -355.919 -355.915 -355.911 -355.906 -355.902 -355.898 -355.894 -355.890 -355.886 -355.882 -355.878 -355.873 -355.869 -355.865 -355.861 -355.857 -355.853 -355.849 -355.845 -355.840 -355.836 -355.832 -355.828 -355.824 -355.820 -355.816 -355.812 -355.808 -355.803 -355.799 -355.795 -355.791 -355.787 -355.783 -355.779 -355.775 -355.770 -355.766 -355.762 -355.758 -355.754 -355.750 -355.746 -355.742 -355.737 -355.733 -355.729 -355.725 -355.721 -355.717 -355.713 -355.709 -355.704 -355.700 -355.696 -355.692 -355.688 -355.684 -355.680 -355.676 -355.671 -355.667 -355.663 -355.659 -355.655 -355.651 -355.647 -355.643 -355.638 -355.634 -355.630 -355.626 -355.622 -355.618 -355.614 -355.610 -355.605 -355.601 -355.597 -355.594 -355.594 -355.646 -356.282 -363.201 -9999.000 -9999.000
-9999.000 -9999.000 -344.153 -353.462 -354.978 -355.527 -355.766 -355.872 -355.918 -355.937 -355.943 -355.944 -355.942 -355.939 -355.935 -355.931 -355.927 -355.923 -355.919 -355.915 -355.911 -355.906 -355.902 -355.898 -355.894 -355.890 -355.886 -355.882 -355.878 -355.873 -355.869 -355.865 -355.861 -355.857 -355.853 -355.849 -355.845 -355.840 -355.836 -355.832 -355.828 -355.824 -355.820 -355.816 -355.812 -355.808 -355.803 -355.799 -355.795 -355.791 -355.787 -355.783 -355.779 -355.775 -355.770 -355.766 -355.762 -355.758 -355.754 -355.750 -355.746 -355.742 -355.737 -355.733 -355.729 -355.725 -355.721 -355.717 -355.713 -355.709 -355.704 -355.700 -355.696 -355.692 -355.688 -355.684 -355.680 -355.676 -355.671 -355.667 -355.663 -355.659 -355.655 -355.651 -355.647 -355.643 -355.638 -355.634 -355.630 -355.626 -355.622 -355.618 -355.614 -355.610 -355.605 -355.601 -355.597 -355.594 -355.594 -355.646 -356.282 -363.201 -9999.000 -9999.000
-9999.000 -9999.000 -344.153 -353.462 -354.978 -355.527 -355.766 -355.872 -355.918 -355.937 -355.943 -355.944 -355.942 -355.939 -355.935 -355.931 -355.927 -355.923 -355.919 -355.915 -355.911 -355.906 -355.902 -355.898 -355.894 -355.890 -355.886 -355.882 -355.878 -355.873 -355.869 -355.865 -355.861 -355.857 -355.853 -355.849 -355.845 -355.840 -355.836 -355.832 -355.828 -355.824 -355.820 -355.816 -355.812 -355.808 -355.803 -355.799 -355.795 -355.791 -355.787 -355.783 -355.779 -355.775 -355.770 -355.766 -355.762 -355.758 -355.754 -355.750 -355.746 -355.742 -355.737 -355.733 -355.729 -355.725 -355.721 -355.717 -355.713 -355.709 -355.704 -355.700 -355.696 -355.692 -355.688 -355.684 -355.680 -355.676 -355.671 -355.667 -355.663 -355.659 -355.655 -355.651 -355.647 -355.643 -355.638 -355.634 -355.630 -355.626 -355.622 -355.618 -355.614 -355.610 -355.605 -355.601 -355.597 -355.594 -355.594 -355.646 -356.282 -363.201 -9999.000 -9999.000
-9999.000 -9999.000 -344.153 -353.462 -354.978 -355.527 -355.766 -355.872 -355.918 -355.937 -355.943 -355.944 -355.942 -355.939 -355.935 -355.931 -355.927 -355.923 -355.919 -355.915 -355.911 -355.906 -355.902 -355.898 -355.894 -355.890 -355.886 -355.882 -355.878 -355.873 -355.869 -355.865 -355.861 -355.857 -355.853 -355.849 -355.845 -355.840 -355.836 -355.832 -355.828 -355.824 -355.820 -355.816 -355.812 -355.808 -355.803 -355.799 -355.795 -355.791 -355.787 -355.783 -355.779 -355.775 -355.770 -355.766 -355.762 -355.758 -355.754 -355.750 -355.746 -355.742 -355.737 -355.733 -355.729 -355.725 -355.721 -355.717 -355.713 -355.709 -355.704 -355.700 -355.696 -355.692 -355.688 -355.684 -355.680 -355.676 -355.671 -355.667 -355.663 -355.659 -355.655 -355.651 -355.647 -355.643 -355.638 -355.634 -355.630 -355.626 -355.622 -355.618 -355.614 -355.610 -355.605 -355.601 -355.597 -355.594 -355.594 -355.646 -356.282 -363.201 -9999.000 -9999.000
-9999.000 -9999.000 -9999.000 -9999.000 -9999.000 -9999.000 -9999.000 -9999.000 -9999.000 -9999.000 -9999.000 -9999.000 -9999.000 -9999.000 -9999.000 -9999.000 -9999.000 -9999.000 -9999.000 -9999.000 -9999.000 -9999.000 -9999.000 -9999.000 -9999.000 -9999.000 -9999.000 -9999.000 -9999.000 -9999.000 -9999.000 -9999.000 -9999.000 -9999.000 -9999.000 -9999.000 -9999.000 -9999.000 -9999.000 -9999.000 -9999.000 -9999.000 -9999.000 -9999.000 -9999.000 -9999.000 -9999.000 -9999.000 -9999.000 -9999.000 -9999.000 -9999.000 -9999.000 -9999.000 -9999.000 -9999.000 -9999.000 -9999.000 -9999.000 -9999.000 -9999.000 -9999.000 -9999.000 -9999.000 -9999.000 -9999.000 -9999.000 -9999.000 -9999.000 -9999.000 -9999.000 -9999.000 -9999.000 -9999.000 -9999.000 -9999.000 -9999.000 -9999.000 -9999.000 -9999.000 -9999.000 -9999.000 -9999.000 -9999.000 -9999.000 -9999.000 -9999.000 -9999.000 -9999.000 -9999.000 -9999.000 -9999.000 -9999.000 -9999.000 -9999.000 -9999.000 -9999.000 -9999.000 -9999.000 -9999.000 -9999.000 -9999.000 -9999.000 -9999.000
-9999.000 -9999.000 -9999.000 -9999.000 -9999.000 -9999.000 -9999.000 -9999.000 -9999.000 -9999.000 -9999.000 -9999.000 -9999.000 -9999.000 -9999.000 -9999.000 -9999.000 -9999.000 -9999.000 -9999.000 -9999.000 -9999.000 -9999.000 -9999.000 -9999.000 -9999.000 -9999.000 -9999.000 -9999.000 -9999.000 -9999.000 -9999.000 -9999.000 -9999.000 -9999.000 -9999.000 -9999.000 -9999.000 -9999.000 -9999.000 -9999.000 -9999.000 -9999.000 -9999.000 -9999.000 -9999.000 -9999.000 -9999.000 -9999.000 -9999.000 -9999.000 -9999.000 -9999.000 -9999.000 -9999.000 -9999.000 -9999.000 -9999.000 -9999.000 -9999.000 -9999.000 -9999.000 -9999.000 -9999.000 -9999.000 -9999.000 -9999.000 -9999.000 -9999.000 -9999.000 -9999.000 -9999.000 -9999.000 -9999.000 -9999.000 -9999.000 -9999.000 -9999.000 -9999.000 -9999.000 -9999.000 -9999.000 -9999.000 -9999.000 -9999.000 -9999.000 -9999.000 -9999.000 -9999.000 -9999.000 -9999.000 -9999.000 -9999.000 -9999.000 -9999.000 -9999.000 -9999.000 -9999.000 -9999.000 -9999.000 -9999.000 -9999.000 -9999.000 -9999.000