tests/3D/hillslope01/output_maps-METEIO_OFF/psiliqL0003N0002.asc
ncols         104
nrows         10
xllcorner     -2.000000
yllcorner     0.000000
cellsize      1.000000
NODATA_value  -9999.0
-9999.000 -9999.000 -9999.000 -9999.000 -9999.000 -9999.000 -9999.000 -9999.000 -9999.000 -9999.000 -9999.000 -9999.000 -9999.000 -9999.000 -9999.000 -9999.000 -9999.000 -9999.000 -9999.000 -9999.000 -9999.000 -9999.000 -9999.000 -9999.000 -9999.000 -9999.000 -9999.000 -9999.000 -9999.000 -9999.000 -9999.000 -9999.000 -9999.000 -9999.000 -9999.000 -9999.000 -9999.000 -9999.000 -9999.000 -9999.000 -9999.000 -9999.000 -9999.000 -9999.000 -9999.000 -9999.000 -9999.000 -9999.000 -9999.000 -9999.000 -9999.000 -9999.000 -9999.000 -9999.000 -9999.000 -9999.000 -9999.000 -9999.000 -9999.000 -9999.000 -9999.000 -9999.000 -9999.000 -9999.000 -9999.000 -9999.000 -9999.000 -9999.000 -9999.000 -9999.000 -9999.000 -9999.000 -9999.000 -9999.000 -9999.000 -9999.000 -9999.000 -9999.000 -9999.000 -9999.000 -9999.000 -9999.000 -9999.000 -9999.000 -9999.000 -9999.000 -9999.000 -9999.000 -9999.000 -9999.000 -9999.000 -9999.000 -9999.000 -9999.000 -9999.000 -9999.000 -9999.000 -9999.000 -9999.000 -9999.000 -9999.000 -9999.000 -9999.000 -9999.000
-9999.000 -9999.000 -9999.000 -9999.000 -9999.000 -9999.000 -9999.000 -9999.000 -9999.000 -9999.000 -9999.000 -9999.000 -9999.000 -9999.000 -9999.000 -9999.000 -9999.000 -9999.000 -9999.000 -9999.000 -9999.000 -9999.000 -9999.000 -9999.000 -9999.000 -9999.000 -9999.000 -9999.000 -9999.000 -9999.000 -9999.000 -9999.000 -9999.000 -9999.000 -9999.000 -9999.000 -9999.000 -9999.000 -9999.000 -9999.000 -9999.000 -9999.000 -9999.000 -9999.000 -9999.000 -9999.000 -9999.000 -9999.000 -9999.000 -9999.000 -9999.000 -9999.000 -9999.000 -9999.000 -9999.000 -9999.000 -9999.000 -9999.000 -9999.000 -9999.000 -9999.000 -9999.000 -9999.000 -9999.000 -9999.000 -9999.000 -9999.000 -9999.000 -9999.000 -9999.000 -9999.000 -9999.000 -9999.000 -9999.000 -9999.000 -9999.000 -9999.000 -9999.000 -9999.000 -9999.000 -9999.000 -9999.000 -9999.000 -9999.000 -9999.000 -9999.000 -9999.000 -9999.000 -9999.000 -9999.000 -9999.000 -9999.000 -9999.000 -9999.000 -9999.000 -9999.000 -9999.000 -9999.000 -9999.000 -9999.000 -9999.000 -9999.000 -9999.000 -9999.000
-9999.000 -9999.000 292.146 270.584 259.926 249.462 218.797 172.374 117.164 57.048 -7.155 -72.634 -136.714 -194.956 -242.322 -276.532 -299.237 -313.531 -322.268 -327.494 -330.581 -332.386 -333.433 -334.035 -334.378 -334.571 -334.679 -334.738 -334.770 -334.786 -334.793 -334.796 -334.795 -334.794 -334.791 -334.788 -334.785 -334.781 -334.778 -334.774 -334.771 -334.767 -334.763 -334.760 -334.756 -334.753 -334.749 -334.745 -334.742 -334.738 -334.735 -334.731 -334.727 -334.724 -334.720 -334.716 -334.713 -334.709 -334.706 -334.702 -334.698 -334.695 -334.691 -334.688 -334.684 -334.680 -334.677 -334.673 -334.670 -334.666 -334.662 -334.659 -334.655 -334.652 -334.648 -334.644 -334.641 -334.637 -334.634 -334.630 -334.626 -334.623 -334.619 -334.616 -334.612 -334.608 -334.605 -334.601 -334.598 -334.594 -334.590 -334.587 -334.583 -334.580 -334.576 -334.572 -334.569 -334.565 -334.562 -334.570 -334.748 -337.818 -9999.000 -9999.000
-9999.000 -9999.000 292.210 270.589 259.927 249.462 218.797 172.374 117.164 57.048 -7.155 -72.634 -136.714 -194.956 -242.322 -276.532 -299.237 -313.531 -322.268 -327.494 -330.581 -332.386 -333.433 -334.035 -334.378 -334.571 -334.679 -334.738 -334.770 -334.786 -334.793 -334.796 -334.795 -334.794 -334.791 -334.788 -334.785 -334.781 -334.778 -334.774 -334.771 -334.767 -334.763 -334.760 -334.756 -334.753 -334.749 -334.745 -334.742 -334.738 -334.735 -334.731 -334.727 -334.724 -334.720 -334.716 -334.713 -334.709 -334.706 -334.702 -334.698 -334.695 -334.691 -334.688 -334.684 -334.680 -334.677 -334.673 -334.670 -334.666 -334.662 -334.659 -334.655 -334.652 -334.648 -334.644 -334.641 -334.637 -334.634 -334.630 -334.626 -334.623 -334.619 -334.616 -334.612 -334.608 -334.605 -334.601 -334.598 -334.594 -334.590 -334.587 -334.583 -334.580 -334.576 -334.572 -334.569 -334.565 -334.562 -334.570 -334.748 -337.818 -9999.000 -9999.000
-9999.000 -9999.000 292.230 270.592 259.927 249.462 218.797 172.374 117.164 57.048 -7.155 -72.634 -136.714 -194.956 -242.322 -276.532 -299.237 -313.531 -322.268 -327.494 -330.581 -332.386 -333.433 -334.035 -334.378 -334.571 -334.679 -334.738 -334.770 -334.786 -334.793 -334.796 -334.795 -334.794 -334.791 -334.788 -334.785 -334.781 -334.778 -334.774 -334.771 -334.767 -334.763 -334.760 -334.756 -334.753 -334.749 -334.745 -334.742 -334.738 -334.735 -334.731 -334.727 -334.724 -334.720 -334.716 -334.713 -334.709 -334.706 -334.702 -334.698 -334.695 -334.691 -334.688 -334.684 -334.680 -334.677 -334.673 -334.670 -334.666 -334.662 -334.659 -334.655 -334.652 -334.648 -334.644 -334.641 -334.637 -334.634 -334.630 -334.626 -334.623 -334.619 -334.616 -334.612 -334.608 -334.605 -334.601 -334.598 -334.594 -334.590 -334.587 -334.583 -334.580 -334.576 -334.572 -334.569 -334.565 -334.562 -334.570 -334.748 -337.818 -9999.000 -9999.000
-9999.000 -9999.000 292.230 270.592 259.927 249.462 218.797 172.374 117.164 57.048 -7.155 -72.634 -136.714 -194.956 -242.322 -276.532 -299.237 -313.531 -322.268 -327.494 -330.581 -332.386 -333.433 -334.035 -334.378 -334.571 -334.679 -334.738 -334.770 -334.786 -334.793 -334.796 -334.795 -334.794 -334.791 -334.788 -334.785 -334.781 -334.778 -334.774 -334.771 -334.767 -334.763 -334.760 -334.756 -334.753 -334.749 -334.745 -334.742 -334.738 -334.735 -334.731 -334.727 -334.724 -334.720 -334.716 -334.713 -334.709 -334.706 -334.702 -334.698 -334.695 -334.691 -334.688 -334.684 -334.680 -334.677 -334.673 -334.670 -334.666 -334.662 -334.659 -334.655 -334.652 -334.648 -334.644 -334.641 -334.637 -334.634 -334.630 -334.626 -334.623 -334.619 -334.616 -334.612 -334.608 -334.605 -334.601 -334.598 -334.594 -334.590 -334.587 -334.583 -334.580 -334.576 -334.572 -334.569 -334.565 -334.562 -334.570 -334.748 -337.818 -9999.000 -9999.000
-9999.000 -9999.000 292.210 270.589 259.927 249.462 218.797 172.374 117.164 57.048 -7.155 -72.634 -136.714 -194.956 -242.322 -276.532 -299.237 -313.531 -322.268 -327.494 -330.581 -332.386 -333.433 -334.035 -334.378 -334.571 -334.679 -334.738 -334.770 -334.786 -334.793 -334.796 -334.795 -334.794 -334.791 -334.788 -334.785 -334.781 -334.778 -334.774 -334.771 -334.767 -334.763 -334.760 -334.756 -334.753 -334.749 -334.745 -334.742 -334.738 -334.735 -334.731 -334.727 -334.724 -334.720 -334.716 -334.713 -334.709 -334.706 -334.702 -334.698 -334.695 -334.691 -334.688 -334.684 -334.680 -334.677 -334.673 -334.670 -334.666 -334.662 -334.659 -334.655 -334.652 -334.648 -334.644 -334.641 -334.637 -334.634 -334.630 -334.626 -334.623 -334.619 -334.616 -334.612 -334.608 -334.605 -334.601 -334.598 -334.594 -334.590 -334.587 -334.583 -334.580 -334.576 -334.572 -334.569 -334.565 -334.562 -334.570 -334.748 -337.818 -9999.000 -9999.000
-9999.000 -9999.000 292.146 270.584 259.926 249.462 218.797 172.374 117.164 57.048 -7.155 -72.634 -136.714 -194.956 -242.322 -276.532 -299.237 -313.531 -322.268 -327.494 -330.581 -332.386 -333.433 -334.035 -334.378 -334.571 -334.679 -334.738 -334.770 -334.786 -334.793 -334.796 -334.795 -334.794 -334.791 -334.788 -334.785 -334.781 -334.778 -334.774 -334.771 -334.767 -334.763 -334.760 -334.756 -334.753 -334.749 -334.745 -334.742 -334.738 -334.735 -334.731 -334.727 -334.724 -334.720 -334.716 -334.713 -334.709 -334.706 -334.702 -334.698 -334.695 -334.691 -334.688 -334.684 -334.680 -334.677 -334.673 -334.670 -334.666 -334.662 -334.659 -334.655 -334.652 -334.648 -334.644 -334.641 -334.637 -334.634 -334.630 -334.626 -334.623 -334.619 -334.616 -334.612 -334.608 -334.605 -334.601 -334.598 -334.594 -334.590 -334.587 -334.583 -334.580 -334.576 -334.572 -334.569 -334.565 -334.562 -334.570 -334.748 -337.818 -9999.000 -9999.000
-9999.000 -9999.000 -9999.000 -9999.000 -9999.000 -9999.000 -9999.000 -9999.000 -9999.000 -9999.000 -9999.000 -9999.000 -9999.000 -9999.000 -9999.000 -9999.000 -9999.000 -9999.000 -9999.000 -9999.000 -9999.000 -9999.000 -9999.000 -9999.000 -9999.000 -9999.000 -9999.000 -9999.000 -9999.000 -9999.000 -9999.000 -9999.000 -9999.000 -9999.000 -9999.000 -9999.000 -9999.000 -9999.000 -9999.000 -9999.000 -9999.000 -9999.000 -9999.000 -9999.000 -9999.000 -9999.000 -9999.000 -9999.000 -9999.000 -9999.000 -9999.000 -9999.000 -9999.000 -9999.000 -9999.000 -9999.000 -9999.000 -9999.000 -9999.000 -9999.000 -9999.000 -9999.000 -9999.000 -9999.000 -9999.000 -9999.000 -9999.000 -9999.000 -9999.000 -9999.000 -9999.000 -9999.000 -9999.000 -9999.000 -9999.000 -9999.000 -9999.000 -9999.000 -9999.000 -9999.000 -9999.000 -9999.000 -9999.000 -9999.000 -9999.000 -9999.000 -9999.000 -9999.000 -9999.000 -9999.000 -9999.000 -9999.000 -9999.000 -9999.000 -9999.000 -9999.000 -9999.000 -9999.000 -9999.000 -9999.000 -9999.000 -9999.000 -9999.000 -9999.000
-9999.000 -9999.000 -9999.000 -9999.000 -9999.000 -9999.000 -9999.000 -9999.000 -9999.000 -9999.000 -9999.000 -9999.000 -9999.000 -9999.000 -9999.000 -9999.000 -9999.000 -9999.000 -9999.000 -9999.000 -9999.000 -9999.000 -9999.000 -9999.000 -9999.000 -9999.000 -9999.000 -9999.000 -9999.000 -9999.000 -9999.000 -9999.000 -9999.000 -9999.000 -9999.000 -9999.000 -9999.000 -9999.000 -9999.000 -9999.000 -9999.000 -9999.000 -9999.000 -9999.000 -9999.000 -9999.000 -9999.000 -9999.000 -9999.000 -9999.000 -9999.000 -9999.000 -9999.000 -9999.000 -9999.000 -9999.000 -9999.000 -9999.000 -9999.000 -9999.000 -9999.000 -9999.000 -9999.000 -9999.000 -9999.000 -9999.000 -9999.000 -9999.000 -9999.000 -9999.000 -9999.000 -9999.000 -9999.000 -9999.000 -9999.000 -9999.000 -9999.000 -9999.000 -9999.000 -9999.000 -9999.000 -9999.000 -9999.000 -9999.000 -9999.000 -9999.000 -9999.000 -9999.000 -9999.000 -9999.000 -9999.000 -9999.000 -9999.000 -9999.000 -9999.000 -9999.000 -9999.000 -9999.000 -9999.000 -9999.000 -9999.000 -9999.000 -9999.000 -9999.000