tests/3D/hillslope01/output_maps-METEIO_OFF/psiliqL0040N0001.asc
ncols         104
nrows         10
xllcorner     -2.000000
yllcorner     0.000000
cellsize      1.000000
NODATA_value  -9999.0
-9999.000 -9999.000 -9999.000 -9999.000 -9999.000 -9999.000 -9999.000 -9999.000 -9999.000 -9999.000 -9999.000 -9999.000 -9999.000 -9999.000 -9999.000 -9999.000 -9999.000 -9999.000 -9999.000 -9999.000 -9999.000 -9999.000 -9999.000 -9999.000 -9999.000 -9999.000 -9999.000 -9999.000 -9999.000 -9999.000 -9999.000 -9999.000 -9999.000 -9999.000 -9999.000 -9999.000 -9999.000 -9999.000 -9999.000 -9999.000 -9999.000 -9999.000 -9999.000 -9999.000 -9999.000 -9999.000 -9999.000 -9999.000 -9999.000 -9999.000 -9999.000 -9999.000 -9999.000 -9999.000 -9999.000 -9999.000 -9999.000 -9999.000 -9999.000 -9999.000 -9999.000 -9999.000 -9999.000 -9999.000 -9999.000 -9999.000 -9999.000 -9999.000 -9999.000 -9999.000 -9999.000 -9999.000 -9999.000 -9999.000 -9999.000 -9999.000 -9999.000 -9999.000 -9999.000 -9999.000 -9999.000 -9999.000 -9999.000 -9999.000 -9999.000 -9999.000 -9999.000 -9999.000 -9999.000 -9999.000 -9999.000 -9999.000 -9999.000 -9999.000 -9999.000 -9999.000 -9999.000 -9999.000 -9999.000 -9999.000 -9999.000 -9999.000 -9999.000 -9999.000
-9999.000 -9999.000 -9999.000 -9999.000 -9999.000 -9999.000 -9999.000 -9999.000 -9999.000 -9999.000 -9999.000 -9999.000 -9999.000 -9999.000 -9999.000 -9999.000 -9999.000 -9999.000 -9999.000 -9999.000 -9999.000 -9999.000 -9999.000 -9999.000 -9999.000 -9999.000 -9999.000 -9999.000 -9999.000 -9999.000 -9999.000 -9999.000 -9999.000 -9999.000 -9999.000 -9999.000 -9999.000 -9999.000 -9999.000 -9999.000 -9999.000 -9999.000 -9999.000 -9999.000 -9999.000 -9999.000 -9999.000 -9999.000 -9999.000 -9999.000 -9999.000 -9999.000 -9999.000 -9999.000 -9999.000 -9999.000 -9999.000 -9999.000 -9999.000 -9999.000 -9999.000 -9999.000 -9999.000 -9999.000 -9999.000 -9999.000 -9999.000 -9999.000 -9999.000 -9999.000 -9999.000 -9999.000 -9999.000 -9999.000 -9999.000 -9999.000 -9999.000 -9999.000 -9999.000 -9999.000 -9999.000 -9999.000 -9999.000 -9999.000 -9999.000 -9999.000 -9999.000 -9999.000 -9999.000 -9999.000 -9999.000 -9999.000 -9999.000 -9999.000 -9999.000 -9999.000 -9999.000 -9999.000 -9999.000 -9999.000 -9999.000 -9999.000 -9999.000 -9999.000
-9999.000 -9999.000 2593.877 2494.205 2394.915 2296.054 2197.649 2099.715 2002.263 1905.301 1808.837 1712.879 1617.435 1522.517 1428.136 1334.302 1241.026 1148.318 1056.218 964.765 873.969 783.819 694.265 605.177 516.454 428.325 341.029 255.018 170.915 89.187 9.880 -66.608 -140.548 -213.113 -286.030 -359.748 -434.575 -510.561 -586.140 -660.040 -730.295 -794.939 -853.028 -903.516 -946.728 -982.904 -1013.098 -1037.083 -1051.688 -1062.276 -1071.120 -1078.778 -1085.477 -1091.377 -1096.633 -1101.359 -1105.643 -1109.559 -1113.168 -1116.517 -1119.647 -1122.590 -1125.373 -1128.019 -1130.546 -1132.970 -1135.302 -1137.554 -1139.734 -1141.849 -1143.904 -1145.905 -1147.854 -1149.754 -1151.608 -1153.417 -1155.182 -1156.903 -1158.581 -1160.216 -1161.806 -1163.352 -1164.853 -1166.307 -1167.714 -1169.073 -1170.382 -1171.639 -1172.844 -1173.994 -1175.089 -1176.126 -1177.104 -1178.021 -1178.875 -1179.666 -1180.392 -1181.054 -1181.656 -1182.268 -1183.666 -1194.011 -9999.000 -9999.000
-9999.000 -9999.000 2593.877 2494.205 2394.915 2296.054 2197.649 2099.715 2002.263 1905.301 1808.837 1712.879 1617.435 1522.517 1428.136 1334.302 1241.026 1148.318 1056.218 964.765 873.969 783.819 694.265 605.177 516.454 428.325 341.029 255.018 170.915 89.187 9.880 -66.608 -140.548 -213.113 -286.030 -359.748 -434.575 -510.561 -586.140 -660.040 -730.295 -794.939 -853.028 -903.516 -946.728 -982.904 -1013.098 -1037.083 -1051.688 -1062.276 -1071.120 -1078.778 -1085.477 -1091.377 -1096.633 -1101.359 -1105.643 -1109.559 -1113.168 -1116.517 -1119.647 -1122.590 -1125.373 -1128.019 -1130.546 -1132.970 -1135.302 -1137.554 -1139.734 -1141.849 -1143.904 -1145.905 -1147.854 -1149.754 -1151.608 -1153.417 -1155.182 -1156.903 -1158.581 -1160.216 -1161.806 -1163.352 -1164.853 -1166.307 -1167.714 -1169.073 -1170.382 -1171.639 -1172.844 -1173.994 -1175.089 -1176.126 -1177.104 -1178.021 -1178.875 -1179.666 -1180.392 -1181.054 -1181.656 -1182.268 -1183.666 -1194.011 -9999.000 -9999.000
-9999.000 -9999.000 2593.877 2494.205 2394.915 2296.054 2197.649 2099.715 2002.263 1905.301 1808.837 1712.879 1617.435 1522.517 1428.136 1334.302 1241.026 1148.318 1056.218 964.765 873.969 783.819 694.265 605.177 516.454 428.325 341.029 255.018 170.915 89.187 9.880 -66.608 -140.548 -213.113 -286.030 -359.748 -434.575 -510.561 -586.140 -660.040 -730.295 -794.939 -853.028 -903.516 -946.728 -982.904 -1013.098 -1037.083 -1051.688 -1062.276 -1071.120 -1078.778 -1085.477 -1091.377 -1096.633 -1101.359 -1105.643 -1109.559 -1113.168 -1116.517 -1119.647 -1122.590 -1125.373 -1128.019 -1130.546 -1132.970 -1135.302 -1137.554 -1139.734 -1141.849 -1143.904 -1145.905 -1147.854 -1149.754 -1151.608 -1153.417 -1155.182 -1156.903 -1158.581 -1160.216 -1161.806 -1163.352 -1164.853 -1166.307 -1167.714 -1169.073 -1170.382 -1171.639 -1172.844 -1173.994 -1175.089 -1176.126 -1177.104 -1178.021 -1178.875 -1179.666 -1180.392 -1181.054 -1181.656 -1182.268 -1183.666 -1194.011 -9999.000 -9999.000
-9999.000 -9999.000 2593.877 2494.205 2394.915 2296.054 2197.649 2099.715 2002.263 1905.301 1808.837 1712.879 1617.435 1522.517 1428.136 1334.302 1241.026 1148.318 1056.218 964.765 873.969 783.819 694.265 605.177 516.454 428.325 341.029 255.018 170.915 89.187 9.880 -66.608 -140.548 -213.113 -286.030 -359.748 -434.575 -510.561 -586.140 -660.040 -730.295 -794.939 -853.028 -903.516 -946.728 -982.904 -1013.098 -1037.083 -1051.688 -1062.276 -1071.120 -1078.778 -1085.477 -1091.377 -1096.633 -1101.359 -1105.643 -1109.559 -1113.168 -1116.517 -1119.647 -1122.590 -1125.373 -1128.019 -1130.546 -1132.970 -1135.302 -1137.554 -1139.734 -1141.849 -1143.904 -1145.905 -1147.854 -1149.754 -1151.608 -1153.417 -1155.182 -1156.903 -1158.581 -1160.216 -1161.806 -1163.352 -1164.853 -1166.307 -1167.714 -1169.073 -1170.382 -1171.639 -1172.844 -1173.994 -1175.089 -1176.126 -1177.104 -1178.021 -1178.875 -1179.666 -1180.392 -1181.054 -1181.656 -1182.268 -1183.666 -1194.011 -9999.000 -9999.000
-9999.000 -9999.000 2593.877 2494.205 2394.915 2296.054 2197.649 2099.715 2002.263 1905.301 1808.837 1712.879 1617.435 1522.517 1428.136 1334.302 1241.026 1148.318 1056.218 964.765 873.969 783.819 694.265 605.177 516.454 428.325 341.029 255.018 170.915 89.187 9.880 -66.608 -140.548 -213.113 -286.030 -359.748 -434.575 -510.561 -586.140 -660.040 -730.295 -794.939 -853.028 -903.516 -946.728 -982.904 -1013.098 -1037.083 -1051.688 -1062.276 -1071.120 -1078.778 -1085.477 -1091.377 -1096.633 -1101.359 -1105.643 -1109.559 -1113.168 -1116.517 -1119.647 -1122.590 -1125.373 -1128.019 -1130.546 -1132.970 -1135.302 -1137.554 -1139.734 -1141.849 -1143.904 -1145.905 -1147.854 -1149.754 -1151.608 -1153.417 -1155.182 -1156.903 -1158.581 -1160.216 -1161.806 -1163.352 -1164.853 -1166.307 -1167.714 -1169.073 -1170.382 -1171.639 -1172.844 -1173.994 -1175.089 -1176.126 -1177.104 -1178.021 -1178.875 -1179.666 -1180.392 -1181.054 -1181.656 -1182.268 -1183.666 -1194.011 -9999.000 -9999.000
-9999.000 -9999.000 2593.877 2494.205 2394.915 2296.054 2197.649 2099.715 2002.263 1905.301 1808.837 1712.879 1617.435 1522.517 1428.136 1334.302 1241.026 1148.318 1056.218 964.765 873.969 783.819 694.265 605.177 516.454 428.325 341.029 255.018 170.915 89.187 9.880 -66.608 -140.548 -213.113 -286.030 -359.748 -434.575 -510.561 -586.140 -660.040 -730.295 -794.939 -853.028 -903.516 -946.728 -982.904 -1013.098 -1037.083 -1051.688 -1062.276 -1071.120 -1078.778 -1085.477 -1091.377 -1096.633 -1101.359 -1105.643 -1109.559 -1113.168 -1116.517 -1119.647 -1122.590 -1125.373 -1128.019 -1130.546 -1132.970 -1135.302 -1137.554 -1139.734 -1141.849 -1143.904 -1145.905 -1147.854 -1149.754 -1151.608 -1153.417 -1155.182 -1156.903 -1158.581 -1160.216 -1161.806 -1163.352 -1164.853 -1166.307 -1167.714 -1169.073 -1170.382 -1171.639 -1172.844 -1173.994 -1175.089 -1176.126 -1177.104 -1178.021 -1178.875 -1179.666 -1180.392 -1181.054 -1181.656 -1182.268 -1183.666 -1194.011 -9999.000 -9999.000
-9999.000 -9999.000 -9999.000 -9999.000 -9999.000 -9999.000 -9999.000 -9999.000 -9999.000 -9999.000 -9999.000 -9999.000 -9999.000 -9999.000 -9999.000 -9999.000 -9999.000 -9999.000 -9999.000 -9999.000 -9999.000 -9999.000 -9999.000 -9999.000 -9999.000 -9999.000 -9999.000 -9999.000 -9999.000 -9999.000 -9999.000 -9999.000 -9999.000 -9999.000 -9999.000 -9999.000 -9999.000 -9999.000 -9999.000 -9999.000 -9999.000 -9999.000 -9999.000 -9999.000 -9999.000 -9999.000 -9999.000 -9999.000 -9999.000 -9999.000 -9999.000 -9999.000 -9999.000 -9999.000 -9999.000 -9999.000 -9999.000 -9999.000 -9999.000 -9999.000 -9999.000 -9999.000 -9999.000 -9999.000 -9999.000 -9999.000 -9999.000 -9999.000 -9999.000 -9999.000 -9999.000 -9999.000 -9999.000 -9999.000 -9999.000 -9999.000 -9999.000 -9999.000 -9999.000 -9999.000 -9999.000 -9999.000 -9999.000 -9999.000 -9999.000 -9999.000 -9999.000 -9999.000 -9999.000 -9999.000 -9999.000 -9999.000 -9999.000 -9999.000 -9999.000 -9999.000 -9999.000 -9999.000 -9999.000 -9999.000 -9999.000 -9999.000 -9999.000 -9999.000
-9999.000 -9999.000 -9999.000 -9999.000 -9999.000 -9999.000 -9999.000 -9999.000 -9999.000 -9999.000 -9999.000 -9999.000 -9999.000 -9999.000 -9999.000 -9999.000 -9999.000 -9999.000 -9999.000 -9999.000 -9999.000 -9999.000 -9999.000 -9999.000 -9999.000 -9999.000 -9999.000 -9999.000 -9999.000 -9999.000 -9999.000 -9999.000 -9999.000 -9999.000 -9999.000 -9999.000 -9999.000 -9999.000 -9999.000 -9999.000 -9999.000 -9999.000 -9999.000 -9999.000 -9999.000 -9999.000 -9999.000 -9999.000 -9999.000 -9999.000 -9999.000 -9999.000 -9999.000 -9999.000 -9999.000 -9999.000 -9999.000 -9999.000 -9999.000 -9999.000 -9999.000 -9999.000 -9999.000 -9999.000 -9999.000 -9999.000 -9999.000 -9999.000 -9999.000 -9999.000 -9999.000 -9999.000 -9999.000 -9999.000 -9999.000 -9999.000 -9999.000 -9999.000 -9999.000 -9999.000 -9999.000 -9999.000 -9999.000 -9999.000 -9999.000 -9999.000 -9999.000 -9999.000 -9999.000 -9999.000 -9999.000 -9999.000 -9999.000 -9999.000 -9999.000 -9999.000 -9999.000 -9999.000 -9999.000 -9999.000 -9999.000 -9999.000 -9999.000 -9999.000