tests/3D/hillslope01/output_maps-METEIO_OFF/psiliqL0094N0002.asc
ncols         104
nrows         10
xllcorner     -2.000000
yllcorner     0.000000
cellsize      1.000000
NODATA_value  -9999.0
-9999.000 -9999.000 -9999.000 -9999.000 -9999.000 -9999.000 -9999.000 -9999.000 -9999.000 -9999.000 -9999.000 -9999.000 -9999.000 -9999.000 -9999.000 -9999.000 -9999.000 -9999.000 -9999.000 -9999.000 -9999.000 -9999.000 -9999.000 -9999.000 -9999.000 -9999.000 -9999.000 -9999.000 -9999.000 -9999.000 -9999.000 -9999.000 -9999.000 -9999.000 -9999.000 -9999.000 -9999.000 -9999.000 -9999.000 -9999.000 -9999.000 -9999.000 -9999.000 -9999.000 -9999.000 -9999.000 -9999.000 -9999.000 -9999.000 -9999.000 -9999.000 -9999.000 -9999.000 -9999.000 -9999.000 -9999.000 -9999.000 -9999.000 -9999.000 -9999.000 -9999.000 -9999.000 -9999.000 -9999.000 -9999.000 -9999.000 -9999.000 -9999.000 -9999.000 -9999.000 -9999.000 -9999.000 -9999.000 -9999.000 -9999.000 -9999.000 -9999.000 -9999.000 -9999.000 -9999.000 -9999.000 -9999.000 -9999.000 -9999.000 -9999.000 -9999.000 -9999.000 -9999.000 -9999.000 -9999.000 -9999.000 -9999.000 -9999.000 -9999.000 -9999.000 -9999.000 -9999.000 -9999.000 -9999.000 -9999.000 -9999.000 -9999.000 -9999.000 -9999.000
-9999.000 -9999.000 -9999.000 -9999.000 -9999.000 -9999.000 -9999.000 -9999.000 -9999.000 -9999.000 -9999.000 -9999.000 -9999.000 -9999.000 -9999.000 -9999.000 -9999.000 -9999.000 -9999.000 -9999.000 -9999.000 -9999.000 -9999.000 -9999.000 -9999.000 -9999.000 -9999.000 -9999.000 -9999.000 -9999.000 -9999.000 -9999.000 -9999.000 -9999.000 -9999.000 -9999.000 -9999.000 -9999.000 -9999.000 -9999.000 -9999.000 -9999.000 -9999.000 -9999.000 -9999.000 -9999.000 -9999.000 -9999.000 -9999.000 -9999.000 -9999.000 -9999.000 -9999.000 -9999.000 -9999.000 -9999.000 -9999.000 -9999.000 -9999.000 -9999.000 -9999.000 -9999.000 -9999.000 -9999.000 -9999.000 -9999.000 -9999.000 -9999.000 -9999.000 -9999.000 -9999.000 -9999.000 -9999.000 -9999.000 -9999.000 -9999.000 -9999.000 -9999.000 -9999.000 -9999.000 -9999.000 -9999.000 -9999.000 -9999.000 -9999.000 -9999.000 -9999.000 -9999.000 -9999.000 -9999.000 -9999.000 -9999.000 -9999.000 -9999.000 -9999.000 -9999.000 -9999.000 -9999.000 -9999.000 -9999.000 -9999.000 -9999.000 -9999.000 -9999.000
-9999.000 -9999.000 9678.324 9582.948 9491.968 9404.962 9321.384 9240.630 9162.100 9085.248 9009.597 8934.754 8860.403 8786.300 8712.257 8638.133 8563.827 8489.262 8414.388 8339.166 8263.573 8187.593 8111.218 8034.443 7957.268 7879.695 7801.728 7723.370 7644.629 7565.509 7486.017 7406.159 7325.943 7245.375 7164.460 7083.207 7001.620 6919.706 6837.470 6754.919 6672.058 6588.892 6505.426 6421.665 6337.611 6253.270 6168.646 6083.743 5998.565 5913.112 5827.385 5741.387 5655.117 5568.578 5481.772 5394.703 5307.368 5219.767 5131.893 5043.743 4955.310 4866.592 4777.586 4688.293 4598.713 4508.844 4418.680 4328.212 4237.429 4146.312 4054.843 3963.003 3870.777 3778.149 3685.110 3591.648 3497.751 3403.407 3308.601 3213.316 3117.535 3021.235 2924.395 2826.990 2728.995 2630.383 2531.127 2431.199 2330.574 2229.223 2127.118 2024.229 1920.524 1815.969 1710.530 1604.171 1496.865 1388.621 1279.581 1170.283 1062.023 957.083 -9999.000 -9999.000
-9999.000 -9999.000 9678.324 9582.948 9491.968 9404.962 9321.384 9240.630 9162.100 9085.248 9009.597 8934.754 8860.403 8786.300 8712.257 8638.133 8563.827 8489.262 8414.388 8339.166 8263.573 8187.593 8111.218 8034.443 7957.268 7879.695 7801.728 7723.370 7644.629 7565.509 7486.017 7406.159 7325.943 7245.375 7164.460 7083.207 7001.620 6919.706 6837.470 6754.919 6672.058 6588.892 6505.426 6421.665 6337.611 6253.270 6168.646 6083.743 5998.565 5913.112 5827.385 5741.387 5655.117 5568.578 5481.772 5394.703 5307.368 5219.767 5131.893 5043.743 4955.310 4866.592 4777.586 4688.293 4598.713 4508.844 4418.680 4328.212 4237.429 4146.312 4054.843 3963.003 3870.777 3778.149 3685.110 3591.648 3497.751 3403.407 3308.601 3213.316 3117.535 3021.235 2924.395 2826.990 2728.995 2630.383 2531.127 2431.199 2330.574 2229.223 2127.118 2024.229 1920.524 1815.969 1710.530 1604.171 1496.865 1388.621 1279.581 1170.283 1062.023 957.083 -9999.000 -9999.000
-9999.000 -9999.000 9678.324 9582.948 9491.968 9404.962 9321.384 9240.630 9162.100 9085.248 9009.597 8934.754 8860.403 8786.300 8712.257 8638.133 8563.827 8489.262 8414.388 8339.166 8263.573 8187.593 8111.218 8034.443 7957.268 7879.695 7801.728 7723.370 7644.629 7565.509 7486.017 7406.159 7325.943 7245.375 7164.460 7083.207 7001.620 6919.706 6837.470 6754.919 6672.058 6588.892 6505.426 6421.665 6337.611 6253.270 6168.646 6083.743 5998.565 5913.112 5827.385 5741.387 5655.117 5568.578 5481.772 5394.703 5307.368 5219.767 5131.893 5043.743 4955.310 4866.592 4777.586 4688.293 4598.713 4508.844 4418.680 4328.212 4237.429 4146.312 4054.843 3963.003 3870.777 3778.149 3685.110 3591.648 3497.751 3403.407 3308.601 3213.316 3117.535 3021.235 2924.395 2826.990 2728.995 2630.383 2531.127 2431.199 2330.574 2229.223 2127.118 2024.229 1920.524 1815.969 1710.530 1604.171 1496.865 1388.621 1279.581 1170.283 1062.023 957.083 -9999.000 -9999.000
-9999.000 -9999.000 9678.324 9582.948 9491.968 9404.962 9321.384 9240.630 9162.100 9085.248 9009.597 8934.754 8860.403 8786.300 8712.257 8638.133 8563.827 8489.262 8414.388 8339.166 8263.573 8187.593 8111.218 8034.443 7957.268 7879.695 7801.728 7723.370 7644.629 7565.509 7486.017 7406.159 7325.943 7245.375 7164.460 7083.207 7001.620 6919.706 6837.470 6754.919 6672.058 6588.892 6505.426 6421.665 6337.611 6253.270 6168.646 6083.743 5998.565 5913.112 5827.385 5741.387 5655.117 5568.578 5481.772 5394.703 5307.368 5219.767 5131.893 5043.743 4955.310 4866.592 4777.586 4688.293 4598.713 4508.844 4418.680 4328.212 4237.429 4146.312 4054.843 3963.003 3870.777 3778.149 3685.110 3591.648 3497.751 3403.407 3308.601 3213.316 3117.535 3021.235 2924.395 2826.990 2728.995 2630.383 2531.127 2431.199 2330.574 2229.223 2127.118 2024.229 1920.524 1815.969 1710.530 1604.171 1496.865 1388.621 1279.581 1170.283 1062.023 957.083 -9999.000 -9999.000
-9999.000 -9999.000 9678.324 9582.948 9491.968 9404.962 9321.384 9240.630 9162.100 9085.248 9009.597 8934.754 8860.403 8786.300 8712.257 8638.133 8563.827 8489.262 8414.388 8339.166 8263.573 8187.593 8111.218 8034.443 7957.268 7879.695 7801.728 7723.370 7644.629 7565.509 7486.017 7406.159 7325.943 7245.375 7164.460 7083.207 7001.620 6919.706 6837.470 6754.919 6672.058 6588.892 6505.426 6421.665 6337.611 6253.270 6168.646 6083.743 5998.565 5913.112 5827.385 5741.387 5655.117 5568.578 5481.772 5394.703 5307.368 5219.767 5131.893 5043.743 4955.310 4866.592 4777.586 4688.293 4598.713 4508.844 4418.680 4328.212 4237.429 4146.312 4054.843 3963.003 3870.777 3778.149 3685.110 3591.648 3497.751 3403.407 3308.601 3213.316 3117.535 3021.235 2924.395 2826.990 2728.995 2630.383 2531.127 2431.199 2330.574 2229.223 2127.118 2024.229 1920.524 1815.969 1710.530 1604.171 1496.865 1388.621 1279.581 1170.283 1062.023 957.083 -9999.000 -9999.000
-9999.000 -9999.000 9678.324 9582.948 9491.968 9404.962 9321.384 9240.630 9162.100 9085.248 9009.597 8934.754 8860.403 8786.300 8712.257 8638.133 8563.827 8489.262 8414.388 8339.166 8263.573 8187.593 8111.218 8034.443 7957.268 7879.695 7801.728 7723.370 7644.629 7565.509 7486.017 7406.159 7325.943 7245.375 7164.460 7083.207 7001.620 6919.706 6837.470 6754.919 6672.058 6588.892 6505.426 6421.665 6337.611 6253.270 6168.646 6083.743 5998.565 5913.112 5827.385 5741.387 5655.117 5568.578 5481.772 5394.703 5307.368 5219.767 5131.893 5043.743 4955.310 4866.592 4777.586 4688.293 4598.713 4508.844 4418.680 4328.212 4237.429 4146.312 4054.843 3963.003 3870.777 3778.149 3685.110 3591.648 3497.751 3403.407 3308.601 3213.316 3117.535 3021.235 2924.395 2826.990 2728.995 2630.383 2531.127 2431.199 2330.574 2229.223 2127.118 2024.229 1920.524 1815.969 1710.530 1604.171 1496.865 1388.621 1279.581 1170.283 1062.023 957.083 -9999.000 -9999.000
-9999.000 -9999.000 -9999.000 -9999.000 -9999.000 -9999.000 -9999.000 -9999.000 -9999.000 -9999.000 -9999.000 -9999.000 -9999.000 -9999.000 -9999.000 -9999.000 -9999.000 -9999.000 -9999.000 -9999.000 -9999.000 -9999.000 -9999.000 -9999.000 -9999.000 -9999.000 -9999.000 -9999.000 -9999.000 -9999.000 -9999.000 -9999.000 -9999.000 -9999.000 -9999.000 -9999.000 -9999.000 -9999.000 -9999.000 -9999.000 -9999.000 -9999.000 -9999.000 -9999.000 -9999.000 -9999.000 -9999.000 -9999.000 -9999.000 -9999.000 -9999.000 -9999.000 -9999.000 -9999.000 -9999.000 -9999.000 -9999.000 -9999.000 -9999.000 -9999.000 -9999.000 -9999.000 -9999.000 -9999.000 -9999.000 -9999.000 -9999.000 -9999.000 -9999.000 -9999.000 -9999.000 -9999.000 -9999.000 -9999.000 -9999.000 -9999.000 -9999.000 -9999.000 -9999.000 -9999.000 -9999.000 -9999.000 -9999.000 -9999.000 -9999.000 -9999.000 -9999.000 -9999.000 -9999.000 -9999.000 -9999.000 -9999.000 -9999.000 -9999.000 -9999.000 -9999.000 -9999.000 -9999.000 -9999.000 -9999.000 -9999.000 -9999.000 -9999.000 -9999.000
-9999.000 -9999.000 -9999.000 -9999.000 -9999.000 -9999.000 -9999.000 -9999.000 -9999.000 -9999.000 -9999.000 -9999.000 -9999.000 -9999.000 -9999.000 -9999.000 -9999.000 -9999.000 -9999.000 -9999.000 -9999.000 -9999.000 -9999.000 -9999.000 -9999.000 -9999.000 -9999.000 -9999.000 -9999.000 -9999.000 -9999.000 -9999.000 -9999.000 -9999.000 -9999.000 -9999.000 -9999.000 -9999.000 -9999.000 -9999.000 -9999.000 -9999.000 -9999.000 -9999.000 -9999.000 -9999.000 -9999.000 -9999.000 -9999.000 -9999.000 -9999.000 -9999.000 -9999.000 -9999.000 -9999.000 -9999.000 -9999.000 -9999.000 -9999.000 -9999.000 -9999.000 -9999.000 -9999.000 -9999.000 -9999.000 -9999.000 -9999.000 -9999.000 -9999.000 -9999.000 -9999.000 -9999.000 -9999.000 -9999.000 -9999.000 -9999.000 -9999.000 -9999.000 -9999.000 -9999.000 -9999.000 -9999.000 -9999.000 -9999.000 -9999.000 -9999.000 -9999.000 -9999.000 -9999.000 -9999.000 -9999.000 -9999.000 -9999.000 -9999.000 -9999.000 -9999.000 -9999.000 -9999.000 -9999.000 -9999.000 -9999.000 -9999.000 -9999.000 -9999.000