tests/3D/hillslope01/output_maps-METEIO_OFF/psiliqL0048N0002.asc
ncols         104
nrows         10
xllcorner     -2.000000
yllcorner     0.000000
cellsize      1.000000
NODATA_value  -9999.0
-9999.000 -9999.000 -9999.000 -9999.000 -9999.000 -9999.000 -9999.000 -9999.000 -9999.000 -9999.000 -9999.000 -9999.000 -9999.000 -9999.000 -9999.000 -9999.000 -9999.000 -9999.000 -9999.000 -9999.000 -9999.000 -9999.000 -9999.000 -9999.000 -9999.000 -9999.000 -9999.000 -9999.000 -9999.000 -9999.000 -9999.000 -9999.000 -9999.000 -9999.000 -9999.000 -9999.000 -9999.000 -9999.000 -9999.000 -9999.000 -9999.000 -9999.000 -9999.000 -9999.000 -9999.000 -9999.000 -9999.000 -9999.000 -9999.000 -9999.000 -9999.000 -9999.000 -9999.000 -9999.000 -9999.000 -9999.000 -9999.000 -9999.000 -9999.000 -9999.000 -9999.000 -9999.000 -9999.000 -9999.000 -9999.000 -9999.000 -9999.000 -9999.000 -9999.000 -9999.000 -9999.000 -9999.000 -9999.000 -9999.000 -9999.000 -9999.000 -9999.000 -9999.000 -9999.000 -9999.000 -9999.000 -9999.000 -9999.000 -9999.000 -9999.000 -9999.000 -9999.000 -9999.000 -9999.000 -9999.000 -9999.000 -9999.000 -9999.000 -9999.000 -9999.000 -9999.000 -9999.000 -9999.000 -9999.000 -9999.000 -9999.000 -9999.000 -9999.000 -9999.000
-9999.000 -9999.000 -9999.000 -9999.000 -9999.000 -9999.000 -9999.000 -9999.000 -9999.000 -9999.000 -9999.000 -9999.000 -9999.000 -9999.000 -9999.000 -9999.000 -9999.000 -9999.000 -9999.000 -9999.000 -9999.000 -9999.000 -9999.000 -9999.000 -9999.000 -9999.000 -9999.000 -9999.000 -9999.000 -9999.000 -9999.000 -9999.000 -9999.000 -9999.000 -9999.000 -9999.000 -9999.000 -9999.000 -9999.000 -9999.000 -9999.000 -9999.000 -9999.000 -9999.000 -9999.000 -9999.000 -9999.000 -9999.000 -9999.000 -9999.000 -9999.000 -9999.000 -9999.000 -9999.000 -9999.000 -9999.000 -9999.000 -9999.000 -9999.000 -9999.000 -9999.000 -9999.000 -9999.000 -9999.000 -9999.000 -9999.000 -9999.000 -9999.000 -9999.000 -9999.000 -9999.000 -9999.000 -9999.000 -9999.000 -9999.000 -9999.000 -9999.000 -9999.000 -9999.000 -9999.000 -9999.000 -9999.000 -9999.000 -9999.000 -9999.000 -9999.000 -9999.000 -9999.000 -9999.000 -9999.000 -9999.000 -9999.000 -9999.000 -9999.000 -9999.000 -9999.000 -9999.000 -9999.000 -9999.000 -9999.000 -9999.000 -9999.000 -9999.000 -9999.000
-9999.000 -9999.000 5054.682 4963.789 4880.698 4803.392 4729.808 4658.276 4587.653 4517.244 4446.659 4375.699 4304.270 4232.331 4159.871 4086.891 4013.397 3939.396 3864.899 3789.919 3714.468 3638.558 3562.199 3485.405 3408.188 3330.557 3252.516 3174.075 3095.246 3016.040 2936.465 2856.519 2776.209 2695.545 2614.544 2533.215 2451.558 2369.568 2287.244 2204.602 2121.665 2038.445 1954.943 1871.143 1787.028 1702.606 1617.902 1532.945 1447.750 1362.319 1276.625 1190.621 1104.295 1017.680 930.810 843.716 756.415 668.911 581.183 493.172 404.782 316.034 226.977 137.642 48.053 -41.579 -129.340 -207.793 -267.719 -306.902 -329.809 -342.311 -348.873 -352.240 -353.945 -354.801 -355.227 -355.437 -355.539 -355.588 -355.610 -355.618 -355.620 -355.619 -355.617 -355.613 -355.609 -355.605 -355.601 -355.597 -355.593 -355.589 -355.585 -355.581 -355.578 -355.579 -355.603 -355.745 -356.412 -359.100 -368.487 -398.010 -9999.000 -9999.000
-9999.000 -9999.000 5054.683 4963.789 4880.698 4803.393 4729.808 4658.276 4587.653 4517.244 4446.659 4375.699 4304.270 4232.331 4159.871 4086.891 4013.397 3939.396 3864.899 3789.919 3714.468 3638.558 3562.199 3485.405 3408.188 3330.557 3252.516 3174.075 3095.246 3016.040 2936.465 2856.519 2776.209 2695.545 2614.544 2533.215 2451.558 2369.568 2287.244 2204.602 2121.665 2038.445 1954.943 1871.143 1787.028 1702.606 1617.902 1532.945 1447.750 1362.319 1276.625 1190.621 1104.295 1017.680 930.810 843.716 756.415 668.911 581.183 493.172 404.782 316.034 226.977 137.642 48.053 -41.579 -129.340 -207.793 -267.719 -306.902 -329.809 -342.311 -348.873 -352.240 -353.945 -354.801 -355.227 -355.437 -355.539 -355.588 -355.610 -355.618 -355.620 -355.619 -355.617 -355.613 -355.609 -355.605 -355.601 -355.597 -355.593 -355.589 -355.585 -355.581 -355.578 -355.579 -355.603 -355.745 -356.412 -359.100 -368.487 -398.010 -9999.000 -9999.000
-9999.000 -9999.000 5054.683 4963.790 4880.698 4803.393 4729.808 4658.276 4587.653 4517.244 4446.659 4375.699 4304.270 4232.331 4159.871 4086.891 4013.397 3939.396 3864.899 3789.919 3714.468 3638.558 3562.199 3485.405 3408.188 3330.557 3252.516 3174.075 3095.246 3016.040 2936.465 2856.519 2776.209 2695.545 2614.544 2533.215 2451.558 2369.568 2287.244 2204.602 2121.665 2038.445 1954.943 1871.143 1787.028 1702.606 1617.902 1532.945 1447.750 1362.319 1276.625 1190.621 1104.295 1017.680 930.810 843.716 756.415 668.911 581.183 493.172 404.782 316.034 226.977 137.642 48.053 -41.579 -129.340 -207.793 -267.719 -306.902 -329.809 -342.311 -348.873 -352.240 -353.945 -354.801 -355.227 -355.437 -355.539 -355.588 -355.610 -355.618 -355.620 -355.619 -355.617 -355.613 -355.609 -355.605 -355.601 -355.597 -355.593 -355.589 -355.585 -355.581 -355.578 -355.579 -355.603 -355.745 -356.412 -359.100 -368.487 -398.010 -9999.000 -9999.000
-9999.000 -9999.000 5054.683 4963.790 4880.698 4803.393 4729.808 4658.276 4587.653 4517.244 4446.659 4375.699 4304.270 4232.331 4159.871 4086.891 4013.397 3939.396 3864.899 3789.919 3714.468 3638.558 3562.199 3485.405 3408.188 3330.557 3252.516 3174.075 3095.246 3016.040 2936.465 2856.519 2776.209 2695.545 2614.544 2533.215 2451.558 2369.568 2287.244 2204.602 2121.665 2038.445 1954.943 1871.143 1787.028 1702.606 1617.902 1532.945 1447.750 1362.319 1276.625 1190.621 1104.295 1017.680 930.810 843.716 756.415 668.911 581.183 493.172 404.782 316.034 226.977 137.642 48.053 -41.579 -129.340 -207.793 -267.719 -306.902 -329.809 -342.311 -348.873 -352.240 -353.945 -354.801 -355.227 -355.437 -355.539 -355.588 -355.610 -355.618 -355.620 -355.619 -355.617 -355.613 -355.609 -355.605 -355.601 -355.597 -355.593 -355.589 -355.585 -355.581 -355.578 -355.579 -355.603 -355.745 -356.412 -359.100 -368.487 -398.010 -9999.000 -9999.000
-9999.000 -9999.000 5054.683 4963.789 4880.698 4803.393 4729.808 4658.276 4587.653 4517.244 4446.659 4375.699 4304.270 4232.331 4159.871 4086.891 4013.397 3939.396 3864.899 3789.919 3714.468 3638.558 3562.199 3485.405 3408.188 3330.557 3252.516 3174.075 3095.246 3016.040 2936.465 2856.519 2776.209 2695.545 2614.544 2533.215 2451.558 2369.568 2287.244 2204.602 2121.665 2038.445 1954.943 1871.143 1787.028 1702.606 1617.902 1532.945 1447.750 1362.319 1276.625 1190.621 1104.295 1017.680 930.810 843.716 756.415 668.911 581.183 493.172 404.782 316.034 226.977 137.642 48.053 -41.579 -129.340 -207.793 -267.719 -306.902 -329.809 -342.311 -348.873 -352.240 -353.945 -354.801 -355.227 -355.437 -355.539 -355.588 -355.610 -355.618 -355.620 -355.619 -355.617 -355.613 -355.609 -355.605 -355.601 -355.597 -355.593 -355.589 -355.585 -355.581 -355.578 -355.579 -355.603 -355.745 -356.412 -359.100 -368.487 -398.010 -9999.000 -9999.000
-9999.000 -9999.000 5054.682 4963.789 4880.698 4803.392 4729.808 4658.276 4587.653 4517.244 4446.659 4375.699 4304.270 4232.331 4159.871 4086.891 4013.397 3939.396 3864.899 3789.919 3714.468 3638.558 3562.199 3485.405 3408.188 3330.557 3252.516 3174.075 3095.246 3016.040 2936.465 2856.519 2776.209 2695.545 2614.544 2533.215 2451.558 2369.568 2287.244 2204.602 2121.665 2038.445 1954.943 1871.143 1787.028 1702.606 1617.902 1532.945 1447.750 1362.319 1276.625 1190.621 1104.295 1017.680 930.810 843.716 756.415 668.911 581.183 493.172 404.782 316.034 226.977 137.642 48.053 -41.579 -129.340 -207.793 -267.719 -306.902 -329.809 -342.311 -348.873 -352.240 -353.945 -354.801 -355.227 -355.437 -355.539 -355.588 -355.610 -355.618 -355.620 -355.619 -355.617 -355.613 -355.609 -355.605 -355.601 -355.597 -355.593 -355.589 -355.585 -355.581 -355.578 -355.579 -355.603 -355.745 -356.412 -359.100 -368.487 -398.010 -9999.000 -9999.000
-9999.000 -9999.000 -9999.000 -9999.000 -9999.000 -9999.000 -9999.000 -9999.000 -9999.000 -9999.000 -9999.000 -9999.000 -9999.000 -9999.000 -9999.000 -9999.000 -9999.000 -9999.000 -9999.000 -9999.000 -9999.000 -9999.000 -9999.000 -9999.000 -9999.000 -9999.000 -9999.000 -9999.000 -9999.000 -9999.000 -9999.000 -9999.000 -9999.000 -9999.000 -9999.000 -9999.000 -9999.000 -9999.000 -9999.000 -9999.000 -9999.000 -9999.000 -9999.000 -9999.000 -9999.000 -9999.000 -9999.000 -9999.000 -9999.000 -9999.000 -9999.000 -9999.000 -9999.000 -9999.000 -9999.000 -9999.000 -9999.000 -9999.000 -9999.000 -9999.000 -9999.000 -9999.000 -9999.000 -9999.000 -9999.000 -9999.000 -9999.000 -9999.000 -9999.000 -9999.000 -9999.000 -9999.000 -9999.000 -9999.000 -9999.000 -9999.000 -9999.000 -9999.000 -9999.000 -9999.000 -9999.000 -9999.000 -9999.000 -9999.000 -9999.000 -9999.000 -9999.000 -9999.000 -9999.000 -9999.000 -9999.000 -9999.000 -9999.000 -9999.000 -9999.000 -9999.000 -9999.000 -9999.000 -9999.000 -9999.000 -9999.000 -9999.000 -9999.000 -9999.000
-9999.000 -9999.000 -9999.000 -9999.000 -9999.000 -9999.000 -9999.000 -9999.000 -9999.000 -9999.000 -9999.000 -9999.000 -9999.000 -9999.000 -9999.000 -9999.000 -9999.000 -9999.000 -9999.000 -9999.000 -9999.000 -9999.000 -9999.000 -9999.000 -9999.000 -9999.000 -9999.000 -9999.000 -9999.000 -9999.000 -9999.000 -9999.000 -9999.000 -9999.000 -9999.000 -9999.000 -9999.000 -9999.000 -9999.000 -9999.000 -9999.000 -9999.000 -9999.000 -9999.000 -9999.000 -9999.000 -9999.000 -9999.000 -9999.000 -9999.000 -9999.000 -9999.000 -9999.000 -9999.000 -9999.000 -9999.000 -9999.000 -9999.000 -9999.000 -9999.000 -9999.000 -9999.000 -9999.000 -9999.000 -9999.000 -9999.000 -9999.000 -9999.000 -9999.000 -9999.000 -9999.000 -9999.000 -9999.000 -9999.000 -9999.000 -9999.000 -9999.000 -9999.000 -9999.000 -9999.000 -9999.000 -9999.000 -9999.000 -9999.000 -9999.000 -9999.000 -9999.000 -9999.000 -9999.000 -9999.000 -9999.000 -9999.000 -9999.000 -9999.000 -9999.000 -9999.000 -9999.000 -9999.000 -9999.000 -9999.000 -9999.000 -9999.000 -9999.000 -9999.000