tests/3D/hillslope01/output_maps-METEIO_OFF/psiliqL0056N0001.asc
ncols         104
nrows         10
xllcorner     -2.000000
yllcorner     0.000000
cellsize      1.000000
NODATA_value  -9999.0
-9999.000 -9999.000 -9999.000 -9999.000 -9999.000 -9999.000 -9999.000 -9999.000 -9999.000 -9999.000 -9999.000 -9999.000 -9999.000 -9999.000 -9999.000 -9999.000 -9999.000 -9999.000 -9999.000 -9999.000 -9999.000 -9999.000 -9999.000 -9999.000 -9999.000 -9999.000 -9999.000 -9999.000 -9999.000 -9999.000 -9999.000 -9999.000 -9999.000 -9999.000 -9999.000 -9999.000 -9999.000 -9999.000 -9999.000 -9999.000 -9999.000 -9999.000 -9999.000 -9999.000 -9999.000 -9999.000 -9999.000 -9999.000 -9999.000 -9999.000 -9999.000 -9999.000 -9999.000 -9999.000 -9999.000 -9999.000 -9999.000 -9999.000 -9999.000 -9999.000 -9999.000 -9999.000 -9999.000 -9999.000 -9999.000 -9999.000 -9999.000 -9999.000 -9999.000 -9999.000 -9999.000 -9999.000 -9999.000 -9999.000 -9999.000 -9999.000 -9999.000 -9999.000 -9999.000 -9999.000 -9999.000 -9999.000 -9999.000 -9999.000 -9999.000 -9999.000 -9999.000 -9999.000 -9999.000 -9999.000 -9999.000 -9999.000 -9999.000 -9999.000 -9999.000 -9999.000 -9999.000 -9999.000 -9999.000 -9999.000 -9999.000 -9999.000 -9999.000 -9999.000
-9999.000 -9999.000 -9999.000 -9999.000 -9999.000 -9999.000 -9999.000 -9999.000 -9999.000 -9999.000 -9999.000 -9999.000 -9999.000 -9999.000 -9999.000 -9999.000 -9999.000 -9999.000 -9999.000 -9999.000 -9999.000 -9999.000 -9999.000 -9999.000 -9999.000 -9999.000 -9999.000 -9999.000 -9999.000 -9999.000 -9999.000 -9999.000 -9999.000 -9999.000 -9999.000 -9999.000 -9999.000 -9999.000 -9999.000 -9999.000 -9999.000 -9999.000 -9999.000 -9999.000 -9999.000 -9999.000 -9999.000 -9999.000 -9999.000 -9999.000 -9999.000 -9999.000 -9999.000 -9999.000 -9999.000 -9999.000 -9999.000 -9999.000 -9999.000 -9999.000 -9999.000 -9999.000 -9999.000 -9999.000 -9999.000 -9999.000 -9999.000 -9999.000 -9999.000 -9999.000 -9999.000 -9999.000 -9999.000 -9999.000 -9999.000 -9999.000 -9999.000 -9999.000 -9999.000 -9999.000 -9999.000 -9999.000 -9999.000 -9999.000 -9999.000 -9999.000 -9999.000 -9999.000 -9999.000 -9999.000 -9999.000 -9999.000 -9999.000 -9999.000 -9999.000 -9999.000 -9999.000 -9999.000 -9999.000 -9999.000 -9999.000 -9999.000 -9999.000 -9999.000
-9999.000 -9999.000 4181.514 4081.913 3982.726 3883.973 3785.672 3687.838 3590.484 3493.621 3397.261 3301.413 3206.090 3111.305 3017.072 2923.405 2830.323 2737.845 2645.999 2554.808 2464.294 2374.471 2285.348 2196.942 2109.315 2022.609 1937.037 1852.877 1770.436 1689.982 1611.713 1535.791 1462.323 1391.266 1322.488 1255.918 1191.390 1128.785 1068.029 1008.894 951.446 895.401 840.862 787.563 735.575 684.646 634.877 585.948 538.097 490.777 444.541 398.393 353.405 308.411 264.259 220.201 176.473 133.176 89.425 46.672 2.775 -39.876 -82.973 -125.444 -167.213 -208.618 -248.145 -287.061 -323.482 -358.440 -391.126 -421.668 -450.135 -476.298 -500.503 -522.610 -542.911 -561.425 -578.353 -593.790 -607.882 -620.740 -632.479 -643.197 -652.987 -661.929 -670.097 -677.555 -684.361 -690.564 -696.208 -701.331 -705.969 -710.151 -713.903 -717.250 -720.214 -722.819 -725.119 -727.390 -731.359 -747.016 -9999.000 -9999.000
-9999.000 -9999.000 4181.514 4081.913 3982.726 3883.973 3785.672 3687.838 3590.484 3493.621 3397.261 3301.413 3206.090 3111.305 3017.072 2923.405 2830.323 2737.845 2645.999 2554.808 2464.294 2374.471 2285.348 2196.942 2109.315 2022.609 1937.037 1852.877 1770.436 1689.982 1611.713 1535.791 1462.323 1391.266 1322.488 1255.918 1191.390 1128.785 1068.029 1008.894 951.446 895.401 840.862 787.563 735.575 684.646 634.877 585.948 538.097 490.777 444.541 398.393 353.405 308.411 264.259 220.201 176.473 133.176 89.425 46.672 2.775 -39.876 -82.973 -125.444 -167.213 -208.618 -248.145 -287.061 -323.482 -358.440 -391.126 -421.668 -450.135 -476.298 -500.503 -522.610 -542.911 -561.425 -578.353 -593.790 -607.882 -620.740 -632.479 -643.197 -652.987 -661.929 -670.097 -677.555 -684.361 -690.564 -696.208 -701.331 -705.969 -710.151 -713.903 -717.250 -720.214 -722.819 -725.119 -727.390 -731.359 -747.016 -9999.000 -9999.000
-9999.000 -9999.000 4181.514 4081.913 3982.726 3883.973 3785.672 3687.838 3590.484 3493.621 3397.261 3301.413 3206.090 3111.305 3017.072 2923.405 2830.323 2737.845 2645.999 2554.808 2464.294 2374.471 2285.348 2196.942 2109.315 2022.609 1937.037 1852.877 1770.436 1689.982 1611.713 1535.791 1462.323 1391.266 1322.488 1255.918 1191.390 1128.785 1068.029 1008.894 951.446 895.401 840.862 787.563 735.575 684.646 634.877 585.948 538.097 490.777 444.541 398.393 353.405 308.411 264.259 220.201 176.473 133.176 89.425 46.672 2.775 -39.876 -82.973 -125.444 -167.213 -208.618 -248.145 -287.061 -323.482 -358.440 -391.126 -421.668 -450.135 -476.298 -500.503 -522.610 -542.911 -561.425 -578.353 -593.790 -607.882 -620.740 -632.479 -643.197 -652.987 -661.929 -670.097 -677.555 -684.361 -690.564 -696.208 -701.331 -705.969 -710.151 -713.903 -717.250 -720.214 -722.819 -725.119 -727.390 -731.359 -747.016 -9999.000 -9999.000
-9999.000 -9999.000 4181.514 4081.913 3982.726 3883.973 3785.672 3687.838 3590.484 3493.621 3397.261 3301.413 3206.090 3111.305 3017.072 2923.405 2830.323 2737.845 2645.999 2554.808 2464.294 2374.471 2285.348 2196.942 2109.315 2022.609 1937.037 1852.877 1770.436 1689.982 1611.713 1535.791 1462.323 1391.266 1322.488 1255.918 1191.390 1128.785 1068.029 1008.894 951.446 895.401 840.862 787.563 735.575 684.646 634.877 585.948 538.097 490.777 444.541 398.393 353.405 308.411 264.259 220.201 176.473 133.176 89.425 46.672 2.775 -39.876 -82.973 -125.444 -167.213 -208.618 -248.145 -287.061 -323.482 -358.440 -391.126 -421.668 -450.135 -476.298 -500.503 -522.610 -542.911 -561.425 -578.353 -593.790 -607.882 -620.740 -632.479 -643.197 -652.987 -661.929 -670.097 -677.555 -684.361 -690.564 -696.208 -701.331 -705.969 -710.151 -713.903 -717.250 -720.214 -722.819 -725.119 -727.390 -731.359 -747.016 -9999.000 -9999.000
-9999.000 -9999.000 4181.514 4081.913 3982.726 3883.973 3785.672 3687.838 3590.484 3493.621 3397.261 3301.413 3206.090 3111.305 3017.072 2923.405 2830.323 2737.845 2645.999 2554.808 2464.294 2374.471 2285.348 2196.942 2109.315 2022.609 1937.037 1852.877 1770.436 1689.982 1611.713 1535.791 1462.323 1391.266 1322.488 1255.918 1191.390 1128.785 1068.029 1008.894 951.446 895.401 840.862 787.563 735.575 684.646 634.877 585.948 538.097 490.777 444.541 398.393 353.405 308.411 264.259 220.201 176.473 133.176 89.425 46.672 2.775 -39.876 -82.973 -125.444 -167.213 -208.618 -248.145 -287.061 -323.482 -358.440 -391.126 -421.668 -450.135 -476.298 -500.503 -522.610 -542.911 -561.425 -578.353 -593.790 -607.882 -620.740 -632.479 -643.197 -652.987 -661.929 -670.097 -677.555 -684.361 -690.564 -696.208 -701.331 -705.969 -710.151 -713.903 -717.250 -720.214 -722.819 -725.119 -727.390 -731.359 -747.016 -9999.000 -9999.000
-9999.000 -9999.000 4181.514 4081.913 3982.726 3883.973 3785.672 3687.838 3590.484 3493.621 3397.261 3301.413 3206.090 3111.305 3017.072 2923.405 2830.323 2737.845 2645.999 2554.808 2464.294 2374.471 2285.348 2196.942 2109.315 2022.609 1937.037 1852.877 1770.436 1689.982 1611.713 1535.791 1462.323 1391.266 1322.488 1255.918 1191.390 1128.785 1068.029 1008.894 951.446 895.401 840.862 787.563 735.575 684.646 634.877 585.948 538.097 490.777 444.541 398.393 353.405 308.411 264.259 220.201 176.473 133.176 89.425 46.672 2.775 -39.876 -82.973 -125.444 -167.213 -208.618 -248.145 -287.061 -323.482 -358.440 -391.126 -421.668 -450.135 -476.298 -500.503 -522.610 -542.911 -561.425 -578.353 -593.790 -607.882 -620.740 -632.479 -643.197 -652.987 -661.929 -670.097 -677.555 -684.361 -690.564 -696.208 -701.331 -705.969 -710.151 -713.903 -717.250 -720.214 -722.819 -725.119 -727.390 -731.359 -747.016 -9999.000 -9999.000
-9999.000 -9999.000 -9999.000 -9999.000 -9999.000 -9999.000 -9999.000 -9999.000 -9999.000 -9999.000 -9999.000 -9999.000 -9999.000 -9999.000 -9999.000 -9999.000 -9999.000 -9999.000 -9999.000 -9999.000 -9999.000 -9999.000 -9999.000 -9999.000 -9999.000 -9999.000 -9999.000 -9999.000 -9999.000 -9999.000 -9999.000 -9999.000 -9999.000 -9999.000 -9999.000 -9999.000 -9999.000 -9999.000 -9999.000 -9999.000 -9999.000 -9999.000 -9999.000 -9999.000 -9999.000 -9999.000 -9999.000 -9999.000 -9999.000 -9999.000 -9999.000 -9999.000 -9999.000 -9999.000 -9999.000 -9999.000 -9999.000 -9999.000 -9999.000 -9999.000 -9999.000 -9999.000 -9999.000 -9999.000 -9999.000 -9999.000 -9999.000 -9999.000 -9999.000 -9999.000 -9999.000 -9999.000 -9999.000 -9999.000 -9999.000 -9999.000 -9999.000 -9999.000 -9999.000 -9999.000 -9999.000 -9999.000 -9999.000 -9999.000 -9999.000 -9999.000 -9999.000 -9999.000 -9999.000 -9999.000 -9999.000 -9999.000 -9999.000 -9999.000 -9999.000 -9999.000 -9999.000 -9999.000 -9999.000 -9999.000 -9999.000 -9999.000 -9999.000 -9999.000
-9999.000 -9999.000 -9999.000 -9999.000 -9999.000 -9999.000 -9999.000 -9999.000 -9999.000 -9999.000 -9999.000 -9999.000 -9999.000 -9999.000 -9999.000 -9999.000 -9999.000 -9999.000 -9999.000 -9999.000 -9999.000 -9999.000 -9999.000 -9999.000 -9999.000 -9999.000 -9999.000 -9999.000 -9999.000 -9999.000 -9999.000 -9999.000 -9999.000 -9999.000 -9999.000 -9999.000 -9999.000 -9999.000 -9999.000 -9999.000 -9999.000 -9999.000 -9999.000 -9999.000 -9999.000 -9999.000 -9999.000 -9999.000 -9999.000 -9999.000 -9999.000 -9999.000 -9999.000 -9999.000 -9999.000 -9999.000 -9999.000 -9999.000 -9999.000 -9999.000 -9999.000 -9999.000 -9999.000 -9999.000 -9999.000 -9999.000 -9999.000 -9999.000 -9999.000 -9999.000 -9999.000 -9999.000 -9999.000 -9999.000 -9999.000 -9999.000 -9999.000 -9999.000 -9999.000 -9999.000 -9999.000 -9999.000 -9999.000 -9999.000 -9999.000 -9999.000 -9999.000 -9999.000 -9999.000 -9999.000 -9999.000 -9999.000 -9999.000 -9999.000 -9999.000 -9999.000 -9999.000 -9999.000 -9999.000 -9999.000 -9999.000 -9999.000 -9999.000 -9999.000