tests/3D/hillslope01/output_maps-METEIO_OFF/psiliqL0068N0002.asc
ncols         104
nrows         10
xllcorner     -2.000000
yllcorner     0.000000
cellsize      1.000000
NODATA_value  -9999.0
-9999.000 -9999.000 -9999.000 -9999.000 -9999.000 -9999.000 -9999.000 -9999.000 -9999.000 -9999.000 -9999.000 -9999.000 -9999.000 -9999.000 -9999.000 -9999.000 -9999.000 -9999.000 -9999.000 -9999.000 -9999.000 -9999.000 -9999.000 -9999.000 -9999.000 -9999.000 -9999.000 -9999.000 -9999.000 -9999.000 -9999.000 -9999.000 -9999.000 -9999.000 -9999.000 -9999.000 -9999.000 -9999.000 -9999.000 -9999.000 -9999.000 -9999.000 -9999.000 -9999.000 -9999.000 -9999.000 -9999.000 -9999.000 -9999.000 -9999.000 -9999.000 -9999.000 -9999.000 -9999.000 -9999.000 -9999.000 -9999.000 -9999.000 -9999.000 -9999.000 -9999.000 -9999.000 -9999.000 -9999.000 -9999.000 -9999.000 -9999.000 -9999.000 -9999.000 -9999.000 -9999.000 -9999.000 -9999.000 -9999.000 -9999.000 -9999.000 -9999.000 -9999.000 -9999.000 -9999.000 -9999.000 -9999.000 -9999.000 -9999.000 -9999.000 -9999.000 -9999.000 -9999.000 -9999.000 -9999.000 -9999.000 -9999.000 -9999.000 -9999.000 -9999.000 -9999.000 -9999.000 -9999.000 -9999.000 -9999.000 -9999.000 -9999.000 -9999.000 -9999.000
-9999.000 -9999.000 -9999.000 -9999.000 -9999.000 -9999.000 -9999.000 -9999.000 -9999.000 -9999.000 -9999.000 -9999.000 -9999.000 -9999.000 -9999.000 -9999.000 -9999.000 -9999.000 -9999.000 -9999.000 -9999.000 -9999.000 -9999.000 -9999.000 -9999.000 -9999.000 -9999.000 -9999.000 -9999.000 -9999.000 -9999.000 -9999.000 -9999.000 -9999.000 -9999.000 -9999.000 -9999.000 -9999.000 -9999.000 -9999.000 -9999.000 -9999.000 -9999.000 -9999.000 -9999.000 -9999.000 -9999.000 -9999.000 -9999.000 -9999.000 -9999.000 -9999.000 -9999.000 -9999.000 -9999.000 -9999.000 -9999.000 -9999.000 -9999.000 -9999.000 -9999.000 -9999.000 -9999.000 -9999.000 -9999.000 -9999.000 -9999.000 -9999.000 -9999.000 -9999.000 -9999.000 -9999.000 -9999.000 -9999.000 -9999.000 -9999.000 -9999.000 -9999.000 -9999.000 -9999.000 -9999.000 -9999.000 -9999.000 -9999.000 -9999.000 -9999.000 -9999.000 -9999.000 -9999.000 -9999.000 -9999.000 -9999.000 -9999.000 -9999.000 -9999.000 -9999.000 -9999.000 -9999.000 -9999.000 -9999.000 -9999.000 -9999.000 -9999.000 -9999.000
-9999.000 -9999.000 7080.143 6986.056 6897.412 6813.401 6733.059 6655.445 6579.737 6505.282 6431.583 6358.280 6285.115 6211.907 6138.528 6064.890 5990.933 5916.614 5841.908 5766.797 5691.273 5615.330 5538.970 5462.195 5385.009 5307.417 5229.424 5151.038 5072.266 4993.114 4913.590 4833.700 4753.450 4672.848 4591.902 4510.619 4429.003 4347.059 4264.793 4182.213 4099.325 4016.137 3932.652 3848.872 3764.796 3680.431 3595.785 3510.866 3425.679 3340.225 3254.498 3168.494 3082.211 2995.655 2908.837 2821.764 2734.443 2646.868 2559.030 2470.911 2382.495 2293.779 2204.768 2115.472 2025.898 1936.051 1845.930 1755.529 1664.833 1573.820 1482.454 1390.698 1298.534 1205.959 1112.969 1019.562 925.728 831.457 736.734 641.543 545.865 449.678 352.959 255.683 157.823 59.350 -39.591 -136.633 -221.459 -282.313 -318.674 -337.908 -347.392 -351.893 -353.986 -354.973 -355.537 -356.251 -358.211 -364.495 -384.938 -462.741 -9999.000 -9999.000
-9999.000 -9999.000 7080.143 6986.056 6897.412 6813.401 6733.059 6655.445 6579.737 6505.282 6431.583 6358.280 6285.115 6211.907 6138.528 6064.890 5990.933 5916.614 5841.908 5766.797 5691.273 5615.330 5538.970 5462.195 5385.009 5307.417 5229.424 5151.038 5072.266 4993.114 4913.590 4833.700 4753.450 4672.848 4591.902 4510.619 4429.003 4347.059 4264.793 4182.213 4099.325 4016.137 3932.652 3848.872 3764.796 3680.431 3595.785 3510.866 3425.679 3340.225 3254.498 3168.494 3082.211 2995.655 2908.837 2821.764 2734.443 2646.868 2559.030 2470.911 2382.495 2293.779 2204.768 2115.472 2025.898 1936.051 1845.930 1755.529 1664.833 1573.820 1482.454 1390.698 1298.534 1205.959 1112.969 1019.562 925.728 831.457 736.734 641.543 545.865 449.678 352.959 255.683 157.823 59.350 -39.591 -136.633 -221.459 -282.313 -318.674 -337.908 -347.392 -351.893 -353.986 -354.973 -355.537 -356.251 -358.211 -364.495 -384.938 -462.741 -9999.000 -9999.000
-9999.000 -9999.000 7080.143 6986.056 6897.412 6813.401 6733.059 6655.445 6579.737 6505.282 6431.583 6358.280 6285.115 6211.907 6138.528 6064.890 5990.933 5916.614 5841.908 5766.797 5691.273 5615.330 5538.970 5462.195 5385.009 5307.417 5229.424 5151.038 5072.266 4993.114 4913.590 4833.700 4753.450 4672.848 4591.902 4510.619 4429.003 4347.059 4264.793 4182.213 4099.325 4016.137 3932.652 3848.872 3764.796 3680.431 3595.785 3510.866 3425.679 3340.225 3254.498 3168.494 3082.211 2995.655 2908.837 2821.764 2734.443 2646.868 2559.030 2470.911 2382.495 2293.779 2204.768 2115.472 2025.898 1936.051 1845.930 1755.529 1664.833 1573.820 1482.454 1390.698 1298.534 1205.959 1112.969 1019.562 925.728 831.457 736.734 641.543 545.865 449.678 352.959 255.683 157.823 59.350 -39.591 -136.633 -221.459 -282.313 -318.674 -337.908 -347.392 -351.893 -353.986 -354.973 -355.537 -356.251 -358.211 -364.495 -384.938 -462.741 -9999.000 -9999.000
-9999.000 -9999.000 7080.143 6986.056 6897.412 6813.401 6733.059 6655.445 6579.737 6505.282 6431.583 6358.280 6285.115 6211.907 6138.528 6064.890 5990.933 5916.614 5841.908 5766.797 5691.273 5615.330 5538.970 5462.195 5385.009 5307.417 5229.424 5151.038 5072.266 4993.114 4913.590 4833.700 4753.450 4672.848 4591.902 4510.619 4429.003 4347.059 4264.793 4182.213 4099.325 4016.137 3932.652 3848.872 3764.796 3680.431 3595.785 3510.866 3425.679 3340.225 3254.498 3168.494 3082.211 2995.655 2908.837 2821.764 2734.443 2646.868 2559.030 2470.911 2382.495 2293.779 2204.768 2115.472 2025.898 1936.051 1845.930 1755.529 1664.833 1573.820 1482.454 1390.698 1298.534 1205.959 1112.969 1019.562 925.728 831.457 736.734 641.543 545.865 449.678 352.959 255.683 157.823 59.350 -39.591 -136.633 -221.459 -282.313 -318.674 -337.908 -347.392 -351.893 -353.986 -354.973 -355.537 -356.251 -358.211 -364.495 -384.938 -462.741 -9999.000 -9999.000
-9999.000 -9999.000 7080.143 6986.056 6897.412 6813.401 6733.059 6655.445 6579.737 6505.282 6431.583 6358.280 6285.115 6211.907 6138.528 6064.890 5990.933 5916.614 5841.908 5766.797 5691.273 5615.330 5538.970 5462.195 5385.009 5307.417 5229.424 5151.038 5072.266 4993.114 4913.590 4833.700 4753.450 4672.848 4591.902 4510.619 4429.003 4347.059 4264.793 4182.213 4099.325 4016.137 3932.652 3848.872 3764.796 3680.431 3595.785 3510.866 3425.679 3340.225 3254.498 3168.494 3082.211 2995.655 2908.837 2821.764 2734.443 2646.868 2559.030 2470.911 2382.495 2293.779 2204.768 2115.472 2025.898 1936.051 1845.930 1755.529 1664.833 1573.820 1482.454 1390.698 1298.534 1205.959 1112.969 1019.562 925.728 831.457 736.734 641.543 545.865 449.678 352.959 255.683 157.823 59.350 -39.591 -136.633 -221.459 -282.313 -318.674 -337.908 -347.392 -351.893 -353.986 -354.973 -355.537 -356.251 -358.211 -364.495 -384.938 -462.741 -9999.000 -9999.000
-9999.000 -9999.000 7080.143 6986.056 6897.412 6813.401 6733.059 6655.445 6579.737 6505.282 6431.583 6358.280 6285.115 6211.907 6138.528 6064.890 5990.933 5916.614 5841.908 5766.797 5691.273 5615.330 5538.970 5462.195 5385.009 5307.417 5229.424 5151.038 5072.266 4993.114 4913.590 4833.700 4753.450 4672.848 4591.902 4510.619 4429.003 4347.059 4264.793 4182.213 4099.325 4016.137 3932.652 3848.872 3764.796 3680.431 3595.785 3510.866 3425.679 3340.225 3254.498 3168.494 3082.211 2995.655 2908.837 2821.764 2734.443 2646.868 2559.030 2470.911 2382.495 2293.779 2204.768 2115.472 2025.898 1936.051 1845.930 1755.529 1664.833 1573.820 1482.454 1390.698 1298.534 1205.959 1112.969 1019.562 925.728 831.457 736.734 641.543 545.865 449.678 352.959 255.683 157.823 59.350 -39.591 -136.633 -221.459 -282.313 -318.674 -337.908 -347.392 -351.893 -353.986 -354.973 -355.537 -356.251 -358.211 -364.495 -384.938 -462.741 -9999.000 -9999.000
-9999.000 -9999.000 -9999.000 -9999.000 -9999.000 -9999.000 -9999.000 -9999.000 -9999.000 -9999.000 -9999.000 -9999.000 -9999.000 -9999.000 -9999.000 -9999.000 -9999.000 -9999.000 -9999.000 -9999.000 -9999.000 -9999.000 -9999.000 -9999.000 -9999.000 -9999.000 -9999.000 -9999.000 -9999.000 -9999.000 -9999.000 -9999.000 -9999.000 -9999.000 -9999.000 -9999.000 -9999.000 -9999.000 -9999.000 -9999.000 -9999.000 -9999.000 -9999.000 -9999.000 -9999.000 -9999.000 -9999.000 -9999.000 -9999.000 -9999.000 -9999.000 -9999.000 -9999.000 -9999.000 -9999.000 -9999.000 -9999.000 -9999.000 -9999.000 -9999.000 -9999.000 -9999.000 -9999.000 -9999.000 -9999.000 -9999.000 -9999.000 -9999.000 -9999.000 -9999.000 -9999.000 -9999.000 -9999.000 -9999.000 -9999.000 -9999.000 -9999.000 -9999.000 -9999.000 -9999.000 -9999.000 -9999.000 -9999.000 -9999.000 -9999.000 -9999.000 -9999.000 -9999.000 -9999.000 -9999.000 -9999.000 -9999.000 -9999.000 -9999.000 -9999.000 -9999.000 -9999.000 -9999.000 -9999.000 -9999.000 -9999.000 -9999.000 -9999.000 -9999.000
-9999.000 -9999.000 -9999.000 -9999.000 -9999.000 -9999.000 -9999.000 -9999.000 -9999.000 -9999.000 -9999.000 -9999.000 -9999.000 -9999.000 -9999.000 -9999.000 -9999.000 -9999.000 -9999.000 -9999.000 -9999.000 -9999.000 -9999.000 -9999.000 -9999.000 -9999.000 -9999.000 -9999.000 -9999.000 -9999.000 -9999.000 -9999.000 -9999.000 -9999.000 -9999.000 -9999.000 -9999.000 -9999.000 -9999.000 -9999.000 -9999.000 -9999.000 -9999.000 -9999.000 -9999.000 -9999.000 -9999.000 -9999.000 -9999.000 -9999.000 -9999.000 -9999.000 -9999.000 -9999.000 -9999.000 -9999.000 -9999.000 -9999.000 -9999.000 -9999.000 -9999.000 -9999.000 -9999.000 -9999.000 -9999.000 -9999.000 -9999.000 -9999.000 -9999.000 -9999.000 -9999.000 -9999.000 -9999.000 -9999.000 -9999.000 -9999.000 -9999.000 -9999.000 -9999.000 -9999.000 -9999.000 -9999.000 -9999.000 -9999.000 -9999.000 -9999.000 -9999.000 -9999.000 -9999.000 -9999.000 -9999.000 -9999.000 -9999.000 -9999.000 -9999.000 -9999.000 -9999.000 -9999.000 -9999.000 -9999.000 -9999.000 -9999.000 -9999.000 -9999.000