tests/3D/hillslope01/output_maps-METEIO_OFF/psiliqL0070N0002.asc
ncols         104
nrows         10
xllcorner     -2.000000
yllcorner     0.000000
cellsize      1.000000
NODATA_value  -9999.0
-9999.000 -9999.000 -9999.000 -9999.000 -9999.000 -9999.000 -9999.000 -9999.000 -9999.000 -9999.000 -9999.000 -9999.000 -9999.000 -9999.000 -9999.000 -9999.000 -9999.000 -9999.000 -9999.000 -9999.000 -9999.000 -9999.000 -9999.000 -9999.000 -9999.000 -9999.000 -9999.000 -9999.000 -9999.000 -9999.000 -9999.000 -9999.000 -9999.000 -9999.000 -9999.000 -9999.000 -9999.000 -9999.000 -9999.000 -9999.000 -9999.000 -9999.000 -9999.000 -9999.000 -9999.000 -9999.000 -9999.000 -9999.000 -9999.000 -9999.000 -9999.000 -9999.000 -9999.000 -9999.000 -9999.000 -9999.000 -9999.000 -9999.000 -9999.000 -9999.000 -9999.000 -9999.000 -9999.000 -9999.000 -9999.000 -9999.000 -9999.000 -9999.000 -9999.000 -9999.000 -9999.000 -9999.000 -9999.000 -9999.000 -9999.000 -9999.000 -9999.000 -9999.000 -9999.000 -9999.000 -9999.000 -9999.000 -9999.000 -9999.000 -9999.000 -9999.000 -9999.000 -9999.000 -9999.000 -9999.000 -9999.000 -9999.000 -9999.000 -9999.000 -9999.000 -9999.000 -9999.000 -9999.000 -9999.000 -9999.000 -9999.000 -9999.000 -9999.000 -9999.000
-9999.000 -9999.000 -9999.000 -9999.000 -9999.000 -9999.000 -9999.000 -9999.000 -9999.000 -9999.000 -9999.000 -9999.000 -9999.000 -9999.000 -9999.000 -9999.000 -9999.000 -9999.000 -9999.000 -9999.000 -9999.000 -9999.000 -9999.000 -9999.000 -9999.000 -9999.000 -9999.000 -9999.000 -9999.000 -9999.000 -9999.000 -9999.000 -9999.000 -9999.000 -9999.000 -9999.000 -9999.000 -9999.000 -9999.000 -9999.000 -9999.000 -9999.000 -9999.000 -9999.000 -9999.000 -9999.000 -9999.000 -9999.000 -9999.000 -9999.000 -9999.000 -9999.000 -9999.000 -9999.000 -9999.000 -9999.000 -9999.000 -9999.000 -9999.000 -9999.000 -9999.000 -9999.000 -9999.000 -9999.000 -9999.000 -9999.000 -9999.000 -9999.000 -9999.000 -9999.000 -9999.000 -9999.000 -9999.000 -9999.000 -9999.000 -9999.000 -9999.000 -9999.000 -9999.000 -9999.000 -9999.000 -9999.000 -9999.000 -9999.000 -9999.000 -9999.000 -9999.000 -9999.000 -9999.000 -9999.000 -9999.000 -9999.000 -9999.000 -9999.000 -9999.000 -9999.000 -9999.000 -9999.000 -9999.000 -9999.000 -9999.000 -9999.000 -9999.000 -9999.000
-9999.000 -9999.000 7281.248 7186.981 7098.013 7013.594 6932.821 6854.796 6778.728 6703.972 6630.033 6556.543 6483.237 6409.923 6336.466 6262.771 6188.774 6114.427 6039.702 5964.578 5889.046 5813.100 5736.739 5659.964 5582.780 5505.190 5427.201 5348.818 5270.050 5190.902 5111.382 5031.496 4951.250 4870.653 4789.711 4708.431 4626.819 4544.879 4462.617 4380.040 4297.156 4213.971 4130.488 4046.709 3962.637 3878.275 3793.632 3708.715 3623.529 3538.074 3452.347 3366.343 3280.062 3193.509 3106.693 3019.622 2932.298 2844.720 2756.876 2668.753 2580.335 2491.619 2402.609 2313.314 2223.740 2133.890 2043.764 1953.355 1862.648 1771.620 1680.240 1588.474 1496.303 1403.721 1310.727 1217.313 1123.471 1029.191 934.458 839.255 743.564 647.363 550.629 453.337 355.460 256.969 157.835 58.022 -42.303 -140.540 -225.682 -285.811 -321.079 -339.401 -348.291 -352.477 -354.535 -356.012 -358.610 -366.255 -392.595 -504.387 -9999.000 -9999.000
-9999.000 -9999.000 7281.248 7186.981 7098.013 7013.594 6932.821 6854.796 6778.728 6703.972 6630.033 6556.543 6483.237 6409.923 6336.466 6262.771 6188.774 6114.427 6039.702 5964.578 5889.046 5813.100 5736.739 5659.964 5582.780 5505.190 5427.201 5348.818 5270.050 5190.902 5111.382 5031.496 4951.250 4870.653 4789.711 4708.431 4626.819 4544.879 4462.617 4380.040 4297.156 4213.971 4130.488 4046.709 3962.637 3878.275 3793.632 3708.715 3623.529 3538.074 3452.347 3366.343 3280.062 3193.509 3106.693 3019.622 2932.298 2844.720 2756.876 2668.753 2580.335 2491.619 2402.609 2313.314 2223.740 2133.890 2043.764 1953.355 1862.648 1771.620 1680.240 1588.474 1496.303 1403.721 1310.727 1217.313 1123.471 1029.191 934.458 839.255 743.564 647.363 550.629 453.337 355.460 256.969 157.835 58.022 -42.303 -140.540 -225.682 -285.811 -321.079 -339.401 -348.291 -352.477 -354.535 -356.012 -358.610 -366.255 -392.595 -504.387 -9999.000 -9999.000
-9999.000 -9999.000 7281.248 7186.981 7098.013 7013.594 6932.821 6854.796 6778.728 6703.972 6630.033 6556.543 6483.237 6409.923 6336.466 6262.771 6188.774 6114.427 6039.702 5964.578 5889.046 5813.100 5736.739 5659.964 5582.780 5505.190 5427.201 5348.818 5270.050 5190.902 5111.382 5031.496 4951.250 4870.653 4789.711 4708.431 4626.819 4544.879 4462.617 4380.040 4297.156 4213.971 4130.488 4046.709 3962.637 3878.275 3793.632 3708.715 3623.529 3538.074 3452.347 3366.343 3280.062 3193.509 3106.693 3019.622 2932.298 2844.720 2756.876 2668.753 2580.335 2491.619 2402.609 2313.314 2223.740 2133.890 2043.764 1953.355 1862.648 1771.620 1680.240 1588.474 1496.303 1403.721 1310.727 1217.313 1123.471 1029.191 934.458 839.255 743.564 647.363 550.629 453.337 355.460 256.969 157.835 58.022 -42.303 -140.540 -225.682 -285.811 -321.079 -339.401 -348.291 -352.477 -354.535 -356.012 -358.610 -366.255 -392.595 -504.387 -9999.000 -9999.000
-9999.000 -9999.000 7281.248 7186.981 7098.013 7013.594 6932.821 6854.796 6778.728 6703.972 6630.033 6556.543 6483.237 6409.923 6336.466 6262.771 6188.774 6114.427 6039.702 5964.578 5889.046 5813.100 5736.739 5659.964 5582.780 5505.190 5427.201 5348.818 5270.050 5190.902 5111.382 5031.496 4951.250 4870.653 4789.711 4708.431 4626.819 4544.879 4462.617 4380.040 4297.156 4213.971 4130.488 4046.709 3962.637 3878.275 3793.632 3708.715 3623.529 3538.074 3452.347 3366.343 3280.062 3193.509 3106.693 3019.622 2932.298 2844.720 2756.876 2668.753 2580.335 2491.619 2402.609 2313.314 2223.740 2133.890 2043.764 1953.355 1862.648 1771.620 1680.240 1588.474 1496.303 1403.721 1310.727 1217.313 1123.471 1029.191 934.458 839.255 743.564 647.363 550.629 453.337 355.460 256.969 157.835 58.022 -42.303 -140.540 -225.682 -285.811 -321.079 -339.401 -348.291 -352.477 -354.535 -356.012 -358.610 -366.255 -392.595 -504.387 -9999.000 -9999.000
-9999.000 -9999.000 7281.248 7186.981 7098.013 7013.594 6932.821 6854.796 6778.728 6703.972 6630.033 6556.543 6483.237 6409.923 6336.466 6262.771 6188.774 6114.427 6039.702 5964.578 5889.046 5813.100 5736.739 5659.964 5582.780 5505.190 5427.201 5348.818 5270.050 5190.902 5111.382 5031.496 4951.250 4870.653 4789.711 4708.431 4626.819 4544.879 4462.617 4380.040 4297.156 4213.971 4130.488 4046.709 3962.637 3878.275 3793.632 3708.715 3623.529 3538.074 3452.347 3366.343 3280.062 3193.509 3106.693 3019.622 2932.298 2844.720 2756.876 2668.753 2580.335 2491.619 2402.609 2313.314 2223.740 2133.890 2043.764 1953.355 1862.648 1771.620 1680.240 1588.474 1496.303 1403.721 1310.727 1217.313 1123.471 1029.191 934.458 839.255 743.564 647.363 550.629 453.337 355.460 256.969 157.835 58.022 -42.303 -140.540 -225.682 -285.811 -321.079 -339.401 -348.291 -352.477 -354.535 -356.012 -358.610 -366.255 -392.595 -504.387 -9999.000 -9999.000
-9999.000 -9999.000 7281.248 7186.981 7098.013 7013.594 6932.821 6854.796 6778.728 6703.972 6630.033 6556.543 6483.237 6409.923 6336.466 6262.771 6188.774 6114.427 6039.702 5964.578 5889.046 5813.100 5736.739 5659.964 5582.780 5505.190 5427.201 5348.818 5270.050 5190.902 5111.382 5031.496 4951.250 4870.653 4789.711 4708.431 4626.819 4544.879 4462.617 4380.040 4297.156 4213.971 4130.488 4046.709 3962.637 3878.275 3793.632 3708.715 3623.529 3538.074 3452.347 3366.343 3280.062 3193.509 3106.693 3019.622 2932.298 2844.720 2756.876 2668.753 2580.335 2491.619 2402.609 2313.314 2223.740 2133.890 2043.764 1953.355 1862.648 1771.620 1680.240 1588.474 1496.303 1403.721 1310.727 1217.313 1123.471 1029.191 934.458 839.255 743.564 647.363 550.629 453.337 355.460 256.969 157.835 58.022 -42.303 -140.540 -225.682 -285.811 -321.079 -339.401 -348.291 -352.477 -354.535 -356.012 -358.610 -366.255 -392.595 -504.387 -9999.000 -9999.000
-9999.000 -9999.000 -9999.000 -9999.000 -9999.000 -9999.000 -9999.000 -9999.000 -9999.000 -9999.000 -9999.000 -9999.000 -9999.000 -9999.000 -9999.000 -9999.000 -9999.000 -9999.000 -9999.000 -9999.000 -9999.000 -9999.000 -9999.000 -9999.000 -9999.000 -9999.000 -9999.000 -9999.000 -9999.000 -9999.000 -9999.000 -9999.000 -9999.000 -9999.000 -9999.000 -9999.000 -9999.000 -9999.000 -9999.000 -9999.000 -9999.000 -9999.000 -9999.000 -9999.000 -9999.000 -9999.000 -9999.000 -9999.000 -9999.000 -9999.000 -9999.000 -9999.000 -9999.000 -9999.000 -9999.000 -9999.000 -9999.000 -9999.000 -9999.000 -9999.000 -9999.000 -9999.000 -9999.000 -9999.000 -9999.000 -9999.000 -9999.000 -9999.000 -9999.000 -9999.000 -9999.000 -9999.000 -9999.000 -9999.000 -9999.000 -9999.000 -9999.000 -9999.000 -9999.000 -9999.000 -9999.000 -9999.000 -9999.000 -9999.000 -9999.000 -9999.000 -9999.000 -9999.000 -9999.000 -9999.000 -9999.000 -9999.000 -9999.000 -9999.000 -9999.000 -9999.000 -9999.000 -9999.000 -9999.000 -9999.000 -9999.000 -9999.000 -9999.000 -9999.000
-9999.000 -9999.000 -9999.000 -9999.000 -9999.000 -9999.000 -9999.000 -9999.000 -9999.000 -9999.000 -9999.000 -9999.000 -9999.000 -9999.000 -9999.000 -9999.000 -9999.000 -9999.000 -9999.000 -9999.000 -9999.000 -9999.000 -9999.000 -9999.000 -9999.000 -9999.000 -9999.000 -9999.000 -9999.000 -9999.000 -9999.000 -9999.000 -9999.000 -9999.000 -9999.000 -9999.000 -9999.000 -9999.000 -9999.000 -9999.000 -9999.000 -9999.000 -9999.000 -9999.000 -9999.000 -9999.000 -9999.000 -9999.000 -9999.000 -9999.000 -9999.000 -9999.000 -9999.000 -9999.000 -9999.000 -9999.000 -9999.000 -9999.000 -9999.000 -9999.000 -9999.000 -9999.000 -9999.000 -9999.000 -9999.000 -9999.000 -9999.000 -9999.000 -9999.000 -9999.000 -9999.000 -9999.000 -9999.000 -9999.000 -9999.000 -9999.000 -9999.000 -9999.000 -9999.000 -9999.000 -9999.000 -9999.000 -9999.000 -9999.000 -9999.000 -9999.000 -9999.000 -9999.000 -9999.000 -9999.000 -9999.000 -9999.000 -9999.000 -9999.000 -9999.000 -9999.000 -9999.000 -9999.000 -9999.000 -9999.000 -9999.000 -9999.000 -9999.000 -9999.000