tests/3D/hillslope01/output_maps-METEIO_OFF/psiliqL0025N0001.asc
ncols         104
nrows         10
xllcorner     -2.000000
yllcorner     0.000000
cellsize      1.000000
NODATA_value  -9999.0
-9999.000 -9999.000 -9999.000 -9999.000 -9999.000 -9999.000 -9999.000 -9999.000 -9999.000 -9999.000 -9999.000 -9999.000 -9999.000 -9999.000 -9999.000 -9999.000 -9999.000 -9999.000 -9999.000 -9999.000 -9999.000 -9999.000 -9999.000 -9999.000 -9999.000 -9999.000 -9999.000 -9999.000 -9999.000 -9999.000 -9999.000 -9999.000 -9999.000 -9999.000 -9999.000 -9999.000 -9999.000 -9999.000 -9999.000 -9999.000 -9999.000 -9999.000 -9999.000 -9999.000 -9999.000 -9999.000 -9999.000 -9999.000 -9999.000 -9999.000 -9999.000 -9999.000 -9999.000 -9999.000 -9999.000 -9999.000 -9999.000 -9999.000 -9999.000 -9999.000 -9999.000 -9999.000 -9999.000 -9999.000 -9999.000 -9999.000 -9999.000 -9999.000 -9999.000 -9999.000 -9999.000 -9999.000 -9999.000 -9999.000 -9999.000 -9999.000 -9999.000 -9999.000 -9999.000 -9999.000 -9999.000 -9999.000 -9999.000 -9999.000 -9999.000 -9999.000 -9999.000 -9999.000 -9999.000 -9999.000 -9999.000 -9999.000 -9999.000 -9999.000 -9999.000 -9999.000 -9999.000 -9999.000 -9999.000 -9999.000 -9999.000 -9999.000 -9999.000 -9999.000
-9999.000 -9999.000 -9999.000 -9999.000 -9999.000 -9999.000 -9999.000 -9999.000 -9999.000 -9999.000 -9999.000 -9999.000 -9999.000 -9999.000 -9999.000 -9999.000 -9999.000 -9999.000 -9999.000 -9999.000 -9999.000 -9999.000 -9999.000 -9999.000 -9999.000 -9999.000 -9999.000 -9999.000 -9999.000 -9999.000 -9999.000 -9999.000 -9999.000 -9999.000 -9999.000 -9999.000 -9999.000 -9999.000 -9999.000 -9999.000 -9999.000 -9999.000 -9999.000 -9999.000 -9999.000 -9999.000 -9999.000 -9999.000 -9999.000 -9999.000 -9999.000 -9999.000 -9999.000 -9999.000 -9999.000 -9999.000 -9999.000 -9999.000 -9999.000 -9999.000 -9999.000 -9999.000 -9999.000 -9999.000 -9999.000 -9999.000 -9999.000 -9999.000 -9999.000 -9999.000 -9999.000 -9999.000 -9999.000 -9999.000 -9999.000 -9999.000 -9999.000 -9999.000 -9999.000 -9999.000 -9999.000 -9999.000 -9999.000 -9999.000 -9999.000 -9999.000 -9999.000 -9999.000 -9999.000 -9999.000 -9999.000 -9999.000 -9999.000 -9999.000 -9999.000 -9999.000 -9999.000 -9999.000 -9999.000 -9999.000 -9999.000 -9999.000 -9999.000 -9999.000
-9999.000 -9999.000 1104.743 1004.854 905.359 806.338 707.802 609.752 512.189 415.117 318.538 222.454 126.875 31.805 -62.706 -156.094 -235.606 -290.475 -322.631 -339.754 -348.501 -352.931 -355.223 -356.456 -357.170 -357.608 -357.895 -358.086 -358.213 -358.294 -358.345 -358.375 -358.392 -358.400 -358.402 -358.402 -358.400 -358.396 -358.392 -358.387 -358.382 -358.377 -358.372 -358.366 -358.361 -358.356 -358.350 -358.344 -358.339 -358.333 -358.328 -358.322 -358.316 -358.311 -358.305 -358.300 -358.294 -358.288 -358.283 -358.277 -358.272 -358.266 -358.260 -358.255 -358.249 -358.244 -358.238 -358.232 -358.227 -358.221 -358.216 -358.210 -358.204 -358.199 -358.193 -358.188 -358.182 -358.176 -358.171 -358.165 -358.160 -358.154 -358.149 -358.143 -358.137 -358.132 -358.126 -358.121 -358.115 -358.110 -358.104 -358.098 -358.093 -358.087 -358.082 -358.077 -358.075 -358.096 -358.266 -359.275 -364.475 -388.282 -9999.000 -9999.000
-9999.000 -9999.000 1104.743 1004.854 905.359 806.338 707.802 609.752 512.189 415.117 318.538 222.454 126.875 31.805 -62.706 -156.094 -235.606 -290.475 -322.631 -339.754 -348.501 -352.931 -355.223 -356.456 -357.170 -357.608 -357.895 -358.086 -358.213 -358.294 -358.345 -358.375 -358.392 -358.400 -358.402 -358.402 -358.400 -358.396 -358.392 -358.387 -358.382 -358.377 -358.372 -358.366 -358.361 -358.356 -358.350 -358.344 -358.339 -358.333 -358.328 -358.322 -358.316 -358.311 -358.305 -358.300 -358.294 -358.288 -358.283 -358.277 -358.272 -358.266 -358.260 -358.255 -358.249 -358.244 -358.238 -358.232 -358.227 -358.221 -358.216 -358.210 -358.204 -358.199 -358.193 -358.188 -358.182 -358.176 -358.171 -358.165 -358.160 -358.154 -358.149 -358.143 -358.137 -358.132 -358.126 -358.121 -358.115 -358.110 -358.104 -358.098 -358.093 -358.087 -358.082 -358.077 -358.075 -358.096 -358.266 -359.275 -364.475 -388.282 -9999.000 -9999.000
-9999.000 -9999.000 1104.743 1004.854 905.359 806.338 707.802 609.752 512.189 415.117 318.538 222.454 126.875 31.805 -62.706 -156.094 -235.606 -290.475 -322.631 -339.754 -348.501 -352.931 -355.223 -356.456 -357.170 -357.608 -357.895 -358.086 -358.213 -358.294 -358.345 -358.375 -358.392 -358.400 -358.402 -358.402 -358.400 -358.396 -358.392 -358.387 -358.382 -358.377 -358.372 -358.366 -358.361 -358.356 -358.350 -358.344 -358.339 -358.333 -358.328 -358.322 -358.316 -358.311 -358.305 -358.300 -358.294 -358.288 -358.283 -358.277 -358.272 -358.266 -358.260 -358.255 -358.249 -358.244 -358.238 -358.232 -358.227 -358.221 -358.216 -358.210 -358.204 -358.199 -358.193 -358.188 -358.182 -358.176 -358.171 -358.165 -358.160 -358.154 -358.149 -358.143 -358.137 -358.132 -358.126 -358.121 -358.115 -358.110 -358.104 -358.098 -358.093 -358.087 -358.082 -358.077 -358.075 -358.096 -358.266 -359.275 -364.475 -388.282 -9999.000 -9999.000
-9999.000 -9999.000 1104.743 1004.854 905.359 806.338 707.802 609.752 512.189 415.117 318.538 222.454 126.875 31.805 -62.706 -156.094 -235.606 -290.475 -322.631 -339.754 -348.501 -352.931 -355.223 -356.456 -357.170 -357.608 -357.895 -358.086 -358.213 -358.294 -358.345 -358.375 -358.392 -358.400 -358.402 -358.402 -358.400 -358.396 -358.392 -358.387 -358.382 -358.377 -358.372 -358.366 -358.361 -358.356 -358.350 -358.344 -358.339 -358.333 -358.328 -358.322 -358.316 -358.311 -358.305 -358.300 -358.294 -358.288 -358.283 -358.277 -358.272 -358.266 -358.260 -358.255 -358.249 -358.244 -358.238 -358.232 -358.227 -358.221 -358.216 -358.210 -358.204 -358.199 -358.193 -358.188 -358.182 -358.176 -358.171 -358.165 -358.160 -358.154 -358.149 -358.143 -358.137 -358.132 -358.126 -358.121 -358.115 -358.110 -358.104 -358.098 -358.093 -358.087 -358.082 -358.077 -358.075 -358.096 -358.266 -359.275 -364.475 -388.282 -9999.000 -9999.000
-9999.000 -9999.000 1104.743 1004.854 905.359 806.338 707.802 609.752 512.189 415.117 318.538 222.454 126.875 31.805 -62.706 -156.094 -235.606 -290.475 -322.631 -339.754 -348.501 -352.931 -355.223 -356.456 -357.170 -357.608 -357.895 -358.086 -358.213 -358.294 -358.345 -358.375 -358.392 -358.400 -358.402 -358.402 -358.400 -358.396 -358.392 -358.387 -358.382 -358.377 -358.372 -358.366 -358.361 -358.356 -358.350 -358.344 -358.339 -358.333 -358.328 -358.322 -358.316 -358.311 -358.305 -358.300 -358.294 -358.288 -358.283 -358.277 -358.272 -358.266 -358.260 -358.255 -358.249 -358.244 -358.238 -358.232 -358.227 -358.221 -358.216 -358.210 -358.204 -358.199 -358.193 -358.188 -358.182 -358.176 -358.171 -358.165 -358.160 -358.154 -358.149 -358.143 -358.137 -358.132 -358.126 -358.121 -358.115 -358.110 -358.104 -358.098 -358.093 -358.087 -358.082 -358.077 -358.075 -358.096 -358.266 -359.275 -364.475 -388.282 -9999.000 -9999.000
-9999.000 -9999.000 1104.743 1004.854 905.359 806.338 707.802 609.752 512.189 415.117 318.538 222.454 126.875 31.805 -62.706 -156.094 -235.606 -290.475 -322.631 -339.754 -348.501 -352.931 -355.223 -356.456 -357.170 -357.608 -357.895 -358.086 -358.213 -358.294 -358.345 -358.375 -358.392 -358.400 -358.402 -358.402 -358.400 -358.396 -358.392 -358.387 -358.382 -358.377 -358.372 -358.366 -358.361 -358.356 -358.350 -358.344 -358.339 -358.333 -358.328 -358.322 -358.316 -358.311 -358.305 -358.300 -358.294 -358.288 -358.283 -358.277 -358.272 -358.266 -358.260 -358.255 -358.249 -358.244 -358.238 -358.232 -358.227 -358.221 -358.216 -358.210 -358.204 -358.199 -358.193 -358.188 -358.182 -358.176 -358.171 -358.165 -358.160 -358.154 -358.149 -358.143 -358.137 -358.132 -358.126 -358.121 -358.115 -358.110 -358.104 -358.098 -358.093 -358.087 -358.082 -358.077 -358.075 -358.096 -358.266 -359.275 -364.475 -388.282 -9999.000 -9999.000
-9999.000 -9999.000 -9999.000 -9999.000 -9999.000 -9999.000 -9999.000 -9999.000 -9999.000 -9999.000 -9999.000 -9999.000 -9999.000 -9999.000 -9999.000 -9999.000 -9999.000 -9999.000 -9999.000 -9999.000 -9999.000 -9999.000 -9999.000 -9999.000 -9999.000 -9999.000 -9999.000 -9999.000 -9999.000 -9999.000 -9999.000 -9999.000 -9999.000 -9999.000 -9999.000 -9999.000 -9999.000 -9999.000 -9999.000 -9999.000 -9999.000 -9999.000 -9999.000 -9999.000 -9999.000 -9999.000 -9999.000 -9999.000 -9999.000 -9999.000 -9999.000 -9999.000 -9999.000 -9999.000 -9999.000 -9999.000 -9999.000 -9999.000 -9999.000 -9999.000 -9999.000 -9999.000 -9999.000 -9999.000 -9999.000 -9999.000 -9999.000 -9999.000 -9999.000 -9999.000 -9999.000 -9999.000 -9999.000 -9999.000 -9999.000 -9999.000 -9999.000 -9999.000 -9999.000 -9999.000 -9999.000 -9999.000 -9999.000 -9999.000 -9999.000 -9999.000 -9999.000 -9999.000 -9999.000 -9999.000 -9999.000 -9999.000 -9999.000 -9999.000 -9999.000 -9999.000 -9999.000 -9999.000 -9999.000 -9999.000 -9999.000 -9999.000 -9999.000 -9999.000
-9999.000 -9999.000 -9999.000 -9999.000 -9999.000 -9999.000 -9999.000 -9999.000 -9999.000 -9999.000 -9999.000 -9999.000 -9999.000 -9999.000 -9999.000 -9999.000 -9999.000 -9999.000 -9999.000 -9999.000 -9999.000 -9999.000 -9999.000 -9999.000 -9999.000 -9999.000 -9999.000 -9999.000 -9999.000 -9999.000 -9999.000 -9999.000 -9999.000 -9999.000 -9999.000 -9999.000 -9999.000 -9999.000 -9999.000 -9999.000 -9999.000 -9999.000 -9999.000 -9999.000 -9999.000 -9999.000 -9999.000 -9999.000 -9999.000 -9999.000 -9999.000 -9999.000 -9999.000 -9999.000 -9999.000 -9999.000 -9999.000 -9999.000 -9999.000 -9999.000 -9999.000 -9999.000 -9999.000 -9999.000 -9999.000 -9999.000 -9999.000 -9999.000 -9999.000 -9999.000 -9999.000 -9999.000 -9999.000 -9999.000 -9999.000 -9999.000 -9999.000 -9999.000 -9999.000 -9999.000 -9999.000 -9999.000 -9999.000 -9999.000 -9999.000 -9999.000 -9999.000 -9999.000 -9999.000 -9999.000 -9999.000 -9999.000 -9999.000 -9999.000 -9999.000 -9999.000 -9999.000 -9999.000 -9999.000 -9999.000 -9999.000 -9999.000 -9999.000 -9999.000