tests/3D/hillslope01/output_maps-METEIO_OFF/psiliqL0030N0001.asc
ncols         104
nrows         10
xllcorner     -2.000000
yllcorner     0.000000
cellsize      1.000000
NODATA_value  -9999.0
-9999.000 -9999.000 -9999.000 -9999.000 -9999.000 -9999.000 -9999.000 -9999.000 -9999.000 -9999.000 -9999.000 -9999.000 -9999.000 -9999.000 -9999.000 -9999.000 -9999.000 -9999.000 -9999.000 -9999.000 -9999.000 -9999.000 -9999.000 -9999.000 -9999.000 -9999.000 -9999.000 -9999.000 -9999.000 -9999.000 -9999.000 -9999.000 -9999.000 -9999.000 -9999.000 -9999.000 -9999.000 -9999.000 -9999.000 -9999.000 -9999.000 -9999.000 -9999.000 -9999.000 -9999.000 -9999.000 -9999.000 -9999.000 -9999.000 -9999.000 -9999.000 -9999.000 -9999.000 -9999.000 -9999.000 -9999.000 -9999.000 -9999.000 -9999.000 -9999.000 -9999.000 -9999.000 -9999.000 -9999.000 -9999.000 -9999.000 -9999.000 -9999.000 -9999.000 -9999.000 -9999.000 -9999.000 -9999.000 -9999.000 -9999.000 -9999.000 -9999.000 -9999.000 -9999.000 -9999.000 -9999.000 -9999.000 -9999.000 -9999.000 -9999.000 -9999.000 -9999.000 -9999.000 -9999.000 -9999.000 -9999.000 -9999.000 -9999.000 -9999.000 -9999.000 -9999.000 -9999.000 -9999.000 -9999.000 -9999.000 -9999.000 -9999.000 -9999.000 -9999.000
-9999.000 -9999.000 -9999.000 -9999.000 -9999.000 -9999.000 -9999.000 -9999.000 -9999.000 -9999.000 -9999.000 -9999.000 -9999.000 -9999.000 -9999.000 -9999.000 -9999.000 -9999.000 -9999.000 -9999.000 -9999.000 -9999.000 -9999.000 -9999.000 -9999.000 -9999.000 -9999.000 -9999.000 -9999.000 -9999.000 -9999.000 -9999.000 -9999.000 -9999.000 -9999.000 -9999.000 -9999.000 -9999.000 -9999.000 -9999.000 -9999.000 -9999.000 -9999.000 -9999.000 -9999.000 -9999.000 -9999.000 -9999.000 -9999.000 -9999.000 -9999.000 -9999.000 -9999.000 -9999.000 -9999.000 -9999.000 -9999.000 -9999.000 -9999.000 -9999.000 -9999.000 -9999.000 -9999.000 -9999.000 -9999.000 -9999.000 -9999.000 -9999.000 -9999.000 -9999.000 -9999.000 -9999.000 -9999.000 -9999.000 -9999.000 -9999.000 -9999.000 -9999.000 -9999.000 -9999.000 -9999.000 -9999.000 -9999.000 -9999.000 -9999.000 -9999.000 -9999.000 -9999.000 -9999.000 -9999.000 -9999.000 -9999.000 -9999.000 -9999.000 -9999.000 -9999.000 -9999.000 -9999.000 -9999.000 -9999.000 -9999.000 -9999.000 -9999.000 -9999.000
-9999.000 -9999.000 1601.179 1501.396 1401.986 1303.025 1204.535 1106.525 1009.001 911.967 815.427 719.387 623.855 528.839 434.349 340.397 246.987 154.085 61.776 -29.824 -120.632 -205.436 -271.225 -314.572 -340.891 -356.516 -366.483 -373.118 -377.773 -381.059 -383.336 -384.872 -385.876 -386.518 -386.921 -387.169 -387.320 -387.410 -387.462 -387.490 -387.503 -387.505 -387.501 -387.492 -387.480 -387.466 -387.450 -387.432 -387.411 -387.390 -387.368 -387.346 -387.325 -387.303 -387.281 -387.259 -387.237 -387.215 -387.193 -387.171 -387.149 -387.128 -387.106 -387.084 -387.062 -387.040 -387.018 -386.996 -386.975 -386.953 -386.931 -386.909 -386.888 -386.866 -386.844 -386.822 -386.801 -386.779 -386.757 -386.736 -386.714 -386.692 -386.671 -386.649 -386.628 -386.606 -386.584 -386.563 -386.541 -386.520 -386.498 -386.476 -386.455 -386.433 -386.412 -386.392 -386.389 -386.491 -387.213 -391.089 -409.842 -499.359 -9999.000 -9999.000
-9999.000 -9999.000 1601.179 1501.396 1401.986 1303.025 1204.535 1106.525 1009.001 911.967 815.427 719.387 623.855 528.839 434.349 340.397 246.987 154.085 61.776 -29.824 -120.632 -205.436 -271.225 -314.572 -340.891 -356.516 -366.483 -373.118 -377.773 -381.059 -383.336 -384.872 -385.876 -386.518 -386.921 -387.169 -387.320 -387.410 -387.462 -387.490 -387.503 -387.505 -387.501 -387.492 -387.480 -387.466 -387.450 -387.432 -387.411 -387.390 -387.368 -387.346 -387.325 -387.303 -387.281 -387.259 -387.237 -387.215 -387.193 -387.171 -387.149 -387.128 -387.106 -387.084 -387.062 -387.040 -387.018 -386.996 -386.975 -386.953 -386.931 -386.909 -386.888 -386.866 -386.844 -386.822 -386.801 -386.779 -386.757 -386.736 -386.714 -386.692 -386.671 -386.649 -386.628 -386.606 -386.584 -386.563 -386.541 -386.520 -386.498 -386.476 -386.455 -386.433 -386.412 -386.392 -386.389 -386.491 -387.213 -391.089 -409.842 -499.359 -9999.000 -9999.000
-9999.000 -9999.000 1601.179 1501.396 1401.986 1303.025 1204.535 1106.525 1009.001 911.967 815.427 719.387 623.855 528.839 434.349 340.397 246.987 154.085 61.776 -29.824 -120.632 -205.436 -271.225 -314.572 -340.891 -356.516 -366.483 -373.118 -377.773 -381.059 -383.336 -384.872 -385.876 -386.518 -386.921 -387.169 -387.320 -387.410 -387.462 -387.490 -387.503 -387.505 -387.501 -387.492 -387.480 -387.466 -387.450 -387.432 -387.411 -387.390 -387.368 -387.346 -387.325 -387.303 -387.281 -387.259 -387.237 -387.215 -387.193 -387.171 -387.149 -387.128 -387.106 -387.084 -387.062 -387.040 -387.018 -386.996 -386.975 -386.953 -386.931 -386.909 -386.888 -386.866 -386.844 -386.822 -386.801 -386.779 -386.757 -386.736 -386.714 -386.692 -386.671 -386.649 -386.628 -386.606 -386.584 -386.563 -386.541 -386.520 -386.498 -386.476 -386.455 -386.433 -386.412 -386.392 -386.389 -386.491 -387.212 -391.089 -409.842 -499.359 -9999.000 -9999.000
-9999.000 -9999.000 1601.179 1501.396 1401.986 1303.025 1204.535 1106.525 1009.001 911.967 815.427 719.387 623.855 528.839 434.349 340.397 246.987 154.085 61.776 -29.824 -120.632 -205.436 -271.225 -314.572 -340.891 -356.516 -366.483 -373.118 -377.773 -381.059 -383.336 -384.872 -385.876 -386.518 -386.921 -387.169 -387.320 -387.410 -387.462 -387.490 -387.503 -387.505 -387.501 -387.492 -387.480 -387.466 -387.450 -387.432 -387.411 -387.390 -387.368 -387.346 -387.325 -387.303 -387.281 -387.259 -387.237 -387.215 -387.193 -387.171 -387.149 -387.128 -387.106 -387.084 -387.062 -387.040 -387.018 -386.996 -386.975 -386.953 -386.931 -386.909 -386.888 -386.866 -386.844 -386.822 -386.801 -386.779 -386.757 -386.736 -386.714 -386.692 -386.671 -386.649 -386.628 -386.606 -386.584 -386.563 -386.541 -386.520 -386.498 -386.476 -386.455 -386.433 -386.412 -386.392 -386.389 -386.491 -387.212 -391.089 -409.842 -499.359 -9999.000 -9999.000
-9999.000 -9999.000 1601.179 1501.396 1401.986 1303.025 1204.535 1106.525 1009.001 911.967 815.427 719.387 623.855 528.839 434.349 340.397 246.987 154.085 61.776 -29.824 -120.632 -205.436 -271.225 -314.572 -340.891 -356.516 -366.483 -373.118 -377.773 -381.059 -383.336 -384.872 -385.876 -386.518 -386.921 -387.169 -387.320 -387.410 -387.462 -387.490 -387.503 -387.505 -387.501 -387.492 -387.480 -387.466 -387.450 -387.432 -387.411 -387.390 -387.368 -387.346 -387.325 -387.303 -387.281 -387.259 -387.237 -387.215 -387.193 -387.171 -387.149 -387.128 -387.106 -387.084 -387.062 -387.040 -387.018 -386.996 -386.975 -386.953 -386.931 -386.909 -386.888 -386.866 -386.844 -386.822 -386.801 -386.779 -386.757 -386.736 -386.714 -386.692 -386.671 -386.649 -386.628 -386.606 -386.584 -386.563 -386.541 -386.520 -386.498 -386.476 -386.455 -386.433 -386.412 -386.392 -386.389 -386.491 -387.213 -391.089 -409.842 -499.359 -9999.000 -9999.000
-9999.000 -9999.000 1601.179 1501.396 1401.986 1303.025 1204.535 1106.525 1009.001 911.967 815.427 719.387 623.855 528.839 434.349 340.397 246.987 154.085 61.776 -29.824 -120.632 -205.436 -271.225 -314.572 -340.891 -356.516 -366.483 -373.118 -377.773 -381.059 -383.336 -384.872 -385.876 -386.518 -386.921 -387.169 -387.320 -387.410 -387.462 -387.490 -387.503 -387.505 -387.501 -387.492 -387.480 -387.466 -387.450 -387.432 -387.411 -387.390 -387.368 -387.346 -387.325 -387.303 -387.281 -387.259 -387.237 -387.215 -387.193 -387.171 -387.149 -387.128 -387.106 -387.084 -387.062 -387.040 -387.018 -386.996 -386.975 -386.953 -386.931 -386.909 -386.888 -386.866 -386.844 -386.822 -386.801 -386.779 -386.757 -386.736 -386.714 -386.692 -386.671 -386.649 -386.628 -386.606 -386.584 -386.563 -386.541 -386.520 -386.498 -386.476 -386.455 -386.433 -386.412 -386.392 -386.389 -386.491 -387.213 -391.089 -409.842 -499.359 -9999.000 -9999.000
-9999.000 -9999.000 -9999.000 -9999.000 -9999.000 -9999.000 -9999.000 -9999.000 -9999.000 -9999.000 -9999.000 -9999.000 -9999.000 -9999.000 -9999.000 -9999.000 -9999.000 -9999.000 -9999.000 -9999.000 -9999.000 -9999.000 -9999.000 -9999.000 -9999.000 -9999.000 -9999.000 -9999.000 -9999.000 -9999.000 -9999.000 -9999.000 -9999.000 -9999.000 -9999.000 -9999.000 -9999.000 -9999.000 -9999.000 -9999.000 -9999.000 -9999.000 -9999.000 -9999.000 -9999.000 -9999.000 -9999.000 -9999.000 -9999.000 -9999.000 -9999.000 -9999.000 -9999.000 -9999.000 -9999.000 -9999.000 -9999.000 -9999.000 -9999.000 -9999.000 -9999.000 -9999.000 -9999.000 -9999.000 -9999.000 -9999.000 -9999.000 -9999.000 -9999.000 -9999.000 -9999.000 -9999.000 -9999.000 -9999.000 -9999.000 -9999.000 -9999.000 -9999.000 -9999.000 -9999.000 -9999.000 -9999.000 -9999.000 -9999.000 -9999.000 -9999.000 -9999.000 -9999.000 -9999.000 -9999.000 -9999.000 -9999.000 -9999.000 -9999.000 -9999.000 -9999.000 -9999.000 -9999.000 -9999.000 -9999.000 -9999.000 -9999.000 -9999.000 -9999.000
-9999.000 -9999.000 -9999.000 -9999.000 -9999.000 -9999.000 -9999.000 -9999.000 -9999.000 -9999.000 -9999.000 -9999.000 -9999.000 -9999.000 -9999.000 -9999.000 -9999.000 -9999.000 -9999.000 -9999.000 -9999.000 -9999.000 -9999.000 -9999.000 -9999.000 -9999.000 -9999.000 -9999.000 -9999.000 -9999.000 -9999.000 -9999.000 -9999.000 -9999.000 -9999.000 -9999.000 -9999.000 -9999.000 -9999.000 -9999.000 -9999.000 -9999.000 -9999.000 -9999.000 -9999.000 -9999.000 -9999.000 -9999.000 -9999.000 -9999.000 -9999.000 -9999.000 -9999.000 -9999.000 -9999.000 -9999.000 -9999.000 -9999.000 -9999.000 -9999.000 -9999.000 -9999.000 -9999.000 -9999.000 -9999.000 -9999.000 -9999.000 -9999.000 -9999.000 -9999.000 -9999.000 -9999.000 -9999.000 -9999.000 -9999.000 -9999.000 -9999.000 -9999.000 -9999.000 -9999.000 -9999.000 -9999.000 -9999.000 -9999.000 -9999.000 -9999.000 -9999.000 -9999.000 -9999.000 -9999.000 -9999.000 -9999.000 -9999.000 -9999.000 -9999.000 -9999.000 -9999.000 -9999.000 -9999.000 -9999.000 -9999.000 -9999.000 -9999.000 -9999.000