tests/3D/hillslope01/output_maps-METEIO_OFF/psiliqL0074N0001.asc
ncols         104
nrows         10
xllcorner     -2.000000
yllcorner     0.000000
cellsize      1.000000
NODATA_value  -9999.0
-9999.000 -9999.000 -9999.000 -9999.000 -9999.000 -9999.000 -9999.000 -9999.000 -9999.000 -9999.000 -9999.000 -9999.000 -9999.000 -9999.000 -9999.000 -9999.000 -9999.000 -9999.000 -9999.000 -9999.000 -9999.000 -9999.000 -9999.000 -9999.000 -9999.000 -9999.000 -9999.000 -9999.000 -9999.000 -9999.000 -9999.000 -9999.000 -9999.000 -9999.000 -9999.000 -9999.000 -9999.000 -9999.000 -9999.000 -9999.000 -9999.000 -9999.000 -9999.000 -9999.000 -9999.000 -9999.000 -9999.000 -9999.000 -9999.000 -9999.000 -9999.000 -9999.000 -9999.000 -9999.000 -9999.000 -9999.000 -9999.000 -9999.000 -9999.000 -9999.000 -9999.000 -9999.000 -9999.000 -9999.000 -9999.000 -9999.000 -9999.000 -9999.000 -9999.000 -9999.000 -9999.000 -9999.000 -9999.000 -9999.000 -9999.000 -9999.000 -9999.000 -9999.000 -9999.000 -9999.000 -9999.000 -9999.000 -9999.000 -9999.000 -9999.000 -9999.000 -9999.000 -9999.000 -9999.000 -9999.000 -9999.000 -9999.000 -9999.000 -9999.000 -9999.000 -9999.000 -9999.000 -9999.000 -9999.000 -9999.000 -9999.000 -9999.000 -9999.000 -9999.000
-9999.000 -9999.000 -9999.000 -9999.000 -9999.000 -9999.000 -9999.000 -9999.000 -9999.000 -9999.000 -9999.000 -9999.000 -9999.000 -9999.000 -9999.000 -9999.000 -9999.000 -9999.000 -9999.000 -9999.000 -9999.000 -9999.000 -9999.000 -9999.000 -9999.000 -9999.000 -9999.000 -9999.000 -9999.000 -9999.000 -9999.000 -9999.000 -9999.000 -9999.000 -9999.000 -9999.000 -9999.000 -9999.000 -9999.000 -9999.000 -9999.000 -9999.000 -9999.000 -9999.000 -9999.000 -9999.000 -9999.000 -9999.000 -9999.000 -9999.000 -9999.000 -9999.000 -9999.000 -9999.000 -9999.000 -9999.000 -9999.000 -9999.000 -9999.000 -9999.000 -9999.000 -9999.000 -9999.000 -9999.000 -9999.000 -9999.000 -9999.000 -9999.000 -9999.000 -9999.000 -9999.000 -9999.000 -9999.000 -9999.000 -9999.000 -9999.000 -9999.000 -9999.000 -9999.000 -9999.000 -9999.000 -9999.000 -9999.000 -9999.000 -9999.000 -9999.000 -9999.000 -9999.000 -9999.000 -9999.000 -9999.000 -9999.000 -9999.000 -9999.000 -9999.000 -9999.000 -9999.000 -9999.000 -9999.000 -9999.000 -9999.000 -9999.000 -9999.000 -9999.000
-9999.000 -9999.000 5966.415 5866.845 5767.713 5669.026 5570.797 5473.037 5375.760 5278.976 5182.698 5086.940 4991.714 4897.037 4802.924 4709.393 4616.467 4524.168 4432.524 4341.566 4251.326 4161.843 4073.168 3985.365 3898.530 3812.792 3728.313 3645.280 3563.885 3484.310 3406.703 3331.179 3257.800 3186.577 3117.478 3050.441 2985.385 2922.218 2860.847 2801.169 2743.097 2686.530 2631.385 2577.565 2524.987 2473.558 2423.196 2373.811 2325.325 2277.641 2230.694 2184.380 2138.664 2093.442 2048.668 2004.248 1960.122 1916.223 1872.464 1828.829 1785.201 1741.602 1697.909 1654.098 1610.087 1565.806 1521.243 1476.261 1430.940 1385.080 1338.797 1291.875 1244.404 1196.189 1147.313 1097.582 1047.096 995.623 943.328 889.868 835.567 779.956 723.396 665.531 606.354 545.985 483.887 420.630 355.831 289.000 220.898 151.031 78.958 4.839 -69.842 -144.157 -215.918 -282.624 -342.265 -394.056 -438.519 -481.218 -9999.000 -9999.000
-9999.000 -9999.000 5966.415 5866.845 5767.713 5669.026 5570.797 5473.037 5375.760 5278.976 5182.698 5086.940 4991.714 4897.037 4802.924 4709.393 4616.467 4524.168 4432.524 4341.566 4251.326 4161.843 4073.168 3985.365 3898.530 3812.792 3728.313 3645.280 3563.885 3484.310 3406.703 3331.179 3257.800 3186.577 3117.478 3050.441 2985.385 2922.218 2860.847 2801.169 2743.097 2686.530 2631.385 2577.565 2524.987 2473.558 2423.196 2373.811 2325.325 2277.641 2230.694 2184.380 2138.664 2093.442 2048.668 2004.248 1960.122 1916.223 1872.464 1828.829 1785.201 1741.602 1697.909 1654.098 1610.087 1565.806 1521.243 1476.261 1430.940 1385.080 1338.797 1291.875 1244.404 1196.189 1147.313 1097.582 1047.096 995.623 943.328 889.868 835.567 779.956 723.396 665.531 606.354 545.985 483.887 420.630 355.831 289.000 220.898 151.031 78.958 4.839 -69.842 -144.157 -215.918 -282.624 -342.265 -394.056 -438.519 -481.218 -9999.000 -9999.000
-9999.000 -9999.000 5966.415 5866.845 5767.713 5669.026 5570.797 5473.037 5375.760 5278.976 5182.698 5086.940 4991.714 4897.037 4802.924 4709.393 4616.467 4524.168 4432.524 4341.566 4251.326 4161.843 4073.168 3985.365 3898.530 3812.792 3728.313 3645.280 3563.885 3484.310 3406.703 3331.179 3257.800 3186.577 3117.478 3050.441 2985.385 2922.218 2860.847 2801.169 2743.097 2686.530 2631.385 2577.565 2524.987 2473.558 2423.196 2373.811 2325.325 2277.641 2230.694 2184.380 2138.664 2093.442 2048.668 2004.248 1960.122 1916.223 1872.464 1828.829 1785.201 1741.602 1697.909 1654.098 1610.087 1565.806 1521.243 1476.261 1430.940 1385.080 1338.797 1291.875 1244.404 1196.189 1147.313 1097.582 1047.096 995.623 943.328 889.868 835.567 779.956 723.396 665.531 606.354 545.985 483.887 420.630 355.831 289.000 220.898 151.031 78.958 4.839 -69.842 -144.157 -215.918 -282.624 -342.265 -394.056 -438.519 -481.218 -9999.000 -9999.000
-9999.000 -9999.000 5966.415 5866.845 5767.713 5669.026 5570.797 5473.037 5375.760 5278.976 5182.698 5086.940 4991.714 4897.037 4802.924 4709.393 4616.467 4524.168 4432.524 4341.566 4251.326 4161.843 4073.168 3985.365 3898.530 3812.792 3728.313 3645.280 3563.885 3484.310 3406.703 3331.179 3257.800 3186.577 3117.478 3050.441 2985.385 2922.218 2860.847 2801.169 2743.097 2686.530 2631.385 2577.565 2524.987 2473.558 2423.196 2373.811 2325.325 2277.641 2230.694 2184.380 2138.664 2093.442 2048.668 2004.248 1960.122 1916.223 1872.464 1828.829 1785.201 1741.602 1697.909 1654.098 1610.087 1565.806 1521.243 1476.261 1430.940 1385.080 1338.797 1291.875 1244.404 1196.189 1147.313 1097.582 1047.096 995.623 943.328 889.868 835.567 779.956 723.396 665.531 606.354 545.985 483.887 420.630 355.831 289.000 220.898 151.031 78.958 4.839 -69.842 -144.157 -215.918 -282.624 -342.265 -394.056 -438.519 -481.218 -9999.000 -9999.000
-9999.000 -9999.000 5966.415 5866.845 5767.713 5669.026 5570.797 5473.037 5375.760 5278.976 5182.698 5086.940 4991.714 4897.037 4802.924 4709.393 4616.467 4524.168 4432.524 4341.566 4251.326 4161.843 4073.168 3985.365 3898.530 3812.792 3728.313 3645.280 3563.885 3484.310 3406.703 3331.179 3257.800 3186.577 3117.478 3050.441 2985.385 2922.218 2860.847 2801.169 2743.097 2686.530 2631.385 2577.565 2524.987 2473.558 2423.196 2373.811 2325.325 2277.641 2230.694 2184.380 2138.664 2093.442 2048.668 2004.248 1960.122 1916.223 1872.464 1828.829 1785.201 1741.602 1697.909 1654.098 1610.087 1565.806 1521.243 1476.261 1430.940 1385.080 1338.797 1291.875 1244.404 1196.189 1147.313 1097.582 1047.096 995.623 943.328 889.868 835.567 779.956 723.396 665.531 606.354 545.985 483.887 420.630 355.831 289.000 220.898 151.031 78.958 4.839 -69.842 -144.157 -215.918 -282.624 -342.265 -394.056 -438.519 -481.218 -9999.000 -9999.000
-9999.000 -9999.000 5966.415 5866.845 5767.713 5669.026 5570.797 5473.037 5375.760 5278.976 5182.698 5086.940 4991.714 4897.037 4802.924 4709.393 4616.467 4524.168 4432.524 4341.566 4251.326 4161.843 4073.168 3985.365 3898.530 3812.792 3728.313 3645.280 3563.885 3484.310 3406.703 3331.179 3257.800 3186.577 3117.478 3050.441 2985.385 2922.218 2860.847 2801.169 2743.097 2686.530 2631.385 2577.565 2524.987 2473.558 2423.196 2373.811 2325.325 2277.641 2230.694 2184.380 2138.664 2093.442 2048.668 2004.248 1960.122 1916.223 1872.464 1828.829 1785.201 1741.602 1697.909 1654.098 1610.087 1565.806 1521.243 1476.261 1430.940 1385.080 1338.797 1291.875 1244.404 1196.189 1147.313 1097.582 1047.096 995.623 943.328 889.868 835.567 779.956 723.396 665.531 606.354 545.985 483.887 420.630 355.831 289.000 220.898 151.031 78.958 4.839 -69.842 -144.157 -215.918 -282.624 -342.265 -394.056 -438.519 -481.218 -9999.000 -9999.000
-9999.000 -9999.000 -9999.000 -9999.000 -9999.000 -9999.000 -9999.000 -9999.000 -9999.000 -9999.000 -9999.000 -9999.000 -9999.000 -9999.000 -9999.000 -9999.000 -9999.000 -9999.000 -9999.000 -9999.000 -9999.000 -9999.000 -9999.000 -9999.000 -9999.000 -9999.000 -9999.000 -9999.000 -9999.000 -9999.000 -9999.000 -9999.000 -9999.000 -9999.000 -9999.000 -9999.000 -9999.000 -9999.000 -9999.000 -9999.000 -9999.000 -9999.000 -9999.000 -9999.000 -9999.000 -9999.000 -9999.000 -9999.000 -9999.000 -9999.000 -9999.000 -9999.000 -9999.000 -9999.000 -9999.000 -9999.000 -9999.000 -9999.000 -9999.000 -9999.000 -9999.000 -9999.000 -9999.000 -9999.000 -9999.000 -9999.000 -9999.000 -9999.000 -9999.000 -9999.000 -9999.000 -9999.000 -9999.000 -9999.000 -9999.000 -9999.000 -9999.000 -9999.000 -9999.000 -9999.000 -9999.000 -9999.000 -9999.000 -9999.000 -9999.000 -9999.000 -9999.000 -9999.000 -9999.000 -9999.000 -9999.000 -9999.000 -9999.000 -9999.000 -9999.000 -9999.000 -9999.000 -9999.000 -9999.000 -9999.000 -9999.000 -9999.000 -9999.000 -9999.000
-9999.000 -9999.000 -9999.000 -9999.000 -9999.000 -9999.000 -9999.000 -9999.000 -9999.000 -9999.000 -9999.000 -9999.000 -9999.000 -9999.000 -9999.000 -9999.000 -9999.000 -9999.000 -9999.000 -9999.000 -9999.000 -9999.000 -9999.000 -9999.000 -9999.000 -9999.000 -9999.000 -9999.000 -9999.000 -9999.000 -9999.000 -9999.000 -9999.000 -9999.000 -9999.000 -9999.000 -9999.000 -9999.000 -9999.000 -9999.000 -9999.000 -9999.000 -9999.000 -9999.000 -9999.000 -9999.000 -9999.000 -9999.000 -9999.000 -9999.000 -9999.000 -9999.000 -9999.000 -9999.000 -9999.000 -9999.000 -9999.000 -9999.000 -9999.000 -9999.000 -9999.000 -9999.000 -9999.000 -9999.000 -9999.000 -9999.000 -9999.000 -9999.000 -9999.000 -9999.000 -9999.000 -9999.000 -9999.000 -9999.000 -9999.000 -9999.000 -9999.000 -9999.000 -9999.000 -9999.000 -9999.000 -9999.000 -9999.000 -9999.000 -9999.000 -9999.000 -9999.000 -9999.000 -9999.000 -9999.000 -9999.000 -9999.000 -9999.000 -9999.000 -9999.000 -9999.000 -9999.000 -9999.000 -9999.000 -9999.000 -9999.000 -9999.000 -9999.000 -9999.000