tests/3D/hillslope01/output_maps-METEIO_OFF/psiliqL0073N0002.asc
ncols         104
nrows         10
xllcorner     -2.000000
yllcorner     0.000000
cellsize      1.000000
NODATA_value  -9999.0
-9999.000 -9999.000 -9999.000 -9999.000 -9999.000 -9999.000 -9999.000 -9999.000 -9999.000 -9999.000 -9999.000 -9999.000 -9999.000 -9999.000 -9999.000 -9999.000 -9999.000 -9999.000 -9999.000 -9999.000 -9999.000 -9999.000 -9999.000 -9999.000 -9999.000 -9999.000 -9999.000 -9999.000 -9999.000 -9999.000 -9999.000 -9999.000 -9999.000 -9999.000 -9999.000 -9999.000 -9999.000 -9999.000 -9999.000 -9999.000 -9999.000 -9999.000 -9999.000 -9999.000 -9999.000 -9999.000 -9999.000 -9999.000 -9999.000 -9999.000 -9999.000 -9999.000 -9999.000 -9999.000 -9999.000 -9999.000 -9999.000 -9999.000 -9999.000 -9999.000 -9999.000 -9999.000 -9999.000 -9999.000 -9999.000 -9999.000 -9999.000 -9999.000 -9999.000 -9999.000 -9999.000 -9999.000 -9999.000 -9999.000 -9999.000 -9999.000 -9999.000 -9999.000 -9999.000 -9999.000 -9999.000 -9999.000 -9999.000 -9999.000 -9999.000 -9999.000 -9999.000 -9999.000 -9999.000 -9999.000 -9999.000 -9999.000 -9999.000 -9999.000 -9999.000 -9999.000 -9999.000 -9999.000 -9999.000 -9999.000 -9999.000 -9999.000 -9999.000 -9999.000
-9999.000 -9999.000 -9999.000 -9999.000 -9999.000 -9999.000 -9999.000 -9999.000 -9999.000 -9999.000 -9999.000 -9999.000 -9999.000 -9999.000 -9999.000 -9999.000 -9999.000 -9999.000 -9999.000 -9999.000 -9999.000 -9999.000 -9999.000 -9999.000 -9999.000 -9999.000 -9999.000 -9999.000 -9999.000 -9999.000 -9999.000 -9999.000 -9999.000 -9999.000 -9999.000 -9999.000 -9999.000 -9999.000 -9999.000 -9999.000 -9999.000 -9999.000 -9999.000 -9999.000 -9999.000 -9999.000 -9999.000 -9999.000 -9999.000 -9999.000 -9999.000 -9999.000 -9999.000 -9999.000 -9999.000 -9999.000 -9999.000 -9999.000 -9999.000 -9999.000 -9999.000 -9999.000 -9999.000 -9999.000 -9999.000 -9999.000 -9999.000 -9999.000 -9999.000 -9999.000 -9999.000 -9999.000 -9999.000 -9999.000 -9999.000 -9999.000 -9999.000 -9999.000 -9999.000 -9999.000 -9999.000 -9999.000 -9999.000 -9999.000 -9999.000 -9999.000 -9999.000 -9999.000 -9999.000 -9999.000 -9999.000 -9999.000 -9999.000 -9999.000 -9999.000 -9999.000 -9999.000 -9999.000 -9999.000 -9999.000 -9999.000 -9999.000 -9999.000 -9999.000
-9999.000 -9999.000 7582.483 7487.977 7398.580 7313.615 7232.259 7153.677 7077.115 7001.946 6927.674 6853.924 6780.419 6706.956 6633.390 6559.615 6485.561 6411.174 6336.421 6261.280 6185.738 6109.786 6033.422 5956.648 5879.466 5801.880 5723.895 5645.518 5566.754 5487.612 5408.098 5328.217 5247.977 5167.386 5086.449 5005.174 4923.567 4841.632 4759.375 4676.804 4593.924 4510.743 4427.263 4343.487 4259.419 4175.061 4090.423 4005.508 3920.324 3834.869 3749.142 3663.138 3576.860 3490.310 3403.497 3316.426 3229.100 3141.517 3053.667 2965.537 2877.116 2788.400 2699.392 2610.098 2520.523 2430.670 2340.537 2250.116 2159.393 2068.347 1976.948 1885.167 1792.986 1700.396 1607.393 1513.970 1420.118 1325.825 1231.078 1135.859 1040.150 943.930 847.175 749.861 651.960 553.445 454.287 354.452 253.918 152.668 50.671 -51.852 -151.681 -236.177 -293.682 -326.192 -342.705 -351.214 -357.717 -369.878 -413.897 -595.269 -9999.000 -9999.000
-9999.000 -9999.000 7582.483 7487.977 7398.580 7313.615 7232.259 7153.677 7077.115 7001.946 6927.674 6853.924 6780.419 6706.956 6633.390 6559.615 6485.561 6411.174 6336.421 6261.280 6185.738 6109.786 6033.422 5956.648 5879.466 5801.880 5723.895 5645.518 5566.754 5487.612 5408.098 5328.217 5247.977 5167.386 5086.449 5005.174 4923.567 4841.632 4759.375 4676.804 4593.924 4510.743 4427.263 4343.487 4259.419 4175.061 4090.423 4005.508 3920.324 3834.869 3749.142 3663.138 3576.860 3490.310 3403.497 3316.426 3229.100 3141.517 3053.667 2965.537 2877.116 2788.400 2699.392 2610.098 2520.523 2430.670 2340.537 2250.116 2159.393 2068.347 1976.948 1885.167 1792.986 1700.396 1607.393 1513.970 1420.118 1325.825 1231.078 1135.859 1040.150 943.930 847.175 749.861 651.960 553.445 454.287 354.452 253.918 152.668 50.671 -51.852 -151.681 -236.177 -293.682 -326.192 -342.705 -351.214 -357.717 -369.878 -413.897 -595.269 -9999.000 -9999.000
-9999.000 -9999.000 7582.483 7487.977 7398.580 7313.615 7232.259 7153.677 7077.115 7001.946 6927.674 6853.924 6780.419 6706.956 6633.390 6559.615 6485.561 6411.174 6336.421 6261.280 6185.738 6109.786 6033.422 5956.648 5879.466 5801.880 5723.895 5645.518 5566.754 5487.612 5408.098 5328.217 5247.977 5167.386 5086.449 5005.174 4923.567 4841.632 4759.375 4676.804 4593.924 4510.743 4427.263 4343.487 4259.419 4175.061 4090.423 4005.508 3920.324 3834.869 3749.142 3663.138 3576.860 3490.310 3403.497 3316.426 3229.100 3141.517 3053.667 2965.537 2877.116 2788.400 2699.392 2610.098 2520.523 2430.670 2340.537 2250.116 2159.393 2068.347 1976.948 1885.167 1792.986 1700.396 1607.393 1513.970 1420.118 1325.825 1231.078 1135.859 1040.150 943.930 847.175 749.861 651.960 553.445 454.287 354.452 253.918 152.668 50.671 -51.852 -151.681 -236.177 -293.682 -326.192 -342.705 -351.214 -357.717 -369.878 -413.897 -595.269 -9999.000 -9999.000
-9999.000 -9999.000 7582.483 7487.977 7398.580 7313.615 7232.259 7153.677 7077.115 7001.946 6927.674 6853.924 6780.419 6706.956 6633.390 6559.615 6485.561 6411.174 6336.421 6261.280 6185.738 6109.786 6033.422 5956.648 5879.466 5801.880 5723.895 5645.518 5566.754 5487.612 5408.098 5328.217 5247.977 5167.386 5086.449 5005.174 4923.567 4841.632 4759.375 4676.804 4593.924 4510.743 4427.263 4343.487 4259.419 4175.061 4090.423 4005.508 3920.324 3834.869 3749.142 3663.138 3576.860 3490.310 3403.497 3316.426 3229.100 3141.517 3053.667 2965.537 2877.116 2788.400 2699.392 2610.098 2520.523 2430.670 2340.537 2250.116 2159.393 2068.347 1976.948 1885.167 1792.986 1700.396 1607.393 1513.970 1420.118 1325.825 1231.078 1135.859 1040.150 943.930 847.175 749.861 651.960 553.445 454.287 354.452 253.918 152.668 50.671 -51.852 -151.681 -236.177 -293.682 -326.192 -342.705 -351.214 -357.717 -369.878 -413.897 -595.269 -9999.000 -9999.000
-9999.000 -9999.000 7582.483 7487.977 7398.580 7313.615 7232.259 7153.677 7077.115 7001.946 6927.674 6853.924 6780.419 6706.956 6633.390 6559.615 6485.561 6411.174 6336.421 6261.280 6185.738 6109.786 6033.422 5956.648 5879.466 5801.880 5723.895 5645.518 5566.754 5487.612 5408.098 5328.217 5247.977 5167.386 5086.449 5005.174 4923.567 4841.632 4759.375 4676.804 4593.924 4510.743 4427.263 4343.487 4259.419 4175.061 4090.423 4005.508 3920.324 3834.869 3749.142 3663.138 3576.860 3490.310 3403.497 3316.426 3229.100 3141.517 3053.667 2965.537 2877.116 2788.400 2699.392 2610.098 2520.523 2430.670 2340.537 2250.116 2159.393 2068.347 1976.948 1885.167 1792.986 1700.396 1607.393 1513.970 1420.118 1325.825 1231.078 1135.859 1040.150 943.930 847.175 749.861 651.960 553.445 454.287 354.452 253.918 152.668 50.671 -51.852 -151.681 -236.177 -293.682 -326.192 -342.705 -351.214 -357.717 -369.878 -413.897 -595.269 -9999.000 -9999.000
-9999.000 -9999.000 7582.483 7487.977 7398.580 7313.615 7232.259 7153.677 7077.115 7001.946 6927.674 6853.924 6780.419 6706.956 6633.390 6559.615 6485.561 6411.174 6336.421 6261.280 6185.738 6109.786 6033.422 5956.648 5879.466 5801.880 5723.895 5645.518 5566.754 5487.612 5408.098 5328.217 5247.977 5167.386 5086.449 5005.174 4923.567 4841.632 4759.375 4676.804 4593.924 4510.743 4427.263 4343.487 4259.419 4175.061 4090.423 4005.508 3920.324 3834.869 3749.142 3663.138 3576.860 3490.310 3403.497 3316.426 3229.100 3141.517 3053.667 2965.537 2877.116 2788.400 2699.392 2610.098 2520.523 2430.670 2340.537 2250.116 2159.393 2068.347 1976.948 1885.167 1792.986 1700.396 1607.393 1513.970 1420.118 1325.825 1231.078 1135.859 1040.150 943.930 847.175 749.861 651.960 553.445 454.287 354.452 253.918 152.668 50.671 -51.852 -151.681 -236.177 -293.682 -326.192 -342.705 -351.214 -357.717 -369.878 -413.897 -595.269 -9999.000 -9999.000
-9999.000 -9999.000 -9999.000 -9999.000 -9999.000 -9999.000 -9999.000 -9999.000 -9999.000 -9999.000 -9999.000 -9999.000 -9999.000 -9999.000 -9999.000 -9999.000 -9999.000 -9999.000 -9999.000 -9999.000 -9999.000 -9999.000 -9999.000 -9999.000 -9999.000 -9999.000 -9999.000 -9999.000 -9999.000 -9999.000 -9999.000 -9999.000 -9999.000 -9999.000 -9999.000 -9999.000 -9999.000 -9999.000 -9999.000 -9999.000 -9999.000 -9999.000 -9999.000 -9999.000 -9999.000 -9999.000 -9999.000 -9999.000 -9999.000 -9999.000 -9999.000 -9999.000 -9999.000 -9999.000 -9999.000 -9999.000 -9999.000 -9999.000 -9999.000 -9999.000 -9999.000 -9999.000 -9999.000 -9999.000 -9999.000 -9999.000 -9999.000 -9999.000 -9999.000 -9999.000 -9999.000 -9999.000 -9999.000 -9999.000 -9999.000 -9999.000 -9999.000 -9999.000 -9999.000 -9999.000 -9999.000 -9999.000 -9999.000 -9999.000 -9999.000 -9999.000 -9999.000 -9999.000 -9999.000 -9999.000 -9999.000 -9999.000 -9999.000 -9999.000 -9999.000 -9999.000 -9999.000 -9999.000 -9999.000 -9999.000 -9999.000 -9999.000 -9999.000 -9999.000
-9999.000 -9999.000 -9999.000 -9999.000 -9999.000 -9999.000 -9999.000 -9999.000 -9999.000 -9999.000 -9999.000 -9999.000 -9999.000 -9999.000 -9999.000 -9999.000 -9999.000 -9999.000 -9999.000 -9999.000 -9999.000 -9999.000 -9999.000 -9999.000 -9999.000 -9999.000 -9999.000 -9999.000 -9999.000 -9999.000 -9999.000 -9999.000 -9999.000 -9999.000 -9999.000 -9999.000 -9999.000 -9999.000 -9999.000 -9999.000 -9999.000 -9999.000 -9999.000 -9999.000 -9999.000 -9999.000 -9999.000 -9999.000 -9999.000 -9999.000 -9999.000 -9999.000 -9999.000 -9999.000 -9999.000 -9999.000 -9999.000 -9999.000 -9999.000 -9999.000 -9999.000 -9999.000 -9999.000 -9999.000 -9999.000 -9999.000 -9999.000 -9999.000 -9999.000 -9999.000 -9999.000 -9999.000 -9999.000 -9999.000 -9999.000 -9999.000 -9999.000 -9999.000 -9999.000 -9999.000 -9999.000 -9999.000 -9999.000 -9999.000 -9999.000 -9999.000 -9999.000 -9999.000 -9999.000 -9999.000 -9999.000 -9999.000 -9999.000 -9999.000 -9999.000 -9999.000 -9999.000 -9999.000 -9999.000 -9999.000 -9999.000 -9999.000 -9999.000 -9999.000