tests/3D/hillslope01/output_maps-METEIO_OFF/psiliqL0090N0001.asc
ncols         104
nrows         10
xllcorner     -2.000000
yllcorner     0.000000
cellsize      1.000000
NODATA_value  -9999.0
-9999.000 -9999.000 -9999.000 -9999.000 -9999.000 -9999.000 -9999.000 -9999.000 -9999.000 -9999.000 -9999.000 -9999.000 -9999.000 -9999.000 -9999.000 -9999.000 -9999.000 -9999.000 -9999.000 -9999.000 -9999.000 -9999.000 -9999.000 -9999.000 -9999.000 -9999.000 -9999.000 -9999.000 -9999.000 -9999.000 -9999.000 -9999.000 -9999.000 -9999.000 -9999.000 -9999.000 -9999.000 -9999.000 -9999.000 -9999.000 -9999.000 -9999.000 -9999.000 -9999.000 -9999.000 -9999.000 -9999.000 -9999.000 -9999.000 -9999.000 -9999.000 -9999.000 -9999.000 -9999.000 -9999.000 -9999.000 -9999.000 -9999.000 -9999.000 -9999.000 -9999.000 -9999.000 -9999.000 -9999.000 -9999.000 -9999.000 -9999.000 -9999.000 -9999.000 -9999.000 -9999.000 -9999.000 -9999.000 -9999.000 -9999.000 -9999.000 -9999.000 -9999.000 -9999.000 -9999.000 -9999.000 -9999.000 -9999.000 -9999.000 -9999.000 -9999.000 -9999.000 -9999.000 -9999.000 -9999.000 -9999.000 -9999.000 -9999.000 -9999.000 -9999.000 -9999.000 -9999.000 -9999.000 -9999.000 -9999.000 -9999.000 -9999.000 -9999.000 -9999.000
-9999.000 -9999.000 -9999.000 -9999.000 -9999.000 -9999.000 -9999.000 -9999.000 -9999.000 -9999.000 -9999.000 -9999.000 -9999.000 -9999.000 -9999.000 -9999.000 -9999.000 -9999.000 -9999.000 -9999.000 -9999.000 -9999.000 -9999.000 -9999.000 -9999.000 -9999.000 -9999.000 -9999.000 -9999.000 -9999.000 -9999.000 -9999.000 -9999.000 -9999.000 -9999.000 -9999.000 -9999.000 -9999.000 -9999.000 -9999.000 -9999.000 -9999.000 -9999.000 -9999.000 -9999.000 -9999.000 -9999.000 -9999.000 -9999.000 -9999.000 -9999.000 -9999.000 -9999.000 -9999.000 -9999.000 -9999.000 -9999.000 -9999.000 -9999.000 -9999.000 -9999.000 -9999.000 -9999.000 -9999.000 -9999.000 -9999.000 -9999.000 -9999.000 -9999.000 -9999.000 -9999.000 -9999.000 -9999.000 -9999.000 -9999.000 -9999.000 -9999.000 -9999.000 -9999.000 -9999.000 -9999.000 -9999.000 -9999.000 -9999.000 -9999.000 -9999.000 -9999.000 -9999.000 -9999.000 -9999.000 -9999.000 -9999.000 -9999.000 -9999.000 -9999.000 -9999.000 -9999.000 -9999.000 -9999.000 -9999.000 -9999.000 -9999.000 -9999.000 -9999.000
-9999.000 -9999.000 7551.852 7452.294 7353.182 7254.522 7156.324 7058.598 6961.355 6864.609 6768.371 6672.655 6577.476 6482.851 6388.795 6295.331 6202.479 6110.267 6018.723 5927.883 5837.786 5748.483 5660.036 5572.524 5486.045 5400.723 5316.699 5234.127 5153.164 5073.956 4996.629 4921.277 4847.959 4776.697 4707.477 4640.258 4574.981 4511.568 4449.936 4389.995 4331.657 4274.829 4219.421 4165.344 4112.510 4060.830 4010.218 3960.589 3911.859 3863.945 3816.766 3770.245 3724.308 3678.882 3633.895 3589.275 3544.952 3500.860 3456.933 3413.112 3369.335 3325.548 3281.688 3237.697 3193.514 3149.081 3104.343 3059.244 3013.738 2967.769 2921.291 2874.245 2826.582 2778.241 2729.175 2679.323 2628.639 2577.061 2524.544 2471.023 2416.464 2360.794 2303.976 2245.934 2186.604 2125.925 2063.812 2000.233 1935.091 1868.283 1799.784 1729.473 1657.213 1582.928 1506.542 1427.874 1346.734 1262.959 1176.401 1086.897 994.181 897.933 -9999.000 -9999.000
-9999.000 -9999.000 7551.852 7452.294 7353.182 7254.522 7156.324 7058.598 6961.355 6864.609 6768.371 6672.655 6577.476 6482.851 6388.795 6295.331 6202.479 6110.267 6018.723 5927.883 5837.786 5748.483 5660.036 5572.524 5486.045 5400.723 5316.699 5234.127 5153.164 5073.956 4996.629 4921.277 4847.959 4776.697 4707.477 4640.258 4574.981 4511.568 4449.936 4389.995 4331.657 4274.829 4219.421 4165.344 4112.510 4060.830 4010.218 3960.589 3911.859 3863.945 3816.766 3770.245 3724.308 3678.882 3633.895 3589.275 3544.952 3500.860 3456.933 3413.112 3369.335 3325.548 3281.688 3237.697 3193.514 3149.081 3104.343 3059.244 3013.738 2967.769 2921.291 2874.245 2826.582 2778.241 2729.175 2679.323 2628.639 2577.061 2524.544 2471.023 2416.464 2360.794 2303.976 2245.934 2186.604 2125.925 2063.812 2000.233 1935.091 1868.283 1799.784 1729.473 1657.213 1582.928 1506.542 1427.874 1346.734 1262.959 1176.401 1086.897 994.181 897.933 -9999.000 -9999.000
-9999.000 -9999.000 7551.852 7452.294 7353.182 7254.522 7156.324 7058.598 6961.355 6864.609 6768.371 6672.655 6577.476 6482.851 6388.795 6295.331 6202.479 6110.267 6018.723 5927.883 5837.786 5748.483 5660.036 5572.524 5486.045 5400.723 5316.699 5234.127 5153.164 5073.956 4996.629 4921.277 4847.959 4776.697 4707.477 4640.258 4574.981 4511.568 4449.936 4389.995 4331.657 4274.829 4219.421 4165.344 4112.510 4060.830 4010.218 3960.589 3911.859 3863.945 3816.766 3770.245 3724.308 3678.882 3633.895 3589.275 3544.952 3500.860 3456.933 3413.112 3369.335 3325.548 3281.688 3237.697 3193.514 3149.081 3104.343 3059.244 3013.738 2967.769 2921.291 2874.245 2826.582 2778.241 2729.175 2679.323 2628.639 2577.061 2524.544 2471.023 2416.464 2360.794 2303.976 2245.934 2186.604 2125.925 2063.812 2000.233 1935.091 1868.283 1799.784 1729.473 1657.213 1582.928 1506.542 1427.874 1346.734 1262.959 1176.401 1086.897 994.181 897.933 -9999.000 -9999.000
-9999.000 -9999.000 7551.852 7452.294 7353.182 7254.522 7156.324 7058.598 6961.355 6864.609 6768.371 6672.655 6577.476 6482.851 6388.795 6295.331 6202.479 6110.267 6018.723 5927.883 5837.786 5748.483 5660.036 5572.524 5486.045 5400.723 5316.699 5234.127 5153.164 5073.956 4996.629 4921.277 4847.959 4776.697 4707.477 4640.258 4574.981 4511.568 4449.936 4389.995 4331.657 4274.829 4219.421 4165.344 4112.510 4060.830 4010.218 3960.589 3911.859 3863.945 3816.766 3770.245 3724.308 3678.882 3633.895 3589.275 3544.952 3500.860 3456.933 3413.112 3369.335 3325.548 3281.688 3237.697 3193.514 3149.081 3104.343 3059.244 3013.738 2967.769 2921.291 2874.245 2826.582 2778.241 2729.175 2679.323 2628.639 2577.061 2524.544 2471.023 2416.464 2360.794 2303.976 2245.934 2186.604 2125.925 2063.812 2000.233 1935.091 1868.283 1799.784 1729.473 1657.213 1582.928 1506.542 1427.874 1346.734 1262.959 1176.401 1086.897 994.181 897.933 -9999.000 -9999.000
-9999.000 -9999.000 7551.852 7452.294 7353.182 7254.522 7156.324 7058.598 6961.355 6864.609 6768.371 6672.655 6577.476 6482.851 6388.795 6295.331 6202.479 6110.267 6018.723 5927.883 5837.786 5748.483 5660.036 5572.524 5486.045 5400.723 5316.699 5234.127 5153.164 5073.956 4996.629 4921.277 4847.959 4776.697 4707.477 4640.258 4574.981 4511.568 4449.936 4389.995 4331.657 4274.829 4219.421 4165.344 4112.510 4060.830 4010.218 3960.589 3911.859 3863.945 3816.766 3770.245 3724.308 3678.882 3633.895 3589.275 3544.952 3500.860 3456.933 3413.112 3369.335 3325.548 3281.688 3237.697 3193.514 3149.081 3104.343 3059.244 3013.738 2967.769 2921.291 2874.245 2826.582 2778.241 2729.175 2679.323 2628.639 2577.061 2524.544 2471.023 2416.464 2360.794 2303.976 2245.934 2186.604 2125.925 2063.812 2000.233 1935.091 1868.283 1799.784 1729.473 1657.213 1582.928 1506.542 1427.874 1346.734 1262.959 1176.401 1086.897 994.181 897.933 -9999.000 -9999.000
-9999.000 -9999.000 7551.852 7452.294 7353.182 7254.522 7156.324 7058.598 6961.355 6864.609 6768.371 6672.655 6577.476 6482.851 6388.795 6295.331 6202.479 6110.267 6018.723 5927.883 5837.786 5748.483 5660.036 5572.524 5486.045 5400.723 5316.699 5234.127 5153.164 5073.956 4996.629 4921.277 4847.959 4776.697 4707.477 4640.258 4574.981 4511.568 4449.936 4389.995 4331.657 4274.829 4219.421 4165.344 4112.510 4060.830 4010.218 3960.589 3911.859 3863.945 3816.766 3770.245 3724.308 3678.882 3633.895 3589.275 3544.952 3500.860 3456.933 3413.112 3369.335 3325.548 3281.688 3237.697 3193.514 3149.081 3104.343 3059.244 3013.738 2967.769 2921.291 2874.245 2826.582 2778.241 2729.175 2679.323 2628.639 2577.061 2524.544 2471.023 2416.464 2360.794 2303.976 2245.934 2186.604 2125.925 2063.812 2000.233 1935.091 1868.283 1799.784 1729.473 1657.213 1582.928 1506.542 1427.874 1346.734 1262.959 1176.401 1086.897 994.181 897.933 -9999.000 -9999.000
-9999.000 -9999.000 -9999.000 -9999.000 -9999.000 -9999.000 -9999.000 -9999.000 -9999.000 -9999.000 -9999.000 -9999.000 -9999.000 -9999.000 -9999.000 -9999.000 -9999.000 -9999.000 -9999.000 -9999.000 -9999.000 -9999.000 -9999.000 -9999.000 -9999.000 -9999.000 -9999.000 -9999.000 -9999.000 -9999.000 -9999.000 -9999.000 -9999.000 -9999.000 -9999.000 -9999.000 -9999.000 -9999.000 -9999.000 -9999.000 -9999.000 -9999.000 -9999.000 -9999.000 -9999.000 -9999.000 -9999.000 -9999.000 -9999.000 -9999.000 -9999.000 -9999.000 -9999.000 -9999.000 -9999.000 -9999.000 -9999.000 -9999.000 -9999.000 -9999.000 -9999.000 -9999.000 -9999.000 -9999.000 -9999.000 -9999.000 -9999.000 -9999.000 -9999.000 -9999.000 -9999.000 -9999.000 -9999.000 -9999.000 -9999.000 -9999.000 -9999.000 -9999.000 -9999.000 -9999.000 -9999.000 -9999.000 -9999.000 -9999.000 -9999.000 -9999.000 -9999.000 -9999.000 -9999.000 -9999.000 -9999.000 -9999.000 -9999.000 -9999.000 -9999.000 -9999.000 -9999.000 -9999.000 -9999.000 -9999.000 -9999.000 -9999.000 -9999.000 -9999.000
-9999.000 -9999.000 -9999.000 -9999.000 -9999.000 -9999.000 -9999.000 -9999.000 -9999.000 -9999.000 -9999.000 -9999.000 -9999.000 -9999.000 -9999.000 -9999.000 -9999.000 -9999.000 -9999.000 -9999.000 -9999.000 -9999.000 -9999.000 -9999.000 -9999.000 -9999.000 -9999.000 -9999.000 -9999.000 -9999.000 -9999.000 -9999.000 -9999.000 -9999.000 -9999.000 -9999.000 -9999.000 -9999.000 -9999.000 -9999.000 -9999.000 -9999.000 -9999.000 -9999.000 -9999.000 -9999.000 -9999.000 -9999.000 -9999.000 -9999.000 -9999.000 -9999.000 -9999.000 -9999.000 -9999.000 -9999.000 -9999.000 -9999.000 -9999.000 -9999.000 -9999.000 -9999.000 -9999.000 -9999.000 -9999.000 -9999.000 -9999.000 -9999.000 -9999.000 -9999.000 -9999.000 -9999.000 -9999.000 -9999.000 -9999.000 -9999.000 -9999.000 -9999.000 -9999.000 -9999.000 -9999.000 -9999.000 -9999.000 -9999.000 -9999.000 -9999.000 -9999.000 -9999.000 -9999.000 -9999.000 -9999.000 -9999.000 -9999.000 -9999.000 -9999.000 -9999.000 -9999.000 -9999.000 -9999.000 -9999.000 -9999.000 -9999.000 -9999.000 -9999.000