tests/3D/hillslope01/output_maps-METEIO_OFF/psiliqL0031N0002.asc
ncols         104
nrows         10
xllcorner     -2.000000
yllcorner     0.000000
cellsize      1.000000
NODATA_value  -9999.0
-9999.000 -9999.000 -9999.000 -9999.000 -9999.000 -9999.000 -9999.000 -9999.000 -9999.000 -9999.000 -9999.000 -9999.000 -9999.000 -9999.000 -9999.000 -9999.000 -9999.000 -9999.000 -9999.000 -9999.000 -9999.000 -9999.000 -9999.000 -9999.000 -9999.000 -9999.000 -9999.000 -9999.000 -9999.000 -9999.000 -9999.000 -9999.000 -9999.000 -9999.000 -9999.000 -9999.000 -9999.000 -9999.000 -9999.000 -9999.000 -9999.000 -9999.000 -9999.000 -9999.000 -9999.000 -9999.000 -9999.000 -9999.000 -9999.000 -9999.000 -9999.000 -9999.000 -9999.000 -9999.000 -9999.000 -9999.000 -9999.000 -9999.000 -9999.000 -9999.000 -9999.000 -9999.000 -9999.000 -9999.000 -9999.000 -9999.000 -9999.000 -9999.000 -9999.000 -9999.000 -9999.000 -9999.000 -9999.000 -9999.000 -9999.000 -9999.000 -9999.000 -9999.000 -9999.000 -9999.000 -9999.000 -9999.000 -9999.000 -9999.000 -9999.000 -9999.000 -9999.000 -9999.000 -9999.000 -9999.000 -9999.000 -9999.000 -9999.000 -9999.000 -9999.000 -9999.000 -9999.000 -9999.000 -9999.000 -9999.000 -9999.000 -9999.000 -9999.000 -9999.000
-9999.000 -9999.000 -9999.000 -9999.000 -9999.000 -9999.000 -9999.000 -9999.000 -9999.000 -9999.000 -9999.000 -9999.000 -9999.000 -9999.000 -9999.000 -9999.000 -9999.000 -9999.000 -9999.000 -9999.000 -9999.000 -9999.000 -9999.000 -9999.000 -9999.000 -9999.000 -9999.000 -9999.000 -9999.000 -9999.000 -9999.000 -9999.000 -9999.000 -9999.000 -9999.000 -9999.000 -9999.000 -9999.000 -9999.000 -9999.000 -9999.000 -9999.000 -9999.000 -9999.000 -9999.000 -9999.000 -9999.000 -9999.000 -9999.000 -9999.000 -9999.000 -9999.000 -9999.000 -9999.000 -9999.000 -9999.000 -9999.000 -9999.000 -9999.000 -9999.000 -9999.000 -9999.000 -9999.000 -9999.000 -9999.000 -9999.000 -9999.000 -9999.000 -9999.000 -9999.000 -9999.000 -9999.000 -9999.000 -9999.000 -9999.000 -9999.000 -9999.000 -9999.000 -9999.000 -9999.000 -9999.000 -9999.000 -9999.000 -9999.000 -9999.000 -9999.000 -9999.000 -9999.000 -9999.000 -9999.000 -9999.000 -9999.000 -9999.000 -9999.000 -9999.000 -9999.000 -9999.000 -9999.000 -9999.000 -9999.000 -9999.000 -9999.000 -9999.000 -9999.000
-9999.000 -9999.000 3304.471 3220.615 3148.741 3083.638 3020.922 2957.991 2893.747 2827.920 2760.575 2691.897 2622.073 2551.258 2479.584 2407.158 2334.044 2260.283 2185.924 2111.020 2035.605 1959.690 1883.289 1806.442 1729.176 1651.497 1573.390 1494.859 1415.944 1336.676 1257.057 1177.057 1096.652 1015.883 934.802 853.435 771.773 689.747 607.315 524.552 441.525 358.276 274.813 191.071 106.893 22.328 -62.050 -143.594 -215.272 -269.963 -306.452 -328.535 -341.092 -347.971 -351.656 -353.604 -354.624 -355.155 -355.429 -355.569 -355.639 -355.673 -355.689 -355.695 -355.696 -355.695 -355.692 -355.689 -355.685 -355.681 -355.677 -355.673 -355.669 -355.665 -355.660 -355.656 -355.652 -355.648 -355.644 -355.640 -355.636 -355.632 -355.627 -355.623 -355.619 -355.615 -355.611 -355.607 -355.603 -355.599 -355.594 -355.590 -355.586 -355.582 -355.578 -355.575 -355.576 -355.605 -355.811 -356.950 -362.313 -384.372 -9999.000 -9999.000
-9999.000 -9999.000 3304.473 3220.616 3148.742 3083.638 3020.922 2957.991 2893.747 2827.920 2760.575 2691.897 2622.073 2551.258 2479.584 2407.158 2334.044 2260.283 2185.924 2111.020 2035.605 1959.690 1883.289 1806.442 1729.176 1651.497 1573.390 1494.859 1415.944 1336.676 1257.057 1177.057 1096.652 1015.883 934.802 853.435 771.773 689.747 607.315 524.552 441.525 358.276 274.813 191.071 106.893 22.328 -62.050 -143.594 -215.272 -269.963 -306.452 -328.535 -341.092 -347.971 -351.656 -353.604 -354.624 -355.155 -355.429 -355.569 -355.639 -355.673 -355.689 -355.695 -355.696 -355.695 -355.692 -355.689 -355.685 -355.681 -355.677 -355.673 -355.669 -355.665 -355.660 -355.656 -355.652 -355.648 -355.644 -355.640 -355.636 -355.632 -355.627 -355.623 -355.619 -355.615 -355.611 -355.607 -355.603 -355.599 -355.594 -355.590 -355.586 -355.582 -355.578 -355.575 -355.576 -355.605 -355.811 -356.950 -362.313 -384.372 -9999.000 -9999.000
-9999.000 -9999.000 3304.474 3220.617 3148.742 3083.638 3020.923 2957.991 2893.747 2827.920 2760.575 2691.897 2622.073 2551.258 2479.584 2407.158 2334.044 2260.283 2185.924 2111.020 2035.605 1959.690 1883.289 1806.442 1729.176 1651.497 1573.390 1494.859 1415.944 1336.676 1257.057 1177.057 1096.652 1015.883 934.802 853.435 771.773 689.747 607.315 524.552 441.525 358.276 274.813 191.071 106.893 22.328 -62.050 -143.594 -215.272 -269.963 -306.452 -328.535 -341.092 -347.971 -351.656 -353.604 -354.624 -355.155 -355.429 -355.569 -355.639 -355.673 -355.689 -355.695 -355.696 -355.695 -355.692 -355.689 -355.685 -355.681 -355.677 -355.673 -355.669 -355.665 -355.660 -355.656 -355.652 -355.648 -355.644 -355.640 -355.636 -355.632 -355.627 -355.623 -355.619 -355.615 -355.611 -355.607 -355.603 -355.599 -355.594 -355.590 -355.586 -355.582 -355.578 -355.575 -355.576 -355.605 -355.811 -356.950 -362.313 -384.372 -9999.000 -9999.000
-9999.000 -9999.000 3304.474 3220.617 3148.742 3083.638 3020.923 2957.991 2893.747 2827.920 2760.575 2691.897 2622.073 2551.258 2479.584 2407.158 2334.044 2260.283 2185.924 2111.020 2035.605 1959.690 1883.289 1806.442 1729.176 1651.497 1573.390 1494.859 1415.944 1336.676 1257.057 1177.057 1096.652 1015.883 934.802 853.435 771.773 689.747 607.315 524.552 441.525 358.276 274.813 191.071 106.893 22.328 -62.050 -143.594 -215.272 -269.963 -306.452 -328.535 -341.092 -347.971 -351.656 -353.604 -354.624 -355.155 -355.429 -355.569 -355.639 -355.673 -355.689 -355.695 -355.696 -355.695 -355.692 -355.689 -355.685 -355.681 -355.677 -355.673 -355.669 -355.665 -355.660 -355.656 -355.652 -355.648 -355.644 -355.640 -355.636 -355.632 -355.627 -355.623 -355.619 -355.615 -355.611 -355.607 -355.603 -355.599 -355.594 -355.590 -355.586 -355.582 -355.578 -355.575 -355.576 -355.605 -355.811 -356.950 -362.313 -384.372 -9999.000 -9999.000
-9999.000 -9999.000 3304.473 3220.616 3148.742 3083.638 3020.922 2957.991 2893.747 2827.920 2760.575 2691.897 2622.073 2551.258 2479.584 2407.158 2334.044 2260.283 2185.924 2111.020 2035.605 1959.690 1883.289 1806.442 1729.176 1651.497 1573.390 1494.859 1415.944 1336.676 1257.057 1177.057 1096.652 1015.883 934.802 853.435 771.773 689.747 607.315 524.552 441.525 358.276 274.813 191.071 106.893 22.328 -62.050 -143.594 -215.272 -269.963 -306.452 -328.535 -341.092 -347.971 -351.656 -353.604 -354.624 -355.155 -355.429 -355.569 -355.639 -355.673 -355.689 -355.695 -355.696 -355.695 -355.692 -355.689 -355.685 -355.681 -355.677 -355.673 -355.669 -355.665 -355.660 -355.656 -355.652 -355.648 -355.644 -355.640 -355.636 -355.632 -355.627 -355.623 -355.619 -355.615 -355.611 -355.607 -355.603 -355.599 -355.594 -355.590 -355.586 -355.582 -355.578 -355.575 -355.576 -355.605 -355.811 -356.950 -362.313 -384.372 -9999.000 -9999.000
-9999.000 -9999.000 3304.471 3220.615 3148.741 3083.638 3020.922 2957.991 2893.747 2827.920 2760.575 2691.897 2622.073 2551.258 2479.584 2407.158 2334.044 2260.283 2185.924 2111.020 2035.605 1959.690 1883.289 1806.442 1729.176 1651.497 1573.390 1494.859 1415.944 1336.676 1257.057 1177.057 1096.652 1015.883 934.802 853.435 771.773 689.747 607.315 524.552 441.525 358.276 274.813 191.071 106.893 22.328 -62.050 -143.594 -215.272 -269.963 -306.452 -328.535 -341.092 -347.971 -351.656 -353.604 -354.624 -355.155 -355.429 -355.569 -355.639 -355.673 -355.689 -355.695 -355.696 -355.695 -355.692 -355.689 -355.685 -355.681 -355.677 -355.673 -355.669 -355.665 -355.660 -355.656 -355.652 -355.648 -355.644 -355.640 -355.636 -355.632 -355.627 -355.623 -355.619 -355.615 -355.611 -355.607 -355.603 -355.599 -355.594 -355.590 -355.586 -355.582 -355.578 -355.575 -355.576 -355.605 -355.811 -356.950 -362.313 -384.372 -9999.000 -9999.000
-9999.000 -9999.000 -9999.000 -9999.000 -9999.000 -9999.000 -9999.000 -9999.000 -9999.000 -9999.000 -9999.000 -9999.000 -9999.000 -9999.000 -9999.000 -9999.000 -9999.000 -9999.000 -9999.000 -9999.000 -9999.000 -9999.000 -9999.000 -9999.000 -9999.000 -9999.000 -9999.000 -9999.000 -9999.000 -9999.000 -9999.000 -9999.000 -9999.000 -9999.000 -9999.000 -9999.000 -9999.000 -9999.000 -9999.000 -9999.000 -9999.000 -9999.000 -9999.000 -9999.000 -9999.000 -9999.000 -9999.000 -9999.000 -9999.000 -9999.000 -9999.000 -9999.000 -9999.000 -9999.000 -9999.000 -9999.000 -9999.000 -9999.000 -9999.000 -9999.000 -9999.000 -9999.000 -9999.000 -9999.000 -9999.000 -9999.000 -9999.000 -9999.000 -9999.000 -9999.000 -9999.000 -9999.000 -9999.000 -9999.000 -9999.000 -9999.000 -9999.000 -9999.000 -9999.000 -9999.000 -9999.000 -9999.000 -9999.000 -9999.000 -9999.000 -9999.000 -9999.000 -9999.000 -9999.000 -9999.000 -9999.000 -9999.000 -9999.000 -9999.000 -9999.000 -9999.000 -9999.000 -9999.000 -9999.000 -9999.000 -9999.000 -9999.000 -9999.000 -9999.000
-9999.000 -9999.000 -9999.000 -9999.000 -9999.000 -9999.000 -9999.000 -9999.000 -9999.000 -9999.000 -9999.000 -9999.000 -9999.000 -9999.000 -9999.000 -9999.000 -9999.000 -9999.000 -9999.000 -9999.000 -9999.000 -9999.000 -9999.000 -9999.000 -9999.000 -9999.000 -9999.000 -9999.000 -9999.000 -9999.000 -9999.000 -9999.000 -9999.000 -9999.000 -9999.000 -9999.000 -9999.000 -9999.000 -9999.000 -9999.000 -9999.000 -9999.000 -9999.000 -9999.000 -9999.000 -9999.000 -9999.000 -9999.000 -9999.000 -9999.000 -9999.000 -9999.000 -9999.000 -9999.000 -9999.000 -9999.000 -9999.000 -9999.000 -9999.000 -9999.000 -9999.000 -9999.000 -9999.000 -9999.000 -9999.000 -9999.000 -9999.000 -9999.000 -9999.000 -9999.000 -9999.000 -9999.000 -9999.000 -9999.000 -9999.000 -9999.000 -9999.000 -9999.000 -9999.000 -9999.000 -9999.000 -9999.000 -9999.000 -9999.000 -9999.000 -9999.000 -9999.000 -9999.000 -9999.000 -9999.000 -9999.000 -9999.000 -9999.000 -9999.000 -9999.000 -9999.000 -9999.000 -9999.000 -9999.000 -9999.000 -9999.000 -9999.000 -9999.000 -9999.000