tests/3D/hillslope01/output_maps-METEIO_OFF/psiliqL0039N0002.asc
ncols         104
nrows         10
xllcorner     -2.000000
yllcorner     0.000000
cellsize      1.000000
NODATA_value  -9999.0
-9999.000 -9999.000 -9999.000 -9999.000 -9999.000 -9999.000 -9999.000 -9999.000 -9999.000 -9999.000 -9999.000 -9999.000 -9999.000 -9999.000 -9999.000 -9999.000 -9999.000 -9999.000 -9999.000 -9999.000 -9999.000 -9999.000 -9999.000 -9999.000 -9999.000 -9999.000 -9999.000 -9999.000 -9999.000 -9999.000 -9999.000 -9999.000 -9999.000 -9999.000 -9999.000 -9999.000 -9999.000 -9999.000 -9999.000 -9999.000 -9999.000 -9999.000 -9999.000 -9999.000 -9999.000 -9999.000 -9999.000 -9999.000 -9999.000 -9999.000 -9999.000 -9999.000 -9999.000 -9999.000 -9999.000 -9999.000 -9999.000 -9999.000 -9999.000 -9999.000 -9999.000 -9999.000 -9999.000 -9999.000 -9999.000 -9999.000 -9999.000 -9999.000 -9999.000 -9999.000 -9999.000 -9999.000 -9999.000 -9999.000 -9999.000 -9999.000 -9999.000 -9999.000 -9999.000 -9999.000 -9999.000 -9999.000 -9999.000 -9999.000 -9999.000 -9999.000 -9999.000 -9999.000 -9999.000 -9999.000 -9999.000 -9999.000 -9999.000 -9999.000 -9999.000 -9999.000 -9999.000 -9999.000 -9999.000 -9999.000 -9999.000 -9999.000 -9999.000 -9999.000
-9999.000 -9999.000 -9999.000 -9999.000 -9999.000 -9999.000 -9999.000 -9999.000 -9999.000 -9999.000 -9999.000 -9999.000 -9999.000 -9999.000 -9999.000 -9999.000 -9999.000 -9999.000 -9999.000 -9999.000 -9999.000 -9999.000 -9999.000 -9999.000 -9999.000 -9999.000 -9999.000 -9999.000 -9999.000 -9999.000 -9999.000 -9999.000 -9999.000 -9999.000 -9999.000 -9999.000 -9999.000 -9999.000 -9999.000 -9999.000 -9999.000 -9999.000 -9999.000 -9999.000 -9999.000 -9999.000 -9999.000 -9999.000 -9999.000 -9999.000 -9999.000 -9999.000 -9999.000 -9999.000 -9999.000 -9999.000 -9999.000 -9999.000 -9999.000 -9999.000 -9999.000 -9999.000 -9999.000 -9999.000 -9999.000 -9999.000 -9999.000 -9999.000 -9999.000 -9999.000 -9999.000 -9999.000 -9999.000 -9999.000 -9999.000 -9999.000 -9999.000 -9999.000 -9999.000 -9999.000 -9999.000 -9999.000 -9999.000 -9999.000 -9999.000 -9999.000 -9999.000 -9999.000 -9999.000 -9999.000 -9999.000 -9999.000 -9999.000 -9999.000 -9999.000 -9999.000 -9999.000 -9999.000 -9999.000 -9999.000 -9999.000 -9999.000 -9999.000 -9999.000
-9999.000 -9999.000 4132.356 4044.356 3966.035 3894.108 3825.519 3758.113 3690.667 3622.609 3553.727 3483.988 3413.428 3342.104 3270.079 3197.406 3124.123 3050.259 2975.846 2900.915 2825.488 2749.580 2673.207 2596.392 2519.152 2441.495 2363.422 2284.941 2206.073 2126.835 2047.233 1967.258 1886.905 1806.195 1725.157 1643.807 1562.138 1480.124 1397.755 1315.063 1232.087 1148.852 1065.357 981.567 897.425 812.947 728.188 643.195 557.998 472.602 386.973 300.982 214.603 127.921 40.997 -45.883 -130.731 -206.646 -265.277 -304.396 -327.836 -340.961 -348.024 -351.738 -353.666 -354.657 -355.163 -355.420 -355.548 -355.612 -355.642 -355.655 -355.659 -355.660 -355.658 -355.655 -355.651 -355.647 -355.643 -355.639 -355.635 -355.631 -355.627 -355.623 -355.619 -355.615 -355.610 -355.606 -355.602 -355.598 -355.594 -355.590 -355.586 -355.582 -355.578 -355.576 -355.584 -355.653 -356.038 -357.842 -365.090 -390.897 -9999.000 -9999.000
-9999.000 -9999.000 4132.357 4044.357 3966.036 3894.108 3825.519 3758.113 3690.667 3622.609 3553.727 3483.988 3413.428 3342.104 3270.079 3197.406 3124.123 3050.259 2975.846 2900.915 2825.488 2749.580 2673.207 2596.392 2519.152 2441.495 2363.422 2284.941 2206.073 2126.835 2047.233 1967.258 1886.905 1806.195 1725.157 1643.807 1562.138 1480.124 1397.755 1315.063 1232.087 1148.852 1065.357 981.567 897.425 812.947 728.188 643.195 557.998 472.602 386.973 300.982 214.603 127.921 40.997 -45.883 -130.731 -206.646 -265.277 -304.396 -327.836 -340.961 -348.024 -351.738 -353.666 -354.657 -355.163 -355.420 -355.548 -355.612 -355.642 -355.655 -355.659 -355.660 -355.658 -355.655 -355.651 -355.647 -355.643 -355.639 -355.635 -355.631 -355.627 -355.623 -355.619 -355.614 -355.610 -355.606 -355.602 -355.598 -355.594 -355.590 -355.586 -355.582 -355.578 -355.576 -355.584 -355.653 -356.038 -357.842 -365.090 -390.897 -9999.000 -9999.000
-9999.000 -9999.000 4132.357 4044.357 3966.036 3894.108 3825.519 3758.113 3690.667 3622.609 3553.727 3483.988 3413.428 3342.104 3270.079 3197.406 3124.123 3050.259 2975.846 2900.915 2825.488 2749.580 2673.207 2596.392 2519.152 2441.495 2363.422 2284.941 2206.073 2126.835 2047.233 1967.258 1886.905 1806.195 1725.157 1643.807 1562.138 1480.124 1397.755 1315.063 1232.087 1148.852 1065.357 981.567 897.425 812.947 728.188 643.195 557.998 472.602 386.973 300.982 214.603 127.921 40.997 -45.883 -130.731 -206.646 -265.277 -304.396 -327.836 -340.961 -348.024 -351.738 -353.666 -354.657 -355.163 -355.420 -355.548 -355.612 -355.642 -355.655 -355.659 -355.660 -355.658 -355.655 -355.651 -355.647 -355.643 -355.639 -355.635 -355.631 -355.627 -355.623 -355.619 -355.614 -355.610 -355.606 -355.602 -355.598 -355.594 -355.590 -355.586 -355.582 -355.578 -355.576 -355.584 -355.653 -356.038 -357.842 -365.090 -390.897 -9999.000 -9999.000
-9999.000 -9999.000 4132.357 4044.357 3966.036 3894.108 3825.519 3758.113 3690.667 3622.609 3553.727 3483.988 3413.428 3342.104 3270.079 3197.406 3124.123 3050.259 2975.846 2900.915 2825.488 2749.580 2673.207 2596.392 2519.152 2441.495 2363.422 2284.941 2206.073 2126.835 2047.233 1967.258 1886.905 1806.195 1725.157 1643.807 1562.138 1480.124 1397.755 1315.063 1232.087 1148.852 1065.357 981.567 897.425 812.947 728.188 643.195 557.998 472.602 386.973 300.982 214.603 127.921 40.997 -45.883 -130.731 -206.646 -265.277 -304.396 -327.836 -340.961 -348.024 -351.738 -353.666 -354.657 -355.163 -355.420 -355.548 -355.612 -355.642 -355.655 -355.659 -355.660 -355.658 -355.655 -355.651 -355.647 -355.643 -355.639 -355.635 -355.631 -355.627 -355.623 -355.619 -355.614 -355.610 -355.606 -355.602 -355.598 -355.594 -355.590 -355.586 -355.582 -355.578 -355.576 -355.584 -355.653 -356.038 -357.842 -365.090 -390.897 -9999.000 -9999.000
-9999.000 -9999.000 4132.357 4044.357 3966.036 3894.108 3825.519 3758.113 3690.667 3622.609 3553.727 3483.988 3413.428 3342.104 3270.079 3197.406 3124.123 3050.259 2975.846 2900.915 2825.488 2749.580 2673.207 2596.392 2519.152 2441.495 2363.422 2284.941 2206.073 2126.835 2047.233 1967.258 1886.905 1806.195 1725.157 1643.807 1562.138 1480.124 1397.755 1315.063 1232.087 1148.852 1065.357 981.567 897.425 812.947 728.188 643.195 557.998 472.602 386.973 300.982 214.603 127.921 40.997 -45.883 -130.731 -206.646 -265.277 -304.396 -327.836 -340.961 -348.024 -351.738 -353.666 -354.657 -355.163 -355.420 -355.548 -355.612 -355.642 -355.655 -355.659 -355.660 -355.658 -355.655 -355.651 -355.647 -355.643 -355.639 -355.635 -355.631 -355.627 -355.623 -355.619 -355.614 -355.610 -355.606 -355.602 -355.598 -355.594 -355.590 -355.586 -355.582 -355.578 -355.576 -355.584 -355.653 -356.038 -357.842 -365.090 -390.897 -9999.000 -9999.000
-9999.000 -9999.000 4132.356 4044.356 3966.035 3894.108 3825.519 3758.113 3690.667 3622.609 3553.727 3483.988 3413.428 3342.104 3270.079 3197.406 3124.123 3050.259 2975.846 2900.915 2825.488 2749.580 2673.207 2596.392 2519.152 2441.495 2363.422 2284.941 2206.073 2126.835 2047.233 1967.258 1886.905 1806.195 1725.157 1643.807 1562.138 1480.124 1397.755 1315.063 1232.087 1148.852 1065.357 981.567 897.425 812.947 728.188 643.195 557.998 472.602 386.973 300.982 214.603 127.921 40.997 -45.883 -130.731 -206.646 -265.277 -304.396 -327.836 -340.961 -348.024 -351.738 -353.666 -354.657 -355.163 -355.420 -355.548 -355.612 -355.642 -355.655 -355.659 -355.660 -355.658 -355.655 -355.651 -355.647 -355.643 -355.639 -355.635 -355.631 -355.627 -355.623 -355.619 -355.615 -355.610 -355.606 -355.602 -355.598 -355.594 -355.590 -355.586 -355.582 -355.578 -355.576 -355.584 -355.653 -356.038 -357.842 -365.090 -390.897 -9999.000 -9999.000
-9999.000 -9999.000 -9999.000 -9999.000 -9999.000 -9999.000 -9999.000 -9999.000 -9999.000 -9999.000 -9999.000 -9999.000 -9999.000 -9999.000 -9999.000 -9999.000 -9999.000 -9999.000 -9999.000 -9999.000 -9999.000 -9999.000 -9999.000 -9999.000 -9999.000 -9999.000 -9999.000 -9999.000 -9999.000 -9999.000 -9999.000 -9999.000 -9999.000 -9999.000 -9999.000 -9999.000 -9999.000 -9999.000 -9999.000 -9999.000 -9999.000 -9999.000 -9999.000 -9999.000 -9999.000 -9999.000 -9999.000 -9999.000 -9999.000 -9999.000 -9999.000 -9999.000 -9999.000 -9999.000 -9999.000 -9999.000 -9999.000 -9999.000 -9999.000 -9999.000 -9999.000 -9999.000 -9999.000 -9999.000 -9999.000 -9999.000 -9999.000 -9999.000 -9999.000 -9999.000 -9999.000 -9999.000 -9999.000 -9999.000 -9999.000 -9999.000 -9999.000 -9999.000 -9999.000 -9999.000 -9999.000 -9999.000 -9999.000 -9999.000 -9999.000 -9999.000 -9999.000 -9999.000 -9999.000 -9999.000 -9999.000 -9999.000 -9999.000 -9999.000 -9999.000 -9999.000 -9999.000 -9999.000 -9999.000 -9999.000 -9999.000 -9999.000 -9999.000 -9999.000
-9999.000 -9999.000 -9999.000 -9999.000 -9999.000 -9999.000 -9999.000 -9999.000 -9999.000 -9999.000 -9999.000 -9999.000 -9999.000 -9999.000 -9999.000 -9999.000 -9999.000 -9999.000 -9999.000 -9999.000 -9999.000 -9999.000 -9999.000 -9999.000 -9999.000 -9999.000 -9999.000 -9999.000 -9999.000 -9999.000 -9999.000 -9999.000 -9999.000 -9999.000 -9999.000 -9999.000 -9999.000 -9999.000 -9999.000 -9999.000 -9999.000 -9999.000 -9999.000 -9999.000 -9999.000 -9999.000 -9999.000 -9999.000 -9999.000 -9999.000 -9999.000 -9999.000 -9999.000 -9999.000 -9999.000 -9999.000 -9999.000 -9999.000 -9999.000 -9999.000 -9999.000 -9999.000 -9999.000 -9999.000 -9999.000 -9999.000 -9999.000 -9999.000 -9999.000 -9999.000 -9999.000 -9999.000 -9999.000 -9999.000 -9999.000 -9999.000 -9999.000 -9999.000 -9999.000 -9999.000 -9999.000 -9999.000 -9999.000 -9999.000 -9999.000 -9999.000 -9999.000 -9999.000 -9999.000 -9999.000 -9999.000 -9999.000 -9999.000 -9999.000 -9999.000 -9999.000 -9999.000 -9999.000 -9999.000 -9999.000 -9999.000 -9999.000 -9999.000 -9999.000