tests/3D/hillslope01/output_maps-METEIO_OFF/psiliqL0009N0001.asc
ncols         104
nrows         10
xllcorner     -2.000000
yllcorner     0.000000
cellsize      1.000000
NODATA_value  -9999.0
-9999.000 -9999.000 -9999.000 -9999.000 -9999.000 -9999.000 -9999.000 -9999.000 -9999.000 -9999.000 -9999.000 -9999.000 -9999.000 -9999.000 -9999.000 -9999.000 -9999.000 -9999.000 -9999.000 -9999.000 -9999.000 -9999.000 -9999.000 -9999.000 -9999.000 -9999.000 -9999.000 -9999.000 -9999.000 -9999.000 -9999.000 -9999.000 -9999.000 -9999.000 -9999.000 -9999.000 -9999.000 -9999.000 -9999.000 -9999.000 -9999.000 -9999.000 -9999.000 -9999.000 -9999.000 -9999.000 -9999.000 -9999.000 -9999.000 -9999.000 -9999.000 -9999.000 -9999.000 -9999.000 -9999.000 -9999.000 -9999.000 -9999.000 -9999.000 -9999.000 -9999.000 -9999.000 -9999.000 -9999.000 -9999.000 -9999.000 -9999.000 -9999.000 -9999.000 -9999.000 -9999.000 -9999.000 -9999.000 -9999.000 -9999.000 -9999.000 -9999.000 -9999.000 -9999.000 -9999.000 -9999.000 -9999.000 -9999.000 -9999.000 -9999.000 -9999.000 -9999.000 -9999.000 -9999.000 -9999.000 -9999.000 -9999.000 -9999.000 -9999.000 -9999.000 -9999.000 -9999.000 -9999.000 -9999.000 -9999.000 -9999.000 -9999.000 -9999.000 -9999.000
-9999.000 -9999.000 -9999.000 -9999.000 -9999.000 -9999.000 -9999.000 -9999.000 -9999.000 -9999.000 -9999.000 -9999.000 -9999.000 -9999.000 -9999.000 -9999.000 -9999.000 -9999.000 -9999.000 -9999.000 -9999.000 -9999.000 -9999.000 -9999.000 -9999.000 -9999.000 -9999.000 -9999.000 -9999.000 -9999.000 -9999.000 -9999.000 -9999.000 -9999.000 -9999.000 -9999.000 -9999.000 -9999.000 -9999.000 -9999.000 -9999.000 -9999.000 -9999.000 -9999.000 -9999.000 -9999.000 -9999.000 -9999.000 -9999.000 -9999.000 -9999.000 -9999.000 -9999.000 -9999.000 -9999.000 -9999.000 -9999.000 -9999.000 -9999.000 -9999.000 -9999.000 -9999.000 -9999.000 -9999.000 -9999.000 -9999.000 -9999.000 -9999.000 -9999.000 -9999.000 -9999.000 -9999.000 -9999.000 -9999.000 -9999.000 -9999.000 -9999.000 -9999.000 -9999.000 -9999.000 -9999.000 -9999.000 -9999.000 -9999.000 -9999.000 -9999.000 -9999.000 -9999.000 -9999.000 -9999.000 -9999.000 -9999.000 -9999.000 -9999.000 -9999.000 -9999.000 -9999.000 -9999.000 -9999.000 -9999.000 -9999.000 -9999.000 -9999.000 -9999.000
-9999.000 -9999.000 -325.604 -344.966 -351.128 -353.761 -354.944 -355.478 -355.718 -355.826 -355.873 -355.892 -355.899 -355.900 -355.898 -355.895 -355.891 -355.887 -355.884 -355.879 -355.875 -355.871 -355.867 -355.863 -355.859 -355.855 -355.851 -355.847 -355.842 -355.838 -355.834 -355.830 -355.826 -355.822 -355.818 -355.814 -355.809 -355.805 -355.801 -355.797 -355.793 -355.789 -355.785 -355.781 -355.776 -355.772 -355.768 -355.764 -355.760 -355.756 -355.752 -355.748 -355.743 -355.739 -355.735 -355.731 -355.727 -355.723 -355.719 -355.715 -355.710 -355.706 -355.702 -355.698 -355.694 -355.690 -355.686 -355.682 -355.677 -355.673 -355.669 -355.665 -355.661 -355.657 -355.653 -355.649 -355.645 -355.640 -355.636 -355.632 -355.628 -355.624 -355.620 -355.616 -355.612 -355.607 -355.603 -355.599 -355.595 -355.591 -355.587 -355.583 -355.579 -355.574 -355.570 -355.566 -355.562 -355.559 -355.563 -355.649 -356.561 -365.045 -9999.000 -9999.000
-9999.000 -9999.000 -325.604 -344.966 -351.128 -353.761 -354.944 -355.478 -355.718 -355.826 -355.873 -355.892 -355.899 -355.900 -355.898 -355.895 -355.891 -355.887 -355.884 -355.879 -355.875 -355.871 -355.867 -355.863 -355.859 -355.855 -355.851 -355.847 -355.842 -355.838 -355.834 -355.830 -355.826 -355.822 -355.818 -355.814 -355.809 -355.805 -355.801 -355.797 -355.793 -355.789 -355.785 -355.781 -355.776 -355.772 -355.768 -355.764 -355.760 -355.756 -355.752 -355.748 -355.743 -355.739 -355.735 -355.731 -355.727 -355.723 -355.719 -355.715 -355.710 -355.706 -355.702 -355.698 -355.694 -355.690 -355.686 -355.682 -355.677 -355.673 -355.669 -355.665 -355.661 -355.657 -355.653 -355.649 -355.645 -355.640 -355.636 -355.632 -355.628 -355.624 -355.620 -355.616 -355.612 -355.607 -355.603 -355.599 -355.595 -355.591 -355.587 -355.583 -355.579 -355.574 -355.570 -355.566 -355.562 -355.559 -355.563 -355.649 -356.561 -365.045 -9999.000 -9999.000
-9999.000 -9999.000 -325.604 -344.966 -351.128 -353.761 -354.944 -355.478 -355.718 -355.826 -355.873 -355.892 -355.899 -355.900 -355.898 -355.895 -355.891 -355.887 -355.884 -355.879 -355.875 -355.871 -355.867 -355.863 -355.859 -355.855 -355.851 -355.847 -355.842 -355.838 -355.834 -355.830 -355.826 -355.822 -355.818 -355.814 -355.809 -355.805 -355.801 -355.797 -355.793 -355.789 -355.785 -355.781 -355.776 -355.772 -355.768 -355.764 -355.760 -355.756 -355.752 -355.748 -355.743 -355.739 -355.735 -355.731 -355.727 -355.723 -355.719 -355.715 -355.710 -355.706 -355.702 -355.698 -355.694 -355.690 -355.686 -355.682 -355.677 -355.673 -355.669 -355.665 -355.661 -355.657 -355.653 -355.649 -355.645 -355.640 -355.636 -355.632 -355.628 -355.624 -355.620 -355.616 -355.612 -355.607 -355.603 -355.599 -355.595 -355.591 -355.587 -355.583 -355.579 -355.574 -355.570 -355.566 -355.562 -355.559 -355.563 -355.649 -356.561 -365.045 -9999.000 -9999.000
-9999.000 -9999.000 -325.604 -344.966 -351.128 -353.761 -354.944 -355.478 -355.718 -355.826 -355.873 -355.892 -355.899 -355.900 -355.898 -355.895 -355.891 -355.887 -355.884 -355.879 -355.875 -355.871 -355.867 -355.863 -355.859 -355.855 -355.851 -355.847 -355.842 -355.838 -355.834 -355.830 -355.826 -355.822 -355.818 -355.814 -355.809 -355.805 -355.801 -355.797 -355.793 -355.789 -355.785 -355.781 -355.776 -355.772 -355.768 -355.764 -355.760 -355.756 -355.752 -355.748 -355.743 -355.739 -355.735 -355.731 -355.727 -355.723 -355.719 -355.715 -355.710 -355.706 -355.702 -355.698 -355.694 -355.690 -355.686 -355.682 -355.677 -355.673 -355.669 -355.665 -355.661 -355.657 -355.653 -355.649 -355.645 -355.640 -355.636 -355.632 -355.628 -355.624 -355.620 -355.616 -355.612 -355.607 -355.603 -355.599 -355.595 -355.591 -355.587 -355.583 -355.579 -355.574 -355.570 -355.566 -355.562 -355.559 -355.563 -355.649 -356.561 -365.045 -9999.000 -9999.000
-9999.000 -9999.000 -325.604 -344.966 -351.128 -353.761 -354.944 -355.478 -355.718 -355.826 -355.873 -355.892 -355.899 -355.900 -355.898 -355.895 -355.891 -355.887 -355.884 -355.879 -355.875 -355.871 -355.867 -355.863 -355.859 -355.855 -355.851 -355.847 -355.842 -355.838 -355.834 -355.830 -355.826 -355.822 -355.818 -355.814 -355.809 -355.805 -355.801 -355.797 -355.793 -355.789 -355.785 -355.781 -355.776 -355.772 -355.768 -355.764 -355.760 -355.756 -355.752 -355.748 -355.743 -355.739 -355.735 -355.731 -355.727 -355.723 -355.719 -355.715 -355.710 -355.706 -355.702 -355.698 -355.694 -355.690 -355.686 -355.682 -355.677 -355.673 -355.669 -355.665 -355.661 -355.657 -355.653 -355.649 -355.645 -355.640 -355.636 -355.632 -355.628 -355.624 -355.620 -355.616 -355.612 -355.607 -355.603 -355.599 -355.595 -355.591 -355.587 -355.583 -355.579 -355.574 -355.570 -355.566 -355.562 -355.559 -355.563 -355.649 -356.561 -365.045 -9999.000 -9999.000
-9999.000 -9999.000 -325.604 -344.966 -351.128 -353.761 -354.944 -355.478 -355.718 -355.826 -355.873 -355.892 -355.899 -355.900 -355.898 -355.895 -355.891 -355.887 -355.884 -355.879 -355.875 -355.871 -355.867 -355.863 -355.859 -355.855 -355.851 -355.847 -355.842 -355.838 -355.834 -355.830 -355.826 -355.822 -355.818 -355.814 -355.809 -355.805 -355.801 -355.797 -355.793 -355.789 -355.785 -355.781 -355.776 -355.772 -355.768 -355.764 -355.760 -355.756 -355.752 -355.748 -355.743 -355.739 -355.735 -355.731 -355.727 -355.723 -355.719 -355.715 -355.710 -355.706 -355.702 -355.698 -355.694 -355.690 -355.686 -355.682 -355.677 -355.673 -355.669 -355.665 -355.661 -355.657 -355.653 -355.649 -355.645 -355.640 -355.636 -355.632 -355.628 -355.624 -355.620 -355.616 -355.612 -355.607 -355.603 -355.599 -355.595 -355.591 -355.587 -355.583 -355.579 -355.574 -355.570 -355.566 -355.562 -355.559 -355.563 -355.649 -356.561 -365.045 -9999.000 -9999.000
-9999.000 -9999.000 -9999.000 -9999.000 -9999.000 -9999.000 -9999.000 -9999.000 -9999.000 -9999.000 -9999.000 -9999.000 -9999.000 -9999.000 -9999.000 -9999.000 -9999.000 -9999.000 -9999.000 -9999.000 -9999.000 -9999.000 -9999.000 -9999.000 -9999.000 -9999.000 -9999.000 -9999.000 -9999.000 -9999.000 -9999.000 -9999.000 -9999.000 -9999.000 -9999.000 -9999.000 -9999.000 -9999.000 -9999.000 -9999.000 -9999.000 -9999.000 -9999.000 -9999.000 -9999.000 -9999.000 -9999.000 -9999.000 -9999.000 -9999.000 -9999.000 -9999.000 -9999.000 -9999.000 -9999.000 -9999.000 -9999.000 -9999.000 -9999.000 -9999.000 -9999.000 -9999.000 -9999.000 -9999.000 -9999.000 -9999.000 -9999.000 -9999.000 -9999.000 -9999.000 -9999.000 -9999.000 -9999.000 -9999.000 -9999.000 -9999.000 -9999.000 -9999.000 -9999.000 -9999.000 -9999.000 -9999.000 -9999.000 -9999.000 -9999.000 -9999.000 -9999.000 -9999.000 -9999.000 -9999.000 -9999.000 -9999.000 -9999.000 -9999.000 -9999.000 -9999.000 -9999.000 -9999.000 -9999.000 -9999.000 -9999.000 -9999.000 -9999.000 -9999.000
-9999.000 -9999.000 -9999.000 -9999.000 -9999.000 -9999.000 -9999.000 -9999.000 -9999.000 -9999.000 -9999.000 -9999.000 -9999.000 -9999.000 -9999.000 -9999.000 -9999.000 -9999.000 -9999.000 -9999.000 -9999.000 -9999.000 -9999.000 -9999.000 -9999.000 -9999.000 -9999.000 -9999.000 -9999.000 -9999.000 -9999.000 -9999.000 -9999.000 -9999.000 -9999.000 -9999.000 -9999.000 -9999.000 -9999.000 -9999.000 -9999.000 -9999.000 -9999.000 -9999.000 -9999.000 -9999.000 -9999.000 -9999.000 -9999.000 -9999.000 -9999.000 -9999.000 -9999.000 -9999.000 -9999.000 -9999.000 -9999.000 -9999.000 -9999.000 -9999.000 -9999.000 -9999.000 -9999.000 -9999.000 -9999.000 -9999.000 -9999.000 -9999.000 -9999.000 -9999.000 -9999.000 -9999.000 -9999.000 -9999.000 -9999.000 -9999.000 -9999.000 -9999.000 -9999.000 -9999.000 -9999.000 -9999.000 -9999.000 -9999.000 -9999.000 -9999.000 -9999.000 -9999.000 -9999.000 -9999.000 -9999.000 -9999.000 -9999.000 -9999.000 -9999.000 -9999.000 -9999.000 -9999.000 -9999.000 -9999.000 -9999.000 -9999.000 -9999.000 -9999.000