tests/3D/hillslope01/output_maps-METEIO_OFF/wtN0002.asc
ncols         104
nrows         10
xllcorner     -2.000000
yllcorner     0.000000
cellsize      1.000000
NODATA_value  -9999.0
-9999.000 -9999.000 -9999.000 -9999.000 -9999.000 -9999.000 -9999.000 -9999.000 -9999.000 -9999.000 -9999.000 -9999.000 -9999.000 -9999.000 -9999.000 -9999.000 -9999.000 -9999.000 -9999.000 -9999.000 -9999.000 -9999.000 -9999.000 -9999.000 -9999.000 -9999.000 -9999.000 -9999.000 -9999.000 -9999.000 -9999.000 -9999.000 -9999.000 -9999.000 -9999.000 -9999.000 -9999.000 -9999.000 -9999.000 -9999.000 -9999.000 -9999.000 -9999.000 -9999.000 -9999.000 -9999.000 -9999.000 -9999.000 -9999.000 -9999.000 -9999.000 -9999.000 -9999.000 -9999.000 -9999.000 -9999.000 -9999.000 -9999.000 -9999.000 -9999.000 -9999.000 -9999.000 -9999.000 -9999.000 -9999.000 -9999.000 -9999.000 -9999.000 -9999.000 -9999.000 -9999.000 -9999.000 -9999.000 -9999.000 -9999.000 -9999.000 -9999.000 -9999.000 -9999.000 -9999.000 -9999.000 -9999.000 -9999.000 -9999.000 -9999.000 -9999.000 -9999.000 -9999.000 -9999.000 -9999.000 -9999.000 -9999.000 -9999.000 -9999.000 -9999.000 -9999.000 -9999.000 -9999.000 -9999.000 -9999.000 -9999.000 -9999.000 -9999.000 -9999.000
-9999.000 -9999.000 -9999.000 -9999.000 -9999.000 -9999.000 -9999.000 -9999.000 -9999.000 -9999.000 -9999.000 -9999.000 -9999.000 -9999.000 -9999.000 -9999.000 -9999.000 -9999.000 -9999.000 -9999.000 -9999.000 -9999.000 -9999.000 -9999.000 -9999.000 -9999.000 -9999.000 -9999.000 -9999.000 -9999.000 -9999.000 -9999.000 -9999.000 -9999.000 -9999.000 -9999.000 -9999.000 -9999.000 -9999.000 -9999.000 -9999.000 -9999.000 -9999.000 -9999.000 -9999.000 -9999.000 -9999.000 -9999.000 -9999.000 -9999.000 -9999.000 -9999.000 -9999.000 -9999.000 -9999.000 -9999.000 -9999.000 -9999.000 -9999.000 -9999.000 -9999.000 -9999.000 -9999.000 -9999.000 -9999.000 -9999.000 -9999.000 -9999.000 -9999.000 -9999.000 -9999.000 -9999.000 -9999.000 -9999.000 -9999.000 -9999.000 -9999.000 -9999.000 -9999.000 -9999.000 -9999.000 -9999.000 -9999.000 -9999.000 -9999.000 -9999.000 -9999.000 -9999.000 -9999.000 -9999.000 -9999.000 -9999.000 -9999.000 -9999.000 -9999.000 -9999.000 -9999.000 -9999.000 -9999.000 -9999.000 -9999.000 -9999.000 -9999.000 -9999.000
-9999.000 -9999.000 -3.112 -0.170 -0.108 -0.056 0.000 74.561 130.190 190.894 255.983 322.953 391.914 462.676 534.499 606.997 680.419 754.968 830.003 905.557 981.704 1058.453 1135.734 1213.274 1291.292 1369.711 1448.656 1527.911 1607.546 1687.549 1767.862 1848.583 1929.683 2011.124 2092.910 2174.952 2257.252 2339.954 2422.967 2506.361 2590.038 2673.926 2758.015 2842.386 2927.126 3012.222 3097.629 3183.260 3269.067 3355.045 3441.243 3527.803 3614.723 3701.975 3789.480 3877.187 3965.071 4053.130 4141.393 4229.948 4318.874 4408.190 4497.832 4587.756 4677.935 4768.356 4859.014 4949.917 5041.084 5132.548 5224.368 5316.616 5409.331 5502.482 5596.057 5690.057 5784.487 5879.359 5974.689 6070.494 6166.795 6263.616 6360.982 6458.920 6557.457 6656.622 6756.446 6856.965 6958.196 7060.151 7162.868 7266.379 7370.717 7475.922 7582.020 7689.073 7797.153 7906.394 8017.011 8128.822 8240.500 8347.136 -9999.000 -9999.000
-9999.000 -9999.000 -3.213 -0.170 -0.108 -0.056 0.000 74.561 130.189 190.894 255.983 322.953 391.914 462.676 534.499 606.997 680.419 754.968 830.003 905.557 981.704 1058.453 1135.734 1213.274 1291.292 1369.711 1448.656 1527.911 1607.546 1687.549 1767.862 1848.583 1929.683 2011.124 2092.910 2174.952 2257.252 2339.954 2422.967 2506.361 2590.038 2673.926 2758.015 2842.386 2927.126 3012.222 3097.629 3183.260 3269.067 3355.045 3441.243 3527.803 3614.723 3701.975 3789.480 3877.187 3965.071 4053.130 4141.393 4229.948 4318.874 4408.190 4497.832 4587.756 4677.935 4768.356 4859.014 4949.917 5041.084 5132.548 5224.368 5316.616 5409.331 5502.482 5596.057 5690.057 5784.487 5879.359 5974.689 6070.494 6166.795 6263.616 6360.982 6458.920 6557.457 6656.622 6756.446 6856.965 6958.196 7060.151 7162.868 7266.379 7370.717 7475.922 7582.020 7689.073 7797.153 7906.394 8017.011 8128.822 8240.500 8347.136 -9999.000 -9999.000
-9999.000 -9999.000 -3.237 -0.170 -0.108 -0.056 0.000 74.561 130.189 190.894 255.983 322.953 391.914 462.676 534.499 606.997 680.419 754.968 830.003 905.557 981.704 1058.453 1135.734 1213.274 1291.292 1369.711 1448.656 1527.911 1607.546 1687.549 1767.862 1848.583 1929.683 2011.124 2092.910 2174.952 2257.252 2339.954 2422.967 2506.361 2590.038 2673.926 2758.015 2842.386 2927.126 3012.222 3097.629 3183.260 3269.067 3355.045 3441.243 3527.803 3614.723 3701.975 3789.480 3877.187 3965.071 4053.130 4141.393 4229.948 4318.874 4408.190 4497.832 4587.756 4677.935 4768.356 4859.014 4949.917 5041.084 5132.548 5224.368 5316.616 5409.331 5502.482 5596.057 5690.057 5784.487 5879.359 5974.689 6070.494 6166.795 6263.616 6360.982 6458.920 6557.457 6656.622 6756.446 6856.965 6958.196 7060.151 7162.868 7266.379 7370.717 7475.922 7582.020 7689.073 7797.153 7906.394 8017.011 8128.822 8240.500 8347.136 -9999.000 -9999.000
-9999.000 -9999.000 -3.237 -0.170 -0.108 -0.056 0.000 74.561 130.189 190.894 255.983 322.953 391.914 462.676 534.499 606.997 680.419 754.968 830.003 905.557 981.704 1058.453 1135.734 1213.274 1291.292 1369.711 1448.656 1527.911 1607.546 1687.549 1767.862 1848.583 1929.683 2011.124 2092.910 2174.952 2257.252 2339.954 2422.967 2506.361 2590.038 2673.926 2758.015 2842.386 2927.126 3012.222 3097.629 3183.260 3269.067 3355.045 3441.243 3527.803 3614.723 3701.975 3789.480 3877.187 3965.071 4053.130 4141.393 4229.948 4318.874 4408.190 4497.832 4587.756 4677.935 4768.356 4859.014 4949.917 5041.084 5132.548 5224.368 5316.616 5409.331 5502.482 5596.057 5690.057 5784.487 5879.359 5974.689 6070.494 6166.795 6263.616 6360.982 6458.920 6557.457 6656.622 6756.446 6856.965 6958.196 7060.151 7162.868 7266.379 7370.717 7475.922 7582.020 7689.073 7797.153 7906.394 8017.011 8128.822 8240.500 8347.136 -9999.000 -9999.000
-9999.000 -9999.000 -3.213 -0.170 -0.108 -0.056 0.000 74.561 130.189 190.894 255.983 322.953 391.914 462.676 534.499 606.997 680.419 754.968 830.003 905.557 981.704 1058.453 1135.734 1213.274 1291.292 1369.711 1448.656 1527.911 1607.546 1687.549 1767.862 1848.583 1929.683 2011.124 2092.910 2174.952 2257.252 2339.954 2422.967 2506.361 2590.038 2673.926 2758.015 2842.386 2927.126 3012.222 3097.629 3183.260 3269.067 3355.045 3441.243 3527.803 3614.723 3701.975 3789.480 3877.187 3965.071 4053.130 4141.393 4229.948 4318.874 4408.190 4497.832 4587.756 4677.935 4768.356 4859.014 4949.917 5041.084 5132.548 5224.368 5316.616 5409.331 5502.482 5596.057 5690.057 5784.487 5879.359 5974.689 6070.494 6166.795 6263.616 6360.982 6458.920 6557.457 6656.622 6756.446 6856.965 6958.196 7060.151 7162.868 7266.379 7370.717 7475.922 7582.020 7689.073 7797.153 7906.394 8017.011 8128.822 8240.500 8347.136 -9999.000 -9999.000
-9999.000 -9999.000 -3.112 -0.170 -0.108 -0.056 0.000 74.561 130.190 190.894 255.983 322.953 391.914 462.676 534.499 606.997 680.419 754.968 830.003 905.557 981.704 1058.453 1135.734 1213.274 1291.292 1369.711 1448.656 1527.911 1607.546 1687.549 1767.862 1848.583 1929.683 2011.124 2092.910 2174.952 2257.252 2339.954 2422.967 2506.361 2590.038 2673.926 2758.015 2842.386 2927.126 3012.222 3097.629 3183.260 3269.067 3355.045 3441.243 3527.803 3614.723 3701.975 3789.480 3877.187 3965.071 4053.130 4141.393 4229.948 4318.874 4408.190 4497.832 4587.756 4677.935 4768.356 4859.014 4949.917 5041.084 5132.548 5224.368 5316.616 5409.331 5502.482 5596.057 5690.057 5784.487 5879.359 5974.689 6070.494 6166.795 6263.616 6360.982 6458.920 6557.457 6656.622 6756.446 6856.965 6958.196 7060.151 7162.868 7266.379 7370.717 7475.922 7582.020 7689.073 7797.153 7906.394 8017.011 8128.822 8240.500 8347.136 -9999.000 -9999.000
-9999.000 -9999.000 -9999.000 -9999.000 -9999.000 -9999.000 -9999.000 -9999.000 -9999.000 -9999.000 -9999.000 -9999.000 -9999.000 -9999.000 -9999.000 -9999.000 -9999.000 -9999.000 -9999.000 -9999.000 -9999.000 -9999.000 -9999.000 -9999.000 -9999.000 -9999.000 -9999.000 -9999.000 -9999.000 -9999.000 -9999.000 -9999.000 -9999.000 -9999.000 -9999.000 -9999.000 -9999.000 -9999.000 -9999.000 -9999.000 -9999.000 -9999.000 -9999.000 -9999.000 -9999.000 -9999.000 -9999.000 -9999.000 -9999.000 -9999.000 -9999.000 -9999.000 -9999.000 -9999.000 -9999.000 -9999.000 -9999.000 -9999.000 -9999.000 -9999.000 -9999.000 -9999.000 -9999.000 -9999.000 -9999.000 -9999.000 -9999.000 -9999.000 -9999.000 -9999.000 -9999.000 -9999.000 -9999.000 -9999.000 -9999.000 -9999.000 -9999.000 -9999.000 -9999.000 -9999.000 -9999.000 -9999.000 -9999.000 -9999.000 -9999.000 -9999.000 -9999.000 -9999.000 -9999.000 -9999.000 -9999.000 -9999.000 -9999.000 -9999.000 -9999.000 -9999.000 -9999.000 -9999.000 -9999.000 -9999.000 -9999.000 -9999.000 -9999.000 -9999.000
-9999.000 -9999.000 -9999.000 -9999.000 -9999.000 -9999.000 -9999.000 -9999.000 -9999.000 -9999.000 -9999.000 -9999.000 -9999.000 -9999.000 -9999.000 -9999.000 -9999.000 -9999.000 -9999.000 -9999.000 -9999.000 -9999.000 -9999.000 -9999.000 -9999.000 -9999.000 -9999.000 -9999.000 -9999.000 -9999.000 -9999.000 -9999.000 -9999.000 -9999.000 -9999.000 -9999.000 -9999.000 -9999.000 -9999.000 -9999.000 -9999.000 -9999.000 -9999.000 -9999.000 -9999.000 -9999.000 -9999.000 -9999.000 -9999.000 -9999.000 -9999.000 -9999.000 -9999.000 -9999.000 -9999.000 -9999.000 -9999.000 -9999.000 -9999.000 -9999.000 -9999.000 -9999.000 -9999.000 -9999.000 -9999.000 -9999.000 -9999.000 -9999.000 -9999.000 -9999.000 -9999.000 -9999.000 -9999.000 -9999.000 -9999.000 -9999.000 -9999.000 -9999.000 -9999.000 -9999.000 -9999.000 -9999.000 -9999.000 -9999.000 -9999.000 -9999.000 -9999.000 -9999.000 -9999.000 -9999.000 -9999.000 -9999.000 -9999.000 -9999.000 -9999.000 -9999.000 -9999.000 -9999.000 -9999.000 -9999.000 -9999.000 -9999.000 -9999.000 -9999.000