Templates/3Da/0sky.asc
ncols         33
nrows         55
xllcorner     -2.000000
yllcorner     -2.000000
cellsize      1.000000
NODATA_value  -9999.0
-9999.0 -9999.0 -9999.0 -9999.0 -9999.0 -9999.0 -9999.0 -9999.0 -9999.0 -9999.0 -9999.0 -9999.0 -9999.0 -9999.0 -9999.0 -9999.0 -9999.0 -9999.0 -9999.0 -9999.0 -9999.0 -9999.0 -9999.0 -9999.0 -9999.0 -9999.0 -9999.0 -9999.0 -9999.0 -9999.0 -9999.0 -9999.0 -9999.0
-9999.0 -9999.0 -9999.0 -9999.0 -9999.0 -9999.0 -9999.0 -9999.0 -9999.0 -9999.0 -9999.0 -9999.0 -9999.0 -9999.0 -9999.0 -9999.0 -9999.0 -9999.0 -9999.0 -9999.0 -9999.0 -9999.0 -9999.0 -9999.0 -9999.0 -9999.0 -9999.0 -9999.0 -9999.0 -9999.0 -9999.0 -9999.0 -9999.0
-9999.0 -9999.0 1.000000 1.000000 1.000000 1.000000 1.000000 1.000000 1.000000 1.000000 1.000000 1.000000 1.000000 1.000000 1.000000 1.000000 1.000000 1.000000 1.000000 1.000000 1.000000 1.000000 1.000000 1.000000 1.000000 1.000000 1.000000 1.000000 1.000000 1.000000 1.000000 -9999.0 -9999.0
-9999.0 -9999.0 0.983347 0.978872 0.976019 0.973996 0.973996 0.973996 0.972943 0.972943 0.972943 0.972943 0.972943 0.972943 0.972943 0.972943 0.972943 0.972943 0.972943 0.972943 0.972943 0.972943 0.972943 0.972943 0.972943 0.973996 0.973996 0.973996 0.976019 0.978872 0.983347 -9999.0 -9999.0
-9999.0 -9999.0 0.974201 0.964108 0.961255 0.958557 0.956174 0.956470 0.954651 0.954798 0.954909 0.954996 0.955066 0.955124 0.954651 0.954651 0.954651 0.954651 0.954651 0.955124 0.955066 0.954996 0.954909 0.954798 0.954651 0.956470 0.956174 0.958557 0.961255 0.964108 0.974201 -9999.0 -9999.0
-9999.0 -9999.0 0.968352 0.952317 0.949841 0.947143 0.944477 0.945253 0.942953 0.943365 0.943682 0.943299 0.943369 0.943731 0.943212 0.943239 0.943248 0.943239 0.943212 0.943731 0.943369 0.943299 0.943682 0.943365 0.942953 0.945253 0.944477 0.947143 0.949841 0.952317 0.968352 -9999.0 -9999.0
-9999.0 -9999.0 0.962133 0.945969 0.937876 0.935373 0.932707 0.933330 0.931262 0.931325 0.931597 0.931166 0.931366 0.931382 0.930863 0.930889 0.930898 0.930889 0.930863 0.931382 0.931366 0.931166 0.931597 0.931325 0.931262 0.933330 0.932707 0.935373 0.937876 0.945969 0.962133 -9999.0 -9999.0
-9999.0 -9999.0 0.961713 0.945454 0.937121 0.934230 0.931523 0.932102 0.929938 0.930000 0.930581 0.929908 0.930107 0.930123 0.929766 0.929934 0.929674 0.929934 0.929766 0.930123 0.930107 0.929908 0.930581 0.930000 0.929938 0.932102 0.931523 0.934230 0.937121 0.945454 0.961713 -9999.0 -9999.0
-9999.0 -9999.0 0.962577 0.940150 0.932008 0.929322 0.926769 0.927347 0.925183 0.925613 0.926077 0.925403 0.925845 0.925662 0.925524 0.925578 0.925190 0.925578 0.925524 0.925662 0.925845 0.925403 0.926077 0.925613 0.925183 0.927347 0.926769 0.929322 0.932008 0.940150 0.956409 -9999.0 -9999.0
-9999.0 -9999.0 0.962101 0.939653 0.931434 0.928600 0.926047 0.926736 0.924252 0.924682 0.925145 0.924571 0.924917 0.924628 0.924690 0.924574 0.924186 0.924574 0.924690 0.924628 0.924917 0.924571 0.925145 0.924682 0.924252 0.926736 0.926047 0.928600 0.931434 0.939653 0.955912 -9999.0 -9999.0
-9999.0 -9999.0 0.961502 0.939040 0.930769 0.927832 0.925279 0.925760 0.923276 0.923909 0.924283 0.923708 0.923987 0.923698 0.923760 0.923645 0.923118 0.923645 0.923760 0.923698 0.923987 0.923708 0.924283 0.923909 0.923276 0.925760 0.925279 0.927832 0.930769 0.939040 0.955299 -9999.0 -9999.0
-9999.0 -9999.0 0.961732 0.939261 0.930954 0.928017 0.925742 0.926145 0.923674 0.924306 0.924712 0.924138 0.924417 0.924074 0.924137 0.924145 0.923457 0.924145 0.924137 0.924074 0.924417 0.924138 0.924712 0.924306 0.923674 0.926145 0.925742 0.928017 0.930954 0.939261 0.955520 -9999.0 -9999.0
-9999.0 -9999.0 0.961490 0.939140 0.930738 0.927727 0.925364 0.925767 0.923141 0.923774 0.924179 0.923630 0.923909 0.923679 0.923557 0.923565 0.922878 0.923565 0.923557 0.923679 0.923909 0.923630 0.924179 0.923774 0.923141 0.925767 0.925364 0.927727 0.930738 0.939140 0.955271 -9999.0 -9999.0
-9999.0 -9999.0 0.961846 0.939491 0.931069 0.928058 0.925695 0.926207 0.923581 0.924298 0.924703 0.924256 0.924430 0.924200 0.924078 0.924276 0.923538 0.924276 0.924078 0.924200 0.924430 0.924256 0.924703 0.924298 0.923581 0.926207 0.925695 0.928058 0.931069 0.939491 0.955622 -9999.0 -9999.0
-9999.0 -9999.0 0.961615 0.939255 0.930834 0.927904 0.925541 0.925977 0.923351 0.923946 0.924441 0.923994 0.924168 0.923955 0.923833 0.924030 0.923335 0.924030 0.923833 0.923955 0.924168 0.923994 0.924441 0.923946 0.923351 0.925977 0.925541 0.927904 0.930834 0.939255 0.955386 -9999.0 -9999.0
-9999.0 -9999.0 0.961429 0.939067 0.930645 0.927690 0.925328 0.925702 0.923159 0.923645 0.924213 0.923766 0.923940 0.923566 0.923444 0.923679 0.922983 0.923679 0.923444 0.923566 0.923940 0.923766 0.924213 0.923645 0.923159 0.925702 0.925328 0.927690 0.930645 0.939067 0.955198 -9999.0 -9999.0
-9999.0 -9999.0 0.961573 0.939208 0.930787 0.927811 0.925526 0.925801 0.923343 0.923829 0.924398 0.924014 0.924188 0.923814 0.923749 0.923983 0.923288 0.923983 0.923749 0.923814 0.924188 0.924014 0.924398 0.923829 0.923343 0.925801 0.925526 0.927811 0.930787 0.939208 0.955339 -9999.0 -9999.0
-9999.0 -9999.0 0.961326 0.938959 0.930537 0.927616 0.925330 0.925605 0.923091 0.923578 0.924146 0.923663 0.923838 0.923491 0.923427 0.923683 0.922987 0.923683 0.923427 0.923491 0.923838 0.923663 0.924146 0.923578 0.923091 0.925605 0.925330 0.927616 0.930537 0.938959 0.955090 -9999.0 -9999.0
-9999.0 -9999.0 0.961460 0.939158 0.930648 0.927712 0.925427 0.925702 0.923141 0.923627 0.924196 0.923744 0.923849 0.923502 0.923438 0.923694 0.923018 0.923694 0.923438 0.923502 0.923849 0.923744 0.924196 0.923627 0.923141 0.925702 0.925427 0.927712 0.930648 0.939158 0.955223 -9999.0 -9999.0
-9999.0 -9999.0 0.961423 0.939120 0.930609 0.927663 0.925377 0.925652 0.923091 0.923647 0.924244 0.923792 0.923812 0.923466 0.923401 0.923657 0.922964 0.923657 0.923401 0.923466 0.923812 0.923792 0.924244 0.923647 0.923091 0.925652 0.925377 0.927663 0.930609 0.939120 0.955185 -9999.0 -9999.0
-9999.0 -9999.0 0.961473 0.939168 0.930658 0.927711 0.925477 0.925752 0.923191 0.923728 0.924324 0.923873 0.923893 0.923599 0.923534 0.923775 0.923083 0.923775 0.923534 0.923599 0.923893 0.923873 0.924324 0.923728 0.923191 0.925752 0.925477 0.927711 0.930658 0.939168 0.955233 -9999.0 -9999.0
-9999.0 -9999.0 0.961217 0.938912 0.930401 0.927455 0.925206 0.925481 0.922943 0.923442 0.924039 0.923587 0.923607 0.923240 0.923175 0.923523 0.922831 0.923523 0.923175 0.923240 0.923607 0.923587 0.924039 0.923442 0.922943 0.925481 0.925206 0.927455 0.930401 0.938912 0.954977 -9999.0 -9999.0
-9999.0 -9999.0 0.961310 0.939004 0.930493 0.927546 0.925286 0.925582 0.923043 0.923543 0.924198 0.923747 0.923767 0.923399 0.923364 0.923713 0.923020 0.923713 0.923364 0.923399 0.923767 0.923747 0.924198 0.923543 0.923043 0.925582 0.925286 0.927546 0.930493 0.939004 0.955069 -9999.0 -9999.0
-9999.0 -9999.0 0.961397 0.939090 0.930580 0.927656 0.925289 0.925584 0.923046 0.923545 0.924165 0.923713 0.923733 0.923349 0.923314 0.923707 0.923014 0.923707 0.923314 0.923349 0.923733 0.923713 0.924165 0.923545 0.923046 0.925584 0.925289 0.927656 0.930580 0.939090 0.955155 -9999.0 -9999.0
-9999.0 -9999.0 0.961371 0.939064 0.930574 0.927650 0.925274 0.925569 0.923031 0.923530 0.924150 0.923752 0.923757 0.923373 0.923338 0.923666 0.922973 0.923666 0.923338 0.923373 0.923757 0.923752 0.924150 0.923530 0.923031 0.925569 0.925274 0.927650 0.930574 0.939064 0.955129 -9999.0 -9999.0
-9999.0 -9999.0 0.961412 0.939123 0.930634 0.927709 0.925333 0.925669 0.923130 0.923630 0.924249 0.923804 0.923809 0.923425 0.923390 0.923717 0.923065 0.923717 0.923390 0.923425 0.923809 0.923804 0.924249 0.923630 0.923130 0.925669 0.925333 0.927709 0.930634 0.939123 0.955169 -9999.0 -9999.0
-9999.0 -9999.0 0.961325 0.939036 0.930546 0.927622 0.925246 0.925571 0.923033 0.923532 0.924139 0.923663 0.923668 0.923284 0.923249 0.923577 0.922866 0.923577 0.923249 0.923284 0.923668 0.923663 0.924139 0.923532 0.923033 0.925571 0.925246 0.927622 0.930546 0.939036 0.955082 -9999.0 -9999.0
-9999.0 -9999.0 0.961321 0.939031 0.930541 0.927617 0.925241 0.925556 0.923018 0.923517 0.924204 0.923728 0.923780 0.923396 0.923362 0.923689 0.922941 0.923689 0.923362 0.923396 0.923780 0.923728 0.924204 0.923517 0.923018 0.925556 0.925241 0.927617 0.930541 0.939031 0.955077 -9999.0 -9999.0
-9999.0 -9999.0 0.961332 0.939042 0.930553 0.927629 0.925252 0.925559 0.923021 0.923506 0.924193 0.923717 0.923740 0.923356 0.923321 0.923614 0.922865 0.923614 0.923321 0.923356 0.923740 0.923717 0.924193 0.923506 0.923021 0.925559 0.925252 0.927629 0.930553 0.939042 0.955088 -9999.0 -9999.0
-9999.0 -9999.0 0.961259 0.938969 0.930479 0.927555 0.925179 0.925478 0.922927 0.923412 0.924099 0.923623 0.923620 0.923236 0.923201 0.923545 0.922797 0.923545 0.923201 0.923236 0.923620 0.923623 0.924099 0.923412 0.922927 0.925478 0.925179 0.927555 0.930479 0.938969 0.955015 -9999.0 -9999.0
-9999.0 -9999.0 0.961340 0.939049 0.930560 0.927635 0.925259 0.925539 0.922988 0.923473 0.924160 0.923684 0.923681 0.923339 0.923271 0.923615 0.922867 0.923615 0.923271 0.923339 0.923681 0.923684 0.924160 0.923473 0.922988 0.925539 0.925259 0.927635 0.930560 0.939049 0.955095 -9999.0 -9999.0
-9999.0 -9999.0 0.961309 0.939018 0.930528 0.927604 0.925217 0.925496 0.922976 0.923461 0.924148 0.923672 0.923669 0.923301 0.923281 0.923626 0.922877 0.923626 0.923281 0.923301 0.923669 0.923672 0.924148 0.923461 0.922976 0.925496 0.925217 0.927604 0.930528 0.939018 0.955064 -9999.0 -9999.0
-9999.0 -9999.0 0.961320 0.939028 0.930539 0.927604 0.925217 0.925496 0.922968 0.923453 0.924141 0.923665 0.923661 0.923239 0.923219 0.923563 0.922815 0.923563 0.923219 0.923239 0.923661 0.923665 0.924141 0.923453 0.922968 0.925496 0.925217 0.927604 0.930539 0.939028 0.955074 -9999.0 -9999.0
-9999.0 -9999.0 0.961316 0.939024 0.930525 0.927590 0.925203 0.925483 0.922947 0.923432 0.924120 0.923644 0.923640 0.923262 0.923280 0.923624 0.922876 0.923624 0.923280 0.923262 0.923640 0.923644 0.924120 0.923432 0.922947 0.925483 0.925203 0.927590 0.930525 0.939024 0.955070 -9999.0 -9999.0
-9999.0 -9999.0 0.961254 0.938963 0.930526 0.927591 0.925204 0.925483 0.922941 0.923426 0.924114 0.923638 0.923605 0.923227 0.923222 0.923566 0.922818 0.923566 0.923222 0.923227 0.923605 0.923638 0.924114 0.923426 0.922941 0.925483 0.925204 0.927591 0.930526 0.938963 0.955008 -9999.0 -9999.0
-9999.0 -9999.0 0.961323 0.939020 0.930583 0.927649 0.925261 0.925541 0.922993 0.923478 0.924165 0.923661 0.923628 0.923250 0.923245 0.923625 0.922877 0.923625 0.923245 0.923250 0.923628 0.923661 0.924165 0.923478 0.922993 0.925541 0.925261 0.927649 0.930583 0.939020 0.955077 -9999.0 -9999.0
-9999.0 -9999.0 0.961255 0.938952 0.930515 0.927580 0.925193 0.925473 0.922919 0.923404 0.924092 0.923629 0.923595 0.923217 0.923212 0.923570 0.922822 0.923570 0.923212 0.923217 0.923595 0.923629 0.924092 0.923404 0.922919 0.925473 0.925193 0.927580 0.930515 0.938952 0.955009 -9999.0 -9999.0
-9999.0 -9999.0 0.961287 0.938983 0.930547 0.927612 0.925225 0.925504 0.922951 0.923461 0.924121 0.923658 0.923625 0.923247 0.923242 0.923580 0.922832 0.923580 0.923242 0.923247 0.923625 0.923658 0.924121 0.923461 0.922951 0.925504 0.925225 0.927612 0.930547 0.938983 0.955040 -9999.0 -9999.0
-9999.0 -9999.0 0.961275 0.938972 0.930535 0.927600 0.925213 0.925492 0.922939 0.923443 0.924141 0.923678 0.923645 0.923267 0.923262 0.923600 0.922884 0.923600 0.923262 0.923267 0.923645 0.923678 0.924141 0.923443 0.922939 0.925492 0.925213 0.927600 0.930535 0.938972 0.955028 -9999.0 -9999.0
-9999.0 -9999.0 0.961275 0.938972 0.930535 0.927600 0.925213 0.925493 0.922939 0.923412 0.924110 0.923647 0.923614 0.923236 0.923231 0.923569 0.922833 0.923569 0.923231 0.923236 0.923614 0.923647 0.924110 0.923412 0.922939 0.925493 0.925213 0.927600 0.930535 0.938972 0.955029 -9999.0 -9999.0
-9999.0 -9999.0 0.961216 0.938912 0.930476 0.927541 0.925154 0.925433 0.922880 0.923383 0.924081 0.923618 0.923585 0.923207 0.923202 0.923540 0.922786 0.923540 0.923202 0.923207 0.923585 0.923618 0.924081 0.923383 0.922880 0.925433 0.925154 0.927541 0.930476 0.938912 0.954969 -9999.0 -9999.0
-9999.0 -9999.0 0.961266 0.938962 0.930525 0.927590 0.925203 0.925483 0.922905 0.923403 0.924102 0.923638 0.923605 0.923227 0.923222 0.923560 0.922776 0.923560 0.923222 0.923227 0.923605 0.923638 0.924102 0.923403 0.922905 0.925483 0.925203 0.927590 0.930525 0.938962 0.955019 -9999.0 -9999.0
-9999.0 -9999.0 0.961293 0.938989 0.930553 0.927618 0.925231 0.925487 0.922909 0.923407 0.924127 0.923664 0.923631 0.923253 0.923248 0.923586 0.922820 0.923586 0.923248 0.923253 0.923631 0.923664 0.924127 0.923407 0.922909 0.925487 0.925231 0.927618 0.930553 0.938989 0.955046 -9999.0 -9999.0
-9999.0 -9999.0 0.961238 0.938934 0.930497 0.927562 0.925175 0.925465 0.922887 0.923385 0.924100 0.923637 0.923603 0.923225 0.923220 0.923558 0.922809 0.923558 0.923220 0.923225 0.923603 0.923637 0.924100 0.923385 0.922887 0.925465 0.925175 0.927562 0.930497 0.938934 0.954991 -9999.0 -9999.0
-9999.0 -9999.0 0.961283 0.938979 0.930542 0.927607 0.925198 0.925487 0.922909 0.923407 0.924117 0.923654 0.923621 0.923243 0.923238 0.923548 0.922799 0.923548 0.923238 0.923243 0.923621 0.923654 0.924117 0.923407 0.922909 0.925487 0.925198 0.927607 0.930542 0.938979 0.955036 -9999.0 -9999.0
-9999.0 -9999.0 0.961230 0.938926 0.930489 0.927555 0.925176 0.925466 0.922888 0.923386 0.924092 0.923628 0.923595 0.923217 0.923212 0.923538 0.922789 0.923538 0.923212 0.923217 0.923595 0.923628 0.924092 0.923386 0.922888 0.925466 0.925176 0.927555 0.930489 0.938926 0.954983 -9999.0 -9999.0
-9999.0 -9999.0 0.961274 0.938970 0.930533 0.927577 0.925198 0.925488 0.922910 0.923408 0.924109 0.923646 0.923612 0.923234 0.923203 0.923529 0.922780 0.923529 0.923203 0.923234 0.923612 0.923646 0.924109 0.923408 0.922910 0.925488 0.925198 0.927577 0.930533 0.938970 0.955027 -9999.0 -9999.0
-9999.0 -9999.0 0.961224 0.938920 0.930483 0.927556 0.925178 0.925468 0.922890 0.923388 0.924085 0.923622 0.923588 0.923210 0.923195 0.923521 0.922772 0.923521 0.923195 0.923210 0.923588 0.923622 0.924085 0.923388 0.922890 0.925468 0.925178 0.927556 0.930483 0.938920 0.954977 -9999.0 -9999.0
-9999.0 -9999.0 0.961248 0.938944 0.930487 0.927560 0.925182 0.925472 0.922894 0.923392 0.924089 0.923644 0.923611 0.923233 0.923232 0.923559 0.922810 0.923559 0.923232 0.923233 0.923611 0.923644 0.924089 0.923392 0.922894 0.925472 0.925182 0.927560 0.930487 0.938944 0.955001 -9999.0 -9999.0
-9999.0 -9999.0 0.961289 0.938964 0.930507 0.927580 0.925202 0.925492 0.922914 0.923412 0.924109 0.923660 0.923626 0.923224 0.923223 0.923550 0.922801 0.923550 0.923223 0.923224 0.923626 0.923660 0.924109 0.923412 0.922914 0.925492 0.925202 0.927580 0.930507 0.938964 0.955041 -9999.0 -9999.0
-9999.0 -9999.0 0.961241 0.938945 0.930488 0.927561 0.925183 0.925473 0.922895 0.923393 0.924090 0.923636 0.923603 0.923215 0.923215 0.923541 0.922792 0.923541 0.923215 0.923215 0.923603 0.923636 0.924090 0.923393 0.922895 0.925473 0.925183 0.927561 0.930488 0.938945 0.954994 -9999.0 -9999.0
-9999.0 -9999.0 0.961223 0.938927 0.930470 0.927543 0.925165 0.925455 0.922877 0.923375 0.924071 0.923614 0.923581 0.923207 0.923206 0.923533 0.922784 0.923533 0.923206 0.923207 0.923581 0.923614 0.924071 0.923375 0.922877 0.925455 0.925165 0.927543 0.930470 0.938927 0.954976 -9999.0 -9999.0
-9999.0 -9999.0 0.961243 0.938947 0.930489 0.927563 0.925184 0.925474 0.922896 0.923394 0.924091 0.923630 0.923573 0.923199 0.923199 0.923525 0.922776 0.923525 0.923199 0.923199 0.923573 0.923630 0.924091 0.923394 0.922896 0.925474 0.925184 0.927563 0.930489 0.938947 0.954995 -9999.0 -9999.0
-9999.0 -9999.0 -9999.0 -9999.0 -9999.0 -9999.0 -9999.0 -9999.0 -9999.0 -9999.0 -9999.0 -9999.0 -9999.0 -9999.0 -9999.0 -9999.0 -9999.0 -9999.0 -9999.0 -9999.0 -9999.0 -9999.0 -9999.0 -9999.0 -9999.0 -9999.0 -9999.0 -9999.0 -9999.0 -9999.0 -9999.0 -9999.0 -9999.0
-9999.0 -9999.0 -9999.0 -9999.0 -9999.0 -9999.0 -9999.0 -9999.0 -9999.0 -9999.0 -9999.0 -9999.0 -9999.0 -9999.0 -9999.0 -9999.0 -9999.0 -9999.0 -9999.0 -9999.0 -9999.0 -9999.0 -9999.0 -9999.0 -9999.0 -9999.0 -9999.0 -9999.0 -9999.0 -9999.0 -9999.0 -9999.0 -9999.0