tests/3D/rendena/output-maps-SE27XX/snowdepthN0001.asc
ncols         320
nrows         361
xllcorner     618410.159000
yllcorner     5088785.286000
cellsize      100.000000
NODATA_value  -9999.0
[rows 84 to 111 of 361, columns 248 to 309 of 320]
13.787605 14.837332 16.055962 17.468916 18.878152 20.267849 21.901527 23.987751 26.040131 28.047254 30.835405 33.878412 36.395630 36.948445 37.182078 37.560162 37.701449 36.946149 35.407901 33.975961 33.486409 34.299656 35.642438 37.390132 37.933683 35.268416 33.816459 33.324059 35.083301 38.389509 42.233710 44.911944 47.361775 48.399106 50.914449 -9999.0 -9999.0 -9999.0 -9999.0 -9999.0 -9999.0 -9999.0 -9999.0 -9999.0 -9999.0 -9999.0 -9999.0 -9999.0 -9999.0 -9999.0 -9999.0 -9999.0 -9999.0 -9999.0 -9999.0 -9999.0 -9999.0 -9999.0 -9999.0 -9999.0 -9999.0 -9999.0
15.453162 16.134772 16.931354 17.755796 18.668480 19.498919 20.825493 22.549425 24.768675 26.750178 29.060636 31.740776 34.008909 35.480811 36.213242 36.484789 36.030109 34.548405 32.520436 31.119975 31.164499 32.740328 35.631562 38.900095 41.088677 40.449038 36.430420 33.294204 32.875597 34.706741 36.512829 39.458006 42.027484 44.498752 45.194686 -9999.0 -9999.0 -9999.0 -9999.0 -9999.0 -9999.0 -9999.0 -9999.0 -9999.0 -9999.0 -9999.0 -9999.0 -9999.0 -9999.0 -9999.0 -9999.0 -9999.0 -9999.0 -9999.0 -9999.0 -9999.0 -9999.0 -9999.0 -9999.0 -9999.0 -9999.0 -9999.0
16.559844 16.808169 17.417540 17.908612 18.405563 19.007699 19.946425 21.412519 23.625751 25.803003 27.837919 29.801117 31.522618 32.987906 34.440594 35.026049 34.199004 32.523667 31.454259 31.164726 31.241298 32.473520 34.883981 38.240284 41.234999 42.263331 38.448005 34.763106 31.714995 31.555376 32.646791 34.286970 36.302207 37.755310 38.449785 -9999.0 -9999.0 -9999.0 -9999.0 -9999.0 -9999.0 -9999.0 -9999.0 -9999.0 -9999.0 -9999.0 -9999.0 -9999.0 -9999.0 -9999.0 -9999.0 -9999.0 -9999.0 -9999.0 -9999.0 -9999.0 -9999.0 -9999.0 -9999.0 -9999.0 -9999.0 -9999.0
17.075103 17.176126 17.561658 17.946805 18.290992 18.732716 19.357772 20.581800 22.562251 24.685619 26.521484 28.122769 29.561516 31.183540 32.879820 33.553694 33.261843 32.824766 33.683559 35.296242 36.097851 36.217274 36.771120 38.592953 41.276982 43.689545 43.652895 39.477965 34.239587 31.396599 30.667489 31.490765 33.544840 35.760261 39.318872 43.728173 -9999.0 -9999.0 -9999.0 -9999.0 -9999.0 -9999.0 -9999.0 -9999.0 -9999.0 -9999.0 -9999.0 -9999.0 -9999.0 -9999.0 -9999.0 -9999.0 -9999.0 -9999.0 -9999.0 -9999.0 -9999.0 -9999.0 -9999.0 -9999.0 -9999.0 -9999.0
17.214024 17.251842 17.579695 17.959959 18.289157 18.572675 19.026484 20.084937 21.654476 23.644679 25.192102 26.623415 28.080350 29.782364 31.134152 33.183942 34.403768 36.276485 39.694647 43.410782 45.114083 44.877700 44.423271 44.849142 46.226498 48.524171 49.826907 48.724060 43.716465 38.184460 34.759719 34.019143 34.784299 37.005684 41.265318 45.000957 -9999.0 -9999.0 -9999.0 -9999.0 -9999.0 -9999.0 -9999.0 -9999.0 -9999.0 -9999.0 -9999.0 -9999.0 -9999.0 -9999.0 -9999.0 -9999.0 -9999.0 -9999.0 -9999.0 -9999.0 -9999.0 -9999.0 -9999.0 -9999.0 -9999.0 -9999.0
17.211201 17.390842 17.585562 17.958158 18.315936 18.579306 18.967391 19.852766 21.161609 22.970935 24.209654 25.364129 26.616313 28.211641 30.122308 32.537572 35.584099 38.250297 40.819950 43.231859 45.338512 46.551354 47.383377 47.967368 48.500699 47.791120 48.069043 49.412247 52.396039 44.281749 47.812667 44.833437 43.168798 42.833368 44.417103 45.999952 -9999.0 -9999.0 -9999.0 -9999.0 -9999.0 -9999.0 -9999.0 -9999.0 -9999.0 -9999.0 -9999.0 -9999.0 -9999.0 -9999.0 -9999.0 -9999.0 -9999.0 -9999.0 -9999.0 -9999.0 -9999.0 -9999.0 -9999.0 -9999.0 -9999.0 -9999.0
17.077757 17.422896 17.664838 18.037082 18.312936 18.587051 18.944797 19.649681 20.918680 22.627369 23.719927 24.258612 24.748343 25.970938 27.915248 30.624931 33.333778 35.001709 36.047738 37.260661 38.531944 39.490372 39.992515 40.416969 40.995075 40.685624 41.464226 42.686549 45.092319 49.410611 49.862488 54.717414 49.349304 48.039418 52.209881 -9999.0 -9999.0 -9999.0 -9999.0 -9999.0 -9999.0 -9999.0 -9999.0 -9999.0 -9999.0 -9999.0 -9999.0 -9999.0 -9999.0 -9999.0 -9999.0 -9999.0 -9999.0 -9999.0 -9999.0 -9999.0 -9999.0 -9999.0 -9999.0 -9999.0 -9999.0 -9999.0
16.839540 17.362239 17.711405 18.035004 18.355861 18.573191 18.897942 19.419285 20.510846 21.975996 23.245302 23.546124 23.585010 24.286281 25.557334 26.770521 27.429313 27.497056 27.579402 27.964313 28.574445 29.093284 29.423506 30.070075 30.900856 31.872327 33.040044 34.161556 34.705709 37.110690 41.896433 47.680456 52.500772 55.818297 54.401900 -9999.0 -9999.0 -9999.0 -9999.0 -9999.0 -9999.0 -9999.0 -9999.0 -9999.0 -9999.0 -9999.0 -9999.0 -9999.0 -9999.0 -9999.0 -9999.0 -9999.0 -9999.0 -9999.0 -9999.0 -9999.0 -9999.0 -9999.0 -9999.0 -9999.0 -9999.0 -9999.0
16.278231 17.137466 17.550219 17.938594 18.197319 18.562289 18.804456 19.105137 19.957797 21.085482 22.350455 22.863228 22.854113 23.313616 23.997406 24.536018 24.739998 24.612734 24.549458 24.605169 24.803464 25.294033 26.049754 27.124967 28.696825 30.344779 31.703585 32.266876 31.507198 31.593385 33.495039 37.037454 41.303493 46.000895 49.731938 -9999.0 -9999.0 -9999.0 -9999.0 -9999.0 -9999.0 -9999.0 -9999.0 -9999.0 -9999.0 -9999.0 -9999.0 -9999.0 -9999.0 -9999.0 -9999.0 -9999.0 -9999.0 -9999.0 -9999.0 -9999.0 -9999.0 -9999.0 -9999.0 -9999.0 -9999.0 -9999.0
15.688508 16.572967 17.247083 17.720909 18.048006 18.528136 18.769985 18.990426 19.395714 20.298242 21.472931 22.566316 22.972457 23.345745 24.117917 24.949110 25.520450 25.692214 25.685210 25.748303 26.112111 27.010507 28.412687 30.323644 32.525899 34.550111 35.643428 36.247343 35.354764 33.986508 33.323312 33.964401 35.991892 40.056515 46.551757 51.229041 -9999.0 -9999.0 -9999.0 -9999.0 -9999.0 -9999.0 -9999.0 -9999.0 -9999.0 -9999.0 -9999.0 -9999.0 -9999.0 -9999.0 -9999.0 -9999.0 -9999.0 -9999.0 -9999.0 -9999.0 -9999.0 -9999.0 -9999.0 -9999.0 -9999.0 -9999.0
15.472458 16.197789 16.685787 17.262946 17.856393 18.348008 18.768717 18.897129 19.130142 19.925625 21.234441 22.533430 23.767036 24.695269 25.970391 27.434012 28.655557 29.396694 29.794289 30.141004 30.709542 31.593934 32.692169 34.018426 35.520473 35.980781 37.243106 37.842822 37.872127 39.214430 38.928788 38.273327 37.934560 39.679938 44.472983 49.130073 -9999.0 -9999.0 -9999.0 -9999.0 -9999.0 -9999.0 -9999.0 -9999.0 -9999.0 -9999.0 -9999.0 -9999.0 -9999.0 -9999.0 -9999.0 -9999.0 -9999.0 -9999.0 -9999.0 -9999.0 -9999.0 -9999.0 -9999.0 -9999.0 -9999.0 -9999.0
15.600199 16.167005 16.645817 16.880472 17.352774 18.038879 18.533716 18.768894 18.982733 19.560345 20.930186 22.321306 23.735190 24.881032 26.411834 27.742502 29.070376 29.989976 30.609802 31.113922 31.611300 32.072936 31.331221 32.196107 33.511381 35.480529 36.189416 36.630398 37.549848 37.713702 39.169610 40.499049 39.469387 40.981746 44.130252 48.115261 -9999.0 -9999.0 -9999.0 -9999.0 -9999.0 -9999.0 -9999.0 -9999.0 -9999.0 -9999.0 -9999.0 -9999.0 -9999.0 -9999.0 -9999.0 -9999.0 -9999.0 -9999.0 -9999.0 -9999.0 -9999.0 -9999.0 -9999.0 -9999.0 -9999.0 -9999.0
16.450514 16.512646 16.826102 17.162503 17.066296 17.478265 18.314502 18.528653 18.834913 19.064750 20.307151 21.973138 23.572415 24.741758 25.908627 27.384765 28.545372 29.290806 29.698583 29.979855 30.279945 30.578393 31.053582 32.084994 33.473267 34.962650 35.970712 36.856961 38.010966 39.254737 40.101198 40.482408 40.387731 41.029464 43.549578 46.998772 -9999.0 -9999.0 -9999.0 -9999.0 -9999.0 -9999.0 -9999.0 -9999.0 -9999.0 -9999.0 -9999.0 -9999.0 -9999.0 -9999.0 -9999.0 -9999.0 -9999.0 -9999.0 -9999.0 -9999.0 -9999.0 -9999.0 -9999.0 -9999.0 -9999.0 -9999.0
17.120074 17.367120 17.492827 17.626038 17.437927 17.140466 17.812634 18.627248 18.823152 18.781236 19.703638 21.426111 23.210029 24.538805 25.803463 27.056581 27.988637 28.616689 29.094624 30.173574 30.529352 30.831076 31.422462 32.602319 33.997891 34.992286 36.126550 37.801467 38.745606 39.696613 40.482898 39.991675 40.383197 42.391943 42.745733 -9999.0 -9999.0 -9999.0 -9999.0 -9999.0 -9999.0 -9999.0 -9999.0 -9999.0 -9999.0 -9999.0 -9999.0 -9999.0 -9999.0 -9999.0 -9999.0 -9999.0 -9999.0 -9999.0 -9999.0 -9999.0 -9999.0 -9999.0 -9999.0 -9999.0 -9999.0 -9999.0
17.666761 17.952233 18.255154 18.270953 17.683359 17.229147 17.354375 17.764627 18.869809 18.749763 19.487576 20.702508 22.693255 24.318547 25.696152 26.904446 27.786168 28.476710 29.258675 30.125183 31.091452 30.902271 31.648495 32.834304 34.263369 35.237308 36.098600 36.926879 37.709156 38.421123 39.003849 39.714251 41.233853 42.791418 -9999.0 -9999.0 -9999.0 -9999.0 -9999.0 -9999.0 -9999.0 -9999.0 -9999.0 -9999.0 -9999.0 -9999.0 -9999.0 -9999.0 -9999.0 -9999.0 -9999.0 -9999.0 -9999.0 -9999.0 -9999.0 -9999.0 -9999.0 -9999.0 -9999.0 -9999.0 -9999.0 -9999.0
18.062477 18.197507 18.868215 18.776589 17.984086 17.282432 17.215059 17.084934 18.396296 18.913985 19.248066 20.318191 22.132959 23.819075 25.358772 26.669264 27.559821 28.007406 28.159614 28.614819 29.566333 30.700850 31.808251 32.860974 33.534942 34.236068 34.936162 35.680646 36.427497 37.089053 37.587884 38.055685 39.778386 40.895248 -9999.0 -9999.0 -9999.0 -9999.0 -9999.0 -9999.0 -9999.0 -9999.0 -9999.0 -9999.0 -9999.0 -9999.0 -9999.0 -9999.0 -9999.0 -9999.0 -9999.0 -9999.0 -9999.0 -9999.0 -9999.0 -9999.0 -9999.0 -9999.0 -9999.0 -9999.0 -9999.0 -9999.0
18.259671 18.113774 18.890423 19.289192 18.479840 17.488517 16.855030 16.868433 17.339127 18.240773 19.370489 20.683578 22.047715 23.717401 25.033500 26.298976 27.226081 27.587140 27.328572 27.003246 27.399368 28.827587 30.589398 31.890716 32.666360 32.984967 33.650384 33.769304 34.405158 34.797079 35.109806 36.880055 37.502424 39.743141 40.288205 -9999.0 -9999.0 -9999.0 -9999.0 -9999.0 -9999.0 -9999.0 -9999.0 -9999.0 -9999.0 -9999.0 -9999.0 -9999.0 -9999.0 -9999.0 -9999.0 -9999.0 -9999.0 -9999.0 -9999.0 -9999.0 -9999.0 -9999.0 -9999.0 -9999.0 -9999.0 -9999.0
18.460862 17.792034 18.746751 19.885502 19.238548 18.091471 16.775761 16.291158 16.554111 17.381752 19.120104 20.923681 22.680364 24.028392 25.065679 25.984402 26.712166 27.020959 26.790885 26.141271 25.771485 26.742767 28.737689 30.459525 31.346722 31.425654 32.086727 32.608254 32.848652 32.910567 32.852143 33.502260 34.815630 36.876816 39.315313 -9999.0 -9999.0 -9999.0 -9999.0 -9999.0 -9999.0 -9999.0 -9999.0 -9999.0 -9999.0 -9999.0 -9999.0 -9999.0 -9999.0 -9999.0 -9999.0 -9999.0 -9999.0 -9999.0 -9999.0 -9999.0 -9999.0 -9999.0 -9999.0 -9999.0 -9999.0 -9999.0
19.345326 17.875417 18.744624 20.286532 20.549819 19.492369 17.821983 16.889343 16.641384 17.503440 18.990090 20.720170 22.464093 23.926691 24.591322 25.840621 26.299821 26.518148 26.411742 25.836836 24.961559 24.941223 26.393724 28.354980 29.772118 30.343240 31.222981 31.571370 31.390213 30.700489 30.002604 30.540479 32.926258 35.860767 38.945583 -9999.0 -9999.0 -9999.0 -9999.0 -9999.0 -9999.0 -9999.0 -9999.0 -9999.0 -9999.0 -9999.0 -9999.0 -9999.0 -9999.0 -9999.0 -9999.0 -9999.0 -9999.0 -9999.0 -9999.0 -9999.0 -9999.0 -9999.0 -9999.0 -9999.0 -9999.0 -9999.0
21.580838 18.286670 18.627376 20.614853 21.661428 20.902785 19.779284 18.353014 17.468625 17.528567 18.568534 20.421091 21.726525 22.938629 24.130101 25.140177 25.249766 26.092586 26.105443 25.797526 24.845824 23.927274 24.390527 25.912323 27.882702 29.594030 30.861670 30.705855 31.430338 30.669653 30.824366 31.202519 33.372906 35.541666 38.390242 -9999.0 -9999.0 -9999.0 -9999.0 -9999.0 -9999.0 -9999.0 -9999.0 -9999.0 -9999.0 -9999.0 -9999.0 -9999.0 -9999.0 -9999.0 -9999.0 -9999.0 -9999.0 -9999.0 -9999.0 -9999.0 -9999.0 -9999.0 -9999.0 -9999.0 -9999.0 -9999.0
25.660928 19.904493 18.842354 20.683375 22.676696 23.008618 22.049688 20.668130 18.927926 17.368082 17.462527 19.029899 20.618683 21.907594 22.759748 23.639205 24.476795 25.090948 25.148668 25.666299 25.093083 23.816950 23.081170 23.850336 25.397809 26.947505 28.264405 29.464783 30.746329 30.823402 34.716564 32.132387 35.220200 -9999.0 -9999.0 -9999.0 -9999.0 -9999.0 -9999.0 -9999.0 -9999.0 -9999.0 -9999.0 -9999.0 -9999.0 -9999.0 -9999.0 -9999.0 -9999.0 -9999.0 -9999.0 -9999.0 -9999.0 -9999.0 -9999.0 -9999.0 -9999.0 -9999.0 -9999.0 -9999.0 -9999.0 -9999.0
30.496439 23.027446 19.548935 20.801474 23.309439 24.364207 23.610397 21.888784 19.613915 16.870091 15.966774 16.834331 19.117073 21.109270 22.117301 22.676827 23.306739 23.889199 24.465811 25.110667 25.224121 24.369894 23.272651 22.858399 23.490055 24.245161 24.952583 25.966977 27.790795 31.942459 35.556027 -9999.0 -9999.0 -9999.0 -9999.0 -9999.0 -9999.0 -9999.0 -9999.0 -9999.0 -9999.0 -9999.0 -9999.0 -9999.0 -9999.0 -9999.0 -9999.0 -9999.0 -9999.0 -9999.0 -9999.0 -9999.0 -9999.0 -9999.0 -9999.0 -9999.0 -9999.0 -9999.0 -9999.0 -9999.0 -9999.0 -9999.0
31.755122 26.884381 21.186728 20.765824 23.323938 24.826672 23.935054 21.899438 20.086414 17.861367 15.067163 14.664340 16.487260 19.726912 21.770441 22.549869 22.941547 23.215163 23.522261 24.074748 24.528374 24.709327 23.839777 23.205510 22.971513 22.974127 22.782331 23.196434 26.005315 30.894971 34.040989 -9999.0 -9999.0 -9999.0 -9999.0 -9999.0 -9999.0 -9999.0 -9999.0 -9999.0 -9999.0 -9999.0 -9999.0 -9999.0 -9999.0 -9999.0 -9999.0 -9999.0 -9999.0 -9999.0 -9999.0 -9999.0 -9999.0 -9999.0 -9999.0 -9999.0 -9999.0 -9999.0 -9999.0 -9999.0 -9999.0 -9999.0
32.133131 29.920431 23.407255 21.116885 23.000488 24.768392 23.738622 21.190971 20.013621 19.156507 15.206654 14.015141 14.532312 17.113372 20.670926 22.211981 22.630442 22.694384 22.738279 23.089627 23.444520 24.163885 24.145954 23.689091 23.002570 22.092975 21.225184 21.790776 25.372325 28.810526 -9999.0 -9999.0 -9999.0 -9999.0 -9999.0 -9999.0 -9999.0 -9999.0 -9999.0 -9999.0 -9999.0 -9999.0 -9999.0 -9999.0 -9999.0 -9999.0 -9999.0 -9999.0 -9999.0 -9999.0 -9999.0 -9999.0 -9999.0 -9999.0 -9999.0 -9999.0 -9999.0 -9999.0 -9999.0 -9999.0 -9999.0 -9999.0
31.821319 29.935972 25.962740 22.132971 22.992239 24.941332 23.874345 20.584431 19.859790 20.666122 18.901510 15.084990 13.800255 14.830936 17.972555 20.607922 21.310326 21.413285 21.516696 21.763193 22.515912 23.065301 23.785417 23.493168 22.968934 21.812674 20.174480 20.475753 24.448355 28.387118 -9999.0 -9999.0 -9999.0 -9999.0 -9999.0 -9999.0 -9999.0 -9999.0 -9999.0 -9999.0 -9999.0 -9999.0 -9999.0 -9999.0 -9999.0 -9999.0 -9999.0 -9999.0 -9999.0 -9999.0 -9999.0 -9999.0 -9999.0 -9999.0 -9999.0 -9999.0 -9999.0 -9999.0 -9999.0 -9999.0 -9999.0 -9999.0
31.003280 31.250198 27.872672 23.390944 23.500502 24.415283 24.539540 20.872631 19.781952 21.683414 21.952379 18.210407 14.477376 14.117424 15.709552 17.727232 18.087474 18.250093 18.669876 19.377629 20.555497 21.757239 22.452510 22.320813 22.754093 21.602479 19.974258 19.620232 22.555136 26.660342 -9999.0 -9999.0 -9999.0 -9999.0 -9999.0 -9999.0 -9999.0 -9999.0 -9999.0 -9999.0 -9999.0 -9999.0 -9999.0 -9999.0 -9999.0 -9999.0 -9999.0 -9999.0 -9999.0 -9999.0 -9999.0 -9999.0 -9999.0 -9999.0 -9999.0 -9999.0 -9999.0 -9999.0 -9999.0 -9999.0 -9999.0 -9999.0
30.688164 30.634053 28.594101 24.633407 24.168549 24.910745 25.483520 21.252479 20.079374 22.080579 29.101082 20.056005 16.271271 14.285416 14.946690 15.148787 14.933967 14.783720 14.995545 16.099097 17.405812 18.508740 19.066373 19.975791 21.012296 20.672647 20.807166 20.044845 21.070571 25.735824 28.245662 -9999.0 -9999.0 -9999.0 -9999.0 -9999.0 -9999.0 -9999.0 -9999.0 -9999.0 -9999.0 -9999.0 -9999.0 -9999.0 -9999.0 -9999.0 -9999.0 -9999.0 -9999.0 -9999.0 -9999.0 -9999.0 -9999.0 -9999.0 -9999.0 -9999.0 -9999.0 -9999.0 -9999.0 -9999.0 -9999.0 -9999.0
32.038239 30.358971 28.338360 24.897138 24.269931 25.104812 26.393194 22.288722 20.480987 21.998519 28.320914 26.565852 19.762982 16.215702 15.504343 14.564018 13.664969 13.050470 13.017566 13.565038 14.275532 15.061943 15.187088 15.603627 17.281196 19.538502 21.237370 21.226383 20.739879 22.823005 25.200883 -9999.0 -9999.0 -9999.0 -9999.0 -9999.0 -9999.0 -9999.0 -9999.0 -9999.0 -9999.0 -9999.0 -9999.0 -9999.0 -9999.0 -9999.0 -9999.0 -9999.0 -9999.0 -9999.0 -9999.0 -9999.0 -9999.0 -9999.0 -9999.0 -9999.0 -9999.0 -9999.0 -9999.0 -9999.0 -9999.0 -9999.0
