tests/3D/Borden05m/InitWaterTable_nopit.asc
ncols         160
nrows         34
xllcorner     620200.000000
yllcorner     5168000.000000
cellsize      0.5
NODATA_value  -9999.0
[rows 0 to 24 of 34, columns 56 to 111 of 160]
-9999 -9999 -9999 -9999 -9999 -9999 -9999 -9999 -9999 -9999 -9999 -9999 -9999 -9999 -9999 -9999 -9999 -9999 -9999 -9999 -9999 -9999 -9999 -9999 -9999 -9999 -9999 -9999 -9999 -9999 -9999 -9999 -9999 -9999 -9999 -9999 -9999 -9999 -9999 -9999 -9999 -9999 -9999 -9999 -9999 -9999 -9999 -9999 -9999 -9999 -9999 -9999 -9999 -9999 -9999 -9999
-9999 -9999 -9999 897.0404113 902.6420222 908.1318058 913.3222168 922.5863511 932.0271722 940.8451918 945.0278104 946.143129 947.1881873 947.7672942 942.6516568 934.8839292 927.4329339 920.3677708 918.1261222 915.8198678 913.6179897 913.1941306 914.5742203 917.905046 921.2666743 924.738464 926.2592464 934.6072269 946.0956162 955.0717045 957.8651331 953.3847358 948.8664113 946.3210677 940.2116807 929.2858636 918.3020055 909.6275587 897.7675623 892.1138852 886.8080971 883.4028999 887.1736268 890.4224089 893.8172551 898.3015535 909.1409864 -9999 -9999 -9999 -9999 -9999 -9999 -9999 -9999 -9999
934.3034507 914.9989936 911.8536702 922.6912592 927.5924432 931.0640404 933.4412155 938.7677476 947.7808202 953.4051614 959.1106309 961.0694834 961.3027108 961.4635565 957.4778443 947.729047 939.9156087 935.2860278 932.999784 930.6524936 930.7350803 931.3429575 931.8299829 934.8239317 938.3279166 941.8004352 943.6549985 943.6084568 951.2698827 956.6692483 959.9999703 961.3178344 958.8570792 956.5073473 953.3785681 943.6828493 935.3074447 926.9135925 912.664513 900.2393183 894.8492866 896.9951079 901.7106164 905.0702632 911.1178823 920.5865474 930.760624 940.9765114 947.9165092 953.035106 958.0240836 951.6435002 944.943864 934.4778384 924.1306311 911.9101112
951.1889624 931.6796241 929.0850717 940.1072576 948.7245414 953.454985 953.6425549 951.6986229 955.6863119 960.6812036 965.2988638 957.677982 956.7246373 955.8234789 952.8290463 949.6638299 947.3782153 944.7621877 939.6237984 930.8604074 928.3997978 928.0513742 928.0767588 930.0292375 933.2433419 935.1192703 937.9658611 943.2446459 944.2604196 943.9186711 943.9835309 938.8320721 937.3512797 935.909395 942.8085263 939.359759 933.0025306 926.0033185 918.9280389 911.7987374 907.0152185 909.8411535 910.6639137 918.5335487 931.8459821 942.800585 951.089591 953.2047527 956.0243284 963.3644403 975.2702304 968.0137527 952.1825838 947.237372 943.3322388 931.2136015
959.6418195 948.2337383 945.6464597 951.0509929 950.3703969 949.241111 948.1099495 950.0956027 953.4829722 955.3801159 942.9359079 933.8635173 932.5426443 929.9817469 926.8465634 928.2189623 940.676809 943.457526 935.1759038 924.9613836 919.3036311 919.3749649 919.6418259 921.4454451 922.6199555 923.2417354 925.729386 924.7888211 922.3220229 921.8444791 916.8942061 911.3004837 908.5417482 917.0138192 926.1647496 925.540234 917.7681322 909.6671525 902.1309584 890.9796355 879.0415098 879.9417358 885.228648 893.5998741 906.6571902 929.5135572 948.813739 958.9126192 965.1276928 971.6482426 971.8563987 973.8134071 962.7206765 960.5913685 958.5244716 949.7062359
957.5289607 936.9929134 929.3156397 935.8834704 941.9412512 945.731572 945.5656171 945.7471966 942.7731521 930.1165526 916.7644664 902.2603228 900.15258 898.0784665 898.7567989 908.6830167 919.185177 923.5983517 908.7426578 893.1557566 885.1910057 884.6058994 884.5345521 876.7606081 878.9525776 881.6917123 887.3303481 885.1184121 882.6581439 871.5460568 864.1783846 857.5345164 859.511611 871.2913862 882.245557 884.007703 881.8282646 879.4334494 873.2920026 862.5565581 852.0214746 856.4383631 863.2839088 873.0036474 901.2810651 928.4318712 944.7298983 943.4397449 942.4229063 946.4745374 949.0560488 952.1273295 959.1266951 959.089882 959.282305 959.4242462
912.7211493 894.2065365 878.6996144 885.3211759 894.4538726 905.9934367 906.1382752 903.2237855 895.5164174 882.8949425 865.2033741 841.759912 838.9462635 835.7750116 832.3027186 843.3978596 855.7642876 867.7238998 851.779164 842.3362293 833.6639484 830.9280946 819.8620264 809.9480972 815.2424749 824.1825034 834.0961632 827.8266114 814.3841071 799.6173497 793.5675484 790.4328805 790.3847069 800.3357672 805.5186021 807.8967193 807.011674 810.4294225 806.9904873 795.587118 779.6933688 778.9188502 788.8120603 810.7707149 845.9865796 880.3040144 901.5466231 896.2608501 901.9834196 907.4279867 910.9388254 924.4520289 935.2283475 934.8780614 943.9041961 949.6997859
871.0090742 853.833055 836.5841519 841.3131482 853.3196117 866.6132546 867.3158389 859.8548054 851.1852431 833.172294 810.1491084 786.4133461 775.9544924 770.2616511 761.5684207 768.4897528 777.7823561 786.8210871 780.1179862 767.8008147 756.0429948 745.2737449 733.0554303 721.5156407 728.7453813 739.0847818 742.4678378 738.3041569 721.2581203 706.4813914 701.5687536 699.5253011 695.2536843 701.4694821 708.6762944 716.543544 723.7016264 730.4029011 734.8402604 718.8073478 703.490141 704.5429695 726.9626091 749.583446 782.3556923 817.8884537 850.6455029 853.6532254 853.9151928 854.3254225 868.89218 883.562503 901.1569793 911.1631277 919.4659811 933.7173673
786.509818 766.5089671 747.8170163 744.8264238 760.6908737 766.8958665 762.7884364 752.06958 747.0593933 734.7815073 709.5809803 677.1392355 653.5042251 632.3126802 628.9732698 638.8692841 648.630334 662.8620747 668.57963 655.0408152 643.5282157 632.4199537 621.136341 609.2175634 601.6416437 602.4896498 602.5976571 600.2517628 596.5099419 590.4863548 584.0964579 577.7635504 570.8037446 569.7792999 578.538153 586.7993094 596.7633081 605.5716463 608.2444297 608.8802758 601.0641246 601.2070534 620.8118863 645.7975442 674.0810129 707.991009 737.4749124 756.5068693 752.6707056 764.3743741 780.5971521 800.6621948 836.0197617 853.7320303 869.410471 898.550359
696.657773 670.5057068 656.52392 642.9424913 645.4218517 644.0164556 641.9105422 636.9375298 632.9762914 626.3716478 595.6265663 562.1429123 532.6851002 509.348615 501.2806455 511.4837514 521.8252633 533.4969551 543.7235154 543.4265236 531.0642453 515.4893847 499.963987 489.1555805 484.9286636 486.0549702 485.7948672 484.6009011 481.8708215 479.834527 475.2054082 468.3913767 457.7917138 445.2187045 448.4841684 464.8234587 478.3319702 493.8875386 500.2367402 502.2536712 505.648732 505.0041888 506.5377764 530.6795284 555.2339388 584.5590814 614.6370206 635.9133026 652.3385321 669.1360022 687.5176748 727.8758708 765.9168511 798.8348767 825.9911623 853.6700177
595.4952648 567.3854497 543.0664659 529.0772614 525.4720938 524.7064986 523.0740392 517.8665239 512.9135962 505.2344615 486.4009028 453.1264555 419.2709169 392.1314601 387.2587429 395.1294292 405.5562133 417.009791 426.0705491 429.4747094 424.5833955 416.145823 402.7329682 391.1416887 379.8286865 379.2209418 378.7829493 379.2309011 377.5331521 376.0859548 375.2282803 369.8461894 359.9946899 350.646694 348.4302411 358.3127423 374.3409084 391.8305613 400.7422352 407.7432858 413.0339881 412.9639854 411.5772018 412.7941639 432.4200785 463.5964487 504.2244662 532.1523128 552.962763 563.917617 576.1908615 591.6372082 632.7125654 655.9669745 686.6265048 720.6136709
499.279265 472.6239229 444.7589878 426.281326 417.5754763 417.2376847 415.1607201 409.0164433 402.2120991 391.00957 375.7407286 358.1566806 334.7128225 311.3577988 294.2851306 296.3488044 306.1226991 320.7024526 323.4667055 323.9695803 323.081868 318.4019122 313.4129143 300.638878 287.2384464 282.2401189 281.6410018 283.950616 282.2065803 281.4568856 281.5055704 281.6461378 279.2192834 273.9276567 271.8372861 274.6441414 287.133565 304.6015033 319.8537822 328.9246231 333.3098642 336.1521736 336.0686633 337.3197117 345.7715358 368.4871663 400.0445485 432.180824 454.6443257 469.3257273 479.7797958 487.1419252 496.6554323 509.8615762 534.4466947 572.3777304
410.2046856 388.6472502 365.4660874 342.3574784 326.5155959 321.8095472 315.8866122 312.0884484 301.939504 287.194758 271.8780228 262.0132702 249.7424718 232.8735212 223.4033976 217.915451 216.5475198 216.1033211 214.0002801 213.9914068 217.1494335 216.2234467 215.3878819 214.4814298 211.1690509 210.4494738 210.4165849 210.5478664 209.9837086 209.9443215 209.6622656 209.9880569 211.4867371 211.2241356 211.1239423 211.24782 213.9146609 220.1606625 234.6556911 245.0779142 251.6384161 258.4617837 266.4972504 275.2424491 283.5720188 295.8423411 318.08504 347.9696101 375.5049127 386.4385078 390.993325 394.3310041 397.2621234 408.8179517 426.500514 451.5361367
317.0190521 304.4337656 287.5347628 265.8074313 250.9303867 242.1623072 235.062762 230.9647059 220.6503042 210.2739365 208.8410357 208.4162675 207.978526 207.5454015 207.3970785 207.3546493 207.374225 209.4235319 209.4630657 210.574319 215.7933856 224.4616331 223.0488961 221.8451709 219.460143 216.1351526 217.5866169 216.8079445 213.9607906 215.2569921 220.2583199 223.4423279 224.9857284 224.8837955 218.0923437 215.264105 214.6070724 214.0994827 214.5754964 214.6276345 214.8058212 215.0286995 215.3436789 215.7479474 219.4424037 227.3903777 246.0965879 272.5235703 301.2603895 316.5562482 322.3055565 319.9671218 321.9289445 326.4172491 342.8248741 366.6034596
228.2688449 217.6121272 208.9374254 207.7934796 207.212885 206.942521 205.5936532 203.721655 204.0420516 207.3861286 210.9954172 215.3650244 216.3003287 217.4330328 219.6566903 218.9409308 220.8035366 224.421948 227.3965493 232.5977918 242.4439162 253.6018801 255.3931243 250.6386543 246.0584903 242.3292521 239.992803 237.0027828 235.2555545 239.3676515 246.5445159 253.0508927 255.0541049 249.0123249 243.7289181 239.4303003 238.9263997 240.2528677 241.8798931 241.347228 243.2006802 242.5278546 236.6857859 224.9042017 217.4547969 217.1418674 217.1863765 218.0717344 219.6934379 238.0711459 256.0237632 253.2437061 256.8288015 266.9116703 285.4768155 306.288636
213.4224434 213.5072475 215.6701215 221.1161657 226.4803428 227.0054373 223.1991386 216.550186 215.005114 221.5312398 229.0800561 235.2902518 241.0909641 242.6906246 244.0813985 244.7274622 244.6594206 249.5633921 255.9402518 269.5001598 280.5033839 291.3809332 297.1847631 297.8409595 291.9940283 283.2496524 275.4849551 271.2241686 276.1829685 282.7341157 292.2965373 300.0566248 299.9026323 297.000422 288.603209 276.9106033 274.4000437 273.9446339 278.2364326 281.5895736 287.0827764 288.663469 282.1079266 268.280942 254.9671498 243.4443585 236.5570049 230.0318157 224.4335801 217.7172698 217.571538 217.491432 217.6045477 221.2384834 233.817518 251.1076585
227.4097684 233.3463335 237.811485 244.0422957 249.5081846 250.7662366 247.725003 243.9433464 246.307693 252.5240983 261.9379618 271.7974307 280.608976 285.2541011 284.1815909 281.8200923 280.9565407 286.1894612 299.0813012 315.0300327 327.5274665 340.6638635 344.228784 348.1362879 350.1621426 339.412924 324.1259426 318.7002803 330.3585488 339.334776 352.576769 360.1356495 362.6521863 360.8158257 351.4617781 333.7319189 317.8101927 317.4359272 326.5766168 335.5726697 340.8144938 343.6133628 337.0621053 319.5778673 301.7199498 289.0667855 281.0923254 276.1032485 268.5877727 259.7669792 249.5387631 238.2238632 228.7788842 218.5887323 217.7824744 218.0082536
250.5146238 257.611383 264.4448273 270.7458434 276.1509888 279.6627249 281.2139604 282.3964456 287.3829887 293.3514157 302.9876718 313.5964259 323.6308926 335.243736 337.2994314 338.2549008 335.3854646 345.3352658 355.7910293 374.2822102 388.7799006 403.5213317 411.8376251 417.2029681 422.2528127 415.0389459 398.6366161 389.3023551 404.2829122 414.7028647 428.4002405 435.2450215 438.538878 437.0869833 427.2166049 404.3705259 386.1428583 380.612762 389.4933472 397.3034355 401.7367778 403.7533704 399.7081837 385.1247838 366.1988867 347.9302277 335.1652279 327.5501709 320.633073 311.2683477 298.1351093 285.6032181 273.2163402 258.0709254 241.2526765 228.7907732
279.923802 288.676486 296.916532 306.018246 315.2242195 319.935628 318.2980936 323.8337375 329.1444949 339.1432613 378.9842547 393.6216471 409.1618962 422.1635404 425.7109886 431.0306378 433.8446232 441.9669357 448.4190775 458.2687767 473.4203522 489.874831 504.6174857 509.3249117 513.3022011 518.4563789 509.5720769 505.1873221 506.1800771 514.0423613 521.7482961 525.6463093 528.377157 524.6542728 510.9791017 497.8506212 486.3611263 481.3227559 486.5604101 482.7848619 479.1139594 479.6371925 466.4426697 453.9850738 437.5341203 417.8145549 397.4093828 387.1941389 379.3693595 369.7650341 355.6337814 340.3931349 324.7934203 304.1977444 282.39239 268.5690303
314.4606551 326.2788396 338.5332241 349.4569121 360.2177393 370.2594423 368.2053562 370.5042 376.1486081 409.0137344 449.8420975 479.3093966 495.5498603 514.6461225 522.896972 529.8849286 549.7337975 561.2086455 567.9101047 565.3229365 576.1803135 592.8752038 606.8703912 613.7368233 618.7880384 629.547653 634.623568 630.1363879 619.9634183 626.3827511 629.8926175 627.2716677 629.7082891 632.3230178 624.369533 609.7315267 601.549102 593.3988345 585.7113102 583.3304446 578.9411453 557.8046179 546.0836175 533.2123849 514.8271276 494.7689075 474.1489165 457.1216032 446.2761962 433.8659619 416.8168257 401.7083973 382.5393788 360.5215312 334.4550026 317.6669925
368.8173675 385.6430729 399.8260439 414.2003223 429.9520103 448.3191075 448.3948749 453.2956442 465.8545175 507.0359398 546.606978 576.0024089 595.5084688 617.2367593 631.5221581 652.708071 680.9944337 698.8272403 694.86884 687.3724427 688.7564831 702.46703 714.7761083 724.1190953 735.8235032 750.1726714 759.9489247 751.7613892 743.135165 738.0417124 735.7385737 732.3775213 731.2027462 732.7158265 735.8729241 728.321428 720.3235163 711.1724459 702.7911906 693.7932028 668.7165305 646.8381129 632.6514435 614.6516405 596.5527433 575.8229023 554.0995997 535.4561917 521.9607492 505.5602696 488.0381801 468.9592971 449.1573222 425.1678277 397.4414005 375.9792229
429.1090999 453.7335079 473.6090563 495.3136574 528.2232633 540.2685852 545.7323939 551.9565054 581.0977373 620.9476757 657.3664748 681.3633123 703.3168382 724.8779451 748.2841056 776.17256 801.6723386 819.764004 812.19973 804.6754711 794.4824023 806.2245768 817.5426339 823.6430087 837.5942818 851.1198984 864.752675 856.601452 847.1981973 831.699789 828.3103625 825.3800843 819.4596265 821.1256123 823.6220727 831.0929192 822.9617048 814.0123077 802.3376178 777.8255492 754.8358287 732.8924628 714.501274 696.6794489 676.7932666 655.1986478 633.4802302 611.1335235 594.4711005 577.9083921 558.684882 539.9540089 521.8258401 500.6013976 475.211592 453.5736992
518.5387338 539.7164338 561.0252255 591.6252251 631.4208339 659.3586402 667.9786263 697.9215925 728.0564373 764.09066 782.771903 799.9377867 821.184221 841.1112084 860.7634034 885.865235 907.7724815 930.2813336 925.530395 912.6624612 898.3877728 905.0060919 908.8886769 911.7755203 922.933323 936.273038 949.621318 945.8572134 931.0467861 914.5303901 907.9245927 901.8318853 894.6499736 894.8614864 901.6087592 910.3416786 905.2913733 892.5647553 877.7166798 857.3784242 836.2074386 815.8388762 797.3582454 776.8929263 755.5088173 733.8803266 710.5498259 686.4762895 669.3311847 648.2939598 626.1811313 607.8889967 596.3664207 581.863912 557.9967061 540.564443
607.2997875 629.5029585 652.4821733 688.9251072 727.9798793 767.2633076 800.338059 830.3287218 859.3692359 876.7652748 894.1548259 911.0056176 928.1175737 947.6109066 966.1719381 984.5354263 1005.651056 1023.885957 1017.980925 1004.158966 991.6793977 989.1337371 991.8427604 994.6230093 1002.172426 1015.611807 1026.554437 1018.262882 1002.866372 987.8596345 978.1203713 971.6558671 965.6298307 968.5810694 977.0102585 983.927145 976.5175875 961.7940764 947.575343 930.7855005 910.3713823 890.1033095 869.9075175 848.8548992 827.8943107 804.7980775 781.0767981 757.1937434 734.1048544 712.5317702 691.6825905 681.5255767 671.1363308 662.7668409 646.7426172 629.6828309
713.0757493 735.9973947 761.0220499 792.2266656 829.4123657 858.8179259 888.776067 917.7862578 946.5665402 970.1244984 986.5257848 995.5335106 1009.405984 1027.915871 1040.765803 1057.032 1074.992987 1075.388372 1071.54628 1059.24102 1057.007731 1056.080755 1058.853483 1059.763038 1064.256629 1075.517513 1069.243664 1061.528392 1046.678919 1035.830849 1026.587463 1020.433497 1016.408093 1017.022991 1024.179086 1021.517086 1014.648254 1000.453996 989.1096888 974.4372864 954.275772 937.621344 919.0324726 898.1075152 876.5913024 853.967125 830.0533251 804.3401151 781.2225699 762.5033046 753.5264466 743.5277989 737.5125646 742.6323068 729.0132726 715.0192022
