tests/3D/panola/output_maps/psiliqL0008N0001.asc
ncols         33
nrows         75
xllcorner     -4.500000
yllcorner     -24.500000
cellsize      1.000000
NODATA_value  -9999.0
[rows 0 to 51 of 75, columns 0 to 32 of 33]
-9999.000 -9999.000 -9999.000 -9999.000 -9999.000 -9999.000 -9999.000 -9999.000 -9999.000 -9999.000 -9999.000 -9999.000 -9999.000 -9999.000 -9999.000 -9999.000 -9999.000 -9999.000 -9999.000 -9999.000 -9999.000 -9999.000 -9999.000 -9999.000 -9999.000 -9999.000 -9999.000 -9999.000 -9999.000 -9999.000 -9999.000 -9999.000 -9999.000
-9999.000 -9999.000 -9999.000 -9999.000 -9999.000 -9999.000 -9999.000 -9999.000 -9999.000 -9999.000 -9999.000 -9999.000 -9999.000 -9999.000 -9999.000 -9999.000 -9999.000 -9999.000 -9999.000 -9999.000 -9999.000 -9999.000 -9999.000 -9999.000 -9999.000 -9999.000 -9999.000 -9999.000 -9999.000 -9999.000 -9999.000 -9999.000 -9999.000
-9999.000 -9999.000 -799.686 -799.682 -799.663 -799.664 -799.724 -799.759 -799.731 -799.617 -799.472 -799.438 -799.525 -799.659 -799.696 -799.605 -799.422 -799.312 -799.396 -799.601 -799.701 -799.647 -799.619 -799.643 -799.655 -799.486 -799.375 -799.466 -799.664 -799.730 -799.668 -9999.000 -9999.000
-9999.000 -9999.000 -799.765 -799.765 -799.760 -799.773 -799.847 -799.883 -799.845 -799.699 -799.528 -799.499 -799.626 -799.788 -799.828 -799.721 -799.498 -799.349 -799.440 -799.687 -799.814 -799.750 -799.699 -799.713 -799.721 -799.526 -799.406 -799.538 -799.775 -799.849 -799.788 -9999.000 -9999.000
-9999.000 -9999.000 -799.808 -799.815 -799.834 -799.868 -799.965 -799.999 -799.933 -799.723 -799.512 -799.542 -799.793 -800.012 -800.090 -799.995 -799.759 -799.498 -799.517 -799.767 -799.898 -799.782 -799.661 -799.679 -799.731 -799.554 -799.494 -799.699 -799.974 -800.012 -799.941 -9999.000 -9999.000
-9999.000 -9999.000 -799.795 -799.806 -799.823 -799.851 -799.928 -799.940 -799.854 -799.644 -799.482 -799.584 -799.858 -800.054 -800.146 -800.092 -799.938 -799.678 -799.585 -799.702 -799.772 -799.640 -799.474 -799.488 -799.560 -799.503 -799.547 -799.765 -799.987 -800.010 -799.944 -9999.000 -9999.000
-9999.000 -9999.000 -799.764 -799.775 -799.786 -799.806 -799.862 -799.847 -799.735 -799.540 -799.453 -799.628 -799.892 -800.036 -800.095 -800.039 -799.923 -799.712 -799.620 -799.688 -799.734 -799.615 -799.423 -799.382 -799.449 -799.511 -799.626 -799.792 -799.931 -799.931 -799.873 -9999.000 -9999.000
-9999.000 -9999.000 -799.774 -799.778 -799.756 -799.743 -799.765 -799.722 -799.603 -799.456 -799.451 -799.653 -799.866 -799.949 -799.917 -799.807 -799.668 -799.569 -799.603 -799.747 -799.836 -799.782 -799.634 -799.497 -799.463 -799.526 -799.617 -799.710 -799.775 -799.804 -799.778 -9999.000 -9999.000
-9999.000 -9999.000 -799.766 -799.766 -799.719 -799.677 -799.675 -799.618 -799.473 -799.328 -799.350 -799.610 -799.841 -799.903 -799.778 -799.568 -799.366 -799.385 -799.593 -799.845 -799.985 -799.958 -799.836 -799.646 -799.545 -799.552 -799.592 -799.619 -799.635 -799.685 -799.685 -9999.000 -9999.000
-9999.000 -9999.000 -799.800 -799.793 -799.705 -799.610 -799.567 -799.510 -799.372 -799.247 -799.265 -799.536 -799.782 -799.860 -799.748 -799.539 -799.368 -799.420 -799.640 -799.854 -799.969 -799.946 -799.841 -799.680 -799.585 -799.590 -799.615 -799.615 -799.606 -799.651 -799.664 -9999.000 -9999.000
-9999.000 -9999.000 -799.771 -799.776 -799.697 -799.612 -799.565 -799.519 -799.392 -799.265 -799.217 -799.413 -799.660 -799.798 -799.790 -799.660 -799.530 -799.498 -799.623 -799.779 -799.884 -799.886 -799.790 -799.646 -799.565 -799.615 -799.692 -799.709 -799.685 -799.676 -799.675 -9999.000 -9999.000
-9999.000 -9999.000 -799.780 -799.776 -799.709 -799.648 -799.646 -799.624 -799.571 -799.483 -799.370 -799.350 -799.455 -799.630 -799.729 -799.686 -799.558 -799.453 -799.498 -799.646 -799.790 -799.858 -799.802 -799.669 -799.574 -799.616 -799.723 -799.769 -799.762 -799.728 -799.716 -9999.000 -9999.000
-9999.000 -9999.000 -799.735 -799.734 -799.715 -799.714 -799.758 -799.735 -799.731 -799.715 -799.634 -799.470 -799.390 -799.511 -799.628 -799.594 -799.398 -799.271 -799.318 -799.541 -799.762 -799.898 -799.884 -799.730 -799.579 -799.572 -799.674 -799.741 -799.741 -799.709 -799.691 -9999.000 -9999.000
-9999.000 -9999.000 -799.781 -799.761 -799.738 -799.742 -799.785 -799.752 -799.778 -799.843 -799.863 -799.734 -799.590 -799.565 -799.586 -799.506 -799.312 -799.246 -799.331 -799.548 -799.743 -799.873 -799.877 -799.752 -799.598 -799.543 -799.584 -799.647 -799.669 -799.683 -799.678 -9999.000 -9999.000
-9999.000 -9999.000 -799.773 -799.763 -799.752 -799.767 -799.801 -799.768 -799.804 -799.904 -799.987 -799.924 -799.813 -799.701 -799.616 -799.478 -799.353 -799.414 -799.566 -799.698 -799.776 -799.823 -799.826 -799.752 -799.636 -799.556 -799.534 -799.579 -799.616 -799.659 -799.657 -9999.000 -9999.000
-9999.000 -9999.000 -799.881 -799.857 -799.802 -799.775 -799.807 -799.808 -799.841 -799.895 -799.953 -799.929 -799.861 -799.741 -799.601 -799.462 -799.453 -799.625 -799.813 -799.872 -799.851 -799.793 -799.783 -799.762 -799.712 -799.632 -799.575 -799.599 -799.653 -799.703 -799.703 -9999.000 -9999.000
-9999.000 -9999.000 -799.868 -799.853 -799.799 -799.767 -799.814 -799.837 -799.833 -799.792 -799.811 -799.861 -799.880 -799.774 -799.558 -799.377 -799.421 -799.684 -799.923 -799.977 -799.936 -799.810 -799.795 -799.785 -799.772 -799.689 -799.636 -799.662 -799.720 -799.741 -799.725 -9999.000 -9999.000
-9999.000 -9999.000 -799.886 -799.868 -799.802 -799.742 -799.765 -799.772 -799.701 -799.575 -799.589 -799.783 -799.922 -799.843 -799.573 -799.325 -799.339 -799.605 -799.850 -799.927 -799.917 -799.806 -799.794 -799.775 -799.769 -799.703 -799.673 -799.707 -799.754 -799.762 -799.744 -9999.000 -9999.000
-9999.000 -9999.000 -799.730 -799.735 -799.717 -799.699 -799.705 -799.671 -799.508 -799.332 -799.404 -799.766 -799.995 -799.923 -799.619 -799.314 -799.257 -799.455 -799.646 -799.736 -799.773 -799.745 -799.786 -799.766 -799.742 -799.689 -799.692 -799.736 -799.759 -799.745 -799.719 -9999.000 -9999.000
-9999.000 -9999.000 -799.755 -799.746 -799.733 -799.741 -799.744 -799.700 -799.532 -799.407 -799.478 -799.782 -799.953 -799.889 -799.649 -799.417 -799.325 -799.368 -799.394 -799.451 -799.535 -799.654 -799.757 -799.756 -799.716 -799.693 -799.732 -799.776 -799.775 -799.746 -799.721 -9999.000 -9999.000
-9999.000 -9999.000 -799.758 -799.750 -799.807 -799.927 -800.027 -800.015 -799.932 -799.849 -799.874 -799.950 -799.958 -799.826 -799.614 -799.467 -799.427 -799.437 -799.352 -799.315 -799.381 -799.582 -799.726 -799.732 -799.682 -799.693 -799.780 -799.830 -799.811 -799.751 -799.719 -9999.000 -9999.000
-9999.000 -9999.000 -799.846 -799.824 -799.914 -800.077 -800.232 -800.243 -800.236 -800.183 -800.176 -800.088 -799.955 -799.738 -799.545 -799.462 -799.517 -799.604 -799.595 -799.517 -799.491 -799.588 -799.675 -799.668 -799.633 -799.685 -799.790 -799.845 -799.827 -799.773 -799.748 -9999.000 -9999.000
-9999.000 -9999.000 -799.801 -799.795 -799.889 -800.052 -800.198 -800.210 -800.236 -800.209 -800.197 -800.039 -799.830 -799.589 -799.441 -799.413 -799.527 -799.716 -799.836 -799.781 -799.679 -799.602 -799.618 -799.614 -799.630 -799.701 -799.791 -799.827 -799.803 -799.751 -799.730 -9999.000 -9999.000
-9999.000 -9999.000 -799.790 -799.792 -799.789 -799.878 -799.950 -799.972 -800.010 -800.036 -799.997 -799.793 -799.522 -799.377 -799.378 -799.433 -799.526 -799.704 -799.863 -799.853 -799.747 -799.595 -799.586 -799.632 -799.710 -799.753 -799.774 -799.761 -799.740 -799.715 -799.711 -9999.000 -9999.000
-9999.000 -9999.000 -799.801 -799.813 -799.740 -799.763 -799.724 -799.688 -799.694 -799.817 -799.786 -799.541 -799.195 -799.203 -799.385 -799.506 -799.508 -799.626 -799.785 -799.798 -799.710 -799.566 -799.627 -799.723 -799.815 -799.784 -799.722 -799.656 -799.630 -799.628 -799.632 -9999.000 -9999.000
-9999.000 -9999.000 -799.883 -799.880 -799.771 -799.749 -799.641 -799.471 -799.388 -799.590 -799.664 -799.483 -799.189 -799.254 -799.480 -799.575 -799.527 -799.582 -799.706 -799.727 -799.683 -799.610 -799.719 -799.796 -799.838 -799.748 -799.645 -799.578 -799.573 -799.608 -799.623 -9999.000 -9999.000
-9999.000 -9999.000 -799.900 -799.886 -799.770 -799.725 -799.590 -799.284 -799.123 -799.402 -799.661 -799.604 -799.418 -799.454 -799.618 -799.656 -799.596 -799.621 -799.725 -799.731 -799.722 -799.677 -799.781 -799.792 -799.781 -799.694 -799.659 -799.664 -799.676 -799.672 -799.666 -9999.000 -9999.000
-9999.000 -9999.000 -799.910 -799.882 -799.658 -799.478 -799.257 -798.986 -798.898 -799.217 -799.527 -799.583 -799.547 -799.591 -799.700 -799.719 -799.696 -799.692 -799.742 -799.737 -799.742 -799.714 -799.747 -799.713 -799.694 -799.700 -799.789 -799.854 -799.873 -799.801 -799.774 -9999.000 -9999.000
-9999.000 -9999.000 -799.852 -799.814 -799.475 -799.137 -798.870 -798.806 -798.877 -799.106 -799.249 -799.333 -799.412 -799.562 -799.692 -799.737 -799.732 -799.715 -799.735 -799.719 -799.692 -799.640 -799.640 -799.656 -799.716 -799.787 -799.884 -799.914 -799.908 -799.806 -799.771 -9999.000 -9999.000
-9999.000 -9999.000 -799.915 -799.875 -799.549 -799.247 -799.162 -799.312 -799.403 -799.293 -799.082 -799.038 -799.192 -799.441 -799.596 -799.674 -799.687 -799.688 -799.685 -799.654 -799.569 -799.506 -799.536 -799.676 -799.810 -799.854 -799.837 -799.770 -799.737 -799.696 -799.694 -9999.000 -9999.000
-9999.000 -9999.000 -799.861 -799.839 -799.734 -799.750 -799.904 -799.933 -799.852 -799.545 -799.231 -799.081 -799.203 -799.435 -799.572 -799.639 -799.651 -799.674 -799.642 -799.549 -799.405 -799.391 -799.529 -799.734 -799.860 -799.846 -799.725 -799.566 -799.495 -799.543 -799.576 -9999.000 -9999.000
-9999.000 -9999.000 -799.718 -799.726 -799.801 -799.974 -800.096 -800.005 -799.814 -799.557 -799.449 -799.428 -799.502 -799.607 -799.681 -799.704 -799.709 -799.704 -799.609 -799.429 -799.276 -799.365 -799.561 -799.704 -799.751 -799.728 -799.647 -799.527 -799.477 -799.557 -799.604 -9999.000 -9999.000
-9999.000 -9999.000 -799.450 -799.502 -799.679 -799.903 -799.959 -799.779 -799.536 -799.483 -799.665 -799.778 -799.820 -799.820 -799.854 -799.842 -799.837 -799.773 -799.600 -799.328 -799.188 -799.353 -799.549 -799.589 -799.544 -799.558 -799.631 -799.662 -799.676 -799.692 -799.699 -9999.000 -9999.000
-9999.000 -9999.000 -799.430 -799.480 -799.541 -799.663 -799.617 -799.464 -799.357 -799.540 -799.792 -799.898 -799.910 -799.877 -799.892 -799.868 -799.843 -799.743 -799.562 -799.315 -799.190 -799.282 -799.402 -799.419 -799.386 -799.445 -799.606 -799.744 -799.828 -799.818 -799.796 -9999.000 -9999.000
-9999.000 -9999.000 -799.635 -799.638 -799.503 -799.444 -799.334 -799.332 -799.442 -799.678 -799.850 -799.883 -799.866 -799.821 -799.814 -799.753 -799.690 -799.588 -799.498 -799.401 -799.378 -799.395 -799.445 -799.451 -799.434 -799.435 -799.546 -799.706 -799.821 -799.808 -799.763 -9999.000 -9999.000
-9999.000 -9999.000 -799.840 -799.801 -799.554 -799.381 -799.297 -799.409 -799.573 -799.722 -799.790 -799.780 -799.754 -799.711 -799.638 -799.500 -799.380 -799.364 -799.474 -799.596 -799.677 -799.668 -799.666 -799.642 -799.610 -799.535 -799.539 -799.641 -799.748 -799.764 -799.735 -9999.000 -9999.000
-9999.000 -9999.000 -799.820 -799.780 -799.543 -799.391 -799.363 -799.482 -799.606 -799.691 -799.731 -799.730 -799.707 -799.630 -799.503 -799.347 -799.306 -799.416 -799.668 -799.856 -799.981 -799.970 -799.954 -799.874 -799.793 -799.653 -799.594 -799.639 -799.723 -799.732 -799.713 -9999.000 -9999.000
-9999.000 -9999.000 -799.777 -799.734 -799.509 -799.381 -799.375 -799.480 -799.577 -799.643 -799.701 -799.735 -799.718 -799.613 -799.488 -799.440 -799.550 -799.707 -799.908 -800.018 -800.081 -800.025 -799.978 -799.912 -799.859 -799.743 -799.669 -799.661 -799.723 -799.727 -799.731 -9999.000 -9999.000
-9999.000 -9999.000 -799.659 -799.640 -799.487 -799.430 -799.405 -799.441 -799.482 -799.562 -799.679 -799.766 -799.768 -799.665 -799.607 -799.678 -799.855 -799.935 -800.019 -800.032 -800.052 -799.946 -799.868 -799.811 -799.821 -799.750 -799.673 -799.606 -799.633 -799.630 -799.654 -9999.000 -9999.000
-9999.000 -9999.000 -799.719 -799.717 -799.651 -799.673 -799.610 -799.507 -799.397 -799.447 -799.608 -799.750 -799.792 -799.754 -799.741 -799.792 -799.884 -799.895 -799.901 -799.876 -799.884 -799.790 -799.710 -799.662 -799.719 -799.715 -799.632 -799.479 -799.421 -799.452 -799.525 -9999.000 -9999.000
-9999.000 -9999.000 -799.706 -799.738 -799.832 -799.962 -799.936 -799.737 -799.449 -799.372 -799.530 -799.718 -799.816 -799.845 -799.851 -799.826 -799.799 -799.723 -799.683 -799.682 -799.761 -799.741 -799.720 -799.670 -799.762 -799.771 -799.684 -799.447 -799.294 -799.312 -799.410 -9999.000 -9999.000
-9999.000 -9999.000 -799.750 -799.803 -799.961 -800.117 -800.118 -799.956 -799.677 -799.498 -799.545 -799.687 -799.805 -799.867 -799.877 -799.798 -799.678 -799.551 -799.517 -799.595 -799.746 -799.811 -799.854 -799.834 -799.904 -799.886 -799.816 -799.615 -799.476 -799.436 -799.504 -9999.000 -9999.000
-9999.000 -9999.000 -799.664 -799.738 -799.974 -800.159 -800.213 -800.108 -799.910 -799.689 -799.617 -799.658 -799.747 -799.799 -799.797 -799.710 -799.573 -799.456 -799.472 -799.628 -799.825 -799.907 -799.945 -799.908 -799.942 -799.906 -799.892 -799.796 -799.741 -799.643 -799.652 -9999.000 -9999.000
-9999.000 -9999.000 -799.660 -799.729 -799.937 -800.090 -800.151 -800.100 -799.986 -799.794 -799.653 -799.593 -799.607 -799.626 -799.601 -799.555 -799.473 -799.447 -799.514 -799.685 -799.851 -799.914 -799.894 -799.810 -799.769 -799.753 -799.799 -799.817 -799.823 -799.741 -799.727 -9999.000 -9999.000
-9999.000 -9999.000 -799.619 -799.676 -799.862 -799.982 -800.028 -799.981 -799.885 -799.726 -799.577 -799.484 -799.417 -799.410 -799.403 -799.484 -799.521 -799.557 -799.595 -799.703 -799.835 -799.879 -799.802 -799.641 -799.519 -799.545 -799.672 -799.779 -799.816 -799.751 -799.724 -9999.000 -9999.000
-9999.000 -9999.000 -799.659 -799.693 -799.792 -799.848 -799.824 -799.757 -799.652 -799.560 -799.461 -799.406 -799.313 -799.323 -799.422 -799.637 -799.774 -799.790 -799.740 -799.721 -799.783 -799.808 -799.729 -799.563 -799.430 -799.478 -799.631 -799.764 -799.811 -799.769 -799.740 -9999.000 -9999.000
-9999.000 -9999.000 -799.609 -799.629 -799.697 -799.739 -799.694 -799.605 -799.472 -799.418 -799.372 -799.390 -799.377 -799.467 -799.666 -799.889 -800.020 -799.972 -799.849 -799.719 -799.712 -799.724 -799.681 -799.572 -799.492 -799.540 -799.678 -799.784 -799.829 -799.797 -799.768 -9999.000 -9999.000
-9999.000 -9999.000 -799.632 -799.627 -799.650 -799.695 -799.697 -799.651 -799.553 -799.492 -799.472 -799.522 -799.606 -799.712 -799.864 -799.972 -800.041 -799.973 -799.846 -799.688 -799.613 -799.604 -799.593 -799.570 -799.555 -799.597 -799.674 -799.728 -799.766 -799.776 -799.765 -9999.000 -9999.000
-9999.000 -9999.000 -799.580 -799.566 -799.586 -799.662 -799.755 -799.789 -799.777 -799.706 -799.699 -799.687 -799.755 -799.743 -799.821 -799.850 -799.910 -799.861 -799.769 -799.639 -799.534 -799.517 -799.525 -799.563 -799.569 -799.587 -799.590 -799.603 -799.647 -799.716 -799.724 -9999.000 -9999.000
-9999.000 -9999.000 -799.608 -799.590 -799.576 -799.616 -799.716 -799.804 -799.876 -799.872 -799.911 -799.853 -799.805 -799.608 -799.561 -799.562 -799.664 -799.687 -799.663 -799.607 -799.537 -799.534 -799.574 -799.632 -799.628 -799.571 -799.484 -799.456 -799.538 -799.676 -799.702 -9999.000 -9999.000
-9999.000 -9999.000 -799.824 -799.796 -799.708 -799.655 -799.696 -799.821 -799.944 -800.009 -800.072 -799.949 -799.708 -799.214 -799.063 -799.164 -799.444 -799.541 -799.556 -799.543 -799.539 -799.556 -799.639 -799.683 -799.663 -799.488 -799.286 -799.237 -799.434 -799.720 -799.792 -9999.000 -9999.000
-9999.000 -9999.000 -799.827 -799.811 -799.725 -799.651 -799.625 -799.731 -799.930 -800.017 -800.121 -799.918 -799.669 -799.009 -798.785 -798.857 -799.207 -799.414 -799.473 -799.536 -799.522 -799.639 -799.712 -799.818 -799.680 -799.520 -799.261 -799.294 -799.514 -799.759 -799.812 -9999.000 -9999.000
