tests/3D/panola/output_maps/psiliqL0005N0001.asc
ncols         33
nrows         75
xllcorner     -4.500000
yllcorner     -24.500000
cellsize      1.000000
NODATA_value  -9999.0
-9999.000 -9999.000 -9999.000 -9999.000 -9999.000 -9999.000 -9999.000 -9999.000 -9999.000 -9999.000 -9999.000 -9999.000 -9999.000 -9999.000 -9999.000 -9999.000 -9999.000 -9999.000 -9999.000 -9999.000 -9999.000 -9999.000 -9999.000 -9999.000 -9999.000 -9999.000 -9999.000 -9999.000 -9999.000 -9999.000 -9999.000 -9999.000 -9999.000
-9999.000 -9999.000 -9999.000 -9999.000 -9999.000 -9999.000 -9999.000 -9999.000 -9999.000 -9999.000 -9999.000 -9999.000 -9999.000 -9999.000 -9999.000 -9999.000 -9999.000 -9999.000 -9999.000 -9999.000 -9999.000 -9999.000 -9999.000 -9999.000 -9999.000 -9999.000 -9999.000 -9999.000 -9999.000 -9999.000 -9999.000 -9999.000 -9999.000
-9999.000 -9999.000 -96.720 -96.663 -96.396 -96.411 -97.265 -97.808 -97.409 -95.839 -93.946 -93.448 -94.518 -96.321 -96.852 -95.639 -93.363 -92.002 -92.903 -95.500 -96.916 -96.185 -95.788 -96.096 -96.259 -94.023 -92.711 -93.894 -96.430 -97.353 -96.475 -9999.000 -9999.000
-9999.000 -9999.000 -97.727 -97.721 -97.642 -97.851 -99.054 -99.705 -99.070 -96.822 -94.384 -93.906 -95.624 -98.116 -98.777 -97.135 -94.084 -92.127 -93.110 -96.483 -98.491 -97.487 -96.701 -96.896 -97.001 -94.249 -92.799 -94.590 -97.939 -99.117 -98.121 -9999.000 -9999.000
-9999.000 -9999.000 -97.944 -98.061 -98.390 -99.014 -100.886 -101.629 -100.346 -96.731 -93.520 -93.783 -97.656 -101.975 -103.864 -101.719 -97.326 -93.334 -93.377 -97.139 -99.528 -97.523 -95.619 -95.828 -96.595 -93.903 -93.205 -96.322 -101.131 -101.955 -100.461 -9999.000 -9999.000
-9999.000 -9999.000 -97.731 -97.917 -98.245 -98.788 -100.349 -100.685 -99.038 -95.455 -92.888 -94.273 -98.914 -103.292 -105.807 -104.327 -100.674 -95.882 -94.260 -96.101 -97.378 -95.273 -92.875 -92.993 -93.982 -93.092 -93.807 -97.347 -101.660 -102.198 -100.715 -9999.000 -9999.000
-9999.000 -9999.000 -97.257 -97.462 -97.660 -98.052 -99.144 -98.945 -97.012 -93.914 -92.463 -94.993 -99.671 -103.028 -104.665 -103.244 -100.511 -96.487 -94.838 -95.899 -96.702 -94.815 -92.116 -91.520 -92.391 -93.222 -94.962 -97.807 -100.588 -100.624 -99.417 -9999.000 -9999.000
-9999.000 -9999.000 -97.387 -97.461 -97.133 -96.955 -97.386 -96.739 -94.863 -92.627 -92.361 -95.374 -99.201 -101.125 -100.676 -98.617 -96.141 -94.291 -94.575 -96.861 -98.460 -97.457 -95.007 -92.987 -92.511 -93.408 -94.816 -96.410 -97.676 -98.166 -97.640 -9999.000 -9999.000
-9999.000 -9999.000 -97.274 -97.272 -96.512 -95.851 -95.830 -94.975 -92.937 -90.959 -91.134 -94.771 -98.697 -100.019 -97.863 -94.621 -91.790 -91.705 -94.482 -98.638 -101.560 -100.950 -98.480 -95.238 -93.650 -93.756 -94.406 -94.921 -95.271 -96.044 -96.016 -9999.000 -9999.000
-9999.000 -9999.000 -97.826 -97.701 -96.263 -94.812 -94.163 -93.334 -91.490 -89.862 -90.019 -93.659 -97.622 -99.099 -97.082 -93.813 -91.371 -91.931 -95.154 -98.925 -101.374 -100.859 -98.697 -95.836 -94.282 -94.314 -94.715 -94.742 -94.659 -95.362 -95.543 -9999.000 -9999.000
-9999.000 -9999.000 -97.379 -97.438 -96.121 -94.754 -94.019 -93.320 -91.626 -89.999 -89.412 -91.913 -95.601 -97.897 -97.614 -95.372 -93.336 -92.934 -94.945 -97.643 -99.659 -99.649 -97.793 -95.341 -94.030 -94.711 -95.894 -96.154 -95.780 -95.687 -95.683 -9999.000 -9999.000
-9999.000 -9999.000 -97.492 -97.422 -96.293 -95.279 -95.174 -94.827 -94.012 -92.745 -91.241 -91.059 -92.603 -95.161 -96.624 -95.838 -93.858 -92.435 -93.217 -95.492 -97.873 -99.038 -97.925 -95.639 -94.135 -94.753 -96.446 -97.224 -97.070 -96.517 -96.328 -9999.000 -9999.000
-9999.000 -9999.000 -96.762 -96.728 -96.366 -96.312 -97.005 -96.657 -96.578 -96.299 -95.009 -92.676 -91.646 -93.266 -94.990 -94.529 -91.890 -90.231 -90.899 -93.886 -97.292 -99.742 -99.386 -96.611 -94.246 -94.131 -95.726 -96.824 -96.824 -96.277 -95.993 -9999.000 -9999.000
-9999.000 -9999.000 -97.487 -97.145 -96.747 -96.805 -97.541 -97.019 -97.444 -98.588 -98.981 -96.725 -94.399 -93.961 -94.304 -93.245 -90.691 -89.761 -90.874 -93.842 -96.937 -99.320 -99.369 -97.026 -94.527 -93.688 -94.361 -95.340 -95.674 -95.854 -95.761 -9999.000 -9999.000
-9999.000 -9999.000 -97.410 -97.220 -97.009 -97.249 -97.849 -97.312 -97.923 -99.809 -101.583 -100.326 -98.114 -96.149 -94.800 -92.834 -91.068 -91.757 -93.879 -95.982 -97.420 -98.378 -98.441 -97.029 -95.069 -93.856 -93.572 -94.263 -94.816 -95.461 -95.428 -9999.000 -9999.000
-9999.000 -9999.000 -99.345 -98.881 -97.892 -97.435 -97.987 -97.999 -98.609 -99.701 -100.962 -100.503 -99.102 -96.946 -94.700 -92.620 -92.298 -94.780 -97.894 -99.050 -98.749 -97.812 -97.639 -97.182 -96.232 -94.941 -94.101 -94.482 -95.316 -96.109 -96.106 -9999.000 -9999.000
-9999.000 -9999.000 -99.219 -98.910 -97.891 -97.309 -98.106 -98.520 -98.504 -97.902 -98.276 -99.118 -99.390 -97.526 -94.209 -91.599 -91.986 -95.887 -100.156 -101.318 -100.457 -98.059 -97.774 -97.564 -97.278 -95.881 -95.013 -95.430 -96.369 -96.756 -96.510 -9999.000 -9999.000
-9999.000 -9999.000 -99.525 -99.164 -97.937 -96.899 -97.280 -97.426 -96.358 -94.529 -94.653 -97.548 -100.083 -98.715 -94.474 -90.990 -90.978 -94.806 -98.980 -100.498 -100.198 -98.000 -97.767 -97.438 -97.295 -96.136 -95.628 -96.179 -96.995 -97.144 -96.835 -9999.000 -9999.000
-9999.000 -9999.000 -96.884 -96.919 -96.529 -96.170 -96.262 -95.773 -93.506 -91.194 -91.921 -97.058 -101.506 -100.297 -95.239 -90.894 -89.972 -92.651 -95.639 -97.138 -97.659 -97.016 -97.613 -97.269 -96.866 -95.951 -95.964 -96.692 -97.123 -96.898 -96.459 -9999.000 -9999.000
-9999.000 -9999.000 -97.030 -96.898 -96.678 -96.795 -96.862 -96.142 -93.664 -91.866 -92.676 -97.273 -100.801 -99.783 -95.643 -92.045 -90.659 -91.341 -91.987 -92.867 -94.012 -95.563 -97.126 -97.083 -96.419 -95.999 -96.626 -97.376 -97.403 -96.898 -96.473 -9999.000 -9999.000
-9999.000 -9999.000 -97.110 -96.980 -97.942 -100.191 -102.431 -102.195 -100.389 -98.668 -98.928 -100.523 -101.059 -98.755 -95.134 -92.668 -91.915 -92.054 -91.104 -90.788 -91.733 -94.422 -96.591 -96.670 -95.862 -96.031 -97.446 -98.355 -98.033 -96.986 -96.439 -9999.000 -9999.000
-9999.000 -9999.000 -98.566 -98.231 -99.999 -103.767 -108.359 -108.779 -108.439 -106.739 -106.312 -104.202 -101.375 -97.399 -94.095 -92.580 -93.114 -94.337 -94.155 -93.074 -92.843 -94.354 -95.753 -95.664 -95.122 -95.933 -97.697 -98.693 -98.354 -97.342 -96.892 -9999.000 -9999.000
-9999.000 -9999.000 -97.990 -97.882 -99.742 -103.518 -107.912 -108.368 -109.063 -108.099 -107.610 -103.728 -99.329 -95.095 -92.578 -91.917 -93.390 -96.230 -98.162 -97.163 -95.513 -94.522 -94.862 -94.810 -95.018 -96.149 -97.712 -98.400 -97.971 -97.027 -96.655 -9999.000 -9999.000
-9999.000 -9999.000 -97.736 -97.754 -98.006 -100.064 -102.112 -102.684 -103.562 -103.955 -103.133 -99.103 -94.602 -91.994 -91.499 -92.054 -93.450 -96.239 -98.982 -98.723 -96.766 -94.437 -94.353 -95.031 -96.188 -96.943 -97.418 -97.270 -96.902 -96.427 -96.322 -9999.000 -9999.000
-9999.000 -9999.000 -97.885 -98.065 -97.031 -97.645 -97.483 -97.104 -97.326 -99.130 -98.582 -94.730 -90.151 -89.549 -91.395 -92.971 -93.211 -95.106 -97.725 -97.900 -96.287 -94.067 -94.930 -96.424 -97.963 -97.500 -96.567 -95.561 -95.159 -95.082 -95.128 -9999.000 -9999.000
-9999.000 -9999.000 -99.262 -99.218 -97.384 -97.062 -95.604 -93.482 -92.505 -95.040 -95.937 -93.164 -89.317 -89.750 -92.584 -93.986 -93.421 -94.371 -96.353 -96.675 -95.847 -94.662 -96.335 -97.698 -98.493 -96.975 -95.336 -94.307 -94.193 -94.661 -94.880 -9999.000 -9999.000
-9999.000 -9999.000 -99.791 -99.523 -97.453 -96.642 -94.643 -90.902 -88.972 -92.110 -95.442 -94.335 -91.625 -92.121 -94.553 -95.219 -94.360 -94.831 -96.507 -96.637 -96.408 -95.683 -97.398 -97.712 -97.590 -96.105 -95.443 -95.425 -95.598 -95.565 -95.490 -9999.000 -9999.000
-9999.000 -9999.000 -100.032 -99.484 -95.964 -93.465 -90.694 -87.449 -86.222 -89.651 -93.643 -94.219 -93.460 -94.157 -95.946 -96.304 -95.884 -95.883 -96.793 -96.737 -96.768 -96.287 -96.945 -96.468 -96.179 -96.162 -97.501 -98.605 -98.948 -97.696 -97.227 -9999.000 -9999.000
-9999.000 -9999.000 -99.067 -98.349 -93.430 -89.306 -86.253 -85.121 -85.585 -88.143 -90.128 -91.145 -92.029 -94.001 -95.975 -96.685 -96.571 -96.329 -96.697 -96.455 -96.041 -95.254 -95.317 -95.536 -96.407 -97.539 -99.325 -99.983 -99.900 -97.967 -97.337 -9999.000 -9999.000
-9999.000 -9999.000 -100.010 -99.193 -93.981 -89.925 -88.616 -90.097 -91.201 -90.116 -88.014 -87.636 -89.391 -92.418 -94.602 -95.760 -95.947 -95.952 -95.939 -95.445 -94.225 -93.344 -93.816 -95.772 -97.910 -98.768 -98.650 -97.620 -97.086 -96.249 -96.145 -9999.000 -9999.000
-9999.000 -9999.000 -99.178 -98.688 -96.496 -96.479 -99.198 -99.998 -98.502 -93.669 -89.537 -87.791 -89.282 -92.184 -94.134 -95.154 -95.366 -95.688 -95.218 -93.893 -91.967 -91.777 -93.610 -96.658 -98.874 -98.720 -96.765 -94.380 -93.402 -93.914 -94.341 -9999.000 -9999.000
-9999.000 -9999.000 -96.729 -96.789 -97.753 -101.012 -104.085 -102.131 -98.322 -94.002 -92.225 -91.905 -92.971 -94.535 -95.721 -96.127 -96.212 -96.138 -94.699 -92.229 -90.262 -91.316 -93.952 -96.231 -97.167 -96.786 -95.374 -93.509 -92.793 -93.860 -94.538 -9999.000 -9999.000
-9999.000 -9999.000 -92.809 -93.465 -95.977 -100.019 -101.408 -98.026 -94.049 -92.908 -95.417 -97.325 -98.112 -98.139 -98.753 -98.534 -98.419 -97.286 -94.567 -90.909 -89.132 -91.106 -93.732 -94.468 -94.001 -94.171 -95.010 -95.297 -95.466 -95.801 -95.961 -9999.000 -9999.000
-9999.000 -9999.000 -92.124 -92.800 -93.847 -95.926 -95.445 -93.070 -91.381 -93.667 -97.648 -99.703 -99.966 -99.319 -99.626 -99.147 -98.664 -96.883 -94.020 -90.627 -89.050 -90.214 -91.811 -92.086 -91.682 -92.476 -94.677 -96.751 -98.147 -98.017 -97.657 -9999.000 -9999.000
-9999.000 -9999.000 -94.846 -94.904 -93.168 -92.569 -91.224 -90.963 -92.241 -95.693 -98.751 -99.509 -99.195 -98.352 -98.234 -97.180 -96.135 -94.492 -93.047 -91.632 -91.288 -91.554 -92.241 -92.316 -92.073 -92.174 -93.820 -96.291 -98.240 -98.021 -97.251 -9999.000 -9999.000
-9999.000 -9999.000 -98.403 -97.671 -93.880 -91.543 -90.401 -91.743 -94.017 -96.445 -97.751 -97.646 -97.207 -96.450 -95.336 -93.356 -91.726 -91.394 -92.711 -94.412 -95.742 -95.597 -95.512 -95.094 -94.548 -93.465 -93.624 -95.264 -97.046 -97.283 -96.766 -9999.000 -9999.000
-9999.000 -9999.000 -98.264 -97.510 -93.791 -91.583 -91.123 -92.716 -94.572 -95.999 -96.713 -96.690 -96.292 -95.073 -93.233 -91.123 -90.550 -91.982 -95.635 -99.002 -101.629 -101.389 -100.967 -99.243 -97.645 -95.303 -94.377 -95.132 -96.538 -96.710 -96.377 -9999.000 -9999.000
-9999.000 -9999.000 -97.480 -96.717 -93.287 -91.455 -91.305 -92.724 -94.178 -95.235 -96.169 -96.697 -96.405 -94.736 -92.890 -92.185 -93.730 -96.288 -100.022 -102.519 -104.124 -102.695 -101.574 -100.111 -98.960 -96.820 -95.541 -95.433 -96.478 -96.564 -96.600 -9999.000 -9999.000
-9999.000 -9999.000 -95.541 -95.190 -92.922 -92.065 -91.715 -92.202 -92.833 -94.022 -95.791 -97.211 -97.228 -95.493 -94.564 -95.680 -98.760 -100.495 -102.453 -102.895 -103.455 -101.004 -99.393 -98.246 -98.294 -96.995 -95.688 -94.685 -95.122 -95.118 -95.466 -9999.000 -9999.000
-9999.000 -9999.000 -96.387 -96.347 -95.312 -95.711 -94.753 -93.158 -91.699 -92.385 -94.724 -96.986 -97.688 -96.962 -96.711 -97.654 -99.469 -99.805 -100.068 -99.678 -99.863 -97.992 -96.556 -95.718 -96.557 -96.406 -95.095 -92.964 -92.222 -92.584 -93.549 -9999.000 -9999.000
-9999.000 -9999.000 -96.226 -96.775 -98.500 -101.199 -100.626 -96.903 -92.516 -91.387 -93.547 -96.464 -98.136 -98.621 -98.702 -98.315 -97.972 -96.788 -96.230 -96.212 -97.410 -96.929 -96.473 -95.664 -97.123 -97.278 -95.833 -92.488 -90.512 -90.673 -91.903 -9999.000 -9999.000
-9999.000 -9999.000 -96.942 -97.982 -101.210 -105.196 -105.263 -101.284 -96.000 -93.094 -93.660 -95.933 -97.979 -99.128 -99.306 -97.875 -95.958 -94.055 -93.585 -94.669 -96.962 -97.989 -98.710 -98.319 -99.695 -99.393 -98.061 -94.740 -92.630 -92.058 -92.983 -9999.000 -9999.000
-9999.000 -9999.000 -95.634 -97.002 -101.623 -106.463 -108.158 -105.016 -100.241 -96.055 -94.748 -95.439 -96.995 -97.977 -97.945 -96.426 -94.270 -92.564 -92.787 -95.020 -98.247 -99.821 -100.626 -99.888 -100.635 -99.949 -99.550 -97.652 -96.585 -95.044 -95.185 -9999.000 -9999.000
-9999.000 -9999.000 -95.486 -96.765 -100.827 -104.662 -106.429 -104.859 -101.846 -97.893 -95.414 -94.511 -94.831 -95.201 -94.847 -94.066 -92.784 -92.322 -93.265 -95.856 -98.813 -100.122 -99.838 -98.305 -97.679 -97.334 -98.009 -98.147 -98.172 -96.727 -96.489 -9999.000 -9999.000
-9999.000 -9999.000 -94.876 -95.906 -99.292 -102.004 -103.202 -102.047 -99.889 -96.861 -94.394 -92.997 -92.167 -92.090 -91.986 -92.913 -93.294 -93.750 -94.377 -96.176 -98.561 -99.493 -98.153 -95.561 -93.819 -94.083 -95.888 -97.557 -98.175 -96.981 -96.521 -9999.000 -9999.000
-9999.000 -9999.000 -95.369 -96.010 -97.905 -99.167 -98.901 -97.698 -95.888 -94.257 -92.707 -91.843 -90.680 -90.790 -92.029 -94.985 -97.119 -97.407 -96.603 -96.442 -97.669 -98.178 -96.792 -94.175 -92.274 -92.881 -95.110 -97.258 -98.091 -97.287 -96.782 -9999.000 -9999.000
-9999.000 -9999.000 -94.715 -95.075 -96.254 -97.040 -96.335 -94.938 -93.021 -92.129 -91.422 -91.530 -91.305 -92.503 -95.419 -99.343 -102.142 -101.116 -98.645 -96.486 -96.457 -96.691 -95.899 -94.099 -92.861 -93.553 -95.702 -97.548 -98.380 -97.767 -97.253 -9999.000 -9999.000
-9999.000 -9999.000 -94.954 -94.930 -95.388 -96.120 -96.079 -95.273 -93.784 -92.883 -92.568 -93.213 -94.367 -96.061 -98.837 -101.268 -103.032 -101.455 -98.797 -96.039 -94.906 -94.792 -94.550 -94.044 -93.725 -94.376 -95.683 -96.691 -97.360 -97.458 -97.241 -9999.000 -9999.000
-9999.000 -9999.000 -94.273 -94.078 -94.403 -95.548 -96.953 -97.463 -97.189 -96.052 -95.915 -95.761 -96.822 -96.778 -98.309 -99.127 -100.406 -99.339 -97.495 -95.246 -93.677 -93.420 -93.499 -93.941 -93.997 -94.301 -94.477 -94.775 -95.471 -96.488 -96.584 -9999.000 -9999.000
-9999.000 -9999.000 -94.612 -94.336 -94.180 -94.845 -96.452 -97.923 -99.207 -99.109 -99.842 -98.752 -97.892 -94.982 -94.413 -94.551 -96.101 -96.285 -95.712 -94.669 -93.572 -93.496 -94.049 -94.890 -94.841 -94.074 -92.940 -92.645 -93.797 -95.789 -96.197 -9999.000 -9999.000
-9999.000 -9999.000 -97.972 -97.465 -96.047 -95.326 -96.118 -98.273 -100.682 -102.107 -103.604 -100.897 -96.703 -90.339 -88.374 -89.391 -92.665 -93.882 -94.011 -93.737 -93.573 -93.816 -95.019 -95.759 -95.431 -93.002 -90.452 -89.918 -92.394 -96.394 -97.588 -9999.000 -9999.000
-9999.000 -9999.000 -98.353 -98.023 -96.503 -95.318 -95.066 -96.914 -100.541 -102.511 -105.104 -100.587 -96.017 -87.878 -85.030 -85.723 -89.580 -92.023 -92.773 -93.557 -93.375 -95.020 -96.211 -98.014 -95.785 -93.324 -89.976 -90.309 -93.271 -97.064 -98.071 -9999.000 -9999.000
-9999.000 -9999.000 -98.415 -98.295 -97.381 -96.639 -95.888 -96.991 -99.882 -101.498 -104.939 -101.099 -97.610 -88.161 -84.706 -84.630 -89.975 -93.330 -95.391 -95.919 -94.086 -95.158 -95.112 -98.368 -95.003 -92.737 -88.991 -89.440 -93.751 -97.302 -99.302 -9999.000 -9999.000
-9999.000 -9999.000 -93.032 -92.493 -92.253 -93.565 -94.059 -94.423 -95.190 -95.204 -98.196 -97.469 -100.734 -95.454 -93.590 -89.211 -91.298 -93.954 -97.739 -100.828 -96.581 -97.319 -94.291 -100.041 -96.837 -97.957 -95.204 -95.166 -96.632 -95.763 -96.201 -9999.000 -9999.000
-9999.000 -9999.000 -93.726 -91.848 -92.630 -93.440 -95.967 -93.771 -91.948 -90.648 -94.917 -98.709 -103.919 -100.220 -98.113 -93.485 -94.514 -95.457 -101.162 -104.233 -99.293 -95.848 -91.967 -98.224 -98.155 -99.750 -97.566 -95.257 -95.363 -94.623 -96.254 -9999.000 -9999.000
-9999.000 -9999.000 -95.151 -91.501 -93.437 -90.582 -96.251 -91.392 -91.671 -86.544 -91.393 -94.052 -100.319 -100.979 -101.779 -98.965 -94.074 -91.884 -96.575 -102.729 -100.984 -97.098 -93.428 -96.979 -98.355 -99.867 -100.799 -98.868 -96.381 -93.546 -93.480 -9999.000 -9999.000
-9999.000 -9999.000 -98.220 -93.982 -100.064 -92.573 -100.378 -91.631 -96.890 -90.121 -97.898 -95.093 -97.992 -98.121 -100.342 -102.558 -97.085 -93.355 -95.292 -98.583 -99.690 -95.006 -93.266 -93.257 -94.865 -95.160 -97.579 -95.982 -96.030 -94.891 -96.451 -9999.000 -9999.000
-9999.000 -9999.000 -99.055 -94.488 -99.645 -91.783 -100.803 -92.152 -99.447 -90.605 -97.708 -91.918 -93.993 -96.166 -101.565 -106.006 -97.939 -91.502 -91.065 -95.632 -100.277 -99.009 -95.904 -92.560 -92.586 -92.661 -97.275 -96.089 -99.114 -94.671 -95.132 -9999.000 -9999.000
-9999.000 -9999.000 -97.941 -93.781 -96.623 -93.365 -101.333 -93.290 -97.311 -91.817 -98.528 -93.131 -92.605 -93.901 -100.337 -103.705 -100.924 -93.504 -92.611 -92.254 -96.081 -96.265 -93.784 -94.706 -96.379 -97.128 -97.065 -92.635 -97.344 -94.612 -97.270 -9999.000 -9999.000
-9999.000 -9999.000 -97.055 -94.685 -95.454 -94.708 -98.241 -92.312 -94.211 -93.539 -98.527 -97.033 -94.041 -92.518 -95.592 -96.012 -97.518 -91.001 -93.918 -92.329 -95.821 -97.304 -96.877 -101.635 -101.754 -100.984 -97.896 -92.622 -97.622 -94.908 -97.669 -9999.000 -9999.000
-9999.000 -9999.000 -91.552 -92.783 -95.527 -98.721 -96.581 -91.659 -91.604 -95.150 -98.583 -97.877 -94.087 -89.380 -89.343 -89.659 -97.742 -95.979 -97.803 -89.751 -89.972 -91.922 -94.222 -99.590 -99.298 -100.413 -94.636 -90.374 -93.195 -95.372 -98.437 -9999.000 -9999.000
-9999.000 -9999.000 -91.117 -94.610 -99.518 -102.591 -97.098 -92.891 -92.967 -98.132 -100.663 -102.297 -99.998 -95.306 -89.737 -89.452 -96.909 -100.763 -103.939 -97.360 -97.161 -96.253 -95.685 -96.484 -94.142 -97.909 -94.489 -95.448 -96.476 -100.538 -101.930 -9999.000 -9999.000
-9999.000 -9999.000 -93.484 -95.265 -98.142 -101.469 -100.452 -97.953 -96.186 -95.208 -95.253 -95.194 -95.415 -94.218 -91.751 -95.603 -101.446 -106.275 -102.624 -95.413 -94.401 -92.672 -92.237 -90.607 -91.669 -97.079 -94.468 -94.511 -92.516 -96.396 -96.963 -9999.000 -9999.000
-9999.000 -9999.000 -98.999 -96.714 -96.767 -95.789 -99.373 -98.132 -100.490 -97.182 -96.090 -97.008 -98.452 -101.041 -97.762 -102.189 -102.822 -104.081 -100.453 -96.579 -98.940 -95.708 -97.438 -95.083 -99.246 -101.319 -99.996 -98.443 -95.245 -97.301 -97.124 -9999.000 -9999.000
-9999.000 -9999.000 -99.212 -95.733 -94.318 -90.404 -96.156 -95.970 -101.622 -97.011 -97.272 -94.993 -95.395 -94.861 -94.419 -98.508 -100.166 -97.902 -93.468 -88.365 -91.081 -89.739 -96.923 -95.424 -101.575 -98.978 -99.688 -95.739 -91.120 -90.236 -89.345 -9999.000 -9999.000
-9999.000 -9999.000 -96.855 -95.303 -95.118 -91.138 -93.210 -91.124 -96.762 -95.589 -98.636 -95.426 -96.648 -95.163 -98.148 -97.520 -99.622 -93.062 -93.643 -89.805 -96.285 -94.036 -102.592 -99.192 -103.711 -97.396 -99.030 -98.146 -95.930 -96.339 -93.937 -9999.000 -9999.000
-9999.000 -9999.000 -97.536 -98.004 -98.426 -94.383 -93.125 -90.553 -94.083 -93.793 -98.675 -93.629 -94.916 -89.513 -94.742 -91.145 -96.119 -91.059 -96.008 -93.184 -97.580 -93.085 -96.022 -93.188 -95.473 -91.418 -92.603 -94.377 -95.788 -96.039 -93.848 -9999.000 -9999.000
-9999.000 -9999.000 -98.487 -98.479 -97.725 -97.721 -96.601 -93.925 -90.729 -91.082 -94.306 -93.087 -94.592 -91.446 -100.585 -98.604 -104.485 -95.918 -97.503 -96.379 -99.057 -95.954 -93.306 -94.362 -95.535 -93.382 -91.619 -94.846 -101.353 -102.159 -101.218 -9999.000 -9999.000
-9999.000 -9999.000 -100.187 -99.054 -98.483 -97.648 -99.088 -97.414 -93.662 -92.868 -95.805 -97.868 -98.356 -92.622 -97.054 -95.578 -98.979 -94.230 -92.581 -97.334 -96.257 -98.330 -88.662 -92.579 -89.951 -93.001 -90.643 -93.094 -99.449 -97.982 -99.305 -9999.000 -9999.000
-9999.000 -9999.000 -97.480 -94.988 -94.994 -96.462 -102.138 -99.485 -97.250 -95.830 -97.100 -97.902 -97.584 -97.252 -102.018 -101.762 -101.097 -94.688 -89.835 -92.375 -92.806 -97.654 -93.562 -99.023 -98.554 -100.797 -97.753 -96.104 -99.770 -96.858 -98.270 -9999.000 -9999.000
-9999.000 -9999.000 -92.350 -91.273 -94.785 -93.361 -98.468 -94.292 -98.456 -95.511 -96.420 -93.420 -93.440 -95.142 -96.127 -94.718 -91.281 -90.392 -89.393 -93.206 -93.828 -98.229 -95.856 -97.019 -94.609 -95.814 -95.911 -94.246 -95.481 -92.523 -93.917 -9999.000 -9999.000
-9999.000 -9999.000 -89.153 -88.333 -91.178 -88.512 -90.961 -88.117 -94.667 -94.060 -92.714 -87.212 -85.377 -89.557 -90.949 -94.211 -93.889 -96.546 -93.091 -88.917 -87.127 -88.130 -91.565 -91.491 -94.265 -93.025 -94.140 -90.372 -90.157 -87.983 -88.777 -9999.000 -9999.000
-9999.000 -9999.000 -88.851 -89.236 -92.475 -87.930 -86.783 -84.305 -91.319 -91.950 -90.362 -85.268 -82.765 -86.169 -86.245 -91.328 -92.194 -98.111 -94.230 -91.079 -86.357 -86.843 -88.825 -88.419 -89.945 -89.065 -91.422 -88.385 -88.155 -86.427 -87.518 -9999.000 -9999.000
-9999.000 -9999.000 -9999.000 -9999.000 -9999.000 -9999.000 -9999.000 -9999.000 -9999.000 -9999.000 -9999.000 -9999.000 -9999.000 -9999.000 -9999.000 -9999.000 -9999.000 -9999.000 -9999.000 -9999.000 -9999.000 -9999.000 -9999.000 -9999.000 -9999.000 -9999.000 -9999.000 -9999.000 -9999.000 -9999.000 -9999.000 -9999.000 -9999.000
-9999.000 -9999.000 -9999.000 -9999.000 -9999.000 -9999.000 -9999.000 -9999.000 -9999.000 -9999.000 -9999.000 -9999.000 -9999.000 -9999.000 -9999.000 -9999.000 -9999.000 -9999.000 -9999.000 -9999.000 -9999.000 -9999.000 -9999.000 -9999.000 -9999.000 -9999.000 -9999.000 -9999.000 -9999.000 -9999.000 -9999.000 -9999.000 -9999.000