tests/3D/panola/output_maps/psiliqL0001N0001.asc
ncols         33
nrows         75
xllcorner     -4.500000
yllcorner     -24.500000
cellsize      1.000000
NODATA_value  -9999.0
-9999.000 -9999.000 -9999.000 -9999.000 -9999.000 -9999.000 -9999.000 -9999.000 -9999.000 -9999.000 -9999.000 -9999.000 -9999.000 -9999.000 -9999.000 -9999.000 -9999.000 -9999.000 -9999.000 -9999.000 -9999.000 -9999.000 -9999.000 -9999.000 -9999.000 -9999.000 -9999.000 -9999.000 -9999.000 -9999.000 -9999.000 -9999.000 -9999.000
-9999.000 -9999.000 -9999.000 -9999.000 -9999.000 -9999.000 -9999.000 -9999.000 -9999.000 -9999.000 -9999.000 -9999.000 -9999.000 -9999.000 -9999.000 -9999.000 -9999.000 -9999.000 -9999.000 -9999.000 -9999.000 -9999.000 -9999.000 -9999.000 -9999.000 -9999.000 -9999.000 -9999.000 -9999.000 -9999.000 -9999.000 -9999.000 -9999.000
-9999.000 -9999.000 -87.598 -87.590 -87.553 -87.555 -87.671 -87.743 -87.685 -87.466 -87.207 -87.152 -87.303 -87.547 -87.618 -87.445 -87.120 -86.941 -87.083 -87.439 -87.627 -87.524 -87.472 -87.516 -87.540 -87.234 -87.044 -87.195 -87.555 -87.684 -87.563 -9999.000 -9999.000
-9999.000 -9999.000 -87.653 -87.652 -87.642 -87.668 -87.826 -87.909 -87.823 -87.517 -87.191 -87.143 -87.376 -87.699 -87.783 -87.559 -87.134 -86.878 -87.039 -87.496 -87.756 -87.621 -87.519 -87.548 -87.564 -87.193 -86.978 -87.208 -87.672 -87.831 -87.699 -9999.000 -9999.000
-9999.000 -9999.000 -87.484 -87.500 -87.544 -87.623 -87.861 -87.950 -87.782 -87.298 -86.877 -86.936 -87.447 -87.981 -88.201 -87.933 -87.366 -86.844 -86.888 -87.394 -87.695 -87.425 -87.172 -87.210 -87.318 -86.961 -86.844 -87.243 -87.882 -87.982 -87.797 -9999.000 -9999.000
-9999.000 -9999.000 -87.394 -87.418 -87.459 -87.525 -87.717 -87.750 -87.533 -87.063 -86.747 -86.946 -87.541 -88.066 -88.353 -88.181 -87.741 -87.132 -86.946 -87.189 -87.341 -87.055 -86.728 -86.758 -86.897 -86.788 -86.869 -87.322 -87.874 -87.938 -87.758 -9999.000 -9999.000
-9999.000 -9999.000 -87.336 -87.362 -87.385 -87.432 -87.566 -87.528 -87.268 -86.864 -86.704 -87.046 -87.641 -88.030 -88.212 -88.041 -87.720 -87.219 -87.029 -87.170 -87.269 -87.017 -86.647 -86.575 -86.696 -86.816 -87.042 -87.399 -87.741 -87.739 -87.592 -9999.000 -9999.000
-9999.000 -9999.000 -87.359 -87.367 -87.318 -87.288 -87.337 -87.240 -86.988 -86.705 -86.701 -87.098 -87.575 -87.787 -87.703 -87.430 -87.119 -86.922 -86.996 -87.299 -87.503 -87.378 -87.059 -86.790 -86.725 -86.844 -87.022 -87.215 -87.358 -87.425 -87.365 -9999.000 -9999.000
-9999.000 -9999.000 -87.341 -87.341 -87.236 -87.145 -87.141 -87.020 -86.735 -86.473 -86.517 -87.008 -87.515 -87.667 -87.363 -86.911 -86.529 -86.573 -86.973 -87.525 -87.886 -87.811 -87.503 -87.083 -86.881 -86.894 -86.972 -87.026 -87.055 -87.160 -87.162 -9999.000 -9999.000
-9999.000 -9999.000 -87.418 -87.403 -87.206 -87.006 -86.919 -86.808 -86.551 -86.337 -86.371 -86.860 -87.375 -87.560 -87.299 -86.862 -86.548 -86.646 -87.070 -87.546 -87.841 -87.779 -87.514 -87.152 -86.961 -86.971 -87.021 -87.019 -87.000 -87.093 -87.119 -9999.000 -9999.000
-9999.000 -9999.000 -87.351 -87.363 -87.190 -87.012 -86.919 -86.830 -86.592 -86.371 -86.289 -86.630 -87.109 -87.412 -87.397 -87.114 -86.857 -86.794 -87.035 -87.368 -87.619 -87.624 -87.394 -87.081 -86.919 -87.021 -87.182 -87.218 -87.166 -87.146 -87.144 -9999.000 -9999.000
-9999.000 -9999.000 -87.372 -87.363 -87.216 -87.087 -87.084 -87.039 -86.934 -86.764 -86.556 -86.518 -86.704 -87.047 -87.258 -87.168 -86.906 -86.705 -86.784 -87.077 -87.394 -87.555 -87.424 -87.130 -86.936 -87.022 -87.246 -87.350 -87.333 -87.258 -87.232 -9999.000 -9999.000
-9999.000 -9999.000 -87.272 -87.268 -87.228 -87.228 -87.326 -87.272 -87.266 -87.231 -87.061 -86.737 -86.586 -86.813 -87.044 -86.975 -86.596 -86.374 -86.452 -86.865 -87.331 -87.656 -87.620 -87.261 -86.947 -86.933 -87.140 -87.285 -87.286 -87.215 -87.178 -9999.000 -9999.000
-9999.000 -9999.000 -87.376 -87.330 -87.278 -87.287 -87.384 -87.308 -87.370 -87.520 -87.569 -87.270 -86.970 -86.921 -86.961 -86.801 -86.446 -86.339 -86.484 -86.883 -87.288 -87.593 -87.603 -87.311 -86.985 -86.875 -86.955 -87.082 -87.128 -87.160 -87.150 -9999.000 -9999.000
-9999.000 -9999.000 -87.357 -87.335 -87.310 -87.344 -87.421 -87.345 -87.428 -87.670 -87.890 -87.723 -87.448 -87.199 -87.022 -86.748 -86.526 -86.639 -86.926 -87.194 -87.363 -87.470 -87.479 -87.310 -87.062 -86.903 -86.857 -86.946 -87.020 -87.110 -87.105 -9999.000 -9999.000
-9999.000 -9999.000 -87.613 -87.554 -87.423 -87.362 -87.436 -87.437 -87.516 -87.647 -87.798 -87.735 -87.562 -87.284 -86.988 -86.719 -86.710 -87.044 -87.453 -87.591 -87.539 -87.402 -87.379 -87.333 -87.223 -87.055 -86.941 -86.988 -87.099 -87.204 -87.203 -9999.000 -9999.000
-9999.000 -9999.000 -87.580 -87.544 -87.415 -87.343 -87.452 -87.506 -87.497 -87.397 -87.442 -87.564 -87.610 -87.358 -86.899 -86.558 -86.645 -87.162 -87.719 -87.862 -87.754 -87.441 -87.407 -87.384 -87.357 -87.175 -87.064 -87.117 -87.240 -87.285 -87.251 -9999.000 -9999.000
-9999.000 -9999.000 -87.626 -87.581 -87.423 -87.286 -87.338 -87.353 -87.195 -86.930 -86.959 -87.379 -87.718 -87.520 -86.926 -86.465 -86.497 -86.995 -87.535 -87.729 -87.703 -87.431 -87.405 -87.362 -87.347 -87.202 -87.140 -87.211 -87.315 -87.332 -87.292 -9999.000 -9999.000
-9999.000 -9999.000 -87.258 -87.269 -87.231 -87.193 -87.205 -87.132 -86.800 -86.473 -86.610 -87.345 -87.912 -87.721 -87.019 -86.443 -86.354 -86.701 -87.075 -87.268 -87.353 -87.292 -87.385 -87.341 -87.288 -87.173 -87.179 -87.275 -87.326 -87.294 -87.236 -9999.000 -9999.000
-9999.000 -9999.000 -87.316 -87.297 -87.269 -87.287 -87.292 -87.195 -86.850 -86.619 -86.756 -87.382 -87.799 -87.633 -87.082 -86.635 -86.477 -86.548 -86.584 -86.686 -86.848 -87.094 -87.319 -87.319 -87.231 -87.180 -87.267 -87.363 -87.362 -87.296 -87.243 -9999.000 -9999.000
-9999.000 -9999.000 -87.322 -87.304 -87.437 -87.729 -88.003 -87.968 -87.744 -87.537 -87.598 -87.790 -87.812 -87.477 -87.009 -86.730 -86.664 -86.680 -86.521 -86.450 -86.562 -86.949 -87.252 -87.266 -87.156 -87.180 -87.373 -87.490 -87.445 -87.307 -87.237 -9999.000 -9999.000
-9999.000 -9999.000 -87.528 -87.477 -87.696 -88.153 -88.674 -88.715 -88.686 -88.497 -88.470 -88.187 -87.805 -87.271 -86.869 -86.720 -86.832 -87.005 -86.988 -86.834 -86.780 -86.965 -87.141 -87.128 -87.054 -87.164 -87.397 -87.524 -87.482 -87.356 -87.301 -9999.000 -9999.000
-9999.000 -9999.000 -87.420 -87.406 -87.632 -88.080 -88.565 -88.611 -88.703 -88.600 -88.555 -88.050 -87.484 -86.948 -86.672 -86.629 -86.847 -87.235 -87.507 -87.381 -87.158 -86.994 -87.025 -87.016 -87.048 -87.198 -87.397 -87.481 -87.425 -87.307 -87.262 -9999.000 -9999.000
-9999.000 -9999.000 -87.395 -87.399 -87.391 -87.605 -87.799 -87.862 -87.972 -88.046 -87.933 -87.393 -86.803 -86.544 -86.565 -86.672 -86.844 -87.203 -87.568 -87.546 -87.301 -86.979 -86.959 -87.055 -87.220 -87.312 -87.359 -87.327 -87.282 -87.228 -87.220 -9999.000 -9999.000
-9999.000 -9999.000 -87.421 -87.450 -87.280 -87.327 -87.235 -87.152 -87.164 -87.452 -87.377 -86.843 -86.207 -86.253 -86.585 -86.811 -86.808 -87.037 -87.383 -87.414 -87.217 -86.920 -87.045 -87.248 -87.457 -87.382 -87.243 -87.099 -87.046 -87.043 -87.051 -9999.000 -9999.000
-9999.000 -9999.000 -87.619 -87.612 -87.353 -87.301 -87.062 -86.713 -86.553 -86.952 -87.110 -86.751 -86.233 -86.358 -86.762 -86.945 -86.847 -86.951 -87.206 -87.252 -87.160 -87.009 -87.239 -87.412 -87.508 -87.301 -87.078 -86.943 -86.932 -87.004 -87.036 -9999.000 -9999.000
-9999.000 -9999.000 -87.662 -87.626 -87.348 -87.248 -86.961 -86.375 -86.101 -86.599 -87.115 -87.003 -86.655 -86.719 -87.032 -87.107 -86.983 -87.032 -87.251 -87.264 -87.246 -87.148 -87.376 -87.400 -87.375 -87.183 -87.111 -87.123 -87.149 -87.139 -87.125 -9999.000 -9999.000
-9999.000 -9999.000 -87.686 -87.614 -87.099 -86.729 -86.323 -85.876 -85.753 -86.280 -86.840 -86.957 -86.894 -86.977 -87.199 -87.240 -87.191 -87.180 -87.289 -87.278 -87.289 -87.227 -87.299 -87.223 -87.181 -87.196 -87.397 -87.549 -87.594 -87.424 -87.361 -9999.000 -9999.000
-9999.000 -9999.000 -87.542 -87.450 -86.726 -86.116 -85.691 -85.617 -85.745 -86.104 -86.329 -86.475 -86.624 -86.913 -87.180 -87.277 -87.267 -87.231 -87.271 -87.238 -87.179 -87.069 -87.065 -87.101 -87.231 -87.389 -87.622 -87.696 -87.682 -87.432 -87.352 -9999.000 -9999.000
-9999.000 -9999.000 -87.698 -87.598 -86.882 -86.334 -86.207 -86.478 -86.638 -86.429 -86.058 -85.979 -86.233 -86.677 -86.978 -87.140 -87.167 -87.171 -87.164 -87.097 -86.923 -86.798 -86.856 -87.143 -87.444 -87.548 -87.505 -87.347 -87.273 -87.184 -87.182 -9999.000 -9999.000
-9999.000 -9999.000 -87.563 -87.510 -87.273 -87.317 -87.678 -87.750 -87.548 -86.883 -86.315 -86.066 -86.265 -86.670 -86.932 -87.067 -87.093 -87.140 -87.073 -86.883 -86.610 -86.585 -86.846 -87.270 -87.561 -87.528 -87.248 -86.912 -86.773 -86.869 -86.936 -9999.000 -9999.000
-9999.000 -9999.000 -87.229 -87.249 -87.423 -87.856 -88.209 -87.941 -87.450 -86.901 -86.702 -86.665 -86.802 -87.006 -87.159 -87.207 -87.218 -87.207 -87.006 -86.654 -86.384 -86.542 -86.912 -87.204 -87.306 -87.255 -87.082 -86.844 -86.749 -86.905 -86.999 -9999.000 -9999.000
-9999.000 -9999.000 -86.685 -86.785 -87.147 -87.668 -87.817 -87.366 -86.851 -86.759 -87.125 -87.370 -87.468 -87.468 -87.548 -87.519 -87.508 -87.358 -86.988 -86.474 -86.237 -86.524 -86.889 -86.963 -86.870 -86.898 -87.051 -87.120 -87.151 -87.183 -87.196 -9999.000 -9999.000
-9999.000 -9999.000 -86.662 -86.754 -86.867 -87.110 -87.011 -86.710 -86.523 -86.870 -87.400 -87.656 -87.686 -87.602 -87.641 -87.581 -87.520 -87.288 -86.912 -86.456 -86.246 -86.399 -86.610 -86.639 -86.576 -86.685 -87.000 -87.294 -87.487 -87.463 -87.412 -9999.000 -9999.000
-9999.000 -9999.000 -87.067 -87.072 -86.797 -86.678 -86.476 -86.481 -86.686 -87.151 -87.536 -87.619 -87.574 -87.467 -87.450 -87.309 -87.171 -86.961 -86.789 -86.614 -86.573 -86.603 -86.694 -86.703 -86.672 -86.671 -86.878 -87.208 -87.467 -87.437 -87.334 -9999.000 -9999.000
-9999.000 -9999.000 -87.517 -87.423 -86.897 -86.571 -86.425 -86.628 -86.937 -87.244 -87.395 -87.371 -87.313 -87.218 -87.061 -86.785 -86.561 -86.537 -86.744 -86.982 -87.149 -87.130 -87.126 -87.077 -87.013 -86.865 -86.867 -87.070 -87.299 -87.335 -87.272 -9999.000 -9999.000
-9999.000 -9999.000 -87.465 -87.373 -86.875 -86.592 -86.547 -86.762 -87.002 -87.177 -87.263 -87.260 -87.210 -87.048 -86.795 -86.509 -86.439 -86.634 -87.128 -87.551 -87.875 -87.845 -87.801 -87.596 -87.403 -87.100 -86.978 -87.068 -87.245 -87.265 -87.224 -9999.000 -9999.000
-9999.000 -9999.000 -87.365 -87.270 -86.808 -86.574 -86.566 -86.757 -86.944 -87.076 -87.198 -87.272 -87.236 -87.016 -86.772 -86.683 -86.892 -87.212 -87.681 -87.978 -88.165 -87.998 -87.865 -87.692 -87.558 -87.290 -87.132 -87.114 -87.246 -87.254 -87.264 -9999.000 -9999.000
-9999.000 -9999.000 -87.108 -87.069 -86.768 -86.664 -86.619 -86.684 -86.759 -86.912 -87.150 -87.343 -87.347 -87.123 -87.006 -87.151 -87.550 -87.751 -87.981 -88.019 -88.079 -87.780 -87.580 -87.442 -87.466 -87.305 -87.139 -86.999 -87.054 -87.048 -87.098 -9999.000 -9999.000
-9999.000 -9999.000 -87.237 -87.233 -87.094 -87.137 -87.007 -86.807 -86.601 -86.692 -87.003 -87.306 -87.401 -87.316 -87.286 -87.401 -87.621 -87.648 -87.662 -87.600 -87.620 -87.393 -87.213 -87.110 -87.236 -87.227 -87.052 -86.747 -86.637 -86.696 -86.837 -9999.000 -9999.000
-9999.000 -9999.000 -87.209 -87.278 -87.495 -87.823 -87.752 -87.275 -86.692 -86.556 -86.849 -87.235 -87.456 -87.526 -87.540 -87.480 -87.414 -87.240 -87.153 -87.151 -87.327 -87.284 -87.240 -87.132 -87.334 -87.354 -87.162 -86.689 -86.414 -86.448 -86.624 -9999.000 -9999.000
-9999.000 -9999.000 -87.305 -87.426 -87.820 -88.280 -88.286 -87.807 -87.143 -86.789 -86.882 -87.168 -87.429 -87.579 -87.603 -87.412 -87.146 -86.886 -86.818 -86.974 -87.295 -87.444 -87.547 -87.500 -87.672 -87.625 -87.459 -87.021 -86.751 -86.678 -86.805 -9999.000 -9999.000
-9999.000 -9999.000 -87.117 -87.275 -87.857 -88.422 -88.612 -88.254 -87.686 -87.171 -87.024 -87.107 -87.298 -87.416 -87.409 -87.215 -86.932 -86.707 -86.738 -87.045 -87.479 -87.679 -87.777 -87.682 -87.769 -87.677 -87.641 -87.411 -87.290 -87.080 -87.099 -9999.000 -9999.000
-9999.000 -9999.000 -87.111 -87.256 -87.756 -88.200 -88.399 -88.230 -87.888 -87.403 -87.096 -86.972 -86.999 -87.036 -86.983 -86.895 -86.739 -86.694 -86.821 -87.164 -87.540 -87.697 -87.646 -87.441 -87.344 -87.308 -87.415 -87.458 -87.473 -87.287 -87.257 -9999.000 -9999.000
-9999.000 -9999.000 -87.025 -87.142 -87.564 -87.878 -88.012 -87.876 -87.621 -87.248 -86.938 -86.757 -86.630 -86.616 -86.603 -86.761 -86.835 -86.907 -86.982 -87.202 -87.499 -87.608 -87.422 -87.063 -86.815 -86.870 -87.131 -87.371 -87.456 -87.307 -87.248 -9999.000 -9999.000
-9999.000 -9999.000 -87.111 -87.182 -87.399 -87.530 -87.470 -87.314 -87.084 -86.901 -86.713 -86.616 -86.450 -86.469 -86.646 -87.068 -87.364 -87.400 -87.286 -87.241 -87.379 -87.436 -87.256 -86.910 -86.657 -86.747 -87.050 -87.336 -87.445 -87.348 -87.284 -9999.000 -9999.000
-9999.000 -9999.000 -87.005 -87.045 -87.186 -87.278 -87.178 -86.990 -86.729 -86.634 -86.555 -86.593 -86.570 -86.735 -87.128 -87.634 -87.982 -87.851 -87.536 -87.238 -87.220 -87.246 -87.154 -86.932 -86.783 -86.873 -87.151 -87.383 -87.488 -87.412 -87.347 -9999.000 -9999.000
-9999.000 -9999.000 -87.055 -87.044 -87.090 -87.184 -87.190 -87.093 -86.898 -86.780 -86.744 -86.842 -87.010 -87.228 -87.573 -87.849 -88.046 -87.854 -87.527 -87.169 -87.010 -86.993 -86.972 -86.930 -86.904 -86.987 -87.142 -87.256 -87.339 -87.362 -87.339 -9999.000 -9999.000
-9999.000 -9999.000 -86.949 -86.919 -86.958 -87.115 -87.319 -87.397 -87.370 -87.212 -87.198 -87.173 -87.321 -87.291 -87.468 -87.536 -87.685 -87.562 -87.346 -87.065 -86.854 -86.823 -86.840 -86.916 -86.928 -86.964 -86.966 -86.990 -87.079 -87.230 -87.246 -9999.000 -9999.000
-9999.000 -9999.000 -87.007 -86.970 -86.942 -87.019 -87.230 -87.428 -87.601 -87.591 -87.690 -87.546 -87.431 -86.997 -86.900 -86.898 -87.110 -87.161 -87.114 -87.003 -86.866 -86.860 -86.940 -87.056 -87.048 -86.932 -86.759 -86.703 -86.860 -87.145 -87.201 -9999.000 -9999.000
-9999.000 -9999.000 -87.478 -87.414 -87.217 -87.102 -87.186 -87.467 -87.775 -87.953 -88.136 -87.788 -87.208 -86.243 -85.998 -86.173 -86.676 -86.865 -86.898 -86.875 -86.870 -86.903 -87.070 -87.162 -87.120 -86.768 -86.397 -86.310 -86.663 -87.241 -87.403 -9999.000 -9999.000
-9999.000 -9999.000 -87.481 -87.445 -87.251 -87.093 -87.036 -87.261 -87.737 -87.975 -88.290 -87.708 -87.123 -85.908 -85.578 -85.692 -86.259 -86.629 -86.739 -86.864 -86.835 -87.072 -87.224 -87.464 -87.155 -86.834 -86.363 -86.422 -86.821 -87.326 -87.447 -9999.000 -9999.000
-9999.000 -9999.000 -87.491 -87.481 -87.378 -87.293 -87.183 -87.303 -87.654 -87.841 -88.255 -87.798 -87.378 -85.985 -85.578 -85.577 -86.373 -86.843 -87.131 -87.194 -86.936 -87.076 -87.051 -87.487 -87.035 -86.740 -86.208 -86.270 -86.881 -87.348 -87.612 -9999.000 -9999.000
-9999.000 -9999.000 -86.684 -86.603 -86.581 -86.805 -86.893 -86.926 -86.985 -86.945 -87.346 -87.306 -87.810 -87.107 -86.893 -86.267 -86.560 -86.898 -87.403 -87.810 -87.267 -87.376 -86.933 -87.708 -87.294 -87.467 -87.108 -87.116 -87.296 -87.134 -87.169 -9999.000 -9999.000
-9999.000 -9999.000 -86.906 -86.626 -86.753 -86.849 -87.220 -86.885 -86.584 -86.357 -86.975 -87.535 -88.171 -87.715 -87.451 -86.837 -87.012 -87.094 -87.836 -88.197 -87.606 -87.138 -86.589 -87.450 -87.462 -87.663 -87.389 -87.076 -87.088 -86.990 -87.222 -9999.000 -9999.000
-9999.000 -9999.000 -87.095 -86.570 -86.862 -86.394 -87.227 -86.517 -86.615 -85.766 -86.497 -86.821 -87.679 -87.801 -87.910 -87.565 -86.905 -86.573 -87.177 -87.993 -87.812 -87.328 -86.848 -87.297 -87.481 -87.666 -87.804 -87.572 -87.238 -86.842 -86.818 -9999.000 -9999.000
-9999.000 -9999.000 -87.496 -86.926 -87.766 -86.716 -87.784 -86.564 -87.371 -86.392 -87.525 -87.071 -87.409 -87.409 -87.702 -88.004 -87.318 -86.838 -87.071 -87.456 -87.629 -87.011 -86.818 -86.773 -86.995 -87.011 -87.348 -87.144 -87.181 -87.052 -87.275 -9999.000 -9999.000
-9999.000 -9999.000 -87.577 -86.972 -87.646 -86.563 -87.794 -86.632 -87.656 -86.412 -87.410 -86.583 -86.857 -87.152 -87.871 -88.403 -87.395 -86.519 -86.447 -87.084 -87.728 -87.610 -87.201 -86.717 -86.705 -86.698 -87.348 -87.193 -87.612 -86.997 -87.055 -9999.000 -9999.000
-9999.000 -9999.000 -87.418 -86.869 -87.235 -86.833 -87.859 -86.807 -87.339 -86.608 -87.521 -86.814 -86.715 -86.844 -87.701 -88.093 -87.823 -86.845 -86.762 -86.628 -87.138 -87.182 -86.860 -87.028 -87.261 -87.366 -87.319 -86.670 -87.339 -86.993 -87.367 -9999.000 -9999.000
-9999.000 -9999.000 -87.314 -87.024 -87.103 -87.022 -87.443 -86.661 -86.924 -86.861 -87.505 -87.355 -86.943 -86.700 -87.065 -87.070 -87.337 -86.454 -86.935 -86.696 -87.165 -87.371 -87.311 -87.936 -87.930 -87.830 -87.428 -86.711 -87.407 -87.034 -87.398 -9999.000 -9999.000
-9999.000 -9999.000 -86.515 -86.726 -87.112 -87.560 -87.239 -86.581 -86.560 -87.078 -87.507 -87.424 -86.919 -86.221 -86.191 -86.181 -87.420 -87.216 -87.448 -86.258 -86.284 -86.556 -86.888 -87.611 -87.565 -87.728 -86.945 -86.374 -86.751 -87.093 -87.494 -9999.000 -9999.000
-9999.000 -9999.000 -86.518 -87.003 -87.651 -88.019 -87.310 -86.766 -86.781 -87.479 -87.780 -87.995 -87.731 -87.142 -86.336 -86.243 -87.276 -87.793 -88.183 -87.384 -87.407 -87.273 -87.166 -87.215 -86.854 -87.399 -86.978 -87.175 -87.272 -87.799 -87.945 -9999.000 -9999.000
-9999.000 -9999.000 -86.868 -87.086 -87.431 -87.848 -87.763 -87.467 -87.229 -87.044 -87.018 -86.987 -87.053 -86.934 -86.613 -87.140 -87.869 -88.439 -87.966 -87.032 -86.932 -86.690 -86.638 -86.368 -86.547 -87.314 -86.974 -86.977 -86.651 -87.176 -87.232 -9999.000 -9999.000
-9999.000 -9999.000 -87.601 -87.284 -87.267 -87.073 -87.596 -87.447 -87.782 -87.348 -87.201 -87.335 -87.523 -87.875 -87.436 -87.991 -88.020 -88.136 -87.695 -87.258 -87.628 -87.180 -87.433 -87.092 -87.653 -87.877 -87.729 -87.533 -87.116 -87.373 -87.338 -9999.000 -9999.000
-9999.000 -9999.000 -87.589 -87.127 -86.932 -86.321 -87.166 -87.133 -87.896 -87.300 -87.360 -87.019 -87.063 -86.952 -86.911 -87.450 -87.665 -87.327 -86.708 -85.958 -86.404 -86.199 -87.300 -87.075 -87.892 -87.522 -87.640 -87.099 -86.447 -86.293 -86.152 -9999.000 -9999.000
-9999.000 -9999.000 -87.266 -87.081 -87.081 -86.528 -86.786 -86.434 -87.218 -87.102 -87.537 -87.110 -87.289 -87.076 -87.512 -87.365 -87.638 -86.687 -86.891 -86.345 -87.297 -86.941 -88.065 -87.615 -88.151 -87.326 -87.560 -87.488 -87.225 -87.295 -86.963 -9999.000 -9999.000
-9999.000 -9999.000 -87.381 -87.461 -87.525 -86.988 -86.803 -86.436 -86.906 -86.857 -87.533 -86.836 -87.028 -86.184 -86.979 -86.418 -87.152 -86.464 -87.230 -86.839 -87.404 -86.770 -87.100 -86.704 -86.988 -86.457 -86.627 -86.915 -87.148 -87.180 -86.890 -9999.000 -9999.000
-9999.000 -9999.000 -87.501 -87.497 -87.387 -87.433 -87.289 -86.942 -86.421 -86.484 -86.908 -86.787 -87.001 -86.554 -87.824 -87.577 -88.290 -87.186 -87.401 -87.261 -87.588 -87.207 -86.791 -86.995 -87.140 -86.880 -86.578 -87.008 -87.896 -87.985 -87.876 -9999.000 -9999.000
-9999.000 -9999.000 -87.723 -87.572 -87.506 -87.386 -87.590 -87.388 -86.892 -86.785 -87.174 -87.471 -87.526 -86.723 -87.277 -87.077 -87.496 -86.906 -86.653 -87.376 -87.179 -87.518 -86.067 -86.716 -86.276 -86.788 -86.440 -86.745 -87.597 -87.375 -87.571 -9999.000 -9999.000
-9999.000 -9999.000 -87.327 -86.978 -86.990 -87.209 -87.965 -87.629 -87.361 -87.180 -87.331 -87.421 -87.370 -87.371 -87.970 -87.951 -87.840 -86.988 -86.283 -86.634 -86.695 -87.385 -86.886 -87.616 -87.564 -87.835 -87.463 -87.215 -87.658 -87.267 -87.452 -9999.000 -9999.000
-9999.000 -9999.000 -86.661 -86.526 -87.079 -86.822 -87.508 -86.920 -87.564 -87.152 -87.284 -86.813 -86.828 -87.088 -87.171 -86.965 -86.453 -86.414 -86.320 -86.890 -86.955 -87.539 -87.233 -87.350 -86.997 -87.153 -87.198 -86.972 -87.108 -86.686 -86.887 -9999.000 -9999.000
-9999.000 -9999.000 -86.426 -86.297 -86.713 -86.288 -86.623 -86.185 -87.204 -87.143 -86.925 -86.039 -85.730 -86.434 -86.633 -87.183 -87.157 -87.531 -87.039 -86.361 -86.072 -86.163 -86.767 -86.728 -87.195 -86.988 -87.159 -86.575 -86.537 -86.213 -86.330 -9999.000 -9999.000
-9999.000 -9999.000 -86.498 -86.556 -87.042 -86.343 -86.148 -85.720 -86.834 -86.930 -86.696 -85.900 -85.511 -86.068 -86.005 -86.836 -86.947 -87.797 -87.251 -86.816 -86.087 -86.187 -86.478 -86.402 -86.625 -86.490 -86.856 -86.397 -86.381 -86.114 -86.295 -9999.000 -9999.000
-9999.000 -9999.000 -9999.000 -9999.000 -9999.000 -9999.000 -9999.000 -9999.000 -9999.000 -9999.000 -9999.000 -9999.000 -9999.000 -9999.000 -9999.000 -9999.000 -9999.000 -9999.000 -9999.000 -9999.000 -9999.000 -9999.000 -9999.000 -9999.000 -9999.000 -9999.000 -9999.000 -9999.000 -9999.000 -9999.000 -9999.000 -9999.000 -9999.000
-9999.000 -9999.000 -9999.000 -9999.000 -9999.000 -9999.000 -9999.000 -9999.000 -9999.000 -9999.000 -9999.000 -9999.000 -9999.000 -9999.000 -9999.000 -9999.000 -9999.000 -9999.000 -9999.000 -9999.000 -9999.000 -9999.000 -9999.000 -9999.000 -9999.000 -9999.000 -9999.000 -9999.000 -9999.000 -9999.000 -9999.000 -9999.000 -9999.000