tests/3D/panola/output_maps/psiliqL0003N0001.asc
ncols         33
nrows         75
xllcorner     -4.500000
yllcorner     -24.500000
cellsize      1.000000
NODATA_value  -9999.0
[rows 0 to 51 of 75, columns 0 to 32 of 33]
-9999.000 -9999.000 -9999.000 -9999.000 -9999.000 -9999.000 -9999.000 -9999.000 -9999.000 -9999.000 -9999.000 -9999.000 -9999.000 -9999.000 -9999.000 -9999.000 -9999.000 -9999.000 -9999.000 -9999.000 -9999.000 -9999.000 -9999.000 -9999.000 -9999.000 -9999.000 -9999.000 -9999.000 -9999.000 -9999.000 -9999.000 -9999.000 -9999.000
-9999.000 -9999.000 -9999.000 -9999.000 -9999.000 -9999.000 -9999.000 -9999.000 -9999.000 -9999.000 -9999.000 -9999.000 -9999.000 -9999.000 -9999.000 -9999.000 -9999.000 -9999.000 -9999.000 -9999.000 -9999.000 -9999.000 -9999.000 -9999.000 -9999.000 -9999.000 -9999.000 -9999.000 -9999.000 -9999.000 -9999.000 -9999.000 -9999.000
-9999.000 -9999.000 -800.080 -800.078 -800.071 -800.071 -800.094 -800.107 -800.096 -800.054 -800.005 -799.997 -800.025 -800.071 -800.084 -800.050 -799.988 -799.957 -799.985 -800.050 -800.086 -800.066 -800.056 -800.065 -800.069 -800.012 -799.976 -800.002 -800.071 -800.096 -800.073 -9999.000 -9999.000
-9999.000 -9999.000 -800.090 -800.090 -800.088 -800.093 -800.123 -800.139 -800.121 -800.062 -800.002 -799.995 -800.038 -800.098 -800.114 -800.070 -799.990 -799.945 -799.977 -800.061 -800.110 -800.084 -800.065 -800.071 -800.074 -800.004 -799.964 -800.004 -800.093 -800.123 -800.098 -9999.000 -9999.000
-9999.000 -9999.000 -800.062 -800.065 -800.074 -800.089 -800.134 -800.151 -800.117 -800.024 -799.949 -799.963 -800.056 -800.156 -800.198 -800.146 -800.037 -799.943 -799.955 -800.048 -800.103 -800.051 -800.004 -800.012 -800.033 -799.968 -799.945 -800.015 -800.138 -800.157 -800.121 -9999.000 -9999.000
-9999.000 -9999.000 -800.044 -800.049 -800.056 -800.068 -800.103 -800.108 -800.066 -799.980 -799.927 -799.963 -800.071 -800.169 -800.224 -800.191 -800.107 -799.994 -799.964 -800.007 -800.034 -799.980 -799.921 -799.928 -799.953 -799.935 -799.948 -800.028 -800.133 -800.145 -800.111 -9999.000 -9999.000
-9999.000 -9999.000 -800.032 -800.037 -800.041 -800.049 -800.073 -800.065 -800.016 -799.943 -799.919 -799.980 -800.088 -800.160 -800.194 -800.160 -800.101 -800.009 -799.977 -800.003 -800.020 -799.974 -799.908 -799.896 -799.917 -799.939 -799.979 -800.043 -800.106 -800.105 -800.077 -9999.000 -9999.000
-9999.000 -9999.000 -800.037 -800.038 -800.029 -800.022 -800.031 -800.011 -799.965 -799.917 -799.920 -799.990 -800.075 -800.112 -800.092 -800.040 -799.984 -799.955 -799.972 -800.027 -800.064 -800.042 -799.983 -799.935 -799.924 -799.945 -799.976 -800.009 -800.032 -800.045 -800.035 -9999.000 -9999.000
-9999.000 -9999.000 -800.033 -800.033 -800.014 -799.996 -799.996 -799.973 -799.921 -799.876 -799.885 -799.972 -800.065 -800.092 -800.031 -799.946 -799.879 -799.893 -799.966 -800.068 -800.136 -800.122 -800.064 -799.987 -799.952 -799.954 -799.967 -799.975 -799.979 -799.998 -799.999 -9999.000 -9999.000
-9999.000 -9999.000 -800.048 -800.045 -800.008 -799.971 -799.955 -799.936 -799.890 -799.854 -799.861 -799.946 -800.039 -800.073 -800.024 -799.945 -799.891 -799.911 -799.984 -800.071 -800.125 -800.113 -800.064 -799.998 -799.966 -799.968 -799.977 -799.976 -799.972 -799.988 -799.993 -9999.000 -9999.000
-9999.000 -9999.000 -800.035 -800.037 -800.006 -799.974 -799.958 -799.942 -799.899 -799.861 -799.847 -799.906 -799.989 -800.045 -800.045 -799.995 -799.950 -799.938 -799.977 -800.036 -800.082 -800.084 -800.042 -799.985 -799.957 -799.977 -800.006 -800.013 -800.004 -799.999 -799.998 -9999.000 -9999.000
-9999.000 -9999.000 -800.040 -800.038 -800.011 -799.988 -799.989 -799.980 -799.962 -799.932 -799.895 -799.887 -799.917 -799.978 -800.018 -800.003 -799.956 -799.919 -799.930 -799.981 -800.040 -800.072 -800.049 -799.995 -799.961 -799.977 -800.017 -800.037 -800.034 -800.020 -800.015 -9999.000 -9999.000
-9999.000 -9999.000 -800.020 -800.020 -800.013 -800.014 -800.033 -800.022 -800.021 -800.015 -799.984 -799.925 -799.897 -799.938 -799.979 -799.966 -799.896 -799.859 -799.871 -799.944 -800.030 -800.092 -800.086 -800.019 -799.962 -799.960 -799.997 -800.023 -800.024 -800.011 -800.004 -9999.000 -9999.000
-9999.000 -9999.000 -800.041 -800.032 -800.022 -800.024 -800.042 -800.027 -800.039 -800.068 -800.077 -800.020 -799.966 -799.959 -799.965 -799.935 -799.872 -799.856 -799.880 -799.950 -800.023 -800.079 -800.081 -800.028 -799.969 -799.950 -799.963 -799.985 -799.994 -800.001 -799.999 -9999.000 -9999.000
-9999.000 -9999.000 -800.036 -800.032 -800.028 -800.034 -800.049 -800.034 -800.050 -800.095 -800.137 -800.104 -800.053 -800.008 -799.976 -799.926 -799.889 -799.911 -799.962 -800.009 -800.038 -800.056 -800.058 -800.028 -799.983 -799.955 -799.946 -799.962 -799.975 -799.992 -799.991 -9999.000 -9999.000
-9999.000 -9999.000 -800.085 -800.074 -800.049 -800.037 -800.051 -800.051 -800.066 -800.090 -800.117 -800.105 -800.073 -800.021 -799.967 -799.921 -799.923 -799.982 -800.057 -800.082 -800.071 -800.044 -800.039 -800.032 -800.013 -799.983 -799.963 -799.971 -799.991 -800.010 -800.010 -9999.000 -9999.000
-9999.000 -9999.000 -800.077 -800.070 -800.046 -800.033 -800.054 -800.065 -800.062 -800.041 -800.049 -800.073 -800.083 -800.035 -799.948 -799.890 -799.909 -800.000 -800.105 -800.132 -800.111 -800.052 -800.046 -800.042 -800.038 -800.005 -799.985 -799.994 -800.017 -800.024 -800.018 -9999.000 -9999.000
-9999.000 -9999.000 -800.086 -800.078 -800.048 -800.023 -800.032 -800.035 -800.003 -799.953 -799.960 -800.041 -800.106 -800.066 -799.952 -799.873 -799.882 -799.968 -800.066 -800.103 -800.100 -800.050 -800.045 -800.037 -800.035 -800.009 -799.998 -800.011 -800.030 -800.032 -800.025 -9999.000 -9999.000
-9999.000 -9999.000 -800.014 -800.017 -800.012 -800.006 -800.008 -799.994 -799.930 -799.872 -799.900 -800.038 -800.145 -800.103 -799.968 -799.868 -799.857 -799.915 -799.979 -800.013 -800.031 -800.023 -800.042 -800.033 -800.024 -800.003 -800.005 -800.022 -800.031 -800.025 -800.014 -9999.000 -9999.000
-9999.000 -9999.000 -800.030 -800.026 -800.021 -800.024 -800.025 -800.007 -799.943 -799.904 -799.931 -800.045 -800.120 -800.084 -799.981 -799.906 -799.882 -799.892 -799.892 -799.907 -799.937 -799.986 -800.029 -800.030 -800.013 -800.005 -800.021 -800.038 -800.038 -800.025 -800.016 -9999.000 -9999.000
-9999.000 -9999.000 -800.030 -800.027 -800.052 -800.108 -800.160 -800.152 -800.109 -800.071 -800.086 -800.121 -800.120 -800.052 -799.967 -799.923 -799.915 -799.918 -799.888 -799.872 -799.889 -799.960 -800.017 -800.020 -799.999 -800.004 -800.040 -800.062 -800.053 -800.027 -800.015 -9999.000 -9999.000
-9999.000 -9999.000 -800.070 -800.060 -800.100 -800.187 -800.289 -800.297 -800.292 -800.254 -800.252 -800.191 -800.113 -800.010 -799.942 -799.922 -799.946 -799.977 -799.975 -799.947 -799.935 -799.966 -799.997 -799.994 -799.980 -800.001 -800.044 -800.067 -800.060 -800.037 -800.027 -9999.000 -9999.000
-9999.000 -9999.000 -800.046 -800.044 -800.084 -800.168 -800.260 -800.269 -800.289 -800.269 -800.261 -800.154 -800.045 -799.950 -799.909 -799.906 -799.946 -800.017 -800.069 -800.046 -800.005 -799.972 -799.976 -799.974 -799.980 -800.007 -800.044 -800.059 -800.048 -800.027 -800.019 -9999.000 -9999.000
-9999.000 -9999.000 -800.043 -800.044 -800.037 -800.071 -800.099 -800.110 -800.132 -800.150 -800.126 -800.020 -799.914 -799.881 -799.894 -799.916 -799.944 -800.007 -800.076 -800.073 -800.029 -799.969 -799.964 -799.982 -800.013 -800.030 -800.036 -800.029 -800.021 -800.012 -800.011 -9999.000 -9999.000
-9999.000 -9999.000 -800.048 -800.054 -800.019 -800.024 -799.999 -799.979 -799.979 -800.039 -800.025 -799.925 -799.814 -799.837 -799.901 -799.942 -799.937 -799.976 -800.039 -800.046 -800.011 -799.957 -799.981 -800.018 -800.058 -800.042 -800.015 -799.987 -799.978 -799.978 -799.979 -9999.000 -9999.000
-9999.000 -9999.000 -800.088 -800.086 -800.036 -800.025 -799.977 -799.907 -799.876 -799.953 -799.987 -799.924 -799.835 -799.862 -799.933 -799.965 -799.946 -799.962 -800.007 -800.016 -800.001 -799.974 -800.017 -800.048 -800.065 -800.026 -799.984 -799.960 -799.959 -799.973 -799.979 -9999.000 -9999.000
-9999.000 -9999.000 -800.093 -800.086 -800.033 -800.015 -799.961 -799.849 -799.803 -799.895 -799.995 -799.978 -799.918 -799.928 -799.982 -799.994 -799.971 -799.978 -800.018 -800.020 -800.018 -799.999 -800.042 -800.044 -800.039 -800.004 -799.992 -799.996 -800.001 -799.999 -799.996 -9999.000 -9999.000
-9999.000 -9999.000 -800.097 -800.083 -799.980 -799.909 -799.836 -799.763 -799.749 -799.841 -799.940 -799.965 -799.958 -799.972 -800.011 -800.017 -800.009 -800.006 -800.025 -800.022 -800.025 -800.014 -800.026 -800.010 -800.002 -800.007 -800.047 -800.076 -800.085 -800.052 -800.040 -9999.000 -9999.000
-9999.000 -9999.000 -800.067 -800.050 -799.909 -799.800 -799.731 -799.730 -799.757 -799.815 -799.847 -799.873 -799.902 -799.955 -800.004 -800.023 -800.021 -800.014 -800.021 -800.015 -800.003 -799.983 -799.981 -799.988 -800.014 -800.044 -800.088 -800.100 -800.097 -800.050 -800.036 -9999.000 -9999.000
-9999.000 -9999.000 -800.101 -800.083 -799.948 -799.853 -799.838 -799.890 -799.918 -799.875 -799.804 -799.788 -799.832 -799.912 -799.966 -799.996 -800.001 -800.002 -800.000 -799.988 -799.956 -799.933 -799.942 -799.997 -800.055 -800.074 -800.062 -800.030 -800.015 -800.002 -800.003 -9999.000 -9999.000
-9999.000 -9999.000 -800.072 -800.063 -800.025 -800.037 -800.105 -800.115 -800.076 -799.951 -799.853 -799.810 -799.843 -799.913 -799.960 -799.984 -799.988 -799.997 -799.984 -799.949 -799.899 -799.895 -799.943 -800.021 -800.076 -800.068 -800.013 -799.950 -799.924 -799.945 -799.958 -9999.000 -9999.000
-9999.000 -9999.000 -800.008 -800.013 -800.051 -800.134 -800.200 -800.144 -800.050 -799.952 -799.922 -799.916 -799.939 -799.975 -800.002 -800.010 -800.012 -800.010 -799.973 -799.908 -799.861 -799.890 -799.957 -800.008 -800.024 -800.015 -799.985 -799.944 -799.927 -799.956 -799.973 -9999.000 -9999.000
-9999.000 -9999.000 -799.908 -799.927 -799.995 -800.091 -800.117 -800.029 -799.937 -799.928 -799.996 -800.041 -800.059 -800.058 -800.073 -800.068 -800.066 -800.038 -799.969 -799.877 -799.837 -799.888 -799.953 -799.964 -799.943 -799.949 -799.981 -799.997 -800.004 -800.008 -800.010 -9999.000 -9999.000
-9999.000 -9999.000 -799.913 -799.929 -799.945 -799.984 -799.962 -799.911 -799.884 -799.948 -800.045 -800.092 -800.098 -800.082 -800.089 -800.078 -800.067 -800.023 -799.956 -799.876 -799.841 -799.866 -799.901 -799.906 -799.894 -799.913 -799.971 -800.027 -800.064 -800.059 -800.049 -9999.000 -9999.000
-9999.000 -9999.000 -799.988 -799.989 -799.935 -799.910 -799.873 -799.878 -799.917 -800.000 -800.070 -800.084 -800.075 -800.055 -800.052 -800.025 -800.000 -799.962 -799.934 -799.905 -799.899 -799.903 -799.919 -799.921 -799.916 -799.914 -799.949 -800.008 -800.057 -800.051 -800.031 -9999.000 -9999.000
-9999.000 -9999.000 -800.069 -800.052 -799.953 -799.895 -799.871 -799.908 -799.963 -800.017 -800.042 -800.037 -800.026 -800.009 -799.979 -799.928 -799.889 -799.887 -799.926 -799.970 -799.999 -799.995 -799.995 -799.987 -799.977 -799.950 -799.948 -799.983 -800.024 -800.031 -800.020 -9999.000 -9999.000
-9999.000 -9999.000 -800.056 -800.039 -799.948 -799.900 -799.894 -799.931 -799.973 -800.004 -800.018 -800.018 -800.009 -799.979 -799.934 -799.884 -799.872 -799.906 -799.994 -800.071 -800.132 -800.126 -800.119 -800.081 -800.046 -799.991 -799.969 -799.984 -800.016 -800.019 -800.012 -9999.000 -9999.000
-9999.000 -9999.000 -800.038 -800.020 -799.936 -799.897 -799.897 -799.930 -799.962 -799.985 -800.007 -800.021 -800.015 -799.975 -799.932 -799.917 -799.954 -800.009 -800.095 -800.151 -800.186 -800.155 -800.130 -800.098 -800.074 -800.025 -799.997 -799.993 -800.017 -800.018 -800.020 -9999.000 -9999.000
-9999.000 -9999.000 -799.990 -799.984 -799.930 -799.913 -799.905 -799.917 -799.929 -799.955 -799.999 -800.035 -800.036 -799.995 -799.975 -800.000 -800.074 -800.110 -800.153 -800.158 -800.169 -800.112 -800.074 -800.049 -800.056 -800.027 -799.997 -799.971 -799.980 -799.979 -799.988 -9999.000 -9999.000
-9999.000 -9999.000 -800.016 -800.015 -799.989 -799.996 -799.972 -799.938 -799.901 -799.916 -799.971 -800.027 -800.045 -800.030 -800.025 -800.045 -800.085 -800.089 -800.089 -800.076 -800.079 -800.038 -800.006 -799.988 -800.013 -800.012 -799.980 -799.923 -799.903 -799.915 -799.941 -9999.000 -9999.000
-9999.000 -9999.000 -800.009 -800.022 -800.061 -800.122 -800.108 -800.019 -799.914 -799.893 -799.944 -800.014 -800.055 -800.069 -800.072 -800.060 -800.045 -800.010 -799.993 -799.993 -800.027 -800.022 -800.015 -799.996 -800.033 -800.037 -800.002 -799.914 -799.866 -799.873 -799.904 -9999.000 -9999.000
-9999.000 -9999.000 -800.028 -800.048 -800.121 -800.208 -800.208 -800.116 -799.993 -799.934 -799.952 -800.002 -800.049 -800.078 -800.082 -800.046 -799.995 -799.947 -799.935 -799.964 -800.025 -800.054 -800.074 -800.066 -800.097 -800.088 -800.057 -799.976 -799.930 -799.917 -799.940 -9999.000 -9999.000
-9999.000 -9999.000 -799.991 -800.018 -800.126 -800.235 -800.272 -800.202 -800.093 -800.001 -799.977 -799.991 -800.025 -800.045 -800.044 -800.008 -799.958 -799.918 -799.924 -799.979 -800.060 -800.098 -800.116 -800.098 -800.113 -800.095 -800.090 -800.049 -800.028 -799.989 -799.992 -9999.000 -9999.000
-9999.000 -9999.000 -799.992 -800.016 -800.107 -800.190 -800.228 -800.197 -800.133 -800.042 -799.988 -799.965 -799.969 -799.974 -799.964 -799.950 -799.924 -799.918 -799.940 -800.002 -800.070 -800.099 -800.087 -800.048 -800.028 -800.022 -800.044 -800.055 -800.059 -800.025 -800.020 -9999.000 -9999.000
-9999.000 -9999.000 -799.976 -799.995 -800.071 -800.127 -800.152 -800.126 -800.079 -800.012 -799.957 -799.926 -799.902 -799.899 -799.897 -799.929 -799.944 -799.958 -799.970 -800.008 -800.062 -800.081 -800.045 -799.976 -799.930 -799.942 -799.992 -800.038 -800.054 -800.027 -800.017 -9999.000 -9999.000
-9999.000 -9999.000 -799.993 -800.005 -800.042 -800.062 -800.048 -800.019 -799.978 -799.949 -799.918 -799.903 -799.873 -799.877 -799.909 -799.987 -800.042 -800.049 -800.027 -800.016 -800.039 -800.048 -800.015 -799.953 -799.909 -799.925 -799.980 -800.032 -800.052 -800.035 -800.024 -9999.000 -9999.000
-9999.000 -9999.000 -799.972 -799.978 -800.002 -800.018 -799.999 -799.965 -799.918 -799.904 -799.892 -799.901 -799.898 -799.927 -799.997 -800.091 -800.157 -800.131 -800.071 -800.014 -800.010 -800.014 -799.999 -799.960 -799.936 -799.951 -800.001 -800.042 -800.061 -800.047 -800.035 -9999.000 -9999.000
-9999.000 -9999.000 -799.983 -799.981 -799.987 -800.004 -800.007 -799.990 -799.955 -799.934 -799.929 -799.947 -799.978 -800.017 -800.080 -800.129 -800.164 -800.127 -800.067 -800.000 -799.971 -799.968 -799.965 -799.960 -799.957 -799.972 -799.998 -800.016 -800.031 -800.037 -800.033 -9999.000 -9999.000
-9999.000 -9999.000 -799.962 -799.956 -799.963 -799.992 -800.031 -800.047 -800.043 -800.013 -800.011 -800.005 -800.034 -800.025 -800.056 -800.064 -800.091 -800.069 -800.031 -799.982 -799.944 -799.939 -799.942 -799.958 -799.960 -799.966 -799.964 -799.967 -799.982 -800.012 -800.015 -9999.000 -9999.000
-9999.000 -9999.000 -799.974 -799.968 -799.962 -799.974 -800.012 -800.050 -800.083 -800.081 -800.101 -800.073 -800.051 -799.965 -799.945 -799.943 -799.982 -799.994 -799.989 -799.972 -799.949 -799.948 -799.963 -799.984 -799.983 -799.960 -799.927 -799.916 -799.944 -799.997 -800.008 -9999.000 -9999.000
-9999.000 -9999.000 -800.064 -800.052 -800.015 -799.992 -800.004 -800.056 -800.115 -800.149 -800.184 -800.115 -800.001 -799.818 -799.782 -799.815 -799.908 -799.944 -799.952 -799.949 -799.950 -799.956 -799.986 -800.003 -799.995 -799.929 -799.862 -799.845 -799.908 -800.017 -800.047 -9999.000 -9999.000
-9999.000 -9999.000 -800.059 -800.053 -800.018 -799.989 -799.976 -800.014 -800.105 -800.150 -800.212 -800.095 -799.988 -799.764 -799.721 -799.740 -799.836 -799.904 -799.924 -799.948 -799.943 -799.987 -800.014 -800.059 -800.000 -799.943 -799.860 -799.871 -799.940 -800.032 -800.053 -9999.000 -9999.000
