tests/3D/hillslope02_superslab/output_maps-SE27XX/psiliqL0074N0002.asc
ncols         104
nrows         10
xllcorner     -2.000000
yllcorner     0.000000
cellsize      1.000000
NODATA_value  -9999.0
-9999.0 -9999.0 -9999.0 -9999.0 -9999.0 -9999.0 -9999.0 -9999.0 -9999.0 -9999.0 -9999.0 -9999.0 -9999.0 -9999.0 -9999.0 -9999.0 -9999.0 -9999.0 -9999.0 -9999.0 -9999.0 -9999.0 -9999.0 -9999.0 -9999.0 -9999.0 -9999.0 -9999.0 -9999.0 -9999.0 -9999.0 -9999.0 -9999.0 -9999.0 -9999.0 -9999.0 -9999.0 -9999.0 -9999.0 -9999.0 -9999.0 -9999.0 -9999.0 -9999.0 -9999.0 -9999.0 -9999.0 -9999.0 -9999.0 -9999.0 -9999.0 -9999.0 -9999.0 -9999.0 -9999.0 -9999.0 -9999.0 -9999.0 -9999.0 -9999.0 -9999.0 -9999.0 -9999.0 -9999.0 -9999.0 -9999.0 -9999.0 -9999.0 -9999.0 -9999.0 -9999.0 -9999.0 -9999.0 -9999.0 -9999.0 -9999.0 -9999.0 -9999.0 -9999.0 -9999.0 -9999.0 -9999.0 -9999.0 -9999.0 -9999.0 -9999.0 -9999.0 -9999.0 -9999.0 -9999.0 -9999.0 -9999.0 -9999.0 -9999.0 -9999.0 -9999.0 -9999.0 -9999.0 -9999.0 -9999.0 -9999.0 -9999.0 -9999.0 -9999.0
-9999.0 -9999.0 -9999.0 -9999.0 -9999.0 -9999.0 -9999.0 -9999.0 -9999.0 -9999.0 -9999.0 -9999.0 -9999.0 -9999.0 -9999.0 -9999.0 -9999.0 -9999.0 -9999.0 -9999.0 -9999.0 -9999.0 -9999.0 -9999.0 -9999.0 -9999.0 -9999.0 -9999.0 -9999.0 -9999.0 -9999.0 -9999.0 -9999.0 -9999.0 -9999.0 -9999.0 -9999.0 -9999.0 -9999.0 -9999.0 -9999.0 -9999.0 -9999.0 -9999.0 -9999.0 -9999.0 -9999.0 -9999.0 -9999.0 -9999.0 -9999.0 -9999.0 -9999.0 -9999.0 -9999.0 -9999.0 -9999.0 -9999.0 -9999.0 -9999.0 -9999.0 -9999.0 -9999.0 -9999.0 -9999.0 -9999.0 -9999.0 -9999.0 -9999.0 -9999.0 -9999.0 -9999.0 -9999.0 -9999.0 -9999.0 -9999.0 -9999.0 -9999.0 -9999.0 -9999.0 -9999.0 -9999.0 -9999.0 -9999.0 -9999.0 -9999.0 -9999.0 -9999.0 -9999.0 -9999.0 -9999.0 -9999.0 -9999.0 -9999.0 -9999.0 -9999.0 -9999.0 -9999.0 -9999.0 -9999.0 -9999.0 -9999.0 -9999.0 -9999.0
-9999.0 -9999.0 -752.677573 -893.936477 -1038.360159 -1161.402167 -1242.459239 -1283.792598 -1301.439370 -1308.196168 -1310.582102 -1311.420580 -1311.717532 -1311.823042 -1311.860537 -1311.873843 -1311.878554 -1311.880214 -1311.880793 -1311.880989 -1311.881049 -1311.881061 -1311.881056 -1311.881045 -1311.881032 -1311.881019 -1311.881007 -1311.880997 -1311.880991 -1311.880990 -1311.880996 -1311.881011 -1311.881040 -1311.881088 -1311.881162 -1311.881269 -1311.881406 -1311.881499 -1311.881079 -1311.878132 -1311.866150 -1311.828662 -1311.732028 -1311.518883 -1311.103651 -1310.367184 -1309.848483 -1310.618599 -1310.929239 -1311.371795 -1312.150098 -1315.887728 -1312.108579 -1311.938770 -1311.943811 -1311.957207 -1311.973494 -1311.992849 -1312.015696 -1312.042528 -1312.073897 -1312.110410 -1312.152733 -1312.201595 -1312.257783 -1312.322154 -1312.395628 -1312.479200 -1312.573937 -1312.680984 -1312.801568 -1312.937002 -1313.088694 -1313.258149 -1313.446982 -1313.656925 -1313.889843 -1314.147747 -1314.432813 -1314.747406 -1315.094108 -1315.475754 -1315.895473 -1316.356750 -1316.863484 -1317.420089 -1318.031595 -1318.703806 -1319.443487 -1320.258630 -1321.158812 -1322.155694 -1323.263743 -1324.501299 -1325.892212 -1327.468486 -1329.274765 -1331.376633 -1333.878195 -1336.977818 -1341.386431 -1353.541297 -9999.0 -9999.0
-9999.0 -9999.0 -752.677573 -893.936481 -1038.360161 -1161.402169 -1242.459240 -1283.792598 -1301.439370 -1308.196168 -1310.582102 -1311.420580 -1311.717532 -1311.823042 -1311.860537 -1311.873843 -1311.878554 -1311.880214 -1311.880793 -1311.880989 -1311.881049 -1311.881061 -1311.881056 -1311.881045 -1311.881032 -1311.881019 -1311.881007 -1311.880997 -1311.880991 -1311.880990 -1311.880996 -1311.881011 -1311.881040 -1311.881088 -1311.881162 -1311.881269 -1311.881406 -1311.881499 -1311.881079 -1311.878132 -1311.866150 -1311.828662 -1311.732028 -1311.518883 -1311.103651 -1310.367184 -1309.848483 -1310.618599 -1310.929239 -1311.371795 -1312.150098 -1315.887728 -1312.108579 -1311.938770 -1311.943811 -1311.957207 -1311.973494 -1311.992849 -1312.015696 -1312.042528 -1312.073897 -1312.110410 -1312.152733 -1312.201595 -1312.257783 -1312.322154 -1312.395628 -1312.479200 -1312.573937 -1312.680984 -1312.801568 -1312.937003 -1313.088694 -1313.258149 -1313.446982 -1313.656925 -1313.889843 -1314.147747 -1314.432813 -1314.747406 -1315.094108 -1315.475754 -1315.895473 -1316.356750 -1316.863485 -1317.420089 -1318.031595 -1318.703806 -1319.443487 -1320.258630 -1321.158812 -1322.155694 -1323.263743 -1324.501299 -1325.892212 -1327.468486 -1329.274765 -1331.376632 -1333.878195 -1336.977818 -1341.386431 -1353.541297 -9999.0 -9999.0
-9999.0 -9999.0 -752.677575 -893.936483 -1038.360165 -1161.402171 -1242.459241 -1283.792598 -1301.439370 -1308.196169 -1310.582102 -1311.420580 -1311.717532 -1311.823042 -1311.860537 -1311.873843 -1311.878554 -1311.880214 -1311.880793 -1311.880989 -1311.881049 -1311.881061 -1311.881056 -1311.881045 -1311.881032 -1311.881019 -1311.881007 -1311.880997 -1311.880991 -1311.880990 -1311.880996 -1311.881011 -1311.881040 -1311.881088 -1311.881162 -1311.881269 -1311.881406 -1311.881499 -1311.881079 -1311.878132 -1311.866150 -1311.828662 -1311.732028 -1311.518883 -1311.103651 -1310.367184 -1309.848483 -1310.618599 -1310.929239 -1311.371795 -1312.150098 -1315.887728 -1312.108579 -1311.938770 -1311.943811 -1311.957207 -1311.973494 -1311.992849 -1312.015696 -1312.042528 -1312.073897 -1312.110410 -1312.152733 -1312.201595 -1312.257783 -1312.322154 -1312.395628 -1312.479200 -1312.573937 -1312.680984 -1312.801568 -1312.937003 -1313.088694 -1313.258149 -1313.446982 -1313.656925 -1313.889843 -1314.147747 -1314.432813 -1314.747406 -1315.094108 -1315.475754 -1315.895473 -1316.356750 -1316.863485 -1317.420089 -1318.031595 -1318.703806 -1319.443487 -1320.258630 -1321.158812 -1322.155694 -1323.263743 -1324.501299 -1325.892212 -1327.468486 -1329.274765 -1331.376632 -1333.878195 -1336.977818 -1341.386431 -1353.541297 -9999.0 -9999.0
-9999.0 -9999.0 -752.677575 -893.936483 -1038.360165 -1161.402171 -1242.459241 -1283.792598 -1301.439370 -1308.196169 -1310.582102 -1311.420580 -1311.717532 -1311.823042 -1311.860537 -1311.873843 -1311.878554 -1311.880214 -1311.880793 -1311.880989 -1311.881049 -1311.881061 -1311.881056 -1311.881045 -1311.881032 -1311.881019 -1311.881007 -1311.880997 -1311.880991 -1311.880990 -1311.880996 -1311.881011 -1311.881040 -1311.881088 -1311.881162 -1311.881269 -1311.881406 -1311.881499 -1311.881079 -1311.878132 -1311.866150 -1311.828662 -1311.732028 -1311.518883 -1311.103651 -1310.367184 -1309.848483 -1310.618599 -1310.929239 -1311.371795 -1312.150098 -1315.887728 -1312.108579 -1311.938770 -1311.943811 -1311.957207 -1311.973494 -1311.992849 -1312.015696 -1312.042528 -1312.073897 -1312.110410 -1312.152733 -1312.201595 -1312.257783 -1312.322154 -1312.395628 -1312.479200 -1312.573937 -1312.680984 -1312.801568 -1312.937003 -1313.088694 -1313.258149 -1313.446982 -1313.656925 -1313.889843 -1314.147747 -1314.432813 -1314.747406 -1315.094108 -1315.475754 -1315.895473 -1316.356750 -1316.863485 -1317.420089 -1318.031595 -1318.703806 -1319.443487 -1320.258630 -1321.158812 -1322.155694 -1323.263743 -1324.501299 -1325.892212 -1327.468486 -1329.274765 -1331.376632 -1333.878195 -1336.977818 -1341.386431 -1353.541297 -9999.0 -9999.0
-9999.0 -9999.0 -752.677573 -893.936481 -1038.360161 -1161.402169 -1242.459240 -1283.792598 -1301.439370 -1308.196168 -1310.582102 -1311.420580 -1311.717532 -1311.823042 -1311.860537 -1311.873843 -1311.878554 -1311.880214 -1311.880793 -1311.880989 -1311.881049 -1311.881061 -1311.881056 -1311.881045 -1311.881032 -1311.881019 -1311.881007 -1311.880997 -1311.880991 -1311.880990 -1311.880996 -1311.881011 -1311.881040 -1311.881088 -1311.881162 -1311.881269 -1311.881406 -1311.881499 -1311.881079 -1311.878132 -1311.866150 -1311.828662 -1311.732028 -1311.518883 -1311.103651 -1310.367184 -1309.848483 -1310.618599 -1310.929239 -1311.371795 -1312.150098 -1315.887728 -1312.108579 -1311.938770 -1311.943811 -1311.957207 -1311.973494 -1311.992849 -1312.015696 -1312.042528 -1312.073897 -1312.110410 -1312.152733 -1312.201595 -1312.257783 -1312.322154 -1312.395628 -1312.479200 -1312.573937 -1312.680984 -1312.801568 -1312.937003 -1313.088694 -1313.258149 -1313.446982 -1313.656925 -1313.889843 -1314.147747 -1314.432813 -1314.747406 -1315.094108 -1315.475754 -1315.895473 -1316.356750 -1316.863485 -1317.420089 -1318.031595 -1318.703806 -1319.443487 -1320.258630 -1321.158812 -1322.155694 -1323.263743 -1324.501299 -1325.892212 -1327.468486 -1329.274765 -1331.376632 -1333.878195 -1336.977818 -1341.386431 -1353.541297 -9999.0 -9999.0
-9999.0 -9999.0 -752.677573 -893.936477 -1038.360159 -1161.402167 -1242.459239 -1283.792598 -1301.439370 -1308.196168 -1310.582102 -1311.420580 -1311.717532 -1311.823042 -1311.860537 -1311.873843 -1311.878554 -1311.880214 -1311.880793 -1311.880989 -1311.881049 -1311.881061 -1311.881056 -1311.881045 -1311.881032 -1311.881019 -1311.881007 -1311.880997 -1311.880991 -1311.880990 -1311.880996 -1311.881011 -1311.881040 -1311.881088 -1311.881162 -1311.881269 -1311.881406 -1311.881499 -1311.881079 -1311.878132 -1311.866150 -1311.828662 -1311.732028 -1311.518883 -1311.103651 -1310.367184 -1309.848483 -1310.618599 -1310.929239 -1311.371795 -1312.150098 -1315.887728 -1312.108579 -1311.938770 -1311.943811 -1311.957207 -1311.973494 -1311.992849 -1312.015696 -1312.042528 -1312.073897 -1312.110410 -1312.152733 -1312.201595 -1312.257783 -1312.322154 -1312.395628 -1312.479200 -1312.573937 -1312.680984 -1312.801568 -1312.937002 -1313.088694 -1313.258149 -1313.446982 -1313.656925 -1313.889843 -1314.147747 -1314.432813 -1314.747406 -1315.094108 -1315.475754 -1315.895473 -1316.356750 -1316.863484 -1317.420089 -1318.031595 -1318.703806 -1319.443487 -1320.258630 -1321.158812 -1322.155694 -1323.263743 -1324.501299 -1325.892212 -1327.468486 -1329.274765 -1331.376633 -1333.878195 -1336.977818 -1341.386431 -1353.541297 -9999.0 -9999.0
-9999.0 -9999.0 -9999.0 -9999.0 -9999.0 -9999.0 -9999.0 -9999.0 -9999.0 -9999.0 -9999.0 -9999.0 -9999.0 -9999.0 -9999.0 -9999.0 -9999.0 -9999.0 -9999.0 -9999.0 -9999.0 -9999.0 -9999.0 -9999.0 -9999.0 -9999.0 -9999.0 -9999.0 -9999.0 -9999.0 -9999.0 -9999.0 -9999.0 -9999.0 -9999.0 -9999.0 -9999.0 -9999.0 -9999.0 -9999.0 -9999.0 -9999.0 -9999.0 -9999.0 -9999.0 -9999.0 -9999.0 -9999.0 -9999.0 -9999.0 -9999.0 -9999.0 -9999.0 -9999.0 -9999.0 -9999.0 -9999.0 -9999.0 -9999.0 -9999.0 -9999.0 -9999.0 -9999.0 -9999.0 -9999.0 -9999.0 -9999.0 -9999.0 -9999.0 -9999.0 -9999.0 -9999.0 -9999.0 -9999.0 -9999.0 -9999.0 -9999.0 -9999.0 -9999.0 -9999.0 -9999.0 -9999.0 -9999.0 -9999.0 -9999.0 -9999.0 -9999.0 -9999.0 -9999.0 -9999.0 -9999.0 -9999.0 -9999.0 -9999.0 -9999.0 -9999.0 -9999.0 -9999.0 -9999.0 -9999.0 -9999.0 -9999.0 -9999.0 -9999.0
-9999.0 -9999.0 -9999.0 -9999.0 -9999.0 -9999.0 -9999.0 -9999.0 -9999.0 -9999.0 -9999.0 -9999.0 -9999.0 -9999.0 -9999.0 -9999.0 -9999.0 -9999.0 -9999.0 -9999.0 -9999.0 -9999.0 -9999.0 -9999.0 -9999.0 -9999.0 -9999.0 -9999.0 -9999.0 -9999.0 -9999.0 -9999.0 -9999.0 -9999.0 -9999.0 -9999.0 -9999.0 -9999.0 -9999.0 -9999.0 -9999.0 -9999.0 -9999.0 -9999.0 -9999.0 -9999.0 -9999.0 -9999.0 -9999.0 -9999.0 -9999.0 -9999.0 -9999.0 -9999.0 -9999.0 -9999.0 -9999.0 -9999.0 -9999.0 -9999.0 -9999.0 -9999.0 -9999.0 -9999.0 -9999.0 -9999.0 -9999.0 -9999.0 -9999.0 -9999.0 -9999.0 -9999.0 -9999.0 -9999.0 -9999.0 -9999.0 -9999.0 -9999.0 -9999.0 -9999.0 -9999.0 -9999.0 -9999.0 -9999.0 -9999.0 -9999.0 -9999.0 -9999.0 -9999.0 -9999.0 -9999.0 -9999.0 -9999.0 -9999.0 -9999.0 -9999.0 -9999.0 -9999.0 -9999.0 -9999.0 -9999.0 -9999.0 -9999.0 -9999.0