tests/3D/hillslope02_superslab/output_maps-SE27XX/psiliqL0051N0002.asc
ncols         104
nrows         10
xllcorner     -2.000000
yllcorner     0.000000
cellsize      1.000000
NODATA_value  -9999.0
-9999.0 -9999.0 -9999.0 -9999.0 -9999.0 -9999.0 -9999.0 -9999.0 -9999.0 -9999.0 -9999.0 -9999.0 -9999.0 -9999.0 -9999.0 -9999.0 -9999.0 -9999.0 -9999.0 -9999.0 -9999.0 -9999.0 -9999.0 -9999.0 -9999.0 -9999.0 -9999.0 -9999.0 -9999.0 -9999.0 -9999.0 -9999.0 -9999.0 -9999.0 -9999.0 -9999.0 -9999.0 -9999.0 -9999.0 -9999.0 -9999.0 -9999.0 -9999.0 -9999.0 -9999.0 -9999.0 -9999.0 -9999.0 -9999.0 -9999.0 -9999.0 -9999.0 -9999.0 -9999.0 -9999.0 -9999.0 -9999.0 -9999.0 -9999.0 -9999.0 -9999.0 -9999.0 -9999.0 -9999.0 -9999.0 -9999.0 -9999.0 -9999.0 -9999.0 -9999.0 -9999.0 -9999.0 -9999.0 -9999.0 -9999.0 -9999.0 -9999.0 -9999.0 -9999.0 -9999.0 -9999.0 -9999.0 -9999.0 -9999.0 -9999.0 -9999.0 -9999.0 -9999.0 -9999.0 -9999.0 -9999.0 -9999.0 -9999.0 -9999.0 -9999.0 -9999.0 -9999.0 -9999.0 -9999.0 -9999.0 -9999.0 -9999.0 -9999.0 -9999.0
-9999.0 -9999.0 -9999.0 -9999.0 -9999.0 -9999.0 -9999.0 -9999.0 -9999.0 -9999.0 -9999.0 -9999.0 -9999.0 -9999.0 -9999.0 -9999.0 -9999.0 -9999.0 -9999.0 -9999.0 -9999.0 -9999.0 -9999.0 -9999.0 -9999.0 -9999.0 -9999.0 -9999.0 -9999.0 -9999.0 -9999.0 -9999.0 -9999.0 -9999.0 -9999.0 -9999.0 -9999.0 -9999.0 -9999.0 -9999.0 -9999.0 -9999.0 -9999.0 -9999.0 -9999.0 -9999.0 -9999.0 -9999.0 -9999.0 -9999.0 -9999.0 -9999.0 -9999.0 -9999.0 -9999.0 -9999.0 -9999.0 -9999.0 -9999.0 -9999.0 -9999.0 -9999.0 -9999.0 -9999.0 -9999.0 -9999.0 -9999.0 -9999.0 -9999.0 -9999.0 -9999.0 -9999.0 -9999.0 -9999.0 -9999.0 -9999.0 -9999.0 -9999.0 -9999.0 -9999.0 -9999.0 -9999.0 -9999.0 -9999.0 -9999.0 -9999.0 -9999.0 -9999.0 -9999.0 -9999.0 -9999.0 -9999.0 -9999.0 -9999.0 -9999.0 -9999.0 -9999.0 -9999.0 -9999.0 -9999.0 -9999.0 -9999.0 -9999.0 -9999.0
-9999.0 -9999.0 -2448.845369 -2450.481198 -2450.494962 -2450.495047 -2450.495049 -2450.495049 -2450.495049 -2450.495049 -2450.495050 -2450.495050 -2450.495050 -2450.495050 -2450.495050 -2450.495050 -2450.495050 -2450.495050 -2450.495050 -2450.495050 -2450.495050 -2450.495050 -2450.495050 -2450.495050 -2450.495050 -2450.495050 -2450.495050 -2450.495050 -2450.495054 -2450.495085 -2450.495175 -2450.494730 -2450.488744 -2450.455483 -2450.341269 -2450.402240 -2450.466571 -2450.497042 -2450.566086 -2450.570855 -2450.538413 -2450.516359 -2450.504335 -2450.498743 -2450.496428 -2450.495544 -2450.495223 -2450.495111 -2450.495071 -2450.495058 -2450.495053 -2450.495052 -2450.495050 -2450.495050 -2450.495050 -2450.495050 -2450.495050 -2450.495050 -2450.495050 -2450.495050 -2450.495050 -2450.495050 -2450.495050 -2450.495050 -2450.495050 -2450.495050 -2450.495050 -2450.495050 -2450.495050 -2450.495050 -2450.495050 -2450.495050 -2450.495050 -2450.495050 -2450.495050 -2450.495050 -2450.495050 -2450.495050 -2450.495050 -2450.495050 -2450.495050 -2450.495050 -2450.495050 -2450.495050 -2450.495050 -2450.495050 -2450.495050 -2450.495050 -2450.495050 -2450.495050 -2450.495050 -2450.495050 -2450.495050 -2450.495050 -2450.495050 -2450.495050 -2450.495050 -2450.495050 -2450.495050 -2450.495159 -2450.511262 -2452.138830 -9999.0 -9999.0
-9999.0 -9999.0 -2448.845369 -2450.481198 -2450.494962 -2450.495047 -2450.495049 -2450.495049 -2450.495049 -2450.495049 -2450.495050 -2450.495050 -2450.495050 -2450.495050 -2450.495050 -2450.495050 -2450.495050 -2450.495050 -2450.495050 -2450.495050 -2450.495050 -2450.495050 -2450.495050 -2450.495050 -2450.495050 -2450.495050 -2450.495050 -2450.495050 -2450.495054 -2450.495085 -2450.495175 -2450.494730 -2450.488744 -2450.455483 -2450.341269 -2450.402240 -2450.466571 -2450.497042 -2450.566086 -2450.570855 -2450.538413 -2450.516359 -2450.504335 -2450.498743 -2450.496428 -2450.495544 -2450.495223 -2450.495111 -2450.495071 -2450.495058 -2450.495053 -2450.495052 -2450.495050 -2450.495050 -2450.495050 -2450.495050 -2450.495050 -2450.495050 -2450.495050 -2450.495050 -2450.495050 -2450.495050 -2450.495050 -2450.495050 -2450.495050 -2450.495050 -2450.495050 -2450.495050 -2450.495050 -2450.495050 -2450.495050 -2450.495050 -2450.495050 -2450.495050 -2450.495050 -2450.495050 -2450.495050 -2450.495050 -2450.495050 -2450.495050 -2450.495050 -2450.495050 -2450.495050 -2450.495050 -2450.495050 -2450.495050 -2450.495050 -2450.495050 -2450.495050 -2450.495050 -2450.495050 -2450.495050 -2450.495050 -2450.495050 -2450.495050 -2450.495050 -2450.495050 -2450.495050 -2450.495050 -2450.495159 -2450.511262 -2452.138830 -9999.0 -9999.0
-9999.0 -9999.0 -2448.845369 -2450.481198 -2450.494962 -2450.495047 -2450.495049 -2450.495049 -2450.495049 -2450.495049 -2450.495050 -2450.495050 -2450.495050 -2450.495050 -2450.495050 -2450.495050 -2450.495050 -2450.495050 -2450.495050 -2450.495050 -2450.495050 -2450.495050 -2450.495050 -2450.495050 -2450.495050 -2450.495050 -2450.495050 -2450.495050 -2450.495054 -2450.495085 -2450.495175 -2450.494730 -2450.488744 -2450.455483 -2450.341269 -2450.402240 -2450.466571 -2450.497042 -2450.566086 -2450.570855 -2450.538413 -2450.516359 -2450.504335 -2450.498743 -2450.496428 -2450.495544 -2450.495223 -2450.495111 -2450.495071 -2450.495058 -2450.495053 -2450.495052 -2450.495050 -2450.495050 -2450.495050 -2450.495050 -2450.495050 -2450.495050 -2450.495050 -2450.495050 -2450.495050 -2450.495050 -2450.495050 -2450.495050 -2450.495050 -2450.495050 -2450.495050 -2450.495050 -2450.495050 -2450.495050 -2450.495050 -2450.495050 -2450.495050 -2450.495050 -2450.495050 -2450.495050 -2450.495050 -2450.495050 -2450.495050 -2450.495050 -2450.495050 -2450.495050 -2450.495050 -2450.495050 -2450.495050 -2450.495050 -2450.495050 -2450.495050 -2450.495050 -2450.495050 -2450.495050 -2450.495050 -2450.495050 -2450.495050 -2450.495050 -2450.495050 -2450.495050 -2450.495050 -2450.495050 -2450.495159 -2450.511262 -2452.138830 -9999.0 -9999.0
-9999.0 -9999.0 -2448.845369 -2450.481198 -2450.494962 -2450.495047 -2450.495049 -2450.495049 -2450.495049 -2450.495049 -2450.495050 -2450.495050 -2450.495050 -2450.495050 -2450.495050 -2450.495050 -2450.495050 -2450.495050 -2450.495050 -2450.495050 -2450.495050 -2450.495050 -2450.495050 -2450.495050 -2450.495050 -2450.495050 -2450.495050 -2450.495050 -2450.495054 -2450.495085 -2450.495175 -2450.494730 -2450.488744 -2450.455483 -2450.341269 -2450.402240 -2450.466571 -2450.497042 -2450.566086 -2450.570855 -2450.538413 -2450.516359 -2450.504335 -2450.498743 -2450.496428 -2450.495544 -2450.495223 -2450.495111 -2450.495071 -2450.495058 -2450.495053 -2450.495052 -2450.495050 -2450.495050 -2450.495050 -2450.495050 -2450.495050 -2450.495050 -2450.495050 -2450.495050 -2450.495050 -2450.495050 -2450.495050 -2450.495050 -2450.495050 -2450.495050 -2450.495050 -2450.495050 -2450.495050 -2450.495050 -2450.495050 -2450.495050 -2450.495050 -2450.495050 -2450.495050 -2450.495050 -2450.495050 -2450.495050 -2450.495050 -2450.495050 -2450.495050 -2450.495050 -2450.495050 -2450.495050 -2450.495050 -2450.495050 -2450.495050 -2450.495050 -2450.495050 -2450.495050 -2450.495050 -2450.495050 -2450.495050 -2450.495050 -2450.495050 -2450.495050 -2450.495050 -2450.495050 -2450.495050 -2450.495159 -2450.511262 -2452.138830 -9999.0 -9999.0
-9999.0 -9999.0 -2448.845369 -2450.481198 -2450.494962 -2450.495047 -2450.495049 -2450.495049 -2450.495049 -2450.495049 -2450.495050 -2450.495050 -2450.495050 -2450.495050 -2450.495050 -2450.495050 -2450.495050 -2450.495050 -2450.495050 -2450.495050 -2450.495050 -2450.495050 -2450.495050 -2450.495050 -2450.495050 -2450.495050 -2450.495050 -2450.495050 -2450.495054 -2450.495085 -2450.495175 -2450.494730 -2450.488744 -2450.455483 -2450.341269 -2450.402240 -2450.466571 -2450.497042 -2450.566086 -2450.570855 -2450.538413 -2450.516359 -2450.504335 -2450.498743 -2450.496428 -2450.495544 -2450.495223 -2450.495111 -2450.495071 -2450.495058 -2450.495053 -2450.495052 -2450.495050 -2450.495050 -2450.495050 -2450.495050 -2450.495050 -2450.495050 -2450.495050 -2450.495050 -2450.495050 -2450.495050 -2450.495050 -2450.495050 -2450.495050 -2450.495050 -2450.495050 -2450.495050 -2450.495050 -2450.495050 -2450.495050 -2450.495050 -2450.495050 -2450.495050 -2450.495050 -2450.495050 -2450.495050 -2450.495050 -2450.495050 -2450.495050 -2450.495050 -2450.495050 -2450.495050 -2450.495050 -2450.495050 -2450.495050 -2450.495050 -2450.495050 -2450.495050 -2450.495050 -2450.495050 -2450.495050 -2450.495050 -2450.495050 -2450.495050 -2450.495050 -2450.495050 -2450.495050 -2450.495050 -2450.495159 -2450.511262 -2452.138830 -9999.0 -9999.0
-9999.0 -9999.0 -2448.845369 -2450.481198 -2450.494962 -2450.495047 -2450.495049 -2450.495049 -2450.495049 -2450.495049 -2450.495050 -2450.495050 -2450.495050 -2450.495050 -2450.495050 -2450.495050 -2450.495050 -2450.495050 -2450.495050 -2450.495050 -2450.495050 -2450.495050 -2450.495050 -2450.495050 -2450.495050 -2450.495050 -2450.495050 -2450.495050 -2450.495054 -2450.495085 -2450.495175 -2450.494730 -2450.488744 -2450.455483 -2450.341269 -2450.402240 -2450.466571 -2450.497042 -2450.566086 -2450.570855 -2450.538413 -2450.516359 -2450.504335 -2450.498743 -2450.496428 -2450.495544 -2450.495223 -2450.495111 -2450.495071 -2450.495058 -2450.495053 -2450.495052 -2450.495050 -2450.495050 -2450.495050 -2450.495050 -2450.495050 -2450.495050 -2450.495050 -2450.495050 -2450.495050 -2450.495050 -2450.495050 -2450.495050 -2450.495050 -2450.495050 -2450.495050 -2450.495050 -2450.495050 -2450.495050 -2450.495050 -2450.495050 -2450.495050 -2450.495050 -2450.495050 -2450.495050 -2450.495050 -2450.495050 -2450.495050 -2450.495050 -2450.495050 -2450.495050 -2450.495050 -2450.495050 -2450.495050 -2450.495050 -2450.495050 -2450.495050 -2450.495050 -2450.495050 -2450.495050 -2450.495050 -2450.495050 -2450.495050 -2450.495050 -2450.495050 -2450.495050 -2450.495050 -2450.495050 -2450.495159 -2450.511262 -2452.138830 -9999.0 -9999.0
-9999.0 -9999.0 -9999.0 -9999.0 -9999.0 -9999.0 -9999.0 -9999.0 -9999.0 -9999.0 -9999.0 -9999.0 -9999.0 -9999.0 -9999.0 -9999.0 -9999.0 -9999.0 -9999.0 -9999.0 -9999.0 -9999.0 -9999.0 -9999.0 -9999.0 -9999.0 -9999.0 -9999.0 -9999.0 -9999.0 -9999.0 -9999.0 -9999.0 -9999.0 -9999.0 -9999.0 -9999.0 -9999.0 -9999.0 -9999.0 -9999.0 -9999.0 -9999.0 -9999.0 -9999.0 -9999.0 -9999.0 -9999.0 -9999.0 -9999.0 -9999.0 -9999.0 -9999.0 -9999.0 -9999.0 -9999.0 -9999.0 -9999.0 -9999.0 -9999.0 -9999.0 -9999.0 -9999.0 -9999.0 -9999.0 -9999.0 -9999.0 -9999.0 -9999.0 -9999.0 -9999.0 -9999.0 -9999.0 -9999.0 -9999.0 -9999.0 -9999.0 -9999.0 -9999.0 -9999.0 -9999.0 -9999.0 -9999.0 -9999.0 -9999.0 -9999.0 -9999.0 -9999.0 -9999.0 -9999.0 -9999.0 -9999.0 -9999.0 -9999.0 -9999.0 -9999.0 -9999.0 -9999.0 -9999.0 -9999.0 -9999.0 -9999.0 -9999.0 -9999.0
-9999.0 -9999.0 -9999.0 -9999.0 -9999.0 -9999.0 -9999.0 -9999.0 -9999.0 -9999.0 -9999.0 -9999.0 -9999.0 -9999.0 -9999.0 -9999.0 -9999.0 -9999.0 -9999.0 -9999.0 -9999.0 -9999.0 -9999.0 -9999.0 -9999.0 -9999.0 -9999.0 -9999.0 -9999.0 -9999.0 -9999.0 -9999.0 -9999.0 -9999.0 -9999.0 -9999.0 -9999.0 -9999.0 -9999.0 -9999.0 -9999.0 -9999.0 -9999.0 -9999.0 -9999.0 -9999.0 -9999.0 -9999.0 -9999.0 -9999.0 -9999.0 -9999.0 -9999.0 -9999.0 -9999.0 -9999.0 -9999.0 -9999.0 -9999.0 -9999.0 -9999.0 -9999.0 -9999.0 -9999.0 -9999.0 -9999.0 -9999.0 -9999.0 -9999.0 -9999.0 -9999.0 -9999.0 -9999.0 -9999.0 -9999.0 -9999.0 -9999.0 -9999.0 -9999.0 -9999.0 -9999.0 -9999.0 -9999.0 -9999.0 -9999.0 -9999.0 -9999.0 -9999.0 -9999.0 -9999.0 -9999.0 -9999.0 -9999.0 -9999.0 -9999.0 -9999.0 -9999.0 -9999.0 -9999.0 -9999.0 -9999.0 -9999.0 -9999.0 -9999.0