tests/3D/hillslope02_superslab/output_maps-SE27XX/psiliqL0062N0002.asc
ncols         104
nrows         10
xllcorner     -2.000000
yllcorner     0.000000
cellsize      1.000000
NODATA_value  -9999.0
-9999.0 -9999.0 -9999.0 -9999.0 -9999.0 -9999.0 -9999.0 -9999.0 -9999.0 -9999.0 -9999.0 -9999.0 -9999.0 -9999.0 -9999.0 -9999.0 -9999.0 -9999.0 -9999.0 -9999.0 -9999.0 -9999.0 -9999.0 -9999.0 -9999.0 -9999.0 -9999.0 -9999.0 -9999.0 -9999.0 -9999.0 -9999.0 -9999.0 -9999.0 -9999.0 -9999.0 -9999.0 -9999.0 -9999.0 -9999.0 -9999.0 -9999.0 -9999.0 -9999.0 -9999.0 -9999.0 -9999.0 -9999.0 -9999.0 -9999.0 -9999.0 -9999.0 -9999.0 -9999.0 -9999.0 -9999.0 -9999.0 -9999.0 -9999.0 -9999.0 -9999.0 -9999.0 -9999.0 -9999.0 -9999.0 -9999.0 -9999.0 -9999.0 -9999.0 -9999.0 -9999.0 -9999.0 -9999.0 -9999.0 -9999.0 -9999.0 -9999.0 -9999.0 -9999.0 -9999.0 -9999.0 -9999.0 -9999.0 -9999.0 -9999.0 -9999.0 -9999.0 -9999.0 -9999.0 -9999.0 -9999.0 -9999.0 -9999.0 -9999.0 -9999.0 -9999.0 -9999.0 -9999.0 -9999.0 -9999.0 -9999.0 -9999.0 -9999.0 -9999.0
-9999.0 -9999.0 -9999.0 -9999.0 -9999.0 -9999.0 -9999.0 -9999.0 -9999.0 -9999.0 -9999.0 -9999.0 -9999.0 -9999.0 -9999.0 -9999.0 -9999.0 -9999.0 -9999.0 -9999.0 -9999.0 -9999.0 -9999.0 -9999.0 -9999.0 -9999.0 -9999.0 -9999.0 -9999.0 -9999.0 -9999.0 -9999.0 -9999.0 -9999.0 -9999.0 -9999.0 -9999.0 -9999.0 -9999.0 -9999.0 -9999.0 -9999.0 -9999.0 -9999.0 -9999.0 -9999.0 -9999.0 -9999.0 -9999.0 -9999.0 -9999.0 -9999.0 -9999.0 -9999.0 -9999.0 -9999.0 -9999.0 -9999.0 -9999.0 -9999.0 -9999.0 -9999.0 -9999.0 -9999.0 -9999.0 -9999.0 -9999.0 -9999.0 -9999.0 -9999.0 -9999.0 -9999.0 -9999.0 -9999.0 -9999.0 -9999.0 -9999.0 -9999.0 -9999.0 -9999.0 -9999.0 -9999.0 -9999.0 -9999.0 -9999.0 -9999.0 -9999.0 -9999.0 -9999.0 -9999.0 -9999.0 -9999.0 -9999.0 -9999.0 -9999.0 -9999.0 -9999.0 -9999.0 -9999.0 -9999.0 -9999.0 -9999.0 -9999.0 -9999.0
-9999.0 -9999.0 -1886.271544 -1901.225977 -1904.596183 -1905.529054 -1905.810314 -1905.898818 -1905.927024 -1905.936124 -1905.939113 -1905.940103 -1905.940431 -1905.940540 -1905.940576 -1905.940588 -1905.940592 -1905.940593 -1905.940594 -1905.940594 -1905.940594 -1905.940594 -1905.940594 -1905.940594 -1905.940594 -1905.940594 -1905.940594 -1905.940594 -1905.940594 -1905.940594 -1905.940594 -1905.940594 -1905.940592 -1905.940561 -1905.940253 -1905.938076 -1905.926977 -1905.884737 -1905.760394 -1905.465707 -1905.213649 -1905.616769 -1905.796851 -1906.018098 -1906.275832 -1906.183292 -1906.105381 -1906.046713 -1906.006218 -1905.980264 -1905.968158 -1906.001745 -1905.943491 -1905.940672 -1905.940597 -1905.940596 -1905.940597 -1905.940598 -1905.940600 -1905.940602 -1905.940604 -1905.940608 -1905.940612 -1905.940619 -1905.940627 -1905.940637 -1905.940651 -1905.940668 -1905.940691 -1905.940721 -1905.940758 -1905.940806 -1905.940867 -1905.940943 -1905.941040 -1905.941162 -1905.941314 -1905.941503 -1905.941739 -1905.942030 -1905.942391 -1905.942836 -1905.943382 -1905.944052 -1905.944871 -1905.945872 -1905.947092 -1905.948577 -1905.950385 -1905.952582 -1905.955254 -1905.958504 -1905.962463 -1905.967297 -1905.973220 -1905.980517 -1905.989575 -1906.000949 -1906.015500 -1906.035771 -1906.131996 -1909.365573 -9999.0 -9999.0
-9999.0 -9999.0 -1886.271545 -1901.225977 -1904.596183 -1905.529054 -1905.810314 -1905.898818 -1905.927024 -1905.936124 -1905.939113 -1905.940103 -1905.940431 -1905.940540 -1905.940576 -1905.940588 -1905.940592 -1905.940593 -1905.940594 -1905.940594 -1905.940594 -1905.940594 -1905.940594 -1905.940594 -1905.940594 -1905.940594 -1905.940594 -1905.940594 -1905.940594 -1905.940594 -1905.940594 -1905.940594 -1905.940592 -1905.940561 -1905.940253 -1905.938076 -1905.926977 -1905.884737 -1905.760394 -1905.465707 -1905.213649 -1905.616769 -1905.796851 -1906.018098 -1906.275832 -1906.183292 -1906.105381 -1906.046713 -1906.006218 -1905.980264 -1905.968158 -1906.001745 -1905.943491 -1905.940672 -1905.940597 -1905.940596 -1905.940597 -1905.940598 -1905.940600 -1905.940602 -1905.940604 -1905.940608 -1905.940612 -1905.940619 -1905.940627 -1905.940637 -1905.940651 -1905.940668 -1905.940691 -1905.940721 -1905.940758 -1905.940806 -1905.940867 -1905.940943 -1905.941040 -1905.941162 -1905.941314 -1905.941503 -1905.941739 -1905.942030 -1905.942391 -1905.942836 -1905.943382 -1905.944052 -1905.944871 -1905.945872 -1905.947092 -1905.948577 -1905.950385 -1905.952582 -1905.955254 -1905.958504 -1905.962463 -1905.967297 -1905.973220 -1905.980517 -1905.989575 -1906.000949 -1906.015500 -1906.035771 -1906.131996 -1909.365573 -9999.0 -9999.0
-9999.0 -9999.0 -1886.271545 -1901.225977 -1904.596183 -1905.529054 -1905.810314 -1905.898818 -1905.927024 -1905.936124 -1905.939113 -1905.940103 -1905.940431 -1905.940540 -1905.940576 -1905.940588 -1905.940592 -1905.940593 -1905.940594 -1905.940594 -1905.940594 -1905.940594 -1905.940594 -1905.940594 -1905.940594 -1905.940594 -1905.940594 -1905.940594 -1905.940594 -1905.940594 -1905.940594 -1905.940594 -1905.940592 -1905.940561 -1905.940253 -1905.938076 -1905.926977 -1905.884737 -1905.760394 -1905.465707 -1905.213649 -1905.616769 -1905.796851 -1906.018098 -1906.275832 -1906.183292 -1906.105381 -1906.046713 -1906.006218 -1905.980264 -1905.968158 -1906.001745 -1905.943491 -1905.940672 -1905.940597 -1905.940596 -1905.940597 -1905.940598 -1905.940600 -1905.940602 -1905.940604 -1905.940608 -1905.940612 -1905.940619 -1905.940627 -1905.940637 -1905.940651 -1905.940668 -1905.940691 -1905.940721 -1905.940758 -1905.940806 -1905.940867 -1905.940943 -1905.941040 -1905.941162 -1905.941314 -1905.941503 -1905.941739 -1905.942030 -1905.942391 -1905.942836 -1905.943382 -1905.944052 -1905.944871 -1905.945872 -1905.947092 -1905.948577 -1905.950385 -1905.952582 -1905.955254 -1905.958504 -1905.962463 -1905.967297 -1905.973220 -1905.980517 -1905.989575 -1906.000949 -1906.015500 -1906.035771 -1906.131996 -1909.365573 -9999.0 -9999.0
-9999.0 -9999.0 -1886.271545 -1901.225977 -1904.596183 -1905.529054 -1905.810314 -1905.898818 -1905.927024 -1905.936124 -1905.939113 -1905.940103 -1905.940431 -1905.940540 -1905.940576 -1905.940588 -1905.940592 -1905.940593 -1905.940594 -1905.940594 -1905.940594 -1905.940594 -1905.940594 -1905.940594 -1905.940594 -1905.940594 -1905.940594 -1905.940594 -1905.940594 -1905.940594 -1905.940594 -1905.940594 -1905.940592 -1905.940561 -1905.940253 -1905.938076 -1905.926977 -1905.884737 -1905.760394 -1905.465707 -1905.213649 -1905.616769 -1905.796851 -1906.018098 -1906.275832 -1906.183292 -1906.105381 -1906.046713 -1906.006218 -1905.980264 -1905.968158 -1906.001745 -1905.943491 -1905.940672 -1905.940597 -1905.940596 -1905.940597 -1905.940598 -1905.940600 -1905.940602 -1905.940604 -1905.940608 -1905.940612 -1905.940619 -1905.940627 -1905.940637 -1905.940651 -1905.940668 -1905.940691 -1905.940721 -1905.940758 -1905.940806 -1905.940867 -1905.940943 -1905.941040 -1905.941162 -1905.941314 -1905.941503 -1905.941739 -1905.942030 -1905.942391 -1905.942836 -1905.943382 -1905.944052 -1905.944871 -1905.945872 -1905.947092 -1905.948577 -1905.950385 -1905.952582 -1905.955254 -1905.958504 -1905.962463 -1905.967297 -1905.973220 -1905.980517 -1905.989575 -1906.000949 -1906.015500 -1906.035771 -1906.131996 -1909.365573 -9999.0 -9999.0
-9999.0 -9999.0 -1886.271545 -1901.225977 -1904.596183 -1905.529054 -1905.810314 -1905.898818 -1905.927024 -1905.936124 -1905.939113 -1905.940103 -1905.940431 -1905.940540 -1905.940576 -1905.940588 -1905.940592 -1905.940593 -1905.940594 -1905.940594 -1905.940594 -1905.940594 -1905.940594 -1905.940594 -1905.940594 -1905.940594 -1905.940594 -1905.940594 -1905.940594 -1905.940594 -1905.940594 -1905.940594 -1905.940592 -1905.940561 -1905.940253 -1905.938076 -1905.926977 -1905.884737 -1905.760394 -1905.465707 -1905.213649 -1905.616769 -1905.796851 -1906.018098 -1906.275832 -1906.183292 -1906.105381 -1906.046713 -1906.006218 -1905.980264 -1905.968158 -1906.001745 -1905.943491 -1905.940672 -1905.940597 -1905.940596 -1905.940597 -1905.940598 -1905.940600 -1905.940602 -1905.940604 -1905.940608 -1905.940612 -1905.940619 -1905.940627 -1905.940637 -1905.940651 -1905.940668 -1905.940691 -1905.940721 -1905.940758 -1905.940806 -1905.940867 -1905.940943 -1905.941040 -1905.941162 -1905.941314 -1905.941503 -1905.941739 -1905.942030 -1905.942391 -1905.942836 -1905.943382 -1905.944052 -1905.944871 -1905.945872 -1905.947092 -1905.948577 -1905.950385 -1905.952582 -1905.955254 -1905.958504 -1905.962463 -1905.967297 -1905.973220 -1905.980517 -1905.989575 -1906.000949 -1906.015500 -1906.035771 -1906.131996 -1909.365573 -9999.0 -9999.0
-9999.0 -9999.0 -1886.271544 -1901.225977 -1904.596183 -1905.529054 -1905.810314 -1905.898818 -1905.927024 -1905.936124 -1905.939113 -1905.940103 -1905.940431 -1905.940540 -1905.940576 -1905.940588 -1905.940592 -1905.940593 -1905.940594 -1905.940594 -1905.940594 -1905.940594 -1905.940594 -1905.940594 -1905.940594 -1905.940594 -1905.940594 -1905.940594 -1905.940594 -1905.940594 -1905.940594 -1905.940594 -1905.940592 -1905.940561 -1905.940253 -1905.938076 -1905.926977 -1905.884737 -1905.760394 -1905.465707 -1905.213649 -1905.616769 -1905.796851 -1906.018098 -1906.275832 -1906.183292 -1906.105381 -1906.046713 -1906.006218 -1905.980264 -1905.968158 -1906.001745 -1905.943491 -1905.940672 -1905.940597 -1905.940596 -1905.940597 -1905.940598 -1905.940600 -1905.940602 -1905.940604 -1905.940608 -1905.940612 -1905.940619 -1905.940627 -1905.940637 -1905.940651 -1905.940668 -1905.940691 -1905.940721 -1905.940758 -1905.940806 -1905.940867 -1905.940943 -1905.941040 -1905.941162 -1905.941314 -1905.941503 -1905.941739 -1905.942030 -1905.942391 -1905.942836 -1905.943382 -1905.944052 -1905.944871 -1905.945872 -1905.947092 -1905.948577 -1905.950385 -1905.952582 -1905.955254 -1905.958504 -1905.962463 -1905.967297 -1905.973220 -1905.980517 -1905.989575 -1906.000949 -1906.015500 -1906.035771 -1906.131996 -1909.365573 -9999.0 -9999.0
-9999.0 -9999.0 -9999.0 -9999.0 -9999.0 -9999.0 -9999.0 -9999.0 -9999.0 -9999.0 -9999.0 -9999.0 -9999.0 -9999.0 -9999.0 -9999.0 -9999.0 -9999.0 -9999.0 -9999.0 -9999.0 -9999.0 -9999.0 -9999.0 -9999.0 -9999.0 -9999.0 -9999.0 -9999.0 -9999.0 -9999.0 -9999.0 -9999.0 -9999.0 -9999.0 -9999.0 -9999.0 -9999.0 -9999.0 -9999.0 -9999.0 -9999.0 -9999.0 -9999.0 -9999.0 -9999.0 -9999.0 -9999.0 -9999.0 -9999.0 -9999.0 -9999.0 -9999.0 -9999.0 -9999.0 -9999.0 -9999.0 -9999.0 -9999.0 -9999.0 -9999.0 -9999.0 -9999.0 -9999.0 -9999.0 -9999.0 -9999.0 -9999.0 -9999.0 -9999.0 -9999.0 -9999.0 -9999.0 -9999.0 -9999.0 -9999.0 -9999.0 -9999.0 -9999.0 -9999.0 -9999.0 -9999.0 -9999.0 -9999.0 -9999.0 -9999.0 -9999.0 -9999.0 -9999.0 -9999.0 -9999.0 -9999.0 -9999.0 -9999.0 -9999.0 -9999.0 -9999.0 -9999.0 -9999.0 -9999.0 -9999.0 -9999.0 -9999.0 -9999.0
-9999.0 -9999.0 -9999.0 -9999.0 -9999.0 -9999.0 -9999.0 -9999.0 -9999.0 -9999.0 -9999.0 -9999.0 -9999.0 -9999.0 -9999.0 -9999.0 -9999.0 -9999.0 -9999.0 -9999.0 -9999.0 -9999.0 -9999.0 -9999.0 -9999.0 -9999.0 -9999.0 -9999.0 -9999.0 -9999.0 -9999.0 -9999.0 -9999.0 -9999.0 -9999.0 -9999.0 -9999.0 -9999.0 -9999.0 -9999.0 -9999.0 -9999.0 -9999.0 -9999.0 -9999.0 -9999.0 -9999.0 -9999.0 -9999.0 -9999.0 -9999.0 -9999.0 -9999.0 -9999.0 -9999.0 -9999.0 -9999.0 -9999.0 -9999.0 -9999.0 -9999.0 -9999.0 -9999.0 -9999.0 -9999.0 -9999.0 -9999.0 -9999.0 -9999.0 -9999.0 -9999.0 -9999.0 -9999.0 -9999.0 -9999.0 -9999.0 -9999.0 -9999.0 -9999.0 -9999.0 -9999.0 -9999.0 -9999.0 -9999.0 -9999.0 -9999.0 -9999.0 -9999.0 -9999.0 -9999.0 -9999.0 -9999.0 -9999.0 -9999.0 -9999.0 -9999.0 -9999.0 -9999.0 -9999.0 -9999.0 -9999.0 -9999.0 -9999.0 -9999.0