tests/3D/hillslope02_superslab/output_maps-SE27XX/psiliqL0072N0002.asc
ncols         104
nrows         10
xllcorner     -2.000000
yllcorner     0.000000
cellsize      1.000000
NODATA_value  -9999.0
-9999.0 -9999.0 -9999.0 -9999.0 -9999.0 -9999.0 -9999.0 -9999.0 -9999.0 -9999.0 -9999.0 -9999.0 -9999.0 -9999.0 -9999.0 -9999.0 -9999.0 -9999.0 -9999.0 -9999.0 -9999.0 -9999.0 -9999.0 -9999.0 -9999.0 -9999.0 -9999.0 -9999.0 -9999.0 -9999.0 -9999.0 -9999.0 -9999.0 -9999.0 -9999.0 -9999.0 -9999.0 -9999.0 -9999.0 -9999.0 -9999.0 -9999.0 -9999.0 -9999.0 -9999.0 -9999.0 -9999.0 -9999.0 -9999.0 -9999.0 -9999.0 -9999.0 -9999.0 -9999.0 -9999.0 -9999.0 -9999.0 -9999.0 -9999.0 -9999.0 -9999.0 -9999.0 -9999.0 -9999.0 -9999.0 -9999.0 -9999.0 -9999.0 -9999.0 -9999.0 -9999.0 -9999.0 -9999.0 -9999.0 -9999.0 -9999.0 -9999.0 -9999.0 -9999.0 -9999.0 -9999.0 -9999.0 -9999.0 -9999.0 -9999.0 -9999.0 -9999.0 -9999.0 -9999.0 -9999.0 -9999.0 -9999.0 -9999.0 -9999.0 -9999.0 -9999.0 -9999.0 -9999.0 -9999.0 -9999.0 -9999.0 -9999.0 -9999.0 -9999.0
-9999.0 -9999.0 -9999.0 -9999.0 -9999.0 -9999.0 -9999.0 -9999.0 -9999.0 -9999.0 -9999.0 -9999.0 -9999.0 -9999.0 -9999.0 -9999.0 -9999.0 -9999.0 -9999.0 -9999.0 -9999.0 -9999.0 -9999.0 -9999.0 -9999.0 -9999.0 -9999.0 -9999.0 -9999.0 -9999.0 -9999.0 -9999.0 -9999.0 -9999.0 -9999.0 -9999.0 -9999.0 -9999.0 -9999.0 -9999.0 -9999.0 -9999.0 -9999.0 -9999.0 -9999.0 -9999.0 -9999.0 -9999.0 -9999.0 -9999.0 -9999.0 -9999.0 -9999.0 -9999.0 -9999.0 -9999.0 -9999.0 -9999.0 -9999.0 -9999.0 -9999.0 -9999.0 -9999.0 -9999.0 -9999.0 -9999.0 -9999.0 -9999.0 -9999.0 -9999.0 -9999.0 -9999.0 -9999.0 -9999.0 -9999.0 -9999.0 -9999.0 -9999.0 -9999.0 -9999.0 -9999.0 -9999.0 -9999.0 -9999.0 -9999.0 -9999.0 -9999.0 -9999.0 -9999.0 -9999.0 -9999.0 -9999.0 -9999.0 -9999.0 -9999.0 -9999.0 -9999.0 -9999.0 -9999.0 -9999.0 -9999.0 -9999.0 -9999.0 -9999.0
-9999.0 -9999.0 -908.223551 -1066.846389 -1214.583958 -1318.678601 -1373.405592 -1396.871498 -1405.903825 -1409.161811 -1410.286651 -1410.678445 -1410.816142 -1410.864683 -1410.881793 -1410.887814 -1410.889927 -1410.890665 -1410.890920 -1410.891005 -1410.891031 -1410.891034 -1410.891030 -1410.891023 -1410.891014 -1410.891004 -1410.890993 -1410.890983 -1410.890972 -1410.890962 -1410.890952 -1410.890944 -1410.890939 -1410.890937 -1410.890939 -1410.890942 -1410.890913 -1410.890622 -1410.888891 -1410.881315 -1410.855177 -1410.781540 -1410.606849 -1410.247019 -1409.583316 -1409.104435 -1409.834707 -1410.130788 -1410.526882 -1410.903497 -1411.163005 -1413.628138 -1411.038419 -1410.910510 -1410.909671 -1410.913938 -1410.919335 -1410.925892 -1410.933796 -1410.943268 -1410.954566 -1410.967981 -1410.983840 -1411.002511 -1411.024402 -1411.049965 -1411.079701 -1411.114162 -1411.153955 -1411.199744 -1411.252257 -1411.312288 -1411.380702 -1411.458444 -1411.546539 -1411.646107 -1411.758366 -1411.884647 -1412.026401 -1412.185219 -1412.362851 -1412.561222 -1412.782468 -1413.028966 -1413.303379 -1413.608712 -1413.948383 -1414.326317 -1414.747068 -1415.215982 -1415.739426 -1416.325098 -1416.982480 -1417.723502 -1418.563565 -1419.523179 -1420.630747 -1421.927702 -1423.479429 -1425.412201 -1428.249461 -1437.916680 -9999.0 -9999.0
-9999.0 -9999.0 -908.223552 -1066.846395 -1214.583960 -1318.678603 -1373.405593 -1396.871498 -1405.903825 -1409.161811 -1410.286651 -1410.678445 -1410.816142 -1410.864683 -1410.881793 -1410.887814 -1410.889927 -1410.890665 -1410.890920 -1410.891005 -1410.891031 -1410.891034 -1410.891030 -1410.891023 -1410.891014 -1410.891004 -1410.890993 -1410.890983 -1410.890972 -1410.890962 -1410.890952 -1410.890944 -1410.890939 -1410.890937 -1410.890939 -1410.890942 -1410.890913 -1410.890622 -1410.888891 -1410.881315 -1410.855177 -1410.781540 -1410.606849 -1410.247019 -1409.583316 -1409.104435 -1409.834707 -1410.130788 -1410.526882 -1410.903497 -1411.163005 -1413.628138 -1411.038419 -1410.910510 -1410.909671 -1410.913938 -1410.919335 -1410.925892 -1410.933796 -1410.943268 -1410.954566 -1410.967981 -1410.983840 -1411.002511 -1411.024402 -1411.049965 -1411.079701 -1411.114162 -1411.153955 -1411.199744 -1411.252257 -1411.312288 -1411.380702 -1411.458444 -1411.546539 -1411.646107 -1411.758366 -1411.884647 -1412.026401 -1412.185219 -1412.362851 -1412.561222 -1412.782468 -1413.028966 -1413.303379 -1413.608712 -1413.948383 -1414.326317 -1414.747068 -1415.215982 -1415.739426 -1416.325098 -1416.982480 -1417.723502 -1418.563565 -1419.523179 -1420.630747 -1421.927702 -1423.479429 -1425.412200 -1428.249461 -1437.916680 -9999.0 -9999.0
-9999.0 -9999.0 -908.223555 -1066.846398 -1214.583964 -1318.678604 -1373.405593 -1396.871498 -1405.903825 -1409.161811 -1410.286651 -1410.678445 -1410.816142 -1410.864683 -1410.881793 -1410.887814 -1410.889927 -1410.890665 -1410.890920 -1410.891005 -1410.891031 -1410.891034 -1410.891030 -1410.891023 -1410.891014 -1410.891004 -1410.890993 -1410.890983 -1410.890972 -1410.890962 -1410.890952 -1410.890944 -1410.890939 -1410.890937 -1410.890939 -1410.890942 -1410.890913 -1410.890622 -1410.888891 -1410.881315 -1410.855177 -1410.781540 -1410.606849 -1410.247019 -1409.583316 -1409.104435 -1409.834707 -1410.130788 -1410.526882 -1410.903497 -1411.163005 -1413.628138 -1411.038419 -1410.910510 -1410.909671 -1410.913938 -1410.919335 -1410.925892 -1410.933796 -1410.943268 -1410.954566 -1410.967981 -1410.983840 -1411.002511 -1411.024402 -1411.049965 -1411.079701 -1411.114162 -1411.153955 -1411.199744 -1411.252257 -1411.312288 -1411.380702 -1411.458444 -1411.546539 -1411.646107 -1411.758366 -1411.884647 -1412.026401 -1412.185219 -1412.362851 -1412.561222 -1412.782468 -1413.028966 -1413.303379 -1413.608712 -1413.948383 -1414.326317 -1414.747068 -1415.215982 -1415.739426 -1416.325098 -1416.982480 -1417.723502 -1418.563565 -1419.523179 -1420.630747 -1421.927702 -1423.479429 -1425.412200 -1428.249461 -1437.916680 -9999.0 -9999.0
-9999.0 -9999.0 -908.223555 -1066.846398 -1214.583964 -1318.678604 -1373.405593 -1396.871498 -1405.903825 -1409.161811 -1410.286651 -1410.678445 -1410.816142 -1410.864683 -1410.881793 -1410.887814 -1410.889927 -1410.890665 -1410.890920 -1410.891005 -1410.891031 -1410.891034 -1410.891030 -1410.891023 -1410.891014 -1410.891004 -1410.890993 -1410.890983 -1410.890972 -1410.890962 -1410.890952 -1410.890944 -1410.890939 -1410.890937 -1410.890939 -1410.890942 -1410.890913 -1410.890622 -1410.888891 -1410.881315 -1410.855177 -1410.781540 -1410.606849 -1410.247019 -1409.583316 -1409.104435 -1409.834707 -1410.130788 -1410.526882 -1410.903497 -1411.163005 -1413.628138 -1411.038419 -1410.910510 -1410.909671 -1410.913938 -1410.919335 -1410.925892 -1410.933796 -1410.943268 -1410.954566 -1410.967981 -1410.983840 -1411.002511 -1411.024402 -1411.049965 -1411.079701 -1411.114162 -1411.153955 -1411.199744 -1411.252257 -1411.312288 -1411.380702 -1411.458444 -1411.546539 -1411.646107 -1411.758366 -1411.884647 -1412.026401 -1412.185219 -1412.362851 -1412.561222 -1412.782468 -1413.028966 -1413.303379 -1413.608712 -1413.948383 -1414.326317 -1414.747068 -1415.215982 -1415.739426 -1416.325098 -1416.982480 -1417.723502 -1418.563565 -1419.523179 -1420.630747 -1421.927702 -1423.479429 -1425.412200 -1428.249461 -1437.916680 -9999.0 -9999.0
-9999.0 -9999.0 -908.223552 -1066.846395 -1214.583960 -1318.678603 -1373.405593 -1396.871498 -1405.903825 -1409.161811 -1410.286651 -1410.678445 -1410.816142 -1410.864683 -1410.881793 -1410.887814 -1410.889927 -1410.890665 -1410.890920 -1410.891005 -1410.891031 -1410.891034 -1410.891030 -1410.891023 -1410.891014 -1410.891004 -1410.890993 -1410.890983 -1410.890972 -1410.890962 -1410.890952 -1410.890944 -1410.890939 -1410.890937 -1410.890939 -1410.890942 -1410.890913 -1410.890622 -1410.888891 -1410.881315 -1410.855177 -1410.781540 -1410.606849 -1410.247019 -1409.583316 -1409.104435 -1409.834707 -1410.130788 -1410.526882 -1410.903497 -1411.163005 -1413.628138 -1411.038419 -1410.910510 -1410.909671 -1410.913938 -1410.919335 -1410.925892 -1410.933796 -1410.943268 -1410.954566 -1410.967981 -1410.983840 -1411.002511 -1411.024402 -1411.049965 -1411.079701 -1411.114162 -1411.153955 -1411.199744 -1411.252257 -1411.312288 -1411.380702 -1411.458444 -1411.546539 -1411.646107 -1411.758366 -1411.884647 -1412.026401 -1412.185219 -1412.362851 -1412.561222 -1412.782468 -1413.028966 -1413.303379 -1413.608712 -1413.948383 -1414.326317 -1414.747068 -1415.215982 -1415.739426 -1416.325098 -1416.982480 -1417.723502 -1418.563565 -1419.523179 -1420.630747 -1421.927702 -1423.479429 -1425.412200 -1428.249461 -1437.916680 -9999.0 -9999.0
-9999.0 -9999.0 -908.223551 -1066.846389 -1214.583958 -1318.678601 -1373.405592 -1396.871498 -1405.903825 -1409.161811 -1410.286651 -1410.678445 -1410.816142 -1410.864683 -1410.881793 -1410.887814 -1410.889927 -1410.890665 -1410.890920 -1410.891005 -1410.891031 -1410.891034 -1410.891030 -1410.891023 -1410.891014 -1410.891004 -1410.890993 -1410.890983 -1410.890972 -1410.890962 -1410.890952 -1410.890944 -1410.890939 -1410.890937 -1410.890939 -1410.890942 -1410.890913 -1410.890622 -1410.888891 -1410.881315 -1410.855177 -1410.781540 -1410.606849 -1410.247019 -1409.583316 -1409.104435 -1409.834707 -1410.130788 -1410.526882 -1410.903497 -1411.163005 -1413.628138 -1411.038419 -1410.910510 -1410.909671 -1410.913938 -1410.919335 -1410.925892 -1410.933796 -1410.943268 -1410.954566 -1410.967981 -1410.983840 -1411.002511 -1411.024402 -1411.049965 -1411.079701 -1411.114162 -1411.153955 -1411.199744 -1411.252257 -1411.312288 -1411.380702 -1411.458444 -1411.546539 -1411.646107 -1411.758366 -1411.884647 -1412.026401 -1412.185219 -1412.362851 -1412.561222 -1412.782468 -1413.028966 -1413.303379 -1413.608712 -1413.948383 -1414.326317 -1414.747068 -1415.215982 -1415.739426 -1416.325098 -1416.982480 -1417.723502 -1418.563565 -1419.523179 -1420.630747 -1421.927702 -1423.479429 -1425.412201 -1428.249461 -1437.916680 -9999.0 -9999.0
-9999.0 -9999.0 -9999.0 -9999.0 -9999.0 -9999.0 -9999.0 -9999.0 -9999.0 -9999.0 -9999.0 -9999.0 -9999.0 -9999.0 -9999.0 -9999.0 -9999.0 -9999.0 -9999.0 -9999.0 -9999.0 -9999.0 -9999.0 -9999.0 -9999.0 -9999.0 -9999.0 -9999.0 -9999.0 -9999.0 -9999.0 -9999.0 -9999.0 -9999.0 -9999.0 -9999.0 -9999.0 -9999.0 -9999.0 -9999.0 -9999.0 -9999.0 -9999.0 -9999.0 -9999.0 -9999.0 -9999.0 -9999.0 -9999.0 -9999.0 -9999.0 -9999.0 -9999.0 -9999.0 -9999.0 -9999.0 -9999.0 -9999.0 -9999.0 -9999.0 -9999.0 -9999.0 -9999.0 -9999.0 -9999.0 -9999.0 -9999.0 -9999.0 -9999.0 -9999.0 -9999.0 -9999.0 -9999.0 -9999.0 -9999.0 -9999.0 -9999.0 -9999.0 -9999.0 -9999.0 -9999.0 -9999.0 -9999.0 -9999.0 -9999.0 -9999.0 -9999.0 -9999.0 -9999.0 -9999.0 -9999.0 -9999.0 -9999.0 -9999.0 -9999.0 -9999.0 -9999.0 -9999.0 -9999.0 -9999.0 -9999.0 -9999.0 -9999.0 -9999.0
-9999.0 -9999.0 -9999.0 -9999.0 -9999.0 -9999.0 -9999.0 -9999.0 -9999.0 -9999.0 -9999.0 -9999.0 -9999.0 -9999.0 -9999.0 -9999.0 -9999.0 -9999.0 -9999.0 -9999.0 -9999.0 -9999.0 -9999.0 -9999.0 -9999.0 -9999.0 -9999.0 -9999.0 -9999.0 -9999.0 -9999.0 -9999.0 -9999.0 -9999.0 -9999.0 -9999.0 -9999.0 -9999.0 -9999.0 -9999.0 -9999.0 -9999.0 -9999.0 -9999.0 -9999.0 -9999.0 -9999.0 -9999.0 -9999.0 -9999.0 -9999.0 -9999.0 -9999.0 -9999.0 -9999.0 -9999.0 -9999.0 -9999.0 -9999.0 -9999.0 -9999.0 -9999.0 -9999.0 -9999.0 -9999.0 -9999.0 -9999.0 -9999.0 -9999.0 -9999.0 -9999.0 -9999.0 -9999.0 -9999.0 -9999.0 -9999.0 -9999.0 -9999.0 -9999.0 -9999.0 -9999.0 -9999.0 -9999.0 -9999.0 -9999.0 -9999.0 -9999.0 -9999.0 -9999.0 -9999.0 -9999.0 -9999.0 -9999.0 -9999.0 -9999.0 -9999.0 -9999.0 -9999.0 -9999.0 -9999.0 -9999.0 -9999.0 -9999.0 -9999.0