tests/3D/hillslope02_superslab/output_maps-SE27XX/psiliqL0070N0002.asc
ncols         104
nrows         10
xllcorner     -2.000000
yllcorner     0.000000
cellsize      1.000000
NODATA_value  -9999.0
-9999.0 -9999.0 -9999.0 -9999.0 -9999.0 -9999.0 -9999.0 -9999.0 -9999.0 -9999.0 -9999.0 -9999.0 -9999.0 -9999.0 -9999.0 -9999.0 -9999.0 -9999.0 -9999.0 -9999.0 -9999.0 -9999.0 -9999.0 -9999.0 -9999.0 -9999.0 -9999.0 -9999.0 -9999.0 -9999.0 -9999.0 -9999.0 -9999.0 -9999.0 -9999.0 -9999.0 -9999.0 -9999.0 -9999.0 -9999.0 -9999.0 -9999.0 -9999.0 -9999.0 -9999.0 -9999.0 -9999.0 -9999.0 -9999.0 -9999.0 -9999.0 -9999.0 -9999.0 -9999.0 -9999.0 -9999.0 -9999.0 -9999.0 -9999.0 -9999.0 -9999.0 -9999.0 -9999.0 -9999.0 -9999.0 -9999.0 -9999.0 -9999.0 -9999.0 -9999.0 -9999.0 -9999.0 -9999.0 -9999.0 -9999.0 -9999.0 -9999.0 -9999.0 -9999.0 -9999.0 -9999.0 -9999.0 -9999.0 -9999.0 -9999.0 -9999.0 -9999.0 -9999.0 -9999.0 -9999.0 -9999.0 -9999.0 -9999.0 -9999.0 -9999.0 -9999.0 -9999.0 -9999.0 -9999.0 -9999.0 -9999.0 -9999.0 -9999.0 -9999.0
-9999.0 -9999.0 -9999.0 -9999.0 -9999.0 -9999.0 -9999.0 -9999.0 -9999.0 -9999.0 -9999.0 -9999.0 -9999.0 -9999.0 -9999.0 -9999.0 -9999.0 -9999.0 -9999.0 -9999.0 -9999.0 -9999.0 -9999.0 -9999.0 -9999.0 -9999.0 -9999.0 -9999.0 -9999.0 -9999.0 -9999.0 -9999.0 -9999.0 -9999.0 -9999.0 -9999.0 -9999.0 -9999.0 -9999.0 -9999.0 -9999.0 -9999.0 -9999.0 -9999.0 -9999.0 -9999.0 -9999.0 -9999.0 -9999.0 -9999.0 -9999.0 -9999.0 -9999.0 -9999.0 -9999.0 -9999.0 -9999.0 -9999.0 -9999.0 -9999.0 -9999.0 -9999.0 -9999.0 -9999.0 -9999.0 -9999.0 -9999.0 -9999.0 -9999.0 -9999.0 -9999.0 -9999.0 -9999.0 -9999.0 -9999.0 -9999.0 -9999.0 -9999.0 -9999.0 -9999.0 -9999.0 -9999.0 -9999.0 -9999.0 -9999.0 -9999.0 -9999.0 -9999.0 -9999.0 -9999.0 -9999.0 -9999.0 -9999.0 -9999.0 -9999.0 -9999.0 -9999.0 -9999.0 -9999.0 -9999.0 -9999.0 -9999.0 -9999.0 -9999.0
-9999.0 -9999.0 -1094.411024 -1263.635292 -1393.532524 -1463.473294 -1492.827454 -1503.857906 -1507.816413 -1509.186388 -1509.653224 -1509.814578 -1509.870816 -1509.890462 -1509.897321 -1509.899712 -1509.900542 -1509.900830 -1509.900928 -1509.900960 -1509.900970 -1509.900971 -1509.900969 -1509.900966 -1509.900962 -1509.900957 -1509.900951 -1509.900945 -1509.900939 -1509.900931 -1509.900924 -1509.900916 -1509.900908 -1509.900900 -1509.900891 -1509.900868 -1509.900725 -1509.899824 -1509.895357 -1509.878028 -1509.824088 -1509.685499 -1509.382299 -1508.798848 -1508.366274 -1509.040465 -1509.324562 -1509.703787 -1510.053627 -1509.988027 -1510.145633 -1511.596703 -1509.990200 -1509.907337 -1509.905541 -1509.906622 -1509.908081 -1509.909898 -1509.912138 -1509.914880 -1509.918222 -1509.922275 -1509.927169 -1509.933052 -1509.940095 -1509.948490 -1509.958458 -1509.970246 -1509.984134 -1510.000435 -1510.019501 -1510.041723 -1510.067538 -1510.097433 -1510.131946 -1510.171677 -1510.217289 -1510.269518 -1510.329182 -1510.397186 -1510.474538 -1510.562363 -1510.661917 -1510.774607 -1510.902023 -1511.045964 -1511.208483 -1511.391939 -1511.599071 -1511.833088 -1512.097801 -1512.397800 -1512.738713 -1513.127578 -1513.573426 -1514.088202 -1514.688330 -1515.397592 -1516.253275 -1517.328638 -1518.990366 -1526.572550 -9999.0 -9999.0
-9999.0 -9999.0 -1094.411025 -1263.635299 -1393.532525 -1463.473295 -1492.827454 -1503.857906 -1507.816413 -1509.186388 -1509.653224 -1509.814578 -1509.870816 -1509.890462 -1509.897321 -1509.899712 -1509.900542 -1509.900830 -1509.900928 -1509.900960 -1509.900970 -1509.900971 -1509.900969 -1509.900966 -1509.900962 -1509.900957 -1509.900951 -1509.900945 -1509.900939 -1509.900931 -1509.900924 -1509.900916 -1509.900908 -1509.900900 -1509.900891 -1509.900868 -1509.900725 -1509.899824 -1509.895357 -1509.878028 -1509.824088 -1509.685499 -1509.382299 -1508.798848 -1508.366274 -1509.040465 -1509.324562 -1509.703787 -1510.053627 -1509.988027 -1510.145633 -1511.596703 -1509.990200 -1509.907337 -1509.905541 -1509.906622 -1509.908081 -1509.909898 -1509.912138 -1509.914880 -1509.918222 -1509.922275 -1509.927169 -1509.933052 -1509.940095 -1509.948490 -1509.958458 -1509.970246 -1509.984134 -1510.000435 -1510.019501 -1510.041723 -1510.067538 -1510.097433 -1510.131946 -1510.171677 -1510.217289 -1510.269518 -1510.329182 -1510.397186 -1510.474538 -1510.562363 -1510.661917 -1510.774607 -1510.902023 -1511.045964 -1511.208483 -1511.391939 -1511.599071 -1511.833088 -1512.097801 -1512.397800 -1512.738713 -1513.127578 -1513.573426 -1514.088202 -1514.688330 -1515.397592 -1516.253275 -1517.328638 -1518.990366 -1526.572550 -9999.0 -9999.0
-9999.0 -9999.0 -1094.411030 -1263.635302 -1393.532528 -1463.473296 -1492.827454 -1503.857906 -1507.816413 -1509.186388 -1509.653224 -1509.814578 -1509.870816 -1509.890462 -1509.897321 -1509.899712 -1509.900542 -1509.900830 -1509.900928 -1509.900960 -1509.900970 -1509.900971 -1509.900969 -1509.900966 -1509.900962 -1509.900957 -1509.900951 -1509.900945 -1509.900939 -1509.900931 -1509.900924 -1509.900916 -1509.900908 -1509.900900 -1509.900891 -1509.900868 -1509.900725 -1509.899824 -1509.895357 -1509.878028 -1509.824088 -1509.685499 -1509.382299 -1508.798848 -1508.366274 -1509.040465 -1509.324562 -1509.703787 -1510.053627 -1509.988027 -1510.145633 -1511.596703 -1509.990200 -1509.907337 -1509.905541 -1509.906622 -1509.908081 -1509.909898 -1509.912138 -1509.914880 -1509.918222 -1509.922275 -1509.927169 -1509.933052 -1509.940095 -1509.948490 -1509.958458 -1509.970246 -1509.984134 -1510.000435 -1510.019501 -1510.041723 -1510.067538 -1510.097433 -1510.131946 -1510.171677 -1510.217289 -1510.269518 -1510.329182 -1510.397186 -1510.474538 -1510.562364 -1510.661917 -1510.774607 -1510.902023 -1511.045964 -1511.208483 -1511.391939 -1511.599071 -1511.833088 -1512.097801 -1512.397800 -1512.738713 -1513.127578 -1513.573426 -1514.088202 -1514.688330 -1515.397592 -1516.253275 -1517.328638 -1518.990366 -1526.572550 -9999.0 -9999.0
-9999.0 -9999.0 -1094.411030 -1263.635302 -1393.532528 -1463.473296 -1492.827454 -1503.857906 -1507.816413 -1509.186388 -1509.653224 -1509.814578 -1509.870816 -1509.890462 -1509.897321 -1509.899712 -1509.900542 -1509.900830 -1509.900928 -1509.900960 -1509.900970 -1509.900971 -1509.900969 -1509.900966 -1509.900962 -1509.900957 -1509.900951 -1509.900945 -1509.900939 -1509.900931 -1509.900924 -1509.900916 -1509.900908 -1509.900900 -1509.900891 -1509.900868 -1509.900725 -1509.899824 -1509.895357 -1509.878028 -1509.824088 -1509.685499 -1509.382299 -1508.798848 -1508.366274 -1509.040465 -1509.324562 -1509.703787 -1510.053627 -1509.988027 -1510.145633 -1511.596703 -1509.990200 -1509.907337 -1509.905541 -1509.906622 -1509.908081 -1509.909898 -1509.912138 -1509.914880 -1509.918222 -1509.922275 -1509.927169 -1509.933052 -1509.940095 -1509.948490 -1509.958458 -1509.970246 -1509.984134 -1510.000435 -1510.019501 -1510.041723 -1510.067538 -1510.097433 -1510.131946 -1510.171677 -1510.217289 -1510.269518 -1510.329182 -1510.397186 -1510.474538 -1510.562364 -1510.661917 -1510.774607 -1510.902023 -1511.045964 -1511.208483 -1511.391939 -1511.599071 -1511.833088 -1512.097801 -1512.397800 -1512.738713 -1513.127578 -1513.573426 -1514.088202 -1514.688330 -1515.397592 -1516.253275 -1517.328638 -1518.990366 -1526.572550 -9999.0 -9999.0
-9999.0 -9999.0 -1094.411025 -1263.635299 -1393.532525 -1463.473295 -1492.827454 -1503.857906 -1507.816413 -1509.186388 -1509.653224 -1509.814578 -1509.870816 -1509.890462 -1509.897321 -1509.899712 -1509.900542 -1509.900830 -1509.900928 -1509.900960 -1509.900970 -1509.900971 -1509.900969 -1509.900966 -1509.900962 -1509.900957 -1509.900951 -1509.900945 -1509.900939 -1509.900931 -1509.900924 -1509.900916 -1509.900908 -1509.900900 -1509.900891 -1509.900868 -1509.900725 -1509.899824 -1509.895357 -1509.878028 -1509.824088 -1509.685499 -1509.382299 -1508.798848 -1508.366274 -1509.040465 -1509.324562 -1509.703787 -1510.053627 -1509.988027 -1510.145633 -1511.596703 -1509.990200 -1509.907337 -1509.905541 -1509.906622 -1509.908081 -1509.909898 -1509.912138 -1509.914880 -1509.918222 -1509.922275 -1509.927169 -1509.933052 -1509.940095 -1509.948490 -1509.958458 -1509.970246 -1509.984134 -1510.000435 -1510.019501 -1510.041723 -1510.067538 -1510.097433 -1510.131946 -1510.171677 -1510.217289 -1510.269518 -1510.329182 -1510.397186 -1510.474538 -1510.562363 -1510.661917 -1510.774607 -1510.902023 -1511.045964 -1511.208483 -1511.391939 -1511.599071 -1511.833088 -1512.097801 -1512.397800 -1512.738713 -1513.127578 -1513.573426 -1514.088202 -1514.688330 -1515.397592 -1516.253275 -1517.328638 -1518.990366 -1526.572550 -9999.0 -9999.0
-9999.0 -9999.0 -1094.411024 -1263.635292 -1393.532524 -1463.473294 -1492.827454 -1503.857906 -1507.816413 -1509.186388 -1509.653224 -1509.814578 -1509.870816 -1509.890462 -1509.897321 -1509.899712 -1509.900542 -1509.900830 -1509.900928 -1509.900960 -1509.900970 -1509.900971 -1509.900969 -1509.900966 -1509.900962 -1509.900957 -1509.900951 -1509.900945 -1509.900939 -1509.900931 -1509.900924 -1509.900916 -1509.900908 -1509.900900 -1509.900891 -1509.900868 -1509.900725 -1509.899824 -1509.895357 -1509.878028 -1509.824088 -1509.685499 -1509.382299 -1508.798848 -1508.366274 -1509.040465 -1509.324562 -1509.703787 -1510.053627 -1509.988027 -1510.145633 -1511.596703 -1509.990200 -1509.907337 -1509.905541 -1509.906622 -1509.908081 -1509.909898 -1509.912138 -1509.914880 -1509.918222 -1509.922275 -1509.927169 -1509.933052 -1509.940095 -1509.948490 -1509.958458 -1509.970246 -1509.984134 -1510.000435 -1510.019501 -1510.041723 -1510.067538 -1510.097433 -1510.131946 -1510.171677 -1510.217289 -1510.269518 -1510.329182 -1510.397186 -1510.474538 -1510.562363 -1510.661917 -1510.774607 -1510.902023 -1511.045964 -1511.208483 -1511.391939 -1511.599071 -1511.833088 -1512.097801 -1512.397800 -1512.738713 -1513.127578 -1513.573426 -1514.088202 -1514.688330 -1515.397592 -1516.253275 -1517.328638 -1518.990366 -1526.572550 -9999.0 -9999.0
-9999.0 -9999.0 -9999.0 -9999.0 -9999.0 -9999.0 -9999.0 -9999.0 -9999.0 -9999.0 -9999.0 -9999.0 -9999.0 -9999.0 -9999.0 -9999.0 -9999.0 -9999.0 -9999.0 -9999.0 -9999.0 -9999.0 -9999.0 -9999.0 -9999.0 -9999.0 -9999.0 -9999.0 -9999.0 -9999.0 -9999.0 -9999.0 -9999.0 -9999.0 -9999.0 -9999.0 -9999.0 -9999.0 -9999.0 -9999.0 -9999.0 -9999.0 -9999.0 -9999.0 -9999.0 -9999.0 -9999.0 -9999.0 -9999.0 -9999.0 -9999.0 -9999.0 -9999.0 -9999.0 -9999.0 -9999.0 -9999.0 -9999.0 -9999.0 -9999.0 -9999.0 -9999.0 -9999.0 -9999.0 -9999.0 -9999.0 -9999.0 -9999.0 -9999.0 -9999.0 -9999.0 -9999.0 -9999.0 -9999.0 -9999.0 -9999.0 -9999.0 -9999.0 -9999.0 -9999.0 -9999.0 -9999.0 -9999.0 -9999.0 -9999.0 -9999.0 -9999.0 -9999.0 -9999.0 -9999.0 -9999.0 -9999.0 -9999.0 -9999.0 -9999.0 -9999.0 -9999.0 -9999.0 -9999.0 -9999.0 -9999.0 -9999.0 -9999.0 -9999.0
-9999.0 -9999.0 -9999.0 -9999.0 -9999.0 -9999.0 -9999.0 -9999.0 -9999.0 -9999.0 -9999.0 -9999.0 -9999.0 -9999.0 -9999.0 -9999.0 -9999.0 -9999.0 -9999.0 -9999.0 -9999.0 -9999.0 -9999.0 -9999.0 -9999.0 -9999.0 -9999.0 -9999.0 -9999.0 -9999.0 -9999.0 -9999.0 -9999.0 -9999.0 -9999.0 -9999.0 -9999.0 -9999.0 -9999.0 -9999.0 -9999.0 -9999.0 -9999.0 -9999.0 -9999.0 -9999.0 -9999.0 -9999.0 -9999.0 -9999.0 -9999.0 -9999.0 -9999.0 -9999.0 -9999.0 -9999.0 -9999.0 -9999.0 -9999.0 -9999.0 -9999.0 -9999.0 -9999.0 -9999.0 -9999.0 -9999.0 -9999.0 -9999.0 -9999.0 -9999.0 -9999.0 -9999.0 -9999.0 -9999.0 -9999.0 -9999.0 -9999.0 -9999.0 -9999.0 -9999.0 -9999.0 -9999.0 -9999.0 -9999.0 -9999.0 -9999.0 -9999.0 -9999.0 -9999.0 -9999.0 -9999.0 -9999.0 -9999.0 -9999.0 -9999.0 -9999.0 -9999.0 -9999.0 -9999.0 -9999.0 -9999.0 -9999.0 -9999.0 -9999.0