tests/3D/hillslope02_superslab/output_maps-SE27XX/psiliqL0069N0001.asc
ncols         104
nrows         10
xllcorner     -2.000000
yllcorner     0.000000
cellsize      1.000000
NODATA_value  -9999.0
-9999.0 -9999.0 -9999.0 -9999.0 -9999.0 -9999.0 -9999.0 -9999.0 -9999.0 -9999.0 -9999.0 -9999.0 -9999.0 -9999.0 -9999.0 -9999.0 -9999.0 -9999.0 -9999.0 -9999.0 -9999.0 -9999.0 -9999.0 -9999.0 -9999.0 -9999.0 -9999.0 -9999.0 -9999.0 -9999.0 -9999.0 -9999.0 -9999.0 -9999.0 -9999.0 -9999.0 -9999.0 -9999.0 -9999.0 -9999.0 -9999.0 -9999.0 -9999.0 -9999.0 -9999.0 -9999.0 -9999.0 -9999.0 -9999.0 -9999.0 -9999.0 -9999.0 -9999.0 -9999.0 -9999.0 -9999.0 -9999.0 -9999.0 -9999.0 -9999.0 -9999.0 -9999.0 -9999.0 -9999.0 -9999.0 -9999.0 -9999.0 -9999.0 -9999.0 -9999.0 -9999.0 -9999.0 -9999.0 -9999.0 -9999.0 -9999.0 -9999.0 -9999.0 -9999.0 -9999.0 -9999.0 -9999.0 -9999.0 -9999.0 -9999.0 -9999.0 -9999.0 -9999.0 -9999.0 -9999.0 -9999.0 -9999.0 -9999.0 -9999.0 -9999.0 -9999.0 -9999.0 -9999.0 -9999.0 -9999.0 -9999.0 -9999.0 -9999.0 -9999.0
-9999.0 -9999.0 -9999.0 -9999.0 -9999.0 -9999.0 -9999.0 -9999.0 -9999.0 -9999.0 -9999.0 -9999.0 -9999.0 -9999.0 -9999.0 -9999.0 -9999.0 -9999.0 -9999.0 -9999.0 -9999.0 -9999.0 -9999.0 -9999.0 -9999.0 -9999.0 -9999.0 -9999.0 -9999.0 -9999.0 -9999.0 -9999.0 -9999.0 -9999.0 -9999.0 -9999.0 -9999.0 -9999.0 -9999.0 -9999.0 -9999.0 -9999.0 -9999.0 -9999.0 -9999.0 -9999.0 -9999.0 -9999.0 -9999.0 -9999.0 -9999.0 -9999.0 -9999.0 -9999.0 -9999.0 -9999.0 -9999.0 -9999.0 -9999.0 -9999.0 -9999.0 -9999.0 -9999.0 -9999.0 -9999.0 -9999.0 -9999.0 -9999.0 -9999.0 -9999.0 -9999.0 -9999.0 -9999.0 -9999.0 -9999.0 -9999.0 -9999.0 -9999.0 -9999.0 -9999.0 -9999.0 -9999.0 -9999.0 -9999.0 -9999.0 -9999.0 -9999.0 -9999.0 -9999.0 -9999.0 -9999.0 -9999.0 -9999.0 -9999.0 -9999.0 -9999.0 -9999.0 -9999.0 -9999.0 -9999.0 -9999.0 -9999.0 -9999.0 -9999.0
-9999.0 -9999.0 -1540.262003 -1555.060186 -1558.252831 -1559.081115 -1559.311440 -1559.377649 -1559.397365 -1559.403339 -1559.405154 -1559.405704 -1559.405870 -1559.405920 -1559.405934 -1559.405939 -1559.405940 -1559.405940 -1559.405941 -1559.405941 -1559.405941 -1559.405941 -1559.405941 -1559.405941 -1559.405941 -1559.405941 -1559.405941 -1559.405941 -1559.405941 -1559.405941 -1559.405941 -1559.405941 -1559.405941 -1559.405941 -1559.405941 -1559.405940 -1559.405937 -1559.405882 -1559.405271 -1559.400514 -1559.374588 -1559.273458 -1558.980866 -1558.318914 -1558.866106 -1559.098864 -1559.332571 -1559.698734 -1559.742906 -1559.627821 -1559.554523 -1559.687110 -1559.413748 -1559.406066 -1559.405942 -1559.405941 -1559.405941 -1559.405941 -1559.405941 -1559.405941 -1559.405941 -1559.405941 -1559.405941 -1559.405941 -1559.405941 -1559.405941 -1559.405941 -1559.405942 -1559.405943 -1559.405944 -1559.405946 -1559.405950 -1559.405955 -1559.405964 -1559.405976 -1559.405995 -1559.406024 -1559.406066 -1559.406129 -1559.406220 -1559.406352 -1559.406542 -1559.406813 -1559.407195 -1559.407730 -1559.408476 -1559.409507 -1559.410921 -1559.412850 -1559.415465 -1559.418992 -1559.423726 -1559.430059 -1559.438505 -1559.449754 -1559.464743 -1559.484771 -1559.511706 -1559.548390 -1559.600327 -1559.728296 -1562.546787 -9999.0 -9999.0
-9999.0 -9999.0 -1540.262003 -1555.060187 -1558.252831 -1559.081115 -1559.311440 -1559.377649 -1559.397365 -1559.403339 -1559.405154 -1559.405704 -1559.405870 -1559.405920 -1559.405934 -1559.405939 -1559.405940 -1559.405940 -1559.405941 -1559.405941 -1559.405941 -1559.405941 -1559.405941 -1559.405941 -1559.405941 -1559.405941 -1559.405941 -1559.405941 -1559.405941 -1559.405941 -1559.405941 -1559.405941 -1559.405941 -1559.405941 -1559.405941 -1559.405940 -1559.405937 -1559.405882 -1559.405271 -1559.400514 -1559.374588 -1559.273458 -1558.980866 -1558.318914 -1558.866106 -1559.098864 -1559.332571 -1559.698734 -1559.742906 -1559.627821 -1559.554523 -1559.687110 -1559.413748 -1559.406066 -1559.405942 -1559.405941 -1559.405941 -1559.405941 -1559.405941 -1559.405941 -1559.405941 -1559.405941 -1559.405941 -1559.405941 -1559.405941 -1559.405941 -1559.405941 -1559.405942 -1559.405943 -1559.405944 -1559.405946 -1559.405950 -1559.405955 -1559.405964 -1559.405976 -1559.405995 -1559.406024 -1559.406066 -1559.406129 -1559.406220 -1559.406352 -1559.406542 -1559.406813 -1559.407195 -1559.407730 -1559.408476 -1559.409507 -1559.410921 -1559.412850 -1559.415465 -1559.418992 -1559.423726 -1559.430059 -1559.438505 -1559.449754 -1559.464743 -1559.484771 -1559.511706 -1559.548390 -1559.600327 -1559.728296 -1562.546787 -9999.0 -9999.0
-9999.0 -9999.0 -1540.262004 -1555.060187 -1558.252831 -1559.081115 -1559.311440 -1559.377649 -1559.397365 -1559.403339 -1559.405154 -1559.405704 -1559.405870 -1559.405920 -1559.405934 -1559.405939 -1559.405940 -1559.405940 -1559.405941 -1559.405941 -1559.405941 -1559.405941 -1559.405941 -1559.405941 -1559.405941 -1559.405941 -1559.405941 -1559.405941 -1559.405941 -1559.405941 -1559.405941 -1559.405941 -1559.405941 -1559.405941 -1559.405941 -1559.405940 -1559.405937 -1559.405882 -1559.405271 -1559.400514 -1559.374588 -1559.273458 -1558.980866 -1558.318914 -1558.866106 -1559.098864 -1559.332571 -1559.698734 -1559.742906 -1559.627821 -1559.554523 -1559.687110 -1559.413748 -1559.406066 -1559.405942 -1559.405941 -1559.405941 -1559.405941 -1559.405941 -1559.405941 -1559.405941 -1559.405941 -1559.405941 -1559.405941 -1559.405941 -1559.405941 -1559.405941 -1559.405942 -1559.405943 -1559.405944 -1559.405946 -1559.405950 -1559.405955 -1559.405964 -1559.405976 -1559.405995 -1559.406024 -1559.406066 -1559.406129 -1559.406220 -1559.406352 -1559.406542 -1559.406813 -1559.407195 -1559.407730 -1559.408476 -1559.409507 -1559.410921 -1559.412850 -1559.415465 -1559.418992 -1559.423726 -1559.430059 -1559.438505 -1559.449754 -1559.464743 -1559.484771 -1559.511706 -1559.548390 -1559.600327 -1559.728296 -1562.546787 -9999.0 -9999.0
-9999.0 -9999.0 -1540.262004 -1555.060187 -1558.252831 -1559.081115 -1559.311440 -1559.377649 -1559.397365 -1559.403339 -1559.405154 -1559.405704 -1559.405870 -1559.405920 -1559.405934 -1559.405939 -1559.405940 -1559.405940 -1559.405941 -1559.405941 -1559.405941 -1559.405941 -1559.405941 -1559.405941 -1559.405941 -1559.405941 -1559.405941 -1559.405941 -1559.405941 -1559.405941 -1559.405941 -1559.405941 -1559.405941 -1559.405941 -1559.405941 -1559.405940 -1559.405937 -1559.405882 -1559.405271 -1559.400514 -1559.374588 -1559.273458 -1558.980866 -1558.318914 -1558.866106 -1559.098864 -1559.332571 -1559.698734 -1559.742906 -1559.627821 -1559.554523 -1559.687110 -1559.413748 -1559.406066 -1559.405942 -1559.405941 -1559.405941 -1559.405941 -1559.405941 -1559.405941 -1559.405941 -1559.405941 -1559.405941 -1559.405941 -1559.405941 -1559.405941 -1559.405941 -1559.405942 -1559.405943 -1559.405944 -1559.405946 -1559.405950 -1559.405955 -1559.405964 -1559.405976 -1559.405995 -1559.406024 -1559.406066 -1559.406129 -1559.406220 -1559.406352 -1559.406542 -1559.406813 -1559.407195 -1559.407730 -1559.408476 -1559.409507 -1559.410921 -1559.412850 -1559.415465 -1559.418992 -1559.423726 -1559.430059 -1559.438505 -1559.449754 -1559.464743 -1559.484771 -1559.511706 -1559.548390 -1559.600327 -1559.728296 -1562.546787 -9999.0 -9999.0
-9999.0 -9999.0 -1540.262003 -1555.060187 -1558.252831 -1559.081115 -1559.311440 -1559.377649 -1559.397365 -1559.403339 -1559.405154 -1559.405704 -1559.405870 -1559.405920 -1559.405934 -1559.405939 -1559.405940 -1559.405940 -1559.405941 -1559.405941 -1559.405941 -1559.405941 -1559.405941 -1559.405941 -1559.405941 -1559.405941 -1559.405941 -1559.405941 -1559.405941 -1559.405941 -1559.405941 -1559.405941 -1559.405941 -1559.405941 -1559.405941 -1559.405940 -1559.405937 -1559.405882 -1559.405271 -1559.400514 -1559.374588 -1559.273458 -1558.980866 -1558.318914 -1558.866106 -1559.098864 -1559.332571 -1559.698734 -1559.742906 -1559.627821 -1559.554523 -1559.687110 -1559.413748 -1559.406066 -1559.405942 -1559.405941 -1559.405941 -1559.405941 -1559.405941 -1559.405941 -1559.405941 -1559.405941 -1559.405941 -1559.405941 -1559.405941 -1559.405941 -1559.405941 -1559.405942 -1559.405943 -1559.405944 -1559.405946 -1559.405950 -1559.405955 -1559.405964 -1559.405976 -1559.405995 -1559.406024 -1559.406066 -1559.406129 -1559.406220 -1559.406352 -1559.406542 -1559.406813 -1559.407195 -1559.407730 -1559.408476 -1559.409507 -1559.410921 -1559.412850 -1559.415465 -1559.418992 -1559.423726 -1559.430059 -1559.438505 -1559.449754 -1559.464743 -1559.484771 -1559.511706 -1559.548390 -1559.600327 -1559.728296 -1562.546787 -9999.0 -9999.0
-9999.0 -9999.0 -1540.262003 -1555.060186 -1558.252831 -1559.081115 -1559.311440 -1559.377649 -1559.397365 -1559.403339 -1559.405154 -1559.405704 -1559.405870 -1559.405920 -1559.405934 -1559.405939 -1559.405940 -1559.405940 -1559.405941 -1559.405941 -1559.405941 -1559.405941 -1559.405941 -1559.405941 -1559.405941 -1559.405941 -1559.405941 -1559.405941 -1559.405941 -1559.405941 -1559.405941 -1559.405941 -1559.405941 -1559.405941 -1559.405941 -1559.405940 -1559.405937 -1559.405882 -1559.405271 -1559.400514 -1559.374588 -1559.273458 -1558.980866 -1558.318914 -1558.866106 -1559.098864 -1559.332571 -1559.698734 -1559.742906 -1559.627821 -1559.554523 -1559.687110 -1559.413748 -1559.406066 -1559.405942 -1559.405941 -1559.405941 -1559.405941 -1559.405941 -1559.405941 -1559.405941 -1559.405941 -1559.405941 -1559.405941 -1559.405941 -1559.405941 -1559.405941 -1559.405942 -1559.405943 -1559.405944 -1559.405946 -1559.405950 -1559.405955 -1559.405964 -1559.405976 -1559.405995 -1559.406024 -1559.406066 -1559.406129 -1559.406220 -1559.406352 -1559.406542 -1559.406813 -1559.407195 -1559.407730 -1559.408476 -1559.409507 -1559.410921 -1559.412850 -1559.415465 -1559.418992 -1559.423726 -1559.430059 -1559.438505 -1559.449754 -1559.464743 -1559.484771 -1559.511706 -1559.548390 -1559.600327 -1559.728296 -1562.546787 -9999.0 -9999.0
-9999.0 -9999.0 -9999.0 -9999.0 -9999.0 -9999.0 -9999.0 -9999.0 -9999.0 -9999.0 -9999.0 -9999.0 -9999.0 -9999.0 -9999.0 -9999.0 -9999.0 -9999.0 -9999.0 -9999.0 -9999.0 -9999.0 -9999.0 -9999.0 -9999.0 -9999.0 -9999.0 -9999.0 -9999.0 -9999.0 -9999.0 -9999.0 -9999.0 -9999.0 -9999.0 -9999.0 -9999.0 -9999.0 -9999.0 -9999.0 -9999.0 -9999.0 -9999.0 -9999.0 -9999.0 -9999.0 -9999.0 -9999.0 -9999.0 -9999.0 -9999.0 -9999.0 -9999.0 -9999.0 -9999.0 -9999.0 -9999.0 -9999.0 -9999.0 -9999.0 -9999.0 -9999.0 -9999.0 -9999.0 -9999.0 -9999.0 -9999.0 -9999.0 -9999.0 -9999.0 -9999.0 -9999.0 -9999.0 -9999.0 -9999.0 -9999.0 -9999.0 -9999.0 -9999.0 -9999.0 -9999.0 -9999.0 -9999.0 -9999.0 -9999.0 -9999.0 -9999.0 -9999.0 -9999.0 -9999.0 -9999.0 -9999.0 -9999.0 -9999.0 -9999.0 -9999.0 -9999.0 -9999.0 -9999.0 -9999.0 -9999.0 -9999.0 -9999.0 -9999.0
-9999.0 -9999.0 -9999.0 -9999.0 -9999.0 -9999.0 -9999.0 -9999.0 -9999.0 -9999.0 -9999.0 -9999.0 -9999.0 -9999.0 -9999.0 -9999.0 -9999.0 -9999.0 -9999.0 -9999.0 -9999.0 -9999.0 -9999.0 -9999.0 -9999.0 -9999.0 -9999.0 -9999.0 -9999.0 -9999.0 -9999.0 -9999.0 -9999.0 -9999.0 -9999.0 -9999.0 -9999.0 -9999.0 -9999.0 -9999.0 -9999.0 -9999.0 -9999.0 -9999.0 -9999.0 -9999.0 -9999.0 -9999.0 -9999.0 -9999.0 -9999.0 -9999.0 -9999.0 -9999.0 -9999.0 -9999.0 -9999.0 -9999.0 -9999.0 -9999.0 -9999.0 -9999.0 -9999.0 -9999.0 -9999.0 -9999.0 -9999.0 -9999.0 -9999.0 -9999.0 -9999.0 -9999.0 -9999.0 -9999.0 -9999.0 -9999.0 -9999.0 -9999.0 -9999.0 -9999.0 -9999.0 -9999.0 -9999.0 -9999.0 -9999.0 -9999.0 -9999.0 -9999.0 -9999.0 -9999.0 -9999.0 -9999.0 -9999.0 -9999.0 -9999.0 -9999.0 -9999.0 -9999.0 -9999.0 -9999.0 -9999.0 -9999.0 -9999.0 -9999.0