tests/3D/hillslope02_superslab/output_maps-SE27XX/psiliqL0059N0002.asc
ncols         104
nrows         10
xllcorner     -2.000000
yllcorner     0.000000
cellsize      1.000000
NODATA_value  -9999.0
-9999.0 -9999.0 -9999.0 -9999.0 -9999.0 -9999.0 -9999.0 -9999.0 -9999.0 -9999.0 -9999.0 -9999.0 -9999.0 -9999.0 -9999.0 -9999.0 -9999.0 -9999.0 -9999.0 -9999.0 -9999.0 -9999.0 -9999.0 -9999.0 -9999.0 -9999.0 -9999.0 -9999.0 -9999.0 -9999.0 -9999.0 -9999.0 -9999.0 -9999.0 -9999.0 -9999.0 -9999.0 -9999.0 -9999.0 -9999.0 -9999.0 -9999.0 -9999.0 -9999.0 -9999.0 -9999.0 -9999.0 -9999.0 -9999.0 -9999.0 -9999.0 -9999.0 -9999.0 -9999.0 -9999.0 -9999.0 -9999.0 -9999.0 -9999.0 -9999.0 -9999.0 -9999.0 -9999.0 -9999.0 -9999.0 -9999.0 -9999.0 -9999.0 -9999.0 -9999.0 -9999.0 -9999.0 -9999.0 -9999.0 -9999.0 -9999.0 -9999.0 -9999.0 -9999.0 -9999.0 -9999.0 -9999.0 -9999.0 -9999.0 -9999.0 -9999.0 -9999.0 -9999.0 -9999.0 -9999.0 -9999.0 -9999.0 -9999.0 -9999.0 -9999.0 -9999.0 -9999.0 -9999.0 -9999.0 -9999.0 -9999.0 -9999.0 -9999.0 -9999.0
-9999.0 -9999.0 -9999.0 -9999.0 -9999.0 -9999.0 -9999.0 -9999.0 -9999.0 -9999.0 -9999.0 -9999.0 -9999.0 -9999.0 -9999.0 -9999.0 -9999.0 -9999.0 -9999.0 -9999.0 -9999.0 -9999.0 -9999.0 -9999.0 -9999.0 -9999.0 -9999.0 -9999.0 -9999.0 -9999.0 -9999.0 -9999.0 -9999.0 -9999.0 -9999.0 -9999.0 -9999.0 -9999.0 -9999.0 -9999.0 -9999.0 -9999.0 -9999.0 -9999.0 -9999.0 -9999.0 -9999.0 -9999.0 -9999.0 -9999.0 -9999.0 -9999.0 -9999.0 -9999.0 -9999.0 -9999.0 -9999.0 -9999.0 -9999.0 -9999.0 -9999.0 -9999.0 -9999.0 -9999.0 -9999.0 -9999.0 -9999.0 -9999.0 -9999.0 -9999.0 -9999.0 -9999.0 -9999.0 -9999.0 -9999.0 -9999.0 -9999.0 -9999.0 -9999.0 -9999.0 -9999.0 -9999.0 -9999.0 -9999.0 -9999.0 -9999.0 -9999.0 -9999.0 -9999.0 -9999.0 -9999.0 -9999.0 -9999.0 -9999.0 -9999.0 -9999.0 -9999.0 -9999.0 -9999.0 -9999.0 -9999.0 -9999.0 -9999.0 -9999.0
-9999.0 -9999.0 -2050.412742 -2054.045410 -2054.350835 -2054.424429 -2054.445907 -2054.452458 -2054.454494 -2054.455139 -2054.455346 -2054.455413 -2054.455435 -2054.455442 -2054.455444 -2054.455445 -2054.455445 -2054.455446 -2054.455446 -2054.455446 -2054.455446 -2054.455446 -2054.455446 -2054.455446 -2054.455446 -2054.455446 -2054.455446 -2054.455446 -2054.455446 -2054.455446 -2054.455446 -2054.455445 -2054.455424 -2054.455160 -2054.453047 -2054.441479 -2054.395831 -2054.260122 -2053.940402 -2054.157951 -2054.314544 -2054.444082 -2054.658332 -2054.682737 -2054.605951 -2054.548119 -2054.509341 -2054.485503 -2054.471755 -2054.464194 -2054.460546 -2054.463554 -2054.455805 -2054.455454 -2054.455446 -2054.455446 -2054.455446 -2054.455446 -2054.455446 -2054.455446 -2054.455446 -2054.455446 -2054.455446 -2054.455446 -2054.455446 -2054.455447 -2054.455447 -2054.455448 -2054.455448 -2054.455449 -2054.455451 -2054.455452 -2054.455455 -2054.455458 -2054.455462 -2054.455467 -2054.455473 -2054.455482 -2054.455492 -2054.455506 -2054.455524 -2054.455547 -2054.455576 -2054.455613 -2054.455659 -2054.455718 -2054.455792 -2054.455885 -2054.456003 -2054.456150 -2054.456334 -2054.456566 -2054.456858 -2054.457225 -2054.457689 -2054.458277 -2054.459030 -2054.460003 -2054.461287 -2054.463542 -2054.509661 -2057.106058 -9999.0 -9999.0
-9999.0 -9999.0 -2050.412742 -2054.045410 -2054.350835 -2054.424429 -2054.445907 -2054.452458 -2054.454494 -2054.455139 -2054.455346 -2054.455413 -2054.455435 -2054.455442 -2054.455444 -2054.455445 -2054.455445 -2054.455446 -2054.455446 -2054.455446 -2054.455446 -2054.455446 -2054.455446 -2054.455446 -2054.455446 -2054.455446 -2054.455446 -2054.455446 -2054.455446 -2054.455446 -2054.455446 -2054.455445 -2054.455424 -2054.455160 -2054.453047 -2054.441479 -2054.395831 -2054.260122 -2053.940402 -2054.157951 -2054.314544 -2054.444082 -2054.658332 -2054.682737 -2054.605951 -2054.548119 -2054.509341 -2054.485503 -2054.471755 -2054.464194 -2054.460546 -2054.463554 -2054.455805 -2054.455454 -2054.455446 -2054.455446 -2054.455446 -2054.455446 -2054.455446 -2054.455446 -2054.455446 -2054.455446 -2054.455446 -2054.455446 -2054.455446 -2054.455447 -2054.455447 -2054.455448 -2054.455448 -2054.455449 -2054.455451 -2054.455452 -2054.455455 -2054.455458 -2054.455462 -2054.455467 -2054.455473 -2054.455482 -2054.455492 -2054.455506 -2054.455524 -2054.455547 -2054.455576 -2054.455613 -2054.455659 -2054.455718 -2054.455792 -2054.455885 -2054.456003 -2054.456150 -2054.456334 -2054.456566 -2054.456858 -2054.457225 -2054.457689 -2054.458277 -2054.459030 -2054.460003 -2054.461287 -2054.463542 -2054.509661 -2057.106058 -9999.0 -9999.0
-9999.0 -9999.0 -2050.412742 -2054.045410 -2054.350835 -2054.424429 -2054.445907 -2054.452458 -2054.454494 -2054.455139 -2054.455346 -2054.455413 -2054.455435 -2054.455442 -2054.455444 -2054.455445 -2054.455445 -2054.455446 -2054.455446 -2054.455446 -2054.455446 -2054.455446 -2054.455446 -2054.455446 -2054.455446 -2054.455446 -2054.455446 -2054.455446 -2054.455446 -2054.455446 -2054.455446 -2054.455445 -2054.455424 -2054.455160 -2054.453047 -2054.441479 -2054.395831 -2054.260122 -2053.940402 -2054.157951 -2054.314544 -2054.444082 -2054.658332 -2054.682737 -2054.605951 -2054.548119 -2054.509341 -2054.485503 -2054.471755 -2054.464194 -2054.460546 -2054.463554 -2054.455805 -2054.455454 -2054.455446 -2054.455446 -2054.455446 -2054.455446 -2054.455446 -2054.455446 -2054.455446 -2054.455446 -2054.455446 -2054.455446 -2054.455446 -2054.455447 -2054.455447 -2054.455448 -2054.455448 -2054.455449 -2054.455451 -2054.455452 -2054.455455 -2054.455458 -2054.455462 -2054.455467 -2054.455473 -2054.455482 -2054.455492 -2054.455506 -2054.455524 -2054.455547 -2054.455576 -2054.455613 -2054.455659 -2054.455718 -2054.455792 -2054.455885 -2054.456003 -2054.456150 -2054.456334 -2054.456566 -2054.456858 -2054.457225 -2054.457689 -2054.458277 -2054.459030 -2054.460003 -2054.461287 -2054.463542 -2054.509661 -2057.106058 -9999.0 -9999.0
-9999.0 -9999.0 -2050.412742 -2054.045410 -2054.350835 -2054.424429 -2054.445907 -2054.452458 -2054.454494 -2054.455139 -2054.455346 -2054.455413 -2054.455435 -2054.455442 -2054.455444 -2054.455445 -2054.455445 -2054.455446 -2054.455446 -2054.455446 -2054.455446 -2054.455446 -2054.455446 -2054.455446 -2054.455446 -2054.455446 -2054.455446 -2054.455446 -2054.455446 -2054.455446 -2054.455446 -2054.455445 -2054.455424 -2054.455160 -2054.453047 -2054.441479 -2054.395831 -2054.260122 -2053.940402 -2054.157951 -2054.314544 -2054.444082 -2054.658332 -2054.682737 -2054.605951 -2054.548119 -2054.509341 -2054.485503 -2054.471755 -2054.464194 -2054.460546 -2054.463554 -2054.455805 -2054.455454 -2054.455446 -2054.455446 -2054.455446 -2054.455446 -2054.455446 -2054.455446 -2054.455446 -2054.455446 -2054.455446 -2054.455446 -2054.455446 -2054.455447 -2054.455447 -2054.455448 -2054.455448 -2054.455449 -2054.455451 -2054.455452 -2054.455455 -2054.455458 -2054.455462 -2054.455467 -2054.455473 -2054.455482 -2054.455492 -2054.455506 -2054.455524 -2054.455547 -2054.455576 -2054.455613 -2054.455659 -2054.455718 -2054.455792 -2054.455885 -2054.456003 -2054.456150 -2054.456334 -2054.456566 -2054.456858 -2054.457225 -2054.457689 -2054.458277 -2054.459030 -2054.460003 -2054.461287 -2054.463542 -2054.509661 -2057.106058 -9999.0 -9999.0
-9999.0 -9999.0 -2050.412742 -2054.045410 -2054.350835 -2054.424429 -2054.445907 -2054.452458 -2054.454494 -2054.455139 -2054.455346 -2054.455413 -2054.455435 -2054.455442 -2054.455444 -2054.455445 -2054.455445 -2054.455446 -2054.455446 -2054.455446 -2054.455446 -2054.455446 -2054.455446 -2054.455446 -2054.455446 -2054.455446 -2054.455446 -2054.455446 -2054.455446 -2054.455446 -2054.455446 -2054.455445 -2054.455424 -2054.455160 -2054.453047 -2054.441479 -2054.395831 -2054.260122 -2053.940402 -2054.157951 -2054.314544 -2054.444082 -2054.658332 -2054.682737 -2054.605951 -2054.548119 -2054.509341 -2054.485503 -2054.471755 -2054.464194 -2054.460546 -2054.463554 -2054.455805 -2054.455454 -2054.455446 -2054.455446 -2054.455446 -2054.455446 -2054.455446 -2054.455446 -2054.455446 -2054.455446 -2054.455446 -2054.455446 -2054.455446 -2054.455447 -2054.455447 -2054.455448 -2054.455448 -2054.455449 -2054.455451 -2054.455452 -2054.455455 -2054.455458 -2054.455462 -2054.455467 -2054.455473 -2054.455482 -2054.455492 -2054.455506 -2054.455524 -2054.455547 -2054.455576 -2054.455613 -2054.455659 -2054.455718 -2054.455792 -2054.455885 -2054.456003 -2054.456150 -2054.456334 -2054.456566 -2054.456858 -2054.457225 -2054.457689 -2054.458277 -2054.459030 -2054.460003 -2054.461287 -2054.463542 -2054.509661 -2057.106058 -9999.0 -9999.0
-9999.0 -9999.0 -2050.412742 -2054.045410 -2054.350835 -2054.424429 -2054.445907 -2054.452458 -2054.454494 -2054.455139 -2054.455346 -2054.455413 -2054.455435 -2054.455442 -2054.455444 -2054.455445 -2054.455445 -2054.455446 -2054.455446 -2054.455446 -2054.455446 -2054.455446 -2054.455446 -2054.455446 -2054.455446 -2054.455446 -2054.455446 -2054.455446 -2054.455446 -2054.455446 -2054.455446 -2054.455445 -2054.455424 -2054.455160 -2054.453047 -2054.441479 -2054.395831 -2054.260122 -2053.940402 -2054.157951 -2054.314544 -2054.444082 -2054.658332 -2054.682737 -2054.605951 -2054.548119 -2054.509341 -2054.485503 -2054.471755 -2054.464194 -2054.460546 -2054.463554 -2054.455805 -2054.455454 -2054.455446 -2054.455446 -2054.455446 -2054.455446 -2054.455446 -2054.455446 -2054.455446 -2054.455446 -2054.455446 -2054.455446 -2054.455446 -2054.455447 -2054.455447 -2054.455448 -2054.455448 -2054.455449 -2054.455451 -2054.455452 -2054.455455 -2054.455458 -2054.455462 -2054.455467 -2054.455473 -2054.455482 -2054.455492 -2054.455506 -2054.455524 -2054.455547 -2054.455576 -2054.455613 -2054.455659 -2054.455718 -2054.455792 -2054.455885 -2054.456003 -2054.456150 -2054.456334 -2054.456566 -2054.456858 -2054.457225 -2054.457689 -2054.458277 -2054.459030 -2054.460003 -2054.461287 -2054.463542 -2054.509661 -2057.106058 -9999.0 -9999.0
-9999.0 -9999.0 -9999.0 -9999.0 -9999.0 -9999.0 -9999.0 -9999.0 -9999.0 -9999.0 -9999.0 -9999.0 -9999.0 -9999.0 -9999.0 -9999.0 -9999.0 -9999.0 -9999.0 -9999.0 -9999.0 -9999.0 -9999.0 -9999.0 -9999.0 -9999.0 -9999.0 -9999.0 -9999.0 -9999.0 -9999.0 -9999.0 -9999.0 -9999.0 -9999.0 -9999.0 -9999.0 -9999.0 -9999.0 -9999.0 -9999.0 -9999.0 -9999.0 -9999.0 -9999.0 -9999.0 -9999.0 -9999.0 -9999.0 -9999.0 -9999.0 -9999.0 -9999.0 -9999.0 -9999.0 -9999.0 -9999.0 -9999.0 -9999.0 -9999.0 -9999.0 -9999.0 -9999.0 -9999.0 -9999.0 -9999.0 -9999.0 -9999.0 -9999.0 -9999.0 -9999.0 -9999.0 -9999.0 -9999.0 -9999.0 -9999.0 -9999.0 -9999.0 -9999.0 -9999.0 -9999.0 -9999.0 -9999.0 -9999.0 -9999.0 -9999.0 -9999.0 -9999.0 -9999.0 -9999.0 -9999.0 -9999.0 -9999.0 -9999.0 -9999.0 -9999.0 -9999.0 -9999.0 -9999.0 -9999.0 -9999.0 -9999.0 -9999.0 -9999.0
-9999.0 -9999.0 -9999.0 -9999.0 -9999.0 -9999.0 -9999.0 -9999.0 -9999.0 -9999.0 -9999.0 -9999.0 -9999.0 -9999.0 -9999.0 -9999.0 -9999.0 -9999.0 -9999.0 -9999.0 -9999.0 -9999.0 -9999.0 -9999.0 -9999.0 -9999.0 -9999.0 -9999.0 -9999.0 -9999.0 -9999.0 -9999.0 -9999.0 -9999.0 -9999.0 -9999.0 -9999.0 -9999.0 -9999.0 -9999.0 -9999.0 -9999.0 -9999.0 -9999.0 -9999.0 -9999.0 -9999.0 -9999.0 -9999.0 -9999.0 -9999.0 -9999.0 -9999.0 -9999.0 -9999.0 -9999.0 -9999.0 -9999.0 -9999.0 -9999.0 -9999.0 -9999.0 -9999.0 -9999.0 -9999.0 -9999.0 -9999.0 -9999.0 -9999.0 -9999.0 -9999.0 -9999.0 -9999.0 -9999.0 -9999.0 -9999.0 -9999.0 -9999.0 -9999.0 -9999.0 -9999.0 -9999.0 -9999.0 -9999.0 -9999.0 -9999.0 -9999.0 -9999.0 -9999.0 -9999.0 -9999.0 -9999.0 -9999.0 -9999.0 -9999.0 -9999.0 -9999.0 -9999.0 -9999.0 -9999.0 -9999.0 -9999.0 -9999.0 -9999.0