tests/3D/hillslope02_superslab/output_maps-SE27XX/psiliqL0097N0001.asc
ncols         104
nrows         10
xllcorner     -2.000000
yllcorner     0.000000
cellsize      1.000000
NODATA_value  -9999.0
-9999.0 -9999.0 -9999.0 -9999.0 -9999.0 -9999.0 -9999.0 -9999.0 -9999.0 -9999.0 -9999.0 -9999.0 -9999.0 -9999.0 -9999.0 -9999.0 -9999.0 -9999.0 -9999.0 -9999.0 -9999.0 -9999.0 -9999.0 -9999.0 -9999.0 -9999.0 -9999.0 -9999.0 -9999.0 -9999.0 -9999.0 -9999.0 -9999.0 -9999.0 -9999.0 -9999.0 -9999.0 -9999.0 -9999.0 -9999.0 -9999.0 -9999.0 -9999.0 -9999.0 -9999.0 -9999.0 -9999.0 -9999.0 -9999.0 -9999.0 -9999.0 -9999.0 -9999.0 -9999.0 -9999.0 -9999.0 -9999.0 -9999.0 -9999.0 -9999.0 -9999.0 -9999.0 -9999.0 -9999.0 -9999.0 -9999.0 -9999.0 -9999.0 -9999.0 -9999.0 -9999.0 -9999.0 -9999.0 -9999.0 -9999.0 -9999.0 -9999.0 -9999.0 -9999.0 -9999.0 -9999.0 -9999.0 -9999.0 -9999.0 -9999.0 -9999.0 -9999.0 -9999.0 -9999.0 -9999.0 -9999.0 -9999.0 -9999.0 -9999.0 -9999.0 -9999.0 -9999.0 -9999.0 -9999.0 -9999.0 -9999.0 -9999.0 -9999.0 -9999.0
-9999.0 -9999.0 -9999.0 -9999.0 -9999.0 -9999.0 -9999.0 -9999.0 -9999.0 -9999.0 -9999.0 -9999.0 -9999.0 -9999.0 -9999.0 -9999.0 -9999.0 -9999.0 -9999.0 -9999.0 -9999.0 -9999.0 -9999.0 -9999.0 -9999.0 -9999.0 -9999.0 -9999.0 -9999.0 -9999.0 -9999.0 -9999.0 -9999.0 -9999.0 -9999.0 -9999.0 -9999.0 -9999.0 -9999.0 -9999.0 -9999.0 -9999.0 -9999.0 -9999.0 -9999.0 -9999.0 -9999.0 -9999.0 -9999.0 -9999.0 -9999.0 -9999.0 -9999.0 -9999.0 -9999.0 -9999.0 -9999.0 -9999.0 -9999.0 -9999.0 -9999.0 -9999.0 -9999.0 -9999.0 -9999.0 -9999.0 -9999.0 -9999.0 -9999.0 -9999.0 -9999.0 -9999.0 -9999.0 -9999.0 -9999.0 -9999.0 -9999.0 -9999.0 -9999.0 -9999.0 -9999.0 -9999.0 -9999.0 -9999.0 -9999.0 -9999.0 -9999.0 -9999.0 -9999.0 -9999.0 -9999.0 -9999.0 -9999.0 -9999.0 -9999.0 -9999.0 -9999.0 -9999.0 -9999.0 -9999.0 -9999.0 -9999.0 -9999.0 -9999.0
-9999.0 -9999.0 256.025141 159.433275 68.043859 -14.785028 -83.327965 -130.657310 -156.565644 -167.149652 -171.088425 -172.500584 -172.999187 -173.173950 -173.234923 -173.256114 -173.263448 -173.265972 -173.266829 -173.267110 -173.267189 -173.267195 -173.267170 -173.267128 -173.267073 -173.267005 -173.266923 -173.266826 -173.266712 -173.266583 -173.266437 -173.266276 -173.266101 -173.265916 -173.265723 -173.265528 -173.265335 -173.265154 -173.264990 -173.264855 -173.264762 -173.264723 -173.264759 -173.264892 -173.265160 -173.265629 -173.266448 -173.267944 -173.270755 -173.275964 -173.285265 -173.299846 -173.294176 -173.297692 -173.307517 -173.322910 -173.344593 -173.374097 -173.413548 -173.465629 -173.533588 -173.621274 -173.733163 -173.874377 -174.050676 -174.268436 -174.534603 -174.856624 -175.242372 -175.700047 -176.238083 -176.865054 -177.589596 -178.420340 -179.365878 -180.434752 -181.635479 -182.976614 -184.466850 -186.115160 -187.930982 -189.924458 -192.106727 -194.490289 -197.089457 -199.920921 -203.004472 -206.363931 -210.028384 -214.033854 -218.425613 -223.261482 -228.616671 -234.591132 -241.321164 -248.998631 -257.904632 -268.472944 -281.421408 -298.062153 -321.193178 -358.688174 -9999.0 -9999.0
-9999.0 -9999.0 256.025144 159.433266 68.043859 -14.785028 -83.327967 -130.657309 -156.565644 -167.149652 -171.088425 -172.500584 -172.999187 -173.173950 -173.234923 -173.256114 -173.263448 -173.265972 -173.266829 -173.267110 -173.267189 -173.267195 -173.267170 -173.267128 -173.267073 -173.267005 -173.266923 -173.266826 -173.266712 -173.266583 -173.266437 -173.266276 -173.266101 -173.265916 -173.265723 -173.265528 -173.265335 -173.265154 -173.264990 -173.264855 -173.264762 -173.264723 -173.264759 -173.264892 -173.265160 -173.265629 -173.266448 -173.267944 -173.270755 -173.275964 -173.285265 -173.299846 -173.294176 -173.297692 -173.307517 -173.322910 -173.344593 -173.374097 -173.413548 -173.465629 -173.533588 -173.621274 -173.733163 -173.874377 -174.050676 -174.268436 -174.534603 -174.856624 -175.242372 -175.700047 -176.238083 -176.865054 -177.589596 -178.420340 -179.365879 -180.434752 -181.635479 -182.976615 -184.466851 -186.115160 -187.930982 -189.924458 -192.106727 -194.490289 -197.089457 -199.920921 -203.004472 -206.363931 -210.028384 -214.033854 -218.425613 -223.261482 -228.616671 -234.591132 -241.321164 -248.998631 -257.904631 -268.472944 -281.421408 -298.062153 -321.193178 -358.688175 -9999.0 -9999.0
-9999.0 -9999.0 256.025136 159.433267 68.043856 -14.785029 -83.327967 -130.657310 -156.565643 -167.149652 -171.088425 -172.500584 -172.999187 -173.173950 -173.234923 -173.256114 -173.263448 -173.265972 -173.266829 -173.267110 -173.267189 -173.267195 -173.267170 -173.267128 -173.267073 -173.267005 -173.266923 -173.266826 -173.266712 -173.266583 -173.266437 -173.266276 -173.266101 -173.265916 -173.265723 -173.265528 -173.265335 -173.265154 -173.264990 -173.264855 -173.264762 -173.264723 -173.264759 -173.264892 -173.265160 -173.265629 -173.266448 -173.267944 -173.270755 -173.275964 -173.285265 -173.299846 -173.294176 -173.297692 -173.307517 -173.322910 -173.344593 -173.374097 -173.413548 -173.465629 -173.533588 -173.621274 -173.733163 -173.874377 -174.050677 -174.268437 -174.534603 -174.856624 -175.242372 -175.700047 -176.238083 -176.865054 -177.589596 -178.420341 -179.365879 -180.434753 -181.635480 -182.976615 -184.466851 -186.115161 -187.930982 -189.924458 -192.106727 -194.490289 -197.089457 -199.920921 -203.004472 -206.363931 -210.028384 -214.033854 -218.425613 -223.261481 -228.616671 -234.591132 -241.321164 -248.998630 -257.904631 -268.472943 -281.421408 -298.062153 -321.193178 -358.688175 -9999.0 -9999.0
-9999.0 -9999.0 256.025136 159.433267 68.043856 -14.785029 -83.327967 -130.657310 -156.565643 -167.149652 -171.088425 -172.500584 -172.999187 -173.173950 -173.234923 -173.256114 -173.263448 -173.265972 -173.266829 -173.267110 -173.267189 -173.267195 -173.267170 -173.267128 -173.267073 -173.267005 -173.266923 -173.266826 -173.266712 -173.266583 -173.266437 -173.266276 -173.266101 -173.265916 -173.265723 -173.265528 -173.265335 -173.265154 -173.264990 -173.264855 -173.264762 -173.264723 -173.264759 -173.264892 -173.265160 -173.265629 -173.266448 -173.267944 -173.270755 -173.275964 -173.285265 -173.299846 -173.294176 -173.297692 -173.307517 -173.322910 -173.344593 -173.374097 -173.413548 -173.465629 -173.533588 -173.621274 -173.733163 -173.874377 -174.050677 -174.268437 -174.534603 -174.856624 -175.242372 -175.700047 -176.238083 -176.865054 -177.589596 -178.420341 -179.365879 -180.434753 -181.635480 -182.976615 -184.466851 -186.115161 -187.930982 -189.924458 -192.106727 -194.490289 -197.089457 -199.920921 -203.004472 -206.363931 -210.028384 -214.033854 -218.425613 -223.261481 -228.616671 -234.591132 -241.321164 -248.998630 -257.904631 -268.472943 -281.421408 -298.062153 -321.193178 -358.688175 -9999.0 -9999.0
-9999.0 -9999.0 256.025144 159.433266 68.043859 -14.785028 -83.327967 -130.657309 -156.565644 -167.149652 -171.088425 -172.500584 -172.999187 -173.173950 -173.234923 -173.256114 -173.263448 -173.265972 -173.266829 -173.267110 -173.267189 -173.267195 -173.267170 -173.267128 -173.267073 -173.267005 -173.266923 -173.266826 -173.266712 -173.266583 -173.266437 -173.266276 -173.266101 -173.265916 -173.265723 -173.265528 -173.265335 -173.265154 -173.264990 -173.264855 -173.264762 -173.264723 -173.264759 -173.264892 -173.265160 -173.265629 -173.266448 -173.267944 -173.270755 -173.275964 -173.285265 -173.299846 -173.294176 -173.297692 -173.307517 -173.322910 -173.344593 -173.374097 -173.413548 -173.465629 -173.533588 -173.621274 -173.733163 -173.874377 -174.050676 -174.268436 -174.534603 -174.856624 -175.242372 -175.700047 -176.238083 -176.865054 -177.589596 -178.420340 -179.365879 -180.434752 -181.635479 -182.976615 -184.466851 -186.115160 -187.930982 -189.924458 -192.106727 -194.490289 -197.089457 -199.920921 -203.004472 -206.363931 -210.028384 -214.033854 -218.425613 -223.261482 -228.616671 -234.591132 -241.321164 -248.998631 -257.904631 -268.472944 -281.421408 -298.062153 -321.193178 -358.688175 -9999.0 -9999.0
-9999.0 -9999.0 256.025141 159.433275 68.043859 -14.785028 -83.327965 -130.657310 -156.565644 -167.149652 -171.088425 -172.500584 -172.999187 -173.173950 -173.234923 -173.256114 -173.263448 -173.265972 -173.266829 -173.267110 -173.267189 -173.267195 -173.267170 -173.267128 -173.267073 -173.267005 -173.266923 -173.266826 -173.266712 -173.266583 -173.266437 -173.266276 -173.266101 -173.265916 -173.265723 -173.265528 -173.265335 -173.265154 -173.264990 -173.264855 -173.264762 -173.264723 -173.264759 -173.264892 -173.265160 -173.265629 -173.266448 -173.267944 -173.270755 -173.275964 -173.285265 -173.299846 -173.294176 -173.297692 -173.307517 -173.322910 -173.344593 -173.374097 -173.413548 -173.465629 -173.533588 -173.621274 -173.733163 -173.874377 -174.050676 -174.268436 -174.534603 -174.856624 -175.242372 -175.700047 -176.238083 -176.865054 -177.589596 -178.420340 -179.365878 -180.434752 -181.635479 -182.976614 -184.466850 -186.115160 -187.930982 -189.924458 -192.106727 -194.490289 -197.089457 -199.920921 -203.004472 -206.363931 -210.028384 -214.033854 -218.425613 -223.261482 -228.616671 -234.591132 -241.321164 -248.998631 -257.904632 -268.472944 -281.421408 -298.062153 -321.193178 -358.688174 -9999.0 -9999.0
-9999.0 -9999.0 -9999.0 -9999.0 -9999.0 -9999.0 -9999.0 -9999.0 -9999.0 -9999.0 -9999.0 -9999.0 -9999.0 -9999.0 -9999.0 -9999.0 -9999.0 -9999.0 -9999.0 -9999.0 -9999.0 -9999.0 -9999.0 -9999.0 -9999.0 -9999.0 -9999.0 -9999.0 -9999.0 -9999.0 -9999.0 -9999.0 -9999.0 -9999.0 -9999.0 -9999.0 -9999.0 -9999.0 -9999.0 -9999.0 -9999.0 -9999.0 -9999.0 -9999.0 -9999.0 -9999.0 -9999.0 -9999.0 -9999.0 -9999.0 -9999.0 -9999.0 -9999.0 -9999.0 -9999.0 -9999.0 -9999.0 -9999.0 -9999.0 -9999.0 -9999.0 -9999.0 -9999.0 -9999.0 -9999.0 -9999.0 -9999.0 -9999.0 -9999.0 -9999.0 -9999.0 -9999.0 -9999.0 -9999.0 -9999.0 -9999.0 -9999.0 -9999.0 -9999.0 -9999.0 -9999.0 -9999.0 -9999.0 -9999.0 -9999.0 -9999.0 -9999.0 -9999.0 -9999.0 -9999.0 -9999.0 -9999.0 -9999.0 -9999.0 -9999.0 -9999.0 -9999.0 -9999.0 -9999.0 -9999.0 -9999.0 -9999.0 -9999.0 -9999.0
-9999.0 -9999.0 -9999.0 -9999.0 -9999.0 -9999.0 -9999.0 -9999.0 -9999.0 -9999.0 -9999.0 -9999.0 -9999.0 -9999.0 -9999.0 -9999.0 -9999.0 -9999.0 -9999.0 -9999.0 -9999.0 -9999.0 -9999.0 -9999.0 -9999.0 -9999.0 -9999.0 -9999.0 -9999.0 -9999.0 -9999.0 -9999.0 -9999.0 -9999.0 -9999.0 -9999.0 -9999.0 -9999.0 -9999.0 -9999.0 -9999.0 -9999.0 -9999.0 -9999.0 -9999.0 -9999.0 -9999.0 -9999.0 -9999.0 -9999.0 -9999.0 -9999.0 -9999.0 -9999.0 -9999.0 -9999.0 -9999.0 -9999.0 -9999.0 -9999.0 -9999.0 -9999.0 -9999.0 -9999.0 -9999.0 -9999.0 -9999.0 -9999.0 -9999.0 -9999.0 -9999.0 -9999.0 -9999.0 -9999.0 -9999.0 -9999.0 -9999.0 -9999.0 -9999.0 -9999.0 -9999.0 -9999.0 -9999.0 -9999.0 -9999.0 -9999.0 -9999.0 -9999.0 -9999.0 -9999.0 -9999.0 -9999.0 -9999.0 -9999.0 -9999.0 -9999.0 -9999.0 -9999.0 -9999.0 -9999.0 -9999.0 -9999.0 -9999.0 -9999.0