tests/3D/hillslope02_superslab/output_maps-SE27XX/psiliqL0061N0002.asc
ncols         104
nrows         10
xllcorner     -2.000000
yllcorner     0.000000
cellsize      1.000000
NODATA_value  -9999.0
-9999.0 -9999.0 -9999.0 -9999.0 -9999.0 -9999.0 -9999.0 -9999.0 -9999.0 -9999.0 -9999.0 -9999.0 -9999.0 -9999.0 -9999.0 -9999.0 -9999.0 -9999.0 -9999.0 -9999.0 -9999.0 -9999.0 -9999.0 -9999.0 -9999.0 -9999.0 -9999.0 -9999.0 -9999.0 -9999.0 -9999.0 -9999.0 -9999.0 -9999.0 -9999.0 -9999.0 -9999.0 -9999.0 -9999.0 -9999.0 -9999.0 -9999.0 -9999.0 -9999.0 -9999.0 -9999.0 -9999.0 -9999.0 -9999.0 -9999.0 -9999.0 -9999.0 -9999.0 -9999.0 -9999.0 -9999.0 -9999.0 -9999.0 -9999.0 -9999.0 -9999.0 -9999.0 -9999.0 -9999.0 -9999.0 -9999.0 -9999.0 -9999.0 -9999.0 -9999.0 -9999.0 -9999.0 -9999.0 -9999.0 -9999.0 -9999.0 -9999.0 -9999.0 -9999.0 -9999.0 -9999.0 -9999.0 -9999.0 -9999.0 -9999.0 -9999.0 -9999.0 -9999.0 -9999.0 -9999.0 -9999.0 -9999.0 -9999.0 -9999.0 -9999.0 -9999.0 -9999.0 -9999.0 -9999.0 -9999.0 -9999.0 -9999.0 -9999.0 -9999.0
-9999.0 -9999.0 -9999.0 -9999.0 -9999.0 -9999.0 -9999.0 -9999.0 -9999.0 -9999.0 -9999.0 -9999.0 -9999.0 -9999.0 -9999.0 -9999.0 -9999.0 -9999.0 -9999.0 -9999.0 -9999.0 -9999.0 -9999.0 -9999.0 -9999.0 -9999.0 -9999.0 -9999.0 -9999.0 -9999.0 -9999.0 -9999.0 -9999.0 -9999.0 -9999.0 -9999.0 -9999.0 -9999.0 -9999.0 -9999.0 -9999.0 -9999.0 -9999.0 -9999.0 -9999.0 -9999.0 -9999.0 -9999.0 -9999.0 -9999.0 -9999.0 -9999.0 -9999.0 -9999.0 -9999.0 -9999.0 -9999.0 -9999.0 -9999.0 -9999.0 -9999.0 -9999.0 -9999.0 -9999.0 -9999.0 -9999.0 -9999.0 -9999.0 -9999.0 -9999.0 -9999.0 -9999.0 -9999.0 -9999.0 -9999.0 -9999.0 -9999.0 -9999.0 -9999.0 -9999.0 -9999.0 -9999.0 -9999.0 -9999.0 -9999.0 -9999.0 -9999.0 -9999.0 -9999.0 -9999.0 -9999.0 -9999.0 -9999.0 -9999.0 -9999.0 -9999.0 -9999.0 -9999.0 -9999.0 -9999.0 -9999.0 -9999.0 -9999.0 -9999.0
-9999.0 -9999.0 -1944.758594 -1953.276434 -1954.840755 -1955.262311 -1955.388103 -1955.427274 -1955.439646 -1955.443615 -1955.444910 -1955.445336 -1955.445476 -1955.445522 -1955.445537 -1955.445542 -1955.445544 -1955.445544 -1955.445544 -1955.445545 -1955.445545 -1955.445545 -1955.445545 -1955.445545 -1955.445545 -1955.445545 -1955.445545 -1955.445545 -1955.445545 -1955.445544 -1955.445544 -1955.445544 -1955.445540 -1955.445477 -1955.444883 -1955.441011 -1955.422826 -1955.358953 -1955.184506 -1954.796323 -1955.067087 -1955.247920 -1955.414699 -1955.678832 -1955.715238 -1955.631228 -1955.565618 -1955.519441 -1955.489402 -1955.471076 -1955.462211 -1955.478483 -1955.447072 -1955.445584 -1955.445546 -1955.445545 -1955.445545 -1955.445546 -1955.445546 -1955.445547 -1955.445548 -1955.445549 -1955.445550 -1955.445552 -1955.445555 -1955.445558 -1955.445563 -1955.445569 -1955.445576 -1955.445587 -1955.445600 -1955.445617 -1955.445638 -1955.445666 -1955.445701 -1955.445746 -1955.445803 -1955.445875 -1955.445965 -1955.446078 -1955.446220 -1955.446396 -1955.446615 -1955.446886 -1955.447222 -1955.447637 -1955.448148 -1955.448778 -1955.449551 -1955.450502 -1955.451671 -1955.453107 -1955.454874 -1955.457054 -1955.459752 -1955.463109 -1955.467316 -1955.472648 -1955.479535 -1955.489534 -1955.561520 -1958.553183 -9999.0 -9999.0
-9999.0 -9999.0 -1944.758594 -1953.276434 -1954.840755 -1955.262311 -1955.388103 -1955.427274 -1955.439646 -1955.443615 -1955.444910 -1955.445336 -1955.445476 -1955.445522 -1955.445537 -1955.445542 -1955.445544 -1955.445544 -1955.445544 -1955.445545 -1955.445545 -1955.445545 -1955.445545 -1955.445545 -1955.445545 -1955.445545 -1955.445545 -1955.445545 -1955.445545 -1955.445544 -1955.445544 -1955.445544 -1955.445540 -1955.445477 -1955.444883 -1955.441011 -1955.422826 -1955.358953 -1955.184506 -1954.796323 -1955.067087 -1955.247920 -1955.414699 -1955.678832 -1955.715238 -1955.631228 -1955.565618 -1955.519441 -1955.489402 -1955.471076 -1955.462211 -1955.478483 -1955.447072 -1955.445584 -1955.445546 -1955.445545 -1955.445545 -1955.445546 -1955.445546 -1955.445547 -1955.445548 -1955.445549 -1955.445550 -1955.445552 -1955.445555 -1955.445558 -1955.445563 -1955.445569 -1955.445576 -1955.445587 -1955.445600 -1955.445617 -1955.445638 -1955.445666 -1955.445701 -1955.445746 -1955.445803 -1955.445875 -1955.445965 -1955.446078 -1955.446220 -1955.446396 -1955.446615 -1955.446886 -1955.447222 -1955.447637 -1955.448148 -1955.448778 -1955.449551 -1955.450502 -1955.451671 -1955.453107 -1955.454874 -1955.457054 -1955.459752 -1955.463109 -1955.467316 -1955.472648 -1955.479535 -1955.489534 -1955.561520 -1958.553183 -9999.0 -9999.0
-9999.0 -9999.0 -1944.758594 -1953.276434 -1954.840755 -1955.262311 -1955.388103 -1955.427274 -1955.439646 -1955.443615 -1955.444910 -1955.445336 -1955.445476 -1955.445522 -1955.445537 -1955.445542 -1955.445544 -1955.445544 -1955.445544 -1955.445545 -1955.445545 -1955.445545 -1955.445545 -1955.445545 -1955.445545 -1955.445545 -1955.445545 -1955.445545 -1955.445545 -1955.445544 -1955.445544 -1955.445544 -1955.445540 -1955.445477 -1955.444883 -1955.441011 -1955.422826 -1955.358953 -1955.184506 -1954.796323 -1955.067087 -1955.247920 -1955.414699 -1955.678832 -1955.715238 -1955.631228 -1955.565618 -1955.519441 -1955.489402 -1955.471076 -1955.462211 -1955.478483 -1955.447072 -1955.445584 -1955.445546 -1955.445545 -1955.445545 -1955.445546 -1955.445546 -1955.445547 -1955.445548 -1955.445549 -1955.445550 -1955.445552 -1955.445555 -1955.445558 -1955.445563 -1955.445569 -1955.445576 -1955.445587 -1955.445600 -1955.445617 -1955.445638 -1955.445666 -1955.445701 -1955.445746 -1955.445803 -1955.445875 -1955.445965 -1955.446078 -1955.446220 -1955.446396 -1955.446615 -1955.446886 -1955.447222 -1955.447637 -1955.448148 -1955.448778 -1955.449551 -1955.450502 -1955.451671 -1955.453107 -1955.454874 -1955.457054 -1955.459752 -1955.463109 -1955.467316 -1955.472648 -1955.479535 -1955.489534 -1955.561520 -1958.553183 -9999.0 -9999.0
-9999.0 -9999.0 -1944.758594 -1953.276434 -1954.840755 -1955.262311 -1955.388103 -1955.427274 -1955.439646 -1955.443615 -1955.444910 -1955.445336 -1955.445476 -1955.445522 -1955.445537 -1955.445542 -1955.445544 -1955.445544 -1955.445544 -1955.445545 -1955.445545 -1955.445545 -1955.445545 -1955.445545 -1955.445545 -1955.445545 -1955.445545 -1955.445545 -1955.445545 -1955.445544 -1955.445544 -1955.445544 -1955.445540 -1955.445477 -1955.444883 -1955.441011 -1955.422826 -1955.358953 -1955.184506 -1954.796323 -1955.067087 -1955.247920 -1955.414699 -1955.678832 -1955.715238 -1955.631228 -1955.565618 -1955.519441 -1955.489402 -1955.471076 -1955.462211 -1955.478483 -1955.447072 -1955.445584 -1955.445546 -1955.445545 -1955.445545 -1955.445546 -1955.445546 -1955.445547 -1955.445548 -1955.445549 -1955.445550 -1955.445552 -1955.445555 -1955.445558 -1955.445563 -1955.445569 -1955.445576 -1955.445587 -1955.445600 -1955.445617 -1955.445638 -1955.445666 -1955.445701 -1955.445746 -1955.445803 -1955.445875 -1955.445965 -1955.446078 -1955.446220 -1955.446396 -1955.446615 -1955.446886 -1955.447222 -1955.447637 -1955.448148 -1955.448778 -1955.449551 -1955.450502 -1955.451671 -1955.453107 -1955.454874 -1955.457054 -1955.459752 -1955.463109 -1955.467316 -1955.472648 -1955.479535 -1955.489534 -1955.561520 -1958.553183 -9999.0 -9999.0
-9999.0 -9999.0 -1944.758594 -1953.276434 -1954.840755 -1955.262311 -1955.388103 -1955.427274 -1955.439646 -1955.443615 -1955.444910 -1955.445336 -1955.445476 -1955.445522 -1955.445537 -1955.445542 -1955.445544 -1955.445544 -1955.445544 -1955.445545 -1955.445545 -1955.445545 -1955.445545 -1955.445545 -1955.445545 -1955.445545 -1955.445545 -1955.445545 -1955.445545 -1955.445544 -1955.445544 -1955.445544 -1955.445540 -1955.445477 -1955.444883 -1955.441011 -1955.422826 -1955.358953 -1955.184506 -1954.796323 -1955.067087 -1955.247920 -1955.414699 -1955.678832 -1955.715238 -1955.631228 -1955.565618 -1955.519441 -1955.489402 -1955.471076 -1955.462211 -1955.478483 -1955.447072 -1955.445584 -1955.445546 -1955.445545 -1955.445545 -1955.445546 -1955.445546 -1955.445547 -1955.445548 -1955.445549 -1955.445550 -1955.445552 -1955.445555 -1955.445558 -1955.445563 -1955.445569 -1955.445576 -1955.445587 -1955.445600 -1955.445617 -1955.445638 -1955.445666 -1955.445701 -1955.445746 -1955.445803 -1955.445875 -1955.445965 -1955.446078 -1955.446220 -1955.446396 -1955.446615 -1955.446886 -1955.447222 -1955.447637 -1955.448148 -1955.448778 -1955.449551 -1955.450502 -1955.451671 -1955.453107 -1955.454874 -1955.457054 -1955.459752 -1955.463109 -1955.467316 -1955.472648 -1955.479535 -1955.489534 -1955.561520 -1958.553183 -9999.0 -9999.0
-9999.0 -9999.0 -1944.758594 -1953.276434 -1954.840755 -1955.262311 -1955.388103 -1955.427274 -1955.439646 -1955.443615 -1955.444910 -1955.445336 -1955.445476 -1955.445522 -1955.445537 -1955.445542 -1955.445544 -1955.445544 -1955.445544 -1955.445545 -1955.445545 -1955.445545 -1955.445545 -1955.445545 -1955.445545 -1955.445545 -1955.445545 -1955.445545 -1955.445545 -1955.445544 -1955.445544 -1955.445544 -1955.445540 -1955.445477 -1955.444883 -1955.441011 -1955.422826 -1955.358953 -1955.184506 -1954.796323 -1955.067087 -1955.247920 -1955.414699 -1955.678832 -1955.715238 -1955.631228 -1955.565618 -1955.519441 -1955.489402 -1955.471076 -1955.462211 -1955.478483 -1955.447072 -1955.445584 -1955.445546 -1955.445545 -1955.445545 -1955.445546 -1955.445546 -1955.445547 -1955.445548 -1955.445549 -1955.445550 -1955.445552 -1955.445555 -1955.445558 -1955.445563 -1955.445569 -1955.445576 -1955.445587 -1955.445600 -1955.445617 -1955.445638 -1955.445666 -1955.445701 -1955.445746 -1955.445803 -1955.445875 -1955.445965 -1955.446078 -1955.446220 -1955.446396 -1955.446615 -1955.446886 -1955.447222 -1955.447637 -1955.448148 -1955.448778 -1955.449551 -1955.450502 -1955.451671 -1955.453107 -1955.454874 -1955.457054 -1955.459752 -1955.463109 -1955.467316 -1955.472648 -1955.479535 -1955.489534 -1955.561520 -1958.553183 -9999.0 -9999.0
-9999.0 -9999.0 -9999.0 -9999.0 -9999.0 -9999.0 -9999.0 -9999.0 -9999.0 -9999.0 -9999.0 -9999.0 -9999.0 -9999.0 -9999.0 -9999.0 -9999.0 -9999.0 -9999.0 -9999.0 -9999.0 -9999.0 -9999.0 -9999.0 -9999.0 -9999.0 -9999.0 -9999.0 -9999.0 -9999.0 -9999.0 -9999.0 -9999.0 -9999.0 -9999.0 -9999.0 -9999.0 -9999.0 -9999.0 -9999.0 -9999.0 -9999.0 -9999.0 -9999.0 -9999.0 -9999.0 -9999.0 -9999.0 -9999.0 -9999.0 -9999.0 -9999.0 -9999.0 -9999.0 -9999.0 -9999.0 -9999.0 -9999.0 -9999.0 -9999.0 -9999.0 -9999.0 -9999.0 -9999.0 -9999.0 -9999.0 -9999.0 -9999.0 -9999.0 -9999.0 -9999.0 -9999.0 -9999.0 -9999.0 -9999.0 -9999.0 -9999.0 -9999.0 -9999.0 -9999.0 -9999.0 -9999.0 -9999.0 -9999.0 -9999.0 -9999.0 -9999.0 -9999.0 -9999.0 -9999.0 -9999.0 -9999.0 -9999.0 -9999.0 -9999.0 -9999.0 -9999.0 -9999.0 -9999.0 -9999.0 -9999.0 -9999.0 -9999.0 -9999.0
-9999.0 -9999.0 -9999.0 -9999.0 -9999.0 -9999.0 -9999.0 -9999.0 -9999.0 -9999.0 -9999.0 -9999.0 -9999.0 -9999.0 -9999.0 -9999.0 -9999.0 -9999.0 -9999.0 -9999.0 -9999.0 -9999.0 -9999.0 -9999.0 -9999.0 -9999.0 -9999.0 -9999.0 -9999.0 -9999.0 -9999.0 -9999.0 -9999.0 -9999.0 -9999.0 -9999.0 -9999.0 -9999.0 -9999.0 -9999.0 -9999.0 -9999.0 -9999.0 -9999.0 -9999.0 -9999.0 -9999.0 -9999.0 -9999.0 -9999.0 -9999.0 -9999.0 -9999.0 -9999.0 -9999.0 -9999.0 -9999.0 -9999.0 -9999.0 -9999.0 -9999.0 -9999.0 -9999.0 -9999.0 -9999.0 -9999.0 -9999.0 -9999.0 -9999.0 -9999.0 -9999.0 -9999.0 -9999.0 -9999.0 -9999.0 -9999.0 -9999.0 -9999.0 -9999.0 -9999.0 -9999.0 -9999.0 -9999.0 -9999.0 -9999.0 -9999.0 -9999.0 -9999.0 -9999.0 -9999.0 -9999.0 -9999.0 -9999.0 -9999.0 -9999.0 -9999.0 -9999.0 -9999.0 -9999.0 -9999.0 -9999.0 -9999.0 -9999.0 -9999.0