tests/3D/hillslope02_superslab/output_maps-SE27XX/psiliqL0093N0001.asc
ncols         104
nrows         10
xllcorner     -2.000000
yllcorner     0.000000
cellsize      1.000000
NODATA_value  -9999.0
-9999.0 -9999.0 -9999.0 -9999.0 -9999.0 -9999.0 -9999.0 -9999.0 -9999.0 -9999.0 -9999.0 -9999.0 -9999.0 -9999.0 -9999.0 -9999.0 -9999.0 -9999.0 -9999.0 -9999.0 -9999.0 -9999.0 -9999.0 -9999.0 -9999.0 -9999.0 -9999.0 -9999.0 -9999.0 -9999.0 -9999.0 -9999.0 -9999.0 -9999.0 -9999.0 -9999.0 -9999.0 -9999.0 -9999.0 -9999.0 -9999.0 -9999.0 -9999.0 -9999.0 -9999.0 -9999.0 -9999.0 -9999.0 -9999.0 -9999.0 -9999.0 -9999.0 -9999.0 -9999.0 -9999.0 -9999.0 -9999.0 -9999.0 -9999.0 -9999.0 -9999.0 -9999.0 -9999.0 -9999.0 -9999.0 -9999.0 -9999.0 -9999.0 -9999.0 -9999.0 -9999.0 -9999.0 -9999.0 -9999.0 -9999.0 -9999.0 -9999.0 -9999.0 -9999.0 -9999.0 -9999.0 -9999.0 -9999.0 -9999.0 -9999.0 -9999.0 -9999.0 -9999.0 -9999.0 -9999.0 -9999.0 -9999.0 -9999.0 -9999.0 -9999.0 -9999.0 -9999.0 -9999.0 -9999.0 -9999.0 -9999.0 -9999.0 -9999.0 -9999.0
-9999.0 -9999.0 -9999.0 -9999.0 -9999.0 -9999.0 -9999.0 -9999.0 -9999.0 -9999.0 -9999.0 -9999.0 -9999.0 -9999.0 -9999.0 -9999.0 -9999.0 -9999.0 -9999.0 -9999.0 -9999.0 -9999.0 -9999.0 -9999.0 -9999.0 -9999.0 -9999.0 -9999.0 -9999.0 -9999.0 -9999.0 -9999.0 -9999.0 -9999.0 -9999.0 -9999.0 -9999.0 -9999.0 -9999.0 -9999.0 -9999.0 -9999.0 -9999.0 -9999.0 -9999.0 -9999.0 -9999.0 -9999.0 -9999.0 -9999.0 -9999.0 -9999.0 -9999.0 -9999.0 -9999.0 -9999.0 -9999.0 -9999.0 -9999.0 -9999.0 -9999.0 -9999.0 -9999.0 -9999.0 -9999.0 -9999.0 -9999.0 -9999.0 -9999.0 -9999.0 -9999.0 -9999.0 -9999.0 -9999.0 -9999.0 -9999.0 -9999.0 -9999.0 -9999.0 -9999.0 -9999.0 -9999.0 -9999.0 -9999.0 -9999.0 -9999.0 -9999.0 -9999.0 -9999.0 -9999.0 -9999.0 -9999.0 -9999.0 -9999.0 -9999.0 -9999.0 -9999.0 -9999.0 -9999.0 -9999.0 -9999.0 -9999.0 -9999.0 -9999.0
-9999.0 -9999.0 57.820543 -38.839501 -130.391651 -213.665433 -282.761089 -330.028124 -355.285846 -365.461964 -369.219071 -370.560844 -371.033540 -371.198951 -371.256578 -371.276576 -371.283486 -371.285860 -371.286666 -371.286930 -371.287005 -371.287011 -371.286989 -371.286951 -371.286900 -371.286837 -371.286761 -371.286670 -371.286563 -371.286440 -371.286300 -371.286145 -371.285976 -371.285794 -371.285603 -371.285408 -371.285213 -371.285026 -371.284854 -371.284706 -371.284593 -371.284527 -371.284509 -371.284545 -371.284603 -371.284530 -371.284032 -371.282721 -371.280354 -371.277682 -371.283018 -371.344988 -371.311490 -371.310966 -371.318216 -371.330241 -371.347462 -371.371144 -371.403105 -371.445673 -371.501705 -371.574631 -371.668489 -371.787954 -371.938351 -372.125647 -372.356418 -372.637803 -372.977430 -373.383331 -373.863851 -374.427555 -375.083135 -375.839339 -376.704917 -377.688595 -378.799082 -380.045112 -381.435520 -382.979370 -384.686120 -386.565838 -388.629478 -390.889218 -393.358887 -396.054498 -398.994922 -402.202767 -405.705530 -409.537151 -413.740168 -418.368770 -423.493261 -429.206831 -435.636198 -442.959170 -451.435331 -461.463652 -473.701618 -489.347881 -510.980724 -546.257119 -9999.0 -9999.0
-9999.0 -9999.0 57.820546 -38.839511 -130.391651 -213.665433 -282.761090 -330.028124 -355.285846 -365.461964 -369.219071 -370.560844 -371.033540 -371.198951 -371.256578 -371.276576 -371.283486 -371.285860 -371.286666 -371.286930 -371.287005 -371.287011 -371.286989 -371.286951 -371.286900 -371.286837 -371.286761 -371.286670 -371.286563 -371.286440 -371.286300 -371.286145 -371.285976 -371.285794 -371.285603 -371.285408 -371.285213 -371.285026 -371.284854 -371.284706 -371.284593 -371.284527 -371.284509 -371.284545 -371.284603 -371.284530 -371.284032 -371.282721 -371.280354 -371.277682 -371.283018 -371.344988 -371.311490 -371.310966 -371.318216 -371.330241 -371.347462 -371.371144 -371.403105 -371.445673 -371.501705 -371.574631 -371.668489 -371.787954 -371.938351 -372.125647 -372.356418 -372.637803 -372.977430 -373.383331 -373.863852 -374.427556 -375.083135 -375.839339 -376.704917 -377.688595 -378.799083 -380.045112 -381.435520 -382.979370 -384.686120 -386.565838 -388.629478 -390.889218 -393.358887 -396.054498 -398.994922 -402.202767 -405.705530 -409.537151 -413.740168 -418.368769 -423.493261 -429.206831 -435.636198 -442.959170 -451.435331 -461.463652 -473.701618 -489.347881 -510.980724 -546.257119 -9999.0 -9999.0
-9999.0 -9999.0 57.820538 -38.839510 -130.391654 -213.665434 -282.761090 -330.028124 -355.285846 -365.461964 -369.219071 -370.560844 -371.033540 -371.198951 -371.256578 -371.276576 -371.283486 -371.285860 -371.286666 -371.286930 -371.287005 -371.287011 -371.286989 -371.286951 -371.286900 -371.286837 -371.286761 -371.286670 -371.286563 -371.286440 -371.286300 -371.286145 -371.285976 -371.285794 -371.285603 -371.285408 -371.285213 -371.285026 -371.284854 -371.284706 -371.284593 -371.284527 -371.284509 -371.284545 -371.284603 -371.284530 -371.284032 -371.282721 -371.280354 -371.277682 -371.283018 -371.344988 -371.311490 -371.310966 -371.318216 -371.330241 -371.347462 -371.371144 -371.403105 -371.445673 -371.501705 -371.574631 -371.668489 -371.787954 -371.938351 -372.125647 -372.356418 -372.637803 -372.977430 -373.383331 -373.863852 -374.427556 -375.083136 -375.839339 -376.704917 -377.688595 -378.799083 -380.045112 -381.435520 -382.979370 -384.686120 -386.565839 -388.629478 -390.889218 -393.358887 -396.054498 -398.994922 -402.202767 -405.705530 -409.537151 -413.740168 -418.368769 -423.493261 -429.206831 -435.636197 -442.959170 -451.435331 -461.463652 -473.701618 -489.347881 -510.980724 -546.257119 -9999.0 -9999.0
-9999.0 -9999.0 57.820538 -38.839510 -130.391654 -213.665434 -282.761090 -330.028124 -355.285846 -365.461964 -369.219071 -370.560844 -371.033540 -371.198951 -371.256578 -371.276576 -371.283486 -371.285860 -371.286666 -371.286930 -371.287005 -371.287011 -371.286989 -371.286951 -371.286900 -371.286837 -371.286761 -371.286670 -371.286563 -371.286440 -371.286300 -371.286145 -371.285976 -371.285794 -371.285603 -371.285408 -371.285213 -371.285026 -371.284854 -371.284706 -371.284593 -371.284527 -371.284509 -371.284545 -371.284603 -371.284530 -371.284032 -371.282721 -371.280354 -371.277682 -371.283018 -371.344988 -371.311490 -371.310966 -371.318216 -371.330241 -371.347462 -371.371144 -371.403105 -371.445673 -371.501705 -371.574631 -371.668489 -371.787954 -371.938351 -372.125647 -372.356418 -372.637803 -372.977430 -373.383331 -373.863852 -374.427556 -375.083136 -375.839339 -376.704917 -377.688595 -378.799083 -380.045112 -381.435520 -382.979370 -384.686120 -386.565839 -388.629478 -390.889218 -393.358887 -396.054498 -398.994922 -402.202767 -405.705530 -409.537151 -413.740168 -418.368769 -423.493261 -429.206831 -435.636197 -442.959170 -451.435331 -461.463652 -473.701618 -489.347881 -510.980724 -546.257119 -9999.0 -9999.0
-9999.0 -9999.0 57.820546 -38.839511 -130.391651 -213.665433 -282.761090 -330.028124 -355.285846 -365.461964 -369.219071 -370.560844 -371.033540 -371.198951 -371.256578 -371.276576 -371.283486 -371.285860 -371.286666 -371.286930 -371.287005 -371.287011 -371.286989 -371.286951 -371.286900 -371.286837 -371.286761 -371.286670 -371.286563 -371.286440 -371.286300 -371.286145 -371.285976 -371.285794 -371.285603 -371.285408 -371.285213 -371.285026 -371.284854 -371.284706 -371.284593 -371.284527 -371.284509 -371.284545 -371.284603 -371.284530 -371.284032 -371.282721 -371.280354 -371.277682 -371.283018 -371.344988 -371.311490 -371.310966 -371.318216 -371.330241 -371.347462 -371.371144 -371.403105 -371.445673 -371.501705 -371.574631 -371.668489 -371.787954 -371.938351 -372.125647 -372.356418 -372.637803 -372.977430 -373.383331 -373.863852 -374.427556 -375.083135 -375.839339 -376.704917 -377.688595 -378.799083 -380.045112 -381.435520 -382.979370 -384.686120 -386.565838 -388.629478 -390.889218 -393.358887 -396.054498 -398.994922 -402.202767 -405.705530 -409.537151 -413.740168 -418.368769 -423.493261 -429.206831 -435.636198 -442.959170 -451.435331 -461.463652 -473.701618 -489.347881 -510.980724 -546.257119 -9999.0 -9999.0
-9999.0 -9999.0 57.820543 -38.839501 -130.391651 -213.665433 -282.761089 -330.028124 -355.285846 -365.461964 -369.219071 -370.560844 -371.033540 -371.198951 -371.256578 -371.276576 -371.283486 -371.285860 -371.286666 -371.286930 -371.287005 -371.287011 -371.286989 -371.286951 -371.286900 -371.286837 -371.286761 -371.286670 -371.286563 -371.286440 -371.286300 -371.286145 -371.285976 -371.285794 -371.285603 -371.285408 -371.285213 -371.285026 -371.284854 -371.284706 -371.284593 -371.284527 -371.284509 -371.284545 -371.284603 -371.284530 -371.284032 -371.282721 -371.280354 -371.277682 -371.283018 -371.344988 -371.311490 -371.310966 -371.318216 -371.330241 -371.347462 -371.371144 -371.403105 -371.445673 -371.501705 -371.574631 -371.668489 -371.787954 -371.938351 -372.125647 -372.356418 -372.637803 -372.977430 -373.383331 -373.863851 -374.427555 -375.083135 -375.839339 -376.704917 -377.688595 -378.799082 -380.045112 -381.435520 -382.979370 -384.686120 -386.565838 -388.629478 -390.889218 -393.358887 -396.054498 -398.994922 -402.202767 -405.705530 -409.537151 -413.740168 -418.368770 -423.493261 -429.206831 -435.636198 -442.959170 -451.435331 -461.463652 -473.701618 -489.347881 -510.980724 -546.257119 -9999.0 -9999.0
-9999.0 -9999.0 -9999.0 -9999.0 -9999.0 -9999.0 -9999.0 -9999.0 -9999.0 -9999.0 -9999.0 -9999.0 -9999.0 -9999.0 -9999.0 -9999.0 -9999.0 -9999.0 -9999.0 -9999.0 -9999.0 -9999.0 -9999.0 -9999.0 -9999.0 -9999.0 -9999.0 -9999.0 -9999.0 -9999.0 -9999.0 -9999.0 -9999.0 -9999.0 -9999.0 -9999.0 -9999.0 -9999.0 -9999.0 -9999.0 -9999.0 -9999.0 -9999.0 -9999.0 -9999.0 -9999.0 -9999.0 -9999.0 -9999.0 -9999.0 -9999.0 -9999.0 -9999.0 -9999.0 -9999.0 -9999.0 -9999.0 -9999.0 -9999.0 -9999.0 -9999.0 -9999.0 -9999.0 -9999.0 -9999.0 -9999.0 -9999.0 -9999.0 -9999.0 -9999.0 -9999.0 -9999.0 -9999.0 -9999.0 -9999.0 -9999.0 -9999.0 -9999.0 -9999.0 -9999.0 -9999.0 -9999.0 -9999.0 -9999.0 -9999.0 -9999.0 -9999.0 -9999.0 -9999.0 -9999.0 -9999.0 -9999.0 -9999.0 -9999.0 -9999.0 -9999.0 -9999.0 -9999.0 -9999.0 -9999.0 -9999.0 -9999.0 -9999.0 -9999.0
-9999.0 -9999.0 -9999.0 -9999.0 -9999.0 -9999.0 -9999.0 -9999.0 -9999.0 -9999.0 -9999.0 -9999.0 -9999.0 -9999.0 -9999.0 -9999.0 -9999.0 -9999.0 -9999.0 -9999.0 -9999.0 -9999.0 -9999.0 -9999.0 -9999.0 -9999.0 -9999.0 -9999.0 -9999.0 -9999.0 -9999.0 -9999.0 -9999.0 -9999.0 -9999.0 -9999.0 -9999.0 -9999.0 -9999.0 -9999.0 -9999.0 -9999.0 -9999.0 -9999.0 -9999.0 -9999.0 -9999.0 -9999.0 -9999.0 -9999.0 -9999.0 -9999.0 -9999.0 -9999.0 -9999.0 -9999.0 -9999.0 -9999.0 -9999.0 -9999.0 -9999.0 -9999.0 -9999.0 -9999.0 -9999.0 -9999.0 -9999.0 -9999.0 -9999.0 -9999.0 -9999.0 -9999.0 -9999.0 -9999.0 -9999.0 -9999.0 -9999.0 -9999.0 -9999.0 -9999.0 -9999.0 -9999.0 -9999.0 -9999.0 -9999.0 -9999.0 -9999.0 -9999.0 -9999.0 -9999.0 -9999.0 -9999.0 -9999.0 -9999.0 -9999.0 -9999.0 -9999.0 -9999.0 -9999.0 -9999.0 -9999.0 -9999.0 -9999.0 -9999.0