tests/3D/hillslope02_superslab/output_maps-SE27XX/psiliqL0095N0002.asc
ncols         104
nrows         10
xllcorner     -2.000000
yllcorner     0.000000
cellsize      1.000000
NODATA_value  -9999.0
-9999.0 -9999.0 -9999.0 -9999.0 -9999.0 -9999.0 -9999.0 -9999.0 -9999.0 -9999.0 -9999.0 -9999.0 -9999.0 -9999.0 -9999.0 -9999.0 -9999.0 -9999.0 -9999.0 -9999.0 -9999.0 -9999.0 -9999.0 -9999.0 -9999.0 -9999.0 -9999.0 -9999.0 -9999.0 -9999.0 -9999.0 -9999.0 -9999.0 -9999.0 -9999.0 -9999.0 -9999.0 -9999.0 -9999.0 -9999.0 -9999.0 -9999.0 -9999.0 -9999.0 -9999.0 -9999.0 -9999.0 -9999.0 -9999.0 -9999.0 -9999.0 -9999.0 -9999.0 -9999.0 -9999.0 -9999.0 -9999.0 -9999.0 -9999.0 -9999.0 -9999.0 -9999.0 -9999.0 -9999.0 -9999.0 -9999.0 -9999.0 -9999.0 -9999.0 -9999.0 -9999.0 -9999.0 -9999.0 -9999.0 -9999.0 -9999.0 -9999.0 -9999.0 -9999.0 -9999.0 -9999.0 -9999.0 -9999.0 -9999.0 -9999.0 -9999.0 -9999.0 -9999.0 -9999.0 -9999.0 -9999.0 -9999.0 -9999.0 -9999.0 -9999.0 -9999.0 -9999.0 -9999.0 -9999.0 -9999.0 -9999.0 -9999.0 -9999.0 -9999.0
-9999.0 -9999.0 -9999.0 -9999.0 -9999.0 -9999.0 -9999.0 -9999.0 -9999.0 -9999.0 -9999.0 -9999.0 -9999.0 -9999.0 -9999.0 -9999.0 -9999.0 -9999.0 -9999.0 -9999.0 -9999.0 -9999.0 -9999.0 -9999.0 -9999.0 -9999.0 -9999.0 -9999.0 -9999.0 -9999.0 -9999.0 -9999.0 -9999.0 -9999.0 -9999.0 -9999.0 -9999.0 -9999.0 -9999.0 -9999.0 -9999.0 -9999.0 -9999.0 -9999.0 -9999.0 -9999.0 -9999.0 -9999.0 -9999.0 -9999.0 -9999.0 -9999.0 -9999.0 -9999.0 -9999.0 -9999.0 -9999.0 -9999.0 -9999.0 -9999.0 -9999.0 -9999.0 -9999.0 -9999.0 -9999.0 -9999.0 -9999.0 -9999.0 -9999.0 -9999.0 -9999.0 -9999.0 -9999.0 -9999.0 -9999.0 -9999.0 -9999.0 -9999.0 -9999.0 -9999.0 -9999.0 -9999.0 -9999.0 -9999.0 -9999.0 -9999.0 -9999.0 -9999.0 -9999.0 -9999.0 -9999.0 -9999.0 -9999.0 -9999.0 -9999.0 -9999.0 -9999.0 -9999.0 -9999.0 -9999.0 -9999.0 -9999.0 -9999.0 -9999.0
-9999.0 -9999.0 356.337277 257.997313 161.865591 68.888114 -19.331489 -100.253103 -168.865620 -219.262566 -250.090168 -263.685204 -269.058443 -271.088242 -271.841442 -272.119252 -272.221984 -272.260729 -272.276247 -272.283835 -272.289093 -272.294207 -272.300147 -272.307474 -272.316635 -272.328084 -272.342325 -272.359936 -272.381582 -272.408027 -272.440138 -272.478895 -272.525392 -272.580844 -272.646585 -272.724066 -272.814856 -272.920630 -273.043165 -273.184324 -273.346050 -273.530340 -273.739239 -273.974816 -274.239163 -274.534402 -274.862706 -275.226339 -275.627706 -276.069701 -276.558290 -277.110317 -277.649307 -278.253479 -278.910490 -279.618225 -280.377021 -281.187859 -282.051935 -282.970526 -283.944939 -284.976512 -286.066619 -287.216689 -288.428230 -289.702846 -291.042271 -292.448389 -293.923271 -295.469203 -297.088730 -298.784692 -300.560274 -302.419062 -304.365100 -306.402967 -308.537861 -310.775700 -313.123241 -315.588233 -318.179588 -320.907605 -323.784243 -326.823464 -330.041672 -333.458276 -337.096421 -340.983964 -345.154781 -349.650558 -354.523301 -359.838928 -365.682560 -372.166562 -379.443232 -387.725756 -397.324805 -408.717099 -422.686394 -440.653282 -465.612658 -505.828702 -9999.0 -9999.0
-9999.0 -9999.0 356.337278 257.997311 161.865588 68.888109 -19.331493 -100.253106 -168.865621 -219.262566 -250.090168 -263.685204 -269.058443 -271.088242 -271.841442 -272.119252 -272.221984 -272.260729 -272.276247 -272.283835 -272.289093 -272.294207 -272.300147 -272.307474 -272.316635 -272.328084 -272.342325 -272.359936 -272.381582 -272.408027 -272.440138 -272.478895 -272.525392 -272.580844 -272.646585 -272.724066 -272.814856 -272.920630 -273.043165 -273.184324 -273.346050 -273.530340 -273.739239 -273.974816 -274.239163 -274.534402 -274.862706 -275.226339 -275.627706 -276.069701 -276.558290 -277.110318 -277.649307 -278.253479 -278.910490 -279.618225 -280.377021 -281.187859 -282.051935 -282.970526 -283.944939 -284.976512 -286.066619 -287.216689 -288.428230 -289.702846 -291.042271 -292.448389 -293.923270 -295.469203 -297.088729 -298.784691 -300.560274 -302.419062 -304.365100 -306.402967 -308.537861 -310.775699 -313.123241 -315.588233 -318.179588 -320.907605 -323.784242 -326.823463 -330.041672 -333.458275 -337.096420 -340.983964 -345.154781 -349.650558 -354.523301 -359.838928 -365.682559 -372.166561 -379.443231 -387.725756 -397.324804 -408.717098 -422.686394 -440.653282 -465.612658 -505.828702 -9999.0 -9999.0
-9999.0 -9999.0 356.337277 257.997310 161.865585 68.888106 -19.331496 -100.253108 -168.865622 -219.262566 -250.090168 -263.685204 -269.058443 -271.088242 -271.841442 -272.119252 -272.221984 -272.260729 -272.276247 -272.283835 -272.289093 -272.294207 -272.300147 -272.307474 -272.316635 -272.328084 -272.342325 -272.359936 -272.381582 -272.408027 -272.440138 -272.478895 -272.525392 -272.580844 -272.646585 -272.724066 -272.814856 -272.920630 -273.043165 -273.184325 -273.346050 -273.530340 -273.739239 -273.974816 -274.239163 -274.534402 -274.862706 -275.226339 -275.627706 -276.069701 -276.558290 -277.110318 -277.649307 -278.253480 -278.910490 -279.618225 -280.377021 -281.187859 -282.051936 -282.970526 -283.944940 -284.976512 -286.066619 -287.216689 -288.428230 -289.702847 -291.042271 -292.448389 -293.923271 -295.469203 -297.088729 -298.784691 -300.560274 -302.419062 -304.365100 -306.402967 -308.537861 -310.775699 -313.123241 -315.588233 -318.179588 -320.907604 -323.784242 -326.823463 -330.041672 -333.458275 -337.096420 -340.983964 -345.154781 -349.650558 -354.523301 -359.838927 -365.682559 -372.166561 -379.443231 -387.725756 -397.324804 -408.717098 -422.686394 -440.653282 -465.612658 -505.828702 -9999.0 -9999.0
-9999.0 -9999.0 356.337277 257.997310 161.865585 68.888106 -19.331496 -100.253108 -168.865622 -219.262566 -250.090168 -263.685204 -269.058443 -271.088242 -271.841442 -272.119252 -272.221984 -272.260729 -272.276247 -272.283835 -272.289093 -272.294207 -272.300147 -272.307474 -272.316635 -272.328084 -272.342325 -272.359936 -272.381582 -272.408027 -272.440138 -272.478895 -272.525392 -272.580844 -272.646585 -272.724066 -272.814856 -272.920630 -273.043165 -273.184325 -273.346050 -273.530340 -273.739239 -273.974816 -274.239163 -274.534402 -274.862706 -275.226339 -275.627706 -276.069701 -276.558290 -277.110318 -277.649307 -278.253480 -278.910490 -279.618225 -280.377021 -281.187859 -282.051936 -282.970526 -283.944940 -284.976512 -286.066619 -287.216689 -288.428230 -289.702847 -291.042271 -292.448389 -293.923271 -295.469203 -297.088729 -298.784691 -300.560274 -302.419062 -304.365100 -306.402967 -308.537861 -310.775699 -313.123241 -315.588233 -318.179588 -320.907604 -323.784242 -326.823463 -330.041672 -333.458275 -337.096420 -340.983964 -345.154781 -349.650558 -354.523301 -359.838927 -365.682559 -372.166561 -379.443231 -387.725756 -397.324804 -408.717098 -422.686394 -440.653282 -465.612658 -505.828702 -9999.0 -9999.0
-9999.0 -9999.0 356.337278 257.997311 161.865588 68.888109 -19.331493 -100.253106 -168.865621 -219.262566 -250.090168 -263.685204 -269.058443 -271.088242 -271.841442 -272.119252 -272.221984 -272.260729 -272.276247 -272.283835 -272.289093 -272.294207 -272.300147 -272.307474 -272.316635 -272.328084 -272.342325 -272.359936 -272.381582 -272.408027 -272.440138 -272.478895 -272.525392 -272.580844 -272.646585 -272.724066 -272.814856 -272.920630 -273.043165 -273.184324 -273.346050 -273.530340 -273.739239 -273.974816 -274.239163 -274.534402 -274.862706 -275.226339 -275.627706 -276.069701 -276.558290 -277.110318 -277.649307 -278.253479 -278.910490 -279.618225 -280.377021 -281.187859 -282.051935 -282.970526 -283.944939 -284.976512 -286.066619 -287.216689 -288.428230 -289.702846 -291.042271 -292.448389 -293.923270 -295.469203 -297.088729 -298.784691 -300.560274 -302.419062 -304.365100 -306.402967 -308.537861 -310.775699 -313.123241 -315.588233 -318.179588 -320.907605 -323.784242 -326.823463 -330.041672 -333.458275 -337.096420 -340.983964 -345.154781 -349.650558 -354.523301 -359.838928 -365.682559 -372.166561 -379.443231 -387.725756 -397.324804 -408.717098 -422.686394 -440.653282 -465.612658 -505.828702 -9999.0 -9999.0
-9999.0 -9999.0 356.337277 257.997313 161.865591 68.888114 -19.331489 -100.253103 -168.865620 -219.262566 -250.090168 -263.685204 -269.058443 -271.088242 -271.841442 -272.119252 -272.221984 -272.260729 -272.276247 -272.283835 -272.289093 -272.294207 -272.300147 -272.307474 -272.316635 -272.328084 -272.342325 -272.359936 -272.381582 -272.408027 -272.440138 -272.478895 -272.525392 -272.580844 -272.646585 -272.724066 -272.814856 -272.920630 -273.043165 -273.184324 -273.346050 -273.530340 -273.739239 -273.974816 -274.239163 -274.534402 -274.862706 -275.226339 -275.627706 -276.069701 -276.558290 -277.110317 -277.649307 -278.253479 -278.910490 -279.618225 -280.377021 -281.187859 -282.051935 -282.970526 -283.944939 -284.976512 -286.066619 -287.216689 -288.428230 -289.702846 -291.042271 -292.448389 -293.923271 -295.469203 -297.088730 -298.784692 -300.560274 -302.419062 -304.365100 -306.402967 -308.537861 -310.775700 -313.123241 -315.588233 -318.179588 -320.907605 -323.784243 -326.823464 -330.041672 -333.458276 -337.096421 -340.983964 -345.154781 -349.650558 -354.523301 -359.838928 -365.682560 -372.166562 -379.443232 -387.725756 -397.324805 -408.717099 -422.686394 -440.653282 -465.612658 -505.828702 -9999.0 -9999.0
-9999.0 -9999.0 -9999.0 -9999.0 -9999.0 -9999.0 -9999.0 -9999.0 -9999.0 -9999.0 -9999.0 -9999.0 -9999.0 -9999.0 -9999.0 -9999.0 -9999.0 -9999.0 -9999.0 -9999.0 -9999.0 -9999.0 -9999.0 -9999.0 -9999.0 -9999.0 -9999.0 -9999.0 -9999.0 -9999.0 -9999.0 -9999.0 -9999.0 -9999.0 -9999.0 -9999.0 -9999.0 -9999.0 -9999.0 -9999.0 -9999.0 -9999.0 -9999.0 -9999.0 -9999.0 -9999.0 -9999.0 -9999.0 -9999.0 -9999.0 -9999.0 -9999.0 -9999.0 -9999.0 -9999.0 -9999.0 -9999.0 -9999.0 -9999.0 -9999.0 -9999.0 -9999.0 -9999.0 -9999.0 -9999.0 -9999.0 -9999.0 -9999.0 -9999.0 -9999.0 -9999.0 -9999.0 -9999.0 -9999.0 -9999.0 -9999.0 -9999.0 -9999.0 -9999.0 -9999.0 -9999.0 -9999.0 -9999.0 -9999.0 -9999.0 -9999.0 -9999.0 -9999.0 -9999.0 -9999.0 -9999.0 -9999.0 -9999.0 -9999.0 -9999.0 -9999.0 -9999.0 -9999.0 -9999.0 -9999.0 -9999.0 -9999.0 -9999.0 -9999.0
-9999.0 -9999.0 -9999.0 -9999.0 -9999.0 -9999.0 -9999.0 -9999.0 -9999.0 -9999.0 -9999.0 -9999.0 -9999.0 -9999.0 -9999.0 -9999.0 -9999.0 -9999.0 -9999.0 -9999.0 -9999.0 -9999.0 -9999.0 -9999.0 -9999.0 -9999.0 -9999.0 -9999.0 -9999.0 -9999.0 -9999.0 -9999.0 -9999.0 -9999.0 -9999.0 -9999.0 -9999.0 -9999.0 -9999.0 -9999.0 -9999.0 -9999.0 -9999.0 -9999.0 -9999.0 -9999.0 -9999.0 -9999.0 -9999.0 -9999.0 -9999.0 -9999.0 -9999.0 -9999.0 -9999.0 -9999.0 -9999.0 -9999.0 -9999.0 -9999.0 -9999.0 -9999.0 -9999.0 -9999.0 -9999.0 -9999.0 -9999.0 -9999.0 -9999.0 -9999.0 -9999.0 -9999.0 -9999.0 -9999.0 -9999.0 -9999.0 -9999.0 -9999.0 -9999.0 -9999.0 -9999.0 -9999.0 -9999.0 -9999.0 -9999.0 -9999.0 -9999.0 -9999.0 -9999.0 -9999.0 -9999.0 -9999.0 -9999.0 -9999.0 -9999.0 -9999.0 -9999.0 -9999.0 -9999.0 -9999.0 -9999.0 -9999.0 -9999.0 -9999.0