tests/3D/hillslope02_superslab/output_maps-SE27XX/psiliqL0064N0002.asc
ncols         104
nrows         10
xllcorner     -2.000000
yllcorner     0.000000
cellsize      1.000000
NODATA_value  -9999.0
-9999.0 -9999.0 -9999.0 -9999.0 -9999.0 -9999.0 -9999.0 -9999.0 -9999.0 -9999.0 -9999.0 -9999.0 -9999.0 -9999.0 -9999.0 -9999.0 -9999.0 -9999.0 -9999.0 -9999.0 -9999.0 -9999.0 -9999.0 -9999.0 -9999.0 -9999.0 -9999.0 -9999.0 -9999.0 -9999.0 -9999.0 -9999.0 -9999.0 -9999.0 -9999.0 -9999.0 -9999.0 -9999.0 -9999.0 -9999.0 -9999.0 -9999.0 -9999.0 -9999.0 -9999.0 -9999.0 -9999.0 -9999.0 -9999.0 -9999.0 -9999.0 -9999.0 -9999.0 -9999.0 -9999.0 -9999.0 -9999.0 -9999.0 -9999.0 -9999.0 -9999.0 -9999.0 -9999.0 -9999.0 -9999.0 -9999.0 -9999.0 -9999.0 -9999.0 -9999.0 -9999.0 -9999.0 -9999.0 -9999.0 -9999.0 -9999.0 -9999.0 -9999.0 -9999.0 -9999.0 -9999.0 -9999.0 -9999.0 -9999.0 -9999.0 -9999.0 -9999.0 -9999.0 -9999.0 -9999.0 -9999.0 -9999.0 -9999.0 -9999.0 -9999.0 -9999.0 -9999.0 -9999.0 -9999.0 -9999.0 -9999.0 -9999.0 -9999.0 -9999.0
-9999.0 -9999.0 -9999.0 -9999.0 -9999.0 -9999.0 -9999.0 -9999.0 -9999.0 -9999.0 -9999.0 -9999.0 -9999.0 -9999.0 -9999.0 -9999.0 -9999.0 -9999.0 -9999.0 -9999.0 -9999.0 -9999.0 -9999.0 -9999.0 -9999.0 -9999.0 -9999.0 -9999.0 -9999.0 -9999.0 -9999.0 -9999.0 -9999.0 -9999.0 -9999.0 -9999.0 -9999.0 -9999.0 -9999.0 -9999.0 -9999.0 -9999.0 -9999.0 -9999.0 -9999.0 -9999.0 -9999.0 -9999.0 -9999.0 -9999.0 -9999.0 -9999.0 -9999.0 -9999.0 -9999.0 -9999.0 -9999.0 -9999.0 -9999.0 -9999.0 -9999.0 -9999.0 -9999.0 -9999.0 -9999.0 -9999.0 -9999.0 -9999.0 -9999.0 -9999.0 -9999.0 -9999.0 -9999.0 -9999.0 -9999.0 -9999.0 -9999.0 -9999.0 -9999.0 -9999.0 -9999.0 -9999.0 -9999.0 -9999.0 -9999.0 -9999.0 -9999.0 -9999.0 -9999.0 -9999.0 -9999.0 -9999.0 -9999.0 -9999.0 -9999.0 -9999.0 -9999.0 -9999.0 -9999.0 -9999.0 -9999.0 -9999.0 -9999.0 -9999.0
-9999.0 -9999.0 -1742.201098 -1787.852073 -1801.229620 -1805.143371 -1806.353017 -1806.742214 -1806.868751 -1806.910043 -1806.923753 -1806.928356 -1806.929907 -1806.930429 -1806.930605 -1806.930664 -1806.930683 -1806.930690 -1806.930692 -1806.930693 -1806.930693 -1806.930693 -1806.930693 -1806.930693 -1806.930693 -1806.930693 -1806.930692 -1806.930692 -1806.930692 -1806.930692 -1806.930692 -1806.930691 -1806.930690 -1806.930683 -1806.930602 -1806.929941 -1806.926016 -1806.908630 -1806.849447 -1806.689333 -1806.331769 -1806.038583 -1806.508807 -1806.720236 -1806.989949 -1807.287053 -1807.194818 -1807.115328 -1807.053401 -1807.010038 -1806.994521 -1807.111777 -1806.939601 -1806.930955 -1806.930716 -1806.930716 -1806.930723 -1806.930733 -1806.930746 -1806.930763 -1806.930786 -1806.930816 -1806.930854 -1806.930903 -1806.930966 -1806.931046 -1806.931148 -1806.931277 -1806.931439 -1806.931643 -1806.931898 -1806.932215 -1806.932608 -1806.933094 -1806.933692 -1806.934426 -1806.935323 -1806.936416 -1806.937745 -1806.939355 -1806.941300 -1806.943644 -1806.946463 -1806.949844 -1806.953892 -1806.958732 -1806.964508 -1806.971395 -1806.979601 -1806.989376 -1807.001022 -1807.014910 -1807.031497 -1807.051360 -1807.075240 -1807.104110 -1807.139298 -1807.182699 -1807.237245 -1807.309824 -1807.504284 -1811.353124 -9999.0 -9999.0
-9999.0 -9999.0 -1742.201098 -1787.852075 -1801.229620 -1805.143371 -1806.353017 -1806.742214 -1806.868751 -1806.910043 -1806.923753 -1806.928356 -1806.929907 -1806.930429 -1806.930605 -1806.930664 -1806.930683 -1806.930690 -1806.930692 -1806.930693 -1806.930693 -1806.930693 -1806.930693 -1806.930693 -1806.930693 -1806.930693 -1806.930692 -1806.930692 -1806.930692 -1806.930692 -1806.930692 -1806.930691 -1806.930690 -1806.930683 -1806.930602 -1806.929941 -1806.926016 -1806.908630 -1806.849447 -1806.689333 -1806.331769 -1806.038583 -1806.508807 -1806.720236 -1806.989949 -1807.287053 -1807.194818 -1807.115328 -1807.053401 -1807.010038 -1806.994521 -1807.111777 -1806.939601 -1806.930955 -1806.930716 -1806.930716 -1806.930723 -1806.930733 -1806.930746 -1806.930763 -1806.930786 -1806.930816 -1806.930854 -1806.930903 -1806.930966 -1806.931046 -1806.931148 -1806.931277 -1806.931439 -1806.931643 -1806.931898 -1806.932215 -1806.932608 -1806.933094 -1806.933692 -1806.934426 -1806.935323 -1806.936416 -1806.937745 -1806.939355 -1806.941300 -1806.943644 -1806.946463 -1806.949844 -1806.953892 -1806.958732 -1806.964508 -1806.971395 -1806.979601 -1806.989376 -1807.001022 -1807.014910 -1807.031497 -1807.051360 -1807.075240 -1807.104110 -1807.139298 -1807.182699 -1807.237245 -1807.309824 -1807.504284 -1811.353124 -9999.0 -9999.0
-9999.0 -9999.0 -1742.201101 -1787.852075 -1801.229620 -1805.143371 -1806.353017 -1806.742214 -1806.868751 -1806.910043 -1806.923753 -1806.928356 -1806.929907 -1806.930429 -1806.930605 -1806.930664 -1806.930683 -1806.930690 -1806.930692 -1806.930693 -1806.930693 -1806.930693 -1806.930693 -1806.930693 -1806.930693 -1806.930693 -1806.930692 -1806.930692 -1806.930692 -1806.930692 -1806.930692 -1806.930691 -1806.930690 -1806.930683 -1806.930602 -1806.929941 -1806.926016 -1806.908630 -1806.849447 -1806.689333 -1806.331769 -1806.038583 -1806.508807 -1806.720236 -1806.989949 -1807.287053 -1807.194818 -1807.115328 -1807.053401 -1807.010038 -1806.994521 -1807.111777 -1806.939601 -1806.930955 -1806.930716 -1806.930716 -1806.930723 -1806.930733 -1806.930746 -1806.930763 -1806.930786 -1806.930816 -1806.930854 -1806.930903 -1806.930966 -1806.931046 -1806.931148 -1806.931277 -1806.931439 -1806.931643 -1806.931898 -1806.932215 -1806.932608 -1806.933094 -1806.933692 -1806.934426 -1806.935323 -1806.936416 -1806.937745 -1806.939355 -1806.941300 -1806.943644 -1806.946463 -1806.949844 -1806.953892 -1806.958732 -1806.964508 -1806.971395 -1806.979601 -1806.989376 -1807.001022 -1807.014910 -1807.031497 -1807.051360 -1807.075240 -1807.104110 -1807.139298 -1807.182699 -1807.237245 -1807.309824 -1807.504284 -1811.353124 -9999.0 -9999.0
-9999.0 -9999.0 -1742.201101 -1787.852075 -1801.229620 -1805.143371 -1806.353017 -1806.742214 -1806.868751 -1806.910043 -1806.923753 -1806.928356 -1806.929907 -1806.930429 -1806.930605 -1806.930664 -1806.930683 -1806.930690 -1806.930692 -1806.930693 -1806.930693 -1806.930693 -1806.930693 -1806.930693 -1806.930693 -1806.930693 -1806.930692 -1806.930692 -1806.930692 -1806.930692 -1806.930692 -1806.930691 -1806.930690 -1806.930683 -1806.930602 -1806.929941 -1806.926016 -1806.908630 -1806.849447 -1806.689333 -1806.331769 -1806.038583 -1806.508807 -1806.720236 -1806.989949 -1807.287053 -1807.194818 -1807.115328 -1807.053401 -1807.010038 -1806.994521 -1807.111777 -1806.939601 -1806.930955 -1806.930716 -1806.930716 -1806.930723 -1806.930733 -1806.930746 -1806.930763 -1806.930786 -1806.930816 -1806.930854 -1806.930903 -1806.930966 -1806.931046 -1806.931148 -1806.931277 -1806.931439 -1806.931643 -1806.931898 -1806.932215 -1806.932608 -1806.933094 -1806.933692 -1806.934426 -1806.935323 -1806.936416 -1806.937745 -1806.939355 -1806.941300 -1806.943644 -1806.946463 -1806.949844 -1806.953892 -1806.958732 -1806.964508 -1806.971395 -1806.979601 -1806.989376 -1807.001022 -1807.014910 -1807.031497 -1807.051360 -1807.075240 -1807.104110 -1807.139298 -1807.182699 -1807.237245 -1807.309824 -1807.504284 -1811.353124 -9999.0 -9999.0
-9999.0 -9999.0 -1742.201098 -1787.852075 -1801.229620 -1805.143371 -1806.353017 -1806.742214 -1806.868751 -1806.910043 -1806.923753 -1806.928356 -1806.929907 -1806.930429 -1806.930605 -1806.930664 -1806.930683 -1806.930690 -1806.930692 -1806.930693 -1806.930693 -1806.930693 -1806.930693 -1806.930693 -1806.930693 -1806.930693 -1806.930692 -1806.930692 -1806.930692 -1806.930692 -1806.930692 -1806.930691 -1806.930690 -1806.930683 -1806.930602 -1806.929941 -1806.926016 -1806.908630 -1806.849447 -1806.689333 -1806.331769 -1806.038583 -1806.508807 -1806.720236 -1806.989949 -1807.287053 -1807.194818 -1807.115328 -1807.053401 -1807.010038 -1806.994521 -1807.111777 -1806.939601 -1806.930955 -1806.930716 -1806.930716 -1806.930723 -1806.930733 -1806.930746 -1806.930763 -1806.930786 -1806.930816 -1806.930854 -1806.930903 -1806.930966 -1806.931046 -1806.931148 -1806.931277 -1806.931439 -1806.931643 -1806.931898 -1806.932215 -1806.932608 -1806.933094 -1806.933692 -1806.934426 -1806.935323 -1806.936416 -1806.937745 -1806.939355 -1806.941300 -1806.943644 -1806.946463 -1806.949844 -1806.953892 -1806.958732 -1806.964508 -1806.971395 -1806.979601 -1806.989376 -1807.001022 -1807.014910 -1807.031497 -1807.051360 -1807.075240 -1807.104110 -1807.139298 -1807.182699 -1807.237245 -1807.309824 -1807.504284 -1811.353124 -9999.0 -9999.0
-9999.0 -9999.0 -1742.201098 -1787.852073 -1801.229620 -1805.143371 -1806.353017 -1806.742214 -1806.868751 -1806.910043 -1806.923753 -1806.928356 -1806.929907 -1806.930429 -1806.930605 -1806.930664 -1806.930683 -1806.930690 -1806.930692 -1806.930693 -1806.930693 -1806.930693 -1806.930693 -1806.930693 -1806.930693 -1806.930693 -1806.930692 -1806.930692 -1806.930692 -1806.930692 -1806.930692 -1806.930691 -1806.930690 -1806.930683 -1806.930602 -1806.929941 -1806.926016 -1806.908630 -1806.849447 -1806.689333 -1806.331769 -1806.038583 -1806.508807 -1806.720236 -1806.989949 -1807.287053 -1807.194818 -1807.115328 -1807.053401 -1807.010038 -1806.994521 -1807.111777 -1806.939601 -1806.930955 -1806.930716 -1806.930716 -1806.930723 -1806.930733 -1806.930746 -1806.930763 -1806.930786 -1806.930816 -1806.930854 -1806.930903 -1806.930966 -1806.931046 -1806.931148 -1806.931277 -1806.931439 -1806.931643 -1806.931898 -1806.932215 -1806.932608 -1806.933094 -1806.933692 -1806.934426 -1806.935323 -1806.936416 -1806.937745 -1806.939355 -1806.941300 -1806.943644 -1806.946463 -1806.949844 -1806.953892 -1806.958732 -1806.964508 -1806.971395 -1806.979601 -1806.989376 -1807.001022 -1807.014910 -1807.031497 -1807.051360 -1807.075240 -1807.104110 -1807.139298 -1807.182699 -1807.237245 -1807.309824 -1807.504284 -1811.353124 -9999.0 -9999.0
-9999.0 -9999.0 -9999.0 -9999.0 -9999.0 -9999.0 -9999.0 -9999.0 -9999.0 -9999.0 -9999.0 -9999.0 -9999.0 -9999.0 -9999.0 -9999.0 -9999.0 -9999.0 -9999.0 -9999.0 -9999.0 -9999.0 -9999.0 -9999.0 -9999.0 -9999.0 -9999.0 -9999.0 -9999.0 -9999.0 -9999.0 -9999.0 -9999.0 -9999.0 -9999.0 -9999.0 -9999.0 -9999.0 -9999.0 -9999.0 -9999.0 -9999.0 -9999.0 -9999.0 -9999.0 -9999.0 -9999.0 -9999.0 -9999.0 -9999.0 -9999.0 -9999.0 -9999.0 -9999.0 -9999.0 -9999.0 -9999.0 -9999.0 -9999.0 -9999.0 -9999.0 -9999.0 -9999.0 -9999.0 -9999.0 -9999.0 -9999.0 -9999.0 -9999.0 -9999.0 -9999.0 -9999.0 -9999.0 -9999.0 -9999.0 -9999.0 -9999.0 -9999.0 -9999.0 -9999.0 -9999.0 -9999.0 -9999.0 -9999.0 -9999.0 -9999.0 -9999.0 -9999.0 -9999.0 -9999.0 -9999.0 -9999.0 -9999.0 -9999.0 -9999.0 -9999.0 -9999.0 -9999.0 -9999.0 -9999.0 -9999.0 -9999.0 -9999.0 -9999.0
-9999.0 -9999.0 -9999.0 -9999.0 -9999.0 -9999.0 -9999.0 -9999.0 -9999.0 -9999.0 -9999.0 -9999.0 -9999.0 -9999.0 -9999.0 -9999.0 -9999.0 -9999.0 -9999.0 -9999.0 -9999.0 -9999.0 -9999.0 -9999.0 -9999.0 -9999.0 -9999.0 -9999.0 -9999.0 -9999.0 -9999.0 -9999.0 -9999.0 -9999.0 -9999.0 -9999.0 -9999.0 -9999.0 -9999.0 -9999.0 -9999.0 -9999.0 -9999.0 -9999.0 -9999.0 -9999.0 -9999.0 -9999.0 -9999.0 -9999.0 -9999.0 -9999.0 -9999.0 -9999.0 -9999.0 -9999.0 -9999.0 -9999.0 -9999.0 -9999.0 -9999.0 -9999.0 -9999.0 -9999.0 -9999.0 -9999.0 -9999.0 -9999.0 -9999.0 -9999.0 -9999.0 -9999.0 -9999.0 -9999.0 -9999.0 -9999.0 -9999.0 -9999.0 -9999.0 -9999.0 -9999.0 -9999.0 -9999.0 -9999.0 -9999.0 -9999.0 -9999.0 -9999.0 -9999.0 -9999.0 -9999.0 -9999.0 -9999.0 -9999.0 -9999.0 -9999.0 -9999.0 -9999.0 -9999.0 -9999.0 -9999.0 -9999.0 -9999.0 -9999.0