tests/3D/hillslope02_superslab/output_maps-SE27XX/psiliqL0073N0002.asc
ncols         104
nrows         10
xllcorner     -2.000000
yllcorner     0.000000
cellsize      1.000000
NODATA_value  -9999.0
-9999.0 -9999.0 -9999.0 -9999.0 -9999.0 -9999.0 -9999.0 -9999.0 -9999.0 -9999.0 -9999.0 -9999.0 -9999.0 -9999.0 -9999.0 -9999.0 -9999.0 -9999.0 -9999.0 -9999.0 -9999.0 -9999.0 -9999.0 -9999.0 -9999.0 -9999.0 -9999.0 -9999.0 -9999.0 -9999.0 -9999.0 -9999.0 -9999.0 -9999.0 -9999.0 -9999.0 -9999.0 -9999.0 -9999.0 -9999.0 -9999.0 -9999.0 -9999.0 -9999.0 -9999.0 -9999.0 -9999.0 -9999.0 -9999.0 -9999.0 -9999.0 -9999.0 -9999.0 -9999.0 -9999.0 -9999.0 -9999.0 -9999.0 -9999.0 -9999.0 -9999.0 -9999.0 -9999.0 -9999.0 -9999.0 -9999.0 -9999.0 -9999.0 -9999.0 -9999.0 -9999.0 -9999.0 -9999.0 -9999.0 -9999.0 -9999.0 -9999.0 -9999.0 -9999.0 -9999.0 -9999.0 -9999.0 -9999.0 -9999.0 -9999.0 -9999.0 -9999.0 -9999.0 -9999.0 -9999.0 -9999.0 -9999.0 -9999.0 -9999.0 -9999.0 -9999.0 -9999.0 -9999.0 -9999.0 -9999.0 -9999.0 -9999.0 -9999.0 -9999.0
-9999.0 -9999.0 -9999.0 -9999.0 -9999.0 -9999.0 -9999.0 -9999.0 -9999.0 -9999.0 -9999.0 -9999.0 -9999.0 -9999.0 -9999.0 -9999.0 -9999.0 -9999.0 -9999.0 -9999.0 -9999.0 -9999.0 -9999.0 -9999.0 -9999.0 -9999.0 -9999.0 -9999.0 -9999.0 -9999.0 -9999.0 -9999.0 -9999.0 -9999.0 -9999.0 -9999.0 -9999.0 -9999.0 -9999.0 -9999.0 -9999.0 -9999.0 -9999.0 -9999.0 -9999.0 -9999.0 -9999.0 -9999.0 -9999.0 -9999.0 -9999.0 -9999.0 -9999.0 -9999.0 -9999.0 -9999.0 -9999.0 -9999.0 -9999.0 -9999.0 -9999.0 -9999.0 -9999.0 -9999.0 -9999.0 -9999.0 -9999.0 -9999.0 -9999.0 -9999.0 -9999.0 -9999.0 -9999.0 -9999.0 -9999.0 -9999.0 -9999.0 -9999.0 -9999.0 -9999.0 -9999.0 -9999.0 -9999.0 -9999.0 -9999.0 -9999.0 -9999.0 -9999.0 -9999.0 -9999.0 -9999.0 -9999.0 -9999.0 -9999.0 -9999.0 -9999.0 -9999.0 -9999.0 -9999.0 -9999.0 -9999.0 -9999.0 -9999.0 -9999.0
-9999.0 -9999.0 -827.105293 -977.127302 -1125.010469 -1240.856068 -1309.291253 -1341.180011 -1354.051522 -1358.823062 -1360.486554 -1361.068397 -1361.273682 -1361.346344 -1361.372065 -1361.381156 -1361.384361 -1361.385485 -1361.385876 -1361.386007 -1361.386046 -1361.386053 -1361.386048 -1361.386038 -1361.386027 -1361.386015 -1361.386002 -1361.385990 -1361.385980 -1361.385971 -1361.385966 -1361.385964 -1361.385969 -1361.385981 -1361.386004 -1361.386041 -1361.386075 -1361.385970 -1361.384977 -1361.380103 -1361.362205 -1361.309318 -1361.178691 -1360.900341 -1360.372785 -1359.453097 -1360.103391 -1360.366676 -1360.716341 -1361.206416 -1361.657314 -1364.734015 -1361.570138 -1361.419887 -1361.421061 -1361.428822 -1361.438429 -1361.449969 -1361.463732 -1361.480056 -1361.499329 -1361.521984 -1361.548499 -1361.579404 -1361.615283 -1361.656773 -1361.704572 -1361.759439 -1361.822199 -1361.893746 -1361.975048 -1362.067150 -1362.171182 -1362.288364 -1362.420012 -1362.567549 -1362.732512 -1362.916571 -1363.121538 -1363.349389 -1363.602285 -1363.882604 -1364.192971 -1364.536309 -1364.915885 -1365.335392 -1365.799029 -1366.311628 -1366.878804 -1367.507168 -1368.204615 -1368.980721 -1369.847321 -1370.819362 -1371.916207 -1373.163741 -1374.597949 -1376.271501 -1378.267781 -1380.746690 -1384.321933 -1395.186464 -9999.0 -9999.0
-9999.0 -9999.0 -827.105293 -977.127307 -1125.010471 -1240.856071 -1309.291254 -1341.180011 -1354.051522 -1358.823062 -1360.486554 -1361.068397 -1361.273682 -1361.346344 -1361.372065 -1361.381156 -1361.384361 -1361.385485 -1361.385876 -1361.386007 -1361.386046 -1361.386053 -1361.386048 -1361.386038 -1361.386027 -1361.386015 -1361.386002 -1361.385990 -1361.385980 -1361.385971 -1361.385966 -1361.385964 -1361.385969 -1361.385981 -1361.386004 -1361.386041 -1361.386075 -1361.385970 -1361.384977 -1361.380103 -1361.362205 -1361.309318 -1361.178691 -1360.900341 -1360.372785 -1359.453097 -1360.103390 -1360.366676 -1360.716341 -1361.206416 -1361.657314 -1364.734015 -1361.570138 -1361.419887 -1361.421061 -1361.428822 -1361.438429 -1361.449969 -1361.463732 -1361.480056 -1361.499329 -1361.521984 -1361.548499 -1361.579404 -1361.615283 -1361.656773 -1361.704572 -1361.759439 -1361.822199 -1361.893746 -1361.975048 -1362.067150 -1362.171182 -1362.288364 -1362.420012 -1362.567549 -1362.732512 -1362.916571 -1363.121538 -1363.349389 -1363.602285 -1363.882604 -1364.192971 -1364.536309 -1364.915885 -1365.335392 -1365.799029 -1366.311628 -1366.878804 -1367.507168 -1368.204615 -1368.980721 -1369.847321 -1370.819362 -1371.916207 -1373.163741 -1374.597949 -1376.271501 -1378.267781 -1380.746690 -1384.321933 -1395.186464 -9999.0 -9999.0
-9999.0 -9999.0 -827.105296 -977.127309 -1125.010475 -1240.856072 -1309.291254 -1341.180011 -1354.051522 -1358.823062 -1360.486554 -1361.068397 -1361.273682 -1361.346344 -1361.372065 -1361.381156 -1361.384361 -1361.385485 -1361.385876 -1361.386007 -1361.386046 -1361.386053 -1361.386048 -1361.386038 -1361.386027 -1361.386015 -1361.386002 -1361.385990 -1361.385980 -1361.385971 -1361.385966 -1361.385964 -1361.385969 -1361.385981 -1361.386004 -1361.386041 -1361.386075 -1361.385970 -1361.384977 -1361.380103 -1361.362205 -1361.309318 -1361.178691 -1360.900341 -1360.372785 -1359.453097 -1360.103390 -1360.366676 -1360.716341 -1361.206416 -1361.657314 -1364.734015 -1361.570138 -1361.419887 -1361.421061 -1361.428822 -1361.438429 -1361.449969 -1361.463732 -1361.480056 -1361.499329 -1361.521984 -1361.548499 -1361.579404 -1361.615283 -1361.656773 -1361.704572 -1361.759439 -1361.822199 -1361.893746 -1361.975048 -1362.067150 -1362.171183 -1362.288364 -1362.420012 -1362.567549 -1362.732512 -1362.916571 -1363.121538 -1363.349389 -1363.602285 -1363.882604 -1364.192971 -1364.536309 -1364.915885 -1365.335392 -1365.799029 -1366.311628 -1366.878804 -1367.507168 -1368.204615 -1368.980721 -1369.847321 -1370.819362 -1371.916207 -1373.163741 -1374.597949 -1376.271501 -1378.267781 -1380.746690 -1384.321933 -1395.186464 -9999.0 -9999.0
-9999.0 -9999.0 -827.105296 -977.127309 -1125.010475 -1240.856072 -1309.291254 -1341.180011 -1354.051522 -1358.823062 -1360.486554 -1361.068397 -1361.273682 -1361.346344 -1361.372065 -1361.381156 -1361.384361 -1361.385485 -1361.385876 -1361.386007 -1361.386046 -1361.386053 -1361.386048 -1361.386038 -1361.386027 -1361.386015 -1361.386002 -1361.385990 -1361.385980 -1361.385971 -1361.385966 -1361.385964 -1361.385969 -1361.385981 -1361.386004 -1361.386041 -1361.386075 -1361.385970 -1361.384977 -1361.380103 -1361.362205 -1361.309318 -1361.178691 -1360.900341 -1360.372785 -1359.453097 -1360.103390 -1360.366676 -1360.716341 -1361.206416 -1361.657314 -1364.734015 -1361.570138 -1361.419887 -1361.421061 -1361.428822 -1361.438429 -1361.449969 -1361.463732 -1361.480056 -1361.499329 -1361.521984 -1361.548499 -1361.579404 -1361.615283 -1361.656773 -1361.704572 -1361.759439 -1361.822199 -1361.893746 -1361.975048 -1362.067150 -1362.171183 -1362.288364 -1362.420012 -1362.567549 -1362.732512 -1362.916571 -1363.121538 -1363.349389 -1363.602285 -1363.882604 -1364.192971 -1364.536309 -1364.915885 -1365.335392 -1365.799029 -1366.311628 -1366.878804 -1367.507168 -1368.204615 -1368.980721 -1369.847321 -1370.819362 -1371.916207 -1373.163741 -1374.597949 -1376.271501 -1378.267781 -1380.746690 -1384.321933 -1395.186464 -9999.0 -9999.0
-9999.0 -9999.0 -827.105293 -977.127307 -1125.010471 -1240.856071 -1309.291254 -1341.180011 -1354.051522 -1358.823062 -1360.486554 -1361.068397 -1361.273682 -1361.346344 -1361.372065 -1361.381156 -1361.384361 -1361.385485 -1361.385876 -1361.386007 -1361.386046 -1361.386053 -1361.386048 -1361.386038 -1361.386027 -1361.386015 -1361.386002 -1361.385990 -1361.385980 -1361.385971 -1361.385966 -1361.385964 -1361.385969 -1361.385981 -1361.386004 -1361.386041 -1361.386075 -1361.385970 -1361.384977 -1361.380103 -1361.362205 -1361.309318 -1361.178691 -1360.900341 -1360.372785 -1359.453097 -1360.103390 -1360.366676 -1360.716341 -1361.206416 -1361.657314 -1364.734015 -1361.570138 -1361.419887 -1361.421061 -1361.428822 -1361.438429 -1361.449969 -1361.463732 -1361.480056 -1361.499329 -1361.521984 -1361.548499 -1361.579404 -1361.615283 -1361.656773 -1361.704572 -1361.759439 -1361.822199 -1361.893746 -1361.975048 -1362.067150 -1362.171182 -1362.288364 -1362.420012 -1362.567549 -1362.732512 -1362.916571 -1363.121538 -1363.349389 -1363.602285 -1363.882604 -1364.192971 -1364.536309 -1364.915885 -1365.335392 -1365.799029 -1366.311628 -1366.878804 -1367.507168 -1368.204615 -1368.980721 -1369.847321 -1370.819362 -1371.916207 -1373.163741 -1374.597949 -1376.271501 -1378.267781 -1380.746690 -1384.321933 -1395.186464 -9999.0 -9999.0
-9999.0 -9999.0 -827.105293 -977.127302 -1125.010469 -1240.856068 -1309.291253 -1341.180011 -1354.051522 -1358.823062 -1360.486554 -1361.068397 -1361.273682 -1361.346344 -1361.372065 -1361.381156 -1361.384361 -1361.385485 -1361.385876 -1361.386007 -1361.386046 -1361.386053 -1361.386048 -1361.386038 -1361.386027 -1361.386015 -1361.386002 -1361.385990 -1361.385980 -1361.385971 -1361.385966 -1361.385964 -1361.385969 -1361.385981 -1361.386004 -1361.386041 -1361.386075 -1361.385970 -1361.384977 -1361.380103 -1361.362205 -1361.309318 -1361.178691 -1360.900341 -1360.372785 -1359.453097 -1360.103391 -1360.366676 -1360.716341 -1361.206416 -1361.657314 -1364.734015 -1361.570138 -1361.419887 -1361.421061 -1361.428822 -1361.438429 -1361.449969 -1361.463732 -1361.480056 -1361.499329 -1361.521984 -1361.548499 -1361.579404 -1361.615283 -1361.656773 -1361.704572 -1361.759439 -1361.822199 -1361.893746 -1361.975048 -1362.067150 -1362.171182 -1362.288364 -1362.420012 -1362.567549 -1362.732512 -1362.916571 -1363.121538 -1363.349389 -1363.602285 -1363.882604 -1364.192971 -1364.536309 -1364.915885 -1365.335392 -1365.799029 -1366.311628 -1366.878804 -1367.507168 -1368.204615 -1368.980721 -1369.847321 -1370.819362 -1371.916207 -1373.163741 -1374.597949 -1376.271501 -1378.267781 -1380.746690 -1384.321933 -1395.186464 -9999.0 -9999.0
-9999.0 -9999.0 -9999.0 -9999.0 -9999.0 -9999.0 -9999.0 -9999.0 -9999.0 -9999.0 -9999.0 -9999.0 -9999.0 -9999.0 -9999.0 -9999.0 -9999.0 -9999.0 -9999.0 -9999.0 -9999.0 -9999.0 -9999.0 -9999.0 -9999.0 -9999.0 -9999.0 -9999.0 -9999.0 -9999.0 -9999.0 -9999.0 -9999.0 -9999.0 -9999.0 -9999.0 -9999.0 -9999.0 -9999.0 -9999.0 -9999.0 -9999.0 -9999.0 -9999.0 -9999.0 -9999.0 -9999.0 -9999.0 -9999.0 -9999.0 -9999.0 -9999.0 -9999.0 -9999.0 -9999.0 -9999.0 -9999.0 -9999.0 -9999.0 -9999.0 -9999.0 -9999.0 -9999.0 -9999.0 -9999.0 -9999.0 -9999.0 -9999.0 -9999.0 -9999.0 -9999.0 -9999.0 -9999.0 -9999.0 -9999.0 -9999.0 -9999.0 -9999.0 -9999.0 -9999.0 -9999.0 -9999.0 -9999.0 -9999.0 -9999.0 -9999.0 -9999.0 -9999.0 -9999.0 -9999.0 -9999.0 -9999.0 -9999.0 -9999.0 -9999.0 -9999.0 -9999.0 -9999.0 -9999.0 -9999.0 -9999.0 -9999.0 -9999.0 -9999.0
-9999.0 -9999.0 -9999.0 -9999.0 -9999.0 -9999.0 -9999.0 -9999.0 -9999.0 -9999.0 -9999.0 -9999.0 -9999.0 -9999.0 -9999.0 -9999.0 -9999.0 -9999.0 -9999.0 -9999.0 -9999.0 -9999.0 -9999.0 -9999.0 -9999.0 -9999.0 -9999.0 -9999.0 -9999.0 -9999.0 -9999.0 -9999.0 -9999.0 -9999.0 -9999.0 -9999.0 -9999.0 -9999.0 -9999.0 -9999.0 -9999.0 -9999.0 -9999.0 -9999.0 -9999.0 -9999.0 -9999.0 -9999.0 -9999.0 -9999.0 -9999.0 -9999.0 -9999.0 -9999.0 -9999.0 -9999.0 -9999.0 -9999.0 -9999.0 -9999.0 -9999.0 -9999.0 -9999.0 -9999.0 -9999.0 -9999.0 -9999.0 -9999.0 -9999.0 -9999.0 -9999.0 -9999.0 -9999.0 -9999.0 -9999.0 -9999.0 -9999.0 -9999.0 -9999.0 -9999.0 -9999.0 -9999.0 -9999.0 -9999.0 -9999.0 -9999.0 -9999.0 -9999.0 -9999.0 -9999.0 -9999.0 -9999.0 -9999.0 -9999.0 -9999.0 -9999.0 -9999.0 -9999.0 -9999.0 -9999.0 -9999.0 -9999.0 -9999.0 -9999.0