tests/3D/hillslope02_superslab/output_maps-SE27XX/psiliqL0078N0002.asc
ncols         104
nrows         10
xllcorner     -2.000000
yllcorner     0.000000
cellsize      1.000000
NODATA_value  -9999.0
-9999.0 -9999.0 -9999.0 -9999.0 -9999.0 -9999.0 -9999.0 -9999.0 -9999.0 -9999.0 -9999.0 -9999.0 -9999.0 -9999.0 -9999.0 -9999.0 -9999.0 -9999.0 -9999.0 -9999.0 -9999.0 -9999.0 -9999.0 -9999.0 -9999.0 -9999.0 -9999.0 -9999.0 -9999.0 -9999.0 -9999.0 -9999.0 -9999.0 -9999.0 -9999.0 -9999.0 -9999.0 -9999.0 -9999.0 -9999.0 -9999.0 -9999.0 -9999.0 -9999.0 -9999.0 -9999.0 -9999.0 -9999.0 -9999.0 -9999.0 -9999.0 -9999.0 -9999.0 -9999.0 -9999.0 -9999.0 -9999.0 -9999.0 -9999.0 -9999.0 -9999.0 -9999.0 -9999.0 -9999.0 -9999.0 -9999.0 -9999.0 -9999.0 -9999.0 -9999.0 -9999.0 -9999.0 -9999.0 -9999.0 -9999.0 -9999.0 -9999.0 -9999.0 -9999.0 -9999.0 -9999.0 -9999.0 -9999.0 -9999.0 -9999.0 -9999.0 -9999.0 -9999.0 -9999.0 -9999.0 -9999.0 -9999.0 -9999.0 -9999.0 -9999.0 -9999.0 -9999.0 -9999.0 -9999.0 -9999.0 -9999.0 -9999.0 -9999.0 -9999.0
-9999.0 -9999.0 -9999.0 -9999.0 -9999.0 -9999.0 -9999.0 -9999.0 -9999.0 -9999.0 -9999.0 -9999.0 -9999.0 -9999.0 -9999.0 -9999.0 -9999.0 -9999.0 -9999.0 -9999.0 -9999.0 -9999.0 -9999.0 -9999.0 -9999.0 -9999.0 -9999.0 -9999.0 -9999.0 -9999.0 -9999.0 -9999.0 -9999.0 -9999.0 -9999.0 -9999.0 -9999.0 -9999.0 -9999.0 -9999.0 -9999.0 -9999.0 -9999.0 -9999.0 -9999.0 -9999.0 -9999.0 -9999.0 -9999.0 -9999.0 -9999.0 -9999.0 -9999.0 -9999.0 -9999.0 -9999.0 -9999.0 -9999.0 -9999.0 -9999.0 -9999.0 -9999.0 -9999.0 -9999.0 -9999.0 -9999.0 -9999.0 -9999.0 -9999.0 -9999.0 -9999.0 -9999.0 -9999.0 -9999.0 -9999.0 -9999.0 -9999.0 -9999.0 -9999.0 -9999.0 -9999.0 -9999.0 -9999.0 -9999.0 -9999.0 -9999.0 -9999.0 -9999.0 -9999.0 -9999.0 -9999.0 -9999.0 -9999.0 -9999.0 -9999.0 -9999.0 -9999.0 -9999.0 -9999.0 -9999.0 -9999.0 -9999.0 -9999.0 -9999.0
-9999.0 -9999.0 -501.616001 -615.991293 -736.462356 -856.857949 -963.227229 -1039.430730 -1082.357282 -1101.971296 -1109.568190 -1112.315873 -1113.304845 -1113.661017 -1113.789250 -1113.835362 -1113.851914 -1113.857840 -1113.859955 -1113.860700 -1113.860954 -1113.861038 -1113.861072 -1113.861097 -1113.861132 -1113.861192 -1113.861287 -1113.861429 -1113.861635 -1113.861924 -1113.862322 -1113.862862 -1113.863581 -1113.864532 -1113.865773 -1113.867380 -1113.869443 -1113.872058 -1113.875271 -1113.878820 -1113.881277 -1113.878023 -1113.857707 -1113.797794 -1113.660618 -1113.390610 -1112.910235 -1112.104672 -1111.551282 -1112.366252 -1113.311365 -1119.480192 -1114.395341 -1114.223668 -1114.279999 -1114.354871 -1114.441414 -1114.540429 -1114.653125 -1114.780828 -1114.924944 -1115.086954 -1115.268405 -1115.470908 -1115.696139 -1115.945837 -1116.221808 -1116.525925 -1116.860132 -1117.226452 -1117.626993 -1118.063957 -1118.539655 -1119.056520 -1119.617125 -1120.224210 -1120.880706 -1121.589772 -1122.354832 -1123.179628 -1124.068280 -1125.025356 -1126.055967 -1127.165881 -1128.361658 -1129.650839 -1131.042169 -1132.545902 -1134.174197 -1135.941650 -1137.866035 -1139.969326 -1142.279192 -1144.831206 -1147.672264 -1150.866118 -1154.502825 -1158.716243 -1163.720751 -1169.915879 -1178.457889 -1196.520109 -9999.0 -9999.0
-9999.0 -9999.0 -501.616000 -615.991296 -736.462359 -856.857953 -963.227231 -1039.430731 -1082.357282 -1101.971296 -1109.568190 -1112.315873 -1113.304845 -1113.661017 -1113.789250 -1113.835362 -1113.851914 -1113.857840 -1113.859955 -1113.860700 -1113.860954 -1113.861038 -1113.861072 -1113.861097 -1113.861132 -1113.861192 -1113.861287 -1113.861429 -1113.861635 -1113.861924 -1113.862322 -1113.862862 -1113.863581 -1113.864532 -1113.865773 -1113.867380 -1113.869443 -1113.872058 -1113.875271 -1113.878820 -1113.881277 -1113.878023 -1113.857707 -1113.797794 -1113.660618 -1113.390610 -1112.910235 -1112.104672 -1111.551282 -1112.366252 -1113.311365 -1119.480192 -1114.395341 -1114.223668 -1114.279999 -1114.354871 -1114.441414 -1114.540429 -1114.653125 -1114.780828 -1114.924944 -1115.086954 -1115.268405 -1115.470908 -1115.696139 -1115.945837 -1116.221808 -1116.525925 -1116.860132 -1117.226452 -1117.626993 -1118.063957 -1118.539655 -1119.056520 -1119.617125 -1120.224210 -1120.880706 -1121.589772 -1122.354832 -1123.179629 -1124.068280 -1125.025356 -1126.055967 -1127.165881 -1128.361658 -1129.650839 -1131.042169 -1132.545902 -1134.174197 -1135.941650 -1137.866035 -1139.969326 -1142.279192 -1144.831206 -1147.672264 -1150.866118 -1154.502825 -1158.716243 -1163.720752 -1169.915879 -1178.457890 -1196.520109 -9999.0 -9999.0
-9999.0 -9999.0 -501.616001 -615.991297 -736.462362 -856.857955 -963.227232 -1039.430732 -1082.357282 -1101.971296 -1109.568190 -1112.315873 -1113.304845 -1113.661017 -1113.789250 -1113.835362 -1113.851914 -1113.857840 -1113.859955 -1113.860700 -1113.860954 -1113.861038 -1113.861072 -1113.861097 -1113.861132 -1113.861192 -1113.861287 -1113.861429 -1113.861635 -1113.861924 -1113.862322 -1113.862862 -1113.863581 -1113.864532 -1113.865773 -1113.867380 -1113.869443 -1113.872058 -1113.875271 -1113.878820 -1113.881277 -1113.878023 -1113.857707 -1113.797794 -1113.660618 -1113.390610 -1112.910235 -1112.104672 -1111.551282 -1112.366252 -1113.311365 -1119.480192 -1114.395341 -1114.223668 -1114.279999 -1114.354871 -1114.441414 -1114.540429 -1114.653125 -1114.780828 -1114.924944 -1115.086954 -1115.268405 -1115.470908 -1115.696139 -1115.945837 -1116.221808 -1116.525925 -1116.860132 -1117.226452 -1117.626993 -1118.063957 -1118.539656 -1119.056520 -1119.617125 -1120.224210 -1120.880706 -1121.589772 -1122.354832 -1123.179629 -1124.068280 -1125.025356 -1126.055967 -1127.165881 -1128.361658 -1129.650839 -1131.042169 -1132.545902 -1134.174197 -1135.941650 -1137.866035 -1139.969326 -1142.279192 -1144.831206 -1147.672264 -1150.866118 -1154.502825 -1158.716243 -1163.720751 -1169.915879 -1178.457889 -1196.520109 -9999.0 -9999.0
-9999.0 -9999.0 -501.616001 -615.991297 -736.462362 -856.857955 -963.227232 -1039.430732 -1082.357282 -1101.971296 -1109.568190 -1112.315873 -1113.304845 -1113.661017 -1113.789250 -1113.835362 -1113.851914 -1113.857840 -1113.859955 -1113.860700 -1113.860954 -1113.861038 -1113.861072 -1113.861097 -1113.861132 -1113.861192 -1113.861287 -1113.861429 -1113.861635 -1113.861924 -1113.862322 -1113.862862 -1113.863581 -1113.864532 -1113.865773 -1113.867380 -1113.869443 -1113.872058 -1113.875271 -1113.878820 -1113.881277 -1113.878023 -1113.857707 -1113.797794 -1113.660618 -1113.390610 -1112.910235 -1112.104672 -1111.551282 -1112.366252 -1113.311365 -1119.480192 -1114.395341 -1114.223668 -1114.279999 -1114.354871 -1114.441414 -1114.540429 -1114.653125 -1114.780828 -1114.924944 -1115.086954 -1115.268405 -1115.470908 -1115.696139 -1115.945837 -1116.221808 -1116.525925 -1116.860132 -1117.226452 -1117.626993 -1118.063957 -1118.539656 -1119.056520 -1119.617125 -1120.224210 -1120.880706 -1121.589772 -1122.354832 -1123.179629 -1124.068280 -1125.025356 -1126.055967 -1127.165881 -1128.361658 -1129.650839 -1131.042169 -1132.545902 -1134.174197 -1135.941650 -1137.866035 -1139.969326 -1142.279192 -1144.831206 -1147.672264 -1150.866118 -1154.502825 -1158.716243 -1163.720751 -1169.915879 -1178.457889 -1196.520109 -9999.0 -9999.0
-9999.0 -9999.0 -501.616000 -615.991296 -736.462359 -856.857953 -963.227231 -1039.430731 -1082.357282 -1101.971296 -1109.568190 -1112.315873 -1113.304845 -1113.661017 -1113.789250 -1113.835362 -1113.851914 -1113.857840 -1113.859955 -1113.860700 -1113.860954 -1113.861038 -1113.861072 -1113.861097 -1113.861132 -1113.861192 -1113.861287 -1113.861429 -1113.861635 -1113.861924 -1113.862322 -1113.862862 -1113.863581 -1113.864532 -1113.865773 -1113.867380 -1113.869443 -1113.872058 -1113.875271 -1113.878820 -1113.881277 -1113.878023 -1113.857707 -1113.797794 -1113.660618 -1113.390610 -1112.910235 -1112.104672 -1111.551282 -1112.366252 -1113.311365 -1119.480192 -1114.395341 -1114.223668 -1114.279999 -1114.354871 -1114.441414 -1114.540429 -1114.653125 -1114.780828 -1114.924944 -1115.086954 -1115.268405 -1115.470908 -1115.696139 -1115.945837 -1116.221808 -1116.525925 -1116.860132 -1117.226452 -1117.626993 -1118.063957 -1118.539655 -1119.056520 -1119.617125 -1120.224210 -1120.880706 -1121.589772 -1122.354832 -1123.179629 -1124.068280 -1125.025356 -1126.055967 -1127.165881 -1128.361658 -1129.650839 -1131.042169 -1132.545902 -1134.174197 -1135.941650 -1137.866035 -1139.969326 -1142.279192 -1144.831206 -1147.672264 -1150.866118 -1154.502825 -1158.716243 -1163.720752 -1169.915879 -1178.457890 -1196.520109 -9999.0 -9999.0
-9999.0 -9999.0 -501.616001 -615.991293 -736.462356 -856.857949 -963.227229 -1039.430730 -1082.357282 -1101.971296 -1109.568190 -1112.315873 -1113.304845 -1113.661017 -1113.789250 -1113.835362 -1113.851914 -1113.857840 -1113.859955 -1113.860700 -1113.860954 -1113.861038 -1113.861072 -1113.861097 -1113.861132 -1113.861192 -1113.861287 -1113.861429 -1113.861635 -1113.861924 -1113.862322 -1113.862862 -1113.863581 -1113.864532 -1113.865773 -1113.867380 -1113.869443 -1113.872058 -1113.875271 -1113.878820 -1113.881277 -1113.878023 -1113.857707 -1113.797794 -1113.660618 -1113.390610 -1112.910235 -1112.104672 -1111.551282 -1112.366252 -1113.311365 -1119.480192 -1114.395341 -1114.223668 -1114.279999 -1114.354871 -1114.441414 -1114.540429 -1114.653125 -1114.780828 -1114.924944 -1115.086954 -1115.268405 -1115.470908 -1115.696139 -1115.945837 -1116.221808 -1116.525925 -1116.860132 -1117.226452 -1117.626993 -1118.063957 -1118.539655 -1119.056520 -1119.617125 -1120.224210 -1120.880706 -1121.589772 -1122.354832 -1123.179628 -1124.068280 -1125.025356 -1126.055967 -1127.165881 -1128.361658 -1129.650839 -1131.042169 -1132.545902 -1134.174197 -1135.941650 -1137.866035 -1139.969326 -1142.279192 -1144.831206 -1147.672264 -1150.866118 -1154.502825 -1158.716243 -1163.720751 -1169.915879 -1178.457889 -1196.520109 -9999.0 -9999.0
-9999.0 -9999.0 -9999.0 -9999.0 -9999.0 -9999.0 -9999.0 -9999.0 -9999.0 -9999.0 -9999.0 -9999.0 -9999.0 -9999.0 -9999.0 -9999.0 -9999.0 -9999.0 -9999.0 -9999.0 -9999.0 -9999.0 -9999.0 -9999.0 -9999.0 -9999.0 -9999.0 -9999.0 -9999.0 -9999.0 -9999.0 -9999.0 -9999.0 -9999.0 -9999.0 -9999.0 -9999.0 -9999.0 -9999.0 -9999.0 -9999.0 -9999.0 -9999.0 -9999.0 -9999.0 -9999.0 -9999.0 -9999.0 -9999.0 -9999.0 -9999.0 -9999.0 -9999.0 -9999.0 -9999.0 -9999.0 -9999.0 -9999.0 -9999.0 -9999.0 -9999.0 -9999.0 -9999.0 -9999.0 -9999.0 -9999.0 -9999.0 -9999.0 -9999.0 -9999.0 -9999.0 -9999.0 -9999.0 -9999.0 -9999.0 -9999.0 -9999.0 -9999.0 -9999.0 -9999.0 -9999.0 -9999.0 -9999.0 -9999.0 -9999.0 -9999.0 -9999.0 -9999.0 -9999.0 -9999.0 -9999.0 -9999.0 -9999.0 -9999.0 -9999.0 -9999.0 -9999.0 -9999.0 -9999.0 -9999.0 -9999.0 -9999.0 -9999.0 -9999.0
-9999.0 -9999.0 -9999.0 -9999.0 -9999.0 -9999.0 -9999.0 -9999.0 -9999.0 -9999.0 -9999.0 -9999.0 -9999.0 -9999.0 -9999.0 -9999.0 -9999.0 -9999.0 -9999.0 -9999.0 -9999.0 -9999.0 -9999.0 -9999.0 -9999.0 -9999.0 -9999.0 -9999.0 -9999.0 -9999.0 -9999.0 -9999.0 -9999.0 -9999.0 -9999.0 -9999.0 -9999.0 -9999.0 -9999.0 -9999.0 -9999.0 -9999.0 -9999.0 -9999.0 -9999.0 -9999.0 -9999.0 -9999.0 -9999.0 -9999.0 -9999.0 -9999.0 -9999.0 -9999.0 -9999.0 -9999.0 -9999.0 -9999.0 -9999.0 -9999.0 -9999.0 -9999.0 -9999.0 -9999.0 -9999.0 -9999.0 -9999.0 -9999.0 -9999.0 -9999.0 -9999.0 -9999.0 -9999.0 -9999.0 -9999.0 -9999.0 -9999.0 -9999.0 -9999.0 -9999.0 -9999.0 -9999.0 -9999.0 -9999.0 -9999.0 -9999.0 -9999.0 -9999.0 -9999.0 -9999.0 -9999.0 -9999.0 -9999.0 -9999.0 -9999.0 -9999.0 -9999.0 -9999.0 -9999.0 -9999.0 -9999.0 -9999.0 -9999.0 -9999.0