tests/3D/hillslope02_superslab/output_maps-SE27XX/psiliqL0093N0002.asc
ncols         104
nrows         10
xllcorner     -2.000000
yllcorner     0.000000
cellsize      1.000000
NODATA_value  -9999.0
-9999.0 -9999.0 -9999.0 -9999.0 -9999.0 -9999.0 -9999.0 -9999.0 -9999.0 -9999.0 -9999.0 -9999.0 -9999.0 -9999.0 -9999.0 -9999.0 -9999.0 -9999.0 -9999.0 -9999.0 -9999.0 -9999.0 -9999.0 -9999.0 -9999.0 -9999.0 -9999.0 -9999.0 -9999.0 -9999.0 -9999.0 -9999.0 -9999.0 -9999.0 -9999.0 -9999.0 -9999.0 -9999.0 -9999.0 -9999.0 -9999.0 -9999.0 -9999.0 -9999.0 -9999.0 -9999.0 -9999.0 -9999.0 -9999.0 -9999.0 -9999.0 -9999.0 -9999.0 -9999.0 -9999.0 -9999.0 -9999.0 -9999.0 -9999.0 -9999.0 -9999.0 -9999.0 -9999.0 -9999.0 -9999.0 -9999.0 -9999.0 -9999.0 -9999.0 -9999.0 -9999.0 -9999.0 -9999.0 -9999.0 -9999.0 -9999.0 -9999.0 -9999.0 -9999.0 -9999.0 -9999.0 -9999.0 -9999.0 -9999.0 -9999.0 -9999.0 -9999.0 -9999.0 -9999.0 -9999.0 -9999.0 -9999.0 -9999.0 -9999.0 -9999.0 -9999.0 -9999.0 -9999.0 -9999.0 -9999.0 -9999.0 -9999.0 -9999.0 -9999.0
-9999.0 -9999.0 -9999.0 -9999.0 -9999.0 -9999.0 -9999.0 -9999.0 -9999.0 -9999.0 -9999.0 -9999.0 -9999.0 -9999.0 -9999.0 -9999.0 -9999.0 -9999.0 -9999.0 -9999.0 -9999.0 -9999.0 -9999.0 -9999.0 -9999.0 -9999.0 -9999.0 -9999.0 -9999.0 -9999.0 -9999.0 -9999.0 -9999.0 -9999.0 -9999.0 -9999.0 -9999.0 -9999.0 -9999.0 -9999.0 -9999.0 -9999.0 -9999.0 -9999.0 -9999.0 -9999.0 -9999.0 -9999.0 -9999.0 -9999.0 -9999.0 -9999.0 -9999.0 -9999.0 -9999.0 -9999.0 -9999.0 -9999.0 -9999.0 -9999.0 -9999.0 -9999.0 -9999.0 -9999.0 -9999.0 -9999.0 -9999.0 -9999.0 -9999.0 -9999.0 -9999.0 -9999.0 -9999.0 -9999.0 -9999.0 -9999.0 -9999.0 -9999.0 -9999.0 -9999.0 -9999.0 -9999.0 -9999.0 -9999.0 -9999.0 -9999.0 -9999.0 -9999.0 -9999.0 -9999.0 -9999.0 -9999.0 -9999.0 -9999.0 -9999.0 -9999.0 -9999.0 -9999.0 -9999.0 -9999.0 -9999.0 -9999.0 -9999.0 -9999.0
-9999.0 -9999.0 257.273885 158.916454 62.754284 -30.242629 -118.516633 -199.667338 -268.564310 -318.991787 -349.510810 -362.880870 -368.143038 -370.126701 -370.861936 -371.132890 -371.232980 -371.270647 -371.285395 -371.292447 -371.297209 -371.301770 -371.307049 -371.313569 -371.321743 -371.331990 -371.344776 -371.360637 -371.380193 -371.404158 -371.433347 -371.468682 -371.511200 -371.562058 -371.622528 -371.694006 -371.778003 -371.876142 -371.990150 -372.121850 -372.273144 -372.445994 -372.642396 -372.864343 -373.113800 -373.392690 -373.702906 -374.046329 -374.424876 -374.841495 -375.310234 -375.901852 -376.377762 -376.955786 -377.589355 -378.273202 -379.007533 -379.793366 -380.631938 -381.524560 -382.472571 -383.477332 -384.540236 -385.662724 -386.846308 -388.092589 -389.403290 -390.780278 -392.225595 -393.741493 -395.330472 -396.995317 -398.739148 -400.565472 -402.478242 -404.481934 -406.581622 -408.783083 -411.092912 -413.518666 -416.069038 -418.754069 -421.585412 -424.576672 -427.743824 -431.105760 -434.684999 -438.508629 -442.609566 -447.028289 -451.815255 -457.034360 -462.768029 -469.124943 -476.252218 -484.355494 -493.733969 -504.845990 -518.443940 -535.891302 -560.081681 -599.222564 -9999.0 -9999.0
-9999.0 -9999.0 257.273886 158.916452 62.754282 -30.242634 -118.516637 -199.667340 -268.564311 -318.991788 -349.510810 -362.880870 -368.143038 -370.126701 -370.861936 -371.132890 -371.232980 -371.270647 -371.285395 -371.292447 -371.297209 -371.301770 -371.307049 -371.313569 -371.321743 -371.331990 -371.344776 -371.360637 -371.380193 -371.404158 -371.433347 -371.468682 -371.511200 -371.562058 -371.622528 -371.694006 -371.778003 -371.876142 -371.990150 -372.121850 -372.273144 -372.445994 -372.642396 -372.864343 -373.113801 -373.392690 -373.702906 -374.046329 -374.424876 -374.841495 -375.310234 -375.901852 -376.377762 -376.955786 -377.589355 -378.273202 -379.007533 -379.793366 -380.631938 -381.524560 -382.472571 -383.477332 -384.540236 -385.662724 -386.846308 -388.092589 -389.403290 -390.780278 -392.225595 -393.741493 -395.330472 -396.995317 -398.739148 -400.565471 -402.478242 -404.481934 -406.581621 -408.783082 -411.092911 -413.518666 -416.069038 -418.754068 -421.585412 -424.576672 -427.743824 -431.105760 -434.684999 -438.508628 -442.609566 -447.028289 -451.815255 -457.034359 -462.768028 -469.124942 -476.252218 -484.355494 -493.733968 -504.845990 -518.443940 -535.891302 -560.081681 -599.222564 -9999.0 -9999.0
-9999.0 -9999.0 257.273885 158.916451 62.754279 -30.242637 -118.516640 -199.667342 -268.564312 -318.991788 -349.510810 -362.880870 -368.143038 -370.126701 -370.861936 -371.132890 -371.232980 -371.270647 -371.285395 -371.292447 -371.297209 -371.301770 -371.307049 -371.313569 -371.321743 -371.331990 -371.344776 -371.360637 -371.380193 -371.404158 -371.433347 -371.468682 -371.511200 -371.562058 -371.622528 -371.694006 -371.778003 -371.876142 -371.990150 -372.121850 -372.273144 -372.445994 -372.642396 -372.864343 -373.113801 -373.392690 -373.702906 -374.046329 -374.424876 -374.841495 -375.310234 -375.901852 -376.377762 -376.955786 -377.589355 -378.273202 -379.007534 -379.793366 -380.631938 -381.524560 -382.472571 -383.477332 -384.540236 -385.662724 -386.846308 -388.092589 -389.403290 -390.780278 -392.225595 -393.741493 -395.330472 -396.995317 -398.739148 -400.565471 -402.478242 -404.481933 -406.581621 -408.783082 -411.092911 -413.518666 -416.069038 -418.754068 -421.585412 -424.576672 -427.743824 -431.105760 -434.684999 -438.508628 -442.609566 -447.028289 -451.815254 -457.034359 -462.768028 -469.124942 -476.252218 -484.355494 -493.733968 -504.845990 -518.443940 -535.891302 -560.081681 -599.222564 -9999.0 -9999.0
-9999.0 -9999.0 257.273885 158.916451 62.754279 -30.242637 -118.516640 -199.667342 -268.564312 -318.991788 -349.510810 -362.880870 -368.143038 -370.126701 -370.861936 -371.132890 -371.232980 -371.270647 -371.285395 -371.292447 -371.297209 -371.301770 -371.307049 -371.313569 -371.321743 -371.331990 -371.344776 -371.360637 -371.380193 -371.404158 -371.433347 -371.468682 -371.511200 -371.562058 -371.622528 -371.694006 -371.778003 -371.876142 -371.990150 -372.121850 -372.273144 -372.445994 -372.642396 -372.864343 -373.113801 -373.392690 -373.702906 -374.046329 -374.424876 -374.841495 -375.310234 -375.901852 -376.377762 -376.955786 -377.589355 -378.273202 -379.007534 -379.793366 -380.631938 -381.524560 -382.472571 -383.477332 -384.540236 -385.662724 -386.846308 -388.092589 -389.403290 -390.780278 -392.225595 -393.741493 -395.330472 -396.995317 -398.739148 -400.565471 -402.478242 -404.481933 -406.581621 -408.783082 -411.092911 -413.518666 -416.069038 -418.754068 -421.585412 -424.576672 -427.743824 -431.105760 -434.684999 -438.508628 -442.609566 -447.028289 -451.815254 -457.034359 -462.768028 -469.124942 -476.252218 -484.355494 -493.733968 -504.845990 -518.443940 -535.891302 -560.081681 -599.222564 -9999.0 -9999.0
-9999.0 -9999.0 257.273886 158.916452 62.754282 -30.242634 -118.516637 -199.667340 -268.564311 -318.991788 -349.510810 -362.880870 -368.143038 -370.126701 -370.861936 -371.132890 -371.232980 -371.270647 -371.285395 -371.292447 -371.297209 -371.301770 -371.307049 -371.313569 -371.321743 -371.331990 -371.344776 -371.360637 -371.380193 -371.404158 -371.433347 -371.468682 -371.511200 -371.562058 -371.622528 -371.694006 -371.778003 -371.876142 -371.990150 -372.121850 -372.273144 -372.445994 -372.642396 -372.864343 -373.113801 -373.392690 -373.702906 -374.046329 -374.424876 -374.841495 -375.310234 -375.901852 -376.377762 -376.955786 -377.589355 -378.273202 -379.007533 -379.793366 -380.631938 -381.524560 -382.472571 -383.477332 -384.540236 -385.662724 -386.846308 -388.092589 -389.403290 -390.780278 -392.225595 -393.741493 -395.330472 -396.995317 -398.739148 -400.565471 -402.478242 -404.481934 -406.581621 -408.783082 -411.092911 -413.518666 -416.069038 -418.754068 -421.585412 -424.576672 -427.743824 -431.105760 -434.684999 -438.508628 -442.609566 -447.028289 -451.815255 -457.034359 -462.768028 -469.124942 -476.252218 -484.355494 -493.733968 -504.845990 -518.443940 -535.891302 -560.081681 -599.222564 -9999.0 -9999.0
-9999.0 -9999.0 257.273885 158.916454 62.754284 -30.242629 -118.516633 -199.667338 -268.564310 -318.991787 -349.510810 -362.880870 -368.143038 -370.126701 -370.861936 -371.132890 -371.232980 -371.270647 -371.285395 -371.292447 -371.297209 -371.301770 -371.307049 -371.313569 -371.321743 -371.331990 -371.344776 -371.360637 -371.380193 -371.404158 -371.433347 -371.468682 -371.511200 -371.562058 -371.622528 -371.694006 -371.778003 -371.876142 -371.990150 -372.121850 -372.273144 -372.445994 -372.642396 -372.864343 -373.113800 -373.392690 -373.702906 -374.046329 -374.424876 -374.841495 -375.310234 -375.901852 -376.377762 -376.955786 -377.589355 -378.273202 -379.007533 -379.793366 -380.631938 -381.524560 -382.472571 -383.477332 -384.540236 -385.662724 -386.846308 -388.092589 -389.403290 -390.780278 -392.225595 -393.741493 -395.330472 -396.995317 -398.739148 -400.565472 -402.478242 -404.481934 -406.581622 -408.783083 -411.092912 -413.518666 -416.069038 -418.754069 -421.585412 -424.576672 -427.743824 -431.105760 -434.684999 -438.508629 -442.609566 -447.028289 -451.815255 -457.034360 -462.768029 -469.124943 -476.252218 -484.355494 -493.733969 -504.845990 -518.443940 -535.891302 -560.081681 -599.222564 -9999.0 -9999.0
-9999.0 -9999.0 -9999.0 -9999.0 -9999.0 -9999.0 -9999.0 -9999.0 -9999.0 -9999.0 -9999.0 -9999.0 -9999.0 -9999.0 -9999.0 -9999.0 -9999.0 -9999.0 -9999.0 -9999.0 -9999.0 -9999.0 -9999.0 -9999.0 -9999.0 -9999.0 -9999.0 -9999.0 -9999.0 -9999.0 -9999.0 -9999.0 -9999.0 -9999.0 -9999.0 -9999.0 -9999.0 -9999.0 -9999.0 -9999.0 -9999.0 -9999.0 -9999.0 -9999.0 -9999.0 -9999.0 -9999.0 -9999.0 -9999.0 -9999.0 -9999.0 -9999.0 -9999.0 -9999.0 -9999.0 -9999.0 -9999.0 -9999.0 -9999.0 -9999.0 -9999.0 -9999.0 -9999.0 -9999.0 -9999.0 -9999.0 -9999.0 -9999.0 -9999.0 -9999.0 -9999.0 -9999.0 -9999.0 -9999.0 -9999.0 -9999.0 -9999.0 -9999.0 -9999.0 -9999.0 -9999.0 -9999.0 -9999.0 -9999.0 -9999.0 -9999.0 -9999.0 -9999.0 -9999.0 -9999.0 -9999.0 -9999.0 -9999.0 -9999.0 -9999.0 -9999.0 -9999.0 -9999.0 -9999.0 -9999.0 -9999.0 -9999.0 -9999.0 -9999.0
-9999.0 -9999.0 -9999.0 -9999.0 -9999.0 -9999.0 -9999.0 -9999.0 -9999.0 -9999.0 -9999.0 -9999.0 -9999.0 -9999.0 -9999.0 -9999.0 -9999.0 -9999.0 -9999.0 -9999.0 -9999.0 -9999.0 -9999.0 -9999.0 -9999.0 -9999.0 -9999.0 -9999.0 -9999.0 -9999.0 -9999.0 -9999.0 -9999.0 -9999.0 -9999.0 -9999.0 -9999.0 -9999.0 -9999.0 -9999.0 -9999.0 -9999.0 -9999.0 -9999.0 -9999.0 -9999.0 -9999.0 -9999.0 -9999.0 -9999.0 -9999.0 -9999.0 -9999.0 -9999.0 -9999.0 -9999.0 -9999.0 -9999.0 -9999.0 -9999.0 -9999.0 -9999.0 -9999.0 -9999.0 -9999.0 -9999.0 -9999.0 -9999.0 -9999.0 -9999.0 -9999.0 -9999.0 -9999.0 -9999.0 -9999.0 -9999.0 -9999.0 -9999.0 -9999.0 -9999.0 -9999.0 -9999.0 -9999.0 -9999.0 -9999.0 -9999.0 -9999.0 -9999.0 -9999.0 -9999.0 -9999.0 -9999.0 -9999.0 -9999.0 -9999.0 -9999.0 -9999.0 -9999.0 -9999.0 -9999.0 -9999.0 -9999.0 -9999.0 -9999.0