tests/3D/hillslope02_superslab/output_maps-SE27XX/psiliqL0089N0001.asc
ncols         104
nrows         10
xllcorner     -2.000000
yllcorner     0.000000
cellsize      1.000000
NODATA_value  -9999.0
-9999.0 -9999.0 -9999.0 -9999.0 -9999.0 -9999.0 -9999.0 -9999.0 -9999.0 -9999.0 -9999.0 -9999.0 -9999.0 -9999.0 -9999.0 -9999.0 -9999.0 -9999.0 -9999.0 -9999.0 -9999.0 -9999.0 -9999.0 -9999.0 -9999.0 -9999.0 -9999.0 -9999.0 -9999.0 -9999.0 -9999.0 -9999.0 -9999.0 -9999.0 -9999.0 -9999.0 -9999.0 -9999.0 -9999.0 -9999.0 -9999.0 -9999.0 -9999.0 -9999.0 -9999.0 -9999.0 -9999.0 -9999.0 -9999.0 -9999.0 -9999.0 -9999.0 -9999.0 -9999.0 -9999.0 -9999.0 -9999.0 -9999.0 -9999.0 -9999.0 -9999.0 -9999.0 -9999.0 -9999.0 -9999.0 -9999.0 -9999.0 -9999.0 -9999.0 -9999.0 -9999.0 -9999.0 -9999.0 -9999.0 -9999.0 -9999.0 -9999.0 -9999.0 -9999.0 -9999.0 -9999.0 -9999.0 -9999.0 -9999.0 -9999.0 -9999.0 -9999.0 -9999.0 -9999.0 -9999.0 -9999.0 -9999.0 -9999.0 -9999.0 -9999.0 -9999.0 -9999.0 -9999.0 -9999.0 -9999.0 -9999.0 -9999.0 -9999.0 -9999.0
-9999.0 -9999.0 -9999.0 -9999.0 -9999.0 -9999.0 -9999.0 -9999.0 -9999.0 -9999.0 -9999.0 -9999.0 -9999.0 -9999.0 -9999.0 -9999.0 -9999.0 -9999.0 -9999.0 -9999.0 -9999.0 -9999.0 -9999.0 -9999.0 -9999.0 -9999.0 -9999.0 -9999.0 -9999.0 -9999.0 -9999.0 -9999.0 -9999.0 -9999.0 -9999.0 -9999.0 -9999.0 -9999.0 -9999.0 -9999.0 -9999.0 -9999.0 -9999.0 -9999.0 -9999.0 -9999.0 -9999.0 -9999.0 -9999.0 -9999.0 -9999.0 -9999.0 -9999.0 -9999.0 -9999.0 -9999.0 -9999.0 -9999.0 -9999.0 -9999.0 -9999.0 -9999.0 -9999.0 -9999.0 -9999.0 -9999.0 -9999.0 -9999.0 -9999.0 -9999.0 -9999.0 -9999.0 -9999.0 -9999.0 -9999.0 -9999.0 -9999.0 -9999.0 -9999.0 -9999.0 -9999.0 -9999.0 -9999.0 -9999.0 -9999.0 -9999.0 -9999.0 -9999.0 -9999.0 -9999.0 -9999.0 -9999.0 -9999.0 -9999.0 -9999.0 -9999.0 -9999.0 -9999.0 -9999.0 -9999.0 -9999.0 -9999.0 -9999.0 -9999.0
-9999.0 -9999.0 -140.651437 -238.255190 -332.090447 -418.326116 -488.574584 -533.807796 -555.983204 -564.537483 -567.629070 -568.721352 -569.103572 -569.236597 -569.282699 -569.298612 -569.304080 -569.305948 -569.306579 -569.306786 -569.306846 -569.306853 -569.306838 -569.306811 -569.306775 -569.306729 -569.306671 -569.306602 -569.306518 -569.306420 -569.306306 -569.306176 -569.306031 -569.305871 -569.305698 -569.305515 -569.305326 -569.305136 -569.304951 -569.304776 -569.304621 -569.304491 -569.304368 -569.304128 -569.303231 -569.300121 -569.291605 -569.272609 -569.237073 -569.182096 -569.151416 -569.598861 -569.334659 -569.319633 -569.322072 -569.327879 -569.336656 -569.349071 -569.366217 -569.389553 -569.420939 -569.462675 -569.517556 -569.588927 -569.680718 -569.797486 -569.944419 -570.127341 -570.352685 -570.627454 -570.959159 -571.355753 -571.825548 -572.377139 -573.019334 -573.761096 -574.611505 -575.579752 -576.675163 -577.907260 -579.285865 -580.821254 -582.524363 -584.407058 -586.482481 -588.765493 -591.273240 -594.025890 -597.047596 -600.367800 -604.023011 -608.059330 -612.536104 -617.531429 -623.150750 -629.540949 -636.914779 -645.596459 -656.115629 -669.433576 -687.675273 -718.072815 -9999.0 -9999.0
-9999.0 -9999.0 -140.651434 -238.255200 -332.090447 -418.326116 -488.574586 -533.807796 -555.983204 -564.537483 -567.629070 -568.721352 -569.103572 -569.236597 -569.282699 -569.298612 -569.304080 -569.305948 -569.306579 -569.306786 -569.306846 -569.306853 -569.306838 -569.306811 -569.306775 -569.306729 -569.306671 -569.306602 -569.306518 -569.306420 -569.306306 -569.306176 -569.306031 -569.305871 -569.305698 -569.305515 -569.305326 -569.305136 -569.304951 -569.304776 -569.304621 -569.304491 -569.304368 -569.304128 -569.303231 -569.300121 -569.291605 -569.272609 -569.237073 -569.182096 -569.151416 -569.598861 -569.334659 -569.319633 -569.322072 -569.327879 -569.336656 -569.349071 -569.366217 -569.389553 -569.420939 -569.462675 -569.517556 -569.588927 -569.680718 -569.797486 -569.944419 -570.127341 -570.352685 -570.627454 -570.959159 -571.355753 -571.825548 -572.377139 -573.019335 -573.761096 -574.611505 -575.579752 -576.675164 -577.907260 -579.285865 -580.821254 -582.524363 -584.407058 -586.482481 -588.765493 -591.273240 -594.025890 -597.047596 -600.367800 -604.023011 -608.059330 -612.536104 -617.531429 -623.150750 -629.540949 -636.914779 -645.596459 -656.115629 -669.433576 -687.675273 -718.072814 -9999.0 -9999.0
-9999.0 -9999.0 -140.651442 -238.255199 -332.090450 -418.326117 -488.574586 -533.807796 -555.983204 -564.537482 -567.629070 -568.721352 -569.103572 -569.236597 -569.282699 -569.298612 -569.304080 -569.305948 -569.306579 -569.306786 -569.306846 -569.306853 -569.306838 -569.306811 -569.306775 -569.306729 -569.306671 -569.306602 -569.306518 -569.306420 -569.306306 -569.306176 -569.306031 -569.305871 -569.305698 -569.305515 -569.305326 -569.305136 -569.304951 -569.304776 -569.304621 -569.304491 -569.304368 -569.304128 -569.303231 -569.300121 -569.291605 -569.272609 -569.237073 -569.182096 -569.151416 -569.598861 -569.334659 -569.319633 -569.322072 -569.327879 -569.336656 -569.349071 -569.366217 -569.389553 -569.420939 -569.462675 -569.517556 -569.588927 -569.680718 -569.797486 -569.944419 -570.127341 -570.352685 -570.627454 -570.959160 -571.355753 -571.825548 -572.377139 -573.019335 -573.761096 -574.611505 -575.579753 -576.675164 -577.907260 -579.285865 -580.821255 -582.524364 -584.407058 -586.482481 -588.765493 -591.273240 -594.025890 -597.047596 -600.367800 -604.023011 -608.059330 -612.536103 -617.531429 -623.150750 -629.540949 -636.914779 -645.596459 -656.115629 -669.433576 -687.675273 -718.072814 -9999.0 -9999.0
-9999.0 -9999.0 -140.651442 -238.255199 -332.090450 -418.326117 -488.574586 -533.807796 -555.983204 -564.537482 -567.629070 -568.721352 -569.103572 -569.236597 -569.282699 -569.298612 -569.304080 -569.305948 -569.306579 -569.306786 -569.306846 -569.306853 -569.306838 -569.306811 -569.306775 -569.306729 -569.306671 -569.306602 -569.306518 -569.306420 -569.306306 -569.306176 -569.306031 -569.305871 -569.305698 -569.305515 -569.305326 -569.305136 -569.304951 -569.304776 -569.304621 -569.304491 -569.304368 -569.304128 -569.303231 -569.300121 -569.291605 -569.272609 -569.237073 -569.182096 -569.151416 -569.598861 -569.334659 -569.319633 -569.322072 -569.327879 -569.336656 -569.349071 -569.366217 -569.389553 -569.420939 -569.462675 -569.517556 -569.588927 -569.680718 -569.797486 -569.944419 -570.127341 -570.352685 -570.627454 -570.959160 -571.355753 -571.825548 -572.377139 -573.019335 -573.761096 -574.611505 -575.579753 -576.675164 -577.907260 -579.285865 -580.821255 -582.524364 -584.407058 -586.482481 -588.765493 -591.273240 -594.025890 -597.047596 -600.367800 -604.023011 -608.059330 -612.536103 -617.531429 -623.150750 -629.540949 -636.914779 -645.596459 -656.115629 -669.433576 -687.675273 -718.072814 -9999.0 -9999.0
-9999.0 -9999.0 -140.651434 -238.255200 -332.090447 -418.326116 -488.574586 -533.807796 -555.983204 -564.537483 -567.629070 -568.721352 -569.103572 -569.236597 -569.282699 -569.298612 -569.304080 -569.305948 -569.306579 -569.306786 -569.306846 -569.306853 -569.306838 -569.306811 -569.306775 -569.306729 -569.306671 -569.306602 -569.306518 -569.306420 -569.306306 -569.306176 -569.306031 -569.305871 -569.305698 -569.305515 -569.305326 -569.305136 -569.304951 -569.304776 -569.304621 -569.304491 -569.304368 -569.304128 -569.303231 -569.300121 -569.291605 -569.272609 -569.237073 -569.182096 -569.151416 -569.598861 -569.334659 -569.319633 -569.322072 -569.327879 -569.336656 -569.349071 -569.366217 -569.389553 -569.420939 -569.462675 -569.517556 -569.588927 -569.680718 -569.797486 -569.944419 -570.127341 -570.352685 -570.627454 -570.959159 -571.355753 -571.825548 -572.377139 -573.019335 -573.761096 -574.611505 -575.579752 -576.675164 -577.907260 -579.285865 -580.821254 -582.524363 -584.407058 -586.482481 -588.765493 -591.273240 -594.025890 -597.047596 -600.367800 -604.023011 -608.059330 -612.536104 -617.531429 -623.150750 -629.540949 -636.914779 -645.596459 -656.115629 -669.433576 -687.675273 -718.072814 -9999.0 -9999.0
-9999.0 -9999.0 -140.651437 -238.255190 -332.090447 -418.326116 -488.574584 -533.807796 -555.983204 -564.537483 -567.629070 -568.721352 -569.103572 -569.236597 -569.282699 -569.298612 -569.304080 -569.305948 -569.306579 -569.306786 -569.306846 -569.306853 -569.306838 -569.306811 -569.306775 -569.306729 -569.306671 -569.306602 -569.306518 -569.306420 -569.306306 -569.306176 -569.306031 -569.305871 -569.305698 -569.305515 -569.305326 -569.305136 -569.304951 -569.304776 -569.304621 -569.304491 -569.304368 -569.304128 -569.303231 -569.300121 -569.291605 -569.272609 -569.237073 -569.182096 -569.151416 -569.598861 -569.334659 -569.319633 -569.322072 -569.327879 -569.336656 -569.349071 -569.366217 -569.389553 -569.420939 -569.462675 -569.517556 -569.588927 -569.680718 -569.797486 -569.944419 -570.127341 -570.352685 -570.627454 -570.959159 -571.355753 -571.825548 -572.377139 -573.019334 -573.761096 -574.611505 -575.579752 -576.675163 -577.907260 -579.285865 -580.821254 -582.524363 -584.407058 -586.482481 -588.765493 -591.273240 -594.025890 -597.047596 -600.367800 -604.023011 -608.059330 -612.536104 -617.531429 -623.150750 -629.540949 -636.914779 -645.596459 -656.115629 -669.433576 -687.675273 -718.072815 -9999.0 -9999.0
-9999.0 -9999.0 -9999.0 -9999.0 -9999.0 -9999.0 -9999.0 -9999.0 -9999.0 -9999.0 -9999.0 -9999.0 -9999.0 -9999.0 -9999.0 -9999.0 -9999.0 -9999.0 -9999.0 -9999.0 -9999.0 -9999.0 -9999.0 -9999.0 -9999.0 -9999.0 -9999.0 -9999.0 -9999.0 -9999.0 -9999.0 -9999.0 -9999.0 -9999.0 -9999.0 -9999.0 -9999.0 -9999.0 -9999.0 -9999.0 -9999.0 -9999.0 -9999.0 -9999.0 -9999.0 -9999.0 -9999.0 -9999.0 -9999.0 -9999.0 -9999.0 -9999.0 -9999.0 -9999.0 -9999.0 -9999.0 -9999.0 -9999.0 -9999.0 -9999.0 -9999.0 -9999.0 -9999.0 -9999.0 -9999.0 -9999.0 -9999.0 -9999.0 -9999.0 -9999.0 -9999.0 -9999.0 -9999.0 -9999.0 -9999.0 -9999.0 -9999.0 -9999.0 -9999.0 -9999.0 -9999.0 -9999.0 -9999.0 -9999.0 -9999.0 -9999.0 -9999.0 -9999.0 -9999.0 -9999.0 -9999.0 -9999.0 -9999.0 -9999.0 -9999.0 -9999.0 -9999.0 -9999.0 -9999.0 -9999.0 -9999.0 -9999.0 -9999.0 -9999.0
-9999.0 -9999.0 -9999.0 -9999.0 -9999.0 -9999.0 -9999.0 -9999.0 -9999.0 -9999.0 -9999.0 -9999.0 -9999.0 -9999.0 -9999.0 -9999.0 -9999.0 -9999.0 -9999.0 -9999.0 -9999.0 -9999.0 -9999.0 -9999.0 -9999.0 -9999.0 -9999.0 -9999.0 -9999.0 -9999.0 -9999.0 -9999.0 -9999.0 -9999.0 -9999.0 -9999.0 -9999.0 -9999.0 -9999.0 -9999.0 -9999.0 -9999.0 -9999.0 -9999.0 -9999.0 -9999.0 -9999.0 -9999.0 -9999.0 -9999.0 -9999.0 -9999.0 -9999.0 -9999.0 -9999.0 -9999.0 -9999.0 -9999.0 -9999.0 -9999.0 -9999.0 -9999.0 -9999.0 -9999.0 -9999.0 -9999.0 -9999.0 -9999.0 -9999.0 -9999.0 -9999.0 -9999.0 -9999.0 -9999.0 -9999.0 -9999.0 -9999.0 -9999.0 -9999.0 -9999.0 -9999.0 -9999.0 -9999.0 -9999.0 -9999.0 -9999.0 -9999.0 -9999.0 -9999.0 -9999.0 -9999.0 -9999.0 -9999.0 -9999.0 -9999.0 -9999.0 -9999.0 -9999.0 -9999.0 -9999.0 -9999.0 -9999.0 -9999.0 -9999.0