tests/3D/hillslope02_superslab/output_maps-SE27XX/psiliqL0090N0001.asc
ncols         104
nrows         10
xllcorner     -2.000000
yllcorner     0.000000
cellsize      1.000000
NODATA_value  -9999.0
-9999.0 -9999.0 -9999.0 -9999.0 -9999.0 -9999.0 -9999.0 -9999.0 -9999.0 -9999.0 -9999.0 -9999.0 -9999.0 -9999.0 -9999.0 -9999.0 -9999.0 -9999.0 -9999.0 -9999.0 -9999.0 -9999.0 -9999.0 -9999.0 -9999.0 -9999.0 -9999.0 -9999.0 -9999.0 -9999.0 -9999.0 -9999.0 -9999.0 -9999.0 -9999.0 -9999.0 -9999.0 -9999.0 -9999.0 -9999.0 -9999.0 -9999.0 -9999.0 -9999.0 -9999.0 -9999.0 -9999.0 -9999.0 -9999.0 -9999.0 -9999.0 -9999.0 -9999.0 -9999.0 -9999.0 -9999.0 -9999.0 -9999.0 -9999.0 -9999.0 -9999.0 -9999.0 -9999.0 -9999.0 -9999.0 -9999.0 -9999.0 -9999.0 -9999.0 -9999.0 -9999.0 -9999.0 -9999.0 -9999.0 -9999.0 -9999.0 -9999.0 -9999.0 -9999.0 -9999.0 -9999.0 -9999.0 -9999.0 -9999.0 -9999.0 -9999.0 -9999.0 -9999.0 -9999.0 -9999.0 -9999.0 -9999.0 -9999.0 -9999.0 -9999.0 -9999.0 -9999.0 -9999.0 -9999.0 -9999.0 -9999.0 -9999.0 -9999.0 -9999.0
-9999.0 -9999.0 -9999.0 -9999.0 -9999.0 -9999.0 -9999.0 -9999.0 -9999.0 -9999.0 -9999.0 -9999.0 -9999.0 -9999.0 -9999.0 -9999.0 -9999.0 -9999.0 -9999.0 -9999.0 -9999.0 -9999.0 -9999.0 -9999.0 -9999.0 -9999.0 -9999.0 -9999.0 -9999.0 -9999.0 -9999.0 -9999.0 -9999.0 -9999.0 -9999.0 -9999.0 -9999.0 -9999.0 -9999.0 -9999.0 -9999.0 -9999.0 -9999.0 -9999.0 -9999.0 -9999.0 -9999.0 -9999.0 -9999.0 -9999.0 -9999.0 -9999.0 -9999.0 -9999.0 -9999.0 -9999.0 -9999.0 -9999.0 -9999.0 -9999.0 -9999.0 -9999.0 -9999.0 -9999.0 -9999.0 -9999.0 -9999.0 -9999.0 -9999.0 -9999.0 -9999.0 -9999.0 -9999.0 -9999.0 -9999.0 -9999.0 -9999.0 -9999.0 -9999.0 -9999.0 -9999.0 -9999.0 -9999.0 -9999.0 -9999.0 -9999.0 -9999.0 -9999.0 -9999.0 -9999.0 -9999.0 -9999.0 -9999.0 -9999.0 -9999.0 -9999.0 -9999.0 -9999.0 -9999.0 -9999.0 -9999.0 -9999.0 -9999.0 -9999.0
-9999.0 -9999.0 -90.932680 -188.040823 -280.877593 -366.040112 -436.105957 -482.274022 -505.570486 -514.681139 -517.995307 -519.170147 -519.582156 -519.725811 -519.775687 -519.792935 -519.798873 -519.800906 -519.801593 -519.801819 -519.801884 -519.801890 -519.801873 -519.801843 -519.801802 -519.801751 -519.801687 -519.801610 -519.801519 -519.801413 -519.801290 -519.801151 -519.800997 -519.800829 -519.800649 -519.800460 -519.800268 -519.800076 -519.799892 -519.799724 -519.799580 -519.799468 -519.799380 -519.799233 -519.798712 -519.796836 -519.791609 -519.779871 -519.757944 -519.724577 -519.710106 -519.990921 -519.827506 -519.817406 -519.821082 -519.828470 -519.839423 -519.854776 -519.875826 -519.904286 -519.942308 -519.992534 -520.058141 -520.142891 -520.251166 -520.387988 -520.559020 -520.770551 -521.029455 -521.343134 -521.719448 -522.166631 -522.693208 -523.307912 -524.019614 -524.837275 -525.769919 -526.826637 -528.016630 -529.349290 -530.834324 -532.481926 -534.303010 -536.309503 -538.514714 -540.933811 -543.584421 -546.487408 -549.667901 -553.156666 -556.992007 -561.222442 -565.910605 -571.139117 -577.019797 -583.708765 -591.432706 -600.537960 -611.591779 -625.624910 -644.894488 -676.754144 -9999.0 -9999.0
-9999.0 -9999.0 -90.932677 -188.040833 -280.877593 -366.040112 -436.105958 -482.274022 -505.570486 -514.681139 -517.995307 -519.170147 -519.582156 -519.725811 -519.775687 -519.792935 -519.798873 -519.800906 -519.801593 -519.801819 -519.801884 -519.801890 -519.801873 -519.801843 -519.801802 -519.801751 -519.801687 -519.801610 -519.801519 -519.801413 -519.801290 -519.801151 -519.800997 -519.800829 -519.800649 -519.800460 -519.800268 -519.800076 -519.799892 -519.799724 -519.799580 -519.799468 -519.799380 -519.799233 -519.798712 -519.796836 -519.791609 -519.779871 -519.757944 -519.724577 -519.710106 -519.990921 -519.827506 -519.817406 -519.821082 -519.828470 -519.839423 -519.854776 -519.875826 -519.904286 -519.942308 -519.992534 -520.058141 -520.142891 -520.251166 -520.387988 -520.559021 -520.770551 -521.029455 -521.343134 -521.719448 -522.166631 -522.693208 -523.307912 -524.019614 -524.837275 -525.769919 -526.826637 -528.016630 -529.349290 -530.834324 -532.481926 -534.303010 -536.309503 -538.514714 -540.933811 -543.584421 -546.487408 -549.667901 -553.156666 -556.992007 -561.222442 -565.910605 -571.139117 -577.019797 -583.708765 -591.432706 -600.537960 -611.591780 -625.624910 -644.894488 -676.754144 -9999.0 -9999.0
-9999.0 -9999.0 -90.932685 -188.040832 -280.877596 -366.040114 -436.105958 -482.274022 -505.570485 -514.681139 -517.995307 -519.170147 -519.582156 -519.725811 -519.775687 -519.792935 -519.798873 -519.800906 -519.801593 -519.801819 -519.801884 -519.801890 -519.801873 -519.801843 -519.801802 -519.801751 -519.801687 -519.801610 -519.801519 -519.801413 -519.801290 -519.801151 -519.800997 -519.800829 -519.800649 -519.800460 -519.800268 -519.800076 -519.799892 -519.799724 -519.799580 -519.799468 -519.799380 -519.799233 -519.798712 -519.796836 -519.791609 -519.779871 -519.757944 -519.724577 -519.710106 -519.990921 -519.827506 -519.817406 -519.821082 -519.828470 -519.839423 -519.854776 -519.875826 -519.904286 -519.942308 -519.992534 -520.058141 -520.142891 -520.251166 -520.387988 -520.559021 -520.770551 -521.029455 -521.343134 -521.719448 -522.166631 -522.693208 -523.307912 -524.019614 -524.837275 -525.769919 -526.826637 -528.016630 -529.349291 -530.834324 -532.481926 -534.303010 -536.309503 -538.514714 -540.933811 -543.584421 -546.487409 -549.667901 -553.156666 -556.992007 -561.222442 -565.910604 -571.139117 -577.019797 -583.708765 -591.432706 -600.537960 -611.591779 -625.624910 -644.894488 -676.754144 -9999.0 -9999.0
-9999.0 -9999.0 -90.932685 -188.040832 -280.877596 -366.040114 -436.105958 -482.274022 -505.570485 -514.681139 -517.995307 -519.170147 -519.582156 -519.725811 -519.775687 -519.792935 -519.798873 -519.800906 -519.801593 -519.801819 -519.801884 -519.801890 -519.801873 -519.801843 -519.801802 -519.801751 -519.801687 -519.801610 -519.801519 -519.801413 -519.801290 -519.801151 -519.800997 -519.800829 -519.800649 -519.800460 -519.800268 -519.800076 -519.799892 -519.799724 -519.799580 -519.799468 -519.799380 -519.799233 -519.798712 -519.796836 -519.791609 -519.779871 -519.757944 -519.724577 -519.710106 -519.990921 -519.827506 -519.817406 -519.821082 -519.828470 -519.839423 -519.854776 -519.875826 -519.904286 -519.942308 -519.992534 -520.058141 -520.142891 -520.251166 -520.387988 -520.559021 -520.770551 -521.029455 -521.343134 -521.719448 -522.166631 -522.693208 -523.307912 -524.019614 -524.837275 -525.769919 -526.826637 -528.016630 -529.349291 -530.834324 -532.481926 -534.303010 -536.309503 -538.514714 -540.933811 -543.584421 -546.487409 -549.667901 -553.156666 -556.992007 -561.222442 -565.910604 -571.139117 -577.019797 -583.708765 -591.432706 -600.537960 -611.591779 -625.624910 -644.894488 -676.754144 -9999.0 -9999.0
-9999.0 -9999.0 -90.932677 -188.040833 -280.877593 -366.040112 -436.105958 -482.274022 -505.570486 -514.681139 -517.995307 -519.170147 -519.582156 -519.725811 -519.775687 -519.792935 -519.798873 -519.800906 -519.801593 -519.801819 -519.801884 -519.801890 -519.801873 -519.801843 -519.801802 -519.801751 -519.801687 -519.801610 -519.801519 -519.801413 -519.801290 -519.801151 -519.800997 -519.800829 -519.800649 -519.800460 -519.800268 -519.800076 -519.799892 -519.799724 -519.799580 -519.799468 -519.799380 -519.799233 -519.798712 -519.796836 -519.791609 -519.779871 -519.757944 -519.724577 -519.710106 -519.990921 -519.827506 -519.817406 -519.821082 -519.828470 -519.839423 -519.854776 -519.875826 -519.904286 -519.942308 -519.992534 -520.058141 -520.142891 -520.251166 -520.387988 -520.559021 -520.770551 -521.029455 -521.343134 -521.719448 -522.166631 -522.693208 -523.307912 -524.019614 -524.837275 -525.769919 -526.826637 -528.016630 -529.349290 -530.834324 -532.481926 -534.303010 -536.309503 -538.514714 -540.933811 -543.584421 -546.487408 -549.667901 -553.156666 -556.992007 -561.222442 -565.910605 -571.139117 -577.019797 -583.708765 -591.432706 -600.537960 -611.591780 -625.624910 -644.894488 -676.754144 -9999.0 -9999.0
-9999.0 -9999.0 -90.932680 -188.040823 -280.877593 -366.040112 -436.105957 -482.274022 -505.570486 -514.681139 -517.995307 -519.170147 -519.582156 -519.725811 -519.775687 -519.792935 -519.798873 -519.800906 -519.801593 -519.801819 -519.801884 -519.801890 -519.801873 -519.801843 -519.801802 -519.801751 -519.801687 -519.801610 -519.801519 -519.801413 -519.801290 -519.801151 -519.800997 -519.800829 -519.800649 -519.800460 -519.800268 -519.800076 -519.799892 -519.799724 -519.799580 -519.799468 -519.799380 -519.799233 -519.798712 -519.796836 -519.791609 -519.779871 -519.757944 -519.724577 -519.710106 -519.990921 -519.827506 -519.817406 -519.821082 -519.828470 -519.839423 -519.854776 -519.875826 -519.904286 -519.942308 -519.992534 -520.058141 -520.142891 -520.251166 -520.387988 -520.559020 -520.770551 -521.029455 -521.343134 -521.719448 -522.166631 -522.693208 -523.307912 -524.019614 -524.837275 -525.769919 -526.826637 -528.016630 -529.349290 -530.834324 -532.481926 -534.303010 -536.309503 -538.514714 -540.933811 -543.584421 -546.487408 -549.667901 -553.156666 -556.992007 -561.222442 -565.910605 -571.139117 -577.019797 -583.708765 -591.432706 -600.537960 -611.591779 -625.624910 -644.894488 -676.754144 -9999.0 -9999.0
-9999.0 -9999.0 -9999.0 -9999.0 -9999.0 -9999.0 -9999.0 -9999.0 -9999.0 -9999.0 -9999.0 -9999.0 -9999.0 -9999.0 -9999.0 -9999.0 -9999.0 -9999.0 -9999.0 -9999.0 -9999.0 -9999.0 -9999.0 -9999.0 -9999.0 -9999.0 -9999.0 -9999.0 -9999.0 -9999.0 -9999.0 -9999.0 -9999.0 -9999.0 -9999.0 -9999.0 -9999.0 -9999.0 -9999.0 -9999.0 -9999.0 -9999.0 -9999.0 -9999.0 -9999.0 -9999.0 -9999.0 -9999.0 -9999.0 -9999.0 -9999.0 -9999.0 -9999.0 -9999.0 -9999.0 -9999.0 -9999.0 -9999.0 -9999.0 -9999.0 -9999.0 -9999.0 -9999.0 -9999.0 -9999.0 -9999.0 -9999.0 -9999.0 -9999.0 -9999.0 -9999.0 -9999.0 -9999.0 -9999.0 -9999.0 -9999.0 -9999.0 -9999.0 -9999.0 -9999.0 -9999.0 -9999.0 -9999.0 -9999.0 -9999.0 -9999.0 -9999.0 -9999.0 -9999.0 -9999.0 -9999.0 -9999.0 -9999.0 -9999.0 -9999.0 -9999.0 -9999.0 -9999.0 -9999.0 -9999.0 -9999.0 -9999.0 -9999.0 -9999.0
-9999.0 -9999.0 -9999.0 -9999.0 -9999.0 -9999.0 -9999.0 -9999.0 -9999.0 -9999.0 -9999.0 -9999.0 -9999.0 -9999.0 -9999.0 -9999.0 -9999.0 -9999.0 -9999.0 -9999.0 -9999.0 -9999.0 -9999.0 -9999.0 -9999.0 -9999.0 -9999.0 -9999.0 -9999.0 -9999.0 -9999.0 -9999.0 -9999.0 -9999.0 -9999.0 -9999.0 -9999.0 -9999.0 -9999.0 -9999.0 -9999.0 -9999.0 -9999.0 -9999.0 -9999.0 -9999.0 -9999.0 -9999.0 -9999.0 -9999.0 -9999.0 -9999.0 -9999.0 -9999.0 -9999.0 -9999.0 -9999.0 -9999.0 -9999.0 -9999.0 -9999.0 -9999.0 -9999.0 -9999.0 -9999.0 -9999.0 -9999.0 -9999.0 -9999.0 -9999.0 -9999.0 -9999.0 -9999.0 -9999.0 -9999.0 -9999.0 -9999.0 -9999.0 -9999.0 -9999.0 -9999.0 -9999.0 -9999.0 -9999.0 -9999.0 -9999.0 -9999.0 -9999.0 -9999.0 -9999.0 -9999.0 -9999.0 -9999.0 -9999.0 -9999.0 -9999.0 -9999.0 -9999.0 -9999.0 -9999.0 -9999.0 -9999.0 -9999.0 -9999.0