tests/3D/hillslope02_superslab/output_maps-SE27XX/thetaliqL0087N0002.asc
ncols         104
nrows         10
xllcorner     -2.000000
yllcorner     0.000000
cellsize      1.000000
NODATA_value  -9999.0
-9999.0 -9999.0 -9999.0 -9999.0 -9999.0 -9999.0 -9999.0 -9999.0 -9999.0 -9999.0 -9999.0 -9999.0 -9999.0 -9999.0 -9999.0 -9999.0 -9999.0 -9999.0 -9999.0 -9999.0 -9999.0 -9999.0 -9999.0 -9999.0 -9999.0 -9999.0 -9999.0 -9999.0 -9999.0 -9999.0 -9999.0 -9999.0 -9999.0 -9999.0 -9999.0 -9999.0 -9999.0 -9999.0 -9999.0 -9999.0 -9999.0 -9999.0 -9999.0 -9999.0 -9999.0 -9999.0 -9999.0 -9999.0 -9999.0 -9999.0 -9999.0 -9999.0 -9999.0 -9999.0 -9999.0 -9999.0 -9999.0 -9999.0 -9999.0 -9999.0 -9999.0 -9999.0 -9999.0 -9999.0 -9999.0 -9999.0 -9999.0 -9999.0 -9999.0 -9999.0 -9999.0 -9999.0 -9999.0 -9999.0 -9999.0 -9999.0 -9999.0 -9999.0 -9999.0 -9999.0 -9999.0 -9999.0 -9999.0 -9999.0 -9999.0 -9999.0 -9999.0 -9999.0 -9999.0 -9999.0 -9999.0 -9999.0 -9999.0 -9999.0 -9999.0 -9999.0 -9999.0 -9999.0 -9999.0 -9999.0 -9999.0 -9999.0 -9999.0 -9999.0
-9999.0 -9999.0 -9999.0 -9999.0 -9999.0 -9999.0 -9999.0 -9999.0 -9999.0 -9999.0 -9999.0 -9999.0 -9999.0 -9999.0 -9999.0 -9999.0 -9999.0 -9999.0 -9999.0 -9999.0 -9999.0 -9999.0 -9999.0 -9999.0 -9999.0 -9999.0 -9999.0 -9999.0 -9999.0 -9999.0 -9999.0 -9999.0 -9999.0 -9999.0 -9999.0 -9999.0 -9999.0 -9999.0 -9999.0 -9999.0 -9999.0 -9999.0 -9999.0 -9999.0 -9999.0 -9999.0 -9999.0 -9999.0 -9999.0 -9999.0 -9999.0 -9999.0 -9999.0 -9999.0 -9999.0 -9999.0 -9999.0 -9999.0 -9999.0 -9999.0 -9999.0 -9999.0 -9999.0 -9999.0 -9999.0 -9999.0 -9999.0 -9999.0 -9999.0 -9999.0 -9999.0 -9999.0 -9999.0 -9999.0 -9999.0 -9999.0 -9999.0 -9999.0 -9999.0 -9999.0 -9999.0 -9999.0 -9999.0 -9999.0 -9999.0 -9999.0 -9999.0 -9999.0 -9999.0 -9999.0 -9999.0 -9999.0 -9999.0 -9999.0 -9999.0 -9999.0 -9999.0 -9999.0 -9999.0 -9999.0 -9999.0 -9999.0 -9999.0 -9999.0
-9999.0 -9999.0 0.097790 0.081523 0.066231 0.056045 0.049389 0.044985 0.042188 0.040607 0.039837 0.039536 0.039423 0.039382 0.039366 0.039361 0.039359 0.039358 0.039358 0.039358 0.039358 0.039358 0.039358 0.039358 0.039357 0.039357 0.039357 0.039357 0.039357 0.039356 0.039356 0.039356 0.039355 0.039354 0.039354 0.039353 0.039352 0.039350 0.039348 0.039347 0.039344 0.039342 0.039339 0.039335 0.039331 0.039327 0.039323 0.039319 0.039314 0.039311 0.039304 0.039254 0.039272 0.039262 0.039250 0.039237 0.039223 0.039208 0.039191 0.039173 0.039154 0.039133 0.039111 0.039088 0.039063 0.039037 0.039009 0.038980 0.038949 0.038917 0.038882 0.038846 0.038809 0.038769 0.038728 0.038685 0.038639 0.038592 0.038542 0.038490 0.038435 0.038378 0.038318 0.038254 0.038188 0.038117 0.038043 0.037965 0.037881 0.037792 0.037697 0.037595 0.037484 0.037363 0.037230 0.037082 0.036915 0.036723 0.036497 0.036218 0.035851 0.035269 -9999.0 -9999.0
-9999.0 -9999.0 0.097790 0.081523 0.066231 0.056045 0.049389 0.044985 0.042188 0.040607 0.039837 0.039536 0.039423 0.039382 0.039366 0.039361 0.039359 0.039358 0.039358 0.039358 0.039358 0.039358 0.039358 0.039358 0.039357 0.039357 0.039357 0.039357 0.039357 0.039356 0.039356 0.039356 0.039355 0.039354 0.039354 0.039353 0.039352 0.039350 0.039348 0.039347 0.039344 0.039342 0.039339 0.039335 0.039331 0.039327 0.039323 0.039319 0.039314 0.039311 0.039304 0.039254 0.039272 0.039262 0.039250 0.039237 0.039223 0.039208 0.039191 0.039173 0.039154 0.039133 0.039111 0.039088 0.039063 0.039037 0.039009 0.038980 0.038949 0.038917 0.038882 0.038846 0.038809 0.038769 0.038728 0.038685 0.038639 0.038592 0.038542 0.038490 0.038435 0.038378 0.038318 0.038254 0.038188 0.038117 0.038043 0.037965 0.037881 0.037792 0.037697 0.037595 0.037484 0.037363 0.037230 0.037082 0.036915 0.036723 0.036497 0.036218 0.035851 0.035269 -9999.0 -9999.0
-9999.0 -9999.0 0.097790 0.081523 0.066231 0.056045 0.049389 0.044985 0.042188 0.040607 0.039837 0.039536 0.039423 0.039382 0.039366 0.039361 0.039359 0.039358 0.039358 0.039358 0.039358 0.039358 0.039358 0.039358 0.039357 0.039357 0.039357 0.039357 0.039357 0.039356 0.039356 0.039356 0.039355 0.039354 0.039354 0.039353 0.039352 0.039350 0.039348 0.039347 0.039344 0.039342 0.039339 0.039335 0.039331 0.039327 0.039323 0.039319 0.039314 0.039311 0.039304 0.039254 0.039272 0.039262 0.039250 0.039237 0.039223 0.039208 0.039191 0.039173 0.039154 0.039133 0.039111 0.039088 0.039063 0.039037 0.039009 0.038980 0.038949 0.038917 0.038882 0.038846 0.038809 0.038769 0.038728 0.038685 0.038639 0.038592 0.038542 0.038490 0.038435 0.038378 0.038318 0.038254 0.038188 0.038117 0.038043 0.037965 0.037881 0.037792 0.037697 0.037595 0.037484 0.037363 0.037230 0.037082 0.036915 0.036723 0.036497 0.036218 0.035851 0.035269 -9999.0 -9999.0
-9999.0 -9999.0 0.097790 0.081523 0.066231 0.056045 0.049389 0.044985 0.042188 0.040607 0.039837 0.039536 0.039423 0.039382 0.039366 0.039361 0.039359 0.039358 0.039358 0.039358 0.039358 0.039358 0.039358 0.039358 0.039357 0.039357 0.039357 0.039357 0.039357 0.039356 0.039356 0.039356 0.039355 0.039354 0.039354 0.039353 0.039352 0.039350 0.039348 0.039347 0.039344 0.039342 0.039339 0.039335 0.039331 0.039327 0.039323 0.039319 0.039314 0.039311 0.039304 0.039254 0.039272 0.039262 0.039250 0.039237 0.039223 0.039208 0.039191 0.039173 0.039154 0.039133 0.039111 0.039088 0.039063 0.039037 0.039009 0.038980 0.038949 0.038917 0.038882 0.038846 0.038809 0.038769 0.038728 0.038685 0.038639 0.038592 0.038542 0.038490 0.038435 0.038378 0.038318 0.038254 0.038188 0.038117 0.038043 0.037965 0.037881 0.037792 0.037697 0.037595 0.037484 0.037363 0.037230 0.037082 0.036915 0.036723 0.036497 0.036218 0.035851 0.035269 -9999.0 -9999.0
-9999.0 -9999.0 0.097790 0.081523 0.066231 0.056045 0.049389 0.044985 0.042188 0.040607 0.039837 0.039536 0.039423 0.039382 0.039366 0.039361 0.039359 0.039358 0.039358 0.039358 0.039358 0.039358 0.039358 0.039358 0.039357 0.039357 0.039357 0.039357 0.039357 0.039356 0.039356 0.039356 0.039355 0.039354 0.039354 0.039353 0.039352 0.039350 0.039348 0.039347 0.039344 0.039342 0.039339 0.039335 0.039331 0.039327 0.039323 0.039319 0.039314 0.039311 0.039304 0.039254 0.039272 0.039262 0.039250 0.039237 0.039223 0.039208 0.039191 0.039173 0.039154 0.039133 0.039111 0.039088 0.039063 0.039037 0.039009 0.038980 0.038949 0.038917 0.038882 0.038846 0.038809 0.038769 0.038728 0.038685 0.038639 0.038592 0.038542 0.038490 0.038435 0.038378 0.038318 0.038254 0.038188 0.038117 0.038043 0.037965 0.037881 0.037792 0.037697 0.037595 0.037484 0.037363 0.037230 0.037082 0.036915 0.036723 0.036497 0.036218 0.035851 0.035269 -9999.0 -9999.0
-9999.0 -9999.0 0.097790 0.081523 0.066231 0.056045 0.049389 0.044985 0.042188 0.040607 0.039837 0.039536 0.039423 0.039382 0.039366 0.039361 0.039359 0.039358 0.039358 0.039358 0.039358 0.039358 0.039358 0.039358 0.039357 0.039357 0.039357 0.039357 0.039357 0.039356 0.039356 0.039356 0.039355 0.039354 0.039354 0.039353 0.039352 0.039350 0.039348 0.039347 0.039344 0.039342 0.039339 0.039335 0.039331 0.039327 0.039323 0.039319 0.039314 0.039311 0.039304 0.039254 0.039272 0.039262 0.039250 0.039237 0.039223 0.039208 0.039191 0.039173 0.039154 0.039133 0.039111 0.039088 0.039063 0.039037 0.039009 0.038980 0.038949 0.038917 0.038882 0.038846 0.038809 0.038769 0.038728 0.038685 0.038639 0.038592 0.038542 0.038490 0.038435 0.038378 0.038318 0.038254 0.038188 0.038117 0.038043 0.037965 0.037881 0.037792 0.037697 0.037595 0.037484 0.037363 0.037230 0.037082 0.036915 0.036723 0.036497 0.036218 0.035851 0.035269 -9999.0 -9999.0
-9999.0 -9999.0 -9999.0 -9999.0 -9999.0 -9999.0 -9999.0 -9999.0 -9999.0 -9999.0 -9999.0 -9999.0 -9999.0 -9999.0 -9999.0 -9999.0 -9999.0 -9999.0 -9999.0 -9999.0 -9999.0 -9999.0 -9999.0 -9999.0 -9999.0 -9999.0 -9999.0 -9999.0 -9999.0 -9999.0 -9999.0 -9999.0 -9999.0 -9999.0 -9999.0 -9999.0 -9999.0 -9999.0 -9999.0 -9999.0 -9999.0 -9999.0 -9999.0 -9999.0 -9999.0 -9999.0 -9999.0 -9999.0 -9999.0 -9999.0 -9999.0 -9999.0 -9999.0 -9999.0 -9999.0 -9999.0 -9999.0 -9999.0 -9999.0 -9999.0 -9999.0 -9999.0 -9999.0 -9999.0 -9999.0 -9999.0 -9999.0 -9999.0 -9999.0 -9999.0 -9999.0 -9999.0 -9999.0 -9999.0 -9999.0 -9999.0 -9999.0 -9999.0 -9999.0 -9999.0 -9999.0 -9999.0 -9999.0 -9999.0 -9999.0 -9999.0 -9999.0 -9999.0 -9999.0 -9999.0 -9999.0 -9999.0 -9999.0 -9999.0 -9999.0 -9999.0 -9999.0 -9999.0 -9999.0 -9999.0 -9999.0 -9999.0 -9999.0 -9999.0
-9999.0 -9999.0 -9999.0 -9999.0 -9999.0 -9999.0 -9999.0 -9999.0 -9999.0 -9999.0 -9999.0 -9999.0 -9999.0 -9999.0 -9999.0 -9999.0 -9999.0 -9999.0 -9999.0 -9999.0 -9999.0 -9999.0 -9999.0 -9999.0 -9999.0 -9999.0 -9999.0 -9999.0 -9999.0 -9999.0 -9999.0 -9999.0 -9999.0 -9999.0 -9999.0 -9999.0 -9999.0 -9999.0 -9999.0 -9999.0 -9999.0 -9999.0 -9999.0 -9999.0 -9999.0 -9999.0 -9999.0 -9999.0 -9999.0 -9999.0 -9999.0 -9999.0 -9999.0 -9999.0 -9999.0 -9999.0 -9999.0 -9999.0 -9999.0 -9999.0 -9999.0 -9999.0 -9999.0 -9999.0 -9999.0 -9999.0 -9999.0 -9999.0 -9999.0 -9999.0 -9999.0 -9999.0 -9999.0 -9999.0 -9999.0 -9999.0 -9999.0 -9999.0 -9999.0 -9999.0 -9999.0 -9999.0 -9999.0 -9999.0 -9999.0 -9999.0 -9999.0 -9999.0 -9999.0 -9999.0 -9999.0 -9999.0 -9999.0 -9999.0 -9999.0 -9999.0 -9999.0 -9999.0 -9999.0 -9999.0 -9999.0 -9999.0 -9999.0 -9999.0