tests/3D/hillslope02_superslab/output_maps-SE27XX/thetaliqL0092N0002.asc
ncols         104
nrows         10
xllcorner     -2.000000
yllcorner     0.000000
cellsize      1.000000
NODATA_value  -9999.0
-9999.0 -9999.0 -9999.0 -9999.0 -9999.0 -9999.0 -9999.0 -9999.0 -9999.0 -9999.0 -9999.0 -9999.0 -9999.0 -9999.0 -9999.0 -9999.0 -9999.0 -9999.0 -9999.0 -9999.0 -9999.0 -9999.0 -9999.0 -9999.0 -9999.0 -9999.0 -9999.0 -9999.0 -9999.0 -9999.0 -9999.0 -9999.0 -9999.0 -9999.0 -9999.0 -9999.0 -9999.0 -9999.0 -9999.0 -9999.0 -9999.0 -9999.0 -9999.0 -9999.0 -9999.0 -9999.0 -9999.0 -9999.0 -9999.0 -9999.0 -9999.0 -9999.0 -9999.0 -9999.0 -9999.0 -9999.0 -9999.0 -9999.0 -9999.0 -9999.0 -9999.0 -9999.0 -9999.0 -9999.0 -9999.0 -9999.0 -9999.0 -9999.0 -9999.0 -9999.0 -9999.0 -9999.0 -9999.0 -9999.0 -9999.0 -9999.0 -9999.0 -9999.0 -9999.0 -9999.0 -9999.0 -9999.0 -9999.0 -9999.0 -9999.0 -9999.0 -9999.0 -9999.0 -9999.0 -9999.0 -9999.0 -9999.0 -9999.0 -9999.0 -9999.0 -9999.0 -9999.0 -9999.0 -9999.0 -9999.0 -9999.0 -9999.0 -9999.0 -9999.0
-9999.0 -9999.0 -9999.0 -9999.0 -9999.0 -9999.0 -9999.0 -9999.0 -9999.0 -9999.0 -9999.0 -9999.0 -9999.0 -9999.0 -9999.0 -9999.0 -9999.0 -9999.0 -9999.0 -9999.0 -9999.0 -9999.0 -9999.0 -9999.0 -9999.0 -9999.0 -9999.0 -9999.0 -9999.0 -9999.0 -9999.0 -9999.0 -9999.0 -9999.0 -9999.0 -9999.0 -9999.0 -9999.0 -9999.0 -9999.0 -9999.0 -9999.0 -9999.0 -9999.0 -9999.0 -9999.0 -9999.0 -9999.0 -9999.0 -9999.0 -9999.0 -9999.0 -9999.0 -9999.0 -9999.0 -9999.0 -9999.0 -9999.0 -9999.0 -9999.0 -9999.0 -9999.0 -9999.0 -9999.0 -9999.0 -9999.0 -9999.0 -9999.0 -9999.0 -9999.0 -9999.0 -9999.0 -9999.0 -9999.0 -9999.0 -9999.0 -9999.0 -9999.0 -9999.0 -9999.0 -9999.0 -9999.0 -9999.0 -9999.0 -9999.0 -9999.0 -9999.0 -9999.0 -9999.0 -9999.0 -9999.0 -9999.0 -9999.0 -9999.0 -9999.0 -9999.0 -9999.0 -9999.0 -9999.0 -9999.0 -9999.0 -9999.0 -9999.0 -9999.0
-9999.0 -9999.0 0.100000 0.100000 0.100000 0.092152 0.076305 0.064422 0.057067 0.052919 0.050810 0.049966 0.049647 0.049529 0.049485 0.049469 0.049463 0.049461 0.049460 0.049459 0.049459 0.049459 0.049459 0.049458 0.049458 0.049457 0.049456 0.049456 0.049454 0.049453 0.049451 0.049450 0.049447 0.049444 0.049441 0.049437 0.049432 0.049426 0.049420 0.049412 0.049404 0.049394 0.049383 0.049370 0.049355 0.049339 0.049322 0.049302 0.049281 0.049257 0.049230 0.049192 0.049167 0.049134 0.049098 0.049058 0.049016 0.048971 0.048923 0.048872 0.048818 0.048761 0.048701 0.048638 0.048571 0.048501 0.048428 0.048352 0.048272 0.048188 0.048101 0.048011 0.047916 0.047818 0.047716 0.047609 0.047498 0.047383 0.047263 0.047138 0.047008 0.046872 0.046730 0.046581 0.046426 0.046263 0.046091 0.045910 0.045719 0.045515 0.045298 0.045066 0.044815 0.044543 0.044245 0.043914 0.043542 0.043116 0.042615 0.042003 0.041205 0.040024 -9999.0 -9999.0
-9999.0 -9999.0 0.100000 0.100000 0.100000 0.092152 0.076305 0.064422 0.057067 0.052919 0.050810 0.049966 0.049647 0.049529 0.049485 0.049469 0.049463 0.049461 0.049460 0.049459 0.049459 0.049459 0.049459 0.049458 0.049458 0.049457 0.049456 0.049456 0.049454 0.049453 0.049451 0.049450 0.049447 0.049444 0.049441 0.049437 0.049432 0.049426 0.049420 0.049412 0.049404 0.049394 0.049383 0.049370 0.049355 0.049339 0.049322 0.049302 0.049281 0.049257 0.049230 0.049192 0.049167 0.049134 0.049098 0.049058 0.049016 0.048971 0.048923 0.048872 0.048818 0.048761 0.048701 0.048638 0.048571 0.048501 0.048428 0.048352 0.048272 0.048188 0.048101 0.048011 0.047916 0.047818 0.047716 0.047609 0.047498 0.047383 0.047263 0.047138 0.047008 0.046872 0.046730 0.046581 0.046426 0.046263 0.046091 0.045910 0.045719 0.045515 0.045298 0.045066 0.044815 0.044543 0.044245 0.043914 0.043542 0.043116 0.042615 0.042003 0.041205 0.040024 -9999.0 -9999.0
-9999.0 -9999.0 0.100000 0.100000 0.100000 0.092152 0.076305 0.064422 0.057067 0.052919 0.050810 0.049966 0.049647 0.049529 0.049485 0.049469 0.049463 0.049461 0.049460 0.049459 0.049459 0.049459 0.049459 0.049458 0.049458 0.049457 0.049456 0.049456 0.049454 0.049453 0.049451 0.049450 0.049447 0.049444 0.049441 0.049437 0.049432 0.049426 0.049420 0.049412 0.049404 0.049394 0.049383 0.049370 0.049355 0.049339 0.049322 0.049302 0.049281 0.049257 0.049230 0.049192 0.049167 0.049134 0.049098 0.049058 0.049016 0.048971 0.048923 0.048872 0.048818 0.048761 0.048701 0.048638 0.048571 0.048501 0.048428 0.048352 0.048272 0.048188 0.048101 0.048011 0.047916 0.047818 0.047716 0.047609 0.047498 0.047383 0.047263 0.047138 0.047008 0.046872 0.046730 0.046581 0.046426 0.046263 0.046091 0.045910 0.045719 0.045515 0.045298 0.045066 0.044815 0.044543 0.044245 0.043914 0.043542 0.043116 0.042615 0.042003 0.041205 0.040024 -9999.0 -9999.0
-9999.0 -9999.0 0.100000 0.100000 0.100000 0.092152 0.076305 0.064422 0.057067 0.052919 0.050810 0.049966 0.049647 0.049529 0.049485 0.049469 0.049463 0.049461 0.049460 0.049459 0.049459 0.049459 0.049459 0.049458 0.049458 0.049457 0.049456 0.049456 0.049454 0.049453 0.049451 0.049450 0.049447 0.049444 0.049441 0.049437 0.049432 0.049426 0.049420 0.049412 0.049404 0.049394 0.049383 0.049370 0.049355 0.049339 0.049322 0.049302 0.049281 0.049257 0.049230 0.049192 0.049167 0.049134 0.049098 0.049058 0.049016 0.048971 0.048923 0.048872 0.048818 0.048761 0.048701 0.048638 0.048571 0.048501 0.048428 0.048352 0.048272 0.048188 0.048101 0.048011 0.047916 0.047818 0.047716 0.047609 0.047498 0.047383 0.047263 0.047138 0.047008 0.046872 0.046730 0.046581 0.046426 0.046263 0.046091 0.045910 0.045719 0.045515 0.045298 0.045066 0.044815 0.044543 0.044245 0.043914 0.043542 0.043116 0.042615 0.042003 0.041205 0.040024 -9999.0 -9999.0
-9999.0 -9999.0 0.100000 0.100000 0.100000 0.092152 0.076305 0.064422 0.057067 0.052919 0.050810 0.049966 0.049647 0.049529 0.049485 0.049469 0.049463 0.049461 0.049460 0.049459 0.049459 0.049459 0.049459 0.049458 0.049458 0.049457 0.049456 0.049456 0.049454 0.049453 0.049451 0.049450 0.049447 0.049444 0.049441 0.049437 0.049432 0.049426 0.049420 0.049412 0.049404 0.049394 0.049383 0.049370 0.049355 0.049339 0.049322 0.049302 0.049281 0.049257 0.049230 0.049192 0.049167 0.049134 0.049098 0.049058 0.049016 0.048971 0.048923 0.048872 0.048818 0.048761 0.048701 0.048638 0.048571 0.048501 0.048428 0.048352 0.048272 0.048188 0.048101 0.048011 0.047916 0.047818 0.047716 0.047609 0.047498 0.047383 0.047263 0.047138 0.047008 0.046872 0.046730 0.046581 0.046426 0.046263 0.046091 0.045910 0.045719 0.045515 0.045298 0.045066 0.044815 0.044543 0.044245 0.043914 0.043542 0.043116 0.042615 0.042003 0.041205 0.040024 -9999.0 -9999.0
-9999.0 -9999.0 0.100000 0.100000 0.100000 0.092152 0.076305 0.064422 0.057067 0.052919 0.050810 0.049966 0.049647 0.049529 0.049485 0.049469 0.049463 0.049461 0.049460 0.049459 0.049459 0.049459 0.049459 0.049458 0.049458 0.049457 0.049456 0.049456 0.049454 0.049453 0.049451 0.049450 0.049447 0.049444 0.049441 0.049437 0.049432 0.049426 0.049420 0.049412 0.049404 0.049394 0.049383 0.049370 0.049355 0.049339 0.049322 0.049302 0.049281 0.049257 0.049230 0.049192 0.049167 0.049134 0.049098 0.049058 0.049016 0.048971 0.048923 0.048872 0.048818 0.048761 0.048701 0.048638 0.048571 0.048501 0.048428 0.048352 0.048272 0.048188 0.048101 0.048011 0.047916 0.047818 0.047716 0.047609 0.047498 0.047383 0.047263 0.047138 0.047008 0.046872 0.046730 0.046581 0.046426 0.046263 0.046091 0.045910 0.045719 0.045515 0.045298 0.045066 0.044815 0.044543 0.044245 0.043914 0.043542 0.043116 0.042615 0.042003 0.041205 0.040024 -9999.0 -9999.0
-9999.0 -9999.0 -9999.0 -9999.0 -9999.0 -9999.0 -9999.0 -9999.0 -9999.0 -9999.0 -9999.0 -9999.0 -9999.0 -9999.0 -9999.0 -9999.0 -9999.0 -9999.0 -9999.0 -9999.0 -9999.0 -9999.0 -9999.0 -9999.0 -9999.0 -9999.0 -9999.0 -9999.0 -9999.0 -9999.0 -9999.0 -9999.0 -9999.0 -9999.0 -9999.0 -9999.0 -9999.0 -9999.0 -9999.0 -9999.0 -9999.0 -9999.0 -9999.0 -9999.0 -9999.0 -9999.0 -9999.0 -9999.0 -9999.0 -9999.0 -9999.0 -9999.0 -9999.0 -9999.0 -9999.0 -9999.0 -9999.0 -9999.0 -9999.0 -9999.0 -9999.0 -9999.0 -9999.0 -9999.0 -9999.0 -9999.0 -9999.0 -9999.0 -9999.0 -9999.0 -9999.0 -9999.0 -9999.0 -9999.0 -9999.0 -9999.0 -9999.0 -9999.0 -9999.0 -9999.0 -9999.0 -9999.0 -9999.0 -9999.0 -9999.0 -9999.0 -9999.0 -9999.0 -9999.0 -9999.0 -9999.0 -9999.0 -9999.0 -9999.0 -9999.0 -9999.0 -9999.0 -9999.0 -9999.0 -9999.0 -9999.0 -9999.0 -9999.0 -9999.0
-9999.0 -9999.0 -9999.0 -9999.0 -9999.0 -9999.0 -9999.0 -9999.0 -9999.0 -9999.0 -9999.0 -9999.0 -9999.0 -9999.0 -9999.0 -9999.0 -9999.0 -9999.0 -9999.0 -9999.0 -9999.0 -9999.0 -9999.0 -9999.0 -9999.0 -9999.0 -9999.0 -9999.0 -9999.0 -9999.0 -9999.0 -9999.0 -9999.0 -9999.0 -9999.0 -9999.0 -9999.0 -9999.0 -9999.0 -9999.0 -9999.0 -9999.0 -9999.0 -9999.0 -9999.0 -9999.0 -9999.0 -9999.0 -9999.0 -9999.0 -9999.0 -9999.0 -9999.0 -9999.0 -9999.0 -9999.0 -9999.0 -9999.0 -9999.0 -9999.0 -9999.0 -9999.0 -9999.0 -9999.0 -9999.0 -9999.0 -9999.0 -9999.0 -9999.0 -9999.0 -9999.0 -9999.0 -9999.0 -9999.0 -9999.0 -9999.0 -9999.0 -9999.0 -9999.0 -9999.0 -9999.0 -9999.0 -9999.0 -9999.0 -9999.0 -9999.0 -9999.0 -9999.0 -9999.0 -9999.0 -9999.0 -9999.0 -9999.0 -9999.0 -9999.0 -9999.0 -9999.0 -9999.0 -9999.0 -9999.0 -9999.0 -9999.0 -9999.0 -9999.0