tests/3D/hillslope02_superslab/output_maps-SE27XX/thetaliqL0086N0002.asc
ncols         104
nrows         10
xllcorner     -2.000000
yllcorner     0.000000
cellsize      1.000000
NODATA_value  -9999.0
-9999.0 -9999.0 -9999.0 -9999.0 -9999.0 -9999.0 -9999.0 -9999.0 -9999.0 -9999.0 -9999.0 -9999.0 -9999.0 -9999.0 -9999.0 -9999.0 -9999.0 -9999.0 -9999.0 -9999.0 -9999.0 -9999.0 -9999.0 -9999.0 -9999.0 -9999.0 -9999.0 -9999.0 -9999.0 -9999.0 -9999.0 -9999.0 -9999.0 -9999.0 -9999.0 -9999.0 -9999.0 -9999.0 -9999.0 -9999.0 -9999.0 -9999.0 -9999.0 -9999.0 -9999.0 -9999.0 -9999.0 -9999.0 -9999.0 -9999.0 -9999.0 -9999.0 -9999.0 -9999.0 -9999.0 -9999.0 -9999.0 -9999.0 -9999.0 -9999.0 -9999.0 -9999.0 -9999.0 -9999.0 -9999.0 -9999.0 -9999.0 -9999.0 -9999.0 -9999.0 -9999.0 -9999.0 -9999.0 -9999.0 -9999.0 -9999.0 -9999.0 -9999.0 -9999.0 -9999.0 -9999.0 -9999.0 -9999.0 -9999.0 -9999.0 -9999.0 -9999.0 -9999.0 -9999.0 -9999.0 -9999.0 -9999.0 -9999.0 -9999.0 -9999.0 -9999.0 -9999.0 -9999.0 -9999.0 -9999.0 -9999.0 -9999.0 -9999.0 -9999.0
-9999.0 -9999.0 -9999.0 -9999.0 -9999.0 -9999.0 -9999.0 -9999.0 -9999.0 -9999.0 -9999.0 -9999.0 -9999.0 -9999.0 -9999.0 -9999.0 -9999.0 -9999.0 -9999.0 -9999.0 -9999.0 -9999.0 -9999.0 -9999.0 -9999.0 -9999.0 -9999.0 -9999.0 -9999.0 -9999.0 -9999.0 -9999.0 -9999.0 -9999.0 -9999.0 -9999.0 -9999.0 -9999.0 -9999.0 -9999.0 -9999.0 -9999.0 -9999.0 -9999.0 -9999.0 -9999.0 -9999.0 -9999.0 -9999.0 -9999.0 -9999.0 -9999.0 -9999.0 -9999.0 -9999.0 -9999.0 -9999.0 -9999.0 -9999.0 -9999.0 -9999.0 -9999.0 -9999.0 -9999.0 -9999.0 -9999.0 -9999.0 -9999.0 -9999.0 -9999.0 -9999.0 -9999.0 -9999.0 -9999.0 -9999.0 -9999.0 -9999.0 -9999.0 -9999.0 -9999.0 -9999.0 -9999.0 -9999.0 -9999.0 -9999.0 -9999.0 -9999.0 -9999.0 -9999.0 -9999.0 -9999.0 -9999.0 -9999.0 -9999.0 -9999.0 -9999.0 -9999.0 -9999.0 -9999.0 -9999.0 -9999.0 -9999.0 -9999.0 -9999.0
-9999.0 -9999.0 0.090465 0.073019 0.060305 0.052009 0.046488 0.042780 0.040423 0.039107 0.038480 0.038236 0.038146 0.038113 0.038100 0.038096 0.038094 0.038094 0.038094 0.038093 0.038093 0.038093 0.038093 0.038093 0.038093 0.038093 0.038093 0.038093 0.038093 0.038093 0.038092 0.038092 0.038092 0.038091 0.038091 0.038090 0.038089 0.038088 0.038087 0.038085 0.038084 0.038082 0.038080 0.038077 0.038074 0.038071 0.038069 0.038066 0.038064 0.038063 0.038059 0.038001 0.038028 0.038021 0.038012 0.038001 0.037990 0.037978 0.037964 0.037950 0.037935 0.037918 0.037900 0.037881 0.037861 0.037840 0.037817 0.037793 0.037767 0.037741 0.037712 0.037682 0.037651 0.037618 0.037584 0.037547 0.037509 0.037469 0.037427 0.037383 0.037337 0.037288 0.037237 0.037184 0.037127 0.037067 0.037004 0.036937 0.036866 0.036790 0.036709 0.036621 0.036526 0.036423 0.036309 0.036182 0.036039 0.035875 0.035681 0.035442 0.035126 0.034618 -9999.0 -9999.0
-9999.0 -9999.0 0.090465 0.073019 0.060305 0.052009 0.046488 0.042780 0.040423 0.039107 0.038480 0.038236 0.038146 0.038113 0.038100 0.038096 0.038094 0.038094 0.038094 0.038093 0.038093 0.038093 0.038093 0.038093 0.038093 0.038093 0.038093 0.038093 0.038093 0.038093 0.038092 0.038092 0.038092 0.038091 0.038091 0.038090 0.038089 0.038088 0.038087 0.038085 0.038084 0.038082 0.038080 0.038077 0.038074 0.038071 0.038069 0.038066 0.038064 0.038063 0.038059 0.038001 0.038028 0.038021 0.038012 0.038001 0.037990 0.037978 0.037964 0.037950 0.037935 0.037918 0.037900 0.037881 0.037861 0.037840 0.037817 0.037793 0.037767 0.037741 0.037712 0.037682 0.037651 0.037618 0.037584 0.037547 0.037509 0.037469 0.037427 0.037383 0.037337 0.037288 0.037237 0.037184 0.037127 0.037067 0.037004 0.036937 0.036866 0.036790 0.036709 0.036621 0.036526 0.036423 0.036309 0.036182 0.036039 0.035875 0.035681 0.035442 0.035126 0.034618 -9999.0 -9999.0
-9999.0 -9999.0 0.090465 0.073019 0.060305 0.052009 0.046488 0.042780 0.040423 0.039107 0.038480 0.038236 0.038146 0.038113 0.038100 0.038096 0.038094 0.038094 0.038094 0.038093 0.038093 0.038093 0.038093 0.038093 0.038093 0.038093 0.038093 0.038093 0.038093 0.038093 0.038092 0.038092 0.038092 0.038091 0.038091 0.038090 0.038089 0.038088 0.038087 0.038085 0.038084 0.038082 0.038080 0.038077 0.038074 0.038071 0.038069 0.038066 0.038064 0.038063 0.038059 0.038001 0.038028 0.038021 0.038012 0.038001 0.037990 0.037978 0.037964 0.037950 0.037935 0.037918 0.037900 0.037881 0.037861 0.037840 0.037817 0.037793 0.037767 0.037741 0.037712 0.037682 0.037651 0.037618 0.037584 0.037547 0.037509 0.037469 0.037427 0.037383 0.037337 0.037288 0.037237 0.037184 0.037127 0.037067 0.037004 0.036937 0.036866 0.036790 0.036709 0.036621 0.036526 0.036423 0.036309 0.036182 0.036039 0.035875 0.035681 0.035442 0.035126 0.034618 -9999.0 -9999.0
-9999.0 -9999.0 0.090465 0.073019 0.060305 0.052009 0.046488 0.042780 0.040423 0.039107 0.038480 0.038236 0.038146 0.038113 0.038100 0.038096 0.038094 0.038094 0.038094 0.038093 0.038093 0.038093 0.038093 0.038093 0.038093 0.038093 0.038093 0.038093 0.038093 0.038093 0.038092 0.038092 0.038092 0.038091 0.038091 0.038090 0.038089 0.038088 0.038087 0.038085 0.038084 0.038082 0.038080 0.038077 0.038074 0.038071 0.038069 0.038066 0.038064 0.038063 0.038059 0.038001 0.038028 0.038021 0.038012 0.038001 0.037990 0.037978 0.037964 0.037950 0.037935 0.037918 0.037900 0.037881 0.037861 0.037840 0.037817 0.037793 0.037767 0.037741 0.037712 0.037682 0.037651 0.037618 0.037584 0.037547 0.037509 0.037469 0.037427 0.037383 0.037337 0.037288 0.037237 0.037184 0.037127 0.037067 0.037004 0.036937 0.036866 0.036790 0.036709 0.036621 0.036526 0.036423 0.036309 0.036182 0.036039 0.035875 0.035681 0.035442 0.035126 0.034618 -9999.0 -9999.0
-9999.0 -9999.0 0.090465 0.073019 0.060305 0.052009 0.046488 0.042780 0.040423 0.039107 0.038480 0.038236 0.038146 0.038113 0.038100 0.038096 0.038094 0.038094 0.038094 0.038093 0.038093 0.038093 0.038093 0.038093 0.038093 0.038093 0.038093 0.038093 0.038093 0.038093 0.038092 0.038092 0.038092 0.038091 0.038091 0.038090 0.038089 0.038088 0.038087 0.038085 0.038084 0.038082 0.038080 0.038077 0.038074 0.038071 0.038069 0.038066 0.038064 0.038063 0.038059 0.038001 0.038028 0.038021 0.038012 0.038001 0.037990 0.037978 0.037964 0.037950 0.037935 0.037918 0.037900 0.037881 0.037861 0.037840 0.037817 0.037793 0.037767 0.037741 0.037712 0.037682 0.037651 0.037618 0.037584 0.037547 0.037509 0.037469 0.037427 0.037383 0.037337 0.037288 0.037237 0.037184 0.037127 0.037067 0.037004 0.036937 0.036866 0.036790 0.036709 0.036621 0.036526 0.036423 0.036309 0.036182 0.036039 0.035875 0.035681 0.035442 0.035126 0.034618 -9999.0 -9999.0
-9999.0 -9999.0 0.090465 0.073019 0.060305 0.052009 0.046488 0.042780 0.040423 0.039107 0.038480 0.038236 0.038146 0.038113 0.038100 0.038096 0.038094 0.038094 0.038094 0.038093 0.038093 0.038093 0.038093 0.038093 0.038093 0.038093 0.038093 0.038093 0.038093 0.038093 0.038092 0.038092 0.038092 0.038091 0.038091 0.038090 0.038089 0.038088 0.038087 0.038085 0.038084 0.038082 0.038080 0.038077 0.038074 0.038071 0.038069 0.038066 0.038064 0.038063 0.038059 0.038001 0.038028 0.038021 0.038012 0.038001 0.037990 0.037978 0.037964 0.037950 0.037935 0.037918 0.037900 0.037881 0.037861 0.037840 0.037817 0.037793 0.037767 0.037741 0.037712 0.037682 0.037651 0.037618 0.037584 0.037547 0.037509 0.037469 0.037427 0.037383 0.037337 0.037288 0.037237 0.037184 0.037127 0.037067 0.037004 0.036937 0.036866 0.036790 0.036709 0.036621 0.036526 0.036423 0.036309 0.036182 0.036039 0.035875 0.035681 0.035442 0.035126 0.034618 -9999.0 -9999.0
-9999.0 -9999.0 -9999.0 -9999.0 -9999.0 -9999.0 -9999.0 -9999.0 -9999.0 -9999.0 -9999.0 -9999.0 -9999.0 -9999.0 -9999.0 -9999.0 -9999.0 -9999.0 -9999.0 -9999.0 -9999.0 -9999.0 -9999.0 -9999.0 -9999.0 -9999.0 -9999.0 -9999.0 -9999.0 -9999.0 -9999.0 -9999.0 -9999.0 -9999.0 -9999.0 -9999.0 -9999.0 -9999.0 -9999.0 -9999.0 -9999.0 -9999.0 -9999.0 -9999.0 -9999.0 -9999.0 -9999.0 -9999.0 -9999.0 -9999.0 -9999.0 -9999.0 -9999.0 -9999.0 -9999.0 -9999.0 -9999.0 -9999.0 -9999.0 -9999.0 -9999.0 -9999.0 -9999.0 -9999.0 -9999.0 -9999.0 -9999.0 -9999.0 -9999.0 -9999.0 -9999.0 -9999.0 -9999.0 -9999.0 -9999.0 -9999.0 -9999.0 -9999.0 -9999.0 -9999.0 -9999.0 -9999.0 -9999.0 -9999.0 -9999.0 -9999.0 -9999.0 -9999.0 -9999.0 -9999.0 -9999.0 -9999.0 -9999.0 -9999.0 -9999.0 -9999.0 -9999.0 -9999.0 -9999.0 -9999.0 -9999.0 -9999.0 -9999.0 -9999.0
-9999.0 -9999.0 -9999.0 -9999.0 -9999.0 -9999.0 -9999.0 -9999.0 -9999.0 -9999.0 -9999.0 -9999.0 -9999.0 -9999.0 -9999.0 -9999.0 -9999.0 -9999.0 -9999.0 -9999.0 -9999.0 -9999.0 -9999.0 -9999.0 -9999.0 -9999.0 -9999.0 -9999.0 -9999.0 -9999.0 -9999.0 -9999.0 -9999.0 -9999.0 -9999.0 -9999.0 -9999.0 -9999.0 -9999.0 -9999.0 -9999.0 -9999.0 -9999.0 -9999.0 -9999.0 -9999.0 -9999.0 -9999.0 -9999.0 -9999.0 -9999.0 -9999.0 -9999.0 -9999.0 -9999.0 -9999.0 -9999.0 -9999.0 -9999.0 -9999.0 -9999.0 -9999.0 -9999.0 -9999.0 -9999.0 -9999.0 -9999.0 -9999.0 -9999.0 -9999.0 -9999.0 -9999.0 -9999.0 -9999.0 -9999.0 -9999.0 -9999.0 -9999.0 -9999.0 -9999.0 -9999.0 -9999.0 -9999.0 -9999.0 -9999.0 -9999.0 -9999.0 -9999.0 -9999.0 -9999.0 -9999.0 -9999.0 -9999.0 -9999.0 -9999.0 -9999.0 -9999.0 -9999.0 -9999.0 -9999.0 -9999.0 -9999.0 -9999.0 -9999.0