tests/3D/hillslope02_superslab/output_maps-SE27XX/thetaliqL0093N0002.asc
ncols         104
nrows         10
xllcorner     -2.000000
yllcorner     0.000000
cellsize      1.000000
NODATA_value  -9999.0
-9999.0 -9999.0 -9999.0 -9999.0 -9999.0 -9999.0 -9999.0 -9999.0 -9999.0 -9999.0 -9999.0 -9999.0 -9999.0 -9999.0 -9999.0 -9999.0 -9999.0 -9999.0 -9999.0 -9999.0 -9999.0 -9999.0 -9999.0 -9999.0 -9999.0 -9999.0 -9999.0 -9999.0 -9999.0 -9999.0 -9999.0 -9999.0 -9999.0 -9999.0 -9999.0 -9999.0 -9999.0 -9999.0 -9999.0 -9999.0 -9999.0 -9999.0 -9999.0 -9999.0 -9999.0 -9999.0 -9999.0 -9999.0 -9999.0 -9999.0 -9999.0 -9999.0 -9999.0 -9999.0 -9999.0 -9999.0 -9999.0 -9999.0 -9999.0 -9999.0 -9999.0 -9999.0 -9999.0 -9999.0 -9999.0 -9999.0 -9999.0 -9999.0 -9999.0 -9999.0 -9999.0 -9999.0 -9999.0 -9999.0 -9999.0 -9999.0 -9999.0 -9999.0 -9999.0 -9999.0 -9999.0 -9999.0 -9999.0 -9999.0 -9999.0 -9999.0 -9999.0 -9999.0 -9999.0 -9999.0 -9999.0 -9999.0 -9999.0 -9999.0 -9999.0 -9999.0 -9999.0 -9999.0 -9999.0 -9999.0 -9999.0 -9999.0 -9999.0 -9999.0
-9999.0 -9999.0 -9999.0 -9999.0 -9999.0 -9999.0 -9999.0 -9999.0 -9999.0 -9999.0 -9999.0 -9999.0 -9999.0 -9999.0 -9999.0 -9999.0 -9999.0 -9999.0 -9999.0 -9999.0 -9999.0 -9999.0 -9999.0 -9999.0 -9999.0 -9999.0 -9999.0 -9999.0 -9999.0 -9999.0 -9999.0 -9999.0 -9999.0 -9999.0 -9999.0 -9999.0 -9999.0 -9999.0 -9999.0 -9999.0 -9999.0 -9999.0 -9999.0 -9999.0 -9999.0 -9999.0 -9999.0 -9999.0 -9999.0 -9999.0 -9999.0 -9999.0 -9999.0 -9999.0 -9999.0 -9999.0 -9999.0 -9999.0 -9999.0 -9999.0 -9999.0 -9999.0 -9999.0 -9999.0 -9999.0 -9999.0 -9999.0 -9999.0 -9999.0 -9999.0 -9999.0 -9999.0 -9999.0 -9999.0 -9999.0 -9999.0 -9999.0 -9999.0 -9999.0 -9999.0 -9999.0 -9999.0 -9999.0 -9999.0 -9999.0 -9999.0 -9999.0 -9999.0 -9999.0 -9999.0 -9999.0 -9999.0 -9999.0 -9999.0 -9999.0 -9999.0 -9999.0 -9999.0 -9999.0 -9999.0 -9999.0 -9999.0 -9999.0 -9999.0
-9999.0 -9999.0 0.100000 0.100000 0.100000 0.098715 0.085197 0.071265 0.062184 0.057047 0.054434 0.053390 0.052994 0.052847 0.052793 0.052773 0.052766 0.052763 0.052762 0.052761 0.052761 0.052761 0.052760 0.052760 0.052759 0.052758 0.052757 0.052756 0.052755 0.052753 0.052751 0.052748 0.052745 0.052742 0.052737 0.052732 0.052726 0.052719 0.052710 0.052701 0.052689 0.052677 0.052662 0.052646 0.052628 0.052608 0.052585 0.052560 0.052533 0.052503 0.052469 0.052426 0.052392 0.052350 0.052305 0.052256 0.052203 0.052148 0.052088 0.052025 0.051958 0.051888 0.051814 0.051736 0.051654 0.051568 0.051478 0.051385 0.051287 0.051184 0.051078 0.050967 0.050852 0.050732 0.050608 0.050478 0.050343 0.050203 0.050058 0.049906 0.049748 0.049583 0.049412 0.049232 0.049044 0.048847 0.048640 0.048422 0.048192 0.047947 0.047687 0.047408 0.047108 0.046782 0.046425 0.046030 0.045587 0.045079 0.044484 0.043758 0.042817 0.041437 -9999.0 -9999.0
-9999.0 -9999.0 0.100000 0.100000 0.100000 0.098715 0.085197 0.071265 0.062184 0.057047 0.054434 0.053390 0.052994 0.052847 0.052793 0.052773 0.052766 0.052763 0.052762 0.052761 0.052761 0.052761 0.052760 0.052760 0.052759 0.052758 0.052757 0.052756 0.052755 0.052753 0.052751 0.052748 0.052745 0.052742 0.052737 0.052732 0.052726 0.052719 0.052710 0.052701 0.052689 0.052677 0.052662 0.052646 0.052628 0.052608 0.052585 0.052560 0.052533 0.052503 0.052469 0.052426 0.052392 0.052350 0.052305 0.052256 0.052203 0.052148 0.052088 0.052025 0.051958 0.051888 0.051814 0.051736 0.051654 0.051568 0.051478 0.051385 0.051287 0.051184 0.051078 0.050967 0.050852 0.050732 0.050608 0.050478 0.050343 0.050203 0.050058 0.049906 0.049748 0.049583 0.049412 0.049232 0.049044 0.048847 0.048640 0.048422 0.048192 0.047947 0.047687 0.047408 0.047108 0.046782 0.046425 0.046030 0.045587 0.045079 0.044484 0.043758 0.042817 0.041437 -9999.0 -9999.0
-9999.0 -9999.0 0.100000 0.100000 0.100000 0.098715 0.085197 0.071265 0.062184 0.057047 0.054434 0.053390 0.052994 0.052847 0.052793 0.052773 0.052766 0.052763 0.052762 0.052761 0.052761 0.052761 0.052760 0.052760 0.052759 0.052758 0.052757 0.052756 0.052755 0.052753 0.052751 0.052748 0.052745 0.052742 0.052737 0.052732 0.052726 0.052719 0.052710 0.052701 0.052689 0.052677 0.052662 0.052646 0.052628 0.052608 0.052585 0.052560 0.052533 0.052503 0.052469 0.052426 0.052392 0.052350 0.052305 0.052256 0.052203 0.052148 0.052088 0.052025 0.051958 0.051888 0.051814 0.051736 0.051654 0.051568 0.051478 0.051385 0.051287 0.051184 0.051078 0.050967 0.050852 0.050732 0.050608 0.050478 0.050343 0.050203 0.050058 0.049906 0.049748 0.049583 0.049412 0.049232 0.049044 0.048847 0.048640 0.048422 0.048192 0.047947 0.047687 0.047408 0.047108 0.046782 0.046425 0.046030 0.045587 0.045079 0.044484 0.043758 0.042817 0.041437 -9999.0 -9999.0
-9999.0 -9999.0 0.100000 0.100000 0.100000 0.098715 0.085197 0.071265 0.062184 0.057047 0.054434 0.053390 0.052994 0.052847 0.052793 0.052773 0.052766 0.052763 0.052762 0.052761 0.052761 0.052761 0.052760 0.052760 0.052759 0.052758 0.052757 0.052756 0.052755 0.052753 0.052751 0.052748 0.052745 0.052742 0.052737 0.052732 0.052726 0.052719 0.052710 0.052701 0.052689 0.052677 0.052662 0.052646 0.052628 0.052608 0.052585 0.052560 0.052533 0.052503 0.052469 0.052426 0.052392 0.052350 0.052305 0.052256 0.052203 0.052148 0.052088 0.052025 0.051958 0.051888 0.051814 0.051736 0.051654 0.051568 0.051478 0.051385 0.051287 0.051184 0.051078 0.050967 0.050852 0.050732 0.050608 0.050478 0.050343 0.050203 0.050058 0.049906 0.049748 0.049583 0.049412 0.049232 0.049044 0.048847 0.048640 0.048422 0.048192 0.047947 0.047687 0.047408 0.047108 0.046782 0.046425 0.046030 0.045587 0.045079 0.044484 0.043758 0.042817 0.041437 -9999.0 -9999.0
-9999.0 -9999.0 0.100000 0.100000 0.100000 0.098715 0.085197 0.071265 0.062184 0.057047 0.054434 0.053390 0.052994 0.052847 0.052793 0.052773 0.052766 0.052763 0.052762 0.052761 0.052761 0.052761 0.052760 0.052760 0.052759 0.052758 0.052757 0.052756 0.052755 0.052753 0.052751 0.052748 0.052745 0.052742 0.052737 0.052732 0.052726 0.052719 0.052710 0.052701 0.052689 0.052677 0.052662 0.052646 0.052628 0.052608 0.052585 0.052560 0.052533 0.052503 0.052469 0.052426 0.052392 0.052350 0.052305 0.052256 0.052203 0.052148 0.052088 0.052025 0.051958 0.051888 0.051814 0.051736 0.051654 0.051568 0.051478 0.051385 0.051287 0.051184 0.051078 0.050967 0.050852 0.050732 0.050608 0.050478 0.050343 0.050203 0.050058 0.049906 0.049748 0.049583 0.049412 0.049232 0.049044 0.048847 0.048640 0.048422 0.048192 0.047947 0.047687 0.047408 0.047108 0.046782 0.046425 0.046030 0.045587 0.045079 0.044484 0.043758 0.042817 0.041437 -9999.0 -9999.0
-9999.0 -9999.0 0.100000 0.100000 0.100000 0.098715 0.085197 0.071265 0.062184 0.057047 0.054434 0.053390 0.052994 0.052847 0.052793 0.052773 0.052766 0.052763 0.052762 0.052761 0.052761 0.052761 0.052760 0.052760 0.052759 0.052758 0.052757 0.052756 0.052755 0.052753 0.052751 0.052748 0.052745 0.052742 0.052737 0.052732 0.052726 0.052719 0.052710 0.052701 0.052689 0.052677 0.052662 0.052646 0.052628 0.052608 0.052585 0.052560 0.052533 0.052503 0.052469 0.052426 0.052392 0.052350 0.052305 0.052256 0.052203 0.052148 0.052088 0.052025 0.051958 0.051888 0.051814 0.051736 0.051654 0.051568 0.051478 0.051385 0.051287 0.051184 0.051078 0.050967 0.050852 0.050732 0.050608 0.050478 0.050343 0.050203 0.050058 0.049906 0.049748 0.049583 0.049412 0.049232 0.049044 0.048847 0.048640 0.048422 0.048192 0.047947 0.047687 0.047408 0.047108 0.046782 0.046425 0.046030 0.045587 0.045079 0.044484 0.043758 0.042817 0.041437 -9999.0 -9999.0
-9999.0 -9999.0 -9999.0 -9999.0 -9999.0 -9999.0 -9999.0 -9999.0 -9999.0 -9999.0 -9999.0 -9999.0 -9999.0 -9999.0 -9999.0 -9999.0 -9999.0 -9999.0 -9999.0 -9999.0 -9999.0 -9999.0 -9999.0 -9999.0 -9999.0 -9999.0 -9999.0 -9999.0 -9999.0 -9999.0 -9999.0 -9999.0 -9999.0 -9999.0 -9999.0 -9999.0 -9999.0 -9999.0 -9999.0 -9999.0 -9999.0 -9999.0 -9999.0 -9999.0 -9999.0 -9999.0 -9999.0 -9999.0 -9999.0 -9999.0 -9999.0 -9999.0 -9999.0 -9999.0 -9999.0 -9999.0 -9999.0 -9999.0 -9999.0 -9999.0 -9999.0 -9999.0 -9999.0 -9999.0 -9999.0 -9999.0 -9999.0 -9999.0 -9999.0 -9999.0 -9999.0 -9999.0 -9999.0 -9999.0 -9999.0 -9999.0 -9999.0 -9999.0 -9999.0 -9999.0 -9999.0 -9999.0 -9999.0 -9999.0 -9999.0 -9999.0 -9999.0 -9999.0 -9999.0 -9999.0 -9999.0 -9999.0 -9999.0 -9999.0 -9999.0 -9999.0 -9999.0 -9999.0 -9999.0 -9999.0 -9999.0 -9999.0 -9999.0 -9999.0
-9999.0 -9999.0 -9999.0 -9999.0 -9999.0 -9999.0 -9999.0 -9999.0 -9999.0 -9999.0 -9999.0 -9999.0 -9999.0 -9999.0 -9999.0 -9999.0 -9999.0 -9999.0 -9999.0 -9999.0 -9999.0 -9999.0 -9999.0 -9999.0 -9999.0 -9999.0 -9999.0 -9999.0 -9999.0 -9999.0 -9999.0 -9999.0 -9999.0 -9999.0 -9999.0 -9999.0 -9999.0 -9999.0 -9999.0 -9999.0 -9999.0 -9999.0 -9999.0 -9999.0 -9999.0 -9999.0 -9999.0 -9999.0 -9999.0 -9999.0 -9999.0 -9999.0 -9999.0 -9999.0 -9999.0 -9999.0 -9999.0 -9999.0 -9999.0 -9999.0 -9999.0 -9999.0 -9999.0 -9999.0 -9999.0 -9999.0 -9999.0 -9999.0 -9999.0 -9999.0 -9999.0 -9999.0 -9999.0 -9999.0 -9999.0 -9999.0 -9999.0 -9999.0 -9999.0 -9999.0 -9999.0 -9999.0 -9999.0 -9999.0 -9999.0 -9999.0 -9999.0 -9999.0 -9999.0 -9999.0 -9999.0 -9999.0 -9999.0 -9999.0 -9999.0 -9999.0 -9999.0 -9999.0 -9999.0 -9999.0 -9999.0 -9999.0 -9999.0 -9999.0