tests/3D/hillslope02_superslab/output_maps-SE27XX/thetaliqL0083N0002.asc
ncols         104
nrows         10
xllcorner     -2.000000
yllcorner     0.000000
cellsize      1.000000
NODATA_value  -9999.0
-9999.0 -9999.0 -9999.0 -9999.0 -9999.0 -9999.0 -9999.0 -9999.0 -9999.0 -9999.0 -9999.0 -9999.0 -9999.0 -9999.0 -9999.0 -9999.0 -9999.0 -9999.0 -9999.0 -9999.0 -9999.0 -9999.0 -9999.0 -9999.0 -9999.0 -9999.0 -9999.0 -9999.0 -9999.0 -9999.0 -9999.0 -9999.0 -9999.0 -9999.0 -9999.0 -9999.0 -9999.0 -9999.0 -9999.0 -9999.0 -9999.0 -9999.0 -9999.0 -9999.0 -9999.0 -9999.0 -9999.0 -9999.0 -9999.0 -9999.0 -9999.0 -9999.0 -9999.0 -9999.0 -9999.0 -9999.0 -9999.0 -9999.0 -9999.0 -9999.0 -9999.0 -9999.0 -9999.0 -9999.0 -9999.0 -9999.0 -9999.0 -9999.0 -9999.0 -9999.0 -9999.0 -9999.0 -9999.0 -9999.0 -9999.0 -9999.0 -9999.0 -9999.0 -9999.0 -9999.0 -9999.0 -9999.0 -9999.0 -9999.0 -9999.0 -9999.0 -9999.0 -9999.0 -9999.0 -9999.0 -9999.0 -9999.0 -9999.0 -9999.0 -9999.0 -9999.0 -9999.0 -9999.0 -9999.0 -9999.0 -9999.0 -9999.0 -9999.0 -9999.0
-9999.0 -9999.0 -9999.0 -9999.0 -9999.0 -9999.0 -9999.0 -9999.0 -9999.0 -9999.0 -9999.0 -9999.0 -9999.0 -9999.0 -9999.0 -9999.0 -9999.0 -9999.0 -9999.0 -9999.0 -9999.0 -9999.0 -9999.0 -9999.0 -9999.0 -9999.0 -9999.0 -9999.0 -9999.0 -9999.0 -9999.0 -9999.0 -9999.0 -9999.0 -9999.0 -9999.0 -9999.0 -9999.0 -9999.0 -9999.0 -9999.0 -9999.0 -9999.0 -9999.0 -9999.0 -9999.0 -9999.0 -9999.0 -9999.0 -9999.0 -9999.0 -9999.0 -9999.0 -9999.0 -9999.0 -9999.0 -9999.0 -9999.0 -9999.0 -9999.0 -9999.0 -9999.0 -9999.0 -9999.0 -9999.0 -9999.0 -9999.0 -9999.0 -9999.0 -9999.0 -9999.0 -9999.0 -9999.0 -9999.0 -9999.0 -9999.0 -9999.0 -9999.0 -9999.0 -9999.0 -9999.0 -9999.0 -9999.0 -9999.0 -9999.0 -9999.0 -9999.0 -9999.0 -9999.0 -9999.0 -9999.0 -9999.0 -9999.0 -9999.0 -9999.0 -9999.0 -9999.0 -9999.0 -9999.0 -9999.0 -9999.0 -9999.0 -9999.0 -9999.0
-9999.0 -9999.0 0.065744 0.055224 0.048262 0.043459 0.040078 0.037776 0.036363 0.035628 0.035305 0.035183 0.035139 0.035123 0.035117 0.035115 0.035114 0.035114 0.035113 0.035113 0.035113 0.035113 0.035113 0.035113 0.035113 0.035113 0.035113 0.035113 0.035113 0.035113 0.035113 0.035113 0.035113 0.035113 0.035113 0.035112 0.035112 0.035112 0.035111 0.035111 0.035110 0.035110 0.035109 0.035108 0.035108 0.035107 0.035108 0.035110 0.035114 0.035121 0.035126 0.079893 0.035086 0.035085 0.035081 0.035076 0.035071 0.035065 0.035059 0.035052 0.035045 0.035036 0.035028 0.035018 0.035008 0.034997 0.034985 0.034972 0.034959 0.034944 0.034929 0.034912 0.034895 0.034877 0.034857 0.034836 0.034815 0.034792 0.034767 0.034741 0.034714 0.034686 0.034655 0.034623 0.034589 0.034553 0.034515 0.034474 0.034430 0.034383 0.034333 0.034279 0.034221 0.034156 0.034086 0.034007 0.033918 0.033816 0.033696 0.033548 0.033351 0.033012 -9999.0 -9999.0
-9999.0 -9999.0 0.065744 0.055224 0.048262 0.043459 0.040078 0.037776 0.036363 0.035628 0.035305 0.035183 0.035139 0.035123 0.035117 0.035115 0.035114 0.035114 0.035113 0.035113 0.035113 0.035113 0.035113 0.035113 0.035113 0.035113 0.035113 0.035113 0.035113 0.035113 0.035113 0.035113 0.035113 0.035113 0.035113 0.035112 0.035112 0.035112 0.035111 0.035111 0.035110 0.035110 0.035109 0.035108 0.035108 0.035107 0.035108 0.035110 0.035114 0.035121 0.035126 0.079893 0.035086 0.035085 0.035081 0.035076 0.035071 0.035065 0.035059 0.035052 0.035045 0.035036 0.035028 0.035018 0.035008 0.034997 0.034985 0.034972 0.034959 0.034944 0.034929 0.034912 0.034895 0.034877 0.034857 0.034836 0.034815 0.034792 0.034767 0.034741 0.034714 0.034686 0.034655 0.034623 0.034589 0.034553 0.034515 0.034474 0.034430 0.034383 0.034333 0.034279 0.034221 0.034156 0.034086 0.034007 0.033918 0.033816 0.033696 0.033548 0.033351 0.033012 -9999.0 -9999.0
-9999.0 -9999.0 0.065744 0.055224 0.048262 0.043459 0.040078 0.037776 0.036363 0.035628 0.035305 0.035183 0.035139 0.035123 0.035117 0.035115 0.035114 0.035114 0.035113 0.035113 0.035113 0.035113 0.035113 0.035113 0.035113 0.035113 0.035113 0.035113 0.035113 0.035113 0.035113 0.035113 0.035113 0.035113 0.035113 0.035112 0.035112 0.035112 0.035111 0.035111 0.035110 0.035110 0.035109 0.035108 0.035108 0.035107 0.035108 0.035110 0.035114 0.035121 0.035126 0.079893 0.035086 0.035085 0.035081 0.035076 0.035071 0.035065 0.035059 0.035052 0.035045 0.035036 0.035028 0.035018 0.035008 0.034997 0.034985 0.034972 0.034959 0.034944 0.034929 0.034912 0.034895 0.034877 0.034857 0.034836 0.034815 0.034792 0.034767 0.034741 0.034714 0.034686 0.034655 0.034623 0.034589 0.034553 0.034515 0.034474 0.034430 0.034383 0.034333 0.034279 0.034221 0.034156 0.034086 0.034007 0.033918 0.033816 0.033696 0.033548 0.033351 0.033012 -9999.0 -9999.0
-9999.0 -9999.0 0.065744 0.055224 0.048262 0.043459 0.040078 0.037776 0.036363 0.035628 0.035305 0.035183 0.035139 0.035123 0.035117 0.035115 0.035114 0.035114 0.035113 0.035113 0.035113 0.035113 0.035113 0.035113 0.035113 0.035113 0.035113 0.035113 0.035113 0.035113 0.035113 0.035113 0.035113 0.035113 0.035113 0.035112 0.035112 0.035112 0.035111 0.035111 0.035110 0.035110 0.035109 0.035108 0.035108 0.035107 0.035108 0.035110 0.035114 0.035121 0.035126 0.079893 0.035086 0.035085 0.035081 0.035076 0.035071 0.035065 0.035059 0.035052 0.035045 0.035036 0.035028 0.035018 0.035008 0.034997 0.034985 0.034972 0.034959 0.034944 0.034929 0.034912 0.034895 0.034877 0.034857 0.034836 0.034815 0.034792 0.034767 0.034741 0.034714 0.034686 0.034655 0.034623 0.034589 0.034553 0.034515 0.034474 0.034430 0.034383 0.034333 0.034279 0.034221 0.034156 0.034086 0.034007 0.033918 0.033816 0.033696 0.033548 0.033351 0.033012 -9999.0 -9999.0
-9999.0 -9999.0 0.065744 0.055224 0.048262 0.043459 0.040078 0.037776 0.036363 0.035628 0.035305 0.035183 0.035139 0.035123 0.035117 0.035115 0.035114 0.035114 0.035113 0.035113 0.035113 0.035113 0.035113 0.035113 0.035113 0.035113 0.035113 0.035113 0.035113 0.035113 0.035113 0.035113 0.035113 0.035113 0.035113 0.035112 0.035112 0.035112 0.035111 0.035111 0.035110 0.035110 0.035109 0.035108 0.035108 0.035107 0.035108 0.035110 0.035114 0.035121 0.035126 0.079893 0.035086 0.035085 0.035081 0.035076 0.035071 0.035065 0.035059 0.035052 0.035045 0.035036 0.035028 0.035018 0.035008 0.034997 0.034985 0.034972 0.034959 0.034944 0.034929 0.034912 0.034895 0.034877 0.034857 0.034836 0.034815 0.034792 0.034767 0.034741 0.034714 0.034686 0.034655 0.034623 0.034589 0.034553 0.034515 0.034474 0.034430 0.034383 0.034333 0.034279 0.034221 0.034156 0.034086 0.034007 0.033918 0.033816 0.033696 0.033548 0.033351 0.033012 -9999.0 -9999.0
-9999.0 -9999.0 0.065744 0.055224 0.048262 0.043459 0.040078 0.037776 0.036363 0.035628 0.035305 0.035183 0.035139 0.035123 0.035117 0.035115 0.035114 0.035114 0.035113 0.035113 0.035113 0.035113 0.035113 0.035113 0.035113 0.035113 0.035113 0.035113 0.035113 0.035113 0.035113 0.035113 0.035113 0.035113 0.035113 0.035112 0.035112 0.035112 0.035111 0.035111 0.035110 0.035110 0.035109 0.035108 0.035108 0.035107 0.035108 0.035110 0.035114 0.035121 0.035126 0.079893 0.035086 0.035085 0.035081 0.035076 0.035071 0.035065 0.035059 0.035052 0.035045 0.035036 0.035028 0.035018 0.035008 0.034997 0.034985 0.034972 0.034959 0.034944 0.034929 0.034912 0.034895 0.034877 0.034857 0.034836 0.034815 0.034792 0.034767 0.034741 0.034714 0.034686 0.034655 0.034623 0.034589 0.034553 0.034515 0.034474 0.034430 0.034383 0.034333 0.034279 0.034221 0.034156 0.034086 0.034007 0.033918 0.033816 0.033696 0.033548 0.033351 0.033012 -9999.0 -9999.0
-9999.0 -9999.0 -9999.0 -9999.0 -9999.0 -9999.0 -9999.0 -9999.0 -9999.0 -9999.0 -9999.0 -9999.0 -9999.0 -9999.0 -9999.0 -9999.0 -9999.0 -9999.0 -9999.0 -9999.0 -9999.0 -9999.0 -9999.0 -9999.0 -9999.0 -9999.0 -9999.0 -9999.0 -9999.0 -9999.0 -9999.0 -9999.0 -9999.0 -9999.0 -9999.0 -9999.0 -9999.0 -9999.0 -9999.0 -9999.0 -9999.0 -9999.0 -9999.0 -9999.0 -9999.0 -9999.0 -9999.0 -9999.0 -9999.0 -9999.0 -9999.0 -9999.0 -9999.0 -9999.0 -9999.0 -9999.0 -9999.0 -9999.0 -9999.0 -9999.0 -9999.0 -9999.0 -9999.0 -9999.0 -9999.0 -9999.0 -9999.0 -9999.0 -9999.0 -9999.0 -9999.0 -9999.0 -9999.0 -9999.0 -9999.0 -9999.0 -9999.0 -9999.0 -9999.0 -9999.0 -9999.0 -9999.0 -9999.0 -9999.0 -9999.0 -9999.0 -9999.0 -9999.0 -9999.0 -9999.0 -9999.0 -9999.0 -9999.0 -9999.0 -9999.0 -9999.0 -9999.0 -9999.0 -9999.0 -9999.0 -9999.0 -9999.0 -9999.0 -9999.0
-9999.0 -9999.0 -9999.0 -9999.0 -9999.0 -9999.0 -9999.0 -9999.0 -9999.0 -9999.0 -9999.0 -9999.0 -9999.0 -9999.0 -9999.0 -9999.0 -9999.0 -9999.0 -9999.0 -9999.0 -9999.0 -9999.0 -9999.0 -9999.0 -9999.0 -9999.0 -9999.0 -9999.0 -9999.0 -9999.0 -9999.0 -9999.0 -9999.0 -9999.0 -9999.0 -9999.0 -9999.0 -9999.0 -9999.0 -9999.0 -9999.0 -9999.0 -9999.0 -9999.0 -9999.0 -9999.0 -9999.0 -9999.0 -9999.0 -9999.0 -9999.0 -9999.0 -9999.0 -9999.0 -9999.0 -9999.0 -9999.0 -9999.0 -9999.0 -9999.0 -9999.0 -9999.0 -9999.0 -9999.0 -9999.0 -9999.0 -9999.0 -9999.0 -9999.0 -9999.0 -9999.0 -9999.0 -9999.0 -9999.0 -9999.0 -9999.0 -9999.0 -9999.0 -9999.0 -9999.0 -9999.0 -9999.0 -9999.0 -9999.0 -9999.0 -9999.0 -9999.0 -9999.0 -9999.0 -9999.0 -9999.0 -9999.0 -9999.0 -9999.0 -9999.0 -9999.0 -9999.0 -9999.0 -9999.0 -9999.0 -9999.0 -9999.0 -9999.0 -9999.0