tests/3D/hillslope02_superslab/output_maps-SE27XX/thetaliqL0089N0002.asc
ncols         104
nrows         10
xllcorner     -2.000000
yllcorner     0.000000
cellsize      1.000000
NODATA_value  -9999.0
-9999.0 -9999.0 -9999.0 -9999.0 -9999.0 -9999.0 -9999.0 -9999.0 -9999.0 -9999.0 -9999.0 -9999.0 -9999.0 -9999.0 -9999.0 -9999.0 -9999.0 -9999.0 -9999.0 -9999.0 -9999.0 -9999.0 -9999.0 -9999.0 -9999.0 -9999.0 -9999.0 -9999.0 -9999.0 -9999.0 -9999.0 -9999.0 -9999.0 -9999.0 -9999.0 -9999.0 -9999.0 -9999.0 -9999.0 -9999.0 -9999.0 -9999.0 -9999.0 -9999.0 -9999.0 -9999.0 -9999.0 -9999.0 -9999.0 -9999.0 -9999.0 -9999.0 -9999.0 -9999.0 -9999.0 -9999.0 -9999.0 -9999.0 -9999.0 -9999.0 -9999.0 -9999.0 -9999.0 -9999.0 -9999.0 -9999.0 -9999.0 -9999.0 -9999.0 -9999.0 -9999.0 -9999.0 -9999.0 -9999.0 -9999.0 -9999.0 -9999.0 -9999.0 -9999.0 -9999.0 -9999.0 -9999.0 -9999.0 -9999.0 -9999.0 -9999.0 -9999.0 -9999.0 -9999.0 -9999.0 -9999.0 -9999.0 -9999.0 -9999.0 -9999.0 -9999.0 -9999.0 -9999.0 -9999.0 -9999.0 -9999.0 -9999.0 -9999.0 -9999.0
-9999.0 -9999.0 -9999.0 -9999.0 -9999.0 -9999.0 -9999.0 -9999.0 -9999.0 -9999.0 -9999.0 -9999.0 -9999.0 -9999.0 -9999.0 -9999.0 -9999.0 -9999.0 -9999.0 -9999.0 -9999.0 -9999.0 -9999.0 -9999.0 -9999.0 -9999.0 -9999.0 -9999.0 -9999.0 -9999.0 -9999.0 -9999.0 -9999.0 -9999.0 -9999.0 -9999.0 -9999.0 -9999.0 -9999.0 -9999.0 -9999.0 -9999.0 -9999.0 -9999.0 -9999.0 -9999.0 -9999.0 -9999.0 -9999.0 -9999.0 -9999.0 -9999.0 -9999.0 -9999.0 -9999.0 -9999.0 -9999.0 -9999.0 -9999.0 -9999.0 -9999.0 -9999.0 -9999.0 -9999.0 -9999.0 -9999.0 -9999.0 -9999.0 -9999.0 -9999.0 -9999.0 -9999.0 -9999.0 -9999.0 -9999.0 -9999.0 -9999.0 -9999.0 -9999.0 -9999.0 -9999.0 -9999.0 -9999.0 -9999.0 -9999.0 -9999.0 -9999.0 -9999.0 -9999.0 -9999.0 -9999.0 -9999.0 -9999.0 -9999.0 -9999.0 -9999.0 -9999.0 -9999.0 -9999.0 -9999.0 -9999.0 -9999.0 -9999.0 -9999.0
-9999.0 -9999.0 0.100000 0.097865 0.082057 0.067055 0.057062 0.050645 0.046637 0.044350 0.043204 0.042748 0.042577 0.042514 0.042490 0.042482 0.042479 0.042477 0.042477 0.042477 0.042477 0.042477 0.042477 0.042476 0.042476 0.042476 0.042476 0.042475 0.042475 0.042474 0.042474 0.042473 0.042472 0.042470 0.042469 0.042467 0.042465 0.042463 0.042460 0.042456 0.042452 0.042447 0.042442 0.042436 0.042429 0.042422 0.042414 0.042405 0.042395 0.042385 0.042372 0.042334 0.042334 0.042318 0.042299 0.042278 0.042256 0.042232 0.042207 0.042179 0.042150 0.042119 0.042086 0.042051 0.042015 0.041976 0.041935 0.041892 0.041847 0.041800 0.041751 0.041699 0.041645 0.041588 0.041530 0.041468 0.041404 0.041337 0.041267 0.041193 0.041117 0.041037 0.040953 0.040865 0.040773 0.040676 0.040573 0.040465 0.040350 0.040228 0.040097 0.039956 0.039805 0.039639 0.039457 0.039256 0.039028 0.038766 0.038458 0.038079 0.037581 0.036815 -9999.0 -9999.0
-9999.0 -9999.0 0.100000 0.097865 0.082057 0.067055 0.057062 0.050645 0.046637 0.044350 0.043204 0.042748 0.042577 0.042514 0.042490 0.042482 0.042479 0.042477 0.042477 0.042477 0.042477 0.042477 0.042477 0.042476 0.042476 0.042476 0.042476 0.042475 0.042475 0.042474 0.042474 0.042473 0.042472 0.042470 0.042469 0.042467 0.042465 0.042463 0.042460 0.042456 0.042452 0.042447 0.042442 0.042436 0.042429 0.042422 0.042414 0.042405 0.042395 0.042385 0.042372 0.042334 0.042334 0.042318 0.042299 0.042278 0.042256 0.042232 0.042207 0.042179 0.042150 0.042119 0.042086 0.042051 0.042015 0.041976 0.041935 0.041892 0.041847 0.041800 0.041751 0.041699 0.041645 0.041588 0.041530 0.041468 0.041404 0.041337 0.041267 0.041193 0.041117 0.041037 0.040953 0.040865 0.040773 0.040676 0.040573 0.040465 0.040350 0.040228 0.040097 0.039956 0.039805 0.039639 0.039457 0.039256 0.039028 0.038766 0.038458 0.038079 0.037581 0.036815 -9999.0 -9999.0
-9999.0 -9999.0 0.100000 0.097865 0.082057 0.067055 0.057062 0.050645 0.046637 0.044350 0.043204 0.042748 0.042577 0.042514 0.042490 0.042482 0.042479 0.042477 0.042477 0.042477 0.042477 0.042477 0.042477 0.042476 0.042476 0.042476 0.042476 0.042475 0.042475 0.042474 0.042474 0.042473 0.042472 0.042470 0.042469 0.042467 0.042465 0.042463 0.042460 0.042456 0.042452 0.042447 0.042442 0.042436 0.042429 0.042422 0.042414 0.042405 0.042395 0.042385 0.042372 0.042334 0.042334 0.042318 0.042299 0.042278 0.042256 0.042232 0.042207 0.042179 0.042150 0.042119 0.042086 0.042051 0.042015 0.041976 0.041935 0.041892 0.041847 0.041800 0.041751 0.041699 0.041645 0.041588 0.041530 0.041468 0.041404 0.041337 0.041267 0.041193 0.041117 0.041037 0.040953 0.040865 0.040773 0.040676 0.040573 0.040465 0.040350 0.040228 0.040097 0.039956 0.039805 0.039639 0.039457 0.039256 0.039028 0.038766 0.038458 0.038079 0.037581 0.036815 -9999.0 -9999.0
-9999.0 -9999.0 0.100000 0.097865 0.082057 0.067055 0.057062 0.050645 0.046637 0.044350 0.043204 0.042748 0.042577 0.042514 0.042490 0.042482 0.042479 0.042477 0.042477 0.042477 0.042477 0.042477 0.042477 0.042476 0.042476 0.042476 0.042476 0.042475 0.042475 0.042474 0.042474 0.042473 0.042472 0.042470 0.042469 0.042467 0.042465 0.042463 0.042460 0.042456 0.042452 0.042447 0.042442 0.042436 0.042429 0.042422 0.042414 0.042405 0.042395 0.042385 0.042372 0.042334 0.042334 0.042318 0.042299 0.042278 0.042256 0.042232 0.042207 0.042179 0.042150 0.042119 0.042086 0.042051 0.042015 0.041976 0.041935 0.041892 0.041847 0.041800 0.041751 0.041699 0.041645 0.041588 0.041530 0.041468 0.041404 0.041337 0.041267 0.041193 0.041117 0.041037 0.040953 0.040865 0.040773 0.040676 0.040573 0.040465 0.040350 0.040228 0.040097 0.039956 0.039805 0.039639 0.039457 0.039256 0.039028 0.038766 0.038458 0.038079 0.037581 0.036815 -9999.0 -9999.0
-9999.0 -9999.0 0.100000 0.097865 0.082057 0.067055 0.057062 0.050645 0.046637 0.044350 0.043204 0.042748 0.042577 0.042514 0.042490 0.042482 0.042479 0.042477 0.042477 0.042477 0.042477 0.042477 0.042477 0.042476 0.042476 0.042476 0.042476 0.042475 0.042475 0.042474 0.042474 0.042473 0.042472 0.042470 0.042469 0.042467 0.042465 0.042463 0.042460 0.042456 0.042452 0.042447 0.042442 0.042436 0.042429 0.042422 0.042414 0.042405 0.042395 0.042385 0.042372 0.042334 0.042334 0.042318 0.042299 0.042278 0.042256 0.042232 0.042207 0.042179 0.042150 0.042119 0.042086 0.042051 0.042015 0.041976 0.041935 0.041892 0.041847 0.041800 0.041751 0.041699 0.041645 0.041588 0.041530 0.041468 0.041404 0.041337 0.041267 0.041193 0.041117 0.041037 0.040953 0.040865 0.040773 0.040676 0.040573 0.040465 0.040350 0.040228 0.040097 0.039956 0.039805 0.039639 0.039457 0.039256 0.039028 0.038766 0.038458 0.038079 0.037581 0.036815 -9999.0 -9999.0
-9999.0 -9999.0 0.100000 0.097865 0.082057 0.067055 0.057062 0.050645 0.046637 0.044350 0.043204 0.042748 0.042577 0.042514 0.042490 0.042482 0.042479 0.042477 0.042477 0.042477 0.042477 0.042477 0.042477 0.042476 0.042476 0.042476 0.042476 0.042475 0.042475 0.042474 0.042474 0.042473 0.042472 0.042470 0.042469 0.042467 0.042465 0.042463 0.042460 0.042456 0.042452 0.042447 0.042442 0.042436 0.042429 0.042422 0.042414 0.042405 0.042395 0.042385 0.042372 0.042334 0.042334 0.042318 0.042299 0.042278 0.042256 0.042232 0.042207 0.042179 0.042150 0.042119 0.042086 0.042051 0.042015 0.041976 0.041935 0.041892 0.041847 0.041800 0.041751 0.041699 0.041645 0.041588 0.041530 0.041468 0.041404 0.041337 0.041267 0.041193 0.041117 0.041037 0.040953 0.040865 0.040773 0.040676 0.040573 0.040465 0.040350 0.040228 0.040097 0.039956 0.039805 0.039639 0.039457 0.039256 0.039028 0.038766 0.038458 0.038079 0.037581 0.036815 -9999.0 -9999.0
-9999.0 -9999.0 -9999.0 -9999.0 -9999.0 -9999.0 -9999.0 -9999.0 -9999.0 -9999.0 -9999.0 -9999.0 -9999.0 -9999.0 -9999.0 -9999.0 -9999.0 -9999.0 -9999.0 -9999.0 -9999.0 -9999.0 -9999.0 -9999.0 -9999.0 -9999.0 -9999.0 -9999.0 -9999.0 -9999.0 -9999.0 -9999.0 -9999.0 -9999.0 -9999.0 -9999.0 -9999.0 -9999.0 -9999.0 -9999.0 -9999.0 -9999.0 -9999.0 -9999.0 -9999.0 -9999.0 -9999.0 -9999.0 -9999.0 -9999.0 -9999.0 -9999.0 -9999.0 -9999.0 -9999.0 -9999.0 -9999.0 -9999.0 -9999.0 -9999.0 -9999.0 -9999.0 -9999.0 -9999.0 -9999.0 -9999.0 -9999.0 -9999.0 -9999.0 -9999.0 -9999.0 -9999.0 -9999.0 -9999.0 -9999.0 -9999.0 -9999.0 -9999.0 -9999.0 -9999.0 -9999.0 -9999.0 -9999.0 -9999.0 -9999.0 -9999.0 -9999.0 -9999.0 -9999.0 -9999.0 -9999.0 -9999.0 -9999.0 -9999.0 -9999.0 -9999.0 -9999.0 -9999.0 -9999.0 -9999.0 -9999.0 -9999.0 -9999.0 -9999.0
-9999.0 -9999.0 -9999.0 -9999.0 -9999.0 -9999.0 -9999.0 -9999.0 -9999.0 -9999.0 -9999.0 -9999.0 -9999.0 -9999.0 -9999.0 -9999.0 -9999.0 -9999.0 -9999.0 -9999.0 -9999.0 -9999.0 -9999.0 -9999.0 -9999.0 -9999.0 -9999.0 -9999.0 -9999.0 -9999.0 -9999.0 -9999.0 -9999.0 -9999.0 -9999.0 -9999.0 -9999.0 -9999.0 -9999.0 -9999.0 -9999.0 -9999.0 -9999.0 -9999.0 -9999.0 -9999.0 -9999.0 -9999.0 -9999.0 -9999.0 -9999.0 -9999.0 -9999.0 -9999.0 -9999.0 -9999.0 -9999.0 -9999.0 -9999.0 -9999.0 -9999.0 -9999.0 -9999.0 -9999.0 -9999.0 -9999.0 -9999.0 -9999.0 -9999.0 -9999.0 -9999.0 -9999.0 -9999.0 -9999.0 -9999.0 -9999.0 -9999.0 -9999.0 -9999.0 -9999.0 -9999.0 -9999.0 -9999.0 -9999.0 -9999.0 -9999.0 -9999.0 -9999.0 -9999.0 -9999.0 -9999.0 -9999.0 -9999.0 -9999.0 -9999.0 -9999.0 -9999.0 -9999.0 -9999.0 -9999.0 -9999.0 -9999.0 -9999.0 -9999.0