examples/3D/Borden05m/output_maps-SE27XX/psiliqL0015N0001.asc
ncols         160
nrows         34
xllcorner     620200.000000
yllcorner     5168000.000000
cellsize      0.500000
NODATA_value  -9999.0
[rows 0 to 24 of 34, columns 56 to 111 of 160]
-9999.0 -9999.0 -9999.0 -9999.0 -9999.0 -9999.0 -9999.0 -9999.0 -9999.0 -9999.0 -9999.0 -9999.0 -9999.0 -9999.0 -9999.0 -9999.0 -9999.0 -9999.0 -9999.0 -9999.0 -9999.0 -9999.0 -9999.0 -9999.0 -9999.0 -9999.0 -9999.0 -9999.0 -9999.0 -9999.0 -9999.0 -9999.0 -9999.0 -9999.0 -9999.0 -9999.0 -9999.0 -9999.0 -9999.0 -9999.0 -9999.0 -9999.0 -9999.0 -9999.0 -9999.0 -9999.0 -9999.0 -9999.0 -9999.0 -9999.0 -9999.0 -9999.0 -9999.0 -9999.0 -9999.0 -9999.0
-9999.0 -9999.0 -9999.0 1225.674407 1220.316728 1215.344813 1210.748840 1202.169105 1193.238604 1185.247009 1181.577940 1180.968870 1180.515892 1180.425877 1185.934031 1194.243796 1202.150876 1209.503423 1212.117780 1214.715775 1217.044123 1217.625088 1216.532595 1213.418583 1210.227788 1206.930570 1205.474787 1197.588626 1186.327481 1177.666384 1174.975780 1179.393976 1183.862978 1186.354987 1192.074408 1202.692064 1213.364928 1221.768530 1233.576458 1239.353855 1244.248798 1246.872841 1242.487030 1238.674037 1234.545633 1229.037750 1217.847776 -9999.0 -9999.0 -9999.0 -9999.0 -9999.0 -9999.0 -9999.0 -9999.0 -9999.0
1189.478321 1209.867050 1213.258031 1201.901529 1197.086683 1194.037844 1192.306743 1187.818059 1179.494363 1174.586630 1169.523431 1167.903780 1168.319125 1168.717679 1173.102779 1183.664281 1191.889172 1196.865750 1199.604096 1202.419198 1202.082635 1201.651776 1201.467348 1198.696273 1195.368889 1192.079720 1190.363072 1191.023424 1183.503186 1178.003291 1174.563074 1172.740697 1175.313286 1177.753165 1181.306413 1190.692133 1198.722320 1206.728136 1220.992387 1233.306711 1238.349817 1235.527524 1230.252022 1226.084951 1218.918611 1208.438443 1197.945205 1188.477822 1181.344184 1175.437153 1169.160262 1174.731869 1181.033857 1190.349379 1199.463788 1211.079892
1174.726523 1195.200586 1198.270788 1187.834364 1179.901543 1174.891801 1175.451240 1178.487809 1175.372245 1171.095570 1166.085159 1175.219989 1176.868500 1178.337855 1181.977046 1185.215913 1188.934070 1191.886809 1197.456831 1206.622676 1209.502586 1210.149495 1210.387768 1208.635746 1205.595610 1203.859636 1201.190551 1196.068602 1194.936746 1195.183583 1194.820609 1199.685887 1201.211977 1203.131881 1196.631295 1200.269334 1206.392119 1213.126561 1219.333686 1225.702552 1229.169157 1225.545520 1224.471693 1215.608734 1201.318857 1189.904549 1181.136763 1179.159273 1175.503751 1167.077592 1153.628098 1160.307085 1175.328111 1179.367590 1182.043556 1193.140969
1170.920147 1182.919076 1186.240776 1181.622292 1183.452625 1185.437230 1187.255391 1186.027603 1183.369100 1181.471213 1194.110677 1203.820182 1206.040093 1209.351561 1213.464827 1213.467292 1202.085324 1200.024259 1208.373458 1218.779413 1224.616507 1224.960825 1224.951565 1222.749376 1221.811146 1221.545849 1219.507841 1220.151375 1222.517058 1222.193448 1226.627196 1232.308235 1235.317688 1227.964575 1218.958500 1219.954603 1227.714271 1235.873044 1243.051244 1253.364123 1264.249414 1262.973942 1256.989720 1247.442857 1233.368288 1209.385019 1189.462251 1177.869642 1169.850719 1161.875504 1161.554264 1157.496292 1168.389039 1169.340420 1170.579219 1177.992182
1177.544832 1199.111840 1207.254251 1201.882614 1197.540299 1195.496529 1196.692000 1197.165201 1200.293162 1212.704553 1226.714425 1241.280756 1244.537483 1247.566676 1247.554851 1239.227646 1229.424482 1226.171184 1240.933157 1257.371655 1265.736745 1266.357549 1265.238575 1271.651865 1270.600521 1269.307793 1264.778945 1266.752886 1267.793704 1277.161745 1284.925200 1292.252008 1290.608662 1278.613174 1267.031094 1265.604605 1268.606069 1272.233488 1278.411499 1288.318596 1297.530076 1291.967168 1284.465534 1274.071920 1245.063381 1217.698309 1200.280649 1199.468527 1198.691855 1192.861960 1188.874035 1185.007897 1177.527681 1176.222443 1174.493433 1173.088619
1227.781578 1248.551492 1264.672844 1259.627080 1252.348133 1243.066808 1244.156951 1247.365856 1255.731377 1269.042535 1286.589803 1311.058459 1314.289795 1317.872264 1320.722708 1309.945781 1298.074669 1287.540419 1306.203446 1316.763898 1325.406612 1326.721788 1336.026136 1345.829007 1341.582247 1334.013023 1323.724200 1330.115209 1341.366455 1356.658254 1363.840760 1368.120240 1366.618935 1355.241777 1349.273966 1347.973015 1350.444321 1348.237785 1353.012932 1362.665554 1377.158389 1375.857516 1366.795390 1343.614670 1305.512866 1270.597331 1249.930265 1254.875602 1246.820452 1238.777839 1234.287789 1219.563177 1208.043741 1207.249676 1196.767024 1189.686396
1276.732600 1295.827471 1314.890992 1310.576764 1300.948750 1288.019763 1287.829125 1295.518117 1306.358146 1326.059106 1349.328805 1373.839050 1382.032713 1384.935545 1395.376099 1389.654200 1380.760483 1373.144930 1385.971206 1398.026897 1409.781757 1419.187605 1432.032826 1443.530118 1433.234228 1420.835888 1415.235255 1420.921591 1441.612661 1459.823524 1465.292432 1466.690320 1469.318101 1459.622304 1453.101413 1446.525069 1441.716567 1436.015588 1431.938512 1450.605079 1467.116621 1464.833882 1440.784735 1415.573094 1377.311588 1337.839313 1304.986903 1304.454219 1299.906603 1297.796914 1281.975024 1265.603339 1249.068935 1239.135774 1229.029348 1214.154890
1368.576750 1390.230239 1412.891616 1413.778077 1397.441692 1389.373969 1394.471881 1407.795466 1415.852722 1432.730038 1457.349817 1489.855423 1511.480254 1530.737646 1536.043712 1528.729323 1520.570665 1508.240207 1507.676609 1525.897451 1538.079927 1548.630508 1559.201582 1571.757379 1576.762772 1573.868370 1573.473821 1577.096679 1585.316052 1595.396624 1602.625401 1608.230455 1613.741359 1608.936034 1598.251954 1592.083496 1583.443983 1577.195896 1574.680688 1578.127994 1589.884372 1586.801299 1558.136415 1529.492930 1495.004456 1455.538944 1422.214298 1404.146923 1409.659800 1397.727349 1377.793158 1357.733381 1322.493514 1306.023962 1289.436632 1259.483310
1476.567598 1505.818293 1521.899388 1536.002182 1531.117489 1533.066050 1537.644379 1545.593231 1551.142387 1560.070496 1594.151810 1630.679687 1660.974274 1686.208828 1695.639539 1686.044329 1677.134832 1665.743483 1657.030732 1662.490589 1677.417141 1694.256541 1709.776899 1720.971458 1724.438818 1723.334620 1723.795437 1726.204342 1729.538940 1733.159027 1740.094325 1747.873554 1758.034186 1768.642758 1762.049115 1745.113456 1733.107346 1720.102593 1715.765740 1714.640943 1713.381470 1712.663016 1702.415663 1667.809256 1636.581151 1601.908331 1571.754176 1549.292909 1534.818371 1512.874491 1487.581954 1438.725586 1396.995435 1360.844922 1333.112229 1303.976807
1601.427734 1634.244492 1659.405493 1675.943726 1679.167305 1682.199331 1685.044624 1690.996902 1696.423033 1703.937515 1728.435689 1767.758573 1806.262065 1837.002515 1841.148865 1831.976873 1822.285435 1812.878698 1802.346843 1799.366690 1808.068880 1819.796493 1836.282303 1847.300496 1856.189793 1855.074314 1855.548927 1856.387553 1858.754673 1861.006730 1863.656424 1871.429220 1883.930198 1895.648436 1896.348581 1882.250327 1865.360836 1848.640508 1842.613463 1837.457644 1831.783260 1831.729139 1831.494639 1821.209511 1793.190229 1754.516977 1710.190228 1682.989336 1660.246156 1644.602854 1625.495006 1594.873102 1539.084202 1505.052487 1467.566182 1432.377520
1727.147897 1758.647524 1790.875451 1810.343669 1818.086554 1818.540394 1820.233323 1827.674530 1833.664749 1843.584780 1860.862728 1886.608050 1916.960028 1944.397983 1961.687163 1957.914191 1945.279051 1928.082558 1922.780521 1921.696794 1924.163666 1931.161088 1939.695474 1955.358484 1971.345856 1976.678365 1977.430566 1975.063919 1977.485188 1979.058223 1979.541097 1981.217189 1986.726822 1994.235685 1996.900734 1991.738030 1975.321200 1955.359165 1942.245208 1934.546676 1930.479733 1928.798314 1930.015981 1929.012153 1915.306293 1884.024371 1843.882220 1809.773714 1787.125529 1769.286855 1752.866473 1738.827128 1714.867746 1694.044085 1660.174422 1613.653388
1838.389410 1865.691883 1893.725628 1918.342538 1934.849633 1938.394616 1943.527353 1948.214156 1957.488508 1972.945891 1992.809612 2007.846843 2025.746883 2047.832830 2061.081634 2066.995037 2067.464662 2066.300999 2068.454462 2069.012205 2037.335151 2040.882990 2044.198538 2052.665322 2061.537267 2064.430921 2064.664441 2063.409148 2064.851388 2065.624946 2066.129952 2066.138839 2066.728802 2069.427482 2070.465526 2069.324133 2062.057911 2068.025422 2051.402056 2040.013463 2032.947163 2025.384099 2016.741218 2006.694917 1996.210262 1978.553337 1950.557653 1916.786869 1889.815861 1877.456681 1868.950793 1859.846233 1852.179483 1834.683297 1811.127417 1777.766778
1947.423487 1964.392690 1985.455935 2014.028968 2033.618565 2043.965857 2052.226160 2056.599133 2068.633887 2082.096384 2075.291917 2079.743809 2084.294205 2088.767040 2090.366803 2090.935280 2090.935991 2088.966537 2088.823215 2087.295780 2083.056575 2073.528087 2074.873373 2076.134479 2078.273794 2081.478147 2079.988245 2080.906991 2084.017160 2082.872910 2077.809903 2074.592169 2073.306817 2073.981705 2081.163508 2084.447606 2085.553448 2084.720887 2084.739685 2085.004943 2083.942100 2082.198669 2079.217525 2075.008051 2079.631558 2068.867846 2044.806057 2010.812263 1974.917923 1961.505717 1957.185403 1956.048195 1951.873818 1944.421535 1924.949687 1896.776927
2065.347059 2079.075699 2073.627616 2085.587822 2091.624895 2094.263798 2096.656162 2098.566065 2099.466307 2095.861036 2092.174296 2087.209814 2085.619082 2084.024262 2081.361051 2081.755067 2079.685645 2075.748661 2072.223928 2065.687622 2055.003245 2043.744658 2040.863370 2045.001100 2049.589255 2053.529817 2056.547402 2059.802113 2060.914190 2056.577305 2049.330403 2042.814156 2041.312974 2047.921161 2053.513172 2059.036931 2060.100720 2059.434858 2058.374590 2059.683796 2058.302000 2059.722584 2066.817351 2080.355347 2085.586601 2088.486939 2087.852011 2079.008927 2063.016658 2058.231576 2038.219765 2041.167292 2035.622639 2023.425355 2001.999981 1977.868789
2095.755563 2095.509173 2094.209156 2088.384552 2082.455344 2081.297453 2084.472315 2090.431591 2090.794207 2083.057960 2074.079080 2066.480407 2059.025999 2056.210477 2054.388462 2053.165339 2052.773834 2047.137618 2038.912308 2023.333853 2011.745944 2000.449348 1994.146786 1991.454356 1995.519943 2004.803596 2014.186587 2018.659162 2011.856092 2004.898209 1994.906719 1987.593374 1988.297522 1990.538896 1999.566396 2013.882562 2019.269886 2020.798509 2016.817067 2013.628680 2009.354988 2008.724522 2016.572647 2032.107954 2047.830101 2061.884547 2070.327519 2077.776974 2084.253161 2086.855078 2087.889547 2088.056793 2086.216429 2084.979489 2069.080782 2047.769009
2084.896751 2078.629814 2073.693846 2066.996557 2060.919943 2058.390321 2059.605708 2061.032093 2056.247444 2048.306441 2036.952482 2024.936996 2014.162594 2006.622278 2006.224650 2007.213034 2007.190406 1999.854536 1984.775235 1966.993141 1953.204992 1938.957160 1934.429443 1928.787162 1923.327801 1932.976377 1949.716288 1955.823483 1942.324278 1932.995714 1919.555010 1913.108214 1910.403393 1912.063532 1921.420697 1941.651617 1962.055606 1964.456861 1956.277753 1948.678709 1946.216526 1945.757096 1953.668778 1972.688070 1993.583904 2009.302788 2019.768620 2026.116025 2034.728903 2044.518059 2057.093659 2070.203062 2080.941121 2088.265903 2092.669632 2090.267718
2061.480331 2053.821202 2046.050632 2038.558308 2031.483769 2025.967279 2022.240849 2017.484117 2009.497091 2000.425398 1982.937231 1968.897516 1955.063921 1939.613430 1934.504637 1929.693972 1929.759413 1917.284844 1906.265893 1887.133260 1870.751651 1854.218742 1842.349974 1835.674533 1828.861697 1831.117808 1845.442821 1854.035857 1841.788818 1832.215170 1820.597824 1815.466951 1812.707281 1815.068915 1825.595769 1847.452139 1866.651237 1875.090160 1869.234120 1867.324649 1868.308121 1870.037477 1878.470905 1894.313851 1915.475436 1938.193258 1956.328411 1967.358000 1976.340435 1987.383684 2002.549378 2016.841646 2030.827696 2047.778114 2067.949041 2082.556393
2028.555240 2018.317656 2008.125255 1996.707341 1984.756280 1976.733362 1975.924097 1966.836997 1957.728547 1938.005464 1887.376439 1865.969406 1845.277599 1827.513519 1819.463066 1809.924112 1798.443764 1787.567699 1779.523791 1772.691744 1755.838092 1736.883514 1719.112308 1712.841098 1707.848352 1696.397771 1698.581494 1700.911469 1707.627742 1700.999335 1696.719199 1695.968192 1693.995679 1697.242147 1711.125023 1722.693478 1732.775543 1740.504324 1742.460250 1752.652824 1762.374886 1771.115446 1790.489282 1806.438989 1826.369584 1850.317986 1877.075569 1893.518226 1905.593143 1918.625825 1935.933074 1953.800649 1972.154349 1995.005707 2020.082750 2036.310481
1983.952424 1969.023483 1953.595592 1939.199213 1924.461399 1908.327791 1906.289908 1899.499942 1886.691032 1838.590582 1792.673847 1756.095183 1734.582026 1709.215942 1694.808405 1680.272601 1649.320371 1632.347191 1625.460362 1630.493136 1620.264478 1601.942193 1586.955581 1577.416522 1569.280930 1554.704703 1543.229047 1548.024143 1561.640331 1558.702143 1558.562271 1563.897883 1562.878668 1559.234962 1563.452689 1577.991597 1586.512956 1598.032442 1612.768082 1619.759689 1633.619006 1665.000574 1682.268362 1701.139414 1724.611395 1750.097801 1776.818932 1801.626576 1818.891134 1837.151615 1859.065653 1878.660710 1901.579699 1926.608062 1956.723143 1977.961035
1912.540211 1890.863132 1871.753098 1851.266996 1826.250796 1802.655972 1796.505833 1785.346144 1759.165131 1706.843017 1662.950991 1630.246062 1604.279627 1577.282931 1554.855082 1523.353550 1489.458944 1467.222257 1473.207583 1479.560012 1481.215266 1466.497364 1453.146472 1442.305060 1426.961851 1410.904390 1397.998391 1406.971906 1415.509574 1426.441926 1430.953628 1434.957635 1438.594006 1437.788315 1432.393736 1435.818296 1445.274984 1456.624502 1468.987149 1486.355305 1519.565307 1547.070658 1567.842588 1592.027751 1615.845210 1642.699163 1671.108714 1697.728070 1718.798887 1741.931010 1765.641926 1790.898787 1815.276105 1843.150926 1875.179548 1902.624447
1826.137620 1796.708248 1770.623948 1739.237352 1695.217027 1676.778471 1664.072641 1644.850524 1601.451206 1554.704874 1518.991371 1493.961920 1466.451606 1440.824299 1411.511167 1378.214610 1351.723248 1330.365900 1336.660263 1343.144093 1355.336210 1343.306321 1332.498249 1326.526329 1311.239604 1297.264219 1282.242256 1289.397401 1299.803806 1318.493222 1323.192423 1326.966939 1334.705715 1334.015322 1331.445693 1321.036152 1329.851501 1341.156155 1356.103913 1385.766361 1411.695602 1437.475801 1461.357503 1484.350806 1509.897940 1537.213441 1565.326535 1595.467655 1619.597632 1643.560904 1670.238740 1695.535290 1718.130596 1743.025442 1773.508847 1800.453076
1705.904095 1680.602884 1652.608967 1610.981807 1563.907287 1525.083246 1503.303211 1458.714249 1421.280052 1386.562682 1369.963463 1350.221815 1325.640861 1302.750621 1280.409465 1254.262625 1231.589018 1206.456782 1209.694136 1222.052320 1235.935324 1231.300544 1228.337020 1225.213048 1214.217187 1200.468553 1186.825551 1190.419416 1206.021899 1223.152297 1231.304906 1238.325316 1246.090887 1246.352610 1239.184197 1230.801691 1236.736986 1251.724316 1268.658892 1289.845489 1313.116566 1336.392230 1358.796798 1383.624865 1409.495469 1436.073380 1464.870746 1495.250350 1519.643438 1547.568443 1576.708474 1600.498474 1617.146610 1635.141622 1663.548400 1686.859516
1586.131607 1558.760548 1528.742673 1484.889499 1440.709599 1396.158615 1352.886864 1317.371751 1284.359117 1267.010630 1246.720871 1227.961822 1209.009441 1186.813432 1167.035318 1148.293677 1125.708735 1109.191027 1114.327212 1126.869507 1136.773727 1140.104429 1136.995839 1133.867853 1126.649701 1112.808564 1104.181965 1112.990007 1128.291990 1142.892505 1153.485535 1160.359339 1166.345084 1163.763653 1155.585219 1150.794398 1159.268039 1175.237747 1190.390148 1207.853913 1230.024987 1252.188253 1275.206048 1299.426864 1323.780682 1350.745687 1378.740384 1407.526097 1436.630150 1463.252132 1488.204561 1503.086119 1518.604694 1529.130171 1549.054339 1571.970576
1450.966162 1423.003985 1392.613803 1358.303861 1319.105125 1288.158215 1254.413913 1221.892883 1190.072977 1162.895870 1145.427432 1135.102650 1119.622637 1100.006121 1086.286855 1069.066112 1052.846618 1053.719432 1055.759210 1065.755017 1065.883773 1066.285147 1063.212276 1062.057675 1058.117931 1048.522215 1056.626507 1063.867994 1078.200834 1088.833440 1098.390489 1104.604759 1108.703041 1109.036815 1103.357339 1107.660147 1114.830956 1129.546162 1141.705134 1156.986729 1178.267156 1196.440018 1216.794691 1240.081301 1264.294546 1289.805118 1317.099622 1346.676547 1373.630039 1395.484404 1407.391973 1421.145971 1429.671975 1426.873929 1444.423386 1463.257347
