examples/3D/Borden05m/output_maps-SE27XX/psiliqL0007N0002.asc
ncols         160
nrows         34
xllcorner     620200.000000
yllcorner     5168000.000000
cellsize      0.500000
NODATA_value  -9999.0
[rows 0 to 24 of 34, columns 0 to 56 of 160]
-9999.0 -9999.0 -9999.0 -9999.0 -9999.0 -9999.0 -9999.0 -9999.0 -9999.0 -9999.0 -9999.0 -9999.0 -9999.0 -9999.0 -9999.0 -9999.0 -9999.0 -9999.0 -9999.0 -9999.0 -9999.0 -9999.0 -9999.0 -9999.0 -9999.0 -9999.0 -9999.0 -9999.0 -9999.0 -9999.0 -9999.0 -9999.0 -9999.0 -9999.0 -9999.0 -9999.0 -9999.0 -9999.0 -9999.0 -9999.0 -9999.0 -9999.0 -9999.0 -9999.0 -9999.0 -9999.0 -9999.0 -9999.0 -9999.0 -9999.0 -9999.0 -9999.0 -9999.0 -9999.0 -9999.0 -9999.0 -9999.0
-9999.0 -9999.0 -9999.0 -9999.0 -9999.0 -9999.0 -9999.0 -9999.0 -9999.0 -9999.0 -9999.0 -9999.0 -9999.0 -9999.0 -9999.0 -9999.0 -9999.0 -9999.0 -9999.0 -9999.0 -9999.0 -9999.0 -9999.0 -9999.0 -9999.0 -9999.0 -9999.0 -9999.0 -9999.0 -9999.0 -9999.0 -9999.0 -9999.0 -9999.0 -9999.0 -9999.0 -9999.0 -9999.0 -9999.0 -9999.0 -9999.0 -9999.0 -9999.0 -9999.0 -9999.0 -9999.0 -9999.0 -9999.0 -9999.0 -9999.0 -9999.0 -9999.0 -9999.0 -9999.0 -9999.0 -9999.0 -9999.0
-9999.0 -9999.0 -9999.0 -9999.0 -9999.0 -9999.0 -9999.0 -9999.0 -9999.0 -9999.0 -9999.0 -9999.0 -9999.0 -9999.0 -9999.0 -9999.0 -9999.0 -9999.0 -9999.0 -9999.0 -9999.0 -9999.0 -9999.0 -9999.0 -9999.0 -9999.0 -9999.0 -9999.0 -9999.0 -9999.0 -9999.0 -9999.0 -9999.0 -9999.0 -9999.0 -9999.0 -9999.0 -9999.0 -9999.0 -9999.0 -9999.0 -9999.0 -9999.0 -9999.0 -9999.0 -9999.0 -9999.0 -521.003725 -538.659902 -555.868568 -557.508957 -534.742096 -511.682890 -488.384888 -468.257029 -449.882089 -431.090633
-9999.0 -9999.0 -9999.0 -9999.0 -9999.0 -9999.0 -9999.0 -9999.0 -9999.0 -9999.0 -9999.0 -9999.0 -9999.0 -9999.0 -9999.0 -9999.0 -9999.0 -9999.0 -9999.0 -9999.0 -9999.0 -9999.0 -9999.0 -9999.0 -9999.0 -9999.0 -9999.0 -9999.0 -9999.0 -9999.0 -9999.0 -9999.0 -9999.0 -9999.0 -9999.0 -9999.0 -9999.0 -9999.0 -9999.0 -9999.0 -473.395916 -467.645738 -466.030256 -477.206330 -488.752131 -500.597866 -520.588719 -538.623525 -554.620668 -557.814642 -555.502410 -549.803089 -526.821998 -503.045431 -484.020239 -466.848867 -448.029582
-9999.0 -9999.0 -9999.0 -9999.0 -9999.0 -9999.0 -9999.0 -9999.0 -9999.0 -9999.0 -9999.0 -9999.0 -9999.0 -9999.0 -9999.0 -9999.0 -9999.0 -9999.0 -9999.0 -9999.0 -9999.0 -9999.0 -9999.0 -9999.0 -9999.0 -9999.0 -9999.0 -9999.0 -9999.0 -9999.0 -9999.0 -9999.0 -9999.0 -9999.0 -564.462051 -546.979529 -529.147621 -511.209291 -494.986762 -488.704240 -482.956609 -477.276041 -481.483838 -486.630087 -498.218099 -516.853405 -536.893687 -551.579993 -554.671126 -557.646164 -553.526611 -540.599516 -524.349154 -508.220391 -487.693955 -465.136098 -456.410559
-9999.0 -9999.0 -9999.0 -9999.0 -9999.0 -9999.0 -9999.0 -9999.0 -9999.0 -9999.0 -9999.0 -9999.0 -9999.0 -9999.0 -9999.0 -9999.0 -9999.0 -9999.0 -9999.0 -9999.0 -9999.0 -9999.0 -9999.0 -9999.0 -9999.0 -9999.0 -9999.0 -9999.0 -558.948089 -565.064730 -570.570239 -572.417208 -574.070797 -575.659456 -568.928218 -556.736882 -538.619545 -517.580587 -505.253492 -498.505104 -492.356678 -491.845135 -496.915324 -499.533271 -499.766000 -511.743101 -523.700967 -534.938272 -545.772323 -547.209254 -538.011628 -524.701758 -509.261729 -495.067291 -480.362430 -467.174287 -452.574248
-9999.0 -9999.0 -9999.0 -9999.0 -9999.0 -9999.0 -9999.0 -9999.0 -9999.0 -9999.0 -9999.0 -9999.0 -9999.0 -9999.0 -9999.0 -9999.0 -9999.0 -9999.0 -9999.0 -9999.0 -9999.0 -9999.0 -9999.0 -587.320906 -581.295079 -575.083647 -568.088590 -567.543475 -572.229927 -578.282681 -581.909737 -583.918265 -585.850075 -581.911029 -573.756025 -560.376022 -544.823042 -523.740256 -515.596884 -509.185870 -497.050800 -495.445246 -491.461619 -487.948064 -490.286990 -493.308967 -505.487340 -514.549601 -508.914604 -503.034791 -497.275736 -490.531450 -478.219407 -463.008437 -445.564702 -425.093775 -403.483995
-9999.0 -9999.0 -9999.0 -9999.0 -9999.0 -9999.0 -9999.0 -9999.0 -9999.0 -9999.0 -9999.0 -9999.0 -9999.0 -9999.0 -9999.0 -9999.0 -9999.0 -9999.0 -9999.0 -611.562324 -610.963768 -610.303805 -606.064834 -605.281205 -603.285024 -596.584883 -588.798562 -587.198331 -589.110300 -591.283489 -590.185344 -587.998998 -584.362020 -573.235483 -559.817446 -546.147246 -532.376579 -512.025011 -497.769162 -484.178253 -468.437071 -470.614023 -475.815431 -478.699001 -478.868778 -478.664851 -472.442263 -468.857623 -463.751347 -457.976335 -451.224441 -442.985123 -432.934643 -414.640491 -394.189120 -373.329656 -353.103430
-9999.0 -9999.0 -9999.0 -9999.0 -9999.0 -9999.0 -9999.0 -9999.0 -9999.0 -9999.0 -9999.0 -9999.0 -9999.0 -9999.0 -9999.0 -9999.0 -639.290109 -637.648959 -635.884219 -630.864082 -628.844266 -625.270479 -618.819103 -618.214851 -614.721897 -608.055940 -603.460499 -595.500357 -588.220861 -581.362203 -575.951271 -573.796368 -566.491450 -557.319818 -545.910533 -530.616271 -509.074691 -487.052610 -471.324090 -455.262253 -439.076249 -439.506181 -441.392225 -440.931064 -440.560587 -432.474007 -414.127709 -407.986949 -404.104166 -384.237563 -369.522374 -363.995808 -356.728022 -338.254148 -313.173833 -283.954946 -248.227489
-9999.0 -9999.0 -9999.0 -9999.0 -9999.0 -9999.0 -9999.0 -9999.0 -9999.0 -9999.0 -9999.0 -9999.0 -9999.0 -682.557264 -678.599115 -669.858790 -662.368326 -660.596280 -657.204695 -652.058595 -640.353086 -637.328544 -631.571075 -624.391959 -613.636790 -605.684448 -596.949922 -585.715749 -577.764146 -571.118283 -564.523717 -558.168114 -544.792892 -529.807866 -514.278118 -494.478822 -473.538908 -452.827647 -431.990170 -417.531746 -403.472454 -399.935356 -402.541891 -401.484756 -393.170857 -373.999139 -353.744771 -339.156383 -314.593916 -288.428365 -271.783006 -256.560419 -245.483414 -230.440851 -205.118913 -158.942699 -107.631051
-9999.0 -9999.0 -9999.0 -9999.0 -9999.0 -9999.0 -9999.0 -9999.0 -9999.0 -9999.0 -717.929731 -715.404187 -719.083129 -718.254313 -714.102212 -702.720269 -690.156378 -683.586144 -672.989936 -653.114309 -636.730391 -633.784467 -619.394804 -610.085478 -604.153666 -593.967248 -581.388008 -568.871280 -551.942066 -539.785295 -527.394958 -506.868982 -490.978597 -475.255218 -458.249251 -439.203860 -418.172411 -387.323572 -359.182792 -343.993650 -318.105384 -302.039723 -304.998910 -304.609239 -296.080240 -275.663354 -246.837145 -212.131304 -180.370146 -143.663245 -112.701150 -89.392596 -69.822374 -46.401683 -19.152684 20.289728 59.367815
-9999.0 -9999.0 -9999.0 -9999.0 -9999.0 -9999.0 -9999.0 -9999.0 -741.458947 -734.980351 -728.844179 -732.140589 -737.220507 -740.556841 -728.178443 -712.855945 -697.473758 -681.215443 -665.876982 -648.765754 -633.666031 -617.565487 -599.053959 -587.829461 -576.533022 -562.013351 -548.922341 -531.344468 -510.572860 -495.962826 -476.895674 -455.416857 -436.108199 -418.411572 -400.208347 -381.579163 -350.967777 -313.835201 -277.811595 -248.181790 -214.205120 -181.811348 -177.704348 -171.466187 -162.860900 -126.585058 -78.194574 -24.721933 15.691544 45.831776 73.822072 90.098663 101.758192 116.724136 135.224247 152.773994 175.025942
-9999.0 -9999.0 -9999.0 -9999.0 -9999.0 -9999.0 -766.405031 -742.614657 -728.251205 -736.259803 -744.108991 -747.583365 -751.172043 -733.569977 -712.939981 -696.802630 -680.823200 -664.257757 -648.732311 -634.193655 -599.281975 -584.056532 -569.642489 -550.059087 -536.897006 -523.681463 -506.950008 -483.760795 -460.687643 -427.282028 -395.938005 -367.369258 -339.172504 -317.538111 -296.925835 -274.385429 -236.695353 -189.220952 -139.343371 -92.575571 -44.796386 -0.375775 16.684586 25.809787 34.868157 52.587727 82.693106 115.317635 150.256308 180.099001 202.147052 212.375819 222.193598 234.290029 249.298160 264.435336 276.738241
-9999.0 -9999.0 -9999.0 -9999.0 -799.336628 -778.646382 -758.216595 -727.683045 -705.445044 -711.303188 -704.153880 -703.809025 -705.281686 -703.624720 -698.797428 -681.605401 -664.851080 -648.026313 -629.765163 -591.847231 -551.471832 -535.264180 -508.463367 -476.749627 -463.262398 -449.021874 -434.115502 -410.851914 -379.550204 -341.373836 -289.204239 -242.682141 -208.309466 -177.221621 -148.505269 -113.597688 -61.726127 -3.588045 39.315603 74.974863 107.451756 134.766373 151.531349 160.128307 170.704965 183.588038 201.568525 226.913774 255.328319 284.802703 308.384798 323.420223 331.192914 342.797602 356.271775 374.934537 385.392146
-9999.0 -9999.0 -9999.0 -845.168332 -807.044295 -770.843774 -743.536917 -712.965840 -681.988980 -675.521757 -667.855497 -661.381254 -654.688297 -646.151006 -636.255147 -620.831445 -608.057051 -596.992550 -577.068931 -540.976167 -504.980934 -470.179886 -437.515556 -405.180051 -380.532288 -363.841817 -346.152636 -319.189559 -274.361517 -225.000083 -158.978800 -82.102017 -20.725990 15.444844 37.980542 63.727083 89.597667 125.476272 158.150845 187.835293 217.515893 243.015499 264.952268 272.705179 280.721067 288.257756 305.215528 325.353459 347.244294 373.522508 400.479476 424.286302 434.375163 445.078918 458.733111 476.519259 487.638613
-9999.0 -9999.0 -891.071226 -854.649822 -819.190110 -767.328299 -715.352741 -682.636158 -642.322786 -617.172424 -610.326823 -591.634602 -574.819429 -566.529492 -549.619974 -532.566039 -520.884973 -518.979578 -508.003964 -471.347246 -415.765653 -362.843738 -323.009197 -257.941769 -218.111620 -191.529108 -174.780087 -142.161583 -93.323566 -22.311537 36.113663 86.415226 127.991312 160.235501 174.961737 191.785453 215.029726 235.245670 263.058574 290.686670 318.806420 345.695728 372.254454 379.510158 386.384001 397.846492 420.262084 439.962230 462.659700 481.905640 496.137485 500.580236 501.952587 503.911158 505.379541 507.588386 508.293059
-9999.0 -9999.0 -915.380528 -871.888421 -828.423675 -757.340353 -683.388675 -646.016849 -603.345740 -559.881402 -541.145315 -518.129006 -497.871688 -478.164229 -454.315988 -429.800055 -426.871917 -425.040490 -426.105274 -369.158171 -303.958087 -225.448919 -129.327285 -39.372712 12.148791 25.351935 33.335865 51.191593 77.401860 124.507160 175.794668 223.283620 264.230232 292.497316 307.070722 323.820436 347.456973 364.302469 376.615490 410.448751 431.258614 453.031436 476.361512 493.971530 501.353147 502.128649 500.580345 502.911467 505.515038 506.812981 507.313677 504.326455 503.809196 504.536953 505.723809 500.928273 494.165518
-9999.0 -1000.725967 -949.115829 -894.627872 -823.537227 -753.543782 -666.598552 -585.675385 -537.737424 -497.108953 -469.206965 -447.899127 -388.593892 -334.491074 -303.941611 -269.991194 -272.375423 -275.990739 -283.406771 -233.920572 -159.904646 -32.107066 88.413384 149.566025 184.603123 190.131978 187.446312 201.115712 226.358409 266.531901 327.689584 366.420337 406.976857 437.226986 447.624301 452.396459 468.025052 484.508302 492.685106 500.529571 504.030157 506.966621 504.990091 505.944152 506.699612 507.045086 504.309471 498.215678 490.507018 485.463029 481.829133 477.401784 479.776923 482.889318 483.771714 476.073462 465.788274
-9999.0 -1034.162842 -973.611463 -900.648948 -828.195922 -747.928819 -632.792492 -508.073599 -463.669448 -430.263499 -398.073856 -341.821712 -240.895641 -157.143746 -100.418215 -41.368417 -40.745772 -55.978228 -55.023718 -8.631848 49.151962 126.299563 246.252777 331.417379 343.901177 355.241253 363.764937 385.591925 413.603027 439.396877 461.980367 478.899754 487.557512 491.477898 493.009716 494.557651 496.371164 496.642872 493.267469 489.080117 485.264205 485.324844 489.527480 488.786225 486.247794 483.970959 479.389529 470.874998 462.616415 458.195646 455.296249 451.945601 450.488297 450.850413 446.401548 438.566003 423.531197
-9999.0 -1056.372131 -987.943535 -921.470616 -844.703839 -716.222638 -595.709574 -469.386367 -381.569582 -341.152594 -278.450998 -163.751360 -32.082712 55.015336 104.448777 136.795635 155.407472 150.971401 167.644580 213.298682 277.031062 345.919939 400.963186 459.036201 469.082328 471.518592 467.249311 470.746527 474.148159 475.497658 476.825055 476.811910 481.230404 484.374093 483.306271 481.814276 477.843015 469.648867 462.246154 455.490694 453.675123 451.503814 456.152745 453.508270 450.213515 447.503275 446.060899 437.422176 426.581135 418.241402 413.740240 409.489043 407.133053 402.597869 397.364094 390.061729 374.781636
-9999.0 -1139.037631 -1056.694134 -992.315982 -850.834484 -688.778166 -566.816052 -412.943951 -277.608814 -210.690928 -75.430478 40.677972 134.429760 196.463517 244.307738 301.487663 347.077623 376.055135 404.829124 407.054808 441.540848 465.996347 473.592172 478.202850 473.633555 474.663083 467.145407 447.171715 436.270545 429.616542 431.399605 437.847073 440.667322 448.686802 444.844326 448.208979 447.859779 441.907530 431.787428 420.328736 412.527087 406.654447 406.116603 410.410357 405.032384 401.862950 396.974873 387.909636 377.220614 368.182705 360.152611 353.204249 350.112106 344.416738 342.755081 335.242776 309.446834
-9999.0 -1219.651906 -1140.080239 -1030.549383 -874.261122 -711.681055 -560.912517 -388.563169 -187.209648 -39.245740 70.207228 126.275215 191.886479 258.483752 331.579988 392.217801 425.244680 434.525226 433.377876 427.754346 395.362549 387.071208 401.187390 423.189642 432.386376 435.093167 424.011114 405.428406 395.299918 393.240738 392.040869 391.409412 389.879998 388.981987 385.340020 387.480249 391.299434 384.481304 374.251461 365.417239 358.627225 351.143440 346.348313 343.649739 341.674592 341.378514 334.380573 323.816739 312.751240 304.148929 296.031846 289.854283 287.636920 283.293102 277.386784 267.422386 242.163967
-9999.0 -1302.627326 -1189.760993 -1083.575934 -943.055560 -801.915562 -662.156733 -492.477512 -322.604628 -66.536244 113.509279 159.705894 188.549459 234.655811 302.383800 374.053725 398.856877 374.015056 344.285061 316.381562 309.392533 314.673198 327.555567 347.331631 362.354143 369.659233 367.598478 355.557873 340.363190 331.909428 327.132347 319.048312 312.753310 312.081557 310.447180 315.587482 318.449065 309.282328 296.916086 282.803589 270.951105 262.375927 259.834116 260.731149 260.414232 257.564346 250.695102 240.707394 228.385916 217.166874 208.851852 203.015818 197.078419 189.096796 180.356493 170.816331 147.929175
-9999.0 -9999.0 -1257.261031 -1144.431920 -1025.892117 -895.263435 -763.004219 -604.505541 -447.908507 -240.227469 -75.468718 24.349025 77.577678 124.266075 182.726777 235.864115 253.229425 263.914293 237.723152 230.674630 230.216850 233.936361 244.074802 256.604588 268.788257 276.418465 280.505165 277.241097 267.457008 252.355331 235.094897 221.607290 213.128753 207.180652 213.805574 223.434826 221.786402 215.840175 205.658891 192.479586 181.713726 170.731636 168.135244 169.207705 169.300689 166.506817 161.312989 148.537094 134.754064 120.921907 113.356964 105.982728 99.129789 87.773770 76.174048 63.496918 40.633812
-9999.0 -9999.0 -1338.333848 -1226.035210 -1102.519150 -974.975118 -863.982616 -748.145564 -587.903044 -464.421927 -355.786175 -256.150689 -167.963431 -80.696894 -22.698952 30.773818 56.809629 67.452915 71.894895 84.565130 104.337575 126.651520 142.716001 155.605241 167.293459 176.813380 184.227029 174.642310 164.752461 149.293237 128.463162 104.854435 91.417644 85.178044 88.247224 94.469735 89.510366 80.104072 66.961268 52.168161 40.680816 29.958199 26.627056 24.928172 24.266375 21.399831 16.967132 4.752921 -12.522763 -27.298834 -41.113224 -53.586198 -62.283893 -77.141658 -94.724845 -108.799324 -136.981779
