examples/3D/Borden05m/output_maps-SE27XX/thetaliqL0006N0001.asc
ncols         160
nrows         34
xllcorner     620200.000000
yllcorner     5168000.000000
cellsize      0.500000
NODATA_value  -9999.0
[rows 0 to 27 of 34, columns 0 to 62 of 160]
-9999.0 -9999.0 -9999.0 -9999.0 -9999.0 -9999.0 -9999.0 -9999.0 -9999.0 -9999.0 -9999.0 -9999.0 -9999.0 -9999.0 -9999.0 -9999.0 -9999.0 -9999.0 -9999.0 -9999.0 -9999.0 -9999.0 -9999.0 -9999.0 -9999.0 -9999.0 -9999.0 -9999.0 -9999.0 -9999.0 -9999.0 -9999.0 -9999.0 -9999.0 -9999.0 -9999.0 -9999.0 -9999.0 -9999.0 -9999.0 -9999.0 -9999.0 -9999.0 -9999.0 -9999.0 -9999.0 -9999.0 -9999.0 -9999.0 -9999.0 -9999.0 -9999.0 -9999.0 -9999.0 -9999.0 -9999.0 -9999.0 -9999.0 -9999.0 -9999.0 -9999.0 -9999.0 -9999.0
-9999.0 -9999.0 -9999.0 -9999.0 -9999.0 -9999.0 -9999.0 -9999.0 -9999.0 -9999.0 -9999.0 -9999.0 -9999.0 -9999.0 -9999.0 -9999.0 -9999.0 -9999.0 -9999.0 -9999.0 -9999.0 -9999.0 -9999.0 -9999.0 -9999.0 -9999.0 -9999.0 -9999.0 -9999.0 -9999.0 -9999.0 -9999.0 -9999.0 -9999.0 -9999.0 -9999.0 -9999.0 -9999.0 -9999.0 -9999.0 -9999.0 -9999.0 -9999.0 -9999.0 -9999.0 -9999.0 -9999.0 -9999.0 -9999.0 -9999.0 -9999.0 -9999.0 -9999.0 -9999.0 -9999.0 -9999.0 -9999.0 -9999.0 -9999.0 0.202270 0.198158 0.194153 0.190441
-9999.0 -9999.0 -9999.0 -9999.0 -9999.0 -9999.0 -9999.0 -9999.0 -9999.0 -9999.0 -9999.0 -9999.0 -9999.0 -9999.0 -9999.0 -9999.0 -9999.0 -9999.0 -9999.0 -9999.0 -9999.0 -9999.0 -9999.0 -9999.0 -9999.0 -9999.0 -9999.0 -9999.0 -9999.0 -9999.0 -9999.0 -9999.0 -9999.0 -9999.0 -9999.0 -9999.0 -9999.0 -9999.0 -9999.0 -9999.0 -9999.0 -9999.0 -9999.0 -9999.0 -9999.0 -9999.0 -9999.0 0.131595 0.125085 0.119342 0.118867 0.126446 0.135242 0.145422 0.155352 0.165393 0.176641 0.189234 0.191423 0.184131 0.180916 0.178628 0.177029
-9999.0 -9999.0 -9999.0 -9999.0 -9999.0 -9999.0 -9999.0 -9999.0 -9999.0 -9999.0 -9999.0 -9999.0 -9999.0 -9999.0 -9999.0 -9999.0 -9999.0 -9999.0 -9999.0 -9999.0 -9999.0 -9999.0 -9999.0 -9999.0 -9999.0 -9999.0 -9999.0 -9999.0 -9999.0 -9999.0 -9999.0 -9999.0 -9999.0 -9999.0 -9999.0 -9999.0 -9999.0 -9999.0 -9999.0 -9999.0 0.152857 0.155832 0.156724 0.150904 0.145294 0.139963 0.131716 0.125068 0.119724 0.118708 0.119413 0.121251 0.129266 0.138742 0.147321 0.155928 0.166255 0.178138 0.179828 0.172764 0.167459 0.164928 0.164751
-9999.0 -9999.0 -9999.0 -9999.0 -9999.0 -9999.0 -9999.0 -9999.0 -9999.0 -9999.0 -9999.0 -9999.0 -9999.0 -9999.0 -9999.0 -9999.0 -9999.0 -9999.0 -9999.0 -9999.0 -9999.0 -9999.0 -9999.0 -9999.0 -9999.0 -9999.0 -9999.0 -9999.0 -9999.0 -9999.0 -9999.0 -9999.0 -9999.0 -9999.0 0.116816 0.122300 0.128528 0.135503 0.142480 0.145335 0.148059 0.150851 0.148761 0.146254 0.140925 0.133135 0.125627 0.120668 0.119655 0.118712 0.119988 0.124238 0.130043 0.136414 0.145426 0.156560 0.161175 0.167868 0.169440 0.166202 0.166443 0.167048 0.167723
-9999.0 -9999.0 -9999.0 -9999.0 -9999.0 -9999.0 -9999.0 -9999.0 -9999.0 -9999.0 -9999.0 -9999.0 -9999.0 -9999.0 -9999.0 -9999.0 -9999.0 -9999.0 -9999.0 -9999.0 -9999.0 -9999.0 -9999.0 -9999.0 -9999.0 -9999.0 -9999.0 -9999.0 0.118507 0.116657 0.115044 0.114512 0.114041 0.113586 0.115479 0.119135 0.125106 0.132892 0.137913 0.140805 0.143535 0.143748 0.141442 0.140242 0.140113 0.135040 0.130327 0.126199 0.122475 0.122008 0.125090 0.129846 0.135859 0.141873 0.148619 0.155342 0.162928 0.175301 0.180452 0.176188 0.172161 0.169583 0.169648
-9999.0 -9999.0 -9999.0 -9999.0 -9999.0 -9999.0 -9999.0 -9999.0 -9999.0 -9999.0 -9999.0 -9999.0 -9999.0 -9999.0 -9999.0 -9999.0 -9999.0 -9999.0 -9999.0 -9999.0 -9999.0 -9999.0 -9999.0 0.110555 0.112146 0.113831 0.115805 0.115954 0.114586 0.112897 0.111907 0.111366 0.110863 0.111880 0.114104 0.117994 0.122939 0.130428 0.133566 0.136181 0.141386 0.142022 0.143719 0.145308 0.144174 0.142782 0.137468 0.133752 0.136071 0.138523 0.140927 0.143832 0.149523 0.157154 0.166650 0.178796 0.192695 0.205920 0.218105 0.212979 0.205894 0.197086 0.196967
-9999.0 -9999.0 -9999.0 -9999.0 -9999.0 -9999.0 -9999.0 -9999.0 -9999.0 -9999.0 -9999.0 -9999.0 -9999.0 -9999.0 -9999.0 -9999.0 -9999.0 -9999.0 -9999.0 0.104799 0.104925 0.105060 0.106004 0.106185 0.106645 0.108227 0.110152 0.110541 0.110053 0.109488 0.109756 0.110300 0.111219 0.114223 0.118126 0.122442 0.127185 0.134946 0.140946 0.147165 0.154970 0.153701 0.150959 0.149437 0.149281 0.149332 0.152504 0.154319 0.156803 0.159820 0.163403 0.167844 0.173459 0.184597 0.197855 0.212022 0.226221 0.240253 0.254523 0.251281 0.241315 0.231039 0.230851
-9999.0 -9999.0 -9999.0 -9999.0 -9999.0 -9999.0 -9999.0 -9999.0 -9999.0 -9999.0 -9999.0 -9999.0 -9999.0 -9999.0 -9999.0 -9999.0 0.099230 0.099532 0.099856 0.100810 0.101187 0.101893 0.103212 0.103328 0.104070 0.105528 0.106573 0.108441 0.110234 0.112009 0.113459 0.114041 0.116121 0.118852 0.122472 0.127763 0.136096 0.145692 0.153274 0.161666 0.170801 0.170345 0.169078 0.169202 0.169266 0.174016 0.185377 0.189029 0.191250 0.204640 0.214621 0.217929 0.222422 0.235254 0.253125 0.273770 0.297452 0.312179 0.324081 0.327108 0.318578 0.315666 0.318601
-9999.0 -9999.0 -9999.0 -9999.0 -9999.0 -9999.0 -9999.0 -9999.0 -9999.0 -9999.0 -9999.0 -9999.0 -9999.0 0.092314 0.092876 0.094155 0.095288 0.095561 0.096099 0.096944 0.098998 0.099550 0.100637 0.102054 0.104282 0.106036 0.108075 0.110864 0.112959 0.114784 0.116674 0.118607 0.122880 0.128077 0.133968 0.142283 0.152066 0.162868 0.174822 0.183479 0.192406 0.194520 0.192271 0.192526 0.197761 0.210730 0.224603 0.234380 0.251785 0.269967 0.280518 0.289926 0.295802 0.303421 0.315917 0.335894 0.351120 0.359902 0.363981 0.366459 0.366617 0.366932 0.367223
-9999.0 -9999.0 -9999.0 -9999.0 -9999.0 -9999.0 -9999.0 -9999.0 -9999.0 -9999.0 0.087830 0.088121 0.087709 0.087821 0.088284 0.089631 0.091228 0.092128 0.093639 0.096768 0.099651 0.100202 0.103075 0.105061 0.106385 0.108799 0.111993 0.115435 0.120555 0.124548 0.128968 0.137056 0.143896 0.151234 0.159848 0.170286 0.182891 0.203271 0.222964 0.233315 0.252242 0.263589 0.259829 0.258823 0.263763 0.277301 0.295285 0.314028 0.327831 0.341479 0.350414 0.355516 0.358901 0.362127 0.365018 0.368281 0.369822 0.370000 0.370000 0.370000 0.370000 0.370000 0.370000
-9999.0 -9999.0 -9999.0 -9999.0 -9999.0 -9999.0 -9999.0 -9999.0 0.085385 0.086018 0.086652 0.086313 0.085799 0.085485 0.086728 0.088416 0.090279 0.092441 0.094706 0.097497 0.100242 0.103476 0.107594 0.110345 0.113318 0.117443 0.121486 0.127492 0.135394 0.141595 0.150473 0.161386 0.172100 0.182493 0.193728 0.205636 0.226825 0.253160 0.277988 0.296368 0.314729 0.329440 0.329552 0.331079 0.333321 0.345406 0.356401 0.364155 0.368022 0.369623 0.369988 0.370000 0.370000 0.370000 0.370000 0.370000 0.370000 0.370000 0.370000 0.370000 0.370000 0.370000 0.370000
-9999.0 -9999.0 -9999.0 -9999.0 -9999.0 -9999.0 0.083157 0.085286 0.086728 0.085912 0.085175 0.084857 0.084538 0.086180 0.088408 0.090362 0.092503 0.094959 0.097506 0.100183 0.107646 0.111363 0.115291 0.121275 0.125607 0.130299 0.136822 0.146978 0.158377 0.177385 0.197386 0.216740 0.236283 0.250847 0.264338 0.278556 0.301349 0.324761 0.342891 0.354344 0.362103 0.366759 0.367879 0.368409 0.368984 0.369680 0.369993 0.370000 0.370000 0.370000 0.370000 0.370000 0.370000 0.370000 0.370000 0.370000 0.370000 0.370000 0.370000 0.370000 0.370000 0.370000 0.370000
-9999.0 -9999.0 -9999.0 -9999.0 0.080664 0.082171 0.083861 0.086802 0.089322 0.088622 0.089494 0.089552 0.089391 0.089577 0.090160 0.092453 0.094920 0.097668 0.101054 0.109514 0.120802 0.126210 0.136481 0.150673 0.157273 0.164668 0.172813 0.186681 0.207120 0.233350 0.270729 0.300409 0.317401 0.330256 0.339904 0.349247 0.358996 0.366192 0.369248 0.369976 0.370000 0.370000 0.370000 0.370000 0.370000 0.370000 0.370000 0.370000 0.370000 0.370000 0.370000 0.370000 0.370000 0.370000 0.370000 0.370000 0.370000 0.370000 0.370000 0.370000 0.370000 0.370000 0.370000
-9999.0 -9999.0 -9999.0 0.077931 0.080171 0.082804 0.085223 0.088449 0.092399 0.093371 0.094516 0.095580 0.096734 0.098226 0.100086 0.103125 0.105824 0.108284 0.113326 0.124275 0.137818 0.153875 0.171139 0.190586 0.206355 0.216951 0.228273 0.246392 0.276956 0.305932 0.336033 0.356842 0.365188 0.368038 0.369221 0.369871 0.369998 0.370000 0.370000 0.370000 0.370000 0.370000 0.370000 0.370000 0.370000 0.370000 0.370000 0.370000 0.370000 0.370000 0.370000 0.370000 0.370000 0.370000 0.370000 0.370000 0.370000 0.370000 0.370000 0.370000 0.370000 0.370000 0.370000
-9999.0 -9999.0 0.075807 0.077444 0.079416 0.083143 0.088226 0.092363 0.098816 0.103819 0.105331 0.109820 0.114311 0.116713 0.121989 0.127822 0.131907 0.132374 0.136382 0.153082 0.184332 0.219005 0.245681 0.289809 0.312082 0.324297 0.330305 0.341584 0.353681 0.364822 0.369405 0.369999 0.370000 0.370000 0.370000 0.370000 0.370000 0.370000 0.370000 0.370000 0.370000 0.370000 0.370000 0.370000 0.370000 0.370000 0.370000 0.370000 0.370000 0.370000 0.370000 0.370000 0.370000 0.370000 0.370000 0.370000 0.370000 0.370000 0.370000 0.370000 0.370000 0.370000 0.370000
-9999.0 -9999.0 0.074889 0.076638 0.078895 0.084076 0.092318 0.098247 0.106983 0.118616 0.124698 0.133057 0.141717 0.151100 0.163147 0.177102 0.177859 0.178337 0.176878 0.213032 0.257684 0.307053 0.348605 0.364270 0.368327 0.368790 0.369079 0.369694 0.369988 0.370000 0.370000 0.370000 0.370000 0.370000 0.370000 0.370000 0.370000 0.370000 0.370000 0.370000 0.370000 0.370000 0.370000 0.370000 0.370000 0.370000 0.370000 0.370000 0.370000 0.370000 0.370000 0.370000 0.370000 0.370000 0.370000 0.370000 0.370000 0.370000 0.370000 0.370000 0.370000 0.370000 0.370000
-9999.0 0.072440 0.073796 0.075696 0.079217 0.084450 0.095029 0.111755 0.126178 0.142049 0.155141 0.166387 0.204075 0.242001 0.262064 0.284697 0.280966 0.277022 0.268994 0.299104 0.334472 0.365766 0.370000 0.370000 0.370000 0.370000 0.370000 0.370000 0.370000 0.370000 0.370000 0.370000 0.370000 0.370000 0.370000 0.370000 0.370000 0.370000 0.370000 0.370000 0.370000 0.370000 0.370000 0.370000 0.370000 0.370000 0.370000 0.370000 0.370000 0.370000 0.370000 0.370000 0.370000 0.370000 0.370000 0.370000 0.370000 0.370000 0.370000 0.370000 0.370000 0.370000 0.370000
-9999.0 0.071737 0.073118 0.075476 0.078963 0.085113 0.101435 0.138261 0.159005 0.177458 0.197001 0.234910 0.302677 0.342491 0.356966 0.365058 0.364641 0.362448 0.362173 0.367240 0.369924 0.370000 0.370000 0.370000 0.370000 0.370000 0.370000 0.370000 0.370000 0.370000 0.370000 0.370000 0.370000 0.370000 0.370000 0.370000 0.370000 0.370000 0.370000 0.370000 0.370000 0.370000 0.370000 0.370000 0.370000 0.370000 0.370000 0.370000 0.370000 0.370000 0.370000 0.370000 0.370000 0.370000 0.370000 0.370000 0.370000 0.370000 0.370000 0.370000 0.370000 0.370000 0.370000
-9999.0 0.071342 0.072763 0.074730 0.078136 0.088672 0.109728 0.157153 0.212372 0.238762 0.279215 0.338511 0.367243 0.370000 0.370000 0.370000 0.370000 0.370000 0.370000 0.370000 0.370000 0.370000 0.370000 0.370000 0.370000 0.370000 0.370000 0.370000 0.370000 0.370000 0.370000 0.370000 0.370000 0.370000 0.370000 0.370000 0.370000 0.370000 0.370000 0.370000 0.370000 0.370000 0.370000 0.370000 0.370000 0.370000 0.370000 0.370000 0.370000 0.370000 0.370000 0.370000 0.370000 0.370000 0.370000 0.370000 0.370000 0.370000 0.370000 0.370000 0.370000 0.370000 0.370000
-9999.0 0.070164 0.071359 0.072722 0.078022 0.092324 0.118023 0.192883 0.290099 0.321475 0.360744 0.369983 0.370000 0.370000 0.370000 0.370000 0.370000 0.370000 0.370000 0.370000 0.370000 0.370000 0.370000 0.370000 0.370000 0.370000 0.370000 0.370000 0.370000 0.370000 0.370000 0.370000 0.370000 0.370000 0.370000 0.370000 0.370000 0.370000 0.370000 0.370000 0.370000 0.370000 0.370000 0.370000 0.370000 0.370000 0.370000 0.370000 0.370000 0.370000 0.370000 0.370000 0.370000 0.370000 0.370000 0.370000 0.370000 0.370000 0.370000 0.370000 0.370000 0.370000 0.370000
-9999.0 0.069350 0.070156 0.071918 0.076915 0.089635 0.121568 0.213631 0.338779 0.365744 0.369999 0.370000 0.370000 0.370000 0.370000 0.370000 0.370000 0.370000 0.370000 0.370000 0.370000 0.370000 0.370000 0.370000 0.370000 0.370000 0.370000 0.370000 0.370000 0.370000 0.370000 0.370000 0.370000 0.370000 0.370000 0.370000 0.370000 0.370000 0.370000 0.370000 0.370000 0.370000 0.370000 0.370000 0.370000 0.370000 0.370000 0.370000 0.370000 0.370000 0.370000 0.370000 0.370000 0.370000 0.370000 0.370000 0.370000 0.370000 0.370000 0.370000 0.370000 0.370000 0.370000
-9999.0 0.068770 0.069626 0.070960 0.074217 0.081130 0.097110 0.148736 0.257391 0.363242 0.370000 0.370000 0.370000 0.370000 0.370000 0.370000 0.370000 0.370000 0.370000 0.370000 0.370000 0.370000 0.370000 0.370000 0.370000 0.370000 0.370000 0.370000 0.370000 0.370000 0.370000 0.370000 0.370000 0.370000 0.370000 0.370000 0.370000 0.370000 0.370000 0.370000 0.370000 0.370000 0.370000 0.370000 0.370000 0.370000 0.370000 0.370000 0.370000 0.370000 0.370000 0.370000 0.370000 0.370000 0.370000 0.370000 0.370000 0.370000 0.370000 0.369900 0.368300 0.364928 0.362953
-9999.0 -9999.0 0.069069 0.070123 0.072025 0.075958 0.084353 0.109274 0.172284 0.308999 0.361577 0.369956 0.370000 0.370000 0.370000 0.370000 0.370000 0.370000 0.370000 0.370000 0.370000 0.370000 0.370000 0.370000 0.370000 0.370000 0.370000 0.370000 0.370000 0.370000 0.370000 0.370000 0.370000 0.370000 0.370000 0.370000 0.370000 0.370000 0.370000 0.370000 0.370000 0.370000 0.370000 0.370000 0.370000 0.370000 0.370000 0.370000 0.370000 0.370000 0.370000 0.370000 0.370000 0.370000 0.369990 0.369898 0.369308 0.367612 0.363888 0.354218 0.337523 0.314160 0.291472
-9999.0 -9999.0 0.068572 0.069317 0.070693 0.073263 0.077442 0.086164 0.114481 0.164464 0.230552 0.296280 0.339220 0.359856 0.367865 0.369982 0.370000 0.370000 0.370000 0.370000 0.370000 0.370000 0.370000 0.370000 0.370000 0.370000 0.370000 0.370000 0.370000 0.370000 0.370000 0.370000 0.370000 0.370000 0.370000 0.370000 0.370000 0.370000 0.369993 0.369889 0.369608 0.369128 0.368885 0.368785 0.368754 0.368592 0.368322 0.367483 0.366049 0.364569 0.362993 0.361328 0.360057 0.357536 0.354215 0.351447 0.344034 0.332466 0.317398 0.295057 0.265075 0.240113 0.216300
-9999.0 -9999.0 -9999.0 0.068779 0.069544 0.070630 0.072413 0.074809 0.080231 0.091424 0.109847 0.140533 0.172188 0.205036 0.241895 0.281897 0.305779 0.316236 0.322785 0.345858 0.355458 0.363649 0.367333 0.368428 0.369221 0.369675 0.369756 0.369531 0.369111 0.368082 0.365602 0.361162 0.357335 0.357063 0.357155 0.358009 0.356331 0.354231 0.349682 0.344000 0.337668 0.332503 0.330209 0.327841 0.326282 0.324196 0.322017 0.317772 0.312118 0.306140 0.301117 0.299002 0.296737 0.293293 0.288433 0.283309 0.274970 0.254930 0.235171 0.214601 0.192222 0.172174 0.155362
-9999.0 -9999.0 -9999.0 -9999.0 -9999.0 0.069101 0.070017 0.071293 0.073020 0.075463 0.079755 0.088022 0.094557 0.103230 0.115946 0.129639 0.143498 0.160806 0.186561 0.214927 0.248066 0.274317 0.299769 0.318577 0.326919 0.334270 0.336973 0.332227 0.326916 0.318155 0.302461 0.286443 0.282636 0.282819 0.283068 0.281778 0.277873 0.273834 0.268343 0.257926 0.248544 0.244308 0.241212 0.238131 0.234951 0.232247 0.229691 0.227137 0.220692 0.215444 0.215816 0.214050 0.212292 0.210569 0.206098 0.201252 0.195489 0.179311 0.166280 0.157808 0.142547 0.130853 0.123646
-9999.0 -9999.0 -9999.0 -9999.0 -9999.0 -9999.0 0.068789 0.069458 0.070263 0.071412 0.073250 0.075652 0.077075 0.079731 0.083439 0.088590 0.095893 0.103251 0.112809 0.125364 0.141757 0.158426 0.178726 0.201449 0.211468 0.219826 0.228177 0.221500 0.214757 0.208105 0.193242 0.190075 0.186203 0.186243 0.186052 0.185914 0.182625 0.179110 0.175813 0.169347 0.166274 0.163045 0.160816 0.158718 0.156615 0.154877 0.153604 0.152380 0.149406 0.149856 0.150093 0.149241 0.148207 0.147135 0.144373 0.140703 0.137248 0.130666 0.125509 0.120747 0.113257 0.108330 0.103880
