examples/3D/Borden05m/output_maps-SE27XX/thetaliqL0001N0001.asc
ncols         160
nrows         34
xllcorner     620200.000000
yllcorner     5168000.000000
cellsize      0.500000
NODATA_value  -9999.0
[rows 0 to 27 of 34, columns 0 to 62 of 160]
-9999.0 -9999.0 -9999.0 -9999.0 -9999.0 -9999.0 -9999.0 -9999.0 -9999.0 -9999.0 -9999.0 -9999.0 -9999.0 -9999.0 -9999.0 -9999.0 -9999.0 -9999.0 -9999.0 -9999.0 -9999.0 -9999.0 -9999.0 -9999.0 -9999.0 -9999.0 -9999.0 -9999.0 -9999.0 -9999.0 -9999.0 -9999.0 -9999.0 -9999.0 -9999.0 -9999.0 -9999.0 -9999.0 -9999.0 -9999.0 -9999.0 -9999.0 -9999.0 -9999.0 -9999.0 -9999.0 -9999.0 -9999.0 -9999.0 -9999.0 -9999.0 -9999.0 -9999.0 -9999.0 -9999.0 -9999.0 -9999.0 -9999.0 -9999.0 -9999.0 -9999.0 -9999.0 -9999.0
-9999.0 -9999.0 -9999.0 -9999.0 -9999.0 -9999.0 -9999.0 -9999.0 -9999.0 -9999.0 -9999.0 -9999.0 -9999.0 -9999.0 -9999.0 -9999.0 -9999.0 -9999.0 -9999.0 -9999.0 -9999.0 -9999.0 -9999.0 -9999.0 -9999.0 -9999.0 -9999.0 -9999.0 -9999.0 -9999.0 -9999.0 -9999.0 -9999.0 -9999.0 -9999.0 -9999.0 -9999.0 -9999.0 -9999.0 -9999.0 -9999.0 -9999.0 -9999.0 -9999.0 -9999.0 -9999.0 -9999.0 -9999.0 -9999.0 -9999.0 -9999.0 -9999.0 -9999.0 -9999.0 -9999.0 -9999.0 -9999.0 -9999.0 -9999.0 0.272106 0.271058 0.270461 0.270287
-9999.0 -9999.0 -9999.0 -9999.0 -9999.0 -9999.0 -9999.0 -9999.0 -9999.0 -9999.0 -9999.0 -9999.0 -9999.0 -9999.0 -9999.0 -9999.0 -9999.0 -9999.0 -9999.0 -9999.0 -9999.0 -9999.0 -9999.0 -9999.0 -9999.0 -9999.0 -9999.0 -9999.0 -9999.0 -9999.0 -9999.0 -9999.0 -9999.0 -9999.0 -9999.0 -9999.0 -9999.0 -9999.0 -9999.0 -9999.0 -9999.0 -9999.0 -9999.0 -9999.0 -9999.0 -9999.0 -9999.0 0.267676 0.264042 0.259528 0.258150 0.263071 0.264772 0.266181 0.266818 0.267321 0.268517 0.271492 0.270975 0.265600 0.265345 0.265462 0.265918
-9999.0 -9999.0 -9999.0 -9999.0 -9999.0 -9999.0 -9999.0 -9999.0 -9999.0 -9999.0 -9999.0 -9999.0 -9999.0 -9999.0 -9999.0 -9999.0 -9999.0 -9999.0 -9999.0 -9999.0 -9999.0 -9999.0 -9999.0 -9999.0 -9999.0 -9999.0 -9999.0 -9999.0 -9999.0 -9999.0 -9999.0 -9999.0 -9999.0 -9999.0 -9999.0 -9999.0 -9999.0 -9999.0 -9999.0 -9999.0 0.265205 0.266918 0.268461 0.266154 0.265482 0.266205 0.263984 0.261179 0.258189 0.259362 0.259348 0.256649 0.259719 0.261956 0.262215 0.262270 0.264006 0.267660 0.267161 0.263282 0.261078 0.260479 0.261103
-9999.0 -9999.0 -9999.0 -9999.0 -9999.0 -9999.0 -9999.0 -9999.0 -9999.0 -9999.0 -9999.0 -9999.0 -9999.0 -9999.0 -9999.0 -9999.0 -9999.0 -9999.0 -9999.0 -9999.0 -9999.0 -9999.0 -9999.0 -9999.0 -9999.0 -9999.0 -9999.0 -9999.0 -9999.0 -9999.0 -9999.0 -9999.0 -9999.0 -9999.0 0.259761 0.262854 0.263858 0.264724 0.266392 0.265297 0.264328 0.265792 0.264430 0.264597 0.263175 0.260307 0.257461 0.255980 0.258247 0.257650 0.257513 0.258898 0.259454 0.259220 0.260918 0.264030 0.261418 0.261741 0.260961 0.259388 0.261218 0.262657 0.263542
-9999.0 -9999.0 -9999.0 -9999.0 -9999.0 -9999.0 -9999.0 -9999.0 -9999.0 -9999.0 -9999.0 -9999.0 -9999.0 -9999.0 -9999.0 -9999.0 -9999.0 -9999.0 -9999.0 -9999.0 -9999.0 -9999.0 -9999.0 -9999.0 -9999.0 -9999.0 -9999.0 -9999.0 0.265133 0.263876 0.262943 0.263071 0.262605 0.260666 0.259931 0.259893 0.261222 0.263615 0.263632 0.262925 0.262887 0.262087 0.260142 0.260059 0.262473 0.260768 0.260189 0.259161 0.255908 0.255049 0.256796 0.258298 0.259398 0.259178 0.258702 0.257875 0.257394 0.261488 0.262256 0.259729 0.258564 0.258144 0.258607
-9999.0 -9999.0 -9999.0 -9999.0 -9999.0 -9999.0 -9999.0 -9999.0 -9999.0 -9999.0 -9999.0 -9999.0 -9999.0 -9999.0 -9999.0 -9999.0 -9999.0 -9999.0 -9999.0 -9999.0 -9999.0 -9999.0 -9999.0 0.263459 0.264617 0.264941 0.265909 0.265286 0.262611 0.260991 0.260324 0.259744 0.258294 0.258002 0.257706 0.258228 0.258397 0.260950 0.258926 0.257540 0.259877 0.259117 0.260875 0.262902 0.262511 0.263099 0.259568 0.256920 0.259809 0.260812 0.260389 0.259347 0.259757 0.260305 0.260990 0.262644 0.264895 0.266565 0.270305 0.267379 0.265716 0.262337 0.262822
-9999.0 -9999.0 -9999.0 -9999.0 -9999.0 -9999.0 -9999.0 -9999.0 -9999.0 -9999.0 -9999.0 -9999.0 -9999.0 -9999.0 -9999.0 -9999.0 -9999.0 -9999.0 -9999.0 0.264184 0.263757 0.262928 0.263142 0.260444 0.259258 0.259840 0.261065 0.260174 0.258675 0.257415 0.257542 0.257656 0.257223 0.258904 0.260113 0.260178 0.259199 0.261005 0.261136 0.261971 0.265138 0.262634 0.260337 0.259147 0.259039 0.258247 0.260237 0.260722 0.260642 0.259976 0.259562 0.259629 0.259317 0.261279 0.262694 0.263370 0.263736 0.264935 0.268847 0.266673 0.263417 0.259765 0.259811
-9999.0 -9999.0 -9999.0 -9999.0 -9999.0 -9999.0 -9999.0 -9999.0 -9999.0 -9999.0 -9999.0 -9999.0 -9999.0 -9999.0 -9999.0 -9999.0 0.264449 0.264189 0.263145 0.261407 0.259955 0.259843 0.260787 0.258788 0.258039 0.258313 0.257316 0.258095 0.258958 0.260034 0.260441 0.258932 0.258941 0.258415 0.257827 0.257883 0.259942 0.261674 0.261418 0.262510 0.265163 0.263062 0.262282 0.262361 0.260971 0.261481 0.265668 0.264234 0.261337 0.265394 0.267110 0.265376 0.264094 0.266053 0.268945 0.272193 0.278294 0.281334 0.286076 0.287904 0.282414 0.281768 0.283468
-9999.0 -9999.0 -9999.0 -9999.0 -9999.0 -9999.0 -9999.0 -9999.0 -9999.0 -9999.0 -9999.0 -9999.0 -9999.0 0.264743 0.264471 0.264608 0.261948 0.259940 0.258679 0.256918 0.258807 0.257205 0.256591 0.256784 0.258439 0.258273 0.258247 0.259134 0.258473 0.257662 0.256853 0.255395 0.256499 0.257515 0.257957 0.259391 0.260125 0.260314 0.261624 0.261075 0.261804 0.260709 0.258716 0.258171 0.259201 0.262634 0.264623 0.264295 0.268514 0.272467 0.273373 0.275673 0.276303 0.277043 0.279640 0.288689 0.298441 0.309166 0.318357 0.326326 0.327303 0.328753 0.329500
-9999.0 -9999.0 -9999.0 -9999.0 -9999.0 -9999.0 -9999.0 -9999.0 -9999.0 -9999.0 0.261328 0.262603 0.260709 0.257094 0.255482 0.256129 0.256793 0.255324 0.255185 0.258578 0.260319 0.256690 0.258786 0.258586 0.256902 0.256992 0.257612 0.257361 0.259124 0.258732 0.258209 0.261190 0.261423 0.261680 0.262212 0.262657 0.262550 0.266169 0.268859 0.267005 0.271556 0.274215 0.270725 0.269296 0.269299 0.271709 0.275923 0.282299 0.286435 0.293361 0.300201 0.306383 0.312206 0.317555 0.322248 0.332099 0.347384 0.364501 0.369535 0.369864 0.369904 0.369911 0.369916
-9999.0 -9999.0 -9999.0 -9999.0 -9999.0 -9999.0 -9999.0 -9999.0 0.256398 0.258377 0.259593 0.258005 0.255886 0.251988 0.253321 0.254557 0.255305 0.256522 0.256940 0.257178 0.255915 0.256792 0.258712 0.257712 0.257611 0.258719 0.258278 0.259007 0.260328 0.258482 0.258609 0.259399 0.259951 0.260336 0.260920 0.260499 0.263845 0.268237 0.272590 0.275748 0.281296 0.288486 0.286618 0.286948 0.286297 0.294240 0.304832 0.319363 0.331807 0.344074 0.358402 0.367445 0.369514 0.369809 0.369902 0.369942 0.369983 0.369999 0.370000 0.370000 0.370000 0.370000 0.370000
-9999.0 -9999.0 -9999.0 -9999.0 -9999.0 -9999.0 0.253607 0.257875 0.259905 0.254854 0.251018 0.249756 0.247489 0.252359 0.256572 0.257169 0.257556 0.258040 0.257250 0.253881 0.259952 0.257576 0.255676 0.257091 0.256405 0.256039 0.256648 0.258608 0.258630 0.262696 0.264786 0.266190 0.268912 0.269898 0.270888 0.271840 0.277279 0.284948 0.293374 0.302145 0.314652 0.326841 0.331235 0.333583 0.336872 0.344008 0.359856 0.369244 0.369898 0.369982 0.369998 0.370000 0.370000 0.370000 0.370000 0.370000 0.370000 0.370000 0.370000 0.370000 0.370000 0.370000 0.370000
-9999.0 -9999.0 -9999.0 -9999.0 0.256426 0.257223 0.256138 0.259742 0.262205 0.256013 0.258139 0.257019 0.254975 0.252453 0.249426 0.251257 0.252186 0.252680 0.251838 0.257579 0.262189 0.257650 0.259404 0.263660 0.261533 0.261307 0.260639 0.261648 0.263955 0.266576 0.274869 0.281464 0.284664 0.288625 0.292126 0.297490 0.307711 0.323498 0.338635 0.356387 0.369003 0.369808 0.369915 0.369940 0.369963 0.369984 0.369998 0.370000 0.370000 0.370000 0.370000 0.370000 0.370000 0.370000 0.370000 0.370000 0.370000 0.370000 0.370000 0.370000 0.370000 0.370000 0.370000
-9999.0 -9999.0 -9999.0 0.254040 0.258180 0.259459 0.256950 0.257328 0.260283 0.256741 0.255956 0.255216 0.254699 0.254561 0.254043 0.254931 0.254857 0.253627 0.253966 0.256772 0.257039 0.258520 0.259094 0.260699 0.262085 0.261876 0.262141 0.264265 0.271608 0.278164 0.290181 0.308065 0.323145 0.332253 0.338746 0.349017 0.362277 0.369371 0.369921 0.369993 0.370000 0.370000 0.370000 0.370000 0.370000 0.370000 0.370000 0.370000 0.370000 0.370000 0.370000 0.370000 0.370000 0.370000 0.370000 0.370000 0.370000 0.370000 0.370000 0.370000 0.370000 0.370000 0.370000
-9999.0 -9999.0 0.255146 0.257434 0.255359 0.258011 0.260926 0.257830 0.261379 0.262183 0.257574 0.259525 0.260263 0.257181 0.258295 0.259596 0.260187 0.256797 0.253952 0.256797 0.263833 0.268212 0.268223 0.281384 0.286494 0.289627 0.289611 0.294697 0.303334 0.321957 0.342440 0.365238 0.369540 0.369905 0.369952 0.369982 0.369998 0.370000 0.370000 0.370000 0.370000 0.370000 0.370000 0.370000 0.370000 0.370000 0.370000 0.370000 0.370000 0.370000 0.370000 0.370000 0.370000 0.370000 0.370000 0.370000 0.370000 0.370000 0.370000 0.370000 0.370000 0.370000 0.370000
-9999.0 -9999.0 0.252372 0.256286 0.252968 0.258810 0.264039 0.257151 0.258001 0.263253 0.260753 0.260543 0.258488 0.257565 0.259056 0.263322 0.260255 0.259128 0.252515 0.263821 0.271396 0.284040 0.309677 0.326647 0.337641 0.337902 0.338287 0.344905 0.359120 0.369148 0.369936 0.369999 0.370000 0.370000 0.370000 0.370000 0.370000 0.370000 0.370000 0.370000 0.370000 0.370000 0.370000 0.370000 0.370000 0.370000 0.370000 0.370000 0.370000 0.370000 0.370000 0.370000 0.370000 0.370000 0.370000 0.370000 0.370000 0.370000 0.370000 0.370000 0.370000 0.370000 0.370000
-9999.0 0.251803 0.253629 0.253420 0.257120 0.254924 0.258673 0.264311 0.262415 0.263512 0.262072 0.255949 0.266462 0.274897 0.275969 0.283065 0.278652 0.276276 0.268882 0.277115 0.291177 0.330235 0.368632 0.369841 0.369951 0.369953 0.369938 0.369966 0.369995 0.370000 0.370000 0.370000 0.370000 0.370000 0.370000 0.370000 0.370000 0.370000 0.370000 0.370000 0.370000 0.370000 0.370000 0.370000 0.370000 0.370000 0.370000 0.370000 0.370000 0.370000 0.370000 0.370000 0.370000 0.370000 0.370000 0.370000 0.370000 0.370000 0.370000 0.370000 0.370000 0.370000 0.370000
-9999.0 0.245659 0.253468 0.257885 0.255399 0.250952 0.260610 0.275374 0.266371 0.262191 0.258516 0.263923 0.286077 0.306514 0.318001 0.330512 0.328120 0.322277 0.320943 0.332184 0.355906 0.369373 0.370000 0.370000 0.370000 0.370000 0.370000 0.370000 0.370000 0.370000 0.370000 0.370000 0.370000 0.370000 0.370000 0.370000 0.370000 0.370000 0.370000 0.370000 0.370000 0.370000 0.370000 0.370000 0.370000 0.370000 0.370000 0.370000 0.370000 0.370000 0.370000 0.370000 0.370000 0.370000 0.370000 0.370000 0.370000 0.370000 0.370000 0.370000 0.370000 0.370000 0.370000
-9999.0 0.252182 0.261271 0.258438 0.249973 0.259672 0.261780 0.269680 0.273739 0.266322 0.272185 0.300491 0.338100 0.368329 0.369798 0.369902 0.369921 0.369872 0.369910 0.369981 0.370000 0.370000 0.370000 0.370000 0.370000 0.370000 0.370000 0.370000 0.370000 0.370000 0.370000 0.370000 0.370000 0.370000 0.370000 0.370000 0.370000 0.370000 0.370000 0.370000 0.370000 0.370000 0.370000 0.370000 0.370000 0.370000 0.370000 0.370000 0.370000 0.370000 0.370000 0.370000 0.370000 0.370000 0.370000 0.370000 0.370000 0.370000 0.370000 0.370000 0.370000 0.370000 0.370000
-9999.0 0.241692 0.254500 0.242997 0.257336 0.268999 0.263779 0.277587 0.290770 0.286836 0.320267 0.362241 0.369927 0.370000 0.370000 0.370000 0.370000 0.370000 0.370000 0.370000 0.370000 0.370000 0.370000 0.370000 0.370000 0.370000 0.370000 0.370000 0.370000 0.370000 0.370000 0.370000 0.370000 0.370000 0.370000 0.370000 0.370000 0.370000 0.370000 0.370000 0.370000 0.370000 0.370000 0.370000 0.370000 0.370000 0.370000 0.370000 0.370000 0.370000 0.370000 0.370000 0.370000 0.370000 0.370000 0.370000 0.370000 0.370000 0.370000 0.370000 0.370000 0.370000 0.370000
-9999.0 0.234438 0.242992 0.249198 0.261711 0.269710 0.275922 0.289896 0.317551 0.333428 0.366056 0.369887 0.370000 0.370000 0.370000 0.370000 0.370000 0.370000 0.370000 0.370000 0.370000 0.370000 0.370000 0.370000 0.370000 0.370000 0.370000 0.370000 0.370000 0.370000 0.370000 0.370000 0.370000 0.370000 0.370000 0.370000 0.370000 0.370000 0.370000 0.370000 0.370000 0.370000 0.370000 0.370000 0.370000 0.370000 0.370000 0.370000 0.370000 0.370000 0.370000 0.370000 0.370000 0.370000 0.370000 0.370000 0.370000 0.370000 0.370000 0.369992 0.369937 0.369887 0.369807
-9999.0 0.218506 0.246434 0.249334 0.256546 0.257664 0.257529 0.268752 0.282893 0.334151 0.369631 0.369990 0.370000 0.370000 0.370000 0.370000 0.370000 0.370000 0.370000 0.370000 0.370000 0.370000 0.370000 0.370000 0.370000 0.370000 0.370000 0.370000 0.370000 0.370000 0.370000 0.370000 0.370000 0.370000 0.370000 0.370000 0.370000 0.370000 0.370000 0.370000 0.370000 0.370000 0.370000 0.370000 0.370000 0.370000 0.370000 0.370000 0.370000 0.370000 0.370000 0.370000 0.370000 0.370000 0.369996 0.369984 0.369932 0.369707 0.367483 0.350178 0.331779 0.322147 0.321504
-9999.0 -9999.0 0.233279 0.249817 0.251227 0.252902 0.253712 0.263500 0.270777 0.304103 0.332567 0.362024 0.369590 0.369949 0.369997 0.370000 0.370000 0.370000 0.370000 0.370000 0.370000 0.370000 0.370000 0.370000 0.370000 0.370000 0.370000 0.370000 0.370000 0.370000 0.370000 0.370000 0.370000 0.370000 0.370000 0.370000 0.370000 0.370000 0.370000 0.369997 0.369991 0.369981 0.369978 0.369979 0.369980 0.369978 0.369974 0.369960 0.369940 0.369908 0.369880 0.369801 0.369428 0.365579 0.357554 0.349646 0.338771 0.328229 0.316956 0.302283 0.291289 0.281670 0.276186
-9999.0 -9999.0 0.215947 0.241252 0.252308 0.259946 0.257569 0.257279 0.272946 0.276518 0.283258 0.297369 0.315311 0.329608 0.343446 0.363658 0.369339 0.369763 0.369832 0.369863 0.369914 0.369943 0.369955 0.369968 0.369980 0.369987 0.369992 0.369986 0.369977 0.369957 0.369917 0.369831 0.369718 0.369491 0.369622 0.369719 0.369474 0.367515 0.359783 0.350464 0.344202 0.338936 0.337463 0.337160 0.337290 0.336482 0.335306 0.331582 0.326875 0.323351 0.320178 0.316623 0.313476 0.307462 0.302386 0.300485 0.294990 0.289470 0.284740 0.279117 0.272557 0.270152 0.267654
-9999.0 -9999.0 -9999.0 0.218515 0.234215 0.246530 0.250937 0.243215 0.247026 0.254958 0.259659 0.267458 0.271461 0.275339 0.281224 0.293081 0.301800 0.303931 0.302353 0.314294 0.318394 0.327269 0.334409 0.337000 0.341621 0.346853 0.348347 0.344417 0.340520 0.334839 0.327037 0.318336 0.312098 0.311006 0.311663 0.314054 0.311393 0.307529 0.301377 0.296702 0.292866 0.290152 0.289705 0.288822 0.288568 0.287881 0.287437 0.285858 0.284002 0.281969 0.279910 0.279575 0.279041 0.278076 0.277080 0.276910 0.276682 0.272483 0.269973 0.267698 0.265374 0.263266 0.261110
-9999.0 -9999.0 -9999.0 -9999.0 -9999.0 0.208573 0.239661 0.245756 0.245460 0.242326 0.244607 0.255896 0.253242 0.254002 0.257788 0.259081 0.259120 0.261493 0.267269 0.271658 0.277644 0.281102 0.286498 0.291231 0.292732 0.296042 0.297203 0.294012 0.292184 0.289213 0.283613 0.277351 0.277345 0.278004 0.278457 0.278362 0.277312 0.276691 0.275952 0.273368 0.271101 0.271190 0.271179 0.270875 0.270416 0.270150 0.269978 0.270182 0.268515 0.266873 0.268166 0.267945 0.267889 0.268298 0.267760 0.267836 0.268959 0.264940 0.263094 0.265197 0.261653 0.259537 0.261200
-9999.0 -9999.0 -9999.0 -9999.0 -9999.0 -9999.0 0.205348 0.224324 0.240169 0.244298 0.250694 0.255532 0.247928 0.250176 0.252404 0.254689 0.258597 0.257817 0.258711 0.260378 0.262962 0.263590 0.266438 0.270855 0.269770 0.270418 0.273208 0.270035 0.268880 0.268760 0.263009 0.264554 0.263892 0.264716 0.265043 0.265879 0.265276 0.264771 0.264713 0.262178 0.262448 0.261996 0.261947 0.261851 0.261735 0.261770 0.261975 0.262267 0.260619 0.261823 0.262326 0.261902 0.261786 0.262306 0.262131 0.261612 0.262291 0.260618 0.260858 0.261409 0.258189 0.258816 0.259101
