examples/3D/Borden05m/output_maps-SE27XX/thetaliqL0003N0001.asc
ncols         160
nrows         34
xllcorner     620200.000000
yllcorner     5168000.000000
cellsize      0.500000
NODATA_value  -9999.0
[rows 0 to 27 of 34, columns 0 to 62 of 160]
-9999.0 -9999.0 -9999.0 -9999.0 -9999.0 -9999.0 -9999.0 -9999.0 -9999.0 -9999.0 -9999.0 -9999.0 -9999.0 -9999.0 -9999.0 -9999.0 -9999.0 -9999.0 -9999.0 -9999.0 -9999.0 -9999.0 -9999.0 -9999.0 -9999.0 -9999.0 -9999.0 -9999.0 -9999.0 -9999.0 -9999.0 -9999.0 -9999.0 -9999.0 -9999.0 -9999.0 -9999.0 -9999.0 -9999.0 -9999.0 -9999.0 -9999.0 -9999.0 -9999.0 -9999.0 -9999.0 -9999.0 -9999.0 -9999.0 -9999.0 -9999.0 -9999.0 -9999.0 -9999.0 -9999.0 -9999.0 -9999.0 -9999.0 -9999.0 -9999.0 -9999.0 -9999.0 -9999.0
-9999.0 -9999.0 -9999.0 -9999.0 -9999.0 -9999.0 -9999.0 -9999.0 -9999.0 -9999.0 -9999.0 -9999.0 -9999.0 -9999.0 -9999.0 -9999.0 -9999.0 -9999.0 -9999.0 -9999.0 -9999.0 -9999.0 -9999.0 -9999.0 -9999.0 -9999.0 -9999.0 -9999.0 -9999.0 -9999.0 -9999.0 -9999.0 -9999.0 -9999.0 -9999.0 -9999.0 -9999.0 -9999.0 -9999.0 -9999.0 -9999.0 -9999.0 -9999.0 -9999.0 -9999.0 -9999.0 -9999.0 -9999.0 -9999.0 -9999.0 -9999.0 -9999.0 -9999.0 -9999.0 -9999.0 -9999.0 -9999.0 -9999.0 -9999.0 0.204957 0.203105 0.201865 0.201223
-9999.0 -9999.0 -9999.0 -9999.0 -9999.0 -9999.0 -9999.0 -9999.0 -9999.0 -9999.0 -9999.0 -9999.0 -9999.0 -9999.0 -9999.0 -9999.0 -9999.0 -9999.0 -9999.0 -9999.0 -9999.0 -9999.0 -9999.0 -9999.0 -9999.0 -9999.0 -9999.0 -9999.0 -9999.0 -9999.0 -9999.0 -9999.0 -9999.0 -9999.0 -9999.0 -9999.0 -9999.0 -9999.0 -9999.0 -9999.0 -9999.0 -9999.0 -9999.0 -9999.0 -9999.0 -9999.0 -9999.0 0.191272 0.185660 0.178989 0.177111 0.184548 0.187814 0.190830 0.192774 0.194539 0.197345 0.202684 0.202253 0.194305 0.193645 0.193551 0.193977
-9999.0 -9999.0 -9999.0 -9999.0 -9999.0 -9999.0 -9999.0 -9999.0 -9999.0 -9999.0 -9999.0 -9999.0 -9999.0 -9999.0 -9999.0 -9999.0 -9999.0 -9999.0 -9999.0 -9999.0 -9999.0 -9999.0 -9999.0 -9999.0 -9999.0 -9999.0 -9999.0 -9999.0 -9999.0 -9999.0 -9999.0 -9999.0 -9999.0 -9999.0 -9999.0 -9999.0 -9999.0 -9999.0 -9999.0 -9999.0 0.190336 0.192939 0.195106 0.191378 0.189871 0.190261 0.186366 0.181848 0.177263 0.178719 0.178797 0.175434 0.180430 0.184485 0.185788 0.186810 0.190249 0.196408 0.195945 0.190056 0.186576 0.185502 0.186291
-9999.0 -9999.0 -9999.0 -9999.0 -9999.0 -9999.0 -9999.0 -9999.0 -9999.0 -9999.0 -9999.0 -9999.0 -9999.0 -9999.0 -9999.0 -9999.0 -9999.0 -9999.0 -9999.0 -9999.0 -9999.0 -9999.0 -9999.0 -9999.0 -9999.0 -9999.0 -9999.0 -9999.0 -9999.0 -9999.0 -9999.0 -9999.0 -9999.0 -9999.0 0.178979 0.183755 0.185814 0.187760 0.190782 0.189639 0.188648 0.190919 0.188861 0.188823 0.186332 0.181642 0.177026 0.174503 0.177386 0.176482 0.176454 0.178796 0.180210 0.180633 0.183903 0.189290 0.186332 0.187493 0.186648 0.184250 0.186700 0.188660 0.189897
-9999.0 -9999.0 -9999.0 -9999.0 -9999.0 -9999.0 -9999.0 -9999.0 -9999.0 -9999.0 -9999.0 -9999.0 -9999.0 -9999.0 -9999.0 -9999.0 -9999.0 -9999.0 -9999.0 -9999.0 -9999.0 -9999.0 -9999.0 -9999.0 -9999.0 -9999.0 -9999.0 -9999.0 0.186315 0.184412 0.182971 0.183086 0.182415 0.179783 0.179054 0.179445 0.181918 0.186009 0.186605 0.186001 0.186264 0.185230 0.182392 0.182140 0.185338 0.182498 0.181213 0.179389 0.174658 0.173479 0.176141 0.178681 0.180834 0.181238 0.181384 0.181056 0.181283 0.188038 0.189620 0.185845 0.183884 0.183054 0.183665
-9999.0 -9999.0 -9999.0 -9999.0 -9999.0 -9999.0 -9999.0 -9999.0 -9999.0 -9999.0 -9999.0 -9999.0 -9999.0 -9999.0 -9999.0 -9999.0 -9999.0 -9999.0 -9999.0 -9999.0 -9999.0 -9999.0 -9999.0 0.183086 0.184841 0.185480 0.187027 0.186215 0.182466 0.180110 0.179109 0.178278 0.176298 0.176053 0.175946 0.177122 0.177942 0.182209 0.179895 0.178373 0.182048 0.181123 0.183654 0.186523 0.185865 0.186509 0.181226 0.177319 0.181405 0.183015 0.182735 0.181698 0.182893 0.184475 0.186442 0.189989 0.194531 0.198229 0.204598 0.200139 0.197153 0.191709 0.192340
-9999.0 -9999.0 -9999.0 -9999.0 -9999.0 -9999.0 -9999.0 -9999.0 -9999.0 -9999.0 -9999.0 -9999.0 -9999.0 -9999.0 -9999.0 -9999.0 -9999.0 -9999.0 -9999.0 0.183307 0.182757 0.181666 0.182088 0.178507 0.176994 0.177975 0.179856 0.178725 0.176685 0.174959 0.175168 0.175398 0.174950 0.177554 0.179646 0.180260 0.179523 0.182817 0.183681 0.185484 0.190563 0.187102 0.183774 0.182042 0.181896 0.180856 0.183831 0.184689 0.184875 0.184330 0.184197 0.184808 0.185043 0.188877 0.192255 0.194821 0.197051 0.200409 0.207398 0.204087 0.198495 0.192427 0.192457
-9999.0 -9999.0 -9999.0 -9999.0 -9999.0 -9999.0 -9999.0 -9999.0 -9999.0 -9999.0 -9999.0 -9999.0 -9999.0 -9999.0 -9999.0 -9999.0 0.182897 0.182597 0.181249 0.179057 0.177179 0.177137 0.178584 0.175950 0.175066 0.175628 0.174446 0.175726 0.177107 0.178766 0.179499 0.177576 0.177855 0.177499 0.177167 0.177873 0.181565 0.184951 0.185461 0.187841 0.192370 0.189550 0.188411 0.188550 0.186729 0.187921 0.194719 0.193241 0.189687 0.196568 0.200003 0.198121 0.196981 0.201136 0.207299 0.214620 0.226626 0.233331 0.241754 0.244636 0.235158 0.233559 0.236417
-9999.0 -9999.0 -9999.0 -9999.0 -9999.0 -9999.0 -9999.0 -9999.0 -9999.0 -9999.0 -9999.0 -9999.0 -9999.0 0.182276 0.181997 0.182385 0.178982 0.176353 0.174772 0.172570 0.175373 0.173339 0.172683 0.173139 0.175640 0.175656 0.175892 0.177432 0.176823 0.175990 0.175173 0.173501 0.175474 0.177436 0.178714 0.181569 0.183649 0.185102 0.188176 0.188446 0.190416 0.189246 0.186423 0.185766 0.187726 0.193726 0.197976 0.198746 0.206557 0.214295 0.217010 0.221328 0.222808 0.224927 0.230844 0.247847 0.265562 0.281779 0.294319 0.307380 0.308828 0.311219 0.312754
-9999.0 -9999.0 -9999.0 -9999.0 -9999.0 -9999.0 -9999.0 -9999.0 -9999.0 -9999.0 0.177009 0.178772 0.176169 0.171368 0.169332 0.170406 0.171548 0.169758 0.169812 0.174756 0.177492 0.172759 0.175931 0.175941 0.173898 0.174338 0.175573 0.175674 0.178638 0.178616 0.178457 0.183347 0.184439 0.185616 0.187297 0.189065 0.190336 0.197432 0.203324 0.202194 0.210640 0.215720 0.210605 0.208606 0.209325 0.214510 0.222860 0.234371 0.242756 0.255460 0.266524 0.274218 0.281095 0.289963 0.299285 0.317470 0.342350 0.365587 0.369795 0.369952 0.369968 0.369971 0.369973
-9999.0 -9999.0 -9999.0 -9999.0 -9999.0 -9999.0 -9999.0 -9999.0 0.170063 0.172798 0.174518 0.172346 0.169474 0.164330 0.166281 0.168171 0.169450 0.171397 0.172295 0.173025 0.171740 0.173354 0.176452 0.175489 0.175747 0.177737 0.177654 0.179337 0.182020 0.180297 0.181486 0.183761 0.185698 0.187395 0.189473 0.190340 0.197289 0.206452 0.215822 0.223011 0.233467 0.246130 0.243514 0.244242 0.243905 0.257815 0.274626 0.295893 0.317432 0.337936 0.358487 0.368305 0.369779 0.369926 0.369967 0.369983 0.369997 0.370000 0.370000 0.370000 0.370000 0.370000 0.370000
-9999.0 -9999.0 -9999.0 -9999.0 -9999.0 -9999.0 0.166013 0.171989 0.174938 0.168124 0.162997 0.161323 0.158375 0.164949 0.170832 0.171931 0.172775 0.173793 0.173134 0.169071 0.178077 0.175442 0.173449 0.176046 0.175692 0.175789 0.177366 0.181113 0.182424 0.189908 0.194918 0.199024 0.205007 0.208242 0.211489 0.214924 0.225827 0.240471 0.256373 0.270993 0.288218 0.308695 0.316425 0.320672 0.326407 0.337671 0.360108 0.369640 0.369967 0.369997 0.370000 0.370000 0.370000 0.370000 0.370000 0.370000 0.370000 0.370000 0.370000 0.370000 0.370000 0.370000 0.370000
-9999.0 -9999.0 -9999.0 -9999.0 0.169237 0.170574 0.169445 0.174721 0.178430 0.170087 0.173048 0.171573 0.168861 0.165624 0.161830 0.164547 0.166130 0.167191 0.166576 0.175195 0.182744 0.177384 0.180908 0.188165 0.186094 0.186658 0.186721 0.189620 0.194992 0.201558 0.217508 0.230865 0.238197 0.246456 0.253774 0.263619 0.279728 0.303912 0.328986 0.355265 0.369496 0.369928 0.369973 0.369983 0.369991 0.369997 0.370000 0.370000 0.370000 0.370000 0.370000 0.370000 0.370000 0.370000 0.370000 0.370000 0.370000 0.370000 0.370000 0.370000 0.370000 0.370000 0.370000
-9999.0 -9999.0 -9999.0 0.165529 0.171442 0.173648 0.170737 0.171779 0.176332 0.171774 0.170939 0.170119 0.169607 0.169659 0.169244 0.170833 0.171124 0.169889 0.171014 0.176038 0.177964 0.181728 0.184373 0.188630 0.192295 0.193340 0.195140 0.200256 0.214057 0.227184 0.249387 0.278386 0.303258 0.319298 0.330423 0.346016 0.363333 0.369714 0.369976 0.369999 0.370000 0.370000 0.370000 0.370000 0.370000 0.370000 0.370000 0.370000 0.370000 0.370000 0.370000 0.370000 0.370000 0.370000 0.370000 0.370000 0.370000 0.370000 0.370000 0.370000 0.370000 0.370000 0.370000
-9999.0 -9999.0 0.166508 0.169900 0.167547 0.171733 0.176497 0.173048 0.178727 0.180489 0.174578 0.177765 0.179334 0.175569 0.177685 0.180093 0.181399 0.177037 0.173854 0.179442 0.192125 0.201682 0.204468 0.228298 0.239199 0.246122 0.247635 0.257288 0.271581 0.301174 0.334616 0.366486 0.369798 0.369970 0.369987 0.369997 0.370000 0.370000 0.370000 0.370000 0.370000 0.370000 0.370000 0.370000 0.370000 0.370000 0.370000 0.370000 0.370000 0.370000 0.370000 0.370000 0.370000 0.370000 0.370000 0.370000 0.370000 0.370000 0.370000 0.370000 0.370000 0.370000 0.370000
-9999.0 -9999.0 0.162650 0.168187 0.164283 0.172910 0.181318 0.172996 0.175336 0.183833 0.181266 0.182020 0.180267 0.180060 0.183335 0.190504 0.186582 0.185243 0.176574 0.195408 0.210600 0.233841 0.276107 0.308158 0.328126 0.329442 0.330429 0.340550 0.359947 0.369591 0.369982 0.370000 0.370000 0.370000 0.370000 0.370000 0.370000 0.370000 0.370000 0.370000 0.370000 0.370000 0.370000 0.370000 0.370000 0.370000 0.370000 0.370000 0.370000 0.370000 0.370000 0.370000 0.370000 0.370000 0.370000 0.370000 0.370000 0.370000 0.370000 0.370000 0.370000 0.370000 0.370000
-9999.0 0.161262 0.163995 0.164158 0.169766 0.167843 0.174451 0.184264 0.183585 0.186968 0.186590 0.179753 0.197625 0.212887 0.216734 0.229585 0.223204 0.219546 0.208764 0.224154 0.248320 0.311650 0.369216 0.369941 0.369987 0.369988 0.369983 0.369992 0.369999 0.370000 0.370000 0.370000 0.370000 0.370000 0.370000 0.370000 0.370000 0.370000 0.370000 0.370000 0.370000 0.370000 0.370000 0.370000 0.370000 0.370000 0.370000 0.370000 0.370000 0.370000 0.370000 0.370000 0.370000 0.370000 0.370000 0.370000 0.370000 0.370000 0.370000 0.370000 0.370000 0.370000 0.370000
-9999.0 0.153200 0.163564 0.169952 0.167422 0.162714 0.177818 0.202423 0.192589 0.189221 0.186587 0.197789 0.235935 0.269105 0.290947 0.314120 0.310956 0.301548 0.299997 0.319192 0.355655 0.369705 0.370000 0.370000 0.370000 0.370000 0.370000 0.370000 0.370000 0.370000 0.370000 0.370000 0.370000 0.370000 0.370000 0.370000 0.370000 0.370000 0.370000 0.370000 0.370000 0.370000 0.370000 0.370000 0.370000 0.370000 0.370000 0.370000 0.370000 0.370000 0.370000 0.370000 0.370000 0.370000 0.370000 0.370000 0.370000 0.370000 0.370000 0.370000 0.370000 0.370000 0.370000
-9999.0 0.161320 0.173797 0.170459 0.160069 0.174596 0.180520 0.196697 0.208370 0.201888 0.214722 0.261765 0.323992 0.368976 0.369917 0.369967 0.369975 0.369955 0.369971 0.369996 0.370000 0.370000 0.370000 0.370000 0.370000 0.370000 0.370000 0.370000 0.370000 0.370000 0.370000 0.370000 0.370000 0.370000 0.370000 0.370000 0.370000 0.370000 0.370000 0.370000 0.370000 0.370000 0.370000 0.370000 0.370000 0.370000 0.370000 0.370000 0.370000 0.370000 0.370000 0.370000 0.370000 0.370000 0.370000 0.370000 0.370000 0.370000 0.370000 0.370000 0.370000 0.370000 0.370000
-9999.0 0.147527 0.164230 0.149913 0.169298 0.187672 0.184133 0.211165 0.241541 0.242606 0.296791 0.362822 0.369976 0.370000 0.370000 0.370000 0.370000 0.370000 0.370000 0.370000 0.370000 0.370000 0.370000 0.370000 0.370000 0.370000 0.370000 0.370000 0.370000 0.370000 0.370000 0.370000 0.370000 0.370000 0.370000 0.370000 0.370000 0.370000 0.370000 0.370000 0.370000 0.370000 0.370000 0.370000 0.370000 0.370000 0.370000 0.370000 0.370000 0.370000 0.370000 0.370000 0.370000 0.370000 0.370000 0.370000 0.370000 0.370000 0.370000 0.370000 0.370000 0.370000 0.370000
-9999.0 0.138488 0.149074 0.157273 0.174761 0.188010 0.200808 0.230172 0.287867 0.321066 0.367255 0.369963 0.370000 0.370000 0.370000 0.370000 0.370000 0.370000 0.370000 0.370000 0.370000 0.370000 0.370000 0.370000 0.370000 0.370000 0.370000 0.370000 0.370000 0.370000 0.370000 0.370000 0.370000 0.370000 0.370000 0.370000 0.370000 0.370000 0.370000 0.370000 0.370000 0.370000 0.370000 0.370000 0.370000 0.370000 0.370000 0.370000 0.370000 0.370000 0.370000 0.370000 0.370000 0.370000 0.370000 0.370000 0.370000 0.370000 0.370000 0.369999 0.369982 0.369961 0.369925
-9999.0 0.120627 0.153077 0.157163 0.167285 0.170279 0.172774 0.194233 0.225782 0.319542 0.369812 0.369998 0.370000 0.370000 0.370000 0.370000 0.370000 0.370000 0.370000 0.370000 0.370000 0.370000 0.370000 0.370000 0.370000 0.370000 0.370000 0.370000 0.370000 0.370000 0.370000 0.370000 0.370000 0.370000 0.370000 0.370000 0.370000 0.370000 0.370000 0.370000 0.370000 0.370000 0.370000 0.370000 0.370000 0.370000 0.370000 0.370000 0.370000 0.370000 0.370000 0.370000 0.370000 0.370000 0.370000 0.369997 0.369980 0.369884 0.368397 0.345950 0.316233 0.298185 0.295761
-9999.0 -9999.0 0.136873 0.157484 0.159850 0.163007 0.165720 0.182422 0.199513 0.261989 0.314185 0.361849 0.369799 0.369984 0.370000 0.370000 0.370000 0.370000 0.370000 0.370000 0.370000 0.370000 0.370000 0.370000 0.370000 0.370000 0.370000 0.370000 0.370000 0.370000 0.370000 0.370000 0.370000 0.370000 0.370000 0.370000 0.370000 0.370000 0.370000 0.370000 0.369999 0.369996 0.369995 0.369996 0.369996 0.369995 0.369994 0.369989 0.369982 0.369969 0.369957 0.369922 0.369732 0.366545 0.357595 0.346916 0.329482 0.311524 0.293850 0.271562 0.251527 0.232919 0.221409
-9999.0 -9999.0 0.117897 0.146360 0.160747 0.171542 0.169340 0.170410 0.195671 0.206269 0.222164 0.248099 0.280092 0.308320 0.333389 0.363913 0.369643 0.369891 0.369928 0.369945 0.369970 0.369982 0.369988 0.369992 0.369996 0.369998 0.369999 0.369997 0.369995 0.369988 0.369973 0.369935 0.369879 0.369747 0.369827 0.369880 0.369751 0.368350 0.360264 0.348030 0.338573 0.329861 0.327219 0.326565 0.326637 0.325055 0.322660 0.315621 0.306523 0.299331 0.293229 0.287398 0.283932 0.277686 0.271378 0.268591 0.258900 0.248282 0.238704 0.227116 0.213678 0.207052 0.200800
-9999.0 -9999.0 -9999.0 0.120627 0.138090 0.153169 0.159354 0.150223 0.155936 0.168108 0.177041 0.191075 0.199566 0.208428 0.220458 0.239753 0.252122 0.255586 0.253545 0.276956 0.287322 0.305454 0.319748 0.325552 0.333940 0.342685 0.345134 0.338860 0.332137 0.321740 0.306821 0.289976 0.278892 0.278295 0.279128 0.282905 0.279061 0.275039 0.267256 0.260098 0.253359 0.248388 0.247181 0.245389 0.244648 0.243217 0.242097 0.239024 0.235366 0.231542 0.227998 0.227408 0.226644 0.225151 0.223216 0.222215 0.220593 0.212180 0.206287 0.200753 0.195090 0.190040 0.185300
-9999.0 -9999.0 -9999.0 -9999.0 -9999.0 0.110797 0.144387 0.152437 0.152541 0.149253 0.153021 0.168997 0.166598 0.168920 0.175603 0.178809 0.180099 0.184951 0.195373 0.204378 0.216434 0.224742 0.236167 0.246271 0.250272 0.256528 0.258810 0.253358 0.249609 0.243609 0.233033 0.222016 0.221656 0.222791 0.223380 0.222952 0.221047 0.219888 0.218341 0.213582 0.209348 0.208905 0.208478 0.207672 0.206657 0.205961 0.205411 0.205371 0.202409 0.199630 0.201404 0.200930 0.200680 0.201045 0.199822 0.199354 0.200181 0.193034 0.189131 0.190977 0.184544 0.180388 0.181735
-9999.0 -9999.0 -9999.0 -9999.0 -9999.0 -9999.0 0.107711 0.126720 0.145133 0.150633 0.159279 0.166144 0.156728 0.160137 0.163745 0.167702 0.174092 0.174219 0.176713 0.180505 0.185890 0.188639 0.194710 0.203175 0.202906 0.204762 0.209475 0.204473 0.202158 0.201237 0.191931 0.193660 0.192379 0.193487 0.193880 0.194953 0.193793 0.192754 0.192334 0.188269 0.188295 0.187329 0.187008 0.186641 0.186247 0.186094 0.186217 0.186467 0.183957 0.185610 0.186296 0.185636 0.185364 0.185928 0.185378 0.184259 0.184750 0.181771 0.181478 0.181621 0.176428 0.176628 0.176395
