examples/3D/Borden05m/output_maps-METEOIO_OFF/psiliqL0006N0001.asc
ncols         160
nrows         34
xllcorner     620200.000000
yllcorner     5168000.000000
cellsize      0.500000
NODATA_value  -9999.0
[rows 0 to 27 of 34, columns 0 to 63 of 160]
-9999.000 -9999.000 -9999.000 -9999.000 -9999.000 -9999.000 -9999.000 -9999.000 -9999.000 -9999.000 -9999.000 -9999.000 -9999.000 -9999.000 -9999.000 -9999.000 -9999.000 -9999.000 -9999.000 -9999.000 -9999.000 -9999.000 -9999.000 -9999.000 -9999.000 -9999.000 -9999.000 -9999.000 -9999.000 -9999.000 -9999.000 -9999.000 -9999.000 -9999.000 -9999.000 -9999.000 -9999.000 -9999.000 -9999.000 -9999.000 -9999.000 -9999.000 -9999.000 -9999.000 -9999.000 -9999.000 -9999.000 -9999.000 -9999.000 -9999.000 -9999.000 -9999.000 -9999.000 -9999.000 -9999.000 -9999.000 -9999.000 -9999.000 -9999.000 -9999.000 -9999.000 -9999.000 -9999.000 -9999.000
-9999.000 -9999.000 -9999.000 -9999.000 -9999.000 -9999.000 -9999.000 -9999.000 -9999.000 -9999.000 -9999.000 -9999.000 -9999.000 -9999.000 -9999.000 -9999.000 -9999.000 -9999.000 -9999.000 -9999.000 -9999.000 -9999.000 -9999.000 -9999.000 -9999.000 -9999.000 -9999.000 -9999.000 -9999.000 -9999.000 -9999.000 -9999.000 -9999.000 -9999.000 -9999.000 -9999.000 -9999.000 -9999.000 -9999.000 -9999.000 -9999.000 -9999.000 -9999.000 -9999.000 -9999.000 -9999.000 -9999.000 -9999.000 -9999.000 -9999.000 -9999.000 -9999.000 -9999.000 -9999.000 -9999.000 -9999.000 -9999.000 -9999.000 -9999.000 -571.112 -576.762 -582.372 -587.676 -597.068
-9999.000 -9999.000 -9999.000 -9999.000 -9999.000 -9999.000 -9999.000 -9999.000 -9999.000 -9999.000 -9999.000 -9999.000 -9999.000 -9999.000 -9999.000 -9999.000 -9999.000 -9999.000 -9999.000 -9999.000 -9999.000 -9999.000 -9999.000 -9999.000 -9999.000 -9999.000 -9999.000 -9999.000 -9999.000 -9999.000 -9999.000 -9999.000 -9999.000 -9999.000 -9999.000 -9999.000 -9999.000 -9999.000 -9999.000 -9999.000 -9999.000 -9999.000 -9999.000 -9999.000 -9999.000 -9999.000 -9999.000 -696.911 -714.485 -731.783 -733.301 -710.649 -687.840 -664.850 -645.027 -626.938 -608.447 -589.425 -586.265 -596.952 -601.818 -605.342 -607.840 -613.355
-9999.000 -9999.000 -9999.000 -9999.000 -9999.000 -9999.000 -9999.000 -9999.000 -9999.000 -9999.000 -9999.000 -9999.000 -9999.000 -9999.000 -9999.000 -9999.000 -9999.000 -9999.000 -9999.000 -9999.000 -9999.000 -9999.000 -9999.000 -9999.000 -9999.000 -9999.000 -9999.000 -9999.000 -9999.000 -9999.000 -9999.000 -9999.000 -9999.000 -9999.000 -9999.000 -9999.000 -9999.000 -9999.000 -9999.000 -9999.000 -649.802 -644.118 -642.447 -653.635 -665.120 -676.788 -696.601 -714.535 -730.570 -733.813 -731.555 -725.821 -702.981 -679.577 -660.886 -643.943 -625.464 -606.107 -603.490 -614.643 -623.420 -627.745 -628.051 -626.384
-9999.000 -9999.000 -9999.000 -9999.000 -9999.000 -9999.000 -9999.000 -9999.000 -9999.000 -9999.000 -9999.000 -9999.000 -9999.000 -9999.000 -9999.000 -9999.000 -9999.000 -9999.000 -9999.000 -9999.000 -9999.000 -9999.000 -9999.000 -9999.000 -9999.000 -9999.000 -9999.000 -9999.000 -9999.000 -9999.000 -9999.000 -9999.000 -9999.000 -9999.000 -740.037 -722.637 -704.951 -687.207 -671.179 -665.033 -659.365 -653.739 -657.934 -663.102 -674.622 -693.019 -712.948 -727.618 -730.790 -733.801 -729.738 -716.921 -700.932 -685.030 -664.847 -642.762 -634.338 -622.735 -620.106 -625.563 -625.151 -624.124 -622.983 -624.972
-9999.000 -9999.000 -9999.000 -9999.000 -9999.000 -9999.000 -9999.000 -9999.000 -9999.000 -9999.000 -9999.000 -9999.000 -9999.000 -9999.000 -9999.000 -9999.000 -9999.000 -9999.000 -9999.000 -9999.000 -9999.000 -9999.000 -9999.000 -9999.000 -9999.000 -9999.000 -9999.000 -9999.000 -734.463 -740.571 -746.099 -747.965 -749.638 -751.271 -744.588 -732.443 -714.426 -693.627 -681.498 -674.891 -668.883 -668.424 -673.472 -676.158 -676.451 -688.330 -700.188 -711.340 -722.112 -723.519 -714.474 -701.452 -686.356 -672.522 -658.234 -645.058 -631.240 -610.591 -602.555 -609.191 -615.646 -619.885 -619.778 -619.782
-9999.000 -9999.000 -9999.000 -9999.000 -9999.000 -9999.000 -9999.000 -9999.000 -9999.000 -9999.000 -9999.000 -9999.000 -9999.000 -9999.000 -9999.000 -9999.000 -9999.000 -9999.000 -9999.000 -9999.000 -9999.000 -9999.000 -9999.000 -762.604 -756.551 -750.389 -743.466 -742.957 -747.702 -753.774 -757.445 -759.489 -761.416 -757.549 -749.414 -736.134 -720.729 -699.926 -691.947 -685.584 -673.598 -672.190 -668.490 -665.095 -667.512 -670.524 -682.542 -691.489 -685.850 -680.089 -674.625 -668.252 -656.408 -641.668 -624.813 -605.118 -584.500 -566.259 -550.299 -556.942 -566.311 -578.338 -578.508 -575.121
-9999.000 -9999.000 -9999.000 -9999.000 -9999.000 -9999.000 -9999.000 -9999.000 -9999.000 -9999.000 -9999.000 -9999.000 -9999.000 -9999.000 -9999.000 -9999.000 -9999.000 -9999.000 -9999.000 -786.729 -786.158 -785.548 -781.358 -780.567 -778.576 -771.911 -764.176 -762.659 -764.564 -766.801 -765.736 -763.599 -760.051 -748.989 -735.703 -722.211 -708.605 -688.558 -674.579 -661.211 -645.757 -648.183 -653.535 -656.577 -656.893 -656.792 -650.505 -647.006 -642.322 -636.789 -630.419 -622.801 -613.560 -596.317 -577.274 -558.224 -540.048 -522.633 -505.139 -509.134 -521.373 -534.092 -534.339 -526.285
-9999.000 -9999.000 -9999.000 -9999.000 -9999.000 -9999.000 -9999.000 -9999.000 -9999.000 -9999.000 -9999.000 -9999.000 -9999.000 -9999.000 -9999.000 -9999.000 -814.312 -812.682 -810.954 -805.974 -804.045 -800.504 -794.102 -793.551 -790.072 -783.457 -778.884 -771.034 -763.858 -757.065 -751.730 -749.636 -742.388 -733.350 -722.124 -707.025 -685.789 -664.287 -649.007 -633.468 -617.861 -618.617 -620.721 -620.518 -620.415 -612.659 -595.145 -589.788 -586.590 -568.013 -554.844 -550.592 -544.877 -528.839 -506.910 -481.369 -450.212 -428.637 -408.879 -403.340 -418.330 -423.128 -418.332 -407.059
-9999.000 -9999.000 -9999.000 -9999.000 -9999.000 -9999.000 -9999.000 -9999.000 -9999.000 -9999.000 -9999.000 -9999.000 -9999.000 -857.204 -853.249 -844.590 -837.302 -835.594 -832.283 -827.225 -815.571 -812.587 -806.862 -799.711 -789.091 -781.215 -772.540 -761.412 -753.547 -747.007 -740.514 -734.140 -720.907 -706.172 -690.956 -671.621 -651.360 -631.349 -611.361 -597.973 -584.916 -581.925 -585.125 -584.769 -577.418 -559.933 -542.109 -529.918 -508.549 -486.139 -472.816 -460.538 -452.613 -441.886 -422.809 -385.806 -345.356 -307.735 -277.288 -249.189 -246.629 -242.136 -237.531 -228.502
-9999.000 -9999.000 -9999.000 -9999.000 -9999.000 -9999.000 -9999.000 -9999.000 -9999.000 -9999.000 -892.941 -890.361 -894.024 -893.021 -888.940 -877.609 -865.150 -858.538 -848.026 -828.269 -812.046 -809.125 -794.754 -785.544 -779.699 -769.576 -757.125 -744.740 -727.968 -716.028 -703.778 -683.512 -668.114 -652.997 -636.735 -618.724 -598.864 -569.838 -544.124 -531.172 -507.904 -493.972 -498.647 -499.918 -493.862 -476.943 -453.284 -425.786 -401.983 -372.794 -347.768 -328.894 -312.358 -291.881 -266.353 -216.212 -136.172 -16.578 90.613 127.496 134.152 135.319 136.467 140.003
-9999.000 -9999.000 -9999.000 -9999.000 -9999.000 -9999.000 -9999.000 -9999.000 -916.414 -910.006 -903.824 -907.103 -912.187 -915.384 -903.105 -887.790 -872.438 -856.299 -841.004 -824.001 -808.919 -792.848 -774.546 -763.424 -752.241 -737.947 -725.102 -707.765 -687.478 -673.142 -654.508 -633.979 -615.756 -599.475 -583.059 -566.686 -539.303 -506.824 -475.964 -451.664 -424.538 -398.835 -398.595 -395.630 -391.126 -362.651 -325.192 -276.357 -222.651 -160.922 -76.506 47.579 96.412 118.374 131.728 142.998 164.076 196.510 228.344 243.407 248.087 246.980 247.118 249.704
-9999.000 -9999.000 -9999.000 -9999.000 -9999.000 -9999.000 -941.201 -917.436 -903.103 -911.060 -918.591 -921.961 -925.402 -908.402 -887.858 -871.787 -855.863 -839.383 -823.950 -809.227 -774.327 -759.503 -745.241 -725.747 -713.006 -700.267 -684.068 -661.609 -639.421 -607.328 -577.924 -552.103 -527.524 -509.657 -493.099 -475.286 -444.711 -407.557 -369.056 -333.068 -291.804 -244.429 -224.601 -212.580 -195.145 -155.382 -64.540 71.737 133.289 163.072 188.408 213.232 227.539 235.916 242.327 247.434 252.449 265.269 278.028 289.475 296.672 297.460 299.966 300.572
-9999.000 -9999.000 -9999.000 -9999.000 -974.178 -953.484 -932.958 -902.396 -880.142 -886.016 -878.726 -878.255 -879.570 -878.053 -873.374 -856.219 -839.631 -823.018 -804.725 -766.698 -727.204 -711.310 -684.874 -654.109 -641.452 -628.221 -614.607 -593.239 -564.712 -531.180 -485.132 -445.977 -420.109 -397.049 -376.293 -351.001 -312.063 -252.950 -181.205 -81.286 65.691 122.034 138.294 143.696 151.550 163.991 186.218 219.456 241.136 257.637 270.236 278.860 282.611 286.864 290.780 295.727 300.026 305.253 312.810 324.014 332.207 338.595 344.528 347.659
-9999.000 -9999.000 -9999.000 -1019.635 -981.546 -945.491 -918.094 -887.503 -856.603 -849.838 -842.229 -835.476 -828.469 -819.848 -809.739 -794.512 -782.149 -771.680 -752.212 -716.817 -681.726 -647.861 -617.330 -587.553 -565.736 -551.872 -537.539 -515.190 -477.364 -438.017 -385.059 -322.052 -264.093 -220.313 -183.056 -126.227 -35.939 85.263 141.986 177.223 215.627 235.916 246.970 249.015 251.608 254.486 263.266 274.245 282.772 294.710 307.220 317.352 322.486 325.325 333.840 344.266 352.293 361.141 366.737 365.986 365.593 365.205 365.948 367.551
-9999.000 -9999.000 -1065.427 -1029.140 -993.479 -941.370 -889.445 -856.857 -816.572 -791.240 -784.333 -765.484 -748.676 -740.380 -723.572 -706.863 -696.118 -694.935 -685.111 -649.391 -596.716 -549.209 -516.014 -460.470 -428.435 -408.065 -396.834 -372.142 -335.393 -268.074 -171.733 2.258 96.645 137.124 150.278 165.985 191.526 218.545 241.318 257.321 272.845 284.480 294.469 297.027 297.167 303.567 313.552 324.016 335.505 349.168 360.657 360.835 360.244 359.708 359.653 359.423 359.592 359.226 356.647 351.108 345.464 344.732 348.419 354.702
-9999.000 -9999.000 -1089.460 -1046.099 -1002.210 -930.520 -857.175 -819.734 -777.124 -734.108 -715.592 -693.211 -672.858 -653.246 -630.844 -607.745 -606.574 -605.843 -608.137 -556.938 -501.329 -436.330 -351.844 -272.539 -215.080 -201.075 -189.768 -151.781 -67.741 70.730 144.451 198.094 233.027 250.660 257.199 264.754 275.756 285.998 293.170 310.604 318.929 328.934 345.149 360.062 364.845 364.172 360.367 360.209 359.709 359.306 358.674 354.956 354.039 354.367 355.195 350.895 345.282 340.145 336.591 331.322 326.567 325.745 328.869 332.739
-9999.000 -1174.436 -1122.861 -1068.176 -996.760 -926.361 -838.937 -758.018 -711.397 -672.123 -645.419 -625.225 -568.661 -520.276 -495.625 -466.968 -471.908 -477.072 -487.280 -447.737 -388.541 -257.139 25.063 115.727 146.436 149.667 147.207 159.051 183.891 221.647 260.975 282.932 306.053 322.314 326.131 326.504 337.808 351.891 361.538 364.352 363.893 363.655 359.228 358.894 359.098 358.791 355.885 349.846 342.650 337.827 334.506 330.356 332.958 336.371 338.221 332.797 327.229 323.789 321.189 318.949 316.969 315.622 315.001 314.821
-9999.000 -1207.639 -1146.934 -1073.746 -1001.040 -919.247 -802.793 -680.685 -638.235 -607.148 -578.347 -528.947 -441.802 -368.235 -317.983 -263.881 -267.581 -285.436 -287.516 -237.857 -124.103 57.413 201.158 262.290 265.777 271.923 276.097 289.141 306.265 321.641 335.147 349.375 352.200 351.942 351.326 351.325 351.782 351.936 348.701 345.228 340.842 340.831 344.064 343.877 341.730 339.672 335.305 328.879 324.756 322.724 322.054 320.850 320.674 322.145 320.781 319.086 316.187 313.541 311.350 308.235 304.476 302.869 304.711 300.967
-9999.000 -1228.998 -1160.856 -1093.985 -1015.777 -885.592 -765.846 -641.643 -557.607 -524.187 -473.681 -376.751 -231.360 17.639 103.170 128.701 134.909 126.284 132.484 157.685 200.368 259.091 297.467 335.953 340.657 340.846 337.444 339.279 340.840 340.689 340.210 338.331 341.889 343.231 341.929 339.211 335.054 328.187 324.101 322.453 321.112 321.833 324.332 325.044 324.120 322.795 321.477 319.667 317.958 315.900 315.579 314.643 314.526 312.837 311.443 310.646 306.928 303.215 298.574 294.317 289.902 284.571 285.817 282.563
-9999.000 -1309.754 -1228.056 -1162.547 -1017.914 -857.136 -736.037 -584.151 -459.627 -412.180 -295.146 -54.151 127.757 209.099 241.131 264.001 276.105 287.821 302.950 302.607 328.796 347.338 348.742 346.945 338.772 338.939 333.119 318.827 313.727 310.380 312.051 316.821 320.256 324.077 322.379 322.562 322.244 320.538 319.802 316.413 313.492 311.625 311.849 316.681 314.079 313.435 312.128 310.200 308.022 306.103 303.833 301.262 300.574 297.539 298.348 297.032 284.620 277.742 270.373 260.351 251.044 238.542 235.731 222.523
-9999.000 -1390.346 -1310.432 -1198.546 -1040.091 -877.582 -724.851 -555.957 -378.668 -258.436 11.563 141.397 218.227 264.509 297.643 311.210 320.068 322.289 322.198 320.799 301.084 295.856 303.073 314.370 317.418 318.808 313.593 308.535 307.173 309.133 309.890 310.540 310.551 309.562 307.250 307.585 310.249 307.215 304.047 301.902 300.415 297.626 295.615 294.676 294.507 296.238 294.137 291.004 288.114 286.485 284.047 281.479 280.016 275.375 270.331 264.873 250.287 234.296 212.911 175.093 141.703 128.522 112.724 69.842
-9999.000 -1471.573 -1359.619 -1252.004 -1109.276 -967.509 -826.253 -657.976 -501.150 -281.553 63.337 164.374 213.416 244.888 276.264 306.724 310.400 292.677 279.292 271.889 273.658 277.948 283.215 291.914 298.284 301.815 302.119 298.791 293.016 291.261 291.408 288.292 285.626 285.954 284.269 286.422 287.108 279.571 271.225 262.990 256.719 252.527 251.844 253.137 253.722 253.199 250.988 247.883 243.547 239.556 236.216 232.085 222.440 201.901 182.971 169.215 146.381 118.744 54.215 -118.873 -217.104 -268.849 -287.268 -329.292
-9999.000 -9999.000 -1426.237 -1313.170 -1193.391 -1061.761 -927.435 -767.657 -615.390 -432.398 -291.321 -99.880 61.106 125.058 165.073 203.614 227.727 246.462 235.998 239.042 241.616 242.406 245.648 249.912 254.925 258.413 261.533 261.902 258.708 252.149 244.214 238.555 234.835 230.937 234.995 239.333 232.208 215.622 194.632 178.292 167.445 157.671 155.255 155.970 156.327 154.935 152.602 145.259 138.011 130.398 126.246 116.202 86.956 -0.228 -74.391 -122.687 -180.552 -232.139 -280.633 -334.637 -382.521 -425.791 -458.626 -489.088
-9999.000 -9999.000 -1506.949 -1394.222 -1269.641 -1141.531 -1029.183 -908.562 -748.075 -628.518 -534.272 -450.495 -374.684 -302.555 -231.769 -117.248 20.199 71.813 89.662 103.811 120.630 132.910 140.853 148.241 156.499 164.309 170.449 162.768 155.737 145.332 132.492 117.040 107.202 100.925 103.109 104.146 80.311 9.411 -80.849 -133.919 -167.067 -192.812 -201.734 -205.009 -205.964 -210.545 -217.525 -234.700 -255.832 -272.357 -286.314 -298.456 -306.749 -320.454 -334.490 -344.428 -366.501 -393.113 -420.428 -453.611 -492.273 -522.879 -552.718 -581.497
-9999.000 -9999.000 -9999.000 -1470.165 -1368.380 -1274.103 -1175.626 -1091.718 -980.629 -863.688 -765.372 -675.482 -615.523 -567.292 -520.357 -470.960 -438.732 -422.789 -411.706 -361.555 -328.035 -279.937 -237.180 -214.011 -187.492 -159.689 -151.858 -170.846 -192.340 -222.463 -261.061 -299.394 -321.202 -323.004 -322.386 -318.083 -326.045 -335.205 -350.847 -366.865 -382.086 -393.073 -397.632 -402.150 -405.024 -408.782 -412.614 -419.815 -428.899 -437.973 -445.250 -448.214 -451.340 -456.026 -462.507 -469.193 -479.839 -504.685 -528.924 -554.885 -585.210 -615.646 -645.036 -673.591
-9999.000 -9999.000 -9999.000 -9999.000 -9999.000 -1421.912 -1322.268 -1231.833 -1150.666 -1074.083 -988.023 -891.239 -841.965 -794.009 -742.975 -701.989 -668.978 -635.031 -593.430 -554.501 -513.120 -480.673 -446.877 -418.134 -403.454 -388.976 -383.186 -393.241 -403.583 -419.011 -443.240 -465.255 -470.217 -469.969 -469.639 -471.304 -476.302 -481.403 -488.256 -501.108 -512.592 -517.769 -521.559 -525.342 -529.260 -532.604 -535.778 -538.965 -547.101 -553.827 -553.336 -555.615 -557.898 -560.147 -566.067 -572.605 -580.572 -604.336 -625.452 -640.464 -671.045 -698.827 -718.648 -747.049
-9999.000 -9999.000 -9999.000 -9999.000 -9999.000 -9999.000 -1468.408 -1377.833 -1301.692 -1225.057 -1142.010 -1069.271 -1036.700 -988.389 -937.850 -886.292 -833.546 -793.913 -754.095 -713.692 -672.783 -639.332 -605.249 -572.344 -558.965 -548.166 -537.617 -546.047 -554.703 -563.423 -583.787 -588.314 -593.964 -593.904 -594.184 -594.387 -599.300 -604.668 -609.822 -620.305 -625.476 -631.061 -635.011 -638.806 -642.688 -645.958 -648.390 -650.759 -656.654 -655.747 -655.272 -656.982 -659.082 -661.284 -667.095 -675.131 -683.061 -699.309 -713.284 -727.373 -752.461 -771.489 -790.952 -815.544
