examples/3D/Borden05m/output_maps-METEOIO_OFF/psiliqL0011N0002.asc
ncols         160
nrows         34
xllcorner     620200.000000
yllcorner     5168000.000000
cellsize      0.500000
NODATA_value  -9999.0
[rows 0 to 27 of 34, columns 0 to 64 of 160]
-9999.000 -9999.000 -9999.000 -9999.000 -9999.000 -9999.000 -9999.000 -9999.000 -9999.000 -9999.000 -9999.000 -9999.000 -9999.000 -9999.000 -9999.000 -9999.000 -9999.000 -9999.000 -9999.000 -9999.000 -9999.000 -9999.000 -9999.000 -9999.000 -9999.000 -9999.000 -9999.000 -9999.000 -9999.000 -9999.000 -9999.000 -9999.000 -9999.000 -9999.000 -9999.000 -9999.000 -9999.000 -9999.000 -9999.000 -9999.000 -9999.000 -9999.000 -9999.000 -9999.000 -9999.000 -9999.000 -9999.000 -9999.000 -9999.000 -9999.000 -9999.000 -9999.000 -9999.000 -9999.000 -9999.000 -9999.000 -9999.000 -9999.000 -9999.000 -9999.000 -9999.000 -9999.000 -9999.000 -9999.000 -9999.000
-9999.000 -9999.000 -9999.000 -9999.000 -9999.000 -9999.000 -9999.000 -9999.000 -9999.000 -9999.000 -9999.000 -9999.000 -9999.000 -9999.000 -9999.000 -9999.000 -9999.000 -9999.000 -9999.000 -9999.000 -9999.000 -9999.000 -9999.000 -9999.000 -9999.000 -9999.000 -9999.000 -9999.000 -9999.000 -9999.000 -9999.000 -9999.000 -9999.000 -9999.000 -9999.000 -9999.000 -9999.000 -9999.000 -9999.000 -9999.000 -9999.000 -9999.000 -9999.000 -9999.000 -9999.000 -9999.000 -9999.000 -9999.000 -9999.000 -9999.000 -9999.000 -9999.000 -9999.000 -9999.000 -9999.000 -9999.000 -9999.000 -9999.000 -9999.000 426.843 421.361 416.106 411.192 402.247 393.085
-9999.000 -9999.000 -9999.000 -9999.000 -9999.000 -9999.000 -9999.000 -9999.000 -9999.000 -9999.000 -9999.000 -9999.000 -9999.000 -9999.000 -9999.000 -9999.000 -9999.000 -9999.000 -9999.000 -9999.000 -9999.000 -9999.000 -9999.000 -9999.000 -9999.000 -9999.000 -9999.000 -9999.000 -9999.000 -9999.000 -9999.000 -9999.000 -9999.000 -9999.000 -9999.000 -9999.000 -9999.000 -9999.000 -9999.000 -9999.000 -9999.000 -9999.000 -9999.000 -9999.000 -9999.000 -9999.000 -9999.000 296.148 278.735 262.601 260.682 283.533 307.136 331.099 351.838 370.641 389.738 409.723 413.155 402.179 397.374 394.132 392.076 387.149 378.507
-9999.000 -9999.000 -9999.000 -9999.000 -9999.000 -9999.000 -9999.000 -9999.000 -9999.000 -9999.000 -9999.000 -9999.000 -9999.000 -9999.000 -9999.000 -9999.000 -9999.000 -9999.000 -9999.000 -9999.000 -9999.000 -9999.000 -9999.000 -9999.000 -9999.000 -9999.000 -9999.000 -9999.000 -9999.000 -9999.000 -9999.000 -9999.000 -9999.000 -9999.000 -9999.000 -9999.000 -9999.000 -9999.000 -9999.000 -9999.000 343.801 349.731 351.163 340.540 329.279 317.214 297.210 279.334 264.126 261.480 264.230 269.819 292.875 317.599 337.401 354.795 374.152 394.361 397.395 386.737 378.483 373.829 374.050 376.534 373.055
-9999.000 -9999.000 -9999.000 -9999.000 -9999.000 -9999.000 -9999.000 -9999.000 -9999.000 -9999.000 -9999.000 -9999.000 -9999.000 -9999.000 -9999.000 -9999.000 -9999.000 -9999.000 -9999.000 -9999.000 -9999.000 -9999.000 -9999.000 -9999.000 -9999.000 -9999.000 -9999.000 -9999.000 -9999.000 -9999.000 -9999.000 -9999.000 -9999.000 -9999.000 250.379 268.042 286.349 304.926 321.788 328.660 334.683 340.555 336.559 331.868 320.547 301.669 282.024 267.957 265.593 263.133 267.633 280.849 297.841 314.423 335.612 359.172 368.606 380.739 383.984 379.138 380.423 382.054 383.663 382.226 379.450
-9999.000 -9999.000 -9999.000 -9999.000 -9999.000 -9999.000 -9999.000 -9999.000 -9999.000 -9999.000 -9999.000 -9999.000 -9999.000 -9999.000 -9999.000 -9999.000 -9999.000 -9999.000 -9999.000 -9999.000 -9999.000 -9999.000 -9999.000 -9999.000 -9999.000 -9999.000 -9999.000 -9999.000 253.854 248.002 242.981 241.589 240.419 239.430 246.560 258.993 277.420 299.250 312.348 319.727 326.475 327.374 322.548 320.518 320.806 309.076 297.438 286.559 276.128 274.889 284.648 298.868 315.246 330.345 346.010 358.175 374.910 396.551 405.035 399.347 394.201 391.290 392.161 392.673 396.332
-9999.000 -9999.000 -9999.000 -9999.000 -9999.000 -9999.000 -9999.000 -9999.000 -9999.000 -9999.000 -9999.000 -9999.000 -9999.000 -9999.000 -9999.000 -9999.000 -9999.000 -9999.000 -9999.000 -9999.000 -9999.000 -9999.000 -9999.000 223.524 229.545 236.171 243.705 244.746 240.723 235.187 232.183 230.771 229.282 233.899 242.380 256.289 272.455 294.480 303.346 309.953 322.489 325.121 330.462 334.576 332.880 330.201 318.088 309.176 314.746 320.983 327.817 335.815 349.326 365.203 383.203 404.151 426.271 446.780 463.547 458.253 450.290 439.972 440.785 444.538 453.461
-9999.000 -9999.000 -9999.000 -9999.000 -9999.000 -9999.000 -9999.000 -9999.000 -9999.000 -9999.000 -9999.000 -9999.000 -9999.000 -9999.000 -9999.000 -9999.000 -9999.000 -9999.000 -9999.000 197.944 198.878 200.066 204.825 205.907 208.235 215.369 223.656 226.016 224.528 223.120 224.808 227.668 232.137 243.795 257.931 272.441 286.838 308.081 323.191 337.284 353.621 352.794 348.717 346.856 347.481 348.124 353.527 357.113 363.475 369.210 376.355 385.930 397.587 416.613 437.543 458.687 478.595 498.540 518.195 514.916 504.632 492.191 492.477 501.069 511.946
-9999.000 -9999.000 -9999.000 -9999.000 -9999.000 -9999.000 -9999.000 -9999.000 -9999.000 -9999.000 -9999.000 -9999.000 -9999.000 -9999.000 -9999.000 -9999.000 168.991 170.906 173.155 178.666 181.433 185.510 192.525 193.801 197.762 205.026 210.142 218.966 227.091 234.637 240.826 243.787 251.715 261.744 274.067 290.027 312.251 335.619 352.385 369.585 386.925 387.758 386.946 388.369 389.416 397.141 415.650 422.466 425.741 444.366 459.468 465.713 474.252 494.043 519.304 546.044 578.711 602.646 625.653 629.735 615.040 609.118 614.657 627.647 635.536
-9999.000 -9999.000 -9999.000 -9999.000 -9999.000 -9999.000 -9999.000 -9999.000 -9999.000 -9999.000 -9999.000 -9999.000 -9999.000 123.303 127.525 136.968 145.747 148.203 152.379 158.346 170.640 174.332 180.699 188.460 200.221 208.960 218.389 230.459 239.220 246.795 254.282 260.921 274.957 290.859 307.342 328.260 350.742 372.342 393.971 410.240 425.065 428.663 427.889 430.503 439.247 458.072 478.468 491.020 512.831 537.949 553.625 567.751 578.456 593.352 616.476 654.294 693.586 725.158 743.316 759.356 757.385 760.215 764.533 771.919 777.666
-9999.000 -9999.000 -9999.000 -9999.000 -9999.000 -9999.000 -9999.000 -9999.000 -9999.000 -9999.000 88.668 91.192 87.831 88.319 93.242 105.315 118.829 125.724 137.205 158.016 175.549 179.229 194.130 204.402 211.300 222.227 235.737 249.118 266.766 279.990 292.906 313.879 331.160 348.450 367.044 388.009 409.689 440.489 469.308 484.670 509.742 524.038 522.311 523.539 533.227 552.064 577.320 605.525 630.759 659.401 680.879 697.685 710.932 726.018 744.141 779.514 820.831 853.145 879.418 895.966 900.574 903.516 906.684 913.016 918.754
-9999.000 -9999.000 -9999.000 -9999.000 -9999.000 -9999.000 -9999.000 -9999.000 64.285 71.355 77.665 74.709 70.148 66.753 80.172 96.126 112.251 129.634 145.757 163.919 179.644 196.389 216.226 228.390 240.609 256.343 270.630 288.957 311.132 326.022 345.232 368.130 388.562 407.965 428.030 448.082 477.947 514.477 549.616 576.691 607.696 634.400 636.386 640.926 647.303 675.722 708.949 743.194 772.519 802.096 832.536 850.965 862.905 876.973 893.604 911.779 938.482 968.160 998.801 1018.597 1027.820 1029.238 1031.954 1039.382 1046.131
-9999.000 -9999.000 -9999.000 -9999.000 -9999.000 -9999.000 37.847 62.084 77.030 69.282 60.534 57.182 53.598 74.639 96.363 113.522 130.456 148.082 164.712 179.083 214.083 231.555 246.906 266.668 281.646 296.701 315.002 339.601 363.529 396.568 426.683 454.551 483.367 505.604 526.899 548.754 583.858 625.080 665.633 699.199 730.511 763.330 773.718 780.843 789.552 810.147 842.022 873.548 908.254 940.442 966.168 978.099 988.887 1000.895 1014.935 1027.820 1041.797 1066.705 1092.951 1117.738 1135.127 1140.270 1146.546 1151.388 1161.365
-9999.000 -9999.000 -9999.000 -9999.000 4.252 25.249 45.747 76.681 99.420 94.339 101.562 102.146 100.861 104.109 110.587 128.772 147.054 165.571 184.327 221.519 264.956 282.149 309.058 342.329 357.399 373.645 390.792 415.549 446.068 483.302 532.212 574.683 604.728 631.304 655.576 681.727 718.706 759.512 798.722 835.155 867.147 893.709 908.140 916.459 928.117 943.660 964.222 991.066 1021.044 1052.081 1076.573 1090.673 1098.980 1109.971 1121.372 1133.968 1145.984 1161.339 1181.058 1207.506 1226.329 1237.026 1245.491 1250.198 1261.753
-9999.000 -9999.000 -9999.000 -43.719 -5.091 32.258 59.789 90.977 123.021 129.010 137.887 144.113 150.431 159.617 169.466 186.434 201.686 216.089 238.121 275.792 312.847 346.850 381.139 412.202 436.254 454.022 473.661 500.379 543.446 586.209 641.172 698.991 740.487 768.371 791.736 819.826 845.760 881.921 917.055 950.117 981.844 1006.942 1026.396 1034.142 1042.779 1051.329 1067.856 1088.925 1110.141 1137.580 1164.629 1187.267 1200.547 1210.393 1226.378 1241.836 1253.669 1266.306 1267.163 1275.145 1279.714 1282.058 1284.508 1286.699 1287.215
-9999.000 -9999.000 -90.592 -53.213 -18.196 33.195 86.199 120.373 161.609 186.778 194.432 213.202 230.623 239.410 256.587 274.587 290.276 295.731 311.081 346.013 400.194 450.767 481.843 539.122 575.344 602.879 620.812 649.308 686.763 733.569 785.201 836.466 877.150 909.717 926.535 945.435 968.084 990.576 1022.582 1051.237 1081.210 1106.876 1128.676 1136.542 1141.385 1156.153 1178.580 1202.435 1225.260 1246.718 1255.171 1263.170 1267.309 1270.270 1274.220 1276.968 1278.346 1278.039 1276.316 1270.813 1265.466 1264.924 1268.631 1275.024 1275.855
-9999.000 -9999.000 -116.305 -71.796 -29.638 39.534 117.206 155.268 199.017 244.887 265.011 290.408 308.033 324.077 349.088 373.548 382.549 388.212 389.194 446.133 508.022 569.870 633.232 701.023 746.696 762.268 774.019 795.062 821.696 866.659 916.149 967.492 1010.912 1041.586 1057.867 1075.027 1094.338 1111.413 1128.998 1164.816 1189.072 1213.060 1238.197 1257.548 1265.272 1267.806 1261.398 1268.122 1272.956 1275.266 1276.117 1273.198 1272.906 1274.038 1275.493 1270.881 1264.424 1257.655 1252.394 1245.640 1239.795 1237.889 1239.986 1242.473 1238.627
-9999.000 -204.083 -151.861 -97.637 -27.201 42.055 127.973 209.499 263.608 309.602 340.521 359.686 408.745 457.525 486.368 516.525 518.458 521.243 514.020 561.669 617.896 703.407 817.320 874.868 914.918 919.509 916.779 930.980 956.309 997.999 1060.078 1103.361 1151.234 1187.696 1201.959 1208.480 1224.909 1243.322 1241.362 1257.083 1264.619 1271.296 1272.484 1274.378 1275.506 1275.941 1273.146 1267.256 1259.765 1254.141 1249.962 1245.332 1247.715 1250.997 1251.976 1245.081 1236.876 1228.365 1220.101 1212.590 1206.003 1201.280 1198.518 1195.399 1188.776
-9999.000 -238.725 -178.458 -105.768 -33.435 41.263 151.543 287.369 338.875 377.394 408.037 448.203 535.011 605.183 644.436 689.676 687.804 678.404 672.289 707.563 760.554 835.311 966.794 1048.805 1069.912 1082.311 1091.139 1116.141 1149.304 1181.194 1209.774 1218.785 1237.959 1248.130 1252.512 1255.326 1259.054 1260.336 1258.898 1256.224 1252.550 1253.808 1258.695 1259.127 1256.575 1253.616 1248.088 1240.342 1234.193 1228.595 1224.946 1221.310 1219.473 1219.517 1215.272 1209.416 1199.912 1189.454 1179.370 1168.505 1157.545 1150.873 1151.150 1143.839 1136.792
-9999.000 -265.040 -194.843 -129.369 -57.926 64.435 189.394 322.698 416.127 458.749 502.023 587.064 690.264 783.160 834.423 861.514 870.011 857.845 867.943 911.658 973.210 1053.848 1128.725 1197.008 1210.287 1214.906 1203.374 1212.950 1222.081 1225.434 1228.580 1232.300 1239.242 1243.725 1244.457 1243.482 1240.481 1234.037 1230.085 1227.567 1224.588 1225.006 1228.592 1229.768 1226.859 1222.512 1217.489 1211.190 1204.295 1196.686 1191.896 1187.295 1184.719 1179.875 1175.218 1169.095 1155.353 1141.507 1127.214 1114.184 1101.083 1087.556 1087.264 1082.712 1073.796
-9999.000 -357.065 -271.062 -210.985 -82.336 87.427 213.827 368.496 511.845 563.975 656.224 773.109 873.922 943.652 986.317 1029.925 1060.477 1085.887 1118.508 1099.910 1147.041 1189.792 1208.097 1218.498 1219.276 1222.100 1215.831 1197.837 1188.602 1183.450 1186.899 1195.792 1202.973 1209.994 1209.381 1211.018 1211.822 1209.237 1206.413 1199.050 1192.023 1187.177 1186.407 1191.830 1186.511 1182.627 1176.289 1167.984 1158.900 1150.526 1142.325 1135.149 1131.936 1126.144 1124.446 1116.523 1089.649 1070.473 1053.803 1036.217 1015.409 993.832 989.894 981.336 961.972
-9999.000 -438.442 -359.707 -259.767 -111.702 53.342 195.575 368.275 570.813 689.603 807.418 875.688 948.355 1012.415 1075.920 1119.546 1144.370 1154.235 1149.625 1155.132 1126.686 1121.650 1139.438 1165.523 1178.604 1183.633 1176.066 1165.795 1159.487 1159.443 1159.547 1159.860 1159.842 1159.070 1156.939 1159.437 1164.493 1159.547 1152.381 1145.391 1139.006 1131.694 1126.936 1124.082 1122.403 1121.727 1114.091 1103.563 1092.769 1084.178 1075.971 1069.755 1066.975 1061.932 1054.539 1042.836 1015.566 988.990 966.006 939.035 899.812 882.998 871.891 857.275 819.988
-9999.000 -529.822 -412.159 -311.290 -179.276 -38.672 96.780 267.228 427.834 648.154 817.409 898.983 937.386 990.489 1051.378 1114.464 1122.291 1095.314 1066.635 1051.998 1055.520 1065.344 1079.889 1100.788 1118.355 1128.177 1129.929 1122.572 1109.803 1101.903 1096.918 1088.760 1082.911 1082.630 1083.073 1089.888 1093.011 1084.754 1073.082 1058.651 1046.032 1036.640 1034.129 1035.376 1035.151 1031.679 1024.611 1014.132 1001.486 989.659 981.483 975.447 968.477 958.804 948.031 935.797 910.041 886.689 860.882 822.806 776.850 740.547 722.059 681.753 644.843
-9999.000 -9999.000 -484.087 -371.396 -256.965 -128.842 -3.070 151.196 308.958 500.174 624.951 742.453 808.464 854.733 908.206 960.929 977.331 992.676 973.406 975.535 981.243 987.756 998.836 1011.961 1025.820 1035.812 1042.952 1041.413 1032.859 1017.243 998.845 984.736 976.487 970.340 978.884 989.878 987.851 981.769 970.784 956.206 944.054 931.380 928.078 928.717 928.725 925.691 920.673 907.684 894.293 881.424 874.861 867.944 861.465 849.888 837.581 823.744 799.812 773.442 743.827 699.229 652.774 606.575 565.348 529.540 495.737
-9999.000 -9999.000 -567.145 -456.230 -336.181 -209.510 -102.277 -4.944 155.045 278.810 385.703 482.678 562.521 625.934 673.669 733.012 768.261 782.675 796.464 819.404 843.425 868.906 886.783 900.696 914.935 927.715 936.692 926.467 916.250 900.337 879.836 857.407 845.351 840.660 843.496 849.331 844.138 834.602 820.630 804.994 792.221 780.701 776.709 773.965 772.829 769.812 766.075 756.392 743.751 734.437 725.176 717.711 713.118 704.483 693.350 684.826 665.210 637.111 606.058 569.310 527.188 493.471 459.039 426.159 394.099
-9999.000 -9999.000 -9999.000 -525.926 -429.675 -348.685 -250.420 -177.584 -90.033 23.363 131.335 239.097 306.808 362.437 417.073 467.463 506.411 532.538 558.126 614.427 651.018 693.609 731.235 750.299 766.433 782.517 786.458 778.114 768.952 753.377 729.561 705.419 692.733 694.171 692.707 692.721 686.427 681.361 670.153 657.046 643.477 634.830 630.316 625.061 621.016 616.657 612.345 605.989 597.067 587.340 580.276 576.611 571.997 566.461 558.520 549.298 537.165 508.161 480.352 452.745 419.412 385.677 354.579 323.170 292.564
-9999.000 -9999.000 -9999.000 -9999.000 -9999.000 -501.738 -399.434 -304.452 -231.081 -164.039 -80.448 21.673 71.735 125.029 183.092 230.556 275.239 320.721 375.877 419.825 471.540 509.227 548.634 584.951 601.039 615.444 623.251 614.931 605.901 592.447 568.305 550.058 545.908 545.320 544.957 542.038 536.623 530.801 524.371 510.886 500.152 495.117 490.614 486.212 481.357 477.332 473.501 470.150 461.217 455.014 455.796 452.434 448.936 445.629 438.089 429.268 419.198 393.740 371.958 355.922 322.799 294.719 274.115 243.782 217.292
-9999.000 -9999.000 -9999.000 -9999.000 -9999.000 -9999.000 -545.612 -452.064 -376.654 -299.762 -216.170 -145.737 -113.748 -68.374 -16.581 43.341 107.969 158.099 202.676 247.048 293.507 332.894 370.768 409.760 427.174 439.154 452.212 445.740 437.287 429.275 412.828 411.269 404.935 404.310 403.343 402.683 396.978 391.063 385.891 377.370 373.103 367.192 362.789 358.524 353.904 349.772 346.678 343.766 338.756 340.437 340.365 338.475 335.699 332.371 324.948 315.303 305.914 290.052 275.626 260.680 236.329 217.130 196.304 171.879 153.062
