examples/3D/Borden05m/output_maps-METEOIO_OFF/thetaliqL0002N0001.asc
ncols         160
nrows         34
xllcorner     620200.000000
yllcorner     5168000.000000
cellsize      0.500000
NODATA_value  -9999.0
[rows 0 to 32 of 34, columns 74 to 147 of 160]
-9999.000 -9999.000 -9999.000 -9999.000 -9999.000 -9999.000 -9999.000 -9999.000 -9999.000 -9999.000 -9999.000 -9999.000 -9999.000 -9999.000 -9999.000 -9999.000 -9999.000 -9999.000 -9999.000 -9999.000 -9999.000 -9999.000 -9999.000 -9999.000 -9999.000 -9999.000 -9999.000 -9999.000 -9999.000 -9999.000 -9999.000 -9999.000 -9999.000 -9999.000 -9999.000 -9999.000 -9999.000 -9999.000 -9999.000 -9999.000 -9999.000 -9999.000 -9999.000 -9999.000 -9999.000 -9999.000 -9999.000 -9999.000 -9999.000 -9999.000 -9999.000 -9999.000 -9999.000 -9999.000 -9999.000 -9999.000 -9999.000 -9999.000 -9999.000 -9999.000 -9999.000 -9999.000 -9999.000 -9999.000 -9999.000 -9999.000 -9999.000 -9999.000 -9999.000 -9999.000 -9999.000 -9999.000 -9999.000 -9999.000
0.272 0.272 0.272 0.272 0.272 0.272 0.272 0.271 0.271 0.271 0.270 0.270 0.270 0.270 0.270 0.270 0.270 0.271 0.272 0.272 0.273 0.274 0.274 0.274 0.274 0.274 0.273 0.273 0.272 -9999.000 -9999.000 -9999.000 -9999.000 -9999.000 -9999.000 -9999.000 -9999.000 -9999.000 -9999.000 -9999.000 -9999.000 -9999.000 -9999.000 -9999.000 -9999.000 -9999.000 -9999.000 -9999.000 -9999.000 -9999.000 -9999.000 -9999.000 -9999.000 -9999.000 -9999.000 -9999.000 -9999.000 -9999.000 -9999.000 -9999.000 -9999.000 -9999.000 -9999.000 -9999.000 -9999.000 -9999.000 -9999.000 -9999.000 -9999.000 -9999.000 -9999.000 -9999.000 -9999.000 -9999.000
0.271 0.271 0.271 0.271 0.271 0.271 0.271 0.270 0.270 0.270 0.270 0.270 0.269 0.269 0.269 0.269 0.270 0.270 0.271 0.271 0.272 0.273 0.273 0.273 0.273 0.273 0.272 0.272 0.271 0.270 0.270 0.270 0.270 0.270 0.270 0.271 0.271 0.272 0.273 -9999.000 -9999.000 -9999.000 -9999.000 -9999.000 -9999.000 -9999.000 -9999.000 -9999.000 -9999.000 -9999.000 -9999.000 -9999.000 -9999.000 -9999.000 -9999.000 -9999.000 -9999.000 -9999.000 -9999.000 -9999.000 -9999.000 -9999.000 -9999.000 -9999.000 -9999.000 -9999.000 -9999.000 -9999.000 -9999.000 -9999.000 -9999.000 -9999.000 -9999.000 -9999.000
0.270 0.271 0.271 0.271 0.271 0.271 0.271 0.271 0.271 0.270 0.270 0.270 0.270 0.270 0.271 0.271 0.270 0.270 0.271 0.271 0.272 0.272 0.272 0.272 0.272 0.272 0.271 0.270 0.270 0.270 0.270 0.269 0.269 0.269 0.270 0.270 0.270 0.271 0.272 0.272 0.273 0.273 0.273 0.272 0.272 0.271 0.270 0.269 -9999.000 -9999.000 -9999.000 -9999.000 -9999.000 -9999.000 -9999.000 -9999.000 -9999.000 -9999.000 -9999.000 -9999.000 -9999.000 -9999.000 -9999.000 -9999.000 -9999.000 -9999.000 -9999.000 -9999.000 -9999.000 -9999.000 -9999.000 -9999.000 -9999.000 -9999.000
0.271 0.271 0.272 0.272 0.272 0.271 0.271 0.271 0.271 0.271 0.271 0.271 0.272 0.272 0.272 0.272 0.271 0.271 0.272 0.272 0.273 0.274 0.275 0.274 0.274 0.273 0.273 0.271 0.270 0.269 0.269 0.269 0.269 0.269 0.269 0.269 0.269 0.270 0.270 0.271 0.271 0.271 0.271 0.271 0.271 0.270 0.269 0.268 0.267 0.266 0.265 0.265 0.266 0.267 -9999.000 -9999.000 -9999.000 -9999.000 -9999.000 -9999.000 -9999.000 -9999.000 -9999.000 -9999.000 -9999.000 -9999.000 -9999.000 -9999.000 -9999.000 -9999.000 -9999.000 -9999.000 -9999.000 -9999.000
0.272 0.273 0.274 0.274 0.274 0.275 0.274 0.274 0.274 0.274 0.274 0.275 0.276 0.276 0.276 0.275 0.274 0.274 0.274 0.274 0.275 0.276 0.277 0.276 0.276 0.275 0.273 0.271 0.270 0.270 0.270 0.270 0.270 0.270 0.269 0.269 0.269 0.269 0.270 0.271 0.271 0.271 0.270 0.270 0.270 0.269 0.269 0.268 0.267 0.266 0.266 0.266 0.266 0.267 0.268 0.269 0.271 0.273 -9999.000 -9999.000 -9999.000 -9999.000 -9999.000 -9999.000 -9999.000 -9999.000 -9999.000 -9999.000 -9999.000 -9999.000 -9999.000 -9999.000 -9999.000 -9999.000
0.277 0.278 0.279 0.279 0.280 0.281 0.281 0.280 0.278 0.279 0.281 0.283 0.283 0.284 0.284 0.282 0.282 0.282 0.282 0.281 0.282 0.283 0.285 0.286 0.284 0.281 0.277 0.274 0.273 0.273 0.273 0.272 0.272 0.271 0.271 0.271 0.270 0.270 0.271 0.271 0.271 0.271 0.271 0.271 0.270 0.269 0.268 0.267 0.267 0.267 0.266 0.266 0.266 0.267 0.268 0.269 0.271 0.273 0.274 0.276 0.277 0.278 -9999.000 -9999.000 -9999.000 -9999.000 -9999.000 -9999.000 -9999.000 -9999.000 -9999.000 -9999.000 -9999.000 -9999.000
0.285 0.287 0.289 0.291 0.294 0.296 0.295 0.293 0.292 0.293 0.296 0.299 0.301 0.301 0.303 0.301 0.299 0.297 0.296 0.294 0.293 0.296 0.300 0.299 0.294 0.290 0.285 0.280 0.277 0.276 0.276 0.276 0.275 0.274 0.273 0.272 0.272 0.271 0.271 0.271 0.272 0.273 0.273 0.272 0.271 0.270 0.269 0.268 0.268 0.268 0.267 0.267 0.267 0.268 0.269 0.269 0.270 0.272 0.274 0.275 0.276 0.277 0.278 0.277 0.277 0.276 -9999.000 -9999.000 -9999.000 -9999.000 -9999.000 -9999.000 -9999.000 -9999.000
0.313 0.317 0.321 0.326 0.331 0.337 0.342 0.342 0.342 0.343 0.345 0.348 0.353 0.358 0.364 0.366 0.360 0.353 0.345 0.339 0.337 0.336 0.339 0.339 0.331 0.320 0.310 0.300 0.293 0.289 0.290 0.288 0.285 0.283 0.278 0.277 0.275 0.273 0.273 0.273 0.274 0.275 0.274 0.273 0.271 0.270 0.269 0.269 0.269 0.269 0.268 0.268 0.269 0.269 0.270 0.270 0.271 0.272 0.273 0.275 0.276 0.277 0.277 0.276 0.275 0.275 0.274 0.273 0.272 0.271 -9999.000 -9999.000 -9999.000 -9999.000
0.370 0.370 0.370 0.370 0.370 0.370 0.370 0.370 0.370 0.370 0.370 0.370 0.370 0.370 0.370 0.370 0.370 0.370 0.370 0.370 0.370 0.370 0.370 0.370 0.370 0.370 0.370 0.357 0.334 0.324 0.316 0.309 0.304 0.295 0.288 0.283 0.279 0.276 0.276 0.279 0.282 0.281 0.280 0.278 0.276 0.274 0.272 0.271 0.271 0.271 0.271 0.270 0.270 0.270 0.270 0.271 0.272 0.272 0.274 0.274 0.275 0.276 0.275 0.275 0.274 0.273 0.272 0.272 0.271 0.270 0.270 0.270 0.271 -9999.000
0.370 0.370 0.370 0.370 0.370 0.370 0.370 0.370 0.370 0.370 0.370 0.370 0.370 0.370 0.370 0.370 0.370 0.370 0.370 0.370 0.370 0.370 0.370 0.370 0.370 0.370 0.370 0.370 0.370 0.370 0.370 0.370 0.358 0.347 0.329 0.320 0.310 0.298 0.292 0.298 0.297 0.294 0.291 0.287 0.283 0.280 0.277 0.276 0.276 0.275 0.275 0.274 0.273 0.273 0.273 0.273 0.273 0.274 0.274 0.275 0.276 0.275 0.275 0.274 0.273 0.272 0.271 0.271 0.270 0.270 0.269 0.270 0.270 0.271
0.370 0.370 0.370 0.370 0.370 0.370 0.370 0.370 0.370 0.370 0.370 0.370 0.370 0.370 0.370 0.370 0.370 0.370 0.370 0.370 0.370 0.370 0.370 0.370 0.370 0.370 0.370 0.370 0.370 0.370 0.370 0.370 0.370 0.370 0.370 0.370 0.370 0.370 0.340 0.330 0.325 0.320 0.310 0.303 0.298 0.291 0.286 0.283 0.282 0.281 0.280 0.279 0.278 0.277 0.276 0.275 0.276 0.276 0.276 0.277 0.276 0.276 0.275 0.273 0.272 0.272 0.271 0.271 0.270 0.270 0.269 0.269 0.270 0.271
0.370 0.370 0.370 0.370 0.370 0.370 0.370 0.370 0.370 0.370 0.370 0.370 0.370 0.370 0.370 0.370 0.370 0.370 0.370 0.370 0.370 0.370 0.370 0.370 0.370 0.370 0.370 0.370 0.370 0.370 0.370 0.370 0.370 0.370 0.370 0.370 0.370 0.370 0.370 0.370 0.370 0.370 0.365 0.348 0.339 0.324 0.310 0.302 0.299 0.295 0.292 0.289 0.286 0.284 0.281 0.279 0.279 0.279 0.279 0.278 0.277 0.276 0.275 0.273 0.272 0.272 0.271 0.271 0.270 0.270 0.269 0.269 0.270 0.271
0.370 0.370 0.370 0.370 0.370 0.370 0.370 0.370 0.370 0.370 0.370 0.370 0.370 0.370 0.370 0.370 0.370 0.370 0.370 0.370 0.370 0.370 0.370 0.370 0.370 0.370 0.370 0.370 0.370 0.370 0.370 0.370 0.370 0.370 0.370 0.370 0.370 0.370 0.370 0.370 0.370 0.370 0.370 0.370 0.370 0.370 0.370 0.349 0.334 0.322 0.313 0.307 0.301 0.297 0.293 0.289 0.288 0.287 0.284 0.282 0.281 0.278 0.276 0.275 0.273 0.272 0.272 0.271 0.270 0.270 0.270 0.270 0.270 0.270
0.370 0.370 0.370 0.370 0.370 0.370 0.370 0.370 0.370 0.370 0.370 0.370 0.370 0.370 0.370 0.370 0.370 0.370 0.370 0.370 0.370 0.370 0.370 0.370 0.370 0.370 0.370 0.370 0.370 0.370 0.370 0.370 0.370 0.370 0.370 0.370 0.370 0.370 0.370 0.370 0.370 0.370 0.370 0.370 0.370 0.370 0.370 0.370 0.370 0.370 0.363 0.342 0.329 0.318 0.310 0.304 0.299 0.294 0.290 0.287 0.284 0.281 0.278 0.276 0.275 0.274 0.273 0.272 0.272 0.271 0.271 0.271 0.271 0.271
0.370 0.370 0.370 0.370 0.370 0.370 0.370 0.370 0.370 0.370 0.370 0.370 0.370 0.370 0.370 0.370 0.370 0.370 0.370 0.370 0.370 0.370 0.370 0.370 0.370 0.370 0.370 0.370 0.370 0.370 0.370 0.370 0.370 0.370 0.370 0.370 0.370 0.370 0.370 0.370 0.370 0.370 0.370 0.370 0.370 0.370 0.370 0.370 0.370 0.370 0.370 0.370 0.370 0.369 0.344 0.327 0.315 0.308 0.302 0.296 0.292 0.288 0.284 0.281 0.279 0.278 0.276 0.276 0.274 0.272 0.271 0.271 0.272 0.272
0.370 0.370 0.370 0.370 0.370 0.370 0.370 0.370 0.370 0.370 0.370 0.370 0.370 0.370 0.370 0.370 0.370 0.370 0.370 0.370 0.370 0.370 0.370 0.370 0.370 0.370 0.370 0.370 0.370 0.370 0.370 0.370 0.370 0.370 0.370 0.370 0.370 0.370 0.370 0.370 0.370 0.370 0.370 0.370 0.370 0.370 0.370 0.370 0.370 0.370 0.370 0.370 0.370 0.370 0.370 0.370 0.349 0.330 0.319 0.311 0.305 0.298 0.292 0.287 0.285 0.283 0.281 0.278 0.276 0.274 0.272 0.272 0.272 0.273
0.370 0.370 0.370 0.370 0.370 0.370 0.370 0.370 0.370 0.370 0.370 0.370 0.370 0.370 0.370 0.370 0.370 0.370 0.370 0.370 0.370 0.370 0.370 0.370 0.370 0.370 0.370 0.370 0.370 0.370 0.370 0.370 0.370 0.370 0.370 0.370 0.370 0.370 0.370 0.370 0.370 0.370 0.370 0.370 0.370 0.370 0.370 0.370 0.370 0.370 0.370 0.370 0.370 0.370 0.370 0.370 0.370 0.370 0.360 0.339 0.328 0.316 0.308 0.301 0.297 0.294 0.291 0.287 0.284 0.280 0.277 0.276 0.275 0.274
0.370 0.370 0.370 0.370 0.370 0.370 0.370 0.370 0.370 0.370 0.370 0.370 0.370 0.370 0.370 0.370 0.370 0.370 0.370 0.370 0.370 0.370 0.370 0.370 0.370 0.370 0.370 0.370 0.370 0.370 0.370 0.370 0.370 0.370 0.370 0.370 0.370 0.370 0.370 0.370 0.370 0.370 0.370 0.370 0.370 0.370 0.370 0.370 0.370 0.370 0.370 0.370 0.370 0.370 0.370 0.370 0.370 0.370 0.370 0.370 0.370 0.367 0.343 0.329 0.319 0.312 0.306 0.300 0.295 0.289 0.285 0.281 0.280 0.278
0.370 0.368 0.358 0.345 0.337 0.333 0.331 0.327 0.326 0.328 0.331 0.328 0.326 0.326 0.325 0.325 0.329 0.336 0.341 0.346 0.350 0.352 0.356 0.370 0.370 0.370 0.370 0.370 0.370 0.370 0.370 0.370 0.370 0.370 0.370 0.370 0.370 0.370 0.370 0.370 0.370 0.370 0.370 0.370 0.370 0.370 0.370 0.370 0.370 0.370 0.370 0.370 0.370 0.370 0.370 0.370 0.370 0.370 0.370 0.370 0.370 0.370 0.370 0.370 0.370 0.349 0.334 0.323 0.313 0.304 0.297 0.291 0.285 0.283
0.303 0.305 0.304 0.300 0.297 0.295 0.293 0.291 0.289 0.290 0.292 0.293 0.293 0.294 0.294 0.294 0.293 0.295 0.296 0.299 0.300 0.302 0.308 0.316 0.322 0.329 0.339 0.356 0.370 0.370 0.370 0.370 0.370 0.370 0.370 0.370 0.370 0.370 0.370 0.370 0.370 0.370 0.370 0.370 0.370 0.370 0.370 0.370 0.370 0.370 0.370 0.370 0.370 0.370 0.370 0.370 0.370 0.370 0.370 0.370 0.370 0.370 0.370 0.370 0.370 0.370 0.370 0.370 0.354 0.333 0.319 0.310 0.300 0.292
0.281 0.282 0.284 0.282 0.280 0.280 0.278 0.277 0.275 0.276 0.277 0.279 0.279 0.279 0.280 0.280 0.280 0.279 0.280 0.281 0.282 0.286 0.289 0.293 0.297 0.301 0.306 0.312 0.320 0.330 0.339 0.351 0.370 0.370 0.370 0.370 0.370 0.370 0.370 0.370 0.370 0.370 0.370 0.370 0.370 0.370 0.370 0.370 0.370 0.370 0.370 0.370 0.370 0.370 0.370 0.370 0.370 0.370 0.370 0.370 0.370 0.370 0.370 0.370 0.370 0.370 0.370 0.370 0.370 0.370 0.365 0.338 0.319 0.306
0.271 0.272 0.273 0.272 0.272 0.272 0.271 0.270 0.269 0.270 0.270 0.272 0.272 0.273 0.273 0.273 0.273 0.272 0.272 0.273 0.274 0.276 0.278 0.281 0.283 0.286 0.289 0.293 0.298 0.303 0.307 0.313 0.321 0.331 0.338 0.350 0.370 0.370 0.370 0.370 0.370 0.370 0.370 0.370 0.370 0.370 0.370 0.370 0.370 0.370 0.370 0.370 0.370 0.370 0.370 0.370 0.370 0.370 0.370 0.370 0.370 0.370 0.370 0.370 0.370 0.370 0.370 0.370 0.370 0.370 0.370 0.370 -9999.000 -9999.000
0.266 0.267 0.267 0.267 0.267 0.267 0.267 0.266 0.266 0.266 0.267 0.268 0.268 0.268 0.269 0.269 0.268 0.268 0.268 0.269 0.270 0.271 0.272 0.273 0.275 0.277 0.279 0.282 0.285 0.289 0.293 0.297 0.302 0.304 0.307 0.310 0.316 0.323 0.333 0.346 0.369 0.370 0.370 0.370 0.370 0.370 0.370 0.370 0.370 0.370 0.370 0.370 0.370 0.370 0.370 0.370 0.370 0.370 0.370 0.370 0.370 0.370 0.370 0.370 0.370 0.370 0.370 0.370 0.370 0.370 -9999.000 -9999.000 -9999.000 -9999.000
0.265 0.265 0.265 0.265 0.265 0.265 0.265 0.265 0.265 0.265 0.266 0.266 0.266 0.267 0.267 0.267 0.266 0.267 0.267 0.267 0.268 0.268 0.270 0.270 0.272 0.273 0.275 0.277 0.279 0.282 0.285 0.288 0.289 0.291 0.292 0.291 0.294 0.297 0.300 0.305 0.312 0.324 0.346 0.370 0.370 0.370 0.370 0.370 0.370 0.370 0.370 0.370 0.370 0.370 0.370 0.370 0.370 0.370 0.370 0.370 0.370 0.370 0.370 0.370 0.370 0.370 0.370 0.370 0.370 -9999.000 -9999.000 -9999.000 -9999.000 -9999.000
0.263 0.263 0.263 0.263 0.263 0.263 0.263 0.264 0.264 0.264 0.264 0.264 0.265 0.265 0.265 0.265 0.265 0.265 0.265 0.266 0.266 0.267 0.267 0.268 0.269 0.270 0.271 0.273 0.275 0.277 0.279 0.280 0.281 0.281 0.281 0.280 0.281 0.283 0.284 0.287 0.291 0.294 0.304 0.320 0.344 0.370 0.370 0.370 0.370 0.370 0.370 0.370 0.370 0.370 0.370 0.370 0.370 0.370 0.370 0.370 0.370 0.370 0.370 0.370 0.370 0.370 0.370 -9999.000 -9999.000 -9999.000 -9999.000 -9999.000 -9999.000 -9999.000
0.262 0.262 0.262 0.263 0.263 0.263 0.263 0.263 0.263 0.263 0.263 0.264 0.264 0.264 0.264 0.264 0.264 0.264 0.265 0.265 0.265 0.265 0.266 0.267 0.267 0.268 0.269 0.271 0.273 0.275 0.277 0.277 0.278 0.278 0.277 0.276 0.276 0.277 0.277 0.279 0.281 0.282 0.288 0.296 0.304 0.315 0.331 0.362 0.370 0.370 0.370 0.370 0.370 0.370 0.370 0.370 0.370 0.370 0.370 0.370 0.370 0.370 0.370 0.370 0.370 -9999.000 -9999.000 -9999.000 -9999.000 -9999.000 -9999.000 -9999.000 -9999.000 -9999.000
0.262 0.262 0.262 0.262 0.262 0.262 0.262 0.262 0.262 0.262 0.263 0.263 0.263 0.263 0.263 0.264 0.264 0.264 0.264 0.264 0.264 0.265 0.265 0.266 0.266 0.267 0.268 0.270 0.271 0.273 0.275 0.275 0.275 0.275 0.274 0.273 0.272 0.273 0.273 0.273 0.274 0.275 0.278 0.281 0.285 0.291 0.301 0.313 0.326 0.344 0.370 0.370 0.370 0.370 0.370 0.370 0.370 0.370 0.370 0.370 0.370 0.370 0.370 0.370 -9999.000 -9999.000 -9999.000 -9999.000 -9999.000 -9999.000 -9999.000 -9999.000 -9999.000 -9999.000
0.261 0.261 0.261 0.261 0.261 0.261 0.262 0.262 0.262 0.262 0.262 0.262 0.263 0.263 0.263 0.263 0.263 0.263 0.263 0.264 0.264 0.264 0.264 0.265 0.265 0.266 0.268 0.269 0.270 0.272 0.274 0.274 0.274 0.273 0.272 0.271 0.270 0.271 0.271 0.270 0.271 0.271 0.272 0.275 0.277 0.281 0.287 0.294 0.300 0.308 0.318 0.329 0.343 0.360 0.370 0.370 0.370 0.370 0.370 0.370 0.370 0.370 -9999.000 -9999.000 -9999.000 -9999.000 -9999.000 -9999.000 -9999.000 -9999.000 -9999.000 -9999.000 -9999.000 -9999.000
0.261 0.261 0.261 0.261 0.261 0.261 0.261 0.262 0.262 0.262 0.262 0.262 0.262 0.262 0.263 0.263 0.263 0.263 0.263 0.263 0.263 0.263 0.264 0.264 0.265 0.266 0.267 0.269 0.270 0.271 0.273 0.273 0.273 0.273 0.272 0.271 0.270 0.270 0.269 0.268 0.268 0.269 0.270 0.271 0.273 0.276 0.279 0.282 0.286 0.291 0.296 0.301 0.304 0.307 0.314 0.321 0.337 0.370 0.370 0.370 -9999.000 -9999.000 -9999.000 -9999.000 -9999.000 -9999.000 -9999.000 -9999.000 -9999.000 -9999.000 -9999.000 -9999.000 -9999.000 -9999.000
0.261 0.261 0.261 0.261 0.261 0.261 0.261 0.261 0.261 0.261 0.262 0.262 0.262 0.262 0.262 0.263 0.263 0.263 0.263 0.263 0.263 0.263 0.263 0.264 0.265 0.266 0.267 0.269 0.270 0.271 0.272 0.272 0.273 0.273 0.272 0.270 0.269 0.268 0.268 0.267 0.268 0.268 0.268 0.269 0.270 0.272 0.274 0.278 0.280 0.282 0.283 0.284 0.285 0.287 0.288 0.290 0.297 0.313 0.338 -9999.000 -9999.000 -9999.000 -9999.000 -9999.000 -9999.000 -9999.000 -9999.000 -9999.000 -9999.000 -9999.000 -9999.000 -9999.000 -9999.000 -9999.000
0.261 0.261 0.261 0.261 0.261 0.261 0.261 0.261 0.261 0.262 0.262 0.262 0.262 0.262 0.263 0.263 0.263 0.263 0.263 0.263 0.263 0.263 0.263 0.263 0.264 0.266 0.267 0.269 0.270 0.271 0.273 0.273 0.273 0.273 0.272 0.271 0.269 0.268 0.267 0.267 0.267 0.267 0.268 0.269 0.270 0.271 0.273 0.275 0.277 0.277 0.278 0.279 0.280 0.279 0.277 0.278 0.282 -9999.000 -9999.000 -9999.000 -9999.000 -9999.000 -9999.000 -9999.000 -9999.000 -9999.000 -9999.000 -9999.000 -9999.000 -9999.000 -9999.000 -9999.000 -9999.000 -9999.000
0.261 0.261 0.261 0.261 0.261 0.261 0.261 0.261 0.261 0.261 0.261 0.262 0.262 0.262 0.263 0.263 0.263 0.263 0.263 0.263 0.263 0.263 0.263 0.263 0.264 0.266 0.267 -9999.000 -9999.000 -9999.000 -9999.000 -9999.000 -9999.000 -9999.000 -9999.000 -9999.000 -9999.000 -9999.000 -9999.000 -9999.000 -9999.000 -9999.000 -9999.000 -9999.000 -9999.000 -9999.000 -9999.000 -9999.000 -9999.000 -9999.000 -9999.000 -9999.000 -9999.000 -9999.000 -9999.000 -9999.000 -9999.000 -9999.000 -9999.000 -9999.000 -9999.000 -9999.000 -9999.000 -9999.000 -9999.000 -9999.000 -9999.000 -9999.000 -9999.000 -9999.000 -9999.000 -9999.000 -9999.000 -9999.000
