tests/1D/Bro/input_maps/slope.asc
ncols         629
nrows         634
xllcorner     265786.562500
yllcorner     4784371.000000
cellsize      20.000000
NODATA_value  -9999.0
[rows 336 to 363 of 634, columns 378 to 440 of 629]
6.054498 4.044691 4.289153 2.024868 1.432096 2.862405 4.520228 6.379370 6.379370 6.379370 8.293805 11.648635 10.024988 9.520202 12.137064 15.616129 12.979350 14.628282 13.832303 12.604383 21.954999 23.025492 21.370997 18.053903 18.004162 18.004162 18.004162 16.753889 16.970297 19.827029 14.882567 18.779921 17.393118 20.722565 19.694601 17.183330 14.036243 18.053903 16.753889 14.882567 14.036243 15.616129 18.053903 29.992245 27.155878 27.990970 22.591361 14.434095 17.752790 18.541978 19.694601 17.752790 13.270669 16.310399 16.916516 28.835769 28.910468 27.266044 27.484186 27.990970 24.684430 27.155878 21.251493
4.044691 6.379370 4.520228 2.862405 1.432096 3.199601 6.379370 3.199601 5.150652 5.150652 7.125016 8.646670 7.264626 7.667577 7.125016 12.057193 13.342364 15.616129 16.916516 18.779921 20.556045 23.061136 23.167587 16.310399 16.916516 16.699244 16.753889 15.909876 14.434095 20.387670 16.753889 18.541978 19.471221 20.387670 18.004162 15.436640 18.541978 15.793169 14.036243 15.131807 13.900669 15.069956 16.808314 32.631940 27.484186 29.992245 14.103463 14.302914 12.979350 14.302914 18.004162 18.053903 16.253917 15.131807 18.053903 19.694601 26.158981 24.094843 30.269155 21.251493 22.144874 22.591361 23.994437
11.309932 7.264626 5.150652 3.199601 2.862405 3.199601 7.125016 6.379370 7.125016 9.520202 9.520202 6.379370 7.125016 7.125016 7.264626 8.530766 14.103463 15.616129 20.722565 23.586381 17.752790 20.387670 21.839950 19.471221 16.753889 16.699244 16.753889 15.069956 15.909876 17.752790 19.694601 18.053903 22.295125 16.808314 18.004162 18.202088 18.445688 13.270669 12.979350 13.270669 15.069956 11.048352 15.616129 18.589882 24.684430 24.684430 21.331266 15.616129 12.979350 10.024988 16.699244 21.839950 18.779921 15.909876 17.393118 14.882567 20.387670 25.772653 26.820874 20.556045 25.651916 21.370997 20.887276
19.827029 16.970297 11.395654 3.199601 2.862405 2.862405 5.150652 7.125016 7.125016 7.125016 8.049467 9.094640 8.293805 8.293805 9.094640 7.667577 8.984877 12.057193 16.310399 22.144874 19.694601 15.909876 15.616129 15.376251 14.036243 14.036243 13.342364 14.036243 15.616129 16.253917 18.053903 16.253917 18.541978 15.616129 18.202088 19.335550 16.753889 14.103463 11.048352 12.979350 12.137064 14.302914 15.909876 12.979350 18.779921 21.370997 26.158981 25.438444 19.471221 20.597847 17.650969 23.343430 21.954999 18.779921 14.882567 16.253917 13.270669 21.211450 29.922287 30.108188 20.846266 19.471221 16.808314
15.616129 20.846266 21.331266 15.131807 11.309932 7.125016 2.024868 6.054498 8.049467 7.125016 6.054498 8.293805 9.520202 9.520202 8.646670 4.520228 8.049467 10.024988 13.270669 14.036243 12.755872 8.293805 7.125016 8.646670 8.530766 10.024988 9.520202 13.342364 15.616129 16.970297 17.393118 17.393118 16.253917 15.131807 17.548401 18.053903 16.753889 14.103463 10.779772 11.395654 10.219377 14.882567 15.616129 13.270669 15.616129 19.335550 29.922287 30.337664 34.218583 23.586381 23.586381 17.650969 19.471221 19.290046 17.183330 13.270669 12.979350 14.882567 19.198613 21.801409 19.471221 16.808314 6.054498
19.335550 21.993160 20.556045 21.568129 17.548401 15.909876 10.219377 8.530766 5.150652 9.094640 7.125016 7.667577 7.667577 9.520202 10.219377 7.125016 7.125016 6.379370 10.024988 10.779772 7.125016 4.044691 4.520228 4.044691 5.885129 6.379370 7.264626 10.315083 11.395654 15.616129 17.393118 16.970297 17.752790 13.900669 12.979350 18.053903 18.202088 11.395654 11.395654 8.049467 16.970297 18.053903 16.253917 13.900669 15.616129 19.198613 24.094843 21.993160 32.631940 21.954999 21.839950 19.471221 13.900669 21.370997 18.445688 15.616129 12.979350 13.900669 13.270669 10.219377 8.646670 5.885129 2.024868
16.753889 17.752790 22.295125 17.393118 16.253917 15.131807 17.548401 14.036243 11.048352 6.379370 7.125016 7.667577 7.667577 5.150652 8.049467 11.048352 4.520228 5.150652 4.520228 11.048352 8.984877 6.379370 4.289153 5.710593 4.044691 5.710593 7.125016 7.264626 8.984877 10.779772 14.036243 15.909876 12.057193 9.520202 14.103463 14.882567 18.053903 18.053903 18.004162 19.152682 19.560978 13.900669 15.616129 14.628282 12.979350 16.310399 13.342364 15.436640 16.753889 22.406871 23.025492 21.801409 22.480928 20.387670 17.752790 17.393118 14.882567 15.909876 8.049467 2.024868 0.000000 0.000000 1.432096
3.199601 4.044691 15.793169 17.752790 14.036243 15.616129 15.616129 14.036243 16.253917 12.979350 10.315083 11.395654 8.049467 7.125016 4.044691 7.125016 9.094640 8.984877 9.094640 10.219377 5.150652 7.125016 7.264626 5.885129 7.125016 6.054498 7.125016 8.646670 8.984877 10.779772 11.395654 14.882567 13.270669 11.309932 15.793169 17.393118 17.393118 23.167587 23.025492 23.167587 16.808314 15.616129 12.979350 13.832303 14.103463 12.137064 9.520202 14.302914 12.979350 20.722565 23.061136 23.025492 23.167587 18.053903 16.753889 16.753889 15.616129 8.049467 1.432096 0.000000 0.000000 0.000000 1.432096
2.862405 4.520228 6.379370 17.393118 14.036243 15.069956 14.036243 15.131807 14.036243 15.616129 15.616129 13.270669 11.395654 9.094640 6.054498 7.125016 15.069956 10.024988 12.137064 9.520202 8.049467 10.219377 9.094640 7.667577 8.530766 7.125016 6.054498 8.984877 10.024988 11.648635 12.137064 14.036243 15.909876 15.909876 21.954999 19.471221 23.273326 21.839950 21.801409 21.839950 19.471221 15.909876 13.832303 11.395654 12.137064 13.342364 13.270669 11.395654 14.302914 16.310399 20.722565 21.801409 21.839950 19.471221 15.909876 15.909876 7.125016 4.289153 1.432096 1.432096 0.000000 0.000000 2.024868
8.646670 9.520202 7.667577 16.970297 16.970297 13.270669 15.131807 12.979350 14.434095 13.342364 15.069956 14.036243 14.882567 11.048352 8.049467 6.054498 15.069956 14.036243 7.264626 2.862405 3.199601 6.379370 14.036243 11.395654 10.024988 8.530766 8.646670 7.125016 11.309932 12.057193 12.604383 14.628282 15.616129 15.909876 16.970297 20.387670 19.152682 20.556045 21.801409 23.025492 20.556045 19.290046 16.916516 15.616129 15.131807 13.900669 12.137064 12.137064 12.604383 15.616129 18.541978 18.053903 18.004162 15.376251 14.628282 8.293805 4.520228 2.862405 3.199601 3.199601 1.432096 2.024868 6.054498
8.646670 5.150652 7.667577 8.049467 12.137064 12.137064 12.137064 14.036243 13.832303 12.604383 13.270669 15.909876 18.779921 24.094843 4.044691 6.054498 6.379370 8.049467 7.125016 8.049467 3.199601 2.024868 9.520202 10.219377 10.315083 10.024988 9.926246 10.315083 10.779772 11.648635 14.628282 15.909876 12.979350 14.302914 16.970297 19.152682 15.909876 15.909876 20.722565 23.167587 21.839950 20.556045 19.290046 15.436640 13.832303 12.137064 11.976726 12.979350 12.137064 14.036243 13.270669 12.755872 12.755872 11.395654 11.395654 7.667577 7.264626 4.289153 2.862405 1.432096 1.432096 5.150652 5.150652
11.395654 9.520202 8.984877 8.984877 10.219377 12.979350 11.048352 14.302914 13.270669 13.832303 14.628282 18.779921 16.753889 20.387670 12.057193 7.264626 7.264626 5.150652 4.289153 4.044691 2.024868 2.862405 6.054498 19.827029 14.302914 11.648635 12.979350 14.302914 10.219377 18.202088 18.053903 20.001784 16.753889 13.832303 17.548401 16.753889 16.310399 14.882567 17.393118 21.211450 18.202088 18.202088 15.616129 15.616129 12.979350 12.604383 12.979350 11.976726 15.069956 14.882567 15.131807 10.315083 11.395654 11.395654 8.530766 5.710593 11.395654 11.048352 12.604383 2.024868 0.000000 9.520202 13.270669
13.342364 12.604383 10.024988 11.395654 12.137064 12.137064 15.909876 12.604383 12.137064 12.979350 14.628282 16.753889 19.152682 19.694601 14.882567 7.264626 8.984877 7.264626 4.289153 8.984877 6.054498 11.395654 12.057193 14.882567 19.471221 17.393118 14.434095 15.131807 25.530276 30.360438 21.954999 23.586381 23.586381 19.198613 19.152682 18.779921 13.900669 16.253917 15.616129 17.752790 15.909876 16.916516 16.916516 16.753889 15.069956 13.342364 11.395654 15.069956 19.827029 21.211450 14.434095 9.520202 8.984877 8.293805 7.125016 9.520202 6.054498 4.044691 12.057193 7.125016 9.520202 15.793169 14.882567
15.909876 12.604383 9.094640 10.219377 12.604383 13.342364 12.604383 11.976726 11.395654 11.395654 10.219377 18.053903 19.560978 17.752790 19.560978 14.882567 23.273326 11.395654 12.680383 11.395654 20.001784 16.699244 21.370997 18.589882 19.560978 16.753889 17.650969 31.756303 31.181736 22.144874 24.227745 22.406871 24.260800 23.586381 18.779921 17.183330 16.310399 14.036243 14.036243 15.909876 19.471221 18.053903 20.722565 16.916516 18.053903 21.839950 21.839950 23.994437 24.260800 25.034388 12.979350 11.395654 6.379370 8.984877 10.779772 13.832303 10.024988 9.094640 9.094640 11.309932 14.434095 16.970297 14.882567
16.916516 13.832303 12.137064 12.057193 14.302914 13.270669 11.976726 11.048352 10.779772 10.779772 9.094640 11.048352 18.053903 21.251493 18.779921 18.053903 17.393118 14.628282 15.069956 14.628282 16.916516 15.616129 16.310399 15.909876 17.650969 17.650969 27.238572 30.541505 24.684430 25.376934 20.722565 23.025492 20.846266 21.839950 19.471221 16.916516 15.909876 16.808314 23.994437 22.295125 21.211450 20.597847 22.144874 18.445688 20.387670 24.260800 29.992245 30.269155 24.748625 29.034220 20.556045 16.253917 12.057193 14.302914 17.548401 15.909876 23.061136 18.202088 19.694601 20.387670 22.406871 20.260141 18.053903
20.722565 16.808314 15.909876 10.024988 10.219377 12.137064 11.048352 11.048352 9.520202 8.293805 11.048352 13.832303 10.024988 15.131807 19.560978 16.753889 18.589882 15.909876 14.036243 15.616129 14.628282 12.755872 12.057193 15.793169 16.310399 16.253917 25.530276 31.693441 31.181736 25.892502 17.183330 19.198613 26.158981 23.025492 26.565051 25.407718 24.522813 25.682185 25.253208 17.752790 21.211450 21.801409 22.406871 18.779921 18.445688 21.331266 20.260141 20.722565 18.004162 9.520202 13.342364 12.137064 20.846266 18.445688 21.370997 27.484186 37.601526 30.337664 32.512517 26.820874 27.017123 21.954999 20.887276
23.061136 19.471221 12.979350 7.667577 11.048352 11.048352 10.024988 10.219377 10.219377 10.219377 10.024988 12.979350 15.131807 10.024988 14.036243 15.909876 16.253917 15.069956 15.616129 15.909876 12.604383 14.302914 14.628282 12.137064 12.979350 27.806070 34.326239 30.653674 22.144874 13.342364 19.471221 19.335550 23.167587 29.327501 32.331742 32.005383 32.025971 29.034220 22.406871 20.556045 18.053903 15.376251 17.393118 18.541978 17.548401 18.541978 10.024988 8.293805 4.289153 0.000000 6.054498 18.004162 22.737406 24.939694 29.327501 33.594757 36.006733 29.327501 27.017123 26.565051 25.407718 24.227745 26.217613
23.061136 21.801409 16.916516 10.219377 12.604383 16.970297 11.048352 9.094640 10.779772 12.604383 12.137064 12.137064 13.900669 15.131807 12.137064 9.094640 14.036243 15.069956 16.753889 16.808314 17.752790 14.103463 14.036243 11.395654 28.735642 27.938353 24.748625 31.588136 24.260800 21.370997 18.202088 19.471221 21.954999 24.094843 21.211450 20.556045 20.556045 19.290046 16.699244 14.628282 6.054498 4.289153 6.054498 13.342364 13.342364 8.293805 4.289153 0.000000 0.000000 0.000000 6.054498 24.260800 32.331742 24.652236 21.331266 29.424116 23.025492 18.053903 17.548401 20.722565 21.954999 28.835769 29.034220
23.343430 21.993160 18.779921 12.604383 14.036243 18.779921 21.331266 8.293805 10.024988 12.604383 12.979350 12.979350 13.900669 13.900669 16.753889 12.979350 14.434095 18.779921 18.541978 16.970297 20.387670 18.004162 19.290046 25.892502 27.938353 26.334248 32.250757 27.155878 25.530276 20.387670 12.680383 12.680383 15.376251 10.779772 6.054498 4.289153 4.289153 4.289153 4.289153 4.289153 0.000000 0.000000 0.000000 4.289153 4.289153 0.000000 0.000000 2.862405 4.289153 6.054498 24.684430 26.334248 26.392255 29.734273 26.849054 26.392255 22.480928 19.152682 17.752790 20.001784 23.586381 26.478881 25.407718
30.269155 27.484186 17.752790 12.057193 14.036243 14.628282 24.939694 24.652236 19.290046 11.395654 12.979350 13.270669 13.900669 15.793169 13.900669 17.183330 19.198613 18.053903 17.548401 18.445688 23.061136 23.061136 23.343430 30.473837 25.530276 32.250757 26.334248 32.250757 23.994437 6.054498 4.289153 4.289153 4.289153 4.289153 0.000000 0.000000 0.000000 0.000000 0.000000 0.000000 0.000000 0.000000 0.000000 0.000000 0.000000 0.000000 4.044691 12.057193 11.395654 21.331266 26.334248 27.938353 29.710620 23.994437 26.565051 26.217613 19.560978 17.752790 23.061136 21.954999 23.586381 17.548401 20.597847
23.343430 21.993160 22.406871 19.290046 13.832303 18.541978 22.406871 32.331742 25.253208 22.144874 18.004162 11.976726 13.900669 13.900669 13.270669 15.616129 18.779921 15.909876 20.887276 20.722565 21.839950 21.801409 21.993160 27.266044 31.693441 27.155878 32.250757 24.748625 6.054498 2.862405 0.000000 0.000000 0.000000 0.000000 0.000000 0.000000 0.000000 0.000000 4.289153 4.289153 0.000000 0.000000 0.000000 0.000000 4.289153 5.150652 16.753889 19.694601 21.211450 23.620788 26.565051 24.939694 19.560978 29.424116 23.994437 19.152682 21.568129 25.892502 21.954999 16.970297 19.198613 19.198613 19.694601
23.061136 21.801409 21.801409 21.839950 20.722565 15.131807 16.916516 22.591361 25.530276 21.954999 23.859574 19.471221 15.131807 14.882567 12.057193 11.648635 15.909876 16.970297 18.541978 20.556045 19.290046 23.025492 26.478881 25.892502 25.682185 26.334248 23.061136 6.054498 2.862405 0.000000 0.000000 0.000000 0.000000 2.862405 4.289153 4.289153 4.289153 6.054498 13.342364 13.342364 8.293805 7.125016 7.125016 6.054498 10.779772 18.541978 23.859574 24.652236 26.820874 23.586381 23.994437 21.331266 24.260800 25.892502 25.772653 20.556045 22.480928 20.260141 15.069956 19.694601 18.589882 22.406871 20.887276
23.025492 21.801409 23.025492 21.839950 19.335550 15.376251 6.379370 5.150652 18.589882 23.859574 18.589882 22.295125 18.589882 14.036243 11.048352 15.793169 17.393118 18.779921 16.753889 20.001784 20.846266 22.737406 23.893397 26.478881 23.994437 20.887276 6.054498 4.289153 0.000000 0.000000 2.862405 2.862405 5.150652 10.779772 14.103463 15.376251 15.376251 17.393118 16.253917 15.069956 17.548401 18.004162 18.202088 18.779921 18.589882 23.025492 26.565051 28.147822 20.001784 25.407718 23.273326 24.260800 26.565051 23.994437 19.827029 18.541978 19.198613 18.004162 19.198613 18.541978 23.620788 20.556045 21.211450
23.061136 21.801409 23.025492 23.025492 19.335550 14.302914 7.264626 8.646670 6.054498 15.909876 20.556045 16.970297 19.694601 16.310399 11.048352 12.979350 12.979350 16.808314 16.753889 15.616129 23.167587 19.694601 22.591361 21.954999 15.909876 6.054498 4.289153 0.000000 0.000000 2.862405 4.044691 10.024988 15.616129 16.970297 17.548401 20.597847 21.801409 21.954999 15.616129 15.436640 19.471221 19.335550 21.954999 22.406871 20.260141 23.859574 25.530276 18.053903 18.004162 22.480928 29.424116 27.155878 26.849054 19.827029 21.568129 16.753889 17.650969 18.445688 21.954999 23.586381 23.132183 15.069956 16.970297
25.530276 23.586381 24.260800 23.343430 21.839950 15.616129 5.150652 0.000000 5.150652 8.646670 16.310399 18.779921 17.548401 17.650969 14.628282 11.048352 16.808314 17.650969 15.909876 17.650969 19.198613 16.916516 18.004162 8.293805 5.710593 2.862405 0.000000 0.000000 4.289153 5.150652 12.137064 17.752790 18.004162 18.004162 16.253917 20.001784 23.061136 23.061136 20.597847 20.597847 21.839950 20.722565 22.406871 23.586381 21.993160 21.954999 19.471221 19.152682 19.827029 22.295125 27.238572 27.238572 20.556045 23.132183 21.954999 22.989768 19.827029 16.253917 21.370997 24.094843 22.480928 18.779921 19.694601
29.922287 29.205932 23.132183 18.004162 19.694601 12.680383 5.150652 2.024868 4.044691 9.520202 13.832303 16.970297 15.793169 16.808314 17.548401 17.752790 17.650969 15.909876 17.650969 15.909876 12.137064 11.648635 8.984877 5.150652 5.150652 6.379370 2.862405 5.150652 6.054498 11.395654 19.560978 17.752790 16.970297 19.198613 19.694601 19.827029 18.445688 18.004162 16.699244 18.004162 20.556045 20.597847 18.202088 20.597847 20.001784 19.152682 18.053903 17.650969 20.387670 25.530276 20.387670 19.827029 18.589882 25.253208 24.652236 22.480928 18.053903 20.887276 23.273326 25.159789 19.152682 16.753889 15.131807
28.121783 29.205932 24.359556 23.343430 20.387670 7.125016 6.379370 5.150652 6.379370 9.094640 13.900669 16.753889 14.882567 13.270669 12.604383 17.752790 17.752790 19.560978 18.053903 13.900669 11.048352 7.264626 5.710593 2.862405 3.199601 4.289153 5.885129 6.054498 11.048352 19.471221 19.471221 19.152682 17.752790 18.779921 16.808314 11.395654 10.315083 11.309932 12.755872 14.302914 15.436640 16.699244 15.376251 16.699244 18.445688 16.808314 16.970297 18.053903 21.568129 20.387670 15.793169 18.589882 22.295125 23.859574 18.053903 20.260141 19.694601 20.387670 18.589882 21.568129 21.993160 19.152682 18.589882
40.905204 27.017123 24.260800 20.887276 16.253917 11.309932 8.646670 6.054498 5.150652 8.293805 11.976726 19.471221 15.793169 10.219377 11.648635 15.069956 16.970297 16.970297 13.270669 13.342364 8.293805 5.885129 4.520228 3.199601 4.044691 6.379370 7.264626 12.057193 17.752790 17.752790 18.779921 18.779921 17.393118 12.979350 10.315083 10.219377 10.219377 11.648635 14.302914 14.302914 14.302914 16.753889 16.699244 16.753889 17.183330 20.001784 19.694601 16.753889 23.273326 19.827029 18.589882 22.295125 24.748625 20.387670 19.560978 21.568129 21.954999 18.004162 23.620788 24.684430 21.331266 21.331266 16.753889
