tests/3D/hillslope02_superslab/output_maps-METEOIO_ON/psiliqL0090N0001.asc
ncols         104
nrows         10
xllcorner     -2.000000
yllcorner     0.000000
cellsize      1.000000
NODATA_value  -9999.0
-9999.000 -9999.000 -9999.000 -9999.000 -9999.000 -9999.000 -9999.000 -9999.000 -9999.000 -9999.000 -9999.000 -9999.000 -9999.000 -9999.000 -9999.000 -9999.000 -9999.000 -9999.000 -9999.000 -9999.000 -9999.000 -9999.000 -9999.000 -9999.000 -9999.000 -9999.000 -9999.000 -9999.000 -9999.000 -9999.000 -9999.000 -9999.000 -9999.000 -9999.000 -9999.000 -9999.000 -9999.000 -9999.000 -9999.000 -9999.000 -9999.000 -9999.000 -9999.000 -9999.000 -9999.000 -9999.000 -9999.000 -9999.000 -9999.000 -9999.000 -9999.000 -9999.000 -9999.000 -9999.000 -9999.000 -9999.000 -9999.000 -9999.000 -9999.000 -9999.000 -9999.000 -9999.000 -9999.000 -9999.000 -9999.000 -9999.000 -9999.000 -9999.000 -9999.000 -9999.000 -9999.000 -9999.000 -9999.000 -9999.000 -9999.000 -9999.000 -9999.000 -9999.000 -9999.000 -9999.000 -9999.000 -9999.000 -9999.000 -9999.000 -9999.000 -9999.000 -9999.000 -9999.000 -9999.000 -9999.000 -9999.000 -9999.000 -9999.000 -9999.000 -9999.000 -9999.000 -9999.000 -9999.000 -9999.000 -9999.000 -9999.000 -9999.000 -9999.000 -9999.000
-9999.000 -9999.000 -9999.000 -9999.000 -9999.000 -9999.000 -9999.000 -9999.000 -9999.000 -9999.000 -9999.000 -9999.000 -9999.000 -9999.000 -9999.000 -9999.000 -9999.000 -9999.000 -9999.000 -9999.000 -9999.000 -9999.000 -9999.000 -9999.000 -9999.000 -9999.000 -9999.000 -9999.000 -9999.000 -9999.000 -9999.000 -9999.000 -9999.000 -9999.000 -9999.000 -9999.000 -9999.000 -9999.000 -9999.000 -9999.000 -9999.000 -9999.000 -9999.000 -9999.000 -9999.000 -9999.000 -9999.000 -9999.000 -9999.000 -9999.000 -9999.000 -9999.000 -9999.000 -9999.000 -9999.000 -9999.000 -9999.000 -9999.000 -9999.000 -9999.000 -9999.000 -9999.000 -9999.000 -9999.000 -9999.000 -9999.000 -9999.000 -9999.000 -9999.000 -9999.000 -9999.000 -9999.000 -9999.000 -9999.000 -9999.000 -9999.000 -9999.000 -9999.000 -9999.000 -9999.000 -9999.000 -9999.000 -9999.000 -9999.000 -9999.000 -9999.000 -9999.000 -9999.000 -9999.000 -9999.000 -9999.000 -9999.000 -9999.000 -9999.000 -9999.000 -9999.000 -9999.000 -9999.000 -9999.000 -9999.000 -9999.000 -9999.000 -9999.000 -9999.000
-9999.000 -9999.000 -123.481 -220.065 -311.030 -391.645 -453.638 -491.722 -509.167 -515.930 -518.416 -519.311 -519.629 -519.741 -519.781 -519.795 -519.799 -519.801 -519.802 -519.802 -519.802 -519.802 -519.802 -519.802 -519.802 -519.802 -519.802 -519.802 -519.801 -519.801 -519.801 -519.801 -519.801 -519.800 -519.800 -519.800 -519.799 -519.799 -519.798 -519.798 -519.798 -519.797 -519.797 -519.796 -519.795 -519.792 -519.787 -519.780 -519.769 -519.757 -519.765 -519.925 -519.818 -519.807 -519.805 -519.805 -519.806 -519.808 -519.811 -519.816 -519.824 -519.834 -519.849 -519.871 -519.901 -519.942 -519.998 -520.074 -520.175 -520.308 -520.479 -520.698 -520.974 -521.319 -521.743 -522.259 -522.881 -523.623 -524.498 -525.522 -526.709 -528.075 -529.637 -531.412 -533.417 -535.673 -538.203 -541.032 -544.191 -547.716 -551.654 -556.061 -561.010 -566.601 -572.964 -580.285 -588.837 -599.037 -611.573 -627.706 -650.189 -687.404 -9999.000 -9999.000
-9999.000 -9999.000 -123.481 -220.065 -311.030 -391.645 -453.638 -491.722 -509.167 -515.930 -518.416 -519.311 -519.629 -519.741 -519.781 -519.795 -519.799 -519.801 -519.802 -519.802 -519.802 -519.802 -519.802 -519.802 -519.802 -519.802 -519.802 -519.802 -519.801 -519.801 -519.801 -519.801 -519.801 -519.800 -519.800 -519.800 -519.799 -519.799 -519.798 -519.798 -519.798 -519.797 -519.797 -519.796 -519.795 -519.792 -519.787 -519.780 -519.769 -519.757 -519.765 -519.925 -519.818 -519.807 -519.805 -519.805 -519.806 -519.808 -519.811 -519.816 -519.824 -519.834 -519.849 -519.871 -519.901 -519.942 -519.998 -520.074 -520.175 -520.308 -520.479 -520.698 -520.974 -521.319 -521.743 -522.259 -522.881 -523.623 -524.498 -525.522 -526.709 -528.075 -529.637 -531.412 -533.417 -535.673 -538.203 -541.032 -544.191 -547.716 -551.654 -556.061 -561.010 -566.601 -572.964 -580.285 -588.837 -599.037 -611.573 -627.706 -650.189 -687.404 -9999.000 -9999.000
-9999.000 -9999.000 -123.481 -220.065 -311.030 -391.645 -453.638 -491.722 -509.167 -515.930 -518.416 -519.311 -519.629 -519.741 -519.781 -519.795 -519.799 -519.801 -519.802 -519.802 -519.802 -519.802 -519.802 -519.802 -519.802 -519.802 -519.802 -519.802 -519.801 -519.801 -519.801 -519.801 -519.801 -519.800 -519.800 -519.800 -519.799 -519.799 -519.798 -519.798 -519.798 -519.797 -519.797 -519.796 -519.795 -519.792 -519.787 -519.780 -519.769 -519.757 -519.765 -519.925 -519.818 -519.807 -519.805 -519.805 -519.806 -519.808 -519.811 -519.816 -519.824 -519.834 -519.849 -519.871 -519.901 -519.942 -519.998 -520.074 -520.175 -520.308 -520.479 -520.698 -520.974 -521.319 -521.743 -522.259 -522.881 -523.623 -524.498 -525.522 -526.709 -528.075 -529.637 -531.412 -533.417 -535.673 -538.203 -541.032 -544.191 -547.716 -551.654 -556.061 -561.010 -566.601 -572.964 -580.285 -588.837 -599.037 -611.573 -627.706 -650.189 -687.404 -9999.000 -9999.000
-9999.000 -9999.000 -123.481 -220.065 -311.030 -391.645 -453.638 -491.722 -509.167 -515.930 -518.416 -519.311 -519.629 -519.741 -519.781 -519.795 -519.799 -519.801 -519.802 -519.802 -519.802 -519.802 -519.802 -519.802 -519.802 -519.802 -519.802 -519.802 -519.801 -519.801 -519.801 -519.801 -519.801 -519.800 -519.800 -519.800 -519.799 -519.799 -519.798 -519.798 -519.798 -519.797 -519.797 -519.796 -519.795 -519.792 -519.787 -519.780 -519.769 -519.757 -519.765 -519.925 -519.818 -519.807 -519.805 -519.805 -519.806 -519.808 -519.811 -519.816 -519.824 -519.834 -519.849 -519.871 -519.901 -519.942 -519.998 -520.074 -520.175 -520.308 -520.479 -520.698 -520.974 -521.319 -521.743 -522.259 -522.881 -523.623 -524.498 -525.522 -526.709 -528.075 -529.637 -531.412 -533.417 -535.673 -538.203 -541.032 -544.191 -547.716 -551.654 -556.061 -561.010 -566.601 -572.964 -580.285 -588.837 -599.037 -611.573 -627.706 -650.189 -687.404 -9999.000 -9999.000
-9999.000 -9999.000 -123.481 -220.065 -311.030 -391.645 -453.638 -491.722 -509.167 -515.930 -518.416 -519.311 -519.629 -519.741 -519.781 -519.795 -519.799 -519.801 -519.802 -519.802 -519.802 -519.802 -519.802 -519.802 -519.802 -519.802 -519.802 -519.802 -519.801 -519.801 -519.801 -519.801 -519.801 -519.800 -519.800 -519.800 -519.799 -519.799 -519.798 -519.798 -519.798 -519.797 -519.797 -519.796 -519.795 -519.792 -519.787 -519.780 -519.769 -519.757 -519.765 -519.925 -519.818 -519.807 -519.805 -519.805 -519.806 -519.808 -519.811 -519.816 -519.824 -519.834 -519.849 -519.871 -519.901 -519.942 -519.998 -520.074 -520.175 -520.308 -520.479 -520.698 -520.974 -521.319 -521.743 -522.259 -522.881 -523.623 -524.498 -525.522 -526.709 -528.075 -529.637 -531.412 -533.417 -535.673 -538.203 -541.032 -544.191 -547.716 -551.654 -556.061 -561.010 -566.601 -572.964 -580.285 -588.837 -599.037 -611.573 -627.706 -650.189 -687.404 -9999.000 -9999.000
-9999.000 -9999.000 -123.481 -220.065 -311.030 -391.645 -453.638 -491.722 -509.167 -515.930 -518.416 -519.311 -519.629 -519.741 -519.781 -519.795 -519.799 -519.801 -519.802 -519.802 -519.802 -519.802 -519.802 -519.802 -519.802 -519.802 -519.802 -519.802 -519.801 -519.801 -519.801 -519.801 -519.801 -519.800 -519.800 -519.800 -519.799 -519.799 -519.798 -519.798 -519.798 -519.797 -519.797 -519.796 -519.795 -519.792 -519.787 -519.780 -519.769 -519.757 -519.765 -519.925 -519.818 -519.807 -519.805 -519.805 -519.806 -519.808 -519.811 -519.816 -519.824 -519.834 -519.849 -519.871 -519.901 -519.942 -519.998 -520.074 -520.175 -520.308 -520.479 -520.698 -520.974 -521.319 -521.743 -522.259 -522.881 -523.623 -524.498 -525.522 -526.709 -528.075 -529.637 -531.412 -533.417 -535.673 -538.203 -541.032 -544.191 -547.716 -551.654 -556.061 -561.010 -566.601 -572.964 -580.285 -588.837 -599.037 -611.573 -627.706 -650.189 -687.404 -9999.000 -9999.000
-9999.000 -9999.000 -9999.000 -9999.000 -9999.000 -9999.000 -9999.000 -9999.000 -9999.000 -9999.000 -9999.000 -9999.000 -9999.000 -9999.000 -9999.000 -9999.000 -9999.000 -9999.000 -9999.000 -9999.000 -9999.000 -9999.000 -9999.000 -9999.000 -9999.000 -9999.000 -9999.000 -9999.000 -9999.000 -9999.000 -9999.000 -9999.000 -9999.000 -9999.000 -9999.000 -9999.000 -9999.000 -9999.000 -9999.000 -9999.000 -9999.000 -9999.000 -9999.000 -9999.000 -9999.000 -9999.000 -9999.000 -9999.000 -9999.000 -9999.000 -9999.000 -9999.000 -9999.000 -9999.000 -9999.000 -9999.000 -9999.000 -9999.000 -9999.000 -9999.000 -9999.000 -9999.000 -9999.000 -9999.000 -9999.000 -9999.000 -9999.000 -9999.000 -9999.000 -9999.000 -9999.000 -9999.000 -9999.000 -9999.000 -9999.000 -9999.000 -9999.000 -9999.000 -9999.000 -9999.000 -9999.000 -9999.000 -9999.000 -9999.000 -9999.000 -9999.000 -9999.000 -9999.000 -9999.000 -9999.000 -9999.000 -9999.000 -9999.000 -9999.000 -9999.000 -9999.000 -9999.000 -9999.000 -9999.000 -9999.000 -9999.000 -9999.000 -9999.000 -9999.000
-9999.000 -9999.000 -9999.000 -9999.000 -9999.000 -9999.000 -9999.000 -9999.000 -9999.000 -9999.000 -9999.000 -9999.000 -9999.000 -9999.000 -9999.000 -9999.000 -9999.000 -9999.000 -9999.000 -9999.000 -9999.000 -9999.000 -9999.000 -9999.000 -9999.000 -9999.000 -9999.000 -9999.000 -9999.000 -9999.000 -9999.000 -9999.000 -9999.000 -9999.000 -9999.000 -9999.000 -9999.000 -9999.000 -9999.000 -9999.000 -9999.000 -9999.000 -9999.000 -9999.000 -9999.000 -9999.000 -9999.000 -9999.000 -9999.000 -9999.000 -9999.000 -9999.000 -9999.000 -9999.000 -9999.000 -9999.000 -9999.000 -9999.000 -9999.000 -9999.000 -9999.000 -9999.000 -9999.000 -9999.000 -9999.000 -9999.000 -9999.000 -9999.000 -9999.000 -9999.000 -9999.000 -9999.000 -9999.000 -9999.000 -9999.000 -9999.000 -9999.000 -9999.000 -9999.000 -9999.000 -9999.000 -9999.000 -9999.000 -9999.000 -9999.000 -9999.000 -9999.000 -9999.000 -9999.000 -9999.000 -9999.000 -9999.000 -9999.000 -9999.000 -9999.000 -9999.000 -9999.000 -9999.000 -9999.000 -9999.000 -9999.000 -9999.000 -9999.000 -9999.000