tests/3D/hillslope02_superslab/output_maps-METEOIO_ON/psiliqL0078N0001.asc
ncols         104
nrows         10
xllcorner     -2.000000
yllcorner     0.000000
cellsize      1.000000
NODATA_value  -9999.0
-9999.000 -9999.000 -9999.000 -9999.000 -9999.000 -9999.000 -9999.000 -9999.000 -9999.000 -9999.000 -9999.000 -9999.000 -9999.000 -9999.000 -9999.000 -9999.000 -9999.000 -9999.000 -9999.000 -9999.000 -9999.000 -9999.000 -9999.000 -9999.000 -9999.000 -9999.000 -9999.000 -9999.000 -9999.000 -9999.000 -9999.000 -9999.000 -9999.000 -9999.000 -9999.000 -9999.000 -9999.000 -9999.000 -9999.000 -9999.000 -9999.000 -9999.000 -9999.000 -9999.000 -9999.000 -9999.000 -9999.000 -9999.000 -9999.000 -9999.000 -9999.000 -9999.000 -9999.000 -9999.000 -9999.000 -9999.000 -9999.000 -9999.000 -9999.000 -9999.000 -9999.000 -9999.000 -9999.000 -9999.000 -9999.000 -9999.000 -9999.000 -9999.000 -9999.000 -9999.000 -9999.000 -9999.000 -9999.000 -9999.000 -9999.000 -9999.000 -9999.000 -9999.000 -9999.000 -9999.000 -9999.000 -9999.000 -9999.000 -9999.000 -9999.000 -9999.000 -9999.000 -9999.000 -9999.000 -9999.000 -9999.000 -9999.000 -9999.000 -9999.000 -9999.000 -9999.000 -9999.000 -9999.000 -9999.000 -9999.000 -9999.000 -9999.000 -9999.000 -9999.000
-9999.000 -9999.000 -9999.000 -9999.000 -9999.000 -9999.000 -9999.000 -9999.000 -9999.000 -9999.000 -9999.000 -9999.000 -9999.000 -9999.000 -9999.000 -9999.000 -9999.000 -9999.000 -9999.000 -9999.000 -9999.000 -9999.000 -9999.000 -9999.000 -9999.000 -9999.000 -9999.000 -9999.000 -9999.000 -9999.000 -9999.000 -9999.000 -9999.000 -9999.000 -9999.000 -9999.000 -9999.000 -9999.000 -9999.000 -9999.000 -9999.000 -9999.000 -9999.000 -9999.000 -9999.000 -9999.000 -9999.000 -9999.000 -9999.000 -9999.000 -9999.000 -9999.000 -9999.000 -9999.000 -9999.000 -9999.000 -9999.000 -9999.000 -9999.000 -9999.000 -9999.000 -9999.000 -9999.000 -9999.000 -9999.000 -9999.000 -9999.000 -9999.000 -9999.000 -9999.000 -9999.000 -9999.000 -9999.000 -9999.000 -9999.000 -9999.000 -9999.000 -9999.000 -9999.000 -9999.000 -9999.000 -9999.000 -9999.000 -9999.000 -9999.000 -9999.000 -9999.000 -9999.000 -9999.000 -9999.000 -9999.000 -9999.000 -9999.000 -9999.000 -9999.000 -9999.000 -9999.000 -9999.000 -9999.000 -9999.000 -9999.000 -9999.000 -9999.000 -9999.000
-9999.000 -9999.000 -783.829 -901.414 -998.393 -1061.206 -1093.168 -1106.522 -1111.320 -1112.989 -1113.564 -1113.761 -1113.827 -1113.850 -1113.858 -1113.860 -1113.861 -1113.861 -1113.861 -1113.861 -1113.861 -1113.861 -1113.861 -1113.861 -1113.861 -1113.861 -1113.861 -1113.861 -1113.861 -1113.861 -1113.861 -1113.861 -1113.861 -1113.861 -1113.861 -1113.861 -1113.861 -1113.861 -1113.860 -1113.860 -1113.858 -1113.852 -1113.838 -1113.806 -1113.741 -1113.624 -1113.426 -1113.117 -1112.916 -1113.272 -1113.685 -1115.968 -1113.949 -1113.866 -1113.862 -1113.862 -1113.861 -1113.861 -1113.862 -1113.862 -1113.862 -1113.862 -1113.862 -1113.863 -1113.864 -1113.866 -1113.868 -1113.871 -1113.876 -1113.883 -1113.893 -1113.907 -1113.927 -1113.955 -1113.992 -1114.043 -1114.110 -1114.198 -1114.313 -1114.461 -1114.648 -1114.883 -1115.176 -1115.538 -1115.980 -1116.516 -1117.161 -1117.932 -1118.849 -1119.934 -1121.213 -1122.716 -1124.481 -1126.555 -1128.997 -1131.887 -1135.338 -1139.515 -1144.684 -1151.342 -1160.904 -1181.414 -9999.000 -9999.000
-9999.000 -9999.000 -783.829 -901.414 -998.393 -1061.206 -1093.168 -1106.522 -1111.320 -1112.989 -1113.564 -1113.761 -1113.827 -1113.850 -1113.858 -1113.860 -1113.861 -1113.861 -1113.861 -1113.861 -1113.861 -1113.861 -1113.861 -1113.861 -1113.861 -1113.861 -1113.861 -1113.861 -1113.861 -1113.861 -1113.861 -1113.861 -1113.861 -1113.861 -1113.861 -1113.861 -1113.861 -1113.861 -1113.860 -1113.860 -1113.858 -1113.852 -1113.838 -1113.806 -1113.741 -1113.624 -1113.426 -1113.117 -1112.916 -1113.272 -1113.685 -1115.968 -1113.949 -1113.866 -1113.862 -1113.862 -1113.861 -1113.861 -1113.862 -1113.862 -1113.862 -1113.862 -1113.862 -1113.863 -1113.864 -1113.866 -1113.868 -1113.871 -1113.876 -1113.883 -1113.893 -1113.907 -1113.927 -1113.955 -1113.992 -1114.043 -1114.110 -1114.198 -1114.313 -1114.461 -1114.648 -1114.883 -1115.176 -1115.538 -1115.980 -1116.516 -1117.161 -1117.932 -1118.849 -1119.934 -1121.213 -1122.716 -1124.481 -1126.555 -1128.997 -1131.887 -1135.338 -1139.515 -1144.684 -1151.342 -1160.904 -1181.414 -9999.000 -9999.000
-9999.000 -9999.000 -783.829 -901.414 -998.393 -1061.206 -1093.168 -1106.522 -1111.320 -1112.989 -1113.564 -1113.761 -1113.827 -1113.850 -1113.858 -1113.860 -1113.861 -1113.861 -1113.861 -1113.861 -1113.861 -1113.861 -1113.861 -1113.861 -1113.861 -1113.861 -1113.861 -1113.861 -1113.861 -1113.861 -1113.861 -1113.861 -1113.861 -1113.861 -1113.861 -1113.861 -1113.861 -1113.861 -1113.860 -1113.860 -1113.858 -1113.852 -1113.838 -1113.806 -1113.741 -1113.624 -1113.426 -1113.117 -1112.916 -1113.272 -1113.685 -1115.968 -1113.949 -1113.866 -1113.862 -1113.862 -1113.861 -1113.861 -1113.862 -1113.862 -1113.862 -1113.862 -1113.862 -1113.863 -1113.864 -1113.866 -1113.868 -1113.871 -1113.876 -1113.883 -1113.893 -1113.907 -1113.927 -1113.955 -1113.992 -1114.043 -1114.110 -1114.198 -1114.313 -1114.461 -1114.648 -1114.883 -1115.176 -1115.538 -1115.980 -1116.516 -1117.161 -1117.932 -1118.849 -1119.934 -1121.213 -1122.716 -1124.481 -1126.555 -1128.997 -1131.887 -1135.338 -1139.515 -1144.684 -1151.342 -1160.904 -1181.414 -9999.000 -9999.000
-9999.000 -9999.000 -783.829 -901.414 -998.393 -1061.206 -1093.168 -1106.522 -1111.320 -1112.989 -1113.564 -1113.761 -1113.827 -1113.850 -1113.858 -1113.860 -1113.861 -1113.861 -1113.861 -1113.861 -1113.861 -1113.861 -1113.861 -1113.861 -1113.861 -1113.861 -1113.861 -1113.861 -1113.861 -1113.861 -1113.861 -1113.861 -1113.861 -1113.861 -1113.861 -1113.861 -1113.861 -1113.861 -1113.860 -1113.860 -1113.858 -1113.852 -1113.838 -1113.806 -1113.741 -1113.624 -1113.426 -1113.117 -1112.916 -1113.272 -1113.685 -1115.968 -1113.949 -1113.866 -1113.862 -1113.862 -1113.861 -1113.861 -1113.862 -1113.862 -1113.862 -1113.862 -1113.862 -1113.863 -1113.864 -1113.866 -1113.868 -1113.871 -1113.876 -1113.883 -1113.893 -1113.907 -1113.927 -1113.955 -1113.992 -1114.043 -1114.110 -1114.198 -1114.313 -1114.461 -1114.648 -1114.883 -1115.176 -1115.538 -1115.980 -1116.516 -1117.161 -1117.932 -1118.849 -1119.934 -1121.213 -1122.716 -1124.481 -1126.555 -1128.997 -1131.887 -1135.338 -1139.515 -1144.684 -1151.342 -1160.904 -1181.414 -9999.000 -9999.000
-9999.000 -9999.000 -783.829 -901.414 -998.393 -1061.206 -1093.168 -1106.522 -1111.320 -1112.989 -1113.564 -1113.761 -1113.827 -1113.850 -1113.858 -1113.860 -1113.861 -1113.861 -1113.861 -1113.861 -1113.861 -1113.861 -1113.861 -1113.861 -1113.861 -1113.861 -1113.861 -1113.861 -1113.861 -1113.861 -1113.861 -1113.861 -1113.861 -1113.861 -1113.861 -1113.861 -1113.861 -1113.861 -1113.860 -1113.860 -1113.858 -1113.852 -1113.838 -1113.806 -1113.741 -1113.624 -1113.426 -1113.117 -1112.916 -1113.272 -1113.685 -1115.968 -1113.949 -1113.866 -1113.862 -1113.862 -1113.861 -1113.861 -1113.862 -1113.862 -1113.862 -1113.862 -1113.862 -1113.863 -1113.864 -1113.866 -1113.868 -1113.871 -1113.876 -1113.883 -1113.893 -1113.907 -1113.927 -1113.955 -1113.992 -1114.043 -1114.110 -1114.198 -1114.313 -1114.461 -1114.648 -1114.883 -1115.176 -1115.538 -1115.980 -1116.516 -1117.161 -1117.932 -1118.849 -1119.934 -1121.213 -1122.716 -1124.481 -1126.555 -1128.997 -1131.887 -1135.338 -1139.515 -1144.684 -1151.342 -1160.904 -1181.414 -9999.000 -9999.000
-9999.000 -9999.000 -783.829 -901.414 -998.393 -1061.206 -1093.168 -1106.522 -1111.320 -1112.989 -1113.564 -1113.761 -1113.827 -1113.850 -1113.858 -1113.860 -1113.861 -1113.861 -1113.861 -1113.861 -1113.861 -1113.861 -1113.861 -1113.861 -1113.861 -1113.861 -1113.861 -1113.861 -1113.861 -1113.861 -1113.861 -1113.861 -1113.861 -1113.861 -1113.861 -1113.861 -1113.861 -1113.861 -1113.860 -1113.860 -1113.858 -1113.852 -1113.838 -1113.806 -1113.741 -1113.624 -1113.426 -1113.117 -1112.916 -1113.272 -1113.685 -1115.968 -1113.949 -1113.866 -1113.862 -1113.862 -1113.861 -1113.861 -1113.862 -1113.862 -1113.862 -1113.862 -1113.862 -1113.863 -1113.864 -1113.866 -1113.868 -1113.871 -1113.876 -1113.883 -1113.893 -1113.907 -1113.927 -1113.955 -1113.992 -1114.043 -1114.110 -1114.198 -1114.313 -1114.461 -1114.648 -1114.883 -1115.176 -1115.538 -1115.980 -1116.516 -1117.161 -1117.932 -1118.849 -1119.934 -1121.213 -1122.716 -1124.481 -1126.555 -1128.997 -1131.887 -1135.338 -1139.515 -1144.684 -1151.342 -1160.904 -1181.414 -9999.000 -9999.000
-9999.000 -9999.000 -9999.000 -9999.000 -9999.000 -9999.000 -9999.000 -9999.000 -9999.000 -9999.000 -9999.000 -9999.000 -9999.000 -9999.000 -9999.000 -9999.000 -9999.000 -9999.000 -9999.000 -9999.000 -9999.000 -9999.000 -9999.000 -9999.000 -9999.000 -9999.000 -9999.000 -9999.000 -9999.000 -9999.000 -9999.000 -9999.000 -9999.000 -9999.000 -9999.000 -9999.000 -9999.000 -9999.000 -9999.000 -9999.000 -9999.000 -9999.000 -9999.000 -9999.000 -9999.000 -9999.000 -9999.000 -9999.000 -9999.000 -9999.000 -9999.000 -9999.000 -9999.000 -9999.000 -9999.000 -9999.000 -9999.000 -9999.000 -9999.000 -9999.000 -9999.000 -9999.000 -9999.000 -9999.000 -9999.000 -9999.000 -9999.000 -9999.000 -9999.000 -9999.000 -9999.000 -9999.000 -9999.000 -9999.000 -9999.000 -9999.000 -9999.000 -9999.000 -9999.000 -9999.000 -9999.000 -9999.000 -9999.000 -9999.000 -9999.000 -9999.000 -9999.000 -9999.000 -9999.000 -9999.000 -9999.000 -9999.000 -9999.000 -9999.000 -9999.000 -9999.000 -9999.000 -9999.000 -9999.000 -9999.000 -9999.000 -9999.000 -9999.000 -9999.000
-9999.000 -9999.000 -9999.000 -9999.000 -9999.000 -9999.000 -9999.000 -9999.000 -9999.000 -9999.000 -9999.000 -9999.000 -9999.000 -9999.000 -9999.000 -9999.000 -9999.000 -9999.000 -9999.000 -9999.000 -9999.000 -9999.000 -9999.000 -9999.000 -9999.000 -9999.000 -9999.000 -9999.000 -9999.000 -9999.000 -9999.000 -9999.000 -9999.000 -9999.000 -9999.000 -9999.000 -9999.000 -9999.000 -9999.000 -9999.000 -9999.000 -9999.000 -9999.000 -9999.000 -9999.000 -9999.000 -9999.000 -9999.000 -9999.000 -9999.000 -9999.000 -9999.000 -9999.000 -9999.000 -9999.000 -9999.000 -9999.000 -9999.000 -9999.000 -9999.000 -9999.000 -9999.000 -9999.000 -9999.000 -9999.000 -9999.000 -9999.000 -9999.000 -9999.000 -9999.000 -9999.000 -9999.000 -9999.000 -9999.000 -9999.000 -9999.000 -9999.000 -9999.000 -9999.000 -9999.000 -9999.000 -9999.000 -9999.000 -9999.000 -9999.000 -9999.000 -9999.000 -9999.000 -9999.000 -9999.000 -9999.000 -9999.000 -9999.000 -9999.000 -9999.000 -9999.000 -9999.000 -9999.000 -9999.000 -9999.000 -9999.000 -9999.000 -9999.000 -9999.000