tests/3D/hillslope02_superslab/output_maps-METEOIO_ON/psiliqL0083N0001.asc
ncols         104
nrows         10
xllcorner     -2.000000
yllcorner     0.000000
cellsize      1.000000
NODATA_value  -9999.0
-9999.000 -9999.000 -9999.000 -9999.000 -9999.000 -9999.000 -9999.000 -9999.000 -9999.000 -9999.000 -9999.000 -9999.000 -9999.000 -9999.000 -9999.000 -9999.000 -9999.000 -9999.000 -9999.000 -9999.000 -9999.000 -9999.000 -9999.000 -9999.000 -9999.000 -9999.000 -9999.000 -9999.000 -9999.000 -9999.000 -9999.000 -9999.000 -9999.000 -9999.000 -9999.000 -9999.000 -9999.000 -9999.000 -9999.000 -9999.000 -9999.000 -9999.000 -9999.000 -9999.000 -9999.000 -9999.000 -9999.000 -9999.000 -9999.000 -9999.000 -9999.000 -9999.000 -9999.000 -9999.000 -9999.000 -9999.000 -9999.000 -9999.000 -9999.000 -9999.000 -9999.000 -9999.000 -9999.000 -9999.000 -9999.000 -9999.000 -9999.000 -9999.000 -9999.000 -9999.000 -9999.000 -9999.000 -9999.000 -9999.000 -9999.000 -9999.000 -9999.000 -9999.000 -9999.000 -9999.000 -9999.000 -9999.000 -9999.000 -9999.000 -9999.000 -9999.000 -9999.000 -9999.000 -9999.000 -9999.000 -9999.000 -9999.000 -9999.000 -9999.000 -9999.000 -9999.000 -9999.000 -9999.000 -9999.000 -9999.000 -9999.000 -9999.000 -9999.000 -9999.000
-9999.000 -9999.000 -9999.000 -9999.000 -9999.000 -9999.000 -9999.000 -9999.000 -9999.000 -9999.000 -9999.000 -9999.000 -9999.000 -9999.000 -9999.000 -9999.000 -9999.000 -9999.000 -9999.000 -9999.000 -9999.000 -9999.000 -9999.000 -9999.000 -9999.000 -9999.000 -9999.000 -9999.000 -9999.000 -9999.000 -9999.000 -9999.000 -9999.000 -9999.000 -9999.000 -9999.000 -9999.000 -9999.000 -9999.000 -9999.000 -9999.000 -9999.000 -9999.000 -9999.000 -9999.000 -9999.000 -9999.000 -9999.000 -9999.000 -9999.000 -9999.000 -9999.000 -9999.000 -9999.000 -9999.000 -9999.000 -9999.000 -9999.000 -9999.000 -9999.000 -9999.000 -9999.000 -9999.000 -9999.000 -9999.000 -9999.000 -9999.000 -9999.000 -9999.000 -9999.000 -9999.000 -9999.000 -9999.000 -9999.000 -9999.000 -9999.000 -9999.000 -9999.000 -9999.000 -9999.000 -9999.000 -9999.000 -9999.000 -9999.000 -9999.000 -9999.000 -9999.000 -9999.000 -9999.000 -9999.000 -9999.000 -9999.000 -9999.000 -9999.000 -9999.000 -9999.000 -9999.000 -9999.000 -9999.000 -9999.000 -9999.000 -9999.000 -9999.000 -9999.000
-9999.000 -9999.000 -483.905 -590.268 -689.950 -770.803 -823.123 -849.802 -860.372 -864.228 -865.599 -866.080 -866.248 -866.306 -866.326 -866.333 -866.335 -866.336 -866.336 -866.337 -866.337 -866.337 -866.337 -866.337 -866.337 -866.337 -866.337 -866.336 -866.336 -866.336 -866.336 -866.336 -866.336 -866.336 -866.336 -866.335 -866.335 -866.335 -866.335 -866.334 -866.333 -866.332 -866.329 -866.321 -866.304 -866.272 -866.215 -866.124 -865.989 -865.814 -865.723 -867.786 -866.395 -866.341 -866.338 -866.337 -866.337 -866.338 -866.338 -866.339 -866.340 -866.342 -866.345 -866.350 -866.356 -866.366 -866.380 -866.399 -866.426 -866.463 -866.514 -866.582 -866.673 -866.791 -866.945 -867.141 -867.388 -867.697 -868.079 -868.546 -869.110 -869.787 -870.590 -871.538 -872.646 -873.933 -875.422 -877.133 -879.094 -881.335 -883.892 -886.807 -890.135 -893.947 -898.334 -903.423 -909.397 -916.533 -925.280 -936.472 -952.144 -980.625 -9999.000 -9999.000
-9999.000 -9999.000 -483.905 -590.268 -689.950 -770.803 -823.123 -849.802 -860.372 -864.228 -865.599 -866.080 -866.248 -866.306 -866.326 -866.333 -866.335 -866.336 -866.336 -866.337 -866.337 -866.337 -866.337 -866.337 -866.337 -866.337 -866.337 -866.336 -866.336 -866.336 -866.336 -866.336 -866.336 -866.336 -866.336 -866.335 -866.335 -866.335 -866.335 -866.334 -866.333 -866.332 -866.329 -866.321 -866.304 -866.272 -866.215 -866.124 -865.989 -865.814 -865.723 -867.786 -866.395 -866.341 -866.338 -866.337 -866.337 -866.338 -866.338 -866.339 -866.340 -866.342 -866.345 -866.350 -866.356 -866.366 -866.380 -866.399 -866.426 -866.463 -866.514 -866.582 -866.673 -866.791 -866.945 -867.141 -867.388 -867.697 -868.079 -868.546 -869.110 -869.787 -870.590 -871.538 -872.646 -873.933 -875.422 -877.133 -879.094 -881.335 -883.892 -886.807 -890.135 -893.947 -898.334 -903.423 -909.397 -916.533 -925.280 -936.472 -952.144 -980.625 -9999.000 -9999.000
-9999.000 -9999.000 -483.905 -590.268 -689.950 -770.803 -823.123 -849.802 -860.372 -864.228 -865.599 -866.080 -866.248 -866.306 -866.326 -866.333 -866.335 -866.336 -866.336 -866.337 -866.337 -866.337 -866.337 -866.337 -866.337 -866.337 -866.337 -866.336 -866.336 -866.336 -866.336 -866.336 -866.336 -866.336 -866.336 -866.335 -866.335 -866.335 -866.335 -866.334 -866.333 -866.332 -866.329 -866.321 -866.304 -866.272 -866.215 -866.124 -865.989 -865.814 -865.723 -867.786 -866.395 -866.341 -866.338 -866.337 -866.337 -866.338 -866.338 -866.339 -866.340 -866.342 -866.345 -866.350 -866.356 -866.366 -866.380 -866.399 -866.426 -866.463 -866.514 -866.582 -866.673 -866.791 -866.945 -867.141 -867.388 -867.697 -868.079 -868.546 -869.110 -869.787 -870.590 -871.538 -872.646 -873.933 -875.422 -877.133 -879.094 -881.335 -883.892 -886.807 -890.135 -893.947 -898.334 -903.423 -909.397 -916.533 -925.280 -936.472 -952.144 -980.625 -9999.000 -9999.000
-9999.000 -9999.000 -483.905 -590.268 -689.950 -770.803 -823.123 -849.802 -860.372 -864.228 -865.599 -866.080 -866.248 -866.306 -866.326 -866.333 -866.335 -866.336 -866.336 -866.337 -866.337 -866.337 -866.337 -866.337 -866.337 -866.337 -866.337 -866.336 -866.336 -866.336 -866.336 -866.336 -866.336 -866.336 -866.336 -866.335 -866.335 -866.335 -866.335 -866.334 -866.333 -866.332 -866.329 -866.321 -866.304 -866.272 -866.215 -866.124 -865.989 -865.814 -865.723 -867.786 -866.395 -866.341 -866.338 -866.337 -866.337 -866.338 -866.338 -866.339 -866.340 -866.342 -866.345 -866.350 -866.356 -866.366 -866.380 -866.399 -866.426 -866.463 -866.514 -866.582 -866.673 -866.791 -866.945 -867.141 -867.388 -867.697 -868.079 -868.546 -869.110 -869.787 -870.590 -871.538 -872.646 -873.933 -875.422 -877.133 -879.094 -881.335 -883.892 -886.807 -890.135 -893.947 -898.334 -903.423 -909.397 -916.533 -925.280 -936.472 -952.144 -980.625 -9999.000 -9999.000
-9999.000 -9999.000 -483.905 -590.268 -689.950 -770.803 -823.123 -849.802 -860.372 -864.228 -865.599 -866.080 -866.248 -866.306 -866.326 -866.333 -866.335 -866.336 -866.336 -866.337 -866.337 -866.337 -866.337 -866.337 -866.337 -866.337 -866.337 -866.336 -866.336 -866.336 -866.336 -866.336 -866.336 -866.336 -866.336 -866.335 -866.335 -866.335 -866.335 -866.334 -866.333 -866.332 -866.329 -866.321 -866.304 -866.272 -866.215 -866.124 -865.989 -865.814 -865.723 -867.786 -866.395 -866.341 -866.338 -866.337 -866.337 -866.338 -866.338 -866.339 -866.340 -866.342 -866.345 -866.350 -866.356 -866.366 -866.380 -866.399 -866.426 -866.463 -866.514 -866.582 -866.673 -866.791 -866.945 -867.141 -867.388 -867.697 -868.079 -868.546 -869.110 -869.787 -870.590 -871.538 -872.646 -873.933 -875.422 -877.133 -879.094 -881.335 -883.892 -886.807 -890.135 -893.947 -898.334 -903.423 -909.397 -916.533 -925.280 -936.472 -952.144 -980.625 -9999.000 -9999.000
-9999.000 -9999.000 -483.905 -590.268 -689.950 -770.803 -823.123 -849.802 -860.372 -864.228 -865.599 -866.080 -866.248 -866.306 -866.326 -866.333 -866.335 -866.336 -866.336 -866.337 -866.337 -866.337 -866.337 -866.337 -866.337 -866.337 -866.337 -866.336 -866.336 -866.336 -866.336 -866.336 -866.336 -866.336 -866.336 -866.335 -866.335 -866.335 -866.335 -866.334 -866.333 -866.332 -866.329 -866.321 -866.304 -866.272 -866.215 -866.124 -865.989 -865.814 -865.723 -867.786 -866.395 -866.341 -866.338 -866.337 -866.337 -866.338 -866.338 -866.339 -866.340 -866.342 -866.345 -866.350 -866.356 -866.366 -866.380 -866.399 -866.426 -866.463 -866.514 -866.582 -866.673 -866.791 -866.945 -867.141 -867.388 -867.697 -868.079 -868.546 -869.110 -869.787 -870.590 -871.538 -872.646 -873.933 -875.422 -877.133 -879.094 -881.335 -883.892 -886.807 -890.135 -893.947 -898.334 -903.423 -909.397 -916.533 -925.280 -936.472 -952.144 -980.625 -9999.000 -9999.000
-9999.000 -9999.000 -9999.000 -9999.000 -9999.000 -9999.000 -9999.000 -9999.000 -9999.000 -9999.000 -9999.000 -9999.000 -9999.000 -9999.000 -9999.000 -9999.000 -9999.000 -9999.000 -9999.000 -9999.000 -9999.000 -9999.000 -9999.000 -9999.000 -9999.000 -9999.000 -9999.000 -9999.000 -9999.000 -9999.000 -9999.000 -9999.000 -9999.000 -9999.000 -9999.000 -9999.000 -9999.000 -9999.000 -9999.000 -9999.000 -9999.000 -9999.000 -9999.000 -9999.000 -9999.000 -9999.000 -9999.000 -9999.000 -9999.000 -9999.000 -9999.000 -9999.000 -9999.000 -9999.000 -9999.000 -9999.000 -9999.000 -9999.000 -9999.000 -9999.000 -9999.000 -9999.000 -9999.000 -9999.000 -9999.000 -9999.000 -9999.000 -9999.000 -9999.000 -9999.000 -9999.000 -9999.000 -9999.000 -9999.000 -9999.000 -9999.000 -9999.000 -9999.000 -9999.000 -9999.000 -9999.000 -9999.000 -9999.000 -9999.000 -9999.000 -9999.000 -9999.000 -9999.000 -9999.000 -9999.000 -9999.000 -9999.000 -9999.000 -9999.000 -9999.000 -9999.000 -9999.000 -9999.000 -9999.000 -9999.000 -9999.000 -9999.000 -9999.000 -9999.000
-9999.000 -9999.000 -9999.000 -9999.000 -9999.000 -9999.000 -9999.000 -9999.000 -9999.000 -9999.000 -9999.000 -9999.000 -9999.000 -9999.000 -9999.000 -9999.000 -9999.000 -9999.000 -9999.000 -9999.000 -9999.000 -9999.000 -9999.000 -9999.000 -9999.000 -9999.000 -9999.000 -9999.000 -9999.000 -9999.000 -9999.000 -9999.000 -9999.000 -9999.000 -9999.000 -9999.000 -9999.000 -9999.000 -9999.000 -9999.000 -9999.000 -9999.000 -9999.000 -9999.000 -9999.000 -9999.000 -9999.000 -9999.000 -9999.000 -9999.000 -9999.000 -9999.000 -9999.000 -9999.000 -9999.000 -9999.000 -9999.000 -9999.000 -9999.000 -9999.000 -9999.000 -9999.000 -9999.000 -9999.000 -9999.000 -9999.000 -9999.000 -9999.000 -9999.000 -9999.000 -9999.000 -9999.000 -9999.000 -9999.000 -9999.000 -9999.000 -9999.000 -9999.000 -9999.000 -9999.000 -9999.000 -9999.000 -9999.000 -9999.000 -9999.000 -9999.000 -9999.000 -9999.000 -9999.000 -9999.000 -9999.000 -9999.000 -9999.000 -9999.000 -9999.000 -9999.000 -9999.000 -9999.000 -9999.000 -9999.000 -9999.000 -9999.000 -9999.000 -9999.000