tests/3D/hillslope02_superslab/output_maps-METEOIO_ON/psiliqL0069N0002.asc
ncols         104
nrows         10
xllcorner     -2.000000
yllcorner     0.000000
cellsize      1.000000
NODATA_value  -9999.0
-9999.000 -9999.000 -9999.000 -9999.000 -9999.000 -9999.000 -9999.000 -9999.000 -9999.000 -9999.000 -9999.000 -9999.000 -9999.000 -9999.000 -9999.000 -9999.000 -9999.000 -9999.000 -9999.000 -9999.000 -9999.000 -9999.000 -9999.000 -9999.000 -9999.000 -9999.000 -9999.000 -9999.000 -9999.000 -9999.000 -9999.000 -9999.000 -9999.000 -9999.000 -9999.000 -9999.000 -9999.000 -9999.000 -9999.000 -9999.000 -9999.000 -9999.000 -9999.000 -9999.000 -9999.000 -9999.000 -9999.000 -9999.000 -9999.000 -9999.000 -9999.000 -9999.000 -9999.000 -9999.000 -9999.000 -9999.000 -9999.000 -9999.000 -9999.000 -9999.000 -9999.000 -9999.000 -9999.000 -9999.000 -9999.000 -9999.000 -9999.000 -9999.000 -9999.000 -9999.000 -9999.000 -9999.000 -9999.000 -9999.000 -9999.000 -9999.000 -9999.000 -9999.000 -9999.000 -9999.000 -9999.000 -9999.000 -9999.000 -9999.000 -9999.000 -9999.000 -9999.000 -9999.000 -9999.000 -9999.000 -9999.000 -9999.000 -9999.000 -9999.000 -9999.000 -9999.000 -9999.000 -9999.000 -9999.000 -9999.000 -9999.000 -9999.000 -9999.000 -9999.000
-9999.000 -9999.000 -9999.000 -9999.000 -9999.000 -9999.000 -9999.000 -9999.000 -9999.000 -9999.000 -9999.000 -9999.000 -9999.000 -9999.000 -9999.000 -9999.000 -9999.000 -9999.000 -9999.000 -9999.000 -9999.000 -9999.000 -9999.000 -9999.000 -9999.000 -9999.000 -9999.000 -9999.000 -9999.000 -9999.000 -9999.000 -9999.000 -9999.000 -9999.000 -9999.000 -9999.000 -9999.000 -9999.000 -9999.000 -9999.000 -9999.000 -9999.000 -9999.000 -9999.000 -9999.000 -9999.000 -9999.000 -9999.000 -9999.000 -9999.000 -9999.000 -9999.000 -9999.000 -9999.000 -9999.000 -9999.000 -9999.000 -9999.000 -9999.000 -9999.000 -9999.000 -9999.000 -9999.000 -9999.000 -9999.000 -9999.000 -9999.000 -9999.000 -9999.000 -9999.000 -9999.000 -9999.000 -9999.000 -9999.000 -9999.000 -9999.000 -9999.000 -9999.000 -9999.000 -9999.000 -9999.000 -9999.000 -9999.000 -9999.000 -9999.000 -9999.000 -9999.000 -9999.000 -9999.000 -9999.000 -9999.000 -9999.000 -9999.000 -9999.000 -9999.000 -9999.000 -9999.000 -9999.000 -9999.000 -9999.000 -9999.000 -9999.000 -9999.000 -9999.000
-9999.000 -9999.000 -1141.182 -1277.071 -1392.342 -1472.694 -1519.415 -1542.760 -1553.027 -1557.072 -1558.560 -1559.100 -1559.295 -1559.366 -1559.392 -1559.401 -1559.404 -1559.405 -1559.406 -1559.406 -1559.406 -1559.406 -1559.406 -1559.406 -1559.406 -1559.406 -1559.406 -1559.406 -1559.406 -1559.406 -1559.405 -1559.405 -1559.406 -1559.406 -1559.406 -1559.406 -1559.405 -1559.402 -1559.391 -1559.364 -1559.307 -1559.200 -1559.012 -1558.698 -1558.784 -1558.927 -1559.128 -1559.416 -1559.508 -1559.545 -1559.723 -1560.810 -1559.543 -1559.423 -1559.418 -1559.421 -1559.426 -1559.432 -1559.439 -1559.448 -1559.459 -1559.473 -1559.490 -1559.511 -1559.536 -1559.567 -1559.603 -1559.647 -1559.699 -1559.759 -1559.831 -1559.915 -1560.012 -1560.125 -1560.256 -1560.406 -1560.578 -1560.774 -1560.998 -1561.252 -1561.540 -1561.865 -1562.232 -1562.644 -1563.108 -1563.629 -1564.213 -1564.868 -1565.604 -1566.430 -1567.359 -1568.408 -1569.594 -1570.942 -1572.484 -1574.264 -1576.342 -1578.809 -1581.811 -1585.661 -1591.618 -1608.931 -9999.000 -9999.000
-9999.000 -9999.000 -1141.182 -1277.071 -1392.342 -1472.694 -1519.415 -1542.760 -1553.027 -1557.072 -1558.560 -1559.100 -1559.295 -1559.366 -1559.392 -1559.401 -1559.404 -1559.405 -1559.406 -1559.406 -1559.406 -1559.406 -1559.406 -1559.406 -1559.406 -1559.406 -1559.406 -1559.406 -1559.406 -1559.406 -1559.405 -1559.405 -1559.406 -1559.406 -1559.406 -1559.406 -1559.405 -1559.402 -1559.391 -1559.364 -1559.307 -1559.200 -1559.012 -1558.698 -1558.784 -1558.927 -1559.128 -1559.416 -1559.508 -1559.545 -1559.723 -1560.810 -1559.543 -1559.423 -1559.418 -1559.421 -1559.426 -1559.432 -1559.439 -1559.448 -1559.459 -1559.473 -1559.490 -1559.511 -1559.536 -1559.567 -1559.603 -1559.647 -1559.699 -1559.759 -1559.831 -1559.915 -1560.012 -1560.125 -1560.256 -1560.406 -1560.578 -1560.774 -1560.998 -1561.252 -1561.540 -1561.865 -1562.232 -1562.644 -1563.108 -1563.629 -1564.213 -1564.868 -1565.604 -1566.430 -1567.359 -1568.408 -1569.594 -1570.942 -1572.484 -1574.264 -1576.342 -1578.809 -1581.811 -1585.661 -1591.618 -1608.931 -9999.000 -9999.000
-9999.000 -9999.000 -1141.182 -1277.071 -1392.342 -1472.694 -1519.415 -1542.760 -1553.027 -1557.072 -1558.560 -1559.100 -1559.295 -1559.366 -1559.392 -1559.401 -1559.404 -1559.405 -1559.406 -1559.406 -1559.406 -1559.406 -1559.406 -1559.406 -1559.406 -1559.406 -1559.406 -1559.406 -1559.406 -1559.406 -1559.405 -1559.405 -1559.406 -1559.406 -1559.406 -1559.406 -1559.405 -1559.402 -1559.391 -1559.364 -1559.307 -1559.200 -1559.012 -1558.698 -1558.784 -1558.927 -1559.128 -1559.416 -1559.508 -1559.545 -1559.723 -1560.810 -1559.543 -1559.423 -1559.418 -1559.421 -1559.426 -1559.432 -1559.439 -1559.448 -1559.459 -1559.473 -1559.490 -1559.511 -1559.536 -1559.567 -1559.603 -1559.647 -1559.699 -1559.759 -1559.831 -1559.915 -1560.012 -1560.125 -1560.256 -1560.406 -1560.578 -1560.774 -1560.998 -1561.252 -1561.540 -1561.865 -1562.232 -1562.644 -1563.108 -1563.629 -1564.213 -1564.868 -1565.604 -1566.430 -1567.359 -1568.408 -1569.594 -1570.942 -1572.484 -1574.264 -1576.342 -1578.809 -1581.811 -1585.661 -1591.618 -1608.931 -9999.000 -9999.000
-9999.000 -9999.000 -1141.182 -1277.071 -1392.342 -1472.694 -1519.415 -1542.760 -1553.027 -1557.072 -1558.560 -1559.100 -1559.295 -1559.366 -1559.392 -1559.401 -1559.404 -1559.405 -1559.406 -1559.406 -1559.406 -1559.406 -1559.406 -1559.406 -1559.406 -1559.406 -1559.406 -1559.406 -1559.406 -1559.406 -1559.405 -1559.405 -1559.406 -1559.406 -1559.406 -1559.406 -1559.405 -1559.402 -1559.391 -1559.364 -1559.307 -1559.200 -1559.012 -1558.698 -1558.784 -1558.927 -1559.128 -1559.416 -1559.508 -1559.545 -1559.723 -1560.810 -1559.543 -1559.423 -1559.418 -1559.421 -1559.426 -1559.432 -1559.439 -1559.448 -1559.459 -1559.473 -1559.490 -1559.511 -1559.536 -1559.567 -1559.603 -1559.647 -1559.699 -1559.759 -1559.831 -1559.915 -1560.012 -1560.125 -1560.256 -1560.406 -1560.578 -1560.774 -1560.998 -1561.252 -1561.540 -1561.865 -1562.232 -1562.644 -1563.108 -1563.629 -1564.213 -1564.868 -1565.604 -1566.430 -1567.359 -1568.408 -1569.594 -1570.942 -1572.484 -1574.264 -1576.342 -1578.809 -1581.811 -1585.661 -1591.618 -1608.931 -9999.000 -9999.000
-9999.000 -9999.000 -1141.182 -1277.071 -1392.342 -1472.694 -1519.415 -1542.760 -1553.027 -1557.072 -1558.560 -1559.100 -1559.295 -1559.366 -1559.392 -1559.401 -1559.404 -1559.405 -1559.406 -1559.406 -1559.406 -1559.406 -1559.406 -1559.406 -1559.406 -1559.406 -1559.406 -1559.406 -1559.406 -1559.406 -1559.405 -1559.405 -1559.406 -1559.406 -1559.406 -1559.406 -1559.405 -1559.402 -1559.391 -1559.364 -1559.307 -1559.200 -1559.012 -1558.698 -1558.784 -1558.927 -1559.128 -1559.416 -1559.508 -1559.545 -1559.723 -1560.810 -1559.543 -1559.423 -1559.418 -1559.421 -1559.426 -1559.432 -1559.439 -1559.448 -1559.459 -1559.473 -1559.490 -1559.511 -1559.536 -1559.567 -1559.603 -1559.647 -1559.699 -1559.759 -1559.831 -1559.915 -1560.012 -1560.125 -1560.256 -1560.406 -1560.578 -1560.774 -1560.998 -1561.252 -1561.540 -1561.865 -1562.232 -1562.644 -1563.108 -1563.629 -1564.213 -1564.868 -1565.604 -1566.430 -1567.359 -1568.408 -1569.594 -1570.942 -1572.484 -1574.264 -1576.342 -1578.809 -1581.811 -1585.661 -1591.618 -1608.931 -9999.000 -9999.000
-9999.000 -9999.000 -1141.182 -1277.071 -1392.342 -1472.694 -1519.415 -1542.760 -1553.027 -1557.072 -1558.560 -1559.100 -1559.295 -1559.366 -1559.392 -1559.401 -1559.404 -1559.405 -1559.406 -1559.406 -1559.406 -1559.406 -1559.406 -1559.406 -1559.406 -1559.406 -1559.406 -1559.406 -1559.406 -1559.406 -1559.405 -1559.405 -1559.406 -1559.406 -1559.406 -1559.406 -1559.405 -1559.402 -1559.391 -1559.364 -1559.307 -1559.200 -1559.012 -1558.698 -1558.784 -1558.927 -1559.128 -1559.416 -1559.508 -1559.545 -1559.723 -1560.810 -1559.543 -1559.423 -1559.418 -1559.421 -1559.426 -1559.432 -1559.439 -1559.448 -1559.459 -1559.473 -1559.490 -1559.511 -1559.536 -1559.567 -1559.603 -1559.647 -1559.699 -1559.759 -1559.831 -1559.915 -1560.012 -1560.125 -1560.256 -1560.406 -1560.578 -1560.774 -1560.998 -1561.252 -1561.540 -1561.865 -1562.232 -1562.644 -1563.108 -1563.629 -1564.213 -1564.868 -1565.604 -1566.430 -1567.359 -1568.408 -1569.594 -1570.942 -1572.484 -1574.264 -1576.342 -1578.809 -1581.811 -1585.661 -1591.618 -1608.931 -9999.000 -9999.000
-9999.000 -9999.000 -9999.000 -9999.000 -9999.000 -9999.000 -9999.000 -9999.000 -9999.000 -9999.000 -9999.000 -9999.000 -9999.000 -9999.000 -9999.000 -9999.000 -9999.000 -9999.000 -9999.000 -9999.000 -9999.000 -9999.000 -9999.000 -9999.000 -9999.000 -9999.000 -9999.000 -9999.000 -9999.000 -9999.000 -9999.000 -9999.000 -9999.000 -9999.000 -9999.000 -9999.000 -9999.000 -9999.000 -9999.000 -9999.000 -9999.000 -9999.000 -9999.000 -9999.000 -9999.000 -9999.000 -9999.000 -9999.000 -9999.000 -9999.000 -9999.000 -9999.000 -9999.000 -9999.000 -9999.000 -9999.000 -9999.000 -9999.000 -9999.000 -9999.000 -9999.000 -9999.000 -9999.000 -9999.000 -9999.000 -9999.000 -9999.000 -9999.000 -9999.000 -9999.000 -9999.000 -9999.000 -9999.000 -9999.000 -9999.000 -9999.000 -9999.000 -9999.000 -9999.000 -9999.000 -9999.000 -9999.000 -9999.000 -9999.000 -9999.000 -9999.000 -9999.000 -9999.000 -9999.000 -9999.000 -9999.000 -9999.000 -9999.000 -9999.000 -9999.000 -9999.000 -9999.000 -9999.000 -9999.000 -9999.000 -9999.000 -9999.000 -9999.000 -9999.000
-9999.000 -9999.000 -9999.000 -9999.000 -9999.000 -9999.000 -9999.000 -9999.000 -9999.000 -9999.000 -9999.000 -9999.000 -9999.000 -9999.000 -9999.000 -9999.000 -9999.000 -9999.000 -9999.000 -9999.000 -9999.000 -9999.000 -9999.000 -9999.000 -9999.000 -9999.000 -9999.000 -9999.000 -9999.000 -9999.000 -9999.000 -9999.000 -9999.000 -9999.000 -9999.000 -9999.000 -9999.000 -9999.000 -9999.000 -9999.000 -9999.000 -9999.000 -9999.000 -9999.000 -9999.000 -9999.000 -9999.000 -9999.000 -9999.000 -9999.000 -9999.000 -9999.000 -9999.000 -9999.000 -9999.000 -9999.000 -9999.000 -9999.000 -9999.000 -9999.000 -9999.000 -9999.000 -9999.000 -9999.000 -9999.000 -9999.000 -9999.000 -9999.000 -9999.000 -9999.000 -9999.000 -9999.000 -9999.000 -9999.000 -9999.000 -9999.000 -9999.000 -9999.000 -9999.000 -9999.000 -9999.000 -9999.000 -9999.000 -9999.000 -9999.000 -9999.000 -9999.000 -9999.000 -9999.000 -9999.000 -9999.000 -9999.000 -9999.000 -9999.000 -9999.000 -9999.000 -9999.000 -9999.000 -9999.000 -9999.000 -9999.000 -9999.000 -9999.000 -9999.000