tests/3D/hillslope02_superslab/output_maps-METEOIO_ON/psiliqL0053N0002.asc
ncols         104
nrows         10
xllcorner     -2.000000
yllcorner     0.000000
cellsize      1.000000
NODATA_value  -9999.0
-9999.000 -9999.000 -9999.000 -9999.000 -9999.000 -9999.000 -9999.000 -9999.000 -9999.000 -9999.000 -9999.000 -9999.000 -9999.000 -9999.000 -9999.000 -9999.000 -9999.000 -9999.000 -9999.000 -9999.000 -9999.000 -9999.000 -9999.000 -9999.000 -9999.000 -9999.000 -9999.000 -9999.000 -9999.000 -9999.000 -9999.000 -9999.000 -9999.000 -9999.000 -9999.000 -9999.000 -9999.000 -9999.000 -9999.000 -9999.000 -9999.000 -9999.000 -9999.000 -9999.000 -9999.000 -9999.000 -9999.000 -9999.000 -9999.000 -9999.000 -9999.000 -9999.000 -9999.000 -9999.000 -9999.000 -9999.000 -9999.000 -9999.000 -9999.000 -9999.000 -9999.000 -9999.000 -9999.000 -9999.000 -9999.000 -9999.000 -9999.000 -9999.000 -9999.000 -9999.000 -9999.000 -9999.000 -9999.000 -9999.000 -9999.000 -9999.000 -9999.000 -9999.000 -9999.000 -9999.000 -9999.000 -9999.000 -9999.000 -9999.000 -9999.000 -9999.000 -9999.000 -9999.000 -9999.000 -9999.000 -9999.000 -9999.000 -9999.000 -9999.000 -9999.000 -9999.000 -9999.000 -9999.000 -9999.000 -9999.000 -9999.000 -9999.000 -9999.000 -9999.000
-9999.000 -9999.000 -9999.000 -9999.000 -9999.000 -9999.000 -9999.000 -9999.000 -9999.000 -9999.000 -9999.000 -9999.000 -9999.000 -9999.000 -9999.000 -9999.000 -9999.000 -9999.000 -9999.000 -9999.000 -9999.000 -9999.000 -9999.000 -9999.000 -9999.000 -9999.000 -9999.000 -9999.000 -9999.000 -9999.000 -9999.000 -9999.000 -9999.000 -9999.000 -9999.000 -9999.000 -9999.000 -9999.000 -9999.000 -9999.000 -9999.000 -9999.000 -9999.000 -9999.000 -9999.000 -9999.000 -9999.000 -9999.000 -9999.000 -9999.000 -9999.000 -9999.000 -9999.000 -9999.000 -9999.000 -9999.000 -9999.000 -9999.000 -9999.000 -9999.000 -9999.000 -9999.000 -9999.000 -9999.000 -9999.000 -9999.000 -9999.000 -9999.000 -9999.000 -9999.000 -9999.000 -9999.000 -9999.000 -9999.000 -9999.000 -9999.000 -9999.000 -9999.000 -9999.000 -9999.000 -9999.000 -9999.000 -9999.000 -9999.000 -9999.000 -9999.000 -9999.000 -9999.000 -9999.000 -9999.000 -9999.000 -9999.000 -9999.000 -9999.000 -9999.000 -9999.000 -9999.000 -9999.000 -9999.000 -9999.000 -9999.000 -9999.000 -9999.000 -9999.000
-9999.000 -9999.000 -2341.114 -2349.610 -2350.873 -2351.271 -2351.412 -2351.461 -2351.477 -2351.482 -2351.484 -2351.485 -2351.485 -2351.485 -2351.485 -2351.485 -2351.485 -2351.485 -2351.485 -2351.485 -2351.485 -2351.485 -2351.485 -2351.485 -2351.485 -2351.485 -2351.485 -2351.486 -2351.487 -2351.491 -2351.498 -2351.512 -2351.531 -2351.554 -2351.571 -2351.566 -2351.498 -2351.461 -2351.441 -2351.424 -2351.463 -2351.496 -2351.512 -2351.517 -2351.515 -2351.511 -2351.506 -2351.501 -2351.497 -2351.495 -2351.493 -2351.500 -2351.487 -2351.485 -2351.485 -2351.485 -2351.485 -2351.485 -2351.485 -2351.485 -2351.485 -2351.485 -2351.485 -2351.485 -2351.485 -2351.485 -2351.485 -2351.485 -2351.485 -2351.485 -2351.485 -2351.485 -2351.485 -2351.485 -2351.485 -2351.485 -2351.485 -2351.486 -2351.486 -2351.486 -2351.486 -2351.486 -2351.487 -2351.487 -2351.488 -2351.488 -2351.489 -2351.490 -2351.492 -2351.494 -2351.496 -2351.499 -2351.503 -2351.508 -2351.514 -2351.521 -2351.531 -2351.544 -2351.561 -2351.590 -2351.839 -2357.673 -9999.000 -9999.000
-9999.000 -9999.000 -2341.114 -2349.610 -2350.873 -2351.271 -2351.412 -2351.461 -2351.477 -2351.482 -2351.484 -2351.485 -2351.485 -2351.485 -2351.485 -2351.485 -2351.485 -2351.485 -2351.485 -2351.485 -2351.485 -2351.485 -2351.485 -2351.485 -2351.485 -2351.485 -2351.485 -2351.486 -2351.487 -2351.491 -2351.498 -2351.512 -2351.531 -2351.554 -2351.571 -2351.566 -2351.498 -2351.461 -2351.441 -2351.424 -2351.463 -2351.496 -2351.512 -2351.517 -2351.515 -2351.511 -2351.506 -2351.501 -2351.497 -2351.495 -2351.493 -2351.500 -2351.487 -2351.485 -2351.485 -2351.485 -2351.485 -2351.485 -2351.485 -2351.485 -2351.485 -2351.485 -2351.485 -2351.485 -2351.485 -2351.485 -2351.485 -2351.485 -2351.485 -2351.485 -2351.485 -2351.485 -2351.485 -2351.485 -2351.485 -2351.485 -2351.485 -2351.486 -2351.486 -2351.486 -2351.486 -2351.486 -2351.487 -2351.487 -2351.488 -2351.488 -2351.489 -2351.490 -2351.492 -2351.494 -2351.496 -2351.499 -2351.503 -2351.508 -2351.514 -2351.521 -2351.531 -2351.544 -2351.561 -2351.590 -2351.839 -2357.673 -9999.000 -9999.000
-9999.000 -9999.000 -2341.114 -2349.610 -2350.873 -2351.271 -2351.412 -2351.461 -2351.477 -2351.482 -2351.484 -2351.485 -2351.485 -2351.485 -2351.485 -2351.485 -2351.485 -2351.485 -2351.485 -2351.485 -2351.485 -2351.485 -2351.485 -2351.485 -2351.485 -2351.485 -2351.485 -2351.486 -2351.487 -2351.491 -2351.498 -2351.512 -2351.531 -2351.554 -2351.571 -2351.566 -2351.498 -2351.461 -2351.441 -2351.424 -2351.463 -2351.496 -2351.512 -2351.517 -2351.515 -2351.511 -2351.506 -2351.501 -2351.497 -2351.495 -2351.493 -2351.500 -2351.487 -2351.485 -2351.485 -2351.485 -2351.485 -2351.485 -2351.485 -2351.485 -2351.485 -2351.485 -2351.485 -2351.485 -2351.485 -2351.485 -2351.485 -2351.485 -2351.485 -2351.485 -2351.485 -2351.485 -2351.485 -2351.485 -2351.485 -2351.485 -2351.485 -2351.486 -2351.486 -2351.486 -2351.486 -2351.486 -2351.487 -2351.487 -2351.488 -2351.488 -2351.489 -2351.490 -2351.492 -2351.494 -2351.496 -2351.499 -2351.503 -2351.508 -2351.514 -2351.521 -2351.531 -2351.544 -2351.561 -2351.590 -2351.839 -2357.673 -9999.000 -9999.000
-9999.000 -9999.000 -2341.114 -2349.610 -2350.873 -2351.271 -2351.412 -2351.461 -2351.477 -2351.482 -2351.484 -2351.485 -2351.485 -2351.485 -2351.485 -2351.485 -2351.485 -2351.485 -2351.485 -2351.485 -2351.485 -2351.485 -2351.485 -2351.485 -2351.485 -2351.485 -2351.485 -2351.486 -2351.487 -2351.491 -2351.498 -2351.512 -2351.531 -2351.554 -2351.571 -2351.566 -2351.498 -2351.461 -2351.441 -2351.424 -2351.463 -2351.496 -2351.512 -2351.517 -2351.515 -2351.511 -2351.506 -2351.501 -2351.497 -2351.495 -2351.493 -2351.500 -2351.487 -2351.485 -2351.485 -2351.485 -2351.485 -2351.485 -2351.485 -2351.485 -2351.485 -2351.485 -2351.485 -2351.485 -2351.485 -2351.485 -2351.485 -2351.485 -2351.485 -2351.485 -2351.485 -2351.485 -2351.485 -2351.485 -2351.485 -2351.485 -2351.485 -2351.486 -2351.486 -2351.486 -2351.486 -2351.486 -2351.487 -2351.487 -2351.488 -2351.488 -2351.489 -2351.490 -2351.492 -2351.494 -2351.496 -2351.499 -2351.503 -2351.508 -2351.514 -2351.521 -2351.531 -2351.544 -2351.561 -2351.590 -2351.839 -2357.673 -9999.000 -9999.000
-9999.000 -9999.000 -2341.114 -2349.610 -2350.873 -2351.271 -2351.412 -2351.461 -2351.477 -2351.482 -2351.484 -2351.485 -2351.485 -2351.485 -2351.485 -2351.485 -2351.485 -2351.485 -2351.485 -2351.485 -2351.485 -2351.485 -2351.485 -2351.485 -2351.485 -2351.485 -2351.485 -2351.486 -2351.487 -2351.491 -2351.498 -2351.512 -2351.531 -2351.554 -2351.571 -2351.566 -2351.498 -2351.461 -2351.441 -2351.424 -2351.463 -2351.496 -2351.512 -2351.517 -2351.515 -2351.511 -2351.506 -2351.501 -2351.497 -2351.495 -2351.493 -2351.500 -2351.487 -2351.485 -2351.485 -2351.485 -2351.485 -2351.485 -2351.485 -2351.485 -2351.485 -2351.485 -2351.485 -2351.485 -2351.485 -2351.485 -2351.485 -2351.485 -2351.485 -2351.485 -2351.485 -2351.485 -2351.485 -2351.485 -2351.485 -2351.485 -2351.485 -2351.486 -2351.486 -2351.486 -2351.486 -2351.486 -2351.487 -2351.487 -2351.488 -2351.488 -2351.489 -2351.490 -2351.492 -2351.494 -2351.496 -2351.499 -2351.503 -2351.508 -2351.514 -2351.521 -2351.531 -2351.544 -2351.561 -2351.590 -2351.839 -2357.673 -9999.000 -9999.000
-9999.000 -9999.000 -2341.114 -2349.610 -2350.873 -2351.271 -2351.412 -2351.461 -2351.477 -2351.482 -2351.484 -2351.485 -2351.485 -2351.485 -2351.485 -2351.485 -2351.485 -2351.485 -2351.485 -2351.485 -2351.485 -2351.485 -2351.485 -2351.485 -2351.485 -2351.485 -2351.485 -2351.486 -2351.487 -2351.491 -2351.498 -2351.512 -2351.531 -2351.554 -2351.571 -2351.566 -2351.498 -2351.461 -2351.441 -2351.424 -2351.463 -2351.496 -2351.512 -2351.517 -2351.515 -2351.511 -2351.506 -2351.501 -2351.497 -2351.495 -2351.493 -2351.500 -2351.487 -2351.485 -2351.485 -2351.485 -2351.485 -2351.485 -2351.485 -2351.485 -2351.485 -2351.485 -2351.485 -2351.485 -2351.485 -2351.485 -2351.485 -2351.485 -2351.485 -2351.485 -2351.485 -2351.485 -2351.485 -2351.485 -2351.485 -2351.485 -2351.485 -2351.486 -2351.486 -2351.486 -2351.486 -2351.486 -2351.487 -2351.487 -2351.488 -2351.488 -2351.489 -2351.490 -2351.492 -2351.494 -2351.496 -2351.499 -2351.503 -2351.508 -2351.514 -2351.521 -2351.531 -2351.544 -2351.561 -2351.590 -2351.839 -2357.673 -9999.000 -9999.000
-9999.000 -9999.000 -9999.000 -9999.000 -9999.000 -9999.000 -9999.000 -9999.000 -9999.000 -9999.000 -9999.000 -9999.000 -9999.000 -9999.000 -9999.000 -9999.000 -9999.000 -9999.000 -9999.000 -9999.000 -9999.000 -9999.000 -9999.000 -9999.000 -9999.000 -9999.000 -9999.000 -9999.000 -9999.000 -9999.000 -9999.000 -9999.000 -9999.000 -9999.000 -9999.000 -9999.000 -9999.000 -9999.000 -9999.000 -9999.000 -9999.000 -9999.000 -9999.000 -9999.000 -9999.000 -9999.000 -9999.000 -9999.000 -9999.000 -9999.000 -9999.000 -9999.000 -9999.000 -9999.000 -9999.000 -9999.000 -9999.000 -9999.000 -9999.000 -9999.000 -9999.000 -9999.000 -9999.000 -9999.000 -9999.000 -9999.000 -9999.000 -9999.000 -9999.000 -9999.000 -9999.000 -9999.000 -9999.000 -9999.000 -9999.000 -9999.000 -9999.000 -9999.000 -9999.000 -9999.000 -9999.000 -9999.000 -9999.000 -9999.000 -9999.000 -9999.000 -9999.000 -9999.000 -9999.000 -9999.000 -9999.000 -9999.000 -9999.000 -9999.000 -9999.000 -9999.000 -9999.000 -9999.000 -9999.000 -9999.000 -9999.000 -9999.000 -9999.000 -9999.000
-9999.000 -9999.000 -9999.000 -9999.000 -9999.000 -9999.000 -9999.000 -9999.000 -9999.000 -9999.000 -9999.000 -9999.000 -9999.000 -9999.000 -9999.000 -9999.000 -9999.000 -9999.000 -9999.000 -9999.000 -9999.000 -9999.000 -9999.000 -9999.000 -9999.000 -9999.000 -9999.000 -9999.000 -9999.000 -9999.000 -9999.000 -9999.000 -9999.000 -9999.000 -9999.000 -9999.000 -9999.000 -9999.000 -9999.000 -9999.000 -9999.000 -9999.000 -9999.000 -9999.000 -9999.000 -9999.000 -9999.000 -9999.000 -9999.000 -9999.000 -9999.000 -9999.000 -9999.000 -9999.000 -9999.000 -9999.000 -9999.000 -9999.000 -9999.000 -9999.000 -9999.000 -9999.000 -9999.000 -9999.000 -9999.000 -9999.000 -9999.000 -9999.000 -9999.000 -9999.000 -9999.000 -9999.000 -9999.000 -9999.000 -9999.000 -9999.000 -9999.000 -9999.000 -9999.000 -9999.000 -9999.000 -9999.000 -9999.000 -9999.000 -9999.000 -9999.000 -9999.000 -9999.000 -9999.000 -9999.000 -9999.000 -9999.000 -9999.000 -9999.000 -9999.000 -9999.000 -9999.000 -9999.000 -9999.000 -9999.000 -9999.000 -9999.000 -9999.000 -9999.000