doc/example/output_maps/snowdepthN0010.asc
ncols         174
nrows         141
xllcorner     744500.000000
yllcorner     5140950.000000
cellsize      250.000000
NODATA_value  -9999.0
[rows 28 to 55 of 141, columns 61 to 121 of 174]
-9999.0 60.506648 94.620834 90.113338 80.297455 81.798866 101.587769 86.090730 66.463219 54.198408 63.647188 61.385660 57.128349 53.669474 56.674457 42.290514 33.020741 30.373582 26.884212 7.083995 0.000000 0.000000 0.000000 0.000000 0.000000 0.000000 0.000000 2.719312 2.625322 14.525381 28.193388 41.786742 44.406773 49.080063 59.043818 72.490123 65.947582 62.144273 51.325692 36.644299 29.475693 0.000000 0.000000 0.000000 3.131363 15.328515 12.901832 25.502402 33.991203 32.451421 31.264656 33.329513 29.783031 34.451267 39.556169 72.741379 72.067736 65.809583 39.119580 48.452634 46.482229
8.383146 58.379075 102.741173 102.648700 84.306340 89.462832 80.873173 69.273440 59.291784 65.306278 68.237287 67.932604 70.100262 65.733280 68.392925 61.681387 50.818390 42.967898 41.265111 29.908471 12.741007 0.000000 0.000000 0.000000 0.000000 0.000000 0.000000 0.000000 0.000000 30.559382 30.668292 36.981949 30.661890 40.566131 50.419578 66.905033 64.648940 64.856719 56.537201 37.399348 32.426837 0.000000 0.000000 0.000000 2.734484 12.300832 3.469537 19.880489 25.977106 29.386621 21.138734 36.350065 5.813035 19.102431 25.119736 67.688232 81.396843 67.746798 34.599694 43.084075 34.620315
75.255647 64.453238 74.961268 110.134713 113.887329 87.039354 77.472922 89.335052 86.084152 78.396643 73.197919 76.306366 67.698097 73.075184 72.061485 68.529261 59.576892 46.015060 41.950138 28.209946 25.720312 14.267119 0.000000 0.000000 0.000000 0.000000 0.000000 0.000000 11.156552 19.589031 16.178598 26.564105 31.870179 42.891422 52.203415 50.311876 46.254237 49.362049 42.816334 34.462389 25.626509 0.000000 0.000000 0.000000 0.000000 2.728658 3.077271 3.648325 4.703278 12.928035 5.230034 23.575909 24.125805 21.127885 38.011575 51.470315 86.192779 63.392404 56.285731 32.288146 19.114501
81.740954 58.907105 46.668279 80.277938 99.887699 103.657762 78.623859 75.509157 92.898295 94.803965 90.075125 74.082937 79.103489 81.615064 81.287842 61.578141 69.737824 60.544553 43.441884 36.174517 26.159801 12.014204 8.453451 0.000000 0.000000 0.000000 0.000000 0.000000 0.000000 0.000000 0.000000 20.582105 38.810236 49.402696 52.383728 40.155137 40.568633 21.735815 14.333388 12.038678 13.161904 0.000000 0.000000 0.000000 0.000000 0.000000 0.000000 2.781920 2.917789 3.105938 3.460454 4.527716 15.787921 40.131202 50.586102 35.441537 45.150583 74.999710 62.190310 20.562974 3.591206
66.324866 43.962492 55.117889 77.741875 84.493240 110.559578 82.546599 77.529617 88.008365 96.762850 97.803049 86.415236 85.711983 88.302554 65.476863 62.524456 70.787132 64.136999 51.562849 31.272573 23.717086 0.000000 0.000000 0.000000 0.000000 0.000000 0.000000 0.000000 0.000000 0.000000 21.188965 33.834408 40.248651 43.684075 45.434079 47.210532 38.700717 20.154845 2.615915 0.000000 0.000000 0.000000 0.000000 0.000000 0.000000 0.000000 0.000000 0.000000 0.000000 2.423940 2.929351 16.177630 21.966696 46.287357 21.186419 15.755309 14.810492 51.653142 73.073363 46.782366 40.130135
75.059084 38.457131 43.944885 76.379350 83.722708 56.674990 91.328115 93.440328 104.410731 93.940914 93.343970 94.094659 93.817220 62.014927 65.319172 68.080178 67.787873 69.919559 66.810464 49.239025 41.406503 15.948401 0.000000 0.000000 0.000000 0.000000 0.000000 0.000000 0.000000 10.599037 19.175858 35.981577 34.451977 39.329749 40.435609 39.885671 22.777079 7.735021 0.000000 0.000000 0.000000 0.000000 0.000000 0.000000 0.000000 0.000000 0.000000 0.000000 0.000000 21.560467 24.204644 46.701295 48.304284 43.769332 12.646652 13.786156 5.157267 5.350078 26.192711 50.315868 41.581813
62.764866 22.219871 36.309328 47.833731 46.797593 60.664313 48.610116 110.102681 109.249140 111.907342 104.065327 97.722881 93.717843 79.922552 88.929982 84.288436 81.389476 76.989011 61.979956 60.801076 43.495533 17.816552 8.255833 0.000000 0.000000 0.000000 0.000000 0.000000 0.000000 0.000000 12.219716 19.866318 29.503902 31.934250 36.916544 45.331726 35.379660 0.000000 0.000000 0.000000 0.000000 0.000000 0.000000 7.035987 23.592877 27.518009 25.712267 34.938845 37.754855 44.737849 44.139553 58.477397 63.474695 49.185739 30.188520 10.353672 4.135903 4.948763 4.720386 4.031690 19.359488
56.569598 21.491330 35.877225 42.196884 47.931672 57.017642 61.442788 100.330770 104.011026 91.634349 84.854683 99.759602 89.104706 97.170064 94.756150 94.576432 90.356929 78.847699 76.112641 69.190738 55.109190 43.651375 29.999475 12.875668 0.000000 0.000000 0.000000 0.000000 0.000000 0.000000 0.000000 2.635127 11.802233 19.121200 22.580288 46.435231 35.178037 17.151147 0.000000 0.000000 0.000000 0.000000 0.000000 0.000000 33.895978 43.579773 42.607764 52.059072 52.022833 59.482017 61.854815 70.176783 58.946125 51.787726 41.050616 13.465800 3.102867 3.156881 3.033345 3.361785 12.550407
47.451673 23.280755 21.934984 20.743471 58.175603 79.597919 77.001947 85.441279 94.504682 76.893560 68.339931 84.726847 103.157715 100.866644 101.072985 90.201962 86.133397 74.867589 72.321029 53.003082 54.861640 39.936582 29.542346 19.300476 0.000000 0.000000 0.000000 0.000000 0.000000 0.000000 0.000000 0.000000 0.000000 2.968863 10.030240 33.411494 35.801177 15.345169 0.000000 0.000000 0.000000 0.000000 0.000000 0.000000 14.826660 47.557862 54.127138 56.279018 62.196989 55.614184 63.720718 71.099978 60.887983 38.704315 29.022735 25.552991 11.215949 2.550605 2.639320 2.799798 12.493943
3.945408 8.583856 4.482838 20.529037 68.159394 93.117596 94.657938 75.661994 84.038285 90.641615 75.313783 72.522613 113.217846 100.919326 77.408316 54.857671 61.165318 57.320830 45.396205 43.570794 39.775214 24.420773 15.973461 6.362308 0.000000 0.000000 0.000000 0.000000 0.000000 0.000000 0.000000 0.000000 0.000000 0.000000 0.000000 11.070961 33.017872 6.470009 0.000000 0.000000 0.000000 0.000000 0.000000 0.000000 0.000000 34.716523 57.050763 58.392739 51.090620 50.249354 53.998404 58.504078 61.094739 43.562678 24.740660 2.650512 24.063957 0.000000 2.333402 8.513757 27.273547
2.787787 2.971790 3.104645 53.304755 60.574397 92.493560 119.871718 59.586360 63.173037 72.122882 61.625040 72.352870 102.324715 78.063458 69.320071 52.620090 50.627913 48.366945 38.897313 41.300784 34.240780 13.779249 10.231304 0.000000 0.000000 0.000000 0.000000 0.000000 0.000000 0.000000 0.000000 0.000000 0.000000 0.000000 0.000000 2.614175 18.653439 7.504925 0.000000 0.000000 0.000000 0.000000 0.000000 0.000000 11.381402 16.168889 20.779207 23.769389 20.382279 34.436941 39.643660 56.900161 64.748613 46.956281 35.195175 10.541926 0.000000 0.000000 0.000000 21.608780 29.595310
0.000000 0.000000 0.000000 46.782009 59.993702 74.296013 107.328016 71.321284 51.393778 56.536296 50.370472 61.949843 78.483817 80.654658 75.833356 70.830247 58.457932 56.361415 45.917626 45.401243 52.788455 36.378798 23.578932 0.000000 0.000000 0.000000 0.000000 0.000000 0.000000 0.000000 0.000000 0.000000 0.000000 0.000000 0.000000 0.000000 0.000000 0.000000 0.000000 0.000000 0.000000 0.000000 0.000000 0.000000 11.282859 14.451533 2.996328 3.232927 3.259339 18.788048 31.298702 52.637593 73.149991 47.546778 37.625195 22.128089 0.000000 0.000000 0.000000 2.686387 22.667935
0.000000 0.000000 0.000000 19.835639 51.315052 78.910724 72.049445 76.329427 65.384785 53.908626 53.787680 53.327251 59.849936 101.324053 92.473617 92.008784 86.246764 72.518289 70.530894 56.105178 45.670551 41.034927 27.520224 25.771418 24.408661 9.563673 0.000000 0.000000 0.000000 0.000000 0.000000 0.000000 0.000000 0.000000 0.000000 0.000000 0.000000 0.000000 0.000000 0.000000 0.000000 0.000000 0.000000 0.000000 7.489515 0.000000 0.000000 2.587074 2.859645 25.733492 27.732287 45.777106 66.217261 57.505387 46.155126 34.646375 26.431545 0.000000 0.000000 0.000000 2.747659
0.000000 0.000000 0.000000 30.259410 52.245668 72.691994 58.287582 62.120662 48.183572 54.028992 53.479270 58.357330 82.314354 111.449133 104.263800 89.985762 97.924460 91.263594 77.714349 63.474405 47.378954 43.440717 36.785346 43.287463 38.778641 23.039691 12.516659 0.000000 0.000000 0.000000 0.000000 0.000000 0.000000 0.000000 0.000000 0.000000 0.000000 0.000000 0.000000 0.000000 0.000000 0.000000 0.000000 0.000000 0.000000 0.000000 0.000000 0.000000 10.689755 28.837242 33.007549 47.008401 63.036005 63.824196 54.070645 43.152549 28.180193 12.363077 0.000000 0.000000 0.000000
0.000000 0.000000 0.000000 16.203800 57.133457 60.411708 59.881256 51.161728 39.011334 50.821126 57.224103 83.463084 93.832748 116.812947 115.419556 104.499841 82.796677 65.300177 63.378134 57.355222 49.651572 48.825414 45.113984 39.369684 37.016871 26.231583 12.799587 0.000000 0.000000 0.000000 0.000000 0.000000 0.000000 0.000000 0.000000 0.000000 0.000000 0.000000 0.000000 0.000000 0.000000 0.000000 0.000000 0.000000 0.000000 0.000000 0.000000 0.000000 11.801157 26.459929 37.714873 45.657718 43.234340 51.071536 47.901081 33.077737 25.910481 6.596066 0.000000 0.000000 0.000000
0.000000 0.000000 0.000000 36.447253 34.380772 35.045211 56.673593 32.962426 4.399559 64.030659 71.307978 84.416434 106.298928 120.657262 87.826465 60.933137 62.368881 64.008643 65.895864 58.695283 58.827044 59.522807 52.526576 45.120861 36.876061 22.433243 15.688193 6.871261 0.000000 0.000000 0.000000 0.000000 0.000000 0.000000 0.000000 0.000000 0.000000 0.000000 0.000000 0.000000 0.000000 0.000000 0.000000 0.000000 0.000000 0.000000 0.000000 0.000000 9.649150 23.216024 43.592274 42.664244 36.162085 27.148560 22.852860 20.554246 19.053223 0.000000 0.000000 0.000000 0.000000
0.000000 0.000000 0.000000 35.270025 61.442874 21.551118 36.603431 2.784455 3.093755 32.316656 57.541980 70.068046 76.122095 101.759166 88.308151 91.213280 94.999307 86.866388 77.816651 67.748309 63.659860 57.209279 63.786935 52.872277 46.431747 27.689539 19.448057 7.960436 0.000000 0.000000 0.000000 0.000000 0.000000 0.000000 0.000000 0.000000 0.000000 0.000000 0.000000 0.000000 0.000000 0.000000 0.000000 0.000000 0.000000 0.000000 0.000000 0.000000 10.512969 28.246356 46.247482 38.591401 31.017793 11.608403 9.438296 0.000000 0.000000 0.000000 0.000000 0.000000 0.000000
0.000000 0.000000 11.474172 49.033229 59.338468 34.089169 2.824797 2.750584 0.000000 17.392023 32.417265 57.521463 55.658921 78.331709 108.897317 104.282593 99.807267 91.976429 87.812301 79.309300 76.661000 67.418724 65.257962 63.125334 56.567766 33.600356 22.615097 0.000000 0.000000 0.000000 0.000000 17.169628 15.643013 0.000000 0.000000 0.000000 0.000000 0.000000 0.000000 0.000000 0.000000 0.000000 0.000000 0.000000 0.000000 0.000000 0.000000 0.000000 0.000000 10.848001 39.493607 43.191354 30.632093 11.069764 0.000000 0.000000 0.000000 0.000000 0.000000 0.000000 0.000000
0.000000 0.000000 24.845350 37.768620 50.358655 48.155713 20.960351 2.301836 9.248506 31.076066 34.499406 54.243848 57.039775 62.918315 72.206577 121.146952 117.254736 93.342816 89.622575 84.861170 83.225624 61.325664 56.455505 62.068775 57.743141 41.601577 33.688671 13.063273 0.000000 0.000000 0.000000 19.782286 22.194163 16.481404 5.426766 0.000000 0.000000 0.000000 0.000000 0.000000 0.000000 0.000000 0.000000 0.000000 0.000000 0.000000 0.000000 0.000000 0.000000 2.565756 17.927665 41.199333 38.778581 20.271994 9.500208 0.000000 0.000000 0.000000 0.000000 0.000000 0.000000
0.000000 0.000000 3.088305 3.103699 35.559007 19.340298 0.000000 0.000000 0.000000 38.376112 53.976221 67.959199 80.961082 65.599443 56.688584 58.954549 74.805909 109.942451 89.653961 77.303263 71.474936 52.359046 43.637887 47.573509 45.124358 47.640929 34.429203 14.394706 9.485566 0.000000 0.000000 26.265851 34.696083 28.199457 17.968626 9.977861 0.000000 0.000000 0.000000 0.000000 0.000000 0.000000 0.000000 0.000000 0.000000 0.000000 0.000000 0.000000 0.000000 0.000000 2.718750 32.773877 35.653554 29.985098 19.583838 0.000000 0.000000 0.000000 0.000000 0.000000 0.000000
0.000000 0.000000 0.000000 0.000000 10.639689 0.000000 0.000000 0.000000 0.000000 32.731256 40.914453 55.347295 57.769365 56.039867 64.730352 48.744262 56.555699 75.438190 80.450032 69.391082 55.951158 46.272378 34.636980 40.079384 41.017140 35.914075 38.847725 20.553791 13.455695 17.176807 8.801015 18.643516 33.904303 25.168462 18.048621 20.095337 13.857083 5.189216 0.000000 0.000000 0.000000 0.000000 0.000000 0.000000 0.000000 0.000000 0.000000 0.000000 0.000000 0.000000 0.000000 22.704736 29.403754 23.383851 18.420212 0.000000 0.000000 0.000000 0.000000 0.000000 0.000000
0.000000 0.000000 0.000000 0.000000 0.000000 0.000000 0.000000 0.000000 0.000000 27.919645 18.765048 39.156359 39.252412 31.167864 47.676906 37.329245 50.919642 63.914027 64.639648 67.129411 49.322556 41.847534 16.702012 16.500001 19.955447 34.408921 39.311646 26.475861 24.542924 37.596161 31.134170 20.700194 21.397737 7.751734 14.671499 29.378012 26.862909 19.956415 18.135563 0.000000 0.000000 0.000000 0.000000 0.000000 0.000000 0.000000 0.000000 0.000000 0.000000 0.000000 0.000000 2.609739 0.000000 0.000000 0.000000 0.000000 0.000000 0.000000 0.000000 0.000000 0.000000
0.000000 0.000000 0.000000 0.000000 0.000000 0.000000 0.000000 0.000000 0.000000 11.745499 0.000000 25.324154 24.237470 25.278748 43.565776 29.101913 40.867513 49.055112 51.015316 65.208952 56.232404 32.607458 21.954562 0.000000 8.069908 26.831012 32.575845 35.227080 30.123850 26.212515 19.101786 14.941367 0.000000 0.000000 0.000000 0.000000 8.471680 16.681394 19.853962 13.299813 0.000000 0.000000 0.000000 0.000000 0.000000 0.000000 0.000000 0.000000 0.000000 0.000000 0.000000 0.000000 0.000000 0.000000 0.000000 0.000000 0.000000 0.000000 0.000000 0.000000 0.000000
0.000000 0.000000 0.000000 0.000000 0.000000 0.000000 0.000000 0.000000 0.000000 0.000000 0.000000 3.529337 3.213471 9.580088 29.745050 13.370494 3.969379 31.237701 38.247265 49.997208 51.931898 24.417668 12.878594 0.000000 0.000000 10.385597 15.382733 35.462489 32.896872 15.998939 0.000000 0.000000 0.000000 0.000000 0.000000 0.000000 0.000000 0.000000 0.000000 19.101598 12.823979 0.000000 0.000000 0.000000 0.000000 0.000000 0.000000 0.000000 0.000000 0.000000 0.000000 0.000000 0.000000 0.000000 0.000000 0.000000 0.000000 0.000000 0.000000 0.000000 0.000000
0.000000 0.000000 0.000000 0.000000 0.000000 0.000000 0.000000 0.000000 0.000000 0.000000 0.000000 0.000000 0.000000 17.227911 30.327458 0.000000 0.000000 4.102998 17.392758 32.796990 41.743021 16.616967 0.000000 0.000000 0.000000 0.000000 0.000000 22.156407 26.209983 6.583124 0.000000 0.000000 0.000000 0.000000 0.000000 0.000000 0.000000 0.000000 0.000000 0.000000 0.000000 0.000000 0.000000 0.000000 0.000000 0.000000 0.000000 0.000000 0.000000 0.000000 0.000000 0.000000 0.000000 0.000000 0.000000 0.000000 0.000000 0.000000 0.000000 0.000000 0.000000
0.000000 0.000000 0.000000 0.000000 0.000000 0.000000 0.000000 0.000000 0.000000 0.000000 0.000000 0.000000 0.000000 0.000000 25.945946 0.000000 0.000000 0.000000 0.000000 16.861341 28.201543 10.059244 0.000000 0.000000 0.000000 0.000000 9.898717 18.150098 17.077321 5.675515 0.000000 0.000000 0.000000 0.000000 0.000000 0.000000 0.000000 0.000000 0.000000 0.000000 0.000000 0.000000 0.000000 0.000000 0.000000 0.000000 0.000000 0.000000 0.000000 0.000000 0.000000 0.000000 0.000000 0.000000 0.000000 0.000000 0.000000 0.000000 0.000000 0.000000 0.000000
0.000000 0.000000 0.000000 0.000000 0.000000 0.000000 0.000000 0.000000 0.000000 0.000000 0.000000 0.000000 0.000000 0.000000 0.000000 0.000000 0.000000 0.000000 0.000000 19.593214 18.772223 0.000000 0.000000 0.000000 0.000000 20.427520 27.719242 28.604950 23.909440 17.397181 0.000000 0.000000 0.000000 0.000000 0.000000 0.000000 0.000000 0.000000 0.000000 0.000000 0.000000 0.000000 0.000000 0.000000 0.000000 0.000000 0.000000 0.000000 0.000000 0.000000 0.000000 0.000000 0.000000 0.000000 0.000000 0.000000 0.000000 0.000000 0.000000 0.000000 0.000000
0.000000 0.000000 0.000000 0.000000 0.000000 0.000000 0.000000 0.000000 0.000000 0.000000 0.000000 0.000000 0.000000 0.000000 0.000000 0.000000 0.000000 0.000000 0.000000 0.000000 0.000000 0.000000 0.000000 0.000000 0.000000 21.027733 34.157824 34.396924 24.106125 0.000000 0.000000 0.000000 0.000000 0.000000 0.000000 0.000000 0.000000 0.000000 0.000000 0.000000 0.000000 0.000000 0.000000 0.000000 0.000000 0.000000 0.000000 0.000000 0.000000 0.000000 0.000000 0.000000 0.000000 0.000000 0.000000 0.000000 0.000000 0.000000 0.000000 0.000000 0.000000
