doc/example/output_maps/snowdepthN0014.asc
ncols         174
nrows         141
xllcorner     744500.000000
yllcorner     5140950.000000
cellsize      250.000000
NODATA_value  -9999.0
[rows 62 to 92 of 141, columns 70 to 139 of 174]
10.904 11.151 10.757 10.951 11.487 12.511 13.911 15.335 16.493 17.643 18.396 19.204 18.368 19.370 19.190 18.285 16.479 18.753 23.392 24.963 23.002 19.065 13.002 8.557 4.829 4.289 4.443 6.405 6.489 12.186 14.188 13.583 18.451 26.755 37.683 29.723 22.284 21.059 34.404 27.633 8.356 1.805 0.900 1.293 1.083 0.365 0.000 0.000 1.590 7.747 5.740 6.826 10.887 18.075 32.104 25.413 14.017 7.133 0.539 0.000 0.010 0.062 0.000 0.000 0.853 1.431 2.591 2.717 3.099 3.364
9.870 9.142 9.723 8.591 10.613 11.420 12.845 14.850 16.232 17.911 19.304 20.530 21.103 21.576 21.820 21.918 21.545 23.871 24.501 22.296 20.324 17.370 10.472 6.351 1.206 1.277 4.666 13.045 9.855 12.560 21.070 27.351 29.479 35.589 39.017 36.135 30.447 33.977 36.631 27.021 8.961 2.469 0.089 0.000 0.000 0.000 0.000 0.000 0.012 1.294 0.262 1.008 7.087 16.818 30.122 28.391 16.920 8.732 0.941 0.000 0.000 0.035 0.000 0.000 0.000 0.000 0.000 0.000 0.032 0.028
8.259 7.159 8.195 6.130 8.331 8.880 11.787 14.339 14.135 14.637 17.038 19.887 21.765 23.099 23.568 24.754 24.833 23.281 20.009 16.828 13.879 12.757 7.418 4.276 2.005 5.182 8.803 10.600 22.498 21.283 24.690 30.083 36.075 39.426 37.166 39.073 38.396 38.967 38.260 30.428 12.685 8.868 3.957 2.218 0.000 0.000 0.000 0.000 0.000 0.000 0.000 0.000 5.931 15.620 24.572 30.247 17.731 10.509 2.888 0.080 0.000 0.000 0.000 0.000 0.000 0.000 0.000 0.000 0.000 0.000
5.556 3.992 3.803 3.474 3.960 5.477 10.025 11.675 10.935 10.904 13.370 16.076 18.995 23.447 23.593 23.732 22.792 21.047 16.412 14.614 11.069 8.279 5.340 10.578 10.692 11.097 15.886 19.355 28.013 29.793 35.688 38.328 38.745 34.142 27.324 35.031 39.734 38.161 36.660 39.330 32.242 21.255 11.632 8.359 4.312 0.809 0.000 0.000 0.000 0.000 0.000 0.000 9.785 4.585 6.482 22.736 26.674 15.606 6.827 2.615 0.000 0.000 0.000 0.000 0.000 0.000 0.000 0.000 0.902 0.969
4.862 3.560 2.570 2.640 3.056 4.654 6.926 8.196 7.376 8.732 11.134 13.663 17.821 20.146 25.555 24.803 22.230 22.354 19.134 16.466 12.977 12.755 8.104 12.796 18.699 19.537 25.437 28.870 37.360 38.383 35.023 33.353 27.974 20.936 21.712 34.281 39.774 33.371 29.361 33.554 35.549 36.243 24.920 19.031 5.007 3.341 0.000 0.000 0.000 0.000 0.000 2.097 2.624 0.739 0.917 10.951 27.744 19.870 7.899 2.430 1.541 0.000 0.000 0.000 0.000 0.000 0.000 0.000 1.767 3.835
8.280 5.135 1.896 1.168 2.275 3.967 3.766 4.682 3.618 4.165 6.656 9.050 14.999 18.450 23.261 27.887 25.315 24.391 23.406 22.571 20.574 20.584 21.544 24.584 29.009 31.894 35.947 37.367 32.028 30.584 27.880 17.027 14.957 5.326 21.480 37.994 37.216 23.879 16.719 20.420 25.595 28.812 31.743 20.671 2.625 1.533 0.000 0.000 0.033 0.000 0.000 1.348 0.000 0.000 2.830 15.687 24.612 20.894 14.836 8.821 1.303 0.000 0.000 0.093 0.000 0.000 0.000 1.179 5.465 10.274
8.361 4.161 0.776 0.288 1.673 2.520 1.824 2.333 2.326 2.383 5.055 8.094 13.946 17.760 22.279 28.185 27.343 25.096 25.214 26.264 24.200 28.061 33.762 35.334 32.221 35.241 35.134 30.105 27.554 19.656 14.815 3.701 5.748 2.921 21.240 36.391 34.858 21.746 9.681 7.956 15.235 15.580 20.738 20.022 2.637 0.739 0.000 0.000 0.000 0.000 0.000 0.000 0.000 0.000 0.974 11.962 24.294 19.997 6.854 1.967 0.000 0.000 0.000 0.000 0.000 0.000 0.257 1.436 5.489 1.798
6.261 5.944 2.830 0.587 0.876 1.575 1.258 1.605 3.728 2.139 3.931 4.352 10.208 16.932 21.993 28.877 26.795 27.025 27.241 30.777 33.545 30.251 17.938 25.789 16.196 27.612 30.970 31.215 12.804 4.376 0.672 0.000 0.000 2.758 20.356 30.764 34.325 18.624 1.741 0.708 2.985 1.650 4.099 11.733 11.982 3.671 0.000 0.000 0.000 0.000 0.000 0.000 0.000 0.000 0.641 11.457 24.590 18.149 1.465 0.000 0.000 0.000 0.155 0.000 0.000 0.000 0.000 0.000 0.000 0.000
5.595 5.122 2.254 1.505 2.181 2.752 3.218 3.908 4.456 4.674 3.747 5.618 10.435 17.585 22.612 30.389 27.341 28.316 29.966 31.978 22.672 19.630 7.628 15.126 14.827 26.150 18.783 23.799 14.491 3.512 0.000 0.000 0.000 0.017 12.597 24.002 34.095 14.912 0.888 0.000 0.000 0.000 0.178 3.606 7.063 7.719 1.512 0.108 0.000 0.000 0.000 0.000 0.000 0.000 6.246 16.710 25.535 14.055 1.033 0.000 0.000 0.000 0.000 0.000 0.000 0.000 0.000 -9999.000 -9999.000 -9999.000
3.747 3.977 1.724 1.036 1.863 2.396 1.732 1.511 1.235 3.528 13.085 14.905 17.592 19.308 24.251 31.447 30.107 31.222 30.641 30.255 13.368 4.856 0.174 0.000 13.328 5.560 1.547 4.197 16.861 4.793 0.000 0.000 0.000 0.000 6.989 16.470 26.130 10.120 0.271 0.000 0.000 0.000 0.000 0.508 2.827 3.908 3.373 1.695 0.000 0.000 0.046 0.000 0.000 0.000 5.375 19.280 23.636 16.682 6.287 2.106 0.078 0.000 0.000 0.000 0.000 0.000 -9999.000 -9999.000 -9999.000 -9999.000
2.712 2.684 1.374 0.986 1.882 1.401 0.916 0.741 0.860 3.282 11.380 22.546 21.930 22.490 27.065 32.306 30.388 30.366 33.094 25.907 8.953 1.706 0.000 0.000 2.430 1.298 0.063 1.208 9.968 6.590 0.000 0.000 0.000 0.000 1.997 9.396 18.954 11.394 4.111 2.791 0.000 0.000 0.000 0.000 1.341 1.558 1.301 0.504 0.000 0.000 0.000 0.000 0.000 0.000 6.049 19.166 22.017 16.610 9.538 5.256 0.466 0.000 0.000 0.000 0.000 -9999.000 -9999.000 -9999.000 -9999.000 -9999.000
0.871 0.867 0.705 1.143 1.192 0.630 0.000 0.000 0.439 2.449 10.641 19.080 25.976 28.220 29.713 33.037 30.009 30.341 32.942 24.826 5.763 1.308 0.000 0.000 0.000 0.000 0.000 0.000 3.352 0.668 0.000 0.000 0.000 0.000 0.000 6.246 8.318 5.840 2.880 1.272 0.194 0.000 0.000 0.000 0.000 0.000 0.000 0.000 0.000 0.000 0.000 0.000 0.000 0.000 8.768 19.068 22.470 18.542 11.539 6.426 5.261 2.675 0.944 0.000 0.000 -9999.000 -9999.000 -9999.000 -9999.000 -9999.000
0.028 0.217 0.681 1.091 0.294 0.000 0.000 0.000 0.542 3.739 12.076 20.197 24.277 27.592 31.356 33.183 31.067 30.087 35.897 20.096 3.653 1.148 0.000 0.000 0.000 0.000 0.000 0.000 0.964 0.000 0.000 0.000 0.000 0.000 0.349 2.049 3.615 0.946 0.718 0.000 0.000 0.000 0.000 0.000 0.000 0.000 0.000 0.000 0.000 0.000 0.000 0.000 0.000 0.773 9.900 16.251 22.062 19.384 14.264 11.815 4.606 3.024 0.676 0.000 0.000 -9999.000 -9999.000 -9999.000 -9999.000 -9999.000
0.000 0.147 0.378 0.000 0.000 0.000 0.000 0.198 2.428 4.690 13.033 21.854 26.150 28.793 32.760 33.718 33.750 32.941 24.196 13.810 4.156 0.314 2.082 0.000 0.000 0.000 0.000 0.000 0.000 0.000 0.000 0.669 0.000 0.000 0.000 0.000 0.070 0.000 0.000 0.000 0.000 0.000 0.000 0.000 0.000 0.000 0.000 0.000 0.000 0.000 0.000 0.000 0.798 3.375 8.486 12.506 20.960 21.017 12.599 5.817 0.000 0.000 0.000 0.000 -9999.000 -9999.000 -9999.000 -9999.000 -9999.000 -9999.000
0.000 0.091 0.000 0.000 0.000 0.000 0.161 1.369 5.404 9.187 16.489 23.562 27.211 29.850 33.425 34.701 35.949 34.962 27.875 20.178 10.521 6.486 6.529 4.700 0.338 2.034 1.037 0.000 0.000 0.000 0.000 0.000 0.000 0.000 0.000 0.000 0.000 0.000 0.000 0.000 0.000 0.000 0.000 0.000 0.000 0.099 0.000 0.000 0.000 0.000 0.000 0.000 3.102 5.049 10.985 17.488 19.941 20.342 10.734 2.613 0.000 0.000 0.000 0.000 -9999.000 -9999.000 -9999.000 -9999.000 -9999.000 -9999.000
0.000 0.000 0.000 0.000 0.000 0.000 1.205 4.604 10.068 14.728 20.492 24.774 28.605 32.632 34.159 35.474 34.946 34.972 35.282 35.230 33.814 30.177 25.158 19.588 10.868 9.011 3.728 1.001 0.000 0.000 0.000 0.000 0.000 0.000 0.000 0.000 0.000 0.000 0.000 0.000 0.000 0.000 0.000 0.000 0.000 0.000 0.000 0.000 0.000 0.000 1.401 2.457 6.341 11.247 12.410 16.344 20.174 20.769 11.866 4.875 1.044 0.000 0.000 0.000 -9999.000 -9999.000 -9999.000 -9999.000 -9999.000 -9999.000
0.000 0.000 0.000 0.000 0.000 0.537 4.888 7.149 13.320 18.164 24.330 27.021 31.439 33.452 34.809 36.001 35.508 34.493 31.412 24.860 13.820 21.546 9.179 10.165 16.176 10.601 1.653 0.000 0.000 0.000 0.000 0.000 0.000 0.000 0.000 0.000 0.000 0.000 0.000 0.000 0.000 0.000 0.000 0.000 0.000 0.000 0.000 0.000 0.000 0.000 2.659 4.939 6.190 6.068 13.344 16.557 20.748 21.235 13.300 6.154 1.923 0.606 0.000 0.387 -9999.000 -9999.000 -9999.000 -9999.000 -9999.000 -9999.000
0.000 0.000 0.000 0.000 0.000 0.729 4.080 6.319 10.832 14.562 22.947 28.296 32.296 34.052 35.285 36.374 36.921 37.510 35.615 31.155 21.798 21.473 11.101 6.208 8.698 7.892 1.641 0.870 0.000 0.000 0.000 0.000 0.000 0.000 0.000 0.000 0.000 0.000 0.000 0.000 0.000 0.000 0.000 0.000 0.000 0.000 0.000 0.000 0.000 0.000 1.173 0.000 0.292 2.809 11.520 17.352 19.306 20.486 20.284 12.680 5.663 3.906 2.788 3.609 -9999.000 -9999.000 -9999.000 -9999.000 -9999.000 -9999.000
0.000 0.000 0.000 0.000 0.000 0.464 1.442 4.581 11.269 17.984 24.958 28.093 32.248 34.308 34.551 34.547 35.179 37.203 38.287 36.433 28.934 24.352 14.759 9.758 10.364 11.031 4.726 1.796 0.000 0.000 0.000 0.000 0.000 0.000 0.000 0.000 0.000 0.000 0.000 0.470 1.117 0.868 1.007 0.445 0.542 0.000 0.000 0.000 0.000 0.000 0.000 0.000 2.692 5.757 13.784 16.323 18.629 19.835 19.659 18.235 11.460 10.655 9.523 9.157 -9999.000 -9999.000 -9999.000 -9999.000 -9999.000 -9999.000
0.000 0.000 0.000 0.164 0.000 0.000 0.920 2.838 8.909 14.476 20.930 26.859 32.352 34.065 32.991 34.521 35.211 35.437 37.596 40.210 37.120 30.283 20.849 16.771 16.228 16.976 8.865 4.218 1.200 0.784 0.941 2.472 0.434 0.051 0.000 0.000 0.000 0.059 2.483 6.584 6.504 5.254 6.879 4.032 5.254 0.000 0.060 1.544 0.000 0.000 0.000 1.509 5.290 8.719 12.746 12.476 14.539 17.768 19.453 18.920 16.958 15.409 10.228 6.925 7.030 -9999.000 -9999.000 -9999.000 -9999.000 -9999.000
0.000 0.000 0.425 0.834 0.368 0.730 1.138 1.741 5.836 12.843 16.128 25.515 33.106 33.173 32.996 33.942 34.333 35.583 37.492 40.702 39.974 35.575 25.749 21.022 26.084 20.924 11.695 6.913 3.671 2.615 5.404 6.587 3.563 2.540 1.646 1.773 3.766 4.609 8.513 12.806 13.323 9.606 12.987 10.589 5.365 2.761 3.248 0.898 0.000 0.000 0.000 1.872 3.729 5.278 8.891 5.441 7.019 10.578 18.718 17.709 15.902 13.389 8.642 5.001 5.331 -9999.000 -9999.000 -9999.000 -9999.000 -9999.000
0.055 2.033 3.152 3.659 4.593 3.320 3.654 2.593 6.814 9.118 20.001 30.385 33.313 33.347 31.539 32.091 33.423 36.434 37.163 39.932 40.580 38.070 32.419 28.724 21.486 21.116 16.443 14.838 12.847 8.648 11.396 17.362 10.153 9.775 6.901 3.243 7.954 11.934 9.497 19.015 30.716 26.493 16.756 23.092 16.830 11.749 9.283 6.129 3.923 3.327 0.833 0.000 1.225 1.554 3.642 1.711 3.558 8.118 15.144 16.129 7.145 5.631 10.116 7.168 2.884 -9999.000 -9999.000 -9999.000 -9999.000 -9999.000
0.204 2.896 7.111 5.696 8.256 7.786 4.947 2.986 8.819 14.822 24.383 31.337 32.841 31.803 28.455 31.369 32.640 37.484 36.827 39.903 41.141 38.890 40.775 39.417 36.867 29.158 25.337 22.273 12.277 8.906 12.544 22.986 16.431 10.816 4.602 3.957 13.181 30.826 31.030 39.826 40.213 37.901 37.584 33.334 29.586 24.683 14.706 10.529 8.005 5.041 0.345 0.000 0.000 1.779 0.809 0.697 4.572 7.619 13.420 10.667 3.903 4.602 6.876 5.778 -9999.000 -9999.000 -9999.000 -9999.000 -9999.000 -9999.000
0.731 2.568 8.304 12.196 14.805 12.159 9.231 11.359 10.585 13.377 22.518 32.226 31.175 32.569 29.862 32.058 34.918 38.368 38.298 41.334 39.771 41.151 35.972 31.763 23.700 26.430 21.607 17.601 11.655 10.074 16.049 25.350 29.942 23.163 24.394 29.181 40.727 52.679 58.185 54.971 39.328 24.650 16.765 14.484 13.369 18.838 22.525 12.843 7.978 3.971 0.000 0.000 0.000 0.000 0.000 1.498 4.831 8.854 12.357 6.019 2.293 1.962 5.872 3.886 -9999.000 -9999.000 -9999.000 -9999.000 -9999.000 -9999.000
2.829 4.024 7.920 12.329 16.597 16.894 17.342 17.142 14.817 16.982 24.466 32.227 30.327 32.916 30.784 32.794 36.987 39.301 39.002 39.567 39.582 38.456 30.423 27.457 20.396 20.729 18.905 18.470 10.448 13.002 22.229 32.054 47.606 39.710 43.900 51.527 63.066 62.184 39.839 29.851 19.506 8.446 5.255 4.887 4.354 7.157 16.314 6.498 4.621 3.796 0.000 0.000 0.000 0.000 1.320 2.259 5.104 9.048 9.594 6.096 4.430 1.876 3.594 3.083 -9999.000 -9999.000 -9999.000 -9999.000 -9999.000 -9999.000
8.158 9.043 14.093 16.072 17.999 19.757 19.129 21.933 21.469 23.539 28.612 31.910 31.988 33.695 33.542 35.516 37.021 38.090 38.312 39.784 40.770 36.475 24.134 25.030 19.702 23.942 27.603 26.490 28.798 33.953 40.404 47.204 61.756 58.486 63.232 68.034 43.625 29.891 14.372 12.547 11.551 4.346 2.194 0.540 1.925 4.947 11.213 6.062 5.845 4.404 2.837 1.464 0.185 0.779 1.874 4.252 8.713 9.961 6.196 4.401 3.047 1.523 0.784 1.682 -9999.000 -9999.000 -9999.000 -9999.000 -9999.000 -9999.000
10.024 11.974 10.072 9.940 14.510 19.919 22.389 23.512 23.936 26.873 29.186 31.449 33.772 34.865 36.201 37.908 39.210 37.552 38.288 40.705 40.951 39.959 30.641 32.558 32.138 35.945 37.359 36.518 40.446 44.625 54.551 62.474 66.010 67.338 66.866 53.858 30.238 19.110 6.225 2.985 10.772 2.772 0.000 2.880 5.874 7.417 9.823 7.790 3.086 2.203 1.071 0.000 0.000 0.345 1.803 4.293 4.412 7.806 4.939 3.339 3.314 1.049 0.000 0.004 -9999.000 -9999.000 -9999.000 -9999.000 -9999.000 -9999.000
2.889 3.667 3.779 5.249 8.665 11.670 18.196 23.840 25.466 27.155 29.145 31.725 31.475 32.452 34.259 35.259 36.815 41.265 41.951 41.143 40.572 41.098 39.513 43.868 44.597 46.644 45.784 50.987 53.434 62.389 59.742 54.576 47.249 34.011 38.617 34.403 12.951 5.058 0.357 0.000 3.427 2.004 0.000 0.000 0.785 2.237 6.759 3.478 0.000 0.000 0.000 0.000 0.000 0.046 0.800 1.139 2.653 4.512 3.235 2.248 1.958 1.307 0.000 0.000 -9999.000 -9999.000 -9999.000 -9999.000 -9999.000 -9999.000
0.764 2.084 3.112 3.784 7.174 10.520 14.917 18.473 24.610 27.013 29.681 30.818 29.851 30.762 32.553 33.531 36.000 36.020 38.041 43.642 43.171 42.219 46.389 50.787 50.609 51.671 55.766 57.522 58.378 52.703 40.381 32.625 25.957 25.609 22.988 26.065 11.916 5.180 0.000 0.000 0.000 0.572 0.000 0.000 0.000 0.000 4.802 3.803 0.000 0.000 0.000 0.000 0.000 0.000 0.532 1.033 1.809 2.952 2.638 1.797 1.450 1.524 0.000 -9999.000 -9999.000 -9999.000 -9999.000 -9999.000 -9999.000 -9999.000
0.662 2.215 4.722 4.932 8.204 10.207 17.166 20.813 24.381 27.435 28.375 28.596 28.725 29.947 31.058 31.124 31.239 32.265 33.152 37.143 43.764 46.980 46.007 39.578 28.568 23.663 26.692 33.040 43.765 44.834 31.324 21.690 15.682 14.297 10.885 10.716 7.608 2.818 2.021 4.399 2.125 0.000 0.000 0.000 0.000 0.000 1.130 -9999.000 -9999.000 -9999.000 -9999.000 -9999.000 -9999.000 -9999.000 0.000 0.000 0.000 0.303 0.203 0.604 0.685 0.772 -9999.000 -9999.000 -9999.000 -9999.000 -9999.000 -9999.000 -9999.000 -9999.000
0.626 2.595 5.758 6.325 9.208 11.003 16.663 20.043 23.977 26.937 27.180 28.390 28.050 29.312 30.075 29.286 29.696 30.916 30.593 33.645 38.124 41.512 38.545 33.320 20.528 11.521 6.923 11.817 39.482 47.942 34.492 23.249 21.017 21.872 10.819 7.955 5.895 7.053 9.401 5.886 0.000 0.000 0.000 -9999.000 -9999.000 -9999.000 -9999.000 -9999.000 -9999.000 -9999.000 -9999.000 -9999.000 -9999.000 -9999.000 -9999.000 -9999.000 0.000 0.000 0.000 0.000 0.154 -9999.000 -9999.000 -9999.000 -9999.000 -9999.000 -9999.000 -9999.000 -9999.000 -9999.000
