doc/example/output_maps/snowdepthN0006.asc
ncols         174
nrows         141
xllcorner     744500.000000
yllcorner     5140950.000000
cellsize      250.000000
NODATA_value  -9999.0
[rows 54 to 80 of 141, columns 0 to 60 of 174]
-9999.0 -9999.0 -9999.0 -9999.0 93.829888 -9999.0 -9999.0 -9999.0 -9999.0 -9999.0 -9999.0 83.326305 81.306178 84.368560 80.146487 75.019624 74.422192 74.751588 77.727028 83.237821 94.558523 97.792747 106.140671 105.917533 99.806798 94.305731 91.647950 90.038137 118.513264 104.836768 102.444363 103.767824 99.280519 98.722383 101.837020 103.553749 105.639012 107.223033 96.155286 79.540169 66.529060 59.810806 52.227644 48.999577 39.658054 21.719200 7.639301 0.000000 0.000000 0.000000 0.000000 8.928969 32.887539 48.124427 59.522451 69.734150 79.684439 71.176431 34.618153 31.105387 0.000000
-9999.0 -9999.0 -9999.0 -9999.0 94.809034 68.114940 73.362887 80.327962 84.799377 95.054787 82.784321 79.362119 84.925758 82.928920 76.961216 73.586436 71.474707 71.266208 77.744607 81.706874 93.486312 98.309787 105.826203 101.313210 88.341421 81.959090 88.884180 88.628715 105.749492 111.499996 106.424479 105.709800 106.502145 102.974057 104.438866 108.830401 113.911686 90.762636 66.411352 64.653959 68.086892 59.543333 45.319434 41.186637 34.646558 14.445379 0.000000 0.000000 0.000000 0.000000 0.000000 20.833369 44.124588 63.228367 79.976107 83.530564 61.286430 45.229406 31.568591 12.252515 0.000000
-9999.0 -9999.0 -9999.0 -9999.0 89.438403 79.028822 89.237492 90.482344 89.777073 94.035365 87.815564 90.445766 84.724791 80.454944 73.867471 69.636260 69.200716 67.372581 74.342142 78.817313 92.455705 97.124967 90.656640 92.889265 99.010495 103.419955 101.112424 97.386114 108.810090 114.395524 108.276995 108.653376 112.096513 108.865071 109.311367 110.837265 95.505968 75.897064 65.408697 63.730693 56.631045 54.162616 43.127582 36.476133 24.917448 7.327852 0.000000 0.000000 0.000000 0.000000 11.769119 25.817753 53.827815 69.269722 83.565758 73.951377 42.600560 22.534398 10.873853 10.049441 0.000000
-9999.0 -9999.0 -9999.0 -9999.0 -9999.0 89.838340 83.136607 84.354009 85.627634 91.524606 94.122721 87.657627 81.500149 75.354129 72.568716 68.301817 61.327929 60.255353 74.346229 77.624730 91.525654 83.844880 85.797557 87.505539 88.542726 96.048811 102.378676 97.640249 99.718393 109.650205 107.423151 113.349083 114.505806 115.312725 117.535967 105.738109 80.978494 70.160090 60.614699 51.668359 38.221707 40.021519 21.777445 10.202137 8.744611 0.000000 0.000000 0.000000 0.000000 0.000000 14.580894 33.654061 60.101857 78.820680 82.089654 61.134327 24.522551 11.470826 0.000000 0.000000 0.000000
-9999.0 -9999.0 -9999.0 -9999.0 -9999.0 85.898592 83.501235 81.942852 81.055087 89.989999 90.903770 87.780150 80.905361 75.348594 67.607301 63.555435 55.570928 57.111136 72.001872 79.929331 79.206793 81.186886 82.306876 83.962981 86.856248 87.514222 99.322900 102.090151 106.837150 98.140078 105.007271 110.421649 115.929842 113.342359 97.663704 77.460984 75.881930 71.292309 66.234861 54.538922 36.675047 21.704322 13.909969 8.000483 0.000000 0.000000 0.000000 0.000000 0.000000 0.000000 9.321792 20.702421 55.054798 79.504630 84.800590 66.764968 42.932535 26.529156 8.414846 0.000000 0.000000
-9999.0 -9999.0 -9999.0 -9999.0 -9999.0 74.595219 80.107830 76.332507 73.684211 74.845082 84.704593 84.629783 80.992143 73.088233 62.710452 58.208662 47.593473 54.142088 71.616959 81.667353 67.750722 75.569800 70.931451 73.881544 80.483014 85.607793 94.252154 101.900137 100.914591 91.920360 94.304039 94.965069 116.851585 86.419845 68.676313 60.727534 60.216331 68.033024 66.105163 60.004371 37.190442 23.065629 7.779903 0.000000 0.000000 0.000000 0.000000 0.000000 0.000000 0.000000 9.789435 22.758051 55.488256 72.349390 90.277957 81.247387 67.824640 35.121933 9.321967 0.000000 0.000000
-9999.0 -9999.0 -9999.0 -9999.0 -9999.0 72.394431 75.776943 76.171823 68.282612 68.780254 72.272845 72.895880 71.292685 71.397943 59.606172 50.729621 42.102572 46.309534 61.309925 70.910139 62.391433 69.672708 68.137799 71.634173 79.709557 83.909142 89.360429 90.973465 82.381239 80.963980 85.842242 80.675103 79.727099 71.976924 59.469527 68.106684 63.116916 51.387299 51.021712 53.319011 26.515796 17.423424 6.334546 0.000000 0.000000 0.000000 0.000000 0.000000 0.000000 9.656545 17.654123 30.863135 53.846275 70.993138 77.084916 69.372952 30.946887 23.847968 7.542123 0.000000 0.000000
-9999.0 -9999.0 -9999.0 -9999.0 -9999.0 73.101227 72.757264 70.691590 67.157177 66.919583 67.841010 71.099217 65.671459 61.535533 51.628906 45.617536 37.141979 38.526682 43.162745 51.073967 50.272553 54.898885 57.403415 68.305457 79.593128 78.373089 80.175850 77.871256 73.363403 76.199320 76.905945 74.544104 52.763853 57.675193 62.359067 56.300247 47.671637 39.746182 36.796480 27.105855 14.091687 10.776843 0.000000 0.000000 0.000000 0.000000 0.000000 8.182379 25.417364 25.553106 20.890108 28.955009 56.400315 67.190190 66.895407 61.608631 23.482420 11.760923 0.000000 0.000000 0.000000
-9999.0 -9999.0 -9999.0 -9999.0 -9999.0 74.831868 71.955306 69.736741 67.558294 62.170023 59.850246 66.168940 66.429983 62.640818 49.373833 42.689338 34.440272 34.339863 36.006726 43.410892 43.923238 49.594534 51.456367 61.509859 73.660384 75.700499 76.309971 74.736872 71.873255 73.494619 71.590119 67.371181 60.457151 49.518298 56.417518 47.846929 40.260051 35.171580 14.293750 16.677711 11.879897 9.488888 0.000000 0.000000 0.000000 0.000000 0.000000 10.611060 31.900195 37.140756 32.582384 32.746655 56.083808 54.841881 65.630086 45.501474 20.623324 7.863031 0.000000 0.000000 0.000000
-9999.0 -9999.0 -9999.0 -9999.0 81.274313 80.397253 73.188914 67.717644 62.673133 60.521867 49.216127 45.749180 53.704664 62.217509 58.150308 43.514131 31.520679 26.284340 28.079256 31.095795 40.317120 45.205935 46.541471 54.754878 62.374266 70.266225 69.642926 68.095226 62.912572 64.411230 59.335066 55.286409 45.944571 29.277464 38.598379 35.269831 20.826617 9.682657 0.000000 0.000000 0.000000 0.000000 0.000000 0.000000 0.000000 0.000000 0.000000 7.441927 25.831634 36.816233 51.758002 56.911357 49.417400 35.461520 44.016386 23.154969 5.734079 0.000000 0.000000 0.000000 0.000000
-9999.0 -9999.0 -9999.0 -9999.0 -9999.0 92.876963 85.843097 68.543072 65.406739 58.771882 51.751278 47.877276 44.987281 37.778215 48.470535 34.675216 31.312702 25.035070 24.189199 25.710698 33.059008 40.241951 39.332250 47.068219 51.167897 55.022421 57.428614 58.435103 53.184288 52.275092 45.103482 41.945559 35.149693 24.153992 20.484955 16.402179 7.420980 0.000000 0.000000 0.000000 0.000000 0.000000 0.000000 0.000000 0.000000 0.000000 0.000000 0.000000 15.791815 32.175515 50.222467 56.959534 37.505160 18.611849 21.188890 13.320819 0.000000 0.000000 0.000000 0.000000 0.000000
-9999.0 -9999.0 -9999.0 -9999.0 -9999.0 -9999.0 73.191346 77.319646 79.879080 83.052614 81.473212 75.214434 55.583602 53.028983 25.731952 24.661930 21.357897 21.390973 19.300782 19.484421 24.979833 31.742002 30.588916 34.578573 36.517654 44.811488 42.570519 45.846797 37.323727 36.598187 25.564702 28.055923 25.768147 16.946889 7.539501 0.000000 0.000000 0.000000 0.000000 0.000000 0.000000 0.000000 0.000000 0.000000 5.627099 0.000000 11.374878 0.000000 10.479266 16.011235 23.485573 30.268269 24.148209 17.437868 0.000000 0.000000 0.000000 0.000000 0.000000 7.588887 21.010615
-9999.0 -9999.0 -9999.0 -9999.0 -9999.0 86.222562 82.284073 83.603235 73.218633 79.491073 77.445321 70.338106 78.934922 62.574547 34.034580 25.156147 20.996605 20.526035 18.488319 16.827045 22.043174 23.417952 24.345413 24.837952 32.421933 41.577998 33.813616 29.943639 27.584548 27.011941 20.260691 18.301569 13.647600 11.031519 0.000000 0.000000 0.000000 0.000000 0.000000 0.000000 0.000000 0.000000 0.000000 0.000000 22.785527 13.185782 22.423621 12.297201 13.086861 17.639398 20.190186 15.347198 15.918408 12.285005 0.000000 0.000000 0.000000 0.000000 0.000000 0.000000 11.917640
-9999.0 -9999.0 -9999.0 -9999.0 -9999.0 98.924615 97.400815 96.085938 97.307974 75.537031 69.527967 66.452613 48.642636 47.151282 27.374811 19.891755 18.538456 17.522572 15.112985 11.271579 13.983787 15.270773 15.585182 16.900380 19.885867 23.427194 13.942407 14.726675 17.475994 12.715354 7.572079 7.389885 0.000000 0.000000 0.000000 0.000000 0.000000 0.000000 0.000000 0.000000 0.000000 0.000000 11.295142 27.980646 49.197246 28.230218 46.489257 31.222299 23.429319 22.805907 26.386891 21.584120 14.982976 8.505985 0.000000 0.000000 0.000000 0.000000 7.414312 6.363284 0.000000
-9999.0 -9999.0 -9999.0 -9999.0 -9999.0 -9999.0 103.177130 96.802949 122.379107 91.088513 63.735287 66.893767 54.966119 38.759775 20.261760 18.038523 16.343767 15.663124 11.887422 10.993594 9.746328 11.564085 11.130346 10.631001 7.223976 7.022124 9.117502 6.691849 7.844753 7.202952 7.857122 0.000000 0.000000 0.000000 0.000000 0.000000 0.000000 0.000000 0.000000 0.000000 0.000000 21.244394 23.409242 45.390040 47.813533 48.077529 58.303209 44.512477 34.184680 28.333331 35.456088 34.497113 25.015790 14.638978 0.000000 0.000000 5.422005 9.300762 16.576631 12.506957 11.626858
-9999.0 -9999.0 -9999.0 -9999.0 -9999.0 -9999.0 110.038723 112.615582 115.362656 97.269329 78.552769 66.135782 56.185736 38.481053 17.366032 19.782877 21.218111 24.266461 22.447948 16.226565 7.976736 5.274907 5.553944 8.292963 0.000000 0.000000 0.000000 0.000000 0.000000 0.000000 0.000000 0.000000 0.000000 0.000000 0.000000 0.000000 0.000000 0.000000 0.000000 0.000000 26.415734 60.239993 44.818878 58.905369 69.209832 75.472772 69.608982 51.823331 50.163551 59.331638 62.866500 55.760802 39.123445 26.342945 4.870535 7.322049 18.306962 21.943969 31.007385 20.315954 17.518264
-9999.0 -9999.0 -9999.0 -9999.0 -9999.0 -9999.0 -9999.0 120.901400 115.574808 109.441396 95.938259 94.073289 51.434819 35.104989 21.299059 20.674636 23.109650 31.291284 30.893043 24.470261 14.369223 6.649849 6.706563 0.000000 0.000000 0.000000 0.000000 0.000000 0.000000 0.000000 0.000000 0.000000 0.000000 0.000000 0.000000 0.000000 0.000000 0.000000 0.000000 5.754466 35.188315 55.740365 63.240513 73.476271 78.461234 109.420894 104.976041 94.050914 62.725585 70.748162 88.402367 70.037683 52.762013 32.496879 8.241764 8.807516 32.697523 38.345222 44.465455 30.065522 25.871908
-9999.0 -9999.0 -9999.0 -9999.0 -9999.0 -9999.0 -9999.0 121.857259 120.646058 111.308140 111.070585 84.699344 58.721985 32.352510 24.815604 21.524291 53.971117 59.595202 47.598029 37.082093 22.139327 15.793835 0.000000 0.000000 0.000000 0.000000 0.000000 0.000000 0.000000 0.000000 0.000000 0.000000 0.000000 0.000000 11.118961 17.439373 18.873838 8.643165 10.233913 12.680497 36.756222 51.810330 69.784349 83.926866 109.271656 115.465426 112.967403 122.770122 83.933293 107.685210 98.770893 77.257096 54.701934 40.749000 11.593251 13.928660 39.523668 63.523733 67.204851 49.838090 48.399292
-9999.0 -9999.0 -9999.0 -9999.0 -9999.0 -9999.0 -9999.0 -9999.0 127.765841 117.839607 93.687234 82.866971 49.116942 37.764862 31.063114 28.742519 60.853742 73.554574 70.630663 52.842176 30.590058 19.298645 4.686945 0.000000 0.000000 0.000000 0.000000 0.000000 0.000000 0.000000 0.000000 0.000000 11.111122 4.096027 24.523985 43.411526 31.631788 16.144423 12.573064 29.138342 42.735065 61.337396 83.740609 95.836142 118.088468 124.555265 100.457654 114.229856 128.856420 104.024487 86.319568 77.533089 60.773622 30.061606 17.049580 18.677235 44.041667 77.208828 81.933100 63.176811 66.605149
-9999.0 -9999.0 -9999.0 -9999.0 -9999.0 -9999.0 -9999.0 -9999.0 114.486895 102.770082 90.186598 86.623116 64.974066 55.188186 47.652692 46.040798 91.554452 100.514850 92.585564 71.467840 33.915715 14.230991 0.000000 0.000000 0.000000 0.000000 0.000000 0.000000 0.000000 0.000000 14.388108 22.458224 39.000953 32.594232 30.462576 45.671204 48.862138 40.427936 44.643895 54.508904 67.070688 81.944258 85.811978 87.425979 99.857859 115.303476 116.870530 126.768873 140.964019 108.239942 87.798025 75.069793 33.341513 22.112507 27.407502 29.730530 54.314533 99.075513 83.215896 81.163263 85.177872
-9999.0 -9999.0 -9999.0 -9999.0 -9999.0 -9999.0 -9999.0 92.732909 95.601572 93.924266 89.530661 88.831385 72.985306 55.166590 48.789183 77.586554 113.394203 101.802730 73.842321 58.421182 35.021156 11.315460 0.000000 0.000000 0.000000 0.000000 0.000000 4.542618 7.930209 17.691624 30.277282 35.608897 57.188343 50.693278 44.857973 54.921273 72.518425 57.284358 66.017690 71.028432 83.737906 90.820822 103.684717 104.224435 104.798242 102.429173 119.762637 138.265611 129.029729 95.582419 63.424411 51.598815 34.420898 32.315563 36.500800 37.675814 59.962283 100.003532 92.782689 85.243640 89.119507
-9999.0 -9999.0 -9999.0 -9999.0 -9999.0 -9999.0 83.289597 97.495179 94.727475 89.766257 93.728057 90.903384 84.113222 69.268933 61.211105 95.998981 122.492758 91.747616 95.804957 93.857504 48.280610 14.451716 0.000000 0.000000 9.649437 14.164964 22.862191 19.037221 27.188204 37.633512 47.149732 60.570537 68.152297 71.006132 71.150449 77.131223 105.553118 77.434988 86.690513 89.751171 98.251194 108.475050 117.283103 119.383918 124.179966 127.285296 107.852479 126.976327 113.500309 78.239731 82.655735 73.678565 42.838950 49.372932 49.021651 54.274005 71.446376 102.511519 102.607040 99.137258 97.125267
-9999.0 -9999.0 -9999.0 -9999.0 -9999.0 106.324356 93.782113 97.144902 102.066557 94.727908 94.650430 96.214645 95.402459 89.178387 79.869779 121.089959 110.502753 106.129877 104.682388 87.417504 32.882016 5.784209 0.000000 5.909096 16.667394 26.736727 47.884182 41.291732 45.542950 48.299818 55.024668 80.217092 85.580675 82.988487 111.540082 83.459770 112.285085 96.334228 101.949061 105.708267 107.036186 117.676144 123.599570 125.741641 127.831379 132.847329 132.183312 133.501354 119.128438 109.868167 105.459001 82.759571 49.546683 57.856922 54.576841 70.721511 76.120175 92.934437 107.700944 102.268302 102.979178
-9999.0 -9999.0 -9999.0 100.961022 119.017454 116.693677 107.865701 117.195097 114.203588 110.631849 104.424652 102.980130 105.604539 97.558758 95.239500 125.789822 114.907952 98.831283 100.309576 57.250268 8.268529 0.000000 6.460667 11.889115 38.140733 49.848847 90.521534 59.355324 66.971965 64.679843 84.406003 83.774351 92.693841 120.474388 118.639753 105.760448 122.545125 115.998020 112.355350 113.982901 116.814334 125.001794 127.872996 129.021678 130.913126 130.257444 134.873303 140.285931 124.083394 97.619687 95.386530 81.015933 62.922253 70.089272 69.868399 69.684978 87.918496 107.487602 105.540933 105.751720 113.929952
-9999.0 -9999.0 106.193069 122.351162 129.684712 125.119914 122.483176 117.102436 96.790061 81.741716 107.766169 111.316759 113.415606 97.007348 98.373557 128.897400 127.287624 108.315524 80.037581 45.571587 12.931185 8.543328 14.537887 17.060340 55.796839 62.135147 109.060504 72.476121 77.482370 97.100695 97.528228 102.157418 98.075962 110.714475 118.870081 122.286743 128.677159 122.608598 124.003967 124.058861 125.694993 129.640881 131.724936 131.824725 129.821730 132.860855 123.385655 130.477486 99.631678 92.048675 99.376737 84.080587 76.373563 73.720073 75.848399 81.537764 100.576016 125.256842 131.828214 134.292533 114.393556
-9999.0 -9999.0 114.089173 124.791360 130.132989 125.423673 109.861178 107.544347 92.737692 97.826484 100.657573 119.773218 121.737939 108.524502 96.538218 126.080248 118.337735 99.675846 79.917365 57.500196 24.630088 23.134810 27.347058 32.905709 55.359628 75.290072 117.631736 92.216656 99.531553 106.393439 112.752566 113.861647 118.017729 107.923614 121.098044 127.842311 116.301936 124.273696 115.694978 123.630518 129.823647 130.036492 131.604518 123.556003 127.411757 140.179360 138.668761 132.272982 107.084087 93.698094 94.590076 99.293162 82.619178 85.478906 83.643699 95.828336 108.702100 132.607122 121.865714 98.704289 87.543680
-9999.0 -9999.0 -9999.0 126.663930 127.302995 123.407492 114.578042 89.279428 119.475860 101.947632 111.121970 125.608935 127.079572 109.601062 88.521830 130.803300 98.750717 91.170689 73.680899 62.927196 35.579655 41.516929 51.952614 46.391720 70.350236 91.453292 120.789419 107.632023 113.017848 116.345887 116.416056 123.971257 120.840434 119.753008 117.135139 126.414108 127.648414 105.053835 123.763650 121.779177 131.369232 132.458626 131.072514 131.033937 122.581294 136.159436 142.896529 133.011267 112.977631 122.083814 88.654814 88.898514 104.787736 90.461697 92.825260 97.005523 104.259531 123.229671 94.282173 91.893832 90.566518
