doc/example/output_maps/SWEDENSITYN0010.asc
ncols         174
nrows         141
xllcorner     744500.000000
yllcorner     5140950.000000
cellsize      250.000000
NODATA_value  -9999.0
[rows 84 to 111 of 141, columns 0 to 61 of 174]
-9999.0 -9999.0 -9999.0 -9999.0 -9999.0 -9999.0 -9999.0 -9999.0 179.257612 166.598614 187.482585 191.116806 189.670571 195.418871 193.985833 188.580388 179.227545 209.781859 185.345411 167.413699 162.459860 169.856508 190.199800 162.050557 162.215447 160.704447 195.816900 182.645002 176.507348 167.137153 172.228401 200.749753 169.450538 203.200846 200.603247 176.356870 202.905536 204.825418 198.985208 198.405810 197.169807 201.725288 197.417501 194.979418 203.907319 186.289228 198.583354 197.993416 201.571271 190.189270 184.550341 193.890980 209.336222 210.016420 208.642430 211.659557 214.883443 219.211684 219.725013 224.387915 220.696892 212.796021
-9999.0 -9999.0 -9999.0 -9999.0 -9999.0 -9999.0 -9999.0 -9999.0 -9999.0 185.734836 177.820111 187.906605 186.991978 188.833147 191.512902 191.339962 207.350574 205.463474 164.120249 199.952524 193.500237 179.619314 193.259093 171.445023 166.829923 203.359666 201.010124 202.731180 198.760021 195.241161 204.561969 202.612061 201.223928 199.027776 196.105289 204.665743 195.313217 187.112872 183.990029 186.362751 179.834369 202.856133 194.110321 196.842082 205.895966 195.246840 188.741450 201.803684 208.238991 180.538990 203.267544 199.456069 207.493180 218.752920 217.683800 217.013589 223.934027 218.789613 229.521630 230.404789 223.583179 209.791136
-9999.0 -9999.0 -9999.0 -9999.0 -9999.0 -9999.0 -9999.0 -9999.0 -9999.0 -9999.0 200.650635 191.609520 197.577218 195.210546 196.615202 206.169209 180.533173 165.947486 164.632415 195.226179 195.006155 210.133635 176.580256 188.661372 203.303470 203.661350 188.960377 189.203211 186.980264 185.489484 187.443363 187.308043 191.751905 198.018220 186.301349 195.333409 202.141859 204.330559 198.360658 196.714218 206.686845 205.545936 210.144533 203.613442 203.750760 208.865547 202.369652 204.415746 200.175592 204.881295 177.606484 215.404665 214.265113 221.338963 247.388699 232.682395 160.587096 251.894642 246.727801 236.816021 251.550314 231.569265
-9999.0 -9999.0 -9999.0 -9999.0 -9999.0 -9999.0 -9999.0 -9999.0 -9999.0 -9999.0 -9999.0 200.485661 188.050165 206.516608 211.342608 209.164473 185.719791 158.476382 165.634829 165.931321 193.001500 209.838456 183.481162 167.230280 196.975610 164.249043 193.436367 199.362197 85.895488 197.852936 195.142745 201.254639 190.205273 193.160965 197.048548 199.058634 208.296960 207.275627 209.136723 103.516863 208.116666 204.009800 205.235374 210.307742 167.272343 212.372958 207.409483 199.891014 198.833631 203.717180 193.390267 190.415914 195.466543 206.813804 240.650818 55.456545 30.391965 44.252257 256.116289 227.831921 253.181388 71.916202
-9999.0 -9999.0 -9999.0 -9999.0 -9999.0 -9999.0 -9999.0 -9999.0 -9999.0 -9999.0 -9999.0 -9999.0 208.175777 210.211586 186.396162 182.159514 171.201928 166.683857 198.919710 176.425428 177.212711 201.031969 192.444252 207.991853 158.691765 157.642912 160.149543 184.035454 207.166922 220.639967 101.301511 90.034348 221.965803 206.528398 205.619127 203.953626 200.953905 201.763241 229.879496 39.091153 207.029901 203.598537 208.788904 215.125825 195.175024 56.475568 85.102614 87.773196 211.615680 202.856389 207.785256 212.637034 214.389877 213.788142 220.561127 250.119157 9.663599 nan 226.123296 230.528811 243.833558 276.265649
-9999.0 -9999.0 -9999.0 -9999.0 -9999.0 -9999.0 -9999.0 -9999.0 -9999.0 -9999.0 -9999.0 -9999.0 207.158409 207.703007 176.313940 196.472861 171.936853 165.261689 188.498655 190.486571 177.600805 200.761292 201.968053 183.597966 183.534248 156.576779 156.514742 168.023025 185.379002 206.614622 236.180647 33.067404 30.409362 54.765330 217.403009 202.885773 202.309243 207.230405 252.782530 5.173681 53.369948 29.438526 71.166140 218.335645 259.173369 12.146697 48.711563 253.909930 224.335483 212.688100 212.661151 215.394511 222.161642 225.821100 260.317949 259.714200 nan nan 248.454561 261.455242 252.302606 229.919866
-9999.0 -9999.0 -9999.0 -9999.0 -9999.0 -9999.0 -9999.0 -9999.0 -9999.0 -9999.0 -9999.0 -9999.0 205.503590 203.840766 200.124222 204.760454 179.316157 203.720670 181.920350 187.283435 192.034928 201.971937 202.581762 190.095287 187.751995 167.219336 159.665551 164.206214 171.893417 169.375265 185.145127 254.211781 18.775091 26.978699 76.316387 218.857998 85.544664 225.222042 248.768754 nan 55.915229 32.723231 44.106461 228.021901 243.967499 nan 26.310022 247.105550 217.006716 215.302570 217.950894 210.399866 232.017573 232.134976 264.105064 nan nan nan 42.214737 33.255393 26.968143 18.628510
-9999.0 -9999.0 -9999.0 -9999.0 -9999.0 -9999.0 -9999.0 -9999.0 -9999.0 -9999.0 -9999.0 -9999.0 -9999.0 -9999.0 -9999.0 -9999.0 -9999.0 195.301834 196.936974 196.078946 206.563806 201.951380 193.674253 184.153772 172.220767 189.302534 163.547553 187.403450 175.142279 168.815429 170.789613 228.859483 nan nan nan nan nan nan nan nan nan nan nan nan 125.682404 nan nan 74.166925 207.361995 211.248979 218.685408 205.503231 186.005920 196.570587 250.217876 280.940107 nan nan nan nan nan nan
-9999.0 -9999.0 -9999.0 -9999.0 -9999.0 -9999.0 -9999.0 -9999.0 -9999.0 -9999.0 -9999.0 -9999.0 -9999.0 -9999.0 -9999.0 -9999.0 -9999.0 -9999.0 199.175132 204.733400 203.411537 195.859911 189.031564 182.694029 195.924266 191.420496 182.667701 199.463070 210.956964 209.574340 199.213798 230.928279 nan nan nan nan nan nan nan nan nan nan nan nan nan nan nan nan 218.375257 211.496852 217.303799 218.578568 214.629532 178.400364 254.250684 281.068722 nan nan nan nan nan 37.937794
-9999.0 -9999.0 -9999.0 -9999.0 -9999.0 -9999.0 -9999.0 -9999.0 -9999.0 -9999.0 -9999.0 -9999.0 -9999.0 -9999.0 -9999.0 -9999.0 -9999.0 -9999.0 -9999.0 -9999.0 204.137752 196.945423 189.029539 178.914134 192.023700 190.531715 177.776835 199.148586 199.559052 219.120840 39.103961 5.128687 299.530471 nan nan nan nan nan nan 318.643664 nan nan nan nan nan nan nan nan 68.989393 58.051376 nan 29.649230 232.164331 210.225404 282.231192 nan nan nan nan nan nan 14.458548
-9999.0 -9999.0 -9999.0 -9999.0 -9999.0 -9999.0 -9999.0 -9999.0 -9999.0 -9999.0 -9999.0 -9999.0 -9999.0 -9999.0 -9999.0 -9999.0 -9999.0 -9999.0 -9999.0 -9999.0 -9999.0 200.563379 185.226100 201.322636 194.622959 177.691327 191.189422 207.308385 239.230654 241.609626 257.793201 230.908015 238.701635 249.167487 261.413595 258.689746 273.765317 305.938080 321.839382 329.552219 nan nan nan nan nan nan nan nan nan nan nan nan 102.083544 238.163705 nan nan nan nan nan nan 98.655711 222.042139
-9999.0 -9999.0 -9999.0 -9999.0 -9999.0 -9999.0 -9999.0 -9999.0 -9999.0 -9999.0 -9999.0 -9999.0 -9999.0 -9999.0 -9999.0 -9999.0 -9999.0 -9999.0 -9999.0 -9999.0 -9999.0 -9999.0 199.556488 188.283627 177.360145 202.040386 217.456892 216.984212 221.050952 237.680030 221.136229 202.505591 198.785974 197.321327 181.297940 185.383419 188.646098 186.692374 201.275235 215.360902 207.601232 203.195412 252.996535 274.175141 nan nan nan nan nan nan nan nan nan nan nan nan nan nan nan nan 250.337255 219.120699
-9999.0 -9999.0 -9999.0 -9999.0 -9999.0 -9999.0 -9999.0 -9999.0 -9999.0 -9999.0 -9999.0 -9999.0 -9999.0 -9999.0 -9999.0 -9999.0 -9999.0 -9999.0 -9999.0 -9999.0 -9999.0 -9999.0 -9999.0 179.074498 190.348387 213.073386 206.683832 211.541727 186.652457 180.514393 183.506929 187.307277 184.030743 181.004362 172.623147 176.304693 174.216155 172.960018 176.777069 176.241025 177.480224 179.727097 215.147690 279.502512 nan nan nan nan nan nan nan nan nan nan nan nan nan nan nan nan 213.558265 88.935025
-9999.0 -9999.0 -9999.0 -9999.0 -9999.0 -9999.0 -9999.0 -9999.0 -9999.0 -9999.0 -9999.0 -9999.0 -9999.0 -9999.0 -9999.0 -9999.0 -9999.0 -9999.0 -9999.0 -9999.0 -9999.0 -9999.0 -9999.0 195.462469 208.416123 208.068356 186.808998 196.958412 177.796146 171.895016 173.602988 171.426511 172.628952 169.831077 170.369256 168.164925 171.769494 170.385887 173.535571 172.561773 193.362982 182.050306 117.578066 nan nan nan nan nan nan nan nan nan nan nan nan nan nan nan nan 289.314108 75.436745 nan
-9999.0 -9999.0 -9999.0 -9999.0 -9999.0 -9999.0 -9999.0 -9999.0 -9999.0 -9999.0 -9999.0 -9999.0 -9999.0 -9999.0 -9999.0 -9999.0 -9999.0 -9999.0 -9999.0 -9999.0 -9999.0 -9999.0 -9999.0 208.799192 178.674678 193.967396 184.611734 176.977360 176.487549 170.688270 168.319247 167.362179 165.183254 163.995065 171.541987 169.646921 173.372987 197.223743 214.563447 208.697954 218.807032 227.925933 nan 313.133136 nan nan nan nan nan nan nan nan nan nan nan nan nan nan nan 270.062798 50.765274 nan
-9999.0 -9999.0 -9999.0 -9999.0 -9999.0 -9999.0 -9999.0 -9999.0 -9999.0 -9999.0 -9999.0 -9999.0 -9999.0 -9999.0 -9999.0 -9999.0 -9999.0 -9999.0 -9999.0 -9999.0 -9999.0 -9999.0 -9999.0 181.785805 184.567287 193.967574 190.758393 182.490693 175.181420 167.109364 164.284867 163.754865 163.840304 164.160316 187.925099 186.160609 207.696736 205.519130 205.783926 49.795635 81.276577 51.359508 192.046475 204.242351 243.209728 nan nan nan nan nan nan nan nan nan nan nan nan nan nan 38.716945 34.836037 nan
-9999.0 -9999.0 -9999.0 -9999.0 -9999.0 -9999.0 -9999.0 -9999.0 -9999.0 -9999.0 -9999.0 -9999.0 -9999.0 -9999.0 -9999.0 -9999.0 -9999.0 -9999.0 -9999.0 -9999.0 -9999.0 -9999.0 -9999.0 188.723644 173.365504 168.259052 199.148444 174.595907 162.071987 161.564499 167.896930 196.711353 207.980751 207.610758 195.307193 189.615236 200.774965 212.397819 236.728872 230.097446 183.902638 180.196171 177.849752 182.171187 292.233920 305.763051 nan nan nan nan nan nan nan nan nan nan nan nan nan nan nan nan
-9999.0 -9999.0 -9999.0 -9999.0 -9999.0 -9999.0 -9999.0 -9999.0 -9999.0 -9999.0 -9999.0 -9999.0 -9999.0 -9999.0 -9999.0 -9999.0 -9999.0 -9999.0 -9999.0 -9999.0 -9999.0 -9999.0 -9999.0 -9999.0 170.795158 170.548255 189.066442 177.362559 163.458335 170.825766 200.595260 201.690324 190.613006 192.364126 200.785904 198.697373 212.970544 253.827755 224.934502 201.065613 173.519447 171.376264 177.638064 182.693249 200.809416 215.637819 nan nan nan nan nan nan nan nan nan nan nan nan nan nan nan nan
-9999.0 -9999.0 -9999.0 -9999.0 -9999.0 -9999.0 -9999.0 -9999.0 -9999.0 -9999.0 -9999.0 -9999.0 -9999.0 -9999.0 -9999.0 -9999.0 -9999.0 -9999.0 -9999.0 -9999.0 -9999.0 -9999.0 -9999.0 -9999.0 167.534203 171.428351 166.157866 165.518123 200.371294 202.019093 200.435656 204.236944 204.817166 199.023204 197.846946 205.200534 227.982725 208.956218 186.640383 169.018126 172.992580 172.594182 178.818016 174.591079 181.719497 232.772470 nan nan nan nan nan nan nan nan nan nan nan nan nan nan nan nan
-9999.0 -9999.0 -9999.0 -9999.0 -9999.0 -9999.0 -9999.0 -9999.0 -9999.0 -9999.0 -9999.0 -9999.0 -9999.0 -9999.0 -9999.0 -9999.0 -9999.0 -9999.0 -9999.0 -9999.0 -9999.0 -9999.0 -9999.0 -9999.0 167.983840 165.943692 165.957155 169.033803 201.681291 191.517362 191.028328 209.602830 208.344172 204.178888 216.804625 233.490185 208.489375 175.281071 205.940214 207.744477 170.268785 213.817528 212.632100 210.637497 188.729776 250.990311 nan nan nan nan nan nan nan nan nan nan nan nan nan nan nan nan
-9999.0 -9999.0 -9999.0 -9999.0 -9999.0 -9999.0 -9999.0 -9999.0 -9999.0 -9999.0 -9999.0 -9999.0 -9999.0 -9999.0 -9999.0 -9999.0 -9999.0 -9999.0 -9999.0 -9999.0 -9999.0 -9999.0 -9999.0 -9999.0 159.967342 160.717335 168.894834 179.856172 163.330188 162.345649 164.814007 190.556719 203.944532 212.801575 197.086399 173.408770 169.980288 203.529328 207.489499 203.758454 -9999.0 201.992636 220.123676 222.161080 266.621177 258.305925 nan nan nan 48.344102 335.024611 nan nan nan nan nan nan nan nan nan nan nan
-9999.0 -9999.0 -9999.0 -9999.0 -9999.0 -9999.0 -9999.0 -9999.0 -9999.0 -9999.0 -9999.0 -9999.0 -9999.0 -9999.0 -9999.0 -9999.0 -9999.0 -9999.0 -9999.0 -9999.0 -9999.0 -9999.0 -9999.0 -9999.0 155.202787 166.815330 157.335970 161.078256 167.808136 175.065836 163.716766 167.330735 177.197737 188.096455 178.325920 179.383658 184.098734 203.838091 -9999.0 -9999.0 -9999.0 -9999.0 220.801207 164.544150 256.827011 nan nan 254.442376 233.807697 239.315702 216.579254 214.382980 271.934926 272.408480 nan nan nan nan nan nan nan nan
-9999.0 -9999.0 -9999.0 -9999.0 -9999.0 -9999.0 -9999.0 -9999.0 -9999.0 -9999.0 -9999.0 -9999.0 -9999.0 -9999.0 -9999.0 -9999.0 -9999.0 -9999.0 -9999.0 -9999.0 -9999.0 -9999.0 -9999.0 -9999.0 -9999.0 155.944578 163.645160 174.780888 194.850066 196.439325 201.224134 201.966435 207.166450 212.341547 207.444482 207.929421 190.920777 -9999.0 -9999.0 -9999.0 -9999.0 -9999.0 -9999.0 222.609948 247.539445 223.261699 210.278745 219.829489 226.083564 235.511662 186.928946 191.710072 222.935943 268.653566 nan nan nan nan nan nan nan nan
-9999.0 -9999.0 -9999.0 -9999.0 -9999.0 -9999.0 -9999.0 -9999.0 -9999.0 -9999.0 -9999.0 -9999.0 -9999.0 -9999.0 -9999.0 -9999.0 -9999.0 -9999.0 -9999.0 -9999.0 -9999.0 -9999.0 -9999.0 -9999.0 -9999.0 -9999.0 -9999.0 176.133809 185.122154 192.092029 191.231954 195.204394 213.280520 215.151076 -9999.0 -9999.0 -9999.0 -9999.0 -9999.0 -9999.0 -9999.0 -9999.0 -9999.0 -9999.0 228.484519 223.275362 229.099609 223.457788 206.357299 215.947426 -9999.0 -9999.0 -9999.0 -9999.0 -9999.0 nan nan nan nan nan nan nan
-9999.0 -9999.0 -9999.0 -9999.0 -9999.0 -9999.0 -9999.0 -9999.0 -9999.0 -9999.0 -9999.0 -9999.0 -9999.0 -9999.0 -9999.0 -9999.0 -9999.0 -9999.0 -9999.0 -9999.0 -9999.0 -9999.0 -9999.0 -9999.0 -9999.0 -9999.0 -9999.0 -9999.0 -9999.0 -9999.0 -9999.0 -9999.0 -9999.0 -9999.0 -9999.0 -9999.0 -9999.0 -9999.0 -9999.0 -9999.0 -9999.0 -9999.0 -9999.0 -9999.0 187.157521 -9999.0 -9999.0 -9999.0 -9999.0 -9999.0 -9999.0 -9999.0 -9999.0 -9999.0 -9999.0 -9999.0 nan nan nan nan nan nan
-9999.0 -9999.0 -9999.0 -9999.0 -9999.0 -9999.0 -9999.0 -9999.0 -9999.0 -9999.0 -9999.0 -9999.0 -9999.0 -9999.0 -9999.0 -9999.0 -9999.0 -9999.0 -9999.0 -9999.0 -9999.0 -9999.0 -9999.0 -9999.0 -9999.0 -9999.0 -9999.0 -9999.0 -9999.0 -9999.0 -9999.0 -9999.0 -9999.0 -9999.0 -9999.0 -9999.0 -9999.0 -9999.0 -9999.0 -9999.0 -9999.0 -9999.0 -9999.0 -9999.0 -9999.0 -9999.0 -9999.0 -9999.0 -9999.0 -9999.0 -9999.0 -9999.0 -9999.0 -9999.0 -9999.0 -9999.0 -9999.0 nan nan nan nan nan
-9999.0 -9999.0 -9999.0 -9999.0 -9999.0 -9999.0 -9999.0 -9999.0 -9999.0 -9999.0 -9999.0 -9999.0 -9999.0 -9999.0 -9999.0 -9999.0 -9999.0 -9999.0 -9999.0 -9999.0 -9999.0 -9999.0 -9999.0 -9999.0 -9999.0 -9999.0 -9999.0 -9999.0 -9999.0 -9999.0 -9999.0 -9999.0 -9999.0 -9999.0 -9999.0 -9999.0 -9999.0 -9999.0 -9999.0 -9999.0 -9999.0 -9999.0 -9999.0 -9999.0 -9999.0 -9999.0 -9999.0 -9999.0 -9999.0 -9999.0 -9999.0 -9999.0 -9999.0 -9999.0 -9999.0 -9999.0 -9999.0 -9999.0 nan nan nan nan
-9999.0 -9999.0 -9999.0 -9999.0 -9999.0 -9999.0 -9999.0 -9999.0 -9999.0 -9999.0 -9999.0 -9999.0 -9999.0 -9999.0 -9999.0 -9999.0 -9999.0 -9999.0 -9999.0 -9999.0 -9999.0 -9999.0 -9999.0 -9999.0 -9999.0 -9999.0 -9999.0 -9999.0 -9999.0 -9999.0 -9999.0 -9999.0 -9999.0 -9999.0 -9999.0 -9999.0 -9999.0 -9999.0 -9999.0 -9999.0 -9999.0 -9999.0 -9999.0 -9999.0 -9999.0 -9999.0 -9999.0 -9999.0 -9999.0 -9999.0 -9999.0 -9999.0 -9999.0 -9999.0 -9999.0 -9999.0 -9999.0 -9999.0 -9999.0 -9999.0 -9999.0 nan
