doc/example/output_maps/SWEN0008.asc
ncols         174
nrows         141
xllcorner     744500.000000
yllcorner     5140950.000000
cellsize      250.000000
NODATA_value  -9999.0
[rows 56 to 83 of 141, columns 0 to 62 of 174]
-9999.0 -9999.0 -9999.0 -9999.0 9.415171 2.393770 10.087890 9.874588 8.850699 10.168489 10.414484 11.777987 10.299358 9.899982 8.689063 7.806246 8.266652 7.153185 8.319449 9.129321 11.650532 10.980436 9.958396 10.241753 10.414330 12.064964 10.703825 10.561080 12.133685 16.471059 16.415717 15.556904 17.394433 15.168310 16.822453 17.384288 13.025093 8.638011 6.701538 5.851371 3.857584 5.233161 2.903091 0.000000 0.000000 0.000000 0.000000 0.000000 0.000000 0.000000 0.000000 0.335615 7.094071 9.509173 11.453212 8.995093 2.623093 0.000000 0.000000 0.000000 0.000000 0.000000 0.000000
-9999.0 -9999.0 -9999.0 -9999.0 -9999.0 8.635658 9.120833 8.527967 8.869565 9.663863 12.573539 11.974646 10.578151 9.099482 8.912412 8.799960 6.780558 5.848262 8.793423 9.161017 10.370152 9.533214 9.667586 9.869891 9.581304 9.916820 12.108246 10.292046 10.869636 13.700046 15.533982 17.018986 16.962832 16.701368 18.277911 15.814938 11.313216 8.026363 7.658359 4.946389 0.000000 0.000000 0.000000 0.000000 0.000000 0.000000 0.000000 0.000000 0.000000 0.000000 0.000000 0.000000 7.288679 10.853246 10.989128 8.210041 1.715252 0.000000 0.000000 0.000000 0.000000 0.000000 0.000000
-9999.0 -9999.0 -9999.0 -9999.0 -9999.0 6.215670 10.882875 9.237344 7.846479 10.017660 12.428765 13.021068 12.037192 10.012321 8.921369 8.038932 5.363724 5.782436 8.731650 9.860990 8.134573 9.521651 9.027917 9.479786 10.109042 9.747060 11.614352 12.917982 12.812664 10.130131 11.075997 14.555996 16.486601 15.404550 11.398568 9.424057 9.383503 8.714594 10.045700 8.289017 3.859067 0.000000 0.000000 0.000000 0.000000 0.000000 0.000000 0.000000 0.000000 0.000000 0.000000 0.000000 5.294938 9.573743 12.922471 9.764044 6.776777 5.057843 0.000000 0.000000 0.000000 0.000000 0.000000
-9999.0 -9999.0 -9999.0 -9999.0 -9999.0 0.000000 9.788775 9.005942 6.698896 5.989377 9.627265 10.278111 11.646570 10.355102 8.035862 6.935093 3.371775 4.761309 8.437605 10.488645 5.876755 8.206566 6.673747 6.744357 9.095322 9.552530 11.066813 12.647330 11.392436 10.318569 10.662993 10.131345 15.002534 9.793987 6.828148 4.048488 2.937979 5.975161 8.160460 9.164900 4.109752 0.000000 0.000000 0.000000 0.000000 0.000000 0.000000 0.000000 0.000000 0.000000 0.000000 0.000000 4.724648 7.419591 12.724814 12.329786 10.243454 5.275637 0.000000 0.000000 0.000000 0.000000 0.000000
-9999.0 -9999.0 -9999.0 -9999.0 -9999.0 0.000000 9.261310 9.139104 7.397337 5.384751 6.083496 6.748710 7.316050 9.595549 7.669004 5.382419 2.524468 2.023718 4.457198 7.242841 5.895792 6.990508 7.241068 7.737741 8.997213 9.317044 10.321923 10.295577 9.012742 7.687465 8.831605 6.553163 7.386267 8.747378 4.151419 6.119479 6.323279 2.643596 2.500953 4.817477 0.000000 0.000000 0.000000 0.000000 0.000000 0.000000 0.000000 0.000000 0.000000 0.000000 0.000000 0.000000 4.638736 7.371602 8.069293 9.749745 0.000000 0.000000 0.000000 0.000000 0.000000 0.000000 0.000000
-9999.0 -9999.0 -9999.0 -9999.0 -9999.0 2.092258 8.518164 7.852817 8.169708 6.896133 6.694340 8.295338 7.390761 7.248812 5.229828 4.364671 2.103898 0.724529 0.000000 1.796014 2.667311 3.623614 4.434583 7.504231 8.667527 9.129750 8.856605 8.178366 6.948485 7.507193 7.086905 7.349600 0.341748 2.053572 6.015888 4.560580 3.382708 1.290324 0.000000 0.000000 0.000000 0.000000 0.000000 0.000000 0.000000 0.000000 0.000000 0.000000 4.903338 5.058223 0.000000 0.000000 5.896155 6.811389 5.990767 7.608280 0.000000 0.000000 0.000000 0.000000 0.000000 0.000000 2.138297
-9999.0 -9999.0 -9999.0 -9999.0 -9999.0 7.125283 9.449985 8.978785 8.595428 7.084817 4.662775 6.774947 8.671216 9.228054 6.980667 4.728851 2.118739 0.000000 0.000000 0.635309 2.526909 3.463306 3.877545 5.746454 7.322923 8.661838 8.063903 8.089992 7.064176 7.552596 6.419391 5.935094 5.432428 1.407858 4.769935 3.484034 0.978402 0.000000 0.000000 0.000000 0.000000 0.000000 0.000000 0.000000 0.000000 0.000000 0.000000 0.000000 2.084977 5.613436 5.846498 3.916991 5.200280 3.260591 6.959073 2.847081 0.000000 0.000000 0.000000 0.000000 0.000000 0.000000 0.000000
-9999.0 -9999.0 -9999.0 -9999.0 9.951815 11.808600 10.697788 9.831987 8.369942 7.648290 6.064330 0.378260 4.304921 6.552123 9.019991 5.509222 2.615782 0.000000 0.000000 0.000000 1.936082 3.112016 2.900388 4.152569 5.011968 7.325785 7.465294 7.429208 6.015174 6.311980 4.614416 3.829387 2.966885 0.000000 0.000000 0.000000 0.000000 0.000000 0.000000 0.000000 0.000000 0.000000 0.000000 0.000000 0.000000 0.000000 0.000000 0.000000 0.000000 2.845620 8.142138 8.717165 4.593016 0.000000 0.243015 0.000000 0.000000 0.000000 0.000000 0.000000 0.000000 0.000000 0.000000
-9999.0 -9999.0 -9999.0 -9999.0 -9999.0 10.757314 11.173430 10.178996 9.950961 8.791162 7.639577 7.223900 7.292566 3.989893 2.525130 0.915424 1.305842 0.000000 0.000000 0.000000 0.000000 1.904232 0.826956 2.176557 2.466592 3.516484 4.188523 5.255641 3.749624 3.412826 1.296470 0.814071 0.000000 0.000000 0.000000 0.000000 0.000000 0.000000 0.000000 0.000000 0.000000 0.000000 0.000000 0.000000 0.000000 0.000000 0.000000 0.000000 0.000000 0.000000 3.008877 6.409245 2.599243 0.000000 0.000000 0.000000 0.000000 0.000000 0.000000 0.000000 0.000000 1.293203 5.017805
-9999.0 -9999.0 -9999.0 -9999.0 -9999.0 -9999.0 2.337189 11.476591 11.500666 11.923701 11.849632 10.890208 8.329096 7.910600 0.000000 0.000000 0.000000 0.000000 0.000000 0.000000 0.000000 0.000000 0.000000 0.000000 0.000000 2.367035 0.807750 2.122936 0.000000 0.000000 0.000000 0.000000 0.000000 0.000000 0.000000 0.000000 0.000000 0.000000 0.000000 0.000000 0.000000 0.000000 0.000000 0.000000 0.000000 0.000000 2.774616 0.000000 1.761926 0.809971 0.000000 0.000000 0.000000 0.000000 0.000000 0.000000 0.000000 0.000000 0.000000 0.000000 1.343056 3.891869 8.357324
-9999.0 -9999.0 -9999.0 -9999.0 -9999.0 10.189009 12.328440 12.097824 10.791739 11.190736 11.206409 8.931943 10.250833 9.256045 4.551592 0.000000 0.000000 0.000000 0.000000 0.000000 0.000000 0.000000 0.000000 0.000000 0.000000 1.953432 0.000000 0.000000 0.000000 0.000000 0.000000 0.000000 0.000000 0.000000 0.000000 0.000000 0.000000 0.000000 0.000000 0.000000 0.000000 0.000000 0.000000 0.000000 4.442819 3.093980 4.383819 2.931605 3.094723 3.921761 2.880095 0.000000 0.000000 0.000000 0.000000 0.000000 0.000000 0.000000 0.000000 0.000000 0.000000 0.000000 3.338863
-9999.0 -9999.0 -9999.0 -9999.0 -9999.0 14.440779 14.279495 13.118157 13.416738 10.538860 9.930312 9.708385 4.815126 3.285128 0.000000 0.000000 0.000000 0.000000 0.000000 0.000000 0.000000 0.000000 0.000000 0.000000 0.000000 0.000000 0.000000 0.000000 0.000000 0.000000 0.000000 0.000000 0.000000 0.000000 0.000000 0.000000 0.000000 0.000000 0.000000 0.000000 0.000000 0.000000 0.649216 4.786454 7.684163 4.879037 7.237931 5.383665 4.681683 4.588108 5.175363 4.347032 0.000000 0.000000 0.000000 0.000000 0.000000 0.000000 0.000000 0.000000 0.000000 0.000000 0.000000
-9999.0 -9999.0 -9999.0 -9999.0 -9999.0 -9999.0 14.285137 13.478942 17.106424 12.531340 9.073616 9.803874 8.216407 3.156272 0.000000 0.000000 0.000000 0.000000 0.000000 0.000000 0.000000 0.000000 0.000000 0.000000 0.000000 0.000000 0.000000 0.000000 0.000000 0.000000 0.000000 0.000000 0.000000 0.000000 0.000000 0.000000 0.000000 0.000000 0.000000 0.000000 0.000000 3.931443 4.411002 6.931554 7.131939 7.089353 8.662699 6.872443 5.845026 4.912160 5.816967 5.820398 4.856825 2.411452 0.000000 0.000000 0.000000 0.000000 2.887566 0.000000 0.000000 0.000000 0.000000
-9999.0 -9999.0 -9999.0 -9999.0 -9999.0 -9999.0 14.502626 15.831271 14.345645 14.287039 11.232325 9.528210 8.401718 4.640698 0.000000 1.181226 3.348326 4.796849 4.625936 2.176007 0.000000 0.000000 0.000000 0.000000 0.000000 0.000000 0.000000 0.000000 0.000000 0.000000 0.000000 0.000000 0.000000 0.000000 0.000000 0.000000 0.000000 0.000000 0.000000 0.000000 3.312823 9.078880 6.695061 8.511199 9.919860 10.874652 9.936987 7.417113 7.397822 8.599093 9.134440 8.290032 6.296297 4.933996 0.000000 0.000000 3.404266 4.442130 5.736959 3.602645 1.652948 0.000000 0.000000
-9999.0 -9999.0 -9999.0 -9999.0 -9999.0 -9999.0 -9999.0 15.996656 17.285096 15.955299 13.374417 13.248730 7.520719 4.347608 3.085870 0.000000 4.299503 5.281525 5.380019 4.782789 1.880341 0.000000 0.000000 0.000000 0.000000 0.000000 0.000000 0.000000 0.000000 0.000000 0.000000 0.000000 0.000000 0.000000 0.000000 0.000000 0.000000 0.000000 0.000000 0.000000 1.737611 5.489964 9.096521 10.430229 10.907146 15.612632 14.769534 13.394649 8.888608 9.960229 12.647711 10.077191 7.907016 5.604751 0.000000 0.000000 5.121543 6.238621 7.043249 5.498820 5.016130 4.923227 5.317023
-9999.0 -9999.0 -9999.0 -9999.0 -9999.0 -9999.0 -9999.0 17.140837 17.010844 15.259147 16.057647 12.019538 8.338173 4.210593 3.974192 2.086920 7.943415 8.786058 7.150525 5.890911 4.000290 2.539366 0.000000 0.000000 0.000000 0.000000 0.000000 0.000000 0.000000 0.000000 0.000000 0.000000 0.000000 0.000000 0.121887 3.587429 3.859071 0.000000 2.395608 2.298926 1.839253 6.366489 10.021731 11.791553 15.817334 16.147233 16.214673 17.874519 11.729192 15.638604 14.438386 11.091004 8.072779 6.158114 0.000000 0.000000 4.992972 9.479455 10.011429 7.631789 7.454704 7.765556 8.442310
-9999.0 -9999.0 -9999.0 -9999.0 -9999.0 -9999.0 -9999.0 -9999.0 18.150023 17.128720 13.794224 11.889979 7.125971 6.254291 5.491595 4.541371 8.848578 10.580936 10.138243 7.807897 5.307184 1.975396 0.000000 0.000000 0.000000 0.000000 0.000000 0.000000 0.000000 0.000000 0.000000 0.000000 2.637914 0.000000 3.640704 6.947864 5.331192 3.478280 2.831321 4.882334 6.332796 7.850392 10.088576 11.738147 15.064181 18.233248 13.628688 15.631471 19.188451 15.294287 12.574654 10.979822 8.357241 1.804269 0.963974 0.000000 5.689064 11.370025 12.134850 9.344449 9.923391 9.351713 10.916251
-9999.0 -9999.0 -9999.0 -9999.0 -9999.0 -9999.0 -9999.0 -9999.0 8.298655 14.322688 12.766424 12.448020 9.248066 8.450662 7.045918 6.460309 12.988751 14.347217 14.228821 10.392122 5.086268 0.000000 0.000000 0.000000 0.000000 0.000000 0.000000 0.000000 0.000000 0.000000 3.156363 4.190822 6.167583 5.393915 5.290883 7.099681 7.344286 6.266757 6.761626 8.145568 9.776973 11.101795 9.374146 8.975870 10.144230 12.731478 16.728085 17.620889 20.477592 14.876969 12.771976 10.621628 2.864410 0.000000 3.665828 2.656303 7.431489 15.153131 12.377871 11.881378 12.634365 11.122533 14.819696
-9999.0 -9999.0 -9999.0 -9999.0 -9999.0 -9999.0 -9999.0 10.461993 4.208942 11.158256 12.166608 12.519939 10.503262 8.227756 6.932896 11.025225 16.741269 15.366491 10.427613 8.462319 5.484171 0.000000 0.000000 0.000000 0.000000 0.000000 0.000000 0.000000 0.000000 3.636780 5.184268 5.670389 8.581251 7.558460 6.688974 8.076279 10.753853 8.394832 9.729383 10.253189 12.080247 12.842246 15.217880 12.124464 10.442649 11.324007 15.172667 18.890786 18.476076 13.826933 8.730167 7.512275 3.716237 5.449266 6.296774 5.184100 7.309170 13.136298 13.943793 12.325691 12.866202 11.865199 16.827390
-9999.0 -9999.0 -9999.0 -9999.0 -9999.0 -9999.0 1.381076 10.499279 11.080953 10.556104 12.640874 12.836669 12.513309 9.797628 8.552543 13.610127 18.950755 13.877098 14.097369 13.395201 6.975674 0.000000 0.000000 0.000000 0.000000 2.941385 4.027602 3.774900 4.808644 6.126438 7.097932 8.831836 9.788891 10.291442 10.345444 11.023046 15.812371 11.135689 12.577918 12.921625 14.459304 15.837268 17.408284 17.664492 16.484075 16.694962 11.184512 18.255275 16.979259 10.372276 11.374040 10.719834 6.671028 7.801611 7.722661 8.103874 10.317407 13.866648 15.861102 14.298639 14.053224 14.934479 18.992955
-9999.0 -9999.0 -9999.0 -9999.0 -9999.0 8.741892 6.237961 11.786806 14.054308 13.403818 14.283297 15.393713 13.896024 12.381809 11.062172 17.864977 15.227213 14.531517 14.677454 13.167515 2.625621 0.000000 0.000000 0.000000 3.288286 4.353820 7.139523 6.284290 6.992614 7.239321 8.119685 11.663331 12.264406 11.656924 16.764617 11.655567 16.860892 13.540713 14.511259 15.317603 15.755663 16.970592 18.073806 18.067336 17.818622 18.585443 18.511888 17.601309 16.804903 16.436002 15.293125 12.034749 7.245082 8.784496 8.210293 10.252180 10.948726 12.841131 15.277815 14.405404 14.408512 15.200552 17.286484
-9999.0 -9999.0 -9999.0 4.490831 10.195101 13.685667 15.432163 16.572762 16.111938 15.950222 15.182925 15.188010 15.865173 13.508505 13.323918 17.642267 16.133135 13.680068 14.394639 8.127846 0.000000 0.000000 0.000000 0.000000 5.803178 7.198516 13.413116 8.534520 9.814365 9.353955 12.279282 11.589051 12.407026 17.815523 16.570098 14.914910 18.271928 16.813175 16.180391 16.645042 16.991871 18.536866 18.831519 18.622746 18.957616 18.090540 19.208369 19.402893 18.698781 14.779405 13.523159 11.689777 9.163265 10.313265 10.343494 10.206509 13.084724 15.882496 14.868578 15.001383 16.722701 18.859394 14.762111
-9999.0 -9999.0 13.726536 14.017787 19.519019 19.077891 17.218790 16.434621 13.567591 11.367902 15.382982 15.824424 17.008712 13.542014 13.518898 17.972088 18.646499 15.380635 11.461967 6.322630 0.000000 0.000000 2.565896 0.000000 7.522379 8.826574 16.215202 10.296837 11.088964 14.117689 13.873984 14.894258 11.653131 12.790339 16.539982 17.032404 17.498602 17.240697 18.548687 18.489870 18.385441 18.928936 19.224593 18.961437 17.848589 18.723671 16.441217 19.804318 13.496225 13.315466 13.982056 12.619886 10.862435 11.072021 10.909291 11.772698 13.612399 17.816968 19.604312 20.443090 13.619819 12.418022 13.870537
-9999.0 -9999.0 16.447040 13.395069 19.612748 18.406424 15.130917 14.391495 12.440329 13.858023 13.945588 17.028533 17.503604 14.861531 12.866355 17.998891 17.240025 14.137566 10.918664 8.206115 4.134441 4.438863 4.716509 5.262119 7.084893 10.683411 17.185391 12.864781 14.175805 15.843943 16.650046 17.076842 17.038305 11.884242 17.118756 18.048036 16.313690 18.332934 17.029596 17.123595 19.548377 18.096546 18.108304 16.552278 18.181823 19.957505 19.155691 17.714948 15.490727 12.765633 13.273037 14.143343 11.918550 12.288355 12.231123 13.778288 15.240699 19.117720 17.024336 13.541253 9.336244 8.220443 12.628270
-9999.0 -9999.0 -9999.0 13.583726 17.252884 16.665626 15.471438 11.807066 16.742174 15.283259 15.490556 17.485684 17.827243 14.772819 12.060887 19.582446 14.332486 13.110332 9.481347 9.103660 5.691602 6.577736 7.818309 6.853143 8.789922 12.773697 17.275667 15.218256 16.258862 16.910338 18.134243 17.483702 17.830585 17.035974 15.019363 18.066579 18.757956 15.470893 17.659138 17.445537 19.387534 19.674000 18.338749 19.142396 14.592363 18.262240 19.358332 19.215858 16.434924 16.951265 12.710646 12.314310 15.277239 12.749391 13.196591 13.695464 14.993547 17.160538 13.466449 11.801949 10.760351 9.646907 9.908975
-9999.0 -9999.0 -9999.0 -9999.0 -9999.0 -9999.0 14.596908 15.059857 13.283352 15.183114 17.310257 17.773873 17.699097 12.396619 12.337811 17.130713 11.075937 10.601013 5.638640 8.892424 7.678768 6.142394 10.938118 11.162399 6.987061 11.463818 19.470735 15.487704 18.397463 18.738122 17.019397 16.448244 18.275362 16.909472 17.854101 18.959118 13.367879 15.717412 17.986261 18.535311 19.570812 18.748055 17.935749 18.589525 18.816010 17.651136 18.728261 18.508454 16.722708 16.995406 15.324403 13.678196 15.369520 15.244211 15.235331 16.619871 18.862556 11.158525 11.311044 12.384952 11.317142 8.588101 5.329272
-9999.0 -9999.0 -9999.0 -9999.0 -9999.0 -9999.0 -9999.0 18.510012 13.458092 12.407348 12.161323 12.680524 13.393201 11.313549 17.988445 11.491777 10.358031 10.498286 8.303418 8.350808 7.124159 6.109294 8.578685 14.827327 10.095542 10.086346 17.533103 17.552509 18.529943 17.866203 15.755514 13.277726 17.588239 18.015259 16.655906 18.000342 15.348621 17.910870 18.918939 17.696428 19.002766 18.221887 13.467267 20.293809 14.575636 15.610070 18.160093 17.048489 19.374769 19.138043 19.458967 14.133867 16.262021 15.761807 16.742309 10.572068 10.181406 10.213301 10.085057 10.755884 11.221820 9.597121 7.811614
-9999.0 -9999.0 -9999.0 -9999.0 -9999.0 -9999.0 -9999.0 14.486578 16.605804 18.771429 17.475019 16.159801 18.554239 19.249947 11.800283 11.177996 9.115690 7.082919 12.924427 9.390152 7.651733 10.439362 12.709695 15.571824 14.184302 7.628334 18.997252 16.718506 16.731796 14.783843 13.685558 17.920474 16.083670 16.573046 19.988342 14.474356 19.094509 17.109602 18.927454 18.315976 19.249067 18.486301 10.734075 10.585232 10.362493 9.113121 14.873200 15.837920 12.917127 9.313470 9.003843 13.975351 12.297261 8.028791 8.438604 9.970452 6.842124 8.411970 9.014808 9.187412 10.000441 10.689862 8.860783
