doc/example/output_maps/SWEN0011.asc
ncols         174
nrows         141
xllcorner     744500.000000
yllcorner     5140950.000000
cellsize      250.000000
NODATA_value  -9999.0
[rows 81 to 107 of 141, columns 0 to 61 of 174]
-9999.0 -9999.0 -9999.0 -9999.0 -9999.0 -9999.0 47.218508 51.321206 41.470703 38.534703 40.740376 42.361868 42.717803 30.702127 38.408996 56.654222 30.393741 26.611812 12.384002 14.998960 12.858623 11.477894 19.194228 20.326518 12.870370 29.699417 55.278420 35.973046 40.906900 42.153891 36.798711 36.370601 42.277937 40.939670 46.406851 53.861925 37.856297 41.286453 43.484015 47.202788 50.237111 46.193269 51.721024 48.985585 53.927633 53.404168 58.655376 58.827863 46.235508 44.629238 44.680630 34.742728 33.197206 30.243486 32.978277 38.264271 49.696990 30.189532 27.921842 26.469547 21.887969 16.845956
-9999.0 -9999.0 -9999.0 -9999.0 -9999.0 -9999.0 -9999.0 63.632459 42.282553 34.828279 33.029384 33.257930 36.591977 34.937654 64.241404 37.784693 25.873931 24.129968 14.217793 13.758583 12.282554 10.940016 15.221062 28.104876 19.341671 31.659209 46.504656 39.302311 41.683497 39.919279 38.520620 33.312317 41.161060 49.514507 46.404938 57.325328 36.748229 43.537712 49.954868 47.952393 49.103728 47.650038 46.899584 59.136782 48.779582 53.097599 60.721344 56.208515 58.221783 55.836830 61.789748 36.901713 37.889713 37.133644 41.403170 29.012147 30.904324 25.634177 23.493269 22.352037 20.932775 17.508781
-9999.0 -9999.0 -9999.0 -9999.0 -9999.0 -9999.0 -9999.0 61.844677 61.674492 63.833040 58.954208 54.283896 59.877120 64.537057 40.706492 35.152887 20.907462 14.804466 23.135700 18.879853 13.531456 18.544885 22.744727 30.029597 26.574320 21.837685 52.063199 40.676516 39.094762 34.853052 40.374099 56.555528 42.810598 46.026194 61.248967 41.796986 48.976338 48.139761 50.691806 55.958347 56.311887 52.235826 34.678485 37.666847 33.541211 33.853903 51.977517 51.376423 42.741821 37.503978 35.071994 38.367023 26.877834 20.469671 23.479730 24.524296 17.821865 18.185538 18.461399 18.334475 18.346205 18.384691
-9999.0 -9999.0 -9999.0 -9999.0 -9999.0 -9999.0 -9999.0 -9999.0 37.763005 32.912656 39.871083 42.041137 42.842708 44.599236 39.208029 29.008558 22.914340 24.421987 19.251438 34.149259 27.305839 24.756939 28.667122 26.999537 29.011750 30.367594 46.977004 53.160629 50.894302 52.282963 50.885420 52.234587 52.966068 54.966266 48.249906 52.261439 47.800641 50.111592 45.538354 40.704223 35.734520 41.779354 28.939065 29.495003 35.849879 20.160812 35.294037 40.257076 42.199146 27.601269 20.134900 27.088856 26.840498 17.787643 17.095598 19.891792 16.173844 19.866490 15.852208 15.393021 20.786378 19.023682
-9999.0 -9999.0 -9999.0 -9999.0 -9999.0 -9999.0 -9999.0 -9999.0 -9999.0 39.995581 36.880656 35.591913 36.524018 35.241722 30.614649 24.431631 20.515012 22.602646 21.159340 48.504396 34.200782 28.930474 26.320032 35.313302 41.165828 45.343068 42.084348 45.186734 43.706149 40.813326 55.972312 52.023434 54.474649 41.352770 33.837351 56.302257 32.280216 25.187580 22.122846 21.844970 18.223159 35.511722 20.488638 22.622168 30.388828 16.824953 25.383132 31.510994 43.892267 33.974045 25.266550 19.366344 18.377059 12.902683 12.076994 13.608246 11.972358 13.999851 12.249046 11.438401 16.060552 18.413831
-9999.0 -9999.0 -9999.0 -9999.0 -9999.0 -9999.0 -9999.0 -9999.0 -9999.0 -9999.0 40.612401 34.625697 33.533621 29.346437 26.378181 25.509390 26.590134 20.730732 29.359949 46.989994 24.895353 31.312289 28.006656 39.866047 52.926968 38.549792 23.096977 21.462358 20.415939 21.106193 23.363354 25.400960 30.021433 32.767376 21.604714 36.436116 33.721051 26.454834 21.697344 20.032151 27.389030 34.905772 21.514385 16.007714 23.050734 12.837657 25.908994 31.845002 27.728449 44.266965 26.480712 23.585313 16.117981 15.040100 7.981222 10.464622 5.566814 7.623920 10.123278 11.633616 7.931784 12.597171
-9999.0 -9999.0 -9999.0 -9999.0 -9999.0 -9999.0 -9999.0 -9999.0 -9999.0 -9999.0 -9999.0 30.173990 26.794854 32.523818 28.144244 31.162127 29.946213 25.111766 47.690308 35.577404 26.636983 28.195811 31.149507 47.580719 44.166940 33.040849 22.801157 16.398390 2.742921 13.989118 13.352446 11.576492 16.494083 19.131931 16.477038 30.709447 36.786995 26.331972 13.921167 2.590049 25.547437 26.896756 25.201883 13.320629 7.907749 6.713483 11.772070 15.244871 18.221296 30.087435 35.222179 23.661385 19.349839 17.386351 11.296588 0.000000 0.000000 0.000000 9.196453 15.138152 9.587304 0.000000
-9999.0 -9999.0 -9999.0 -9999.0 -9999.0 -9999.0 -9999.0 -9999.0 -9999.0 -9999.0 -9999.0 -9999.0 25.696870 35.484674 33.919215 33.983305 29.356167 32.300680 61.606749 32.714554 29.231776 29.107096 29.561144 54.388750 40.003642 35.701113 19.848669 23.189808 18.950948 11.188186 6.910824 2.004010 9.107814 13.876709 14.296596 27.728029 24.886635 18.526638 8.585332 0.071430 14.027463 14.322061 14.836818 18.708312 5.643818 0.000000 1.277598 1.069701 12.519557 17.431057 24.587192 23.541897 20.568030 18.705630 13.474061 11.413640 0.000000 0.000000 12.280263 13.622451 12.241901 8.004532
-9999.0 -9999.0 -9999.0 -9999.0 -9999.0 -9999.0 -9999.0 -9999.0 -9999.0 -9999.0 -9999.0 -9999.0 28.591724 38.126143 36.934765 37.455097 34.349174 47.109589 47.872883 31.542079 35.697640 37.132415 33.880943 25.482801 53.680163 39.268578 27.257445 24.952205 20.372623 18.626036 9.884933 0.000000 0.000000 0.214791 10.355886 18.744641 14.738124 17.615898 7.395614 0.000000 0.355060 0.000000 0.000000 14.919728 7.667971 0.000000 0.000000 6.532248 11.522577 13.500537 18.017061 14.781772 14.002094 13.762055 8.604833 8.856794 0.000000 0.000000 9.193465 8.095994 10.145491 13.430301
-9999.0 -9999.0 -9999.0 -9999.0 -9999.0 -9999.0 -9999.0 -9999.0 -9999.0 -9999.0 -9999.0 -9999.0 33.552840 30.476362 40.346242 35.443481 34.095457 54.734352 38.534767 37.814710 42.869318 41.315879 41.180044 39.899262 39.414348 59.225738 30.676681 26.802437 24.177077 18.061911 13.886299 8.898218 0.000000 0.000000 0.814082 10.506240 0.804562 9.751256 8.247669 0.000000 0.000000 0.000000 0.000000 10.900149 10.737535 0.000000 0.000000 9.149269 13.846773 18.156231 21.351506 18.510383 12.945270 12.819638 9.407545 0.000000 0.000000 0.000000 0.000000 0.000000 0.000000 0.000000
-9999.0 -9999.0 -9999.0 -9999.0 -9999.0 -9999.0 -9999.0 -9999.0 -9999.0 -9999.0 -9999.0 -9999.0 -9999.0 -9999.0 -9999.0 -9999.0 -9999.0 44.724602 35.465356 46.578875 42.473915 42.453732 41.752029 42.940413 48.086587 57.412046 33.316347 34.702497 29.703363 24.267745 16.422884 11.178055 0.000000 0.000000 0.000000 0.000000 0.000000 0.000000 0.000000 0.000000 0.000000 0.000000 0.000000 0.000000 4.978658 0.000000 0.000000 0.000000 16.718845 21.860013 22.617324 20.945601 17.258955 15.046757 11.007823 9.167556 0.000000 0.000000 0.000000 0.000000 0.000000 0.000000
-9999.0 -9999.0 -9999.0 -9999.0 -9999.0 -9999.0 -9999.0 -9999.0 -9999.0 -9999.0 -9999.0 -9999.0 -9999.0 -9999.0 -9999.0 -9999.0 -9999.0 -9999.0 41.491477 39.326018 37.489612 43.405708 44.795495 43.914148 55.151189 45.009969 32.951888 24.932634 33.214630 28.216373 16.825808 10.554096 0.000000 0.000000 0.000000 0.000000 0.000000 0.000000 0.000000 0.000000 0.000000 0.000000 0.000000 0.000000 0.000000 0.000000 0.000000 0.000000 11.849888 18.007104 15.831868 13.562581 18.804971 18.494704 10.130651 6.862942 0.000000 0.000000 0.000000 0.000000 0.000000 0.000000
-9999.0 -9999.0 -9999.0 -9999.0 -9999.0 -9999.0 -9999.0 -9999.0 -9999.0 -9999.0 -9999.0 -9999.0 -9999.0 -9999.0 -9999.0 -9999.0 -9999.0 -9999.0 -9999.0 -9999.0 39.858429 41.835334 47.940159 57.807532 41.968749 34.786506 25.415336 14.724299 15.571491 8.142659 0.000000 0.000000 2.716694 0.000000 0.000000 0.000000 0.000000 0.000000 0.000000 6.928561 0.000000 0.000000 0.000000 0.000000 0.000000 0.000000 0.000000 0.000000 0.000000 0.167089 0.000000 0.000000 11.992687 18.092202 5.975589 0.000000 0.000000 0.000000 0.000000 0.000000 0.000000 0.000000
-9999.0 -9999.0 -9999.0 -9999.0 -9999.0 -9999.0 -9999.0 -9999.0 -9999.0 -9999.0 -9999.0 -9999.0 -9999.0 -9999.0 -9999.0 -9999.0 -9999.0 -9999.0 -9999.0 -9999.0 -9999.0 44.326236 46.118111 59.915476 34.292094 25.650235 17.009502 14.225259 7.528517 8.400754 7.680851 1.784305 11.113982 10.863269 10.161501 10.289390 9.935833 7.250340 6.424054 3.264809 0.000000 0.000000 0.000000 0.000000 0.000000 0.000000 0.000000 0.000000 0.000000 0.000000 0.000000 0.000000 0.470081 8.611564 0.000000 0.000000 0.000000 0.000000 0.000000 0.000000 0.538267 11.875235
-9999.0 -9999.0 -9999.0 -9999.0 -9999.0 -9999.0 -9999.0 -9999.0 -9999.0 -9999.0 -9999.0 -9999.0 -9999.0 -9999.0 -9999.0 -9999.0 -9999.0 -9999.0 -9999.0 -9999.0 -9999.0 -9999.0 53.369353 32.904892 21.347138 12.317944 11.142560 14.145934 13.439715 10.503713 13.008255 12.357902 12.499463 12.000962 11.583491 12.946691 11.947566 11.616715 11.232128 10.580074 10.731695 10.679622 10.028446 9.580122 0.000000 0.000000 0.000000 0.000000 0.000000 0.000000 0.000000 0.000000 0.000000 0.000000 0.000000 0.000000 0.000000 0.000000 0.000000 0.000000 8.471672 16.767070
-9999.0 -9999.0 -9999.0 -9999.0 -9999.0 -9999.0 -9999.0 -9999.0 -9999.0 -9999.0 -9999.0 -9999.0 -9999.0 -9999.0 -9999.0 -9999.0 -9999.0 -9999.0 -9999.0 -9999.0 -9999.0 -9999.0 -9999.0 20.208399 18.146581 17.052333 18.734584 19.887343 16.132252 14.865648 13.022452 12.620100 12.834619 11.899908 20.128752 13.864107 16.248798 16.905793 12.980086 12.796818 12.589986 14.585692 12.600765 8.421615 0.000000 0.000000 0.000000 0.000000 0.000000 0.000000 0.000000 0.000000 0.000000 0.000000 0.000000 0.000000 0.000000 0.000000 0.000000 0.000000 2.034955 0.000000
-9999.0 -9999.0 -9999.0 -9999.0 -9999.0 -9999.0 -9999.0 -9999.0 -9999.0 -9999.0 -9999.0 -9999.0 -9999.0 -9999.0 -9999.0 -9999.0 -9999.0 -9999.0 -9999.0 -9999.0 -9999.0 -9999.0 -9999.0 14.596911 18.288483 19.312927 23.500436 22.033295 20.218347 18.895781 16.349231 13.703435 16.338234 14.164335 27.734180 18.529713 21.728462 23.589053 21.611328 24.711596 25.913346 16.538885 0.551670 0.000000 0.000000 0.000000 0.000000 0.000000 0.000000 0.000000 0.000000 0.000000 0.000000 0.000000 0.000000 0.000000 0.000000 0.000000 0.000000 2.919673 0.000000 0.000000
-9999.0 -9999.0 -9999.0 -9999.0 -9999.0 -9999.0 -9999.0 -9999.0 -9999.0 -9999.0 -9999.0 -9999.0 -9999.0 -9999.0 -9999.0 -9999.0 -9999.0 -9999.0 -9999.0 -9999.0 -9999.0 -9999.0 -9999.0 24.934646 22.359498 22.759299 26.790706 25.338716 24.428117 22.461369 19.330578 24.245590 18.300931 21.609717 37.140176 26.571689 29.230387 33.736959 34.135466 23.431232 11.302359 11.206832 0.000000 6.600487 0.000000 0.000000 0.000000 0.000000 0.000000 0.000000 0.000000 0.000000 0.000000 0.000000 0.000000 0.000000 0.000000 0.000000 0.000000 9.233074 0.000000 0.000000
-9999.0 -9999.0 -9999.0 -9999.0 -9999.0 -9999.0 -9999.0 -9999.0 -9999.0 -9999.0 -9999.0 -9999.0 -9999.0 -9999.0 -9999.0 -9999.0 -9999.0 -9999.0 -9999.0 -9999.0 -9999.0 -9999.0 -9999.0 31.337019 28.888809 28.065021 32.303346 30.985468 28.323659 24.359407 28.269009 31.705780 30.540257 36.172630 43.611320 33.448443 32.510890 25.190685 13.140954 0.367350 4.400241 0.000000 12.347499 11.424698 10.829103 0.000000 0.000000 0.000000 0.000000 0.000000 0.000000 0.000000 0.000000 0.000000 0.000000 0.000000 0.000000 0.000000 0.000000 0.000000 0.000000 0.000000
-9999.0 -9999.0 -9999.0 -9999.0 -9999.0 -9999.0 -9999.0 -9999.0 -9999.0 -9999.0 -9999.0 -9999.0 -9999.0 -9999.0 -9999.0 -9999.0 -9999.0 -9999.0 -9999.0 -9999.0 -9999.0 -9999.0 -9999.0 34.185964 24.959419 28.536737 35.217331 33.001233 25.620295 30.065022 39.162943 53.224152 51.472994 52.702936 35.693187 30.084249 15.737953 11.381936 8.712156 12.300119 13.719269 13.258330 15.824989 13.037563 7.843479 7.076670 0.000000 0.000000 0.000000 0.000000 0.000000 0.000000 0.000000 0.000000 0.000000 0.000000 0.000000 0.000000 0.000000 0.000000 0.000000 0.000000
-9999.0 -9999.0 -9999.0 -9999.0 -9999.0 -9999.0 -9999.0 -9999.0 -9999.0 -9999.0 -9999.0 -9999.0 -9999.0 -9999.0 -9999.0 -9999.0 -9999.0 -9999.0 -9999.0 -9999.0 -9999.0 -9999.0 -9999.0 -9999.0 31.400862 35.211556 39.685342 35.151400 34.317518 51.494520 51.502841 37.308851 31.379915 28.414602 28.444550 25.074063 11.788878 7.041537 12.569277 16.970390 19.247368 17.696059 21.824260 15.570920 12.097511 11.384178 0.000000 0.000000 0.000000 0.000000 0.000000 0.000000 0.000000 0.000000 0.000000 0.000000 0.000000 0.000000 0.000000 0.000000 0.000000 0.000000
-9999.0 -9999.0 -9999.0 -9999.0 -9999.0 -9999.0 -9999.0 -9999.0 -9999.0 -9999.0 -9999.0 -9999.0 -9999.0 -9999.0 -9999.0 -9999.0 -9999.0 -9999.0 -9999.0 -9999.0 -9999.0 -9999.0 -9999.0 -9999.0 36.290365 41.518072 39.834841 37.090705 52.900184 46.397488 34.253319 33.252265 28.612746 23.701169 16.755905 14.492725 11.392648 15.511722 16.180199 17.815490 21.637350 28.280689 24.416099 16.672426 13.251656 11.774407 0.000000 0.000000 0.000000 0.000000 0.000000 0.000000 0.000000 0.000000 0.000000 0.000000 0.000000 0.000000 0.000000 0.000000 0.000000 0.000000
-9999.0 -9999.0 -9999.0 -9999.0 -9999.0 -9999.0 -9999.0 -9999.0 -9999.0 -9999.0 -9999.0 -9999.0 -9999.0 -9999.0 -9999.0 -9999.0 -9999.0 -9999.0 -9999.0 -9999.0 -9999.0 -9999.0 -9999.0 -9999.0 43.521081 45.460257 45.482697 54.250681 44.121189 41.111934 36.322730 33.574199 24.028284 19.984085 11.271421 9.667816 16.172193 17.858873 19.991087 24.374922 25.566207 28.922876 26.147138 21.874783 16.888898 10.761555 0.000000 0.000000 0.000000 0.000000 0.000000 0.000000 0.000000 0.000000 0.000000 0.000000 0.000000 0.000000 0.000000 0.000000 0.000000 0.000000
-9999.0 -9999.0 -9999.0 -9999.0 -9999.0 -9999.0 -9999.0 -9999.0 -9999.0 -9999.0 -9999.0 -9999.0 -9999.0 -9999.0 -9999.0 -9999.0 -9999.0 -9999.0 -9999.0 -9999.0 -9999.0 -9999.0 -9999.0 -9999.0 45.971172 48.819753 55.459747 54.891658 45.552927 38.522590 31.947772 32.197830 26.025834 23.126997 17.640249 18.175663 17.965598 19.853082 20.388301 18.802204 -9999.0 21.621669 7.699020 12.803118 5.740913 9.324999 0.000000 0.000000 0.000000 0.373521 3.552185 0.000000 0.000000 0.000000 0.000000 0.000000 0.000000 0.000000 0.000000 0.000000 0.000000 0.000000
-9999.0 -9999.0 -9999.0 -9999.0 -9999.0 -9999.0 -9999.0 -9999.0 -9999.0 -9999.0 -9999.0 -9999.0 -9999.0 -9999.0 -9999.0 -9999.0 -9999.0 -9999.0 -9999.0 -9999.0 -9999.0 -9999.0 -9999.0 -9999.0 43.696774 56.750974 52.305509 54.324398 55.432605 55.054725 38.824697 31.257657 28.699861 23.945571 21.861341 22.795362 22.803886 24.723156 -9999.0 -9999.0 -9999.0 -9999.0 9.708259 0.000000 9.725022 0.000000 0.000000 10.787912 11.600660 11.566625 11.261278 10.914874 9.909783 9.806163 0.000000 0.000000 0.000000 0.000000 0.000000 0.000000 0.000000 0.000000
-9999.0 -9999.0 -9999.0 -9999.0 -9999.0 -9999.0 -9999.0 -9999.0 -9999.0 -9999.0 -9999.0 -9999.0 -9999.0 -9999.0 -9999.0 -9999.0 -9999.0 -9999.0 -9999.0 -9999.0 -9999.0 -9999.0 -9999.0 -9999.0 -9999.0 52.782451 59.099555 57.318222 48.462561 40.107214 38.810253 36.893841 31.775101 26.893048 23.413856 24.600230 26.694784 -9999.0 -9999.0 -9999.0 -9999.0 -9999.0 -9999.0 10.717584 7.654653 12.521827 12.118324 12.609253 12.733066 9.378326 10.717323 10.782594 9.217124 7.350929 0.000000 0.000000 0.000000 0.000000 0.000000 0.000000 0.000000 0.000000
-9999.0 -9999.0 -9999.0 -9999.0 -9999.0 -9999.0 -9999.0 -9999.0 -9999.0 -9999.0 -9999.0 -9999.0 -9999.0 -9999.0 -9999.0 -9999.0 -9999.0 -9999.0 -9999.0 -9999.0 -9999.0 -9999.0 -9999.0 -9999.0 -9999.0 -9999.0 -9999.0 44.380059 33.074941 32.753452 27.676351 24.884471 22.667444 20.614778 -9999.0 -9999.0 -9999.0 -9999.0 -9999.0 -9999.0 -9999.0 -9999.0 -9999.0 -9999.0 10.007477 10.985511 10.398314 10.645598 10.973158 11.360783 -9999.0 -9999.0 -9999.0 -9999.0 -9999.0 0.000000 0.000000 0.000000 0.000000 0.000000 0.000000 0.000000
