doc/example/output_maps/SWEN0007.asc
ncols         174
nrows         141
xllcorner     744500.000000
yllcorner     5140950.000000
cellsize      250.000000
NODATA_value  -9999.0
[rows 56 to 83 of 141, columns 0 to 61 of 174]
-9999.0 -9999.0 -9999.0 -9999.0 10.905319 7.774188 11.206016 11.400981 11.205758 12.785317 12.164493 13.085774 12.073214 11.672269 10.332972 9.716254 9.832253 9.609625 10.255264 11.332429 13.994347 13.495736 11.810174 12.156927 13.210682 14.274754 13.721637 13.089574 14.872949 17.339923 16.886874 16.974553 17.395783 15.105212 16.787588 17.285292 13.871663 10.400424 8.740360 8.393659 6.958219 7.374665 5.383437 3.721815 1.838406 0.000000 0.000000 0.000000 0.000000 0.000000 0.000000 4.050014 8.348735 10.232848 13.189216 10.482153 4.815849 0.472339 0.000000 0.000000 0.000000 0.000000
-9999.0 -9999.0 -9999.0 -9999.0 -9999.0 10.710647 11.127793 10.615720 11.080339 12.491838 13.748868 13.023243 11.797171 10.728198 10.067144 9.942323 8.634752 8.501167 10.928913 11.318972 12.860485 10.959832 11.475353 11.675676 11.651815 12.927111 14.326676 13.389497 13.399442 15.837766 16.579813 17.483043 17.718137 16.605434 18.282411 16.259233 11.894964 9.519659 8.679648 6.924587 3.602437 4.034121 0.958101 0.000000 0.000000 0.000000 0.000000 0.000000 0.000000 0.000000 0.354291 4.388401 9.220420 11.725810 12.252182 8.869067 2.923496 0.000000 0.000000 0.000000 0.000000 0.000000
-9999.0 -9999.0 -9999.0 -9999.0 -9999.0 9.828753 11.968638 10.659470 10.437115 12.780582 13.547463 13.823501 12.621852 11.179610 9.805222 9.307782 7.451057 8.297847 10.672114 11.973645 10.189785 10.759955 10.699067 11.005127 11.807958 11.833135 13.965069 15.064531 15.178711 13.058595 13.874097 16.873602 17.999848 17.344481 13.306607 10.033858 10.047248 10.068147 10.052952 8.590553 5.184787 1.287267 0.000000 0.000000 0.000000 0.000000 0.000000 0.000000 0.000000 0.000000 0.000000 1.386212 8.373571 11.960857 12.886843 9.745923 6.759464 5.192497 0.000000 0.000000 0.000000 0.000000
-9999.0 -9999.0 -9999.0 -9999.0 -9999.0 6.807344 11.390475 10.212107 9.298533 9.262969 11.467934 12.413400 12.422793 10.719800 9.088281 8.464763 5.976986 7.663255 10.670335 11.992749 8.857871 9.910943 8.961618 9.220286 10.951810 12.266297 13.583040 14.848174 13.801272 11.936808 12.687301 12.646004 16.840956 11.790680 8.818839 7.100389 6.872254 9.090140 9.734214 9.289178 5.312856 2.749245 0.000000 0.000000 0.000000 0.000000 0.000000 0.000000 0.000000 0.000000 0.000000 2.781341 8.077090 10.042306 14.231632 12.308722 10.283245 5.761098 0.000000 0.000000 0.000000 0.000000
-9999.0 -9999.0 -9999.0 -9999.0 -9999.0 6.980001 10.441316 10.718454 9.546527 8.378206 8.768762 8.962960 9.076027 10.376718 8.695736 7.078512 5.189492 5.763495 8.208169 9.162608 8.289476 9.687412 9.518886 10.246721 11.497513 12.005624 12.242861 12.081366 10.619110 10.002113 11.118234 10.052078 9.757838 9.633075 7.002640 9.035691 8.564489 5.935064 6.000780 7.069280 2.383004 0.483940 0.000000 0.000000 0.000000 0.000000 0.000000 0.000000 0.000000 0.000000 2.311667 4.273215 7.787810 10.321582 10.145782 10.113337 2.369950 1.661086 0.000000 0.000000 0.000000 0.000000
-9999.0 -9999.0 -9999.0 -9999.0 -9999.0 7.855104 9.605095 9.811633 9.626819 9.404967 9.403666 10.122532 9.303254 8.866394 7.063537 6.190518 4.583683 4.340882 4.409856 5.754387 5.999236 6.878962 7.506466 9.986318 11.180750 10.568996 10.603364 10.049614 9.226569 9.636998 9.634297 9.514492 5.189408 6.206402 8.331700 7.190231 5.879460 4.437093 3.255041 1.699676 0.000000 0.000000 0.000000 0.000000 0.000000 0.000000 0.000000 0.000000 4.896121 5.055017 3.219671 3.458507 8.513218 9.610830 8.544343 8.826047 2.253784 0.000000 0.000000 0.000000 0.000000 0.000000
-9999.0 -9999.0 -9999.0 -9999.0 -9999.0 9.514865 10.536531 10.246588 9.743441 8.848573 7.755765 9.375163 9.795898 9.533130 7.536636 6.161871 4.340945 3.824608 3.572708 4.758254 5.412304 6.377152 6.843351 8.775337 9.528001 10.117490 9.868013 9.714161 8.954401 9.453921 8.805930 8.225944 7.874832 5.239731 7.374273 6.000522 4.420743 3.546915 0.000000 0.000000 0.000000 0.000000 0.000000 0.000000 0.000000 0.000000 0.000000 0.000000 4.758764 6.502811 5.842635 5.618019 8.028237 6.841136 9.351111 5.312973 1.494458 0.000000 0.000000 0.000000 0.000000 0.000000
-9999.0 -9999.0 -9999.0 -9999.0 11.787570 12.096240 10.646572 10.032621 9.234249 8.852951 7.060167 4.955797 6.689593 8.957637 9.069376 6.520156 4.271518 2.561881 2.614036 2.792850 4.965481 5.826738 5.948535 7.298528 8.241851 9.890470 9.783522 9.618448 8.470377 8.867458 7.609111 6.830805 5.466581 1.615150 3.596955 3.464496 0.224911 0.000000 0.000000 0.000000 0.000000 0.000000 0.000000 0.000000 0.000000 0.000000 0.000000 0.000000 2.338942 5.401266 8.128612 8.706376 6.719567 2.771682 4.613295 1.221371 0.000000 0.000000 0.000000 0.000000 0.000000 0.000000
-9999.0 -9999.0 -9999.0 -9999.0 -9999.0 13.405794 12.391432 10.157062 9.910399 8.751747 7.607675 7.204981 7.283638 4.869386 5.710003 3.782524 3.801824 2.660730 2.117705 2.137532 3.575048 4.894485 4.556155 5.718580 6.105016 6.836506 7.292150 7.774259 6.680886 6.481694 4.874558 4.449679 3.615871 1.689018 0.000000 0.000000 0.000000 0.000000 0.000000 0.000000 0.000000 0.000000 0.000000 0.000000 0.000000 0.000000 0.000000 0.000000 0.000000 2.914774 6.571567 8.309675 4.591814 0.000000 0.000000 0.000000 0.000000 0.000000 0.000000 0.000000 0.000000 3.100199
-9999.0 -9999.0 -9999.0 -9999.0 -9999.0 -9999.0 7.436764 11.448267 11.460690 11.877993 11.803499 10.841878 8.296440 7.877722 2.059151 2.156552 1.490144 1.995401 1.399025 1.197489 2.216125 3.341852 3.129078 3.388627 3.710474 5.501819 4.734559 5.361288 3.739675 3.695090 1.337435 2.016422 1.972582 0.604949 0.000000 0.000000 0.000000 0.000000 0.000000 0.000000 0.000000 0.000000 0.000000 0.000000 0.000000 0.000000 2.765478 0.000000 2.594554 2.421277 0.685319 1.858416 1.478775 1.326073 0.000000 0.000000 0.000000 0.000000 0.000000 0.000000 3.549782 5.584447
-9999.0 -9999.0 -9999.0 -9999.0 -9999.0 11.899592 12.440585 12.058414 10.733685 11.140913 11.189954 9.871329 11.839184 9.238688 5.302534 2.835499 1.979903 1.953015 1.478807 0.054202 1.616245 1.584971 1.858187 1.682025 3.419441 5.021325 3.075152 2.187539 2.178669 1.934969 0.386338 0.000000 0.000000 0.000000 0.000000 0.000000 0.000000 0.000000 0.000000 0.000000 0.000000 0.000000 0.000000 0.000000 4.428966 3.087909 4.369323 2.925472 3.090374 3.925453 3.565031 0.364593 0.972536 0.000000 0.000000 0.000000 0.000000 0.000000 0.000000 0.000000 0.000000 1.162584
-9999.0 -9999.0 -9999.0 -9999.0 -9999.0 14.868323 14.259868 13.070630 13.313193 10.474694 9.894748 9.692867 5.901235 5.436070 2.658954 1.504744 1.327817 0.850055 0.000000 0.000000 0.000000 0.000000 0.000000 0.000000 0.000000 0.650582 0.000000 0.000000 0.000000 0.000000 0.000000 0.000000 0.000000 0.000000 0.000000 0.000000 0.000000 0.000000 0.000000 0.000000 0.000000 0.000000 2.686348 4.774169 7.658191 4.865071 7.210641 5.366453 4.670027 4.579733 5.157798 4.528920 2.158046 0.000000 0.000000 0.000000 0.000000 0.000000 0.000000 0.000000 0.000000 0.000000
-9999.0 -9999.0 -9999.0 -9999.0 -9999.0 -9999.0 15.278348 13.434274 18.822279 12.456711 9.046671 9.776843 8.228791 4.773970 1.239030 1.320046 0.430244 1.102607 0.000000 0.255532 0.000000 0.000000 0.000000 0.000000 0.000000 0.000000 0.000000 0.000000 0.000000 0.000000 0.000000 0.000000 0.000000 0.000000 0.000000 0.000000 0.000000 0.000000 0.000000 0.000000 0.000000 3.918864 4.399287 6.918613 7.108786 7.057647 8.628083 6.848769 5.829478 4.900143 5.798381 5.801302 5.019365 3.011907 0.000000 0.000000 0.000000 0.000000 3.623690 2.147393 0.842890 0.000000
-9999.0 -9999.0 -9999.0 -9999.0 -9999.0 -9999.0 16.070943 15.771492 16.249363 14.562501 11.191160 9.484555 8.384361 5.557701 1.515849 3.078333 4.164700 4.789828 4.654429 2.869312 0.000000 0.000000 0.000000 0.000000 0.000000 0.000000 0.000000 0.000000 0.000000 0.000000 0.000000 0.000000 0.000000 0.000000 0.000000 0.000000 0.000000 0.000000 0.000000 0.000000 4.387844 9.048946 6.668494 8.476363 9.856227 10.803119 9.887652 7.385178 7.373005 8.552321 9.086393 8.256602 6.280065 5.107592 0.000000 0.000000 3.906519 4.437175 5.725975 4.034479 2.969007 2.855997
-9999.0 -9999.0 -9999.0 -9999.0 -9999.0 -9999.0 -9999.0 18.156710 17.389602 15.899248 13.318307 13.182204 7.498705 5.085276 3.889272 3.196490 4.289180 5.264413 5.361921 4.769841 2.707389 0.000000 0.000000 0.000000 0.000000 0.000000 0.000000 0.000000 0.000000 0.000000 0.000000 0.000000 0.000000 0.000000 0.000000 0.000000 0.000000 0.000000 0.000000 0.000000 5.072286 8.496389 9.058680 10.373981 10.830373 15.494788 14.674609 13.312307 8.841692 9.907889 12.587267 10.036320 7.886089 5.633629 0.000000 0.000000 5.705101 6.220377 7.017998 5.485242 5.004002 4.913987
-9999.0 -9999.0 -9999.0 -9999.0 -9999.0 -9999.0 -9999.0 17.059251 16.926326 15.162583 15.947824 11.979093 8.328679 4.807470 4.635497 3.642005 7.907540 8.745168 7.122485 5.871280 4.381958 3.101891 0.000000 0.000000 0.000000 0.000000 0.000000 0.000000 0.000000 0.000000 0.000000 0.000000 0.000000 0.000000 2.540577 3.575696 3.847053 0.313423 2.544012 2.550170 5.210189 7.608656 9.975406 11.730608 15.667880 16.021538 16.106665 17.800093 11.633463 15.506170 14.369788 11.046406 8.055131 6.410339 0.887505 1.517641 6.342724 9.439182 9.970412 7.611489 7.429937 7.743106
-9999.0 -9999.0 -9999.0 -9999.0 -9999.0 -9999.0 -9999.0 -9999.0 18.086169 16.981138 13.816100 11.849072 7.121469 6.242803 5.481459 4.523413 8.818002 10.533332 10.091952 7.776004 5.351015 2.849524 0.000000 0.000000 0.000000 0.000000 0.000000 0.000000 0.000000 0.000000 0.000000 0.000000 2.631237 0.000000 4.506633 6.930117 5.312835 3.468935 2.837711 4.865895 6.451497 8.818829 12.238905 14.181829 17.807784 18.099620 13.542738 15.537612 19.026319 15.228641 12.666001 11.417174 8.854851 3.408265 2.690805 2.816286 6.646493 11.331243 12.098874 9.319705 9.888735 9.326862
-9999.0 -9999.0 -9999.0 -9999.0 -9999.0 -9999.0 -9999.0 -9999.0 12.512292 14.946765 13.152681 12.803690 9.214362 8.437604 7.023008 6.423313 12.919103 14.255621 14.189273 10.371959 5.368834 0.899480 0.000000 0.000000 0.000000 0.000000 0.000000 0.000000 0.000000 0.000000 3.214663 4.177457 6.142069 5.375283 5.279778 7.078390 7.313721 6.246146 6.730347 8.114298 9.737429 11.997993 12.473919 12.205394 13.708322 15.768180 16.564579 17.502333 20.315896 14.785017 12.744610 10.806901 3.913569 1.671548 4.662394 4.749274 8.028981 15.096016 12.343284 11.852377 12.604181 11.087021
-9999.0 -9999.0 -9999.0 -9999.0 -9999.0 -9999.0 -9999.0 11.623416 9.964235 12.837542 12.845604 13.270448 10.475527 8.211359 6.905645 10.954811 16.648867 15.310011 10.408628 8.440923 5.470653 0.341318 0.000000 0.000000 0.000000 0.000000 0.000000 0.000000 0.644660 3.626556 5.173294 5.651996 8.551767 7.530712 6.662773 8.044792 10.691733 8.366844 9.694172 10.215495 12.043738 12.800548 15.364415 15.196438 14.202487 14.455822 17.485656 18.768693 18.305840 13.756199 8.723576 7.506702 4.600384 5.715655 6.441032 6.120615 8.654206 15.516546 13.897400 12.306481 12.838426 11.824922
-9999.0 -9999.0 -9999.0 -9999.0 -9999.0 -9999.0 7.218702 12.346644 12.784393 11.762522 13.029916 13.699091 12.489135 9.757464 8.495534 13.566593 18.829645 13.900711 14.064912 13.317071 6.951596 1.817476 0.000000 0.000000 0.000000 3.152848 4.011663 3.764884 4.793312 6.107876 7.081461 8.788519 9.745600 10.237452 10.280929 10.969333 15.725323 11.093142 12.528516 12.870429 14.413109 15.752407 17.322923 17.599146 18.471246 18.869390 14.601714 18.202173 17.561656 10.372281 11.344770 10.673883 6.662130 7.789404 7.754431 8.076523 10.286114 15.092526 15.811379 14.245793 14.003351 14.861019
-9999.0 -9999.0 -9999.0 -9999.0 -9999.0 11.818223 10.011377 13.293972 15.289922 13.861960 14.261389 15.350291 13.846996 12.329533 10.978107 17.731987 15.132223 14.469921 14.623589 13.466557 3.890875 0.000000 0.000000 0.000000 3.397131 4.343278 7.098123 6.263549 6.970789 7.216741 8.084607 11.742537 12.200140 11.587542 16.672419 11.610729 17.014647 13.477496 14.448382 15.262879 15.709486 17.566018 18.369132 18.600437 18.887719 19.625396 19.027690 19.799175 17.377161 16.394212 15.208877 11.985834 7.229793 8.770822 8.196658 10.220156 10.902926 12.803772 15.204408 14.348474 14.338408 15.128092
-9999.0 -9999.0 -9999.0 10.159842 14.144772 15.655385 16.023227 16.494600 16.021812 15.863361 15.134864 15.133289 15.807554 13.463699 13.249027 17.498335 15.995595 13.586095 14.303811 8.134945 0.000000 0.000000 0.000000 0.000000 5.786842 7.299547 13.327169 8.502164 9.776559 9.306015 12.233655 12.102832 13.218157 17.664452 16.485554 14.813064 18.773897 16.701730 16.088573 16.569950 16.907892 18.454321 18.744574 18.880591 18.920436 18.886713 19.071045 19.238592 18.752913 14.847674 14.078472 12.115978 9.143156 10.292852 10.319752 10.175378 13.023545 15.760034 14.776212 14.907865 16.611392 18.706718
-9999.0 -9999.0 14.928161 17.204927 19.369999 18.969848 17.106791 16.332407 13.499896 11.317785 15.309258 15.754892 16.918817 13.475061 13.678315 17.822392 18.517452 15.284132 11.417315 6.343264 1.803870 0.000000 3.187122 2.658689 8.164700 8.789479 16.138457 10.256199 11.049583 14.047394 13.819436 14.847161 14.304576 15.699851 16.431703 16.918245 17.428031 17.120654 18.459844 18.403710 18.287533 19.290178 19.119380 19.108285 17.729480 18.605652 17.913188 19.624322 13.442356 13.448713 13.926947 12.593121 10.821263 11.050107 10.884830 11.735953 14.684205 18.548456 19.453864 20.303973 15.988879 13.652365
-9999.0 -9999.0 17.250406 17.025153 19.462975 18.286975 15.031955 14.306619 12.339906 13.727727 13.866544 16.936392 17.402771 14.767638 13.087988 17.825142 17.146033 14.080083 10.910572 8.194837 4.316477 4.429945 4.703385 5.241620 7.924694 10.643443 17.070755 12.802611 14.109549 15.791221 16.561565 17.267343 17.816373 15.064063 17.937708 17.900575 16.184362 18.198264 17.025177 18.437746 19.427260 19.544455 19.850716 18.421748 19.129750 19.803668 20.505614 19.472328 15.416683 12.699690 13.212152 14.086385 11.868135 12.257171 12.192740 14.186416 15.655285 19.006474 18.404801 14.266165 10.903103 10.696981
-9999.0 -9999.0 -9999.0 17.141063 18.568809 16.575962 15.359990 11.701064 16.593544 15.222191 15.399107 17.393678 17.720077 14.681744 11.998399 19.399375 14.549349 13.463882 10.322951 9.094156 5.683391 6.564086 7.781819 6.821262 10.048533 12.716580 17.146679 15.137020 16.183443 16.835677 18.070684 17.411235 17.878227 17.479934 17.034922 18.216546 19.787794 15.900467 17.604430 17.369527 19.983860 19.601987 18.237949 19.541418 17.737662 19.930347 19.214681 19.054224 16.372579 16.853604 12.622242 12.259434 15.188770 12.711267 13.144596 13.642191 14.963245 18.777073 13.925975 12.984473 12.931748 12.022099
-9999.0 -9999.0 -9999.0 -9999.0 -9999.0 -9999.0 16.530147 14.928308 13.177724 15.090174 17.210575 17.664981 17.586556 12.312392 12.250945 17.029842 11.599159 11.046444 6.836656 8.878018 7.647410 6.123443 10.899901 11.112266 9.424193 11.565311 19.329249 15.421215 18.313426 18.753034 16.924846 16.356751 18.187953 16.802438 17.754854 18.798157 14.215258 17.589640 17.874187 18.404160 20.305072 18.643038 17.772624 18.461943 19.338841 18.816482 18.567454 18.370937 16.611946 16.873766 15.190275 13.577193 15.305036 15.164020 15.140424 17.666613 20.572640 12.601537 12.998280 13.469043 12.694962 10.262139
-9999.0 -9999.0 -9999.0 -9999.0 -9999.0 -9999.0 -9999.0 18.448690 13.357507 12.328101 12.083785 12.605684 13.296608 11.202386 19.165204 11.418371 10.353078 10.577064 8.273601 8.319337 7.098001 6.088812 9.165931 14.787092 11.260637 13.098650 18.479490 17.464136 18.469253 17.874621 15.643469 13.185956 17.484895 17.902249 16.527802 18.634677 15.278669 17.813813 18.800629 17.550464 18.864776 18.104382 16.188539 20.326806 16.930232 18.433791 20.046390 18.311646 20.364684 18.989846 19.306471 14.052486 16.888642 17.773673 18.479728 13.815775 11.966240 11.956592 12.224467 12.622563 12.505396 10.889525
-9999.0 -9999.0 -9999.0 -9999.0 -9999.0 -9999.0 -9999.0 16.678792 18.086569 18.574088 17.282364 15.976089 18.372452 19.074583 12.902408 11.658162 9.117705 9.019132 12.893079 9.327579 7.612074 10.386528 12.678896 16.036921 14.122570 11.373878 18.857134 16.604209 16.636599 14.685281 14.804949 17.737081 15.972538 17.679456 19.799599 15.082201 18.973967 16.965103 18.816214 18.146495 19.095198 18.361814 12.434771 13.522139 13.283269 11.862894 17.615472 17.033040 15.333767 12.930065 11.625794 13.924340 12.680683 10.942812 10.862943 12.696553 9.439505 10.494117 10.845019 11.597485 11.664408 11.641955
