doc/example/output_maps/SWEN0012.asc
ncols         174
nrows         141
xllcorner     744500.000000
yllcorner     5140950.000000
cellsize      250.000000
NODATA_value  -9999.0
[rows 27 to 53 of 141, columns 62 to 123 of 174]
28.067310 30.044056 31.916616 30.574564 27.721856 25.176517 24.822098 21.751004 16.098246 15.034264 14.602595 14.439140 13.914060 14.110680 12.540060 11.409017 2.747050 0.000000 0.000000 0.000000 0.000000 0.000000 0.000000 0.000000 0.000000 0.000000 7.079381 5.698121 4.720511 9.516092 13.844049 17.392475 24.555899 29.792749 24.245227 22.198489 16.388267 13.623805 9.853490 5.845413 0.000000 0.000000 0.000000 1.199052 0.000000 0.000000 8.864442 14.070350 17.176520 21.006699 22.067914 21.304298 25.445814 31.882704 32.615741 27.882949 17.836282 16.385633 27.607226 42.276215 37.836379 30.111412
28.550806 33.839576 31.218693 28.040402 27.740347 36.852267 37.244612 25.624294 15.045836 18.189905 17.942734 16.890370 16.211150 16.593937 14.464310 12.754122 12.658123 11.808873 0.000000 0.000000 0.000000 0.000000 0.000000 0.000000 0.000000 0.000000 0.000000 0.000000 4.930512 10.209108 14.616532 16.767792 20.193911 27.483246 28.649975 23.944099 18.087733 14.949263 12.535895 11.246017 0.000000 0.000000 0.000000 0.000000 5.815264 3.211301 10.609069 13.791720 15.765589 16.821560 17.141874 14.724464 17.169231 20.484909 34.194165 30.267208 22.663010 16.476361 25.924699 31.996678 32.245285 28.881891
38.199876 41.541577 39.171453 33.711344 34.985768 32.851026 27.699988 21.582791 21.296299 21.237612 20.769237 21.694431 20.545253 21.187328 17.711486 15.085702 14.716163 13.848038 12.069248 5.532127 0.000000 0.000000 0.000000 0.000000 0.000000 0.000000 0.000000 0.000000 11.172310 10.634942 11.825980 11.285806 15.499475 22.711973 28.002742 24.422127 19.851882 16.528185 12.407553 11.383067 0.000000 0.000000 0.000000 0.000000 0.000000 0.000000 8.183994 10.530155 11.973530 9.903910 13.891902 0.000000 9.825015 12.901076 34.157793 31.638294 22.327110 13.744398 21.003243 17.297045 10.992138 11.357921
34.564665 46.858598 48.300871 53.397429 35.150818 27.490705 30.288069 31.128515 24.133832 22.468164 25.454414 23.245072 23.487395 23.296752 22.396378 17.035590 15.223013 13.753974 11.439664 11.546447 6.142240 0.000000 0.000000 0.000000 0.000000 0.000000 0.000000 3.347968 7.141602 5.316665 8.976972 10.806677 15.305503 22.329464 22.102557 18.572254 15.605117 12.875823 11.308744 9.655509 0.000000 0.000000 0.000000 0.000000 0.000000 0.000000 0.000000 0.000000 3.537487 0.000000 9.420261 9.073835 9.036084 14.917447 27.227069 41.784025 21.745507 19.975021 14.361751 9.668607 0.000000 0.000000
32.931421 26.650506 42.848253 56.770240 45.725751 31.933930 28.404113 31.090810 30.541259 30.474575 24.378191 24.963758 25.362667 28.287088 21.151015 19.981003 17.604015 13.944681 12.491192 10.289711 3.764747 0.000000 0.000000 0.000000 0.000000 0.000000 0.000000 0.000000 0.000000 0.000000 7.959110 12.824170 17.660493 21.530430 15.902942 12.478553 6.968899 4.244617 2.621198 4.055971 0.000000 0.000000 0.000000 0.000000 0.000000 0.000000 0.000000 0.000000 0.000000 0.000000 0.000000 6.213842 13.987148 19.505969 16.965286 25.179057 29.150294 19.569164 8.354259 0.000000 0.000000 0.000000
23.145346 28.525224 37.087271 45.300960 63.457955 36.174965 29.338468 29.996810 32.090776 34.243383 26.824934 26.241035 35.026055 25.430874 22.462211 23.787055 18.077799 15.040868 10.933869 9.641970 0.000000 0.000000 0.000000 0.000000 0.000000 0.000000 0.000000 0.000000 0.000000 9.238006 11.868855 13.076162 17.106728 18.368963 14.568418 11.538657 6.766180 0.000000 0.000000 0.000000 0.000000 0.000000 0.000000 0.000000 0.000000 0.000000 0.000000 0.000000 0.000000 0.000000 6.664330 9.421477 16.017867 9.610624 8.661059 10.077755 27.793308 26.330155 13.390913 12.296070 2.562933 0.000000
16.445776 19.944740 39.599191 53.729682 42.439406 51.492096 36.683246 40.908885 33.895050 32.648407 31.557670 31.594446 26.757513 23.889991 24.716047 24.233268 21.928965 18.853466 14.880753 13.866812 6.262446 0.000000 0.000000 0.000000 0.000000 0.000000 0.000000 0.000000 3.498587 8.135085 12.034516 11.515721 13.263738 15.069087 12.005820 7.852137 0.000000 0.000000 0.000000 0.000000 0.000000 0.000000 0.000000 0.000000 0.000000 0.000000 0.000000 0.000000 10.264837 10.638387 15.001489 15.680486 14.042076 2.948986 3.306749 0.000000 0.000000 11.979858 16.926878 13.033694 10.794414 6.966395
9.243590 17.160178 32.923140 34.415891 37.164578 35.745572 49.408265 42.326934 46.568950 42.710593 35.844214 37.347301 27.039148 27.274252 26.033325 24.494948 24.819498 20.222522 17.353002 13.573456 7.678848 0.000000 0.000000 0.000000 0.000000 0.000000 0.000000 0.000000 0.000000 4.109896 7.539392 10.181492 10.469356 11.855568 13.664860 11.222374 0.000000 0.000000 0.000000 0.000000 0.000000 0.000000 0.000000 11.403961 11.936597 11.633819 12.639247 12.920261 13.975000 13.952620 18.102785 19.744808 15.422235 10.726350 0.672258 0.000000 0.000000 0.000000 0.000000 7.287279 11.973246 12.132550
6.530137 16.283652 25.790301 28.283294 34.932575 35.215058 52.299064 46.336961 50.330804 46.167944 42.751289 36.060118 32.179629 31.338887 31.485222 30.521445 26.495092 24.206953 19.580051 15.921610 13.812084 11.930864 5.417822 0.000000 0.000000 0.000000 0.000000 0.000000 0.000000 0.000000 0.000000 1.868505 6.597688 7.374288 14.267218 11.434842 6.895290 0.000000 0.000000 0.000000 0.000000 0.000000 0.000000 12.890407 13.606859 13.417229 14.955904 15.071403 17.270463 18.272929 22.345544 22.494919 16.367445 12.437082 4.840441 0.000000 0.000000 0.000000 0.000000 2.202589 12.757724 13.813485
6.953618 12.255181 14.653923 31.460587 37.399617 35.524554 48.619883 52.352548 37.760144 38.552660 44.205932 38.281236 35.472785 41.644437 42.154070 37.244046 28.946836 27.240228 17.795468 16.592484 12.950615 11.016347 8.458229 0.000000 0.000000 0.000000 0.000000 0.000000 0.000000 0.000000 0.000000 0.000000 0.000000 0.029701 10.377706 11.672871 5.927022 0.000000 0.000000 0.000000 0.000000 0.000000 0.000000 6.166918 15.384206 15.990643 17.720949 19.545165 21.574973 23.939272 27.551216 19.762772 12.087845 10.017395 9.260671 3.319250 0.000000 0.000000 0.000000 4.922315 3.938940 10.909245
0.000000 0.000000 10.855058 29.940536 36.505145 43.619806 50.380689 46.504944 43.701620 38.945564 37.459740 50.444182 41.952755 36.818743 27.667079 28.921092 23.154721 17.555257 13.163858 11.675391 8.387274 5.816828 0.000000 0.000000 0.000000 0.000000 0.000000 0.000000 0.000000 0.000000 0.000000 0.000000 0.000000 0.000000 2.133881 11.105959 0.000000 0.000000 0.000000 0.000000 0.000000 0.000000 0.000000 0.000000 12.181361 18.820345 19.864552 17.601900 18.191386 23.316030 23.803785 19.626328 13.084799 9.352242 0.000000 9.518657 0.000000 0.000000 0.000000 10.729123 0.000000 0.000000
0.000000 0.000000 18.483152 27.703116 44.918643 56.797418 37.844012 42.826827 37.353251 33.838184 37.053470 55.138909 37.935270 31.375704 24.825641 23.708697 16.496164 11.800245 12.045587 11.118097 4.831676 1.902213 0.000000 0.000000 0.000000 0.000000 0.000000 0.000000 0.000000 0.000000 0.000000 0.000000 0.000000 0.000000 0.000000 6.756334 0.000000 0.000000 0.000000 0.000000 0.000000 0.000000 0.000000 0.000000 6.386231 7.421698 8.504534 7.729627 12.334483 14.764563 22.591494 20.027575 14.407632 11.610525 0.000000 0.000000 0.000000 0.000000 10.056830 10.860924 0.000000 0.000000
0.000000 0.000000 18.118605 30.813085 40.348323 57.822019 34.764689 27.159257 28.533011 26.122478 31.205396 48.636638 34.557155 32.907111 27.833749 21.574555 17.805923 13.421891 13.582614 16.347476 12.459506 9.508914 0.000000 0.000000 0.000000 0.000000 0.000000 0.000000 0.000000 0.000000 0.000000 0.000000 0.000000 0.000000 0.000000 0.000000 0.000000 0.000000 0.000000 0.000000 0.000000 0.000000 0.000000 4.237467 5.080815 0.000000 0.000000 0.000000 7.544937 12.000736 21.920078 22.964100 14.042570 12.239987 9.200886 0.000000 0.000000 0.000000 0.000000 9.169701 0.000000 0.000000
0.000000 0.000000 9.815694 25.316153 41.821643 44.631711 35.128796 33.041615 26.401792 25.931714 32.023101 35.120760 43.340730 31.876695 29.169431 25.699985 20.120001 19.371693 16.645220 13.963272 13.166872 10.689978 11.713037 11.267844 1.906516 0.000000 0.000000 0.000000 0.000000 0.000000 0.000000 0.000000 0.000000 0.000000 0.000000 0.000000 0.000000 0.000000 0.000000 0.000000 0.000000 0.000000 0.000000 0.000000 0.000000 0.000000 0.000000 0.000000 9.875266 10.589198 18.073920 24.281860 16.297357 13.517976 12.384695 10.980098 0.000000 0.000000 0.000000 0.000000 0.000000 0.000000
0.000000 0.000000 12.219559 23.021795 43.327009 33.530532 31.243935 24.161870 23.737705 25.521718 28.780032 37.917871 46.777606 38.602200 29.531550 32.304444 29.440575 24.022505 18.306845 14.253686 13.692891 12.963299 14.426199 13.252570 10.700924 5.243535 0.000000 0.000000 0.000000 0.000000 0.000000 0.000000 0.000000 0.000000 0.000000 0.000000 0.000000 0.000000 0.000000 0.000000 0.000000 0.000000 0.000000 0.000000 0.000000 0.000000 0.000000 3.461201 10.796925 11.632501 19.934164 24.819082 19.152802 15.603250 13.350211 11.061953 5.096277 0.000000 0.000000 0.000000 0.000000 0.000000
0.000000 0.000000 7.246004 26.905702 36.072830 32.607682 24.002641 14.718654 19.744255 24.171493 30.022791 35.875793 49.793998 49.774188 47.457221 34.769656 26.891954 23.009410 17.210510 15.105583 15.643398 15.126233 13.293251 12.606254 10.808643 5.143587 0.000000 0.000000 0.000000 0.000000 0.000000 0.000000 0.000000 0.000000 0.000000 0.000000 0.000000 0.000000 0.000000 0.000000 0.000000 0.000000 0.000000 0.000000 0.000000 0.000000 0.000000 0.000000 10.378118 12.681791 19.247425 17.707767 16.445698 14.676183 11.203041 10.465090 0.000000 0.000000 0.000000 0.000000 0.000000 0.000000
0.000000 0.000000 13.081718 16.822033 20.186061 25.801544 12.114189 0.000000 26.168990 26.488160 33.514842 50.711597 57.476838 41.168768 28.381850 27.192047 23.557099 22.960973 18.334963 18.031017 17.889582 16.747048 14.612327 12.229755 9.355837 6.737978 0.000000 0.000000 0.000000 0.000000 0.000000 0.000000 0.000000 0.000000 0.000000 0.000000 0.000000 0.000000 0.000000 0.000000 0.000000 0.000000 0.000000 0.000000 0.000000 0.000000 0.000000 0.000000 9.803714 14.192046 13.967772 11.736890 9.190104 8.258372 7.750446 7.727113 0.000000 0.000000 0.000000 0.000000 0.000000 0.000000
0.000000 0.000000 12.153784 27.527145 11.186443 14.612991 0.000000 0.000000 13.761407 26.091550 39.391896 45.487595 57.197069 35.825693 35.364851 32.550657 27.106887 25.004464 20.544222 20.201707 18.535424 18.484800 16.573241 14.864817 10.815290 8.317728 0.000000 0.000000 0.000000 0.000000 0.000000 0.000000 0.000000 0.000000 0.000000 0.000000 0.000000 0.000000 0.000000 0.000000 0.000000 0.000000 0.000000 0.000000 0.000000 0.000000 0.000000 2.953932 10.614422 14.727248 11.964731 10.089937 2.527593 0.000000 0.000000 0.000000 0.000000 0.000000 0.000000 0.000000 0.000000 0.000000
0.000000 4.939229 18.025629 25.117893 10.328724 0.000000 0.000000 0.000000 7.640924 16.017504 30.996879 34.733808 48.723275 46.841851 37.543209 33.898008 29.391584 28.255124 24.013810 22.804390 21.725200 20.570476 18.322658 16.730755 11.712123 9.676484 0.000000 0.000000 0.000000 0.000000 8.601592 7.720416 0.000000 0.000000 0.000000 0.000000 0.000000 0.000000 0.000000 0.000000 0.000000 0.000000 0.000000 0.000000 0.000000 0.000000 0.000000 0.000000 0.000000 11.935778 13.020684 10.485925 0.000000 0.000000 0.000000 0.000000 0.000000 0.000000 0.000000 0.000000 0.000000 0.000000
0.000000 8.546645 14.466335 19.955784 13.920110 6.637855 0.000000 0.000000 10.258757 14.121112 29.062852 30.178831 39.136092 43.298479 52.132479 50.521009 32.507490 29.102742 29.091063 27.987708 21.036946 18.824201 19.939780 17.069968 13.775606 12.028456 5.298140 0.000000 0.000000 0.000000 9.607631 10.717221 8.117296 0.000000 0.000000 0.000000 0.000000 0.000000 0.000000 0.000000 0.000000 0.000000 0.000000 0.000000 0.000000 0.000000 0.000000 0.000000 0.000000 6.101917 12.462172 12.174255 8.237435 0.000000 0.000000 0.000000 0.000000 0.000000 0.000000 0.000000 0.000000 0.000000
0.000000 0.000000 0.000000 12.030320 6.414768 0.000000 0.000000 0.000000 12.902337 20.590112 33.121690 40.420067 37.468757 29.770420 31.699752 40.901082 50.240199 31.469506 29.276060 26.902015 16.968552 14.472465 15.833689 15.063107 15.048526 11.919470 6.000815 0.000000 0.000000 0.000000 10.999649 12.960207 11.888500 8.503925 3.247274 0.000000 0.000000 0.000000 0.000000 0.000000 0.000000 0.000000 0.000000 0.000000 0.000000 0.000000 0.000000 0.000000 0.000000 0.000000 10.607818 11.855838 11.246090 8.714572 0.000000 0.000000 0.000000 0.000000 0.000000 0.000000 0.000000 0.000000
0.000000 0.000000 0.000000 1.742171 0.000000 0.000000 0.000000 0.000000 10.879828 15.745130 28.392375 29.667920 29.292828 32.669582 25.456778 33.305459 39.939943 34.839845 26.173891 21.298300 14.935641 10.511231 11.835575 12.000761 11.548959 12.812232 9.117133 5.758436 8.375230 0.000000 8.275615 12.099895 10.270466 8.240825 10.089043 6.598846 0.000000 0.000000 0.000000 0.000000 0.000000 0.000000 0.000000 0.000000 0.000000 0.000000 0.000000 0.000000 0.000000 0.000000 8.211286 10.111618 9.224645 7.846992 0.000000 0.000000 0.000000 0.000000 0.000000 0.000000 0.000000 0.000000
0.000000 0.000000 0.000000 0.000000 0.000000 0.000000 0.000000 0.000000 9.638223 8.183648 16.961387 17.357558 15.273337 23.836862 16.121694 25.634578 34.467037 28.949445 24.885402 17.240524 12.495450 5.869865 5.500388 7.029820 11.201726 12.828165 10.997192 10.989719 13.439168 12.338509 9.104824 8.001600 0.000000 6.153629 11.817283 11.554413 9.879153 8.809064 0.000000 0.000000 0.000000 0.000000 0.000000 0.000000 0.000000 0.000000 0.000000 0.000000 0.000000 0.000000 0.000000 0.000000 0.000000 0.000000 0.000000 0.000000 0.000000 0.000000 0.000000 0.000000 0.000000 0.000000
0.000000 0.000000 0.000000 0.000000 0.000000 0.000000 0.000000 0.000000 0.000000 0.000000 10.915965 10.224876 10.771024 16.448574 12.226937 19.056278 25.363477 22.863180 24.589357 18.494262 10.228378 7.943152 0.000000 0.000000 9.247413 10.900472 12.945032 11.989548 10.298252 8.115442 5.594474 0.000000 0.000000 0.000000 0.000000 0.000000 7.364162 9.256717 6.050408 0.000000 0.000000 0.000000 0.000000 0.000000 0.000000 0.000000 0.000000 0.000000 0.000000 0.000000 0.000000 0.000000 0.000000 0.000000 0.000000 0.000000 0.000000 0.000000 0.000000 0.000000 0.000000 0.000000
0.000000 0.000000 0.000000 0.000000 0.000000 0.000000 0.000000 0.000000 0.000000 0.000000 0.000000 0.000000 0.000000 10.381755 4.576657 0.000000 14.211451 13.147282 17.972709 17.141545 8.569240 4.459938 0.000000 0.000000 0.000000 5.721952 12.312510 11.439916 6.145695 0.000000 0.000000 0.000000 0.000000 0.000000 0.000000 0.000000 0.000000 0.000000 8.727761 5.719464 0.000000 0.000000 0.000000 0.000000 0.000000 0.000000 0.000000 0.000000 0.000000 0.000000 0.000000 0.000000 0.000000 0.000000 0.000000 0.000000 0.000000 0.000000 0.000000 0.000000 0.000000 0.000000
0.000000 0.000000 0.000000 0.000000 0.000000 0.000000 0.000000 0.000000 0.000000 0.000000 0.000000 0.000000 6.487776 9.538762 0.000000 0.000000 0.000000 6.492112 10.507093 12.867860 6.163218 0.000000 0.000000 0.000000 0.000000 0.000000 8.436479 9.500746 0.000000 0.000000 0.000000 0.000000 0.000000 0.000000 0.000000 0.000000 0.000000 0.000000 0.000000 0.000000 0.000000 0.000000 0.000000 0.000000 0.000000 0.000000 0.000000 0.000000 0.000000 0.000000 0.000000 0.000000 0.000000 0.000000 0.000000 0.000000 0.000000 0.000000 0.000000 0.000000 0.000000 0.000000
0.000000 0.000000 0.000000 0.000000 0.000000 0.000000 0.000000 0.000000 0.000000 0.000000 0.000000 0.000000 0.000000 8.982102 0.000000 0.000000 0.000000 0.000000 6.112226 9.395047 0.000000 0.000000 0.000000 0.000000 0.000000 0.000000 7.365421 6.853280 0.000000 0.000000 0.000000 0.000000 0.000000 0.000000 0.000000 0.000000 0.000000 0.000000 0.000000 0.000000 0.000000 0.000000 0.000000 0.000000 0.000000 0.000000 0.000000 0.000000 0.000000 0.000000 0.000000 0.000000 0.000000 0.000000 0.000000 0.000000 0.000000 0.000000 0.000000 0.000000 0.000000 0.000000
