tests/3D/Mazia/input-maps/pit.asc
ncols 63 
nrows 48 
xllcorner 598000 
yllcorner 5145000 
cellsize 1000 
NODATA_value -9999 
[rows 0 to 31 of 48, columns 0 to 62 of 63]
2132.36 2181.37 2063.79 1847.77 2141.92 2389.08 2613.84 2251.1 2146.37 1938.74 1605.07 1491.5 1236.63 1389.2 1678.14 1632.54 1456.07 1502.98 1706.46 1905.14 2082.46 2263.39 2614.61 2441.76 2617.01 2867.9 2669.13 2688.71 2900.16 2927.71 2753.27 2645.81 2514.19 2703.27 2402.29 2399.7 2618.7 2950.8 3224.26 3049.69 2888.56 2998.87 3264.83 3113.1 2856.44 2712.1 2620.51 2219.59 1974.66 2366.83 2851.61 3044.59 3229.17 2906.86 2534.24 2057.71 2073.53 2420.12 2560.98 2714.63 2699.66 2229.72 1965.9
2128.07 2032.96 1901.7 1726.09 2034.38 2404.01 2686.67 2236.24 1807.46 1696.54 1400.46 1236.63 1281.72 1625.98 1810.43 1867.29 1647.87 1562.07 1888.1 2117.86 2405.08 2399.34 2525.19 2661.83 2671.32 2872.31 2786.32 2829.54 2738.3 2675.14 2810.99 2920.53 2756.81 2775.27 2688.4 2846.41 2866.92 2917.33 3240.33 3119.76 2866.12 2805.04 3104.62 2883.7 2564.97 2315.12 2212.11 2002.34 2217.39 2670.07 2786.9 2975.18 3172.18 2769.63 2283.43 2057.71 2263.02 2624.99 2652.66 2766.27 2566.1 2113 2217.63
2441.51 2431.71 2228.82 1693.29 2058.24 2366.52 2361.24 2054.57 1690.36 1429.2 1236.63 1295.47 1677.38 1963.9 2099.52 1866.3 1559.77 1636.21 1989.27 2317.09 2396.99 2630.58 2582.63 2800.43 2666.31 2620.03 2532.61 2634.44 2502.34 2522.4 2866.41 2980.01 2966.66 3160.79 3043.53 2976.2 2950.18 3205.28 3285.81 3040.48 2875.74 2615.36 2723.28 2562.4 2214.18 2214.18 2250.6 2131.58 2289.93 2722.93 3073.06 3220.61 3165.19 2644.9 2162.2 2272.56 2510.69 2471.58 2847.48 2705.99 2649.63 2125.19 2353.57
2782.91 2530.37 2029.93 1678.22 1715.2 1892.87 2001.46 1819.33 1646.73 1321.06 1236.63 1692.71 1962.91 2473.38 2420.61 1899.57 1559.77 1798.46 2056.74 2433.24 2703.62 2676.8 2736.99 2636.03 2440.29 2367.21 2230.01 2259.8 2252.43 2530.18 2869.18 2940.28 3335.74 3305.59 3136.63 3061.08 3103.29 3235.47 3163.42 3065.93 2890.87 2831.17 2468.33 2328.57 2451.91 2749.38 2792.08 2270.36 2400.24 2823.32 2898.01 3180.54 2912.3 2408.29 2296.33 2620.57 2375.13 2474.82 2598.68 3029.87 2882.37 2371.93 2492.72
2487.7 2497.87 2372.71 1811.92 1501.03 1453.51 1594.6 1509.6 1482.88 1236.63 1293.98 1971.22 2421.61 2620.04 2406.38 2024.09 1559.77 1761.46 2042.02 2622.58 2755.17 2617.02 2492.56 2358.12 2131.72 1920.9 1920.9 1940.53 1940.53 2321.68 2584.97 2818.78 2980.3 3322.98 3217.41 3164.89 3208.19 3279.02 3151.14 2936.29 2863.97 2849.99 2426.3 2441.14 2915.47 3133.19 2824.8 2270.36 2441.26 2902.51 3119.54 3178.82 2748.1 2317.56 2627 2828.5 2764.16 2434.4 2732.39 2782.67 3109.89 2711.26 2783.76
2364.86 2152.72 2114.12 2039.51 1870.89 1579.02 1255.01 1157.09 1157.09 1260.4 1737.16 2168.8 2595.06 2586.11 2244.59 1936.23 1630.09 1537.84 1769.08 2175.28 2554.33 2414.63 2328.73 2014.31 1810.66 2077.03 2290.01 2333.88 2223.5 2012.82 2262.61 2550.58 2585.22 2789.54 3055.51 3203.59 3338.93 3216.2 2958.3 2691.43 2460.61 2426.3 2426.3 2742.38 3161.44 3099.86 2575.62 2337.18 2805.01 2823.22 3144.51 3083.32 2556.79 2492.08 2593.72 2951.22 3084.57 2727.64 2706.12 3083.07 3181.2 2852.34 2500.49
2095.99 1991.64 1777.03 1635.1 1537.69 1340.52 1155.26 1327.2 1657.12 1796.37 1789.72 2171.19 2460.99 2568.29 2259.09 1847.2 1655.26 1537.84 1571.47 2115.6 2112.76 2109.32 1904.11 1782.74 2102.94 2425.79 2658.71 2528.83 2571.07 2392.99 2204.26 2363.59 2631.62 2744.94 2843.71 3244.79 3183.21 2895.46 2631.43 2631.43 2762.14 2540.93 2757.3 2979.72 3248.83 2993.06 2408.47 2639.71 3115.12 2960.86 3075.54 3146.5 2644.88 2782.79 2524.39 2818.03 3076.43 3137.53 2972.92 2787.97 2490.44 2408.51 2131.89
1772.14 1669.79 1535.17 1358.9 1269.93 1155.26 1303.06 1765.04 2182.73 2278.53 2004.03 2261.24 2541.82 2472.44 2152.42 1893.58 1889.01 1585.82 1537.84 1612.38 1651.9 1663.22 1782.74 1943.83 2105.41 2363.06 2759.73 2732.62 2903.67 2694.2 2539.71 2771.82 2924.83 3138.19 3083.11 3231.97 2968.31 2708.23 2809.18 2989.21 2704.07 2715.39 2954.36 3177.53 2991.39 2772.1 2408.47 2747.06 2888.17 3084.53 3219.82 3300.23 2822.69 2828.33 2742.57 2737.94 3047.74 3305.49 3000.56 2447.79 1947.62 1855.58 1658.04
1495.38 1415.66 1251.31 1251.31 1251.31 1561.33 1500.73 1668.17 2194.43 2738.08 2408.74 2487.81 2610.08 2324.33 1977.94 2137.11 2049.24 1733.8 1537.84 1569.12 1833.46 2205 2135.42 2311.76 2321.97 2426.94 2584.02 2950.53 2972.13 3020.02 2857.47 3205.66 3250.24 3501.03 3283.82 3167.11 2885.01 2899.09 3157.96 2953.48 2704.07 2887 3085.33 3136.13 2743.53 2642.2 2458.74 2698.98 2744.16 2744.62 3033.77 3277.09 2948.61 2859.3 2966.17 2737.94 2892.6 3131.31 2607.34 2273.44 1743.29 1738.29 2004.27
1281.67 1251.31 1275.89 1439.31 1689.96 1865.33 2106.04 1536.28 2095.88 2666.03 2718.79 2600.74 2446.36 2095.19 2150.77 2353.1 2219.11 1836.36 1537.84 1559.6 2051.91 2540.43 2448.39 2583.28 2311.76 2755.57 2567.02 2914.73 2663.1 2974.86 3202.18 3018.14 2960.57 3409.56 3259.8 3048.4 3028.5 3083.53 3029.21 2815.99 2814.1 3087.68 3217.69 3027.26 2761.39 2751.37 2852.4 3142.22 3029.37 2831.07 2977.32 3167.48 3065.99 2943.52 3030.26 3000.46 2881.53 2735.38 2122.22 1811.04 1819.97 2172.11 2286.37
1272.79 1420.77 1519.28 1745.62 2085.99 2389.31 2053.72 1609.73 1735.6 2074.01 2622.59 2577.84 2302.88 2101.4 2478.36 2536.91 2440.59 1955.52 1537.84 1537.84 1984.7 2242.58 2524.28 2728.16 2403.73 2644.99 2943.89 2769.13 2616.2 3192.09 3051.34 2635.17 2873.54 3163.58 3058.03 2835.31 2904.97 2768.84 2724.51 2885.23 3050.02 3324.33 3165.86 2940.24 2997.96 2887.41 3079.36 3285 3293.42 3094.44 3170.62 3220.91 3263.43 3032.6 3089.97 3130.88 2980.18 2393.81 1877.26 2074.47 2204.88 2087.06 2580.3
1436.99 1639.87 1838.08 2173.69 2347.62 2544.01 2024.09 1984.67 1896.12 1815.09 2203.58 2643.44 2448.08 2270.87 2509.4 2769.03 2394.17 1914.22 1537.84 1561.68 1832.47 2263.39 2529.04 2712.59 2510.63 2761.97 2828.27 2616.2 2624.1 3162.49 2766.62 2463.81 2956.93 3046.76 3156.19 2753.9 2506.28 2527.47 2750.56 3112.72 3121.94 3179.19 2790.91 2931.57 3211.68 3153.29 3340.93 3366.7 3108.36 2918.84 2923.91 3053.44 3080.86 3172.37 3093.76 3137.14 3179.1 2514.51 2273.82 2047.64 2523.69 2177.46 2509.99
1472.91 1934.04 2384.16 2343.31 2904.07 2888.72 2174.32 2127.74 2592.02 2126.56 2297.76 2663.71 2684.4 2334.12 2557.58 2647.53 2307.08 1879 1552 1537.84 1796.49 2129.38 2530.37 2668.86 2763.78 2807.16 2426.82 2337.09 2819.7 3115.37 2880.39 2447.96 2580.6 3011.26 2964.23 2550.09 2270.59 2200.31 2415.96 2876.69 2711.08 2918.04 2576.32 2719.62 3005.01 3380.38 3321.04 2946.84 2697.1 2504.72 2444.48 2422.59 2538.61 2636.59 2645.41 2773.87 2922.5 2652.89 2622.12 2137.03 2346.87 2266.39 2630.3
1787.59 1778.6 2425.14 2820.78 2731.2 2913.22 2802.86 2626.62 2599.82 2406.21 2438.7 2593.99 2588.98 2485.54 2670.84 2645.73 2336.91 1953.59 1521.96 1497.41 1807.52 2053.63 2109.94 2374.52 2711.21 2490.43 2215.01 2619.63 2832.9 2954.04 2797.88 2432.1 2578.84 2878.34 2947.41 2687.91 2412.1 2169.78 2069.22 2616.52 2490.9 2572.37 2312.43 2455.38 2882.12 3026.76 3058.53 2918.17 2495.89 2169.18 1994.58 2151.97 2151.97 2227.6 2352.44 2549.77 2727.29 3007.34 2556.32 2280.57 2208.23 2478.47 2627.07
2156.9 1807.2 2265.02 2552.4 2888.19 2907.96 2807.94 2784.81 2611.54 2361.31 2344.14 2639.4 2805.21 2590.96 2414.39 2398.72 2198.94 1947.03 1547.48 1497.41 1725.94 1909.09 2045.83 2518.32 2492.47 2161.86 2305.21 2855.89 2904.96 2714.28 2434.69 2242.78 2386.48 2858.13 3134.03 2757.32 2724.49 2352.67 1954.07 2280.33 2359.98 2087.66 1988.84 2144.76 2347.61 2809.16 2615.62 2606.34 2428.5 1904.92 2423.4 2603.99 2538.33 2643.53 2769.02 2889.3 2706.53 2925.29 2634.37 2375.53 2427.08 2548.53 2579.14
2276.37 1807.2 2165.74 2646.52 2819.44 2681.07 2784.92 2853.67 2729.59 2640.2 2331.72 2440.12 2669.86 2680.3 2483.96 2139.76 2139.76 2150.69 1624.58 1497.41 1606.51 1739 2281.39 2303.13 2117.39 2069.47 2540.11 2818.57 2598.02 2475.94 2133 2134.46 2459.37 2859.54 3286.12 2886.33 2576.73 2398.43 2118.64 1869.93 1869.93 1708.47 1706.68 1743.17 2108.09 2649.37 2595.49 2182.54 1966.04 1838.99 2578.2 2820.79 2842.04 3011.97 2937.77 2568.44 2530.51 2927.16 2713.47 2523.54 2578.27 2354.99 2125.13
2218.12 1807.2 2027.86 2399.92 2397.06 2153.9 2538.13 2777.04 2900.69 2758.7 2491.02 2324.49 2225.36 2538.84 2314.79 2295.68 2412.84 2106.69 1577.56 1451.86 1537.62 1926.51 1940.01 1887.06 1923.54 2371.49 2710.94 2462.1 2168.34 2030.01 1888.11 2401.98 2823.56 3153.47 3156.44 2899.96 2532.02 2489.89 2427.12 2173.71 1981.01 2202.34 2221.32 1657.94 1732.97 2108.39 2115.66 2277.2 2232.42 1640.71 2240 2726.71 3102.09 3139.18 2851.79 2453.66 2304.03 2585.49 2778.34 2750.22 2485.69 2398.13 2314.08
1992.61 1807.2 1837.82 2175.11 2033.78 2249.72 2335.91 2415.18 2468.67 2744.79 2742.77 2497.39 1946.43 2151.59 2362.13 2480.91 2283.52 1909.7 1445.69 1370.64 1405.18 1558.88 1636.81 1947.06 2319.07 2533.56 2306.73 2083.51 1768.78 1847.38 2048.63 2459.72 2687.64 3013.43 2851.76 2937.7 2848.28 2634.98 2746.52 2381.43 2371.8 2573.17 2309.96 1760.16 1501.32 1501.32 1501.32 1746.12 1893.24 1574.03 2329.82 2765.98 3043.89 2956.98 2601.66 2563 2233.09 2127.01 2392.71 2217.23 1949.51 1743.59 1853.42
1938.43 2032.23 2038.04 1867.03 1977.13 2409.03 2672.71 2808.8 2734.67 2795.16 2787.64 2432.77 2133.02 1849.19 2032.32 2253.72 2104.91 1672.58 1293.11 1279.43 1346.4 1642.72 2046.6 2190.46 2489.01 2148.93 1892.39 1691.98 2069.86 2369.14 2438.39 2327.74 2858.53 2926.44 2628.59 2442.29 2525.53 2435.71 2849.58 2779.33 2838.91 2460.98 1991.88 2158.59 1922.28 1870.17 1651.12 1364.54 1281.33 1684.11 2130.12 2251.72 2815.52 2924.9 2891.57 2579.68 2215.14 1660.42 1671.67 1734.43 1591.64 1312.17 1352.03
2313.37 2216.01 2032.57 2287.88 2149.33 2061.27 2435.24 2682.17 2879.93 3019.88 2770.38 2577.77 2408.63 2037.81 1718.13 1886.67 1925.9 1596 1194.33 1189.08 1535.79 1848.99 2111.04 2342.71 2198.96 1808.51 1582.61 1894.6 2310.66 2768.16 2743.64 2468.22 2701.89 3046.46 2802.97 2365.11 2152.97 2251.26 2638.82 2946.3 2767.8 2363.66 2328.21 2513.17 2312.94 2119.42 1964.51 1788.92 1296.52 1241.3 1564.01 2117.86 2407.54 2634.38 2945.07 2827.49 2536.01 1864.33 1192.93 1167.5 1118.69 866.92 890.92
2303.36 2326.81 2220.51 2586.84 2333.7 2061.27 2118.43 2237.38 2495.97 2697.28 2810.59 2436.18 2218.8 2217.78 2014.48 1577.43 1520.8 1296.04 1080.22 1096.26 1260.24 1468.82 1633.51 1958.52 1936.89 1548.19 1714.72 2219.92 2443.28 2757.08 3041.87 2755.62 2775.93 3029.27 2765.71 2794.33 2316.21 2152.34 2663 3004.61 2776.81 2477.1 2675.81 2826.72 2505.81 2061.74 2395.37 2106.5 1676.27 1136.11 1481.76 1775.41 2159.69 2573.32 2668.09 2352.91 2333.37 1879.27 1411.22 858.54 655.59 612.88 513.48
2593.59 2316.2 2262.11 2678.47 2528.02 2178.42 2287.87 2497.77 2265.4 2271.07 2553.72 2705.2 2508.3 2050.82 2143.69 1800.29 1621.72 1563.59 1132.18 1020.28 1021.69 1100.74 1369.44 1657.61 1559.32 1415.08 1742.21 2167.19 2627.84 2843.47 2978.08 2842.22 2708.89 2869.22 2706.8 2660.24 2155.42 2027.58 2437.13 2757.3 2914.24 2972.66 2829.9 2593.28 2255.43 2295.57 2587.78 2401.36 1862.72 1294.08 1136.11 1674.54 2056.74 2329.18 2028.93 1699.7 1753.51 1514.33 997 600.89 575.86 575.86 575.61
2868.8 2746.24 2582.99 2783.12 2427.03 2178.42 2286.28 2496.27 2565.5 2190.57 2347.21 2627.48 2341.84 2368.69 2185.26 2082.32 1761.8 1503.18 1102.93 956.71 936.18 957.17 1063.5 1233.88 1235.36 1475.64 1816.82 2284.94 2729.8 2725.53 2729.87 2448.04 2652.76 2634.19 2558.54 2281.4 2263.88 1856.86 2311.69 2581.01 2817.12 2878 2705.57 2468.78 2492.67 2519.07 2755.86 2527.12 2262.4 1561.71 962.47 1272.04 1793.84 1868.72 1400.74 1289.2 1086.89 928.33 623.2 575.86 575.86 899.07 1060.22
2443.44 2635.89 2835.27 2581.88 2288.28 2197.02 2485.38 2717.37 2804.32 2326.91 1963.76 2455.14 2341.08 2181.81 1880.86 1626.51 1183.36 1043.7 1043.7 1042.73 954.81 913.78 913.78 1014.07 1370.59 1716.54 2059.58 2397.62 2440.33 2225.7 2359.76 2277.49 2095.92 2042.41 2450.36 2571.19 2304.48 1739.46 2194.49 2481.58 2810.28 2705.02 2635.29 2645.66 2738.52 2654.09 2457.94 2366.11 2381.33 1924.1 1401.78 888.16 1101.26 1350.72 933.22 839.93 648.58 575.86 575.86 575.86 814.29 1267.11 1502.01
2287.41 2692.68 2689.02 2524.27 2292.32 2197.02 2404.67 2661.53 2892.02 2349.47 1915.83 2028.71 1806.14 1691.02 1540.54 1200.81 1104.51 1367.16 1657.62 1425.2 1157.17 913.78 913.78 948.68 1334 1825.4 2225.92 2111.93 1912.29 1852.32 2180.6 1987.41 1609.82 1954.42 2229.94 2191.68 2023.34 1577.82 1668.94 2073.64 2292.11 2222.3 2045.98 2122.97 2447.79 2335.57 2084.21 1783.84 1897.31 1447.99 1126.33 995.42 800.58 761.34 575.86 575.86 575.86 575.86 593.74 789.94 1073.53 1456.7 1691.26
2349.83 2567.39 2559.16 2456.31 2370.21 2393.36 2234.34 2444.47 2619.63 2427.89 2031.71 1634.49 1623.96 1427.58 1202.3 1166.51 1653.37 2059.29 2096.34 1716.7 1402.49 978.72 913.78 913.78 1192.44 1546.47 1806.23 1794.92 1504.3 1699.17 2003.6 1911.21 1409.51 1715.19 1673.71 1776.21 1524.36 1389.97 1560.66 1917.43 1849.22 1708.03 1630.73 1698.33 2011.61 1924.12 1523.56 1468.08 1207.33 904.21 668.87 603.2 603.2 603.2 575.86 575.86 588.64 657.74 917.53 1103.74 1391.29 1676 1783.13
2192.93 2236.18 2231.01 2275.43 2371.27 2183.37 2223.14 2514.39 2629.88 2559.02 2190.98 1826 1393.34 1267.73 1239.27 1696.74 2028.76 2303.41 2218.56 1711.2 1350.04 1045.27 913.78 913.78 941.56 1170.69 1324.03 1306.49 1156.27 1395.76 1506.79 1589.94 1398.3 1247.21 1264.29 1212.71 1095.44 1081.01 1133.48 1312.34 1327.49 1193.62 1200.81 1480.27 1577.18 1410.71 1125.58 890.34 661.18 603.2 603.2 603.2 654.03 719.24 699.02 818.68 1061.97 1138.63 1245.06 1521.12 1709.12 1770.18 1576.58
2264.26 2041.5 1958.01 1947.71 2037.97 1986.2 2333.3 2592.76 2651.99 2618.8 2283.76 1881.48 1381.23 1245.68 1564.71 2035.17 2315.02 2333.14 1903.31 1620.63 1329.26 1160.24 935.29 913.78 913.78 913.78 913.78 913.78 913.78 955.14 989.3 1109.51 1075.06 1053.33 980.57 881.11 796.34 725.72 745.73 800.6 771.81 775.48 854.29 986.12 895.3 823.51 673.1 605.18 603.2 603.2 780.56 1018.61 1081.58 888.01 1018.01 1332.42 1332.39 1560.78 1671.27 1885.82 1940.46 1837.51 1433.28
2515.33 2289.79 1902.77 1772.83 1690.02 1817.54 1945.4 2170.01 2318.01 2254.84 2030.72 1604.12 1282.8 1431.8 1862.12 2173.81 2425.3 2171.33 2070.74 1678.83 1716.37 1508.34 1093.48 913.78 913.78 913.78 913.78 913.78 913.78 913.78 913.78 913.78 913.78 947.82 905.81 829.86 778.13 726.72 717.06 717.06 717.06 717.06 717.06 717.06 717.06 717.06 759.6 736.44 896.54 995.66 1241.67 1465.36 1428.03 1189.96 1482.66 1684.42 1756.87 1916.7 2018.79 2022.41 1749.83 1568.18 1343.86
2749.31 2472.87 2245.7 2075.48 1902.83 1680.17 1665.63 1818.46 1971.58 2052.89 1683.87 1390.21 1332.99 1736.79 2095.37 2462.32 2589.93 2432.13 2207.73 1906.91 1752.4 1445.49 1051.29 995.09 953.7 970.58 977.3 994.98 1006.46 1007.49 1042.78 924.66 923.5 905.81 927.21 1028.24 1028.83 1062.84 979.39 827.93 747.2 717.06 717.06 717.06 717.06 810.03 911.06 1204.96 1395.23 1355.77 1666.77 1831.12 1702.68 1553.29 1872.86 2062.16 2192.87 2334.26 2215.23 1903.96 1612.83 1146.94 932.71
2583.84 2721.27 2680.42 2334.64 2139.74 1931.37 1714.34 1619.96 1608.79 1605.52 1457.41 1373.57 1604.21 1960.31 2295.7 2572.44 2362.03 2286.44 2056.71 1743.17 1391.06 1115.87 1232.46 1293.5 1343.66 1436.33 1474.4 1382.44 1581.9 1404.27 1526.91 1367.44 1269.92 1426.83 1402.23 1469.78 1256.6 1464.12 1406.58 1286.24 1186.41 813.06 1012.54 987.09 1101.13 1012.39 1125.66 1408.01 1827.64 1698.03 1999.54 2009.26 2144.42 1943.12 2147.51 2411.11 2365.11 2138.86 1792.66 1517.81 1238.46 977.57 693.82
2246.47 2448.76 2476.42 2575.34 2416.49 2170.1 1972.27 1803.38 1686.11 1490.82 1480.69 1583.28 1924.32 2303.9 2369.29 2708.61 2343.42 2047.31 1874.5 1578.33 1205.99 1385.21 1610.96 1727.26 1820.81 1964.21 2057.82 1695.06 1976.28 1906.92 1904.2 1609.44 1666.22 1914.01 1938.24 1811.96 1672.99 1769.18 1733.17 1749.69 1466.9 925.14 1509.48 1493.13 1551.18 1367.81 1521.46 1448.84 1950.26 2128.4 2188.32 2207.02 2325.36 2411.22 2454.41 2169.93 1879.53 1683.1 1459.78 1223.01 1045.07 784.23 852.68
