tests/test_sample_run/example/results/output_maps/snowdepthN0021.asc
ncols         174
nrows         141
xllcorner     744500.000000
yllcorner     5140950.000000
cellsize      250.000000
NODATA_value  -9999.0
[rows 62 to 92 of 141, columns 70 to 139 of 174]
17.873 18.201 17.619 17.903 18.694 20.281 22.430 24.638 26.472 28.303 29.569 30.953 29.890 31.484 31.448 30.552 27.467 30.253 38.375 40.888 38.541 33.638 23.586 15.891 9.281 8.098 7.248 11.197 11.504 21.531 25.940 23.522 31.182 42.062 60.260 48.393 39.614 35.207 55.763 45.148 15.377 3.842 0.000 0.000 0.000 0.000 0.000 0.000 0.000 14.638 10.904 12.899 20.064 32.364 52.951 43.477 25.464 13.364 0.000 0.000 0.000 0.000 0.000 0.000 0.000 0.000 5.239 5.363 6.137 6.587
16.931 15.761 16.736 15.043 17.828 18.884 21.030 24.112 26.175 28.761 31.033 32.978 33.903 34.787 35.405 35.566 35.149 38.886 40.116 37.167 34.951 30.985 19.205 11.972 0.000 0.000 5.759 22.435 16.646 21.131 34.585 42.102 45.290 55.771 62.389 58.098 49.717 53.171 59.550 45.081 16.552 5.084 0.000 0.000 0.000 0.000 0.000 0.000 0.000 0.000 0.000 0.000 12.061 30.309 50.659 48.311 30.537 16.189 0.000 0.000 0.000 0.000 0.000 0.000 0.000 0.000 0.000 0.000 0.000 0.000
14.769 12.847 14.623 11.093 14.842 15.818 20.038 23.533 23.245 23.929 27.580 32.010 34.980 37.135 38.074 39.964 40.249 38.041 33.729 29.977 25.123 23.187 13.894 7.065 0.000 7.705 14.585 17.688 35.929 35.914 40.350 47.822 58.022 63.258 59.741 62.681 61.945 63.128 62.220 50.332 23.101 16.478 7.778 0.000 0.000 0.000 0.000 0.000 0.000 0.000 0.000 0.000 9.307 28.191 42.023 51.142 31.963 19.392 5.797 0.000 0.000 0.000 0.000 0.000 0.000 0.000 0.000 0.000 0.000 0.000
10.149 6.519 7.088 6.551 7.380 10.037 17.881 20.498 19.488 19.485 22.947 26.604 31.009 37.684 38.130 38.626 37.523 35.558 29.406 26.465 20.356 15.501 9.573 17.539 17.812 18.411 26.746 32.445 46.667 48.653 57.317 61.393 62.161 55.196 46.007 57.785 64.382 62.169 60.436 64.229 53.690 37.754 21.382 15.123 8.474 0.000 0.000 0.000 0.000 0.000 0.000 0.000 18.255 8.877 12.104 40.200 47.044 28.268 12.931 5.356 0.000 0.000 0.000 0.000 0.000 0.000 0.000 0.000 0.000 0.000
8.697 6.757 5.002 5.132 5.881 7.136 12.657 14.900 13.494 15.887 20.036 24.142 29.715 32.835 40.967 39.880 36.507 37.668 34.001 29.602 22.988 22.138 13.309 21.511 31.447 34.104 42.360 47.220 60.016 61.672 56.820 54.001 46.418 35.824 39.152 56.372 64.782 55.901 50.625 56.507 59.880 61.004 44.394 34.252 9.752 6.047 0.000 0.000 0.000 0.000 0.000 4.404 5.382 0.000 0.000 20.041 48.991 35.692 14.804 5.035 3.354 0.000 0.000 0.000 0.000 0.000 0.000 0.000 0.000 0.000
15.069 9.514 0.000 0.000 0.000 7.553 7.170 8.799 6.948 6.836 12.357 16.547 26.575 30.904 37.638 44.712 40.968 40.035 39.868 38.679 36.455 35.431 33.853 40.467 47.225 51.483 57.727 60.058 52.522 50.716 47.558 30.371 27.040 10.236 36.862 62.624 61.484 42.554 30.448 36.692 45.627 51.010 56.097 37.009 5.363 3.355 0.000 0.000 0.000 0.000 0.000 0.000 0.000 0.000 0.000 27.622 43.951 37.676 27.150 16.505 0.000 0.000 0.000 0.000 0.000 0.000 0.000 0.000 10.465 19.065
15.274 7.024 0.000 0.000 0.000 5.012 0.000 4.691 0.000 0.000 8.731 14.922 25.033 30.578 36.295 45.201 44.086 41.267 42.652 43.372 40.817 45.663 54.362 56.881 51.937 56.687 56.525 50.339 46.927 34.994 26.607 6.764 10.933 0.000 37.735 61.273 59.223 39.053 18.106 14.979 27.786 28.290 37.315 36.069 5.372 0.000 0.000 0.000 0.000 0.000 0.000 0.000 0.000 0.000 0.000 21.059 43.473 36.062 12.939 4.071 0.000 0.000 0.000 0.000 0.000 0.000 0.000 0.000 10.505 3.716
11.628 11.085 5.525 0.000 0.000 0.000 0.000 0.000 6.855 0.000 7.661 6.327 17.859 28.705 36.062 46.322 43.506 44.715 44.842 49.724 54.120 48.883 31.531 43.839 29.203 47.095 51.421 52.077 23.365 8.503 0.000 0.000 0.000 0.000 36.560 54.393 59.979 33.537 3.687 0.000 6.037 3.522 7.365 21.785 22.383 6.050 0.000 0.000 0.000 0.000 0.000 0.000 0.000 0.000 0.000 19.041 43.990 32.670 0.000 0.000 0.000 0.000 0.000 0.000 0.000 0.000 0.000 0.000 0.000 0.000
10.523 9.672 4.553 0.000 0.000 0.000 6.361 7.610 7.538 7.437 6.250 8.824 17.594 29.272 36.996 48.580 44.581 46.382 48.882 51.694 38.744 32.868 14.195 27.018 27.247 44.291 33.382 40.912 26.421 6.283 0.000 0.000 0.000 0.000 23.070 43.180 60.201 27.093 0.000 0.000 0.000 0.000 0.000 5.313 13.643 14.844 0.000 0.000 0.000 0.000 0.000 0.000 0.000 0.000 9.077 29.343 45.692 25.604 0.000 0.000 0.000 0.000 0.000 0.000 0.000 0.000 0.000 -9999.000 -9999.000 -9999.000
7.271 6.416 0.000 0.000 0.000 0.000 0.000 0.000 0.000 6.843 21.132 24.877 29.908 31.973 37.896 50.255 48.650 50.514 50.045 48.958 24.129 9.197 0.000 0.000 24.447 10.569 3.325 8.155 30.942 9.227 0.000 0.000 0.000 0.000 13.262 30.165 46.990 18.831 0.000 0.000 0.000 0.000 0.000 0.000 4.972 6.937 6.902 0.000 0.000 0.000 0.000 0.000 0.000 0.000 8.423 34.945 42.628 30.433 12.044 0.000 0.000 0.000 0.000 0.000 0.000 0.000 -9999.000 -9999.000 -9999.000 -9999.000
5.448 5.394 0.000 0.000 0.000 0.000 0.000 0.000 0.000 6.432 19.366 36.575 35.850 35.829 43.024 51.638 49.085 49.647 53.552 42.247 16.460 3.646 0.000 0.000 4.919 0.000 0.000 0.000 18.749 12.535 0.000 0.000 0.000 0.000 4.195 17.748 34.618 21.353 7.052 5.775 0.000 0.000 0.000 0.000 0.000 3.415 0.000 0.000 0.000 0.000 0.000 0.000 0.000 0.000 9.446 34.827 39.902 30.420 17.984 10.252 0.000 0.000 0.000 0.000 0.000 -9999.000 -9999.000 -9999.000 -9999.000 -9999.000
0.000 0.000 0.000 0.000 0.000 0.000 0.000 0.000 0.000 0.000 18.068 32.559 41.420 45.689 47.957 52.871 48.593 50.149 53.399 40.421 10.850 0.000 0.000 0.000 0.000 0.000 0.000 0.000 6.285 0.000 0.000 0.000 0.000 0.000 0.000 12.089 15.917 11.450 4.907 0.000 0.000 0.000 0.000 0.000 0.000 0.000 0.000 0.000 0.000 0.000 0.000 0.000 0.000 0.000 14.403 34.720 40.709 33.834 21.538 12.452 10.329 5.520 0.000 0.000 0.000 -9999.000 -9999.000 -9999.000 -9999.000 -9999.000
0.000 0.000 0.000 0.000 0.000 0.000 0.000 0.000 0.000 0.000 20.572 34.056 40.371 44.806 50.214 53.132 50.402 49.287 57.522 32.804 6.354 0.000 0.000 0.000 0.000 0.000 0.000 0.000 0.000 0.000 0.000 0.000 0.000 0.000 0.000 4.438 7.037 0.000 0.000 0.000 0.000 0.000 0.000 0.000 0.000 0.000 0.000 0.000 0.000 0.000 0.000 0.000 0.000 0.000 17.157 29.862 39.991 35.359 26.419 22.064 9.102 6.149 0.000 0.000 0.000 -9999.000 -9999.000 -9999.000 -9999.000 -9999.000
0.000 0.000 0.000 0.000 0.000 0.000 0.000 0.000 0.000 6.380 22.086 35.874 42.130 46.709 52.398 54.120 54.433 52.915 40.567 25.127 7.732 0.000 0.000 0.000 0.000 0.000 0.000 0.000 0.000 0.000 0.000 0.000 0.000 0.000 0.000 0.000 0.000 0.000 0.000 0.000 0.000 0.000 0.000 0.000 0.000 0.000 0.000 0.000 0.000 0.000 0.000 0.000 0.000 0.000 15.148 22.264 38.049 38.222 23.450 11.206 0.000 0.000 0.000 0.000 -9999.000 -9999.000 -9999.000 -9999.000 -9999.000 -9999.000
0.000 0.000 0.000 0.000 0.000 0.000 0.000 0.000 8.622 15.371 28.080 38.409 43.500 48.310 53.542 55.671 57.653 56.074 46.129 36.077 19.483 11.180 11.293 7.899 0.000 0.000 0.000 0.000 0.000 0.000 0.000 0.000 0.000 0.000 0.000 0.000 0.000 0.000 0.000 0.000 0.000 0.000 0.000 0.000 0.000 0.000 0.000 0.000 0.000 0.000 0.000 0.000 0.000 8.432 19.301 31.066 36.373 37.088 20.108 5.361 0.000 0.000 0.000 0.000 -9999.000 -9999.000 -9999.000 -9999.000 -9999.000 -9999.000
0.000 0.000 0.000 0.000 0.000 0.000 0.000 8.787 17.111 25.295 33.856 39.862 45.187 52.317 54.741 56.854 56.412 56.720 57.592 58.088 57.130 52.089 45.211 35.746 20.341 17.193 7.280 0.000 0.000 0.000 0.000 0.000 0.000 0.000 0.000 0.000 0.000 0.000 0.000 0.000 0.000 0.000 0.000 0.000 0.000 0.000 0.000 0.000 0.000 0.000 0.000 0.000 10.942 20.314 22.456 30.141 36.802 37.854 22.177 9.643 0.000 0.000 0.000 0.000 -9999.000 -9999.000 -9999.000 -9999.000 -9999.000 -9999.000
0.000 0.000 0.000 0.000 0.000 0.000 7.447 12.625 23.520 31.823 39.541 43.288 50.513 53.681 55.814 57.737 57.308 56.078 52.574 43.695 25.756 39.193 17.489 19.285 30.048 20.043 3.682 0.000 0.000 0.000 0.000 0.000 0.000 0.000 0.000 0.000 0.000 0.000 0.000 0.000 0.000 0.000 0.000 0.000 0.000 0.000 0.000 0.000 0.000 0.000 0.000 9.812 12.160 11.927 23.933 29.923 37.817 38.678 24.723 11.955 0.000 0.000 0.000 0.000 -9999.000 -9999.000 -9999.000 -9999.000 -9999.000 -9999.000
0.000 0.000 0.000 0.000 0.000 0.000 6.079 11.651 19.488 25.632 37.626 46.106 51.945 54.768 56.679 58.380 59.443 60.535 58.014 51.929 39.254 39.041 20.898 12.322 16.837 15.322 0.000 0.000 0.000 0.000 0.000 0.000 0.000 0.000 0.000 0.000 0.000 0.000 0.000 0.000 0.000 0.000 0.000 0.000 0.000 0.000 0.000 0.000 0.000 0.000 0.000 0.000 0.000 0.000 20.349 31.963 35.362 37.441 37.027 23.585 10.633 7.878 0.000 0.000 -9999.000 -9999.000 -9999.000 -9999.000 -9999.000 -9999.000
0.000 0.000 0.000 0.000 0.000 0.000 0.000 7.415 19.962 31.598 41.873 46.030 51.937 55.241 55.755 55.985 57.334 60.360 62.295 59.681 50.037 43.807 27.375 18.092 18.894 20.973 8.914 0.000 0.000 0.000 0.000 0.000 0.000 0.000 0.000 0.000 0.000 0.000 0.000 0.000 0.000 0.000 0.000 0.000 0.000 0.000 0.000 0.000 0.000 0.000 0.000 0.000 0.000 9.672 24.676 30.203 34.222 36.309 36.012 33.462 20.907 19.001 17.127 16.505 -9999.000 -9999.000 -9999.000 -9999.000 -9999.000 -9999.000
0.000 0.000 0.000 0.000 0.000 0.000 0.000 5.914 16.269 26.632 36.297 43.467 52.181 54.940 53.796 56.338 57.623 58.469 61.801 65.509 61.405 52.513 38.005 31.090 29.056 31.497 17.065 7.515 0.000 0.000 0.000 0.000 0.000 0.000 0.000 0.000 0.000 0.000 0.000 10.430 10.955 8.617 11.650 7.359 9.737 0.000 0.000 0.000 0.000 0.000 0.000 0.000 9.211 15.950 23.960 23.447 27.040 32.693 35.661 34.723 31.271 28.525 19.366 13.448 13.026 -9999.000 -9999.000 -9999.000 -9999.000 -9999.000
0.000 0.000 0.000 0.000 0.000 0.000 0.000 0.000 10.571 23.864 27.943 40.566 53.464 53.863 54.058 55.794 56.983 59.322 61.860 66.390 65.955 60.316 46.402 38.549 47.394 38.409 22.165 13.596 7.511 0.000 8.984 11.728 6.817 0.000 0.000 0.000 0.000 8.369 14.371 22.224 23.276 16.552 23.085 18.984 9.836 0.000 0.000 0.000 0.000 0.000 0.000 0.000 5.356 10.418 17.061 10.775 13.641 19.999 34.365 32.651 29.412 24.953 16.539 10.010 10.223 -9999.000 -9999.000 -9999.000 -9999.000 -9999.000
0.000 0.000 6.472 6.772 6.883 6.069 7.440 0.000 12.048 15.865 31.759 49.356 53.910 54.146 52.026 53.881 56.310 60.361 61.893 65.718 67.232 64.443 57.649 51.533 39.405 38.863 30.672 26.931 24.295 16.024 20.327 30.966 18.589 17.864 13.296 6.056 13.010 20.318 15.861 32.186 53.192 47.954 29.668 40.395 29.860 20.759 16.823 10.866 7.323 6.711 0.000 0.000 0.000 0.000 6.366 0.000 6.369 14.817 28.119 29.848 13.806 11.144 19.231 13.878 5.992 -9999.000 -9999.000 -9999.000 -9999.000 -9999.000
0.000 0.000 12.567 10.034 14.535 14.263 9.216 0.000 15.481 25.763 39.533 50.858 53.379 51.847 48.621 53.577 55.186 61.677 61.866 66.189 68.145 66.265 69.433 68.312 65.447 52.720 46.252 40.913 23.302 17.325 22.461 41.436 30.553 20.533 7.195 0.000 21.316 52.121 53.908 69.937 71.727 67.731 67.068 59.702 53.403 45.067 27.421 20.042 15.390 9.834 0.000 0.000 0.000 0.000 0.000 0.000 6.968 13.826 25.160 20.165 7.412 8.628 13.410 11.401 -9999.000 -9999.000 -9999.000 -9999.000 -9999.000 -9999.000
0.000 0.000 14.736 21.538 26.479 22.681 16.421 20.043 19.377 23.741 36.749 52.178 51.154 53.284 50.801 54.158 57.675 62.731 63.621 67.845 66.859 69.207 62.768 56.866 43.326 48.166 39.837 32.822 22.260 18.477 28.306 44.849 52.761 40.862 41.282 48.896 70.290 92.418 101.640 96.051 69.767 44.503 30.727 26.783 24.834 34.543 41.155 24.125 15.293 7.425 0.000 0.000 0.000 0.000 0.000 0.000 8.041 16.040 23.298 11.854 4.922 0.000 11.612 7.239 -9999.000 -9999.000 -9999.000 -9999.000 -9999.000 -9999.000
0.000 7.685 14.031 22.146 30.360 30.835 31.477 31.276 26.424 29.448 39.714 52.257 50.250 53.881 51.697 54.646 60.441 64.095 64.422 65.999 66.881 65.682 54.597 49.813 37.746 38.365 35.185 34.345 19.044 22.408 38.424 55.578 82.848 70.310 76.291 90.585 109.783 107.906 70.400 53.380 35.420 15.534 9.563 8.960 7.442 13.439 30.207 12.397 8.368 6.033 0.000 0.000 0.000 0.000 0.000 0.000 8.876 16.630 18.359 12.060 8.078 0.000 5.720 5.017 -9999.000 -9999.000 -9999.000 -9999.000 -9999.000 -9999.000
14.625 15.987 25.262 29.506 32.320 34.602 34.025 37.718 36.488 38.576 46.887 51.857 52.041 54.793 54.764 57.825 60.408 62.615 63.951 66.583 68.482 62.376 44.068 45.755 35.818 42.493 49.200 47.200 49.956 58.603 69.826 80.243 104.804 101.296 109.966 117.113 76.929 53.467 26.353 22.990 21.063 7.226 0.000 0.000 0.000 7.286 21.080 11.572 11.251 7.736 5.466 0.000 0.000 0.000 0.000 8.010 16.026 19.033 12.255 8.356 6.301 0.000 0.000 0.000 -9999.000 -9999.000 -9999.000 -9999.000 -9999.000 -9999.000
19.008 22.451 19.041 18.850 26.726 34.550 38.261 39.829 40.601 44.536 47.848 51.211 54.736 56.546 58.747 61.438 63.372 61.344 63.379 67.268 68.726 67.608 54.976 57.264 56.283 63.124 66.355 64.176 70.881 77.347 94.002 105.762 112.007 113.928 114.120 93.855 54.107 34.629 11.238 3.889 19.471 3.405 0.000 0.000 9.956 13.485 18.408 14.746 5.045 3.872 0.000 0.000 0.000 0.000 0.000 7.294 7.914 15.185 9.862 6.852 6.807 0.000 0.000 0.000 -9999.000 -9999.000 -9999.000 -9999.000 -9999.000 -9999.000
6.055 6.464 6.546 10.484 16.630 21.908 31.878 39.928 42.389 44.961 47.690 51.652 51.560 53.219 56.079 57.756 60.434 66.736 67.954 67.147 67.761 69.766 67.587 73.069 75.223 78.762 78.468 85.543 90.392 103.523 101.198 94.567 82.920 60.875 68.614 61.399 23.903 8.809 0.000 0.000 4.710 0.000 0.000 0.000 0.000 0.000 12.722 5.627 0.000 0.000 0.000 0.000 0.000 0.000 0.000 0.000 5.593 8.439 6.650 4.861 0.000 0.000 0.000 0.000 -9999.000 -9999.000 -9999.000 -9999.000 -9999.000 -9999.000
0.000 0.000 5.881 7.803 13.445 20.025 27.680 32.723 40.890 44.529 48.522 50.280 49.347 51.549 54.267 56.097 59.505 59.528 62.747 70.885 70.580 70.839 76.696 83.128 83.168 84.907 91.803 94.913 97.057 89.648 71.662 58.619 47.109 46.600 41.848 47.109 21.978 8.959 0.000 0.000 0.000 0.000 0.000 0.000 0.000 0.000 6.808 5.878 0.000 0.000 0.000 0.000 0.000 0.000 0.000 0.000 0.000 5.766 5.300 0.000 0.000 0.000 0.000 -9999.000 -9999.000 -9999.000 -9999.000 -9999.000 -9999.000 -9999.000
0.000 0.000 8.271 9.067 15.185 18.772 29.901 36.007 40.727 45.083 46.697 47.428 48.432 50.808 52.758 53.320 53.801 55.688 57.216 62.472 71.731 76.562 75.830 67.368 51.444 42.985 47.928 58.887 77.526 79.406 56.622 39.945 29.370 26.854 20.443 19.942 14.041 0.000 0.000 6.971 0.000 0.000 0.000 0.000 0.000 0.000 0.000 -9999.000 -9999.000 -9999.000 -9999.000 -9999.000 -9999.000 -9999.000 0.000 0.000 0.000 0.000 0.000 0.000 0.000 0.000 -9999.000 -9999.000 -9999.000 -9999.000 -9999.000 -9999.000 -9999.000 -9999.000
0.000 0.000 10.776 11.842 17.066 20.156 30.071 34.852 40.086 44.404 45.330 47.293 47.639 50.014 51.497 51.046 52.279 54.431 54.523 58.367 64.488 69.640 66.189 58.814 37.708 21.966 13.665 22.329 70.023 84.597 62.037 42.694 37.554 40.166 20.438 14.294 9.783 11.494 16.389 10.341 0.000 0.000 0.000 -9999.000 -9999.000 -9999.000 -9999.000 -9999.000 -9999.000 -9999.000 -9999.000 -9999.000 -9999.000 -9999.000 -9999.000 -9999.000 0.000 0.000 0.000 0.000 0.000 -9999.000 -9999.000 -9999.000 -9999.000 -9999.000 -9999.000 -9999.000 -9999.000 -9999.000
