tests/test_sample_run/example/results/output_maps/snowdepthN0019.asc
ncols         174
nrows         141
xllcorner     744500.000000
yllcorner     5140950.000000
cellsize      250.000000
NODATA_value  -9999.0
[rows 31 to 61 of 141, columns 71 to 141 of 174]
0.000 0.152 0.223 0.086 0.064 0.000 0.378 0.552 0.718 0.847 0.978 1.171 1.296 1.644 1.741 1.787 1.685 1.252 1.029 0.914 0.908 0.555 0.356 0.111 0.000 0.000 0.000 0.000 0.498 0.644 0.752 1.219 1.770 1.549 1.265 1.049 0.889 0.654 0.559 0.475 0.439 0.308 0.319 0.114 0.000 0.000 0.000 0.000 0.000 0.000 0.000 0.457 0.476 0.553 0.618 0.870 1.020 1.169 1.187 1.246 1.315 1.353 1.355 1.374 1.355 0.982 0.732 0.556 0.536 0.383 0.253
0.000 0.037 0.045 0.000 0.000 0.176 0.191 0.406 0.648 0.888 1.027 1.251 1.352 1.623 1.755 1.808 1.788 1.392 1.191 1.108 0.811 0.542 0.321 0.109 0.000 0.000 0.000 0.549 0.747 0.926 0.932 1.370 1.878 1.916 1.652 1.320 1.255 0.983 1.002 0.893 0.697 0.520 0.366 0.060 0.000 0.000 0.000 0.000 0.000 0.000 0.000 0.669 0.826 0.839 0.896 1.058 1.131 1.223 1.286 1.374 1.388 1.396 1.405 1.422 1.287 0.717 0.639 0.408 0.285 0.123 0.070
0.000 0.000 0.000 0.000 0.000 0.166 0.151 0.245 0.362 0.691 0.804 1.073 1.259 1.541 1.712 1.809 1.892 1.695 1.377 0.982 0.779 0.502 0.403 0.159 0.000 0.000 0.514 0.713 1.003 1.345 1.522 1.914 2.085 1.565 1.669 1.529 1.442 1.336 1.108 0.839 0.611 0.346 0.277 0.000 0.000 0.217 0.152 0.000 0.000 0.000 0.000 0.598 0.791 0.966 1.031 1.086 1.127 1.172 1.264 1.298 1.338 1.446 1.455 1.464 1.144 0.657 0.347 0.130 0.000 0.000 0.000
0.000 0.000 0.000 0.000 0.036 0.042 0.086 0.121 0.269 0.454 0.694 1.130 1.286 1.513 1.700 1.815 1.922 1.835 1.415 0.953 0.814 0.557 0.438 0.279 0.000 0.380 0.553 0.972 1.160 1.544 1.895 2.182 1.788 1.219 1.190 1.061 1.051 0.777 0.697 0.482 0.416 0.146 0.125 0.000 0.409 0.323 0.306 0.213 0.000 0.000 0.000 0.570 0.736 0.810 0.772 0.961 0.947 0.886 1.052 1.123 1.172 1.459 1.505 1.524 1.333 0.557 0.209 0.000 0.000 0.000 0.000
0.000 0.000 0.000 0.000 0.000 0.000 0.000 0.000 0.000 0.276 0.516 0.778 0.991 1.306 1.540 1.834 1.915 1.905 1.551 1.134 0.918 0.781 0.632 0.482 0.401 0.416 0.591 0.981 1.285 1.845 2.131 2.111 1.573 1.063 0.787 0.661 0.625 0.383 0.362 0.179 0.131 0.008 0.000 0.000 0.000 0.642 0.600 0.548 0.583 0.532 0.545 0.488 0.480 0.482 0.642 0.600 0.502 0.482 0.466 0.630 0.642 0.997 1.519 1.561 1.461 0.822 0.226 0.000 0.000 0.000 0.000
0.000 0.000 0.000 0.000 0.000 0.000 0.000 0.000 0.000 0.000 0.428 0.689 0.872 1.108 1.367 1.823 1.905 1.975 1.785 1.372 1.143 0.972 0.790 0.626 0.590 0.448 0.615 0.971 1.288 1.913 2.276 1.941 1.453 0.983 0.691 0.479 0.390 0.265 0.139 0.000 0.000 0.000 0.000 0.000 0.402 0.522 0.884 0.839 0.854 0.781 0.671 0.444 0.333 0.383 0.685 0.425 0.300 0.286 0.251 0.247 0.276 0.785 1.464 1.598 1.359 0.649 0.255 0.000 0.000 0.000 0.000
0.000 0.000 0.000 0.000 0.000 0.000 0.000 0.000 0.000 0.000 0.429 0.671 0.887 1.072 1.364 1.785 1.907 1.977 2.033 1.893 1.727 1.415 1.197 0.983 0.855 0.672 0.647 1.062 1.406 1.996 2.373 2.049 1.561 1.136 0.837 0.286 0.183 0.122 0.104 0.000 0.000 0.000 0.000 0.000 0.561 0.830 0.741 1.167 1.024 0.918 0.654 0.801 0.711 0.674 0.750 0.213 0.116 0.000 0.000 0.000 0.078 0.554 1.296 1.808 1.136 0.655 0.505 0.018 0.000 0.000 0.000
0.000 0.000 0.000 0.000 0.000 0.000 0.000 0.000 0.000 0.378 0.610 0.912 1.030 1.199 1.390 1.764 1.882 1.970 2.033 2.076 1.985 1.808 1.593 1.213 1.038 0.797 0.714 1.096 1.410 2.025 2.412 2.197 1.702 1.162 0.888 0.453 0.293 0.265 0.243 0.102 0.000 0.000 0.000 0.000 0.519 1.021 0.892 1.342 1.045 0.738 0.624 0.917 0.799 0.995 0.688 0.179 0.000 0.000 0.000 0.000 0.000 0.720 1.175 2.065 1.338 0.621 0.226 0.106 0.000 0.000 0.000
0.000 0.000 0.000 0.000 0.000 0.000 0.000 0.000 0.293 0.443 0.474 0.756 0.924 1.312 1.432 1.603 1.708 1.956 2.011 2.159 2.095 2.126 2.018 1.686 1.432 1.101 0.983 1.230 1.449 2.058 2.514 2.188 1.725 1.129 0.911 0.575 0.637 0.542 0.552 0.296 0.098 0.000 0.000 0.000 0.535 0.950 1.270 1.548 1.240 0.771 0.660 1.231 1.243 1.121 0.742 0.415 0.076 0.000 0.000 0.000 0.000 0.730 1.678 2.044 0.895 0.177 0.000 0.000 0.000 0.000 0.000
0.000 0.000 0.000 0.000 0.000 0.000 0.000 0.142 0.282 0.432 0.467 0.660 0.874 1.097 1.135 1.400 1.503 1.822 2.023 2.103 2.174 2.275 2.233 1.968 1.714 1.412 1.315 1.343 1.540 2.120 2.597 2.174 1.817 1.211 0.927 0.835 0.879 0.894 0.749 0.395 0.214 0.000 0.000 0.000 0.442 0.845 1.026 1.660 1.582 1.158 0.854 1.282 1.764 1.199 1.021 0.532 0.395 0.234 0.000 0.000 0.632 1.141 1.997 1.818 0.674 0.183 0.000 0.000 0.000 0.012 0.076
0.000 0.000 0.000 0.000 0.000 0.000 0.000 0.000 0.000 0.000 0.443 0.590 0.783 0.745 0.827 1.110 1.290 1.593 1.825 2.051 2.202 2.245 2.328 2.312 2.155 1.985 1.780 1.672 1.828 2.239 2.713 2.270 1.907 1.266 1.100 1.315 1.656 0.993 0.798 0.436 0.265 0.000 0.000 0.000 0.317 0.565 0.884 1.405 1.841 1.512 1.124 1.423 1.964 1.613 1.443 0.921 0.820 0.604 0.672 0.644 1.129 1.663 2.336 1.293 0.516 0.162 0.000 0.000 0.000 0.426 0.540
0.000 0.000 0.000 0.000 0.000 0.000 0.000 0.000 0.000 0.000 0.442 0.539 0.619 0.664 0.721 0.942 1.183 1.499 1.667 1.905 2.002 2.164 2.250 2.440 2.376 2.246 2.077 2.032 1.998 2.344 2.763 2.311 1.970 1.390 1.324 2.014 1.651 1.131 0.834 0.448 0.262 0.000 0.000 0.000 0.000 0.596 0.905 1.328 1.836 1.812 1.340 1.500 2.027 1.993 1.665 1.359 1.225 1.063 0.900 1.333 1.095 1.785 2.484 1.355 0.848 0.226 0.109 0.000 0.000 0.607 1.109
0.000 0.000 0.000 0.000 0.000 0.000 0.000 0.000 0.000 0.000 0.355 0.385 0.492 0.568 0.675 0.927 1.126 1.349 1.617 1.628 1.939 2.174 2.260 2.381 2.561 2.639 2.594 2.352 2.339 2.560 2.814 2.386 2.103 1.768 1.821 2.560 1.737 1.248 0.981 0.519 0.226 0.000 0.000 0.000 0.472 0.672 0.889 1.424 1.818 2.304 1.740 1.532 1.898 2.527 2.244 2.035 1.839 1.640 1.530 1.987 1.932 2.318 2.573 1.853 1.371 0.713 0.691 0.664 0.626 1.458 0.884
0.000 0.000 0.000 0.000 0.000 0.000 0.000 0.000 0.000 0.153 0.232 0.275 0.343 0.461 0.595 0.867 1.010 1.249 1.484 1.638 1.917 1.923 2.080 2.227 2.352 2.528 2.565 2.764 2.762 2.732 2.886 2.513 2.401 2.157 2.453 2.506 1.627 1.036 0.790 0.475 0.249 0.000 0.000 0.566 0.686 0.943 1.126 1.668 2.033 2.396 1.554 1.588 1.844 2.495 2.635 2.404 2.307 2.203 2.101 2.357 2.641 2.690 2.522 2.457 2.051 1.442 1.278 1.079 1.172 1.690 0.740
0.000 0.000 0.000 0.000 0.000 0.000 0.000 0.000 0.000 0.000 0.045 0.130 0.166 0.335 0.417 0.750 0.991 1.278 1.383 1.639 1.728 1.421 1.543 1.891 2.011 2.316 2.506 2.620 2.710 2.895 2.972 2.792 2.736 2.733 2.707 2.287 2.039 1.649 1.151 0.571 0.293 0.360 0.564 0.932 1.131 1.558 1.709 2.085 2.654 2.137 1.573 1.725 2.107 2.507 2.662 2.712 2.637 2.629 2.709 2.852 2.622 2.103 2.055 2.334 2.558 2.517 2.233 1.901 1.905 1.462 1.140
0.000 0.000 0.000 0.000 0.000 0.000 0.000 0.000 0.000 0.000 0.000 0.000 0.000 0.170 0.332 0.659 0.814 1.157 1.356 1.655 1.569 1.217 1.313 1.533 1.777 2.134 2.403 2.487 2.511 2.654 2.878 3.053 2.933 2.906 2.774 2.742 2.545 1.675 1.254 0.791 0.418 0.406 0.564 1.070 1.412 1.906 2.251 2.603 2.839 2.288 1.913 2.167 2.319 2.555 2.620 2.933 3.030 2.960 2.867 2.562 2.129 1.386 1.410 2.006 2.133 1.673 2.026 2.487 2.279 1.564 0.900
0.000 0.000 0.000 0.000 0.000 0.000 0.000 0.000 0.000 0.000 0.000 0.000 0.144 0.165 0.272 0.479 0.731 1.111 1.307 1.489 1.331 0.962 1.008 1.170 1.408 1.747 1.951 2.195 2.219 2.475 2.582 2.921 3.158 3.066 2.944 2.725 2.446 1.901 1.512 1.062 0.773 0.538 0.667 1.033 1.335 1.887 2.251 2.731 3.020 2.608 2.526 2.585 2.674 2.831 3.033 3.116 2.896 2.718 2.568 2.334 1.737 0.743 0.625 1.627 1.281 0.580 0.971 1.772 2.442 2.106 1.696
0.000 0.000 0.000 0.000 0.000 0.000 0.000 0.000 0.000 0.000 0.000 0.000 0.000 0.206 0.000 0.540 0.660 1.016 1.257 1.344 1.305 0.902 0.835 1.007 1.313 1.478 1.694 1.874 2.017 2.376 2.554 2.804 3.019 3.247 3.007 2.764 2.655 2.136 1.764 1.253 0.998 0.578 0.669 0.944 1.246 1.811 2.294 2.820 3.162 2.810 2.789 2.889 3.016 3.274 3.226 2.981 2.796 2.679 2.533 2.014 1.194 0.526 0.394 1.311 0.841 0.414 0.911 1.962 2.167 2.473 2.246
0.000 0.000 0.000 0.000 0.000 0.000 0.000 0.000 0.000 0.000 0.000 0.000 0.440 0.369 0.503 0.567 0.605 0.937 1.039 0.882 0.980 0.913 0.820 1.135 1.176 1.115 1.255 1.497 1.583 1.949 2.296 2.735 2.905 3.223 3.296 2.939 2.819 2.512 2.315 1.685 1.257 0.903 0.939 1.253 1.392 1.851 2.280 2.832 3.112 3.176 3.108 3.295 3.398 3.185 3.011 2.645 2.686 2.663 2.340 1.385 0.640 0.224 0.000 0.734 0.662 0.000 1.070 1.561 1.796 2.209 2.252
0.125 0.000 0.000 0.000 0.000 0.000 0.000 0.000 0.000 0.000 0.000 0.000 0.525 0.634 0.636 0.572 0.584 0.807 0.875 0.804 0.920 0.944 1.045 1.278 1.311 1.107 1.176 1.322 1.382 1.734 2.141 2.613 2.807 3.036 3.487 3.129 2.920 2.775 2.535 2.091 1.619 1.188 1.391 1.872 2.100 2.385 2.625 2.928 3.051 3.364 3.374 3.511 3.265 2.985 2.931 2.684 2.374 2.320 2.081 1.062 0.596 0.083 0.000 0.494 0.374 0.682 0.815 1.249 1.517 2.095 2.142
0.403 0.089 0.154 0.110 0.000 0.000 0.000 0.000 0.000 0.000 0.000 0.416 0.634 1.001 0.810 0.671 0.697 0.673 0.785 0.901 1.101 1.161 1.255 1.344 1.369 1.425 1.555 1.369 1.325 1.424 1.782 2.125 2.560 2.906 3.254 3.603 3.321 3.048 3.002 2.758 2.424 1.996 2.276 2.551 2.946 2.960 2.976 3.166 3.406 3.515 3.619 3.370 3.067 2.881 2.867 2.778 1.968 1.707 1.291 0.755 0.501 0.000 0.000 0.126 0.000 0.429 0.248 0.949 1.160 1.332 1.676
0.610 0.227 0.288 0.174 0.000 0.217 0.151 0.000 0.000 0.000 0.000 0.502 0.780 1.104 1.029 0.921 0.850 0.684 0.738 1.008 1.224 1.240 1.317 1.404 1.454 1.687 1.832 1.696 1.553 1.486 1.679 1.958 2.361 2.944 3.084 3.429 3.724 3.389 3.237 3.037 2.750 2.456 2.917 2.973 3.067 3.324 3.520 3.713 3.751 3.736 3.668 3.327 3.130 2.934 2.710 2.555 2.233 1.209 0.851 0.525 0.000 0.000 0.000 0.000 0.000 0.000 0.000 0.774 0.980 1.149 1.289
0.726 0.521 0.569 0.273 0.000 0.566 0.475 0.323 0.371 0.233 0.000 0.652 1.000 1.389 1.215 1.099 0.966 0.810 0.901 1.174 1.308 1.396 1.529 1.545 1.624 2.010 2.231 2.124 2.075 2.257 2.092 2.115 2.296 2.867 3.008 3.203 3.493 3.850 3.467 3.307 3.190 3.125 3.273 3.412 3.607 3.873 3.893 3.820 3.841 3.821 3.561 3.319 3.143 2.656 2.262 1.657 1.483 1.092 0.728 0.175 0.000 0.000 0.000 0.000 0.000 0.000 0.000 0.623 0.767 1.035 1.414
0.943 0.629 0.707 0.263 0.000 0.684 0.694 0.584 0.539 0.311 0.381 0.791 1.068 1.558 1.142 0.901 0.863 0.798 0.903 1.060 1.303 1.445 1.516 1.650 1.878 2.297 2.551 2.582 2.740 2.448 2.815 2.347 2.485 2.728 2.888 3.211 3.260 3.847 3.895 3.523 3.423 3.603 3.812 3.960 4.029 3.934 3.683 3.587 3.685 3.912 3.558 3.304 3.184 2.560 2.063 1.428 1.066 0.614 0.610 0.203 0.000 0.000 0.000 0.000 0.000 0.000 0.000 0.478 0.672 1.089 1.258
1.118 0.926 0.891 0.573 0.610 0.992 0.994 0.688 0.559 0.474 0.588 0.989 1.405 1.484 1.020 0.746 0.664 0.689 0.854 1.136 1.443 1.520 1.683 1.835 1.994 2.027 2.176 2.680 3.097 3.149 3.348 3.150 3.151 3.214 3.245 3.369 3.225 3.526 4.092 4.065 4.043 4.119 4.178 4.070 3.830 3.598 3.464 3.481 3.422 3.785 3.855 3.245 3.266 3.092 2.711 1.814 1.212 0.669 0.397 0.145 0.000 0.000 0.000 0.000 0.000 0.000 0.321 0.453 0.658 1.035 1.301
1.108 1.015 0.939 0.858 0.959 1.230 0.954 0.719 0.688 0.691 0.940 1.363 1.974 1.351 1.027 0.771 0.697 0.687 0.931 1.256 1.545 1.626 1.783 1.854 1.941 1.837 1.945 2.264 2.558 3.162 3.290 3.604 3.727 3.434 3.377 3.358 3.376 3.696 4.186 4.255 4.268 4.227 3.998 3.752 3.703 3.571 3.470 3.444 3.403 3.765 4.049 3.566 3.456 3.395 2.539 1.787 1.419 0.760 0.564 0.101 0.000 0.000 0.000 0.000 0.000 0.387 0.492 0.654 0.722 0.900 1.319
1.118 1.070 1.035 1.049 1.103 1.144 1.022 1.025 1.329 1.275 1.312 1.929 1.734 1.219 0.975 0.832 0.783 0.842 0.993 1.286 1.463 2.023 1.539 1.620 1.813 1.477 1.592 1.940 2.309 2.485 2.611 3.303 3.424 3.883 3.999 3.880 3.863 4.233 4.397 4.389 4.242 3.993 3.796 3.644 3.684 3.282 3.060 3.134 3.409 3.693 4.061 4.021 3.461 3.204 2.931 1.823 1.600 1.265 0.934 0.710 0.557 0.341 0.196 0.000 0.391 0.643 0.720 0.895 1.094 1.275 1.511
1.137 1.117 1.109 1.143 1.208 1.211 1.194 1.452 1.539 1.457 1.507 2.053 1.629 1.095 0.988 0.995 0.754 0.870 1.044 1.418 1.567 2.059 1.576 1.694 1.794 1.655 1.569 2.203 2.364 2.026 2.366 3.324 3.704 3.793 4.110 4.373 4.430 4.473 4.489 4.366 4.142 3.849 3.707 3.604 3.618 3.064 2.724 3.107 3.572 3.761 4.006 4.124 4.043 3.427 3.051 2.492 2.192 1.516 1.177 0.895 0.707 0.510 0.437 0.501 0.599 0.889 0.869 1.141 1.251 1.665 1.889
1.018 1.152 1.204 1.228 1.338 1.446 1.505 1.648 1.755 1.664 1.849 1.980 1.670 1.088 1.158 1.171 1.256 1.411 1.786 1.997 2.562 2.185 2.027 1.916 1.966 1.718 1.804 1.786 1.932 2.456 2.984 3.483 3.703 4.072 4.403 3.650 4.049 4.501 4.443 4.119 3.863 3.613 3.623 3.297 2.775 2.442 1.990 2.165 2.541 3.725 3.697 3.953 4.168 3.801 3.324 2.315 1.597 0.984 0.856 0.537 0.383 0.233 0.471 0.751 0.996 1.117 1.172 1.337 1.470 1.814 2.013
1.085 1.134 1.267 1.378 1.453 1.590 1.711 1.792 1.898 1.889 2.061 1.899 1.814 1.595 1.564 1.376 1.752 2.050 2.558 2.866 2.903 2.279 2.011 1.856 1.651 1.434 1.557 1.641 2.832 3.617 3.857 4.066 4.178 4.585 3.803 3.672 3.709 4.525 4.402 3.357 2.857 2.273 2.215 2.156 2.193 1.615 1.555 1.546 1.892 3.612 3.334 3.664 4.006 4.072 3.390 2.126 1.174 0.209 0.100 0.154 0.048 0.000 0.112 0.685 0.914 1.340 1.391 1.522 1.607 1.903 2.117
1.281 1.354 1.341 1.465 1.603 1.718 1.846 1.955 2.068 2.139 2.269 2.077 2.110 2.201 2.218 1.832 2.204 2.717 2.866 2.953 2.696 2.045 1.647 1.310 1.143 0.972 1.071 1.398 1.741 2.600 2.988 3.529 3.882 4.720 3.694 3.321 3.107 4.310 3.837 1.866 0.867 0.658 0.789 0.692 0.719 0.466 0.481 0.783 1.116 2.208 2.092 2.518 3.526 4.224 3.407 1.955 0.821 0.000 0.000 0.000 0.000 0.000 0.000 0.419 0.561 0.891 1.140 1.208 1.298 1.450 1.719
