tests/test_sample_run/example/results/output_maps/snowdepthN0022.asc
ncols         174
nrows         141
xllcorner     744500.000000
yllcorner     5140950.000000
cellsize      250.000000
NODATA_value  -9999.0
[rows 31 to 61 of 141, columns 70 to 139 of 174]
0.000 0.000 0.000 0.000 0.000 0.000 0.000 0.000 7.453 9.316 8.997 10.469 13.076 14.830 18.396 19.606 19.925 19.016 14.553 11.223 8.260 9.523 7.267 0.000 0.000 0.000 0.000 0.000 0.000 0.000 0.000 7.902 11.079 18.570 17.020 13.307 9.868 7.507 8.132 0.000 0.000 0.000 0.000 0.000 0.000 0.000 0.000 0.000 0.000 0.000 0.000 0.000 0.000 0.000 0.000 0.000 9.191 7.705 10.359 11.076 11.897 13.023 14.101 14.178 14.408 14.766 11.192 6.695 6.494 6.252
0.000 0.000 0.000 0.000 0.000 0.000 0.000 0.000 0.000 7.534 8.880 11.430 14.067 15.259 18.144 19.893 20.507 20.357 16.079 13.206 12.699 9.411 7.050 0.000 0.000 0.000 0.000 0.000 0.000 7.676 6.699 6.342 11.795 18.930 21.643 18.536 14.150 12.593 8.431 8.629 8.284 7.249 0.000 0.000 0.000 0.000 0.000 0.000 0.000 0.000 0.000 0.000 0.000 9.094 9.206 9.877 9.420 10.837 12.582 13.254 14.372 14.667 14.665 14.785 15.054 14.600 8.602 7.110 0.000 0.000
0.000 0.000 0.000 0.000 0.000 0.000 0.000 0.000 0.000 0.000 8.700 8.641 11.152 13.546 17.434 19.227 20.359 21.560 19.039 16.110 11.759 8.662 0.000 0.000 0.000 0.000 0.000 0.000 0.000 8.024 11.880 13.221 17.761 24.110 19.359 19.855 17.799 16.524 15.394 12.773 9.545 7.029 0.000 0.000 0.000 0.000 0.000 0.000 0.000 0.000 0.000 0.000 0.000 8.538 8.628 10.453 11.042 11.692 12.542 13.424 14.026 14.321 15.175 15.390 15.731 12.416 7.509 0.000 0.000 0.000
0.000 0.000 0.000 0.000 0.000 0.000 0.000 0.000 0.000 0.000 0.000 8.154 12.297 14.825 17.449 19.171 20.367 21.972 20.972 16.981 10.764 8.622 0.000 0.000 0.000 0.000 0.000 0.000 7.952 10.534 14.503 18.050 24.577 21.986 14.801 14.697 12.972 13.404 8.987 6.844 5.731 0.000 0.000 0.000 0.000 0.000 0.000 0.000 0.000 0.000 0.000 0.000 0.000 7.714 7.877 8.873 10.192 10.581 9.799 11.964 12.643 13.093 16.053 16.042 16.232 14.677 6.596 0.000 0.000 0.000
0.000 0.000 0.000 0.000 0.000 0.000 0.000 0.000 0.000 0.000 0.000 0.000 8.492 11.201 15.149 17.769 20.420 22.054 21.929 18.166 12.582 9.507 9.766 0.000 0.000 0.000 0.000 0.000 8.823 12.183 17.689 22.158 25.133 19.587 12.605 8.590 7.854 7.420 0.000 0.000 0.000 0.000 0.000 0.000 0.000 0.000 0.000 0.000 0.000 0.000 0.000 0.000 0.000 0.000 0.000 7.532 6.336 5.775 0.000 0.000 6.555 6.591 10.179 15.937 17.022 16.311 8.846 0.000 0.000 0.000
0.000 0.000 0.000 0.000 0.000 0.000 0.000 0.000 0.000 0.000 0.000 0.000 7.799 8.553 12.371 14.753 20.360 21.799 22.657 19.920 15.087 11.281 9.202 9.823 0.000 0.000 0.000 0.000 8.442 12.302 18.703 25.410 23.020 17.477 11.054 7.760 0.000 0.000 0.000 0.000 0.000 0.000 0.000 0.000 0.000 0.000 0.000 6.785 9.219 9.656 8.141 6.223 0.000 0.000 0.000 8.068 0.000 0.000 0.000 0.000 0.000 0.000 8.402 15.202 17.178 15.639 7.386 0.000 0.000 0.000
0.000 0.000 0.000 0.000 0.000 0.000 0.000 0.000 0.000 0.000 0.000 0.000 0.000 7.715 10.475 14.213 19.913 21.597 22.648 22.827 20.347 18.868 15.277 11.907 9.343 7.839 0.000 8.151 9.407 13.887 19.971 26.949 23.406 18.203 12.583 8.837 0.000 0.000 0.000 0.000 0.000 0.000 0.000 0.000 0.000 0.000 8.988 7.166 10.025 10.146 9.332 7.670 8.046 8.430 0.000 8.936 0.000 0.000 0.000 0.000 0.000 0.000 0.000 12.441 19.218 12.668 7.301 5.820 0.000 0.000
0.000 0.000 0.000 0.000 0.000 0.000 0.000 0.000 0.000 0.000 0.000 0.000 8.117 10.247 11.795 14.695 20.012 21.459 22.370 23.442 23.275 22.202 19.674 17.512 12.971 10.695 6.591 0.000 10.054 14.162 20.200 27.050 25.553 20.163 13.345 9.620 0.000 0.000 0.000 0.000 0.000 0.000 0.000 0.000 0.000 0.000 8.823 9.717 12.823 10.705 8.249 0.000 6.840 8.032 8.339 7.614 0.000 0.000 0.000 0.000 0.000 0.000 0.000 9.448 22.240 16.335 6.785 0.000 0.000 0.000
0.000 0.000 0.000 0.000 0.000 0.000 0.000 0.000 0.000 0.000 0.000 0.000 9.585 9.003 13.970 16.559 18.868 20.070 22.038 22.748 24.696 23.351 22.624 22.103 18.739 15.787 11.375 8.360 11.994 14.287 20.348 28.073 26.035 20.694 12.814 9.791 0.000 0.000 0.000 0.000 0.000 0.000 0.000 0.000 0.000 0.000 8.180 11.860 15.812 12.955 8.390 0.000 10.248 10.750 11.540 7.936 0.000 0.000 0.000 0.000 0.000 0.000 0.000 14.091 25.486 10.706 0.000 0.000 0.000 0.000
0.000 0.000 0.000 0.000 0.000 0.000 0.000 0.000 0.000 0.000 0.000 0.000 6.888 8.398 12.912 13.415 16.478 17.604 20.961 23.055 24.432 24.266 25.833 25.385 21.610 19.001 14.520 12.814 13.277 14.992 21.234 29.229 25.403 21.492 13.795 9.402 9.140 9.608 7.441 8.289 0.000 0.000 0.000 0.000 0.000 0.000 7.403 9.977 17.472 16.940 11.583 9.362 11.529 17.872 12.268 9.806 0.000 0.000 0.000 0.000 0.000 0.000 7.514 18.358 22.388 8.116 0.000 0.000 0.000 0.000
0.000 0.000 0.000 0.000 0.000 0.000 0.000 0.000 0.000 0.000 0.000 0.000 0.000 8.147 7.283 8.889 12.619 14.701 18.468 21.325 23.381 25.721 26.385 26.815 25.496 23.809 21.413 19.550 17.091 18.551 22.829 30.653 26.899 22.759 14.420 9.955 10.644 17.741 10.481 7.270 0.000 0.000 0.000 0.000 0.000 0.000 0.000 6.829 14.510 20.125 16.196 10.154 13.604 21.323 16.331 15.155 7.603 8.652 0.000 0.000 0.000 8.437 13.363 25.559 15.695 5.978 0.000 0.000 0.000 0.000
0.000 0.000 0.000 0.000 0.000 0.000 0.000 0.000 0.000 0.000 0.000 0.000 0.000 6.389 7.315 8.465 9.554 12.563 17.239 19.311 22.539 23.568 24.795 25.836 27.667 26.461 24.773 21.961 21.001 20.264 24.520 31.631 27.535 23.558 15.270 11.552 19.713 19.202 12.227 8.335 0.000 0.000 0.000 0.000 0.000 0.000 0.000 7.403 12.757 20.130 19.632 13.078 15.195 21.410 20.135 17.650 12.621 10.711 8.715 9.267 10.343 7.549 15.134 27.922 15.422 8.208 0.000 0.000 0.000 0.000
0.000 0.000 0.000 0.000 0.000 0.000 0.000 0.000 0.000 0.000 0.000 0.000 0.000 0.000 0.000 7.008 8.973 12.303 15.297 18.681 18.969 22.225 24.687 26.170 27.489 28.798 29.381 28.812 25.763 23.947 27.474 32.045 28.264 24.439 18.460 17.168 28.412 20.575 14.140 10.601 0.000 0.000 0.000 0.000 0.000 0.000 0.000 9.502 13.137 18.561 25.329 19.567 16.430 19.514 26.242 23.692 20.670 18.161 15.335 12.584 16.657 16.509 22.621 29.062 19.740 14.026 0.000 0.000 0.000 0.000
0.000 0.000 0.000 0.000 0.000 0.000 0.000 0.000 0.000 0.000 0.000 0.000 0.000 0.000 0.000 7.555 8.312 10.308 13.219 17.059 18.528 22.368 23.353 24.750 26.421 28.290 30.251 30.143 30.931 30.929 30.324 32.960 29.087 26.445 21.583 24.778 29.325 19.166 10.868 6.060 0.000 0.000 0.000 0.000 0.000 0.000 9.817 8.637 15.606 19.933 27.435 17.811 16.173 18.667 28.031 29.481 25.795 23.007 20.909 18.823 22.997 33.258 30.827 30.302 27.480 22.120 13.424 10.939 8.173 8.275
0.000 0.000 0.000 0.000 0.000 0.000 0.000 0.000 0.000 0.000 0.000 0.000 0.000 0.000 0.000 0.000 8.679 10.050 14.060 15.546 18.572 20.582 17.239 18.517 22.869 24.500 27.325 29.424 30.977 31.692 32.817 34.234 31.281 30.331 30.041 31.610 26.781 22.728 18.089 12.218 0.000 0.000 0.000 0.000 9.803 8.824 13.861 15.802 20.059 27.829 25.168 17.012 16.845 21.548 27.531 29.875 29.134 28.249 27.926 29.387 35.773 32.987 26.750 25.505 27.698 32.352 30.675 23.444 18.067 19.984
0.000 0.000 0.000 0.000 0.000 0.000 0.000 0.000 0.000 0.000 0.000 0.000 0.000 0.000 0.000 0.000 6.490 7.770 12.002 14.974 19.055 18.877 14.295 15.241 18.255 21.108 25.344 28.291 29.941 30.354 31.608 33.647 34.646 33.185 33.535 32.245 31.044 29.012 19.485 13.639 9.017 0.000 0.000 0.000 9.170 13.492 19.550 23.278 26.361 32.299 26.347 19.432 21.309 22.883 26.136 27.427 32.586 34.524 34.294 33.891 32.335 26.965 17.242 17.531 23.209 26.784 20.610 25.692 28.406 25.748
0.000 0.000 0.000 0.000 0.000 0.000 0.000 0.000 0.000 0.000 0.000 0.000 0.000 0.000 0.000 0.000 0.000 8.014 11.325 14.415 17.203 15.609 10.698 11.162 13.213 16.061 20.703 23.424 26.574 26.774 29.099 30.758 33.731 35.969 34.829 33.653 32.282 28.912 21.831 16.525 10.703 7.874 0.000 0.000 9.467 13.252 20.036 23.978 28.994 34.533 28.867 25.376 26.059 27.279 29.018 32.921 35.825 34.515 33.014 32.609 29.016 21.690 7.329 7.173 18.459 15.842 6.701 10.521 18.892 27.462
0.000 0.000 0.000 0.000 0.000 0.000 0.000 0.000 0.000 0.000 0.000 0.000 0.000 0.000 0.000 0.000 0.000 0.000 10.107 13.972 15.818 15.369 9.572 8.406 9.759 14.498 17.298 20.135 22.424 23.963 28.074 29.545 32.780 35.272 36.832 34.858 32.159 30.193 24.387 19.486 12.928 9.779 0.000 0.000 7.413 11.554 18.838 24.531 31.111 36.497 31.230 29.019 29.545 32.895 36.588 37.285 36.128 34.053 32.206 31.254 25.133 14.664 5.851 0.000 14.833 9.364 0.000 9.639 20.041 25.522
0.000 0.000 0.000 0.000 0.000 0.000 0.000 0.000 0.000 0.000 0.000 0.000 0.000 0.000 0.000 0.000 0.000 0.000 9.348 11.585 9.751 10.785 9.266 6.013 10.856 12.616 12.243 14.070 17.293 18.381 22.834 26.667 32.181 34.081 36.990 37.527 34.001 32.345 28.670 26.149 18.400 12.946 7.285 9.763 10.219 12.118 18.264 23.971 31.856 35.794 34.291 33.119 36.190 38.456 37.883 36.271 33.381 32.546 31.243 29.186 17.054 6.771 0.000 0.000 7.218 6.925 0.000 9.151 17.725 20.593
0.000 0.000 0.000 0.000 0.000 0.000 0.000 0.000 0.000 0.000 0.000 0.000 0.000 0.000 0.000 7.989 0.000 0.000 8.125 9.099 7.140 8.696 8.608 9.322 12.972 14.186 11.019 11.502 14.353 15.200 19.986 24.930 30.403 33.094 35.267 40.024 35.892 33.427 30.703 28.549 23.265 17.202 10.131 11.308 17.398 19.979 23.741 26.832 30.672 33.079 37.739 37.464 40.289 39.290 36.710 35.997 31.192 28.470 27.722 25.930 12.759 5.667 0.000 0.000 5.370 0.000 0.000 7.875 13.317 16.875
0.000 0.000 0.000 0.000 0.000 0.000 0.000 0.000 0.000 0.000 0.000 0.000 0.000 0.000 8.577 7.317 0.000 6.864 6.765 6.131 7.813 10.404 11.330 12.669 14.538 14.763 13.969 15.907 14.583 14.044 15.623 20.447 24.973 29.671 33.921 37.884 40.891 37.463 34.622 34.132 30.890 27.059 19.949 22.285 25.847 30.022 30.483 30.506 32.565 36.640 39.598 40.894 40.114 37.517 34.372 33.890 32.025 22.680 20.254 15.684 7.176 5.516 0.000 0.000 0.000 0.000 0.000 0.000 8.517 12.459
0.000 8.083 0.000 0.000 0.000 0.000 0.000 0.000 0.000 0.000 0.000 0.000 0.000 8.770 10.202 9.945 8.473 8.230 6.802 7.647 9.039 12.344 12.654 13.471 15.135 14.958 17.282 19.479 18.365 15.802 14.524 17.453 22.136 27.162 34.211 36.744 40.069 42.947 38.477 37.337 34.552 31.129 24.844 29.136 30.281 31.863 34.556 37.632 41.456 42.455 42.384 42.932 39.995 37.833 34.104 32.067 30.816 27.772 13.930 8.595 5.692 0.000 0.000 0.000 0.000 0.000 0.000 0.000 7.373 9.808
8.977 9.026 0.000 0.000 0.000 0.000 0.000 0.000 0.000 0.000 0.000 0.000 0.000 8.424 13.954 13.284 11.981 10.218 6.877 7.888 11.809 14.100 14.562 16.768 16.881 16.651 21.258 25.040 23.672 21.503 24.024 22.104 23.645 26.077 33.303 35.186 37.874 40.668 43.452 39.628 38.282 34.545 32.330 34.109 35.506 38.070 43.438 44.773 44.444 44.241 44.088 42.396 40.219 37.721 31.487 26.805 19.656 17.581 12.232 7.863 0.000 0.000 0.000 0.000 0.000 0.000 0.000 0.000 0.000 7.443
9.526 12.348 0.000 8.766 0.000 0.000 9.046 7.446 0.000 0.000 0.000 0.000 8.804 9.198 17.366 13.025 9.854 9.124 6.616 8.542 10.459 13.321 15.756 16.583 17.433 20.073 26.369 29.637 29.317 30.832 26.402 29.782 25.151 26.380 31.051 33.116 37.789 38.614 43.983 44.669 40.180 36.738 38.464 41.426 44.653 46.199 46.426 44.678 43.331 43.574 45.555 41.792 39.489 37.554 29.542 23.261 15.362 11.239 6.555 6.522 0.000 0.000 0.000 0.000 0.000 0.000 0.000 0.000 0.000 0.000
10.970 10.344 12.108 8.104 0.000 0.000 11.845 9.899 8.367 0.000 0.000 0.000 7.405 12.961 17.171 11.515 6.436 6.671 6.830 6.937 10.714 14.927 16.571 18.535 20.549 22.808 23.732 25.468 31.078 35.295 34.338 38.426 34.220 34.278 35.881 35.987 38.119 36.827 40.491 46.767 45.826 45.245 46.483 48.174 47.850 46.285 44.274 42.870 42.263 41.021 43.797 44.656 38.352 36.784 34.238 30.814 20.184 12.521 0.000 0.000 0.000 0.000 0.000 0.000 0.000 0.000 0.000 0.000 0.000 0.000
11.760 10.555 9.203 8.371 10.398 11.290 12.266 10.361 8.453 0.000 8.956 10.675 11.427 21.353 16.050 11.519 6.134 6.963 0.000 8.182 12.411 17.014 16.970 20.297 21.271 22.381 21.440 22.627 26.681 30.076 36.976 39.427 42.085 43.519 39.024 36.997 36.969 36.075 40.132 47.539 48.954 49.237 49.534 48.132 46.133 45.386 44.250 41.765 40.270 39.234 43.299 47.303 41.262 39.442 39.601 29.618 20.048 14.967 6.959 0.000 0.000 0.000 0.000 0.000 0.000 0.000 0.000 0.000 0.000 7.994
11.512 10.198 9.586 9.089 9.286 10.355 11.537 10.098 7.524 10.929 12.274 12.037 20.323 20.447 14.447 10.681 7.984 8.875 6.555 9.017 12.760 15.028 22.819 17.480 18.045 20.700 16.364 17.701 21.726 26.661 30.093 31.088 38.237 39.963 43.989 44.748 43.057 42.665 47.914 50.703 51.220 50.420 48.701 46.805 45.078 44.454 39.422 36.424 36.128 37.992 42.985 47.125 46.516 40.410 36.496 33.924 19.978 16.615 12.115 7.618 0.000 0.000 0.000 0.000 0.000 0.000 0.000 0.000 9.173 8.793
10.978 11.173 10.463 10.410 10.988 11.549 11.441 9.720 12.839 16.007 15.793 14.090 23.239 19.317 12.592 10.124 9.589 7.841 9.617 8.236 13.163 14.861 23.530 17.148 18.492 19.968 18.101 16.116 25.006 27.722 22.661 25.045 36.379 42.654 43.470 46.456 51.110 51.798 51.918 55.435 54.141 51.706 48.494 46.440 43.962 43.184 36.637 32.171 35.944 41.104 44.187 47.207 48.592 46.923 40.117 35.279 28.170 26.705 17.925 13.500 9.249 6.002 0.000 0.000 0.000 0.000 8.886 8.540 9.596 11.064
10.967 10.507 11.257 11.623 11.712 12.838 13.330 14.614 16.993 18.595 17.239 18.037 22.866 19.657 11.386 10.804 11.227 10.837 12.268 16.757 19.427 26.824 25.283 22.893 21.492 22.421 19.272 19.966 20.163 19.457 24.352 30.619 37.454 40.452 44.532 52.338 45.983 48.159 52.747 55.251 51.518 48.650 44.992 44.382 40.750 34.159 29.145 22.798 25.022 29.303 42.881 44.942 46.824 49.527 45.066 38.495 27.057 18.969 11.102 8.768 5.364 0.000 0.000 0.000 8.111 7.538 9.274 9.910 12.235 13.872
10.926 9.782 11.003 12.702 13.473 14.489 16.206 17.878 18.710 20.306 18.851 22.161 21.516 20.152 15.784 16.099 13.438 17.061 19.881 26.375 31.967 33.694 27.019 23.553 21.620 19.227 16.153 17.451 17.091 30.710 41.162 44.725 46.901 48.050 52.275 47.697 44.197 44.510 53.158 54.816 42.198 34.959 27.990 27.111 26.268 26.624 19.128 18.182 17.178 21.004 44.577 40.023 44.317 48.152 48.007 40.220 24.899 13.636 0.000 0.000 0.000 0.000 0.000 0.000 0.000 7.464 12.949 13.970 15.742 16.857
10.023 11.086 13.831 13.975 15.108 16.637 17.923 19.449 20.715 22.011 22.778 24.914 22.905 21.851 23.824 24.095 19.078 22.319 28.282 32.557 34.140 32.014 24.414 19.317 15.146 12.795 10.092 10.730 14.918 19.560 30.854 36.112 42.428 45.291 54.033 45.044 39.573 36.044 50.210 48.099 22.801 9.221 6.342 7.326 6.821 5.614 0.000 0.000 7.144 9.862 26.883 25.174 29.683 41.237 49.684 40.333 22.789 7.530 0.000 0.000 0.000 0.000 0.000 0.000 0.000 0.000 8.715 11.589 12.841 14.053
