tests/test_sample_run/example/results/output_maps/snowdepthN0020.asc
ncols         174
nrows         141
xllcorner     744500.000000
yllcorner     5140950.000000
cellsize      250.000000
NODATA_value  -9999.0
[rows 62 to 92 of 141, columns 70 to 139 of 174]
10.694 10.905 10.538 10.719 11.218 12.193 13.520 14.880 16.002 17.078 17.828 18.621 17.909 18.875 18.785 17.979 16.272 18.479 22.915 24.413 22.608 18.872 12.927 8.532 4.829 4.289 4.443 6.398 6.482 12.142 14.126 13.525 18.334 26.245 36.418 29.000 22.107 20.897 33.519 27.012 8.327 1.805 0.000 0.000 0.000 0.000 0.000 0.000 0.000 7.732 5.726 6.810 10.853 17.962 31.473 25.046 13.942 7.114 0.000 0.000 0.000 0.000 0.000 0.000 0.000 0.000 2.591 2.717 3.099 3.364
9.745 9.030 9.602 8.495 10.456 11.223 12.582 14.481 15.768 17.365 18.720 19.861 20.416 20.921 21.238 21.334 21.036 23.283 23.948 21.904 20.056 17.246 10.430 6.335 0.000 0.000 4.666 12.987 9.819 12.504 20.841 26.785 28.750 34.497 37.716 35.017 29.874 33.082 35.746 26.542 8.934 2.469 0.000 0.000 0.000 0.000 0.000 0.000 0.000 0.000 0.000 0.000 7.077 16.728 29.623 27.956 16.831 8.706 0.000 0.000 0.000 0.000 0.000 0.000 0.000 0.000 0.000 0.000 0.000 0.000
8.185 7.159 8.118 6.130 8.250 8.795 11.629 14.054 13.869 14.318 16.578 19.276 21.092 22.368 22.866 24.007 24.139 22.739 19.696 16.698 13.790 12.686 7.398 4.276 0.000 5.182 8.510 10.562 22.184 21.068 24.359 29.495 34.998 38.156 36.002 37.809 37.303 37.929 37.298 29.831 12.627 8.844 3.957 2.218 0.000 0.000 0.000 0.000 0.000 0.000 0.000 0.000 5.924 15.516 24.220 29.758 17.633 10.477 2.888 0.000 0.000 0.000 0.000 0.000 0.000 0.000 0.000 0.000 0.000 0.000
5.556 3.992 3.803 3.474 3.960 5.477 9.930 11.545 10.831 10.807 13.202 15.789 18.558 22.721 22.943 23.124 22.335 20.719 16.304 14.518 11.026 8.258 5.340 10.537 10.643 11.050 15.765 19.183 27.506 29.109 34.554 37.098 37.501 33.182 26.885 34.330 38.681 37.254 35.902 38.423 31.635 21.074 11.593 8.340 4.312 0.000 0.000 0.000 0.000 0.000 0.000 0.000 9.762 4.585 6.464 22.500 26.374 15.512 6.811 2.615 0.000 0.000 0.000 0.000 0.000 0.000 0.000 0.000 0.000 0.000
4.862 3.560 2.570 2.640 3.056 4.654 6.890 8.148 7.340 8.682 11.047 13.514 17.516 19.665 24.728 23.992 21.771 21.989 18.955 16.363 12.910 12.685 7.707 12.726 18.537 19.314 24.977 28.230 36.174 37.199 34.108 32.437 27.452 20.646 21.595 33.577 38.824 32.780 28.963 32.983 34.933 35.600 24.738 18.921 5.007 3.341 0.000 0.000 0.000 0.000 0.000 2.097 2.624 0.000 0.000 10.908 27.435 19.747 7.880 2.430 1.541 0.000 0.000 0.000 0.000 0.000 0.000 0.000 0.000 0.000
8.230 5.135 0.000 0.000 0.000 3.967 3.766 4.682 3.618 4.165 6.537 9.003 14.834 18.149 22.615 26.917 24.588 23.877 23.053 22.248 20.370 20.310 21.134 24.084 28.286 30.957 34.788 36.161 31.353 29.999 27.467 16.905 14.863 5.326 21.294 37.211 36.450 23.708 16.657 20.301 25.415 28.527 31.404 20.537 2.625 0.000 0.000 0.000 0.000 0.000 0.000 0.000 0.000 0.000 0.000 15.602 24.440 20.775 14.772 8.799 0.000 0.000 0.000 0.000 0.000 0.000 0.000 0.000 5.465 10.244
8.315 4.161 0.000 0.000 0.000 2.520 0.000 2.333 0.000 0.000 5.055 8.058 13.823 17.529 21.732 27.266 26.494 24.569 24.808 25.736 23.807 27.328 32.695 34.241 31.253 34.147 34.048 29.573 27.140 19.496 14.697 3.701 5.736 0.000 21.053 35.764 34.288 21.616 9.660 7.940 15.167 15.500 20.620 19.910 2.637 0.000 0.000 0.000 0.000 0.000 0.000 0.000 0.000 0.000 0.000 11.917 24.133 19.886 6.839 1.967 0.000 0.000 0.000 0.000 0.000 0.000 0.000 0.000 5.489 1.798
6.246 5.944 2.830 0.000 0.000 0.000 0.000 0.000 3.728 0.000 3.931 4.352 10.151 16.751 21.525 27.939 26.063 26.481 26.680 29.842 32.502 29.358 17.751 25.389 16.107 27.197 30.371 30.639 12.744 4.376 0.000 0.000 0.000 0.000 20.230 30.445 33.880 18.522 1.741 0.000 2.985 1.650 4.099 11.703 11.955 3.671 0.000 0.000 0.000 0.000 0.000 0.000 0.000 0.000 0.000 11.415 24.427 18.045 0.000 0.000 0.000 0.000 0.000 0.000 0.000 0.000 0.000 0.000 0.000 0.000
5.595 5.122 2.254 0.000 0.000 0.000 3.218 3.908 4.456 4.674 0.000 5.618 10.379 17.371 22.102 29.314 26.659 27.677 29.258 31.036 22.347 19.291 7.605 14.977 14.765 25.724 18.600 23.462 14.418 3.512 0.000 0.000 0.000 0.000 12.546 23.861 33.699 14.836 0.000 0.000 0.000 0.000 0.000 3.606 7.050 7.707 0.000 0.000 0.000 0.000 0.000 0.000 0.000 0.000 6.238 16.649 25.365 13.988 0.000 0.000 0.000 0.000 0.000 0.000 0.000 0.000 0.000 -9999.000 -9999.000 -9999.000
3.747 3.977 0.000 0.000 0.000 0.000 0.000 0.000 0.000 0.000 12.951 14.738 17.415 19.058 23.583 30.303 29.206 30.304 29.951 29.371 13.267 4.856 0.000 0.000 13.268 5.560 1.547 4.197 16.804 4.793 0.000 0.000 0.000 0.000 6.976 16.418 25.970 10.097 0.000 0.000 0.000 0.000 0.000 0.000 0.000 3.908 3.373 1.695 0.000 0.000 0.000 0.000 0.000 0.000 5.375 19.195 23.500 16.621 6.273 2.106 0.000 0.000 0.000 0.000 0.000 0.000 -9999.000 -9999.000 -9999.000 -9999.000
2.712 2.684 0.000 0.000 1.882 0.000 0.000 0.000 0.000 0.000 11.289 22.130 21.553 22.072 26.299 31.119 29.465 29.639 32.161 25.258 8.914 1.706 0.000 0.000 2.430 0.000 0.000 0.000 9.947 6.577 0.000 0.000 0.000 0.000 1.997 9.379 18.886 11.371 4.111 2.791 0.000 0.000 0.000 0.000 0.000 1.558 0.000 0.000 0.000 0.000 0.000 0.000 0.000 0.000 6.043 19.088 21.910 16.554 9.520 5.256 0.000 0.000 0.000 0.000 0.000 -9999.000 -9999.000 -9999.000 -9999.000 -9999.000
0.000 0.000 0.000 0.000 0.000 0.000 0.000 0.000 0.000 0.000 10.569 18.800 25.296 27.417 28.828 31.818 29.130 29.726 32.059 24.186 5.763 0.000 0.000 0.000 0.000 0.000 0.000 0.000 3.352 0.000 0.000 0.000 0.000 0.000 0.000 6.236 8.305 5.830 2.880 0.000 0.000 0.000 0.000 0.000 0.000 0.000 0.000 0.000 0.000 0.000 0.000 0.000 0.000 0.000 8.023 18.994 22.364 18.471 11.512 6.414 5.261 2.675 0.000 0.000 0.000 -9999.000 -9999.000 -9999.000 -9999.000 -9999.000
0.000 0.000 0.000 0.000 0.000 0.000 0.000 0.000 0.000 0.000 11.990 19.928 23.815 26.860 30.292 31.976 30.190 29.400 34.630 19.594 3.653 0.000 0.000 0.000 0.000 0.000 0.000 0.000 0.000 0.000 0.000 0.000 0.000 0.000 0.000 2.049 3.615 0.000 0.000 0.000 0.000 0.000 0.000 0.000 0.000 0.000 0.000 0.000 0.000 0.000 0.000 0.000 0.000 0.000 9.878 16.204 21.964 19.309 14.222 11.787 4.606 3.024 0.000 0.000 0.000 -9999.000 -9999.000 -9999.000 -9999.000 -9999.000
0.000 0.000 0.000 0.000 0.000 0.000 0.000 0.000 0.000 4.690 12.926 21.503 25.579 28.000 31.616 32.558 32.695 31.811 23.760 13.720 4.156 0.000 0.000 0.000 0.000 0.000 0.000 0.000 0.000 0.000 0.000 0.000 0.000 0.000 0.000 0.000 0.000 0.000 0.000 0.000 0.000 0.000 0.000 0.000 0.000 0.000 0.000 0.000 0.000 0.000 0.000 0.000 0.000 0.000 8.226 12.476 20.873 20.927 12.567 5.805 0.000 0.000 0.000 0.000 -9999.000 -9999.000 -9999.000 -9999.000 -9999.000 -9999.000
0.000 0.000 0.000 0.000 0.000 0.000 0.000 0.000 5.404 9.142 16.357 23.137 26.551 28.992 32.271 33.479 34.681 33.730 27.296 19.997 10.481 6.476 6.522 4.700 0.000 2.034 0.000 0.000 0.000 0.000 0.000 0.000 0.000 0.000 0.000 0.000 0.000 0.000 0.000 0.000 0.000 0.000 0.000 0.000 0.000 0.000 0.000 0.000 0.000 0.000 0.000 0.000 0.000 5.049 10.963 17.436 19.870 20.262 10.712 2.613 0.000 0.000 0.000 0.000 -9999.000 -9999.000 -9999.000 -9999.000 -9999.000 -9999.000
0.000 0.000 0.000 0.000 0.000 0.000 0.000 4.604 10.019 14.605 20.200 24.262 27.754 31.513 32.986 34.180 33.841 33.969 34.408 34.439 33.195 29.720 24.968 19.493 10.838 8.994 3.728 0.000 0.000 0.000 0.000 0.000 0.000 0.000 0.000 0.000 0.000 0.000 0.000 0.000 0.000 0.000 0.000 0.000 0.000 0.000 0.000 0.000 0.000 0.000 0.000 0.000 6.336 11.227 12.385 16.292 20.102 20.686 11.839 4.875 0.000 0.000 0.000 0.000 -9999.000 -9999.000 -9999.000 -9999.000 -9999.000 -9999.000
0.000 0.000 0.000 0.000 0.000 0.000 4.888 6.171 13.228 18.000 23.850 26.366 30.388 32.327 33.587 34.707 34.377 33.534 30.801 24.552 13.772 21.426 9.161 10.145 16.130 10.579 1.653 0.000 0.000 0.000 0.000 0.000 0.000 0.000 0.000 0.000 0.000 0.000 0.000 0.000 0.000 0.000 0.000 0.000 0.000 0.000 0.000 0.000 0.000 0.000 0.000 4.939 6.179 6.063 13.313 16.515 20.672 21.149 13.265 6.142 0.000 0.000 0.000 0.000 -9999.000 -9999.000 -9999.000 -9999.000 -9999.000 -9999.000
0.000 0.000 0.000 0.000 0.000 0.000 4.080 6.310 10.783 14.448 22.520 27.547 31.232 32.870 34.044 35.079 35.684 36.313 34.673 30.527 21.646 21.348 11.073 5.926 8.683 7.880 0.000 0.000 0.000 0.000 0.000 0.000 0.000 0.000 0.000 0.000 0.000 0.000 0.000 0.000 0.000 0.000 0.000 0.000 0.000 0.000 0.000 0.000 0.000 0.000 0.000 0.000 0.000 0.000 11.498 17.306 19.246 20.410 20.207 12.647 5.658 3.906 0.000 0.000 -9999.000 -9999.000 -9999.000 -9999.000 -9999.000 -9999.000
0.000 0.000 0.000 0.000 0.000 0.000 0.000 4.581 11.207 17.825 24.478 27.420 31.201 33.136 33.420 33.513 34.244 36.121 37.231 35.550 28.506 24.176 14.701 9.740 10.346 11.011 4.726 0.000 0.000 0.000 0.000 0.000 0.000 0.000 0.000 0.000 0.000 0.000 0.000 0.000 0.000 0.000 0.000 0.000 0.000 0.000 0.000 0.000 0.000 0.000 0.000 0.000 0.000 5.752 13.753 16.277 18.575 19.770 19.591 18.176 11.437 10.634 9.506 9.139 -9999.000 -9999.000 -9999.000 -9999.000 -9999.000 -9999.000
0.000 0.000 0.000 0.000 0.000 0.000 0.000 0.000 8.873 14.370 20.633 26.239 31.324 32.921 32.090 33.605 34.341 34.631 36.704 39.142 36.288 29.840 20.739 16.717 16.169 16.925 8.851 4.218 0.000 0.000 0.000 0.000 0.000 0.000 0.000 0.000 0.000 0.000 0.000 6.579 6.499 5.251 5.433 4.032 5.251 0.000 0.000 0.000 0.000 0.000 0.000 0.000 5.286 8.704 12.722 12.453 14.503 17.719 19.391 18.858 16.909 15.360 10.210 6.910 7.010 -9999.000 -9999.000 -9999.000 -9999.000 -9999.000
0.000 0.000 0.000 0.000 0.000 0.000 0.000 0.000 5.828 12.767 15.977 24.882 32.068 32.174 32.174 33.121 33.573 34.833 36.655 39.633 39.039 34.929 25.562 20.927 25.933 20.838 11.672 6.902 3.671 0.000 5.400 6.581 3.563 0.000 0.000 0.000 0.000 4.609 7.727 12.783 13.297 9.589 12.964 10.572 5.362 0.000 0.000 0.000 0.000 0.000 0.000 0.000 3.729 5.274 8.879 5.429 7.005 10.560 18.662 17.660 15.852 13.356 8.628 5.001 5.331 -9999.000 -9999.000 -9999.000 -9999.000 -9999.000
0.000 0.000 0.000 3.659 4.593 3.320 3.654 0.000 6.803 9.076 19.614 29.490 32.272 32.340 30.797 31.450 32.793 35.614 36.396 38.996 39.654 37.357 32.028 28.497 21.393 21.035 16.392 14.800 12.822 8.632 11.377 17.314 10.138 9.760 6.891 0.000 6.345 11.912 9.480 18.961 30.579 26.397 16.718 23.023 16.789 11.729 9.268 6.125 3.923 3.327 0.000 0.000 0.000 0.000 3.642 0.000 0.000 7.704 15.105 16.080 7.133 5.627 10.100 7.155 2.884 -9999.000 -9999.000 -9999.000 -9999.000 -9999.000
0.000 0.000 7.094 5.696 8.126 7.755 4.947 0.000 8.782 14.689 23.847 30.407 31.841 30.896 27.964 30.808 32.047 36.581 36.093 38.986 40.193 38.186 40.031 38.794 36.402 28.962 25.215 22.188 12.255 8.890 12.521 22.912 16.391 10.799 4.602 0.000 13.152 30.676 30.884 39.575 39.974 37.695 37.377 33.177 29.468 24.607 14.677 10.514 7.995 5.041 0.000 0.000 0.000 0.000 0.000 0.000 4.572 6.795 13.393 10.649 3.903 4.602 6.693 5.765 -9999.000 -9999.000 -9999.000 -9999.000 -9999.000 -9999.000
0.000 0.000 8.126 12.105 14.662 12.075 9.187 11.283 10.542 13.284 22.065 31.215 30.377 31.694 29.316 31.454 34.120 37.386 37.429 40.288 38.962 40.320 35.443 31.471 23.583 26.291 21.529 17.557 11.636 10.058 16.010 25.255 29.792 23.088 24.300 29.030 40.433 52.211 57.569 54.459 39.091 24.572 16.726 14.455 13.344 18.790 22.464 12.821 7.970 3.971 0.000 0.000 0.000 0.000 0.000 0.000 4.831 8.839 12.334 6.009 2.293 0.000 5.867 3.886 -9999.000 -9999.000 -9999.000 -9999.000 -9999.000 -9999.000
0.000 4.024 7.441 12.241 16.415 16.700 17.167 16.990 14.691 16.833 23.938 31.223 29.612 32.051 30.152 32.084 36.034 38.222 38.063 38.695 38.803 37.770 30.152 27.276 20.323 20.657 18.850 18.419 10.431 12.975 22.152 31.873 47.078 39.424 43.550 51.048 62.204 61.321 39.580 29.728 19.453 8.437 5.250 4.887 4.354 6.608 16.279 6.492 4.621 3.796 0.000 0.000 0.000 0.000 0.000 0.000 5.104 9.032 9.580 6.085 4.430 0.000 3.594 3.083 -9999.000 -9999.000 -9999.000 -9999.000 -9999.000 -9999.000
8.116 8.990 13.957 15.900 17.792 19.470 18.886 21.555 21.128 23.067 27.861 30.941 31.018 32.690 32.622 34.516 36.023 37.135 37.468 38.928 39.921 35.831 23.997 24.895 19.632 23.829 27.448 26.360 28.625 33.705 40.052 46.634 60.670 57.596 62.213 66.810 43.300 29.767 14.343 12.525 11.535 4.346 2.194 0.000 0.000 4.947 11.196 5.512 5.842 4.404 2.837 0.000 0.000 0.000 0.000 4.252 8.699 9.945 6.184 4.401 3.047 0.000 0.000 1.682 -9999.000 -9999.000 -9999.000 -9999.000 -9999.000 -9999.000
9.963 11.881 10.010 9.884 14.359 19.601 21.980 23.048 23.472 26.240 28.430 30.510 32.648 33.729 35.048 36.690 37.940 36.558 37.386 39.727 40.091 39.180 30.358 32.217 31.821 35.542 36.997 36.196 40.046 44.064 53.684 61.309 64.733 66.018 65.648 53.177 30.108 19.057 6.219 2.985 10.759 2.772 0.000 0.000 5.871 7.037 9.811 7.782 3.086 2.203 0.000 0.000 0.000 0.000 0.000 4.293 4.412 7.792 4.939 3.339 3.314 0.000 0.000 0.000 -9999.000 -9999.000 -9999.000 -9999.000 -9999.000 -9999.000
2.889 3.667 3.779 5.249 8.625 11.587 17.926 23.314 24.880 26.504 28.355 30.722 30.602 31.591 33.338 34.341 35.870 39.920 40.660 40.047 39.683 40.316 38.814 42.945 43.711 45.714 44.988 50.039 52.464 60.945 58.613 53.741 46.665 33.823 38.369 34.224 12.926 5.053 0.000 0.000 3.427 2.004 0.000 0.000 0.000 0.000 6.212 3.478 0.000 0.000 0.000 0.000 0.000 0.000 0.000 0.000 0.000 4.512 3.235 0.000 0.000 0.000 0.000 0.000 -9999.000 -9999.000 -9999.000 -9999.000 -9999.000 -9999.000
0.000 0.000 0.000 3.784 6.589 10.463 14.777 18.228 24.032 26.343 28.798 29.868 29.103 30.082 31.805 32.790 35.131 35.162 37.120 42.366 42.021 41.334 45.273 49.442 49.335 50.389 54.400 56.149 57.118 51.792 40.016 32.437 25.859 25.525 22.922 25.979 11.897 5.176 0.000 0.000 0.000 0.000 0.000 0.000 0.000 0.000 4.802 3.803 0.000 0.000 0.000 0.000 0.000 0.000 0.000 0.000 0.000 2.952 2.638 0.000 0.000 0.000 0.000 -9999.000 -9999.000 -9999.000 -9999.000 -9999.000 -9999.000 -9999.000
0.000 0.000 4.722 4.932 8.166 10.149 16.936 20.459 23.820 26.690 27.607 27.883 28.110 29.343 30.445 30.561 30.707 31.728 32.609 36.396 42.631 45.694 44.872 38.854 28.358 23.526 26.497 32.720 43.277 44.347 31.156 21.628 15.650 14.271 10.870 10.702 7.601 2.818 0.000 4.399 2.125 0.000 0.000 0.000 0.000 0.000 0.000 -9999.000 -9999.000 -9999.000 -9999.000 -9999.000 -9999.000 -9999.000 0.000 0.000 0.000 0.000 0.000 0.000 0.000 0.000 -9999.000 -9999.000 -9999.000 -9999.000 -9999.000 -9999.000 -9999.000 -9999.000
0.000 0.000 5.758 6.309 9.157 10.927 16.453 19.717 23.426 26.206 26.516 27.694 27.478 28.741 29.511 28.815 29.260 30.467 30.206 33.116 37.389 40.645 37.881 32.874 20.433 11.499 6.911 11.792 39.042 47.317 34.267 23.174 20.959 21.812 10.802 7.945 5.892 5.413 9.391 5.882 0.000 0.000 0.000 -9999.000 -9999.000 -9999.000 -9999.000 -9999.000 -9999.000 -9999.000 -9999.000 -9999.000 -9999.000 -9999.000 -9999.000 -9999.000 0.000 0.000 0.000 0.000 0.000 -9999.000 -9999.000 -9999.000 -9999.000 -9999.000 -9999.000 -9999.000 -9999.000 -9999.000
