tests/test_sample_run/example/results/output_maps/snowdepthN0015.asc
ncols         174
nrows         141
xllcorner     744500.000000
yllcorner     5140950.000000
cellsize      250.000000
NODATA_value  -9999.0
[rows 62 to 92 of 141, columns 70 to 139 of 174]
18.349 18.736 18.097 18.410 19.281 20.975 23.281 25.631 27.549 29.515 30.794 32.225 30.912 32.586 32.357 31.259 28.978 32.458 39.461 42.128 39.442 34.183 23.726 15.936 9.305 8.385 8.730 12.239 12.411 22.501 26.072 24.957 33.357 45.338 63.098 50.009 40.151 37.929 57.786 46.524 15.427 3.842 2.188 2.884 2.474 0.900 0.000 0.000 3.397 14.665 10.927 12.924 20.135 32.683 54.423 44.352 25.604 13.394 1.327 0.000 0.000 0.000 0.000 0.000 1.982 3.099 5.239 5.363 6.147 6.599
17.215 16.015 17.013 15.267 18.182 19.321 21.612 24.921 27.183 29.947 32.326 34.434 35.401 36.221 36.697 36.866 36.290 40.202 41.348 38.057 35.588 31.369 19.285 11.997 2.690 2.856 9.025 23.992 18.242 23.084 37.687 46.275 49.599 59.653 65.310 60.614 51.902 57.079 61.590 46.174 16.602 5.084 0.234 0.000 0.000 0.000 0.000 0.000 0.041 2.836 0.641 2.281 13.362 30.529 51.855 49.352 30.746 16.236 2.121 0.000 0.000 0.000 0.000 0.000 0.000 0.000 0.000 0.000 0.137 0.135
14.914 12.973 14.779 11.175 15.012 16.002 20.409 24.156 23.829 24.626 28.576 33.344 36.456 38.747 39.621 41.608 41.773 39.243 34.447 30.374 25.284 23.318 13.927 8.374 4.218 9.941 16.442 19.608 39.401 38.297 43.361 51.109 60.451 66.126 62.328 65.499 64.437 65.528 64.447 51.698 23.212 16.525 7.790 4.593 0.000 0.000 0.000 0.000 0.000 0.000 0.000 0.000 11.245 28.370 42.858 52.308 32.196 19.457 5.810 0.219 0.000 0.000 0.000 0.000 0.000 0.000 0.000 0.000 0.000 0.000
10.210 7.473 7.110 6.569 7.404 10.094 18.095 20.812 19.727 19.701 23.342 27.248 31.987 39.284 39.580 39.979 38.551 36.321 29.721 26.646 20.441 15.541 10.348 19.542 19.656 20.454 28.828 34.879 47.834 50.180 59.829 64.126 64.936 57.328 47.024 59.412 66.787 64.253 62.214 66.360 55.122 38.272 21.463 15.709 8.497 1.903 0.000 0.000 0.000 0.000 0.000 0.000 18.301 8.899 12.132 40.851 47.868 28.443 12.955 5.367 0.000 0.000 0.000 0.000 0.000 0.000 0.000 0.000 2.061 2.192
9.031 6.774 5.002 5.132 5.888 8.729 12.715 14.980 13.554 15.974 20.208 24.513 30.417 33.904 42.796 41.649 37.538 38.521 34.541 29.886 23.804 23.357 15.051 23.399 33.730 34.663 43.404 48.650 62.654 64.341 58.878 56.034 47.601 36.493 39.449 57.982 66.978 57.294 51.599 57.867 61.377 62.571 44.955 34.510 9.773 6.822 0.000 0.000 0.000 0.000 0.000 4.404 5.393 1.738 2.155 20.126 49.850 36.012 14.837 5.035 3.354 0.000 0.000 0.000 0.000 0.000 0.000 0.000 3.710 7.488
15.158 9.560 3.792 2.498 4.517 7.571 7.187 8.834 6.962 7.944 12.398 16.632 26.992 31.606 39.075 46.838 42.579 41.194 40.713 39.460 37.061 36.080 36.587 41.584 48.834 53.547 60.289 62.763 54.064 52.057 48.544 30.722 27.208 10.255 38.695 64.458 63.274 43.067 30.604 36.988 46.174 51.824 57.078 37.361 5.375 3.355 0.000 0.000 0.000 0.000 0.000 3.068 0.000 0.000 5.671 28.658 44.443 37.964 27.277 16.545 2.838 0.000 0.000 0.000 0.000 0.000 0.000 2.582 10.487 19.126
15.357 7.851 1.763 0.868 3.457 5.012 3.761 4.691 4.719 4.816 9.606 14.985 25.302 31.144 37.520 47.246 45.956 42.454 43.606 44.565 41.730 47.281 56.722 59.325 54.078 59.119 58.938 51.579 47.910 35.449 26.830 7.241 10.956 6.027 38.269 62.793 60.615 39.380 18.147 15.007 27.915 28.439 37.594 36.330 5.384 1.653 0.000 0.000 0.000 0.000 0.000 0.000 0.000 0.000 2.175 22.035 43.917 36.329 12.964 4.071 0.000 0.000 0.000 0.000 0.000 0.000 0.637 3.121 10.526 3.716
11.688 11.133 5.525 1.428 2.013 3.345 2.778 3.412 7.275 4.426 7.679 8.410 18.735 30.240 37.124 48.412 45.130 45.970 46.109 51.785 56.443 50.851 32.017 44.777 29.434 48.086 52.800 53.416 23.476 8.529 1.588 0.000 0.000 5.566 36.886 55.307 61.151 33.771 3.687 1.563 6.045 3.522 8.053 21.847 22.442 7.362 0.000 0.000 0.000 0.000 0.000 0.000 0.000 0.000 1.468 21.141 44.448 32.918 3.102 0.000 0.000 0.000 0.000 0.000 0.000 0.000 0.000 0.000 0.000 0.000
10.566 9.708 4.553 3.226 4.464 5.512 6.366 7.629 8.617 9.027 7.280 10.623 19.200 31.100 38.157 50.937 46.114 47.848 50.472 53.799 39.511 33.622 14.235 27.349 27.372 45.279 33.881 41.703 26.557 6.954 0.000 0.000 0.000 0.017 23.167 43.530 61.316 27.231 1.984 0.000 0.000 0.000 0.252 7.276 13.663 14.865 3.365 0.108 0.000 0.000 0.000 0.000 0.000 0.000 11.869 30.634 46.160 25.730 2.301 0.000 0.000 0.000 0.000 0.000 0.000 0.000 0.000 -9999.000 -9999.000 -9999.000
7.288 7.701 3.629 2.376 3.919 4.899 3.689 3.289 2.769 6.850 23.739 26.943 31.719 34.018 40.828 52.753 50.672 52.549 51.614 50.916 24.321 9.228 0.471 0.000 24.561 10.593 3.325 8.178 31.091 9.249 0.000 0.000 0.000 0.000 13.284 30.297 47.394 18.878 0.442 0.000 0.000 0.000 0.000 0.986 5.842 7.917 6.909 3.743 0.000 0.000 0.000 0.000 0.000 0.000 10.332 35.169 42.984 30.589 12.064 4.374 0.130 0.000 0.000 0.000 0.000 0.000 -9999.000 -9999.000 -9999.000 -9999.000
5.448 5.394 3.025 2.295 3.987 3.104 2.136 1.817 2.043 6.438 20.782 38.603 37.739 38.425 45.547 54.231 51.149 51.302 55.657 43.680 16.529 3.646 0.000 0.000 4.919 2.861 0.137 2.730 18.793 12.556 0.000 0.000 0.000 0.000 4.195 17.781 34.791 21.402 8.299 5.781 0.000 0.000 0.000 0.000 2.887 3.415 2.828 0.929 0.000 0.000 0.000 0.000 0.000 0.000 11.566 35.032 40.185 30.564 18.024 10.268 1.036 0.000 0.000 0.000 0.000 -9999.000 -9999.000 -9999.000 -9999.000 -9999.000
2.056 2.051 1.755 2.629 2.719 1.595 0.000 0.000 1.230 4.956 19.541 33.237 43.773 47.505 49.954 55.554 50.557 51.581 55.380 41.825 10.885 2.937 0.000 0.000 0.000 0.000 0.000 0.000 6.899 1.498 0.000 0.000 0.000 0.000 0.000 12.104 15.941 11.467 5.959 2.666 0.194 0.000 0.000 0.000 0.000 0.000 0.000 0.000 0.000 0.000 0.000 0.000 0.000 0.000 16.515 34.918 40.994 34.018 21.596 12.469 10.345 5.526 2.176 0.000 0.000 -9999.000 -9999.000 -9999.000 -9999.000 -9999.000
0.271 0.724 1.730 2.538 0.879 0.000 0.000 0.000 1.442 7.315 22.184 35.667 41.452 46.468 52.589 55.790 52.378 50.881 60.336 33.893 7.126 2.653 0.000 0.000 0.000 0.000 0.000 0.000 2.198 0.000 0.000 0.000 0.000 0.000 0.544 4.438 7.332 1.888 1.299 0.000 0.000 0.000 0.000 0.000 0.000 0.000 0.000 0.000 0.000 0.000 0.000 0.000 0.000 1.618 18.635 29.988 40.254 35.557 26.509 22.123 9.120 6.156 1.540 0.000 0.000 -9999.000 -9999.000 -9999.000 -9999.000 -9999.000
0.000 0.558 1.109 0.022 0.000 0.000 0.000 0.641 5.003 9.092 23.880 37.993 44.281 48.511 54.945 56.731 56.835 55.433 41.565 25.284 8.187 0.781 4.462 0.000 0.000 0.000 0.000 0.000 0.000 0.000 0.000 0.000 0.000 0.000 0.000 0.000 0.070 0.000 0.000 0.000 0.000 0.000 0.000 0.000 0.000 0.000 0.000 0.000 0.000 0.000 0.000 0.000 1.601 6.851 16.249 23.400 38.284 38.459 23.517 11.225 0.000 0.000 0.000 0.000 -9999.000 -9999.000 -9999.000 -9999.000 -9999.000 -9999.000
0.000 0.426 0.049 0.000 0.000 0.000 0.548 3.055 10.393 17.166 30.080 40.581 45.979 50.264 56.134 58.426 60.508 58.819 47.453 36.604 19.564 12.325 12.588 9.201 0.753 4.361 2.344 0.000 0.000 0.000 0.000 0.000 0.000 0.000 0.000 0.000 0.000 0.000 0.000 0.000 0.000 0.000 0.000 0.000 0.000 0.000 0.000 0.000 0.000 0.000 0.000 0.000 6.328 10.060 20.714 32.248 36.568 37.299 20.156 5.371 0.000 0.000 0.000 0.000 -9999.000 -9999.000 -9999.000 -9999.000 -9999.000 -9999.000
0.045 0.000 0.000 0.000 0.000 0.000 2.738 8.982 18.797 27.056 36.116 42.253 48.201 54.832 57.379 59.745 58.909 59.005 59.617 59.937 58.626 53.213 45.762 35.990 20.403 17.225 7.685 2.184 0.000 0.000 0.000 0.000 0.000 0.000 0.000 0.000 0.000 0.000 0.000 0.000 0.000 0.000 0.000 0.000 0.000 0.000 0.000 0.000 0.000 0.000 2.861 5.150 12.435 21.278 23.353 30.258 37.000 38.074 22.234 9.662 2.311 0.000 0.000 0.000 -9999.000 -9999.000 -9999.000 -9999.000 -9999.000 -9999.000
0.000 0.000 0.000 0.000 0.000 1.437 9.559 13.691 24.644 33.196 41.747 45.718 52.877 56.212 58.551 60.651 59.881 58.274 54.020 44.480 25.858 39.500 17.525 19.329 30.174 20.090 3.682 0.000 0.000 0.000 0.000 0.000 0.000 0.000 0.000 0.000 0.000 0.000 0.000 0.000 0.000 0.000 0.000 0.000 0.000 0.000 0.000 0.000 0.000 0.000 5.506 9.825 12.174 11.948 24.990 30.670 38.024 38.904 24.798 11.972 4.137 1.264 0.000 0.787 -9999.000 -9999.000 -9999.000 -9999.000 -9999.000 -9999.000
0.000 0.000 0.000 0.000 0.000 1.900 8.154 12.253 20.330 26.852 39.523 47.823 54.340 57.428 59.473 61.292 62.246 63.271 60.194 53.401 39.722 39.349 20.958 12.338 16.867 15.345 3.661 1.774 0.000 0.000 0.000 0.000 0.000 0.000 0.000 0.000 0.000 0.000 0.000 0.000 0.000 0.000 0.000 0.000 0.000 0.000 0.000 0.000 0.000 0.000 2.167 0.000 0.292 5.754 21.684 32.091 35.528 37.643 37.231 23.655 11.101 7.889 5.737 7.375 -9999.000 -9999.000 -9999.000 -9999.000 -9999.000 -9999.000
0.000 0.000 0.000 0.000 0.000 1.292 3.331 9.055 21.065 32.946 43.011 47.586 54.301 57.885 58.304 58.329 59.489 62.842 64.746 61.746 51.098 44.349 27.494 18.678 19.845 21.023 9.563 3.946 0.000 0.000 0.000 0.000 0.000 0.000 0.000 0.000 0.000 0.000 0.000 0.470 1.537 0.891 1.252 0.445 0.542 0.000 0.000 0.000 0.000 0.000 0.000 0.000 5.526 11.373 25.798 30.307 34.370 36.486 36.193 33.617 21.570 20.115 18.101 17.463 -9999.000 -9999.000 -9999.000 -9999.000 -9999.000 -9999.000
0.000 0.000 0.000 0.570 0.000 0.000 2.332 5.919 16.881 26.838 37.028 45.620 54.510 57.519 55.856 58.452 59.645 60.364 63.907 68.024 63.385 53.615 38.287 31.235 30.274 31.633 17.094 8.601 2.394 1.312 1.632 5.155 0.434 0.051 0.000 0.000 0.000 0.059 4.710 12.626 12.472 10.150 13.191 7.906 10.192 0.000 0.060 2.611 0.000 0.000 0.000 2.902 10.447 16.783 24.017 23.500 27.120 32.826 35.831 34.887 31.401 28.629 19.406 13.469 13.659 -9999.000 -9999.000 -9999.000 -9999.000 -9999.000
0.000 0.000 1.181 2.156 1.036 1.910 2.810 3.981 11.401 24.016 29.705 43.245 55.827 56.140 55.965 57.708 58.780 61.126 63.856 68.908 68.191 61.898 46.944 38.803 47.803 38.633 22.216 13.615 7.518 5.548 10.744 12.950 7.194 4.977 2.728 2.843 7.364 8.923 16.204 24.077 24.931 18.264 24.433 20.054 10.337 5.293 6.404 0.988 0.000 0.000 0.000 3.660 7.496 10.432 17.085 10.789 13.660 20.042 34.519 32.784 29.516 25.024 16.567 10.025 10.602 -9999.000 -9999.000 -9999.000 -9999.000 -9999.000
0.312 4.387 6.478 7.468 9.091 6.820 7.524 5.600 13.246 17.267 34.545 51.412 56.291 56.443 53.746 55.412 57.844 62.325 63.752 67.952 69.466 66.207 58.757 52.235 39.652 39.082 30.786 27.893 24.353 16.833 21.749 32.367 19.425 18.774 13.311 6.058 15.136 22.400 17.956 34.974 55.665 48.205 31.100 42.298 31.143 22.087 17.764 11.822 7.742 6.716 1.019 0.000 2.139 2.990 7.344 3.505 7.212 15.628 28.207 29.951 13.824 11.162 19.270 13.900 6.001 -9999.000 -9999.000 -9999.000 -9999.000 -9999.000
0.666 6.018 13.750 11.163 15.790 14.938 9.847 6.230 16.812 27.463 41.842 52.994 55.664 53.914 49.810 54.962 56.648 63.830 63.670 68.410 70.435 68.042 71.326 69.926 66.765 53.228 46.582 41.138 23.351 17.352 23.802 42.376 30.641 20.568 8.946 7.621 24.480 55.642 55.978 71.505 72.410 68.304 67.637 60.119 53.717 45.272 27.484 20.075 15.412 9.842 0.345 0.000 0.000 3.468 1.251 1.041 9.118 14.786 25.224 20.204 7.903 9.265 13.432 11.419 -9999.000 -9999.000 -9999.000 -9999.000 -9999.000 -9999.000
1.935 5.428 15.871 22.885 27.558 22.838 17.557 21.314 20.161 25.011 38.876 54.486 53.001 55.304 52.130 55.643 59.581 65.055 65.723 70.345 68.854 71.268 64.131 57.738 43.629 48.540 40.045 32.939 22.303 19.432 30.053 46.495 54.438 42.440 44.371 52.633 72.893 93.928 103.541 97.658 70.400 44.685 30.800 26.837 24.880 34.642 41.306 24.169 15.313 7.822 0.000 0.000 0.000 0.000 0.000 2.939 9.609 17.020 23.352 11.870 4.923 4.313 11.633 7.941 -9999.000 -9999.000 -9999.000 -9999.000 -9999.000 -9999.000
5.898 8.133 15.230 23.198 30.830 31.345 32.015 31.764 27.623 31.396 42.086 54.559 51.935 55.902 53.218 56.355 62.692 66.631 66.666 68.117 68.822 67.398 55.411 50.284 37.944 38.558 35.333 34.480 20.041 24.534 40.889 58.169 85.290 71.403 78.647 92.044 112.149 110.199 71.073 53.672 35.520 15.551 9.570 8.966 7.978 13.455 30.279 12.409 9.020 7.505 0.000 0.000 0.000 0.000 2.377 4.684 10.128 17.395 18.389 12.078 8.927 4.110 7.328 6.385 -9999.000 -9999.000 -9999.000 -9999.000 -9999.000 -9999.000
15.658 17.239 26.372 29.951 32.902 35.325 34.669 38.646 38.061 40.823 48.640 54.086 54.276 57.117 56.910 60.158 62.751 64.880 66.001 68.688 70.586 63.976 44.427 46.117 36.675 44.113 50.542 48.592 52.444 61.427 72.754 84.593 108.853 104.599 112.860 120.484 77.796 53.764 26.404 23.038 21.097 7.233 2.379 0.540 2.178 9.232 21.122 11.582 11.260 8.648 5.467 2.361 0.185 0.945 3.664 8.488 16.800 19.068 12.269 8.865 6.308 3.257 1.560 3.717 -9999.000 -9999.000 -9999.000 -9999.000 -9999.000 -9999.000
19.125 22.638 19.161 18.959 27.108 35.334 39.258 40.948 41.726 46.033 49.615 53.381 57.305 59.147 61.401 64.255 66.303 63.677 65.551 69.632 70.854 69.546 55.830 59.155 58.344 65.076 67.647 66.071 72.983 80.192 96.701 109.629 115.499 117.494 117.414 95.667 54.421 34.727 11.245 3.889 19.496 3.405 0.000 4.030 10.786 13.871 18.436 14.762 5.818 3.872 1.361 0.000 0.000 0.345 3.481 8.583 8.822 15.207 9.875 6.861 6.815 2.139 0.000 0.004 -9999.000 -9999.000 -9999.000 -9999.000 -9999.000 -9999.000
6.068 7.542 7.814 10.519 16.708 22.072 32.550 41.177 43.781 46.499 49.530 53.952 53.576 55.218 58.224 59.899 62.659 69.862 70.977 69.740 69.937 71.744 69.374 75.805 77.529 81.139 80.751 88.704 93.251 107.303 104.336 96.959 84.471 61.358 69.265 61.853 23.945 8.816 0.357 0.000 4.710 1.992 0.000 0.000 0.785 3.139 12.735 6.451 0.000 0.000 0.000 0.000 0.000 0.046 1.047 1.966 5.595 9.044 6.659 4.862 4.220 2.730 0.000 0.000 -9999.000 -9999.000 -9999.000 -9999.000 -9999.000 -9999.000
2.043 4.681 6.632 7.887 14.076 20.145 28.013 33.351 42.257 46.106 50.563 52.449 51.086 53.169 56.044 57.870 61.568 61.549 64.928 73.888 73.322 73.044 79.446 86.398 86.274 88.028 95.195 98.373 100.413 92.226 72.714 59.106 47.352 46.810 42.001 47.315 22.020 8.965 0.000 0.000 0.000 0.572 0.000 0.000 0.000 0.000 9.005 7.161 0.000 0.000 0.000 0.000 0.000 0.000 0.532 1.692 3.628 6.110 5.574 3.779 3.002 3.222 0.000 -9999.000 -9999.000 -9999.000 -9999.000 -9999.000 -9999.000 -9999.000
1.777 4.883 9.573 9.985 15.959 19.563 31.156 36.885 42.062 46.823 48.474 49.092 49.899 52.270 54.248 54.709 55.122 57.032 58.583 64.292 74.444 79.631 78.571 69.162 52.072 43.308 48.478 59.762 78.953 80.840 57.068 40.101 29.437 26.909 20.479 19.974 14.054 3.539 2.011 6.974 2.112 0.000 0.000 0.000 0.000 0.000 1.130 -9999.000 -9999.000 -9999.000 -9999.000 -9999.000 -9999.000 -9999.000 0.000 0.000 0.000 0.303 0.203 0.942 1.168 1.425 -9999.000 -9999.000 -9999.000 -9999.000 -9999.000 -9999.000 -9999.000 -9999.000
1.687 5.566 11.490 12.541 17.792 21.007 30.618 35.669 41.401 46.101 46.890 48.927 49.017 51.405 52.882 52.232 53.403 55.594 55.588 59.713 66.298 71.770 67.860 59.958 37.944 22.015 13.682 22.384 71.259 86.401 62.645 42.889 38.866 40.319 20.478 14.925 10.729 12.985 17.230 10.347 0.000 0.000 0.000 -9999.000 -9999.000 -9999.000 -9999.000 -9999.000 -9999.000 -9999.000 -9999.000 -9999.000 -9999.000 -9999.000 -9999.000 -9999.000 0.000 0.000 0.000 0.000 0.154 -9999.000 -9999.000 -9999.000 -9999.000 -9999.000 -9999.000 -9999.000 -9999.000 -9999.000
