tests/test_sample_run/example/results/output_maps/snowdepthN0020.asc
ncols         174
nrows         141
xllcorner     744500.000000
yllcorner     5140950.000000
cellsize      250.000000
NODATA_value  -9999.0
[rows 31 to 61 of 141, columns 70 to 139 of 174]
0.000 0.000 1.967 2.928 0.000 0.000 0.000 5.088 7.453 9.767 11.580 13.394 16.041 17.728 21.753 23.054 23.673 22.183 17.036 13.941 12.306 12.190 7.267 4.524 0.000 0.000 0.000 0.000 4.665 6.299 8.127 9.668 16.039 23.225 20.345 16.512 13.534 11.338 8.132 6.074 5.727 5.199 3.481 3.577 0.000 0.000 0.000 0.000 0.000 0.000 0.000 0.000 5.319 5.567 6.514 6.333 10.661 12.621 14.579 14.807 15.573 16.466 16.957 16.966 17.232 17.012 12.136 8.835 6.494 6.252
0.000 0.000 0.000 0.000 0.000 0.000 0.000 0.000 5.446 8.775 12.094 14.040 17.088 18.442 21.344 23.147 23.940 23.635 18.880 16.118 14.933 10.789 7.050 4.028 0.000 0.000 0.000 0.000 7.004 9.643 12.074 12.139 18.025 24.302 24.752 21.631 17.158 16.238 12.533 12.744 11.224 8.564 6.146 4.206 0.000 0.000 0.000 0.000 0.000 0.000 0.000 0.000 7.698 10.047 10.217 10.967 13.099 14.047 15.249 16.065 17.213 17.387 17.475 17.604 17.882 16.147 8.620 7.581 4.608 3.070
0.000 0.000 0.000 0.000 0.000 0.000 0.000 0.000 3.178 4.804 9.324 10.883 14.605 17.127 20.673 22.386 23.833 24.965 22.322 18.598 13.161 10.307 6.458 5.100 0.000 0.000 0.000 6.513 9.177 13.132 17.746 20.071 24.454 26.910 20.474 21.778 19.874 18.683 17.209 14.121 10.491 7.418 3.936 2.994 0.000 0.000 0.000 0.000 0.000 0.000 0.000 0.000 6.239 9.564 11.865 12.724 13.437 13.979 14.578 15.770 16.216 16.719 18.112 18.233 18.413 14.244 7.835 3.849 0.000 0.000
0.000 0.000 0.000 0.000 0.000 0.000 0.000 0.000 0.000 3.480 6.029 9.326 15.340 17.448 20.464 22.362 23.931 25.366 24.040 19.065 12.723 10.757 7.190 5.532 3.395 0.000 4.701 5.941 12.702 15.210 20.360 24.366 28.517 23.106 15.803 15.385 13.606 13.436 9.743 8.621 5.731 4.859 0.000 0.000 0.000 4.652 3.535 3.321 0.000 0.000 0.000 0.000 5.971 8.832 9.820 9.301 11.800 11.633 10.833 13.045 13.945 14.592 18.312 18.907 19.147 16.740 6.596 2.136 0.000 0.000
0.000 0.000 0.000 0.000 0.000 0.000 0.000 0.000 0.000 0.000 3.543 6.329 10.446 13.361 17.643 20.732 24.148 25.301 25.088 20.843 15.178 12.157 10.236 8.157 6.086 4.968 5.132 6.908 12.787 16.889 23.854 27.800 27.303 20.583 13.682 9.889 8.167 7.677 4.469 4.182 1.937 0.000 0.000 0.000 0.000 3.874 7.241 6.470 6.429 5.895 6.167 6.314 5.572 5.494 5.510 7.532 7.029 5.775 5.512 5.345 7.479 7.645 12.278 19.090 19.657 18.343 10.054 2.340 0.000 0.000
0.000 0.000 0.000 0.000 0.000 0.000 0.000 0.000 0.000 0.000 0.000 5.603 9.152 11.673 14.916 18.422 23.871 25.034 26.035 23.353 18.386 15.234 12.843 10.302 8.006 7.480 5.528 7.527 12.612 16.901 24.462 29.597 24.932 18.958 12.554 8.542 5.690 4.540 2.856 0.000 0.000 0.000 0.000 0.000 0.000 4.542 6.072 10.817 10.223 10.380 9.397 7.935 5.002 3.533 4.201 8.068 4.765 3.141 3.003 2.580 2.543 2.917 9.548 18.364 20.113 17.037 7.754 2.671 0.000 0.000
0.000 0.000 0.000 0.000 0.000 0.000 0.000 0.000 0.000 0.000 0.000 5.582 8.874 11.850 14.385 18.340 23.312 24.845 26.071 26.729 24.531 22.849 18.858 15.856 12.884 11.081 8.526 8.151 13.817 18.451 25.579 30.874 26.097 20.357 14.573 10.538 3.181 0.000 0.000 0.000 0.000 0.000 0.000 0.000 0.000 6.577 10.098 8.877 14.554 12.608 11.189 7.670 9.627 8.430 7.829 8.947 2.206 0.000 0.000 0.000 0.000 0.000 6.554 16.214 22.646 14.118 7.699 5.820 0.000 0.000
0.000 0.000 0.000 0.000 0.000 0.000 0.000 0.000 0.000 0.000 4.871 7.930 12.184 13.782 16.082 18.658 23.160 24.408 25.650 26.747 27.269 25.697 23.823 21.148 15.988 13.558 10.208 9.028 14.234 18.466 25.917 31.377 28.399 22.198 14.901 11.159 5.333 3.193 0.000 0.000 0.000 0.000 0.000 0.000 0.000 6.026 12.599 10.878 16.830 12.891 8.787 7.114 11.121 9.565 12.140 8.157 1.864 0.000 0.000 0.000 0.000 0.000 8.323 14.626 25.950 16.779 7.384 2.298 0.000 0.000
0.000 0.000 0.000 0.000 0.000 0.000 0.000 0.000 0.000 3.690 5.716 6.126 9.994 12.277 17.556 19.154 21.401 22.730 25.214 26.152 28.306 27.349 27.867 26.128 22.306 18.886 14.339 12.680 15.986 18.953 26.631 32.605 28.201 22.462 14.411 11.408 6.591 7.363 6.415 5.898 3.176 0.000 0.000 0.000 0.000 6.196 11.653 15.872 19.537 15.481 9.224 7.270 15.310 15.483 13.803 8.803 4.626 0.000 0.000 0.000 0.000 0.000 8.491 20.868 25.696 11.078 0.000 0.000 0.000 0.000
0.000 0.000 0.000 0.000 0.000 0.000 0.000 0.000 0.000 3.543 5.537 5.996 8.623 11.541 14.590 15.082 18.662 20.004 23.881 26.141 27.532 28.340 29.738 29.185 25.376 22.589 18.528 17.160 17.469 20.127 27.605 33.603 27.775 23.629 15.477 11.560 10.344 10.913 11.023 9.072 4.431 2.276 0.000 0.000 0.000 4.993 10.243 12.624 20.994 19.966 14.365 10.223 15.963 22.288 14.823 12.495 5.869 4.349 0.000 0.000 0.000 7.508 14.211 25.023 22.551 8.140 1.870 0.000 0.000 0.000
0.000 0.000 0.000 0.000 0.000 0.000 0.000 0.000 0.000 0.000 0.000 5.656 7.615 10.259 9.713 10.823 14.682 17.096 21.151 24.040 26.445 28.693 29.229 30.407 30.139 28.050 25.619 23.350 21.874 23.884 29.081 34.989 29.477 24.767 16.161 13.852 16.814 21.305 12.364 9.698 4.936 2.770 0.000 0.000 0.000 0.000 6.506 10.705 17.605 23.319 19.000 13.777 17.765 24.827 20.289 18.031 11.136 9.788 6.179 7.334 6.243 13.934 20.777 29.884 16.246 5.978 0.000 0.000 0.000 0.000
0.000 0.000 0.000 0.000 0.000 0.000 0.000 0.000 0.000 0.000 0.000 5.623 6.885 7.964 8.558 9.327 12.347 15.602 19.861 22.050 24.950 25.970 27.772 29.325 31.724 30.935 29.276 26.464 26.337 26.085 30.399 35.624 29.893 25.552 17.769 16.878 26.003 21.186 14.160 10.156 5.069 2.736 0.000 0.000 0.000 0.000 5.633 10.914 16.533 23.197 22.917 16.619 18.721 25.613 25.206 20.923 16.901 15.118 12.980 10.807 16.616 13.441 22.298 31.751 16.983 10.336 2.290 0.000 0.000 0.000
0.000 0.000 0.000 0.000 0.000 0.000 0.000 0.000 0.000 0.000 0.000 4.425 4.805 5.915 7.216 8.672 12.108 14.783 17.791 21.343 21.464 25.444 27.754 29.383 30.884 33.044 34.118 33.523 30.550 30.414 33.150 36.235 30.971 27.251 22.801 23.476 32.452 22.300 15.664 12.063 5.956 2.383 0.000 0.000 0.000 5.261 7.308 10.668 17.779 22.947 29.164 21.900 19.047 23.968 32.455 27.887 25.665 23.166 20.567 19.171 24.559 24.729 29.658 32.814 23.095 17.171 8.540 8.242 7.462 7.470
0.000 0.000 0.000 0.000 0.000 0.000 0.000 0.000 0.000 0.000 0.000 2.772 3.324 4.228 5.774 7.555 11.249 13.165 16.386 19.551 21.542 25.185 25.247 26.776 28.798 30.508 32.684 33.148 35.598 35.580 35.194 37.080 32.563 30.511 27.697 31.073 31.567 20.812 12.814 9.462 5.341 2.620 0.000 0.000 6.461 7.434 11.385 13.808 20.977 25.713 30.132 19.374 19.744 23.205 31.847 33.863 30.473 28.866 27.485 26.415 30.131 33.692 34.315 32.262 31.489 26.279 18.095 15.970 13.275 14.529
0.000 0.000 0.000 0.000 0.000 0.000 0.000 0.000 0.000 0.000 0.000 0.000 0.000 0.000 4.085 5.159 9.635 12.875 16.740 18.123 21.514 22.658 18.515 20.155 24.720 26.217 29.638 32.499 33.816 34.881 37.059 38.133 35.954 35.316 35.275 35.007 29.391 26.126 20.953 14.312 6.584 3.043 3.721 6.394 11.191 13.833 19.507 21.489 26.399 33.716 27.046 19.541 21.572 26.542 31.318 34.137 34.581 33.658 33.536 34.466 36.277 33.414 26.995 25.701 29.924 32.737 32.234 28.598 24.121 24.510
0.000 0.000 0.000 0.000 0.000 0.000 0.000 0.000 0.000 0.000 0.000 0.000 0.000 0.000 0.000 4.022 8.363 10.430 15.061 17.704 21.682 20.527 15.698 16.964 19.917 23.122 27.714 30.578 32.085 32.538 34.194 36.865 38.957 37.722 37.441 35.868 35.030 31.908 21.271 15.569 9.404 4.506 4.268 6.363 12.989 17.482 24.023 28.491 32.511 36.497 28.946 24.034 27.327 29.107 32.316 33.595 37.278 38.574 37.665 36.450 32.719 27.207 17.294 17.582 24.990 27.012 20.756 25.975 31.734 29.228
0.000 0.000 0.000 0.000 0.000 0.000 0.000 0.000 0.000 0.000 0.000 0.000 0.000 0.000 0.000 0.000 5.916 9.290 14.408 16.993 19.403 17.252 12.205 12.786 14.945 18.118 22.634 25.287 28.430 28.704 31.421 33.370 37.403 40.219 39.350 37.853 34.961 31.216 24.161 18.944 12.915 9.070 5.942 7.250 12.414 16.410 23.723 28.448 34.776 38.780 32.324 31.412 32.733 34.275 36.092 38.442 39.474 36.945 34.806 32.931 29.245 21.809 8.750 7.173 20.291 15.884 6.701 11.877 21.901 31.312
0.000 0.000 0.000 0.000 0.000 0.000 0.000 0.000 0.000 0.000 0.000 0.000 0.000 0.000 0.000 0.000 5.874 8.278 13.084 16.271 17.425 16.855 11.345 10.387 12.680 16.765 18.953 21.814 24.165 25.998 30.526 32.243 36.101 38.642 41.297 38.590 35.344 33.404 27.188 22.247 15.393 11.986 5.983 7.167 11.156 15.159 22.666 28.964 36.021 40.460 35.805 35.580 36.897 38.444 41.441 40.940 37.927 35.768 34.083 31.492 25.264 14.699 5.851 4.143 16.094 9.984 4.348 11.023 24.239 27.749
0.000 0.000 0.000 0.000 0.000 0.000 0.000 0.000 0.000 0.000 0.000 0.000 0.000 5.445 4.485 6.223 6.937 7.498 11.962 13.289 11.131 12.401 11.432 10.161 14.363 14.835 13.973 15.835 19.035 20.162 25.010 29.505 35.233 37.374 41.088 42.113 37.820 35.840 32.008 29.428 21.125 15.377 10.612 11.087 15.245 17.049 23.098 28.707 35.766 39.815 40.529 39.641 41.791 43.120 40.539 38.394 33.680 33.889 33.051 29.371 17.097 7.324 2.280 0.000 8.469 7.507 0.000 13.008 19.391 22.455
0.000 0.000 0.000 0.000 0.000 0.000 0.000 0.000 0.000 0.000 0.000 0.000 0.000 6.576 7.971 7.989 7.059 7.040 10.165 11.024 10.016 11.546 11.827 13.160 16.229 16.632 13.833 14.694 16.578 17.358 22.087 27.429 32.856 36.056 38.887 44.263 40.124 37.606 34.565 32.204 26.415 20.152 14.350 17.103 23.418 26.428 30.061 33.040 36.779 39.076 42.772 42.706 44.352 41.457 38.172 37.523 33.057 29.795 29.081 26.053 12.784 6.660 0.000 0.000 5.370 3.847 7.156 9.576 15.214 18.810
4.906 5.268 0.000 0.000 0.000 0.000 0.000 0.000 0.000 0.000 0.000 0.000 5.180 7.850 12.991 10.349 8.393 8.691 8.316 9.786 11.303 13.958 14.707 15.924 17.059 17.340 18.062 19.755 17.187 16.525 17.804 22.578 27.107 32.480 37.415 41.469 45.957 42.364 39.161 38.430 34.658 30.625 25.011 28.676 32.175 36.934 37.831 38.153 40.370 43.248 44.601 45.702 42.856 39.212 36.011 35.682 34.263 24.441 21.048 15.717 8.575 5.516 0.000 0.000 0.000 0.000 4.521 0.000 11.280 13.994
8.388 8.083 2.864 3.675 0.000 0.000 0.000 0.000 0.000 0.000 0.000 0.000 6.327 10.011 14.358 13.283 11.767 10.741 8.442 9.118 12.725 15.565 15.731 16.708 17.805 18.426 21.516 23.396 21.522 19.555 18.589 21.083 24.768 30.064 37.513 39.568 43.608 47.270 43.305 41.508 38.250 34.738 30.950 36.142 37.320 39.275 42.334 44.683 46.964 47.484 47.370 46.471 42.396 40.082 36.159 33.991 32.023 27.893 14.518 9.752 5.692 0.000 0.000 0.000 0.000 0.000 0.000 0.000 8.930 11.539
13.052 9.704 6.901 7.541 3.475 0.000 7.436 6.180 4.077 4.674 0.000 0.000 8.116 12.996 18.230 15.785 14.140 12.274 10.094 11.275 14.901 16.649 17.773 19.502 19.643 20.650 25.778 28.627 27.160 26.484 28.801 26.591 26.749 29.091 36.045 37.738 41.061 44.413 48.823 44.180 42.404 40.263 40.085 41.852 43.442 45.700 48.941 49.390 48.086 48.343 48.308 45.222 42.410 39.915 33.239 28.167 20.263 17.996 12.846 8.144 1.766 0.000 0.000 0.000 0.000 0.000 0.000 0.000 6.490 8.718
14.375 12.407 8.394 9.444 3.377 0.000 9.046 9.145 7.581 6.908 3.796 4.706 10.201 13.909 20.448 14.787 11.421 10.834 9.888 11.251 13.320 16.520 18.362 19.248 20.998 23.990 29.448 32.697 33.052 34.962 31.190 35.488 29.809 31.513 34.577 36.557 41.007 41.694 48.536 49.440 44.953 43.729 45.830 48.284 50.115 50.784 49.595 46.633 45.566 46.708 49.371 45.216 42.031 39.757 31.930 25.465 17.098 12.373 6.555 6.522 2.036 0.000 0.000 0.000 0.000 0.000 0.000 0.000 4.985 7.137
15.645 14.605 12.172 11.616 7.628 8.043 13.239 13.229 9.025 7.184 5.981 6.609 12.915 18.464 19.441 13.118 9.300 8.116 8.388 10.561 14.301 18.356 19.316 21.432 23.390 25.407 25.783 27.704 34.204 38.785 39.933 43.109 40.361 40.268 40.408 40.287 41.703 40.365 44.814 51.922 51.472 51.079 51.978 52.885 51.299 48.474 45.781 44.343 44.410 43.718 47.956 48.874 41.400 40.015 38.244 33.777 22.160 14.278 7.245 3.934 0.000 0.000 0.000 0.000 0.000 0.000 0.000 0.000 4.607 6.638
15.689 14.496 13.305 12.360 11.262 12.608 16.072 12.701 9.426 8.977 8.956 12.276 17.934 25.219 17.665 13.167 9.598 8.525 8.324 11.570 15.862 19.655 20.646 22.695 23.528 24.612 23.170 24.558 28.739 32.513 39.991 42.162 46.094 47.661 44.057 43.320 43.058 43.009 47.001 52.769 53.804 53.757 53.181 50.520 47.672 47.212 45.693 43.422 42.534 42.696 47.721 51.315 45.425 43.750 42.586 31.563 21.660 16.854 8.347 5.623 0.000 0.000 0.000 0.000 0.000 0.000 3.826 5.058 6.366 7.994
15.333 14.572 13.973 13.540 13.751 14.439 14.836 13.593 13.608 17.183 16.837 17.261 25.158 22.539 15.833 12.410 10.376 9.629 10.366 12.327 16.199 18.505 25.897 19.357 20.321 22.825 18.265 19.744 24.303 29.129 31.430 32.995 41.428 43.807 49.319 50.660 49.190 48.972 53.320 55.315 55.266 53.485 50.607 48.313 46.447 46.556 40.683 38.128 38.978 42.001 46.945 51.344 51.037 44.165 39.427 36.432 22.072 19.076 14.763 10.462 7.701 5.772 3.382 0.000 0.000 3.859 5.809 7.667 10.161 12.793
14.400 14.754 14.473 14.496 14.952 15.765 15.821 15.592 18.946 20.117 19.225 19.821 26.788 21.345 14.106 12.511 12.548 9.236 10.735 13.044 17.954 19.903 26.317 19.782 21.249 22.489 20.552 19.342 27.700 29.737 25.143 29.711 41.667 47.415 48.384 52.040 55.264 55.579 56.067 56.319 54.957 52.402 49.022 46.856 44.289 44.751 38.081 33.698 38.590 44.313 47.957 50.750 52.230 51.318 43.769 37.852 30.685 26.777 17.956 13.521 9.885 7.545 5.027 4.298 4.993 6.306 9.957 9.719 13.289 14.766
13.705 13.315 14.973 15.525 15.983 17.363 18.732 19.478 21.387 22.771 21.515 24.077 25.639 21.850 13.958 14.795 14.859 16.013 18.037 22.981 25.669 32.570 27.941 25.721 24.130 24.695 21.287 22.333 22.042 23.950 30.935 37.583 44.000 47.279 51.402 55.433 46.482 51.359 56.567 56.035 52.181 49.182 45.372 44.717 40.987 34.279 29.923 23.913 26.313 31.325 46.809 46.936 50.256 52.891 48.441 41.035 28.429 19.003 11.123 9.460 5.364 3.767 2.304 4.615 8.111 11.230 12.832 13.588 15.761 17.545
14.434 14.214 14.783 16.357 17.729 18.763 20.513 22.127 23.176 24.553 24.504 26.655 24.492 23.674 20.761 20.279 17.582 22.592 26.448 32.272 36.589 36.651 29.091 25.404 23.242 20.456 17.469 19.012 20.124 35.753 45.692 49.337 51.767 52.973 57.491 48.303 45.442 47.271 57.024 55.581 42.570 35.203 28.085 27.185 26.334 26.689 19.159 18.210 18.093 22.873 44.941 40.955 46.527 50.914 51.817 42.115 25.927 13.657 2.050 0.000 1.527 0.000 0.000 0.000 6.616 10.173 15.682 16.352 18.096 19.282
15.740 16.647 17.556 17.391 18.906 20.607 22.013 23.772 25.187 26.619 27.551 29.189 26.959 27.425 28.479 28.078 23.671 28.443 35.123 37.078 37.566 34.310 25.945 20.509 15.958 13.656 11.274 12.472 16.748 21.330 32.596 37.429 44.687 49.482 59.099 47.061 41.302 38.611 54.518 48.683 22.859 9.750 6.930 8.493 7.240 7.630 4.509 4.659 8.209 12.493 26.956 25.233 30.954 43.915 53.677 42.064 23.700 9.081 0.000 0.000 0.000 0.000 0.000 0.000 4.091 5.672 9.892 13.111 14.066 15.279
