tests/test_sample_run/example/results/output_maps/SWEDENSITYN0021.asc
ncols         174
nrows         141
xllcorner     744500.000000
yllcorner     5140950.000000
cellsize      250.000000
NODATA_value  -9999.0
[rows 64 to 95 of 141, columns 72 to 143 of 174]
139.705 97.356 136.834 137.347 126.062 117.586 118.667 115.574 111.314 108.815 109.046 108.525 110.193 109.808 111.459 115.172 123.462 139.315 142.816 145.923 183.093 -nan -nan -nan 93.143 174.865 144.864 146.999 141.182 129.693 114.519 109.947 109.848 109.445 112.592 114.169 115.291 119.594 150.216 181.663 -nan -nan -nan -nan -nan -nan -nan -nan -nan -nan -nan 141.587 125.565 124.060 147.106 158.719 -nan -nan -nan -nan -nan -nan -nan -nan -nan -nan -nan -nan -nan 56.199 144.772 142.318
-nan -nan -nan 4.047 137.267 129.934 133.365 134.846 127.585 120.144 115.109 109.007 111.772 113.227 118.487 123.785 143.258 142.739 154.256 183.203 -nan 172.480 168.575 171.198 158.659 152.427 121.230 116.085 109.854 110.204 109.766 111.835 123.264 119.725 114.115 116.297 119.382 117.545 121.015 137.758 157.131 187.032 77.227 -nan -nan -nan -nan -nan -nan -nan 166.164 102.378 112.814 132.835 132.218 144.475 190.955 -nan -nan -nan -nan -nan -nan -nan -nan -nan -nan -nan -nan 157.876 142.745 -nan
-nan -nan -nan -nan 103.407 150.231 132.156 156.341 138.047 130.764 121.402 114.156 108.303 108.049 117.845 123.324 135.744 144.782 158.363 162.286 66.409 163.487 152.597 130.394 120.881 116.801 110.044 110.927 113.797 112.243 120.066 125.456 149.144 118.851 116.512 122.127 127.556 123.205 123.289 122.830 142.478 146.785 118.052 -nan -nan -nan -nan -nan -nan -nan -nan -nan -nan 165.156 132.614 145.036 171.263 -nan -nan -nan -nan -nan -nan -nan -nan -nan -nan -nan 158.473 148.444 152.111 -nan
-nan -nan -nan -nan -nan 56.331 -nan -nan 89.995 167.257 131.148 122.597 111.239 107.057 111.031 117.689 125.142 126.229 141.823 127.216 131.393 118.302 114.206 110.835 109.251 109.407 118.175 120.009 125.470 140.089 142.660 128.787 148.281 119.625 119.443 141.992 156.277 145.991 143.170 135.537 134.532 143.754 -nan -nan -nan -nan -nan -nan -nan -nan -nan -nan -nan 158.285 143.776 147.953 152.776 166.991 -nan -nan -nan -nan -nan -nan -nan -nan 125.568 160.590 158.642 97.111 -nan -nan
-nan -nan -nan -nan -nan -nan -nan -nan -nan 113.615 140.346 133.073 113.785 108.494 109.511 117.800 123.936 118.953 123.351 113.140 109.743 110.341 110.390 110.110 110.100 121.782 125.019 137.896 137.266 38.870 134.987 -nan 143.971 123.542 124.485 146.007 168.488 172.169 150.846 147.328 146.819 147.061 -nan -nan -nan -nan -nan -nan -nan -nan -nan -nan -nan 169.508 144.952 147.930 191.217 -nan -nan -nan -nan -nan -nan -nan -nan -nan 129.515 -nan -nan -nan -nan -nan
-nan -nan -nan -nan -nan -nan -nan -nan -nan -nan 160.121 141.876 120.933 108.692 112.159 119.129 118.482 110.315 110.217 110.500 131.825 124.276 146.580 125.266 119.924 120.993 149.130 83.979 -nan -nan -nan -nan 144.587 134.839 130.100 147.115 -nan -nan -nan -nan -nan 163.928 167.473 -nan -nan -nan -nan -nan -nan -nan -nan -nan -nan 173.498 145.140 146.234 -nan -nan -nan -nan -nan -nan -nan -nan -nan -nan -nan -nan -nan -nan -nan -9999.000
-nan -nan -nan -nan -nan -nan -nan -nan -nan -nan 165.071 140.332 121.731 107.065 114.379 116.753 115.862 111.273 125.614 120.777 168.913 132.606 153.314 123.048 133.433 125.771 148.002 20.703 -nan -nan -nan -nan 158.772 147.178 132.853 148.052 -nan -nan -nan -nan -nan -nan 133.275 197.622 -nan -nan -nan -nan -nan -nan -nan -nan -nan 170.986 145.503 149.118 -nan -nan -nan -nan -nan -nan -nan -nan -nan -9999.000 -9999.000 -9999.000 -nan -9999.000 -9999.000 -9999.000
-nan -nan -nan -nan -nan -nan -nan -nan 150.788 148.246 145.499 139.343 119.639 106.541 110.762 111.247 117.196 111.172 138.757 95.671 -nan -nan 150.703 126.862 -nan 79.296 159.171 112.070 -nan -nan -nan -nan 99.870 159.901 147.091 165.276 -nan -nan -nan -nan -nan -nan -nan -nan -nan -nan -nan -nan -nan -nan -nan -nan -nan 162.687 148.230 156.899 101.451 -nan -nan -nan -nan -nan -nan -nan -9999.000 -9999.000 -9999.000 -9999.000 -9999.000 -9999.000 -9999.000 -9999.000
-nan -nan -nan -nan -nan -nan -nan -nan 156.679 128.185 129.667 130.724 116.237 106.421 110.369 115.556 112.473 113.904 152.094 -nan -nan -nan -nan -nan -nan -nan 168.533 191.869 -nan -nan -nan -nan -nan 173.525 158.044 169.364 -nan -nan -nan -nan -nan -nan -nan -nan -nan -nan -nan -nan -nan -nan -nan -nan -nan 162.072 152.036 159.629 178.575 123.461 -nan -nan -nan -nan -nan -9999.000 -9999.000 -9999.000 -9999.000 -9999.000 -9999.000 -9999.000 -9999.000 -9999.000
-nan -nan -nan -nan -nan -nan -nan -nan 159.257 131.373 118.180 115.115 113.793 106.569 111.065 119.545 113.562 113.167 121.406 -nan -nan -nan -nan -nan -nan -nan 28.327 -nan -nan -nan -nan -nan -nan 155.802 179.697 148.610 -nan -nan -nan -nan -nan -nan -nan -nan -nan -nan -nan -nan -nan -nan -nan -nan 72.497 164.876 152.946 156.999 166.077 154.246 124.801 -nan -nan -nan -nan -9999.000 -9999.000 -9999.000 -9999.000 -9999.000 -9999.000 -9999.000 -9999.000 -9999.000
-nan -nan -nan -nan -nan -nan -nan -nan 160.094 135.736 120.257 116.092 108.432 106.816 112.175 121.131 107.602 113.103 22.586 -nan -nan -nan -nan -nan -nan -nan -nan -nan -nan -nan -nan -nan -nan -nan 44.215 -nan -nan -nan -nan -nan -nan -nan -nan -nan -nan -nan -nan -nan -nan -nan -nan -nan 187.409 169.090 154.333 156.871 161.530 166.407 100.385 -nan -nan -nan -nan -9999.000 -9999.000 -9999.000 -9999.000 -9999.000 -9999.000 -9999.000 -9999.000 -9999.000
-nan -nan -nan -nan -nan -nan -nan -nan 157.876 132.759 122.511 115.704 107.860 108.197 110.254 108.000 120.731 142.176 34.717 -nan -nan -nan -nan -nan -nan -nan -nan -nan -nan -nan -nan -nan -nan -nan -nan -nan -nan -nan -nan -nan -nan -nan -nan -nan -nan -nan -nan -nan -nan -nan -nan -nan 114.885 185.599 161.377 154.771 164.724 139.525 -nan -nan -nan -nan -9999.000 -9999.000 -9999.000 -9999.000 -9999.000 -9999.000 -9999.000 -9999.000 -9999.000 -9999.000
-nan -nan -nan -nan -nan -nan -nan 103.356 154.876 129.057 120.604 115.416 108.203 107.833 107.715 107.549 118.349 136.702 160.333 24.667 21.294 -nan -nan -nan -nan -nan -nan -nan -nan -nan -nan -nan -nan -nan -nan -nan -nan -nan -nan -nan -nan -nan -nan -nan -nan -nan -nan -nan -nan -nan -nan -nan 189.210 175.529 159.259 156.640 168.499 -nan -nan -nan -nan -nan -9999.000 -9999.000 -9999.000 -9999.000 -9999.000 -9999.000 -9999.000 -9999.000 -9999.000 -9999.000
-nan -nan -nan -nan -nan -nan 167.305 155.281 137.607 125.432 116.372 108.342 108.345 107.080 110.136 112.182 115.649 118.001 122.389 125.680 142.372 152.012 173.745 174.484 27.153 -nan -nan -nan -nan -nan -nan -nan -nan -nan -nan -nan -nan -nan -nan -nan -nan -nan -nan -nan -nan -nan -nan -nan -nan -nan -nan 191.987 185.408 169.230 165.311 156.587 167.419 55.760 -nan -nan -nan -nan -9999.000 -9999.000 -9999.000 -9999.000 -9999.000 -9999.000 -9999.000 -9999.000 -9999.000 -9999.000
-nan -nan -nan -nan -nan 31.552 154.739 145.182 126.182 120.473 108.764 108.774 107.929 107.467 110.136 112.968 120.464 129.724 157.666 148.511 172.562 170.281 163.532 169.191 -nan -nan -nan -nan -nan -nan -nan -nan -nan -nan -nan -nan -nan -nan -nan -nan -nan -nan -nan -nan -nan -nan -nan -nan -nan 130.939 118.506 60.251 183.939 176.413 163.607 156.520 164.172 97.618 -nan -nan -nan -nan -9999.000 -9999.000 -9999.000 -9999.000 -9999.000 -9999.000 -9999.000 -9999.000 -9999.000 -9999.000
-nan -nan -nan -nan -nan 34.960 164.242 150.677 126.619 116.348 109.151 108.037 107.886 107.629 109.054 110.353 114.329 119.639 142.947 147.651 164.685 86.043 196.206 197.264 -nan -nan -nan -nan -nan -nan -nan -nan -nan -nan -nan -nan -nan -nan -nan -nan -nan -nan -nan -nan -nan -nan -nan -nan -nan -nan -nan -nan 188.700 174.218 162.655 158.810 157.965 164.520 16.558 -nan -nan -nan -9999.000 -9999.000 -9999.000 -9999.000 -9999.000 -9999.000 -9999.000 -9999.000 -9999.000 -9999.000
-nan -nan -nan -nan -nan -nan 163.211 145.638 120.257 115.835 109.523 108.423 109.289 111.239 114.012 112.222 113.682 116.322 126.412 142.929 155.033 191.740 192.550 182.031 -nan -nan -nan -nan -nan -nan -nan -nan -nan -nan -nan -nan -nan -nan -nan -nan -nan -nan -nan -nan -nan -nan -nan -nan -nan -nan -nan -nan 184.498 164.108 164.303 161.782 160.146 161.354 181.153 189.403 191.587 192.698 -9999.000 -9999.000 -9999.000 -9999.000 -9999.000 -9999.000 -9999.000 -9999.000 -9999.000 -9999.000
-nan -nan -nan -nan -nan -nan 173.260 146.212 126.391 120.722 109.983 108.743 113.158 114.049 115.780 117.577 117.035 114.939 118.226 126.785 149.568 166.925 170.504 163.097 196.559 -nan -nan -nan -nan -nan -nan -nan -nan -nan -nan -nan -nan -nan -nan -nan -nan -nan -nan -nan -nan -nan -nan -nan -nan -nan -nan 198.143 173.034 172.163 166.178 164.799 162.240 161.281 169.834 160.829 173.840 125.629 98.957 -9999.000 -9999.000 -9999.000 -9999.000 -9999.000 -9999.000 -9999.000 -9999.000 -9999.000
-nan -nan -nan -nan -nan -nan -nan 153.063 149.419 121.094 110.426 111.127 115.354 116.041 118.130 119.605 118.499 115.137 117.672 122.675 142.850 160.032 149.228 156.082 171.121 103.698 -nan -nan -nan 18.293 -nan -nan -nan -nan -nan -nan 74.352 191.122 189.301 195.220 191.756 193.450 -nan -nan -nan -nan -nan -nan -nan -nan -nan 8.967 180.622 121.935 131.245 180.894 167.476 164.599 160.757 165.339 194.377 -nan 24.782 -9999.000 -9999.000 -9999.000 -9999.000 -9999.000 -9999.000 -9999.000 -9999.000 -9999.000
-nan -nan -nan -nan -nan -nan 23.699 172.180 132.700 114.393 110.493 111.079 116.287 120.157 121.881 118.265 120.293 117.666 118.363 122.412 132.081 141.855 154.937 158.080 168.517 177.686 180.403 198.208 192.972 180.026 195.052 195.405 113.775 -nan -nan 190.614 197.137 181.770 170.124 167.054 186.111 180.087 182.162 190.737 195.982 3.262 -nan -nan -nan -nan -nan -nan -nan -nan -nan 108.680 165.081 161.596 194.872 72.955 182.056 126.670 -nan -9999.000 -9999.000 -9999.000 -9999.000 -9999.000 -9999.000 -9999.000 -9999.000 -9999.000
47.745 -nan 92.971 101.128 -nan -nan 107.763 151.838 123.330 111.564 110.920 112.109 122.961 122.897 122.851 116.937 121.126 118.212 118.167 123.544 123.520 126.664 131.814 146.023 153.381 158.058 173.268 197.697 191.315 172.095 174.629 176.710 -nan -nan 186.868 172.135 166.324 155.843 152.027 153.527 153.167 155.862 159.285 164.419 171.551 188.984 200.994 137.475 -nan -nan -nan -nan -nan -nan -nan 69.308 170.349 173.842 6.509 -nan 107.183 114.249 -9999.000 -9999.000 -9999.000 -9999.000 -9999.000 -9999.000 -9999.000 -9999.000 -9999.000 -9999.000
93.793 157.100 143.603 147.504 169.477 160.041 166.558 156.075 125.367 110.133 114.575 113.742 122.156 121.939 120.708 115.655 118.369 116.163 120.831 121.155 127.547 138.437 151.854 151.174 159.228 167.027 175.742 197.716 186.312 171.572 162.757 174.859 175.542 170.990 155.096 145.189 141.968 144.622 150.506 162.207 166.957 170.356 172.007 166.063 166.684 174.590 202.898 38.345 -nan -nan -nan -nan -nan -nan -nan 197.576 173.423 136.212 -nan -nan 32.205 46.121 -9999.000 -9999.000 -9999.000 -9999.000 -9999.000 -9999.000 -9999.000 -9999.000 -9999.000 -9999.000
74.028 153.482 138.585 138.300 141.292 142.944 147.970 151.254 124.093 110.593 116.584 114.495 119.783 122.214 115.454 114.099 116.932 118.976 121.684 123.607 138.944 145.811 158.911 160.403 169.570 165.670 195.249 187.739 179.355 162.975 140.887 149.721 150.067 142.986 135.053 133.734 147.592 156.622 163.958 183.425 164.244 145.006 16.411 100.699 170.127 207.179 -nan -nan -nan -nan -nan -nan -nan -nan -nan 197.586 178.796 102.951 -nan -nan -nan -nan -9999.000 -9999.000 -9999.000 -9999.000 -9999.000 -9999.000 -9999.000 -9999.000 -9999.000 -9999.000
143.992 132.908 131.666 129.444 134.266 127.070 129.918 126.005 116.365 111.112 111.216 111.739 113.623 113.265 114.398 115.982 118.986 119.751 120.633 123.463 148.625 150.694 168.044 164.518 157.986 162.076 160.965 155.891 150.790 142.109 128.221 130.960 130.562 128.811 145.550 156.278 168.829 171.843 178.480 126.635 -nan -nan -nan -nan 177.824 54.721 43.301 -nan -nan -nan -nan -nan -nan -nan 198.115 184.875 118.412 -nan -nan -nan -nan -nan -9999.000 -9999.000 -9999.000 -9999.000 -9999.000 -9999.000 -9999.000 -9999.000 -9999.000 -9999.000
143.847 146.586 132.799 124.091 121.745 120.116 123.304 116.495 114.513 111.480 109.126 109.692 110.432 110.371 110.353 114.742 117.545 117.381 120.474 121.903 138.609 142.315 144.550 140.465 142.616 147.228 144.746 139.748 131.273 126.957 126.474 126.042 127.380 133.638 155.540 162.943 200.864 -nan 181.831 -nan -nan -nan -nan 103.210 181.920 187.430 6.786 -nan -nan -nan -nan -nan -nan -nan -nan 200.222 48.593 -nan -nan -nan -nan -nan -9999.000 -9999.000 -9999.000 -9999.000 -9999.000 -9999.000 -9999.000 -9999.000 -9999.000 -9999.000
-nan 9.655 169.597 140.897 125.397 117.467 116.821 116.140 113.517 110.129 112.867 113.926 113.881 114.673 115.225 110.425 111.896 115.008 119.369 122.655 124.010 124.645 124.939 122.474 128.771 128.703 127.460 121.517 125.799 129.592 132.814 150.285 147.640 152.147 170.446 162.424 -nan -nan -nan -nan -nan -nan -nan -nan 81.040 21.206 -nan -nan -nan -nan -nan -nan -nan -nan -nan -nan -nan -nan -nan -nan -nan -nan -9999.000 -9999.000 -9999.000 -9999.000 -9999.000 -9999.000 -9999.000 -9999.000 -9999.000 -9999.000
-nan -nan 68.088 154.796 140.063 128.294 116.302 115.396 111.396 110.399 114.983 117.949 117.253 118.235 116.486 116.497 116.379 112.964 115.152 120.558 117.867 116.220 117.072 117.201 118.345 119.100 121.889 126.213 139.957 149.134 157.765 161.874 164.275 161.473 174.754 155.535 -nan -nan -nan -nan -nan -nan -nan -nan -nan 33.024 -nan -nan -nan -nan -nan -nan -nan -nan -nan -nan -nan -nan -nan -nan -nan -9999.000 -9999.000 -9999.000 -9999.000 -9999.000 -9999.000 -9999.000 -9999.000 -9999.000 -9999.000 -9999.000
-nan -nan 106.282 158.142 133.503 126.079 116.710 113.209 113.235 115.044 118.518 120.061 120.613 122.515 123.757 124.408 124.784 120.517 115.665 114.993 117.084 122.728 142.665 146.731 141.540 135.945 135.909 136.875 151.461 164.715 171.382 173.522 178.722 178.771 191.777 -nan -nan -nan -nan -nan -nan -nan -nan -nan -nan -9999.000 -9999.000 -9999.000 -9999.000 -9999.000 -9999.000 -9999.000 -nan -nan -nan -nan -nan -nan -nan -nan -9999.000 -9999.000 -9999.000 -9999.000 -9999.000 -9999.000 -9999.000 -9999.000 -9999.000 -9999.000 -9999.000 -9999.000
-nan 31.243 165.782 153.437 133.228 126.327 116.707 113.193 115.518 115.586 119.644 120.934 121.740 125.127 127.236 127.649 130.705 125.796 121.461 120.193 124.163 129.022 152.073 170.655 200.145 173.347 134.784 132.888 147.530 162.625 177.969 165.971 177.038 124.384 -nan -nan 202.009 142.682 -nan -nan -nan -9999.000 -9999.000 -9999.000 -9999.000 -9999.000 -9999.000 -9999.000 -9999.000 -9999.000 -9999.000 -9999.000 -9999.000 -9999.000 -nan -nan -nan -nan -nan -9999.000 -9999.000 -9999.000 -9999.000 -9999.000 -9999.000 -9999.000 -9999.000 -9999.000 -9999.000 -9999.000 -9999.000 -9999.000
25.645 86.435 150.467 137.999 128.286 122.058 116.928 113.929 116.193 117.331 118.788 118.995 122.627 124.763 127.495 128.926 141.904 141.873 132.662 127.455 135.028 154.129 168.358 172.021 81.587 190.829 156.428 144.557 143.577 152.094 146.483 157.393 178.363 173.895 169.726 194.018 148.622 11.485 -nan -9999.000 -9999.000 -9999.000 -9999.000 -9999.000 -9999.000 -9999.000 -9999.000 -9999.000 -9999.000 -9999.000 -9999.000 -9999.000 -9999.000 -9999.000 -9999.000 -nan -nan -nan -9999.000 -9999.000 -9999.000 -9999.000 -9999.000 -9999.000 -9999.000 -9999.000 -9999.000 -9999.000 -9999.000 -9999.000 -9999.000 -9999.000
77.867 161.117 146.492 136.927 126.078 123.393 118.046 114.849 117.113 118.138 118.650 119.327 122.272 124.708 129.955 133.951 142.260 148.292 150.281 143.235 135.944 142.938 158.511 178.008 197.769 184.389 161.122 152.779 143.829 142.800 144.214 149.373 152.662 157.080 165.968 175.240 -nan -nan -9999.000 -9999.000 -9999.000 -9999.000 -9999.000 -9999.000 -9999.000 -9999.000 -9999.000 -9999.000 -9999.000 -9999.000 -9999.000 -9999.000 -9999.000 -9999.000 -9999.000 -9999.000 -nan -9999.000 -9999.000 -9999.000 -9999.000 -9999.000 -9999.000 -9999.000 -9999.000 -9999.000 -9999.000 -9999.000 -9999.000 -9999.000 -9999.000 -9999.000
95.017 150.852 138.753 128.962 123.886 121.526 116.493 115.636 115.546 114.201 120.283 123.184 134.672 140.241 147.817 151.960 151.797 153.153 158.987 159.947 157.763 158.778 174.365 177.568 199.340 182.184 165.161 154.909 149.678 151.509 157.769 165.950 -9999.000 -9999.000 -9999.000 178.267 125.824 -9999.000 -9999.000 -9999.000 -9999.000 -9999.000 -9999.000 -9999.000 -9999.000 -9999.000 -9999.000 -9999.000 -9999.000 -9999.000 -9999.000 -9999.000 -9999.000 -9999.000 -9999.000 -9999.000 -9999.000 -9999.000 -9999.000 -9999.000 -9999.000 -9999.000 -9999.000 -9999.000 -9999.000 -9999.000 -9999.000 -9999.000 -9999.000 -9999.000 -9999.000 -9999.000
