tests/test_sample_run/example/results/output_maps/SWEDENSITYN0018.asc
ncols         174
nrows         141
xllcorner     744500.000000
yllcorner     5140950.000000
cellsize      250.000000
NODATA_value  -9999.0
[rows 62 to 92 of 141, columns 0 to 69 of 174]
-9999.000 -9999.000 -9999.000 -9999.000 -9999.000 -nan 224.248 221.383 218.248 206.920 210.323 221.476 216.029 210.841 185.097 177.095 166.285 165.433 170.350 183.084 178.246 186.234 190.016 214.233 232.169 242.089 -nan -nan 234.528 233.666 239.751 239.882 219.229 204.683 204.497 192.010 181.789 176.539 154.701 156.071 145.045 146.294 123.504 116.486 115.064 115.265 124.450 142.663 164.920 166.625 160.512 162.021 198.228 202.131 219.954 201.288 159.948 140.831 121.369 117.593 124.659 133.242 162.474 176.291 184.097 186.088 179.709 171.000 138.678 126.772
-9999.000 -9999.000 -9999.000 -9999.000 -nan -nan 227.996 215.457 205.714 205.025 186.707 187.445 206.344 222.736 204.660 182.975 163.635 157.259 159.535 164.038 173.112 179.225 182.765 199.917 218.992 223.719 224.068 224.192 218.868 220.872 216.952 213.620 196.066 169.012 182.299 176.377 161.342 148.436 133.058 134.098 135.732 123.403 116.240 117.150 115.731 116.565 127.078 140.660 162.020 169.056 186.895 192.879 193.989 178.457 192.944 166.691 142.323 128.818 119.709 123.154 128.867 132.940 140.129 150.092 189.387 202.456 186.147 155.756 130.630 124.259
-9999.000 -9999.000 -9999.000 -9999.000 -9999.000 -nan -nan 212.056 214.556 200.999 187.145 179.406 173.366 172.348 197.601 172.203 165.493 155.924 155.023 157.781 165.872 173.918 174.154 188.888 199.596 206.096 211.315 211.185 202.641 203.176 194.653 188.424 176.475 160.128 163.318 158.054 145.271 134.959 129.096 127.131 120.975 117.588 117.285 116.021 118.012 118.487 122.724 131.409 155.471 173.306 197.234 207.426 183.175 155.086 168.077 154.672 133.734 125.383 119.939 123.223 132.374 144.010 157.360 161.005 175.029 189.090 163.911 145.907 133.221 123.387
-9999.000 -9999.000 -9999.000 -9999.000 -9999.000 -9999.000 -nan 215.901 -nan -nan -nan -nan 212.674 199.010 162.300 158.026 154.342 152.395 149.450 149.782 157.065 164.974 163.834 170.689 173.067 183.897 184.121 191.671 177.852 177.346 165.115 167.285 165.199 152.495 138.747 134.308 126.164 124.279 122.459 120.854 120.629 115.595 118.620 120.015 135.105 130.579 138.706 128.171 136.213 149.199 167.213 176.805 165.556 154.156 138.098 132.600 125.320 125.999 126.761 138.398 153.760 168.586 198.062 208.152 221.232 189.158 156.115 145.778 132.127 130.010
-9999.000 -9999.000 -9999.000 -9999.000 -9999.000 -nan -nan -nan -nan -nan 225.864 228.435 -nan 223.486 172.604 160.175 152.918 152.430 149.544 147.237 154.269 157.081 158.140 159.549 167.684 181.079 173.847 170.633 164.785 167.578 158.248 157.961 152.665 149.461 132.217 130.505 125.523 123.478 120.875 119.425 116.384 120.143 123.881 132.349 156.884 140.705 154.598 140.881 139.017 143.438 151.083 153.818 153.614 149.147 135.270 130.727 128.173 126.687 127.439 132.273 148.507 162.536 208.714 221.445 239.350 228.706 171.466 150.197 145.464 129.517
-9999.000 -9999.000 -9999.000 -9999.000 -9999.000 -nan -nan -nan -nan -nan -nan 221.732 203.509 199.770 165.004 153.118 150.066 149.480 147.208 141.184 145.646 147.479 148.332 150.446 157.196 164.706 151.527 151.146 154.304 149.654 141.912 137.489 134.132 128.944 124.632 125.367 123.203 122.314 121.808 119.346 122.614 132.866 142.179 169.647 191.860 165.436 193.066 169.140 154.034 151.166 155.690 151.692 148.483 142.719 133.662 131.948 131.830 134.151 137.174 135.300 135.857 147.749 175.207 170.420 200.870 213.015 202.059 185.577 163.043 145.302
-9999.000 -9999.000 -9999.000 -9999.000 -9999.000 -9999.000 -nan -nan -nan -nan -nan 218.354 200.909 181.303 155.657 150.238 146.540 145.224 142.948 141.422 141.134 143.192 142.871 143.278 140.795 143.062 138.798 140.810 144.516 142.481 138.595 134.079 126.310 124.640 124.242 124.223 123.356 122.789 120.585 120.166 134.484 160.752 157.578 197.331 204.200 218.712 216.458 192.959 170.973 167.731 179.101 175.394 160.673 148.505 136.187 133.904 135.870 139.718 148.294 144.305 142.364 141.646 153.325 164.682 174.290 198.569 -nan 234.342 178.017 163.820
-9999.000 -9999.000 -9999.000 -9999.000 -9999.000 -9999.000 -nan -nan -nan -nan -nan -nan 208.090 180.901 150.704 149.121 146.382 151.928 151.974 147.499 139.068 137.790 137.277 136.047 133.670 131.517 129.965 129.940 128.169 129.671 125.384 125.367 125.314 125.123 122.747 122.891 122.658 122.469 125.374 128.159 175.080 216.737 200.497 -nan -nan -nan -nan -nan 209.592 -nan -nan 221.075 183.966 166.693 139.514 136.726 151.752 155.776 167.612 155.005 150.836 149.805 153.633 157.029 168.029 183.202 217.986 237.551 196.488 179.676
-9999.000 -9999.000 -9999.000 -9999.000 -9999.000 -9999.000 -9999.000 -nan -nan -nan -nan -nan 216.034 178.116 151.279 148.574 156.117 166.506 163.623 155.230 145.288 137.209 135.686 134.816 132.532 130.563 130.186 129.285 127.927 127.779 126.581 124.423 123.517 123.391 123.599 127.045 128.662 129.160 131.531 137.612 185.168 215.258 -nan -nan -nan -nan -nan -nan -nan -nan -nan -nan 219.017 179.926 143.026 141.806 176.102 184.309 193.110 167.583 160.464 160.046 166.865 169.548 166.168 177.941 204.884 230.163 193.422 174.552
-9999.000 -9999.000 -9999.000 -9999.000 -9999.000 -9999.000 -9999.000 -nan -nan -nan -nan -nan -nan 176.011 155.422 151.409 203.904 222.521 205.433 178.545 154.697 148.004 134.996 134.310 131.719 131.342 130.093 129.432 128.366 127.622 125.887 124.792 126.351 128.056 141.476 151.850 152.720 138.261 136.694 145.225 186.842 211.646 -nan -nan -nan -nan -nan -nan -nan -nan -nan -nan 221.851 199.153 148.342 150.096 196.455 294.176 -nan 203.614 203.237 207.510 226.802 218.742 193.974 179.071 217.859 225.914 198.204 188.800
-9999.000 -9999.000 -9999.000 -9999.000 -9999.000 -9999.000 -9999.000 -9999.000 -nan -nan -nan -nan 209.474 175.410 160.980 171.016 -nan -nan -nan 219.944 168.992 155.001 138.148 135.804 132.890 132.247 131.197 129.541 127.026 126.127 126.630 127.180 142.555 136.151 160.564 184.720 172.729 148.259 143.885 173.375 198.318 -nan -nan -nan -nan -nan -nan -nan -nan -nan -nan -nan -nan 188.823 156.004 157.741 213.832 -nan -nan 222.637 243.514 220.492 -nan -nan 212.510 203.826 215.379 228.907 221.597 202.979
-9999.000 -9999.000 -9999.000 -9999.000 -9999.000 -9999.000 -9999.000 -9999.000 -nan -nan -nan -nan -nan 202.898 193.523 -nan -nan -nan -nan -nan 187.349 152.537 135.459 132.294 132.022 131.624 128.510 128.097 128.163 130.803 147.301 161.030 188.650 177.007 165.702 191.198 219.994 188.246 207.491 217.178 -nan -nan -nan -nan -nan -nan -nan -nan -nan -nan -nan -nan 210.832 167.772 168.719 176.693 -nan -nan -nan -nan -nan -nan -nan -nan -nan 222.314 216.909 245.694 300.286 217.077
-9999.000 -9999.000 -9999.000 -9999.000 -9999.000 -9999.000 -9999.000 -nan -nan -nan -nan -nan -nan 195.053 204.839 -nan -nan -nan -nan 215.481 176.097 144.799 133.054 131.266 129.685 129.749 130.735 133.386 137.164 152.070 169.835 181.171 217.634 217.108 216.048 211.830 -nan 212.198 234.680 -nan -nan -nan -nan -nan -nan -nan -nan -nan -nan -nan -nan -nan 186.554 177.010 180.905 188.944 -nan -nan -nan -nan -nan -nan -nan -nan -nan -nan 219.173 -nan -nan 223.166
-9999.000 -9999.000 -9999.000 -9999.000 -9999.000 -9999.000 -nan -nan -nan -nan -nan -nan -nan -nan -nan -nan -nan -nan -nan -nan -nan 156.926 133.550 131.665 137.826 145.280 167.394 152.843 165.874 178.991 203.936 -nan -nan -nan -nan -nan -nan -nan -nan -nan -nan -nan -nan -nan -nan -nan -nan -nan -nan -nan -nan -nan 204.965 204.964 205.054 217.130 -nan -nan -nan -nan -nan -nan -nan -nan -nan -nan 322.422 -nan -nan -nan
-9999.000 -9999.000 -9999.000 -9999.000 -9999.000 -nan -nan -nan -nan -nan -nan -nan -nan -nan -nan -nan -nan -nan -nan -nan 200.117 145.238 133.867 135.227 150.455 173.814 196.453 193.490 194.559 203.626 219.273 -nan -nan -nan -nan -nan -nan -nan -nan -nan -nan -nan -nan -nan -nan -nan -nan -nan -nan -nan -nan -nan 215.074 215.597 215.287 -nan -nan -nan -nan -nan -nan -nan -nan -nan -nan -nan -nan -nan -nan -nan
-9999.000 -9999.000 -9999.000 -nan -nan -nan -nan -nan -nan -nan -nan -nan -nan -nan -nan -nan -nan -nan -nan -nan 157.447 135.333 136.283 146.163 201.422 176.618 -nan -nan 223.053 -nan -nan -nan -nan -nan -nan -nan -nan -nan -nan -nan -nan -nan -nan -nan -nan -nan -nan -nan -nan -nan -nan -nan -nan -nan -nan -nan -nan -nan -nan -nan -nan -nan -nan -nan -nan -nan -nan -nan -nan -nan
-9999.000 -9999.000 -nan -nan -nan -nan -nan -nan -nan -nan -nan -nan -nan -nan -nan -nan -nan -nan -nan -nan 150.439 137.182 144.391 154.683 -nan -nan -nan -nan -nan -nan -nan -nan -nan -nan -nan -nan -nan -nan -nan -nan -nan -nan -nan -nan -nan -nan -nan -nan -nan -nan -nan -nan -nan -nan -nan -nan -nan -nan -nan -nan -nan -nan -nan -nan -nan -nan -nan -nan -nan -nan
-9999.000 -9999.000 -nan -nan -nan -nan -nan -nan -nan -nan -nan -nan -nan -nan -nan -nan -nan -nan -nan -nan 167.109 154.933 166.882 178.199 -nan -nan -nan -nan -nan -nan -nan -nan -nan -nan -nan -nan -nan -nan -nan -nan -nan -nan -nan -nan -nan -nan -nan -nan -nan -nan -nan -nan -nan -nan -nan -nan -nan -nan -nan -nan -nan -nan -nan -nan -nan -nan -nan -nan -nan -nan
-9999.000 -9999.000 -9999.000 -nan -nan -nan -nan -nan -nan -nan -nan -nan -nan -nan -nan -nan -nan -nan -nan -nan 181.995 178.530 211.371 211.411 -nan -nan -nan -nan -nan -nan -nan -nan -nan -nan -nan -nan -nan -nan -nan -nan -nan -nan -nan -nan -nan -nan -nan -nan -nan -nan -nan -nan -nan -nan -nan -nan -nan -nan -nan -nan -nan -nan -nan -nan -nan -nan -nan -nan -nan -nan
-9999.000 -9999.000 -9999.000 -9999.000 -9999.000 -9999.000 -nan -nan -nan -nan -nan -nan -nan -nan -nan -nan -nan -nan -nan 200.303 196.787 177.792 -nan -nan -nan -nan -nan -nan -nan -nan -nan -nan -nan -nan -nan -nan -nan -nan -nan -nan -nan -nan -nan -nan -nan -nan -nan -nan -nan -nan -nan -nan -nan -nan -nan -nan -nan -nan -nan -nan -nan -nan -nan -nan -nan -nan -nan -nan -nan -nan
-9999.000 -9999.000 -9999.000 -9999.000 -9999.000 -9999.000 -9999.000 -nan -nan -nan -nan -nan -nan -nan -nan -nan -nan -nan -nan 209.939 195.846 189.126 -nan -nan -nan -nan -nan -nan -nan -nan -nan -nan -nan -nan -nan -nan -nan -nan -nan -nan -nan -nan -nan -nan -nan -nan -nan -nan -nan -nan -nan -nan -nan -nan -nan -nan -nan -nan -nan -nan -nan -nan -nan -nan -nan -nan -nan -nan -nan -nan
-9999.000 -9999.000 -9999.000 -9999.000 -9999.000 -9999.000 -9999.000 -nan -nan -nan -nan -nan -nan -nan -nan -nan -nan -nan -nan -nan -nan -nan -nan -nan -nan -nan -nan -nan -nan -nan -nan -nan -nan -nan -nan -nan -nan -nan -nan -nan -nan -nan -nan -nan -nan -nan -nan -nan -nan -nan -nan -nan -nan -nan -nan -nan -nan -nan -nan -nan -nan -nan -nan -nan 267.551 -nan -nan 217.172 246.238 -nan
-9999.000 -9999.000 -9999.000 -9999.000 -9999.000 -9999.000 -9999.000 -9999.000 -nan -nan -nan -nan -nan -nan -nan -nan -nan -nan -nan -nan -nan -nan -nan -nan -nan -nan -nan -nan -nan -nan -nan -nan -nan -nan -nan -nan -nan -nan -nan -nan -nan -nan -nan -nan -nan -nan -nan -nan -nan -nan -nan -nan -nan -nan -nan -nan -nan -nan -nan -nan -nan -nan -nan 264.823 217.801 -nan -nan 220.409 216.969 -nan
-9999.000 -9999.000 -9999.000 -9999.000 -9999.000 -9999.000 -9999.000 -9999.000 -9999.000 -nan -nan -nan -nan -nan -nan -nan -nan -nan -nan -nan -nan -nan -nan -nan -nan -nan -nan -nan -nan -nan -nan -nan -nan -nan -nan -nan -nan -nan -nan -nan -nan -nan -nan -nan -nan -nan -nan -nan -nan -nan -nan -nan -nan -nan -nan -nan -nan -nan -nan -nan -nan -nan -nan 255.629 194.582 209.068 -nan 216.467 194.677 199.052
-9999.000 -9999.000 -9999.000 -9999.000 -9999.000 -9999.000 -9999.000 -9999.000 -9999.000 -9999.000 -nan -nan -nan -nan -nan -nan -nan -nan -nan -nan -nan -nan -nan -nan -nan -nan -nan -nan -nan -nan -nan -nan -nan -nan -nan -nan -nan -nan -nan -nan -nan -nan -nan -nan -nan -nan -nan -nan -nan -nan -nan -nan -nan -nan -nan -nan -nan -nan -nan -nan -nan -nan -nan 226.921 183.746 194.444 226.221 215.940 171.772 170.837
-9999.000 -9999.000 -9999.000 -9999.000 -9999.000 -9999.000 -9999.000 -9999.000 -9999.000 -9999.000 -9999.000 -nan -nan -nan -nan -nan -nan -nan -nan -nan -nan -nan -nan -nan -nan -nan -nan -nan -nan -nan -nan -nan -nan -nan -nan -nan -nan -nan -nan -nan -nan -nan -nan -nan -nan -nan -nan -nan -nan -nan -nan -nan -nan -nan -nan 249.991 221.153 236.072 -nan -nan -nan -nan -nan 236.882 192.728 174.172 190.880 176.062 151.246 143.173
-9999.000 -9999.000 -9999.000 -9999.000 -9999.000 -9999.000 -9999.000 -9999.000 -9999.000 -9999.000 -9999.000 -9999.000 -nan -nan -nan -nan -nan -nan -nan -nan -nan -nan -nan -nan -nan -nan -nan -nan -nan -nan -nan -nan -nan -nan -nan -nan -nan -nan -nan -nan -nan -nan -nan -nan -nan -nan -nan -nan -nan -nan -nan -nan -nan -nan -nan 290.308 220.549 214.793 -nan -nan -nan 236.453 232.592 219.698 184.804 167.523 160.624 154.575 146.311 142.364
-9999.000 -9999.000 -9999.000 -9999.000 -9999.000 -9999.000 -9999.000 -9999.000 -9999.000 -9999.000 -9999.000 -9999.000 -nan -nan -nan -nan -nan -nan -nan -nan -nan -nan -nan -nan -nan -nan -nan -nan -nan -nan 211.700 212.266 -nan -nan -nan -nan -nan -nan 214.892 211.420 -nan -nan -nan -nan 220.051 214.446 -nan -nan -nan -nan -nan -nan -nan -nan -nan -nan 195.608 211.579 -nan -nan -nan -nan -nan 220.196 217.661 221.292 191.622 204.529 187.996 170.693
-9999.000 -9999.000 -9999.000 -9999.000 -9999.000 -9999.000 -9999.000 -9999.000 -9999.000 -9999.000 -9999.000 -9999.000 -nan -nan -nan -nan -nan -nan -nan -nan -nan -nan -nan -nan -nan -nan -nan -nan -nan -nan 215.901 211.239 200.736 210.690 -nan -nan -nan -nan 219.309 195.239 -nan 216.815 221.321 -nan 222.291 198.401 214.453 -nan -nan -nan -nan -nan -nan -nan 243.533 219.591 197.775 211.219 -nan 304.990 253.102 -nan -nan -nan -nan -nan 295.749 -nan -nan 202.187
-9999.000 -9999.000 -9999.000 -9999.000 -9999.000 -9999.000 -9999.000 -9999.000 -9999.000 -9999.000 -9999.000 -9999.000 -9999.000 -9999.000 -9999.000 -9999.000 -9999.000 -nan -nan -nan -nan -nan -nan -nan -nan -nan -nan -nan -nan -nan -nan 215.620 182.079 190.135 213.734 215.944 201.056 190.972 191.611 173.863 185.325 173.392 177.534 205.811 220.894 177.710 217.449 -nan -nan -nan -nan -nan -nan -nan 301.355 224.818 185.845 188.111 217.197 221.095 202.217 218.586 -nan -nan -nan -nan -nan -nan -nan -nan
-9999.000 -9999.000 -9999.000 -9999.000 -9999.000 -9999.000 -9999.000 -9999.000 -9999.000 -9999.000 -9999.000 -9999.000 -9999.000 -9999.000 -9999.000 -9999.000 -9999.000 -9999.000 -nan -nan -nan -nan -nan -nan -nan -nan -nan -nan -nan -nan -nan 217.091 176.854 172.449 172.047 169.380 161.665 160.354 163.305 166.669 162.448 152.470 148.437 160.942 196.586 178.649 188.171 217.777 -nan -nan -nan -nan -nan -nan 324.757 228.097 191.184 172.370 193.997 191.119 220.561 -nan -nan -nan -nan -nan -nan -nan -nan -nan
