tests/test_sample_run/example/results/output_maps/SWEDENSITYN0016.asc
ncols         174
nrows         141
xllcorner     744500.000000
yllcorner     5140950.000000
cellsize      250.000000
NODATA_value  -9999.0
[rows 31 to 61 of 141, columns 0 to 69 of 174]
-9999.000 -9999.000 -9999.000 -9999.000 -9999.000 -9999.000 -9999.000 -9999.000 -9999.000 -9999.000 -9999.000 -9999.000 -9999.000 -9999.000 -9999.000 -9999.000 -9999.000 -9999.000 -9999.000 -9999.000 -9999.000 -9999.000 -9999.000 -9999.000 -9999.000 -9999.000 -9999.000 -9999.000 -9999.000 -9999.000 -9999.000 -9999.000 -9999.000 -9999.000 -9999.000 -9999.000 -9999.000 -nan -nan -nan -nan -nan -nan -nan -nan -nan -nan -nan -9999.000 -9999.000 -9999.000 -9999.000 -9999.000 -9999.000 -9999.000 -9999.000 -9999.000 -9999.000 -9999.000 -nan -nan -nan -nan -nan -nan -nan -nan -nan -nan -nan
-9999.000 -9999.000 -9999.000 -9999.000 -9999.000 -9999.000 -9999.000 -9999.000 -9999.000 -9999.000 -9999.000 -9999.000 -9999.000 -9999.000 -9999.000 -9999.000 -9999.000 -9999.000 -9999.000 -9999.000 -9999.000 -9999.000 -9999.000 -9999.000 -9999.000 -9999.000 -9999.000 -9999.000 -9999.000 -9999.000 -9999.000 -9999.000 -9999.000 -9999.000 -9999.000 -9999.000 -nan -nan -nan -nan -nan -nan -nan -nan -nan -nan -nan -nan -nan -9999.000 -9999.000 -9999.000 -9999.000 -9999.000 -9999.000 -9999.000 -nan -nan -nan -nan -nan -nan -nan -nan -nan -nan -nan -nan -nan -nan
-9999.000 -9999.000 -9999.000 -9999.000 -9999.000 -9999.000 -9999.000 -9999.000 -9999.000 -9999.000 -9999.000 -9999.000 -9999.000 -9999.000 -9999.000 -9999.000 -9999.000 -9999.000 -9999.000 -9999.000 -9999.000 -9999.000 -9999.000 -9999.000 -9999.000 -9999.000 -9999.000 -9999.000 -9999.000 -9999.000 -9999.000 -9999.000 -9999.000 -9999.000 -9999.000 -nan -nan -nan -nan -nan -nan -nan -nan -nan -nan -nan -nan -nan -nan -nan -nan -nan -nan -nan -nan -nan -nan -nan -nan -nan -nan -nan -nan -nan -nan -nan -nan -nan -nan -nan
-9999.000 -9999.000 -9999.000 -9999.000 -9999.000 -9999.000 -9999.000 -9999.000 -9999.000 -9999.000 -9999.000 -9999.000 -9999.000 -9999.000 -9999.000 -9999.000 -9999.000 -9999.000 -9999.000 -9999.000 -9999.000 -9999.000 -9999.000 -9999.000 -9999.000 -9999.000 -9999.000 -9999.000 -9999.000 -9999.000 -9999.000 -9999.000 -9999.000 -nan -nan -nan -nan -nan -nan -nan -nan -nan 143.058 193.502 192.406 189.365 -nan -nan -nan -nan -nan -nan -nan -nan -nan -nan -nan -nan -nan -nan -nan -nan 162.311 -nan -nan -nan -nan -nan -nan -nan
-9999.000 -9999.000 -9999.000 -9999.000 -9999.000 -9999.000 -9999.000 -9999.000 -9999.000 -9999.000 -9999.000 -9999.000 -9999.000 -9999.000 -9999.000 -9999.000 -9999.000 -9999.000 -9999.000 -9999.000 -9999.000 -9999.000 -9999.000 -9999.000 -9999.000 -9999.000 -9999.000 -9999.000 -9999.000 -9999.000 -9999.000 -9999.000 -nan -nan -nan -nan -nan -nan -nan -nan -nan -nan 199.382 187.381 188.911 192.633 -nan -nan -nan -nan -nan -nan -nan -nan -nan -nan -nan -nan -nan -nan -nan -nan 187.449 -nan -nan -nan -nan -nan -nan -nan
-9999.000 -9999.000 -9999.000 -9999.000 -9999.000 -9999.000 -9999.000 -9999.000 -9999.000 -9999.000 -9999.000 -9999.000 -9999.000 -9999.000 -9999.000 -9999.000 -9999.000 -9999.000 -9999.000 -9999.000 -9999.000 -9999.000 -9999.000 -9999.000 -9999.000 -9999.000 -9999.000 -9999.000 -9999.000 -9999.000 -9999.000 -9999.000 -9999.000 -nan -nan -nan -nan -nan -nan -nan -nan -nan 185.769 175.603 189.933 -nan -nan -nan -nan -nan -nan -nan -nan -nan -nan -nan -nan -nan 176.450 -nan -nan -nan 181.874 -nan -nan -nan -nan -nan -nan -nan
-9999.000 -9999.000 -9999.000 -9999.000 -9999.000 -9999.000 -9999.000 -9999.000 -9999.000 -9999.000 -9999.000 -9999.000 -9999.000 -9999.000 -9999.000 -9999.000 -9999.000 -9999.000 -9999.000 -9999.000 -9999.000 -9999.000 -9999.000 -9999.000 -9999.000 -9999.000 -9999.000 -9999.000 -9999.000 -9999.000 -9999.000 -9999.000 -9999.000 -nan -nan -nan -nan -nan -nan -nan -nan -nan 183.694 167.924 183.569 126.055 -nan -nan -nan -nan -nan -nan -nan -nan -nan -nan -nan -nan 157.368 203.193 194.019 187.322 172.289 187.497 -nan -nan -nan -nan -nan -nan
-9999.000 -9999.000 -9999.000 -9999.000 -9999.000 -9999.000 -9999.000 -9999.000 -9999.000 -9999.000 -9999.000 -9999.000 -9999.000 -9999.000 -9999.000 -9999.000 -9999.000 -9999.000 -9999.000 -9999.000 -9999.000 -9999.000 -9999.000 -9999.000 -9999.000 -9999.000 -9999.000 -9999.000 -9999.000 -9999.000 -9999.000 -9999.000 -9999.000 -nan -nan -nan 211.088 203.606 192.062 -nan 163.763 -nan 178.909 159.705 176.460 170.763 -nan -nan -nan -nan -nan -nan -nan -nan -nan -nan -nan -nan -nan 189.916 175.079 170.467 163.788 180.155 -nan -nan -nan -nan -nan -nan
-9999.000 -9999.000 -9999.000 -9999.000 -9999.000 -9999.000 -9999.000 -9999.000 -9999.000 -9999.000 -9999.000 -9999.000 -9999.000 -9999.000 -9999.000 -9999.000 -9999.000 -9999.000 -9999.000 -9999.000 -9999.000 -9999.000 -9999.000 -9999.000 -9999.000 -9999.000 -9999.000 -9999.000 -9999.000 -9999.000 -9999.000 -9999.000 -9999.000 -nan -nan -nan -nan 181.649 161.889 166.772 165.527 195.346 166.036 150.530 188.836 -nan -nan -nan -nan -nan -nan -nan -nan -nan -nan -nan -nan -nan -nan 196.786 154.388 144.853 153.184 164.329 -nan -nan -nan -nan -nan -nan
-9999.000 -9999.000 -9999.000 -9999.000 -9999.000 -9999.000 -9999.000 -9999.000 -9999.000 -9999.000 -9999.000 -9999.000 -9999.000 -9999.000 -9999.000 -9999.000 -9999.000 -9999.000 -9999.000 -9999.000 -9999.000 -9999.000 -9999.000 -9999.000 -9999.000 -9999.000 -9999.000 -9999.000 -9999.000 -9999.000 -9999.000 -9999.000 -nan -nan -nan -nan 203.387 169.149 157.366 150.345 149.439 147.843 148.678 145.758 194.442 -nan 208.247 -nan -nan -nan -nan -nan -nan -nan -nan -nan -nan -nan -nan -nan 155.649 143.633 145.711 152.299 -nan -nan -nan -nan -nan -nan
-9999.000 -9999.000 -9999.000 -9999.000 -9999.000 -9999.000 -9999.000 -9999.000 -9999.000 -9999.000 -9999.000 -9999.000 -9999.000 -9999.000 -9999.000 -9999.000 -9999.000 -9999.000 -9999.000 -9999.000 -9999.000 -9999.000 -9999.000 -9999.000 -9999.000 -9999.000 -9999.000 -9999.000 -9999.000 -9999.000 -9999.000 -nan -nan -nan 203.727 204.054 182.119 176.101 173.992 160.180 147.814 137.756 131.826 140.706 181.979 189.904 186.332 201.125 -nan -nan -nan -nan -nan -nan -nan 178.966 -nan -nan 156.050 196.402 161.332 145.349 136.283 156.251 -nan -nan -nan -nan -nan -nan
-9999.000 -9999.000 -9999.000 -9999.000 -9999.000 -9999.000 -9999.000 -9999.000 -9999.000 -9999.000 -9999.000 -9999.000 -9999.000 -9999.000 -9999.000 -9999.000 -9999.000 -9999.000 -9999.000 -9999.000 -9999.000 -9999.000 -9999.000 -9999.000 -9999.000 -9999.000 -9999.000 -9999.000 -9999.000 -9999.000 -nan -nan -nan 171.110 203.435 203.576 194.274 206.244 211.783 196.847 160.591 140.730 130.310 133.626 170.658 192.825 158.215 201.783 193.295 198.231 -nan -nan -nan -nan -nan 170.980 198.039 -nan -nan 186.607 160.042 138.321 136.307 154.735 125.259 -nan -nan -nan -nan -nan
-9999.000 -9999.000 -9999.000 -9999.000 -9999.000 -9999.000 -9999.000 -9999.000 -9999.000 -9999.000 -9999.000 -9999.000 -9999.000 -9999.000 -9999.000 -9999.000 -9999.000 -9999.000 -9999.000 -9999.000 -9999.000 -9999.000 -9999.000 -9999.000 -9999.000 -9999.000 -9999.000 -9999.000 -9999.000 -9999.000 -nan -nan -nan -nan -nan -nan -nan -nan -nan -nan 183.210 146.961 127.795 124.076 129.451 133.374 137.416 156.267 170.193 159.825 174.982 162.476 151.482 -nan 176.039 185.291 163.507 193.793 -nan 192.617 174.561 136.141 134.326 171.933 -nan -nan -nan -nan -nan 197.826
-9999.000 -9999.000 -9999.000 -9999.000 -9999.000 -9999.000 -9999.000 -9999.000 -9999.000 -9999.000 -9999.000 -9999.000 -9999.000 -9999.000 -9999.000 -9999.000 -9999.000 -9999.000 -9999.000 -9999.000 -9999.000 -9999.000 -9999.000 -9999.000 -9999.000 -9999.000 -9999.000 -9999.000 -9999.000 -9999.000 -nan -nan -nan -nan -nan -nan -nan -nan -nan -nan 170.910 143.536 127.632 126.730 124.221 124.664 127.063 127.304 135.908 140.823 150.269 181.251 196.675 201.862 197.128 167.061 149.795 196.807 203.102 199.756 166.599 137.045 137.221 158.240 166.432 -nan -nan -nan 191.744 185.008
-9999.000 -9999.000 -9999.000 -9999.000 -9999.000 -9999.000 -9999.000 -9999.000 -9999.000 -9999.000 -9999.000 -9999.000 -9999.000 -9999.000 -9999.000 -9999.000 -9999.000 -9999.000 -9999.000 -9999.000 -9999.000 -9999.000 -nan -nan -nan -nan -nan -9999.000 -9999.000 -9999.000 -nan -nan -nan -nan -nan -nan -nan -nan -nan 201.924 146.827 136.568 145.994 159.439 137.192 129.421 122.129 117.902 118.125 120.086 125.989 140.663 157.380 156.832 181.322 140.626 145.614 168.176 168.210 192.391 151.889 122.249 133.979 169.200 -nan -nan 209.478 189.364 170.262 169.740
-9999.000 -9999.000 -9999.000 -9999.000 -9999.000 -9999.000 -9999.000 -9999.000 -9999.000 -9999.000 -9999.000 -9999.000 -9999.000 -9999.000 -9999.000 -9999.000 -9999.000 -9999.000 -9999.000 -9999.000 -9999.000 -nan -nan -nan -nan -nan -nan -nan -9999.000 -nan -nan -nan -nan -nan -nan -nan -nan -nan 189.429 178.419 142.916 139.541 166.089 191.024 156.688 150.624 139.961 126.507 115.368 118.068 119.921 131.267 132.969 139.665 141.949 138.047 136.463 140.070 139.861 144.877 128.635 114.170 138.973 194.510 -nan -nan 214.268 185.903 160.822 174.673
-9999.000 -9999.000 -9999.000 -9999.000 -9999.000 -9999.000 -9999.000 -9999.000 -9999.000 -9999.000 -9999.000 -9999.000 -9999.000 -9999.000 -9999.000 -9999.000 -9999.000 -9999.000 -9999.000 10.439 131.804 -nan -nan -nan -nan -nan -nan -nan -nan -nan -nan -nan -nan -nan -nan -nan -nan -nan 194.847 156.668 149.311 180.557 207.174 213.778 195.042 206.184 159.613 154.156 128.700 114.613 113.558 118.239 119.667 119.400 116.345 116.153 115.149 113.330 115.518 116.691 110.569 115.653 144.048 198.064 198.201 193.499 190.332 163.660 152.213 171.981
-9999.000 -9999.000 -9999.000 -9999.000 -9999.000 -9999.000 -9999.000 -9999.000 -9999.000 -9999.000 -9999.000 -9999.000 -9999.000 -9999.000 -9999.000 -9999.000 -nan -nan -nan 141.283 216.926 -nan -nan -nan -nan -nan -nan -nan -nan -nan -nan -nan -nan -nan -nan -nan -nan 213.574 171.692 154.265 181.058 209.656 -nan -nan -nan -nan 193.909 193.086 146.838 123.083 113.483 111.474 113.025 112.428 112.229 113.626 113.543 112.157 109.761 109.697 109.561 118.289 143.686 155.259 176.577 212.796 176.325 143.681 150.606 174.584
-9999.000 -9999.000 -9999.000 -9999.000 -9999.000 -9999.000 -9999.000 -9999.000 -9999.000 -9999.000 -9999.000 -9999.000 -9999.000 -9999.000 -9999.000 -9999.000 -nan -nan 223.983 199.865 -nan -nan -nan -nan -nan -nan -nan -nan -nan -nan -nan -nan -nan -nan -nan 155.392 200.571 185.769 175.324 198.263 210.028 -nan -nan -nan -nan -nan 187.660 158.658 137.351 128.853 114.084 110.774 110.050 109.791 110.003 110.209 110.273 109.799 108.469 108.152 108.470 109.188 117.461 124.644 147.180 162.773 143.248 138.104 156.455 173.624
-9999.000 -9999.000 -9999.000 -9999.000 -9999.000 -9999.000 -9999.000 -9999.000 -9999.000 -9999.000 -9999.000 -9999.000 -9999.000 -9999.000 -9999.000 -nan -nan -nan 226.981 214.542 -nan -nan -nan -nan -nan -nan -nan -nan -nan -nan -nan -nan -nan -nan -nan 215.966 194.358 185.472 206.858 -nan 209.341 -nan -nan -nan -nan 208.085 190.646 151.949 133.191 124.364 110.999 110.769 108.757 108.938 108.702 109.007 108.947 109.115 109.420 108.320 108.551 108.278 111.514 115.333 125.935 140.124 129.143 137.673 148.995 160.722
-9999.000 -9999.000 -9999.000 -9999.000 -9999.000 -9999.000 -9999.000 -9999.000 -9999.000 -9999.000 -9999.000 -9999.000 -9999.000 -9999.000 -nan -nan -nan 238.477 227.839 261.390 -nan -nan -nan -nan -nan -nan -nan -nan -nan -nan -nan -nan -nan -nan 209.546 206.283 -nan -nan -nan -nan -nan -nan -nan -nan 206.413 193.978 159.177 141.788 123.668 117.390 111.006 109.865 113.557 118.737 125.839 130.977 130.377 132.431 132.131 122.526 110.841 109.452 108.234 109.519 114.142 118.804 119.055 127.731 137.933 146.059
-9999.000 -9999.000 -9999.000 -9999.000 -9999.000 -9999.000 -9999.000 -9999.000 -9999.000 -9999.000 -9999.000 -9999.000 -9999.000 -nan -nan -nan -nan 231.160 218.853 -nan -nan -nan -nan -nan -nan -nan -nan -nan -nan -nan -nan -nan -nan -nan 197.137 -nan -nan -nan -nan -nan -nan -nan -nan 215.755 180.671 168.107 143.884 131.862 117.005 112.253 111.449 117.770 127.038 132.687 137.770 148.364 150.159 152.294 144.679 128.880 115.352 110.136 108.532 108.286 109.987 112.113 116.642 124.076 128.627 135.533
-9999.000 -9999.000 -9999.000 -9999.000 -9999.000 -9999.000 -9999.000 -9999.000 -9999.000 -9999.000 -9999.000 -9999.000 -nan -nan -nan -nan 228.556 225.430 217.859 -nan -nan -nan -nan -nan -nan -nan -nan -nan -nan -nan -nan -nan -nan -nan -nan -nan -nan -nan -nan -nan -nan -nan 210.914 197.158 177.876 157.170 132.057 124.830 115.982 111.484 115.577 125.877 147.628 154.061 170.168 178.937 195.112 187.210 161.600 145.926 127.460 118.728 109.992 109.596 109.235 109.681 111.038 112.181 116.555 121.811
-9999.000 -9999.000 -9999.000 -9999.000 -nan -9999.000 -9999.000 -9999.000 -9999.000 -9999.000 -9999.000 -nan -nan -nan -nan 260.407 223.564 218.866 220.487 -nan -nan -nan -nan -nan -nan -nan -nan -nan -nan -nan -nan -nan -nan -nan -nan -nan -nan -nan -nan -nan -nan 213.829 190.503 183.961 170.541 152.892 133.413 121.813 115.895 111.579 125.884 134.086 160.725 175.742 196.563 215.543 227.303 223.653 164.491 161.260 134.607 123.120 113.559 109.338 108.465 109.161 111.107 110.691 111.663 115.290
-9999.000 -9999.000 -9999.000 -9999.000 -nan -nan -nan -nan -nan -nan -nan -nan -nan -nan 242.647 225.434 221.491 218.453 225.264 -nan -nan -nan -nan -nan -nan -nan -nan -nan -nan -nan -nan -nan -nan -nan -nan -nan -nan -nan -nan 213.515 216.788 204.810 177.470 170.985 165.063 145.979 128.371 118.348 113.184 114.747 129.777 148.849 174.371 203.542 232.708 300.222 211.308 188.861 165.502 145.636 123.378 116.953 111.031 114.615 114.240 114.576 109.951 110.777 111.139 112.485
-9999.000 -9999.000 -9999.000 -9999.000 -nan -nan -nan -nan -nan -nan -nan -nan -nan -nan 230.130 222.944 216.157 212.918 220.414 -nan -nan -nan -nan -nan -nan -nan -nan -nan -nan -nan -nan -nan -nan -nan -nan -nan -nan -nan 215.338 213.196 203.292 193.915 177.695 171.492 161.368 138.806 120.860 113.741 113.589 121.486 138.994 155.076 189.092 214.245 -nan 225.859 188.876 160.749 144.750 142.341 127.898 116.731 110.911 120.496 121.375 122.470 115.740 111.853 111.817 112.830
-9999.000 -9999.000 -9999.000 -9999.000 -9999.000 -nan -nan -nan -nan -nan -nan -nan -nan 235.889 221.431 218.351 202.715 199.741 217.752 -nan -nan -nan -nan -nan -nan -nan -nan -nan -nan -nan -nan -nan -nan -nan -nan -nan -nan -nan 208.159 190.079 172.757 178.993 157.384 143.791 137.622 131.646 113.686 112.639 121.315 125.265 144.821 166.310 202.025 222.361 264.419 221.233 159.466 140.878 130.038 126.118 119.731 116.099 116.317 129.157 131.738 131.824 129.663 125.561 116.756 114.269
-9999.000 -9999.000 -9999.000 -9999.000 -9999.000 -nan -nan -nan -nan -nan -nan -nan -nan 233.242 219.487 209.857 193.512 193.817 216.934 -nan -nan -nan -nan -nan -nan -nan -nan -nan -nan -nan -nan -nan -nan -nan -nan -nan -nan -nan 217.425 193.140 168.577 155.176 146.267 135.512 126.243 122.560 113.997 114.709 121.051 126.721 138.716 154.586 203.608 241.507 -nan 217.525 175.815 156.300 137.138 126.845 118.476 115.322 121.517 128.205 141.710 141.136 138.755 130.194 121.325 121.406
-9999.000 -9999.000 -9999.000 -9999.000 -9999.000 -nan -nan 249.257 240.956 -nan -nan -nan -nan 225.979 207.648 201.900 181.023 193.201 217.262 -nan 221.955 244.498 227.069 241.526 -nan -nan -nan -nan -nan -nan -nan -nan -nan -nan -nan -nan 213.702 214.321 217.062 204.437 171.649 156.364 138.182 130.076 119.198 116.368 114.246 117.924 121.050 124.351 137.737 155.485 204.181 221.192 -nan 299.985 222.108 175.174 140.930 125.244 116.078 118.057 131.984 135.692 153.021 155.877 142.071 133.254 129.891 127.350
-9999.000 -9999.000 -9999.000 -9999.000 -9999.000 -nan -nan 232.626 220.102 223.039 -nan -nan 260.862 223.344 206.164 190.776 173.666 184.528 217.099 249.501 213.121 221.915 218.972 218.098 -nan -nan -nan -nan -nan -nan -nan -nan -nan -nan 209.568 212.853 214.208 199.441 193.205 202.968 164.461 151.267 137.784 124.708 117.981 115.816 114.866 124.446 129.450 135.387 146.095 163.488 196.486 217.179 -nan 225.767 174.504 160.692 138.515 122.212 117.526 126.173 141.613 144.904 153.015 160.901 144.745 135.899 134.164 131.459
-9999.000 -9999.000 -9999.000 -9999.000 -9999.000 -nan 227.947 224.819 214.532 217.953 218.739 220.746 219.405 210.821 192.086 182.053 166.822 171.104 185.730 201.927 190.567 199.602 200.409 217.645 -nan -nan -nan -nan -nan -nan -nan -nan 238.163 207.670 212.316 204.483 190.650 175.549 177.651 168.060 147.794 141.503 131.953 116.560 115.800 114.882 117.818 137.517 154.936 152.861 147.623 162.084 199.027 217.301 216.772 220.719 161.088 147.657 124.033 118.169 121.899 134.204 155.029 164.521 171.908 173.026 154.596 151.817 144.171 130.546
