tests/test_sample_run/example/results/output_maps/SWEN0010.asc
ncols         174
nrows         141
xllcorner     744500.000000
yllcorner     5140950.000000
cellsize      250.000000
NODATA_value  -9999.0
[rows 31 to 61 of 141, columns 0 to 70 of 174]
-9999.000 -9999.000 -9999.000 -9999.000 -9999.000 -9999.000 -9999.000 -9999.000 -9999.000 -9999.000 -9999.000 -9999.000 -9999.000 -9999.000 -9999.000 -9999.000 -9999.000 -9999.000 -9999.000 -9999.000 -9999.000 -9999.000 -9999.000 -9999.000 -9999.000 -9999.000 -9999.000 -9999.000 -9999.000 -9999.000 -9999.000 -9999.000 -9999.000 -9999.000 -9999.000 -9999.000 -9999.000 0.007 0.009 0.013 0.010 0.011 0.014 0.011 0.029 0.008 0.003 0.008 -9999.000 -9999.000 -9999.000 -9999.000 -9999.000 -9999.000 -9999.000 -9999.000 -9999.000 -9999.000 -9999.000 0.080 0.023 0.022 0.013 0.007 0.037 0.074 0.192 0.021 0.007 0.009 0.008
-9999.000 -9999.000 -9999.000 -9999.000 -9999.000 -9999.000 -9999.000 -9999.000 -9999.000 -9999.000 -9999.000 -9999.000 -9999.000 -9999.000 -9999.000 -9999.000 -9999.000 -9999.000 -9999.000 -9999.000 -9999.000 -9999.000 -9999.000 -9999.000 -9999.000 -9999.000 -9999.000 -9999.000 -9999.000 -9999.000 -9999.000 -9999.000 -9999.000 -9999.000 -9999.000 -9999.000 0.012 0.004 0.011 0.012 0.011 0.010 0.008 0.006 0.007 0.006 0.014 0.006 0.003 -9999.000 -9999.000 -9999.000 -9999.000 -9999.000 -9999.000 -9999.000 0.014 0.004 0.000 0.085 0.040 0.009 0.007 0.005 0.013 0.063 0.122 0.122 0.008 0.008 0.009
-9999.000 -9999.000 -9999.000 -9999.000 -9999.000 -9999.000 -9999.000 -9999.000 -9999.000 -9999.000 -9999.000 -9999.000 -9999.000 -9999.000 -9999.000 -9999.000 -9999.000 -9999.000 -9999.000 -9999.000 -9999.000 -9999.000 -9999.000 -9999.000 -9999.000 -9999.000 -9999.000 -9999.000 -9999.000 -9999.000 -9999.000 -9999.000 -9999.000 -9999.000 -9999.000 0.001 0.009 0.015 0.012 0.012 0.009 0.007 0.006 0.004 0.004 0.003 0.005 0.009 0.003 0.004 0.000 0.141 0.014 0.008 0.000 0.006 0.005 0.009 0.004 0.054 0.017 0.011 0.004 0.000 0.025 0.079 0.062 0.254 0.018 0.015 0.009
-9999.000 -9999.000 -9999.000 -9999.000 -9999.000 -9999.000 -9999.000 -9999.000 -9999.000 -9999.000 -9999.000 -9999.000 -9999.000 -9999.000 -9999.000 -9999.000 -9999.000 -9999.000 -9999.000 -9999.000 -9999.000 -9999.000 -9999.000 -9999.000 -9999.000 -9999.000 -9999.000 -9999.000 -9999.000 -9999.000 -9999.000 -9999.000 -9999.000 0.003 0.004 0.006 0.013 0.015 0.020 0.011 0.007 0.006 0.003 0.003 0.003 0.003 0.004 0.006 0.012 0.018 0.014 0.095 0.022 0.013 0.013 0.012 0.009 0.009 0.002 0.008 0.014 0.008 0.004 0.000 0.018 0.037 0.031 0.040 0.141 0.019 0.024
-9999.000 -9999.000 -9999.000 -9999.000 -9999.000 -9999.000 -9999.000 -9999.000 -9999.000 -9999.000 -9999.000 -9999.000 -9999.000 -9999.000 -9999.000 -9999.000 -9999.000 -9999.000 -9999.000 -9999.000 -9999.000 -9999.000 -9999.000 -9999.000 -9999.000 -9999.000 -9999.000 -9999.000 -9999.000 -9999.000 -9999.000 -9999.000 0.000 0.003 0.010 0.011 0.010 0.009 0.014 0.012 0.009 0.006 0.002 0.004 0.003 0.002 0.004 0.006 0.019 0.035 0.024 0.026 0.296 0.012 0.013 0.012 0.009 0.009 0.006 0.005 0.012 0.007 0.005 0.000 0.006 0.011 0.017 0.018 0.067 0.168 0.038
-9999.000 -9999.000 -9999.000 -9999.000 -9999.000 -9999.000 -9999.000 -9999.000 -9999.000 -9999.000 -9999.000 -9999.000 -9999.000 -9999.000 -9999.000 -9999.000 -9999.000 -9999.000 -9999.000 -9999.000 -9999.000 -9999.000 -9999.000 -9999.000 -9999.000 -9999.000 -9999.000 -9999.000 -9999.000 -9999.000 -9999.000 -9999.000 -9999.000 0.000 0.006 0.006 0.008 0.006 0.006 0.009 0.006 0.004 0.003 0.008 0.003 0.002 0.004 0.011 0.022 0.019 0.023 0.032 0.045 0.055 0.013 0.008 0.008 0.008 0.006 0.005 0.005 0.005 0.006 0.002 0.004 0.012 0.015 0.015 0.068 0.255 0.018
-9999.000 -9999.000 -9999.000 -9999.000 -9999.000 -9999.000 -9999.000 -9999.000 -9999.000 -9999.000 -9999.000 -9999.000 -9999.000 -9999.000 -9999.000 -9999.000 -9999.000 -9999.000 -9999.000 -9999.000 -9999.000 -9999.000 -9999.000 -9999.000 -9999.000 -9999.000 -9999.000 -9999.000 -9999.000 -9999.000 -9999.000 -9999.000 -9999.000 0.000 0.005 0.004 0.003 0.005 0.002 0.005 0.006 0.005 0.003 0.011 0.003 0.002 0.005 0.011 0.015 0.015 0.036 0.231 0.015 0.010 0.010 0.010 0.006 0.008 0.006 0.006 0.004 0.005 0.008 0.005 0.004 0.006 0.013 0.033 0.074 0.043 0.024
-9999.000 -9999.000 -9999.000 -9999.000 -9999.000 -9999.000 -9999.000 -9999.000 -9999.000 -9999.000 -9999.000 -9999.000 -9999.000 -9999.000 -9999.000 -9999.000 -9999.000 -9999.000 -9999.000 -9999.000 -9999.000 -9999.000 -9999.000 -9999.000 -9999.000 -9999.000 -9999.000 -9999.000 -9999.000 -9999.000 -9999.000 -9999.000 -9999.000 0.002 0.007 0.003 0.001 0.002 0.001 0.001 0.001 0.003 0.005 0.013 0.007 0.002 0.007 0.011 0.015 0.020 0.022 0.027 0.011 0.012 0.007 0.008 0.022 0.007 0.005 0.005 0.008 0.009 0.012 0.005 0.001 0.002 0.030 0.062 0.024 0.046 0.018
-9999.000 -9999.000 -9999.000 -9999.000 -9999.000 -9999.000 -9999.000 -9999.000 -9999.000 -9999.000 -9999.000 -9999.000 -9999.000 -9999.000 -9999.000 -9999.000 -9999.000 -9999.000 -9999.000 -9999.000 -9999.000 -9999.000 -9999.000 -9999.000 -9999.000 -9999.000 -9999.000 -9999.000 -9999.000 -9999.000 -9999.000 -9999.000 -9999.000 0.003 0.009 0.007 0.002 0.004 0.012 0.008 0.008 0.002 0.011 0.016 0.003 0.004 0.006 0.007 0.012 0.013 0.011 0.012 0.014 0.010 0.006 0.004 0.008 0.008 0.005 0.004 0.014 0.020 0.016 0.007 0.000 0.004 0.022 0.201 0.012 0.011 0.012
-9999.000 -9999.000 -9999.000 -9999.000 -9999.000 -9999.000 -9999.000 -9999.000 -9999.000 -9999.000 -9999.000 -9999.000 -9999.000 -9999.000 -9999.000 -9999.000 -9999.000 -9999.000 -9999.000 -9999.000 -9999.000 -9999.000 -9999.000 -9999.000 -9999.000 -9999.000 -9999.000 -9999.000 -9999.000 -9999.000 -9999.000 -9999.000 0.000 0.000 0.004 0.002 0.001 0.009 0.016 0.020 0.019 0.018 0.019 0.018 0.002 0.005 0.003 0.003 0.007 0.010 0.011 0.013 0.013 0.009 0.006 0.004 0.002 0.012 0.009 0.004 0.012 0.022 0.018 0.011 0.000 0.002 0.021 0.046 0.013 0.012 0.011
-9999.000 -9999.000 -9999.000 -9999.000 -9999.000 -9999.000 -9999.000 -9999.000 -9999.000 -9999.000 -9999.000 -9999.000 -9999.000 -9999.000 -9999.000 -9999.000 -9999.000 -9999.000 -9999.000 -9999.000 -9999.000 -9999.000 -9999.000 -9999.000 -9999.000 -9999.000 -9999.000 -9999.000 -9999.000 -9999.000 -9999.000 0.000 0.000 0.001 0.000 0.002 0.004 0.007 0.008 0.013 0.020 0.027 0.030 0.020 0.003 0.003 0.003 0.001 0.004 0.005 0.008 0.008 0.011 0.010 0.005 0.005 0.002 0.007 0.005 0.004 0.011 0.021 0.023 0.010 0.000 0.003 0.027 0.018 0.014 0.011 0.010
-9999.000 -9999.000 -9999.000 -9999.000 -9999.000 -9999.000 -9999.000 -9999.000 -9999.000 -9999.000 -9999.000 -9999.000 -9999.000 -9999.000 -9999.000 -9999.000 -9999.000 -9999.000 -9999.000 -9999.000 -9999.000 -9999.000 -9999.000 -9999.000 -9999.000 -9999.000 -9999.000 -9999.000 -9999.000 -9999.000 0.000 0.000 0.001 0.000 0.000 0.002 0.002 0.000 0.001 0.002 0.012 0.023 0.033 0.024 0.008 0.002 0.012 0.001 0.002 0.002 0.003 0.004 0.006 0.009 0.005 0.008 0.003 0.005 0.008 0.004 0.011 0.024 0.023 0.012 0.000 0.002 0.019 0.013 0.010 0.007 0.008
-9999.000 -9999.000 -9999.000 -9999.000 -9999.000 -9999.000 -9999.000 -9999.000 -9999.000 -9999.000 -9999.000 -9999.000 -9999.000 -9999.000 -9999.000 -9999.000 -9999.000 -9999.000 -9999.000 -9999.000 -9999.000 -9999.000 -9999.000 -9999.000 -9999.000 -9999.000 -9999.000 -9999.000 -9999.000 -9999.000 0.000 0.005 0.005 0.004 0.005 0.002 0.002 0.004 0.005 0.003 0.003 0.019 0.034 0.035 0.026 0.022 0.022 0.012 0.009 0.011 0.005 0.002 0.004 0.005 0.004 0.003 0.010 0.002 0.008 0.005 0.007 0.023 0.022 0.007 0.003 0.007 0.009 0.011 0.006 0.005 0.009
-9999.000 -9999.000 -9999.000 -9999.000 -9999.000 -9999.000 -9999.000 -9999.000 -9999.000 -9999.000 -9999.000 -9999.000 -9999.000 -9999.000 -9999.000 -9999.000 -9999.000 -9999.000 -9999.000 -9999.000 -9999.000 -9999.000 -9999.000 -9999.000 -9999.000 -9999.000 -9999.000 -9999.000 -9999.000 -9999.000 0.000 0.008 0.010 0.006 0.007 0.003 0.006 0.011 0.005 0.002 0.006 0.021 0.031 0.032 0.037 0.037 0.032 0.029 0.022 0.020 0.015 0.003 0.002 0.002 0.004 0.010 0.016 0.002 0.004 0.005 0.009 0.023 0.023 0.010 0.003 0.012 0.007 0.006 0.004 0.004 0.005
-9999.000 -9999.000 -9999.000 -9999.000 -9999.000 -9999.000 -9999.000 -9999.000 -9999.000 -9999.000 -9999.000 -9999.000 -9999.000 -9999.000 -9999.000 -9999.000 -9999.000 -9999.000 -9999.000 -9999.000 -9999.000 -9999.000 0.000 0.000 0.000 0.000 0.000 -9999.000 -9999.000 -9999.000 0.004 0.012 0.012 0.008 0.008 0.007 0.015 0.005 0.002 0.001 0.015 0.027 0.018 0.013 0.023 0.030 0.037 0.043 0.039 0.036 0.029 0.019 0.013 0.012 0.006 0.020 0.019 0.010 0.009 0.002 0.012 0.030 0.022 0.007 0.005 0.010 0.005 0.005 0.008 0.007 0.004
-9999.000 -9999.000 -9999.000 -9999.000 -9999.000 -9999.000 -9999.000 -9999.000 -9999.000 -9999.000 -9999.000 -9999.000 -9999.000 -9999.000 -9999.000 -9999.000 -9999.000 -9999.000 -9999.000 -9999.000 -9999.000 0.000 0.000 0.002 0.003 0.006 0.004 0.001 -9999.000 0.002 0.007 0.014 0.013 0.015 0.009 0.010 0.005 0.005 0.000 0.003 0.021 0.019 0.008 0.003 0.013 0.015 0.021 0.029 0.044 0.044 0.037 0.028 0.025 0.021 0.019 0.023 0.023 0.019 0.019 0.016 0.023 0.038 0.017 0.004 0.007 0.009 0.006 0.006 0.012 0.007 0.005
-9999.000 -9999.000 -9999.000 -9999.000 -9999.000 -9999.000 -9999.000 -9999.000 -9999.000 -9999.000 -9999.000 -9999.000 -9999.000 -9999.000 -9999.000 -9999.000 -9999.000 -9999.000 -9999.000 0.000 0.000 0.000 0.002 0.004 0.006 0.008 0.013 0.007 0.007 0.008 0.008 0.014 0.016 0.010 0.014 0.006 0.003 0.002 0.002 0.013 0.015 0.003 0.000 0.001 0.002 0.001 0.011 0.014 0.026 0.045 0.046 0.039 0.038 0.036 0.038 0.039 0.040 0.040 0.037 0.035 0.043 0.034 0.015 0.005 0.005 0.007 0.005 0.011 0.014 0.007 0.006
-9999.000 -9999.000 -9999.000 -9999.000 -9999.000 -9999.000 -9999.000 -9999.000 -9999.000 -9999.000 -9999.000 -9999.000 -9999.000 -9999.000 -9999.000 -9999.000 0.000 0.000 0.000 0.000 0.000 0.000 0.003 0.005 0.008 0.008 0.015 0.013 0.013 0.019 0.026 0.012 0.012 0.009 0.007 0.004 0.000 0.000 0.008 0.014 0.003 0.001 0.002 0.003 0.002 0.003 0.003 0.003 0.017 0.033 0.049 0.049 0.047 0.048 0.048 0.047 0.047 0.048 0.050 0.050 0.049 0.033 0.017 0.012 0.006 0.006 0.006 0.018 0.014 0.006 0.006
-9999.000 -9999.000 -9999.000 -9999.000 -9999.000 -9999.000 -9999.000 -9999.000 -9999.000 -9999.000 -9999.000 -9999.000 -9999.000 -9999.000 -9999.000 -9999.000 0.000 0.000 0.000 0.000 0.000 0.000 0.004 0.007 0.010 0.012 0.009 0.022 0.064 0.020 0.035 0.012 0.008 0.004 0.003 0.000 0.002 0.003 0.004 0.001 0.001 0.001 0.007 0.009 0.005 0.002 0.003 0.012 0.023 0.030 0.046 0.052 0.052 0.053 0.051 0.051 0.051 0.052 0.054 0.054 0.050 0.047 0.032 0.024 0.014 0.010 0.016 0.021 0.012 0.007 0.007
-9999.000 -9999.000 -9999.000 -9999.000 -9999.000 -9999.000 -9999.000 -9999.000 -9999.000 -9999.000 -9999.000 -9999.000 -9999.000 -9999.000 -9999.000 0.000 0.000 0.000 0.000 0.000 0.000 0.001 0.005 0.007 0.010 0.016 0.015 0.013 0.029 0.027 0.023 0.012 0.006 0.003 0.000 0.000 0.002 0.003 0.000 0.000 0.000 0.003 0.013 0.007 0.004 0.000 0.003 0.015 0.027 0.034 0.050 0.054 0.051 0.051 0.049 0.048 0.047 0.046 0.046 0.050 0.053 0.050 0.044 0.037 0.025 0.019 0.025 0.020 0.015 0.010 0.008
-9999.000 -9999.000 -9999.000 -9999.000 -9999.000 -9999.000 -9999.000 -9999.000 -9999.000 -9999.000 -9999.000 -9999.000 -9999.000 -9999.000 0.000 0.000 0.000 0.000 0.000 0.000 0.000 0.002 0.006 0.008 0.009 0.017 0.018 0.018 0.030 0.059 0.010 0.009 0.004 0.001 0.000 0.000 0.000 0.000 0.002 0.004 0.002 0.010 0.004 0.003 0.001 0.002 0.011 0.020 0.033 0.041 0.052 0.050 0.043 0.036 0.030 0.025 0.025 0.023 0.024 0.031 0.047 0.052 0.049 0.046 0.038 0.032 0.033 0.025 0.018 0.014 0.009
-9999.000 -9999.000 -9999.000 -9999.000 -9999.000 -9999.000 -9999.000 -9999.000 -9999.000 -9999.000 -9999.000 -9999.000 -9999.000 0.000 0.000 0.000 0.000 0.000 0.000 0.000 0.000 0.002 0.005 0.008 0.010 0.016 0.027 0.198 0.018 0.014 0.011 0.009 0.003 0.000 0.000 0.000 0.000 0.004 0.006 0.004 0.007 0.005 0.002 0.000 0.003 0.009 0.018 0.027 0.040 0.050 0.047 0.038 0.028 0.025 0.021 0.016 0.015 0.014 0.018 0.025 0.037 0.048 0.052 0.048 0.045 0.041 0.035 0.027 0.023 0.018 0.013
-9999.000 -9999.000 -9999.000 -9999.000 -9999.000 -9999.000 -9999.000 -9999.000 -9999.000 -9999.000 -9999.000 -9999.000 0.000 0.000 0.000 0.000 0.000 0.000 0.000 0.000 0.000 0.004 0.006 0.008 0.011 0.017 0.018 0.028 0.014 0.011 0.010 0.007 0.003 0.001 0.004 0.004 0.005 0.007 0.005 0.005 0.006 0.002 0.001 0.002 0.004 0.013 0.026 0.034 0.044 0.048 0.040 0.029 0.017 0.014 0.008 0.004 0.002 0.003 0.011 0.017 0.026 0.036 0.048 0.051 0.047 0.045 0.042 0.038 0.032 0.026 0.021
-9999.000 -9999.000 -9999.000 -9999.000 0.004 -9999.000 -9999.000 -9999.000 -9999.000 -9999.000 -9999.000 0.000 0.000 0.000 0.000 0.000 0.000 0.000 0.000 0.000 0.001 0.003 0.008 0.009 0.009 0.009 0.009 0.010 0.015 0.009 0.007 0.005 0.004 0.002 0.006 0.006 0.006 0.005 0.006 0.003 0.000 0.000 0.003 0.004 0.009 0.015 0.026 0.037 0.045 0.045 0.030 0.023 0.011 0.004 0.002 0.001 0.003 0.002 0.010 0.012 0.023 0.033 0.044 0.046 0.048 0.049 0.046 0.041 0.038 0.033 0.026
-9999.000 -9999.000 -9999.000 -9999.000 0.002 0.000 0.001 0.000 0.000 0.000 0.000 0.000 0.000 0.000 0.000 0.000 0.000 0.000 0.000 0.000 0.000 0.004 0.007 0.007 0.005 0.004 0.006 0.008 0.011 0.010 0.007 0.005 0.004 0.003 0.007 0.006 0.005 0.005 0.000 0.000 0.000 0.001 0.004 0.009 0.011 0.018 0.029 0.041 0.050 0.040 0.026 0.015 0.004 0.001 0.003 0.004 0.001 0.003 0.010 0.017 0.029 0.038 0.047 0.039 0.039 0.039 0.045 0.044 0.039 0.036 0.033
-9999.000 -9999.000 -9999.000 -9999.000 0.000 0.002 0.003 0.001 0.002 0.004 0.000 0.000 0.000 0.000 0.000 0.000 0.000 0.000 0.000 0.000 0.001 0.003 0.003 0.003 0.004 0.005 0.006 0.007 0.012 0.008 0.006 0.006 0.008 0.005 0.009 0.006 0.005 0.002 0.000 0.000 0.001 0.002 0.004 0.005 0.012 0.021 0.034 0.048 0.041 0.033 0.021 0.012 0.003 0.001 0.004 0.003 0.002 0.010 0.017 0.020 0.028 0.039 0.042 0.031 0.031 0.030 0.033 0.038 0.040 0.039 0.034
-9999.000 -9999.000 -9999.000 -9999.000 -9999.000 0.000 0.000 0.000 0.000 0.001 0.000 0.000 0.000 0.000 0.000 0.000 0.001 0.002 0.000 0.000 0.000 0.000 0.000 0.000 0.000 0.003 0.005 0.005 0.008 0.008 0.005 0.010 0.009 0.010 0.011 0.007 0.002 0.000 0.001 0.003 0.005 0.004 0.012 0.018 0.022 0.026 0.044 0.043 0.034 0.030 0.017 0.008 0.001 0.000 0.002 0.000 0.009 0.019 0.027 0.030 0.035 0.042 0.033 0.025 0.022 0.023 0.023 0.025 0.032 0.036 0.037
-9999.000 -9999.000 -9999.000 -9999.000 -9999.000 0.000 0.000 0.000 0.000 0.000 0.000 0.000 0.000 0.000 0.000 0.001 0.002 0.002 0.000 0.000 0.000 0.000 0.000 0.000 0.000 0.000 0.003 0.004 0.007 0.006 0.006 0.011 0.013 0.009 0.008 0.004 0.001 0.000 0.000 0.002 0.005 0.014 0.018 0.025 0.032 0.036 0.047 0.041 0.034 0.029 0.020 0.011 0.001 0.000 0.003 0.000 0.003 0.011 0.021 0.030 0.039 0.037 0.029 0.024 0.016 0.017 0.019 0.023 0.028 0.028 0.032
-9999.000 -9999.000 -9999.000 -9999.000 -9999.000 0.000 0.000 0.000 0.000 0.000 0.000 0.000 0.000 0.000 0.001 0.002 0.004 0.002 0.000 0.000 0.000 0.000 0.000 0.000 0.000 0.000 0.002 0.004 0.005 0.003 0.004 0.006 0.010 0.005 0.001 0.000 0.000 0.000 0.000 0.001 0.005 0.014 0.023 0.029 0.040 0.045 0.041 0.038 0.035 0.030 0.019 0.010 0.001 0.000 0.004 0.002 0.000 0.003 0.018 0.030 0.041 0.032 0.022 0.018 0.012 0.013 0.017 0.022 0.023 0.024 0.026
-9999.000 -9999.000 -9999.000 -9999.000 -9999.000 0.000 0.000 0.000 0.000 0.000 0.000 0.000 0.000 0.000 0.001 0.003 0.005 0.003 0.000 0.000 0.000 0.000 0.000 0.000 0.000 0.000 0.000 0.001 0.001 0.000 0.000 0.001 0.003 0.001 0.000 0.000 0.000 0.001 0.002 0.001 0.009 0.016 0.023 0.033 0.042 0.046 0.042 0.031 0.026 0.021 0.015 0.008 0.002 0.000 0.003 0.000 0.003 0.009 0.018 0.033 0.034 0.025 0.017 0.014 0.011 0.011 0.015 0.019 0.021 0.023 0.025
-9999.000 -9999.000 -9999.000 -9999.000 -9999.000 0.000 0.000 0.000 0.000 0.000 0.000 0.000 0.000 0.001 0.002 0.004 0.006 0.005 0.003 0.001 0.002 0.001 0.001 0.000 0.000 0.000 0.000 0.000 0.000 0.000 0.000 0.000 0.000 0.000 0.000 0.001 0.002 0.004 0.004 0.005 0.016 0.021 0.026 0.041 0.046 0.042 0.036 0.020 0.012 0.013 0.014 0.007 0.001 0.000 0.000 0.000 0.008 0.014 0.027 0.039 0.029 0.020 0.011 0.007 0.005 0.006 0.011 0.012 0.016 0.023 0.029
