tests/test_sample_run/example/results/output_maps/SWEN0014.asc
ncols         174
nrows         141
xllcorner     744500.000000
yllcorner     5140950.000000
cellsize      250.000000
NODATA_value  -9999.0
[rows 31 to 61 of 141, columns 71 to 141 of 174]
0.000 0.394 0.566 0.216 0.177 0.585 0.892 1.214 1.504 1.713 2.033 2.284 2.361 2.653 2.787 2.802 2.702 2.364 2.116 1.929 1.919 1.223 0.838 0.276 0.000 0.141 0.409 0.862 1.106 1.372 1.542 2.377 2.955 2.733 2.438 2.092 1.720 1.338 1.160 1.002 0.932 0.658 0.675 0.263 0.000 0.000 0.000 0.000 0.000 0.307 0.680 0.920 0.949 1.092 1.198 1.588 1.809 2.148 2.181 2.270 2.328 2.360 2.370 2.382 2.346 1.731 1.371 1.088 1.052 0.770 0.501
0.000 0.117 0.133 0.000 0.098 0.456 0.491 0.941 1.374 1.765 2.107 2.372 2.463 2.662 2.805 2.873 2.813 2.485 2.382 2.245 1.655 1.203 0.761 0.274 0.077 0.335 0.585 1.200 1.542 1.924 1.922 2.526 3.031 3.085 2.832 2.525 2.420 1.980 2.010 1.726 1.404 1.085 0.775 0.157 0.078 0.000 0.000 0.000 0.000 0.304 0.609 1.303 1.558 1.571 1.655 2.008 2.122 2.256 2.354 2.423 2.432 2.440 2.447 2.453 2.256 1.349 1.230 0.818 0.570 0.266 0.162
0.000 0.000 0.000 0.000 0.169 0.427 0.388 0.613 0.858 1.443 1.643 2.187 2.400 2.638 2.795 2.894 2.937 2.759 2.504 2.033 1.609 1.133 0.933 0.374 0.290 0.700 1.141 1.491 2.060 2.569 2.662 3.023 3.235 2.771 2.905 2.808 2.735 2.553 2.188 1.642 1.257 0.739 0.580 0.267 0.598 0.456 0.336 0.096 0.000 0.069 0.419 1.185 1.518 1.786 1.990 2.072 2.130 2.191 2.335 2.390 2.424 2.515 2.522 2.503 2.102 1.252 0.698 0.281 0.000 0.000 0.000
0.000 0.000 0.000 0.000 0.121 0.131 0.219 0.296 0.662 1.032 1.446 2.247 2.442 2.634 2.806 2.934 2.995 2.914 2.526 1.987 1.672 1.231 1.003 0.659 0.432 0.880 1.214 2.022 2.328 2.753 3.041 3.366 2.890 2.388 2.327 2.121 2.100 1.538 1.409 1.020 0.885 0.332 0.290 0.407 0.861 0.672 0.634 0.446 0.395 0.566 0.710 1.148 1.431 1.543 1.483 1.763 1.734 1.634 1.978 2.101 2.170 2.518 2.594 2.591 2.313 1.075 0.417 0.000 0.000 0.000 0.000
0.000 0.000 0.000 0.000 0.000 0.000 0.000 0.000 0.229 0.673 1.148 1.591 2.041 2.445 2.664 2.947 3.037 3.011 2.676 2.264 1.940 1.615 1.363 1.085 0.919 0.955 1.285 2.036 2.506 2.989 3.339 3.278 2.745 2.137 1.592 1.376 1.301 0.833 0.783 0.400 0.300 0.054 0.000 0.305 0.732 1.304 1.217 1.116 1.176 1.083 1.106 1.005 0.982 0.983 1.276 1.192 1.009 0.970 0.935 1.219 1.236 1.785 2.605 2.660 2.518 1.489 0.446 0.000 0.000 0.000 0.000
0.000 0.000 0.000 0.000 0.000 0.000 0.000 0.000 0.000 0.490 0.989 1.462 1.761 2.239 2.514 2.933 3.069 3.105 2.887 2.543 2.275 2.017 1.622 1.350 1.284 1.016 1.331 2.023 2.508 3.035 3.469 3.099 2.718 2.014 1.436 1.037 0.849 0.566 0.320 0.043 0.000 0.000 0.066 0.506 0.848 1.085 1.710 1.628 1.650 1.523 1.335 0.908 0.673 0.782 1.353 0.864 0.601 0.572 0.497 0.489 0.553 1.451 2.555 2.715 2.401 1.234 0.507 0.000 0.000 0.000 0.000
0.000 0.000 0.000 0.000 0.000 0.000 0.000 0.000 0.082 0.557 0.987 1.429 1.786 2.192 2.536 2.916 3.071 3.146 3.169 3.002 2.877 2.620 2.360 2.039 1.735 1.431 1.396 2.168 2.695 3.141 3.551 3.206 2.838 2.278 1.661 0.620 0.412 0.290 0.253 0.114 0.000 0.000 0.078 0.604 1.161 1.636 1.485 2.270 2.033 1.753 1.312 1.552 1.400 1.333 1.455 0.443 0.261 0.000 0.000 0.000 0.181 1.076 2.334 2.872 2.098 1.273 0.999 0.056 0.000 0.000 0.000
0.000 0.000 0.000 0.000 0.000 0.000 0.000 0.073 0.439 0.882 1.318 1.926 2.130 2.395 2.604 2.922 3.052 3.154 3.230 3.229 3.168 2.994 2.795 2.400 2.134 1.643 1.515 2.237 2.723 3.185 3.604 3.410 2.944 2.316 1.763 0.978 0.626 0.555 0.516 0.246 0.000 0.000 0.135 0.557 1.080 2.058 1.739 2.558 2.066 1.463 1.268 1.756 1.555 1.967 1.345 0.383 0.000 0.000 0.000 0.000 0.343 1.363 2.165 3.121 2.318 1.185 0.444 0.236 0.000 0.000 0.000
0.000 0.000 0.000 0.000 0.000 0.000 0.000 0.376 0.704 1.020 1.078 1.566 1.945 2.538 2.677 2.819 2.919 3.135 3.215 3.322 3.300 3.303 3.174 2.912 2.729 2.236 2.060 2.473 2.771 3.214 3.664 3.397 2.983 2.269 1.812 1.222 1.330 1.149 1.163 0.621 0.235 0.000 0.000 0.613 1.112 1.831 2.464 2.885 2.374 1.516 1.329 2.351 2.354 2.179 1.450 0.843 0.180 0.000 0.000 0.193 0.517 1.364 2.612 3.089 1.562 0.358 0.000 0.000 0.000 0.000 0.000
0.000 0.000 0.000 0.000 0.000 0.000 0.000 0.343 0.674 0.991 1.064 1.409 1.757 2.214 2.280 2.647 2.758 3.020 3.224 3.329 3.382 3.451 3.403 3.138 2.979 2.731 2.583 2.659 2.862 3.292 3.730 3.387 3.126 2.400 1.854 1.681 1.742 1.783 1.527 0.837 0.467 0.000 0.000 0.437 0.925 1.665 2.061 3.061 2.927 2.241 1.672 2.437 3.077 2.305 1.998 1.075 0.800 0.480 0.420 0.454 1.219 2.102 3.024 2.765 1.255 0.375 0.000 0.000 0.000 0.044 0.171
0.000 0.000 0.000 0.000 0.000 0.000 0.000 0.000 0.000 0.562 1.012 1.289 1.620 1.554 1.686 2.249 2.542 2.860 3.066 3.256 3.397 3.473 3.544 3.468 3.361 3.189 3.101 3.079 3.164 3.409 3.821 3.505 3.178 2.499 2.258 2.541 3.085 2.037 1.615 0.924 0.554 0.000 0.000 0.208 0.649 1.169 1.728 2.665 3.270 2.807 2.221 2.677 3.311 2.935 2.677 1.738 1.578 1.202 1.326 1.253 2.135 2.612 3.323 2.150 1.014 0.347 0.000 0.000 0.000 0.839 1.049
0.000 0.000 0.000 0.000 0.000 0.000 0.000 0.000 0.000 0.571 1.009 1.195 1.340 1.424 1.525 1.988 2.380 2.819 2.985 3.169 3.273 3.429 3.523 3.639 3.575 3.457 3.267 3.317 3.344 3.546 3.894 3.570 3.287 2.714 2.600 3.383 3.110 2.281 1.677 0.947 0.550 0.000 0.000 0.227 0.528 1.228 1.773 2.562 3.295 3.209 2.570 2.815 3.372 3.235 2.987 2.539 2.336 2.065 1.706 2.444 2.094 2.710 3.461 2.335 1.541 0.449 0.239 0.119 0.051 1.150 2.081
0.000 0.000 0.000 0.000 0.000 0.000 0.000 0.000 0.000 0.504 0.829 0.890 1.104 1.250 1.443 1.964 2.298 2.648 2.981 3.007 3.253 3.454 3.549 3.587 3.733 3.769 3.714 3.545 3.592 3.830 3.967 3.663 3.481 3.266 3.214 3.950 3.159 2.481 2.026 1.089 0.492 0.143 0.315 0.599 0.980 1.374 1.749 2.715 3.280 3.676 3.191 2.897 3.170 3.804 3.424 3.251 3.088 2.901 2.699 3.033 2.903 3.429 3.583 2.814 2.359 1.342 1.305 1.266 1.185 2.552 1.599
0.000 0.000 0.000 0.000 0.000 0.000 0.000 0.000 0.000 0.353 0.548 0.646 0.798 1.041 1.294 1.762 2.113 2.500 2.883 3.038 3.271 3.240 3.350 3.485 3.538 3.737 3.840 3.915 3.946 3.958 4.025 3.790 3.725 3.496 3.793 3.875 3.050 2.122 1.610 0.998 0.540 0.506 0.652 1.171 1.399 1.836 2.244 3.092 3.440 3.777 2.914 2.993 3.201 3.774 3.946 3.632 3.504 3.351 3.183 3.424 3.689 3.754 3.510 3.534 3.074 2.368 2.237 2.023 2.138 2.821 1.390
0.000 0.000 0.000 0.000 0.000 0.000 0.000 0.000 0.000 0.000 0.135 0.309 0.382 0.776 0.949 1.559 2.074 2.550 2.724 3.065 3.141 2.764 2.955 3.252 3.343 3.626 3.852 3.882 3.960 4.081 4.135 3.997 4.019 4.004 4.039 3.719 3.560 3.107 2.304 1.188 0.614 0.731 1.170 1.839 2.271 2.940 3.164 3.470 4.025 3.492 2.966 3.180 3.520 3.827 3.968 3.859 3.770 3.734 3.737 3.914 3.660 3.161 3.121 3.475 3.668 3.601 3.187 2.860 2.852 2.578 2.082
0.000 0.000 0.000 0.000 0.000 0.000 0.000 0.000 0.000 0.000 0.000 0.133 0.267 0.390 0.766 1.401 1.675 2.351 2.679 3.100 3.000 2.458 2.616 2.942 3.237 3.528 3.758 3.859 3.849 3.879 4.085 4.260 4.172 4.213 4.240 4.206 3.935 3.138 2.501 1.599 0.862 0.828 1.170 2.182 2.756 3.507 3.764 3.989 4.276 3.703 3.444 3.578 3.682 3.873 3.900 4.027 4.136 4.084 3.946 3.647 3.199 2.489 2.558 3.139 3.210 2.541 2.920 3.540 3.249 2.439 1.617
0.000 0.000 0.000 0.000 0.000 0.000 0.000 0.000 0.000 0.000 0.000 0.206 0.339 0.382 0.628 1.069 1.531 2.277 2.609 2.892 2.627 2.037 2.124 2.395 2.779 3.274 3.460 3.669 3.695 3.855 3.919 4.155 4.391 4.325 4.230 4.164 3.940 3.537 2.922 2.182 1.567 1.109 1.376 2.128 2.638 3.504 3.777 4.151 4.402 4.010 3.920 3.918 3.947 3.977 4.156 4.258 4.090 3.985 3.816 3.539 2.816 1.428 1.230 2.909 2.340 1.133 1.729 2.736 3.464 3.117 2.613
0.000 0.000 0.000 0.000 0.000 0.000 0.000 0.000 0.000 0.000 0.000 0.241 0.438 0.466 0.688 1.188 1.411 2.117 2.522 2.650 2.587 1.830 1.742 2.134 2.646 2.892 3.221 3.471 3.602 3.879 3.979 4.146 4.325 4.512 4.277 4.231 4.159 3.781 3.308 2.508 2.063 1.189 1.376 1.879 2.494 3.367 3.823 4.277 4.581 4.241 4.214 4.148 4.249 4.419 4.386 4.112 4.049 4.043 3.853 3.306 2.228 1.049 0.781 2.462 1.592 0.822 1.662 2.978 3.237 3.534 3.343
0.000 0.000 0.000 0.000 0.000 0.000 0.000 0.000 0.000 0.000 0.000 0.437 0.980 0.837 1.109 1.242 1.314 1.986 2.167 1.797 2.068 1.856 1.713 2.359 2.441 2.325 2.554 2.943 3.077 3.584 3.839 4.207 4.322 4.507 4.534 4.323 4.312 4.128 3.969 3.186 2.514 1.805 1.863 2.502 2.734 3.445 3.887 4.315 4.564 4.505 4.436 4.466 4.565 4.406 4.256 3.992 4.066 4.058 3.722 2.569 1.257 0.471 0.321 1.429 1.306 0.615 2.039 2.809 2.944 3.330 3.388
0.296 0.000 0.000 0.000 0.000 0.000 0.000 0.000 0.000 0.000 0.069 0.703 1.146 1.335 1.353 1.243 1.276 1.674 1.793 1.683 1.975 2.012 2.195 2.598 2.651 2.316 2.443 2.685 2.781 3.307 3.782 4.101 4.310 4.370 4.763 4.473 4.382 4.281 4.164 3.797 3.087 2.401 2.713 3.459 3.683 3.966 4.194 4.459 4.543 4.676 4.672 4.725 4.474 4.329 4.285 4.102 3.863 3.811 3.476 2.073 1.181 0.190 0.000 0.980 0.733 1.344 1.551 2.365 2.762 3.186 3.282
0.844 0.208 0.365 0.252 0.000 0.173 0.000 0.000 0.000 0.000 0.106 0.920 1.335 2.052 1.640 1.416 1.469 1.437 1.645 1.843 2.287 2.393 2.563 2.715 2.753 2.834 3.038 2.753 2.708 2.860 3.398 3.823 4.109 4.377 4.580 4.885 4.600 4.501 4.557 4.349 4.133 3.678 3.933 4.194 4.491 4.473 4.442 4.504 4.726 4.871 4.872 4.678 4.452 4.380 4.361 4.258 3.597 3.162 2.465 1.483 0.993 0.000 0.000 0.275 0.000 0.844 0.505 1.772 2.236 2.465 2.879
1.163 0.520 0.643 0.411 0.208 0.503 0.353 0.068 0.146 0.093 0.247 1.078 1.575 2.223 2.106 1.932 1.726 1.451 1.557 2.124 2.501 2.535 2.666 2.809 2.897 3.253 3.471 3.259 3.044 2.949 3.271 3.697 4.044 4.513 4.557 4.780 5.059 4.757 4.753 4.629 4.477 4.141 4.473 4.530 4.630 4.687 4.858 5.010 5.048 5.022 4.927 4.711 4.651 4.477 4.327 4.112 3.792 2.360 1.660 1.040 0.000 0.000 0.000 0.000 0.000 0.088 0.335 1.492 1.853 2.225 2.419
1.293 1.021 1.085 0.614 0.471 1.117 0.982 0.719 0.818 0.537 0.613 1.339 2.028 2.676 2.404 2.235 2.020 1.669 1.840 2.415 2.650 2.792 3.009 3.042 3.162 3.736 3.961 3.883 3.811 4.019 3.862 3.942 4.169 4.548 4.634 4.741 4.911 5.157 4.844 4.901 4.849 4.677 4.776 4.814 4.936 5.199 5.247 5.175 5.197 5.152 4.943 4.860 4.731 4.292 3.986 3.115 2.825 2.179 1.435 0.371 0.000 0.000 0.000 0.000 0.000 0.000 0.575 1.228 1.496 2.037 2.621
1.459 1.139 1.256 0.582 0.539 1.288 1.330 1.186 1.127 0.708 0.850 1.565 2.137 2.853 2.274 1.799 1.751 1.658 1.848 2.225 2.644 2.881 2.998 3.208 3.560 4.043 4.298 4.329 4.423 4.231 4.439 4.095 4.294 4.612 4.701 4.899 4.766 5.167 5.220 5.026 4.952 5.063 5.202 5.359 5.415 5.287 5.089 5.098 5.084 5.283 4.977 4.964 4.813 4.286 3.755 2.777 2.146 1.211 1.201 0.428 0.000 0.000 0.000 0.000 0.000 0.000 0.533 0.935 1.320 2.135 2.406
1.596 1.403 1.422 1.053 1.118 1.686 1.726 1.334 1.162 1.021 1.218 1.961 2.562 2.757 2.072 1.541 1.406 1.467 1.760 2.349 2.870 2.998 3.260 3.509 3.761 3.815 3.992 4.415 4.793 4.841 5.084 4.789 4.791 4.916 4.992 5.196 4.952 4.952 5.471 5.431 5.398 5.495 5.567 5.482 5.298 5.162 5.192 5.247 5.096 5.278 5.266 4.860 4.967 4.795 4.433 3.365 2.394 1.316 0.777 0.312 0.000 0.000 0.000 0.000 0.000 0.461 0.644 0.875 1.292 2.045 2.488
1.578 1.488 1.451 1.391 1.562 1.926 1.658 1.383 1.336 1.365 1.754 2.368 3.080 2.561 2.088 1.586 1.465 1.459 1.986 2.556 3.035 3.169 3.403 3.546 3.675 3.516 3.687 4.112 4.326 4.852 5.023 5.304 5.409 5.131 5.041 5.076 5.119 5.222 5.598 5.689 5.702 5.646 5.471 5.331 5.427 5.339 5.260 5.260 5.152 5.278 5.531 5.150 5.179 5.107 4.245 3.358 2.759 1.490 1.098 0.222 0.086 0.054 0.000 0.000 0.366 0.749 0.952 1.283 1.412 1.724 2.504
1.553 1.497 1.479 1.535 1.660 1.799 1.831 1.796 2.113 2.235 2.390 2.980 2.810 2.363 2.016 1.695 1.621 1.739 2.101 2.613 2.904 3.775 3.026 3.191 3.487 2.962 3.160 3.708 4.286 4.301 4.458 5.070 5.221 5.377 5.461 5.307 5.309 5.650 5.820 5.824 5.749 5.581 5.479 5.479 5.558 5.121 5.030 5.147 5.194 5.344 5.665 5.575 5.045 4.943 4.697 3.410 3.076 2.501 1.812 1.387 1.077 0.682 0.413 0.569 0.759 1.257 1.407 1.723 2.158 2.451 2.817
1.560 1.544 1.551 1.642 1.761 1.807 1.868 2.179 2.348 2.449 2.534 3.153 2.713 2.183 2.052 2.074 1.568 1.770 2.164 2.799 3.032 3.853 3.090 3.302 3.459 3.243 3.134 4.109 4.395 3.880 4.315 5.090 5.562 5.545 5.579 5.787 5.901 5.955 5.947 5.873 5.735 5.610 5.587 5.534 5.493 5.064 4.831 5.074 5.408 5.603 5.638 5.772 5.628 5.102 4.789 4.464 4.000 2.932 2.352 1.739 1.377 0.961 0.844 0.953 1.165 1.720 1.682 2.253 2.435 3.071 3.411
1.488 1.582 1.655 1.726 1.867 1.996 2.080 2.374 2.499 2.594 2.779 3.068 2.788 2.183 2.326 2.381 2.490 2.724 3.242 3.504 4.064 3.935 3.785 3.644 3.728 3.352 3.521 3.486 3.698 4.268 4.764 5.298 5.394 5.515 5.837 5.302 5.745 6.078 6.079 5.758 5.615 5.453 5.505 5.310 4.881 4.434 3.774 3.999 4.439 5.597 5.550 5.759 5.862 5.586 5.019 4.175 3.056 1.886 1.658 1.021 0.755 0.485 0.894 1.464 1.914 2.224 2.316 2.596 2.804 3.321 3.618
1.705 1.646 1.748 1.876 2.004 2.169 2.341 2.483 2.673 2.737 2.919 2.947 3.031 2.820 2.894 2.703 3.228 3.434 3.990 4.400 4.460 4.009 3.772 3.554 3.229 2.888 3.102 3.221 4.598 5.504 5.773 5.868 5.865 6.098 5.342 5.600 5.421 6.198 6.043 5.044 4.337 3.944 3.984 3.920 4.010 3.098 3.029 3.013 3.500 5.432 5.154 5.473 5.876 5.937 5.099 3.842 2.298 0.431 0.213 0.320 0.110 0.000 0.238 1.330 1.770 2.624 2.712 2.918 3.040 3.467 3.749
1.859 1.930 1.926 1.997 2.163 2.317 2.477 2.643 2.795 2.953 3.094 3.093 3.209 3.392 3.444 3.296 3.602 4.104 4.370 4.525 4.307 3.814 3.204 2.650 2.363 2.050 2.241 2.825 3.358 4.454 4.737 5.341 5.685 6.285 5.352 5.404 5.037 5.989 5.422 3.368 1.667 1.274 1.530 1.335 1.388 0.879 0.911 1.507 2.228 3.956 3.850 4.307 5.299 6.176 5.131 3.561 1.577 0.012 0.000 0.000 0.000 0.000 0.000 0.790 1.072 1.721 2.265 2.378 2.522 2.764 3.162
