tests/test_sample_run/example/results/output_maps/SWEN0019.asc
ncols         174
nrows         141
xllcorner     744500.000000
yllcorner     5140950.000000
cellsize      250.000000
NODATA_value  -9999.0
[rows 31 to 61 of 141, columns 71 to 141 of 174]
0.000 0.029 0.042 0.013 0.008 0.000 0.068 0.093 0.115 0.132 0.147 0.167 0.179 0.209 0.221 0.219 0.212 0.173 0.152 0.140 0.139 0.096 0.068 0.023 0.000 0.000 0.000 0.000 0.060 0.101 0.104 0.172 0.230 0.206 0.177 0.155 0.137 0.109 0.096 0.085 0.080 0.060 0.062 0.025 0.000 0.000 0.000 0.000 0.000 0.000 0.000 0.050 0.058 0.065 0.101 0.130 0.146 0.162 0.164 0.170 0.177 0.180 0.182 0.182 0.179 0.140 0.114 0.094 0.091 0.070 0.051
0.000 0.004 0.005 0.000 0.000 0.019 0.018 0.059 0.106 0.135 0.152 0.175 0.186 0.211 0.222 0.227 0.219 0.187 0.169 0.161 0.128 0.095 0.063 0.023 0.000 0.000 0.000 0.046 0.113 0.135 0.133 0.188 0.238 0.242 0.215 0.184 0.177 0.148 0.150 0.138 0.115 0.092 0.069 0.013 0.000 0.000 0.000 0.000 0.000 0.000 0.000 0.091 0.128 0.129 0.136 0.153 0.162 0.171 0.177 0.186 0.187 0.188 0.188 0.188 0.171 0.112 0.104 0.074 0.054 0.026 0.015
0.000 0.000 0.000 0.000 0.000 0.032 0.029 0.044 0.054 0.111 0.127 0.157 0.177 0.205 0.222 0.228 0.229 0.216 0.186 0.148 0.125 0.091 0.076 0.034 0.000 0.000 0.051 0.100 0.142 0.187 0.203 0.241 0.253 0.209 0.220 0.207 0.198 0.187 0.163 0.133 0.105 0.067 0.056 0.000 0.000 0.029 0.024 0.000 0.000 0.000 0.000 0.078 0.126 0.146 0.153 0.159 0.162 0.167 0.176 0.179 0.183 0.193 0.194 0.192 0.158 0.105 0.065 0.028 0.000 0.000 0.000
0.000 0.000 0.000 0.000 0.005 0.006 0.016 0.020 0.041 0.077 0.095 0.161 0.180 0.202 0.221 0.230 0.233 0.228 0.189 0.145 0.130 0.098 0.082 0.056 0.000 0.033 0.065 0.129 0.171 0.208 0.241 0.260 0.227 0.176 0.172 0.158 0.157 0.124 0.115 0.087 0.077 0.031 0.027 0.000 0.057 0.046 0.043 0.017 0.000 0.000 0.000 0.100 0.120 0.128 0.124 0.144 0.141 0.134 0.150 0.159 0.164 0.193 0.200 0.199 0.175 0.091 0.042 0.000 0.000 0.000 0.000
0.000 0.000 0.000 0.000 0.000 0.000 0.000 0.000 0.000 0.039 0.079 0.123 0.148 0.181 0.206 0.231 0.238 0.234 0.204 0.164 0.142 0.127 0.108 0.088 0.064 0.049 0.078 0.139 0.183 0.236 0.260 0.256 0.208 0.159 0.129 0.113 0.108 0.074 0.070 0.039 0.028 0.001 0.000 0.000 0.000 0.085 0.101 0.075 0.090 0.094 0.096 0.090 0.088 0.088 0.110 0.103 0.089 0.086 0.083 0.103 0.104 0.145 0.201 0.204 0.191 0.121 0.044 0.000 0.000 0.000 0.000
0.000 0.000 0.000 0.000 0.000 0.000 0.000 0.000 0.000 0.000 0.066 0.109 0.137 0.163 0.188 0.231 0.241 0.241 0.226 0.188 0.165 0.148 0.128 0.108 0.103 0.069 0.092 0.130 0.183 0.241 0.270 0.244 0.199 0.151 0.118 0.089 0.075 0.055 0.029 0.000 0.000 0.000 0.000 0.000 0.035 0.055 0.140 0.134 0.135 0.126 0.113 0.082 0.066 0.074 0.115 0.079 0.060 0.057 0.050 0.049 0.054 0.119 0.194 0.209 0.180 0.103 0.050 0.000 0.000 0.000 0.000
0.000 0.000 0.000 0.000 0.000 0.000 0.000 0.000 0.000 0.000 0.053 0.100 0.139 0.160 0.189 0.230 0.242 0.245 0.246 0.237 0.223 0.193 0.171 0.150 0.137 0.115 0.104 0.144 0.196 0.249 0.276 0.254 0.211 0.169 0.133 0.058 0.040 0.019 0.010 0.000 0.000 0.000 0.000 0.000 0.055 0.135 0.123 0.172 0.155 0.143 0.112 0.128 0.118 0.113 0.121 0.045 0.025 0.000 0.000 0.000 0.017 0.091 0.175 0.229 0.158 0.108 0.087 0.003 0.000 0.000 0.000
0.000 0.000 0.000 0.000 0.000 0.000 0.000 0.000 0.000 0.040 0.093 0.141 0.155 0.173 0.193 0.229 0.242 0.248 0.252 0.250 0.250 0.232 0.211 0.175 0.157 0.131 0.097 0.161 0.197 0.252 0.280 0.265 0.223 0.172 0.142 0.085 0.051 0.022 0.051 0.022 0.000 0.000 0.000 0.000 0.040 0.158 0.137 0.191 0.158 0.123 0.108 0.145 0.130 0.151 0.113 0.038 0.000 0.000 0.000 0.000 0.000 0.113 0.163 0.247 0.176 0.099 0.045 0.022 0.000 0.000 0.000
0.000 0.000 0.000 0.000 0.000 0.000 0.000 0.000 0.047 0.082 0.083 0.123 0.143 0.184 0.198 0.215 0.225 0.249 0.253 0.259 0.258 0.256 0.249 0.221 0.197 0.165 0.154 0.182 0.202 0.251 0.284 0.265 0.226 0.170 0.146 0.104 0.111 0.098 0.099 0.060 0.021 0.000 0.000 0.000 0.058 0.148 0.186 0.214 0.178 0.127 0.084 0.177 0.176 0.166 0.122 0.077 0.016 0.000 0.000 0.000 0.000 0.113 0.209 0.243 0.126 0.036 0.000 0.000 0.000 0.000 0.000
0.000 0.000 0.000 0.000 0.000 0.000 0.000 0.025 0.055 0.079 0.082 0.111 0.137 0.161 0.166 0.194 0.206 0.236 0.255 0.260 0.264 0.268 0.264 0.247 0.226 0.197 0.189 0.195 0.211 0.255 0.289 0.267 0.238 0.178 0.150 0.137 0.141 0.145 0.126 0.077 0.046 0.000 0.000 0.000 0.042 0.138 0.159 0.226 0.215 0.169 0.140 0.184 0.232 0.175 0.153 0.095 0.074 0.035 0.000 0.000 0.009 0.158 0.239 0.221 0.104 0.037 0.000 0.000 0.000 0.002 0.016
0.000 0.000 0.000 0.000 0.000 0.000 0.000 0.000 0.000 0.000 0.055 0.103 0.128 0.123 0.133 0.165 0.185 0.215 0.238 0.257 0.264 0.270 0.276 0.269 0.261 0.250 0.234 0.227 0.241 0.264 0.296 0.271 0.245 0.186 0.171 0.188 0.224 0.155 0.133 0.084 0.055 0.000 0.000 0.000 0.017 0.083 0.137 0.200 0.244 0.208 0.170 0.201 0.254 0.216 0.200 0.143 0.131 0.104 0.093 0.046 0.143 0.208 0.257 0.167 0.088 0.034 0.000 0.000 0.000 0.073 0.089
0.000 0.000 0.000 0.000 0.000 0.000 0.000 0.000 0.000 0.000 0.079 0.096 0.107 0.113 0.121 0.148 0.174 0.207 0.225 0.247 0.257 0.271 0.274 0.283 0.277 0.268 0.259 0.259 0.259 0.275 0.302 0.277 0.253 0.201 0.194 0.260 0.226 0.173 0.138 0.086 0.055 0.000 0.000 0.000 0.000 0.056 0.142 0.194 0.246 0.239 0.194 0.212 0.261 0.253 0.223 0.190 0.177 0.159 0.122 0.183 0.140 0.216 0.267 0.179 0.126 0.045 0.014 0.000 0.000 0.096 0.157
0.000 0.000 0.000 0.000 0.000 0.000 0.000 0.000 0.000 0.000 0.068 0.073 0.089 0.101 0.115 0.146 0.169 0.193 0.221 0.224 0.252 0.274 0.276 0.279 0.291 0.292 0.289 0.275 0.278 0.297 0.307 0.283 0.269 0.239 0.242 0.311 0.233 0.187 0.156 0.096 0.049 0.000 0.000 0.000 0.031 0.088 0.122 0.204 0.245 0.289 0.234 0.219 0.246 0.294 0.274 0.257 0.238 0.218 0.203 0.243 0.226 0.265 0.277 0.224 0.180 0.112 0.109 0.106 0.099 0.191 0.130
0.000 0.000 0.000 0.000 0.000 0.000 0.000 0.000 0.000 0.016 0.048 0.056 0.067 0.085 0.105 0.139 0.157 0.183 0.209 0.225 0.251 0.250 0.264 0.272 0.274 0.290 0.297 0.303 0.307 0.308 0.313 0.293 0.294 0.274 0.300 0.307 0.222 0.163 0.135 0.091 0.054 0.000 0.000 0.048 0.080 0.132 0.167 0.229 0.265 0.298 0.218 0.226 0.243 0.293 0.304 0.284 0.278 0.267 0.252 0.265 0.286 0.290 0.272 0.273 0.238 0.185 0.169 0.154 0.160 0.217 0.116
0.000 0.000 0.000 0.000 0.000 0.000 0.000 0.000 0.000 0.000 0.010 0.023 0.020 0.059 0.059 0.120 0.154 0.187 0.199 0.226 0.233 0.203 0.215 0.248 0.260 0.285 0.298 0.301 0.307 0.317 0.322 0.310 0.311 0.309 0.312 0.290 0.268 0.229 0.175 0.104 0.062 0.027 0.047 0.139 0.159 0.220 0.234 0.268 0.314 0.272 0.222 0.238 0.272 0.304 0.307 0.299 0.292 0.289 0.290 0.303 0.283 0.245 0.248 0.268 0.283 0.278 0.246 0.224 0.220 0.194 0.156
0.000 0.000 0.000 0.000 0.000 0.000 0.000 0.000 0.000 0.000 0.000 0.000 0.000 0.023 0.035 0.113 0.134 0.174 0.197 0.227 0.216 0.182 0.194 0.215 0.240 0.274 0.296 0.300 0.297 0.301 0.317 0.332 0.323 0.326 0.326 0.327 0.313 0.231 0.190 0.135 0.082 0.058 0.055 0.158 0.210 0.258 0.290 0.317 0.329 0.290 0.255 0.278 0.292 0.303 0.301 0.313 0.320 0.316 0.306 0.282 0.248 0.186 0.190 0.250 0.251 0.204 0.226 0.273 0.251 0.195 0.132
0.000 0.000 0.000 0.000 0.000 0.000 0.000 0.000 0.000 0.000 0.000 0.000 0.014 0.019 0.028 0.081 0.108 0.169 0.192 0.212 0.193 0.155 0.161 0.180 0.206 0.240 0.260 0.283 0.286 0.304 0.303 0.322 0.342 0.334 0.327 0.323 0.308 0.258 0.219 0.170 0.133 0.102 0.101 0.168 0.203 0.258 0.291 0.323 0.339 0.321 0.313 0.307 0.305 0.308 0.322 0.331 0.316 0.307 0.294 0.280 0.220 0.121 0.107 0.216 0.175 0.098 0.140 0.220 0.268 0.240 0.210
0.000 0.000 0.000 0.000 0.000 0.000 0.000 0.000 0.000 0.000 0.000 0.000 0.000 0.018 0.000 0.069 0.108 0.158 0.186 0.195 0.190 0.147 0.143 0.163 0.198 0.214 0.236 0.255 0.270 0.303 0.315 0.320 0.335 0.350 0.330 0.329 0.329 0.282 0.245 0.192 0.163 0.108 0.104 0.138 0.194 0.251 0.296 0.331 0.353 0.329 0.327 0.321 0.329 0.343 0.339 0.318 0.312 0.314 0.306 0.257 0.168 0.095 0.056 0.186 0.133 0.080 0.103 0.239 0.250 0.273 0.258
0.000 0.000 0.000 0.000 0.000 0.000 0.000 0.000 0.000 0.000 0.000 0.000 0.057 0.047 0.069 0.103 0.102 0.149 0.163 0.145 0.157 0.150 0.140 0.178 0.186 0.178 0.193 0.220 0.229 0.265 0.296 0.325 0.334 0.350 0.350 0.333 0.337 0.319 0.300 0.237 0.193 0.153 0.134 0.194 0.210 0.257 0.298 0.338 0.352 0.348 0.343 0.346 0.353 0.340 0.328 0.310 0.318 0.323 0.293 0.194 0.109 0.048 0.000 0.123 0.115 0.000 0.156 0.209 0.230 0.262 0.265
0.026 0.000 0.000 0.000 0.000 0.000 0.000 0.000 0.000 0.000 0.000 0.000 0.070 0.103 0.110 0.103 0.100 0.135 0.145 0.137 0.151 0.153 0.166 0.194 0.197 0.177 0.187 0.204 0.210 0.245 0.284 0.325 0.333 0.338 0.370 0.345 0.337 0.341 0.322 0.280 0.232 0.188 0.205 0.257 0.277 0.306 0.330 0.351 0.350 0.361 0.362 0.365 0.346 0.333 0.330 0.329 0.301 0.296 0.267 0.161 0.105 0.018 0.000 0.091 0.073 0.097 0.131 0.181 0.205 0.257 0.264
0.066 0.019 0.007 0.024 0.000 0.000 0.000 0.000 0.000 0.000 0.000 0.020 0.101 0.152 0.131 0.116 0.120 0.119 0.135 0.149 0.171 0.179 0.192 0.202 0.205 0.210 0.225 0.207 0.207 0.217 0.252 0.285 0.323 0.337 0.355 0.377 0.355 0.346 0.352 0.343 0.314 0.272 0.297 0.325 0.354 0.345 0.342 0.347 0.365 0.376 0.376 0.361 0.343 0.346 0.346 0.341 0.267 0.238 0.189 0.130 0.090 0.000 0.000 0.027 0.000 0.082 0.041 0.147 0.174 0.187 0.220
0.090 0.043 0.052 0.036 0.000 0.015 0.031 0.000 0.000 0.000 0.000 0.044 0.110 0.164 0.156 0.146 0.139 0.120 0.126 0.161 0.186 0.189 0.199 0.209 0.216 0.240 0.254 0.240 0.227 0.222 0.245 0.274 0.308 0.351 0.351 0.369 0.391 0.367 0.365 0.363 0.348 0.317 0.357 0.356 0.356 0.361 0.375 0.387 0.390 0.387 0.380 0.363 0.357 0.358 0.340 0.322 0.289 0.184 0.144 0.096 0.000 0.000 0.000 0.000 0.000 0.000 0.000 0.122 0.156 0.174 0.186
0.100 0.080 0.084 0.050 0.000 0.086 0.077 0.059 0.067 0.047 0.000 0.084 0.150 0.193 0.176 0.166 0.152 0.136 0.149 0.181 0.198 0.207 0.222 0.225 0.234 0.272 0.295 0.285 0.278 0.298 0.282 0.290 0.309 0.359 0.365 0.365 0.379 0.399 0.373 0.376 0.379 0.359 0.367 0.371 0.381 0.401 0.404 0.400 0.401 0.397 0.380 0.373 0.366 0.335 0.299 0.237 0.217 0.174 0.128 0.037 0.000 0.000 0.000 0.000 0.000 0.000 0.000 0.112 0.131 0.162 0.200
0.117 0.089 0.097 0.048 0.000 0.100 0.103 0.094 0.090 0.061 0.021 0.100 0.158 0.209 0.167 0.143 0.140 0.133 0.150 0.170 0.198 0.214 0.222 0.237 0.262 0.303 0.329 0.332 0.345 0.319 0.350 0.308 0.324 0.352 0.368 0.378 0.367 0.399 0.402 0.387 0.381 0.390 0.401 0.413 0.417 0.407 0.392 0.392 0.392 0.407 0.383 0.383 0.379 0.329 0.280 0.216 0.174 0.115 0.113 0.043 0.000 0.000 0.000 0.000 0.000 0.000 0.000 0.069 0.094 0.169 0.187
0.130 0.114 0.115 0.082 0.087 0.131 0.133 0.104 0.093 0.077 0.069 0.135 0.190 0.201 0.153 0.125 0.116 0.121 0.144 0.178 0.213 0.222 0.240 0.258 0.277 0.281 0.295 0.342 0.380 0.378 0.389 0.369 0.370 0.386 0.398 0.415 0.390 0.382 0.421 0.419 0.417 0.424 0.428 0.422 0.407 0.396 0.397 0.403 0.391 0.406 0.405 0.373 0.398 0.381 0.343 0.254 0.190 0.122 0.080 0.031 0.000 0.000 0.000 0.000 0.000 0.000 0.031 0.055 0.095 0.164 0.194
0.129 0.121 0.117 0.112 0.125 0.153 0.129 0.108 0.105 0.107 0.129 0.180 0.244 0.185 0.155 0.129 0.122 0.122 0.153 0.193 0.225 0.236 0.250 0.263 0.272 0.262 0.274 0.304 0.331 0.379 0.386 0.407 0.415 0.394 0.387 0.389 0.395 0.402 0.432 0.438 0.438 0.434 0.420 0.409 0.416 0.408 0.412 0.418 0.402 0.406 0.425 0.395 0.400 0.399 0.326 0.257 0.216 0.135 0.106 0.021 0.000 0.000 0.000 0.000 0.000 0.026 0.059 0.096 0.113 0.133 0.194
0.128 0.124 0.122 0.125 0.134 0.145 0.138 0.137 0.168 0.169 0.177 0.232 0.219 0.172 0.151 0.137 0.134 0.143 0.162 0.197 0.216 0.274 0.226 0.240 0.260 0.226 0.241 0.278 0.314 0.326 0.340 0.398 0.401 0.415 0.421 0.409 0.409 0.436 0.449 0.448 0.442 0.428 0.420 0.420 0.430 0.406 0.389 0.400 0.413 0.410 0.435 0.427 0.386 0.394 0.367 0.260 0.239 0.200 0.160 0.128 0.105 0.070 0.016 0.000 0.025 0.087 0.117 0.141 0.173 0.191 0.215
0.129 0.128 0.128 0.134 0.142 0.145 0.149 0.173 0.185 0.189 0.197 0.245 0.209 0.161 0.155 0.158 0.130 0.139 0.158 0.209 0.224 0.279 0.231 0.246 0.257 0.244 0.240 0.304 0.322 0.293 0.319 0.400 0.426 0.426 0.429 0.445 0.454 0.459 0.457 0.451 0.440 0.429 0.432 0.441 0.435 0.390 0.361 0.394 0.426 0.428 0.432 0.442 0.431 0.390 0.379 0.331 0.301 0.230 0.192 0.156 0.129 0.099 0.080 0.068 0.078 0.152 0.149 0.181 0.193 0.234 0.254
0.122 0.130 0.136 0.141 0.152 0.161 0.168 0.189 0.198 0.205 0.218 0.240 0.215 0.162 0.173 0.179 0.186 0.201 0.239 0.263 0.319 0.290 0.277 0.269 0.277 0.253 0.267 0.265 0.278 0.321 0.374 0.412 0.414 0.426 0.449 0.407 0.441 0.467 0.466 0.441 0.429 0.425 0.437 0.414 0.365 0.333 0.292 0.304 0.334 0.434 0.426 0.440 0.448 0.426 0.398 0.310 0.238 0.165 0.148 0.104 0.079 0.050 0.082 0.132 0.168 0.182 0.187 0.205 0.219 0.252 0.269
0.137 0.134 0.143 0.153 0.162 0.175 0.187 0.198 0.211 0.216 0.229 0.232 0.234 0.211 0.212 0.201 0.237 0.264 0.316 0.343 0.351 0.299 0.278 0.266 0.245 0.224 0.239 0.247 0.358 0.427 0.441 0.449 0.450 0.469 0.410 0.443 0.415 0.475 0.463 0.389 0.346 0.297 0.298 0.295 0.303 0.242 0.241 0.240 0.267 0.425 0.411 0.420 0.449 0.453 0.401 0.289 0.184 0.044 0.022 0.033 0.011 0.000 0.006 0.110 0.158 0.210 0.216 0.229 0.236 0.263 0.281
0.150 0.156 0.156 0.162 0.174 0.186 0.198 0.210 0.221 0.233 0.243 0.241 0.249 0.264 0.273 0.245 0.280 0.316 0.336 0.353 0.337 0.278 0.241 0.205 0.188 0.169 0.183 0.222 0.256 0.338 0.373 0.413 0.435 0.482 0.410 0.420 0.393 0.459 0.415 0.253 0.147 0.122 0.142 0.128 0.131 0.093 0.096 0.144 0.187 0.297 0.294 0.327 0.415 0.470 0.405 0.270 0.141 0.000 0.000 0.000 0.000 0.000 0.000 0.025 0.108 0.153 0.185 0.191 0.200 0.215 0.241
