tests/test_sample_run/example/results/output_maps/SWEN0020.asc
ncols         174
nrows         141
xllcorner     744500.000000
yllcorner     5140950.000000
cellsize      250.000000
NODATA_value  -9999.0
[rows 62 to 92 of 141, columns 71 to 141 of 174]
2.025 1.992 2.010 2.059 2.202 2.392 2.604 2.802 2.969 3.129 3.282 3.290 3.456 3.576 3.624 3.546 3.870 4.410 4.641 4.573 4.247 3.516 2.629 1.637 1.524 1.602 2.210 2.247 3.590 4.064 3.900 4.591 5.159 6.419 5.405 5.228 4.970 6.200 5.100 2.478 0.667 0.117 0.397 0.277 0.000 0.000 0.000 0.030 2.572 1.863 2.269 3.237 4.470 6.190 5.321 3.841 2.282 0.000 0.000 0.000 0.000 0.000 0.000 0.146 0.466 0.979 0.974 1.123 1.188 1.812 2.345
1.953 2.071 1.890 2.137 2.200 2.377 2.639 2.790 3.033 3.280 3.454 3.556 3.703 3.866 3.888 3.918 4.318 4.521 4.373 4.318 4.095 3.009 2.076 0.291 0.000 1.596 3.729 2.939 3.586 4.683 5.189 5.363 6.191 6.665 6.259 5.958 6.121 6.740 5.324 2.710 0.960 0.000 0.000 0.000 0.000 0.000 0.000 0.000 0.414 0.000 0.000 2.311 4.420 6.092 5.866 4.486 2.665 0.165 0.000 0.000 0.000 0.000 0.000 0.000 0.000 0.000 0.000 0.000 0.000 0.953 1.537
1.730 1.945 1.562 1.949 2.077 2.444 2.679 2.668 2.675 2.972 3.370 3.691 3.902 4.072 4.260 4.352 4.249 4.036 3.904 3.701 3.473 2.355 1.517 0.142 1.723 2.739 3.137 4.763 4.795 5.294 5.824 6.296 6.776 6.397 6.693 6.805 7.021 6.988 5.857 3.553 2.758 1.428 0.851 0.000 0.000 0.000 0.000 0.000 0.000 0.000 0.000 1.888 4.146 5.130 6.178 4.644 3.137 1.086 0.000 0.000 0.000 0.000 0.000 0.000 0.000 0.000 0.000 0.000 0.000 0.000 2.210
1.195 1.133 1.092 1.181 1.498 2.355 2.573 2.540 2.589 2.831 3.093 3.450 3.978 4.125 4.243 4.313 4.270 3.994 3.888 3.208 2.619 1.835 3.085 3.028 3.199 4.070 4.421 5.500 5.493 6.139 6.609 6.661 6.010 5.511 6.740 7.167 7.048 7.034 7.361 6.328 4.936 3.430 2.701 1.557 0.095 0.000 0.000 0.000 0.000 0.000 0.000 3.084 1.589 2.049 5.097 5.954 4.203 2.284 1.021 0.000 0.000 0.000 0.000 0.000 0.000 0.000 0.000 0.000 0.000 0.844 2.741
1.138 0.788 0.780 0.903 1.397 1.939 2.222 2.074 2.378 2.798 3.050 3.493 3.626 4.300 4.184 4.173 4.510 4.339 4.131 3.602 3.500 2.433 3.486 4.285 4.277 4.973 5.363 6.445 6.668 6.299 5.900 5.418 4.360 5.788 6.528 7.363 6.649 6.281 6.782 7.196 7.304 5.998 4.988 1.767 1.304 0.000 0.000 0.000 0.000 0.000 0.853 1.046 0.057 0.000 3.134 6.215 5.051 2.528 0.980 0.539 0.000 0.000 0.000 0.000 0.000 0.000 0.000 0.000 1.166 2.828 3.712
1.464 0.529 0.081 0.450 1.280 1.215 1.433 1.206 1.339 2.014 2.529 3.368 3.666 4.055 4.648 4.414 4.574 4.848 4.743 4.629 4.369 4.126 4.646 5.241 5.553 6.150 6.397 6.034 5.922 5.800 4.014 3.973 1.807 4.952 7.309 7.160 5.724 4.683 5.259 6.204 6.605 7.224 5.155 1.045 0.540 0.000 0.000 0.000 0.000 0.000 0.492 0.000 0.000 0.446 4.297 6.082 5.540 4.249 2.801 0.406 0.000 0.000 0.000 0.000 0.000 0.000 0.312 1.809 3.117 2.650 1.531
1.260 0.000 0.000 0.120 0.777 0.457 0.713 0.611 0.608 1.591 2.352 3.402 3.782 4.001 4.756 4.687 4.719 5.138 5.014 4.889 5.024 5.814 6.111 5.574 6.078 6.057 5.962 5.702 4.565 3.709 1.311 1.867 0.797 4.890 7.383 7.185 5.603 3.097 2.613 4.303 4.287 5.444 5.282 1.044 0.024 0.000 0.000 0.000 0.000 0.000 0.000 0.000 0.000 0.000 3.471 6.124 5.302 2.264 0.734 0.000 0.000 0.000 0.000 0.000 0.000 0.000 0.486 1.809 0.636 0.000 0.446
1.720 0.972 0.000 0.000 0.134 0.000 0.005 1.287 0.459 1.369 1.461 2.791 3.739 4.085 4.885 4.736 5.175 5.165 5.337 5.807 5.250 3.972 5.297 4.148 5.735 6.001 6.134 3.570 1.533 0.036 0.000 0.000 0.515 5.173 7.021 7.567 4.902 0.649 0.006 1.143 0.620 1.470 3.640 3.818 1.376 0.000 0.000 0.000 0.000 0.000 0.000 0.000 0.000 0.000 3.365 6.217 4.719 0.473 0.000 0.000 0.000 0.000 0.000 0.000 0.000 0.000 0.000 0.000 0.000 0.000 0.000
1.560 0.740 0.089 0.413 0.743 0.973 1.349 1.491 1.555 1.199 1.707 2.886 3.805 4.148 5.059 4.951 5.261 5.508 5.590 4.721 3.855 2.329 3.530 4.273 5.301 4.232 5.002 4.016 1.277 0.000 0.000 0.000 0.000 3.613 6.315 7.684 4.125 0.154 0.000 0.000 0.000 0.000 1.377 2.536 2.731 0.413 0.000 0.000 0.000 0.000 0.000 0.000 0.000 2.103 4.716 6.503 3.920 0.232 0.000 0.000 0.000 0.000 0.000 0.000 0.000 0.000 -9999.000 -9999.000 -9999.000 0.000 -9999.000
1.318 0.467 0.000 0.298 0.701 0.440 0.352 0.000 0.931 3.046 3.357 3.947 4.149 4.274 5.207 5.235 5.469 5.700 5.290 3.401 1.529 0.000 0.000 3.779 1.781 0.541 1.461 4.854 1.624 0.000 0.000 0.000 0.000 2.359 4.762 6.894 3.172 0.000 0.000 0.000 0.000 0.000 0.000 1.089 1.534 1.377 0.659 0.000 0.000 0.000 0.000 0.000 0.000 1.805 5.280 6.244 4.710 2.195 0.800 0.000 0.000 0.000 0.000 0.000 0.000 -9999.000 -9999.000 -9999.000 -9999.000 -9999.000 -9999.000
0.977 0.260 0.000 0.621 0.358 0.081 0.000 0.000 0.823 2.877 4.416 4.380 4.385 4.758 5.345 5.260 5.575 5.855 4.671 2.551 0.580 0.000 0.000 0.917 0.433 0.000 0.389 3.212 2.229 0.000 0.000 0.000 0.000 0.813 3.128 5.408 3.683 1.593 1.179 0.000 0.000 0.000 0.000 0.435 0.591 0.421 0.000 0.000 0.000 0.000 0.000 0.000 0.000 2.089 5.340 5.989 4.791 3.141 1.846 0.000 0.000 0.000 0.000 0.000 -9999.000 -9999.000 -9999.000 -9999.000 -9999.000 -9999.000 -9999.000
0.000 0.000 0.000 0.252 0.000 0.000 0.000 0.000 0.324 2.853 3.949 4.654 4.970 5.179 5.474 5.240 5.834 5.903 4.439 1.751 0.390 0.000 0.000 0.000 0.000 0.000 0.000 1.317 0.060 0.000 0.000 0.000 0.000 0.000 2.249 2.905 2.087 1.220 0.342 0.000 0.000 0.000 0.000 0.000 0.000 0.000 0.000 0.000 0.000 0.000 0.000 0.000 0.000 2.859 5.394 6.144 5.246 3.642 2.313 1.877 1.091 0.008 0.000 0.000 -9999.000 -9999.000 -9999.000 -9999.000 -9999.000 -9999.000 -9999.000
0.000 0.000 0.210 0.000 0.000 0.000 0.000 0.000 1.115 3.218 4.340 4.708 4.928 5.292 5.517 5.494 5.584 6.026 3.593 1.259 0.288 0.000 0.000 0.000 0.000 0.000 0.000 0.295 0.000 0.000 0.000 0.000 0.000 0.000 0.921 1.446 0.124 0.000 0.000 0.000 0.000 0.000 0.000 0.000 0.000 0.000 0.000 0.000 0.000 0.000 0.000 0.000 0.000 3.229 4.825 6.097 5.479 4.356 3.739 1.672 1.171 0.039 0.000 0.000 -9999.000 -9999.000 -9999.000 -9999.000 -9999.000 -9999.000 -9999.000
0.000 0.000 0.000 0.000 0.000 0.000 0.000 0.320 1.539 3.314 4.470 4.902 5.112 5.498 5.687 5.831 5.557 4.753 3.701 1.469 0.000 0.346 0.000 0.000 0.000 0.000 0.000 0.000 0.000 0.000 0.000 0.000 0.000 0.000 0.000 0.000 0.000 0.000 0.000 0.000 0.000 0.000 0.000 0.000 0.000 0.000 0.000 0.000 0.000 0.000 0.000 0.000 0.948 2.958 3.993 5.869 5.846 3.936 1.977 0.000 0.000 0.000 0.000 -9999.000 -9999.000 -9999.000 -9999.000 -9999.000 -9999.000 -9999.000 -9999.000
0.000 0.000 0.000 0.000 0.000 0.000 0.000 1.702 2.658 3.867 4.670 4.981 5.251 5.630 5.834 6.040 5.863 5.300 4.661 3.074 2.114 2.257 1.634 0.000 0.798 0.239 0.000 0.000 0.000 0.000 0.000 0.000 0.000 0.000 0.000 0.000 0.000 0.000 0.000 0.000 0.000 0.000 0.000 0.000 0.000 0.000 0.000 0.000 0.000 0.000 0.000 0.774 1.871 3.632 5.192 5.729 5.743 3.448 1.067 0.000 0.000 0.000 0.000 -9999.000 -9999.000 -9999.000 -9999.000 -9999.000 -9999.000 -9999.000 -9999.000
0.000 0.000 0.000 0.000 0.000 0.000 1.515 2.867 3.747 4.343 4.727 4.990 5.506 5.764 5.917 6.043 6.187 6.479 6.674 6.810 6.371 6.190 5.366 3.373 3.042 1.470 0.192 0.000 0.000 0.000 0.000 0.000 0.000 0.000 0.000 0.000 0.000 0.000 0.000 0.000 0.000 0.000 0.000 0.000 0.000 0.000 0.000 0.000 0.000 0.000 0.396 2.357 3.780 4.072 4.976 5.813 5.865 3.782 1.775 0.101 0.000 0.000 0.000 -9999.000 -9999.000 -9999.000 -9999.000 -9999.000 -9999.000 -9999.000 -9999.000
0.000 0.000 0.000 0.000 0.000 1.614 2.294 3.604 4.190 4.717 4.952 5.336 5.675 5.864 6.029 6.136 6.157 6.157 5.475 4.141 5.761 3.053 3.330 4.849 3.447 0.622 0.000 0.000 0.000 0.000 0.000 0.000 0.000 0.000 0.000 0.000 0.000 0.000 0.000 0.000 0.000 0.000 0.000 0.000 0.000 0.000 0.000 0.000 0.000 0.595 1.883 2.317 2.190 4.291 5.063 5.963 5.996 4.142 2.233 0.603 0.000 0.000 0.000 -9999.000 -9999.000 -9999.000 -9999.000 -9999.000 -9999.000 -9999.000 -9999.000
0.000 0.000 0.000 0.000 0.000 1.436 2.117 3.129 3.773 4.508 5.082 5.508 5.752 5.948 6.111 6.307 6.499 6.449 6.041 5.319 5.734 3.499 2.319 3.062 2.810 0.528 0.037 0.000 0.000 0.000 0.000 0.000 0.000 0.000 0.000 0.000 0.000 0.000 0.000 0.000 0.000 0.000 0.000 0.000 0.000 0.000 0.000 0.000 0.000 0.138 0.000 0.000 0.636 3.797 5.272 5.694 5.889 5.791 3.960 2.009 1.486 0.721 1.227 -9999.000 -9999.000 -9999.000 -9999.000 -9999.000 -9999.000 -9999.000 -9999.000
0.000 0.000 0.000 0.000 0.000 0.079 1.554 3.157 4.175 4.883 5.168 5.525 5.823 5.925 6.055 6.356 6.592 6.892 6.753 6.148 5.944 4.342 3.275 3.504 3.672 1.779 0.650 0.000 0.000 0.000 0.000 0.000 0.000 0.000 0.000 0.000 0.000 0.000 0.000 0.000 0.000 0.000 0.000 0.000 0.000 0.000 0.000 0.000 0.000 0.000 0.000 0.436 2.097 4.439 5.065 5.567 5.811 5.711 5.344 3.719 3.500 3.210 3.125 -9999.000 -9999.000 -9999.000 -9999.000 -9999.000 -9999.000 -9999.000 -9999.000
0.000 0.000 0.000 0.000 0.000 0.000 0.807 2.665 3.858 4.442 4.988 5.573 5.807 5.913 6.245 6.487 6.689 7.042 7.330 7.067 6.476 5.613 4.947 4.867 5.084 3.090 1.651 0.000 0.000 0.000 0.570 0.000 0.000 0.000 0.000 0.000 0.000 0.000 2.395 2.378 2.014 2.486 1.615 2.008 0.000 0.000 0.000 0.000 0.000 0.000 0.000 1.991 3.108 4.227 4.111 4.585 5.334 5.722 5.545 5.078 4.690 3.416 2.503 2.538 -9999.000 -9999.000 -9999.000 -9999.000 -9999.000 -9999.000 -9999.000
0.000 0.000 0.000 0.000 0.000 0.000 0.206 1.880 3.561 3.947 4.642 5.732 5.813 6.055 6.293 6.548 6.907 7.138 7.446 7.560 7.205 6.391 5.871 7.009 5.938 3.859 2.552 1.489 0.696 2.036 2.381 1.469 0.617 0.000 0.000 1.246 1.796 2.985 4.347 4.448 3.245 4.412 3.661 2.041 0.609 1.154 0.000 0.000 0.000 0.000 0.120 1.520 1.981 3.145 2.008 2.562 3.566 5.550 5.315 4.832 4.202 3.000 1.862 1.948 -9999.000 -9999.000 -9999.000 -9999.000 -9999.000 -9999.000 -9999.000
0.187 0.895 1.314 1.517 1.192 1.353 0.733 2.248 2.695 3.893 5.343 5.781 5.841 5.874 6.295 6.677 6.949 7.247 7.535 7.755 7.686 7.316 6.966 6.042 6.085 5.076 4.708 4.259 3.127 3.927 5.478 3.551 3.467 2.522 0.971 2.808 4.034 3.234 5.937 8.737 7.731 5.435 7.004 5.368 3.970 3.300 2.260 1.577 1.389 0.000 0.000 0.000 0.000 1.479 0.444 1.382 2.883 4.738 4.930 2.556 2.051 3.435 2.570 1.202 -9999.000 -9999.000 -9999.000 -9999.000 -9999.000 -9999.000 -9999.000
0.732 2.236 1.799 2.485 2.386 1.664 0.802 2.658 3.709 4.615 5.503 5.747 5.641 5.805 6.401 6.590 7.013 7.292 7.621 7.846 7.978 8.364 8.439 8.325 7.701 7.042 6.423 4.118 3.225 4.258 6.899 5.248 3.746 1.806 1.221 4.294 8.570 8.606 10.681 10.971 10.473 10.361 9.389 8.563 7.422 4.851 3.694 2.835 1.941 0.000 0.000 0.000 0.263 0.000 0.000 1.760 2.764 4.366 3.564 1.540 1.759 2.522 2.082 -9999.000 -9999.000 -9999.000 -9999.000 -9999.000 -9999.000 -9999.000 -9999.000
0.559 2.456 3.274 3.647 3.333 2.701 3.113 3.152 3.648 4.356 5.577 5.684 5.882 6.027 6.416 6.605 7.054 7.330 7.673 7.873 8.176 7.798 7.535 6.513 7.220 6.290 5.445 3.994 3.575 5.170 7.405 8.292 6.889 7.005 7.969 10.605 13.168 14.190 13.721 10.613 7.310 5.328 4.740 4.436 5.939 6.922 4.348 2.827 1.595 0.000 0.000 0.000 0.000 0.000 0.000 1.846 3.136 4.112 2.164 0.874 0.462 2.137 1.527 -9999.000 -9999.000 -9999.000 -9999.000 -9999.000 -9999.000 -9999.000 -9999.000
1.371 2.386 3.344 3.915 3.926 3.983 4.020 3.795 3.982 4.661 5.606 5.681 5.985 6.011 6.310 6.779 7.113 7.333 7.648 7.931 7.912 7.245 7.215 5.937 6.108 5.757 5.663 3.620 4.285 6.528 8.704 11.301 10.356 11.403 12.645 14.612 14.280 10.507 8.465 6.046 2.903 1.943 1.827 1.643 2.565 5.328 2.397 1.843 1.548 0.000 0.000 0.000 0.000 0.000 0.310 1.934 3.210 3.340 2.216 1.716 0.489 1.444 1.277 -9999.000 -9999.000 -9999.000 -9999.000 -9999.000 -9999.000 -9999.000 -9999.000
2.578 3.475 3.814 4.055 4.233 4.241 4.488 4.490 4.595 5.179 5.586 5.612 5.941 6.036 6.359 6.713 7.062 7.407 7.767 8.051 7.500 6.481 6.832 5.777 6.687 7.482 7.353 7.692 8.834 9.937 11.022 13.053 12.870 13.811 14.542 11.319 8.457 4.659 3.980 3.826 1.503 0.275 0.000 0.000 1.887 3.754 2.290 2.227 1.769 0.933 0.000 0.000 0.000 0.000 1.681 3.114 3.484 2.341 1.721 1.289 0.495 0.000 0.659 -9999.000 -9999.000 -9999.000 -9999.000 -9999.000 -9999.000 -9999.000 -9999.000
3.175 2.803 2.818 3.459 4.142 4.505 4.627 4.737 5.018 5.302 5.532 5.798 6.023 6.305 6.592 6.801 6.839 7.247 7.688 8.069 8.033 7.285 7.591 7.567 8.320 8.929 8.865 9.698 10.271 11.698 12.970 13.619 13.810 14.014 12.374 8.507 5.882 2.223 0.690 3.634 0.624 0.000 0.038 2.187 2.696 3.379 2.795 1.219 0.734 0.000 0.000 0.000 0.000 0.000 1.708 1.738 2.850 1.889 1.393 1.378 0.146 0.000 0.000 -9999.000 -9999.000 -9999.000 -9999.000 -9999.000 -9999.000 -9999.000 -9999.000
1.286 1.347 1.708 2.575 3.162 3.862 4.531 4.785 5.049 5.237 5.516 5.641 5.879 6.197 6.430 6.767 7.175 7.400 7.514 7.880 8.342 8.168 8.666 8.984 9.423 9.650 10.318 10.922 12.157 12.223 11.790 10.914 9.187 10.208 9.426 4.268 1.794 0.000 0.000 0.851 0.199 0.000 0.000 0.000 0.000 2.500 1.343 0.000 0.000 0.000 0.000 0.000 0.000 0.000 0.000 0.842 1.774 1.365 0.807 0.597 0.236 0.000 0.000 -9999.000 -9999.000 -9999.000 -9999.000 -9999.000 -9999.000 -9999.000 -9999.000
0.527 1.155 1.369 2.273 3.015 3.725 4.049 4.591 4.965 5.233 5.381 5.499 5.900 6.177 6.443 6.735 6.739 7.101 7.802 7.914 8.325 8.820 9.436 9.512 9.725 10.636 11.075 11.444 10.860 9.794 8.749 7.455 7.599 6.961 7.711 3.876 1.828 0.000 0.000 0.000 0.000 0.000 0.000 0.000 0.000 1.840 1.485 0.000 0.000 0.000 0.000 0.000 0.000 0.000 0.000 0.242 1.265 1.160 0.482 0.127 0.385 0.000 -9999.000 -9999.000 -9999.000 -9999.000 -9999.000 -9999.000 -9999.000 -9999.000 -9999.000
0.471 1.562 1.632 2.483 2.907 3.785 4.286 4.590 4.932 5.118 5.285 5.567 5.923 6.182 6.347 6.469 6.734 6.941 7.326 8.084 8.588 8.663 8.058 7.024 6.306 6.519 7.762 10.278 10.619 8.567 6.598 5.193 4.831 3.679 3.604 2.732 0.436 0.000 1.453 0.232 0.000 0.000 0.000 0.000 0.000 0.000 -9999.000 -9999.000 -9999.000 -9999.000 -9999.000 -9999.000 -9999.000 0.000 0.000 0.000 0.000 0.000 0.000 0.000 0.000 -9999.000 -9999.000 -9999.000 -9999.000 -9999.000 -9999.000 -9999.000 -9999.000 -9999.000 -9999.000
0.637 1.780 2.030 2.675 3.065 3.760 4.174 4.515 4.861 5.071 5.297 5.530 5.874 6.090 6.205 6.463 6.753 6.874 7.140 7.626 8.159 8.007 7.387 5.680 3.814 2.551 3.847 9.199 11.020 9.148 6.956 6.463 6.724 3.620 2.847 2.176 2.575 3.280 2.095 0.000 0.000 0.000 -9999.000 -9999.000 -9999.000 -9999.000 -9999.000 -9999.000 -9999.000 -9999.000 -9999.000 -9999.000 -9999.000 -9999.000 -9999.000 0.000 0.000 0.000 0.000 0.000 -9999.000 -9999.000 -9999.000 -9999.000 -9999.000 -9999.000 -9999.000 -9999.000 -9999.000 -9999.000 -9999.000
