tests/test_sample_run/example/results/output_maps/SWEN0020.asc
ncols         174
nrows         141
xllcorner     744500.000000
yllcorner     5140950.000000
cellsize      250.000000
NODATA_value  -9999.0
[rows 62 to 92 of 141, columns 71 to 141 of 174]
1.249 1.226 1.239 1.272 1.362 1.483 1.616 1.742 1.832 1.929 2.024 2.023 2.125 2.194 2.191 2.086 2.313 2.698 2.837 2.750 2.513 1.873 1.390 0.854 0.722 0.460 0.907 0.925 1.907 2.163 2.079 2.655 3.140 3.946 3.315 3.087 2.940 3.805 3.125 1.320 0.057 0.000 0.000 0.000 0.000 0.000 0.000 0.000 1.342 1.014 1.185 1.716 2.583 3.759 3.144 2.047 1.199 0.000 0.000 0.000 0.000 0.000 0.000 0.000 0.000 0.280 0.318 0.414 0.402 0.989 1.239
1.156 1.226 1.105 1.291 1.347 1.464 1.629 1.726 1.880 2.035 2.128 2.191 2.280 2.376 2.388 2.403 2.645 2.766 2.645 2.549 2.435 1.599 1.087 0.000 0.000 0.120 1.980 1.559 1.908 2.753 3.163 3.288 3.806 4.098 3.848 3.604 3.756 4.131 3.211 1.440 0.210 0.000 0.000 0.000 0.000 0.000 0.000 0.000 0.000 0.000 0.000 0.963 2.464 3.645 3.479 2.491 1.409 0.000 0.000 0.000 0.000 0.000 0.000 0.000 0.000 0.000 0.000 0.000 0.000 0.234 0.805
0.991 1.089 0.892 1.101 1.176 1.461 1.645 1.639 1.647 1.834 2.083 2.284 2.410 2.503 2.618 2.675 2.606 2.424 2.322 1.967 1.849 1.238 0.582 0.000 0.285 1.437 1.665 2.805 2.823 3.112 3.533 3.866 4.169 3.930 4.112 4.174 4.306 4.278 3.553 1.895 1.457 0.647 0.170 0.000 0.000 0.000 0.000 0.000 0.000 0.000 0.000 0.493 2.194 3.032 3.680 2.591 1.662 0.351 0.000 0.000 0.000 0.000 0.000 0.000 0.000 0.000 0.000 0.000 0.000 0.000 1.165
0.548 0.502 0.383 0.450 0.675 1.328 1.496 1.441 1.454 1.680 1.889 2.125 2.460 2.548 2.603 2.635 2.556 2.332 2.069 1.699 1.375 0.626 1.634 1.608 1.699 2.191 2.608 3.322 3.363 3.772 4.063 4.091 3.690 3.303 4.093 4.391 4.312 4.267 4.495 3.812 2.898 1.820 1.417 0.743 0.000 0.000 0.000 0.000 0.000 0.000 0.000 1.621 0.838 1.080 2.982 3.479 2.238 1.189 0.277 0.000 0.000 0.000 0.000 0.000 0.000 0.000 0.000 0.000 0.000 0.000 1.451
0.325 0.105 0.057 0.067 0.424 1.034 1.184 1.104 1.268 1.522 1.763 2.118 2.233 2.658 2.574 2.554 2.702 2.567 2.365 1.914 1.862 1.280 1.857 2.532 2.512 3.008 3.282 3.956 4.101 3.861 3.621 3.283 2.583 3.217 3.974 4.502 3.989 3.684 4.049 4.291 4.356 3.519 2.774 0.930 0.491 0.000 0.000 0.000 0.000 0.000 0.175 0.323 0.000 0.000 1.666 3.630 2.860 1.327 0.229 0.003 0.000 0.000 0.000 0.000 0.000 0.000 0.000 0.000 0.000 1.495 1.971
0.783 0.000 0.000 0.000 0.351 0.468 0.743 0.491 0.510 1.057 1.346 1.940 2.216 2.500 2.860 2.713 2.797 2.875 2.799 2.730 2.576 2.510 2.837 3.214 3.411 3.777 3.932 3.689 3.586 3.436 2.365 2.117 0.972 2.904 4.433 4.336 3.361 2.601 2.960 3.633 3.858 4.215 2.948 0.307 0.000 0.000 0.000 0.000 0.000 0.000 0.000 0.000 0.000 0.000 2.284 3.509 3.070 2.255 1.469 0.000 0.000 0.000 0.000 0.000 0.000 0.000 0.000 0.975 1.644 1.400 0.826
0.576 0.000 0.000 0.000 0.041 0.000 0.007 0.000 0.000 0.546 1.247 1.876 2.233 2.459 2.937 2.882 2.881 3.064 3.049 2.927 3.076 3.566 3.755 3.429 3.737 3.726 3.588 3.382 2.684 2.014 0.601 1.015 0.000 2.862 4.403 4.254 3.152 1.627 1.367 2.286 2.281 3.024 2.924 0.295 0.000 0.000 0.000 0.000 0.000 0.000 0.000 0.000 0.000 0.000 1.840 3.493 2.938 1.181 0.134 0.000 0.000 0.000 0.000 0.000 0.000 0.000 0.000 0.976 0.108 0.000 0.000
0.955 0.259 0.000 0.000 0.000 0.000 0.000 0.157 0.000 0.280 0.310 1.484 2.208 2.504 3.015 2.906 3.140 3.147 3.272 3.560 3.225 2.335 3.145 2.358 3.396 3.628 3.693 1.899 0.769 0.000 0.000 0.000 0.000 2.921 4.096 4.396 2.722 0.069 0.000 0.418 0.052 0.504 1.917 2.001 0.586 0.000 0.000 0.000 0.000 0.000 0.000 0.000 0.000 0.000 1.783 3.540 2.635 0.000 0.000 0.000 0.000 0.000 0.000 0.000 0.000 0.000 0.000 0.000 0.000 0.000 0.000
0.827 0.098 0.000 0.000 0.000 0.009 0.290 0.564 0.484 0.000 0.465 1.531 2.240 2.544 3.114 3.033 3.215 3.373 3.433 2.798 2.322 1.228 1.982 2.262 3.155 2.477 2.942 2.132 0.551 0.000 0.000 0.000 0.000 1.914 3.507 4.466 2.194 0.000 0.000 0.000 0.000 0.000 0.249 1.292 1.397 0.000 0.000 0.000 0.000 0.000 0.000 0.000 0.000 0.457 2.610 3.685 2.084 0.000 0.000 0.000 0.000 0.000 0.000 0.000 0.000 0.000 -9999.000 -9999.000 -9999.000 0.000 -9999.000
0.559 0.000 0.000 0.000 0.000 0.000 0.000 0.000 0.000 1.713 1.923 2.328 2.438 2.627 3.203 3.214 3.351 3.494 3.246 1.838 0.832 0.000 0.000 1.998 0.970 0.015 0.741 2.673 0.867 0.000 0.000 0.000 0.000 1.224 2.623 3.815 1.668 0.000 0.000 0.000 0.000 0.000 0.000 0.000 0.688 0.528 0.051 0.000 0.000 0.000 0.000 0.000 0.000 0.335 2.934 3.479 2.606 1.130 0.141 0.000 0.000 0.000 0.000 0.000 0.000 -9999.000 -9999.000 -9999.000 -9999.000 -9999.000 -9999.000
0.228 0.000 0.000 0.007 0.000 0.000 0.000 0.000 0.000 1.553 2.664 2.629 2.653 2.923 3.286 3.231 3.407 3.597 2.862 1.355 0.028 0.000 0.000 0.312 0.000 0.000 0.000 1.676 1.153 0.000 0.000 0.000 0.000 0.160 1.627 2.982 1.925 0.712 0.358 0.000 0.000 0.000 0.000 0.000 0.022 0.000 0.000 0.000 0.000 0.000 0.000 0.000 0.000 0.511 2.961 3.327 2.640 1.638 0.972 0.000 0.000 0.000 0.000 0.000 -9999.000 -9999.000 -9999.000 -9999.000 -9999.000 -9999.000 -9999.000
0.000 0.000 0.000 0.000 0.000 0.000 0.000 0.000 0.000 1.496 2.346 2.855 3.052 3.183 3.364 3.216 3.538 3.621 2.723 0.964 0.000 0.000 0.000 0.000 0.000 0.000 0.000 0.554 0.000 0.000 0.000 0.000 0.000 0.000 1.141 1.492 1.087 0.392 0.000 0.000 0.000 0.000 0.000 0.000 0.000 0.000 0.000 0.000 0.000 0.000 0.000 0.000 0.000 1.489 2.984 3.416 2.897 1.911 1.177 0.980 0.284 0.000 0.000 0.000 -9999.000 -9999.000 -9999.000 -9999.000 -9999.000 -9999.000 -9999.000
0.000 0.000 0.000 0.000 0.000 0.000 0.000 0.000 0.000 1.688 2.543 2.851 3.026 3.259 3.389 3.366 3.412 3.701 2.205 0.563 0.000 0.000 0.000 0.000 0.000 0.000 0.000 0.000 0.000 0.000 0.000 0.000 0.000 0.000 0.188 0.611 0.000 0.000 0.000 0.000 0.000 0.000 0.000 0.000 0.000 0.000 0.000 0.000 0.000 0.000 0.000 0.000 0.000 1.686 2.649 3.386 3.026 2.296 1.960 0.839 0.434 0.000 0.000 0.000 -9999.000 -9999.000 -9999.000 -9999.000 -9999.000 -9999.000 -9999.000
0.000 0.000 0.000 0.000 0.000 0.000 0.000 0.000 0.170 1.782 2.657 2.993 3.136 3.384 3.497 3.580 3.411 2.858 1.948 0.677 0.000 0.000 0.000 0.000 0.000 0.000 0.000 0.000 0.000 0.000 0.000 0.000 0.000 0.000 0.000 0.000 0.000 0.000 0.000 0.000 0.000 0.000 0.000 0.000 0.000 0.000 0.000 0.000 0.000 0.000 0.000 0.000 0.000 1.517 2.097 3.252 3.235 2.069 1.054 0.000 0.000 0.000 0.000 -9999.000 -9999.000 -9999.000 -9999.000 -9999.000 -9999.000 -9999.000 -9999.000
0.000 0.000 0.000 0.000 0.000 0.000 0.000 0.385 1.393 2.276 2.803 3.050 3.225 3.465 3.583 3.708 3.602 3.216 2.728 1.619 0.959 0.982 0.656 0.000 0.120 0.000 0.000 0.000 0.000 0.000 0.000 0.000 0.000 0.000 0.000 0.000 0.000 0.000 0.000 0.000 0.000 0.000 0.000 0.000 0.000 0.000 0.000 0.000 0.000 0.000 0.000 0.000 0.282 1.893 2.848 3.161 3.171 1.804 0.283 0.000 0.000 0.000 0.000 -9999.000 -9999.000 -9999.000 -9999.000 -9999.000 -9999.000 -9999.000 -9999.000
0.000 0.000 0.000 0.000 0.000 0.000 0.153 1.501 2.013 2.550 2.868 3.065 3.388 3.547 3.632 3.702 3.788 3.958 4.046 4.048 3.724 3.549 2.960 1.762 1.569 0.582 0.000 0.000 0.000 0.000 0.000 0.000 0.000 0.000 0.000 0.000 0.000 0.000 0.000 0.000 0.000 0.000 0.000 0.000 0.000 0.000 0.000 0.000 0.000 0.000 0.000 0.749 1.963 2.125 2.628 3.207 3.236 1.981 0.890 0.000 0.000 0.000 0.000 -9999.000 -9999.000 -9999.000 -9999.000 -9999.000 -9999.000 -9999.000 -9999.000
0.000 0.000 0.000 0.000 0.000 0.310 1.130 1.878 2.457 2.843 3.030 3.280 3.491 3.598 3.702 3.761 3.766 3.695 3.177 2.170 3.178 1.580 1.727 2.636 1.789 0.011 0.000 0.000 0.000 0.000 0.000 0.000 0.000 0.000 0.000 0.000 0.000 0.000 0.000 0.000 0.000 0.000 0.000 0.000 0.000 0.000 0.000 0.000 0.000 0.000 0.950 1.152 0.974 2.247 2.762 3.289 3.307 2.176 1.130 0.000 0.000 0.000 0.000 -9999.000 -9999.000 -9999.000 -9999.000 -9999.000 -9999.000 -9999.000 -9999.000
0.000 0.000 0.000 0.000 0.000 0.284 0.895 1.634 2.010 2.708 3.113 3.384 3.525 3.645 3.748 3.864 3.980 3.942 3.636 3.089 3.148 1.823 1.152 1.562 1.426 0.000 0.000 0.000 0.000 0.000 0.000 0.000 0.000 0.000 0.000 0.000 0.000 0.000 0.000 0.000 0.000 0.000 0.000 0.000 0.000 0.000 0.000 0.000 0.000 0.000 0.000 0.000 0.000 1.980 2.879 3.128 3.238 3.189 2.079 0.889 0.173 0.000 0.000 -9999.000 -9999.000 -9999.000 -9999.000 -9999.000 -9999.000 -9999.000 -9999.000
0.000 0.000 0.000 0.000 0.000 0.000 0.333 1.648 2.442 2.930 3.159 3.393 3.566 3.628 3.705 3.882 4.029 4.208 4.114 3.591 3.450 2.277 1.689 1.805 1.897 0.705 0.000 0.000 0.000 0.000 0.000 0.000 0.000 0.000 0.000 0.000 0.000 0.000 0.000 0.000 0.000 0.000 0.000 0.000 0.000 0.000 0.000 0.000 0.000 0.000 0.000 0.000 0.488 2.323 2.669 3.050 3.196 3.135 2.930 1.942 1.824 1.664 1.609 -9999.000 -9999.000 -9999.000 -9999.000 -9999.000 -9999.000 -9999.000 -9999.000
0.000 0.000 0.000 0.000 0.000 0.000 0.000 1.383 2.017 2.599 3.041 3.421 3.555 3.610 3.811 3.955 4.052 4.274 4.473 4.269 3.771 3.098 2.691 2.548 2.758 1.578 0.610 0.000 0.000 0.000 0.000 0.000 0.000 0.000 0.000 0.000 0.000 0.000 0.763 0.918 0.478 1.107 0.113 0.822 0.000 0.000 0.000 0.000 0.000 0.000 0.000 0.450 1.580 2.200 2.143 2.409 2.918 3.143 3.039 2.773 2.468 1.774 1.262 1.279 -9999.000 -9999.000 -9999.000 -9999.000 -9999.000 -9999.000 -9999.000
0.000 0.000 0.000 0.000 0.000 0.000 0.000 0.679 1.855 2.159 2.840 3.517 3.553 3.692 3.824 3.947 4.147 4.322 4.538 4.571 4.269 3.645 3.220 3.864 3.249 1.996 1.271 0.202 0.000 0.428 0.995 0.165 0.000 0.000 0.000 0.000 0.071 1.557 2.232 2.297 1.712 2.266 1.867 0.834 0.000 0.000 0.000 0.000 0.000 0.000 0.000 0.215 0.756 1.603 1.026 1.291 1.850 3.043 2.905 2.547 2.207 1.544 0.728 0.855 -9999.000 -9999.000 -9999.000 -9999.000 -9999.000 -9999.000 -9999.000
0.000 0.000 0.053 0.354 0.057 0.192 0.000 0.905 1.399 2.336 3.270 3.542 3.570 3.564 3.763 3.980 4.191 4.358 4.565 4.671 4.555 4.219 4.035 3.311 3.322 2.651 2.452 2.202 1.568 2.009 2.860 1.804 1.748 1.296 0.000 1.275 2.073 1.708 3.127 4.803 4.233 2.836 3.803 2.813 2.044 1.664 0.934 0.154 0.522 0.000 0.000 0.000 0.000 0.485 0.000 0.000 1.466 2.492 2.597 1.301 0.962 1.778 1.300 0.485 -9999.000 -9999.000 -9999.000 -9999.000 -9999.000 -9999.000 -9999.000
0.000 1.000 0.652 1.272 1.226 0.668 0.000 1.373 1.998 2.785 3.370 3.509 3.443 3.426 3.771 3.920 4.255 4.353 4.585 4.727 4.699 4.925 4.898 4.785 4.223 3.863 3.504 2.123 1.613 2.190 3.743 2.738 1.908 0.511 0.000 2.233 4.725 4.749 5.922 6.070 5.781 5.719 5.166 4.689 4.043 2.516 1.874 1.474 0.983 0.000 0.000 0.000 0.000 0.000 0.000 0.167 1.357 2.280 1.851 0.643 0.553 1.264 1.072 -9999.000 -9999.000 -9999.000 -9999.000 -9999.000 -9999.000 -9999.000 -9999.000
0.000 1.256 1.700 1.976 1.712 1.394 1.606 1.628 1.884 2.615 3.414 3.462 3.584 3.567 3.819 4.000 4.300 4.408 4.655 4.688 4.864 4.507 4.348 3.577 3.970 3.425 2.931 2.044 1.806 2.692 4.040 4.565 3.749 3.838 4.402 5.895 7.568 8.157 7.863 5.876 3.983 2.791 2.462 2.294 3.118 3.742 2.238 1.474 0.700 0.000 0.000 0.000 0.000 0.000 0.000 0.300 1.600 2.138 1.120 0.003 0.000 0.904 0.727 -9999.000 -9999.000 -9999.000 -9999.000 -9999.000 -9999.000 -9999.000 -9999.000
0.092 1.215 1.728 2.171 2.191 2.302 2.329 2.019 2.310 2.809 3.430 3.434 3.649 3.595 3.796 4.136 4.336 4.428 4.582 4.702 4.652 4.182 3.972 3.227 3.311 3.102 3.049 1.846 2.220 3.556 4.805 6.434 5.749 6.290 7.287 8.380 8.180 5.834 4.652 3.188 1.547 1.039 0.973 0.688 1.342 2.768 1.241 0.679 0.548 0.000 0.000 0.000 0.000 0.000 0.000 0.366 1.637 1.712 1.139 0.627 0.000 0.341 0.543 -9999.000 -9999.000 -9999.000 -9999.000 -9999.000 -9999.000 -9999.000 -9999.000
1.324 1.880 2.108 2.336 2.456 2.440 2.638 2.624 2.747 3.161 3.415 3.427 3.629 3.684 3.885 4.097 4.284 4.437 4.640 4.794 4.408 3.562 3.747 3.134 3.661 4.116 4.035 4.246 4.878 5.686 6.273 7.751 7.519 8.099 8.578 6.293 4.648 2.420 2.152 2.058 0.898 0.212 0.000 0.000 0.310 1.990 1.169 0.967 0.627 0.032 0.000 0.000 0.000 0.000 0.057 1.579 1.784 1.156 0.678 0.409 0.000 0.000 0.079 -9999.000 -9999.000 -9999.000 -9999.000 -9999.000 -9999.000 -9999.000 -9999.000
1.648 1.438 1.447 1.902 2.423 2.665 2.756 2.818 3.040 3.237 3.379 3.537 3.674 3.844 4.022 4.159 4.171 4.372 4.639 4.808 4.757 4.199 4.365 4.352 4.772 5.127 5.091 5.556 5.857 6.910 7.754 8.158 8.292 8.335 7.090 4.679 3.103 1.188 0.391 1.956 0.423 0.000 0.000 0.775 1.409 1.784 1.458 0.486 0.217 0.000 0.000 0.000 0.000 0.000 0.401 0.485 1.432 0.865 0.288 0.309 0.000 0.000 0.000 -9999.000 -9999.000 -9999.000 -9999.000 -9999.000 -9999.000 -9999.000 -9999.000
0.458 0.417 0.693 1.314 1.630 2.240 2.725 2.891 3.062 3.199 3.360 3.434 3.579 3.775 3.917 4.110 4.378 4.521 4.580 4.715 4.925 4.794 5.165 5.321 5.574 5.627 6.234 6.573 7.375 7.348 6.944 6.183 5.077 5.658 5.202 2.202 1.006 0.000 0.000 0.421 0.195 0.000 0.000 0.000 0.000 1.297 0.596 0.000 0.000 0.000 0.000 0.000 0.000 0.000 0.000 0.000 0.608 0.293 0.000 0.000 0.000 0.000 0.000 -9999.000 -9999.000 -9999.000 -9999.000 -9999.000 -9999.000 -9999.000 -9999.000
0.000 0.000 0.185 1.141 1.543 2.002 2.331 2.780 3.023 3.187 3.276 3.329 3.531 3.711 3.859 4.071 4.076 4.298 4.757 4.812 4.961 5.309 5.717 5.748 5.878 6.409 6.658 6.933 6.515 5.590 4.832 4.076 4.129 3.763 4.192 2.078 1.036 0.000 0.000 0.000 0.000 0.000 0.000 0.000 0.000 0.508 0.764 0.000 0.000 0.000 0.000 0.000 0.000 0.000 0.000 0.000 0.137 0.150 0.000 0.000 0.000 0.000 -9999.000 -9999.000 -9999.000 -9999.000 -9999.000 -9999.000 -9999.000 -9999.000 -9999.000
0.000 0.405 0.476 1.258 1.486 2.162 2.511 2.765 3.003 3.108 3.191 3.316 3.507 3.656 3.729 3.786 3.933 4.055 4.367 4.904 5.227 5.229 4.751 4.039 3.448 3.745 4.439 5.868 6.057 4.714 3.560 2.681 2.475 1.942 1.913 1.438 0.188 0.000 0.915 0.228 0.000 0.000 0.000 0.000 0.000 0.000 -9999.000 -9999.000 -9999.000 -9999.000 -9999.000 -9999.000 -9999.000 0.000 0.000 0.000 0.000 0.000 0.000 0.000 0.000 -9999.000 -9999.000 -9999.000 -9999.000 -9999.000 -9999.000 -9999.000 -9999.000 -9999.000 -9999.000
0.000 0.688 0.840 1.357 1.555 2.124 2.438 2.720 2.949 3.047 3.184 3.273 3.461 3.578 3.593 3.711 3.877 3.937 4.151 4.523 4.864 4.687 4.230 3.104 1.961 1.264 1.991 5.249 6.271 5.048 3.766 3.477 3.617 1.912 1.489 0.833 1.129 1.745 1.164 0.000 0.000 0.000 -9999.000 -9999.000 -9999.000 -9999.000 -9999.000 -9999.000 -9999.000 -9999.000 -9999.000 -9999.000 -9999.000 -9999.000 -9999.000 0.000 0.000 0.000 0.000 0.000 -9999.000 -9999.000 -9999.000 -9999.000 -9999.000 -9999.000 -9999.000 -9999.000 -9999.000 -9999.000 -9999.000
