GEOtop_1.45/templates/Duron/curvatureNW-SE.asc
ncols         148
nrows         94
xllcorner     702860.000000
yllcorner     5151965.000000
cellsize      10.000000
NODATA_value  -9999.0
[rows 0 to 27 of 94, columns 63 to 125 of 148]
-9999.0 -9999.0 -9999.0 -9999.0 -9999.0 -9999.0 -9999.0 -9999.0 -9999.0 -9999.0 -9999.0 -9999.0 -9999.0 -9999.0 -9999.0 -9999.0 -9999.0 -9999.0 -9999.0 -9999.0 -9999.0 -9999.0 -9999.0 -9999.0 -9999.0 -9999.0 -9999.0 -9999.0 -9999.0 -9999.0 -9999.0 -9999.0 -9999.0 -9999.0 -9999.0 -9999.0 -9999.0 -9999.0 -9999.0 -9999.0 -9999.0 -9999.0 -9999.0 -9999.0 -9999.0 -9999.0 -9999.0 -9999.0 -9999.0 -9999.0 -9999.0 -9999.0 -9999.0 -9999.0 -9999.0 -9999.0 -9999.0 -9999.0 -9999.0 -9999.0 -9999.0 -9999.0 -9999.0
-9999.0 -9999.0 -9999.0 -9999.0 -9999.0 -9999.0 -9999.0 -9999.0 -9999.0 -9999.0 -9999.0 -9999.0 -9999.0 -9999.0 -9999.0 -9999.0 -9999.0 -9999.0 -9999.0 -9999.0 -9999.0 -9999.0 -9999.0 -9999.0 -9999.0 -9999.0 -9999.0 -9999.0 -9999.0 -9999.0 -9999.0 -9999.0 -9999.0 -9999.0 -9999.0 -9999.0 -9999.0 -9999.0 -9999.0 -9999.0 -9999.0 -9999.0 -9999.0 -9999.0 -9999.0 -9999.0 -9999.0 -9999.0 -9999.0 -9999.0 -9999.0 -9999.0 -9999.0 -9999.0 -9999.0 -9999.0 -9999.0 -9999.0 -9999.0 -9999.0 -9999.0 -9999.0 -9999.0
-9999.0 -9999.0 -9999.0 -9999.0 -9999.0 -9999.0 -9999.0 -9999.0 -9999.0 -9999.0 -9999.0 -9999.0 -9999.0 -9999.0 -9999.0 -9999.0 -9999.0 -9999.0 -9999.0 -9999.0 -9999.0 -9999.0 -9999.0 -9999.0 -9999.0 -9999.0 -9999.0 -9999.0 -9999.0 -9999.0 -9999.0 -9999.0 -9999.0 -9999.0 -9999.0 -9999.0 -9999.0 -9999.0 -9999.0 -9999.0 -9999.0 -9999.0 -9999.0 -9999.0 -9999.0 -9999.0 -9999.0 -9999.0 -9999.0 -9999.0 -9999.0 -9999.0 -9999.0 -9999.0 -9999.0 -9999.0 -9999.0 -9999.0 -9999.0 -9999.0 -9999.0 -9999.0 -9999.0
-9999.0 -9999.0 -9999.0 -9999.0 -9999.0 -9999.0 -9999.0 -9999.0 -9999.0 -9999.0 -9999.0 -9999.0 -9999.0 -9999.0 -9999.0 -9999.0 -9999.0 -9999.0 -9999.0 -9999.0 -9999.0 -9999.0 -9999.0 -9999.0 -9999.0 -9999.0 -9999.0 -9999.0 -9999.0 -9999.0 -9999.0 -9999.0 -9999.0 -9999.0 -9999.0 -9999.0 -9999.0 -9999.0 -9999.0 -9999.0 -9999.0 -9999.0 -9999.0 -9999.0 -9999.0 -9999.0 -9999.0 -9999.0 -9999.0 -9999.0 -9999.0 -9999.0 -9999.0 -9999.0 -9999.0 -9999.0 -9999.0 -9999.0 -9999.0 -9999.0 -9999.0 -9999.0 -9999.0
-9999.0 -9999.0 -9999.0 -9999.0 -9999.0 -9999.0 -9999.0 -9999.0 -9999.0 -9999.0 -9999.0 -9999.0 -9999.0 -9999.0 -9999.0 -9999.0 -9999.0 -9999.0 -9999.0 -9999.0 -9999.0 -9999.0 -9999.0 -9999.0 -9999.0 -9999.0 -9999.0 -9999.0 -9999.0 -9999.0 -9999.0 -9999.0 -9999.0 -9999.0 -9999.0 -9999.0 -9999.0 -9999.0 -9999.0 0.000000 0.000000 -9999.0 -9999.0 -9999.0 -9999.0 -9999.0 -9999.0 -9999.0 -9999.0 -9999.0 -9999.0 -9999.0 -9999.0 -9999.0 -9999.0 -9999.0 -9999.0 -9999.0 -9999.0 -9999.0 -9999.0 -9999.0 -9999.0
-9999.0 -9999.0 -9999.0 -9999.0 -9999.0 -9999.0 -9999.0 -9999.0 -9999.0 -9999.0 -9999.0 -9999.0 -9999.0 -9999.0 -9999.0 -9999.0 -9999.0 -9999.0 -9999.0 -9999.0 -9999.0 -9999.0 -9999.0 -9999.0 -9999.0 -9999.0 -9999.0 -9999.0 -9999.0 -9999.0 -9999.0 -9999.0 -9999.0 -9999.0 -9999.0 -9999.0 -9999.0 -9999.0 0.000000 0.000000 -0.006101 0.003899 -9999.0 -9999.0 -9999.0 -9999.0 -9999.0 -9999.0 -9999.0 -9999.0 -9999.0 -9999.0 -9999.0 -9999.0 -9999.0 -9999.0 -9999.0 -9999.0 -9999.0 -9999.0 -9999.0 -9999.0 -9999.0
-9999.0 -9999.0 -9999.0 -9999.0 -9999.0 -9999.0 -9999.0 -9999.0 -9999.0 -9999.0 -9999.0 -9999.0 -9999.0 -9999.0 -9999.0 -9999.0 -9999.0 -9999.0 -9999.0 -9999.0 -9999.0 -9999.0 -9999.0 -9999.0 -9999.0 -9999.0 -9999.0 -9999.0 -9999.0 -9999.0 -9999.0 -9999.0 -9999.0 -9999.0 0.000000 0.000000 0.000000 0.000000 0.000000 0.012202 -0.009202 -0.012500 -0.011101 -9999.0 -9999.0 -9999.0 -9999.0 -9999.0 -9999.0 -9999.0 -9999.0 -9999.0 -9999.0 -9999.0 -9999.0 -9999.0 -9999.0 -9999.0 -9999.0 -9999.0 -9999.0 -9999.0 -9999.0
-9999.0 -9999.0 -9999.0 -9999.0 -9999.0 -9999.0 -9999.0 -9999.0 -9999.0 -9999.0 -9999.0 -9999.0 -9999.0 -9999.0 -9999.0 -9999.0 -9999.0 -9999.0 -9999.0 -9999.0 -9999.0 -9999.0 -9999.0 -9999.0 -9999.0 -9999.0 -9999.0 0.000000 0.000000 0.000000 0.000000 0.000000 0.000000 0.000000 0.000000 0.009197 0.001304 0.005298 -0.022800 0.048301 0.007698 -0.004697 -0.006001 -0.016199 0.000000 -9999.0 -9999.0 -9999.0 -9999.0 -9999.0 -9999.0 -9999.0 -9999.0 -9999.0 -9999.0 -9999.0 -9999.0 -9999.0 -9999.0 -9999.0 -9999.0 -9999.0 -9999.0
-9999.0 -9999.0 -9999.0 -9999.0 -9999.0 -9999.0 -9999.0 -9999.0 -9999.0 -9999.0 -9999.0 -9999.0 -9999.0 -9999.0 -9999.0 -9999.0 -9999.0 -9999.0 -9999.0 -9999.0 -9999.0 -9999.0 -9999.0 0.000000 0.000000 0.000000 0.000000 0.000000 -0.027598 -0.040999 -0.013000 0.013101 0.004900 0.016602 0.044998 0.008501 0.011702 0.007397 0.007800 0.021499 -0.011602 -0.002898 0.003398 -0.017400 -0.010100 -0.025403 0.000000 0.000000 -9999.0 -9999.0 -9999.0 -9999.0 -9999.0 -9999.0 -9999.0 -9999.0 -9999.0 -9999.0 -9999.0 -9999.0 -9999.0 -9999.0 -9999.0
-9999.0 -9999.0 -9999.0 -9999.0 -9999.0 -9999.0 -9999.0 -9999.0 -9999.0 -9999.0 -9999.0 -9999.0 -9999.0 -9999.0 -9999.0 -9999.0 -9999.0 -9999.0 -9999.0 -9999.0 0.000000 0.000000 0.000000 0.000000 -0.035098 -0.041702 -0.016902 -0.000200 -0.022102 -0.012600 0.015498 0.024800 0.030498 0.034900 0.027200 -0.002297 0.017297 0.007400 0.001899 -0.022598 -0.001599 0.005500 -0.016401 -0.028301 -0.016299 -0.018101 -0.001199 -0.008401 0.004399 0.000000 0.000000 0.000000 0.000000 0.000000 0.000000 0.000000 0.000000 -9999.0 -9999.0 -9999.0 -9999.0 -9999.0 -9999.0
-9999.0 -9999.0 -9999.0 -9999.0 -9999.0 -9999.0 -9999.0 -9999.0 -9999.0 -9999.0 -9999.0 -9999.0 -9999.0 -9999.0 -9999.0 -9999.0 -9999.0 -9999.0 -9999.0 -9999.0 0.000000 -0.032798 -0.057000 -0.057600 -0.010303 -0.007002 0.004202 0.012800 0.014399 0.036499 0.036599 0.030801 0.022102 0.008401 0.014900 0.006001 0.018699 -0.001299 -0.016899 -0.031399 0.033396 0.024199 -0.005400 -0.000901 0.013501 0.025498 0.040300 0.005200 -0.016299 -0.046699 -0.021299 -0.021599 -0.025898 -0.016396 -0.018799 -0.001099 -0.003401 -0.004099 0.000000 0.000000 0.000000 -9999.0 -9999.0
-9999.0 -9999.0 -9999.0 -9999.0 -9999.0 -9999.0 -9999.0 -9999.0 -9999.0 -9999.0 -9999.0 -9999.0 -9999.0 -9999.0 -9999.0 -9999.0 -9999.0 -9999.0 -9999.0 0.000000 0.000000 0.000200 -0.009500 0.017500 0.019600 0.012803 0.005100 0.004397 0.000901 0.000698 -0.000698 0.015000 0.015200 0.009897 0.006602 -0.004099 0.006299 -0.007900 -0.022200 -0.006201 0.056399 0.010103 -0.004399 0.018401 0.016902 0.019001 0.016201 -0.019202 -0.003601 -0.002500 0.025498 -0.026802 -0.024700 -0.008303 -0.009902 -0.001699 -0.015303 -0.015898 -0.020200 -0.007600 -0.009404 -0.006299 -9999.0
-9999.0 -9999.0 -9999.0 -9999.0 -9999.0 -9999.0 -9999.0 -9999.0 -9999.0 -9999.0 -9999.0 -9999.0 -9999.0 -9999.0 -9999.0 -9999.0 -9999.0 -9999.0 -9999.0 0.000000 -0.011799 -0.005598 -0.000999 0.012898 0.016499 0.032800 0.009700 0.021602 0.018704 0.006599 0.021003 0.010901 -0.002300 -0.007000 -0.014797 -0.003401 -0.006501 -0.017998 -0.020801 0.010801 0.029602 -0.013899 -0.002998 0.004700 -0.002600 0.015198 0.011897 0.009402 0.027002 0.021501 0.030300 -0.005298 0.005300 -0.011199 -0.024597 -0.017600 -0.019001 -0.009397 -0.007500 0.002202 -0.007300 -0.006096 -0.013901
-9999.0 -9999.0 -9999.0 -9999.0 -9999.0 -9999.0 -9999.0 -9999.0 -9999.0 -9999.0 -9999.0 -9999.0 -9999.0 -9999.0 0.000000 0.000000 -9999.0 0.000000 0.000000 0.000000 -0.014500 -0.016899 -0.010200 -0.000500 0.002803 0.004802 -0.008499 0.014099 0.005798 -0.000403 0.009299 -0.012502 -0.004001 -0.002800 -0.003701 0.014299 -0.006702 -0.006199 -0.013103 0.014302 0.021699 0.006497 0.008301 0.006697 0.006599 0.016602 0.008103 0.001201 -0.004902 0.001301 -0.002200 -0.016101 -0.012603 -0.007800 -0.004602 -0.008899 -0.010000 -0.003601 -0.014402 -0.016201 -0.021602 -0.010000 -0.012703
-9999.0 -9999.0 -9999.0 -9999.0 -9999.0 -9999.0 -9999.0 -9999.0 -9999.0 -9999.0 -9999.0 -9999.0 0.000000 0.000000 0.000000 -0.054502 -0.047998 0.000000 -0.083701 -0.053401 -0.043999 -0.023201 -0.001101 0.019099 0.011499 0.022197 0.017698 0.012000 -0.007698 -0.001199 0.011602 -0.003499 0.005901 0.003098 0.000798 0.005000 -0.007202 -0.006499 -0.008999 0.007603 0.016101 -0.008599 -0.008596 0.006897 0.006902 0.006501 -0.010303 -0.013303 -0.015298 -0.002800 -0.013103 -0.016201 -0.010898 -0.003496 -0.012100 -0.011299 0.002297 0.008000 -0.010698 -0.008101 -0.013201 -0.022002 -0.045500
-9999.0 -9999.0 -9999.0 -9999.0 -9999.0 -9999.0 -9999.0 -9999.0 -9999.0 0.000000 0.000000 0.000000 0.000000 -0.016902 -0.001702 0.017500 -0.014097 -0.045403 -0.020503 0.022800 0.025701 0.022100 0.021699 0.018801 -0.007200 0.011299 0.012002 0.009001 0.007898 -0.000103 -0.002900 -0.003000 0.007800 -0.000701 -0.001997 -0.001396 -0.007400 -0.012898 0.000002 0.001797 0.007898 -0.007803 0.006899 0.017698 -0.002898 -0.008601 -0.012302 -0.001699 0.002603 0.013198 -0.001399 0.003501 0.022100 0.018098 0.005996 -0.004800 -0.012800 0.010100 -0.013899 -0.003198 -0.001899 -0.007598 0.002302
-9999.0 -9999.0 -9999.0 -9999.0 -9999.0 -9999.0 -9999.0 0.000000 0.000000 0.000000 0.014800 0.025801 0.015200 0.001602 0.002900 0.021799 -0.001399 0.012397 0.045503 0.061101 0.040798 0.019800 0.015901 -0.002097 -0.001001 0.033499 0.018501 -0.001602 -0.007700 -0.006597 0.005400 0.001799 0.000300 -0.001702 0.008401 0.006199 0.005999 -0.003999 -0.002700 0.001096 0.005002 0.019502 0.014302 0.022598 -0.002200 0.005601 0.005701 0.005503 0.006101 0.004399 -0.007002 0.001902 0.003501 -0.007700 -0.018599 -0.023899 0.005898 0.057000 -0.006499 0.017600 0.011396 0.002202 0.011099
-9999.0 -9999.0 -9999.0 0.000000 0.000000 0.000000 0.000000 0.000000 -0.039001 -0.003201 0.031401 0.022400 0.025400 0.020398 0.003398 0.001902 -0.034197 -0.021201 -0.004500 0.009700 0.005100 0.002202 -0.001499 -0.008003 0.015698 0.023699 -0.006699 -0.009998 -0.004499 -0.006501 -0.008003 -0.011699 -0.009299 -0.011702 -0.005999 -0.008601 -0.001599 -0.018201 -0.012000 0.003201 -0.008599 0.025298 0.022200 0.020598 -0.012898 -0.005701 -0.004900 0.000298 0.008799 -0.002603 -0.011101 -0.002498 -0.001104 -0.014500 -0.022698 -0.002400 0.041602 0.032600 -0.031101 0.006301 -0.015203 -0.008696 -0.006301
-0.029500 0.000000 0.000000 0.000000 -0.038403 -0.028101 -0.014897 -0.000803 0.024500 0.040901 0.038398 0.033899 0.023601 0.016499 -0.003999 0.002700 -0.000901 0.006897 0.011602 0.009900 -0.003701 -0.012300 -0.010203 -0.004900 0.008804 0.002300 -0.014797 -0.006599 -0.006604 -0.010698 -0.007898 -0.004600 -0.001599 0.001301 -0.004897 -0.001702 -0.003899 -0.027900 -0.009299 0.001899 -0.011602 0.042302 0.029702 -0.018003 -0.027397 -0.017300 -0.012000 -0.011702 -0.003098 -0.009802 -0.003296 0.000801 0.004199 -0.013198 0.006099 0.019197 0.009299 -0.021401 -0.025999 -0.004397 0.000098 0.003103 -0.012803
0.023699 0.000701 -0.023804 0.012800 0.010698 0.021301 0.031899 0.048198 0.046501 0.031501 0.032800 0.029502 0.015400 0.013098 -0.003899 0.002400 -0.009199 -0.016301 -0.007898 0.012197 0.022600 0.013901 0.004099 -0.004998 -0.001001 -0.008003 -0.027700 -0.022903 -0.011802 -0.009197 -0.006104 -0.005200 -0.000798 0.001399 -0.006301 0.002798 0.000701 -0.012100 0.018999 0.009998 0.007300 0.047100 0.003296 -0.031702 -0.008096 -0.002002 0.006199 0.010701 0.010300 -0.004299 -0.001096 -0.003203 -0.001401 -0.004500 0.009500 -0.008799 -0.019697 -0.006099 -0.006899 0.002500 0.012698 -0.006399 0.002297
0.025400 0.001501 0.004299 0.030603 0.034199 0.017600 0.038601 0.051602 0.032900 0.017202 0.018198 0.010798 0.015898 0.009099 -0.000898 -0.002202 -0.012100 0.002698 -0.001899 0.023398 0.022002 0.010901 -0.003701 0.002800 0.005898 0.007000 -0.005398 0.007900 0.011003 -0.003298 -0.008301 -0.007097 -0.003701 0.001599 0.011101 0.012598 0.019202 0.011702 0.018999 -0.007100 0.008303 0.030398 -0.006299 -0.012397 0.001101 0.005598 0.006001 0.005601 0.002100 0.001501 -0.000701 -0.013103 -0.000801 0.001201 -0.006899 -0.009199 -0.004402 0.007000 0.004700 0.012600 0.011699 0.004001 0.015901
0.024600 -0.008899 0.004600 0.015203 0.011199 -0.002297 0.027798 -0.002000 -0.017600 -0.024602 -0.014202 0.020400 0.019402 -0.000200 0.008301 0.025500 0.026504 0.038701 0.034202 0.043501 0.008701 0.007200 -0.012200 0.007300 -0.013201 -0.007698 -0.013901 0.004397 0.008301 -0.004102 -0.015801 -0.005500 -0.000300 0.008301 0.008198 0.000298 0.012402 0.002300 -0.004102 0.001499 0.026001 0.023899 -0.001897 -0.004099 -0.000701 -0.003799 -0.012900 -0.006799 -0.005498 -0.020901 -0.047500 -0.028301 -0.000999 -0.014697 -0.023899 -0.017700 -0.028501 -0.023799 -0.012900 -0.008501 -0.010100 -0.027200 -0.040002
-0.003601 -0.007400 0.007600 0.011401 0.003696 0.000500 0.007197 -0.022798 -0.011902 -0.006001 0.028303 0.040498 0.006499 0.007200 0.023701 0.022100 0.002998 0.012996 0.011797 -0.015698 -0.029102 -0.003401 -0.020000 -0.009902 -0.017000 0.003601 -0.014402 -0.014397 -0.013796 -0.007400 -0.017102 -0.015698 -0.007700 -0.000500 -0.006101 -0.011196 0.002600 0.001902 -0.004202 0.005601 0.006902 0.000798 -0.003000 -0.011301 -0.007302 -0.018198 -0.015701 -0.007700 -0.013303 -0.054702 -0.038899 0.020298 0.011301 -0.021799 -0.046602 -0.036401 -0.040300 -0.050098 -0.029600 -0.036602 -0.045000 -0.071301 -0.027000
0.013198 -0.003701 -0.003901 0.000098 0.010598 0.006501 0.001499 -0.008499 0.030000 0.055801 0.050200 0.018499 0.013904 0.024900 0.030300 0.022400 0.004700 0.004001 -0.011697 -0.024497 -0.001001 0.032102 0.012900 -0.017600 -0.019998 -0.001699 0.008901 0.028899 0.025498 0.017297 -0.000403 0.017903 0.030898 0.012700 -0.001001 0.000500 0.016797 0.010603 -0.002102 0.005801 0.005500 0.000999 -0.002297 -0.010898 -0.003000 -0.011799 0.000298 0.000298 -0.004800 -0.028196 0.045801 0.057300 0.026401 -0.008601 -0.018201 0.028901 0.021602 -0.019502 0.022097 0.016399 0.007302 -0.013901 0.066101
-0.005100 -0.003398 0.007002 -0.002300 0.014602 0.012402 0.045601 0.059502 0.068301 0.044502 0.015400 0.016201 0.038000 0.026597 0.020703 0.016199 0.001799 0.013501 0.009600 0.005198 0.012598 0.021299 0.019399 0.021399 0.047600 0.048098 0.025798 0.009097 0.009702 0.020901 0.012803 0.010303 0.003699 -0.000601 0.002500 0.011902 0.022200 0.010601 -0.000703 0.008000 0.008101 0.003298 0.003101 -0.002402 -0.002302 -0.004199 0.005002 -0.001499 -0.007798 -0.014900 0.047197 0.028899 0.005801 -0.041699 -0.015798 0.030999 0.001899 -0.020701 0.029502 0.042500 0.021201 -0.002500 0.047803
-0.007900 -0.006099 0.006699 0.036199 0.077202 0.063201 0.056299 0.040200 0.032698 0.021599 0.031396 0.037200 0.032598 0.003098 0.011802 0.007197 -0.007100 -0.000698 -0.016401 -0.007100 -0.002397 -0.001499 -0.012900 -0.027700 -0.024099 -0.021099 -0.013398 -0.003699 0.010903 0.009900 0.002600 -0.002502 0.003899 0.008401 0.000601 0.010500 0.010798 0.003401 -0.001199 0.006301 0.012100 0.004102 0.001201 0.000901 -0.000298 -0.010398 -0.010200 -0.013904 -0.018901 0.006699 0.053899 0.004700 -0.044900 -0.064001 0.003599 0.028198 -0.022898 -0.016602 -0.013301 0.027300 -0.006099 -0.016401 0.041199
0.038699 0.053401 0.060198 0.060400 0.045801 0.005798 0.004097 0.005798 0.005898 0.002302 0.009399 -0.011997 -0.015901 -0.009697 0.016401 0.008201 0.004199 0.001001 -0.005002 0.007502 -0.009800 -0.011401 -0.007300 -0.003499 -0.005500 -0.004800 0.000098 0.004897 0.006599 -0.003303 -0.010701 -0.002900 0.006401 0.003301 0.002297 0.014802 0.004199 -0.001099 -0.006001 0.011099 0.018398 -0.006602 -0.007703 0.001199 0.000798 -0.005903 -0.006702 -0.017000 -0.007097 0.038601 0.022300 -0.043098 -0.046997 -0.013398 0.037703 0.004900 -0.045701 -0.012002 -0.027498 0.049600 -0.003401 -0.009900 0.040500
0.043000 0.016201 0.004897 0.004402 -0.004500 -0.019199 -0.013801 -0.011196 -0.003599 -0.013799 -0.029202 -0.034299 -0.014402 0.001001 0.004897 -0.013301 -0.024902 -0.031099 -0.023000 -0.018599 -0.028003 -0.014702 0.000498 -0.001399 0.001199 0.003398 -0.000701 0.000500 -0.001296 -0.007600 -0.005298 0.003501 -0.002898 0.008499 0.017900 0.010503 0.003997 0.001499 0.008000 0.029302 0.006501 -0.028098 -0.019497 -0.012000 -0.010698 -0.007498 0.003804 0.009302 0.039299 0.047798 -0.005000 -0.028799 -0.010901 0.025798 0.030298 -0.017402 -0.024099 0.013203 -0.001299 0.060298 -0.010200 -0.003799 0.011099
