tests/3D/Borden05m/output_maps-METEOIO_OFF/psiliqL0019N0001.asc
ncols         160
nrows         34
xllcorner     620200.000000
yllcorner     5168000.000000
cellsize      0.500000
NODATA_value  -9999.0
[rows 0 to 27 of 34, columns 0 to 61 of 160]
-9999.000 -9999.000 -9999.000 -9999.000 -9999.000 -9999.000 -9999.000 -9999.000 -9999.000 -9999.000 -9999.000 -9999.000 -9999.000 -9999.000 -9999.000 -9999.000 -9999.000 -9999.000 -9999.000 -9999.000 -9999.000 -9999.000 -9999.000 -9999.000 -9999.000 -9999.000 -9999.000 -9999.000 -9999.000 -9999.000 -9999.000 -9999.000 -9999.000 -9999.000 -9999.000 -9999.000 -9999.000 -9999.000 -9999.000 -9999.000 -9999.000 -9999.000 -9999.000 -9999.000 -9999.000 -9999.000 -9999.000 -9999.000 -9999.000 -9999.000 -9999.000 -9999.000 -9999.000 -9999.000 -9999.000 -9999.000 -9999.000 -9999.000 -9999.000 -9999.000 -9999.000 -9999.000
-9999.000 -9999.000 -9999.000 -9999.000 -9999.000 -9999.000 -9999.000 -9999.000 -9999.000 -9999.000 -9999.000 -9999.000 -9999.000 -9999.000 -9999.000 -9999.000 -9999.000 -9999.000 -9999.000 -9999.000 -9999.000 -9999.000 -9999.000 -9999.000 -9999.000 -9999.000 -9999.000 -9999.000 -9999.000 -9999.000 -9999.000 -9999.000 -9999.000 -9999.000 -9999.000 -9999.000 -9999.000 -9999.000 -9999.000 -9999.000 -9999.000 -9999.000 -9999.000 -9999.000 -9999.000 -9999.000 -9999.000 -9999.000 -9999.000 -9999.000 -9999.000 -9999.000 -9999.000 -9999.000 -9999.000 -9999.000 -9999.000 -9999.000 -9999.000 2045.651 2040.411 2035.676
-9999.000 -9999.000 -9999.000 -9999.000 -9999.000 -9999.000 -9999.000 -9999.000 -9999.000 -9999.000 -9999.000 -9999.000 -9999.000 -9999.000 -9999.000 -9999.000 -9999.000 -9999.000 -9999.000 -9999.000 -9999.000 -9999.000 -9999.000 -9999.000 -9999.000 -9999.000 -9999.000 -9999.000 -9999.000 -9999.000 -9999.000 -9999.000 -9999.000 -9999.000 -9999.000 -9999.000 -9999.000 -9999.000 -9999.000 -9999.000 -9999.000 -9999.000 -9999.000 -9999.000 -9999.000 -9999.000 -9999.000 1913.309 1896.347 1882.166 1879.243 1901.610 1925.433 1949.840 1970.995 1989.993 2009.247 2030.168 2033.662 2022.180 2017.393 2014.497
-9999.000 -9999.000 -9999.000 -9999.000 -9999.000 -9999.000 -9999.000 -9999.000 -9999.000 -9999.000 -9999.000 -9999.000 -9999.000 -9999.000 -9999.000 -9999.000 -9999.000 -9999.000 -9999.000 -9999.000 -9999.000 -9999.000 -9999.000 -9999.000 -9999.000 -9999.000 -9999.000 -9999.000 -9999.000 -9999.000 -9999.000 -9999.000 -9999.000 -9999.000 -9999.000 -9999.000 -9999.000 -9999.000 -9999.000 -9999.000 1960.208 1966.386 1967.307 1957.595 1946.825 1934.385 1914.500 1897.255 1883.632 1881.895 1885.017 1889.549 1911.826 1937.475 1957.897 1974.924 1994.749 2015.564 2018.727 2008.557 2000.915 1995.472
-9999.000 -9999.000 -9999.000 -9999.000 -9999.000 -9999.000 -9999.000 -9999.000 -9999.000 -9999.000 -9999.000 -9999.000 -9999.000 -9999.000 -9999.000 -9999.000 -9999.000 -9999.000 -9999.000 -9999.000 -9999.000 -9999.000 -9999.000 -9999.000 -9999.000 -9999.000 -9999.000 -9999.000 -9999.000 -9999.000 -9999.000 -9999.000 -9999.000 -9999.000 1865.554 1883.072 1901.559 1920.588 1937.992 1945.400 1951.559 1957.517 1953.636 1949.623 1938.656 1919.166 1900.271 1887.433 1886.397 1884.554 1889.135 1902.024 1919.408 1935.719 1957.135 1981.733 1991.530 2003.396 2006.762 2002.294 2004.549 2006.739
-9999.000 -9999.000 -9999.000 -9999.000 -9999.000 -9999.000 -9999.000 -9999.000 -9999.000 -9999.000 -9999.000 -9999.000 -9999.000 -9999.000 -9999.000 -9999.000 -9999.000 -9999.000 -9999.000 -9999.000 -9999.000 -9999.000 -9999.000 -9999.000 -9999.000 -9999.000 -9999.000 -9999.000 1867.589 1862.029 1857.632 1856.723 1855.997 1855.573 1862.811 1874.932 1893.065 1915.558 1929.311 1937.166 1944.488 1945.611 1940.767 1939.515 1940.543 1928.945 1917.601 1907.027 1896.806 1895.198 1905.160 1920.079 1937.049 1952.526 1968.603 1977.160 1996.711 2018.140 2025.829 2020.582 2016.796 2015.361
-9999.000 -9999.000 -9999.000 -9999.000 -9999.000 -9999.000 -9999.000 -9999.000 -9999.000 -9999.000 -9999.000 -9999.000 -9999.000 -9999.000 -9999.000 -9999.000 -9999.000 -9999.000 -9999.000 -9999.000 -9999.000 -9999.000 -9999.000 1835.455 1841.173 1848.193 1856.322 1857.847 1854.660 1849.718 1847.481 1846.700 1845.426 1850.619 1858.839 1872.768 1889.003 1911.774 1920.924 1926.878 1939.383 1943.252 1950.627 1955.308 1954.204 1951.466 1938.542 1928.894 1933.319 1939.067 1946.657 1955.595 1969.832 1985.222 2002.356 2022.245 2043.485 2064.452 2079.792 2074.703 2067.709 2059.069
-9999.000 -9999.000 -9999.000 -9999.000 -9999.000 -9999.000 -9999.000 -9999.000 -9999.000 -9999.000 -9999.000 -9999.000 -9999.000 -9999.000 -9999.000 -9999.000 -9999.000 -9999.000 -9999.000 1808.894 1810.227 1812.069 1817.397 1818.537 1821.033 1828.499 1837.208 1840.464 1839.174 1838.632 1840.784 1844.180 1849.372 1861.032 1875.384 1890.184 1904.322 1925.868 1941.224 1954.988 1971.390 1971.979 1968.909 1967.909 1968.894 1969.039 1971.367 1973.222 1980.214 1983.951 1989.881 1999.985 2012.544 2030.804 2050.330 2069.600 2086.538 2104.914 2123.365 2117.711 2108.218 2094.307
-9999.000 -9999.000 -9999.000 -9999.000 -9999.000 -9999.000 -9999.000 -9999.000 -9999.000 -9999.000 -9999.000 -9999.000 -9999.000 -9999.000 -9999.000 -9999.000 1778.766 1780.946 1783.742 1789.719 1793.506 1798.078 1805.665 1807.656 1811.896 1819.647 1825.010 1834.717 1843.614 1851.541 1858.184 1861.496 1869.278 1879.461 1891.875 1907.276 1928.912 1952.994 1969.820 1987.403 2005.363 2006.781 2006.244 2007.801 2008.231 2013.226 2030.132 2035.619 2034.943 2049.388 2063.349 2068.429 2076.708 2096.880 2120.636 2141.290 2168.089 2187.978 2210.480 2207.929 2189.391 2178.692
-9999.000 -9999.000 -9999.000 -9999.000 -9999.000 -9999.000 -9999.000 -9999.000 -9999.000 -9999.000 -9999.000 -9999.000 -9999.000 1729.716 1734.174 1744.562 1755.338 1758.660 1763.853 1770.834 1783.662 1787.973 1794.783 1802.875 1815.763 1825.077 1834.780 1847.278 1856.241 1864.092 1871.611 1876.879 1890.183 1905.706 1921.705 1942.315 1965.165 1985.747 2006.201 2023.209 2037.028 2038.051 2038.068 2041.220 2048.510 2064.767 2083.513 2089.982 2105.668 2128.696 2141.934 2152.944 2161.628 2176.146 2198.250 2231.474 2266.993 2294.308 2308.116 2319.764 2311.381 2312.027
-9999.000 -9999.000 -9999.000 -9999.000 -9999.000 -9999.000 -9999.000 -9999.000 -9999.000 -9999.000 1697.621 1699.993 1697.023 1696.386 1702.372 1715.230 1729.971 1736.814 1749.295 1771.141 1790.048 1794.131 1808.945 1819.910 1827.387 1838.327 1852.056 1865.282 1882.261 1895.199 1906.483 1925.561 1942.625 1959.919 1978.416 1999.729 2019.107 2046.732 2074.002 2086.347 2107.616 2116.480 2114.282 2114.691 2124.770 2139.849 2159.581 2181.051 2202.696 2227.932 2243.846 2258.973 2270.299 2282.942 2299.428 2337.934 2381.116 2412.230 2434.101 2449.074 2450.027 2452.742
-9999.000 -9999.000 -9999.000 -9999.000 -9999.000 -9999.000 -9999.000 -9999.000 1671.971 1680.026 1686.430 1683.920 1680.093 1676.095 1690.923 1707.335 1724.062 1742.749 1759.376 1778.412 1793.959 1810.402 1831.147 1843.260 1855.282 1871.280 1885.529 1902.625 1924.507 1936.336 1951.906 1973.572 1992.137 2010.844 2030.543 2049.298 2074.605 2108.107 2140.185 2161.726 2190.193 2212.180 2210.856 2212.947 2217.344 2243.094 2272.369 2303.591 2327.699 2354.831 2385.150 2404.929 2416.406 2429.550 2445.117 2466.467 2498.065 2528.284 2559.513 2577.163 2582.896 2582.349
-9999.000 -9999.000 -9999.000 -9999.000 -9999.000 -9999.000 1643.186 1667.879 1683.564 1675.991 1665.094 1661.589 1657.498 1684.656 1707.630 1725.786 1743.501 1761.994 1779.329 1791.468 1824.507 1843.855 1858.183 1875.336 1890.845 1906.391 1924.422 1948.092 1969.425 1997.341 2020.715 2043.099 2069.658 2089.842 2109.375 2127.363 2158.691 2196.473 2233.851 2262.597 2290.291 2322.653 2328.369 2333.906 2340.188 2363.389 2397.022 2428.406 2462.676 2495.418 2523.983 2536.626 2547.631 2559.344 2573.138 2585.148 2600.624 2628.156 2656.416 2680.313 2696.239 2698.711
-9999.000 -9999.000 -9999.000 -9999.000 1609.206 1630.397 1650.411 1681.410 1704.425 1700.222 1706.873 1707.123 1705.276 1710.587 1719.076 1737.858 1757.688 1777.846 1795.365 1828.346 1874.515 1889.442 1912.133 1944.252 1958.111 1974.134 1991.398 2014.780 2039.747 2072.198 2113.651 2149.168 2174.736 2197.766 2219.733 2241.398 2277.364 2316.357 2354.448 2389.346 2419.740 2447.045 2458.756 2466.758 2479.054 2496.799 2519.762 2548.221 2581.322 2614.309 2639.621 2652.464 2660.190 2671.053 2680.853 2692.162 2703.932 2721.389 2743.108 2773.791 2794.950 2805.798
-9999.000 -9999.000 -9999.000 1557.576 1596.718 1635.666 1662.730 1694.078 1727.126 1730.959 1740.916 1745.106 1748.949 1757.555 1765.323 1783.376 1801.453 1820.001 1842.999 1879.704 1913.714 1940.234 1971.890 1995.924 2015.078 2031.225 2051.166 2075.124 2114.985 2150.999 2200.981 2254.526 2291.024 2315.087 2338.934 2367.867 2394.574 2433.376 2469.655 2504.044 2536.686 2561.769 2579.994 2587.596 2598.160 2606.735 2622.581 2644.729 2667.527 2697.663 2726.894 2753.594 2768.556 2779.376 2796.029 2812.913 2826.165 2840.342 2828.242 2844.317 2852.504 2856.229
-9999.000 -9999.000 1509.572 1548.295 1581.724 1631.140 1684.820 1720.360 1761.727 1784.929 1791.756 1807.879 1823.390 1829.830 1844.316 1861.199 1881.853 1890.803 1910.305 1936.625 1982.973 2025.441 2038.661 2086.213 2119.676 2150.567 2171.140 2199.334 2237.096 2277.270 2325.576 2376.783 2415.125 2446.538 2464.389 2485.620 2508.895 2535.215 2571.572 2600.678 2634.111 2660.994 2682.869 2688.411 2693.454 2710.116 2736.552 2764.769 2791.358 2817.393 2814.712 2831.223 2839.111 2843.857 2850.603 2855.324 2857.781 2856.962 2855.685 2849.564 2843.511 2842.432
-9999.000 -9999.000 1481.441 1527.253 1565.819 1629.702 1712.835 1749.985 1793.121 1840.386 1858.994 1884.195 1891.395 1895.270 1918.325 1939.378 1956.286 1964.927 1964.159 2019.759 2077.215 2119.493 2152.987 2224.711 2274.015 2295.124 2310.898 2333.062 2357.520 2400.286 2445.912 2500.304 2544.144 2575.875 2592.763 2612.921 2634.073 2652.007 2672.437 2715.435 2746.756 2775.251 2804.711 2826.097 2835.176 2840.096 2825.047 2839.130 2849.019 2853.895 2856.274 2853.583 2853.644 2854.936 2856.325 2851.511 2845.003 2838.358 2833.151 2826.416 2820.514 2818.125
-9999.000 1390.472 1442.996 1495.524 1563.254 1629.041 1710.087 1789.412 1851.408 1902.406 1932.356 1939.994 1965.440 2003.720 2029.336 2054.165 2060.031 2068.825 2057.462 2109.005 2155.304 2221.626 2328.164 2386.629 2439.562 2441.424 2436.117 2447.644 2470.118 2515.866 2588.042 2639.448 2697.888 2742.026 2758.961 2767.241 2786.292 2807.506 2781.854 2813.094 2828.259 2841.070 2847.359 2850.488 2852.825 2854.057 2851.874 2846.407 2839.547 2834.804 2831.448 2827.512 2830.332 2833.870 2834.567 2827.904 2820.121 2812.304 2804.412 2796.982 2790.102 2784.909
-9999.000 1353.844 1412.727 1483.449 1553.752 1614.625 1711.319 1864.436 1923.300 1963.257 1982.527 1990.697 2063.782 2130.076 2163.154 2209.973 2203.202 2193.284 2173.239 2204.750 2251.497 2325.247 2478.340 2565.127 2603.760 2615.872 2622.780 2651.701 2692.540 2734.076 2772.882 2762.617 2798.718 2817.441 2823.343 2826.225 2832.103 2833.319 2833.260 2831.030 2827.858 2829.589 2835.230 2836.384 2834.825 2832.857 2828.381 2821.901 2817.366 2813.416 2811.179 2808.525 2806.894 2806.581 2801.935 2796.342 2786.831 2776.551 2766.364 2755.153 2743.631 2736.057
-9999.000 1319.991 1392.825 1454.802 1513.287 1619.820 1748.622 1888.915 1985.197 2024.401 2034.083 2094.053 2198.597 2301.146 2355.814 2382.308 2378.809 2350.323 2347.131 2392.808 2460.759 2563.397 2673.149 2759.129 2775.305 2781.390 2753.400 2773.760 2792.704 2797.600 2801.170 2808.431 2815.631 2820.420 2820.953 2819.943 2816.988 2810.667 2807.364 2805.395 2803.178 2803.687 2807.183 2809.684 2808.095 2805.256 2801.691 2796.869 2791.344 2785.174 2781.349 2777.286 2774.960 2769.496 2765.005 2758.527 2742.623 2727.712 2712.611 2698.782 2684.677 2668.551
-9999.000 1211.157 1302.860 1352.751 1452.627 1633.371 1762.398 1910.449 2065.870 2101.178 2168.828 2299.514 2413.455 2493.003 2532.346 2573.627 2603.466 2626.497 2664.021 2595.510 2662.138 2735.473 2769.471 2786.363 2793.809 2797.453 2791.636 2774.675 2766.884 2762.706 2766.639 2775.898 2782.796 2789.529 2788.802 2790.841 2792.478 2790.240 2787.512 2780.235 2773.619 2768.506 2767.058 2772.937 2769.054 2767.092 2761.880 2754.469 2746.330 2739.202 2731.543 2724.729 2721.697 2715.660 2713.332 2703.511 2673.157 2651.691 2633.329 2613.481 2587.736 2565.558
-9999.000 1130.252 1205.667 1283.956 1412.207 1577.334 1695.354 1860.840 2083.564 2210.412 2353.154 2436.588 2512.785 2570.268 2631.140 2682.291 2710.604 2724.152 2709.003 2726.610 2693.380 2687.462 2707.078 2736.563 2753.585 2760.049 2754.433 2746.935 2742.096 2743.116 2743.330 2742.384 2741.045 2739.459 2737.330 2740.499 2746.023 2740.214 2731.700 2723.765 2716.670 2708.766 2703.838 2700.657 2700.869 2701.554 2694.751 2685.000 2674.813 2666.814 2659.249 2653.644 2650.205 2644.119 2634.169 2619.873 2590.532 2562.538 2537.946 2506.811 2462.116 2445.407
-9999.000 1023.321 1149.306 1236.903 1348.779 1483.582 1602.807 1763.796 1907.733 2139.638 2294.605 2437.999 2487.109 2553.863 2611.963 2683.893 2688.192 2661.996 2629.004 2616.847 2627.089 2638.641 2651.695 2670.887 2690.156 2701.845 2707.079 2702.182 2690.247 2681.304 2674.225 2664.078 2657.065 2656.127 2658.793 2667.453 2669.213 2660.301 2647.201 2630.671 2616.471 2605.901 2603.887 2606.335 2607.342 2604.151 2598.347 2588.273 2576.098 2564.184 2557.213 2551.541 2543.357 2531.503 2518.509 2504.043 2477.670 2454.998 2428.960 2387.270 2341.776 2302.244
-9999.000 -9999.000 1069.981 1180.364 1283.404 1402.528 1509.026 1644.289 1792.903 1973.068 2093.552 2246.593 2331.685 2380.658 2427.629 2485.674 2510.275 2537.405 2528.512 2538.558 2548.732 2556.354 2565.842 2576.503 2590.060 2601.460 2611.709 2610.899 2603.455 2586.369 2565.141 2548.820 2540.060 2532.691 2543.318 2555.122 2551.045 2544.165 2531.887 2516.066 2503.420 2489.783 2486.440 2486.908 2487.558 2485.303 2482.032 2469.770 2457.360 2446.257 2440.909 2434.138 2428.234 2416.314 2403.432 2389.915 2367.488 2342.077 2313.325 2270.486 2228.245 2185.153
-9999.000 -9999.000 984.052 1091.284 1201.512 1323.303 1418.364 1471.344 1619.242 1732.819 1841.137 1947.441 2038.435 2106.774 2149.219 2213.376 2263.150 2282.949 2313.534 2355.042 2385.997 2419.814 2441.297 2453.927 2468.497 2483.461 2492.886 2481.145 2471.398 2455.881 2434.928 2411.335 2399.343 2397.336 2398.316 2401.796 2395.075 2385.493 2370.899 2355.859 2343.185 2332.942 2329.187 2325.083 2323.555 2320.972 2318.651 2311.730 2301.837 2295.300 2286.577 2280.699 2277.388 2270.792 2261.524 2255.423 2240.041 2213.029 2183.477 2151.221 2114.464 2086.086
-9999.000 -9999.000 -9999.000 1033.028 1119.328 1176.977 1272.375 1323.684 1366.698 1465.520 1578.115 1702.556 1770.919 1827.280 1884.919 1931.789 1979.508 2019.925 2065.399 2135.520 2181.565 2228.348 2273.056 2296.173 2312.138 2329.663 2332.752 2325.271 2317.531 2303.567 2280.397 2258.378 2250.053 2255.224 2252.601 2249.315 2242.914 2239.832 2231.384 2220.279 2207.980 2202.708 2198.910 2193.289 2188.483 2184.375 2180.844 2177.549 2170.965 2162.640 2158.609 2156.580 2152.341 2148.484 2141.776 2132.875 2123.850 2094.661 2068.782 2046.695 2016.235 1983.968
-9999.000 -9999.000 -9999.000 -9999.000 -9999.000 1019.827 1124.892 1224.164 1282.124 1329.299 1403.096 1507.259 1551.744 1607.076 1669.622 1720.674 1778.210 1836.796 1907.564 1951.656 2011.110 2048.527 2090.497 2134.967 2150.473 2163.821 2174.243 2166.931 2159.505 2149.610 2126.831 2117.390 2117.707 2117.918 2117.676 2113.634 2108.525 2102.946 2099.029 2086.473 2078.998 2076.055 2071.967 2067.964 2062.982 2059.391 2056.303 2054.828 2046.946 2043.963 2047.415 2044.298 2040.814 2037.976 2030.346 2020.859 2011.054 1987.123 1968.910 1955.910 1923.155 1898.733
-9999.000 -9999.000 -9999.000 -9999.000 -9999.000 -9999.000 982.453 1079.725 1152.217 1226.303 1308.082 1371.154 1398.879 1436.187 1486.370 1555.291 1634.777 1697.958 1745.440 1790.316 1839.203 1881.627 1919.442 1962.934 1982.607 1993.492 2009.117 2005.731 1998.787 1994.043 1986.686 1992.647 1987.313 1986.930 1985.668 1984.922 1978.694 1972.872 1968.860 1964.879 1963.426 1958.206 1954.162 1950.155 1945.357 1940.892 1937.880 1935.345 1933.108 1937.303 1937.471 1936.360 1933.577 1929.644 1921.058 1910.554 1900.894 1888.114 1875.558 1861.851 1841.338 1824.267
