tests/test_sample_run/example/input_maps/pit_CentroCad250m.asc
ncols         174
nrows         141
xllcorner     744500.000000
yllcorner     5140950.000000
cellsize      250.000000
NODATA_value  -9999.0
[rows 50 to 74 of 141, columns 57 to 113 of 174]
946.387268 945.017639 925.000000 924.605469 925.000000 969.634766 1017.881470 1139.705688 1266.107666 1172.673706 1250.877930 1335.688843 1408.341919 1607.433716 1622.444702 1829.493408 1810.600830 1811.445679 1892.444458 1833.029663 2024.993652 2073.793701 1968.973511 1885.411377 1753.700928 1588.876221 1522.859619 1484.524536 1504.359741 1537.711304 1539.190918 1478.362549 1470.736938 1498.000122 1475.000000 1474.983887 1451.141113 1410.825439 1410.509033 1457.768433 1447.707153 1423.362671 1410.158447 1335.796509 1269.602661 1190.164795 1127.494751 1029.655884 950.069031 1031.763672 1099.175903 1189.038696 1235.627075 1301.139648 1375.143677 1468.805542 1413.168457
1213.616089 1207.723267 1107.090576 950.256287 921.359314 911.325439 926.130554 987.930969 1041.208618 1050.782715 1145.833618 1240.293823 1306.698364 1449.240112 1425.298340 1646.409180 1596.118652 1638.450928 1743.810303 1682.856323 1756.581421 1913.196533 1812.641113 1817.626831 1734.525391 1531.730469 1473.228638 1379.751831 1441.450806 1498.279663 1502.840454 1519.188110 1493.321533 1468.707031 1428.828369 1423.972656 1410.264893 1400.000000 1402.151611 1389.545410 1369.569702 1414.915771 1430.264893 1409.616211 1339.637573 1280.297729 1206.442261 1093.493286 993.716797 950.069031 984.279175 1076.633545 1125.321533 1207.615479 1263.089478 1325.637207 1273.423340
1370.207764 1315.548340 1173.338745 1011.920166 931.122498 900.000000 900.000000 920.497681 943.483215 1002.787354 1091.069824 1136.176636 1204.445068 1289.809204 1308.586304 1517.276733 1489.396118 1579.947876 1655.273071 1553.968018 1603.543213 1722.893555 1700.944336 1729.489746 1679.999634 1490.395752 1420.053223 1351.852173 1383.249146 1422.632935 1454.729126 1513.736694 1504.319336 1438.918091 1403.576172 1408.409790 1399.426270 1390.262451 1384.637207 1341.999512 1325.265625 1350.704590 1380.841187 1399.564453 1374.986084 1324.821167 1249.317383 1133.953003 1065.986206 981.019714 950.000000 1004.461304 1069.605103 1154.460815 1230.950684 1255.467163 1186.252319
1539.168091 1419.623413 1313.496582 1152.194214 1042.455688 914.602478 900.000000 897.613525 900.000916 912.061584 917.618713 974.347961 1039.116821 1108.074097 1214.526001 1326.527100 1300.883789 1488.766479 1554.496460 1351.730347 1408.811768 1500.659302 1500.377563 1593.521484 1584.015259 1431.929443 1350.338623 1277.494751 1335.768799 1380.390259 1425.190186 1479.152832 1459.978149 1404.729980 1386.611328 1377.452271 1360.000000 1364.375366 1351.140259 1287.628174 1263.622925 1283.855103 1288.696289 1271.119629 1294.515381 1315.472656 1284.062866 1196.895020 1159.993896 1068.601685 992.627808 928.911499 997.247559 1081.946289 1144.704834 1097.203735 1062.709595
1657.104980 1429.578979 1405.199585 1213.636597 1091.355591 958.774414 901.079102 879.466919 875.000000 895.326111 889.309326 894.610229 937.867615 1016.083191 1042.969971 1224.382446 1205.172974 1458.601929 1494.348877 1287.921875 1314.176147 1389.680298 1432.618286 1551.438965 1524.500610 1384.445190 1326.587891 1245.228882 1341.282715 1424.875000 1450.757812 1481.104736 1461.540039 1431.298706 1387.175903 1370.000000 1365.000000 1345.851318 1308.318115 1250.643677 1225.000000 1224.828857 1202.031372 1249.967041 1190.302979 1259.916626 1255.319336 1242.522583 1213.726074 1116.530273 1051.528809 925.000000 930.109741 1027.099121 1048.003418 1006.534363 964.011902
1538.935547 1429.730103 1299.217163 1106.070435 1015.730774 925.000000 975.000000 958.744446 950.678711 875.000000 875.000000 875.102356 883.177307 892.905579 921.933533 1005.665527 1091.703491 1238.455200 1240.554321 1154.456177 1190.589600 1330.667725 1418.586792 1469.608276 1426.932129 1308.707520 1230.352905 1249.058105 1365.320679 1466.553589 1507.584961 1509.201782 1471.215576 1411.190430 1360.949951 1357.963135 1335.798340 1317.627197 1300.000000 1298.666870 1276.559814 1209.164551 1161.781128 1133.462158 1100.501709 1112.077148 1116.781128 1149.871826 1174.073608 1177.246094 1153.374390 993.276306 925.000000 925.000000 925.000000 925.000000 925.000000
1404.880493 1301.239868 1274.874512 1139.457764 1002.306702 930.535950 1050.000000 1051.496216 1054.204224 948.836426 884.477478 875.000000 875.000000 875.000000 909.535339 951.690247 1025.366211 1098.822388 1106.731934 1066.582764 1185.810791 1315.916870 1334.214111 1361.535522 1300.897339 1191.910889 1125.313110 1256.614136 1366.359497 1460.711792 1498.131226 1509.307983 1450.176758 1387.619263 1345.005981 1336.935791 1325.000000 1318.422607 1314.260742 1334.043701 1320.306519 1272.006592 1228.549072 1133.428101 1103.156250 1049.911133 1036.547119 1080.374146 1080.803833 1100.657227 1112.482544 1003.751526 922.184692 925.000000 925.000000 925.000000 963.776794
1275.958740 1175.254028 1128.438599 1051.126831 996.860596 1003.165833 1143.525269 1161.667236 1153.699463 1119.614380 1064.622070 938.376953 888.368774 875.000000 866.120911 874.980957 909.460938 947.593384 992.553772 1077.177124 1178.788452 1170.843018 1113.201782 1184.120361 1212.536499 1064.391724 1149.797974 1289.974487 1388.766235 1447.172974 1475.905273 1468.381348 1440.184326 1385.442139 1358.258667 1275.581665 1367.844482 1363.591553 1339.757812 1404.967896 1387.122192 1336.447021 1286.848145 1244.959717 1238.303345 1143.396484 1097.883179 967.881165 949.573242 954.591980 962.554871 917.154968 905.321777 911.742737 946.122498 994.675720 1043.614990
1373.063843 1233.661133 1129.008545 1027.893188 996.860596 1064.775269 1133.945679 1262.965332 1245.972046 1214.686768 1114.807983 1003.972473 988.161255 895.705017 843.546509 851.545715 873.619141 918.403687 945.118225 984.401794 1059.138550 1005.634216 1034.700195 1154.265747 1156.722900 1060.320557 1165.184448 1328.177612 1395.797974 1405.067383 1475.565552 1452.563599 1412.207031 1348.976929 1325.000000 1274.959473 1362.588013 1356.655151 1350.000000 1380.086548 1397.152100 1300.000000 1288.798462 1348.221802 1277.806274 1141.245239 1079.437622 1042.883057 940.172058 900.106995 905.321777 905.321777 905.321777 932.234985 979.157288 1055.561890 1122.351807
1458.102295 1257.673950 1108.247314 996.860596 1025.400513 1170.561401 1211.629517 1338.329712 1339.015381 1241.241089 1148.462646 1104.418701 1069.670898 993.505798 939.221252 843.546509 843.546509 884.459839 880.590149 869.391479 876.881775 945.706421 935.230835 1080.114014 1021.919556 1080.289185 1164.805542 1336.474609 1346.622192 1367.605225 1336.752563 1306.036743 1242.074585 1224.295166 1161.152344 1248.472168 1291.613403 1325.000000 1325.747803 1373.817627 1367.196289 1373.861450 1348.582764 1247.343018 1192.040894 1119.190674 1037.751099 928.344177 900.106995 1035.688599 1003.699829 929.467346 956.027832 991.253479 1049.642700 1131.649170 1168.656738
1393.868286 1236.775635 1071.529541 1025.453491 1114.912354 1257.071777 1288.706543 1341.819702 1368.496216 1265.511230 1181.688477 1152.294922 1116.609375 1080.803711 1039.543823 928.418945 856.331665 838.106506 861.210938 850.000000 861.086548 886.607422 917.168701 963.587524 935.678589 1083.335938 1162.519287 1204.280029 1236.448242 1318.098511 1241.105103 1184.519165 1138.711670 1103.015991 1125.721802 1232.396240 1296.903076 1331.612671 1368.482300 1417.111206 1403.422852 1382.609497 1197.581787 1114.763672 1069.366699 1019.964783 981.759827 897.488709 989.737305 1154.508301 1047.131348 953.375000 961.928711 1105.512329 1167.950195 1272.594727 1308.422485
1304.761963 1097.683228 1025.453491 1075.000000 1194.427368 1346.246094 1403.990845 1437.859131 1432.078857 1332.739014 1304.910034 1246.445312 1105.576416 1005.295349 934.220825 906.028137 919.000549 841.862671 829.593933 829.593933 829.593933 846.318359 851.155151 889.468323 875.092712 1009.052185 1042.021362 1070.892090 1116.739380 1220.790161 1161.402100 1048.837158 1065.483154 1104.674194 1162.706299 1269.798584 1351.008545 1416.556641 1459.093018 1507.151978 1496.706909 1436.853149 1367.322998 1235.958740 1185.536011 1104.279663 1041.855713 897.488709 1032.981445 1216.586914 1214.044556 975.000000 1005.398132 1306.050537 1517.357178 1591.498047 1572.938843
1244.393433 1057.739746 1025.453491 1102.239136 1186.712280 1383.134155 1452.742798 1487.503662 1483.412842 1446.606812 1400.099243 1199.917969 1073.429321 963.478394 925.000000 952.122070 939.581299 906.621521 881.732605 848.790649 829.593933 829.593933 829.593933 848.110229 854.786926 926.963806 923.527405 986.469849 1054.645752 1128.032715 1094.514526 1012.569336 1000.203491 1071.453979 1162.760620 1290.140869 1406.714111 1513.364746 1543.978638 1554.597290 1499.079834 1504.599121 1381.496704 1357.625366 1359.314453 1243.226685 1055.720581 897.488709 991.496460 1218.358643 1220.477539 981.054688 1018.828247 1404.269653 1672.644165 1732.658325 1709.576538
1137.131470 1036.493042 1087.390137 1141.176514 1183.103760 1250.245605 1321.067139 1501.113770 1526.616211 1467.052612 1323.764160 1127.297852 1060.087891 1083.919067 1088.940186 1087.242920 1107.591919 1042.873413 1001.061707 953.280579 899.251343 852.595764 829.593933 829.593933 829.593933 835.029541 864.235474 913.413269 917.431702 955.457642 952.578064 983.829529 1050.264771 1125.136841 1192.708984 1344.095703 1452.256592 1663.914429 1667.661377 1521.967407 1351.144165 1387.881226 1351.519165 1175.212280 1038.700439 985.211121 920.480652 897.488709 918.502991 1074.880981 977.594727 1007.532043 1086.633789 1419.342773 1632.671631 1787.523071 1842.727661
1097.306641 1050.107666 1082.477051 1172.834839 1269.452026 1353.782837 1379.555908 1453.540039 1484.279785 1374.915405 1267.921143 1153.132568 1060.087891 1162.105225 1196.184204 1152.716675 1245.720215 1145.887695 1146.274658 1070.324341 968.598877 983.546692 942.137268 877.713745 831.857849 829.593933 833.122192 876.730286 873.300903 900.105530 958.679016 1070.541016 1174.788452 1259.804321 1288.116577 1425.147339 1536.106079 1609.185547 1497.507935 1417.011353 1376.341064 1134.588623 1177.633789 1145.632324 1053.851929 923.438477 897.488709 905.747131 900.765076 950.000000 977.071655 1001.121948 1062.672119 1348.867065 1444.314453 1586.237061 1650.593750
1098.791626 1117.626221 1227.057617 1331.163086 1409.833252 1527.755615 1560.499756 1593.647095 1489.599976 1339.149780 1266.735107 1147.059814 1131.015259 1284.515747 1373.034058 1370.575073 1407.828369 1371.524048 1306.249268 1150.120850 1113.332397 1146.661377 1160.808472 1093.055542 1005.779663 932.293945 829.593933 873.300903 923.753967 1000.963928 1070.636475 1196.262451 1256.901123 1342.551758 1417.460693 1508.093872 1354.661377 1329.372070 1346.622437 1241.942505 1179.473511 1060.282959 995.133179 897.488709 897.488709 897.488709 935.367981 1093.585205 1050.419678 975.000000 1010.258057 1054.623291 1032.904663 1082.016724 1215.629150 1400.341919 1478.137329
1115.287109 1124.556152 1174.312012 1294.773804 1377.699707 1561.815918 1630.730835 1672.970093 1610.917480 1414.537598 1301.527832 1263.833374 1131.015259 1331.262939 1416.936523 1471.338135 1469.452271 1451.006592 1374.825562 1272.551636 1244.054199 1280.109985 1251.593994 1191.698975 1126.265991 1022.519775 917.160950 814.631958 835.759888 988.666077 1062.219849 1153.545166 1213.178833 1296.935425 1288.074951 1370.236572 1284.027466 1172.225830 1145.817261 1049.202271 998.671448 897.488709 897.488709 957.519592 936.934753 1051.518921 1121.862671 1278.544922 1038.017822 1010.367615 1087.542480 1152.715454 1104.036255 1107.739990 1107.880615 1236.823608 1284.280396
1187.618286 1215.310181 1200.769897 1206.421265 1289.413818 1434.081543 1417.381470 1533.171509 1579.173218 1531.729004 1470.487427 1370.229248 1261.300659 1235.487427 1332.997437 1506.824219 1560.932007 1498.277100 1421.651733 1422.568848 1389.011841 1446.896973 1425.187744 1344.315186 1274.940186 1128.529297 1032.170654 869.193909 814.631958 881.255005 986.767883 1085.324219 1101.007935 1149.157959 1111.354370 1017.828186 1005.860535 949.508545 899.004028 878.915771 878.915771 1010.064209 1043.004150 1112.026245 1201.871094 1280.229736 1519.332031 1196.156616 1046.577637 1051.000122 1222.541260 1342.992554 1265.443115 1234.559937 1204.015137 1202.035278 1256.551636
1235.090088 1293.972168 1264.422363 1257.549927 1250.116089 1325.074585 1381.621704 1430.736206 1526.792725 1687.476563 1634.420044 1441.010132 1370.260010 1245.000977 1372.914429 1585.286621 1649.987671 1533.892700 1495.354370 1535.229736 1512.588867 1524.343262 1521.708008 1408.689697 1307.841919 1173.337280 1092.023071 911.494202 814.631958 852.349548 986.273010 1065.710083 1005.334900 1060.978760 932.946594 878.915771 878.915771 878.915771 878.915771 878.915771 1057.244873 1100.702881 1187.258179 1232.751831 1547.169678 1491.664307 1616.994507 1194.379150 1094.648926 1114.273804 1260.347656 1457.503784 1480.520996 1357.555298 1333.021362 1280.423950 1286.773926
1336.558594 1396.616699 1328.682373 1306.995728 1306.409668 1328.983154 1350.000000 1400.811768 1466.215698 1593.782593 1650.984985 1506.588379 1440.180664 1317.813843 1335.306641 1454.494873 1615.042114 1591.788940 1548.575073 1568.187500 1552.371948 1463.009521 1536.818848 1467.692871 1447.498901 1249.217896 1112.637695 955.287231 814.631958 894.019653 1001.026489 990.977539 878.915771 878.915771 878.915771 1135.713501 1081.800537 1223.505859 1094.554688 1032.896606 1049.194336 1312.173584 1531.175903 1695.667480 1786.285645 1873.054077 1590.484741 1248.055420 1186.167847 1168.872070 1270.790649 1665.824951 1737.792969 1612.668457 1680.906616 1581.046753 1443.217896
1467.344727 1496.821167 1393.308716 1358.483765 1354.918579 1389.730713 1403.280151 1392.868042 1445.209106 1540.705200 1625.000000 1492.580688 1418.417236 1350.060913 1367.060791 1496.534424 1545.647461 1512.329224 1490.397095 1475.304932 1452.323608 1435.175781 1435.175781 1450.369995 1377.965820 1256.038818 1095.847778 934.880798 793.546936 924.656677 965.119080 946.691834 878.915771 1079.945557 1032.695923 1372.504517 1172.279297 1330.340088 1072.961548 1157.618164 1110.056396 1306.726318 1553.574219 1898.858276 1823.229980 1954.298218 1769.070679 1357.306763 1263.827881 1181.271851 1327.562988 1715.360962 1901.549438 1895.048218 1824.602661 1779.357666 1617.161621
1677.642944 1679.668457 1530.972412 1526.261353 1538.884033 1618.801636 1567.659790 1495.739014 1450.139648 1582.255249 1626.669434 1507.631470 1475.042480 1424.736328 1417.274414 1525.564819 1573.027832 1527.417236 1506.242065 1539.557617 1552.510864 1570.603027 1438.145264 1132.370728 1113.997559 1112.791260 1086.759033 873.502380 783.807495 861.700134 878.915771 952.868652 878.915771 1204.166870 1428.060913 1715.683350 1748.626221 1316.695068 1455.144531 1624.795776 1517.378540 1341.068359 1506.645508 1977.632935 2081.200928 1976.845337 1819.449707 1488.894165 1363.384521 1267.585693 1437.186768 1766.616821 1814.939941 2024.087280 2012.640869 1964.603638 1762.217651
1787.758667 1771.123413 1618.114868 1651.613281 1621.778687 1773.248535 1723.186768 1550.636475 1533.645142 1567.364258 1637.208130 1574.407349 1523.372070 1468.910400 1471.637207 1543.176514 1575.008301 1525.000000 1550.057739 1585.580078 1607.001953 1600.744263 1450.571167 1171.963867 993.914917 1014.435364 992.037537 864.235413 780.906250 850.000000 941.554565 878.915771 918.645020 1296.470703 1583.272949 1846.798218 1883.922485 1553.862671 1637.224487 1740.831543 1659.671021 1433.400757 1473.435913 1944.802490 2150.652588 2104.430420 1776.722412 1652.909546 1480.475220 1353.395630 1462.453979 1616.676270 1661.425537 1818.875610 1971.145996 1988.135986 1872.874390
1931.404175 1795.100708 1734.913940 1778.758911 1758.870728 1965.237915 1884.204102 1669.596924 1608.043213 1600.000000 1650.963379 1657.313232 1562.987061 1569.365967 1573.144165 1593.690308 1559.389526 1557.445435 1603.365601 1741.987549 1710.813843 1632.224976 1488.676880 1199.267822 1038.011108 881.333618 859.299622 844.932556 780.906250 859.795166 983.662231 895.700684 901.831055 1390.007202 1622.187500 1815.990234 1973.482544 2011.655884 1982.059692 2162.452393 1891.808472 1586.804932 1703.912476 2007.023682 2271.419189 2177.651367 1910.236328 1873.388672 1541.033447 1520.131958 1568.718994 1660.050415 1723.797852 1779.409912 1837.237671 1918.945190 2004.145996
1977.489502 1880.453247 1773.785889 1804.275635 1851.862671 2049.303711 1926.641479 1723.314697 1672.215088 1616.386475 1669.412842 1696.972534 1612.170654 1656.430176 1635.958496 1590.455933 1557.445435 1629.073364 1692.736694 1774.604980 1724.867188 1613.205078 1427.514404 1188.827637 1066.500366 971.923279 871.063721 787.414001 780.906250 875.000000 945.273254 804.325439 900.369202 1471.758423 1633.672852 1868.531860 2003.718628 2086.263916 2037.809204 2128.129883 2032.775024 1676.606079 1862.959595 2154.566162 2322.262207 2338.104492 2078.040527 1753.409302 1675.019165 1629.965820 1731.722534 1749.297974 1876.605957 1817.320312 1869.622314 1991.567871 2022.243164
