tests/3D/Borden05m_nopit_001/output_maps/psiliqL0011N0032.asc
ncols         160
nrows         34
xllcorner     620200.000000
yllcorner     5168000.000000
cellsize      0.500000
NODATA_value  -9999.0
[rows 0 to 28 of 34, columns 65 to 129 of 160]
-9999.000 -9999.000 -9999.000 -9999.000 -9999.000 -9999.000 -9999.000 -9999.000 -9999.000 -9999.000 -9999.000 -9999.000 -9999.000 -9999.000 -9999.000 -9999.000 -9999.000 -9999.000 -9999.000 -9999.000 -9999.000 -9999.000 -9999.000 -9999.000 -9999.000 -9999.000 -9999.000 -9999.000 -9999.000 -9999.000 -9999.000 -9999.000 -9999.000 -9999.000 -9999.000 -9999.000 -9999.000 -9999.000 -9999.000 -9999.000 -9999.000 -9999.000 -9999.000 -9999.000 -9999.000 -9999.000 -9999.000 -9999.000 -9999.000 -9999.000 -9999.000 -9999.000 -9999.000 -9999.000 -9999.000 -9999.000 -9999.000 -9999.000 -9999.000 -9999.000 -9999.000 -9999.000 -9999.000 -9999.000 -9999.000
359.008 354.823 353.698 352.671 352.081 357.162 364.950 372.409 379.443 381.696 383.999 386.153 386.548 385.190 381.866 378.502 375.036 373.492 365.253 353.804 344.897 342.112 346.559 351.056 353.590 359.596 370.455 381.387 390.042 401.975 407.788 413.096 416.399 412.603 409.352 405.888 401.209 390.348 -9999.000 -9999.000 -9999.000 -9999.000 -9999.000 -9999.000 -9999.000 -9999.000 -9999.000 -9999.000 -9999.000 -9999.000 -9999.000 -9999.000 -9999.000 -9999.000 -9999.000 -9999.000 -9999.000 -9999.000 -9999.000 -9999.000 -9999.000 -9999.000 -9999.000 -9999.000 -9999.000
346.502 340.814 338.779 338.562 338.398 342.340 352.181 359.982 364.594 366.909 369.302 369.047 368.413 367.947 364.958 361.451 357.983 356.124 356.316 348.659 343.196 339.806 338.319 340.804 343.185 346.461 356.095 364.412 372.753 387.096 399.604 405.028 402.836 398.138 394.727 388.524 378.916 368.769 358.779 351.924 346.776 341.636 348.010 354.822 365.152 375.304 387.484 399.729 -9999.000 -9999.000 -9999.000 -9999.000 -9999.000 -9999.000 -9999.000 -9999.000 -9999.000 -9999.000 -9999.000 -9999.000 -9999.000 -9999.000 -9999.000 -9999.000 -9999.000
339.269 334.323 342.173 343.119 343.988 346.989 350.006 352.577 355.161 360.309 369.083 371.571 371.918 371.891 369.925 366.698 364.804 361.955 356.670 355.565 355.827 355.628 360.655 362.136 363.734 356.990 360.542 366.886 373.880 380.777 387.789 392.308 389.435 388.779 380.870 367.541 356.722 348.530 346.659 343.825 336.425 324.341 331.692 347.539 352.458 356.210 368.193 380.597 390.895 393.107 392.871 392.620 390.096 376.369 361.797 347.099 328.575 -9999.000 -9999.000 -9999.000 -9999.000 -9999.000 -9999.000 -9999.000 -9999.000
344.309 356.512 365.472 366.782 369.309 372.514 371.376 359.091 356.380 364.536 374.668 380.250 380.195 379.905 377.880 376.698 376.114 373.697 374.465 376.816 376.958 381.660 387.215 390.026 381.950 372.904 373.709 381.545 389.752 397.286 408.306 420.085 419.335 414.156 405.786 392.823 370.042 350.953 340.772 334.382 327.794 327.900 325.670 337.022 339.109 341.212 349.857 360.355 370.684 376.666 376.296 375.891 373.616 364.281 349.689 335.068 318.505 293.173 264.886 238.261 237.086 260.869 284.614 -9999.000 -9999.000
368.656 381.770 395.817 397.883 399.899 399.137 389.524 379.076 374.865 389.469 405.114 413.022 413.460 412.981 420.123 418.222 415.889 410.550 412.562 414.406 424.728 432.073 438.832 436.947 425.173 414.130 412.590 415.157 418.100 424.391 435.003 445.306 440.868 434.284 424.916 397.083 370.539 354.501 355.693 356.686 352.606 350.090 347.251 340.554 340.604 340.336 340.169 352.434 365.003 368.643 362.650 359.147 357.053 348.598 337.743 322.590 305.842 287.096 259.053 252.274 244.016 266.032 289.810 310.743 335.172
414.618 431.564 454.598 456.923 459.684 462.464 451.227 438.870 427.282 443.853 453.416 461.801 463.782 473.904 483.516 478.515 470.034 459.931 466.033 478.345 492.968 499.208 502.613 501.986 491.600 486.266 484.474 486.138 483.410 487.551 498.469 514.063 514.525 505.709 484.257 449.129 415.762 395.719 401.706 396.022 390.493 387.392 374.202 363.844 364.427 355.506 349.822 361.682 368.085 370.034 363.691 369.260 361.815 343.461 326.379 311.050 296.734 281.543 274.482 265.266 257.556 270.189 290.334 310.237 334.943
460.629 482.656 505.512 514.060 517.805 526.463 519.655 510.304 501.659 510.399 522.181 533.506 543.303 555.368 566.523 557.929 546.731 542.315 546.829 564.871 580.606 585.407 586.914 590.292 582.689 576.032 569.062 563.263 557.341 553.393 570.657 586.778 585.884 563.918 541.594 508.276 472.998 441.883 440.994 440.341 440.417 426.561 412.383 396.155 387.060 378.976 365.270 370.942 376.744 387.135 396.689 397.257 380.929 363.620 344.410 325.850 311.620 306.672 301.437 291.815 285.367 291.733 305.754 320.428 332.351
552.625 576.007 606.635 627.705 646.565 649.920 640.786 631.485 617.998 614.325 629.390 640.691 651.068 661.586 673.388 679.444 677.466 677.031 679.701 685.203 692.711 699.045 704.619 710.590 708.803 699.447 692.591 683.717 676.532 674.271 675.916 686.002 685.285 662.870 638.051 609.183 575.297 546.540 529.947 536.051 526.001 510.028 491.637 457.998 442.102 427.327 399.069 395.623 405.372 419.075 428.384 413.286 397.030 378.667 358.291 338.790 332.137 330.812 327.807 321.877 319.226 324.210 337.467 340.498 351.225
656.656 687.076 719.949 747.919 770.659 778.371 767.929 757.914 746.104 736.380 738.839 751.972 767.708 782.841 793.575 797.269 796.064 796.274 797.858 800.598 803.090 808.476 815.365 825.375 836.738 831.930 815.740 803.393 789.500 784.430 783.163 781.342 782.069 777.357 749.934 724.458 695.233 667.801 648.435 635.214 618.433 599.331 557.911 520.765 488.763 463.330 436.915 435.105 459.783 489.864 483.766 472.367 455.514 431.146 406.918 382.647 376.139 373.402 368.077 361.646 355.935 351.050 354.597 357.583 369.470
774.639 794.813 829.349 863.942 891.658 895.278 886.138 875.661 864.927 854.789 851.319 857.902 867.825 882.664 893.840 903.769 903.435 903.814 903.909 905.737 907.330 908.842 915.184 926.188 936.697 938.135 926.146 909.847 892.926 885.633 879.769 874.615 875.210 876.695 872.084 850.043 817.422 777.550 752.428 733.083 722.289 709.266 689.197 644.293 618.785 587.874 556.170 536.442 575.170 574.023 563.621 548.798 525.023 499.212 474.116 448.697 440.063 434.924 427.289 421.088 412.692 402.468 398.800 393.616 391.473
889.370 904.701 925.573 951.724 976.455 992.949 989.430 977.666 961.333 956.828 955.724 957.286 963.123 970.048 984.401 999.223 1004.375 1005.042 1002.656 1004.560 1005.514 1005.507 1006.166 1010.161 1016.618 1019.030 1014.930 1000.294 981.429 967.306 958.959 954.849 952.983 954.323 954.187 944.199 918.493 884.180 852.945 832.394 818.278 807.123 798.711 784.237 769.579 742.998 703.866 670.751 669.680 660.911 649.923 626.541 598.864 574.529 543.426 513.972 496.785 490.433 484.774 477.171 465.943 455.326 448.770 435.454 427.869
997.589 1014.855 1027.078 1042.046 1061.474 1072.772 1078.183 1078.710 1077.910 1079.754 1079.858 1060.161 1062.554 1064.880 1070.273 1076.919 1078.985 1079.185 1078.380 1079.293 1079.532 1079.702 1079.363 1078.935 1080.533 1081.141 1080.379 1074.953 1075.522 1059.544 1048.325 1041.336 1034.151 1026.084 1017.187 1008.473 994.221 969.901 939.137 913.323 903.184 898.259 893.677 890.068 877.289 858.574 831.496 796.522 764.087 755.301 740.351 714.672 693.789 678.580 645.689 613.213 590.087 581.576 565.357 548.131 533.248 516.166 500.032 483.278 466.894
1086.544 1083.106 1085.736 1088.458 1091.162 1092.090 1092.356 1092.233 1090.088 1089.842 1088.366 1083.634 1074.473 1075.938 1077.346 1079.795 1083.231 1081.874 1082.743 1085.618 1084.191 1078.900 1075.468 1073.913 1074.259 1081.221 1084.226 1084.960 1084.382 1083.771 1083.446 1082.358 1081.001 1079.090 1076.649 1078.086 1068.995 1047.770 1017.737 985.914 972.686 968.869 970.517 968.624 963.823 947.160 922.558 889.643 854.585 839.808 827.904 817.231 807.146 793.365 758.720 723.319 696.296 678.765 653.673 633.563 615.159 593.704 575.450 556.372 533.382
1092.159 1088.719 1084.206 1083.096 1081.903 1079.621 1080.313 1078.444 1074.704 1071.438 1065.483 1055.180 1044.035 1041.767 1046.390 1051.243 1055.354 1058.263 1061.450 1062.717 1058.237 1050.727 1043.948 1042.038 1048.292 1053.687 1058.583 1059.181 1057.831 1055.961 1056.270 1054.020 1054.551 1060.705 1073.270 1079.380 1081.222 1080.926 1075.622 1066.040 1055.972 1037.500 1041.087 1037.178 1026.722 1007.423 985.706 958.791 932.570 909.727 902.301 897.924 892.372 883.712 851.723 819.613 789.234 765.544 740.564 717.552 696.260 674.627 652.345 628.566 604.792
1077.294 1069.470 1062.988 1056.752 1054.953 1053.792 1053.256 1053.444 1048.442 1041.282 1026.827 1015.701 1004.805 998.982 997.507 1002.705 1012.078 1020.992 1025.450 1019.346 1012.308 1002.183 994.370 994.597 996.994 1005.643 1018.655 1022.492 1023.028 1018.156 1013.966 1008.168 1006.183 1012.662 1026.813 1040.992 1053.573 1061.034 1067.842 1073.809 1078.165 1078.972 1079.380 1078.626 1076.752 1062.658 1043.480 1021.708 999.483 974.850 968.328 966.208 962.387 960.389 934.132 901.488 869.539 842.128 816.719 794.020 772.104 748.823 724.230 700.313 673.136
1044.721 1035.176 1025.034 1016.016 1010.604 1011.665 1014.023 1015.101 1009.347 995.859 979.496 966.806 953.549 949.912 945.526 942.096 952.620 968.954 974.855 962.121 952.712 939.060 931.794 928.921 930.477 939.652 958.468 976.400 977.205 967.624 958.174 953.071 950.160 956.164 973.333 991.837 1005.302 1013.858 1018.878 1026.389 1035.276 1046.502 1058.669 1068.806 1077.358 1080.250 1078.773 1074.540 1061.512 1042.560 1029.885 1020.543 1015.230 1007.194 987.131 961.414 936.050 910.220 888.723 870.486 846.384 821.199 796.660 767.395 735.575
1002.937 990.472 979.462 968.763 956.399 953.910 952.006 954.416 944.172 934.439 916.608 902.030 887.208 877.769 872.376 866.989 872.015 887.526 896.531 883.050 872.919 860.090 853.861 850.581 852.255 862.160 883.990 902.050 908.223 899.786 893.606 890.258 888.336 892.870 906.399 924.906 944.036 958.243 966.345 973.158 982.371 995.704 1008.510 1021.267 1037.009 1055.344 1068.667 1077.094 1080.934 1080.406 1077.696 1073.147 1063.909 1053.461 1037.132 1014.814 989.121 963.758 946.741 930.167 913.691 887.836 858.869 829.347 796.639
953.991 910.653 894.607 878.445 864.853 860.629 854.673 848.795 840.701 834.831 827.919 813.255 796.802 781.623 776.956 773.142 765.414 771.199 774.656 777.485 770.149 763.967 761.380 758.758 761.899 775.177 786.908 796.856 802.183 799.262 804.486 809.072 810.945 824.875 836.810 852.793 872.418 893.847 905.194 913.301 922.953 937.191 952.470 968.410 989.233 1011.917 1026.237 1036.082 1046.895 1058.257 1070.889 1079.256 1083.705 1082.849 1077.702 1058.020 1034.222 1014.114 996.748 982.402 968.934 950.062 916.060 886.131 854.892
877.799 837.510 807.456 791.268 771.487 762.260 753.408 730.034 717.610 712.404 717.530 708.428 692.339 679.032 671.805 666.018 654.124 646.526 651.225 662.803 657.957 655.848 659.446 657.418 654.044 659.766 673.586 681.037 689.607 699.142 701.956 708.698 732.131 743.891 757.007 775.113 794.947 815.591 833.625 845.015 857.861 874.990 890.231 909.398 931.246 957.853 975.560 988.359 998.558 1008.880 1023.195 1041.359 1056.970 1071.963 1082.200 1082.223 1077.731 1057.362 1040.816 1026.202 1017.416 996.526 968.181 939.181 908.296
775.486 737.532 709.954 690.380 668.840 653.042 629.284 600.549 582.515 588.541 596.599 597.640 584.638 572.861 563.679 551.143 536.687 526.040 534.528 542.983 550.321 553.361 556.761 558.714 557.219 552.796 558.017 565.825 574.870 583.669 594.688 621.227 643.274 657.964 676.129 694.023 714.524 736.132 755.318 769.291 785.809 803.231 822.378 841.676 864.994 892.398 914.630 928.256 940.788 953.294 970.876 992.243 1012.587 1034.417 1053.578 1064.382 1075.820 1083.250 1080.801 1066.841 1054.052 1036.935 1014.563 984.295 956.265
658.003 625.568 604.224 582.594 561.675 537.910 509.754 485.520 467.544 475.433 483.285 494.863 483.843 473.442 467.943 454.041 440.791 427.007 434.779 444.421 460.837 464.561 467.627 473.982 472.456 469.647 460.762 468.522 477.557 489.453 514.589 537.141 558.793 577.422 595.182 614.995 636.319 657.883 680.614 697.512 714.231 733.568 752.031 768.977 788.674 813.249 834.328 851.998 870.758 884.849 907.162 934.451 960.152 990.013 1010.470 1024.688 1036.724 1048.702 1065.445 1075.812 1076.320 1071.021 1048.853 1026.753 999.893
518.374 503.139 487.286 466.883 447.676 428.626 404.599 383.636 361.351 366.166 379.221 393.654 388.211 385.046 382.424 371.681 358.528 345.337 349.061 363.963 380.466 387.430 393.661 400.833 400.594 393.525 384.682 389.588 402.447 417.227 436.870 457.608 477.672 496.086 516.481 537.664 559.088 582.237 606.334 623.856 644.966 667.088 684.636 695.245 707.967 730.372 747.017 766.860 787.107 802.596 828.901 860.464 897.951 934.352 966.964 981.420 993.780 1003.977 1019.493 1038.331 1055.537 1069.412 1068.296 1064.157 1047.385
413.645 397.042 381.139 364.823 345.725 327.856 310.284 289.571 272.444 278.475 292.160 304.110 307.111 304.541 301.880 294.635 281.307 271.109 279.506 294.773 309.532 319.386 325.841 331.708 328.744 320.267 313.780 321.177 335.831 349.799 366.136 386.294 406.223 426.266 447.157 467.900 490.795 514.322 538.126 561.469 582.773 602.798 612.332 622.156 628.509 643.053 659.336 677.587 698.461 719.991 746.791 784.486 822.750 859.419 894.884 920.973 938.267 952.869 971.891 991.769 1008.175 1021.645 1033.643 1044.149 1048.392
323.818 308.274 299.841 286.412 268.421 255.992 240.073 222.999 223.168 226.835 238.755 240.672 241.631 238.946 238.101 233.854 223.092 229.780 237.371 252.028 262.744 271.974 278.048 281.990 281.520 274.643 277.557 284.281 298.310 309.514 323.902 343.817 360.266 378.618 399.384 420.746 443.164 466.931 492.565 515.498 533.653 541.899 551.369 556.232 549.810 562.461 575.643 588.566 608.889 629.286 654.228 691.301 733.436 777.134 813.255 851.160 873.085 894.712 915.855 938.273 958.769 975.028 986.723 987.649 992.583
235.655 227.632 217.551 206.786 194.286 181.152 169.889 170.708 168.694 168.254 169.832 172.961 175.755 174.971 174.002 174.973 181.352 185.607 191.093 201.341 212.345 222.647 226.522 230.603 233.554 236.920 239.304 243.342 254.294 265.666 278.371 294.614 311.380 329.443 350.758 372.408 395.543 420.913 446.621 466.278 475.170 484.390 487.496 482.333 477.504 484.176 495.581 505.312 523.915 544.662 561.902 602.617 648.874 691.409 726.251 760.545 793.275 818.778 842.236 871.864 897.115 922.951 938.425 943.670 947.717
174.846 165.119 155.288 145.222 132.323 122.500 120.949 118.806 116.904 115.407 118.850 122.566 126.892 126.634 127.126 129.774 134.014 139.815 148.843 159.580 171.348 185.610 190.024 194.482 199.836 202.329 205.308 209.367 220.424 231.812 243.784 260.286 277.424 295.922 317.526 342.291 370.912 396.735 422.176 443.701 452.335 456.325 454.534 448.558 436.121 434.935 445.335 448.225 460.683 480.150 491.716 525.502 568.368 598.334 632.403 668.302 713.681 740.318 770.684 800.684 830.046 858.664 873.556 881.029 889.596
114.697 102.446 92.272 82.879 75.156 73.056 70.250 68.527 67.343 65.828 68.183 72.414 76.509 78.521 81.170 84.274 90.327 99.203 107.705 119.483 133.945 148.629 154.730 160.061 165.566 169.410 173.450 177.223 187.300 198.797 209.813 226.851 244.950 263.420 288.621 317.674 346.940 372.262 397.108 421.395 424.737 425.962 425.295 411.823 396.667 390.851 393.421 394.326 401.470 413.174 424.821 451.118 478.416 507.442 542.680 588.256 633.011 663.504 693.485 723.052 749.307 770.153 788.185 801.724 815.515
61.811 47.476 38.554 34.791 33.107 29.825 30.548 31.742 30.487 27.022 26.578 31.399 35.210 37.782 41.043 51.230 61.017 68.555 75.620 88.053 102.351 117.699 127.405 133.426 142.473 149.692 153.771 156.418 165.334 175.585 180.646 196.495 214.810 242.227 272.651 302.425 333.195 359.509 384.486 406.952 407.187 407.269 406.609 390.882 375.383 357.880 361.053 362.378 350.332 362.803 374.533 391.299 418.039 442.573 479.609 523.646 557.590 587.526 617.209 644.979 666.005 685.294 700.441 717.615 731.440
