tests/3D/Borden05m_nopit_001/output_maps/psiliqL0030N0033.asc
ncols         160
nrows         34
xllcorner     620200.000000
yllcorner     5168000.000000
cellsize      0.500000
NODATA_value  -9999.0
[rows 0 to 27 of 34, columns 62 to 123 of 160]
-9999.000 -9999.000 -9999.000 -9999.000 -9999.000 -9999.000 -9999.000 -9999.000 -9999.000 -9999.000 -9999.000 -9999.000 -9999.000 -9999.000 -9999.000 -9999.000 -9999.000 -9999.000 -9999.000 -9999.000 -9999.000 -9999.000 -9999.000 -9999.000 -9999.000 -9999.000 -9999.000 -9999.000 -9999.000 -9999.000 -9999.000 -9999.000 -9999.000 -9999.000 -9999.000 -9999.000 -9999.000 -9999.000 -9999.000 -9999.000 -9999.000 -9999.000 -9999.000 -9999.000 -9999.000 -9999.000 -9999.000 -9999.000 -9999.000 -9999.000 -9999.000 -9999.000 -9999.000 -9999.000 -9999.000 -9999.000 -9999.000 -9999.000 -9999.000 -9999.000 -9999.000 -9999.000
4182.817 4174.442 4165.123 4157.451 4153.223 4151.998 4151.152 4150.447 4155.179 4163.225 4170.797 4177.550 4179.930 4182.212 4183.912 4184.031 4182.884 4179.605 4176.201 4172.776 4170.985 4163.833 4152.768 4144.599 4141.919 4146.006 4150.291 4152.721 4157.665 4167.908 4178.409 4186.966 4199.699 4207.041 4212.406 4214.818 4210.802 4207.553 4203.469 4196.953 4185.802 -9999.000 -9999.000 -9999.000 -9999.000 -9999.000 -9999.000 -9999.000 -9999.000 -9999.000 -9999.000 -9999.000 -9999.000 -9999.000 -9999.000 -9999.000 -9999.000 -9999.000 -9999.000 -9999.000 -9999.000 -9999.000
4163.027 4158.981 4150.551 4145.484 4139.979 4137.080 4137.049 4136.841 4140.323 4151.221 4158.907 4163.348 4165.971 4168.840 4166.819 4165.909 4165.660 4162.702 4159.146 4155.716 4153.801 4155.548 4147.931 4141.758 4137.694 4134.320 4137.112 4139.878 4144.808 4153.840 4161.627 4169.503 4184.912 4198.291 4204.083 4201.480 4196.966 4193.089 4185.394 4174.365 4164.438 4156.830 4150.966 4145.603 4138.898 4145.387 4153.596 4162.683 4171.077 4183.128 4195.403 -9999.000 -9999.000 -9999.000 -9999.000 -9999.000 -9999.000 -9999.000 -9999.000 -9999.000 -9999.000 -9999.000
4142.955 4146.737 4143.591 4138.710 4130.036 4140.514 4141.392 4141.906 4144.998 4146.428 4152.102 4154.346 4159.604 4168.507 4171.282 4171.622 4171.572 4169.474 4166.108 4164.029 4161.154 4155.797 4153.742 4153.163 4151.534 4155.329 4156.842 4160.101 4154.957 4159.625 4165.865 4172.843 4178.013 4183.953 4185.986 4182.641 4183.639 4175.267 4161.628 4152.134 4144.967 4145.853 4142.960 4134.987 4120.919 4129.576 4145.841 4150.657 4152.973 4163.847 4176.146 4186.800 4190.348 4190.050 4189.693 4186.649 4172.779 4158.021 4142.765 4124.035 -9999.000 -9999.000
4151.715 4149.749 4146.026 4140.888 4150.644 4158.580 4159.802 4162.027 4166.008 4167.245 4156.637 4154.657 4161.544 4170.921 4175.810 4175.913 4175.389 4171.131 4169.855 4169.638 4167.904 4166.941 4168.186 4164.974 4167.371 4172.769 4176.198 4171.761 4163.547 4166.207 4174.854 4184.253 4191.888 4201.860 4212.411 4213.042 4208.805 4200.383 4188.208 4165.987 4149.042 4137.992 4129.686 4122.357 4126.236 4120.985 4135.577 4137.382 4140.099 4147.120 4157.464 4168.268 4174.588 4173.825 4172.953 4170.394 4160.718 4145.884 4130.939 4113.023 4086.034 4056.957
4150.148 4148.818 4148.481 4156.046 4167.243 4177.453 4179.212 4180.779 4179.193 4172.113 4161.731 4159.359 4172.102 4188.962 4196.659 4195.776 4190.275 4192.161 4192.740 4193.938 4191.055 4191.352 4187.712 4191.728 4199.439 4207.689 4206.460 4193.918 4181.260 4181.620 4187.896 4195.966 4203.930 4213.996 4222.851 4218.045 4213.411 4206.745 4181.922 4160.547 4146.921 4147.197 4148.064 4143.706 4141.978 4141.760 4138.514 4138.906 4138.027 4137.840 4150.151 4163.662 4167.224 4160.334 4156.143 4153.828 4146.117 4134.405 4118.372 4101.199 4081.185 4053.073
4177.532 4177.150 4182.339 4191.956 4203.308 4224.397 4222.877 4222.513 4219.943 4206.495 4192.980 4183.383 4206.826 4218.152 4224.859 4220.937 4224.575 4232.850 4229.602 4223.863 4211.239 4216.648 4221.482 4236.702 4245.047 4250.806 4245.164 4230.349 4223.222 4225.666 4233.452 4235.735 4245.642 4253.867 4268.660 4266.944 4265.249 4245.962 4208.657 4180.655 4170.258 4183.264 4177.787 4171.314 4172.173 4161.866 4155.685 4158.905 4151.207 4146.949 4159.867 4167.019 4168.279 4160.051 4165.025 4158.475 4137.018 4120.583 4106.296 4091.978 4074.226 4068.553
4179.314 4182.574 4192.932 4210.174 4226.842 4245.771 4241.656 4232.202 4241.994 4234.901 4223.619 4216.362 4241.092 4250.659 4260.508 4265.065 4277.786 4287.961 4269.302 4250.657 4238.626 4246.279 4273.830 4297.969 4302.745 4301.149 4299.524 4282.180 4277.847 4275.412 4277.422 4275.710 4274.433 4301.947 4324.975 4325.011 4303.709 4281.002 4239.896 4201.654 4179.304 4196.118 4192.195 4196.490 4187.545 4176.639 4172.048 4171.440 4165.454 4157.172 4167.334 4171.669 4179.073 4185.570 4191.278 4174.728 4157.143 4138.040 4120.619 4106.653 4099.816 4093.259
4225.433 4239.533 4248.178 4267.957 4283.247 4307.646 4317.256 4326.353 4330.396 4323.851 4315.482 4303.846 4311.451 4337.666 4349.349 4357.090 4364.881 4377.715 4376.540 4368.285 4366.052 4370.856 4386.453 4402.756 4409.599 4411.974 4413.684 4397.410 4383.570 4382.866 4378.340 4378.717 4378.361 4392.482 4415.866 4412.041 4371.818 4344.528 4307.933 4268.461 4239.085 4235.858 4258.450 4258.534 4242.403 4234.179 4210.423 4208.310 4200.512 4178.965 4180.169 4181.959 4190.707 4207.446 4195.727 4179.496 4162.753 4143.589 4127.661 4120.430 4118.732 4115.715
4342.590 4351.668 4354.557 4360.913 4393.761 4427.725 4451.863 4474.577 4481.561 4468.718 4458.983 4444.980 4436.414 4449.774 4468.149 4486.326 4501.178 4512.657 4514.289 4512.599 4512.609 4516.133 4519.199 4524.007 4533.332 4541.186 4549.475 4556.584 4544.598 4527.392 4518.976 4511.310 4511.711 4513.854 4519.291 4520.490 4500.472 4454.461 4421.180 4388.303 4370.911 4359.442 4362.844 4344.338 4318.652 4264.641 4227.394 4196.423 4179.765 4159.230 4170.458 4186.958 4234.042 4241.069 4229.140 4214.879 4192.128 4170.079 4151.294 4148.797 4147.898 4144.191
4471.626 4475.013 4476.784 4478.407 4507.072 4550.717 4591.516 4623.807 4622.577 4607.474 4595.865 4587.197 4571.570 4567.484 4581.884 4598.918 4620.828 4631.059 4636.046 4631.873 4632.047 4634.352 4636.850 4639.157 4643.426 4654.074 4670.388 4686.103 4684.559 4663.519 4645.042 4629.265 4628.200 4626.753 4621.894 4624.771 4626.784 4607.606 4573.568 4531.584 4490.999 4476.685 4462.765 4451.852 4433.802 4387.416 4314.605 4271.296 4231.672 4206.042 4213.721 4290.822 4316.461 4305.862 4296.631 4276.050 4247.605 4225.564 4205.304 4205.542 4202.522 4195.513
4593.878 4601.107 4602.921 4607.351 4624.292 4659.932 4698.331 4729.614 4744.717 4735.588 4715.690 4691.631 4680.152 4676.669 4680.928 4691.610 4706.356 4727.532 4748.438 4754.419 4755.370 4752.589 4755.181 4756.940 4757.094 4760.735 4770.687 4781.673 4785.355 4776.384 4753.236 4728.229 4717.678 4711.722 4708.507 4710.388 4716.721 4720.979 4704.622 4665.803 4618.066 4588.403 4574.820 4562.373 4547.371 4533.636 4495.076 4472.106 4432.680 4381.755 4355.203 4405.532 4398.254 4388.331 4365.754 4333.140 4298.943 4269.154 4245.878 4241.184 4239.234 4240.018
4713.587 4718.590 4725.286 4740.499 4765.822 4787.146 4812.339 4841.345 4859.275 4864.483 4862.082 4856.925 4857.906 4858.344 4780.545 4788.153 4795.756 4816.917 4835.361 4842.154 4842.941 4839.789 4841.939 4842.883 4842.678 4842.288 4845.557 4851.835 4854.230 4851.252 4836.114 4860.459 4839.007 4824.742 4816.085 4807.448 4799.098 4789.454 4779.129 4757.075 4723.943 4688.303 4668.146 4660.882 4654.325 4644.502 4638.037 4619.543 4595.362 4557.497 4516.047 4497.933 4497.929 4481.390 4444.319 4411.108 4386.539 4349.810 4320.801 4306.827 4307.969 4302.485
4837.562 4842.374 4857.229 4875.449 4855.064 4865.382 4876.058 4886.666 4890.309 4891.352 4890.870 4888.390 4887.427 4884.678 4881.637 4870.719 4872.377 4874.512 4877.191 4881.026 4880.004 4881.196 4884.175 4882.293 4875.982 4871.674 4870.085 4871.303 4878.894 4882.541 4883.565 4879.208 4878.144 4876.890 4872.648 4867.352 4859.893 4850.355 4869.803 4856.670 4826.218 4782.384 4737.913 4732.054 4735.650 4734.862 4733.350 4727.361 4709.281 4680.615 4641.237 4601.244 4596.845 4581.880 4560.422 4542.223 4521.452 4479.867 4443.064 4421.929 4413.587 4391.135
4886.463 4889.506 4893.506 4890.579 4887.722 4882.706 4880.983 4879.576 4877.083 4877.693 4875.799 4871.623 4867.315 4858.657 4846.652 4835.463 4831.450 4835.643 4841.532 4847.050 4852.036 4855.946 4855.512 4849.692 4840.934 4833.108 4831.530 4838.621 4844.482 4851.569 4852.529 4851.106 4848.379 4847.917 4844.262 4844.331 4851.703 4867.195 4868.706 4875.992 4874.899 4854.168 4816.667 4835.620 4815.073 4821.831 4816.881 4805.089 4782.912 4757.520 4724.466 4691.997 4674.267 4666.783 4660.326 4652.701 4636.660 4594.889 4559.488 4531.062 4512.300 4486.642
4872.231 4879.388 4880.336 4873.157 4864.326 4856.846 4849.015 4846.488 4846.142 4845.997 4846.617 4841.231 4831.180 4813.288 4801.563 4790.445 4784.469 4779.882 4782.737 4794.636 4807.950 4813.194 4802.786 4793.827 4781.413 4773.247 4773.765 4774.320 4784.116 4802.289 4811.103 4811.966 4804.911 4797.589 4790.595 4787.108 4793.477 4809.139 4826.763 4843.385 4853.060 4861.032 4868.470 4864.720 4868.030 4869.795 4867.026 4871.575 4852.328 4826.492 4794.978 4768.155 4741.453 4738.464 4739.141 4735.571 4733.272 4697.917 4659.959 4624.943 4598.375 4571.398
4844.143 4845.640 4841.126 4834.729 4824.614 4813.326 4803.435 4795.096 4796.132 4798.513 4800.404 4792.622 4776.654 4758.385 4744.672 4730.634 4726.628 4720.237 4711.139 4721.121 4742.029 4749.924 4732.681 4721.290 4705.563 4699.217 4694.824 4695.322 4704.143 4727.898 4754.119 4756.621 4745.156 4733.738 4729.091 4725.712 4729.778 4746.261 4767.784 4784.695 4795.687 4801.032 4808.806 4818.255 4833.454 4849.042 4861.987 4865.148 4875.725 4870.246 4854.003 4848.553 4822.255 4807.172 4799.903 4796.156 4789.580 4764.259 4733.417 4704.926 4678.127 4653.786
4807.065 4802.482 4796.156 4788.927 4765.543 4752.724 4739.162 4723.484 4719.215 4713.529 4714.244 4702.408 4695.123 4679.221 4663.714 4647.922 4633.314 4627.532 4620.430 4616.443 4629.210 4637.444 4629.341 4619.825 4609.955 4606.041 4602.652 4605.395 4615.996 4634.709 4653.072 4662.221 4655.210 4655.537 4656.633 4655.086 4661.887 4671.599 4689.190 4712.532 4732.949 4743.284 4750.014 4759.051 4773.668 4788.032 4802.706 4821.239 4845.663 4862.604 4872.991 4872.139 4870.625 4860.632 4865.668 4854.229 4840.989 4819.386 4793.067 4765.211 4738.666 4721.072
4764.305 4758.263 4752.670 4726.838 4667.896 4645.259 4625.582 4608.652 4601.259 4592.159 4572.638 4563.947 4560.094 4565.571 4552.005 4534.317 4515.898 4511.034 4507.677 4487.008 4478.780 4478.310 4499.322 4493.754 4494.263 4497.770 4495.468 4496.075 4508.594 4514.812 4518.594 4525.766 4533.205 4545.502 4554.628 4567.612 4585.636 4595.874 4610.657 4630.912 4657.701 4674.303 4683.997 4694.341 4709.670 4725.816 4743.833 4766.410 4793.297 4810.203 4821.633 4833.664 4847.709 4863.534 4867.856 4877.707 4875.430 4871.722 4845.955 4814.638 4793.578 4775.824
4695.228 4693.317 4682.050 4621.555 4580.979 4546.176 4529.003 4504.396 4489.683 4470.971 4427.563 4408.670 4410.226 4428.846 4427.632 4412.889 4401.757 4391.762 4381.277 4361.598 4338.895 4345.523 4366.537 4369.656 4375.036 4384.479 4384.507 4376.533 4370.633 4381.860 4386.430 4398.368 4418.748 4424.160 4443.818 4480.902 4493.711 4508.957 4526.919 4546.993 4569.056 4592.708 4607.205 4622.703 4641.088 4657.743 4677.920 4700.213 4730.243 4752.520 4767.106 4777.753 4788.287 4803.709 4825.255 4845.794 4865.326 4874.757 4876.451 4860.630 4844.009 4823.246
4586.303 4580.117 4546.860 4491.727 4457.535 4436.247 4414.262 4391.349 4365.297 4323.568 4287.247 4264.584 4284.368 4297.183 4313.077 4302.641 4292.601 4283.177 4263.378 4245.891 4227.479 4239.530 4248.293 4271.674 4280.008 4284.111 4291.426 4289.893 4276.577 4267.341 4275.178 4284.978 4297.730 4322.729 4360.973 4386.071 4404.910 4425.459 4443.635 4464.475 4487.069 4510.289 4527.542 4545.679 4563.737 4584.383 4602.655 4624.526 4652.285 4679.169 4695.611 4711.370 4724.812 4744.373 4768.726 4792.346 4818.699 4841.253 4855.845 4869.366 4872.264 4865.433
4460.113 4434.280 4381.974 4340.214 4324.657 4315.696 4292.867 4272.829 4242.823 4207.662 4187.861 4167.118 4179.098 4190.934 4214.780 4207.414 4202.448 4200.840 4185.327 4172.339 4155.094 4160.944 4174.129 4200.328 4207.194 4211.712 4222.206 4221.633 4216.081 4194.909 4200.863 4211.851 4227.018 4259.664 4281.536 4303.445 4325.426 4344.410 4365.495 4386.987 4409.402 4435.966 4455.359 4474.066 4495.262 4513.614 4526.020 4539.997 4562.787 4583.213 4605.074 4628.304 4642.938 4667.918 4699.373 4731.567 4767.552 4793.558 4809.293 4821.603 4833.351 4854.143
4302.647 4244.319 4208.690 4194.039 4199.631 4190.198 4172.185 4154.828 4136.828 4117.110 4100.405 4075.359 4081.911 4099.599 4118.369 4122.973 4126.137 4125.673 4117.436 4104.243 4090.700 4094.583 4112.618 4131.210 4142.483 4150.735 4158.586 4158.091 4147.257 4136.334 4140.501 4156.172 4172.012 4187.815 4207.303 4227.161 4247.011 4268.906 4290.651 4312.623 4336.571 4362.759 4383.921 4406.954 4430.610 4445.323 4451.988 4456.577 4473.619 4488.209 4509.596 4532.408 4550.766 4577.637 4612.912 4655.771 4696.945 4739.916 4759.324 4773.099 4783.166 4798.627
4189.110 4156.344 4129.310 4127.546 4114.616 4104.407 4092.690 4073.859 4059.884 4047.889 4027.898 4021.946 4030.725 4044.896 4052.225 4061.222 4059.968 4058.385 4053.933 4040.172 4038.693 4049.480 4064.649 4077.858 4090.033 4096.972 4101.576 4098.223 4088.412 4086.441 4094.360 4109.438 4121.831 4134.834 4154.210 4172.660 4193.022 4214.198 4234.772 4257.805 4281.567 4306.424 4332.965 4353.798 4369.918 4376.471 4383.836 4379.108 4386.764 4400.678 4415.421 4436.797 4460.862 4484.849 4523.913 4565.415 4606.491 4648.102 4687.411 4708.564 4726.453 4746.273
4133.962 4105.675 4078.635 4054.038 4045.234 4042.113 4031.726 4017.272 4008.468 3994.804 3989.087 3998.754 3999.930 4007.143 4004.402 4006.001 4004.297 4004.342 4003.438 3999.596 4013.764 4019.895 4032.703 4042.327 4052.086 4057.530 4060.658 4062.121 4058.615 4065.171 4070.300 4082.961 4093.073 4104.948 4123.341 4138.656 4155.803 4176.374 4197.650 4219.622 4243.564 4269.985 4292.775 4307.971 4311.840 4318.568 4316.394 4301.220 4309.136 4318.979 4326.225 4345.210 4364.376 4381.597 4418.487 4464.217 4514.121 4552.321 4600.475 4630.590 4656.788 4678.921
4056.571 4028.469 4002.298 3984.749 3982.886 3972.949 3964.274 3954.636 3942.516 3938.872 3948.398 3946.812 3944.003 3941.106 3944.288 3948.613 3948.901 3948.461 3952.563 3965.399 3970.020 3975.408 3983.691 3994.940 4007.238 4010.601 4014.774 4019.806 4026.291 4028.951 4031.730 4041.230 4052.382 4063.618 4078.212 4094.861 4112.247 4133.305 4155.705 4179.820 4205.221 4231.931 4252.973 4259.385 4267.099 4265.977 4255.704 4246.792 4246.285 4255.907 4259.044 4272.729 4293.037 4297.709 4332.441 4380.705 4420.263 4456.343 4491.647 4539.086 4567.744 4594.396
3999.786 3972.104 3954.088 3942.097 3932.317 3922.428 3912.694 3901.579 3897.126 3900.311 3898.214 3896.660 3894.439 3897.745 3901.829 3906.845 3907.763 3909.545 3913.006 3917.657 3924.804 3934.529 3945.318 3957.870 3974.094 3979.371 3984.116 3990.329 3993.185 3996.544 4000.104 4010.366 4021.698 4032.747 4048.795 4065.970 4083.774 4105.380 4130.620 4160.230 4186.563 4212.775 4237.338 4245.951 4248.219 4245.155 4236.239 4219.653 4214.143 4220.794 4218.666 4224.719 4240.078 4243.825 4262.807 4298.331 4322.375 4356.119 4396.351 4453.527 4484.482 4517.285
3934.744 3917.935 3905.068 3887.387 3874.108 3863.954 3856.831 3854.071 3855.153 3853.473 3852.823 3851.977 3849.832 3850.974 3855.617 3859.726 3862.855 3866.290 3871.540 3878.919 3888.249 3896.116 3907.948 3922.912 3938.776 3946.636 3952.321 3958.721 3963.569 3967.847 3971.045 3980.122 3991.323 4000.258 4016.477 4034.675 4053.977 4078.820 4107.932 4138.325 4164.441 4189.513 4216.899 4220.092 4220.424 4219.511 4202.693 4187.122 4177.085 4176.707 4176.559 4173.484 4181.147 4189.250 4201.938 4219.122 4243.225 4277.115 4325.636 4371.268 4406.971 4436.145
