tests/3D/Borden05m_nopit_001/output_maps/psiliqL0010N0012.asc
ncols         160
nrows         34
xllcorner     620200.000000
yllcorner     5168000.000000
cellsize      0.500000
NODATA_value  -9999.0
[rows 0 to 28 of 34, columns 66 to 131 of 160]
-9999.000 -9999.000 -9999.000 -9999.000 -9999.000 -9999.000 -9999.000 -9999.000 -9999.000 -9999.000 -9999.000 -9999.000 -9999.000 -9999.000 -9999.000 -9999.000 -9999.000 -9999.000 -9999.000 -9999.000 -9999.000 -9999.000 -9999.000 -9999.000 -9999.000 -9999.000 -9999.000 -9999.000 -9999.000 -9999.000 -9999.000 -9999.000 -9999.000 -9999.000 -9999.000 -9999.000 -9999.000 -9999.000 -9999.000 -9999.000 -9999.000 -9999.000 -9999.000 -9999.000 -9999.000 -9999.000 -9999.000 -9999.000 -9999.000 -9999.000 -9999.000 -9999.000 -9999.000 -9999.000 -9999.000 -9999.000 -9999.000 -9999.000 -9999.000 -9999.000 -9999.000 -9999.000 -9999.000 -9999.000 -9999.000 -9999.000
154.907 153.788 152.751 152.167 157.266 165.041 172.494 179.543 181.790 184.094 186.272 186.682 185.313 181.987 178.625 175.157 173.626 165.331 153.863 144.917 142.127 146.594 151.103 153.643 159.707 170.599 181.555 190.217 202.110 207.844 213.151 216.504 212.722 209.474 206.047 201.467 190.624 -9999.000 -9999.000 -9999.000 -9999.000 -9999.000 -9999.000 -9999.000 -9999.000 -9999.000 -9999.000 -9999.000 -9999.000 -9999.000 -9999.000 -9999.000 -9999.000 -9999.000 -9999.000 -9999.000 -9999.000 -9999.000 -9999.000 -9999.000 -9999.000 -9999.000 -9999.000 -9999.000 -9999.000 -9999.000
140.858 138.868 138.642 138.480 142.447 152.233 160.039 164.660 166.959 169.327 169.166 168.546 168.069 165.078 161.574 158.105 156.249 156.360 148.702 143.276 139.922 138.536 141.006 143.367 146.557 156.224 164.571 172.937 187.226 199.690 205.097 202.930 198.224 194.841 188.721 179.192 169.038 158.931 152.031 146.903 141.853 148.230 154.977 165.381 175.636 187.832 200.083 -9999.000 -9999.000 -9999.000 -9999.000 -9999.000 -9999.000 -9999.000 -9999.000 -9999.000 -9999.000 -9999.000 -9999.000 -9999.000 -9999.000 -9999.000 -9999.000 -9999.000 -9999.000 -9999.000
134.549 142.260 143.210 144.098 147.094 150.195 152.603 155.205 160.347 169.114 171.587 171.935 171.909 169.951 166.731 164.847 162.000 156.719 155.665 155.972 155.848 160.942 162.422 163.933 157.107 160.601 166.951 173.948 180.939 188.009 192.661 189.816 189.076 181.194 167.886 157.002 148.761 146.752 143.928 136.566 124.596 131.887 147.721 152.655 156.493 168.546 180.970 191.269 193.432 193.220 192.996 190.523 176.829 162.295 147.654 129.164 -9999.000 -9999.000 -9999.000 -9999.000 -9999.000 -9999.000 -9999.000 -9999.000 -9999.000 -9999.000
156.822 165.835 167.150 169.693 172.857 171.594 159.220 156.472 164.695 174.866 180.485 180.422 180.144 178.238 177.061 176.457 174.005 174.864 177.274 177.594 182.417 187.982 190.761 182.495 173.407 174.115 181.910 190.056 197.586 208.664 220.510 219.691 214.465 206.101 193.102 170.296 151.100 140.971 134.690 128.149 128.065 126.003 137.195 139.308 141.389 150.133 160.653 170.976 176.959 176.632 176.273 174.038 164.748 150.199 135.628 119.173 93.980 65.776 39.028 37.996 61.822 85.604 -9999.000 -9999.000 -9999.000 -9999.000
182.535 196.784 198.866 200.906 200.187 190.441 179.990 175.682 190.383 205.965 213.884 214.392 214.178 221.597 219.565 217.047 211.579 213.682 215.815 226.470 233.796 240.478 238.559 226.827 215.870 214.231 216.606 219.280 225.486 236.129 246.511 242.096 235.412 225.906 197.919 171.108 154.948 156.196 157.203 153.146 150.597 147.630 140.763 140.806 140.584 140.432 152.710 165.247 168.911 162.987 159.544 157.488 149.023 138.246 123.176 106.491 87.856 59.858 53.006 44.940 66.997 90.821 111.833 136.388 165.089 194.051
233.051 256.188 258.715 261.641 264.702 253.582 241.286 229.593 245.802 255.273 263.747 266.038 276.502 286.185 281.092 272.467 262.497 268.636 281.342 295.935 302.065 305.347 304.986 294.834 289.596 287.582 288.925 285.937 289.777 300.838 316.478 317.058 307.871 286.310 251.301 217.657 197.112 202.736 197.049 191.579 188.279 174.947 164.381 164.838 155.867 150.124 161.945 168.327 170.332 164.113 169.737 162.274 144.115 127.035 111.691 97.417 82.404 75.314 66.138 58.530 71.159 91.380 111.391 136.192 164.989 192.602
285.594 308.657 317.871 322.311 330.909 324.116 314.867 306.149 314.048 325.947 337.350 347.423 359.453 370.660 362.596 351.791 347.777 352.126 369.668 384.961 389.765 391.437 395.079 387.990 381.213 374.006 367.797 361.657 357.571 374.299 390.059 389.120 367.123 344.824 311.921 276.806 245.235 243.422 242.949 242.813 228.708 214.369 197.542 188.013 179.835 165.860 171.314 177.214 187.784 197.524 197.848 181.561 164.300 145.122 126.545 112.345 107.542 102.423 92.906 86.571 92.926 106.962 121.548 133.656 160.272 187.579
380.889 411.846 433.518 452.892 456.211 446.941 437.591 424.007 419.741 434.219 445.500 456.017 466.678 478.426 484.863 483.216 482.876 485.434 490.407 497.453 503.761 509.505 515.702 514.678 505.561 498.382 489.282 481.701 479.343 480.335 489.726 489.177 467.703 443.019 414.564 380.979 352.262 334.973 340.219 329.645 313.692 294.779 260.634 244.028 228.902 200.309 196.639 206.829 220.818 229.764 214.517 198.291 179.878 159.477 139.831 133.254 131.995 129.040 123.214 120.623 125.522 138.703 141.692 152.529 170.130 184.238
491.988 524.804 552.975 575.717 583.467 573.152 563.122 551.428 541.643 543.529 556.386 571.993 587.142 597.837 601.641 600.461 600.683 602.165 604.889 607.260 612.440 619.280 629.382 640.971 636.543 620.409 607.858 593.641 588.285 586.843 584.644 585.352 581.452 555.012 529.954 500.928 472.976 453.204 439.118 422.440 403.697 362.954 325.829 293.791 267.915 241.211 238.738 263.872 293.086 286.328 274.989 258.035 233.620 209.318 184.803 178.130 175.347 169.988 163.607 157.836 152.750 156.094 159.051 170.887 181.204 191.099
599.432 633.488 667.755 695.229 699.105 690.279 679.862 669.020 659.171 655.733 661.905 671.454 685.921 697.148 707.337 707.206 707.597 707.577 709.371 710.927 712.296 718.412 729.140 739.377 740.974 729.464 713.283 696.305 688.688 682.597 677.433 677.914 679.377 675.540 654.138 622.019 582.193 556.513 536.895 526.121 513.377 494.710 451.293 426.741 396.311 364.311 343.166 379.904 377.378 367.022 351.941 328.038 302.410 277.199 251.557 242.509 237.313 229.704 223.503 215.067 204.793 200.988 195.578 193.234 200.723 208.241
708.934 729.029 754.535 778.921 795.489 792.265 780.930 765.004 760.865 759.886 761.307 766.890 773.404 787.399 801.900 807.010 807.663 805.298 807.167 808.081 808.067 808.571 812.255 818.476 820.824 816.984 802.799 784.262 769.956 761.488 757.337 755.281 756.366 756.007 746.364 721.358 687.762 656.457 635.554 621.366 610.432 602.319 589.136 574.938 549.059 510.575 477.144 473.400 464.589 453.584 430.203 402.832 379.065 347.945 318.223 300.437 293.917 287.985 280.124 268.811 258.082 251.341 237.918 230.140 237.047 235.718
817.436 829.181 843.611 862.534 873.483 878.905 879.587 879.016 880.906 880.993 864.354 866.473 868.521 873.086 879.111 880.929 881.099 880.420 881.268 881.472 881.664 881.329 880.709 882.064 882.581 881.939 877.028 876.350 860.665 849.613 842.719 835.618 827.575 818.728 810.110 796.280 772.438 741.945 715.851 705.580 700.763 696.481 693.049 680.600 662.203 635.726 601.127 567.977 558.771 543.952 518.924 498.744 484.084 451.455 418.860 395.319 386.370 369.662 352.139 337.135 319.880 303.552 286.783 270.079 268.860 266.524
884.583 886.808 889.111 891.399 892.185 892.410 892.306 890.179 889.972 888.563 883.742 874.674 876.130 877.500 879.937 883.353 881.980 882.833 885.703 884.302 879.066 875.683 874.133 874.435 881.367 884.343 885.066 884.692 884.110 883.841 882.926 881.785 880.177 878.121 878.622 869.759 849.035 819.746 788.610 775.017 770.836 772.642 770.761 766.057 749.507 725.160 692.629 657.878 642.607 630.922 620.879 611.287 597.942 563.733 528.479 501.223 483.289 458.144 437.979 419.527 398.106 379.816 360.714 337.639 330.865 326.326
888.772 884.286 883.209 882.027 879.756 880.452 878.585 874.868 871.657 865.845 855.632 844.489 842.314 846.960 851.760 855.797 858.598 861.748 863.106 858.698 851.256 844.534 842.609 848.822 854.196 858.980 859.565 858.223 856.404 856.761 854.593 855.157 861.258 873.682 880.047 881.619 881.383 876.912 868.822 857.254 838.922 842.376 838.559 828.215 809.114 787.641 761.104 735.272 712.225 704.875 700.686 695.325 687.140 655.753 623.907 593.518 569.664 544.822 521.899 500.664 479.140 456.875 433.142 409.416 390.222 368.628
869.741 863.312 857.160 855.400 854.196 853.639 853.804 848.823 841.816 827.541 816.448 805.564 799.750 798.439 803.761 813.002 821.686 826.103 820.227 813.292 803.289 795.497 795.711 798.208 806.800 819.544 823.124 823.648 818.896 814.879 809.152 807.255 813.751 827.836 841.849 854.234 861.599 868.368 874.284 879.096 879.806 880.181 879.576 877.411 863.642 844.874 823.681 801.771 777.328 770.708 768.538 764.806 762.933 737.269 705.022 673.356 646.025 620.828 598.436 576.687 553.520 529.065 505.232 478.122 448.355 424.606
835.733 825.651 816.678 811.421 812.484 814.841 815.876 810.229 796.871 780.610 767.973 754.758 751.141 746.861 743.730 754.283 770.377 776.175 763.679 754.376 740.835 733.522 730.732 732.346 741.544 760.103 777.603 778.324 768.848 759.508 754.390 751.513 757.630 774.849 793.209 806.511 814.960 819.987 827.512 836.402 847.455 859.484 869.521 878.410 880.959 879.759 876.234 862.893 844.421 831.978 822.640 817.368 809.390 789.747 764.453 739.415 713.805 692.631 674.752 651.121 626.179 601.787 572.714 541.065 509.484 484.249
791.784 780.870 770.322 758.132 755.737 754.032 756.532 746.371 736.510 718.578 704.049 689.279 680.112 674.740 669.444 674.945 690.601 699.648 685.885 675.723 662.740 656.390 653.119 654.739 664.610 686.608 704.656 710.678 702.171 695.654 692.080 690.148 694.573 708.317 726.888 745.814 759.715 767.725 774.571 783.827 797.131 809.900 822.607 838.261 856.341 869.549 877.957 882.138 881.768 879.559 874.638 865.659 855.517 839.637 817.718 792.342 767.258 750.501 734.245 718.321 693.078 664.295 635.106 602.784 570.599 543.806
712.903 697.205 681.228 667.812 663.754 657.964 652.805 644.742 638.766 631.203 616.481 600.093 585.085 580.429 576.591 569.545 576.069 579.733 581.606 574.178 567.645 564.740 562.103 565.380 578.700 590.725 601.001 606.235 602.774 607.632 611.987 613.283 627.008 639.045 655.106 674.715 695.882 706.978 715.029 724.678 738.899 754.179 770.063 790.856 813.388 827.653 837.506 848.358 859.696 872.291 881.017 885.344 884.743 879.719 860.576 837.416 817.620 800.557 786.542 773.568 755.314 721.928 692.428 661.674 631.951 602.905
640.486 610.681 594.546 575.019 566.081 557.747 535.428 523.345 517.783 522.199 512.683 496.522 483.102 476.021 470.481 458.998 452.196 456.794 467.876 462.612 460.110 463.403 461.268 458.138 464.474 478.434 486.040 494.436 503.406 506.089 512.158 534.880 546.594 559.610 577.738 597.575 618.164 635.925 647.179 659.918 677.019 692.231 711.400 733.287 759.787 777.337 790.139 800.425 810.862 825.261 843.408 858.939 873.893 884.395 884.578 880.956 860.692 844.699 830.412 822.083 801.823 774.287 745.918 715.707 687.095 665.330
541.743 513.834 494.386 472.919 457.660 434.849 406.513 388.723 394.025 401.833 402.092 388.955 377.088 367.918 355.766 341.469 331.231 339.533 347.973 354.467 357.230 360.594 362.267 360.776 356.823 362.808 370.618 379.627 388.223 398.511 424.440 446.334 460.815 478.866 496.757 517.255 538.829 557.824 571.650 588.112 605.537 624.648 644.052 667.508 694.966 717.037 730.613 743.090 755.679 773.310 794.694 815.061 836.872 856.099 866.977 878.610 886.616 884.772 870.906 858.674 842.373 820.778 791.402 764.165 740.077 720.304
430.879 408.884 387.317 366.352 342.915 315.128 290.661 272.830 280.504 288.147 299.079 287.867 277.180 271.477 257.661 244.397 230.796 238.669 248.126 264.028 267.588 270.579 276.717 275.144 272.481 264.245 272.103 281.040 292.768 317.513 340.107 361.753 380.214 397.919 417.678 439.007 460.543 483.092 499.882 516.524 535.796 554.304 571.537 591.592 616.329 637.523 655.068 673.705 687.903 710.233 737.487 763.055 792.832 813.262 827.699 840.054 852.417 869.360 880.293 881.011 876.643 855.067 834.102 808.279 787.209 768.184
308.587 292.396 271.868 252.563 233.458 209.205 188.017 165.878 170.601 183.412 197.618 191.646 188.149 185.413 174.539 161.388 148.216 151.933 166.670 183.065 189.803 195.929 203.066 202.843 195.974 187.243 192.190 204.905 219.634 239.484 260.293 280.375 298.722 319.048 340.212 361.621 384.743 408.749 426.101 447.136 469.207 486.941 497.801 511.003 533.752 550.580 570.429 590.649 606.115 632.545 664.097 701.519 737.919 770.269 784.786 797.433 808.043 824.015 843.234 860.743 875.028 874.834 871.700 855.652 834.315 813.982
201.380 185.178 168.620 149.507 131.434 113.569 92.818 75.103 80.989 94.649 106.842 109.527 106.889 104.171 96.780 83.475 72.819 81.091 96.363 111.205 120.938 127.368 133.303 130.362 121.957 115.235 122.607 137.242 151.297 167.814 188.019 208.033 228.067 248.951 269.714 292.616 316.145 339.911 363.107 384.460 404.719 414.443 424.437 431.421 446.385 462.860 481.377 502.321 523.837 550.929 588.728 627.032 663.719 699.152 724.880 742.355 757.220 776.691 797.058 813.991 828.110 840.722 852.053 857.966 860.716 854.688
111.592 102.880 89.290 71.114 58.493 42.456 24.784 24.453 28.252 40.420 42.582 43.507 40.771 39.879 35.457 24.331 30.626 38.294 53.049 63.824 73.027 79.136 83.121 82.552 75.499 78.224 85.034 99.139 110.405 124.929 144.930 161.444 179.868 200.653 222.030 244.484 268.256 293.866 316.826 335.161 343.665 353.311 358.583 352.666 365.618 379.039 392.336 412.819 433.388 458.868 496.111 538.251 581.857 618.149 655.846 677.727 699.565 721.176 743.992 764.968 781.753 794.207 796.216 802.396 817.682 837.280
29.987 19.899 9.024 -3.627 -16.814 -28.478 -28.118 -30.154 -30.469 -28.655 -25.529 -22.816 -23.655 -24.652 -23.845 -17.806 -13.569 -8.077 2.274 13.266 23.464 27.367 31.444 34.288 37.492 39.863 43.970 55.001 66.390 79.176 95.511 112.290 130.396 151.733 173.353 196.449 221.831 247.504 267.107 276.152 285.479 288.838 283.980 279.409 286.509 298.066 308.215 327.161 348.031 366.053 407.227 453.553 496.457 531.489 566.038 598.362 624.139 647.949 678.007 703.715 730.015 746.274 752.482 757.725 761.981 774.893
-33.155 -42.982 -53.066 -66.059 -76.165 -77.964 -80.110 -82.030 -83.489 -80.038 -76.342 -72.052 -72.371 -71.947 -69.342 -65.123 -59.393 -50.400 -39.665 -27.937 -13.779 -9.408 -4.964 0.346 2.822 5.783 9.870 20.972 32.368 44.393 60.924 78.067 96.608 118.221 142.971 171.550 197.361 222.777 244.161 252.818 256.924 255.230 249.443 237.266 236.356 247.010 250.233 263.107 282.885 294.975 329.673 373.085 403.555 437.871 473.819 518.911 545.725 576.451 607.033 637.020 666.402 682.084 690.516 700.235 713.716 726.438
-96.063 -106.237 -115.750 -123.733 -126.002 -128.866 -130.646 -131.847 -133.330 -130.911 -126.701 -122.607 -120.653 -118.046 -115.054 -109.070 -100.218 -91.682 -79.905 -65.470 -50.847 -44.837 -39.524 -34.064 -30.272 -26.242 -22.436 -12.304 -0.788 10.342 27.428 45.529 63.962 89.191 118.251 147.470 172.763 197.612 221.753 225.125 226.422 225.796 212.533 197.439 191.893 194.673 195.699 203.457 215.465 227.406 254.546 282.525 311.987 347.505 393.178 438.189 468.770 499.233 529.409 556.487 578.284 597.121 611.510 626.533 643.429 665.149
-151.284 -160.383 -164.362 -166.170 -169.535 -168.939 -167.800 -169.023 -172.410 -172.767 -167.940 -164.108 -161.551 -158.419 -148.365 -138.628 -131.079 -123.975 -111.507 -97.206 -81.905 -72.300 -66.312 -57.318 -50.150 -46.064 -43.391 -34.439 -24.127 -18.950 -2.992 15.295 42.724 73.150 102.929 133.658 159.918 184.881 207.211 207.440 207.543 206.923 191.317 175.909 158.609 161.785 163.405 151.908 164.534 176.459 193.745 220.834 245.853 283.411 327.911 362.430 392.666 422.849 451.144 472.907 493.263 509.584 527.665 542.836 561.039 594.733
