tests/3D/Borden05m_nopit_001/output_maps/psiliqL0019N0004.asc
ncols         160
nrows         34
xllcorner     620200.000000
yllcorner     5168000.000000
cellsize      0.500000
NODATA_value  -9999.0
[rows 0 to 27 of 34, columns 62 to 123 of 160]
-9999.000 -9999.000 -9999.000 -9999.000 -9999.000 -9999.000 -9999.000 -9999.000 -9999.000 -9999.000 -9999.000 -9999.000 -9999.000 -9999.000 -9999.000 -9999.000 -9999.000 -9999.000 -9999.000 -9999.000 -9999.000 -9999.000 -9999.000 -9999.000 -9999.000 -9999.000 -9999.000 -9999.000 -9999.000 -9999.000 -9999.000 -9999.000 -9999.000 -9999.000 -9999.000 -9999.000 -9999.000 -9999.000 -9999.000 -9999.000 -9999.000 -9999.000 -9999.000 -9999.000 -9999.000 -9999.000 -9999.000 -9999.000 -9999.000 -9999.000 -9999.000 -9999.000 -9999.000 -9999.000 -9999.000 -9999.000 -9999.000 -9999.000 -9999.000 -9999.000 -9999.000 -9999.000
1984.847 1976.008 1966.628 1958.353 1954.150 1952.984 1952.033 1951.395 1956.329 1964.225 1971.732 1978.648 1980.955 1983.250 1985.213 1985.492 1984.224 1980.919 1977.539 1974.091 1972.444 1964.664 1953.378 1944.783 1942.044 1946.341 1950.751 1953.244 1958.806 1969.408 1980.162 1988.781 2001.056 2007.518 2012.856 2015.792 2011.911 2008.670 2004.955 1999.511 1988.536 -9999.000 -9999.000 -9999.000 -9999.000 -9999.000 -9999.000 -9999.000 -9999.000 -9999.000 -9999.000 -9999.000 -9999.000 -9999.000 -9999.000 -9999.000 -9999.000 -9999.000 -9999.000 -9999.000 -9999.000 -9999.000
1964.893 1960.172 1951.436 1946.075 1940.464 1938.065 1937.927 1937.744 1941.493 1951.779 1959.531 1964.072 1966.517 1969.110 1968.113 1967.362 1966.988 1964.013 1960.486 1957.035 1955.153 1956.001 1948.363 1942.602 1938.930 1936.650 1939.267 1941.813 1945.788 1955.172 1963.270 1971.419 1986.216 1999.096 2004.682 2002.324 1997.712 1994.114 1987.294 1977.099 1967.058 1958.093 1951.678 1946.462 1940.688 1947.138 1954.567 1964.405 1973.850 1986.007 1998.291 -9999.000 -9999.000 -9999.000 -9999.000 -9999.000 -9999.000 -9999.000 -9999.000 -9999.000 -9999.000 -9999.000
1944.761 1947.568 1943.976 1939.035 1932.520 1941.475 1942.393 1943.113 1946.152 1948.501 1952.379 1954.820 1960.014 1968.844 1971.453 1971.797 1971.761 1969.740 1966.455 1964.484 1961.626 1956.311 1954.807 1954.717 1953.917 1958.428 1959.925 1962.225 1956.157 1960.182 1966.487 1973.479 1979.654 1986.221 1989.700 1986.635 1986.685 1978.590 1965.142 1954.894 1947.149 1946.458 1943.620 1936.002 1923.108 1931.037 1947.090 1951.998 1955.181 1966.736 1979.142 1989.658 1992.500 1992.305 1992.080 1989.410 1975.699 1961.124 1946.264 1927.709 -9999.000 -9999.000
1951.809 1949.832 1946.287 1942.870 1954.043 1962.571 1963.845 1966.245 1969.777 1969.639 1958.060 1955.657 1963.279 1973.094 1978.384 1978.396 1978.008 1975.044 1973.823 1973.394 1971.265 1971.306 1973.193 1971.924 1975.657 1981.148 1984.222 1977.681 1968.988 1970.578 1978.759 1987.473 1995.055 2005.640 2016.909 2016.749 2011.975 2003.594 1990.975 1968.444 1950.273 1939.745 1932.570 1925.694 1927.414 1923.941 1936.688 1938.691 1941.091 1949.096 1959.579 1970.168 1976.357 1975.890 1975.359 1973.040 1963.640 1949.028 1934.355 1917.317 1891.423 1862.923
1952.419 1951.697 1953.110 1963.347 1975.655 1988.086 1990.023 1991.850 1990.741 1982.195 1971.775 1968.339 1982.159 1998.316 2006.136 2006.018 2003.425 2008.355 2007.499 2006.653 2002.349 2003.641 2003.177 2010.845 2018.346 2025.736 2024.129 2012.035 2000.315 1999.579 2003.712 2008.819 2015.820 2026.208 2035.909 2031.325 2025.572 2017.352 1990.800 1966.447 1951.441 1952.267 1953.228 1949.055 1946.898 1945.193 1939.982 1940.213 1939.730 1939.600 1951.937 1964.962 1968.633 1962.332 1958.613 1956.504 1948.446 1937.318 1921.888 1905.064 1885.901 1857.946
1986.099 1987.439 1993.927 2005.077 2019.668 2041.883 2042.589 2044.035 2044.562 2032.394 2019.551 2008.800 2028.265 2038.571 2046.250 2045.746 2053.138 2062.188 2057.926 2050.601 2039.437 2045.249 2054.414 2069.290 2076.418 2080.816 2078.081 2065.833 2059.748 2059.743 2063.989 2063.377 2069.952 2079.743 2095.007 2094.562 2088.755 2068.226 2032.195 2001.102 1985.138 1994.101 1988.526 1982.626 1981.221 1969.276 1960.712 1962.445 1954.083 1949.049 1961.410 1968.189 1969.914 1962.850 1968.245 1961.260 1941.688 1924.972 1910.182 1895.974 1879.819 1873.462
2007.055 2012.446 2021.869 2039.386 2059.157 2080.359 2083.576 2081.763 2090.899 2083.971 2073.808 2065.747 2081.220 2092.070 2102.774 2110.365 2122.707 2133.450 2120.619 2106.286 2098.665 2104.502 2126.549 2145.825 2150.617 2150.821 2152.095 2140.394 2134.719 2129.663 2127.157 2123.013 2120.197 2141.784 2160.822 2160.329 2138.654 2116.181 2079.599 2043.089 2015.684 2022.270 2020.264 2022.144 2010.386 1997.619 1986.330 1980.850 1973.697 1962.327 1969.948 1975.197 1984.401 1992.744 1995.559 1979.225 1961.894 1942.830 1924.857 1910.852 1905.229 1899.562
2082.132 2094.382 2101.127 2116.976 2136.951 2164.957 2181.202 2195.951 2199.596 2191.552 2182.644 2169.936 2171.013 2190.773 2202.235 2211.503 2220.873 2233.110 2236.123 2231.503 2230.312 2233.882 2243.636 2254.850 2261.400 2265.630 2269.810 2261.927 2250.687 2246.425 2239.387 2235.393 2233.941 2240.848 2256.542 2254.527 2224.626 2198.781 2166.675 2130.455 2101.458 2090.516 2103.588 2097.835 2081.828 2067.755 2038.318 2028.271 2016.484 1991.109 1989.684 1996.151 2007.844 2020.364 2006.777 1990.626 1973.046 1953.289 1935.407 1928.633 1927.278 1924.401
2199.588 2206.579 2209.948 2216.344 2247.787 2281.119 2307.476 2330.206 2337.611 2326.158 2316.262 2303.528 2294.292 2301.342 2316.683 2333.447 2348.462 2359.511 2362.337 2360.929 2361.057 2363.459 2366.338 2369.807 2376.854 2384.152 2393.441 2403.017 2395.191 2378.579 2367.892 2356.628 2353.869 2354.047 2355.292 2356.230 2345.087 2309.852 2281.107 2250.364 2227.182 2211.166 2204.973 2187.498 2165.660 2118.978 2081.835 2050.317 2028.634 2004.756 2008.505 2029.816 2067.140 2066.658 2055.132 2039.472 2015.895 1992.701 1970.864 1966.175 1964.350 1959.848
2322.242 2326.445 2329.687 2334.122 2357.871 2396.242 2433.449 2463.091 2464.669 2453.019 2442.065 2432.202 2419.753 2416.024 2425.899 2438.817 2456.633 2467.413 2475.261 2473.313 2473.606 2474.634 2476.746 2478.642 2481.318 2489.475 2502.720 2515.424 2515.612 2499.817 2482.608 2466.176 2461.513 2457.519 2452.501 2454.070 2455.792 2445.064 2417.990 2381.449 2341.301 2320.758 2303.728 2292.920 2277.820 2246.715 2190.111 2157.163 2122.645 2093.567 2085.454 2140.423 2150.645 2140.260 2127.897 2105.580 2078.781 2055.100 2031.987 2027.232 2023.133 2015.917
2436.594 2443.259 2447.349 2454.837 2470.846 2497.937 2529.244 2556.734 2572.643 2566.762 2551.574 2531.988 2524.547 2522.441 2525.140 2533.017 2543.236 2560.463 2577.848 2583.350 2584.139 2581.588 2583.784 2585.079 2585.143 2587.061 2593.568 2601.937 2604.888 2598.744 2580.531 2559.088 2546.478 2539.148 2535.428 2535.154 2538.613 2540.345 2527.697 2496.493 2456.555 2426.012 2408.430 2395.057 2382.327 2371.724 2347.166 2329.070 2297.150 2253.128 2222.859 2243.522 2235.483 2225.052 2202.128 2172.498 2144.146 2113.737 2087.035 2075.264 2070.931 2068.154
2546.020 2550.444 2558.656 2573.552 2594.211 2610.266 2629.540 2653.001 2667.091 2672.417 2671.712 2669.077 2670.558 2670.803 2626.643 2631.233 2635.781 2647.815 2659.429 2663.487 2663.936 2662.145 2663.580 2664.119 2664.134 2663.777 2664.910 2668.484 2669.850 2668.161 2658.653 2669.242 2650.969 2638.480 2630.802 2623.021 2614.853 2605.662 2596.293 2578.783 2550.782 2518.000 2494.607 2485.723 2480.161 2473.430 2468.682 2453.567 2432.628 2401.094 2363.486 2337.184 2332.208 2316.713 2286.371 2260.440 2241.441 2207.094 2176.243 2157.146 2152.880 2141.369
2649.942 2654.422 2667.204 2681.874 2671.301 2677.167 2683.239 2689.271 2691.342 2691.935 2691.662 2689.376 2688.829 2686.817 2682.798 2672.898 2674.445 2676.160 2678.707 2682.312 2681.099 2682.106 2685.026 2683.411 2677.693 2673.896 2672.332 2673.049 2680.282 2683.564 2684.429 2682.269 2681.477 2680.774 2678.372 2675.374 2671.147 2665.740 2674.786 2664.023 2638.946 2603.140 2566.036 2555.961 2555.322 2556.009 2554.349 2549.127 2531.956 2505.739 2470.209 2433.190 2422.911 2409.859 2394.798 2381.459 2364.908 2327.520 2291.716 2267.366 2253.906 2230.134
2690.035 2692.550 2694.609 2691.495 2688.300 2683.576 2682.208 2680.925 2678.555 2679.212 2677.333 2673.410 2669.706 2662.613 2651.594 2640.432 2637.429 2641.873 2647.163 2651.868 2655.653 2659.146 2659.700 2654.658 2646.626 2639.410 2637.644 2644.256 2649.853 2655.678 2656.438 2655.066 2652.846 2652.844 2650.018 2650.372 2657.059 2670.881 2675.083 2679.249 2678.655 2666.897 2645.608 2647.815 2628.533 2633.527 2629.260 2618.332 2597.922 2574.768 2545.390 2516.672 2496.129 2488.842 2483.765 2477.530 2465.960 2430.058 2396.775 2367.439 2346.050 2321.020
2674.294 2681.219 2682.435 2675.554 2667.306 2660.404 2653.496 2651.391 2650.573 2650.202 2650.572 2645.409 2637.033 2621.130 2609.753 2598.764 2592.878 2590.094 2594.306 2604.744 2615.512 2620.303 2612.390 2604.545 2593.460 2585.502 2585.856 2587.483 2596.621 2611.813 2617.754 2618.438 2612.658 2607.163 2600.877 2598.278 2604.733 2619.545 2635.204 2649.521 2657.954 2665.297 2671.936 2672.939 2674.869 2675.928 2674.415 2675.346 2659.195 2637.339 2611.604 2587.597 2562.263 2557.416 2556.679 2553.181 2551.289 2521.441 2486.808 2453.823 2427.031 2401.230
2647.831 2650.360 2646.823 2640.515 2630.731 2620.106 2610.720 2604.076 2605.127 2607.495 2608.916 2602.308 2587.776 2570.612 2557.491 2543.906 2540.114 2534.885 2529.070 2539.367 2557.629 2564.371 2549.741 2539.500 2524.978 2518.103 2514.594 2515.710 2524.742 2545.645 2567.075 2568.605 2558.242 2547.977 2543.082 2539.993 2545.203 2562.109 2581.915 2596.867 2606.490 2611.695 2619.372 2628.560 2641.533 2655.226 2666.642 2673.035 2679.287 2676.264 2667.131 2657.468 2635.615 2622.141 2613.905 2609.505 2602.353 2580.359 2552.778 2526.403 2500.478 2478.104
2612.417 2609.389 2603.682 2597.039 2579.977 2568.206 2556.301 2542.542 2539.304 2535.808 2537.504 2526.590 2517.888 2500.870 2485.901 2470.672 2459.057 2453.501 2447.394 2448.626 2462.983 2471.665 2460.451 2450.581 2439.002 2433.751 2430.429 2432.559 2442.763 2463.288 2481.484 2488.920 2481.094 2477.668 2476.207 2474.462 2479.973 2491.921 2510.074 2531.013 2547.878 2556.969 2563.805 2573.011 2586.962 2600.514 2614.181 2631.216 2652.250 2667.248 2676.672 2678.728 2678.000 2672.463 2672.215 2662.337 2651.024 2632.804 2609.151 2582.910 2557.427 2540.554
2572.310 2566.510 2561.057 2542.559 2492.651 2473.830 2456.189 2441.191 2435.633 2428.354 2416.731 2408.387 2403.366 2401.671 2387.470 2370.498 2353.955 2349.206 2345.585 2332.410 2332.296 2334.102 2344.589 2338.000 2334.638 2334.621 2332.138 2334.217 2347.182 2356.598 2363.958 2370.072 2371.524 2379.740 2386.254 2392.824 2408.500 2419.747 2435.256 2455.182 2478.911 2492.521 2501.354 2511.366 2526.142 2541.879 2558.801 2580.486 2605.081 2620.652 2631.347 2642.881 2655.606 2669.845 2676.800 2683.846 2682.742 2678.580 2656.739 2630.204 2610.144 2593.082
2512.230 2510.147 2501.519 2454.119 2413.709 2381.655 2365.053 2343.240 2331.703 2318.700 2286.891 2271.744 2269.384 2280.193 2274.413 2258.891 2246.501 2238.110 2230.345 2215.175 2201.218 2206.731 2222.285 2220.795 2221.842 2227.904 2226.746 2221.440 2222.274 2235.010 2241.256 2251.253 2265.367 2269.288 2281.484 2310.684 2322.907 2336.946 2355.023 2374.994 2396.278 2416.727 2429.483 2443.514 2461.252 2477.182 2496.883 2519.044 2547.238 2567.036 2580.779 2591.384 2602.044 2617.105 2637.009 2655.046 2672.338 2682.659 2683.843 2675.072 2656.804 2639.031
2417.189 2411.644 2388.299 2340.220 2303.851 2278.921 2258.331 2236.213 2216.098 2184.774 2152.845 2132.863 2144.682 2154.743 2162.038 2150.118 2139.073 2129.790 2114.197 2098.465 2084.551 2094.541 2103.128 2117.223 2122.495 2126.194 2130.409 2128.903 2120.741 2119.882 2127.710 2137.083 2147.557 2164.476 2195.959 2219.309 2235.768 2254.963 2273.006 2293.686 2315.751 2336.685 2352.097 2369.364 2387.133 2407.004 2425.978 2448.813 2476.512 2500.872 2515.877 2529.991 2543.146 2561.855 2584.812 2606.911 2631.062 2652.114 2665.015 2677.879 2683.989 2680.327
2305.597 2289.311 2248.638 2208.409 2183.080 2166.951 2144.816 2124.268 2097.875 2066.770 2044.403 2025.262 2034.874 2044.404 2061.148 2051.666 2043.555 2039.695 2025.116 2011.977 1996.738 2003.702 2014.838 2035.375 2040.425 2044.106 2052.207 2051.088 2047.129 2033.078 2040.085 2049.952 2063.237 2091.548 2113.829 2135.608 2155.670 2173.971 2194.351 2215.781 2237.745 2262.139 2280.145 2297.767 2317.964 2336.472 2351.613 2369.025 2392.992 2413.963 2433.590 2454.454 2469.032 2492.764 2522.150 2550.973 2583.852 2607.133 2622.529 2635.272 2647.800 2666.946
2166.868 2123.162 2090.841 2066.024 2059.558 2046.408 2027.011 2008.584 1989.976 1967.764 1948.594 1925.146 1930.693 1945.699 1961.959 1960.747 1960.247 1958.535 1948.848 1935.679 1922.342 1926.134 1942.357 1959.742 1968.523 1975.609 1983.070 1982.728 1974.080 1964.368 1968.970 1983.022 1998.260 2016.299 2036.527 2056.522 2075.563 2096.615 2118.065 2139.755 2163.282 2188.308 2207.419 2229.406 2252.250 2268.694 2277.746 2287.165 2307.452 2323.395 2344.076 2365.621 2382.571 2409.409 2442.874 2483.016 2521.871 2559.347 2576.447 2590.023 2600.849 2617.095
2045.677 2014.738 1987.063 1977.394 1962.337 1948.832 1934.453 1915.467 1899.238 1884.014 1863.606 1851.184 1858.372 1872.263 1882.267 1887.793 1885.778 1883.572 1877.504 1863.994 1857.470 1866.875 1882.102 1896.211 1907.045 1913.707 1919.046 1915.923 1906.890 1902.311 1909.936 1924.777 1938.093 1953.039 1972.884 1992.208 2012.407 2033.443 2054.145 2077.134 2100.801 2125.097 2149.843 2171.014 2189.471 2197.838 2206.729 2208.535 2220.317 2235.761 2252.719 2274.016 2296.860 2322.760 2361.363 2401.372 2440.336 2478.886 2511.103 2530.650 2547.338 2567.475
1974.326 1945.938 1918.255 1894.438 1881.731 1875.536 1863.388 1846.886 1835.983 1821.014 1808.722 1812.891 1815.509 1825.448 1825.404 1826.633 1824.362 1823.892 1821.054 1813.206 1823.045 1830.023 1843.904 1854.162 1863.618 1869.430 1873.033 1873.382 1867.929 1872.383 1878.443 1891.906 1902.661 1916.003 1935.293 1951.282 1969.149 1989.858 2011.214 2033.479 2057.361 2083.375 2106.303 2123.278 2129.756 2138.160 2140.161 2130.171 2140.962 2152.895 2163.607 2183.574 2203.690 2225.657 2262.971 2306.986 2353.718 2391.195 2433.959 2459.948 2484.192 2506.530
1890.331 1862.044 1834.856 1814.221 1808.793 1798.773 1788.888 1777.593 1764.886 1756.831 1761.316 1759.483 1758.045 1757.740 1760.892 1764.330 1763.999 1763.253 1765.544 1774.643 1779.053 1784.500 1793.922 1805.031 1816.176 1819.839 1823.963 1827.794 1832.479 1834.985 1838.501 1848.850 1860.141 1872.240 1887.804 1904.539 1922.338 1943.570 1965.566 1989.149 2014.573 2040.751 2061.047 2068.959 2077.621 2079.033 2071.818 2065.385 2069.168 2079.974 2087.106 2103.840 2124.635 2136.850 2175.352 2222.804 2264.486 2300.304 2335.541 2375.048 2402.540 2428.087
1825.839 1797.830 1775.986 1761.058 1751.308 1741.454 1731.527 1719.379 1711.818 1712.261 1710.138 1708.383 1706.581 1709.967 1713.838 1718.455 1718.693 1719.728 1722.720 1727.134 1733.503 1742.826 1753.587 1765.687 1780.778 1785.559 1790.141 1795.861 1798.512 1801.658 1805.514 1816.245 1827.620 1839.216 1855.542 1872.714 1890.941 1912.572 1937.567 1966.638 1992.717 2018.531 2041.391 2050.080 2053.420 2051.178 2044.063 2029.994 2027.118 2036.091 2037.041 2047.001 2064.965 2073.499 2101.347 2141.460 2169.314 2203.679 2241.890 2292.785 2321.856 2353.943
1757.459 1737.065 1721.501 1703.199 1690.515 1680.350 1671.912 1666.279 1665.519 1663.188 1661.917 1660.875 1659.095 1660.939 1665.345 1669.446 1671.929 1674.910 1678.918 1685.531 1694.599 1702.835 1714.638 1729.313 1744.497 1751.342 1756.825 1762.712 1766.984 1771.130 1774.668 1784.333 1795.716 1805.868 1822.576 1840.735 1859.576 1884.652 1913.759 1943.535 1969.233 1994.222 2019.869 2023.213 2024.136 2023.450 2008.667 1993.450 1985.987 1987.464 1988.097 1991.132 2001.358 2011.765 2032.621 2055.986 2083.308 2118.392 2165.674 2211.315 2244.578 2274.857
