tests/3D/Borden05m_nopit_001/output_maps/psiliqL0026N0003.asc
ncols         160
nrows         34
xllcorner     620200.000000
yllcorner     5168000.000000
cellsize      0.500000
NODATA_value  -9999.0
[rows 0 to 27 of 34, columns 62 to 123 of 160]
-9999.000 -9999.000 -9999.000 -9999.000 -9999.000 -9999.000 -9999.000 -9999.000 -9999.000 -9999.000 -9999.000 -9999.000 -9999.000 -9999.000 -9999.000 -9999.000 -9999.000 -9999.000 -9999.000 -9999.000 -9999.000 -9999.000 -9999.000 -9999.000 -9999.000 -9999.000 -9999.000 -9999.000 -9999.000 -9999.000 -9999.000 -9999.000 -9999.000 -9999.000 -9999.000 -9999.000 -9999.000 -9999.000 -9999.000 -9999.000 -9999.000 -9999.000 -9999.000 -9999.000 -9999.000 -9999.000 -9999.000 -9999.000 -9999.000 -9999.000 -9999.000 -9999.000 -9999.000 -9999.000 -9999.000 -9999.000 -9999.000 -9999.000 -9999.000 -9999.000 -9999.000 -9999.000
3383.557 3375.013 3365.672 3357.781 3353.562 3352.358 3351.475 3350.794 3355.599 3363.591 3371.140 3377.952 3380.306 3382.593 3384.389 3384.567 3383.376 3380.088 3376.693 3373.261 3371.523 3364.144 3353.000 3344.678 3341.978 3346.143 3350.476 3352.932 3358.104 3368.481 3379.078 3387.662 3400.234 3407.262 3412.623 3415.233 3411.275 3408.038 3404.098 3397.983 3386.903 -9999.000 -9999.000 -9999.000 -9999.000 -9999.000 -9999.000 -9999.000 -9999.000 -9999.000 -9999.000 -9999.000 -9999.000 -9999.000 -9999.000 -9999.000 -9999.000 -9999.000 -9999.000 -9999.000 -9999.000 -9999.000
3363.707 3359.416 3350.874 3345.701 3340.157 3337.440 3337.370 3337.172 3340.751 3351.427 3359.137 3363.614 3366.172 3368.942 3367.293 3366.442 3366.148 3363.184 3359.639 3356.203 3354.301 3355.722 3348.099 3342.077 3338.158 3335.183 3337.914 3340.602 3345.189 3354.352 3362.256 3370.236 3385.428 3398.631 3404.355 3401.849 3397.308 3393.542 3386.176 3375.463 3365.509 3357.431 3351.390 3346.105 3339.765 3346.269 3354.226 3363.620 3372.432 3384.557 3396.865 -9999.000 -9999.000 -9999.000 -9999.000 -9999.000 -9999.000 -9999.000 -9999.000 -9999.000 -9999.000 -9999.000
3343.613 3347.041 3343.733 3338.830 3330.941 3340.865 3341.758 3342.347 3345.420 3347.184 3352.205 3354.521 3359.756 3368.633 3371.348 3371.690 3371.646 3369.576 3366.241 3364.201 3361.334 3355.993 3354.140 3353.740 3352.415 3356.472 3357.981 3360.895 3355.418 3359.856 3366.123 3373.111 3378.652 3384.826 3387.392 3384.157 3384.819 3376.559 3363.000 3353.246 3345.885 3346.218 3343.367 3335.548 3321.934 3330.356 3346.577 3351.462 3354.132 3365.297 3377.686 3388.367 3391.734 3391.551 3391.324 3388.502 3374.779 3360.179 3345.155 3326.557 -9999.000 -9999.000
3351.750 3349.781 3346.122 3341.610 3351.882 3360.033 3361.274 3363.563 3367.381 3368.118 3357.157 3355.023 3362.178 3371.715 3376.750 3376.821 3376.346 3372.560 3371.305 3371.011 3369.135 3368.538 3370.017 3367.513 3370.399 3375.833 3379.135 3373.935 3365.550 3367.825 3376.307 3385.462 3393.083 3403.284 3414.104 3414.456 3410.033 3401.636 3389.312 3366.994 3349.620 3338.780 3330.907 3323.768 3326.890 3322.316 3336.271 3338.186 3340.830 3348.257 3358.708 3369.502 3375.848 3375.271 3374.606 3372.221 3362.739 3348.084 3333.343 3315.866 3289.450 3260.745
3350.975 3349.866 3350.166 3358.702 3370.304 3381.321 3383.145 3384.807 3383.395 3375.782 3365.386 3362.627 3375.762 3392.367 3400.109 3399.505 3395.062 3398.055 3398.114 3398.569 3395.171 3395.830 3393.346 3398.692 3406.329 3414.268 3412.904 3400.528 3388.215 3388.180 3393.682 3400.679 3408.299 3418.489 3427.659 3422.943 3417.912 3410.692 3385.254 3362.811 3348.701 3349.197 3350.121 3345.856 3344.002 3343.275 3339.351 3339.724 3339.035 3338.920 3351.300 3364.701 3368.376 3361.780 3357.847 3355.699 3347.961 3336.568 3320.870 3303.955 3284.403 3256.504
3380.648 3380.893 3386.554 3396.729 3409.259 3430.758 3430.047 3430.341 3428.898 3415.915 3402.645 3392.628 3414.626 3425.581 3432.642 3429.963 3434.967 3443.524 3439.908 3433.594 3421.501 3427.058 3433.469 3448.565 3456.470 3461.736 3457.154 3443.276 3436.531 3438.088 3444.592 3445.827 3454.529 3463.330 3478.303 3477.058 3473.879 3454.153 3417.324 3388.215 3375.812 3387.369 3381.881 3375.643 3375.709 3364.841 3357.832 3360.555 3352.664 3348.179 3360.956 3368.042 3369.547 3361.826 3367.043 3360.433 3339.768 3323.345 3309.000 3294.859 3277.838 3272.074
3389.403 3393.438 3403.456 3420.798 3438.595 3458.350 3456.902 3450.226 3459.780 3452.747 3441.872 3434.323 3455.687 3465.721 3475.881 3481.542 3494.126 3504.508 3487.969 3470.894 3460.468 3467.461 3493.012 3515.385 3520.169 3519.229 3518.662 3503.373 3498.555 3495.171 3495.545 3492.953 3491.124 3516.490 3538.076 3537.929 3516.503 3493.894 3454.448 3416.853 3392.684 3405.801 3402.601 3406.047 3396.112 3384.565 3377.580 3375.247 3368.889 3359.543 3368.846 3373.587 3381.727 3388.983 3393.736 3377.370 3359.992 3341.026 3323.539 3309.703 3303.464 3297.395
3446.052 3459.479 3467.433 3485.784 3502.778 3528.489 3540.511 3551.664 3555.562 3548.472 3539.908 3527.882 3533.113 3556.982 3568.585 3576.881 3585.247 3597.865 3598.213 3591.282 3589.429 3593.785 3607.259 3621.713 3628.452 3631.504 3634.115 3620.896 3608.005 3606.011 3600.577 3599.371 3598.623 3610.129 3630.726 3627.570 3591.112 3564.361 3529.415 3491.144 3461.927 3455.918 3475.076 3473.068 3457.016 3446.705 3420.928 3415.980 3406.787 3383.912 3384.231 3387.800 3397.706 3413.007 3400.713 3384.625 3367.702 3348.456 3331.962 3325.054 3323.646 3320.856
3563.318 3571.637 3574.701 3581.071 3613.408 3647.143 3672.088 3694.808 3701.945 3689.608 3679.814 3666.273 3657.464 3668.530 3685.802 3703.466 3718.377 3729.701 3731.768 3730.182 3730.236 3733.353 3736.353 3740.676 3749.175 3756.830 3765.485 3773.494 3763.026 3746.040 3736.804 3727.836 3727.096 3728.532 3732.455 3733.569 3716.792 3674.715 3643.100 3611.019 3591.544 3578.446 3578.389 3560.291 3536.042 3484.739 3447.578 3416.462 3398.038 3376.356 3384.941 3403.276 3446.906 3451.306 3439.638 3424.993 3402.077 3379.758 3360.022 3356.897 3355.842 3352.034
3690.033 3693.717 3696.023 3698.669 3725.546 3767.273 3806.766 3838.094 3837.886 3824.039 3812.667 3803.565 3789.094 3785.139 3797.894 3813.432 3833.854 3844.285 3850.313 3846.951 3847.169 3849.011 3851.371 3853.530 3857.222 3866.967 3882.168 3896.792 3895.882 3876.755 3858.744 3842.736 3840.370 3838.006 3833.100 3835.513 3837.434 3821.345 3789.858 3749.874 3709.471 3692.921 3677.901 3667.062 3650.126 3609.343 3542.478 3502.996 3465.295 3438.486 3440.506 3509.653 3529.789 3519.382 3509.137 3488.062 3460.364 3437.889 3416.765 3415.374 3412.158 3405.283
3809.412 3816.437 3819.078 3824.620 3841.222 3873.754 3909.574 3939.478 3954.874 3946.927 3928.741 3906.309 3896.299 3893.317 3897.009 3906.672 3919.772 3939.513 3959.140 3964.948 3965.841 3963.145 3965.595 3967.188 3967.311 3970.329 3979.031 3989.069 3992.490 3984.552 3963.205 3939.501 3928.210 3921.764 3918.376 3919.486 3924.789 3928.145 3913.156 3877.129 3832.255 3802.301 3787.298 3774.553 3760.421 3747.876 3714.465 3693.332 3656.708 3608.375 3580.564 3620.207 3612.766 3602.784 3580.219 3548.841 3516.934 3487.098 3462.770 3455.707 3453.109 3452.828
3925.382 3930.175 3937.422 3952.520 3976.147 3995.555 4018.595 4045.586 4062.120 4067.371 4065.586 4061.347 4062.510 4062.878 3997.312 4003.823 4010.317 4028.159 4044.120 4049.920 4050.585 4047.930 4049.822 4050.621 4050.498 4050.124 4052.619 4057.918 4059.943 4057.440 4044.356 4063.706 4043.419 4029.809 4021.520 4013.208 4004.940 3995.478 3985.522 3965.145 3933.906 3899.338 3878.041 3870.229 3864.082 3855.439 3849.660 3832.465 3809.542 3774.070 3734.118 3713.139 3711.452 3695.432 3660.960 3630.564 3608.203 3572.539 3543.073 3527.466 3526.883 3519.464
4042.065 4046.757 4060.857 4077.787 4060.970 4069.669 4078.671 4087.615 4090.687 4091.566 4091.160 4088.752 4087.941 4085.460 4082.064 4071.516 4073.135 4075.118 4077.750 4081.503 4080.413 4081.539 4084.498 4082.716 4076.623 4072.504 4070.928 4071.967 4079.434 4082.954 4083.926 4080.376 4079.420 4078.377 4074.816 4070.370 4064.103 4056.086 4071.774 4059.528 4031.061 3990.181 3948.428 3941.081 3943.189 3942.997 3941.498 3935.865 3918.203 3890.525 3852.657 3813.868 3807.470 3793.353 3774.391 3758.145 3739.112 3699.273 3663.072 3641.022 3631.090 3608.442
4087.763 4090.615 4093.908 4090.914 4087.934 4083.024 4081.430 4080.069 4077.621 4078.248 4076.360 4072.276 4068.188 4060.099 4048.453 4037.275 4033.630 4037.915 4043.587 4048.811 4053.362 4057.122 4057.049 4051.514 4043.023 4035.422 4033.779 4040.701 4046.470 4053.104 4053.999 4052.602 4050.069 4049.786 4046.445 4046.633 4053.773 4068.678 4071.191 4077.371 4076.490 4059.059 4027.495 4040.408 4020.376 4026.556 4021.928 4010.533 3989.092 3964.621 3933.024 3902.055 3883.453 3876.209 3870.441 3863.527 3849.337 3809.946 3775.580 3747.107 3727.691 3702.581
4072.982 4080.055 4081.101 4074.030 4065.411 4058.142 4050.646 4048.273 4047.756 4047.528 4048.058 4042.753 4033.312 4016.143 4004.545 3993.476 3987.533 3983.602 3986.952 3998.321 4010.710 4015.791 4006.292 3997.741 3985.813 3977.726 3978.188 3979.137 3988.699 4005.794 4013.571 4014.377 4007.796 4001.150 3994.427 3991.278 3997.697 4013.071 4030.006 4045.818 4055.075 4062.857 4070.050 4068.079 4070.947 4072.523 4070.290 4073.612 4055.594 4031.320 4002.039 3976.387 3950.348 3946.868 3947.236 3943.919 3942.017 3908.935 3872.481 3838.519 3812.207 3786.012
4045.486 4047.358 4043.199 4036.835 4026.840 4015.793 4006.086 3998.363 3999.405 4001.782 4003.502 3996.147 3980.702 3962.835 3949.337 3935.465 3931.538 3925.571 3917.667 3927.765 3947.712 3955.189 3938.899 3927.929 3912.642 3906.107 3902.040 3902.767 3911.670 3934.394 3958.881 3961.038 3949.984 3938.997 3934.274 3931.016 3935.518 3952.177 3973.102 3989.330 3999.860 4005.194 4012.980 4022.390 4036.842 4051.814 4064.286 4068.719 4077.831 4073.371 4059.854 4053.033 4028.530 4014.234 4006.836 4003.101 3996.588 3972.777 3943.444 3916.074 3889.966 3866.737
4009.012 4004.995 3998.894 3991.878 3970.793 3958.355 3945.396 3930.416 3926.522 3921.633 3922.705 3911.205 3903.405 3887.097 3871.786 3856.200 3842.681 3836.982 3830.243 3828.155 3841.502 3849.900 3840.668 3831.026 3820.537 3816.140 3812.779 3815.304 3825.766 3845.145 3863.454 3871.990 3864.693 3863.667 3863.848 3862.246 3868.598 3879.146 3896.968 3919.468 3938.630 3948.556 3955.373 3964.529 3978.971 3993.117 4007.513 4025.603 4048.911 4065.278 4075.467 4075.844 4074.810 4066.654 4070.013 4059.410 4047.170 4027.124 4002.131 3975.247 3949.503 3932.609
3967.217 3961.263 3955.721 3932.556 3876.899 3855.650 3836.713 3820.487 3813.761 3805.323 3788.674 3780.110 3775.832 3778.702 3764.906 3747.478 3729.742 3724.921 3721.469 3703.527 3698.251 3698.610 3715.797 3709.860 3708.964 3711.193 3708.829 3709.977 3722.663 3730.051 3735.141 3741.938 3747.210 3758.036 3766.227 3776.896 3794.087 3804.715 3819.790 3839.958 3865.673 3881.232 3890.664 3900.948 3916.145 3932.223 3949.935 3972.295 3998.472 4015.034 4026.357 4038.391 4052.162 4067.645 4073.185 4082.308 4080.780 4077.263 4053.312 4024.155 4003.912 3986.894
3901.412 3899.438 3889.131 3833.398 3792.882 3759.079 3742.114 3718.523 3704.965 3688.329 3649.139 3631.609 3631.741 3647.522 3644.648 3629.622 3618.033 3608.622 3599.127 3581.089 3561.569 3567.793 3586.823 3588.269 3592.076 3600.293 3599.894 3592.895 3589.449 3601.231 3606.419 3617.660 3635.773 3640.655 3657.615 3691.850 3704.467 3719.298 3737.331 3757.401 3779.220 3801.754 3815.671 3830.698 3848.920 3865.396 3885.497 3907.854 3937.346 3958.870 3973.319 3984.145 3994.944 4010.483 4031.711 4051.651 4070.716 4080.853 4082.782 4069.980 4053.254 4034.105
3797.535 3791.582 3761.930 3709.362 3674.379 3651.767 3630.289 3607.665 3583.772 3545.827 3511.103 3489.416 3506.303 3518.118 3530.885 3519.910 3509.505 3500.134 3481.865 3465.018 3448.243 3459.546 3468.247 3488.254 3495.478 3499.437 3505.628 3504.111 3492.674 3486.491 3494.333 3503.987 3515.922 3537.996 3573.796 3598.277 3616.271 3636.353 3654.510 3675.327 3697.769 3720.205 3736.844 3754.728 3772.756 3793.208 3811.836 3834.175 3862.046 3888.168 3904.265 3919.629 3933.197 3952.710 3976.850 4000.248 4026.168 4048.585 4063.009 4076.782 4081.379 4076.271
3676.654 3654.292 3606.217 3565.013 3545.903 3534.336 3511.759 3491.536 3462.844 3429.158 3408.424 3388.264 3399.383 3410.381 3431.645 3423.510 3417.402 3414.976 3399.803 3386.761 3370.248 3376.504 3388.947 3413.089 3419.298 3423.515 3433.142 3432.375 3427.408 3408.833 3415.178 3425.768 3440.261 3471.344 3493.380 3515.261 3536.566 3555.327 3576.185 3597.690 3619.983 3645.805 3664.751 3683.130 3704.039 3722.537 3736.043 3751.388 3774.746 3795.531 3816.765 3839.345 3854.200 3878.999 3910.011 3941.326 3976.570 4002.015 4018.102 4031.089 4043.687 4064.489
3526.001 3472.990 3438.564 3420.217 3421.424 3410.639 3392.123 3374.377 3356.157 3335.532 3317.931 3293.466 3299.653 3316.366 3334.224 3336.714 3338.546 3337.629 3328.866 3315.683 3302.216 3306.068 3323.446 3341.601 3351.971 3359.803 3367.516 3367.082 3357.048 3346.572 3350.906 3365.997 3381.630 3398.259 3418.032 3437.958 3457.536 3479.151 3500.819 3522.724 3546.561 3572.376 3592.849 3615.570 3639.009 3654.444 3662.083 3668.552 3686.917 3702.165 3723.485 3746.055 3764.150 3791.293 3826.230 3868.463 3909.197 3950.621 3969.686 3983.936 3994.873 4011.265
3409.681 3377.580 3350.312 3345.674 3331.970 3320.563 3307.878 3288.991 3274.197 3261.027 3240.885 3232.581 3240.782 3254.851 3263.153 3270.889 3269.359 3267.550 3262.512 3248.843 3245.531 3255.817 3271.009 3284.548 3296.238 3303.080 3307.955 3304.691 3295.168 3292.256 3300.076 3315.077 3327.818 3341.541 3361.103 3379.889 3400.214 3421.365 3442.017 3465.070 3488.841 3513.543 3539.491 3560.515 3577.565 3584.871 3592.900 3590.674 3599.977 3614.617 3630.360 3651.931 3675.808 3700.782 3740.009 3781.340 3822.066 3863.030 3900.276 3921.412 3939.485 3960.091
3348.641 3320.317 3293.044 3268.730 3258.507 3254.268 3243.241 3228.043 3218.475 3204.337 3196.229 3203.897 3205.598 3213.803 3212.043 3213.508 3211.598 3211.457 3209.851 3204.554 3217.149 3223.589 3236.790 3246.647 3256.298 3261.880 3265.184 3266.247 3262.039 3267.837 3273.313 3286.275 3296.632 3309.054 3327.789 3343.369 3360.799 3381.447 3402.783 3424.899 3448.862 3475.186 3498.086 3513.998 3518.897 3526.329 3525.784 3512.623 3521.734 3532.509 3541.213 3560.784 3580.557 3599.801 3637.183 3682.671 3731.849 3770.265 3816.988 3846.187 3872.312 3895.214
3268.848 3240.679 3214.138 3195.467 3192.308 3182.341 3173.226 3162.986 3150.652 3145.405 3153.098 3151.422 3149.112 3147.158 3150.330 3154.333 3154.396 3153.846 3157.290 3168.769 3173.314 3178.726 3187.425 3198.625 3210.507 3213.982 3218.142 3222.742 3228.578 3231.188 3234.244 3244.062 3255.276 3266.839 3281.802 3298.501 3316.060 3337.207 3359.492 3383.451 3408.903 3435.471 3456.302 3463.330 3471.471 3471.366 3462.318 3454.437 3455.641 3465.867 3470.659 3485.684 3506.434 3514.150 3550.598 3598.954 3639.720 3676.190 3712.010 3757.159 3786.046 3813.002
3209.261 3181.460 3162.052 3148.993 3139.224 3129.348 3119.544 3108.053 3102.470 3104.658 3102.552 3100.925 3098.857 3102.193 3106.199 3111.071 3111.743 3113.254 3116.546 3121.112 3127.977 3137.557 3148.338 3160.728 3176.544 3181.644 3186.333 3192.372 3195.159 3198.447 3202.122 3212.565 3223.924 3235.185 3251.350 3268.543 3286.523 3308.164 3333.347 3362.799 3389.083 3415.202 3439.207 3447.918 3450.659 3447.991 3439.843 3424.304 3419.903 3427.575 3426.769 3434.477 3451.051 3456.844 3479.397 3516.982 3542.851 3577.313 3617.356 3672.850 3703.778 3737.036
3143.005 3124.892 3111.045 3093.138 3080.076 3069.918 3062.316 3058.512 3058.925 3057.007 3056.132 3055.215 3053.204 3054.601 3059.158 3063.265 3066.160 3069.431 3074.230 3081.332 3090.568 3098.570 3110.394 3125.255 3140.875 3148.369 3153.985 3160.203 3164.847 3169.084 3172.413 3181.714 3192.992 3202.383 3218.796 3236.998 3256.154 3281.109 3310.251 3340.457 3366.466 3391.560 3418.375 3421.694 3422.325 3421.592 3405.628 3390.317 3381.370 3381.844 3382.184 3381.566 3390.431 3399.679 3415.687 3435.513 3461.230 3496.049 3544.669 3590.908 3626.385 3656.677
