tests/3D/Borden05m_nopit_001/output_maps/psiliqL0015N0017.asc
ncols         160
nrows         34
xllcorner     620200.000000
yllcorner     5168000.000000
cellsize      0.500000
NODATA_value  -9999.0
[rows 0 to 27 of 34, columns 63 to 125 of 160]
-9999.000 -9999.000 -9999.000 -9999.000 -9999.000 -9999.000 -9999.000 -9999.000 -9999.000 -9999.000 -9999.000 -9999.000 -9999.000 -9999.000 -9999.000 -9999.000 -9999.000 -9999.000 -9999.000 -9999.000 -9999.000 -9999.000 -9999.000 -9999.000 -9999.000 -9999.000 -9999.000 -9999.000 -9999.000 -9999.000 -9999.000 -9999.000 -9999.000 -9999.000 -9999.000 -9999.000 -9999.000 -9999.000 -9999.000 -9999.000 -9999.000 -9999.000 -9999.000 -9999.000 -9999.000 -9999.000 -9999.000 -9999.000 -9999.000 -9999.000 -9999.000 -9999.000 -9999.000 -9999.000 -9999.000 -9999.000 -9999.000 -9999.000 -9999.000 -9999.000 -9999.000 -9999.000 -9999.000
1176.576 1167.174 1158.680 1154.486 1153.341 1152.351 1151.737 1156.745 1164.587 1172.070 1179.045 1181.325 1183.624 1185.683 1186.020 1184.707 1181.392 1178.020 1174.563 1172.967 1164.958 1153.590 1144.839 1142.077 1146.448 1150.901 1153.414 1159.198 1169.928 1180.770 1189.406 1201.509 1207.645 1212.967 1216.085 1212.244 1208.996 1205.404 1200.340 1189.420 -9999.000 -9999.000 -9999.000 -9999.000 -9999.000 -9999.000 -9999.000 -9999.000 -9999.000 -9999.000 -9999.000 -9999.000 -9999.000 -9999.000 -9999.000 -9999.000 -9999.000 -9999.000 -9999.000 -9999.000 -9999.000 -9999.000 -9999.000
1160.604 1151.756 1146.288 1140.639 1138.421 1138.244 1138.070 1141.916 1151.980 1159.756 1164.332 1166.712 1169.206 1168.580 1167.887 1167.467 1164.485 1160.968 1157.509 1155.638 1156.158 1148.510 1142.898 1139.366 1137.483 1140.034 1142.497 1146.121 1155.630 1163.837 1172.081 1186.650 1199.342 1204.846 1202.569 1197.912 1194.405 1187.891 1177.987 1167.889 1158.406 1151.765 1146.576 1141.112 1147.515 1154.627 1164.700 1174.488 1186.646 1198.902 -9999.000 -9999.000 -9999.000 -9999.000 -9999.000 -9999.000 -9999.000 -9999.000 -9999.000 -9999.000 -9999.000 -9999.000 -9999.000
1147.869 1144.114 1139.151 1133.421 1141.824 1142.756 1143.550 1146.570 1149.253 1152.478 1154.990 1160.161 1168.963 1171.511 1171.858 1171.825 1169.832 1166.576 1164.643 1161.790 1156.490 1155.185 1155.271 1154.771 1159.540 1161.028 1162.977 1156.571 1160.358 1166.682 1173.674 1180.209 1186.997 1190.995 1188.024 1187.719 1179.714 1166.323 1155.786 1147.813 1146.528 1143.686 1136.170 1123.674 1131.305 1147.246 1152.149 1155.604 1167.360 1179.750 1190.133 1192.638 1192.399 1192.137 1189.514 1175.769 1161.170 1146.367 1127.809 -9999.000 -9999.000 -9999.000 -9999.000
1149.862 1146.381 1143.589 1155.277 1164.021 1165.313 1167.776 1171.145 1170.507 1158.575 1156.018 1163.907 1173.880 1179.317 1179.295 1178.956 1176.462 1175.260 1174.753 1172.481 1172.885 1175.003 1174.440 1178.657 1184.180 1187.122 1179.813 1170.943 1172.139 1180.148 1188.607 1196.164 1206.965 1218.487 1218.031 1213.052 1204.674 1191.880 1169.220 1150.586 1140.226 1133.438 1126.699 1127.604 1124.744 1136.784 1138.818 1141.056 1149.367 1159.840 1170.279 1176.342 1175.900 1175.408 1173.085 1163.690 1149.060 1134.385 1117.550 1091.886 1063.443 1037.476 1035.911
1152.743 1154.792 1166.001 1178.712 1191.952 1193.952 1195.874 1194.939 1185.859 1175.425 1171.602 1185.813 1201.715 1209.578 1209.738 1208.203 1214.238 1212.860 1211.271 1206.449 1208.101 1208.790 1217.786 1225.208 1232.282 1230.536 1218.601 1207.219 1206.080 1209.430 1213.454 1220.099 1230.597 1240.598 1236.085 1229.913 1221.117 1193.921 1168.468 1152.942 1153.946 1154.917 1150.783 1148.439 1146.157 1140.193 1140.322 1139.933 1139.769 1152.052 1164.829 1168.462 1162.291 1158.655 1156.526 1148.241 1137.219 1121.895 1105.072 1086.073 1058.026 1051.716 1042.877
1191.179 1198.140 1209.847 1225.615 1248.240 1249.756 1251.859 1253.513 1241.810 1229.210 1218.041 1236.059 1245.993 1254.026 1254.763 1263.520 1272.852 1268.220 1260.317 1249.683 1255.640 1266.378 1281.128 1287.812 1291.713 1290.032 1278.714 1273.004 1272.105 1275.059 1273.388 1278.745 1289.097 1304.525 1304.531 1297.217 1276.224 1240.641 1208.407 1190.398 1197.867 1192.232 1186.510 1184.248 1171.671 1162.199 1163.344 1154.688 1149.313 1161.405 1167.975 1169.788 1163.060 1168.515 1161.272 1142.278 1125.346 1110.252 1095.950 1080.233 1073.477 1064.294 1056.381
1223.307 1232.390 1250.007 1270.906 1292.935 1298.818 1299.784 1308.681 1301.813 1292.056 1283.703 1295.809 1307.125 1318.140 1326.834 1339.037 1349.986 1339.273 1326.508 1320.490 1325.665 1345.709 1363.214 1368.011 1368.866 1371.192 1361.539 1355.373 1349.359 1345.205 1340.171 1336.788 1356.212 1373.790 1373.094 1351.271 1328.869 1293.916 1258.018 1228.752 1231.595 1230.258 1231.228 1218.412 1204.929 1191.158 1183.857 1176.223 1163.668 1170.294 1175.798 1185.571 1194.493 1196.155 1179.793 1162.440 1143.267 1124.963 1110.803 1105.473 1099.973 1090.140 1083.464
1314.326 1320.379 1334.800 1356.479 1385.796 1404.453 1421.258 1424.758 1416.169 1407.064 1393.967 1392.669 1410.081 1421.463 1431.285 1441.229 1453.249 1457.783 1454.484 1453.671 1456.791 1464.419 1473.780 1480.221 1485.123 1490.198 1485.363 1475.064 1469.504 1461.548 1455.957 1454.099 1458.373 1471.262 1469.894 1443.733 1418.397 1387.906 1352.849 1323.967 1310.192 1319.773 1311.863 1295.863 1279.620 1248.069 1235.083 1221.785 1194.949 1192.493 1200.577 1213.249 1224.135 1209.761 1193.523 1175.515 1155.409 1136.676 1129.917 1128.528 1125.535 1119.413 1116.751
1426.546 1430.088 1436.500 1467.431 1500.534 1527.697 1550.432 1557.991 1547.043 1537.088 1524.816 1515.336 1520.090 1534.327 1550.577 1565.651 1576.543 1579.803 1578.496 1578.665 1580.658 1583.467 1586.448 1592.664 1599.757 1609.406 1619.875 1613.558 1597.156 1585.639 1573.059 1569.143 1568.597 1568.307 1569.137 1561.207 1529.874 1502.760 1472.771 1447.458 1429.760 1420.045 1402.908 1382.427 1338.365 1301.206 1269.430 1245.854 1220.687 1221.633 1244.603 1278.277 1274.956 1263.459 1247.165 1223.152 1199.397 1176.295 1170.646 1168.312 1163.342 1156.952 1151.719
1545.147 1548.923 1554.380 1576.342 1612.796 1648.695 1677.374 1679.974 1669.578 1658.863 1648.564 1637.271 1633.671 1641.900 1653.321 1669.648 1680.626 1689.515 1688.374 1688.710 1689.271 1691.241 1692.986 1695.079 1702.329 1714.453 1726.059 1726.871 1712.979 1696.224 1679.546 1673.567 1668.637 1663.549 1664.628 1666.229 1658.556 1633.994 1599.408 1559.391 1536.552 1518.356 1507.545 1493.473 1467.873 1417.104 1387.859 1355.125 1324.711 1310.766 1357.587 1362.093 1351.666 1338.036 1314.949 1288.599 1264.161 1239.843 1233.092 1228.414 1220.926 1214.980 1207.009
1658.586 1663.503 1672.104 1687.773 1711.755 1740.484 1766.594 1782.796 1778.096 1764.620 1746.661 1740.687 1739.082 1741.213 1748.070 1756.642 1772.432 1788.535 1793.863 1794.590 1792.122 1794.172 1795.296 1795.325 1796.613 1801.864 1809.276 1811.957 1806.835 1790.410 1770.254 1756.887 1749.047 1745.130 1744.058 1746.454 1747.249 1735.926 1707.466 1670.334 1639.438 1620.363 1606.608 1594.654 1585.133 1565.601 1549.205 1519.934 1478.332 1446.613 1456.379 1447.941 1437.194 1414.000 1385.301 1358.908 1328.098 1299.962 1285.421 1280.013 1275.726 1269.451 1258.866
1762.026 1770.789 1785.570 1804.533 1818.672 1835.793 1857.237 1869.932 1875.300 1875.211 1873.493 1875.156 1875.331 1843.402 1846.894 1850.331 1859.044 1868.174 1871.236 1871.560 1870.263 1871.437 1871.826 1871.918 1871.570 1871.922 1874.508 1875.494 1874.268 1866.800 1872.378 1855.252 1843.396 1836.061 1828.575 1820.456 1811.408 1802.363 1786.476 1760.309 1728.528 1703.916 1694.394 1689.139 1683.469 1679.274 1665.308 1645.458 1616.126 1579.805 1550.403 1543.485 1528.222 1500.166 1476.710 1459.551 1425.872 1394.143 1372.962 1366.500 1352.558 1336.849 1322.798
1858.802 1870.830 1884.209 1877.203 1881.452 1885.848 1890.216 1891.716 1892.145 1891.947 1889.732 1889.336 1887.592 1883.216 1873.686 1875.192 1876.754 1879.251 1882.772 1881.487 1882.425 1885.322 1883.801 1878.296 1874.682 1873.122 1873.653 1880.750 1883.893 1884.692 1883.322 1882.619 1882.104 1880.357 1878.177 1875.106 1871.178 1876.415 1866.483 1843.326 1810.399 1775.927 1764.265 1762.025 1763.178 1761.385 1756.354 1739.414 1713.978 1679.724 1643.649 1631.081 1618.560 1605.644 1593.879 1578.652 1542.569 1506.893 1481.128 1465.548 1441.028 1421.521 1403.707
1893.656 1895.009 1891.827 1888.509 1883.891 1882.652 1881.414 1879.088 1879.762 1877.889 1874.057 1870.572 1864.048 1853.387 1842.233 1839.598 1844.131 1849.203 1853.611 1856.958 1860.298 1861.208 1856.447 1848.677 1841.678 1839.840 1846.273 1851.768 1857.128 1857.807 1856.445 1854.398 1854.550 1852.010 1852.450 1858.868 1872.059 1877.210 1880.209 1879.758 1871.219 1855.775 1851.834 1832.945 1837.222 1833.117 1822.405 1802.527 1780.064 1751.885 1724.380 1702.645 1695.243 1690.465 1684.514 1674.335 1640.317 1607.539 1577.593 1554.959 1529.853 1506.928 1485.877
1881.883 1883.198 1876.424 1868.388 1861.696 1855.124 1853.172 1852.183 1851.729 1852.008 1846.925 1839.158 1823.978 1812.727 1801.785 1795.930 1793.800 1798.505 1808.411 1818.252 1822.877 1815.868 1808.426 1797.821 1789.935 1790.226 1792.237 1801.130 1815.231 1820.120 1820.728 1815.401 1810.557 1804.512 1802.218 1808.682 1823.159 1838.075 1851.518 1859.459 1866.527 1872.821 1875.490 1876.846 1877.565 1876.415 1875.923 1860.777 1840.232 1816.447 1793.294 1768.269 1762.537 1761.057 1757.338 1755.326 1727.197 1693.472 1660.909 1633.703 1607.986 1584.616 1562.589
1852.076 1848.894 1842.618 1832.953 1822.570 1813.368 1807.340 1808.396 1810.759 1812.008 1805.828 1791.817 1775.054 1762.148 1748.727 1745.013 1740.205 1735.583 1745.993 1763.291 1769.613 1755.931 1746.105 1732.018 1724.947 1721.756 1723.091 1732.194 1752.053 1771.733 1772.899 1762.925 1753.066 1748.065 1745.062 1750.665 1767.699 1786.849 1801.052 1810.135 1815.239 1822.825 1831.851 1843.938 1856.853 1867.612 1875.063 1879.612 1877.334 1870.618 1859.236 1838.791 1825.669 1816.826 1811.909 1804.247 1783.140 1756.402 1730.434 1704.447 1682.392 1663.464 1638.235
1811.899 1806.417 1799.988 1785.224 1773.834 1762.532 1749.470 1746.607 1743.907 1745.960 1735.381 1726.163 1708.739 1693.966 1678.940 1668.413 1662.938 1657.191 1660.320 1675.254 1684.097 1671.750 1661.749 1649.545 1643.804 1640.503 1642.404 1652.458 1673.635 1691.761 1698.564 1690.431 1685.625 1683.218 1681.382 1686.400 1699.134 1717.459 1737.488 1753.016 1761.604 1768.419 1777.616 1791.245 1804.409 1817.602 1833.969 1853.629 1867.761 1876.653 1879.563 1878.892 1874.719 1872.266 1862.645 1851.696 1834.342 1811.267 1785.200 1759.667 1742.600 1725.776 1708.130
1769.508 1764.105 1748.275 1701.652 1684.219 1667.317 1653.022 1648.131 1641.513 1632.763 1624.544 1619.098 1614.795 1600.362 1583.650 1567.789 1563.080 1559.363 1548.912 1551.747 1554.378 1561.036 1554.073 1549.301 1547.998 1545.445 1548.055 1561.175 1571.748 1580.400 1586.119 1585.383 1592.100 1597.647 1601.864 1616.663 1628.249 1643.989 1663.758 1686.329 1698.798 1707.257 1717.076 1731.568 1747.059 1763.471 1784.703 1808.316 1823.232 1833.467 1844.601 1856.599 1869.984 1877.588 1883.272 1882.221 1877.486 1856.634 1831.368 1811.173 1793.836 1779.490 1765.440
1716.266 1708.597 1665.958 1625.609 1594.555 1578.161 1557.364 1546.982 1536.054 1508.462 1494.677 1490.894 1498.861 1491.420 1475.614 1462.766 1454.957 1448.181 1434.649 1423.871 1428.977 1442.542 1439.374 1438.843 1443.673 1442.079 1437.738 1441.015 1454.292 1461.139 1470.420 1482.243 1485.607 1495.073 1521.385 1533.372 1546.944 1565.029 1584.924 1605.878 1625.110 1637.170 1650.595 1668.011 1683.578 1702.991 1724.971 1752.344 1771.064 1784.298 1794.659 1805.103 1819.738 1838.713 1855.472 1871.541 1881.738 1882.250 1875.517 1856.086 1838.803 1824.487 1815.615
1623.107 1603.366 1557.853 1520.691 1494.438 1474.355 1452.526 1434.570 1407.029 1376.696 1357.689 1366.611 1375.671 1379.839 1367.377 1355.967 1346.734 1332.669 1317.575 1305.294 1314.533 1323.054 1333.770 1337.926 1341.475 1344.558 1343.057 1336.763 1338.943 1346.759 1355.966 1365.600 1379.566 1408.573 1431.268 1446.837 1465.512 1483.473 1504.055 1525.881 1545.930 1560.608 1577.484 1595.062 1614.549 1633.662 1656.712 1684.233 1707.493 1721.769 1735.047 1747.827 1765.917 1788.019 1809.172 1832.088 1852.110 1863.869 1875.915 1882.571 1879.390 1866.914 1853.948
1509.321 1472.878 1433.206 1404.324 1385.587 1363.705 1342.971 1317.892 1288.261 1264.961 1246.402 1255.153 1263.844 1278.005 1267.754 1258.498 1253.818 1239.578 1226.383 1211.871 1219.239 1229.628 1248.104 1252.491 1255.863 1263.091 1261.767 1258.382 1246.913 1254.294 1263.744 1276.331 1303.051 1325.465 1347.175 1366.516 1384.540 1404.629 1425.997 1447.750 1471.300 1488.737 1505.890 1525.637 1544.100 1560.117 1578.641 1602.878 1623.864 1642.468 1662.230 1676.510 1699.473 1727.745 1754.937 1786.229 1808.012 1822.722 1835.004 1847.139 1864.956 1875.148 1877.137
1351.832 1320.714 1292.199 1281.348 1266.847 1246.947 1228.130 1209.300 1186.181 1166.115 1143.249 1148.429 1162.460 1177.806 1174.479 1172.646 1170.479 1160.264 1147.102 1133.838 1137.596 1153.158 1170.102 1177.974 1184.632 1191.947 1191.656 1183.796 1174.517 1179.270 1192.723 1207.729 1226.567 1247.046 1267.071 1285.793 1306.510 1327.818 1349.366 1372.693 1397.241 1415.542 1437.072 1459.533 1476.505 1486.307 1497.344 1518.652 1534.903 1555.116 1575.958 1592.116 1618.621 1651.064 1689.803 1727.349 1762.301 1777.979 1790.835 1801.226 1816.974 1836.588 1855.157
1235.971 1208.063 1195.519 1179.689 1164.985 1149.638 1130.596 1113.547 1097.149 1076.588 1061.814 1068.423 1082.211 1093.188 1097.451 1095.159 1092.725 1086.069 1072.650 1064.288 1073.189 1088.436 1102.870 1113.213 1119.770 1125.373 1122.328 1113.572 1108.038 1115.547 1130.292 1143.932 1159.570 1179.567 1199.189 1219.304 1240.261 1260.975 1283.907 1307.493 1331.529 1355.558 1376.776 1395.995 1404.919 1414.247 1418.291 1431.414 1447.231 1464.783 1485.808 1507.928 1534.205 1572.274 1611.326 1649.050 1685.959 1715.004 1733.306 1748.824 1768.266 1788.689 1805.804
1160.578 1132.662 1109.128 1095.002 1087.688 1074.899 1057.654 1045.987 1030.543 1015.860 1018.029 1021.172 1032.101 1033.037 1034.131 1031.653 1030.996 1027.453 1018.148 1026.412 1033.695 1047.964 1058.451 1067.793 1073.736 1077.507 1077.446 1071.279 1074.962 1081.352 1095.096 1106.073 1119.935 1139.533 1155.747 1173.850 1194.581 1215.932 1238.263 1262.076 1287.886 1310.800 1328.345 1335.685 1344.594 1347.995 1339.753 1351.432 1363.941 1375.703 1395.785 1415.970 1439.344 1476.450 1519.430 1564.541 1601.229 1641.443 1665.270 1688.067 1709.661 1733.145 1754.751
1074.252 1046.694 1024.938 1018.212 1008.162 997.837 985.939 973.019 963.360 966.012 964.088 963.149 963.786 966.926 970.042 969.484 968.627 970.257 977.996 982.329 987.795 997.630 1008.685 1019.409 1023.177 1027.278 1030.669 1034.693 1037.136 1040.911 1051.560 1062.889 1075.287 1091.187 1107.932 1125.857 1147.124 1168.938 1192.287 1217.671 1243.600 1263.560 1271.942 1280.860 1283.091 1276.870 1271.202 1276.386 1287.442 1295.816 1313.419 1334.116 1348.760 1388.275 1435.025 1477.020 1512.225 1546.855 1582.828 1609.171 1633.510 1664.120 1690.679
1007.184 983.948 967.952 958.213 948.371 938.374 925.851 917.158 916.605 914.471 912.643 910.993 914.408 918.201 922.673 922.663 923.426 926.246 930.573 936.657 945.833 956.582 968.515 983.191 987.788 992.307 997.843 1000.414 1003.475 1007.430 1018.322 1029.701 1041.482 1057.892 1075.042 1093.398 1115.008 1139.880 1168.715 1194.654 1220.267 1242.441 1251.083 1254.724 1252.680 1246.101 1232.810 1230.736 1240.371 1242.233 1253.375 1272.015 1281.979 1312.699 1354.079 1382.869 1416.952 1453.860 1501.836 1529.518 1560.559 1590.775 1620.674
944.020 927.475 908.948 896.480 886.311 877.395 870.718 869.287 866.719 865.222 864.109 862.461 864.561 868.879 872.977 875.224 878.039 881.595 887.928 896.900 905.269 917.059 931.627 946.560 953.032 958.439 964.134 968.190 972.282 975.935 985.804 997.241 1007.822 1024.690 1042.815 1061.464 1086.596 1115.667 1145.178 1170.675 1195.577 1220.526 1223.849 1224.899 1224.194 1210.033 1194.808 1188.125 1190.097 1190.807 1195.828 1206.716 1217.656 1241.133 1266.353 1294.403 1329.426 1375.701 1420.730 1452.422 1482.350 1511.743 1537.439
