tests/3D/Borden05m_nopit_001/output_maps/psiliqL0029N0007.asc
ncols         160
nrows         34
xllcorner     620200.000000
yllcorner     5168000.000000
cellsize      0.500000
NODATA_value  -9999.0
[rows 0 to 27 of 34, columns 62 to 123 of 160]
-9999.000 -9999.000 -9999.000 -9999.000 -9999.000 -9999.000 -9999.000 -9999.000 -9999.000 -9999.000 -9999.000 -9999.000 -9999.000 -9999.000 -9999.000 -9999.000 -9999.000 -9999.000 -9999.000 -9999.000 -9999.000 -9999.000 -9999.000 -9999.000 -9999.000 -9999.000 -9999.000 -9999.000 -9999.000 -9999.000 -9999.000 -9999.000 -9999.000 -9999.000 -9999.000 -9999.000 -9999.000 -9999.000 -9999.000 -9999.000 -9999.000 -9999.000 -9999.000 -9999.000 -9999.000 -9999.000 -9999.000 -9999.000 -9999.000 -9999.000 -9999.000 -9999.000 -9999.000 -9999.000 -9999.000 -9999.000 -9999.000 -9999.000 -9999.000 -9999.000 -9999.000 -9999.000
3983.002 3974.585 3965.261 3957.534 3953.308 3952.089 3951.234 3950.535 3955.285 3963.318 3970.885 3977.653 3980.026 3982.310 3984.035 3984.169 3983.011 3979.731 3976.330 3972.904 3971.128 3963.920 3952.837 3944.632 3941.949 3946.057 3950.357 3952.797 3957.801 3968.081 3978.610 3987.179 3999.878 4007.148 4012.518 4014.987 4010.995 4007.758 4003.720 3997.314 3986.189 -9999.000 -9999.000 -9999.000 -9999.000 -9999.000 -9999.000 -9999.000 -9999.000 -9999.000 -9999.000 -9999.000 -9999.000 -9999.000 -9999.000 -9999.000 -9999.000 -9999.000 -9999.000 -9999.000 -9999.000 -9999.000
3963.197 3959.090 3950.632 3945.539 3940.024 3937.170 3937.130 3936.925 3940.431 3951.274 3958.966 3963.417 3966.024 3968.868 3966.941 3966.046 3965.786 3962.827 3959.275 3955.845 3953.934 3955.601 3947.984 3941.850 3937.825 3934.553 3937.333 3940.082 3944.930 3953.999 3961.819 3969.726 3985.086 3998.428 4004.210 4001.639 3997.127 3993.288 3985.686 3974.748 3964.828 3957.124 3951.237 3945.916 3939.325 3945.843 3954.015 3963.207 3971.734 3983.830 3996.135 -9999.000 -9999.000 -9999.000 -9999.000 -9999.000 -9999.000 -9999.000 -9999.000 -9999.000 -9999.000 -9999.000
3943.120 3946.814 3943.627 3938.740 3930.263 3940.602 3941.484 3942.017 3945.104 3946.619 3952.130 3954.392 3959.644 3968.542 3971.302 3971.643 3971.595 3969.504 3966.148 3964.079 3961.208 3955.856 3953.853 3953.321 3951.769 3955.632 3957.147 3960.323 3955.099 3959.713 3965.965 3972.951 3978.219 3984.224 3986.398 3983.088 3984.012 3975.678 3962.070 3952.524 3945.325 3946.091 3943.229 3935.316 3921.386 3930.009 3946.291 3951.152 3953.587 3964.567 3976.927 3987.642 3991.198 3990.981 3990.710 3987.775 3973.996 3959.331 3944.183 3925.524 -9999.000 -9999.000
3951.724 3949.757 3946.050 3941.069 3950.954 3958.944 3960.171 3962.412 3966.353 3967.465 3956.769 3954.750 3961.705 3971.123 3976.048 3976.144 3975.633 3971.494 3970.224 3969.988 3968.220 3967.350 3968.655 3965.622 3968.144 3973.553 3976.953 3972.328 3964.075 3966.643 3975.253 3984.597 3992.234 4002.270 4012.897 4013.466 4009.192 4000.787 3988.587 3966.356 3949.320 3938.341 3930.163 3922.904 3926.618 3921.562 3936.023 3937.886 3940.617 3947.777 3958.188 3969.038 3975.415 3974.751 3973.984 3971.524 3961.952 3947.221 3932.386 3914.644 3887.891 3858.989
3950.355 3949.080 3948.903 3956.710 3968.009 3978.421 3980.196 3981.787 3980.245 3973.032 3962.646 3960.178 3973.020 3989.816 3997.525 3996.712 3991.476 3993.640 3994.090 3995.103 3992.093 3992.482 3989.132 3993.482 4001.177 4009.352 4008.092 3995.595 3983.027 3983.293 3989.380 3997.187 4005.071 4015.175 4024.117 4019.343 4014.620 4007.826 3982.863 3961.236 3947.505 3947.855 3948.757 3944.444 3942.710 3942.392 3939.006 3939.425 3938.629 3938.498 3950.869 3964.399 3968.040 3961.276 3957.205 3954.988 3947.330 3935.759 3919.874 3902.836 3883.017 3855.037
3978.311 3978.086 3983.393 3993.150 4004.796 4025.988 4024.670 4024.472 4022.183 4008.852 3995.398 3985.696 4008.779 4020.013 4026.808 4023.197 4027.177 4035.524 4032.185 4026.304 4013.813 4019.261 4024.491 4039.682 4047.919 4053.557 4048.184 4033.606 4026.578 4028.805 4036.276 4038.303 4047.914 4056.291 4071.138 4069.549 4067.494 4048.109 4010.936 3982.674 3971.791 3984.455 3978.996 3972.607 3973.293 3962.874 3956.518 3959.647 3951.937 3947.663 3960.590 3967.774 3969.146 3961.100 3966.192 3959.686 3938.489 3922.122 3907.889 3893.689 3876.196 3870.579
3981.837 3985.290 3995.564 4012.831 4029.781 4048.916 4045.469 4036.709 4046.442 4039.364 4028.184 4020.854 4044.744 4054.427 4064.355 4069.188 4081.876 4092.104 4073.975 4055.724 4044.096 4051.585 4078.638 4102.338 4107.118 4105.689 4104.331 4087.505 4083.054 4080.387 4081.993 4080.067 4078.659 4105.643 4128.320 4128.321 4106.999 4084.329 4043.653 4005.588 3982.802 3998.712 3994.992 3999.100 3989.935 3978.898 3973.742 3972.739 3966.699 3958.194 3968.187 3972.674 3980.315 3987.059 3992.589 3976.147 3958.680 3939.680 3922.315 3908.457 3901.848 3895.494
4030.588 4044.520 4052.992 4072.415 4088.131 4112.858 4123.071 4132.682 4136.689 4130.008 4121.591 4109.857 4116.869 4142.498 4154.162 4162.042 4169.978 4182.758 4181.965 4174.043 4171.906 4176.600 4191.667 4207.510 4214.330 4216.877 4218.815 4203.309 4189.710 4188.688 4183.941 4183.929 4183.482 4196.958 4219.655 4216.007 4176.737 4149.596 4113.428 4074.273 4044.957 4041.055 4062.813 4062.401 4046.318 4037.604 4013.378 4010.595 4002.489 3980.656 3981.688 3983.976 3993.070 4009.510 3997.710 3981.582 3964.865 3945.754 3929.761 3922.691 3921.148 3918.273
4147.773 4156.660 4159.593 4165.953 4198.674 4232.580 4256.920 4279.636 4286.659 4273.942 4264.193 4250.306 4241.679 4254.466 4272.566 4290.616 4305.483 4316.924 4318.666 4317.003 4317.026 4320.450 4323.500 4328.190 4337.311 4345.118 4353.502 4360.840 4349.238 4332.092 4323.477 4315.492 4315.616 4317.590 4322.659 4323.848 4304.653 4259.640 4226.792 4194.132 4176.239 4164.386 4166.949 4148.572 4123.277 4069.976 4032.789 4001.822 3984.768 3963.994 3974.614 3991.629 4037.911 4044.345 4032.550 4018.265 3995.548 3973.511 3954.571 3952.002 3951.152 3947.510
4276.229 4279.689 4281.595 4283.473 4311.692 4354.857 4395.330 4427.380 4426.406 4411.617 4400.067 4391.291 4375.954 4371.901 4385.890 4402.551 4424.090 4434.372 4439.620 4435.651 4435.837 4438.029 4440.494 4442.766 4446.894 4457.319 4473.359 4488.805 4487.424 4466.868 4448.513 4432.685 4431.303 4429.636 4424.776 4427.549 4429.553 4411.162 4377.779 4336.315 4295.797 4280.948 4266.780 4255.915 4238.178 4193.229 4121.944 4079.636 4040.541 4014.668 4020.989 4096.163 4120.491 4110.010 4100.599 4079.972 4051.795 4029.732 4009.344 4009.268 4006.294 3999.416
4397.762 4404.940 4406.961 4411.669 4428.525 4463.389 4501.143 4532.081 4547.258 4538.425 4518.955 4495.303 4484.192 4480.835 4484.953 4495.380 4509.715 4530.534 4551.121 4557.060 4557.999 4555.240 4557.799 4559.519 4559.668 4563.156 4572.799 4583.553 4587.174 4578.467 4555.776 4531.102 4520.375 4514.306 4511.059 4512.760 4518.850 4522.898 4506.901 4468.801 4421.803 4392.093 4378.184 4365.694 4350.946 4337.548 4300.318 4277.855 4239.182 4188.960 4162.155 4209.877 4202.630 4192.767 4170.273 4138.053 4104.517 4074.810 4051.368 4046.182 4044.175 4044.798
4516.536 4521.487 4528.321 4543.504 4568.404 4589.249 4613.904 4642.407 4659.988 4665.207 4662.960 4658.033 4659.060 4659.481 4584.741 4592.075 4599.402 4619.734 4637.558 4644.104 4644.863 4641.836 4643.924 4644.834 4644.653 4644.271 4647.350 4653.388 4655.695 4652.841 4638.224 4661.328 4640.176 4626.086 4617.532 4608.989 4600.675 4591.093 4580.880 4559.268 4526.633 4491.289 4470.878 4463.511 4457.094 4447.609 4441.362 4423.244 4399.433 4362.227 4321.218 4302.459 4302.110 4285.784 4249.449 4217.034 4193.114 4156.755 4127.738 4113.467 4114.292 4108.442
4638.688 4643.471 4658.137 4676.034 4656.542 4666.454 4676.712 4686.905 4690.405 4691.407 4690.945 4688.483 4687.559 4684.877 4681.748 4670.923 4672.572 4674.670 4677.338 4681.155 4680.117 4681.294 4684.271 4682.416 4676.163 4671.906 4670.324 4671.501 4679.067 4682.688 4683.706 4679.559 4678.531 4677.341 4673.281 4668.212 4661.067 4651.927 4670.456 4657.567 4627.638 4584.571 4540.813 4534.618 4537.883 4537.289 4535.830 4529.985 4512.070 4483.717 4444.787 4405.173 4400.358 4385.693 4364.955 4347.345 4327.117 4286.080 4249.547 4228.305 4219.692 4197.320
4686.789 4689.784 4693.607 4690.664 4687.776 4682.787 4681.096 4679.700 4677.219 4677.833 4675.942 4671.789 4667.536 4659.021 4647.106 4635.921 4632.000 4636.218 4642.054 4647.499 4652.378 4656.253 4655.912 4650.165 4641.477 4633.711 4632.121 4639.174 4645.017 4651.997 4652.949 4651.541 4648.872 4648.466 4644.902 4645.015 4652.346 4667.710 4669.493 4676.527 4675.515 4655.640 4619.657 4637.140 4616.765 4623.426 4618.610 4606.976 4585.047 4559.956 4527.343 4495.333 4477.475 4470.149 4463.968 4456.632 4441.171 4400.120 4365.107 4336.806 4318.021 4292.645
4672.419 4679.555 4680.528 4673.376 4664.598 4657.171 4649.424 4646.936 4646.547 4646.382 4646.980 4641.614 4631.716 4614.005 4602.313 4591.208 4585.241 4580.819 4583.799 4595.567 4608.651 4613.856 4603.678 4594.823 4582.534 4574.391 4574.900 4575.558 4585.301 4603.211 4611.774 4612.631 4605.705 4598.563 4591.650 4588.262 4594.662 4610.271 4627.746 4644.190 4653.790 4661.747 4669.160 4665.895 4669.141 4670.910 4668.331 4672.636 4653.766 4628.395 4597.523 4571.082 4544.644 4541.637 4542.351 4538.965 4536.894 4502.244 4464.806 4430.204 4403.857 4377.236
4644.479 4646.070 4641.645 4635.256 4625.172 4613.944 4604.098 4595.914 4596.952 4599.332 4601.181 4593.506 4577.669 4559.502 4545.842 4531.847 4527.861 4521.578 4512.779 4522.791 4543.461 4551.253 4534.251 4522.968 4507.354 4500.965 4496.657 4497.217 4506.065 4529.568 4555.364 4557.788 4546.436 4535.138 4530.486 4527.152 4531.345 4547.893 4569.290 4586.057 4596.963 4602.339 4610.154 4619.637 4634.697 4650.185 4663.071 4666.617 4676.900 4671.757 4656.284 4650.588 4624.843 4610.071 4602.892 4599.280 4592.860 4568.067 4537.760 4509.716 4483.262 4459.380
4607.552 4603.111 4596.841 4589.666 4566.857 4554.133 4540.722 4525.218 4521.044 4515.557 4516.361 4504.610 4497.196 4481.193 4465.736 4449.996 4435.661 4429.901 4422.892 4419.381 4432.294 4440.571 4432.189 4422.643 4412.622 4408.591 4405.213 4407.907 4418.479 4437.365 4455.722 4464.727 4457.655 4457.656 4458.537 4456.992 4463.700 4473.642 4491.314 4514.474 4534.608 4544.876 4551.667 4560.779 4575.402 4589.768 4604.435 4622.926 4647.149 4664.031 4674.463 4674.021 4672.739 4663.327 4668.077 4656.988 4644.151 4623.100 4597.287 4569.855 4543.703 4526.484
4565.033 4559.013 4553.433 4528.268 4470.147 4447.858 4428.366 4411.612 4404.386 4395.452 4376.649 4367.990 4364.031 4368.857 4355.235 4337.612 4319.365 4314.513 4311.133 4291.147 4283.659 4283.398 4303.456 4297.799 4297.959 4301.151 4298.838 4299.585 4312.152 4318.669 4322.786 4329.874 4336.781 4348.723 4357.629 4370.051 4387.886 4398.243 4413.123 4433.385 4459.937 4476.315 4485.985 4496.360 4511.707 4527.895 4545.900 4568.496 4595.286 4612.196 4623.697 4635.838 4649.933 4665.802 4670.570 4680.392 4678.466 4674.983 4649.857 4619.280 4598.635 4581.286
4496.775 4494.848 4483.821 4424.517 4383.955 4349.402 4332.282 4307.929 4293.505 4275.313 4232.959 4214.408 4215.607 4233.519 4231.890 4217.077 4205.832 4195.984 4185.747 4166.480 4144.575 4151.104 4171.624 4174.328 4179.318 4188.457 4188.383 4180.658 4175.378 4186.750 4191.483 4203.256 4223.080 4228.372 4247.370 4283.759 4296.539 4311.703 4329.708 4349.809 4371.844 4395.254 4409.647 4425.075 4443.473 4460.143 4480.368 4502.752 4532.732 4554.914 4569.569 4580.374 4591.099 4606.687 4628.303 4648.854 4668.445 4678.241 4680.198 4665.347 4648.929 4628.811
4389.111 4382.984 4350.628 4296.137 4261.747 4240.128 4218.270 4195.429 4169.917 4129.135 4093.213 4070.795 4089.854 4102.420 4117.533 4106.963 4096.832 4087.423 4068.008 4050.682 4032.681 4044.547 4053.297 4075.838 4083.897 4087.968 4095.006 4093.482 4080.642 4072.176 4080.022 4089.795 4102.354 4126.634 4164.282 4189.243 4207.889 4228.344 4246.541 4267.405 4289.994 4313.056 4330.198 4348.320 4366.425 4387.084 4405.514 4427.580 4455.453 4482.243 4498.705 4514.483 4528.086 4547.779 4572.234 4595.971 4622.400 4645.122 4659.887 4673.704 4677.272 4671.135
4264.249 4239.283 4188.035 4146.414 4129.970 4120.357 4097.591 4077.507 4047.830 4013.038 3993.004 3972.407 3984.172 3995.799 4019.001 4011.442 4006.192 4004.381 3988.954 3975.953 3958.894 3964.847 3977.849 4003.537 4010.241 4014.688 4024.969 4024.353 4018.953 3998.437 4004.497 4015.395 4030.404 4062.672 4084.600 4106.519 4128.351 4147.301 4168.356 4189.880 4212.299 4238.715 4258.041 4276.714 4297.894 4316.345 4329.097 4343.494 4366.515 4387.129 4408.943 4432.132 4446.956 4472.038 4503.546 4535.697 4571.692 4597.769 4613.820 4626.545 4638.769 4659.843
4108.486 4051.487 4016.159 4000.584 4005.079 3995.309 3977.170 3959.716 3941.662 3921.717 3904.788 3879.888 3886.350 3903.794 3922.337 3926.413 3929.245 3928.668 3920.301 3907.112 3893.590 3897.467 3915.340 3933.825 3944.876 3953.026 3960.847 3960.373 3949.745 3938.941 3943.158 3958.693 3974.492 3990.515 4010.088 4029.981 4049.782 4071.630 4093.382 4115.367 4139.320 4165.455 4186.488 4209.493 4233.150 4248.108 4255.087 4260.226 4277.689 4292.543 4314.026 4336.902 4355.331 4382.422 4417.780 4460.667 4501.932 4544.737 4564.297 4578.449 4589.010 4605.001
3994.254 3961.654 3934.561 3932.078 3918.955 3908.447 3896.488 3877.644 3863.464 3851.175 3831.147 3824.607 3833.242 3847.388 3854.961 3863.643 3862.321 3860.682 3856.085 3842.348 3840.413 3851.077 3866.254 3879.549 3891.605 3898.523 3903.200 3899.874 3890.141 3887.941 3895.844 3910.912 3923.403 3936.599 3956.037 3974.587 3994.959 4016.152 4036.772 4059.839 4083.638 4108.495 4134.933 4155.863 4172.273 4179.078 4186.680 4182.659 4190.818 4205.014 4220.121 4241.671 4265.830 4290.217 4329.494 4371.142 4412.337 4454.012 4493.053 4514.468 4532.693 4553.018
3937.632 3909.336 3882.238 3857.711 3848.553 3845.153 3834.606 3819.966 3810.971 3797.189 3790.874 3800.042 3801.350 3808.811 3806.316 3807.883 3806.127 3806.127 3805.049 3800.845 3814.621 3820.831 3833.740 3843.424 3853.160 3858.642 3861.818 3863.187 3859.511 3865.884 3871.108 3883.854 3894.038 3906.062 3924.555 3939.954 3957.191 3977.805 3999.121 4021.160 4045.141 4071.577 4094.439 4109.864 4114.047 4121.016 4119.321 4104.732 4113.038 4123.217 4130.940 4150.199 4169.658 4187.542 4224.728 4270.589 4320.522 4359.008 4407.056 4437.217 4463.693 4486.339
3859.641 3831.522 3805.259 3787.429 3785.242 3775.298 3766.513 3756.725 3744.551 3740.507 3749.575 3747.967 3745.283 3742.622 3745.802 3750.047 3750.280 3749.813 3753.752 3766.250 3770.854 3776.250 3784.639 3795.878 3808.076 3811.470 3815.645 3820.573 3826.902 3829.556 3832.412 3842.002 3853.180 3864.510 3879.212 3895.890 3913.339 3934.442 3956.840 3980.946 4006.394 4033.107 4054.141 4060.758 4068.635 4067.832 4057.938 4049.365 4049.377 4059.252 4062.918 4077.065 4097.626 4103.216 4138.553 4187.032 4227.105 4263.517 4299.206 4346.351 4375.370 4402.424
3802.155 3774.443 3756.080 3743.822 3734.045 3724.159 3714.408 3703.199 3698.464 3701.399 3699.301 3697.729 3695.546 3698.860 3702.925 3707.906 3708.763 3710.478 3713.899 3718.529 3725.607 3735.298 3746.087 3758.602 3774.727 3779.963 3784.698 3790.873 3793.717 3797.066 3800.662 3810.979 3822.328 3833.443 3849.535 3866.731 3884.599 3906.236 3931.489 3961.089 3987.444 4013.672 4038.141 4046.829 4049.272 4046.371 4037.720 4021.478 4016.336 4023.345 4021.661 4028.257 4044.061 4048.478 4068.527 4104.761 4129.474 4163.633 4204.075 4261.113 4292.366 4325.614
3736.810 3719.674 3706.563 3688.826 3675.601 3665.446 3658.203 3655.182 3656.098 3654.358 3653.652 3652.789 3650.678 3651.883 3656.506 3660.615 3663.687 3667.081 3672.220 3679.531 3688.839 3696.741 3708.574 3723.515 3739.321 3747.093 3752.765 3759.125 3763.928 3768.202 3771.440 3780.583 3791.814 3800.875 3817.157 3835.372 3854.657 3879.551 3908.697 3939.073 3965.197 3990.315 4017.602 4020.878 4021.342 4020.538 4004.006 3988.581 3978.909 3978.846 3978.934 3976.600 3984.706 3993.253 4006.946 4024.984 4049.705 4084.061 4132.866 4178.931 4214.884 4244.668
