tests/3D/Borden05m_nopit_001/output_maps/psiliqL0020N0015.asc
ncols         160
nrows         34
xllcorner     620200.000000
yllcorner     5168000.000000
cellsize      0.500000
NODATA_value  -9999.0
[rows 0 to 27 of 34, columns 62 to 123 of 160]
-9999.000 -9999.000 -9999.000 -9999.000 -9999.000 -9999.000 -9999.000 -9999.000 -9999.000 -9999.000 -9999.000 -9999.000 -9999.000 -9999.000 -9999.000 -9999.000 -9999.000 -9999.000 -9999.000 -9999.000 -9999.000 -9999.000 -9999.000 -9999.000 -9999.000 -9999.000 -9999.000 -9999.000 -9999.000 -9999.000 -9999.000 -9999.000 -9999.000 -9999.000 -9999.000 -9999.000 -9999.000 -9999.000 -9999.000 -9999.000 -9999.000 -9999.000 -9999.000 -9999.000 -9999.000 -9999.000 -9999.000 -9999.000 -9999.000 -9999.000 -9999.000 -9999.000 -9999.000 -9999.000 -9999.000 -9999.000 -9999.000 -9999.000 -9999.000 -9999.000 -9999.000 -9999.000
2184.662 2175.865 2166.491 2158.271 2154.065 2152.893 2151.952 2151.308 2156.223 2164.134 2171.647 2178.548 2180.861 2183.154 2185.094 2185.358 2184.101 2180.798 2177.416 2173.970 2172.309 2164.586 2153.319 2144.763 2142.029 2146.306 2150.704 2153.190 2158.695 2169.263 2179.993 2188.604 2200.918 2207.458 2212.795 2215.680 2211.782 2208.536 2204.782 2199.237 2188.241 -9999.000 -9999.000 -9999.000 -9999.000 -9999.000 -9999.000 -9999.000 -9999.000 -9999.000 -9999.000 -9999.000 -9999.000 -9999.000 -9999.000 -9999.000 -9999.000 -9999.000 -9999.000 -9999.000 -9999.000 -9999.000
2164.723 2160.064 2151.355 2146.020 2140.419 2137.974 2137.846 2137.661 2141.386 2151.728 2159.474 2164.005 2166.466 2169.085 2167.994 2167.229 2166.866 2163.892 2160.363 2156.914 2155.029 2155.958 2148.321 2142.522 2138.814 2136.434 2139.066 2141.631 2145.691 2155.042 2163.110 2171.233 2186.083 2199.006 2204.607 2202.224 2197.616 2193.988 2187.083 2176.806 2166.768 2157.914 2151.536 2146.294 2140.420 2146.857 2154.339 2164.089 2173.417 2185.543 2197.810 -9999.000 -9999.000 -9999.000 -9999.000 -9999.000 -9999.000 -9999.000 -9999.000 -9999.000 -9999.000 -9999.000
2144.597 2147.492 2143.940 2139.005 2132.293 2141.387 2142.302 2143.002 2146.047 2148.312 2152.353 2154.776 2159.976 2168.812 2171.436 2171.781 2171.742 2169.714 2166.422 2164.441 2161.581 2156.262 2154.708 2154.572 2153.697 2158.142 2159.639 2162.025 2156.041 2160.123 2166.420 2173.408 2179.490 2185.997 2189.341 2186.247 2186.379 2178.254 2164.783 2154.596 2146.895 2146.337 2143.482 2135.818 2122.802 2130.780 2146.834 2151.713 2154.794 2166.262 2178.628 2189.110 2191.971 2191.720 2191.434 2188.679 2174.900 2160.256 2145.307 2126.696 -9999.000 -9999.000
2151.800 2149.824 2146.263 2142.689 2153.733 2162.208 2163.477 2165.861 2169.433 2169.420 2157.930 2155.565 2163.121 2172.895 2178.149 2178.169 2177.769 2174.687 2173.461 2173.050 2170.958 2170.907 2172.735 2171.289 2174.900 2180.382 2183.487 2177.136 2168.486 2170.171 2178.393 2187.168 2194.752 2205.278 2216.478 2216.386 2211.657 2203.266 2190.681 2168.171 2150.103 2139.517 2132.226 2125.295 2127.196 2123.544 2136.439 2138.402 2140.806 2148.693 2159.130 2169.699 2175.855 2175.315 2174.704 2172.310 2162.829 2148.139 2133.380 2116.192 2090.094 2061.447
2152.212 2151.435 2152.689 2162.683 2174.890 2187.119 2189.039 2190.843 2189.691 2181.278 2170.861 2167.522 2181.244 2197.465 2205.273 2205.086 2202.228 2206.881 2206.156 2205.496 2201.321 2202.521 2201.768 2209.104 2216.623 2224.090 2222.517 2210.381 2198.574 2197.936 2202.263 2207.636 2214.723 2225.079 2234.699 2230.091 2224.434 2216.350 2189.948 2165.858 2150.968 2151.733 2152.673 2148.469 2146.335 2144.746 2139.694 2139.915 2139.369 2139.204 2151.504 2164.533 2168.150 2161.747 2157.935 2155.752 2147.666 2136.422 2120.869 2103.937 2084.606 2056.544
2185.320 2186.503 2192.873 2203.884 2218.180 2240.293 2240.796 2242.078 2242.323 2230.039 2217.134 2206.489 2226.316 2236.714 2244.305 2243.489 2250.540 2259.520 2255.350 2248.168 2236.871 2242.646 2251.417 2266.324 2273.562 2278.083 2275.083 2262.600 2256.419 2256.635 2261.201 2260.849 2267.724 2277.370 2292.588 2292.022 2286.584 2266.162 2230.007 2199.188 2183.719 2193.038 2187.459 2181.492 2180.275 2168.460 2160.090 2161.933 2153.603 2148.607 2160.981 2167.753 2169.390 2162.171 2167.474 2160.470 2140.663 2123.905 2109.087 2094.788 2078.399 2072.011
2204.533 2209.729 2219.238 2236.730 2256.218 2277.214 2279.764 2277.257 2286.452 2279.510 2269.244 2261.257 2277.571 2288.304 2298.930 2306.246 2318.622 2329.313 2315.952 2301.227 2293.205 2299.206 2321.754 2341.471 2346.261 2346.300 2347.309 2335.094 2329.540 2324.720 2322.623 2318.697 2316.018 2338.140 2357.537 2357.087 2335.441 2312.940 2275.939 2239.262 2212.306 2219.810 2217.615 2219.699 2208.178 2195.559 2184.855 2179.791 2172.713 2161.589 2169.402 2174.524 2183.516 2191.638 2194.658 2178.242 2160.820 2141.679 2123.677 2109.590 2103.764 2097.918
2276.977 2289.395 2296.312 2312.520 2332.069 2359.747 2375.388 2389.624 2393.305 2385.397 2376.538 2363.927 2365.597 2385.944 2397.426 2406.555 2415.781 2428.073 2430.704 2425.754 2424.468 2428.150 2438.435 2450.110 2456.686 2460.746 2464.701 2456.054 2444.576 2440.636 2433.824 2430.224 2428.869 2436.427 2452.817 2450.632 2419.786 2393.802 2361.280 2324.755 2295.712 2285.457 2299.380 2294.140 2278.102 2264.537 2235.591 2226.237 2214.779 2189.714 2188.486 2194.480 2205.853 2218.700 2205.220 2188.993 2171.416 2151.633 2133.843 2126.935 2125.450 2122.457
2394.406 2401.587 2404.912 2411.304 2442.875 2476.265 2502.419 2525.148 2532.515 2520.936 2511.054 2498.205 2489.030 2496.653 2512.269 2529.162 2544.162 2555.250 2557.968 2556.533 2556.650 2559.153 2562.049 2565.639 2572.893 2580.240 2589.437 2598.787 2590.582 2573.913 2563.431 2552.491 2550.016 2550.368 2551.989 2552.945 2540.989 2504.767 2475.600 2444.652 2421.984 2406.367 2401.030 2383.442 2361.232 2313.860 2276.679 2245.178 2223.916 2200.301 2204.684 2225.506 2263.660 2263.798 2252.167 2236.560 2212.977 2189.800 2168.147 2163.557 2161.709 2157.167
2517.640 2521.769 2524.877 2529.056 2553.252 2592.103 2629.636 2659.519 2660.842 2648.878 2637.864 2628.109 2615.372 2611.610 2621.896 2635.188 2653.377 2664.106 2671.694 2669.543 2669.826 2670.969 2673.116 2675.048 2677.868 2686.251 2699.773 2712.750 2712.778 2696.504 2679.177 2662.801 2658.462 2654.695 2649.686 2651.368 2653.109 2641.605 2613.888 2576.840 2536.639 2516.646 2499.881 2489.043 2473.651 2441.130 2383.021 2349.096 2314.074 2285.264 2278.536 2335.461 2347.022 2336.548 2324.395 2302.154 2275.116 2251.488 2228.531 2224.120 2220.002 2212.681
2632.710 2639.426 2643.309 2650.519 2666.613 2694.481 2726.433 2754.268 2770.104 2763.927 2748.311 2728.318 2720.510 2718.279 2721.119 2729.252 2739.882 2757.468 2775.172 2780.718 2781.521 2778.948 2781.179 2782.516 2782.587 2784.661 2791.480 2800.085 2803.101 2796.697 2778.033 2756.262 2743.836 2736.626 2732.946 2732.861 2736.574 2738.526 2725.530 2693.622 2652.960 2622.480 2605.242 2591.930 2578.967 2568.049 2542.183 2523.606 2490.959 2446.260 2416.274 2439.571 2431.532 2421.071 2398.095 2368.103 2339.121 2308.662 2282.157 2270.907 2266.661 2264.071
2743.071 2747.547 2755.622 2770.547 2791.630 2808.164 2827.975 2851.940 2866.380 2871.695 2870.835 2867.971 2869.407 2869.670 2822.451 2827.315 2832.141 2845.004 2857.239 2861.545 2862.024 2860.109 2861.609 2862.184 2862.178 2861.817 2863.142 2866.960 2868.417 2866.609 2856.587 2868.422 2849.856 2837.200 2829.427 2821.561 2813.369 2804.126 2794.659 2776.722 2748.239 2715.178 2692.057 2683.296 2677.615 2670.570 2665.627 2650.163 2628.880 2596.715 2558.696 2533.070 2528.469 2512.795 2481.748 2455.053 2435.438 2400.754 2369.944 2351.176 2347.257 2336.142
2848.816 2853.326 2866.296 2881.289 2869.824 2876.095 2882.585 2889.033 2891.248 2891.882 2891.589 2889.286 2888.701 2886.622 2882.692 2872.698 2874.256 2876.009 2878.567 2882.193 2880.996 2882.019 2884.945 2883.304 2877.531 2873.687 2872.119 2872.880 2880.143 2883.456 2884.332 2881.968 2881.148 2880.389 2877.813 2874.598 2870.068 2864.275 2874.254 2863.261 2837.678 2801.122 2763.325 2753.606 2753.320 2753.837 2752.148 2746.810 2729.502 2703.002 2667.054 2629.688 2619.858 2606.538 2590.791 2576.897 2559.838 2521.935 2485.896 2461.686 2448.529 2424.706
2889.709 2892.273 2894.508 2891.411 2888.247 2883.497 2882.096 2880.802 2878.420 2879.073 2877.193 2873.247 2869.487 2862.252 2851.144 2839.979 2836.884 2841.305 2846.649 2851.427 2855.321 2858.852 2859.315 2854.201 2846.102 2838.829 2837.079 2843.733 2849.351 2855.289 2856.063 2854.683 2852.412 2852.362 2849.454 2849.774 2856.514 2870.477 2874.420 2878.854 2878.196 2865.601 2842.812 2846.512 2827.081 2832.196 2827.821 2816.763 2796.132 2772.709 2742.920 2713.777 2693.395 2685.985 2680.666 2674.177 2662.062 2625.477 2591.840 2562.414 2541.082 2515.801
2874.106 2881.052 2882.244 2875.335 2867.034 2860.080 2853.088 2850.945 2850.170 2849.819 2850.212 2845.028 2836.500 2820.416 2809.007 2798.007 2792.112 2789.163 2793.252 2803.823 2814.822 2819.653 2811.512 2803.566 2792.359 2784.380 2784.748 2786.275 2795.470 2810.930 2817.130 2817.825 2811.925 2806.258 2799.900 2797.212 2803.649 2818.526 2834.350 2848.859 2857.385 2864.762 2871.447 2871.986 2874.005 2875.085 2873.409 2874.612 2858.115 2835.824 2809.481 2785.124 2759.561 2754.766 2754.028 2750.382 2748.297 2717.780 2682.664 2649.300 2622.321 2596.195
2847.495 2849.931 2846.305 2839.989 2830.174 2819.489 2810.057 2803.259 2804.308 2806.678 2808.141 2801.427 2786.764 2769.499 2756.324 2742.698 2738.887 2733.552 2727.438 2737.706 2756.208 2763.054 2748.186 2737.839 2723.207 2716.378 2712.787 2713.845 2722.856 2744.015 2765.877 2767.491 2757.023 2746.647 2741.767 2738.642 2743.738 2760.593 2780.540 2795.653 2805.379 2810.572 2818.229 2827.407 2840.543 2854.362 2865.865 2871.903 2878.478 2875.153 2865.283 2855.900 2833.529 2819.779 2811.488 2806.989 2799.717 2777.233 2749.151 2722.365 2696.127 2673.326
2811.930 2808.760 2802.997 2796.301 2778.664 2766.798 2754.743 2740.809 2737.477 2733.782 2735.389 2724.391 2715.818 2698.901 2683.883 2668.602 2656.715 2651.139 2644.940 2645.698 2659.910 2668.550 2657.619 2647.780 2636.355 2631.224 2627.895 2630.078 2640.315 2660.673 2678.880 2686.468 2678.711 2675.619 2674.383 2672.647 2678.264 2689.996 2708.082 2729.222 2746.387 2755.566 2762.362 2771.517 2785.487 2799.065 2812.767 2829.874 2851.141 2866.230 2875.644 2877.325 2876.401 2870.318 2870.393 2860.199 2848.520 2829.784 2805.660 2779.027 2753.184 2735.965
2771.582 2765.760 2760.294 2741.129 2690.400 2671.232 2653.406 2638.233 2632.507 2625.063 2612.722 2604.346 2599.431 2598.388 2584.245 2567.207 2550.494 2545.734 2542.137 2528.280 2527.428 2529.026 2540.470 2533.972 2530.961 2531.263 2528.795 2530.738 2543.660 2552.782 2559.813 2566.019 2568.010 2576.590 2583.333 2590.477 2606.356 2617.497 2632.924 2652.861 2676.845 2690.701 2699.581 2709.586 2724.370 2740.093 2757.055 2778.754 2803.478 2819.080 2829.738 2841.198 2853.909 2868.141 2874.686 2881.798 2880.377 2876.026 2853.577 2826.333 2805.887 2788.445
2710.684 2708.617 2699.748 2651.158 2610.733 2578.429 2561.775 2539.708 2527.883 2514.360 2481.496 2466.009 2464.005 2475.524 2470.159 2454.708 2442.432 2433.894 2425.882 2410.302 2395.550 2401.163 2417.212 2416.141 2417.581 2423.949 2422.897 2417.346 2417.566 2430.161 2436.251 2446.420 2461.098 2465.148 2478.014 2507.921 2520.186 2534.321 2552.371 2572.331 2593.663 2614.376 2627.258 2641.384 2659.136 2675.080 2694.763 2716.865 2745.144 2765.072 2778.783 2789.267 2799.773 2814.705 2834.576 2852.637 2869.906 2879.895 2880.850 2871.136 2852.691 2834.294
2614.380 2608.777 2584.531 2535.811 2499.640 2475.041 2454.325 2432.134 2411.479 2379.209 2346.881 2326.655 2339.198 2349.509 2357.586 2345.800 2334.847 2325.550 2309.575 2293.683 2279.359 2289.536 2298.138 2313.077 2318.626 2322.361 2326.855 2325.345 2316.712 2315.088 2322.914 2332.320 2342.996 2360.643 2392.732 2416.232 2432.895 2452.199 2470.238 2490.912 2513.001 2534.115 2549.661 2566.968 2584.718 2604.605 2623.452 2646.127 2673.747 2698.237 2713.260 2727.393 2740.426 2759.043 2781.935 2803.956 2828.065 2848.984 2861.742 2874.338 2879.799 2875.460
2501.461 2484.308 2442.577 2402.209 2377.769 2362.291 2340.093 2319.591 2292.870 2261.396 2239.262 2219.975 2229.802 2239.542 2256.932 2247.642 2239.817 2236.161 2221.497 2208.371 2192.949 2199.811 2211.133 2232.184 2237.398 2241.153 2249.470 2248.398 2244.292 2229.591 2236.498 2246.462 2259.912 2288.611 2310.847 2332.627 2352.852 2371.201 2391.627 2413.043 2435.024 2459.586 2477.685 2495.366 2515.607 2534.046 2548.874 2565.899 2589.673 2610.493 2630.207 2651.153 2665.581 2689.252 2718.625 2747.529 2780.436 2803.681 2818.791 2831.146 2843.218 2862.094
2361.029 2315.994 2283.373 2259.479 2254.109 2241.297 2222.027 2203.696 2185.144 2163.158 2144.212 2120.620 2126.258 2141.507 2157.995 2157.312 2157.145 2155.546 2145.990 2132.819 2119.462 2123.262 2139.649 2157.143 2166.150 2173.340 2180.835 2180.477 2171.627 2161.802 2166.361 2180.555 2195.842 2213.671 2233.823 2253.796 2272.898 2294.013 2315.472 2337.167 2360.707 2385.810 2405.074 2427.115 2449.985 2466.217 2474.987 2483.891 2503.795 2519.512 2540.139 2561.663 2578.584 2605.244 2638.669 2678.825 2717.628 2755.308 2772.287 2785.514 2795.866 2811.592
2240.534 2209.429 2181.812 2172.862 2157.998 2144.793 2130.656 2111.684 2095.660 2080.730 2060.359 2048.525 2055.858 2069.774 2079.535 2085.376 2083.430 2081.280 2075.359 2061.826 2055.760 2065.290 2080.511 2094.538 2105.492 2112.178 2117.448 2114.302 2105.196 2100.851 2108.498 2123.356 2136.583 2151.345 2171.139 2190.373 2210.575 2231.609 2252.282 2275.254 2298.906 2323.222 2348.098 2369.197 2387.394 2395.540 2404.226 2405.362 2416.680 2431.881 2448.518 2469.684 2492.480 2518.023 2556.460 2596.368 2635.254 2673.780 2706.302 2725.615 2741.991 2761.632
2170.656 2142.277 2114.653 2090.765 2078.413 2072.497 2060.509 2044.194 2033.481 2018.631 2006.936 2011.605 2014.092 2023.783 2023.494 2024.756 2022.536 2022.113 2019.450 2011.967 2022.199 2029.099 2042.881 2053.081 2062.563 2068.340 2071.898 2072.346 2067.068 2071.710 2077.682 2091.066 2101.757 2114.960 2134.159 2150.077 2167.866 2188.548 2209.878 2232.096 2255.958 2281.980 2304.861 2321.633 2327.825 2336.020 2337.575 2327.037 2337.478 2349.116 2359.392 2379.131 2399.001 2420.353 2457.418 2501.350 2548.099 2585.335 2628.244 2654.222 2678.212 2700.053
2087.261 2058.991 2031.895 2011.542 2006.437 1996.424 1986.650 1975.505 1962.851 1955.198 1960.141 1958.330 1956.768 1956.227 1959.381 1962.900 1962.625 1961.907 1964.362 1973.800 1978.229 1983.670 1992.988 2004.108 2015.357 2018.991 2023.118 2027.056 2031.902 2034.419 2037.864 2048.132 2059.404 2071.417 2086.885 2103.602 2121.351 2142.553 2164.567 2188.177 2213.573 2239.770 2260.099 2267.834 2276.360 2277.485 2269.926 2263.190 2266.493 2277.087 2283.735 2300.053 2320.643 2331.988 2369.937 2417.224 2458.441 2493.975 2528.872 2568.712 2595.877 2621.042
2023.470 1995.491 1973.995 1959.334 1949.581 1939.724 1929.815 1917.760 1910.481 1911.174 1909.053 1907.316 1905.476 1908.855 1912.745 1917.398 1917.698 1918.801 1921.835 1926.270 1932.709 1942.068 1952.831 1964.972 1980.164 1984.989 1989.584 1995.347 1998.014 2001.176 2005.001 2015.685 2027.051 2038.590 2054.882 2072.044 2090.220 2111.833 2136.833 2165.932 2192.008 2217.828 2240.807 2249.448 2252.641 2250.268 2242.923 2228.547 2225.342 2233.999 2234.548 2244.014 2261.581 2269.496 2296.328 2335.785 2363.022 2397.025 2435.076 2486.155 2514.967 2546.638
1955.394 1935.325 1920.006 1901.761 1889.023 1878.859 1870.541 1865.169 1864.576 1862.304 1861.089 1860.066 1858.252 1860.033 1864.460 1868.561 1871.103 1874.125 1878.246 1884.928 1894.019 1902.221 1914.026 1928.726 1943.970 1950.907 1956.406 1962.338 1966.659 1970.815 1974.318 1983.925 1995.285 2005.320 2021.975 2040.127 2058.998 2084.037 2113.127 2142.938 2168.647 2193.614 2219.383 2222.671 2223.492 2222.728 2207.693 2192.366 2184.579 2185.784 2186.224 2188.565 2198.398 2208.413 2228.317 2250.883 2277.644 2312.317 2359.369 2404.629 2437.687 2467.393
