tests/3D/Borden05m_nopit_001/output_maps/psiliqL0014N0016.asc
ncols         160
nrows         34
xllcorner     620200.000000
yllcorner     5168000.000000
cellsize      0.500000
NODATA_value  -9999.0
[rows 0 to 27 of 34, columns 63 to 125 of 160]
-9999.000 -9999.000 -9999.000 -9999.000 -9999.000 -9999.000 -9999.000 -9999.000 -9999.000 -9999.000 -9999.000 -9999.000 -9999.000 -9999.000 -9999.000 -9999.000 -9999.000 -9999.000 -9999.000 -9999.000 -9999.000 -9999.000 -9999.000 -9999.000 -9999.000 -9999.000 -9999.000 -9999.000 -9999.000 -9999.000 -9999.000 -9999.000 -9999.000 -9999.000 -9999.000 -9999.000 -9999.000 -9999.000 -9999.000 -9999.000 -9999.000 -9999.000 -9999.000 -9999.000 -9999.000 -9999.000 -9999.000 -9999.000 -9999.000 -9999.000 -9999.000 -9999.000 -9999.000 -9999.000 -9999.000 -9999.000 -9999.000 -9999.000 -9999.000 -9999.000 -9999.000 -9999.000 -9999.000
976.718 967.311 958.762 954.570 953.430 952.431 951.823 956.849 964.678 972.155 979.145 981.418 983.718 985.801 986.152 984.828 981.511 978.141 974.682 973.099 965.032 953.645 944.854 942.087 946.477 950.942 953.460 959.300 970.062 980.927 989.569 1001.630 1007.685 1013.004 1016.169 1012.341 1009.093 1005.533 1000.566 989.662 -9999.000 -9999.000 -9999.000 -9999.000 -9999.000 -9999.000 -9999.000 -9999.000 -9999.000 -9999.000 -9999.000 -9999.000 -9999.000 -9999.000 -9999.000 -9999.000 -9999.000 -9999.000 -9999.000 -9999.000 -9999.000 -9999.000 -9999.000
960.713 951.837 946.342 940.683 938.511 938.324 938.152 942.022 952.031 959.813 964.398 966.762 969.230 968.697 968.019 967.588 964.604 961.089 957.628 955.761 956.198 948.549 942.974 939.478 937.694 940.228 942.671 946.209 955.749 963.984 972.252 986.766 999.412 1004.897 1002.642 997.975 994.493 988.058 978.229 968.120 958.512 951.819 946.643 941.261 947.660 954.699 964.838 974.719 986.885 999.140 -9999.000 -9999.000 -9999.000 -9999.000 -9999.000 -9999.000 -9999.000 -9999.000 -9999.000 -9999.000 -9999.000 -9999.000 -9999.000
947.944 944.149 939.181 933.647 941.911 942.847 943.660 946.675 949.442 952.503 955.033 960.198 968.993 971.527 971.873 971.842 969.856 966.607 964.684 961.832 956.536 955.281 955.411 954.987 959.820 961.307 963.168 956.678 960.407 966.736 973.729 980.356 987.200 991.328 988.383 987.991 980.011 966.636 956.030 948.004 946.574 943.735 936.250 923.859 931.423 947.343 952.252 955.784 967.599 979.996 990.363 992.799 992.566 992.311 989.719 975.984 961.398 946.627 928.082 -9999.000 -9999.000 -9999.000 -9999.000
949.869 946.405 943.769 955.586 964.384 965.681 968.160 971.488 970.725 958.704 956.109 964.065 974.078 979.551 979.520 979.194 976.817 975.620 975.094 972.786 973.281 975.458 975.071 979.409 984.941 987.850 980.350 971.436 972.535 980.501 988.897 996.449 1007.305 1018.892 1018.363 1013.335 1004.960 992.125 969.436 950.689 940.376 933.689 926.990 927.698 924.997 936.868 938.917 941.124 949.522 960.005 970.421 976.468 976.049 975.583 973.278 963.905 949.291 934.636 917.877 892.307 863.911 837.788 836.329
953.004 955.213 966.665 979.477 992.918 994.935 996.880 995.989 986.775 976.338 972.418 986.728 1002.565 1010.440 1010.669 1009.398 1015.710 1014.201 1012.426 1007.475 1009.217 1010.195 1019.523 1026.926 1033.922 1032.140 1020.247 1008.950 1007.711 1010.865 1014.619 1021.176 1031.704 1041.781 1037.288 1031.014 1022.075 994.722 968.997 953.344 954.397 955.375 951.257 948.872 946.453 940.309 940.420 940.064 939.903 952.186 964.915 968.554 962.432 958.835 956.721 948.400 937.427 922.154 905.358 886.432 858.394 851.975 843.290
992.115 999.193 1011.040 1027.102 1049.830 1051.547 1053.815 1055.750 1044.165 1031.625 1020.351 1038.008 1047.849 1055.970 1057.019 1066.117 1075.518 1070.795 1062.747 1052.246 1058.239 1069.371 1084.090 1090.663 1094.440 1093.023 1081.938 1076.322 1075.201 1077.832 1075.898 1080.951 1091.446 1106.916 1107.037 1099.349 1078.242 1042.774 1010.258 991.742 998.842 993.196 987.525 985.056 972.328 962.637 963.645 954.925 949.477 961.515 968.047 969.899 963.273 968.762 961.474 942.648 925.686 910.541 896.245 880.669 873.845 864.662 856.810
1026.023 1035.020 1052.663 1073.844 1096.080 1102.628 1104.289 1113.126 1106.274 1096.618 1088.192 1099.457 1110.890 1121.982 1130.952 1143.120 1154.121 1143.938 1131.565 1125.947 1130.957 1150.501 1167.564 1172.362 1173.380 1175.969 1166.829 1160.541 1154.289 1149.724 1144.469 1140.945 1159.830 1177.044 1176.300 1154.442 1132.061 1097.518 1061.776 1032.050 1033.961 1032.797 1033.547 1020.473 1006.818 992.437 984.690 976.947 964.108 970.500 976.083 986.015 995.101 996.496 980.149 962.814 943.640 925.281 911.113 905.887 900.463 890.693 884.084
1119.312 1125.193 1139.257 1161.361 1191.006 1210.266 1227.585 1231.049 1222.323 1213.169 1199.975 1198.083 1214.909 1226.270 1236.232 1246.319 1258.284 1263.199 1260.231 1259.512 1262.520 1269.617 1278.514 1284.929 1290.000 1295.299 1291.226 1281.164 1275.280 1267.095 1261.106 1259.148 1262.766 1274.955 1273.751 1248.527 1223.322 1193.239 1158.476 1129.627 1115.150 1123.863 1115.420 1099.430 1082.653 1050.583 1036.873 1023.210 996.023 993.323 1001.829 1014.765 1025.263 1010.714 994.479 976.389 956.224 937.308 930.585 929.222 926.236 920.173 917.524
1231.538 1235.124 1241.539 1272.343 1305.388 1332.753 1355.489 1363.086 1352.265 1342.295 1330.138 1320.597 1324.778 1338.739 1354.860 1369.949 1380.802 1384.171 1382.889 1383.069 1384.959 1387.752 1390.610 1396.620 1403.662 1413.402 1424.095 1418.155 1401.807 1390.083 1377.176 1372.972 1372.246 1371.575 1372.380 1365.257 1334.903 1308.200 1278.403 1252.562 1234.450 1223.860 1206.816 1186.682 1143.284 1106.132 1074.304 1050.268 1024.793 1025.056 1048.458 1081.240 1077.232 1065.767 1049.341 1025.246 1001.382 977.998 972.144 969.719 964.671 958.282 952.941
1349.822 1353.733 1359.445 1380.960 1416.934 1452.507 1480.945 1483.800 1473.719 1463.062 1452.655 1441.651 1438.083 1445.902 1456.947 1472.903 1483.931 1493.079 1492.140 1492.487 1492.933 1494.867 1496.574 1498.523 1505.546 1517.390 1528.723 1529.692 1516.276 1499.636 1482.898 1476.592 1471.429 1466.326 1467.286 1468.859 1461.954 1438.024 1403.931 1363.953 1340.545 1322.065 1311.261 1297.454 1273.241 1223.943 1195.637 1163.363 1132.633 1117.247 1162.052 1165.152 1154.738 1140.818 1117.567 1091.361 1066.769 1042.185 1034.975 1030.193 1022.680 1016.682 1008.617
1462.418 1467.542 1476.420 1492.006 1515.210 1543.294 1569.060 1585.334 1580.930 1567.882 1550.329 1544.723 1543.243 1545.232 1551.834 1559.994 1575.426 1591.208 1596.492 1597.205 1594.757 1596.771 1597.853 1597.873 1599.005 1603.942 1611.116 1613.731 1608.865 1592.888 1573.056 1559.501 1551.535 1547.571 1546.303 1548.437 1549.001 1538.014 1510.245 1473.820 1442.842 1423.402 1409.560 1397.810 1388.571 1370.309 1354.353 1325.760 1284.782 1252.720 1259.784 1251.271 1240.472 1217.241 1188.807 1162.939 1132.067 1103.613 1088.422 1082.791 1078.174 1071.581 1060.849
1564.921 1573.822 1588.575 1607.114 1620.774 1637.356 1658.296 1670.642 1676.021 1676.086 1674.598 1676.306 1676.463 1647.593 1650.810 1653.969 1661.852 1670.361 1673.175 1673.468 1672.294 1673.403 1673.755 1673.867 1673.522 1673.680 1676.019 1676.912 1675.803 1668.846 1673.173 1656.335 1644.640 1637.393 1629.984 1621.880 1612.872 1603.913 1588.437 1562.736 1531.212 1506.303 1496.632 1491.465 1486.072 1482.029 1468.367 1448.808 1420.046 1384.070 1353.918 1346.542 1331.367 1303.917 1281.116 1264.456 1230.986 1199.084 1177.430 1170.469 1155.973 1139.900 1125.657
1659.897 1671.737 1684.793 1678.679 1682.523 1686.501 1690.453 1691.810 1692.198 1692.019 1689.822 1689.463 1687.786 1683.322 1673.883 1675.380 1676.903 1679.388 1682.888 1681.585 1682.506 1685.398 1683.901 1678.450 1674.882 1673.324 1673.810 1680.874 1683.984 1684.767 1683.596 1682.918 1682.451 1680.871 1678.899 1676.120 1672.567 1676.857 1667.139 1644.468 1612.269 1578.464 1566.416 1563.787 1565.071 1563.261 1558.295 1541.433 1516.214 1482.304 1446.494 1433.385 1421.030 1408.688 1397.357 1382.506 1346.797 1311.205 1285.140 1269.089 1244.443 1224.802 1206.858
1693.933 1695.109 1691.910 1688.562 1683.970 1682.764 1681.537 1679.221 1679.900 1678.028 1674.220 1670.789 1664.407 1653.836 1642.685 1640.142 1644.697 1649.715 1654.048 1657.286 1660.588 1661.588 1656.897 1649.193 1642.249 1640.394 1646.783 1652.254 1657.499 1658.159 1656.801 1654.800 1654.992 1652.527 1652.992 1659.346 1672.384 1677.778 1680.492 1680.083 1672.358 1658.385 1652.919 1634.141 1638.253 1634.206 1623.567 1603.844 1581.579 1553.728 1526.557 1504.559 1497.166 1492.506 1486.672 1476.891 1443.397 1410.804 1380.767 1357.888 1332.833 1309.906 1288.815
1682.050 1683.388 1676.642 1668.658 1662.019 1655.531 1653.618 1652.585 1652.111 1652.367 1647.305 1639.689 1624.691 1613.471 1602.541 1596.694 1594.728 1599.557 1609.329 1618.939 1623.522 1616.740 1609.399 1598.915 1591.048 1591.323 1593.431 1602.264 1616.094 1620.721 1621.313 1616.100 1611.422 1605.441 1603.226 1609.696 1624.095 1638.830 1652.062 1659.887 1666.896 1673.115 1676.212 1677.439 1678.089 1677.048 1676.221 1661.350 1641.161 1617.893 1594.988 1570.078 1564.168 1562.549 1558.827 1556.842 1529.203 1495.771 1463.384 1436.150 1410.534 1387.356 1365.381
1652.505 1649.411 1643.144 1633.509 1623.186 1614.030 1608.156 1609.214 1611.575 1612.782 1606.708 1592.828 1576.165 1563.313 1549.933 1546.239 1541.537 1537.212 1547.651 1564.708 1570.925 1557.481 1547.760 1533.782 1526.662 1523.551 1524.942 1534.064 1553.663 1572.907 1573.984 1564.110 1554.355 1549.330 1546.352 1552.059 1569.130 1588.122 1602.145 1611.101 1616.189 1623.763 1632.762 1644.642 1657.379 1667.994 1675.733 1679.881 1677.819 1671.741 1659.966 1639.915 1626.928 1617.986 1612.996 1605.270 1584.453 1558.001 1532.215 1506.298 1484.415 1465.691 1440.776
1612.527 1607.101 1600.725 1586.536 1575.241 1564.090 1551.203 1548.433 1545.932 1548.074 1537.579 1528.233 1510.707 1495.982 1481.008 1470.753 1465.299 1459.642 1463.245 1478.323 1487.208 1474.577 1464.544 1452.184 1446.321 1443.026 1444.871 1454.889 1476.230 1494.340 1500.987 1492.779 1487.631 1484.991 1483.135 1488.035 1500.971 1519.346 1539.153 1554.357 1562.829 1569.649 1578.859 1592.423 1605.507 1618.603 1634.828 1654.171 1668.118 1676.913 1680.077 1679.466 1675.685 1672.738 1663.245 1652.455 1635.394 1612.547 1586.614 1561.165 1544.155 1527.437 1510.127
1570.258 1564.868 1549.704 1503.902 1486.816 1470.099 1455.980 1451.256 1444.804 1436.772 1428.584 1423.032 1418.077 1403.586 1386.938 1371.248 1366.550 1362.809 1353.038 1356.612 1359.449 1365.150 1358.094 1352.970 1351.347 1348.777 1351.520 1364.680 1375.544 1384.520 1390.143 1388.861 1395.207 1400.515 1404.149 1418.733 1430.409 1446.213 1465.950 1488.240 1500.435 1508.812 1518.597 1533.035 1548.483 1564.789 1585.933 1609.330 1624.115 1634.274 1645.351 1657.217 1670.443 1678.271 1683.683 1682.721 1677.926 1657.414 1632.565 1612.445 1595.157 1580.869 1567.024
1517.796 1510.367 1468.919 1428.585 1397.780 1381.438 1360.895 1350.802 1340.392 1313.855 1300.411 1296.272 1303.529 1295.673 1279.796 1266.834 1259.170 1252.641 1239.519 1229.536 1234.541 1247.609 1244.022 1243.097 1247.619 1245.917 1241.818 1245.707 1259.120 1266.120 1275.224 1286.476 1289.704 1298.491 1324.085 1336.017 1349.478 1367.572 1387.455 1408.336 1427.274 1439.173 1452.460 1469.813 1485.309 1504.673 1526.634 1553.832 1572.318 1585.465 1595.810 1606.252 1620.839 1639.648 1656.161 1672.006 1682.263 1682.708 1676.593 1656.992 1639.962 1625.644 1616.871
1425.973 1407.133 1362.261 1324.902 1298.317 1278.362 1256.605 1239.188 1212.593 1182.660 1163.895 1172.094 1180.903 1184.290 1171.693 1160.191 1150.971 1137.289 1122.354 1110.482 1119.533 1128.038 1137.910 1141.787 1145.299 1148.100 1146.601 1140.775 1143.716 1151.531 1160.699 1170.125 1183.355 1211.747 1234.282 1249.634 1268.183 1286.131 1306.696 1328.472 1348.309 1362.817 1379.611 1397.158 1416.570 1435.740 1458.871 1486.379 1509.401 1523.536 1536.652 1549.394 1567.391 1589.348 1610.344 1633.038 1652.900 1664.481 1676.443 1683.365 1680.447 1667.687 1654.858
1314.324 1278.938 1239.405 1209.635 1190.246 1168.427 1147.647 1122.897 1093.635 1070.101 1051.688 1060.223 1068.705 1082.220 1071.777 1062.234 1057.350 1043.195 1029.986 1015.656 1023.125 1033.327 1051.289 1055.510 1058.807 1065.816 1064.443 1061.202 1050.379 1057.857 1067.203 1079.619 1105.944 1128.394 1150.092 1169.256 1187.217 1207.240 1228.600 1250.310 1273.659 1290.967 1308.018 1327.670 1346.141 1362.401 1381.231 1405.568 1426.595 1444.986 1464.522 1478.784 1501.619 1529.686 1556.552 1587.540 1609.050 1623.704 1635.999 1648.176 1665.814 1676.150 1677.876
1158.999 1128.182 1098.743 1086.796 1071.956 1051.931 1033.016 1014.132 990.786 970.495 947.775 952.864 966.650 981.769 977.912 975.747 973.466 963.119 949.960 936.714 940.464 955.861 972.695 980.340 986.891 994.171 993.894 986.232 977.063 981.854 995.160 1010.111 1029.151 1049.696 1069.733 1088.380 1109.019 1130.298 1151.819 1175.104 1199.544 1217.655 1239.086 1261.470 1278.593 1288.607 1300.077 1321.673 1338.039 1358.178 1378.894 1394.912 1421.400 1453.663 1492.136 1529.450 1563.880 1579.322 1592.134 1602.564 1618.353 1637.882 1656.232
1041.280 1013.313 1000.051 984.027 969.024 953.434 934.378 917.124 900.433 879.834 864.472 870.936 884.699 895.919 899.867 897.505 895.014 888.211 874.815 865.994 874.770 890.021 904.537 914.758 921.290 926.959 923.935 915.249 909.478 916.959 931.682 945.405 961.219 981.258 1000.958 1021.058 1042.000 1062.724 1085.650 1109.225 1133.206 1157.069 1178.315 1197.741 1206.826 1216.286 1220.919 1234.409 1250.358 1268.101 1289.110 1311.108 1337.545 1375.558 1414.457 1451.971 1488.580 1516.957 1535.088 1550.470 1569.911 1590.316 1607.385
964.238 936.263 912.800 898.320 890.727 877.778 860.346 848.488 832.926 817.645 819.314 822.588 833.765 834.946 836.007 833.477 832.772 829.054 819.385 827.255 834.615 848.981 859.525 868.840 874.816 878.630 878.467 872.124 875.615 882.089 895.905 906.940 920.934 940.613 956.887 975.055 995.797 1017.152 1039.508 1063.313 1089.083 1112.007 1129.710 1137.282 1146.339 1150.114 1142.337 1154.270 1166.962 1179.030 1199.191 1219.452 1243.246 1280.377 1323.185 1367.992 1404.595 1444.300 1467.730 1490.327 1511.915 1535.254 1556.721
877.304 849.653 827.617 820.567 810.509 800.074 788.026 775.052 764.992 767.186 765.240 764.426 765.298 768.435 771.470 770.856 769.971 771.437 778.836 783.149 788.621 798.559 809.602 820.220 824.015 828.112 831.393 835.253 837.682 841.523 852.249 863.589 876.066 892.052 908.804 926.766 948.047 969.822 993.120 1018.504 1044.382 1064.271 1072.786 1081.785 1084.242 1078.294 1072.845 1078.412 1089.568 1098.297 1116.168 1136.898 1152.216 1192.061 1238.724 1280.897 1316.063 1350.670 1385.905 1412.123 1436.344 1466.828 1493.198
809.523 785.939 769.676 759.940 750.100 740.086 727.469 718.494 717.691 715.555 713.709 712.097 715.519 719.293 723.728 723.656 724.352 727.129 731.434 737.448 746.586 757.333 769.225 783.797 788.349 792.853 798.344 800.896 803.937 807.919 818.852 830.235 842.065 858.499 875.648 894.041 915.652 940.499 969.283 995.196 1020.770 1042.787 1051.432 1055.166 1053.192 1046.772 1033.703 1031.861 1041.700 1043.834 1055.322 1074.189 1084.577 1116.090 1157.875 1186.998 1221.124 1257.834 1305.225 1332.722 1363.686 1393.957 1423.850
745.759 728.969 710.385 697.972 687.801 678.766 671.828 670.229 667.602 666.048 664.918 663.303 665.466 669.763 673.860 676.049 678.822 682.265 688.529 697.476 705.879 717.666 732.208 747.079 753.459 758.846 764.495 768.498 772.578 776.261 786.183 797.636 808.327 825.239 843.358 861.965 887.116 916.185 945.637 971.094 995.986 1020.773 1024.106 1025.205 1024.516 1010.535 995.336 988.880 991.014 991.787 997.355 1008.466 1019.604 1043.813 1069.582 1097.912 1133.031 1179.181 1224.199 1255.659 1285.681 1315.213 1341.160
