tests/3D/Borden05m_nopit_001/output_maps/psiliqL0021N0022.asc
ncols         160
nrows         34
xllcorner     620200.000000
yllcorner     5168000.000000
cellsize      0.500000
NODATA_value  -9999.0
[rows 0 to 27 of 34, columns 62 to 123 of 160]
-9999.000 -9999.000 -9999.000 -9999.000 -9999.000 -9999.000 -9999.000 -9999.000 -9999.000 -9999.000 -9999.000 -9999.000 -9999.000 -9999.000 -9999.000 -9999.000 -9999.000 -9999.000 -9999.000 -9999.000 -9999.000 -9999.000 -9999.000 -9999.000 -9999.000 -9999.000 -9999.000 -9999.000 -9999.000 -9999.000 -9999.000 -9999.000 -9999.000 -9999.000 -9999.000 -9999.000 -9999.000 -9999.000 -9999.000 -9999.000 -9999.000 -9999.000 -9999.000 -9999.000 -9999.000 -9999.000 -9999.000 -9999.000 -9999.000 -9999.000 -9999.000 -9999.000 -9999.000 -9999.000 -9999.000 -9999.000 -9999.000 -9999.000 -9999.000 -9999.000 -9999.000 -9999.000
2384.477 2375.722 2366.354 2358.189 2353.981 2352.804 2351.872 2351.221 2356.119 2364.043 2371.561 2378.447 2380.767 2383.060 2384.975 2385.225 2383.978 2380.678 2377.293 2373.848 2372.175 2364.508 2353.262 2344.743 2342.014 2346.272 2350.658 2353.138 2358.585 2369.121 2379.826 2388.431 2400.786 2407.404 2412.743 2415.578 2411.667 2408.419 2404.630 2398.985 2387.972 -9999.000 -9999.000 -9999.000 -9999.000 -9999.000 -9999.000 -9999.000 -9999.000 -9999.000 -9999.000 -9999.000 -9999.000 -9999.000 -9999.000 -9999.000 -9999.000 -9999.000 -9999.000 -9999.000 -9999.000 -9999.000
2364.553 2359.955 2351.274 2345.967 2340.375 2337.885 2337.766 2337.579 2341.279 2351.677 2359.417 2363.939 2366.416 2369.060 2367.876 2367.096 2366.745 2363.772 2360.239 2356.792 2354.904 2355.914 2348.279 2342.442 2338.698 2336.218 2338.866 2341.450 2345.597 2354.915 2362.954 2371.050 2385.955 2398.922 2404.541 2402.134 2397.534 2393.879 2386.892 2376.537 2366.507 2357.773 2351.442 2346.183 2340.221 2346.657 2354.206 2363.883 2373.112 2385.225 2397.487 -9999.000 -9999.000 -9999.000 -9999.000 -9999.000 -9999.000 -9999.000 -9999.000 -9999.000 -9999.000 -9999.000
2344.432 2347.416 2343.905 2338.975 2332.067 2341.300 2342.210 2342.892 2345.941 2348.123 2352.328 2354.733 2359.938 2368.781 2371.420 2371.764 2371.724 2369.689 2366.389 2364.398 2361.536 2356.213 2354.608 2354.428 2353.477 2357.856 2359.354 2361.827 2355.926 2360.066 2366.356 2373.342 2379.332 2385.780 2388.992 2385.871 2386.087 2377.935 2364.444 2354.324 2346.673 2346.256 2343.392 2335.692 2322.566 2330.606 2346.676 2351.542 2354.539 2365.940 2378.291 2388.777 2391.695 2391.427 2391.121 2388.323 2374.521 2359.851 2344.859 2326.225 -9999.000 -9999.000
2351.791 2349.817 2346.239 2342.509 2353.424 2361.845 2363.109 2365.477 2369.091 2369.202 2357.800 2355.474 2362.962 2372.697 2377.914 2377.943 2377.529 2374.330 2373.099 2372.707 2370.650 2370.508 2372.277 2370.654 2374.143 2379.617 2382.753 2376.593 2367.985 2369.767 2378.031 2386.866 2394.454 2404.923 2416.057 2416.035 2411.353 2402.957 2390.410 2367.926 2349.966 2339.330 2331.933 2324.958 2327.051 2323.233 2336.292 2338.233 2340.660 2348.453 2358.870 2369.451 2375.612 2375.037 2374.386 2371.962 2362.447 2347.728 2332.934 2315.656 2289.443 2260.730
2352.005 2351.173 2352.268 2362.019 2374.125 2386.152 2388.056 2389.836 2388.641 2380.361 2369.948 2366.705 2380.329 2396.614 2404.411 2404.154 2401.032 2405.408 2404.812 2404.338 2400.292 2401.402 2400.359 2407.363 2414.901 2422.446 2420.906 2408.729 2396.836 2396.297 2400.817 2406.459 2413.632 2423.957 2433.500 2428.869 2423.313 2415.368 2389.121 2365.299 2350.531 2351.244 2352.172 2347.947 2345.848 2344.391 2339.512 2339.743 2339.156 2338.980 2351.271 2364.337 2367.937 2361.472 2357.608 2355.398 2347.335 2336.027 2320.409 2303.433 2284.012 2255.922
2384.541 2385.568 2391.820 2402.691 2416.692 2438.703 2439.004 2440.121 2440.085 2427.684 2414.718 2404.178 2424.366 2434.857 2442.359 2441.233 2447.942 2456.851 2452.773 2445.736 2434.306 2440.044 2448.420 2463.358 2470.707 2475.351 2472.085 2459.369 2453.092 2453.530 2458.417 2458.327 2465.504 2475.006 2490.179 2489.496 2484.430 2464.119 2427.846 2397.305 2382.340 2392.023 2386.450 2380.427 2379.411 2367.741 2359.583 2361.556 2353.280 2348.349 2360.767 2367.566 2369.152 2361.819 2367.074 2360.100 2340.113 2323.369 2308.586 2294.265 2277.718 2271.378
2402.011 2407.014 2416.607 2434.074 2453.281 2474.070 2475.953 2472.751 2482.006 2475.048 2464.681 2456.767 2473.923 2484.539 2495.087 2502.126 2514.537 2525.176 2511.285 2496.168 2487.745 2493.911 2516.958 2537.117 2541.905 2541.780 2542.525 2529.796 2524.363 2519.781 2518.093 2514.387 2511.847 2534.507 2554.264 2553.861 2532.246 2509.722 2472.307 2435.470 2408.971 2417.401 2415.028 2417.328 2406.058 2393.604 2383.503 2378.876 2371.899 2361.049 2369.086 2374.117 2382.937 2390.882 2394.156 2377.710 2360.254 2341.098 2323.135 2309.038 2303.089 2297.148
2471.823 2484.409 2491.499 2508.063 2527.186 2554.536 2569.575 2583.296 2587.013 2579.242 2570.432 2557.918 2560.182 2581.116 2592.618 2601.607 2610.690 2623.036 2625.286 2620.005 2618.624 2622.418 2633.233 2645.371 2651.973 2655.864 2659.593 2650.182 2638.467 2634.850 2628.265 2625.062 2623.805 2632.017 2649.104 2646.753 2614.967 2588.849 2555.916 2519.092 2490.012 2480.455 2495.240 2490.526 2474.471 2461.434 2432.999 2424.359 2413.257 2388.533 2387.537 2393.098 2404.194 2417.415 2404.094 2387.850 2370.337 2350.596 2332.970 2326.007 2324.477 2321.456
2589.224 2596.595 2599.876 2606.265 2637.963 2671.411 2697.363 2720.090 2727.419 2715.714 2705.846 2692.882 2683.767 2691.964 2707.856 2724.877 2739.862 2750.989 2753.598 2752.138 2752.243 2754.848 2757.760 2761.472 2768.932 2776.330 2785.434 2794.559 2785.975 2769.252 2758.974 2748.360 2746.171 2746.700 2748.701 2749.678 2736.913 2699.709 2670.127 2638.982 2616.837 2601.629 2597.160 2579.474 2556.910 2508.865 2471.669 2440.212 2419.399 2396.080 2401.135 2421.510 2460.542 2461.352 2449.674 2434.182 2410.662 2387.576 2366.185 2361.780 2360.001 2355.515
2713.038 2717.093 2720.068 2723.991 2748.634 2787.964 2825.824 2855.947 2857.015 2844.737 2833.664 2824.018 2810.991 2807.197 2817.894 2831.560 2850.121 2860.800 2868.128 2865.774 2866.045 2867.304 2869.485 2871.455 2874.419 2883.028 2896.828 2910.077 2909.947 2893.196 2875.752 2859.434 2855.421 2851.884 2846.887 2848.686 2850.451 2838.176 2809.823 2772.277 2732.032 2712.602 2696.115 2685.262 2669.596 2635.680 2576.091 2541.218 2505.723 2477.219 2471.917 2530.844 2543.796 2533.292 2521.411 2499.315 2472.113 2448.620 2425.906 2421.932 2417.896 2410.576
2828.827 2835.594 2839.270 2846.202 2862.381 2891.026 2923.623 2951.802 2967.565 2961.093 2945.048 2924.649 2916.473 2914.117 2917.099 2925.486 2936.528 2954.473 2972.497 2978.086 2978.903 2976.309 2978.576 2979.954 2980.033 2982.263 2989.394 2998.236 3001.317 2994.655 2975.541 2953.445 2941.205 2934.118 2930.481 2930.591 2934.562 2936.741 2923.404 2890.800 2849.425 2819.021 2802.141 2788.908 2775.733 2764.524 2737.378 2718.349 2685.012 2639.676 2610.017 2636.001 2628.019 2617.592 2594.634 2564.356 2534.827 2504.408 2478.197 2467.572 2463.523 2461.237
2940.122 2944.652 2952.588 2967.542 2989.049 3006.062 3026.411 3050.880 3065.669 3070.973 3069.959 3066.866 3068.256 3068.536 3018.260 3023.398 3028.501 3042.194 3055.049 3059.603 3060.113 3058.074 3059.638 3060.249 3060.223 3059.858 3061.377 3065.440 3066.989 3065.063 3054.527 3067.612 3048.755 3035.936 3028.071 3020.125 3011.913 3002.626 2993.069 2974.715 2945.761 2912.436 2889.604 2880.984 2875.206 2867.872 2862.766 2846.986 2825.399 2792.648 2754.269 2729.375 2725.214 2709.430 2677.756 2650.384 2630.244 2595.326 2564.663 2546.340 2542.890 2532.301
3047.691 3052.231 3065.389 3080.705 3068.348 3075.024 3081.932 3088.796 3091.153 3091.828 3091.516 3089.196 3088.573 3086.427 3082.585 3072.499 3074.066 3075.857 3078.427 3082.074 3080.894 3081.934 3084.864 3083.198 3077.371 3073.480 3071.908 3072.714 3080.009 3083.354 3084.242 3081.677 3080.830 3080.019 3077.274 3073.848 3069.021 3062.849 3073.770 3062.557 3036.482 2999.191 2960.718 2951.376 2951.468 2951.843 2950.159 2944.742 2927.341 2900.607 2864.297 2826.647 2817.337 2803.827 2787.482 2773.127 2755.665 2717.359 2681.208 2657.266 2644.549 2620.820
3089.385 3091.996 3094.408 3091.328 3088.194 3083.417 3081.985 3080.679 3078.286 3078.935 3077.053 3073.084 3069.269 3061.892 3050.693 3039.526 3036.339 3040.737 3046.135 3050.987 3054.990 3058.558 3058.930 3053.746 3045.580 3038.251 3036.517 3043.213 3048.855 3054.905 3055.697 3054.310 3051.991 3051.898 3048.912 3049.203 3056.002 3070.113 3073.808 3078.522 3077.813 3064.397 3040.128 3045.344 3025.790 3031.057 3026.611 3015.464 2994.662 2971.022 2940.886 2911.387 2891.245 2883.799 2878.336 2871.699 2859.155 2822.013 2788.158 2758.788 2737.665 2712.297
3073.918 3080.885 3082.053 3075.117 3066.763 3059.756 3052.680 3050.499 3049.767 3049.436 3049.852 3044.648 3035.967 3019.702 3008.262 2997.249 2991.346 2988.234 2992.199 3002.902 3014.132 3019.004 3010.636 3002.587 2991.259 2983.261 2983.642 2985.071 2994.325 3010.055 3016.514 3017.224 3011.206 3005.370 2998.946 2996.174 3002.600 3017.551 3033.550 3048.264 3056.898 3064.326 3071.077 3071.177 3073.313 3074.448 3072.648 3074.169 3057.379 3034.712 3007.829 2983.200 2957.495 2952.849 2952.219 2948.543 2946.396 2915.351 2879.903 2846.324 2819.332 2793.064
3047.160 3049.502 3045.787 3039.463 3029.618 3018.873 3009.395 3002.442 3003.490 3005.861 3007.367 3000.545 2985.752 2968.387 2955.158 2941.490 2937.659 2932.219 2925.806 2936.045 2954.787 2961.738 2946.631 2936.180 2921.437 2914.656 2910.984 2911.984 2920.974 2942.392 2964.688 2966.388 2955.818 2945.335 2940.476 2937.322 2942.310 2959.123 2979.222 2994.508 3004.353 3009.553 3017.212 3026.407 3039.737 3053.719 3065.349 3071.082 3078.037 3074.474 3063.941 3054.925 3032.129 3018.212 3009.986 3005.521 2998.273 2975.456 2947.045 2920.030 2893.674 2870.654
3011.443 3008.132 3002.313 2995.564 2977.352 2965.390 2953.184 2939.076 2935.650 2931.756 2933.274 2922.192 2913.747 2896.932 2881.865 2866.533 2854.374 2848.776 2842.487 2842.770 2856.837 2865.436 2854.787 2844.980 2833.710 2828.699 2825.363 2827.601 2837.874 2858.065 2876.286 2884.028 2876.343 2873.590 2872.584 2870.863 2876.594 2888.119 2906.150 2927.503 2944.986 2954.272 2961.051 2970.183 2984.205 2997.846 3011.629 3028.859 3050.421 3065.671 3075.156 3076.553 3075.536 3069.025 3069.555 3059.191 3047.306 3028.228 3003.825 2977.005 2951.023 2933.691
2970.854 2965.010 2959.531 2939.700 2888.149 2868.635 2850.623 2835.274 2829.382 2821.772 2808.713 2800.305 2795.497 2795.106 2781.020 2763.917 2747.033 2742.262 2738.689 2724.151 2722.561 2723.951 2736.351 2729.946 2727.286 2727.908 2725.455 2727.263 2740.143 2748.974 2755.678 2761.978 2764.512 2773.461 2780.439 2788.163 2804.251 2815.297 2830.654 2850.616 2874.873 2888.994 2897.945 2907.972 2922.797 2938.547 2955.598 2977.364 3002.282 3017.989 3028.695 3040.181 3052.989 3067.340 3073.618 3080.954 3079.393 3075.046 3052.199 3024.476 3003.891 2986.335
2909.139 2907.087 2897.978 2848.197 2807.757 2775.203 2758.498 2736.177 2724.062 2710.021 2676.103 2660.275 2658.627 2670.856 2665.905 2650.524 2638.363 2629.680 2621.420 2605.429 2589.881 2595.596 2612.141 2611.488 2613.321 2619.996 2619.051 2613.256 2612.863 2625.319 2631.256 2641.600 2656.845 2661.028 2674.570 2705.191 2717.506 2731.747 2749.782 2769.747 2791.144 2812.142 2825.175 2839.426 2857.228 2873.226 2892.941 2915.041 2943.472 2963.609 2977.376 2987.843 2998.313 3013.252 3033.243 3051.498 3068.934 3078.802 3079.759 3069.356 3051.007 3032.281
2811.572 2805.911 2780.764 2731.403 2695.429 2671.162 2650.318 2628.055 2606.861 2573.645 2540.917 2520.447 2533.714 2544.276 2553.134 2541.483 2530.621 2521.311 2504.953 2488.902 2474.169 2484.532 2493.150 2508.932 2514.759 2518.530 2523.305 2521.792 2512.689 2510.302 2518.127 2527.571 2538.452 2556.831 2589.532 2613.188 2630.064 2649.488 2667.534 2688.218 2710.350 2731.665 2747.371 2764.749 2782.515 2802.462 2821.233 2843.807 2871.416 2896.119 2911.252 2925.512 2938.546 2957.212 2980.199 3002.324 3026.594 3047.607 3060.470 3073.073 3078.185 3073.495
2697.326 2679.305 2636.517 2596.009 2572.457 2557.631 2535.370 2514.914 2487.865 2456.022 2434.121 2414.689 2424.731 2434.680 2452.715 2443.618 2436.078 2432.627 2417.878 2404.766 2389.161 2395.921 2407.429 2428.994 2434.372 2438.203 2446.737 2445.714 2441.462 2426.111 2432.922 2442.986 2456.605 2485.696 2507.892 2529.682 2550.078 2568.485 2588.971 2610.387 2632.404 2657.157 2675.374 2693.145 2713.468 2731.882 2746.449 2763.147 2786.798 2807.551 2827.448 2848.585 2862.993 2886.747 2916.276 2945.449 2978.597 3002.044 3017.134 3029.392 3041.332 3060.289
2555.191 2508.827 2475.904 2452.935 2448.661 2436.187 2417.042 2398.809 2380.312 2358.553 2339.831 2316.093 2321.822 2337.316 2354.032 2353.877 2354.043 2352.557 2343.133 2329.959 2316.583 2320.392 2336.943 2354.546 2363.778 2371.073 2378.603 2378.230 2369.181 2359.244 2363.762 2378.102 2393.442 2411.065 2431.147 2451.105 2470.278 2491.465 2512.947 2534.663 2558.236 2583.438 2602.880 2625.009 2647.943 2664.006 2672.547 2680.998 2700.591 2716.167 2736.837 2758.453 2775.475 2802.108 2835.663 2876.027 2914.998 2953.129 2970.264 2983.449 2993.665 3009.248
2435.392 2404.121 2376.562 2368.330 2353.660 2340.754 2326.859 2307.901 2292.082 2277.445 2257.112 2245.867 2253.344 2267.286 2276.803 2282.960 2281.083 2278.989 2273.215 2259.659 2254.051 2263.706 2278.921 2292.866 2303.941 2310.651 2315.854 2312.687 2303.508 2299.399 2307.072 2321.950 2335.091 2349.674 2369.423 2388.575 2408.788 2429.831 2450.488 2473.460 2497.114 2521.476 2546.507 2567.567 2585.542 2593.512 2602.048 2602.575 2613.502 2628.546 2644.961 2666.110 2688.990 2714.328 2752.772 2792.775 2831.809 2870.563 2903.673 2923.069 2939.484 2959.019
2366.986 2338.617 2311.051 2287.092 2275.095 2269.458 2257.630 2241.501 2230.980 2216.248 2205.151 2210.319 2212.675 2222.118 2221.584 2222.880 2220.711 2220.334 2217.847 2210.728 2221.353 2228.175 2241.860 2252.002 2261.511 2267.254 2270.768 2271.316 2266.214 2271.046 2276.931 2290.241 2300.872 2313.939 2333.054 2348.908 2366.628 2387.294 2408.613 2430.799 2454.662 2480.714 2503.575 2520.177 2526.123 2534.155 2535.318 2524.295 2534.458 2545.888 2555.828 2575.454 2595.210 2616.100 2653.091 2697.138 2744.129 2781.380 2824.720 2851.008 2875.103 2896.845
2284.192 2255.939 2228.936 2208.862 2204.082 2194.077 2184.412 2173.418 2160.818 2153.565 2158.966 2157.178 2155.491 2154.714 2157.871 2161.470 2161.251 2160.561 2163.180 2172.958 2177.406 2182.841 2192.055 2203.187 2214.541 2218.147 2222.277 2226.324 2231.332 2233.862 2237.238 2247.427 2258.685 2270.618 2285.995 2302.701 2320.410 2341.592 2363.639 2387.293 2412.681 2438.920 2459.310 2466.900 2475.331 2476.215 2468.366 2461.390 2464.287 2474.756 2481.020 2497.036 2517.555 2528.183 2565.755 2613.074 2654.052 2689.558 2724.401 2764.895 2792.091 2817.272
2221.102 2193.152 2172.004 2157.610 2147.855 2137.994 2128.102 2116.142 2109.146 2110.087 2107.969 2106.250 2104.372 2107.743 2111.652 2116.342 2116.703 2117.874 2120.950 2125.407 2131.916 2141.311 2152.076 2164.258 2179.553 2184.422 2189.031 2194.838 2197.522 2200.702 2204.499 2215.139 2226.499 2237.986 2254.251 2271.410 2289.545 2311.152 2336.170 2365.313 2391.407 2417.257 2440.384 2449.010 2452.096 2449.638 2442.117 2427.499 2424.038 2432.466 2432.715 2441.801 2459.105 2466.554 2492.545 2531.544 2558.388 2592.282 2630.456 2682.039 2710.946 2742.597
2153.329 2133.586 2118.512 2100.324 2087.532 2077.368 2069.170 2064.059 2063.634 2061.420 2060.262 2059.256 2057.410 2059.126 2063.575 2067.677 2070.277 2073.340 2077.573 2084.325 2093.440 2101.608 2113.415 2128.141 2143.446 2150.474 2155.992 2161.969 2166.342 2170.508 2173.979 2183.530 2194.873 2204.795 2221.403 2239.556 2258.465 2283.480 2312.567 2342.429 2368.171 2393.139 2419.059 2422.325 2423.083 2422.288 2407.056 2391.683 2383.647 2384.664 2385.013 2386.775 2396.348 2406.123 2425.250 2447.213 2473.636 2508.147 2555.253 2600.444 2633.648 2663.167
