tests/3D/Borden05m_nopit_001/output_maps/psiliqL0009N0019.asc
ncols         160
nrows         34
xllcorner     620200.000000
yllcorner     5168000.000000
cellsize      0.500000
NODATA_value  -9999.0
[rows 0 to 28 of 34, columns 65 to 129 of 160]
-9999.000 -9999.000 -9999.000 -9999.000 -9999.000 -9999.000 -9999.000 -9999.000 -9999.000 -9999.000 -9999.000 -9999.000 -9999.000 -9999.000 -9999.000 -9999.000 -9999.000 -9999.000 -9999.000 -9999.000 -9999.000 -9999.000 -9999.000 -9999.000 -9999.000 -9999.000 -9999.000 -9999.000 -9999.000 -9999.000 -9999.000 -9999.000 -9999.000 -9999.000 -9999.000 -9999.000 -9999.000 -9999.000 -9999.000 -9999.000 -9999.000 -9999.000 -9999.000 -9999.000 -9999.000 -9999.000 -9999.000 -9999.000 -9999.000 -9999.000 -9999.000 -9999.000 -9999.000 -9999.000 -9999.000 -9999.000 -9999.000 -9999.000 -9999.000 -9999.000 -9999.000 -9999.000 -9999.000 -9999.000 -9999.000
-40.828 -45.009 -46.123 -47.169 -47.747 -42.629 -34.868 -27.421 -20.358 -18.118 -15.813 -13.610 -13.186 -14.566 -17.895 -21.254 -24.724 -26.243 -34.595 -46.084 -55.069 -57.864 -53.379 -48.859 -46.313 -40.195 -29.270 -18.292 -9.625 2.225 7.877 13.181 16.580 12.809 9.560 6.163 1.679 -9.149 -9999.000 -9999.000 -9999.000 -9999.000 -9999.000 -9999.000 -9999.000 -9999.000 -9999.000 -9999.000 -9999.000 -9999.000 -9999.000 -9999.000 -9999.000 -9999.000 -9999.000 -9999.000 -9999.000 -9999.000 -9999.000 -9999.000 -9999.000 -9999.000 -9999.000 -9999.000 -9999.000
-53.391 -59.098 -61.042 -61.278 -61.438 -57.447 -47.717 -39.904 -35.275 -32.992 -30.649 -30.717 -31.323 -31.811 -34.804 -38.305 -41.776 -43.629 -43.601 -51.261 -56.649 -59.968 -61.256 -58.802 -56.461 -53.359 -43.661 -35.287 -26.896 -12.664 -0.247 5.141 2.994 -1.722 -5.082 -11.125 -20.581 -30.748 -40.983 -47.937 -53.057 -58.027 -51.659 -44.987 -34.521 -24.177 -11.977 0.271 -9999.000 -9999.000 -9999.000 -9999.000 -9999.000 -9999.000 -9999.000 -9999.000 -9999.000 -9999.000 -9999.000 -9999.000 -9999.000 -9999.000 -9999.000 -9999.000 -9999.000
-60.672 -65.225 -57.653 -56.699 -55.793 -52.801 -49.617 -47.372 -44.753 -39.617 -30.856 -28.398 -28.050 -28.075 -30.026 -33.239 -35.113 -37.959 -43.236 -44.241 -43.889 -43.938 -38.780 -37.302 -35.878 -42.789 -39.355 -32.999 -26.002 -18.921 -11.795 -7.013 -9.834 -10.662 -18.521 -31.814 -42.770 -51.066 -53.222 -56.045 -63.380 -75.248 -68.029 -52.219 -47.283 -43.373 -31.265 -18.839 -8.564 -6.477 -6.691 -6.915 -9.368 -23.062 -37.595 -52.214 -70.699 -9999.000 -9999.000 -9999.000 -9999.000 -9999.000 -9999.000 -9999.000 -9999.000
-55.330 -42.870 -33.802 -32.483 -29.924 -26.801 -28.188 -40.651 -43.438 -35.148 -24.937 -19.281 -19.354 -19.619 -21.408 -22.580 -23.203 -25.691 -24.741 -22.273 -21.777 -16.833 -11.260 -8.513 -16.971 -26.104 -25.494 -17.742 -9.659 -2.135 8.997 20.907 20.014 14.738 6.376 -6.667 -29.504 -48.815 -58.900 -65.083 -71.587 -71.873 -73.778 -62.760 -60.636 -58.590 -49.764 -39.240 -28.947 -22.987 -23.300 -23.640 -25.867 -35.147 -49.692 -64.255 -80.645 -105.756 -133.917 -160.826 -161.765 -137.958 -114.187 -9999.000 -9999.000
-30.016 -16.700 -2.249 -0.152 1.912 1.237 -8.643 -19.098 -23.502 -8.703 6.815 14.745 15.322 15.373 23.068 20.906 18.202 12.604 14.798 17.219 28.205 35.512 42.115 40.161 28.469 17.597 15.857 18.036 20.440 26.557 37.228 47.685 43.288 36.501 26.851 -1.295 -28.380 -44.668 -43.375 -42.364 -46.409 -49.001 -52.109 -59.162 -59.140 -59.334 -59.489 -47.218 -34.735 -31.073 -36.955 -40.368 -42.420 -50.933 -61.674 -76.706 -93.375 -111.947 -139.941 -146.911 -154.835 -132.806 -109.008 -87.996 -63.358
17.003 34.538 57.777 60.507 63.597 66.940 55.936 43.702 31.903 47.751 57.129 65.691 68.293 79.097 88.851 83.666 74.896 65.058 71.234 84.333 98.895 104.914 108.071 107.973 98.055 92.910 90.673 91.694 88.440 91.976 103.178 118.859 119.553 109.990 88.313 53.418 19.490 -1.565 3.688 -2.012 -7.435 -10.946 -24.433 -35.223 -34.908 -43.948 -49.770 -38.010 -31.672 -29.636 -35.763 -30.113 -37.632 -55.637 -72.761 -88.168 -102.448 -117.331 -124.499 -133.685 -141.246 -128.689 -108.463 -88.407 -63.551
65.940 88.531 111.801 121.682 126.816 135.355 128.577 119.430 110.638 117.695 129.711 141.191 151.540 163.536 174.794 167.260 156.846 153.233 157.416 174.458 189.309 194.113 195.948 199.853 193.276 186.376 178.930 172.310 165.947 161.720 177.907 193.303 192.313 170.280 148.000 115.506 80.544 48.511 45.764 45.460 45.100 30.734 16.219 -1.224 -11.204 -19.496 -33.762 -28.549 -22.577 -11.855 -1.960 -1.913 -18.197 -35.453 -54.648 -73.296 -87.518 -92.230 -97.289 -106.757 -113.041 -106.762 -92.775 -78.332 -66.083
161.537 185.771 217.055 239.331 259.219 262.502 253.095 243.696 230.014 225.155 239.046 250.307 260.962 271.767 283.461 290.278 288.962 288.716 291.161 295.602 302.185 308.466 314.378 320.798 320.537 311.655 304.152 294.822 286.842 284.383 284.718 293.407 293.020 272.482 247.927 219.876 186.583 157.897 139.902 144.277 133.167 117.219 97.768 63.099 45.764 30.267 1.316 -2.604 7.999 22.243 30.791 15.359 -0.876 -19.384 -39.859 -59.704 -66.262 -67.512 -70.477 -76.263 -78.859 -74.109 -61.063 -58.175 -47.277
266.734 296.899 329.658 358.030 380.774 388.562 378.373 368.329 356.750 346.904 348.216 360.797 376.276 391.439 402.095 406.007 404.852 405.085 406.464 409.171 411.419 416.392 423.180 433.372 445.185 441.134 425.053 412.294 397.748 392.103 390.480 387.898 388.579 385.483 360.020 335.370 306.535 278.052 257.861 242.897 226.307 207.906 167.823 130.698 98.602 72.260 45.242 42.077 67.634 95.945 88.489 77.170 60.073 35.565 11.140 -13.674 -20.568 -23.458 -28.913 -35.313 -41.212 -46.567 -43.493 -40.629 -28.904
384.769 404.049 437.627 471.567 498.800 502.931 494.419 484.061 473.110 463.550 460.145 465.906 475.080 489.175 500.451 510.900 510.971 511.372 511.235 512.994 514.512 515.735 521.625 532.072 542.034 543.787 532.753 516.686 499.646 491.700 485.375 480.193 480.552 481.985 478.913 458.140 426.511 386.720 360.468 340.561 329.789 317.305 300.019 258.066 234.446 204.469 172.144 149.550 184.261 180.316 169.961 154.578 130.498 104.999 79.620 53.698 44.174 38.856 31.204 24.932 16.383 5.984 1.967 -3.742 -6.364
498.004 513.166 532.484 557.344 581.386 598.027 595.098 584.191 568.672 564.900 564.047 565.325 570.653 576.755 590.390 604.571 609.637 610.275 607.931 609.763 610.634 610.611 610.957 614.327 620.308 622.588 619.003 605.266 587.050 572.554 563.959 559.758 557.503 558.322 557.730 548.418 524.099 491.207 459.816 438.542 424.262 413.524 405.686 393.764 379.998 354.788 316.918 283.135 276.678 267.780 256.709 233.276 206.154 182.896 151.696 121.638 103.183 96.419 90.137 81.935 70.454 59.526 52.513 38.898 30.839
603.599 620.017 631.282 645.174 663.593 674.193 679.625 680.462 680.120 682.055 682.124 668.543 670.388 672.158 675.892 681.296 682.866 683.004 682.448 683.231 683.397 683.608 683.275 682.459 683.567 683.989 683.462 679.060 677.130 661.731 650.837 644.028 637.000 628.969 620.157 611.620 598.197 574.814 544.574 518.176 507.748 503.011 498.997 495.707 483.550 465.433 439.516 405.251 371.338 361.661 346.914 322.473 302.930 288.751 256.312 223.523 199.489 190.019 172.733 154.821 139.599 122.069 105.442 88.552 71.421
687.712 686.059 687.879 689.763 691.635 692.278 692.462 692.377 690.268 690.098 688.756 683.847 674.870 676.316 677.648 680.072 683.467 682.076 682.912 685.776 684.398 679.215 675.877 674.328 674.583 681.481 684.421 685.127 684.950 684.390 684.167 683.416 682.478 681.158 679.471 679.019 670.364 650.120 621.551 591.074 577.085 572.504 574.428 572.517 567.864 551.377 527.234 495.034 460.533 444.704 433.166 423.675 414.494 401.503 367.647 332.456 304.878 286.448 261.152 240.826 222.215 200.714 182.271 163.023 139.741
692.326 688.824 684.365 683.319 682.149 679.889 680.589 678.724 675.030 671.873 666.203 656.080 644.940 642.856 647.524 652.269 656.232 658.924 662.035 663.481 659.143 651.767 645.098 643.156 649.323 654.672 659.339 659.902 658.563 656.787 657.181 655.084 655.669 661.701 673.967 680.568 681.847 681.647 677.979 671.350 658.244 640.010 643.284 639.508 629.219 610.254 588.960 562.731 537.212 513.879 506.513 502.411 497.138 489.321 458.435 426.752 396.250 372.127 347.309 324.355 303.049 281.506 259.122 235.299 211.480
677.730 670.012 663.635 657.567 655.845 654.598 654.021 654.163 649.202 642.347 628.253 617.191 606.319 600.512 599.365 604.810 613.918 622.370 626.746 621.096 614.261 604.378 596.603 596.802 599.394 607.924 620.395 623.712 624.217 619.577 615.722 610.055 608.234 614.732 628.731 642.557 654.722 661.963 668.662 674.490 679.717 680.281 680.569 680.054 677.532 664.014 645.576 624.873 603.182 578.822 571.987 569.638 565.861 563.975 538.766 506.783 475.266 447.880 422.754 400.523 378.795 355.590 331.121 307.215 280.011
645.774 636.289 626.267 617.340 612.237 613.301 615.657 616.649 611.109 597.882 581.720 569.138 555.963 552.365 548.190 545.358 555.939 571.792 577.484 565.226 556.026 542.594 535.232 532.521 534.190 543.405 561.703 578.765 579.395 570.016 560.777 555.632 552.776 558.991 576.241 594.436 607.550 615.862 620.862 628.363 637.210 648.039 659.871 669.741 678.892 681.011 679.996 677.075 663.302 645.182 632.827 623.339 617.941 609.843 590.437 565.379 540.477 514.894 493.849 476.134 452.778 427.894 403.464 374.402 342.738
604.412 593.096 582.277 571.879 559.864 557.563 556.057 558.646 548.569 538.578 520.545 506.065 491.345 482.451 477.099 471.893 477.868 493.668 502.755 488.709 478.514 465.375 458.903 455.636 457.199 467.033 489.194 507.224 513.088 504.504 497.643 493.833 491.878 496.180 510.119 528.733 547.430 560.997 568.879 575.719 584.971 598.192 610.861 623.446 638.928 656.661 669.647 677.918 682.308 681.947 680.075 674.597 665.678 655.624 639.964 618.198 592.882 567.810 551.037 534.817 519.167 494.266 465.414 436.315 404.142
556.849 515.154 499.802 484.010 470.769 466.879 461.254 456.813 448.782 442.699 434.483 419.704 403.381 388.544 383.897 380.035 373.670 380.931 384.801 385.718 378.196 371.311 368.084 365.430 368.839 382.199 394.512 405.111 410.247 406.239 410.723 414.836 415.545 429.051 441.174 457.292 476.863 497.741 508.551 516.509 526.109 540.257 555.474 571.227 591.902 614.184 628.279 638.011 648.756 659.905 672.276 681.154 685.130 684.531 679.355 660.453 637.607 617.779 600.655 586.587 573.711 555.676 522.516 493.072 462.442
483.719 443.461 413.906 397.823 378.550 369.901 362.086 340.821 329.079 323.160 326.866 316.934 300.703 287.168 280.233 274.940 263.866 257.859 262.356 272.941 267.257 264.361 267.345 265.102 262.212 269.159 283.255 291.012 299.229 307.627 310.171 315.558 337.560 349.215 362.116 380.246 400.066 420.574 438.033 449.114 461.703 478.725 493.846 512.941 534.781 561.071 578.347 591.016 601.234 611.608 625.888 643.787 658.982 673.612 684.064 684.059 680.928 660.355 644.469 630.026 621.637 601.462 574.169 545.853 515.740
384.303 345.953 317.713 298.392 276.997 262.278 240.412 212.476 194.929 199.508 207.065 206.542 193.270 181.311 172.154 160.384 146.246 136.417 144.531 152.954 158.604 161.088 164.415 165.804 164.315 160.829 167.575 175.382 184.350 192.736 202.286 227.598 249.329 263.589 281.511 299.383 319.859 341.375 360.152 373.797 390.166 407.546 426.565 446.006 469.517 496.930 518.725 532.117 544.380 556.868 574.331 595.484 615.592 637.069 656.011 666.574 677.972 686.080 684.321 669.977 657.676 641.508 619.950 590.676 563.401
270.403 236.190 213.543 192.039 171.028 147.920 120.501 95.801 78.115 85.574 93.008 103.294 91.889 80.916 75.008 61.276 47.998 34.579 42.554 51.823 67.210 70.605 73.519 79.439 77.815 75.295 67.706 75.658 84.490 96.045 120.393 143.021 164.651 182.933 200.571 220.259 241.575 263.061 285.402 302.054 318.584 337.748 356.252 373.709 394.048 418.858 440.061 457.355 475.720 489.841 511.971 538.930 564.067 593.416 613.438 627.666 639.866 652.084 668.643 679.490 679.698 675.457 653.588 632.784 606.942
131.462 114.035 97.506 76.852 57.450 38.289 13.809 -7.602 -29.596 -24.965 -12.397 1.580 -4.921 -8.751 -11.600 -22.607 -35.756 -48.909 -45.201 -30.629 -14.344 -7.834 -1.815 5.286 5.076 -1.595 -10.218 -5.232 7.334 22.005 42.055 62.929 83.019 101.288 121.532 142.663 164.040 187.115 211.005 228.160 249.086 271.067 288.940 299.996 313.612 336.626 353.542 373.285 393.340 408.617 434.968 466.258 503.312 539.356 571.041 585.163 597.584 608.030 623.813 642.690 659.693 673.483 673.198 669.946 653.385
22.708 5.718 -10.783 -27.584 -46.710 -64.988 -83.148 -103.936 -122.240 -116.499 -102.864 -90.428 -88.058 -90.766 -93.541 -101.079 -114.361 -125.476 -117.330 -102.053 -87.130 -77.520 -71.115 -65.114 -68.036 -76.371 -83.331 -75.987 -61.376 -47.239 -30.548 -10.304 9.786 29.801 50.668 71.436 94.326 117.839 141.544 164.565 185.937 206.393 216.265 226.377 233.932 249.244 265.826 284.507 305.400 326.752 353.953 391.628 429.693 466.060 501.060 525.964 543.086 557.603 576.827 596.895 613.466 627.233 639.334 650.233 656.425
-68.837 -85.090 -94.082 -107.832 -126.194 -139.005 -155.161 -173.431 -174.262 -170.332 -157.917 -155.510 -154.618 -157.406 -158.345 -162.943 -174.433 -168.532 -160.787 -145.935 -135.103 -125.928 -119.787 -115.759 -116.431 -123.662 -121.129 -114.236 -100.059 -88.738 -74.083 -54.003 -37.431 -18.947 1.847 23.225 45.699 69.458 95.021 117.982 136.466 145.192 154.975 160.607 155.139 168.328 181.909 195.486 216.018 236.626 262.480 299.692 341.591 384.804 420.901 457.953 479.274 500.711 522.074 544.457 564.961 581.192 593.179 594.890 600.770
-158.987 -167.658 -177.753 -188.738 -201.540 -214.780 -226.846 -226.944 -229.002 -229.193 -227.143 -224.020 -221.388 -222.284 -223.308 -222.666 -216.967 -212.750 -207.253 -196.798 -185.820 -175.727 -171.797 -167.725 -164.992 -161.952 -159.596 -155.424 -144.317 -132.918 -120.056 -103.636 -86.854 -68.714 -47.366 -25.788 -2.747 22.630 48.245 67.770 76.939 86.337 89.910 85.313 80.946 88.411 100.048 110.527 129.711 150.581 169.237 210.693 256.872 299.881 334.786 369.204 400.656 426.142 449.625 479.295 504.496 530.138 545.899 551.595 556.353
-221.706 -231.429 -241.252 -251.354 -264.441 -274.829 -276.878 -279.026 -280.964 -282.386 -278.928 -275.251 -270.997 -271.378 -271.023 -268.460 -264.263 -258.603 -249.648 -238.916 -227.230 -213.174 -208.850 -204.421 -199.157 -196.700 -193.760 -189.647 -178.504 -167.107 -155.034 -138.481 -121.342 -102.766 -81.157 -56.435 -27.911 -2.131 23.241 44.459 53.112 57.302 55.667 50.027 38.059 37.365 48.203 51.673 64.866 84.838 97.315 132.761 176.524 207.264 241.548 277.208 321.606 348.103 378.587 409.014 438.734 467.813 483.032 490.947 500.072
-282.428 -294.571 -304.747 -314.379 -322.624 -325.060 -327.983 -329.819 -331.039 -332.488 -330.005 -325.817 -321.724 -319.829 -317.263 -314.384 -308.470 -299.642 -291.073 -279.299 -264.890 -250.330 -244.413 -239.119 -233.706 -229.968 -225.951 -222.116 -211.932 -200.401 -189.162 -172.035 -153.941 -135.554 -110.309 -81.256 -52.101 -26.853 -2.019 21.955 25.329 26.666 26.046 12.951 -2.131 -7.466 -4.543 -3.476 4.804 17.006 29.111 56.939 85.416 115.099 150.646 196.113 241.019 271.258 301.681 331.835 358.968 380.789 399.316 413.202 427.804
-335.801 -350.045 -359.321 -363.514 -365.446 -368.896 -368.426 -367.342 -368.534 -371.843 -372.113 -367.280 -363.426 -360.885 -357.883 -347.963 -338.276 -330.716 -323.574 -311.071 -296.769 -281.515 -272.014 -266.060 -257.122 -250.006 -245.917 -243.221 -234.235 -223.867 -218.580 -202.518 -184.266 -156.835 -126.420 -96.649 -65.977 -39.788 -14.857 7.315 7.513 7.606 6.992 -8.536 -23.902 -41.058 -37.948 -36.112 -47.151 -34.473 -22.471 -4.804 22.465 47.766 85.602 130.286 165.052 195.200 225.422 253.695 275.537 296.175 312.723 330.558 345.646
