tests/3D/Borden05m_nopit_001/output_maps/psiliqL0019N0037.asc
ncols         160
nrows         34
xllcorner     620200.000000
yllcorner     5168000.000000
cellsize      0.500000
NODATA_value  -9999.0
[rows 0 to 27 of 34, columns 62 to 123 of 160]
-9999.000 -9999.000 -9999.000 -9999.000 -9999.000 -9999.000 -9999.000 -9999.000 -9999.000 -9999.000 -9999.000 -9999.000 -9999.000 -9999.000 -9999.000 -9999.000 -9999.000 -9999.000 -9999.000 -9999.000 -9999.000 -9999.000 -9999.000 -9999.000 -9999.000 -9999.000 -9999.000 -9999.000 -9999.000 -9999.000 -9999.000 -9999.000 -9999.000 -9999.000 -9999.000 -9999.000 -9999.000 -9999.000 -9999.000 -9999.000 -9999.000 -9999.000 -9999.000 -9999.000 -9999.000 -9999.000 -9999.000 -9999.000 -9999.000 -9999.000 -9999.000 -9999.000 -9999.000 -9999.000 -9999.000 -9999.000 -9999.000 -9999.000 -9999.000 -9999.000 -9999.000 -9999.000
1984.846 1976.007 1966.627 1958.352 1954.149 1952.982 1952.031 1951.393 1956.326 1964.223 1971.730 1978.645 1980.951 1983.246 1985.208 1985.487 1984.218 1980.912 1977.531 1974.082 1972.433 1964.652 1953.364 1944.767 1942.026 1946.320 1950.727 1953.217 1958.774 1969.373 1980.121 1988.734 2001.002 2007.457 2012.786 2015.712 2011.820 2008.568 2004.839 1999.383 1988.397 -9999.000 -9999.000 -9999.000 -9999.000 -9999.000 -9999.000 -9999.000 -9999.000 -9999.000 -9999.000 -9999.000 -9999.000 -9999.000 -9999.000 -9999.000 -9999.000 -9999.000 -9999.000 -9999.000 -9999.000 -9999.000
1964.892 1960.171 1951.434 1946.073 1940.462 1938.063 1937.925 1937.742 1941.490 1951.777 1959.529 1964.068 1966.513 1969.106 1968.108 1967.357 1966.982 1964.006 1960.478 1957.026 1955.143 1955.989 1948.349 1942.586 1938.912 1936.630 1939.243 1941.785 1945.756 1955.136 1963.228 1971.372 1986.162 1999.034 2004.611 2002.243 1997.620 1994.009 1987.176 1976.965 1966.906 1957.912 1951.467 1946.221 1940.414 1946.827 1954.218 1964.014 1973.415 1985.530 1997.779 -9999.000 -9999.000 -9999.000 -9999.000 -9999.000 -9999.000 -9999.000 -9999.000 -9999.000 -9999.000 -9999.000
1944.760 1947.567 1943.975 1939.033 1932.518 1941.474 1942.391 1943.111 1946.150 1948.499 1952.376 1954.817 1960.011 1968.840 1971.448 1971.792 1971.755 1969.733 1966.447 1964.475 1961.615 1956.299 1954.793 1954.701 1953.899 1958.407 1959.900 1962.197 1956.125 1960.146 1966.444 1973.430 1979.599 1986.157 1989.627 1986.552 1986.590 1978.482 1965.019 1954.753 1946.988 1946.272 1943.405 1935.756 1922.829 1930.721 1946.735 1951.599 1954.734 1966.238 1978.583 1989.008 1991.760 1991.475 1991.156 1988.388 1974.576 1959.899 1944.941 1926.311 -9999.000 -9999.000
1951.808 1949.831 1946.286 1942.868 1954.041 1962.570 1963.843 1966.243 1969.774 1969.636 1958.057 1955.654 1963.275 1973.089 1978.379 1978.391 1978.002 1975.037 1973.815 1973.384 1971.255 1971.294 1973.178 1971.907 1975.638 1981.127 1984.197 1977.652 1968.955 1970.540 1978.716 1987.423 1994.998 2005.574 2016.834 2016.663 2011.877 2003.481 1990.846 1968.296 1950.104 1939.551 1932.348 1925.440 1927.126 1923.615 1936.321 1938.278 1940.626 1948.574 1958.990 1969.499 1975.602 1975.044 1974.418 1971.998 1962.493 1947.770 1932.982 1915.813 1889.728 1861.054
1952.418 1951.696 1953.109 1963.346 1975.653 1988.085 1990.021 1991.848 1990.739 1982.192 1971.772 1968.336 1982.155 1998.312 2006.131 2006.012 2003.419 2008.348 2007.491 2006.644 2002.338 2003.628 2003.162 2010.829 2018.327 2025.713 2024.103 2012.005 2000.280 1999.539 2003.667 2008.766 2015.760 2026.140 2035.830 2031.235 2025.468 2017.234 1990.664 1966.292 1951.263 1952.064 1952.996 1948.791 1946.598 1944.853 1939.598 1939.779 1939.241 1939.050 1951.317 1964.263 1967.848 1961.454 1957.637 1955.423 1947.253 1936.006 1920.448 1903.482 1884.154 1856.030
1986.098 1987.438 1993.926 2005.076 2019.666 2041.882 2042.587 2044.033 2044.560 2032.392 2019.548 2008.797 2028.262 2038.567 2046.246 2045.740 2053.132 2062.181 2057.918 2050.591 2039.426 2045.236 2054.398 2069.272 2076.398 2080.793 2078.054 2065.802 2059.712 2059.702 2063.942 2063.322 2069.889 2079.670 2094.924 2094.466 2088.645 2068.100 2032.051 2000.938 1984.950 1993.885 1988.281 1982.347 1980.903 1968.916 1960.305 1961.985 1953.565 1948.465 1960.752 1967.450 1969.086 1961.925 1967.217 1960.121 1940.430 1923.586 1908.659 1894.301 1877.985 1871.458
2007.054 2012.444 2021.867 2039.385 2059.155 2080.358 2083.574 2081.761 2090.896 2083.969 2073.805 2065.744 2081.216 2092.065 2102.769 2110.359 2122.700 2133.442 2120.610 2106.276 2098.654 2104.488 2126.534 2145.807 2150.596 2150.796 2152.067 2140.361 2134.681 2129.619 2127.106 2122.955 2120.130 2141.707 2160.733 2160.227 2138.538 2116.048 2079.446 2042.914 2015.483 2022.041 2020.002 2021.847 2010.048 1997.236 1985.895 1980.359 1973.143 1961.703 1969.245 1974.408 1983.517 1991.758 1994.462 1978.009 1960.550 1941.349 1923.229 1909.067 1903.276 1897.433
2082.131 2094.381 2101.125 2116.975 2136.950 2164.955 2181.200 2195.949 2199.594 2191.549 2182.641 2169.933 2171.009 2190.768 2202.230 2211.497 2220.866 2233.102 2236.113 2231.493 2230.300 2233.868 2243.620 2254.830 2261.378 2265.604 2269.780 2261.892 2250.647 2246.379 2239.334 2235.331 2233.870 2240.766 2256.448 2254.419 2224.502 2198.638 2166.511 2130.267 2101.243 2090.270 2103.308 2097.515 2081.464 2067.342 2037.850 2027.742 2015.887 1990.435 1988.926 1995.300 2006.892 2019.301 2005.594 1989.314 1971.597 1951.690 1933.651 1926.707 1925.174 1922.109
2199.587 2206.578 2209.946 2216.343 2247.785 2281.118 2307.474 2330.203 2337.608 2326.155 2316.258 2303.525 2294.288 2301.337 2316.677 2333.440 2348.455 2359.503 2362.328 2360.918 2361.044 2363.444 2366.320 2369.787 2376.831 2384.125 2393.409 2402.980 2395.149 2378.530 2367.836 2356.563 2353.794 2353.960 2355.192 2356.114 2344.953 2309.699 2280.931 2250.162 2226.950 2210.901 2204.670 2187.152 2165.266 2118.532 2081.328 2049.744 2027.986 2004.026 2007.682 2028.892 2066.104 2065.502 2053.845 2038.046 2014.316 1990.961 1968.950 1964.079 1962.059 1957.356
2322.241 2326.444 2329.686 2334.120 2357.869 2396.241 2433.447 2463.089 2464.667 2453.016 2442.062 2432.198 2419.749 2416.019 2425.893 2438.810 2456.626 2467.404 2475.251 2473.301 2473.593 2474.618 2476.728 2478.621 2481.293 2489.447 2502.686 2515.386 2515.567 2499.765 2482.548 2466.106 2461.433 2457.426 2452.393 2453.946 2455.649 2444.899 2417.801 2381.231 2341.051 2320.472 2303.401 2292.546 2277.394 2246.230 2189.560 2156.538 2121.938 2092.769 2084.555 2139.413 2149.513 2138.995 2126.489 2104.016 2077.050 2053.190 2029.887 2024.930 2020.619 2013.181
2436.593 2443.258 2447.347 2454.835 2470.844 2497.935 2529.242 2556.732 2572.640 2566.759 2551.570 2531.984 2524.542 2522.436 2525.134 2533.011 2543.228 2560.454 2577.837 2583.338 2584.124 2581.571 2583.765 2585.057 2585.117 2587.031 2593.533 2601.896 2604.841 2598.689 2580.467 2559.014 2546.393 2539.050 2535.313 2535.022 2538.460 2540.169 2527.494 2496.260 2456.287 2425.704 2408.077 2394.653 2381.865 2371.197 2346.565 2328.388 2296.377 2252.254 2221.874 2242.415 2234.240 2223.662 2200.578 2170.776 2142.237 2111.631 2084.717 2072.723 2068.153 2065.130
2546.019 2550.443 2558.654 2573.551 2594.209 2610.264 2629.537 2652.998 2667.089 2672.414 2671.708 2669.073 2670.554 2670.798 2626.637 2631.226 2635.774 2647.805 2659.418 2663.474 2663.921 2662.128 2663.561 2664.096 2664.108 2663.746 2664.874 2668.442 2669.801 2668.104 2658.587 2669.165 2650.880 2638.376 2630.682 2622.881 2614.692 2605.475 2596.077 2578.534 2550.495 2517.669 2494.227 2485.287 2479.662 2472.859 2468.031 2452.825 2431.786 2400.139 2362.408 2335.969 2330.843 2315.183 2284.663 2258.538 2239.331 2204.760 2173.673 2154.324 2149.795 2138.008
2649.941 2654.421 2667.202 2681.872 2671.299 2677.165 2683.236 2689.268 2691.340 2691.932 2691.658 2689.372 2688.825 2686.812 2682.792 2672.891 2674.437 2676.151 2678.696 2682.300 2681.084 2682.088 2685.006 2683.387 2677.666 2673.864 2672.294 2673.006 2680.232 2683.506 2684.360 2682.189 2681.384 2680.666 2678.246 2675.228 2670.977 2665.543 2674.558 2663.759 2638.641 2602.789 2565.630 2555.494 2554.785 2555.394 2553.645 2548.324 2531.041 2504.701 2469.032 2431.861 2421.414 2408.178 2392.914 2379.359 2362.572 2324.933 2288.862 2264.230 2250.471 2226.389
2690.033 2692.549 2694.607 2691.494 2688.299 2683.574 2682.206 2680.923 2678.552 2679.209 2677.330 2673.406 2669.701 2662.608 2651.588 2640.424 2637.421 2641.863 2647.152 2651.855 2655.638 2659.129 2659.679 2654.634 2646.598 2639.377 2637.606 2644.211 2649.801 2655.618 2656.367 2654.984 2652.751 2652.732 2649.888 2650.220 2656.883 2670.676 2674.844 2678.973 2678.334 2666.526 2645.178 2647.319 2627.962 2632.870 2628.506 2617.469 2596.936 2573.645 2544.114 2515.227 2494.496 2487.002 2481.700 2475.218 2463.384 2427.198 2393.613 2363.955 2342.229 2316.843
2674.292 2681.217 2682.434 2675.552 2667.304 2660.402 2653.494 2651.389 2650.571 2650.199 2650.569 2645.405 2637.028 2621.125 2609.747 2598.757 2592.870 2590.084 2594.295 2604.731 2615.497 2620.286 2612.369 2604.521 2593.432 2585.469 2585.818 2587.438 2596.568 2611.752 2617.683 2618.354 2612.560 2607.049 2600.743 2598.122 2604.551 2619.333 2634.957 2649.233 2657.619 2664.909 2671.486 2672.418 2674.267 2675.233 2673.615 2674.427 2658.142 2636.135 2610.232 2586.038 2560.495 2555.418 2554.427 2550.656 2548.464 2518.296 2483.319 2449.970 2422.790 2396.586
2647.830 2650.359 2646.822 2640.514 2630.729 2620.104 2610.718 2604.074 2605.124 2607.492 2608.912 2602.304 2587.772 2570.606 2557.485 2543.899 2540.106 2534.876 2529.059 2539.354 2557.614 2564.354 2549.721 2539.476 2524.950 2518.070 2514.556 2515.665 2524.690 2545.583 2567.003 2568.520 2558.143 2547.861 2542.947 2539.834 2545.018 2561.893 2581.662 2596.571 2606.146 2611.293 2618.906 2628.018 2640.905 2654.498 2665.802 2672.066 2678.174 2674.987 2665.670 2655.801 2633.720 2619.990 2611.475 2606.766 2599.281 2576.926 2548.957 2522.166 2495.801 2472.961
2612.416 2609.387 2603.680 2597.038 2579.975 2568.204 2556.299 2542.540 2539.301 2535.805 2537.501 2526.586 2517.884 2500.865 2485.895 2470.665 2459.049 2453.492 2447.383 2448.613 2462.968 2471.648 2460.431 2450.558 2438.974 2433.718 2430.391 2432.514 2442.711 2463.227 2481.411 2488.835 2480.995 2477.551 2476.070 2474.302 2479.785 2491.701 2509.816 2530.712 2547.526 2556.558 2563.325 2572.453 2586.313 2599.761 2613.309 2630.208 2651.086 2665.909 2675.134 2676.968 2675.989 2670.174 2669.617 2659.400 2647.716 2629.093 2605.002 2578.293 2552.308 2534.906
2572.309 2566.509 2561.055 2542.558 2492.649 2473.829 2456.187 2441.189 2435.630 2428.351 2416.728 2408.383 2403.362 2401.666 2387.464 2370.491 2353.947 2349.197 2345.575 2332.398 2332.282 2334.085 2344.569 2337.977 2334.611 2334.589 2332.100 2334.173 2347.130 2356.537 2363.886 2369.988 2371.425 2379.624 2386.117 2392.663 2408.311 2419.525 2434.996 2454.877 2478.554 2492.103 2500.866 2510.796 2525.479 2541.107 2557.904 2579.446 2603.878 2619.262 2629.747 2641.041 2653.499 2667.436 2674.057 2680.732 2679.220 2674.610 2652.285 2625.224 2604.601 2586.936
2512.229 2510.146 2501.518 2454.117 2413.707 2381.653 2365.051 2343.238 2331.701 2318.697 2286.887 2271.740 2269.380 2280.188 2274.408 2258.884 2246.494 2238.101 2230.335 2215.163 2201.204 2206.715 2222.265 2220.772 2221.815 2227.873 2226.709 2221.396 2222.223 2234.949 2241.185 2251.170 2265.268 2269.172 2281.347 2310.523 2322.718 2336.724 2354.762 2374.687 2395.918 2416.306 2428.990 2442.938 2460.579 2476.397 2495.969 2517.982 2546.006 2565.610 2579.130 2589.485 2599.859 2614.601 2634.145 2651.784 2668.633 2678.467 2679.117 2669.766 2650.869 2632.424
2417.188 2411.643 2388.298 2340.219 2303.849 2278.919 2258.330 2236.211 2216.096 2184.771 2152.842 2132.859 2144.678 2154.738 2162.033 2150.111 2139.065 2129.781 2114.187 2098.454 2084.537 2094.525 2103.109 2117.201 2122.469 2126.163 2130.372 2128.860 2120.691 2119.822 2127.640 2137.000 2147.460 2164.361 2195.823 2219.149 2235.580 2254.741 2272.745 2293.379 2315.391 2336.262 2351.601 2368.783 2386.454 2406.210 2425.053 2447.736 2475.261 2499.420 2514.197 2528.048 2540.907 2559.279 2581.858 2603.532 2627.212 2647.738 2660.064 2672.295 2677.719 2673.310
2305.596 2289.310 2248.637 2208.407 2183.079 2166.949 2144.814 2124.266 2097.873 2066.767 2044.400 2025.258 2034.870 2044.399 2061.143 2051.660 2043.548 2039.687 2025.106 2011.966 1996.724 2003.686 2014.819 2035.354 2040.399 2044.076 2052.172 2051.046 2047.079 2033.019 2040.016 2049.870 2063.140 2091.433 2113.694 2135.449 2155.483 2173.750 2194.090 2215.474 2237.384 2261.715 2279.648 2297.185 2317.283 2335.676 2350.683 2367.941 2391.731 2412.498 2431.890 2452.486 2466.757 2490.142 2519.133 2547.513 2579.894 2602.622 2617.403 2629.471 2641.256 2659.595
2166.867 2123.161 2090.840 2066.023 2059.556 2046.406 2027.010 2008.582 1989.974 1967.761 1948.591 1925.143 1930.689 1945.695 1961.954 1960.741 1960.241 1958.527 1948.838 1935.668 1922.329 1926.119 1942.339 1959.721 1968.498 1975.579 1983.035 1982.687 1974.031 1964.310 1968.902 1982.941 1998.164 2016.186 2036.393 2056.364 2075.376 2096.395 2117.805 2139.449 2162.922 2187.885 2206.923 2228.823 2251.568 2267.896 2276.815 2286.078 2306.187 2321.923 2342.367 2363.640 2380.279 2406.760 2439.822 2479.506 2517.848 2554.746 2571.205 2584.068 2594.110 2609.492
2045.676 2014.737 1987.062 1977.393 1962.336 1948.831 1934.451 1915.465 1899.236 1884.012 1863.603 1851.181 1858.369 1872.259 1882.262 1887.787 1885.771 1883.564 1877.495 1863.984 1857.457 1866.859 1882.084 1896.190 1907.020 1913.677 1919.011 1915.882 1906.841 1902.254 1909.868 1924.697 1937.998 1952.927 1972.751 1992.051 2012.221 2033.224 2053.886 2076.829 2100.442 2124.674 2149.347 2170.433 2188.790 2197.041 2205.798 2207.449 2219.052 2234.289 2251.009 2272.032 2294.562 2320.104 2358.297 2397.842 2436.280 2474.241 2505.796 2524.607 2540.478 2559.713
1974.325 1945.937 1918.254 1894.437 1881.730 1875.534 1863.386 1846.884 1835.981 1821.012 1808.719 1812.888 1815.506 1825.444 1825.399 1826.627 1824.355 1823.884 1821.045 1813.196 1823.033 1830.008 1843.886 1854.141 1863.593 1869.401 1872.999 1873.341 1867.881 1872.326 1878.376 1891.826 1902.567 1915.892 1935.162 1951.127 1968.965 1989.641 2010.957 2033.176 2057.003 2082.954 2105.809 2122.698 2129.077 2137.364 2139.232 2129.087 2139.700 2151.425 2161.900 2181.593 2201.396 2223.003 2259.907 2303.456 2349.660 2386.540 2428.635 2453.873 2477.283 2498.694
1890.330 1862.043 1834.855 1814.220 1808.792 1798.771 1788.886 1777.591 1764.884 1756.829 1761.313 1759.480 1758.042 1757.736 1760.887 1764.325 1763.992 1763.246 1765.535 1774.632 1779.041 1784.485 1793.905 1805.010 1816.152 1819.810 1823.929 1827.754 1832.432 1834.929 1838.435 1848.772 1860.048 1872.130 1887.674 1904.385 1922.155 1943.354 1965.310 1988.847 2014.216 2040.332 2060.554 2068.381 2076.943 2078.240 2070.892 2064.304 2067.908 2078.510 2085.404 2101.867 2122.348 2134.207 2172.300 2219.289 2260.443 2295.667 2330.232 2368.989 2395.640 2420.254
1825.838 1797.829 1775.985 1761.057 1751.307 1741.452 1731.526 1719.377 1711.816 1712.259 1710.135 1708.380 1706.577 1709.963 1713.833 1718.450 1718.687 1719.721 1722.711 1727.124 1733.491 1742.812 1753.570 1765.667 1780.754 1785.531 1790.108 1795.822 1798.466 1801.603 1805.449 1816.168 1827.529 1839.108 1855.414 1872.562 1890.760 1912.357 1937.313 1966.338 1992.363 2018.113 2040.899 2049.503 2052.744 2050.387 2043.139 2028.916 2025.863 2034.630 2035.346 2045.035 2062.690 2070.869 2098.313 2137.965 2165.299 2199.074 2236.621 2286.770 2315.009 2346.165
1757.458 1737.064 1721.500 1703.198 1690.514 1680.349 1671.911 1666.278 1665.517 1663.185 1661.914 1660.873 1659.092 1660.936 1665.340 1669.441 1671.923 1674.903 1678.910 1685.521 1694.587 1702.821 1714.622 1729.294 1744.473 1751.314 1756.792 1762.673 1766.938 1771.076 1774.604 1784.257 1795.626 1805.761 1822.449 1840.584 1859.397 1884.440 1913.508 1943.238 1968.880 1993.806 2019.379 2022.638 2023.462 2022.661 2007.746 1992.375 1984.735 1986.009 1986.407 1989.175 1999.093 2009.150 2029.605 2052.516 2079.323 2113.827 2160.452 2205.361 2237.803 2267.171
