tests/3D/Borden05m_nopit_001/output_maps/psiliqL0018N0033.asc
ncols         160
nrows         34
xllcorner     620200.000000
yllcorner     5168000.000000
cellsize      0.500000
NODATA_value  -9999.0
[rows 0 to 27 of 34, columns 62 to 123 of 160]
-9999.000 -9999.000 -9999.000 -9999.000 -9999.000 -9999.000 -9999.000 -9999.000 -9999.000 -9999.000 -9999.000 -9999.000 -9999.000 -9999.000 -9999.000 -9999.000 -9999.000 -9999.000 -9999.000 -9999.000 -9999.000 -9999.000 -9999.000 -9999.000 -9999.000 -9999.000 -9999.000 -9999.000 -9999.000 -9999.000 -9999.000 -9999.000 -9999.000 -9999.000 -9999.000 -9999.000 -9999.000 -9999.000 -9999.000 -9999.000 -9999.000 -9999.000 -9999.000 -9999.000 -9999.000 -9999.000 -9999.000 -9999.000 -9999.000 -9999.000 -9999.000 -9999.000 -9999.000 -9999.000 -9999.000 -9999.000 -9999.000 -9999.000 -9999.000 -9999.000 -9999.000 -9999.000
1785.030 1776.149 1766.764 1758.434 1754.233 1753.072 1752.111 1751.479 1756.431 1764.314 1771.815 1778.745 1781.045 1783.340 1785.327 1785.620 1784.340 1781.032 1777.653 1774.202 1772.567 1764.728 1753.420 1744.785 1742.038 1746.352 1750.770 1753.266 1758.880 1769.511 1780.283 1788.901 1801.128 1807.503 1812.830 1815.804 1811.925 1808.673 1804.978 1799.620 1788.650 -9999.000 -9999.000 -9999.000 -9999.000 -9999.000 -9999.000 -9999.000 -9999.000 -9999.000 -9999.000 -9999.000 -9999.000 -9999.000 -9999.000 -9999.000 -9999.000 -9999.000 -9999.000 -9999.000 -9999.000 -9999.000
1765.061 1760.280 1751.515 1746.127 1740.506 1738.153 1738.005 1737.824 1741.597 1751.828 1759.586 1764.134 1766.563 1769.131 1768.226 1767.490 1767.104 1764.126 1760.600 1757.147 1755.267 1756.031 1748.389 1742.664 1739.025 1736.843 1739.440 1741.963 1745.847 1755.258 1763.380 1771.548 1786.283 1799.110 1804.668 1802.323 1797.691 1794.106 1787.352 1777.218 1767.149 1758.032 1751.537 1746.305 1740.583 1746.993 1754.313 1764.178 1773.675 1785.799 1798.050 -9999.000 -9999.000 -9999.000 -9999.000 -9999.000 -9999.000 -9999.000 -9999.000 -9999.000 -9999.000 -9999.000
1744.924 1747.642 1744.009 1739.063 1732.744 1741.561 1742.483 1743.221 1746.255 1748.687 1752.402 1754.860 1760.048 1768.870 1771.464 1771.809 1771.772 1769.758 1766.479 1764.517 1761.659 1756.347 1754.891 1754.843 1754.116 1758.690 1760.182 1762.391 1756.236 1760.198 1766.503 1773.490 1779.750 1786.366 1789.967 1786.919 1786.870 1778.788 1765.343 1755.009 1747.191 1746.332 1743.471 1735.855 1723.035 1730.861 1746.856 1751.729 1754.943 1766.509 1778.864 1789.277 1791.966 1791.690 1791.383 1788.650 1774.852 1760.193 1745.271 1726.657 -9999.000 -9999.000
1751.816 1749.839 1746.310 1743.049 1754.350 1762.933 1764.210 1766.626 1770.117 1769.854 1758.186 1755.745 1763.433 1773.287 1778.614 1778.617 1778.240 1775.393 1774.176 1773.726 1771.561 1771.691 1773.634 1772.540 1776.393 1781.890 1784.928 1778.192 1769.452 1770.939 1779.073 1787.718 1795.288 1805.920 1817.246 1817.003 1812.169 1803.777 1791.102 1768.524 1750.221 1739.716 1732.616 1725.750 1727.240 1723.891 1736.429 1738.405 1740.724 1748.762 1759.191 1769.681 1775.772 1775.241 1774.647 1772.249 1762.769 1748.068 1733.305 1716.217 1690.232 1661.612
1752.624 1751.957 1753.530 1764.010 1776.418 1789.051 1791.004 1792.854 1791.789 1783.109 1772.685 1769.152 1783.070 1799.163 1806.993 1806.944 1804.615 1809.820 1808.833 1807.800 1803.366 1804.746 1804.569 1812.568 1820.047 1827.355 1825.710 1813.653 1802.014 1801.174 1805.107 1809.937 1816.843 1827.253 1837.021 1832.445 1826.577 1818.202 1791.476 1766.833 1751.679 1752.530 1753.471 1749.283 1747.052 1745.172 1739.739 1739.906 1739.404 1739.219 1751.488 1764.390 1767.986 1761.646 1757.872 1755.677 1747.476 1736.283 1720.780 1703.847 1684.597 1656.488
1786.877 1788.373 1794.979 1806.269 1821.153 1843.471 1844.379 1845.989 1846.798 1834.746 1821.963 1811.108 1830.211 1840.423 1848.190 1847.996 1855.729 1864.848 1860.493 1853.022 1841.990 1847.836 1857.393 1872.236 1879.251 1883.522 1881.048 1869.029 1863.034 1862.802 1866.720 1865.837 1872.101 1882.025 1897.323 1896.980 1890.786 1870.129 1834.196 1802.802 1786.308 1794.876 1789.264 1783.382 1781.733 1769.597 1760.770 1762.316 1753.835 1748.665 1760.902 1767.566 1769.245 1762.191 1767.521 1760.385 1740.866 1723.998 1709.026 1694.678 1678.508 1671.920
1809.576 1815.160 1824.498 1842.040 1862.093 1883.502 1887.385 1886.267 1895.342 1888.430 1878.367 1870.233 1884.865 1895.830 1906.611 1914.478 1926.784 1937.578 1925.275 1911.334 1904.112 1909.782 1931.327 1950.158 1954.949 1955.313 1956.847 1945.655 1939.853 1934.553 1931.630 1927.258 1924.293 1945.332 1963.995 1963.442 1941.718 1919.250 1883.060 1846.686 1818.796 1824.424 1822.561 1824.186 1812.132 1799.151 1787.202 1781.223 1773.901 1762.181 1769.493 1774.739 1784.012 1792.422 1794.863 1778.430 1760.995 1741.798 1723.628 1709.463 1703.783 1698.022
1887.286 1899.367 1905.939 1921.431 1941.832 1970.166 1987.013 2002.276 2005.885 1997.704 1988.747 1975.941 1976.424 1995.597 2007.038 2016.444 2025.957 2038.139 2041.531 2037.240 2036.142 2039.598 2048.819 2059.567 2066.088 2070.483 2074.884 2067.759 2056.750 2052.159 2044.886 2040.486 2038.926 2045.166 2060.149 2058.285 2029.306 2003.574 1971.856 1935.908 1906.919 1895.245 1907.418 1901.094 1885.056 1870.402 1840.395 1829.566 1817.348 1791.549 1789.802 1796.601 1808.461 1820.487 1806.611 1790.338 1772.545 1752.586 1734.369 1727.467 1725.966 1722.915
2004.769 2011.570 2014.982 2021.382 2052.697 2085.972 2112.529 2135.261 2142.704 2131.377 2121.466 2108.847 2099.550 2106.025 2121.090 2137.724 2152.754 2163.762 2166.696 2165.312 2165.449 2167.747 2170.607 2173.951 2180.789 2188.033 2197.408 2207.203 2199.750 2183.185 2172.285 2160.685 2157.629 2157.617 2158.468 2159.366 2149.014 2114.739 2086.384 2055.809 2032.071 2015.609 2008.506 1991.083 1969.547 1923.480 1886.286 1854.652 1832.439 1808.175 1811.151 1832.799 1869.124 1867.840 1856.220 1840.294 1816.490 1793.031 1770.744 1765.673 1763.571 1758.796
2126.842 2131.119 2134.495 2139.185 2162.487 2200.379 2237.259 2266.660 2268.493 2257.157 2246.262 2236.289 2224.129 2220.432 2229.895 2242.438 2259.881 2270.709 2278.817 2277.069 2277.372 2278.281 2280.356 2282.211 2284.739 2292.667 2305.627 2318.053 2318.392 2303.067 2285.965 2269.464 2264.464 2260.226 2255.179 2256.613 2258.290 2248.309 2221.845 2185.770 2145.630 2124.484 2107.131 2096.286 2081.403 2051.629 1996.432 1964.353 1930.218 1900.735 1891.086 1943.932 1952.632 1942.133 1929.342 1906.713 1879.897 1855.888 1832.327 1826.916 1822.509 1815.053
2240.476 2247.090 2251.386 2259.152 2275.077 2301.390 2332.052 2359.198 2375.179 2369.593 2354.833 2335.653 2328.579 2326.598 2329.154 2336.775 2346.582 2363.449 2380.511 2385.969 2386.741 2384.208 2386.366 2387.616 2387.668 2389.426 2395.615 2403.740 2406.619 2400.724 2382.951 2361.822 2349.014 2341.546 2337.764 2337.277 2340.455 2341.934 2329.596 2299.055 2259.791 2229.129 2211.139 2197.631 2185.050 2174.667 2151.309 2133.575 2102.246 2058.752 2028.034 2045.878 2037.634 2027.011 2003.895 1974.365 1946.358 1915.696 1888.471 1875.835 1871.050 1867.705
2348.967 2353.338 2361.688 2376.555 2396.790 2412.366 2431.101 2454.058 2467.799 2473.135 2472.584 2470.178 2471.704 2471.931 2430.828 2435.143 2439.413 2450.615 2461.607 2465.414 2465.831 2464.161 2465.529 2466.028 2466.059 2465.701 2466.635 2469.957 2471.223 2469.643 2460.638 2469.966 2451.970 2439.628 2432.023 2424.301 2416.128 2406.953 2397.643 2380.512 2352.941 2320.375 2296.639 2287.552 2282.018 2275.496 2270.824 2255.926 2235.181 2204.111 2166.729 2139.545 2133.968 2118.403 2088.494 2063.031 2044.331 2009.977 1978.724 1958.911 1953.892 1941.558
2451.067 2455.516 2468.109 2482.456 2472.775 2478.237 2483.889 2489.505 2491.434 2491.986 2491.730 2489.462 2488.952 2487.007 2482.898 2473.089 2474.626 2476.301 2478.835 2482.417 2481.184 2482.172 2485.084 2483.490 2477.823 2474.068 2472.500 2473.166 2480.360 2483.601 2484.441 2482.470 2481.690 2481.022 2478.770 2475.961 2472.004 2466.946 2475.016 2464.432 2439.804 2404.681 2368.193 2357.674 2356.580 2357.323 2355.560 2350.309 2333.109 2306.991 2271.673 2234.771 2223.789 2210.727 2196.045 2182.931 2166.528 2129.271 2093.291 2068.368 2054.146 2029.946
2490.358 2492.826 2494.708 2491.577 2488.351 2483.654 2482.318 2481.046 2478.686 2479.347 2477.469 2473.569 2469.919 2462.968 2452.038 2440.877 2437.965 2442.430 2447.665 2452.293 2455.968 2459.421 2460.061 2455.087 2447.117 2439.952 2438.164 2444.725 2450.292 2455.994 2456.725 2455.347 2453.160 2453.183 2450.415 2450.773 2457.374 2471.016 2475.429 2479.274 2478.681 2467.688 2447.815 2448.434 2429.191 2433.939 2429.637 2418.678 2398.305 2375.218 2346.020 2317.473 2296.487 2289.009 2283.832 2277.476 2266.048 2230.395 2197.004 2167.264 2145.301 2119.974
2474.480 2481.384 2482.625 2475.770 2467.575 2460.725 2453.901 2451.835 2450.974 2450.581 2450.928 2445.785 2437.560 2421.838 2410.492 2399.514 2393.635 2391.013 2395.347 2405.651 2416.186 2420.933 2413.243 2405.497 2394.529 2386.585 2386.919 2388.636 2397.707 2412.620 2418.290 2418.945 2413.267 2407.923 2401.682 2399.142 2405.578 2420.283 2435.730 2449.796 2458.070 2465.302 2471.807 2473.171 2474.894 2475.796 2474.292 2474.774 2458.770 2437.124 2411.745 2387.806 2362.386 2357.139 2356.018 2352.251 2350.095 2320.427 2285.752 2252.588 2225.389 2199.294
2448.165 2450.788 2447.340 2441.040 2431.285 2420.721 2411.380 2404.890 2405.942 2408.309 2409.686 2403.185 2388.783 2371.718 2358.651 2345.106 2341.333 2336.208 2330.690 2341.014 2359.033 2365.668 2351.273 2341.133 2326.716 2319.788 2316.355 2317.520 2326.564 2347.199 2368.184 2369.613 2359.336 2349.159 2344.223 2341.137 2346.425 2363.338 2382.952 2397.683 2407.133 2412.268 2419.872 2428.961 2441.645 2455.066 2466.230 2472.787 2478.501 2475.536 2466.864 2456.610 2434.931 2421.345 2412.739 2407.969 2400.429 2378.374 2350.700 2324.100 2297.815 2275.155
2412.902 2410.015 2404.365 2397.775 2381.287 2369.611 2357.857 2344.272 2341.128 2337.830 2339.615 2328.785 2319.954 2302.833 2287.913 2272.734 2261.390 2255.853 2249.835 2251.540 2266.039 2274.760 2263.260 2253.355 2241.616 2236.239 2232.918 2234.985 2245.146 2265.827 2283.997 2291.265 2283.351 2279.567 2277.854 2276.067 2281.434 2293.554 2311.720 2332.398 2348.889 2357.808 2364.585 2373.728 2387.528 2400.901 2414.357 2431.119 2451.688 2466.332 2475.468 2477.564 2476.655 2471.241 2470.200 2460.122 2448.608 2430.289 2406.437 2379.872 2353.982 2336.644
2373.037 2367.259 2361.818 2343.987 2294.900 2276.426 2258.969 2244.147 2238.756 2231.642 2220.737 2212.423 2207.296 2204.948 2190.689 2173.780 2157.408 2152.668 2149.022 2136.526 2137.148 2139.158 2148.686 2142.000 2138.283 2137.941 2135.436 2137.642 2150.640 2160.338 2168.013 2174.018 2174.912 2182.740 2188.996 2194.959 2210.394 2221.700 2237.237 2257.090 2280.488 2293.766 2302.451 2312.350 2326.983 2342.573 2359.270 2380.730 2404.953 2420.214 2430.630 2441.876 2454.211 2468.000 2474.856 2481.271 2479.861 2475.204 2453.230 2426.598 2406.062 2388.455
2313.775 2311.676 2303.288 2257.077 2216.683 2184.879 2168.328 2146.770 2135.521 2123.036 2092.281 2077.474 2074.759 2084.857 2078.661 2063.067 2050.562 2042.315 2034.796 2020.034 2006.871 2012.280 2027.334 2025.422 2026.072 2031.822 2030.551 2025.481 2026.920 2039.784 2046.172 2055.981 2069.510 2073.278 2084.776 2113.235 2125.377 2139.274 2157.322 2177.239 2198.399 2218.496 2231.022 2244.837 2262.419 2278.171 2297.699 2319.700 2347.555 2366.933 2380.375 2390.723 2401.105 2415.810 2435.200 2452.605 2469.244 2479.152 2479.749 2471.031 2451.976 2433.795
2219.995 2214.509 2192.065 2144.627 2108.060 2082.799 2062.336 2040.290 2020.714 1990.336 1958.805 1939.066 1950.161 1959.971 1966.484 1954.428 1943.291 1934.019 1918.807 1903.234 1889.726 1899.526 1908.095 1921.343 1926.333 1929.991 1933.918 1932.409 1924.708 1924.601 1932.418 1941.740 1951.993 1968.159 1999.008 2022.175 2038.390 2057.429 2075.421 2096.041 2118.005 2138.669 2153.841 2170.944 2188.589 2208.275 2227.181 2249.951 2277.470 2301.398 2316.042 2329.742 2342.572 2360.862 2383.309 2404.838 2428.310 2448.692 2460.856 2473.017 2478.722 2474.590
2109.730 2094.313 2054.697 2014.607 1988.390 1971.608 1949.537 1928.942 1902.878 1872.141 1849.540 1830.544 1839.941 1849.261 1865.358 1855.684 1847.285 1843.220 1828.724 1815.570 1800.511 1807.574 1818.521 1838.541 1843.422 1847.022 1854.901 1853.725 1849.904 1836.491 1843.584 1853.337 1866.436 1894.335 1916.634 1938.377 1958.237 1976.443 1996.719 2018.098 2039.968 2064.101 2081.908 2099.347 2119.355 2137.762 2153.018 2170.588 2194.484 2215.300 2234.488 2254.867 2269.130 2292.399 2321.196 2349.264 2381.355 2403.827 2418.568 2430.664 2442.507 2460.683
1972.705 1930.329 1898.309 1872.567 1865.004 1851.516 1831.994 1813.469 1794.805 1772.366 1752.972 1729.669 1735.124 1749.886 1765.917 1764.175 1763.342 1761.515 1751.695 1738.526 1725.206 1728.988 1745.043 1762.316 1770.867 1777.841 1785.262 1784.928 1776.471 1766.860 1771.492 1785.385 1800.553 1818.779 1839.053 1859.038 1877.976 1898.919 1920.303 1941.922 1965.357 1990.215 2009.066 2030.872 2053.543 2070.030 2079.166 2088.868 2109.272 2125.130 2145.510 2166.666 2183.175 2209.650 2242.544 2281.976 2320.100 2356.491 2372.730 2385.565 2395.662 2411.100
1850.818 1820.046 1792.312 1781.924 1766.674 1752.869 1738.248 1719.248 1702.814 1687.296 1666.849 1653.839 1660.882 1674.747 1684.994 1690.203 1688.118 1685.854 1679.638 1666.150 1659.164 1668.442 1683.672 1697.860 1708.568 1715.200 1720.601 1717.493 1708.523 1703.699 1711.286 1726.094 1739.480 1754.585 1774.452 1793.832 1813.988 1834.979 1855.653 1878.592 1902.198 1926.379 1950.889 1972.006 1990.576 1998.993 2007.889 2010.135 2022.112 2037.489 2054.409 2075.425 2097.843 2123.557 2161.705 2201.111 2239.352 2277.028 2307.930 2326.585 2342.334 2361.583
1777.994 1749.597 1721.856 1698.109 1685.048 1678.573 1666.264 1649.577 1638.483 1623.395 1610.504 1614.173 1616.922 1627.108 1627.309 1628.503 1626.179 1625.662 1622.647 1614.434 1623.877 1630.930 1644.905 1655.218 1664.643 1670.484 1674.125 1674.367 1668.730 1672.984 1679.119 1692.642 1703.441 1716.901 1736.252 1752.279 1770.182 1790.871 1812.195 1834.441 1858.264 1884.178 1907.046 1924.098 1930.714 1939.155 1941.402 1931.729 1942.604 1954.520 1965.310 1985.092 2004.981 2027.019 2063.960 2107.351 2153.263 2190.073 2231.672 2256.528 2279.750 2301.166
1693.399 1665.095 1637.814 1616.900 1611.147 1601.119 1591.124 1579.678 1566.917 1558.461 1562.488 1560.632 1559.319 1559.248 1562.397 1565.754 1565.365 1564.591 1566.715 1575.473 1579.862 1585.312 1594.836 1605.929 1616.966 1620.651 1624.766 1628.482 1632.996 1635.480 1639.053 1649.468 1660.757 1672.917 1688.549 1705.268 1723.077 1744.293 1766.212 1789.701 1815.073 1841.140 1861.295 1869.259 1877.908 1879.436 1872.366 1866.005 1870.000 1880.710 1887.968 1904.708 1925.235 1937.778 1976.215 2023.128 2064.475 2099.673 2134.228 2172.259 2198.798 2223.302
1628.207 1600.168 1577.976 1562.781 1553.034 1543.182 1533.238 1520.996 1513.151 1513.345 1511.219 1509.445 1507.681 1511.074 1514.925 1519.505 1519.681 1520.647 1523.595 1527.986 1534.282 1543.567 1554.323 1566.379 1581.363 1586.095 1590.657 1596.326 1598.952 1602.070 1605.943 1616.705 1628.070 1639.699 1656.031 1673.179 1691.416 1713.016 1737.950 1766.927 1792.929 1818.643 1841.275 1849.887 1853.225 1850.944 1843.861 1829.867 1827.054 1836.034 1837.029 1847.075 1864.967 1873.582 1901.834 1941.903 1969.584 2003.415 2040.778 2090.354 2118.419 2149.506
1559.523 1538.803 1522.994 1504.636 1492.006 1481.839 1473.282 1467.388 1466.460 1464.069 1462.741 1461.682 1459.934 1461.842 1466.225 1470.325 1472.748 1475.687 1479.581 1486.123 1495.165 1503.433 1515.231 1529.877 1544.995 1551.743 1557.203 1563.038 1567.250 1571.376 1574.935 1584.642 1596.028 1606.274 1623.007 1641.139 1659.911 1684.975 1714.043 1743.717 1769.322 1794.241 1819.656 1822.929 1823.807 1823.029 1808.299 1792.961 1785.556 1787.000 1787.470 1790.794 1800.946 1811.214 1832.414 1855.888 1882.990 1917.603 1964.118 2009.029 2041.250 2070.718
