tests/3D/Borden05m_nopit_001/output_maps/psiliqL0010N0038.asc
ncols         160
nrows         34
xllcorner     620200.000000
yllcorner     5168000.000000
cellsize      0.500000
NODATA_value  -9999.0
[rows 0 to 28 of 34, columns 66 to 131 of 160]
-9999.000 -9999.000 -9999.000 -9999.000 -9999.000 -9999.000 -9999.000 -9999.000 -9999.000 -9999.000 -9999.000 -9999.000 -9999.000 -9999.000 -9999.000 -9999.000 -9999.000 -9999.000 -9999.000 -9999.000 -9999.000 -9999.000 -9999.000 -9999.000 -9999.000 -9999.000 -9999.000 -9999.000 -9999.000 -9999.000 -9999.000 -9999.000 -9999.000 -9999.000 -9999.000 -9999.000 -9999.000 -9999.000 -9999.000 -9999.000 -9999.000 -9999.000 -9999.000 -9999.000 -9999.000 -9999.000 -9999.000 -9999.000 -9999.000 -9999.000 -9999.000 -9999.000 -9999.000 -9999.000 -9999.000 -9999.000 -9999.000 -9999.000 -9999.000 -9999.000 -9999.000 -9999.000 -9999.000 -9999.000 -9999.000 -9999.000
154.907 153.788 152.750 152.167 157.266 165.041 172.493 179.542 181.789 184.093 186.271 186.681 185.312 181.985 178.623 175.155 173.623 165.327 153.858 144.912 142.122 146.587 151.095 153.634 159.696 170.587 181.542 190.202 202.093 207.824 213.129 216.480 212.694 209.443 206.012 201.428 190.582 -9999.000 -9999.000 -9999.000 -9999.000 -9999.000 -9999.000 -9999.000 -9999.000 -9999.000 -9999.000 -9999.000 -9999.000 -9999.000 -9999.000 -9999.000 -9999.000 -9999.000 -9999.000 -9999.000 -9999.000 -9999.000 -9999.000 -9999.000 -9999.000 -9999.000 -9999.000 -9999.000 -9999.000 -9999.000
140.858 138.868 138.642 138.479 142.446 152.232 160.038 164.659 166.958 169.326 169.164 168.544 168.067 165.076 161.572 158.102 156.246 156.356 148.697 143.271 139.916 138.529 140.998 143.358 146.547 156.212 164.557 172.922 187.209 199.670 205.075 202.905 198.196 194.809 188.685 179.151 168.992 158.876 151.969 146.831 141.772 148.140 154.878 165.272 175.516 187.702 199.945 -9999.000 -9999.000 -9999.000 -9999.000 -9999.000 -9999.000 -9999.000 -9999.000 -9999.000 -9999.000 -9999.000 -9999.000 -9999.000 -9999.000 -9999.000 -9999.000 -9999.000 -9999.000 -9999.000
134.549 142.260 143.210 144.097 147.093 150.194 152.602 155.204 160.346 169.113 171.586 171.934 171.907 169.948 166.728 164.844 161.997 156.715 155.660 155.966 155.842 160.935 162.414 163.924 157.096 160.589 166.938 173.932 180.921 187.989 192.638 189.790 189.047 181.161 167.848 156.959 148.712 146.696 143.864 136.493 124.513 131.795 147.620 152.543 156.369 168.410 180.819 191.096 193.237 193.003 192.756 190.257 176.537 161.973 147.302 128.787 -9999.000 -9999.000 -9999.000 -9999.000 -9999.000 -9999.000 -9999.000 -9999.000 -9999.000 -9999.000
156.821 165.835 167.149 169.692 172.857 171.594 159.220 156.471 164.693 174.865 180.484 180.420 180.142 178.235 177.058 176.454 174.001 174.860 177.270 177.588 182.411 187.975 190.753 182.485 173.395 174.102 181.895 190.039 197.567 208.642 220.486 219.663 214.434 206.066 193.062 170.251 151.048 140.912 134.623 128.073 127.979 125.908 137.089 139.190 141.259 149.989 160.493 170.797 176.760 176.409 176.027 173.766 164.447 149.865 135.258 118.763 93.515 65.267 38.481 37.405 61.181 84.929 -9999.000 -9999.000 -9999.000 -9999.000
182.535 196.784 198.865 200.905 200.187 190.440 179.989 175.681 190.382 205.964 213.883 214.390 214.176 221.594 219.562 217.044 211.575 213.678 215.810 226.464 233.790 240.470 238.550 226.817 215.858 214.218 216.590 219.263 225.465 236.106 246.484 242.066 235.378 225.868 197.876 171.059 154.894 156.134 157.133 153.067 150.508 147.530 140.651 140.682 140.446 140.279 152.540 165.059 168.701 162.754 159.286 157.202 148.706 137.893 122.783 106.054 87.372 59.331 52.437 44.325 66.328 90.102 111.058 135.582 164.257 193.194
233.051 256.188 258.714 261.640 264.701 253.581 241.286 229.592 245.801 255.272 263.745 266.036 276.499 286.182 281.089 272.463 262.493 268.631 281.337 295.929 302.057 305.338 304.976 294.822 289.582 287.567 288.908 285.917 289.754 300.813 316.448 317.025 307.834 286.268 251.254 217.604 197.052 202.670 196.974 191.495 188.184 174.841 164.262 164.706 155.719 149.960 161.763 168.125 170.109 163.864 169.462 161.969 143.777 126.657 111.270 96.951 81.891 74.755 65.533 57.876 70.451 90.622 110.589 135.359 164.124 191.688
285.593 308.656 317.871 322.310 330.908 324.116 314.866 306.148 314.047 325.945 337.348 347.421 359.451 370.657 362.593 351.787 347.772 352.120 369.662 384.954 389.756 391.427 395.068 387.977 381.198 373.989 367.778 361.634 357.546 374.270 390.027 389.083 367.081 344.777 311.869 276.747 245.169 243.348 242.866 242.720 228.604 214.253 197.412 187.869 179.674 165.681 171.116 176.994 187.540 197.254 197.550 181.232 163.936 144.718 126.095 111.848 106.997 101.828 92.260 85.871 92.174 106.163 120.707 132.778 159.356 186.611
380.888 411.845 433.518 452.892 456.211 446.940 437.590 424.005 419.740 434.217 445.498 456.014 466.675 478.423 484.859 483.212 482.871 485.428 490.399 497.444 503.751 509.493 515.689 514.663 505.544 498.363 489.259 481.676 479.314 480.303 489.688 489.134 467.655 442.966 414.504 380.912 352.187 334.889 340.125 329.540 313.574 294.647 260.487 243.865 228.722 200.110 196.418 206.583 220.546 229.462 214.185 197.926 179.477 159.036 139.345 132.720 131.412 128.405 122.525 119.879 124.726 137.858 140.799 151.591 169.144 183.195
491.987 524.803 552.974 575.716 583.466 573.150 563.121 551.426 541.641 543.527 556.384 571.990 587.138 597.834 601.636 600.455 600.677 602.157 604.881 607.250 612.429 619.267 629.367 640.953 636.523 620.386 607.832 593.611 588.251 586.804 584.601 585.302 581.396 554.949 529.884 500.850 472.889 453.106 439.009 422.319 403.561 362.803 325.661 293.604 267.708 240.982 238.484 263.591 292.775 285.984 274.611 257.620 233.166 208.823 184.263 177.542 174.708 169.296 162.857 157.029 151.885 155.173 158.074 169.855 180.113 189.944
599.431 633.488 667.754 695.229 699.104 690.278 679.860 669.018 659.169 655.730 661.903 671.451 685.917 697.143 707.332 707.200 707.590 707.568 709.361 710.916 712.283 718.397 729.122 739.356 740.950 729.437 713.253 696.270 688.648 682.552 677.381 677.855 679.310 675.465 654.054 621.925 582.090 556.398 536.767 525.978 513.217 494.532 451.095 426.522 396.068 364.044 342.871 379.578 377.018 366.625 351.506 327.561 301.888 276.630 250.937 241.835 236.584 228.916 222.654 214.154 203.816 199.947 194.472 192.061 199.481 206.927
708.933 729.028 754.534 778.920 795.487 792.263 780.928 765.001 760.863 759.884 761.304 766.886 773.399 787.394 801.894 807.003 807.654 805.289 807.156 808.068 808.052 808.553 812.235 818.453 820.797 816.953 802.764 784.221 769.910 761.435 757.277 755.213 756.288 755.919 746.265 721.247 687.639 656.320 635.401 621.195 610.240 602.106 588.897 574.674 548.768 510.255 476.792 473.015 464.165 453.118 429.692 402.272 378.455 347.281 317.502 299.656 293.072 287.073 279.140 267.754 256.949 250.132 236.632 228.775 235.601 234.194
817.436 829.180 843.610 862.533 873.482 878.903 879.585 879.014 880.903 880.990 864.350 866.469 868.517 873.080 879.104 880.922 881.090 880.409 881.256 881.458 881.647 881.310 880.687 882.038 882.552 881.905 876.989 876.306 860.614 849.554 842.652 835.541 827.488 818.628 809.997 796.153 772.294 741.784 715.670 705.376 700.534 696.224 692.762 680.280 661.849 635.337 600.701 567.511 558.261 543.391 518.309 498.072 483.354 450.663 418.005 394.397 385.378 368.594 350.993 335.905 318.564 302.145 285.282 268.483 267.171 264.745
884.582 886.807 889.110 891.398 892.183 892.408 892.304 890.177 889.969 888.560 883.739 874.670 876.125 877.494 879.930 883.345 881.970 882.822 885.691 884.287 879.050 875.663 874.110 874.409 881.337 884.307 885.025 884.645 884.056 883.778 882.855 881.703 880.082 878.012 878.498 869.617 848.874 819.564 788.403 774.783 770.570 772.341 770.423 765.678 749.084 724.692 692.114 657.312 641.984 630.237 620.125 610.463 597.046 562.767 527.441 500.110 482.097 456.869 436.614 418.068 396.549 378.158 358.952 335.771 328.891 324.248
888.771 884.285 883.207 882.025 879.754 880.450 878.583 874.866 871.654 865.841 855.628 844.485 842.309 846.954 851.753 855.789 858.589 861.737 863.093 858.683 851.239 844.514 842.587 848.795 854.165 858.944 859.523 858.175 856.349 856.697 854.519 855.072 861.159 873.568 879.916 881.469 881.211 876.714 868.596 856.995 838.626 842.039 838.177 827.783 808.628 787.097 760.498 734.598 711.477 704.046 699.769 694.317 686.039 654.561 622.627 592.149 568.204 543.264 520.239 498.896 477.262 454.883 431.033 407.186 387.870 366.156
869.740 863.311 857.159 855.399 854.194 853.637 853.802 848.821 841.814 827.538 816.444 805.560 799.745 798.433 803.754 812.994 821.677 826.093 820.215 813.278 803.273 795.478 795.689 798.182 806.770 819.509 823.084 823.601 818.842 814.816 809.079 807.171 813.653 827.721 841.716 854.080 861.420 868.161 874.046 878.821 879.489 879.818 879.161 876.938 863.105 844.266 822.995 801.001 776.463 769.741 767.459 763.609 761.614 735.826 703.457 671.669 644.217 618.895 596.376 574.500 551.203 526.619 502.653 475.407 445.498 421.606
835.732 825.650 816.677 811.420 812.482 814.839 815.874 810.227 796.869 780.607 767.970 754.754 751.136 746.856 743.724 754.276 770.369 776.165 763.668 754.363 740.821 733.505 730.712 732.322 741.516 760.071 777.565 778.280 768.797 759.449 754.320 751.432 757.535 774.737 793.079 806.359 814.782 819.778 827.270 836.120 847.129 859.106 869.085 877.909 880.384 879.103 875.488 862.044 843.461 830.894 821.422 816.004 807.872 788.066 762.604 737.393 711.607 690.255 672.199 648.393 623.284 598.729 569.499 537.690 505.941 480.532
791.783 780.869 770.321 758.131 755.736 754.031 756.530 746.369 736.508 718.575 704.046 689.275 680.108 674.735 669.438 674.939 690.594 699.639 685.875 675.711 662.727 656.375 653.101 654.717 664.585 686.579 704.622 710.637 702.124 695.600 692.017 690.074 694.485 708.213 726.765 745.668 759.544 767.523 774.334 783.549 796.806 809.520 822.165 837.747 855.747 868.863 877.169 881.236 880.738 878.388 873.309 864.159 853.830 837.750 815.616 790.012 764.688 747.683 731.172 714.994 689.501 660.481 631.066 598.527 566.125 539.108
712.903 697.204 681.227 667.811 663.753 657.963 652.803 644.741 638.764 631.200 616.478 600.090 585.082 580.425 576.586 569.540 576.062 579.725 581.597 574.168 567.634 564.726 562.087 565.361 578.678 590.699 600.970 606.199 602.732 607.583 611.929 613.215 626.928 638.950 654.993 674.581 695.724 706.790 714.807 724.415 738.587 753.811 769.630 790.346 812.793 826.960 836.702 847.428 858.625 871.061 879.610 883.742 882.925 877.666 858.266 834.826 814.731 797.348 782.995 769.668 751.052 717.300 687.443 656.343 626.283 596.904
640.485 610.681 594.545 575.018 566.080 557.746 535.427 523.344 517.781 522.197 512.680 496.520 483.099 476.017 470.477 458.993 452.190 456.788 467.868 462.603 460.100 463.390 461.254 458.121 464.454 478.410 486.013 494.404 503.368 506.044 512.106 534.819 546.522 559.524 577.636 597.454 618.019 635.754 646.975 659.676 676.731 691.888 710.991 732.801 759.212 776.660 789.344 799.498 809.781 824.007 841.958 857.272 871.984 882.219 882.107 878.162 857.545 841.168 826.465 817.688 796.948 768.903 740.003 709.252 680.098 657.794
541.743 513.834 494.386 472.918 457.660 434.848 406.512 388.722 394.024 401.831 402.090 388.953 377.085 367.915 355.762 341.465 331.226 339.527 347.966 354.459 357.220 360.583 362.253 360.761 356.805 362.787 370.593 379.598 388.188 398.470 424.392 446.277 460.748 478.786 496.663 517.144 538.697 557.668 571.464 587.892 605.275 624.335 643.678 667.059 694.430 716.400 729.858 742.197 754.626 772.072 793.245 813.373 834.918 853.848 864.398 875.668 883.274 880.989 866.639 853.874 836.988 814.752 784.682 756.703 731.841 711.274
430.879 408.883 387.316 366.351 342.914 315.127 290.660 272.829 280.503 288.146 299.077 287.865 277.178 271.474 257.657 244.393 230.791 238.664 248.119 264.020 267.579 270.568 276.705 275.129 272.464 264.225 272.080 281.012 292.735 317.475 340.062 361.699 380.151 397.845 417.590 438.903 460.421 482.947 499.711 516.321 535.555 554.019 571.197 591.185 615.842 636.942 654.374 672.878 686.916 709.056 736.087 761.400 790.887 810.995 825.071 837.027 848.945 865.397 875.783 875.896 870.852 848.527 826.734 800.007 777.966 757.920
308.587 292.395 271.867 252.563 233.457 209.204 188.016 165.877 170.600 183.411 197.616 191.645 188.146 185.411 174.536 161.384 148.212 151.928 166.664 183.058 189.795 195.919 203.055 202.829 195.958 187.224 192.168 204.879 219.603 239.447 260.250 280.325 298.662 318.977 340.129 361.523 384.627 408.612 425.940 446.946 468.983 486.676 497.487 510.631 533.310 550.054 569.802 589.899 605.217 631.464 662.795 699.954 736.051 768.057 782.187 794.401 804.526 819.957 838.573 855.408 868.940 867.902 863.831 846.749 824.291 802.761
201.380 185.178 168.619 149.507 131.434 113.568 92.817 75.102 80.988 94.648 106.840 109.526 106.887 104.168 96.777 83.471 72.815 81.086 96.358 111.198 120.930 127.359 133.292 130.349 121.941 115.217 122.586 137.217 151.268 167.779 187.978 207.984 228.010 248.884 269.635 292.522 316.034 339.780 362.953 384.280 404.507 414.194 424.143 431.075 445.976 462.377 480.803 501.639 523.022 549.950 587.544 625.600 661.989 697.073 722.401 739.419 753.766 772.653 792.361 808.555 821.844 833.525 843.815 848.579 850.076 842.705
111.591 102.879 89.290 71.113 58.493 42.456 24.783 24.453 28.251 40.419 42.581 43.506 40.769 39.877 35.455 24.328 30.623 38.290 53.044 63.818 73.020 79.127 83.111 82.540 75.484 78.207 85.014 99.115 110.376 124.896 144.891 161.398 179.813 200.589 221.954 244.394 268.150 293.740 316.679 334.987 343.461 353.073 358.303 352.338 365.233 378.586 391.801 412.186 432.637 457.972 495.036 536.955 580.292 616.257 653.567 674.994 696.303 717.302 739.417 759.595 775.479 786.915 787.779 792.683 806.576 824.679
29.987 19.899 9.024 -3.627 -16.814 -28.479 -28.118 -30.154 -30.470 -28.656 -25.530 -22.817 -23.657 -24.654 -23.848 -17.809 -13.573 -8.082 2.269 13.260 23.457 27.359 31.435 34.276 37.478 39.847 43.951 54.979 66.363 79.144 95.473 112.244 130.342 151.671 173.279 196.362 221.729 247.382 266.964 275.984 285.282 288.607 283.711 279.094 286.140 297.634 307.707 326.563 347.325 365.217 406.234 452.368 495.037 529.785 563.987 595.894 621.169 644.380 673.728 698.611 723.962 739.137 744.106 747.946 750.643 761.870
-33.155 -42.982 -53.066 -66.059 -76.165 -77.964 -80.111 -82.030 -83.490 -80.039 -76.343 -72.053 -72.373 -71.949 -69.344 -65.125 -59.396 -50.404 -39.670 -27.943 -13.785 -9.416 -4.973 0.335 2.809 5.768 9.852 20.951 32.342 44.362 60.887 78.023 96.556 118.159 142.899 171.466 197.261 222.660 244.022 252.656 256.734 255.008 249.184 236.964 236.002 246.596 249.746 262.535 282.213 294.183 328.738 371.979 402.242 436.311 471.958 516.686 543.058 573.243 603.167 632.366 660.815 675.408 682.564 690.791 702.561 713.379
-96.063 -106.237 -115.750 -123.734 -126.002 -128.867 -130.646 -131.848 -133.330 -130.912 -126.702 -122.608 -120.655 -118.047 -115.056 -109.073 -100.221 -91.686 -79.910 -65.475 -50.854 -44.845 -39.533 -34.074 -30.284 -26.256 -22.454 -12.324 -0.812 10.313 27.393 45.487 63.912 89.130 118.179 147.386 172.665 197.498 221.619 224.968 226.238 225.582 212.284 197.148 191.552 194.274 195.231 202.908 214.821 226.648 253.653 281.474 310.749 346.045 391.452 436.144 466.341 496.337 525.946 552.334 573.300 591.138 604.317 617.874 633.005 652.665
-151.285 -160.384 -164.362 -166.170 -169.535 -168.939 -167.800 -169.024 -172.411 -172.768 -167.941 -164.109 -161.552 -158.421 -148.367 -138.630 -131.082 -123.979 -111.511 -97.212 -81.911 -72.307 -66.321 -57.329 -50.162 -46.079 -43.408 -34.459 -24.151 -18.978 -3.025 15.255 42.675 73.091 102.859 133.575 159.822 184.769 207.080 207.287 207.364 206.714 191.073 175.624 158.275 161.393 162.945 151.369 163.906 175.727 192.889 219.829 244.669 282.018 326.275 360.506 390.400 420.176 447.983 469.158 488.808 504.274 521.307 535.176 551.758 583.453
