tests/3D/Borden05m_nopit_001/output_maps/psiliqL0003N0022.asc
ncols         160
nrows         34
xllcorner     620200.000000
yllcorner     5168000.000000
cellsize      0.500000
NODATA_value  -9999.0
[rows 0 to 26 of 34, columns 62 to 123 of 160]
-9999.000 -9999.000 -9999.000 -9999.000 -9999.000 -9999.000 -9999.000 -9999.000 -9999.000 -9999.000 -9999.000 -9999.000 -9999.000 -9999.000 -9999.000 -9999.000 -9999.000 -9999.000 -9999.000 -9999.000 -9999.000 -9999.000 -9999.000 -9999.000 -9999.000 -9999.000 -9999.000 -9999.000 -9999.000 -9999.000 -9999.000 -9999.000 -9999.000 -9999.000 -9999.000 -9999.000 -9999.000 -9999.000 -9999.000 -9999.000 -9999.000 -9999.000 -9999.000 -9999.000 -9999.000 -9999.000 -9999.000 -9999.000 -9999.000 -9999.000 -9999.000 -9999.000 -9999.000 -9999.000 -9999.000 -9999.000 -9999.000 -9999.000 -9999.000 -9999.000 -9999.000 -9999.000
-862.526 -871.966 -881.424 -890.480 -894.651 -895.742 -896.830 -897.381 -892.186 -884.483 -877.061 -869.935 -867.723 -865.413 -863.109 -862.623 -864.050 -867.390 -870.740 -874.220 -875.683 -884.279 -895.854 -905.004 -907.822 -903.257 -898.690 -896.121 -889.765 -878.703 -867.629 -858.940 -847.269 -841.959 -836.668 -833.070 -836.793 -840.043 -843.301 -847.375 -858.138 -9999.000 -9999.000 -9999.000 -9999.000 -9999.000 -9999.000 -9999.000 -9999.000 -9999.000 -9999.000 -9999.000 -9999.000 -9999.000 -9999.000 -9999.000 -9999.000 -9999.000 -9999.000 -9999.000 -9999.000 -9999.000
-882.692 -888.287 -897.420 -903.163 -908.911 -910.662 -910.940 -911.090 -906.996 -897.503 -889.664 -884.996 -882.782 -880.546 -880.219 -880.763 -881.300 -884.300 -887.790 -891.270 -893.110 -893.430 -901.100 -906.329 -909.498 -910.362 -907.978 -905.723 -902.991 -893.159 -884.666 -876.172 -862.178 -849.957 -844.652 -846.707 -851.464 -854.720 -860.430 -869.569 -879.785 -890.554 -897.730 -902.803 -907.423 -901.081 -894.722 -883.978 -873.241 -861.012 -848.771 -9999.000 -9999.000 -9999.000 -9999.000 -9999.000 -9999.000 -9999.000 -9999.000 -9999.000 -9999.000 -9999.000
-902.901 -901.359 -905.529 -910.547 -914.266 -907.282 -906.313 -905.327 -902.356 -898.817 -897.266 -894.571 -889.459 -880.728 -878.334 -877.984 -878.004 -879.926 -883.108 -884.940 -887.781 -893.041 -893.834 -893.295 -893.024 -887.590 -886.119 -885.067 -892.337 -889.152 -882.773 -875.773 -868.306 -860.940 -855.602 -858.319 -859.517 -867.273 -880.496 -891.749 -900.275 -903.049 -905.859 -913.066 -924.492 -917.564 -901.848 -896.889 -892.658 -880.302 -867.852 -857.657 -855.868 -856.068 -856.268 -858.604 -872.264 -886.756 -901.252 -919.693 -9999.000 -9999.000
-898.072 -900.062 -903.376 -904.565 -891.557 -882.261 -880.922 -878.296 -875.346 -877.264 -890.102 -893.053 -884.479 -874.099 -868.288 -868.396 -868.609 -869.899 -871.050 -871.755 -874.396 -873.059 -870.343 -869.098 -863.638 -858.030 -855.422 -864.694 -874.013 -873.818 -866.248 -858.432 -850.930 -839.564 -827.380 -828.582 -834.069 -842.420 -855.639 -878.602 -898.393 -908.285 -914.039 -920.379 -921.509 -922.738 -912.445 -910.258 -908.350 -899.160 -888.602 -878.414 -872.529 -872.753 -872.988 -875.151 -884.354 -898.846 -913.338 -929.435 -954.194 -982.201
-894.642 -894.575 -890.895 -877.196 -863.451 -848.142 -845.976 -843.811 -844.302 -854.749 -865.218 -870.034 -854.819 -839.572 -831.595 -830.723 -829.549 -820.678 -823.395 -826.889 -833.036 -830.459 -826.811 -814.414 -807.189 -800.920 -803.021 -814.541 -825.052 -827.217 -825.868 -824.611 -818.869 -808.076 -797.295 -801.609 -808.834 -819.088 -847.908 -876.150 -892.978 -891.480 -890.441 -894.424 -897.193 -900.889 -908.713 -908.768 -908.825 -908.975 -896.713 -884.440 -880.760 -886.441 -889.699 -891.700 -900.379 -910.929 -925.769 -942.352 -960.657 -988.655
-852.805 -849.234 -841.063 -827.928 -809.142 -785.467 -781.878 -778.089 -773.549 -784.059 -796.034 -808.278 -793.967 -784.984 -776.046 -772.124 -759.869 -749.817 -755.393 -764.778 -774.051 -767.720 -752.948 -738.520 -732.972 -730.341 -729.317 -738.246 -742.989 -746.174 -746.523 -750.897 -748.651 -736.846 -720.987 -719.805 -730.961 -753.123 -787.531 -822.660 -845.873 -842.191 -847.937 -853.149 -857.547 -871.679 -883.403 -883.678 -892.991 -899.132 -887.607 -881.436 -879.244 -884.948 -879.164 -886.881 -904.190 -921.460 -937.105 -951.393 -965.714 -973.204
-807.010 -798.859 -790.648 -772.774 -748.984 -724.836 -712.123 -704.036 -695.751 -702.465 -711.181 -720.282 -716.802 -704.291 -692.480 -680.959 -669.111 -657.634 -662.916 -671.664 -673.574 -670.093 -655.178 -642.207 -637.397 -634.868 -629.844 -634.242 -641.662 -650.122 -658.489 -665.794 -670.618 -656.723 -642.872 -644.070 -666.251 -688.446 -719.198 -753.497 -787.491 -794.198 -793.771 -795.075 -810.540 -825.786 -845.833 -857.710 -866.472 -881.950 -877.740 -871.438 -860.047 -849.466 -850.567 -866.798 -883.990 -903.207 -922.110 -936.394 -940.687 -945.452
-694.419 -684.566 -680.283 -669.524 -643.480 -610.803 -585.963 -563.892 -560.763 -570.749 -580.356 -594.452 -601.834 -590.437 -579.262 -568.016 -556.602 -545.139 -536.704 -536.616 -536.460 -534.492 -532.309 -527.693 -521.527 -514.899 -507.525 -504.546 -512.424 -521.303 -531.606 -541.277 -544.161 -546.617 -540.902 -540.593 -557.147 -581.149 -607.471 -639.514 -668.062 -689.046 -688.358 -701.735 -717.646 -739.372 -776.251 -796.669 -813.727 -844.178 -849.136 -836.749 -821.393 -814.504 -830.688 -846.926 -865.793 -886.536 -907.176 -913.602 -914.764 -917.722
-576.575 -572.288 -568.299 -561.850 -532.228 -499.713 -470.484 -447.734 -439.784 -449.435 -459.542 -470.630 -480.735 -481.862 -470.453 -455.521 -440.294 -429.805 -425.432 -426.478 -426.201 -425.255 -422.621 -420.891 -416.799 -410.226 -399.649 -386.886 -389.330 -405.184 -418.822 -434.760 -441.628 -444.013 -448.218 -447.642 -447.313 -468.617 -491.519 -519.536 -550.263 -572.219 -590.900 -607.102 -624.028 -661.293 -698.394 -730.720 -759.023 -787.355 -793.433 -766.039 -741.524 -751.910 -763.105 -780.779 -805.646 -830.555 -856.591 -864.376 -867.669 -873.475
-462.190 -456.929 -451.782 -443.706 -426.324 -394.785 -362.233 -336.023 -330.807 -337.985 -348.090 -359.503 -367.835 -371.103 -367.090 -359.507 -346.994 -335.506 -323.952 -323.022 -322.575 -323.206 -321.598 -320.239 -319.633 -314.707 -305.448 -296.650 -294.230 -303.240 -318.819 -336.114 -345.452 -352.765 -358.011 -358.163 -356.847 -356.660 -374.747 -404.278 -443.904 -472.569 -493.686 -504.427 -515.782 -527.178 -562.883 -582.516 -610.539 -644.218 -672.936 -646.800 -656.727 -667.028 -683.652 -708.438 -733.341 -759.398 -786.468 -797.969 -803.747 -811.526
-358.071 -352.138 -345.100 -333.649 -318.848 -302.834 -280.713 -258.136 -241.185 -242.859 -251.946 -265.737 -267.949 -268.271 -267.595 -263.352 -258.999 -246.889 -234.070 -229.189 -228.616 -230.871 -229.193 -228.503 -228.562 -228.884 -226.846 -221.878 -219.883 -222.379 -234.212 -251.054 -266.349 -275.479 -279.880 -282.974 -283.272 -284.847 -292.733 -314.115 -343.998 -375.731 -398.556 -413.203 -423.073 -429.714 -436.241 -448.139 -470.463 -505.679 -540.917 -558.858 -568.076 -579.370 -602.966 -628.969 -650.006 -681.486 -712.912 -734.144 -741.873 -749.574
-261.967 -258.294 -248.118 -233.631 -219.015 -209.785 -198.181 -181.905 -172.788 -167.311 -165.819 -165.187 -163.058 -163.064 -163.648 -162.970 -162.381 -162.174 -159.409 -158.897 -158.890 -158.921 -158.416 -158.408 -158.114 -158.435 -160.078 -160.019 -159.997 -160.029 -162.259 -169.509 -183.684 -193.898 -200.334 -207.038 -215.008 -223.654 -231.831 -243.508 -264.917 -294.060 -321.713 -332.777 -337.145 -339.982 -342.628 -353.496 -370.372 -393.851 -426.636 -463.719 -475.338 -489.703 -511.563 -528.318 -540.376 -571.925 -605.462 -631.517 -643.116 -662.771
-184.021 -179.974 -169.877 -159.806 -157.669 -157.568 -157.463 -157.359 -157.324 -157.314 -157.318 -159.353 -159.362 -160.419 -165.707 -174.291 -172.888 -171.719 -169.346 -166.042 -167.508 -166.744 -163.904 -165.181 -170.135 -173.278 -174.820 -174.761 -168.005 -165.209 -164.568 -163.901 -164.361 -164.378 -164.425 -164.484 -164.565 -164.667 -169.150 -176.903 -195.085 -220.565 -248.210 -263.845 -270.083 -267.617 -269.614 -273.998 -290.154 -313.361 -344.071 -377.412 -395.520 -406.339 -413.384 -420.714 -432.098 -464.327 -499.131 -527.965 -548.397 -574.226
-155.341 -153.509 -153.965 -157.321 -160.953 -165.300 -166.208 -167.331 -169.544 -168.825 -170.685 -174.281 -177.205 -182.271 -192.013 -203.144 -204.837 -200.073 -195.560 -191.912 -189.685 -186.736 -184.909 -188.948 -196.045 -202.480 -204.497 -198.518 -193.274 -189.098 -188.617 -189.941 -191.527 -190.962 -192.746 -192.059 -186.302 -174.695 -167.068 -167.010 -167.036 -167.257 -167.644 -187.244 -205.018 -202.459 -206.008 -216.000 -234.318 -254.777 -279.606 -303.685 -328.108 -335.428 -339.039 -343.816 -349.936 -378.518 -409.332 -440.145 -465.263 -489.820
-173.037 -166.412 -164.848 -171.344 -178.838 -184.991 -190.702 -192.262 -193.691 -194.356 -194.310 -199.185 -205.393 -218.719 -229.647 -240.470 -246.242 -246.693 -240.724 -232.182 -224.714 -220.514 -225.202 -231.607 -240.978 -248.674 -248.541 -245.537 -237.264 -225.949 -223.746 -223.315 -227.468 -230.623 -236.023 -237.510 -230.990 -217.332 -204.281 -193.024 -186.284 -179.850 -174.356 -167.323 -167.326 -167.350 -167.424 -171.392 -183.763 -200.714 -219.234 -239.884 -263.757 -271.369 -274.335 -278.155 -279.949 -303.028 -333.656 -364.282 -391.652 -416.239
-197.394 -193.527 -195.799 -201.991 -211.349 -221.114 -229.846 -234.294 -233.225 -230.874 -230.064 -235.150 -247.823 -263.558 -275.912 -288.912 -292.427 -296.153 -297.718 -287.016 -272.186 -266.940 -278.190 -286.946 -299.914 -307.482 -309.853 -307.948 -298.654 -281.461 -266.255 -266.005 -274.962 -283.760 -289.008 -291.758 -285.111 -267.712 -250.197 -237.859 -230.096 -225.174 -217.738 -209.024 -199.093 -188.037 -178.808 -168.465 -168.077 -168.211 -168.458 -183.933 -200.415 -212.237 -222.195 -227.948 -236.362 -254.543 -278.350 -302.389 -327.532 -347.705
-230.652 -231.667 -236.571 -242.454 -251.328 -261.742 -271.499 -282.773 -284.677 -285.336 -282.369 -292.090 -302.627 -321.092 -335.364 -349.867 -357.605 -362.870 -367.693 -359.702 -343.288 -334.028 -349.278 -359.610 -373.411 -380.400 -383.642 -382.318 -372.640 -349.782 -331.820 -326.623 -335.525 -343.840 -348.643 -350.681 -346.885 -332.093 -313.277 -295.527 -283.353 -275.974 -269.120 -259.835 -246.910 -234.602 -222.461 -207.621 -191.270 -179.112 -171.299 -165.880 -166.041 -166.307 -173.952 -182.400 -191.843 -206.320 -227.152 -251.895 -276.558 -293.029
-267.322 -272.807 -278.080 -287.077 -325.282 -339.159 -354.165 -366.659 -369.841 -374.762 -376.152 -384.050 -390.583 -401.570 -416.596 -432.642 -446.755 -451.357 -455.321 -458.792 -448.396 -443.648 -446.798 -454.715 -463.097 -467.687 -470.413 -466.436 -452.906 -439.359 -427.381 -422.657 -428.981 -426.078 -422.979 -424.754 -412.162 -399.658 -383.269 -363.840 -344.162 -334.527 -326.924 -317.480 -303.583 -288.570 -273.296 -253.036 -231.719 -218.226 -208.872 -198.425 -187.905 -176.282 -166.536 -163.807 -164.123 -169.650 -187.200 -208.348 -227.913 -244.870
-315.746 -318.052 -323.262 -353.700 -393.894 -422.386 -438.249 -456.443 -463.865 -469.475 -486.258 -496.553 -503.984 -503.297 -514.993 -531.525 -545.547 -551.863 -556.105 -565.437 -568.066 -564.001 -555.526 -562.992 -567.563 -565.886 -568.589 -570.450 -560.902 -546.226 -537.824 -530.360 -524.387 -522.423 -519.923 -500.974 -489.551 -477.124 -458.957 -439.188 -418.994 -402.788 -392.396 -380.395 -363.651 -348.845 -329.983 -308.261 -282.764 -266.534 -254.288 -244.195 -233.900 -219.910 -202.818 -188.781 -175.223 -164.644 -165.067 -165.702 -187.126 -202.064
-392.802 -397.516 -408.022 -446.962 -486.152 -515.800 -534.582 -555.670 -568.095 -585.941 -612.181 -628.692 -627.191 -620.698 -624.543 -638.389 -650.736 -659.839 -669.985 -683.445 -691.537 -684.220 -675.866 -673.805 -672.505 -669.336 -669.145 -670.625 -672.122 -662.143 -654.342 -645.542 -638.040 -631.616 -608.921 -587.871 -574.537 -557.145 -539.332 -518.928 -497.626 -479.746 -466.826 -450.810 -433.561 -414.867 -395.186 -371.350 -344.028 -323.287 -310.536 -299.008 -286.754 -269.780 -249.361 -230.061 -209.678 -191.573 -181.926 -171.062 -162.004 -162.836
-485.484 -489.401 -515.005 -553.250 -591.238 -616.655 -637.891 -659.099 -680.811 -706.663 -732.355 -749.421 -742.878 -736.335 -728.794 -741.016 -753.204 -759.983 -773.354 -786.690 -799.336 -790.931 -782.455 -769.256 -766.565 -763.975 -758.981 -760.818 -762.724 -767.566 -759.210 -750.814 -739.991 -717.322 -694.540 -672.967 -655.432 -638.066 -618.659 -597.376 -576.075 -554.585 -538.482 -522.387 -503.626 -485.082 -466.591 -444.953 -419.727 -398.360 -381.985 -364.606 -350.596 -329.090 -303.133 -279.542 -251.679 -233.001 -219.200 -207.148 -194.968 -179.411
-599.939 -624.702 -652.737 -690.726 -712.812 -730.777 -751.966 -771.782 -791.178 -816.621 -838.985 -860.361 -856.119 -844.588 -831.580 -840.328 -845.575 -848.907 -860.474 -873.614 -886.689 -883.017 -869.146 -853.328 -847.781 -842.214 -835.266 -835.419 -841.248 -849.406 -844.255 -832.318 -817.884 -796.974 -775.821 -755.683 -737.734 -717.824 -696.816 -675.558 -652.657 -629.229 -612.881 -592.375 -570.725 -552.202 -540.245 -524.785 -500.544 -483.133 -463.695 -444.167 -429.471 -403.206 -372.748 -336.977 -302.136 -272.902 -259.977 -247.962 -237.587 -221.921
-731.046 -759.617 -788.123 -808.033 -825.844 -843.620 -861.449 -880.636 -899.784 -919.191 -940.141 -960.945 -955.818 -942.292 -928.823 -927.794 -930.796 -933.812 -941.975 -955.161 -968.226 -960.615 -945.316 -930.047 -920.956 -914.660 -908.376 -911.211 -919.249 -927.219 -919.992 -905.477 -890.987 -873.551 -853.131 -832.710 -812.765 -791.962 -771.153 -748.291 -724.827 -701.353 -679.040 -657.556 -636.216 -625.664 -614.985 -604.930 -588.050 -570.901 -551.389 -530.550 -509.692 -481.779 -444.338 -406.952 -371.589 -338.052 -316.182 -299.997 -286.311 -267.423
-823.387 -851.905 -880.421 -903.228 -920.989 -931.170 -945.599 -964.753 -978.375 -995.036 -1015.846 -1018.801 -1014.314 -1000.846 -997.397 -996.649 -999.656 -1000.794 -1006.140 -1019.179 -1014.951 -1006.880 -991.614 -980.538 -971.481 -965.200 -960.990 -962.095 -970.080 -968.362 -961.113 -946.631 -935.065 -919.848 -899.428 -882.603 -863.848 -843.010 -821.611 -799.037 -775.314 -749.923 -726.924 -707.772 -698.059 -687.654 -680.435 -683.928 -669.659 -655.301 -640.413 -619.529 -598.574 -570.897 -533.529 -492.314 -450.384 -414.669 -379.887 -360.350 -339.955 -318.921
-915.937 -944.463 -972.970 -997.600 -1007.649 -1017.777 -1029.229 -1042.672 -1056.138 -1069.908 -1071.953 -1074.108 -1073.769 -1070.718 -1067.607 -1065.317 -1066.453 -1067.596 -1067.655 -1063.400 -1059.265 -1053.746 -1042.852 -1031.929 -1022.283 -1018.239 -1014.188 -1011.920 -1009.579 -1007.286 -1002.832 -991.401 -979.954 -966.763 -949.974 -933.166 -914.874 -893.467 -872.057 -849.234 -823.863 -798.469 -779.250 -769.522 -759.780 -755.255 -758.701 -762.143 -753.055 -740.996 -729.011 -708.682 -687.655 -666.107 -623.203 -577.330 -533.490 -498.679 -464.302 -435.935 -410.947 -388.010
-990.412 -1018.845 -1045.648 -1064.381 -1074.092 -1083.902 -1094.078 -1107.565 -1119.154 -1122.261 -1124.421 -1126.436 -1127.696 -1124.208 -1120.613 -1116.514 -1117.158 -1117.091 -1114.710 -1110.605 -1105.247 -1096.448 -1085.727 -1074.217 -1060.601 -1056.470 -1052.106 -1047.035 -1044.660 -1041.805 -1037.581 -1026.261 -1014.852 -1002.574 -985.920 -968.789 -950.058 -928.448 -903.831 -875.527 -849.860 -824.659 -804.119 -795.458 -790.879 -792.225 -797.202 -808.235 -807.950 -796.257 -791.640 -776.981 -756.042 -741.751 -702.901 -657.373 -625.147 -590.583 -555.638 -513.603 -487.732 -457.439
