tests/3D/Borden05m_nopit_001/output_maps/psiliqL0003N0006.asc
ncols         160
nrows         34
xllcorner     620200.000000
yllcorner     5168000.000000
cellsize      0.500000
NODATA_value  -9999.0
[rows 0 to 26 of 34, columns 62 to 123 of 160]
-9999.000 -9999.000 -9999.000 -9999.000 -9999.000 -9999.000 -9999.000 -9999.000 -9999.000 -9999.000 -9999.000 -9999.000 -9999.000 -9999.000 -9999.000 -9999.000 -9999.000 -9999.000 -9999.000 -9999.000 -9999.000 -9999.000 -9999.000 -9999.000 -9999.000 -9999.000 -9999.000 -9999.000 -9999.000 -9999.000 -9999.000 -9999.000 -9999.000 -9999.000 -9999.000 -9999.000 -9999.000 -9999.000 -9999.000 -9999.000 -9999.000 -9999.000 -9999.000 -9999.000 -9999.000 -9999.000 -9999.000 -9999.000 -9999.000 -9999.000 -9999.000 -9999.000 -9999.000 -9999.000 -9999.000 -9999.000 -9999.000 -9999.000 -9999.000 -9999.000 -9999.000 -9999.000
-862.526 -871.966 -881.424 -890.480 -894.651 -895.742 -896.830 -897.381 -892.186 -884.483 -877.061 -869.935 -867.723 -865.413 -863.109 -862.623 -864.050 -867.390 -870.740 -874.220 -875.683 -884.279 -895.854 -905.004 -907.822 -903.257 -898.690 -896.121 -889.765 -878.703 -867.629 -858.940 -847.269 -841.959 -836.668 -833.070 -836.793 -840.043 -843.301 -847.375 -858.138 -9999.000 -9999.000 -9999.000 -9999.000 -9999.000 -9999.000 -9999.000 -9999.000 -9999.000 -9999.000 -9999.000 -9999.000 -9999.000 -9999.000 -9999.000 -9999.000 -9999.000 -9999.000 -9999.000 -9999.000 -9999.000
-882.692 -888.287 -897.420 -903.163 -908.911 -910.662 -910.940 -911.090 -906.996 -897.503 -889.664 -884.996 -882.782 -880.546 -880.219 -880.763 -881.300 -884.300 -887.790 -891.270 -893.110 -893.430 -901.100 -906.329 -909.498 -910.362 -907.978 -905.723 -902.991 -893.159 -884.666 -876.172 -862.178 -849.957 -844.652 -846.707 -851.464 -854.720 -860.430 -869.569 -879.785 -890.554 -897.730 -902.803 -907.423 -901.081 -894.722 -883.978 -873.241 -861.012 -848.771 -9999.000 -9999.000 -9999.000 -9999.000 -9999.000 -9999.000 -9999.000 -9999.000 -9999.000 -9999.000 -9999.000
-902.901 -901.359 -905.529 -910.547 -914.266 -907.282 -906.313 -905.327 -902.356 -898.817 -897.266 -894.571 -889.459 -880.728 -878.334 -877.984 -878.004 -879.926 -883.108 -884.940 -887.781 -893.041 -893.834 -893.295 -893.024 -887.590 -886.119 -885.067 -892.337 -889.152 -882.773 -875.773 -868.306 -860.940 -855.602 -858.319 -859.517 -867.273 -880.496 -891.749 -900.275 -903.049 -905.859 -913.066 -924.492 -917.564 -901.848 -896.889 -892.658 -880.302 -867.852 -857.657 -855.868 -856.068 -856.268 -858.604 -872.264 -886.756 -901.252 -919.693 -9999.000 -9999.000
-898.072 -900.062 -903.376 -904.565 -891.557 -882.261 -880.922 -878.296 -875.346 -877.264 -890.102 -893.053 -884.479 -874.099 -868.288 -868.396 -868.609 -869.899 -871.050 -871.755 -874.396 -873.059 -870.343 -869.098 -863.638 -858.030 -855.422 -864.694 -874.013 -873.818 -866.248 -858.432 -850.930 -839.564 -827.380 -828.582 -834.069 -842.420 -855.639 -878.602 -898.393 -908.285 -914.039 -920.379 -921.509 -922.738 -912.445 -910.258 -908.350 -899.160 -888.602 -878.414 -872.529 -872.753 -872.988 -875.151 -884.354 -898.846 -913.338 -929.435 -954.194 -982.201
-894.642 -894.575 -890.895 -877.196 -863.451 -848.142 -845.976 -843.811 -844.302 -854.749 -865.218 -870.034 -854.819 -839.572 -831.595 -830.723 -829.549 -820.678 -823.395 -826.889 -833.036 -830.459 -826.811 -814.414 -807.189 -800.920 -803.021 -814.541 -825.052 -827.217 -825.868 -824.611 -818.869 -808.076 -797.295 -801.609 -808.834 -819.088 -847.908 -876.150 -892.978 -891.480 -890.441 -894.424 -897.193 -900.889 -908.713 -908.768 -908.825 -908.975 -896.713 -884.440 -880.760 -886.441 -889.699 -891.700 -900.379 -910.929 -925.769 -942.352 -960.657 -988.655
-852.805 -849.234 -841.063 -827.928 -809.142 -785.467 -781.878 -778.089 -773.549 -784.059 -796.034 -808.278 -793.967 -784.984 -776.046 -772.124 -759.869 -749.817 -755.393 -764.778 -774.051 -767.720 -752.948 -738.520 -732.972 -730.341 -729.317 -738.246 -742.989 -746.174 -746.523 -750.897 -748.651 -736.846 -720.987 -719.805 -730.961 -753.123 -787.531 -822.660 -845.873 -842.191 -847.937 -853.149 -857.547 -871.679 -883.403 -883.678 -892.991 -899.132 -887.607 -881.436 -879.244 -884.948 -879.164 -886.881 -904.190 -921.460 -937.105 -951.393 -965.714 -973.204
-807.010 -798.859 -790.648 -772.774 -748.984 -724.836 -712.123 -704.036 -695.751 -702.465 -711.181 -720.282 -716.802 -704.291 -692.480 -680.959 -669.111 -657.634 -662.916 -671.664 -673.574 -670.093 -655.178 -642.207 -637.397 -634.868 -629.844 -634.242 -641.662 -650.122 -658.489 -665.794 -670.618 -656.723 -642.872 -644.070 -666.251 -688.446 -719.198 -753.497 -787.491 -794.198 -793.771 -795.075 -810.540 -825.786 -845.833 -857.710 -866.472 -881.950 -877.740 -871.438 -860.047 -849.466 -850.567 -866.798 -883.990 -903.207 -922.110 -936.394 -940.687 -945.452
-694.419 -684.567 -680.283 -669.524 -643.481 -610.803 -585.963 -563.892 -560.763 -570.749 -580.356 -594.452 -601.834 -590.437 -579.262 -568.017 -556.602 -545.139 -536.704 -536.617 -536.460 -534.492 -532.309 -527.693 -521.527 -514.899 -507.525 -504.545 -512.424 -521.303 -531.606 -541.277 -544.161 -546.617 -540.902 -540.593 -557.147 -581.149 -607.471 -639.514 -668.062 -689.046 -688.358 -701.735 -717.646 -739.372 -776.251 -796.669 -813.727 -844.178 -849.136 -836.749 -821.393 -814.504 -830.688 -846.926 -865.793 -886.536 -907.176 -913.602 -914.764 -917.722
-576.575 -572.288 -568.299 -561.850 -532.228 -499.713 -470.484 -447.734 -439.784 -449.435 -459.542 -470.630 -480.735 -481.862 -470.453 -455.521 -440.294 -429.805 -425.432 -426.478 -426.201 -425.255 -422.621 -420.890 -416.798 -410.226 -399.648 -386.884 -389.329 -405.182 -418.820 -434.758 -441.626 -444.011 -448.216 -447.639 -447.310 -468.615 -491.517 -519.535 -550.263 -572.219 -590.900 -607.102 -624.028 -661.293 -698.394 -730.720 -759.023 -787.355 -793.433 -766.039 -741.524 -751.910 -763.105 -780.779 -805.646 -830.555 -856.591 -864.376 -867.669 -873.475
-462.190 -456.929 -451.782 -443.706 -426.324 -394.785 -362.233 -336.023 -330.806 -337.985 -348.090 -359.503 -367.835 -371.103 -367.090 -359.506 -346.993 -335.506 -323.951 -323.021 -322.574 -323.205 -321.596 -320.236 -319.630 -314.704 -305.444 -296.645 -294.224 -303.233 -318.812 -336.107 -345.445 -352.757 -358.003 -358.153 -356.836 -356.647 -374.735 -404.268 -443.897 -472.564 -493.683 -504.424 -515.779 -527.175 -562.882 -582.515 -610.539 -644.218 -672.936 -646.800 -656.726 -667.027 -683.652 -708.438 -733.341 -759.398 -786.468 -797.969 -803.747 -811.526
-358.071 -352.138 -345.099 -333.649 -318.848 -302.833 -280.712 -258.136 -241.184 -242.858 -251.945 -265.737 -267.949 -268.270 -267.594 -263.351 -258.998 -246.888 -234.068 -229.187 -228.613 -230.868 -229.189 -228.499 -228.556 -228.877 -226.839 -221.869 -219.873 -222.367 -234.199 -251.039 -266.332 -275.461 -279.859 -282.950 -283.244 -284.816 -292.699 -314.082 -343.968 -375.707 -398.535 -413.183 -423.053 -429.692 -436.218 -448.117 -470.445 -505.669 -540.912 -558.854 -568.073 -579.368 -602.965 -628.968 -650.005 -681.486 -712.912 -734.144 -741.873 -749.574
-261.967 -258.294 -248.118 -233.631 -219.015 -209.785 -198.180 -181.904 -172.787 -167.310 -165.818 -165.186 -163.057 -163.063 -163.647 -162.969 -162.379 -162.172 -159.406 -158.894 -158.886 -158.917 -158.411 -158.402 -158.107 -158.427 -160.069 -160.007 -159.984 -160.013 -162.241 -169.488 -183.660 -193.870 -200.302 -207.001 -214.965 -223.604 -231.776 -243.448 -264.854 -293.997 -321.652 -332.714 -337.075 -339.904 -342.541 -353.406 -370.287 -393.777 -426.581 -463.681 -475.304 -489.673 -511.541 -528.301 -540.361 -571.919 -605.460 -631.516 -643.116 -662.770
-184.021 -179.973 -169.876 -159.806 -157.669 -157.567 -157.463 -157.359 -157.323 -157.313 -157.317 -159.352 -159.361 -160.418 -165.706 -174.289 -172.886 -171.717 -169.344 -166.038 -167.504 -166.740 -163.898 -165.174 -170.128 -173.269 -174.810 -174.748 -167.990 -165.192 -164.548 -163.878 -164.334 -164.346 -164.388 -164.440 -164.513 -164.607 -169.080 -176.823 -194.995 -220.466 -248.102 -263.725 -269.948 -267.461 -269.436 -273.802 -289.950 -313.161 -343.893 -377.265 -395.386 -406.205 -413.245 -420.570 -431.959 -464.226 -499.070 -527.928 -548.373 -574.214
-155.341 -153.509 -153.965 -157.320 -160.953 -165.299 -166.207 -167.330 -169.543 -168.824 -170.684 -174.280 -177.204 -182.269 -192.012 -203.142 -204.835 -200.071 -195.557 -191.909 -189.681 -186.732 -184.904 -188.942 -196.038 -202.472 -204.488 -198.507 -193.261 -189.082 -188.597 -189.918 -191.499 -190.929 -192.708 -192.014 -186.249 -174.631 -166.992 -166.921 -166.932 -167.136 -167.505 -187.084 -204.833 -202.244 -205.761 -215.720 -234.008 -254.445 -279.262 -303.340 -327.769 -335.069 -338.646 -343.394 -349.500 -378.140 -409.034 -439.920 -465.088 -489.691
-173.036 -166.411 -164.847 -171.344 -178.837 -184.990 -190.701 -192.261 -193.690 -194.355 -194.309 -199.184 -205.392 -218.718 -229.646 -240.468 -246.241 -246.691 -240.722 -232.179 -224.711 -220.511 -225.197 -231.603 -240.973 -248.667 -248.534 -245.528 -237.253 -225.935 -223.729 -223.295 -227.444 -230.595 -235.990 -237.470 -230.942 -217.272 -204.208 -192.935 -186.178 -179.724 -174.207 -167.146 -167.117 -167.104 -167.136 -171.058 -183.381 -200.283 -218.753 -239.353 -263.176 -270.723 -273.613 -277.358 -279.088 -302.164 -332.862 -363.603 -391.087 -415.764
-197.393 -193.527 -195.799 -201.991 -211.349 -221.114 -229.845 -234.294 -233.224 -230.874 -230.063 -235.150 -247.822 -263.557 -275.911 -288.911 -292.426 -296.152 -297.717 -287.014 -272.184 -266.938 -278.187 -286.943 -299.910 -307.478 -309.848 -307.942 -298.647 -281.452 -266.242 -265.990 -274.945 -283.741 -288.985 -291.731 -285.076 -267.665 -250.136 -237.781 -230.000 -225.057 -217.595 -208.850 -198.882 -187.783 -178.504 -168.105 -167.655 -167.721 -167.893 -183.287 -199.676 -211.394 -221.235 -226.866 -235.162 -253.245 -276.996 -301.036 -326.237 -346.483
-230.651 -231.666 -236.571 -242.454 -251.328 -261.741 -271.499 -282.773 -284.676 -285.336 -282.368 -292.089 -302.627 -321.092 -335.364 -349.867 -357.605 -362.870 -367.692 -359.701 -343.287 -334.027 -349.276 -359.608 -373.409 -380.399 -383.640 -382.316 -372.637 -349.778 -331.814 -326.615 -335.516 -343.830 -348.631 -350.666 -346.866 -332.066 -313.238 -295.473 -283.282 -275.883 -269.004 -259.688 -246.724 -234.368 -222.170 -207.264 -190.839 -178.600 -170.696 -165.174 -165.218 -165.352 -172.850 -181.136 -190.409 -204.710 -225.367 -249.949 -274.483 -290.856
-267.322 -272.807 -278.080 -287.077 -325.282 -339.159 -354.165 -366.659 -369.841 -374.762 -376.152 -384.050 -390.583 -401.570 -416.596 -432.642 -446.755 -451.357 -455.321 -458.792 -448.396 -443.648 -446.798 -454.715 -463.097 -467.687 -470.413 -466.436 -452.906 -439.358 -427.379 -422.655 -428.978 -426.075 -422.975 -424.749 -412.155 -399.647 -383.252 -363.814 -344.123 -334.474 -326.853 -317.384 -303.451 -288.391 -273.058 -252.723 -231.321 -217.734 -208.275 -197.709 -187.053 -175.275 -165.355 -162.431 -162.537 -167.835 -185.137 -206.014 -225.294 -241.959
-315.746 -318.052 -323.262 -353.700 -393.894 -422.386 -438.249 -456.443 -463.865 -469.475 -486.258 -496.553 -503.984 -503.297 -514.993 -531.525 -545.547 -551.863 -556.105 -565.437 -568.066 -564.001 -555.526 -562.992 -567.563 -565.886 -568.589 -570.450 -560.902 -546.226 -537.824 -530.360 -524.387 -522.423 -519.923 -500.973 -489.549 -477.120 -458.952 -439.178 -418.979 -402.765 -392.364 -380.349 -363.582 -348.744 -329.831 -308.039 -282.451 -266.121 -253.762 -243.539 -233.090 -218.918 -201.620 -187.355 -173.548 -162.699 -162.824 -163.131 -184.185 -198.719
-392.802 -397.516 -408.022 -446.962 -486.153 -515.800 -534.582 -555.670 -568.095 -585.941 -612.181 -628.692 -627.191 -620.698 -624.543 -638.389 -650.736 -659.839 -669.985 -683.445 -691.537 -684.220 -675.866 -673.805 -672.505 -669.336 -669.145 -670.625 -672.122 -662.143 -654.342 -645.542 -638.040 -631.616 -608.921 -587.871 -574.536 -557.145 -539.331 -518.926 -497.622 -479.739 -466.815 -450.793 -433.534 -414.824 -395.117 -371.237 -343.844 -323.016 -310.165 -298.513 -286.098 -268.917 -248.251 -228.675 -207.994 -189.572 -179.578 -168.336 -158.859 -159.222
-485.484 -489.401 -515.005 -553.250 -591.238 -616.655 -637.891 -659.099 -680.811 -706.663 -732.355 -749.421 -742.878 -736.335 -728.794 -741.016 -753.204 -759.983 -773.354 -786.690 -799.336 -790.931 -782.455 -769.256 -766.565 -763.975 -758.981 -760.818 -762.724 -767.566 -759.210 -750.814 -739.991 -717.322 -694.540 -672.967 -655.432 -638.066 -618.659 -597.376 -576.075 -554.584 -538.480 -522.383 -503.618 -485.069 -466.567 -444.912 -419.655 -398.243 -381.809 -364.342 -350.210 -328.509 -302.277 -278.354 -250.122 -231.058 -216.851 -204.357 -191.694 -175.607
-599.939 -624.702 -652.737 -690.726 -712.812 -730.777 -751.966 -771.782 -791.178 -816.621 -838.985 -860.361 -856.119 -844.588 -831.580 -840.328 -845.575 -848.907 -860.474 -873.614 -886.689 -883.017 -869.146 -853.328 -847.781 -842.214 -835.266 -835.419 -841.248 -849.406 -844.255 -832.318 -817.884 -796.974 -775.821 -755.683 -737.734 -717.824 -696.816 -675.558 -652.657 -629.229 -612.881 -592.375 -570.724 -552.200 -540.241 -524.776 -500.526 -483.101 -463.639 -444.074 -429.326 -402.950 -372.291 -336.188 -300.921 -271.230 -257.831 -245.294 -234.339 -218.043
-731.046 -759.617 -788.123 -808.033 -825.844 -843.620 -861.449 -880.636 -899.784 -919.191 -940.141 -960.945 -955.818 -942.292 -928.823 -927.794 -930.796 -933.812 -941.975 -955.161 -968.226 -960.615 -945.316 -930.047 -920.956 -914.660 -908.376 -911.211 -919.249 -927.219 -919.992 -905.477 -890.987 -873.551 -853.131 -832.710 -812.765 -791.962 -771.153 -748.291 -724.827 -701.353 -679.040 -657.556 -636.216 -625.664 -614.985 -604.929 -588.048 -570.898 -551.382 -530.533 -509.657 -481.702 -444.163 -406.596 -370.927 -336.953 -314.584 -297.822 -283.453 -263.780
-823.387 -851.905 -880.421 -903.228 -920.989 -931.170 -945.599 -964.753 -978.375 -995.036 -1015.846 -1018.801 -1014.314 -1000.846 -997.397 -996.649 -999.656 -1000.794 -1006.140 -1019.179 -1014.951 -1006.880 -991.614 -980.538 -971.481 -965.200 -960.990 -962.095 -970.080 -968.362 -961.113 -946.631 -935.065 -919.848 -899.428 -882.603 -863.848 -843.010 -821.611 -799.037 -775.314 -749.923 -726.924 -707.772 -698.059 -687.654 -680.435 -683.928 -669.659 -655.301 -640.413 -619.528 -598.571 -570.890 -533.498 -492.218 -450.147 -414.198 -379.041 -359.047 -338.006 -316.110
-915.937 -944.463 -972.970 -997.600 -1007.649 -1017.777 -1029.229 -1042.672 -1056.138 -1069.908 -1071.953 -1074.108 -1073.769 -1070.718 -1067.607 -1065.317 -1066.453 -1067.596 -1067.655 -1063.400 -1059.265 -1053.746 -1042.852 -1031.929 -1022.283 -1018.239 -1014.188 -1011.920 -1009.579 -1007.286 -1002.832 -991.401 -979.954 -966.763 -949.974 -933.166 -914.874 -893.467 -872.057 -849.234 -823.863 -798.469 -779.250 -769.522 -759.780 -755.255 -758.701 -762.143 -753.055 -740.996 -729.011 -708.682 -687.655 -666.107 -623.202 -577.321 -533.445 -498.555 -464.021 -435.414 -410.056 -386.538
-990.412 -1018.845 -1045.648 -1064.381 -1074.092 -1083.902 -1094.078 -1107.565 -1119.154 -1122.261 -1124.421 -1126.436 -1127.696 -1124.208 -1120.613 -1116.514 -1117.158 -1117.091 -1114.710 -1110.605 -1105.247 -1096.448 -1085.727 -1074.217 -1060.601 -1056.470 -1052.106 -1047.035 -1044.660 -1041.805 -1037.581 -1026.261 -1014.852 -1002.574 -985.920 -968.789 -950.058 -928.448 -903.831 -875.527 -849.860 -824.659 -804.119 -795.458 -790.879 -792.225 -797.202 -808.235 -807.950 -796.257 -791.640 -776.981 -756.042 -741.751 -702.901 -657.373 -625.145 -590.573 -555.600 -513.469 -487.448 -456.863
