tests/3D/Borden05m_nopit_001/output_maps/psiliqL0016N0011.asc
ncols         160
nrows         34
xllcorner     620200.000000
yllcorner     5168000.000000
cellsize      0.500000
NODATA_value  -9999.0
[rows 0 to 27 of 34, columns 63 to 125 of 160]
-9999.000 -9999.000 -9999.000 -9999.000 -9999.000 -9999.000 -9999.000 -9999.000 -9999.000 -9999.000 -9999.000 -9999.000 -9999.000 -9999.000 -9999.000 -9999.000 -9999.000 -9999.000 -9999.000 -9999.000 -9999.000 -9999.000 -9999.000 -9999.000 -9999.000 -9999.000 -9999.000 -9999.000 -9999.000 -9999.000 -9999.000 -9999.000 -9999.000 -9999.000 -9999.000 -9999.000 -9999.000 -9999.000 -9999.000 -9999.000 -9999.000 -9999.000 -9999.000 -9999.000 -9999.000 -9999.000 -9999.000 -9999.000 -9999.000 -9999.000 -9999.000 -9999.000 -9999.000 -9999.000 -9999.000 -9999.000 -9999.000 -9999.000 -9999.000 -9999.000 -9999.000 -9999.000 -9999.000
1376.434 1367.038 1358.598 1354.402 1353.251 1352.272 1351.652 1356.641 1364.497 1371.986 1378.946 1381.233 1383.530 1385.565 1385.888 1384.586 1381.274 1377.900 1374.446 1372.837 1364.885 1353.538 1344.826 1342.070 1346.423 1350.866 1353.374 1359.103 1369.801 1380.622 1389.254 1401.401 1407.619 1412.945 1416.018 1412.168 1408.922 1405.300 1400.142 1389.208 -9999.000 -9999.000 -9999.000 -9999.000 -9999.000 -9999.000 -9999.000 -9999.000 -9999.000 -9999.000 -9999.000 -9999.000 -9999.000 -9999.000 -9999.000 -9999.000 -9999.000 -9999.000 -9999.000 -9999.000 -9999.000 -9999.000 -9999.000
1360.496 1351.676 1346.235 1340.595 1338.332 1338.165 1337.989 1341.810 1351.930 1359.700 1364.267 1366.664 1369.182 1368.463 1367.756 1367.348 1364.367 1360.848 1357.391 1355.518 1356.120 1348.474 1342.825 1339.259 1337.277 1339.844 1342.328 1346.041 1355.518 1363.699 1371.919 1386.546 1399.286 1404.811 1402.515 1397.869 1394.340 1387.750 1377.774 1367.691 1358.339 1351.755 1346.561 1341.020 1347.436 1354.627 1364.642 1374.344 1386.502 1398.765 -9999.000 -9999.000 -9999.000 -9999.000 -9999.000 -9999.000 -9999.000 -9999.000 -9999.000 -9999.000 -9999.000 -9999.000 -9999.000
1347.793 1344.080 1339.122 1333.196 1341.737 1342.665 1343.441 1346.466 1349.065 1352.453 1354.948 1360.125 1368.933 1371.497 1371.843 1371.809 1369.809 1366.546 1364.604 1361.749 1356.446 1355.092 1355.134 1354.559 1359.264 1360.755 1362.791 1356.470 1360.318 1366.637 1373.629 1380.075 1386.808 1390.677 1387.683 1387.468 1379.441 1366.037 1355.572 1347.658 1346.522 1343.682 1336.141 1323.546 1331.253 1347.222 1352.127 1355.514 1367.220 1379.614 1390.030 1392.618 1392.389 1392.134 1389.498 1375.760 1361.165 1346.345 1327.785 -9999.000 -9999.000 -9999.000 -9999.000
1349.854 1346.358 1343.409 1354.969 1363.659 1364.946 1367.394 1370.803 1370.290 1358.446 1355.928 1363.750 1373.684 1379.084 1379.071 1378.719 1376.108 1374.901 1374.414 1372.178 1372.491 1374.552 1373.812 1377.909 1383.424 1386.399 1379.283 1370.458 1371.752 1379.805 1388.328 1395.891 1406.639 1418.099 1417.717 1412.790 1404.412 1391.662 1369.036 1350.518 1340.118 1333.233 1326.461 1327.571 1324.558 1336.776 1338.802 1341.081 1349.315 1359.790 1370.267 1376.360 1375.911 1375.407 1373.083 1363.686 1349.058 1334.380 1317.491 1291.762 1263.298 1237.513 1235.867
1352.481 1354.372 1365.338 1377.948 1390.985 1392.970 1394.868 1393.890 1384.943 1374.513 1370.786 1384.900 1400.865 1408.718 1408.809 1407.009 1412.768 1411.520 1410.117 1405.425 1406.987 1407.388 1416.052 1423.494 1430.648 1428.936 1416.962 1405.496 1404.458 1408.005 1412.299 1419.034 1429.506 1439.432 1434.902 1428.836 1420.184 1393.150 1367.973 1352.578 1353.538 1354.508 1350.365 1348.068 1345.931 1340.156 1340.311 1339.898 1339.743 1352.039 1364.877 1368.519 1362.314 1358.656 1356.530 1348.300 1337.249 1321.895 1305.067 1286.021 1257.990 1251.814 1242.847
1390.244 1397.087 1408.655 1424.128 1446.651 1447.964 1449.903 1451.275 1439.456 1426.795 1415.731 1434.111 1444.138 1452.082 1452.509 1460.925 1470.186 1465.648 1457.888 1447.123 1453.043 1463.388 1478.170 1484.965 1488.991 1487.047 1475.497 1469.693 1469.018 1472.296 1470.890 1476.552 1486.765 1502.152 1502.046 1495.110 1474.234 1438.539 1406.592 1389.095 1396.938 1391.319 1385.553 1383.506 1371.088 1361.843 1363.136 1354.554 1349.264 1361.422 1368.044 1369.834 1363.021 1368.459 1361.278 1342.137 1325.257 1310.234 1295.952 1280.119 1273.456 1264.299 1256.354
1420.592 1429.760 1447.352 1467.969 1489.791 1495.007 1495.278 1504.235 1497.353 1487.494 1479.214 1492.162 1503.362 1514.298 1522.717 1534.955 1545.852 1534.610 1521.453 1515.035 1520.375 1540.921 1558.869 1563.664 1564.357 1566.420 1556.256 1550.213 1544.439 1540.698 1535.887 1532.646 1552.612 1570.555 1569.911 1548.126 1525.707 1490.347 1454.297 1425.497 1429.277 1427.774 1428.972 1416.422 1403.118 1389.968 1383.123 1375.609 1363.350 1370.225 1375.664 1385.293 1394.069 1396.018 1379.660 1362.310 1343.160 1324.935 1310.809 1305.400 1299.851 1289.985 1283.271
1509.340 1515.566 1530.344 1551.597 1580.586 1598.640 1614.931 1618.467 1610.014 1600.959 1587.959 1587.255 1605.254 1616.656 1626.340 1636.141 1648.215 1652.369 1648.740 1647.832 1651.065 1659.225 1669.049 1675.518 1680.252 1685.104 1679.507 1668.974 1663.739 1656.012 1650.821 1649.066 1653.999 1667.590 1666.061 1638.966 1613.503 1582.610 1547.263 1518.353 1505.288 1515.742 1508.372 1492.371 1476.671 1445.650 1433.399 1420.478 1394.007 1391.808 1399.487 1411.913 1423.206 1409.026 1392.808 1374.903 1354.881 1336.356 1329.588 1328.201 1325.231 1319.081 1316.437
1621.554 1625.053 1631.461 1662.520 1695.680 1722.642 1745.376 1752.896 1741.822 1731.881 1719.494 1710.075 1715.404 1729.917 1746.295 1761.354 1772.286 1775.438 1774.105 1774.264 1776.359 1779.187 1782.289 1788.714 1795.859 1805.418 1815.664 1808.971 1792.517 1781.207 1768.957 1765.331 1764.967 1765.062 1765.919 1757.188 1724.880 1697.359 1667.183 1642.403 1625.127 1616.294 1599.073 1578.254 1533.538 1496.383 1464.672 1441.569 1416.724 1418.371 1440.924 1475.510 1472.897 1461.390 1445.252 1421.343 1397.724 1374.934 1369.519 1367.306 1362.445 1356.087 1350.996
1740.471 1744.114 1749.315 1771.724 1808.657 1844.884 1873.803 1876.148 1865.439 1854.663 1844.474 1832.892 1829.260 1837.900 1849.695 1866.395 1877.324 1885.952 1884.609 1884.935 1885.614 1887.619 1889.402 1891.642 1899.118 1911.523 1923.404 1924.061 1909.694 1892.826 1876.210 1870.561 1865.866 1860.796 1861.999 1863.631 1855.196 1830.007 1794.933 1754.885 1732.621 1714.718 1703.909 1689.580 1662.605 1610.378 1580.208 1547.028 1516.948 1504.459 1553.317 1559.251 1548.832 1535.516 1512.618 1486.151 1461.898 1437.876 1431.617 1427.077 1419.649 1413.791 1405.951
1854.754 1859.464 1867.787 1883.542 1908.300 1937.674 1964.129 1980.258 1975.263 1961.359 1942.993 1936.652 1934.923 1937.195 1944.307 1953.291 1969.441 1985.864 1991.236 1991.979 1989.490 1991.577 1992.744 1992.782 1994.228 1999.793 2007.445 2010.195 2004.817 1987.946 1967.470 1954.293 1946.581 1942.714 1941.843 1944.507 1945.537 1933.884 1904.739 1866.907 1836.101 1817.400 1803.742 1791.595 1781.805 1761.017 1744.197 1714.264 1672.057 1640.700 1653.189 1644.849 1634.179 1611.050 1582.115 1555.228 1524.513 1496.729 1482.874 1477.727 1473.808 1467.893 1457.496
1959.130 1967.756 1982.566 2001.952 2016.571 2034.230 2056.178 2069.222 2074.579 2074.336 2072.389 2074.007 2074.199 2039.213 2042.979 2046.694 2056.238 2065.989 2069.300 2069.656 2068.235 2069.475 2069.901 2069.975 2069.625 2070.173 2073.006 2074.088 2072.747 2064.770 2071.602 2054.189 2042.176 2034.757 2027.199 2019.068 2009.986 2000.862 1984.571 1957.947 1925.917 1901.611 1892.251 1886.921 1880.987 1876.655 1862.403 1842.281 1812.399 1775.755 1747.128 1740.694 1725.371 1696.741 1672.662 1655.039 1621.187 1589.672 1569.004 1563.082 1549.739 1534.440 1520.629
2057.707 2069.923 2083.625 2075.728 2080.381 2085.196 2089.980 2091.623 2092.093 2091.876 2089.643 2089.209 2087.399 2083.112 2073.489 2075.006 2076.606 2079.116 2082.658 2081.391 2082.347 2085.250 2083.706 2078.148 2074.489 2072.928 2073.507 2080.638 2083.817 2084.633 2083.066 2082.343 2081.781 2079.872 2077.489 2074.130 2069.834 2076.025 2065.887 2042.252 2008.607 1973.479 1962.216 1960.378 1961.416 1959.659 1954.581 1937.584 1911.954 1877.381 1841.069 1829.073 1816.417 1802.963 1790.801 1775.239 1738.824 1703.110 1677.691 1662.632 1638.290 1618.968 1601.338
2093.379 2094.909 2091.744 2088.457 2083.812 2082.541 2081.292 2078.955 2079.625 2077.750 2073.896 2070.356 2063.690 2052.939 2041.784 2039.057 2043.568 2048.694 2053.176 2056.634 2060.012 2060.833 2056.002 2048.167 2041.114 2039.295 2045.773 2051.295 2056.772 2057.471 2056.108 2054.019 2054.134 2051.523 2051.944 2058.430 2071.780 2076.696 2079.989 2079.504 2070.163 2053.259 2050.858 2031.873 2036.331 2032.188 2021.424 2001.415 1978.781 1950.303 1922.495 1901.058 1893.684 1888.830 1882.806 1872.275 1837.781 1804.871 1775.069 1752.737 1727.641 1704.779 1683.831
2081.717 2083.007 2076.206 2068.117 2061.373 2054.717 2052.727 2051.781 2051.347 2051.649 2046.547 2038.627 2023.267 2011.984 2001.030 1995.168 1992.875 1997.457 2007.496 2017.569 2022.235 2015.000 2007.458 1996.734 1988.830 1989.137 1991.053 2000.008 2014.382 2019.535 2020.164 2014.724 2009.718 2003.615 2001.246 2007.709 2022.272 2037.375 2051.039 2059.105 2066.244 2072.627 2074.882 2076.384 2077.191 2075.953 2075.819 2060.424 2039.554 2015.283 1991.918 1966.816 1961.306 1960.011 1956.347 1954.363 1925.801 1891.843 1859.168 1832.057 1806.311 1782.821 1760.818
2051.647 2048.376 2042.093 2032.398 2021.954 2012.706 2006.524 2007.579 2009.943 2011.235 2004.948 1990.807 1973.944 1960.984 1947.522 1943.789 1938.876 1933.956 1944.338 1961.877 1968.304 1954.385 1944.457 1930.261 1923.239 1919.969 1921.250 1930.336 1950.457 1970.575 1971.833 1961.763 1951.803 1946.830 1943.807 1949.314 1966.317 1985.634 2000.026 2009.246 2014.378 2021.988 2031.058 2043.369 2056.481 2067.408 2074.598 2079.575 2077.114 2069.796 2058.846 2038.051 2024.843 2016.154 2011.366 2003.831 1982.501 1955.550 1929.475 1903.498 1881.356 1862.311 1836.860
2011.271 2005.733 1999.251 1983.912 1972.427 1960.974 1947.738 1944.781 1941.882 1943.846 1933.183 1924.095 1906.772 1891.950 1876.873 1866.075 1860.580 1854.743 1857.398 1872.188 1880.991 1868.927 1858.960 1846.912 1841.294 1837.988 1839.947 1850.039 1871.053 1889.198 1896.160 1888.105 1883.645 1881.476 1879.663 1884.807 1897.346 1915.630 1935.888 1951.753 1960.469 1967.291 1976.493 1990.206 2003.469 2016.785 2033.322 2053.328 2067.680 2076.709 2079.408 2078.726 2074.216 2072.316 2062.634 2051.595 2034.026 2010.806 1984.695 1959.172 1942.150 1925.326 1907.455
1968.759 1963.343 1946.846 1899.401 1881.622 1864.535 1850.064 1845.006 1838.224 1828.755 1820.505 1815.166 1811.514 1797.140 1780.362 1764.331 1759.613 1755.920 1744.787 1746.886 1749.310 1756.926 1750.057 1745.638 1744.657 1742.122 1744.599 1757.681 1767.966 1776.295 1782.114 1781.926 1789.019 1794.808 1799.615 1814.635 1826.138 1841.822 1861.632 1884.494 1897.251 1905.805 1915.675 1930.241 1945.796 1962.338 1983.687 2007.549 2022.632 2032.986 2044.224 2056.408 2070.010 2077.456 2083.485 2082.424 2077.836 2056.740 2031.159 2011.000 1993.733 1979.455 1965.334
1914.736 1906.828 1862.998 1822.634 1791.330 1774.884 1753.833 1743.162 1731.715 1703.069 1688.944 1685.517 1694.195 1687.169 1671.434 1658.701 1650.746 1643.723 1629.781 1618.209 1623.417 1637.480 1634.732 1634.595 1639.733 1638.249 1633.667 1636.334 1649.476 1656.174 1665.635 1678.031 1681.536 1691.685 1718.720 1730.768 1744.458 1762.542 1782.458 1803.496 1823.034 1835.271 1848.848 1866.348 1882.008 1901.495 1923.524 1951.105 1970.098 1983.463 1993.889 2004.391 2019.137 2038.350 2055.433 2071.814 2082.048 2082.734 2075.497 2056.364 2038.965 2024.798 2015.987
1820.241 1799.599 1753.445 1716.481 1690.558 1670.349 1648.448 1629.952 1601.465 1570.734 1551.482 1561.129 1570.439 1575.389 1563.063 1551.744 1542.498 1528.052 1512.799 1500.110 1509.537 1518.074 1529.635 1534.070 1537.657 1541.024 1539.522 1532.762 1534.182 1542.002 1551.252 1561.097 1575.801 1605.429 1628.288 1644.081 1662.887 1680.870 1701.477 1723.365 1743.637 1758.500 1775.476 1793.103 1812.688 1831.768 1854.766 1882.334 1905.872 1920.333 1933.824 1946.702 1964.951 1987.272 2008.668 2031.900 2052.187 2064.240 2076.501 2083.031 2079.741 2067.717 2054.798
1704.319 1666.818 1627.007 1599.013 1580.928 1558.982 1538.295 1512.888 1482.889 1459.822 1441.118 1450.084 1458.985 1473.791 1463.733 1454.763 1450.288 1435.963 1422.782 1408.089 1415.356 1425.932 1444.924 1449.476 1452.927 1460.373 1459.101 1455.573 1443.458 1450.747 1460.302 1473.064 1500.183 1522.564 1544.293 1563.815 1581.909 1602.072 1623.457 1645.264 1669.026 1686.607 1703.878 1723.739 1742.214 1758.014 1776.261 1800.432 1821.416 1840.278 1860.318 1874.675 1897.834 1926.390 1953.996 1985.692 2007.858 2022.750 2035.159 2047.407 2065.571 2075.809 2078.266
1544.664 1513.246 1485.655 1475.901 1461.737 1441.963 1423.243 1404.469 1381.577 1361.734 1338.723 1343.995 1358.270 1373.845 1371.046 1369.547 1367.494 1357.411 1344.247 1330.965 1334.732 1350.459 1367.514 1375.614 1382.378 1389.731 1389.428 1381.371 1371.984 1376.700 1390.304 1405.368 1424.007 1444.424 1464.443 1483.245 1504.047 1525.392 1546.977 1570.354 1595.023 1613.527 1635.172 1657.730 1674.570 1684.186 1694.819 1715.872 1732.047 1752.377 1773.396 1789.754 1816.344 1849.046 1888.141 1926.021 1961.613 1977.656 1990.706 2001.221 2017.113 2037.014 2056.031
1430.663 1402.813 1390.988 1375.351 1360.947 1345.841 1326.813 1309.970 1293.865 1273.343 1259.157 1265.911 1279.724 1290.458 1295.037 1292.814 1290.437 1283.928 1270.487 1262.585 1271.612 1286.854 1301.207 1311.673 1318.257 1323.794 1320.730 1311.905 1306.610 1314.149 1328.919 1342.478 1357.944 1377.904 1397.452 1417.589 1438.566 1459.279 1482.226 1505.833 1529.934 1554.144 1575.351 1594.379 1603.165 1612.383 1615.868 1628.655 1644.378 1661.781 1682.873 1705.174 1731.357 1769.562 1808.855 1846.894 1884.220 1914.067 1932.693 1948.519 1968.155 1988.814 2006.217
1356.918 1329.060 1305.455 1291.685 1284.650 1272.021 1254.962 1243.486 1228.161 1214.076 1216.745 1219.757 1230.438 1231.129 1232.257 1229.831 1229.220 1225.854 1216.913 1225.571 1232.778 1246.950 1257.380 1266.751 1272.661 1276.391 1276.433 1270.445 1274.321 1280.629 1294.303 1305.225 1318.958 1338.480 1354.639 1372.684 1393.410 1414.763 1437.078 1460.909 1486.770 1509.689 1527.092 1534.216 1542.999 1546.049 1537.369 1548.825 1561.189 1572.686 1592.738 1612.904 1635.925 1673.082 1716.320 1761.839 1798.727 1839.585 1863.962 1887.135 1908.934 1932.788 1954.788
1271.200 1243.734 1222.259 1215.857 1205.814 1195.600 1183.852 1170.985 1161.728 1164.838 1162.937 1161.874 1162.274 1165.418 1168.614 1168.113 1167.284 1169.080 1177.159 1181.511 1186.972 1196.704 1207.773 1218.603 1222.344 1226.452 1229.953 1234.143 1236.602 1240.313 1250.887 1262.207 1274.532 1290.348 1307.091 1324.986 1346.245 1368.105 1391.513 1416.908 1442.899 1462.943 1471.208 1480.062 1482.087 1475.618 1469.757 1474.589 1485.580 1493.641 1511.024 1531.742 1545.775 1585.034 1631.957 1673.872 1709.231 1744.015 1780.877 1807.517 1832.173 1863.136 1890.143
1204.846 1181.958 1166.228 1156.487 1146.642 1136.663 1124.233 1115.823 1115.519 1113.388 1111.578 1109.891 1113.298 1117.111 1121.619 1121.671 1122.502 1125.365 1129.714 1135.870 1145.082 1155.834 1167.810 1182.590 1187.233 1191.768 1197.350 1199.942 1203.024 1206.955 1217.807 1229.186 1240.921 1257.311 1274.467 1292.792 1314.408 1339.311 1368.206 1394.180 1419.843 1442.189 1450.843 1454.408 1452.314 1445.600 1432.113 1429.836 1439.303 1440.933 1451.776 1470.243 1479.844 1509.841 1550.900 1579.451 1613.602 1650.834 1699.541 1727.575 1758.887 1789.270 1819.431
1142.281 1125.982 1107.511 1094.989 1084.821 1076.025 1069.608 1068.345 1065.836 1064.396 1063.301 1061.620 1063.656 1067.996 1072.095 1074.401 1077.257 1080.927 1087.330 1096.325 1104.661 1116.455 1131.050 1146.046 1152.612 1158.038 1163.781 1167.892 1171.998 1175.623 1185.441 1196.865 1207.339 1224.168 1242.302 1261.000 1286.118 1315.199 1344.777 1370.324 1395.248 1420.372 1423.699 1424.717 1424.016 1409.698 1394.473 1387.593 1389.438 1390.125 1394.645 1405.362 1416.163 1438.978 1463.727 1491.589 1526.621 1573.143 1618.322 1650.407 1680.427 1709.894 1735.584
