tests/3D/Borden05m_nopit_001/output_maps/psiliqL0014N0020.asc
ncols         160
nrows         34
xllcorner     620200.000000
yllcorner     5168000.000000
cellsize      0.500000
NODATA_value  -9999.0
[rows 0 to 27 of 34, columns 63 to 125 of 160]
-9999.000 -9999.000 -9999.000 -9999.000 -9999.000 -9999.000 -9999.000 -9999.000 -9999.000 -9999.000 -9999.000 -9999.000 -9999.000 -9999.000 -9999.000 -9999.000 -9999.000 -9999.000 -9999.000 -9999.000 -9999.000 -9999.000 -9999.000 -9999.000 -9999.000 -9999.000 -9999.000 -9999.000 -9999.000 -9999.000 -9999.000 -9999.000 -9999.000 -9999.000 -9999.000 -9999.000 -9999.000 -9999.000 -9999.000 -9999.000 -9999.000 -9999.000 -9999.000 -9999.000 -9999.000 -9999.000 -9999.000 -9999.000 -9999.000 -9999.000 -9999.000 -9999.000 -9999.000 -9999.000 -9999.000 -9999.000 -9999.000 -9999.000 -9999.000 -9999.000 -9999.000 -9999.000 -9999.000
976.718 967.311 958.762 954.570 953.430 952.431 951.823 956.849 964.678 972.155 979.144 981.418 983.717 985.800 986.152 984.827 981.510 978.140 974.681 973.098 965.031 953.643 944.853 942.085 946.475 950.939 953.458 959.297 970.059 980.924 989.564 1001.625 1007.680 1012.998 1016.162 1012.332 1009.084 1005.523 1000.555 989.650 -9999.000 -9999.000 -9999.000 -9999.000 -9999.000 -9999.000 -9999.000 -9999.000 -9999.000 -9999.000 -9999.000 -9999.000 -9999.000 -9999.000 -9999.000 -9999.000 -9999.000 -9999.000 -9999.000 -9999.000 -9999.000 -9999.000 -9999.000
960.712 951.837 946.342 940.683 938.511 938.324 938.152 942.022 952.030 959.813 964.398 966.761 969.230 968.697 968.019 967.587 964.603 961.088 957.627 955.760 956.197 948.547 942.972 939.476 937.692 940.226 942.668 946.206 955.745 963.980 972.248 986.760 999.407 1004.890 1002.635 997.967 994.484 988.048 978.217 968.107 958.496 951.801 946.623 941.239 947.635 954.671 964.808 974.686 986.848 999.101 -9999.000 -9999.000 -9999.000 -9999.000 -9999.000 -9999.000 -9999.000 -9999.000 -9999.000 -9999.000 -9999.000 -9999.000 -9999.000
947.944 944.149 939.181 933.647 941.911 942.847 943.659 946.675 949.441 952.503 955.033 960.198 968.993 971.526 971.873 971.841 969.855 966.606 964.683 961.831 956.535 955.280 955.410 954.985 959.818 961.305 963.166 956.675 960.404 966.732 973.724 980.350 987.194 991.322 988.375 987.982 980.001 966.626 956.018 947.990 946.558 943.717 936.230 923.836 931.397 947.314 952.220 955.749 967.561 979.954 990.315 992.745 992.506 992.245 989.646 975.905 961.312 946.534 927.984 -9999.000 -9999.000 -9999.000 -9999.000
949.869 946.405 943.769 955.586 964.384 965.680 968.160 971.487 970.725 958.704 956.109 964.064 974.077 979.550 979.520 979.193 976.816 975.620 975.093 972.785 973.279 975.456 975.069 979.407 984.939 987.848 980.347 971.433 972.531 980.496 988.893 996.443 1007.299 1018.885 1018.355 1013.326 1004.950 992.113 969.423 950.675 940.360 933.670 926.969 927.674 924.971 936.838 938.885 941.088 949.482 959.960 970.371 976.413 975.988 975.516 973.204 963.823 949.202 934.539 917.772 892.190 863.784 837.650 836.181
953.004 955.213 966.665 979.477 992.918 994.935 996.880 995.988 986.775 976.338 972.417 986.727 1002.564 1010.439 1010.669 1009.397 1015.710 1014.200 1012.425 1007.474 1009.216 1010.194 1019.521 1026.924 1033.920 1032.138 1020.244 1008.946 1007.707 1010.861 1014.614 1021.171 1031.698 1041.774 1037.279 1031.004 1022.065 994.710 968.984 953.329 954.380 955.356 951.235 948.847 946.426 940.278 940.386 940.027 939.861 952.139 964.863 968.497 962.369 958.765 956.644 948.315 937.334 922.052 905.247 886.310 858.262 851.833 843.137
992.115 999.193 1011.040 1027.102 1049.830 1051.547 1053.815 1055.750 1044.164 1031.625 1020.351 1038.007 1047.849 1055.969 1057.018 1066.116 1075.518 1070.794 1062.746 1052.245 1058.238 1069.370 1084.088 1090.661 1094.437 1093.020 1081.935 1076.319 1075.197 1077.828 1075.893 1080.945 1091.439 1106.908 1107.028 1099.339 1078.230 1042.761 1010.243 991.725 998.824 993.176 987.502 985.030 972.298 962.604 963.608 954.885 949.432 961.465 967.992 969.839 963.206 968.688 961.393 942.558 925.588 910.434 896.128 880.541 873.707 864.513 856.650
1026.023 1035.020 1052.663 1073.843 1096.080 1102.628 1104.289 1113.126 1106.273 1096.618 1088.192 1099.457 1110.889 1121.981 1130.951 1143.120 1154.120 1143.937 1131.564 1125.946 1130.956 1150.500 1167.562 1172.360 1173.378 1175.966 1166.826 1160.537 1154.284 1149.719 1144.463 1140.938 1159.822 1177.036 1176.290 1154.431 1132.049 1097.504 1061.760 1032.032 1033.941 1032.775 1033.522 1020.445 1006.787 992.402 984.651 976.904 964.060 970.447 976.024 985.950 995.030 996.417 980.062 962.718 943.535 925.166 910.987 905.751 900.316 890.534 883.913
1119.312 1125.193 1139.256 1161.361 1191.006 1210.266 1227.585 1231.048 1222.323 1213.169 1199.974 1198.083 1214.908 1226.270 1236.231 1246.318 1258.284 1263.198 1260.230 1259.511 1262.518 1269.615 1278.512 1284.927 1289.997 1295.296 1291.222 1281.160 1275.276 1267.089 1261.100 1259.141 1262.758 1274.946 1273.741 1248.516 1223.309 1193.224 1158.459 1129.607 1115.128 1123.839 1115.393 1099.400 1082.619 1050.545 1036.831 1023.163 995.970 993.265 1001.765 1014.694 1025.184 1010.628 994.384 976.285 956.110 937.184 930.450 929.075 926.077 920.002 917.340
1231.538 1235.124 1241.539 1272.343 1305.388 1332.752 1355.489 1363.086 1352.265 1342.295 1330.138 1320.597 1324.778 1338.739 1354.860 1369.949 1380.801 1384.170 1382.888 1383.067 1384.958 1387.750 1390.608 1396.617 1403.659 1413.398 1424.091 1418.151 1401.802 1390.077 1377.169 1372.964 1372.237 1371.565 1372.369 1365.244 1334.888 1308.183 1278.384 1252.541 1234.426 1223.834 1206.786 1186.649 1143.246 1106.090 1074.257 1050.216 1024.735 1024.992 1048.387 1081.162 1077.145 1065.671 1049.236 1025.132 1001.256 977.861 971.995 969.558 964.497 958.095 952.740
1349.822 1353.732 1359.445 1380.960 1416.934 1452.507 1480.945 1483.800 1473.718 1463.062 1452.655 1441.651 1438.083 1445.901 1456.947 1472.902 1483.930 1493.078 1492.139 1492.486 1492.931 1494.865 1496.572 1498.520 1505.542 1517.387 1528.719 1529.687 1516.271 1499.630 1482.891 1476.583 1471.419 1466.315 1467.273 1468.845 1461.937 1438.005 1403.910 1363.929 1340.519 1322.035 1311.228 1297.417 1273.199 1223.896 1195.584 1163.305 1132.568 1117.175 1161.972 1165.064 1154.641 1140.711 1117.450 1091.233 1066.629 1042.033 1034.809 1030.013 1022.487 1016.474 1008.394
1462.417 1467.542 1476.420 1492.005 1515.210 1543.294 1569.060 1585.334 1580.929 1567.882 1550.329 1544.722 1543.243 1545.231 1551.833 1559.994 1575.425 1591.207 1596.491 1597.203 1594.755 1596.769 1597.851 1597.870 1599.001 1603.938 1611.112 1613.726 1608.859 1592.881 1573.048 1559.492 1551.525 1547.559 1546.289 1548.422 1548.983 1537.994 1510.222 1473.794 1442.813 1423.369 1409.523 1397.768 1388.524 1370.256 1354.294 1325.694 1284.709 1252.639 1259.694 1251.172 1240.363 1217.120 1188.675 1162.794 1131.909 1103.441 1088.236 1082.589 1077.956 1071.346 1060.597
1564.921 1573.822 1588.575 1607.113 1620.774 1637.356 1658.296 1670.642 1676.020 1676.086 1674.597 1676.306 1676.463 1647.592 1650.809 1653.968 1661.851 1670.360 1673.173 1673.467 1672.292 1673.401 1673.752 1673.864 1673.518 1673.675 1676.014 1676.906 1675.796 1668.839 1673.164 1656.325 1644.628 1637.380 1629.970 1621.863 1612.853 1603.890 1588.412 1562.707 1531.180 1506.267 1496.590 1491.418 1486.019 1481.970 1468.301 1448.733 1419.964 1383.978 1353.816 1346.429 1331.243 1303.780 1280.965 1264.291 1230.805 1198.887 1177.217 1170.238 1155.724 1139.632 1125.369
1659.897 1671.736 1684.793 1678.679 1682.523 1686.500 1690.452 1691.810 1692.198 1692.019 1689.821 1689.462 1687.786 1683.321 1673.882 1675.379 1676.902 1679.387 1682.887 1681.584 1682.504 1685.396 1683.898 1678.447 1674.878 1673.320 1673.805 1680.868 1683.977 1684.759 1683.587 1682.908 1682.439 1680.858 1678.883 1676.102 1672.546 1676.833 1667.112 1644.438 1612.234 1578.424 1566.371 1563.736 1565.013 1563.195 1558.221 1541.350 1516.121 1482.200 1446.378 1433.257 1420.888 1408.531 1397.184 1382.316 1346.589 1310.978 1284.894 1268.823 1244.155 1224.493 1206.526
1693.932 1695.109 1691.910 1688.562 1683.970 1682.763 1681.536 1679.221 1679.900 1678.028 1674.219 1670.788 1664.407 1653.835 1642.684 1640.141 1644.696 1649.713 1654.047 1657.285 1660.586 1661.585 1656.895 1649.189 1642.246 1640.390 1646.778 1652.248 1657.492 1658.151 1656.791 1654.789 1654.980 1652.513 1652.976 1659.328 1672.362 1677.753 1680.463 1680.051 1672.321 1658.342 1652.870 1634.086 1638.190 1634.134 1623.486 1603.753 1581.476 1553.612 1526.427 1504.414 1497.005 1492.327 1486.474 1476.672 1443.158 1410.543 1380.483 1357.579 1332.499 1309.547 1288.429
1682.050 1683.388 1676.642 1668.658 1662.019 1655.531 1653.618 1652.585 1652.111 1652.367 1647.305 1639.689 1624.690 1613.471 1602.540 1596.693 1594.727 1599.555 1609.328 1618.937 1623.520 1616.738 1609.397 1598.912 1591.044 1591.319 1593.426 1602.258 1616.087 1620.713 1621.304 1616.090 1611.409 1605.426 1603.209 1609.677 1624.073 1638.805 1652.032 1659.854 1666.857 1673.070 1676.160 1677.380 1678.021 1676.971 1676.133 1661.251 1641.048 1617.766 1594.845 1569.918 1563.988 1562.348 1558.603 1556.593 1528.929 1495.471 1463.056 1435.793 1410.147 1386.937 1364.930
1652.505 1649.411 1643.144 1633.509 1623.186 1614.030 1608.156 1609.213 1611.575 1612.782 1606.707 1592.828 1576.165 1563.313 1549.933 1546.238 1541.536 1537.211 1547.650 1564.707 1570.923 1557.478 1547.757 1533.779 1526.659 1523.547 1524.937 1534.059 1553.657 1572.899 1573.975 1564.100 1554.343 1549.316 1546.336 1552.040 1569.108 1588.096 1602.115 1611.067 1616.150 1623.717 1632.709 1644.581 1657.309 1667.913 1675.641 1679.776 1677.699 1671.604 1659.811 1639.740 1626.731 1617.764 1612.748 1604.992 1584.145 1557.660 1531.840 1505.888 1483.967 1465.204 1440.249
1612.526 1607.101 1600.725 1586.536 1575.241 1564.090 1551.203 1548.433 1545.932 1548.074 1537.578 1528.232 1510.706 1495.982 1481.007 1470.752 1465.298 1459.640 1463.244 1478.322 1487.206 1474.575 1464.542 1452.181 1446.318 1443.022 1444.866 1454.883 1476.223 1494.333 1500.979 1492.769 1487.620 1484.977 1483.120 1488.017 1500.950 1519.321 1539.124 1554.323 1562.790 1569.604 1578.806 1592.361 1605.436 1618.521 1634.733 1654.062 1667.993 1676.770 1679.913 1679.279 1675.473 1672.498 1662.974 1652.151 1635.054 1612.168 1586.194 1560.701 1543.644 1526.878 1509.517
1570.258 1564.868 1549.704 1503.902 1486.816 1470.099 1455.980 1451.255 1444.803 1436.771 1428.583 1423.032 1418.076 1403.585 1386.938 1371.247 1366.549 1362.808 1353.037 1356.610 1359.447 1365.148 1358.092 1352.967 1351.344 1348.773 1351.515 1364.675 1375.537 1384.513 1390.134 1388.852 1395.196 1400.502 1404.133 1418.715 1430.388 1446.189 1465.922 1488.207 1500.396 1508.767 1518.544 1532.973 1548.412 1564.706 1585.837 1609.219 1623.987 1634.126 1645.181 1657.022 1670.221 1678.018 1683.395 1682.395 1677.559 1657.002 1632.104 1611.931 1594.587 1580.239 1566.331
1517.796 1510.367 1468.919 1428.584 1397.780 1381.438 1360.895 1350.801 1340.392 1313.855 1300.410 1296.271 1303.529 1295.672 1279.795 1266.833 1259.169 1252.640 1239.517 1229.535 1234.539 1247.607 1244.020 1243.094 1247.616 1245.913 1241.814 1245.702 1259.115 1266.113 1275.216 1286.467 1289.693 1298.478 1324.070 1336.000 1349.458 1367.548 1387.427 1408.304 1427.236 1439.129 1452.409 1469.754 1485.239 1504.591 1526.539 1553.721 1572.189 1585.316 1595.638 1606.053 1620.611 1639.386 1655.861 1671.664 1681.874 1682.268 1676.097 1656.435 1639.339 1624.950 1616.100
1425.973 1407.133 1362.261 1324.902 1298.317 1278.361 1256.605 1239.188 1212.593 1182.659 1163.895 1172.094 1180.903 1184.289 1171.692 1160.190 1150.970 1137.288 1122.353 1110.480 1119.532 1128.036 1137.907 1141.784 1145.296 1148.096 1146.597 1140.770 1143.711 1151.525 1160.691 1170.116 1183.345 1211.735 1234.267 1249.617 1268.164 1286.108 1306.669 1328.440 1348.273 1362.775 1379.561 1397.100 1416.502 1435.661 1458.778 1486.270 1509.275 1523.389 1536.482 1549.195 1567.161 1589.082 1610.037 1632.686 1652.497 1664.021 1675.920 1682.774 1679.781 1666.937 1654.020
1314.324 1278.938 1239.405 1209.635 1190.246 1168.427 1147.647 1122.897 1093.635 1070.101 1051.688 1060.223 1068.705 1082.219 1071.776 1062.234 1057.349 1043.194 1029.985 1015.655 1023.124 1033.326 1051.287 1055.508 1058.804 1065.813 1064.439 1061.198 1050.374 1057.850 1067.196 1079.610 1105.934 1128.382 1150.078 1169.240 1187.198 1207.218 1228.574 1250.280 1273.624 1290.926 1307.970 1327.614 1346.076 1362.325 1381.142 1405.463 1426.473 1444.843 1464.356 1478.590 1501.392 1529.422 1556.245 1587.185 1608.641 1623.233 1635.460 1647.562 1665.116 1675.359 1676.983
1158.999 1128.182 1098.743 1086.796 1071.956 1051.931 1033.016 1014.132 990.786 970.495 947.774 952.863 966.650 981.768 977.912 975.746 973.465 963.118 949.959 936.713 940.462 955.859 972.693 980.338 986.889 994.168 993.890 986.228 977.058 981.848 995.153 1010.102 1029.141 1049.685 1069.719 1088.364 1109.000 1130.276 1151.793 1175.075 1199.510 1217.615 1239.040 1261.415 1278.530 1288.533 1299.991 1321.572 1337.921 1358.040 1378.733 1394.724 1421.180 1453.405 1491.835 1529.099 1563.472 1578.850 1591.589 1601.938 1617.636 1637.064 1655.301
1041.280 1013.313 1000.051 984.027 969.024 953.434 934.378 917.124 900.433 879.834 864.471 870.936 884.699 895.918 899.866 897.504 895.014 888.210 874.814 865.993 874.768 890.020 904.535 914.756 921.288 926.956 923.932 915.245 909.473 916.953 931.675 945.397 961.210 981.247 1000.945 1021.042 1041.982 1062.703 1085.626 1109.196 1133.173 1157.030 1178.269 1197.688 1206.764 1216.214 1220.835 1234.312 1250.244 1267.969 1288.955 1310.926 1337.333 1375.309 1414.166 1451.630 1488.182 1516.493 1534.549 1549.846 1569.191 1589.488 1606.435
964.238 936.263 912.800 898.320 890.726 877.778 860.346 848.488 832.926 817.645 819.314 822.588 833.765 834.946 836.006 833.476 832.772 829.053 819.384 827.253 834.614 848.980 859.524 868.838 874.813 878.627 878.464 872.119 875.610 882.083 895.898 906.932 920.925 940.602 956.874 975.040 995.779 1017.132 1039.484 1063.285 1089.050 1111.968 1129.666 1137.231 1146.279 1150.045 1142.256 1154.176 1166.852 1178.902 1199.042 1219.277 1243.042 1280.138 1322.906 1367.664 1404.212 1443.852 1467.207 1489.717 1511.207 1534.434 1555.773
877.304 849.653 827.617 820.567 810.509 800.074 788.026 775.052 764.992 767.186 765.240 764.425 765.297 768.434 771.470 770.856 769.971 771.436 778.835 783.148 788.619 798.557 809.600 820.218 824.012 828.109 831.389 835.249 837.677 841.518 852.242 863.582 876.056 892.041 908.792 926.751 948.030 969.802 993.097 1018.477 1044.350 1064.233 1072.742 1081.735 1084.183 1078.226 1072.766 1078.320 1089.461 1098.172 1116.023 1136.729 1152.019 1191.831 1238.456 1280.583 1315.696 1350.241 1385.403 1411.538 1435.661 1466.033 1492.273
809.523 785.939 769.676 759.940 750.100 740.086 727.469 718.494 717.691 715.555 713.708 712.097 715.518 719.292 723.728 723.656 724.351 727.128 731.433 737.446 746.585 757.331 769.223 783.795 788.347 792.850 798.340 800.892 803.932 807.913 818.846 830.227 842.056 858.488 875.635 894.027 915.635 940.479 969.260 995.169 1020.739 1042.750 1051.389 1055.116 1053.134 1046.705 1033.626 1031.771 1041.596 1043.712 1055.180 1074.024 1084.386 1115.868 1157.616 1186.696 1220.772 1257.423 1304.746 1332.164 1363.035 1393.197 1422.965
745.759 728.969 710.385 697.972 687.801 678.766 671.827 670.229 667.602 666.048 664.918 663.303 665.466 669.763 673.860 676.048 678.822 682.265 688.528 697.475 705.877 717.665 732.206 747.076 753.456 758.843 764.491 768.494 772.573 776.256 786.176 797.629 808.318 825.228 843.346 861.951 887.099 916.165 945.615 971.067 995.955 1020.737 1024.064 1025.156 1024.460 1010.469 995.260 988.791 990.911 991.667 997.216 1008.305 1019.418 1043.596 1069.331 1097.621 1132.692 1178.787 1223.741 1255.127 1285.061 1314.491 1340.320
