tests/3D/Borden05m_nopit_001/output_maps/psiliqL0027N0031.asc
ncols         160
nrows         34
xllcorner     620200.000000
yllcorner     5168000.000000
cellsize      0.500000
NODATA_value  -9999.0
[rows 0 to 27 of 34, columns 62 to 123 of 160]
-9999.000 -9999.000 -9999.000 -9999.000 -9999.000 -9999.000 -9999.000 -9999.000 -9999.000 -9999.000 -9999.000 -9999.000 -9999.000 -9999.000 -9999.000 -9999.000 -9999.000 -9999.000 -9999.000 -9999.000 -9999.000 -9999.000 -9999.000 -9999.000 -9999.000 -9999.000 -9999.000 -9999.000 -9999.000 -9999.000 -9999.000 -9999.000 -9999.000 -9999.000 -9999.000 -9999.000 -9999.000 -9999.000 -9999.000 -9999.000 -9999.000 -9999.000 -9999.000 -9999.000 -9999.000 -9999.000 -9999.000 -9999.000 -9999.000 -9999.000 -9999.000 -9999.000 -9999.000 -9999.000 -9999.000 -9999.000 -9999.000 -9999.000 -9999.000 -9999.000 -9999.000 -9999.000
3583.370 3574.868 3565.533 3557.697 3553.476 3552.266 3551.392 3550.705 3555.492 3563.497 3571.052 3577.849 3580.209 3582.495 3584.266 3584.429 3583.248 3579.962 3576.564 3573.133 3571.381 3564.057 3552.931 3544.646 3541.949 3546.092 3550.411 3552.858 3557.969 3568.309 3578.878 3587.450 3600.057 3607.157 3612.512 3615.064 3611.083 3607.833 3603.846 3597.620 3586.514 -9999.000 -9999.000 -9999.000 -9999.000 -9999.000 -9999.000 -9999.000 -9999.000 -9999.000 -9999.000 -9999.000 -9999.000 -9999.000 -9999.000 -9999.000 -9999.000 -9999.000 -9999.000 -9999.000 -9999.000 -9999.000
3563.536 3559.306 3550.792 3545.645 3540.111 3537.348 3537.288 3537.087 3540.642 3551.373 3559.077 3563.545 3566.119 3568.913 3567.171 3566.304 3566.021 3563.058 3559.510 3556.074 3554.168 3555.669 3548.046 3541.984 3538.027 3534.951 3537.695 3540.399 3545.068 3554.195 3562.066 3570.015 3585.255 3598.496 3604.230 3601.691 3597.147 3593.343 3585.884 3575.078 3565.115 3557.130 3551.108 3545.777 3539.317 3545.786 3553.772 3563.052 3571.722 3583.789 3596.058 -9999.000 -9999.000 -9999.000 -9999.000 -9999.000 -9999.000 -9999.000 -9999.000 -9999.000 -9999.000 -9999.000
3543.447 3546.964 3543.696 3538.798 3530.713 3540.776 3541.665 3542.235 3545.312 3546.993 3552.177 3554.475 3559.715 3568.598 3571.327 3571.669 3571.622 3569.545 3566.201 3564.151 3561.281 3555.935 3554.030 3553.584 3552.180 3556.169 3557.677 3560.674 3555.277 3559.768 3566.025 3573.006 3578.448 3584.556 3586.982 3583.711 3584.447 3576.148 3562.557 3552.852 3545.523 3545.972 3543.086 3535.202 3521.446 3529.894 3546.091 3550.921 3553.460 3564.506 3576.818 3587.409 3590.740 3590.445 3590.098 3587.129 3573.273 3558.536 3543.360 3524.657 -9999.000 -9999.000
3551.740 3549.771 3546.097 3541.428 3551.571 3559.668 3560.904 3563.177 3567.036 3567.897 3557.025 3554.929 3562.017 3571.513 3576.511 3576.589 3576.102 3572.197 3570.936 3570.660 3568.818 3568.129 3569.548 3566.866 3569.627 3575.050 3578.381 3573.369 3565.023 3567.390 3575.909 3585.120 3592.739 3602.875 3613.620 3614.033 3609.646 3601.231 3588.931 3566.621 3549.336 3538.422 3530.417 3523.204 3526.485 3521.708 3535.786 3537.633 3540.249 3547.524 3557.887 3568.611 3574.872 3574.164 3573.359 3570.836 3561.206 3546.401 3531.498 3513.784 3487.038 3458.068
3550.767 3549.603 3549.743 3558.037 3569.537 3580.353 3582.160 3583.798 3582.342 3574.862 3564.469 3561.808 3574.844 3591.512 3599.242 3598.568 3593.860 3596.576 3596.764 3597.404 3594.133 3594.701 3591.926 3596.938 3604.591 3612.606 3611.273 3598.852 3586.449 3586.509 3592.199 3599.459 3607.159 3617.311 3626.394 3621.646 3616.703 3609.610 3584.311 3562.119 3548.110 3548.530 3549.415 3545.099 3543.245 3542.611 3538.817 3539.151 3538.366 3538.177 3550.477 3563.833 3567.401 3560.646 3556.556 3554.268 3546.432 3534.845 3518.940 3501.821 3481.991 3453.872
3579.868 3579.956 3585.499 3595.535 3607.769 3629.166 3628.252 3628.383 3626.657 3613.558 3600.226 3590.314 3612.673 3623.720 3630.692 3627.702 3632.363 3640.850 3637.325 3631.153 3618.927 3624.445 3630.460 3645.586 3653.599 3658.985 3654.136 3640.020 3633.176 3634.951 3641.770 3643.261 3652.257 3660.907 3675.827 3674.454 3671.634 3652.004 3615.042 3586.192 3574.270 3586.167 3580.655 3574.330 3574.561 3563.796 3556.953 3559.753 3551.858 3547.371 3560.117 3567.145 3568.507 3560.570 3565.630 3558.930 3537.954 3521.405 3506.942 3492.611 3475.247 3469.338
3586.880 3590.720 3600.824 3618.141 3635.655 3655.204 3653.088 3645.718 3655.331 3648.283 3637.306 3629.830 3652.035 3661.952 3672.034 3677.418 3690.036 3700.366 3683.295 3665.827 3654.998 3662.155 3688.204 3711.017 3715.797 3714.690 3713.856 3698.050 3693.349 3690.198 3690.975 3688.597 3686.899 3712.794 3734.731 3734.620 3713.213 3690.565 3650.688 3612.912 3589.177 3603.194 3599.786 3603.413 3593.690 3582.265 3575.833 3573.882 3567.561 3558.418 3567.865 3572.426 3580.294 3587.267 3592.155 3575.630 3558.078 3538.947 3521.333 3507.311 3500.756 3494.390
3640.896 3654.491 3662.618 3681.326 3697.894 3723.276 3734.696 3745.334 3749.268 3742.314 3733.799 3721.870 3727.694 3752.149 3763.772 3771.928 3780.150 3792.821 3792.788 3785.524 3783.575 3788.042 3802.045 3816.959 3823.722 3826.602 3828.985 3814.998 3801.866 3800.190 3794.977 3794.160 3793.503 3805.654 3826.938 3823.603 3786.191 3759.291 3723.915 3685.324 3656.045 3650.705 3670.692 3669.174 3653.065 3643.233 3617.914 3613.621 3604.716 3582.105 3582.569 3585.609 3595.132 3610.690 3598.428 3582.183 3565.173 3545.804 3529.298 3522.143 3520.486 3517.452
3758.135 3766.643 3769.663 3776.030 3808.495 3842.287 3867.030 3889.748 3896.847 3884.383 3874.604 3860.947 3852.198 3863.837 3881.384 3899.176 3914.072 3925.434 3927.391 3925.778 3925.820 3929.037 3932.051 3936.494 3945.197 3952.899 3961.459 3969.239 3958.387 3941.342 3932.304 3923.655 3923.192 3924.796 3929.087 3930.210 3912.609 3869.532 3837.483 3805.181 3786.202 3773.485 3774.261 3756.025 3731.376 3679.350 3642.116 3610.978 3592.930 3571.461 3580.624 3598.409 3642.800 3647.746 3635.891 3621.209 3598.189 3575.783 3556.115 3552.967 3551.759 3547.775
3885.430 3889.039 3891.212 3893.602 3920.926 3963.133 4002.952 4034.521 4034.056 4019.895 4008.464 3999.470 3984.710 3980.721 3993.887 4009.798 4030.592 4040.972 4046.739 4043.173 4043.379 4045.335 4047.727 4049.921 4053.755 4063.723 4079.199 4094.091 4093.019 4073.408 4055.274 4039.316 4037.267 4035.123 4030.217 4032.733 4034.663 4017.784 3985.639 3945.133 3904.659 3888.637 3873.858 3862.962 3845.704 3803.470 3735.062 3694.559 3656.306 3629.711 3633.056 3704.092 3725.493 3714.916 3704.791 3683.693 3655.649 3633.111 3612.018 3610.836 3607.459 3600.328
4005.527 4012.603 4015.037 4020.301 4036.988 4070.297 4106.761 4137.010 4152.333 4144.090 4125.475 4102.637 4092.259 4089.151 4092.985 4102.902 4116.412 4136.511 4156.457 4162.307 4163.213 4160.494 4162.978 4164.610 4164.738 4167.909 4176.920 4187.191 4190.672 4182.470 4160.666 4136.629 4125.514 4119.180 4115.824 4117.113 4122.657 4126.220 4110.868 4074.119 4028.501 3998.587 3983.902 3971.190 3956.793 3943.896 3909.136 3887.474 3850.071 3801.003 3773.407 3815.612 3808.091 3797.989 3775.273 3743.426 3710.770 3680.756 3656.485 3649.796 3647.127 3646.867
4122.432 4127.277 4134.387 4149.513 4173.564 4193.451 4217.029 4244.524 4261.406 4266.647 4264.707 4260.238 4261.355 4261.741 4193.116 4199.900 4206.671 4225.342 4241.923 4247.969 4248.664 4245.882 4247.837 4248.670 4248.524 4248.143 4250.828 4256.367 4258.479 4255.851 4242.247 4262.838 4242.250 4228.466 4220.072 4211.664 4203.359 4193.832 4183.761 4162.938 4131.196 4096.325 4075.273 4067.553 4061.252 4052.254 4046.237 4028.641 4005.319 3969.151 3928.717 3908.333 3906.933 3890.635 3855.351 3824.071 3800.964 3764.822 3735.243 3719.800 3719.390 3712.181
4240.938 4245.660 4259.949 4277.201 4259.492 4268.595 4278.016 4287.376 4290.590 4291.510 4291.085 4288.658 4287.809 4285.260 4281.953 4271.312 4272.939 4274.959 4277.602 4281.374 4280.300 4281.441 4284.403 4282.593 4276.443 4272.274 4270.690 4271.770 4279.262 4282.808 4283.786 4280.026 4279.033 4277.926 4274.181 4269.507 4262.924 4254.506 4271.110 4258.614 4229.619 4187.963 4145.488 4138.464 4140.888 4140.483 4138.908 4133.103 4115.243 4087.213 4048.848 4009.627 4003.580 3989.088 3969.320 3952.387 3932.703 3892.193 3855.587 3833.495 3823.670 3800.767
4287.437 4290.336 4293.806 4290.829 4287.879 4282.943 4281.317 4279.943 4277.484 4278.106 4276.217 4272.110 4267.966 4259.735 4247.998 4236.817 4233.079 4237.340 4243.065 4248.361 4253.019 4256.815 4256.650 4251.041 4242.481 4234.820 4233.189 4240.149 4245.936 4252.676 4253.580 4252.168 4249.576 4249.236 4245.803 4245.945 4253.124 4268.154 4270.391 4276.817 4275.849 4257.553 4224.460 4238.830 4218.609 4224.865 4220.077 4208.493 4186.767 4161.951 4129.860 4098.371 4079.825 4072.340 4066.200 4058.888 4043.995 4003.747 3968.840 3940.075 3920.500 3894.910
4272.793 4279.887 4280.908 4273.811 4265.138 4257.816 4250.236 4247.825 4247.350 4247.143 4247.695 4242.370 4232.775 4215.425 4203.795 4192.713 4186.761 4182.665 4185.890 4197.390 4210.009 4215.129 4205.401 4196.745 4184.693 4176.582 4177.055 4177.900 4187.515 4204.873 4212.902 4213.712 4207.002 4200.175 4193.369 4190.119 4196.506 4211.928 4229.009 4244.992 4254.318 4262.105 4269.310 4266.839 4269.753 4271.303 4268.850 4272.383 4253.948 4229.159 4199.179 4173.076 4146.693 4143.139 4143.364 4139.741 4137.474 4103.534 4066.389 4031.827 4005.089 3978.318
4245.149 4246.927 4242.680 4236.307 4226.282 4215.175 4205.421 4197.545 4198.584 4200.962 4202.725 4195.263 4179.687 4161.719 4148.167 4134.252 4130.304 4124.230 4116.027 4126.095 4146.281 4153.860 4137.329 4126.252 4110.852 4104.361 4100.208 4100.872 4109.749 4132.724 4157.637 4159.870 4148.703 4137.595 4132.876 4129.570 4133.943 4150.533 4171.580 4187.946 4198.553 4203.846 4211.578 4220.938 4235.509 4250.555 4263.056 4267.067 4276.428 4271.579 4257.229 4250.578 4225.434 4210.725 4203.120 4199.116 4192.296 4167.786 4137.729 4109.703 4083.021 4059.086
4208.524 4204.365 4198.208 4191.139 4169.479 4156.946 4143.836 4128.681 4124.693 4119.605 4120.587 4109.003 4101.331 4085.124 4069.764 4054.125 4040.333 4034.613 4027.782 4025.218 4038.418 4046.773 4037.822 4028.208 4017.871 4013.591 4010.219 4012.794 4023.285 4042.490 4060.804 4069.484 4062.247 4061.546 4061.940 4060.333 4066.776 4077.090 4094.825 4117.502 4136.938 4146.920 4153.661 4162.726 4177.139 4191.256 4205.626 4223.717 4247.178 4263.546 4273.621 4273.507 4272.144 4263.296 4266.813 4255.712 4242.902 4222.118 4196.410 4168.870 4142.480 4124.939
4166.488 4160.512 4154.957 4131.125 4074.647 4053.051 4033.929 4017.526 4010.633 4002.030 3984.663 3976.066 3971.894 3975.416 3961.676 3944.183 3926.275 3921.443 3918.013 3899.388 3893.372 3893.522 3911.663 3905.816 3905.268 3907.813 3905.461 3906.468 3919.106 3926.194 3930.949 3937.830 3943.633 3954.813 3963.221 3974.450 3991.828 4002.332 4017.304 4037.459 4063.400 4079.172 4088.614 4098.847 4114.003 4130.010 4147.698 4169.996 4196.218 4212.714 4223.891 4235.727 4249.345 4264.662 4269.618 4278.610 4276.549 4272.602 4247.781 4217.630 4196.695 4178.970
4099.865 4097.907 4087.359 4030.436 3989.905 3955.852 3938.834 3914.990 3901.142 3883.988 3843.743 3825.872 3826.359 3842.849 3840.390 3825.434 3813.959 3804.401 3794.657 3776.207 3755.890 3762.213 3781.737 3783.598 3787.796 3796.315 3796.018 3788.771 3784.705 3796.342 3801.366 3812.772 3831.440 3836.441 3854.058 3888.987 3901.629 3916.538 3934.522 3954.556 3976.393 3999.157 4013.161 4028.239 4046.423 4062.853 4082.868 4105.088 4134.575 4156.128 4170.428 4181.002 4191.499 4206.742 4227.750 4247.506 4266.315 4275.866 4277.284 4263.237 4246.004 4225.882
3994.726 3988.715 3958.162 3904.952 3870.166 3847.885 3826.280 3803.584 3779.151 3740.260 3705.137 3683.205 3700.816 3712.880 3726.429 3715.588 3705.273 3695.888 3677.235 3660.227 3643.041 3654.529 3663.244 3684.092 3691.590 3695.582 3702.049 3700.523 3688.610 3681.656 3689.489 3699.169 3711.296 3734.088 3770.483 3795.098 3813.280 3833.452 3851.582 3872.367 3894.804 3917.385 3934.117 3951.995 3969.950 3990.356 4008.787 4030.883 4058.581 4084.727 4100.719 4115.964 4129.253 4148.497 4172.374 4195.473 4221.106 4243.118 4257.103 4270.284 4273.883 4267.725
3872.518 3849.288 3800.155 3758.812 3740.591 3729.674 3707.035 3686.857 3657.837 3623.782 3603.281 3582.975 3594.309 3605.516 3627.425 3619.481 3613.658 3611.435 3596.177 3583.147 3566.449 3572.601 3585.228 3609.882 3616.251 3620.540 3630.380 3629.656 3624.537 3605.305 3611.543 3622.223 3636.873 3668.332 3690.311 3712.178 3733.629 3752.418 3773.301 3794.765 3817.043 3842.999 3861.996 3880.385 3901.283 3919.648 3932.767 3947.641 3970.707 3991.230 4012.422 4034.939 4049.479 4074.031 4104.822 4135.985 4170.997 4196.120 4211.607 4223.864 4235.637 4255.777
3720.162 3665.822 3631.095 3613.671 3615.974 3605.527 3587.137 3569.488 3551.323 3530.924 3513.547 3488.937 3495.215 3512.171 3530.256 3533.274 3535.438 3534.633 3526.000 3512.814 3499.327 3503.185 3520.725 3538.986 3549.579 3557.512 3565.255 3564.801 3554.561 3543.966 3548.249 3563.475 3579.148 3595.556 3615.241 3635.130 3654.752 3676.409 3698.063 3719.947 3743.766 3769.621 3790.205 3812.931 3836.339 3851.495 3858.776 3864.642 3882.523 3897.429 3918.562 3940.959 3958.853 3985.623 4020.302 4062.303 4102.713 4144.040 4162.655 4176.195 4186.271 4201.729
3604.537 3572.270 3545.061 3541.141 3527.631 3516.522 3504.080 3485.207 3470.617 3457.741 3437.636 3429.919 3438.265 3452.359 3460.417 3468.467 3467.006 3465.252 3460.360 3446.666 3443.811 3454.220 3469.405 3482.859 3494.667 3501.529 3506.332 3503.041 3493.440 3490.755 3498.592 3513.602 3526.244 3539.772 3559.271 3577.952 3598.263 3619.392 3639.991 3663.000 3686.723 3711.410 3737.442 3758.345 3775.077 3782.094 3789.840 3786.853 3795.588 3809.865 3825.150 3846.432 3870.083 3894.498 3933.330 3974.305 4014.669 4055.294 4092.499 4113.026 4130.380 4150.060
3544.970 3516.656 3489.440 3465.056 3455.187 3451.228 3440.361 3425.348 3415.971 3401.951 3394.441 3402.609 3404.178 3412.134 3410.129 3411.627 3409.767 3409.672 3408.240 3403.306 3416.292 3422.654 3435.754 3445.550 3455.225 3460.769 3464.025 3465.183 3461.144 3467.124 3472.505 3485.381 3495.665 3507.936 3526.568 3542.061 3559.397 3579.997 3601.284 3623.325 3647.236 3673.530 3696.338 3711.997 3716.551 3723.705 3722.634 3708.833 3717.486 3727.844 3735.971 3755.152 3774.494 3792.914 3829.811 3874.951 3923.852 3961.699 4008.208 4037.004 4062.456 4084.409
3465.778 3437.625 3411.177 3392.786 3389.951 3379.992 3370.987 3360.897 3348.616 3343.769 3351.921 3350.267 3347.832 3345.641 3348.815 3352.898 3353.017 3352.493 3356.101 3367.918 3372.481 3377.884 3386.477 3397.687 3409.670 3413.114 3417.272 3421.975 3427.968 3430.583 3433.560 3443.289 3454.476 3465.942 3480.796 3497.462 3514.953 3536.050 3558.330 3582.288 3607.680 3634.229 3655.048 3661.847 3669.792 3669.330 3659.856 3651.578 3652.193 3662.083 3666.246 3680.689 3701.045 3707.678 3743.329 3791.247 3831.243 3867.094 3902.202 3947.280 3975.401 4001.512
3406.891 3379.120 3360.060 3347.268 3337.496 3327.617 3317.830 3306.433 3301.133 3303.569 3301.466 3299.856 3297.750 3301.077 3305.103 3310.010 3310.743 3312.321 3315.654 3320.239 3327.174 3336.788 3347.569 3359.997 3375.912 3381.052 3385.751 3391.828 3394.627 3397.925 3401.563 3411.950 3423.291 3434.484 3450.603 3467.771 3485.683 3507.287 3532.450 3561.901 3588.150 3614.237 3638.316 3646.926 3649.461 3646.589 3638.129 3622.188 3617.348 3624.576 3623.223 3630.268 3646.253 3651.208 3672.497 3709.148 3734.089 3767.842 3807.344 3862.606 3892.827 3925.190
3340.939 3323.152 3309.549 3291.699 3278.583 3268.426 3260.943 3257.400 3257.980 3256.122 3255.302 3254.403 3252.358 3253.691 3258.269 3262.376 3265.329 3268.639 3273.550 3280.720 3289.978 3297.945 3309.769 3324.653 3340.330 3347.913 3353.541 3359.800 3364.489 3368.729 3372.017 3381.252 3392.499 3401.762 3418.109 3436.290 3455.459 3480.356 3509.457 3539.669 3565.657 3590.690 3617.581 3620.793 3621.259 3620.377 3604.077 3588.561 3579.178 3579.250 3579.249 3577.767 3586.043 3594.678 3609.482 3628.226 3653.065 3687.120 3735.123 3780.556 3815.371 3844.601
