tests/3D/Borden05m_nopit_001/output_maps/psiliqL0029N0013.asc
ncols         160
nrows         34
xllcorner     620200.000000
yllcorner     5168000.000000
cellsize      0.500000
NODATA_value  -9999.0
[rows 0 to 27 of 34, columns 62 to 123 of 160]
-9999.000 -9999.000 -9999.000 -9999.000 -9999.000 -9999.000 -9999.000 -9999.000 -9999.000 -9999.000 -9999.000 -9999.000 -9999.000 -9999.000 -9999.000 -9999.000 -9999.000 -9999.000 -9999.000 -9999.000 -9999.000 -9999.000 -9999.000 -9999.000 -9999.000 -9999.000 -9999.000 -9999.000 -9999.000 -9999.000 -9999.000 -9999.000 -9999.000 -9999.000 -9999.000 -9999.000 -9999.000 -9999.000 -9999.000 -9999.000 -9999.000 -9999.000 -9999.000 -9999.000 -9999.000 -9999.000 -9999.000 -9999.000 -9999.000 -9999.000 -9999.000 -9999.000 -9999.000 -9999.000 -9999.000 -9999.000 -9999.000 -9999.000 -9999.000 -9999.000 -9999.000 -9999.000
3983.002 3974.584 3965.260 3957.534 3953.308 3952.088 3951.234 3950.534 3955.285 3963.317 3970.884 3977.652 3980.026 3982.310 3984.034 3984.168 3983.010 3979.730 3976.328 3972.902 3971.126 3963.918 3952.834 3944.628 3941.944 3946.052 3950.350 3952.789 3957.792 3968.071 3978.598 3987.164 3999.860 4007.127 4012.495 4014.960 4010.962 4007.722 4003.678 3997.267 3986.137 -9999.000 -9999.000 -9999.000 -9999.000 -9999.000 -9999.000 -9999.000 -9999.000 -9999.000 -9999.000 -9999.000 -9999.000 -9999.000 -9999.000 -9999.000 -9999.000 -9999.000 -9999.000 -9999.000 -9999.000 -9999.000
3963.197 3959.090 3950.632 3945.539 3940.024 3937.170 3937.130 3936.924 3940.431 3951.274 3958.965 3963.416 3966.023 3968.868 3966.940 3966.045 3965.785 3962.826 3959.274 3955.843 3953.932 3955.598 3947.981 3941.846 3937.821 3934.547 3937.326 3940.074 3944.920 3953.988 3961.806 3969.711 3985.068 3998.407 4004.186 4001.611 3997.094 3993.250 3985.643 3974.698 3964.770 3957.054 3951.155 3945.821 3939.216 3945.718 3953.874 3963.049 3971.558 3983.636 3995.927 -9999.000 -9999.000 -9999.000 -9999.000 -9999.000 -9999.000 -9999.000 -9999.000 -9999.000 -9999.000 -9999.000
3943.120 3946.813 3943.627 3938.740 3930.263 3940.602 3941.484 3942.017 3945.104 3946.618 3952.129 3954.391 3959.643 3968.541 3971.301 3971.642 3971.594 3969.503 3966.146 3964.077 3961.205 3955.853 3953.849 3953.317 3951.764 3955.626 3957.140 3960.315 3955.090 3959.702 3965.952 3972.935 3978.201 3984.203 3986.373 3983.059 3983.978 3975.639 3962.025 3952.472 3945.264 3946.020 3943.146 3935.220 3921.276 3929.883 3946.148 3950.991 3953.407 3964.365 3976.700 3987.378 3990.898 3990.645 3990.337 3987.364 3973.546 3958.841 3943.657 3924.969 -9999.000 -9999.000
3951.724 3949.757 3946.050 3941.068 3950.954 3958.944 3960.171 3962.412 3966.352 3967.464 3956.768 3954.750 3961.704 3971.122 3976.047 3976.143 3975.632 3971.492 3970.222 3969.986 3968.218 3967.348 3968.652 3965.618 3968.139 3973.547 3976.946 3972.320 3964.065 3966.632 3975.240 3984.581 3992.216 4002.248 4012.871 4013.436 4009.157 4000.747 3988.540 3966.301 3949.256 3938.267 3930.077 3922.805 3926.505 3921.432 3935.876 3937.720 3940.430 3947.566 3957.950 3968.767 3975.110 3974.409 3973.605 3971.105 3961.493 3946.720 3931.841 3914.051 3887.227 3858.261
3950.355 3949.080 3948.902 3956.710 3968.009 3978.420 3980.196 3981.786 3980.245 3973.031 3962.646 3960.178 3973.019 3989.815 3997.524 3996.711 3991.475 3993.638 3994.088 3995.101 3992.090 3992.479 3989.129 3993.478 4001.172 4009.346 4008.085 3995.587 3983.017 3983.281 3989.366 3997.171 4005.052 4015.153 4024.091 4019.312 4014.584 4007.784 3982.814 3961.178 3947.438 3947.778 3948.667 3944.342 3942.592 3942.258 3938.853 3939.252 3938.433 3938.277 3950.620 3964.118 3967.725 3960.924 3956.814 3954.557 3946.856 3935.239 3919.307 3902.215 3882.335 3854.293
3978.311 3978.085 3983.393 3993.150 4004.796 4025.988 4024.670 4024.471 4022.183 4008.851 3995.398 3985.696 4008.778 4020.012 4026.808 4023.196 4027.176 4035.523 4032.183 4026.302 4013.811 4019.258 4024.487 4039.678 4047.914 4053.551 4048.177 4033.598 4026.568 4028.793 4036.261 4038.285 4047.894 4056.268 4071.110 4069.516 4067.456 4048.064 4010.884 3982.613 3971.721 3984.374 3978.903 3972.499 3973.170 3962.733 3956.357 3959.465 3951.732 3947.431 3960.329 3967.480 3968.817 3960.732 3965.784 3959.236 3937.994 3921.578 3907.294 3893.038 3875.486 3869.807
3981.837 3985.290 3995.563 4012.831 4029.781 4048.916 4045.468 4036.709 4046.442 4039.364 4028.184 4020.854 4044.743 4054.426 4064.354 4069.187 4081.875 4092.102 4073.974 4055.722 4044.093 4051.582 4078.634 4102.333 4107.112 4105.682 4104.324 4087.496 4083.044 4080.374 4081.978 4080.049 4078.638 4105.619 4128.291 4128.286 4106.959 4084.282 4043.598 4005.524 3982.728 3998.626 3994.894 3998.986 3989.805 3978.750 3973.573 3972.547 3966.482 3957.948 3967.911 3972.363 3979.968 3986.672 3992.159 3975.672 3958.157 3939.106 3921.686 3907.770 3901.101 3894.682
4030.588 4044.520 4052.992 4072.414 4088.130 4112.857 4123.071 4132.682 4136.689 4130.007 4121.590 4109.856 4116.868 4142.497 4154.161 4162.041 4169.976 4182.756 4181.963 4174.040 4171.903 4176.597 4191.663 4207.506 4214.324 4216.870 4218.807 4203.299 4189.699 4188.675 4183.925 4183.910 4183.460 4196.931 4219.624 4215.971 4176.695 4149.546 4113.370 4074.206 4044.878 4040.965 4062.709 4062.280 4046.180 4037.447 4013.199 4010.391 4002.258 3980.395 3981.394 3983.646 3992.701 4009.099 3997.254 3981.077 3964.308 3945.143 3929.092 3921.961 3920.353 3917.411
4147.772 4156.660 4159.593 4165.953 4198.673 4232.580 4256.920 4279.636 4286.658 4273.942 4264.192 4250.305 4241.678 4254.466 4272.565 4290.615 4305.481 4316.923 4318.664 4317.001 4317.023 4320.446 4323.496 4328.185 4337.305 4345.111 4353.493 4360.830 4349.226 4332.078 4323.460 4315.472 4315.592 4317.563 4322.626 4323.809 4304.608 4259.587 4226.730 4194.060 4176.156 4164.289 4166.838 4148.445 4123.131 4069.809 4032.598 4001.605 3984.521 3963.716 3974.301 3991.277 4037.517 4043.906 4032.063 4017.725 3994.953 3972.857 3953.854 3951.219 3950.301 3946.587
4276.228 4279.689 4281.594 4283.473 4311.691 4354.857 4395.329 4427.380 4426.405 4411.617 4400.067 4391.291 4375.953 4371.900 4385.889 4402.550 4424.089 4434.370 4439.618 4435.649 4435.835 4438.026 4440.490 4442.761 4446.888 4457.312 4473.350 4488.794 4487.412 4466.853 4448.495 4432.665 4431.279 4429.607 4424.742 4427.508 4429.505 4411.106 4377.714 4336.239 4295.708 4280.846 4266.662 4255.779 4238.021 4193.050 4121.740 4079.404 4040.277 4014.370 4020.653 4095.786 4120.069 4109.539 4100.075 4079.392 4051.155 4029.028 4008.573 4008.426 4005.377 3998.422
4397.761 4404.940 4406.961 4411.668 4428.525 4463.388 4501.142 4532.081 4547.257 4538.424 4518.954 4495.302 4484.191 4480.834 4484.951 4495.379 4509.714 4530.532 4551.119 4557.058 4557.996 4555.236 4557.794 4559.513 4559.661 4563.149 4572.790 4583.542 4587.161 4578.452 4555.757 4531.080 4520.349 4514.275 4511.022 4512.717 4518.800 4522.839 4506.832 4468.720 4421.709 4391.984 4378.058 4365.549 4350.779 4337.357 4300.100 4277.606 4238.899 4188.641 4161.794 4209.472 4202.176 4192.260 4169.709 4137.428 4103.827 4074.050 4050.535 4045.271 4043.183 4043.722
4516.536 4521.487 4528.321 4543.504 4568.404 4589.249 4613.904 4642.406 4659.987 4665.207 4662.959 4658.032 4659.059 4659.480 4584.740 4592.074 4599.401 4619.732 4637.556 4644.102 4644.860 4641.833 4643.920 4644.829 4644.646 4644.263 4647.340 4653.376 4655.681 4652.825 4638.205 4661.305 4640.149 4626.053 4617.494 4608.944 4600.622 4591.031 4580.807 4559.183 4526.534 4491.174 4470.744 4463.357 4456.917 4447.406 4441.129 4422.978 4399.131 4361.885 4320.832 4302.024 4301.622 4285.239 4248.842 4216.360 4192.369 4155.933 4126.835 4112.480 4113.215 4107.273
4638.688 4643.470 4658.136 4676.034 4656.541 4666.454 4676.712 4686.904 4690.404 4691.407 4690.944 4688.482 4687.558 4684.876 4681.747 4670.922 4672.571 4674.668 4677.336 4681.152 4680.114 4681.291 4684.266 4682.411 4676.156 4671.898 4670.314 4671.489 4679.053 4682.672 4683.686 4679.535 4678.503 4677.307 4673.241 4668.165 4661.011 4651.862 4670.379 4657.477 4627.533 4584.450 4540.672 4534.456 4537.696 4537.074 4535.583 4529.703 4511.749 4483.351 4444.375 4404.707 4399.834 4385.108 4364.301 4346.618 4326.311 4285.191 4248.568 4227.233 4218.522 4196.049
4686.788 4689.784 4693.607 4690.663 4687.775 4682.786 4681.096 4679.700 4677.219 4677.833 4675.941 4671.788 4667.535 4659.020 4647.105 4635.920 4631.999 4636.216 4642.052 4647.497 4652.375 4656.249 4655.907 4650.159 4641.470 4633.703 4632.111 4639.162 4645.003 4651.980 4652.928 4651.516 4648.842 4648.431 4644.861 4644.966 4652.288 4667.642 4669.413 4676.433 4675.405 4655.512 4619.509 4636.968 4616.566 4623.198 4618.348 4606.676 4584.706 4559.568 4526.903 4494.836 4476.916 4469.521 4463.266 4455.850 4440.303 4399.160 4364.050 4335.645 4316.751 4291.263
4672.419 4679.555 4680.528 4673.376 4664.598 4657.171 4649.423 4646.935 4646.547 4646.381 4646.979 4641.614 4631.715 4614.004 4602.311 4591.207 4585.239 4580.817 4583.797 4595.564 4608.648 4613.852 4603.673 4594.817 4582.527 4574.382 4574.889 4575.545 4585.286 4603.193 4611.752 4612.605 4605.674 4598.527 4591.606 4588.211 4594.601 4610.199 4627.662 4644.092 4653.675 4661.613 4669.004 4665.715 4668.932 4670.669 4668.055 4672.320 4653.404 4627.984 4597.056 4570.554 4544.048 4540.967 4541.601 4538.127 4535.963 4501.211 4463.666 4428.950 4402.483 4375.738
4644.479 4646.070 4641.645 4635.256 4625.171 4613.944 4604.098 4595.914 4596.951 4599.332 4601.180 4593.505 4577.669 4559.501 4545.841 4531.846 4527.859 4521.576 4512.777 4522.789 4543.458 4551.249 4534.246 4522.962 4507.347 4500.956 4496.646 4497.204 4506.049 4529.550 4555.342 4557.762 4546.405 4535.100 4530.441 4527.099 4531.283 4547.819 4569.203 4585.955 4596.843 4602.200 4609.992 4619.449 4634.479 4649.933 4662.781 4666.285 4676.520 4671.324 4655.791 4650.029 4624.212 4609.360 4602.094 4598.388 4591.865 4566.962 4536.536 4508.368 4481.782 4457.761
4607.552 4603.111 4596.841 4589.665 4566.856 4554.133 4540.722 4525.218 4521.043 4515.557 4516.360 4504.609 4497.196 4481.192 4465.735 4449.995 4435.660 4429.899 4422.889 4419.378 4432.291 4440.567 4432.183 4422.637 4412.615 4408.582 4405.202 4407.894 4418.463 4437.346 4455.700 4464.700 4457.623 4457.618 4458.491 4456.938 4463.635 4473.566 4491.225 4514.368 4534.485 4544.732 4551.499 4560.583 4575.176 4589.506 4604.133 4622.580 4646.752 4663.578 4673.947 4673.434 4672.075 4662.577 4667.233 4656.042 4643.094 4621.924 4595.981 4568.413 4542.116 4524.743
4565.033 4559.013 4553.433 4528.268 4470.147 4447.857 4428.366 4411.612 4404.386 4395.452 4376.648 4367.990 4364.031 4368.856 4355.233 4337.611 4319.363 4314.511 4311.131 4291.145 4283.655 4283.394 4303.451 4297.792 4297.952 4301.142 4298.827 4299.572 4312.136 4318.650 4322.763 4329.846 4336.748 4348.683 4357.582 4369.995 4387.820 4398.164 4413.031 4433.276 4459.810 4476.166 4485.811 4496.158 4511.473 4527.624 4545.588 4568.136 4594.874 4611.724 4623.158 4635.225 4649.238 4665.016 4669.683 4679.396 4677.350 4673.738 4648.473 4617.747 4596.943 4579.427
4496.775 4494.848 4483.821 4424.516 4383.955 4349.402 4332.281 4307.929 4293.504 4275.312 4232.959 4214.407 4215.607 4233.518 4231.889 4217.076 4205.830 4195.982 4185.745 4166.477 4144.571 4151.099 4171.619 4174.321 4179.310 4188.448 4188.372 4180.644 4175.361 4186.731 4191.459 4203.228 4223.046 4228.332 4247.322 4283.702 4296.471 4311.623 4329.614 4349.698 4371.714 4395.101 4409.469 4424.868 4443.232 4459.865 4480.046 4502.381 4532.306 4554.425 4569.010 4579.738 4590.377 4605.868 4627.378 4647.813 4667.277 4676.934 4678.741 4663.729 4647.139 4626.838
4389.111 4382.984 4350.628 4296.136 4261.747 4240.128 4218.269 4195.429 4169.916 4129.134 4093.212 4070.794 4089.854 4102.419 4117.532 4106.962 4096.831 4087.421 4068.005 4050.679 4032.678 4044.543 4053.292 4075.831 4083.889 4087.958 4094.994 4093.469 4080.625 4072.156 4079.999 4089.767 4102.320 4126.594 4164.233 4189.185 4207.821 4228.263 4246.445 4267.292 4289.861 4312.900 4330.016 4348.108 4366.179 4386.798 4405.184 4427.199 4455.014 4481.740 4498.130 4513.827 4527.340 4546.931 4571.276 4594.890 4621.184 4643.759 4658.364 4672.009 4675.393 4669.058
4264.248 4239.283 4188.035 4146.414 4129.969 4120.357 4097.591 4077.506 4047.829 4013.037 3993.003 3972.407 3984.172 3995.798 4019.000 4011.441 4006.190 4004.379 3988.952 3975.951 3958.890 3964.842 3977.844 4003.530 4010.233 4014.678 4024.958 4024.339 4018.936 3998.417 4004.473 4015.366 4030.370 4062.631 4084.551 4106.460 4128.281 4147.219 4168.258 4189.765 4212.164 4238.557 4257.855 4276.498 4297.643 4316.054 4328.760 4343.105 4366.067 4386.614 4408.354 4431.459 4446.189 4471.167 4502.559 4534.582 4570.436 4596.358 4612.241 4624.784 4636.812 4657.675
4108.486 4051.487 4016.159 4000.584 4005.079 3995.309 3977.170 3959.716 3941.661 3921.717 3904.788 3879.887 3886.349 3903.793 3922.336 3926.412 3929.243 3928.666 3920.298 3907.109 3893.587 3897.463 3915.335 3933.819 3944.868 3953.017 3960.836 3960.359 3949.728 3938.921 3943.134 3958.664 3974.457 3990.473 4010.039 4029.921 4049.711 4071.546 4093.283 4115.250 4139.183 4165.294 4186.300 4209.274 4232.895 4247.811 4254.745 4259.831 4277.233 4292.020 4313.425 4336.215 4354.548 4381.532 4416.770 4459.525 4500.643 4543.287 4562.672 4576.632 4586.987 4602.756
3994.253 3961.653 3934.561 3932.078 3918.955 3908.446 3896.488 3877.643 3863.463 3851.175 3831.146 3824.606 3833.242 3847.387 3854.960 3863.642 3862.319 3860.680 3856.083 3842.345 3840.410 3851.072 3866.249 3879.542 3891.597 3898.514 3903.188 3899.860 3890.124 3887.921 3895.820 3910.883 3923.368 3936.557 3955.986 3974.527 3994.888 4016.067 4036.672 4059.722 4083.500 4108.332 4134.742 4155.641 4172.014 4178.777 4186.333 4182.257 4190.355 4204.483 4219.511 4240.973 4265.034 4289.312 4328.466 4369.977 4411.023 4452.532 4491.391 4512.608 4530.618 4550.712
3937.632 3909.336 3882.237 3857.711 3848.552 3845.153 3834.606 3819.965 3810.970 3797.188 3790.874 3800.042 3801.349 3808.810 3806.315 3807.881 3806.126 3806.125 3805.046 3800.842 3814.617 3820.826 3833.735 3843.418 3853.152 3858.632 3861.807 3863.173 3859.494 3865.864 3871.084 3883.824 3894.002 3906.020 3924.505 3939.894 3957.120 3977.720 3999.021 4021.041 4045.001 4071.413 4094.247 4109.640 4113.786 4120.713 4118.970 4104.327 4112.570 4122.679 4130.324 4149.494 4168.853 4186.625 4223.686 4269.409 4319.189 4357.505 4405.367 4435.325 4461.580 4483.988
3859.641 3831.521 3805.259 3787.429 3785.242 3775.297 3766.513 3756.724 3744.551 3740.506 3749.574 3747.966 3745.282 3742.621 3745.801 3750.046 3750.278 3749.811 3753.750 3766.247 3770.850 3776.246 3784.634 3795.872 3808.068 3811.461 3815.633 3820.559 3826.886 3829.536 3832.388 3841.972 3853.145 3864.468 3879.161 3895.830 3913.267 3934.357 3956.739 3980.826 4006.253 4032.942 4053.948 4060.532 4068.372 4067.527 4057.584 4048.956 4048.906 4058.711 4062.297 4076.354 4096.814 4102.291 4137.502 4185.841 4225.759 4261.998 4297.499 4344.437 4373.231 4400.042
3802.155 3774.443 3756.080 3743.821 3734.044 3724.159 3714.407 3703.198 3698.463 3701.399 3699.300 3697.728 3695.546 3698.859 3702.924 3707.905 3708.762 3710.476 3713.896 3718.527 3725.604 3735.294 3746.082 3758.595 3774.719 3779.954 3784.687 3790.859 3793.700 3797.045 3800.638 3810.949 3822.293 3833.401 3849.485 3866.671 3884.527 3906.151 3931.388 3960.970 3987.303 4013.507 4037.946 4046.601 4049.008 4046.064 4037.364 4021.067 4015.862 4022.800 4021.036 4027.541 4043.244 4047.548 4067.470 4103.562 4128.119 4162.105 4202.357 4259.186 4290.212 4323.214
3736.810 3719.674 3706.562 3688.825 3675.601 3665.446 3658.203 3655.182 3656.097 3654.357 3653.651 3652.788 3650.677 3651.882 3656.505 3660.614 3663.685 3667.079 3672.217 3679.528 3688.835 3696.737 3708.569 3723.508 3739.313 3747.084 3752.753 3759.111 3763.911 3768.182 3771.416 3780.553 3791.779 3800.833 3817.107 3835.313 3854.586 3879.466 3908.596 3938.954 3965.056 3990.148 4017.407 4020.650 4021.077 4020.230 4003.649 3988.168 3978.433 3978.299 3978.307 3975.882 3983.887 3992.319 4005.885 4023.781 4048.345 4082.528 4131.142 4176.998 4212.723 4242.261
