tests/3D/Borden05m_nopit_001/output_maps/psiliqL0018N0007.asc
ncols         160
nrows         34
xllcorner     620200.000000
yllcorner     5168000.000000
cellsize      0.500000
NODATA_value  -9999.0
[rows 0 to 27 of 34, columns 62 to 123 of 160]
-9999.000 -9999.000 -9999.000 -9999.000 -9999.000 -9999.000 -9999.000 -9999.000 -9999.000 -9999.000 -9999.000 -9999.000 -9999.000 -9999.000 -9999.000 -9999.000 -9999.000 -9999.000 -9999.000 -9999.000 -9999.000 -9999.000 -9999.000 -9999.000 -9999.000 -9999.000 -9999.000 -9999.000 -9999.000 -9999.000 -9999.000 -9999.000 -9999.000 -9999.000 -9999.000 -9999.000 -9999.000 -9999.000 -9999.000 -9999.000 -9999.000 -9999.000 -9999.000 -9999.000 -9999.000 -9999.000 -9999.000 -9999.000 -9999.000 -9999.000 -9999.000 -9999.000 -9999.000 -9999.000 -9999.000 -9999.000 -9999.000 -9999.000 -9999.000 -9999.000 -9999.000 -9999.000
1785.031 1776.150 1766.765 1758.435 1754.234 1753.073 1752.112 1751.480 1756.432 1764.316 1771.817 1778.747 1781.047 1783.343 1785.330 1785.624 1784.344 1781.037 1777.659 1774.209 1772.575 1764.737 1753.431 1744.797 1742.053 1746.368 1750.789 1753.288 1758.905 1769.540 1780.316 1788.939 1801.172 1807.552 1812.887 1815.868 1811.997 1808.755 1805.071 1799.722 1788.760 -9999.000 -9999.000 -9999.000 -9999.000 -9999.000 -9999.000 -9999.000 -9999.000 -9999.000 -9999.000 -9999.000 -9999.000 -9999.000 -9999.000 -9999.000 -9999.000 -9999.000 -9999.000 -9999.000 -9999.000 -9999.000
1765.062 1760.280 1751.516 1746.128 1740.507 1738.154 1738.006 1737.825 1741.598 1751.829 1759.587 1764.137 1766.565 1769.134 1768.229 1767.494 1767.108 1764.131 1760.606 1757.154 1755.275 1756.041 1748.400 1742.676 1739.040 1736.859 1739.460 1741.985 1745.873 1755.288 1763.413 1771.587 1786.327 1799.160 1804.726 1802.389 1797.765 1794.190 1787.447 1777.325 1767.269 1758.175 1751.702 1746.493 1740.795 1747.231 1754.580 1764.474 1774.002 1786.156 1798.431 -9999.000 -9999.000 -9999.000 -9999.000 -9999.000 -9999.000 -9999.000 -9999.000 -9999.000 -9999.000 -9999.000
1744.925 1747.643 1744.010 1739.064 1732.745 1741.562 1742.484 1743.222 1746.256 1748.689 1752.404 1754.863 1760.051 1768.873 1771.467 1771.812 1771.777 1769.763 1766.485 1764.524 1761.667 1756.356 1754.902 1754.856 1754.131 1758.707 1760.201 1762.414 1756.262 1760.228 1766.537 1773.529 1779.795 1786.417 1790.026 1786.985 1786.947 1778.875 1765.441 1755.120 1747.318 1746.479 1743.639 1736.045 1723.250 1731.103 1747.127 1752.031 1755.278 1766.880 1779.277 1789.752 1792.501 1792.287 1792.042 1789.373 1775.641 1761.048 1746.188 1727.622 -9999.000 -9999.000
1751.817 1749.839 1746.311 1743.049 1754.351 1762.934 1764.212 1766.627 1770.119 1769.856 1758.188 1755.747 1763.436 1773.290 1778.617 1778.621 1778.245 1775.398 1774.182 1773.734 1771.569 1771.701 1773.646 1772.553 1776.408 1781.907 1784.948 1778.215 1769.478 1770.970 1779.108 1787.759 1795.335 1805.974 1817.307 1817.072 1812.248 1803.867 1791.204 1768.641 1750.355 1739.868 1732.789 1725.946 1727.462 1724.140 1736.709 1738.717 1741.073 1749.150 1759.625 1770.170 1776.319 1775.849 1775.318 1772.986 1763.574 1748.943 1734.255 1717.249 1691.383 1662.871
1752.625 1751.958 1753.531 1764.011 1776.419 1789.052 1791.005 1792.856 1791.791 1783.111 1772.687 1769.154 1783.073 1799.166 1806.996 1806.948 1804.620 1809.826 1808.839 1807.808 1803.374 1804.756 1804.581 1812.581 1820.062 1827.373 1825.731 1813.678 1802.042 1801.206 1805.144 1809.980 1816.892 1827.308 1837.084 1832.518 1826.661 1818.297 1791.584 1766.956 1751.819 1752.689 1753.652 1749.488 1747.283 1745.432 1740.031 1740.233 1739.769 1739.627 1751.944 1764.900 1768.553 1762.275 1758.566 1756.440 1748.311 1737.194 1721.773 1704.929 1685.782 1657.778
1786.877 1788.374 1794.980 1806.269 1821.154 1843.472 1844.380 1845.991 1846.799 1834.748 1821.965 1811.110 1830.214 1840.427 1848.194 1848.000 1855.734 1864.854 1860.500 1853.030 1841.999 1847.847 1857.405 1872.250 1879.267 1883.541 1881.070 1869.055 1863.063 1862.835 1866.759 1865.882 1872.152 1882.084 1897.390 1897.057 1890.874 1870.229 1834.310 1802.932 1786.456 1795.045 1789.455 1783.598 1781.977 1769.872 1761.079 1762.661 1754.221 1749.097 1761.384 1768.104 1769.842 1762.852 1768.250 1761.187 1741.745 1724.958 1710.073 1695.820 1679.750 1673.266
1809.576 1815.161 1824.499 1842.041 1862.094 1883.503 1887.386 1886.268 1895.344 1888.431 1878.369 1870.236 1884.867 1895.833 1906.615 1914.482 1926.790 1937.584 1925.282 1911.342 1904.122 1909.793 1931.340 1950.173 1954.967 1955.333 1956.870 1945.681 1939.884 1934.589 1931.671 1927.305 1924.347 1945.394 1964.067 1963.524 1941.812 1919.357 1883.182 1846.825 1818.954 1824.604 1822.764 1824.416 1812.391 1799.443 1787.531 1781.592 1774.314 1762.642 1770.007 1775.312 1784.648 1793.125 1795.639 1779.283 1761.930 1742.820 1724.744 1710.677 1705.102 1699.449
1887.286 1899.368 1905.940 1921.432 1941.833 1970.167 1987.014 2002.278 2005.886 1997.706 1988.749 1975.944 1976.427 1995.600 2007.042 2016.448 2025.962 2038.145 2041.538 2037.249 2036.152 2039.610 2048.833 2059.583 2066.106 2070.504 2074.908 2067.787 2056.783 2052.197 2044.930 2040.536 2038.984 2045.232 2060.226 2058.373 2029.407 2003.689 1971.987 1936.057 1907.088 1895.437 1907.636 1901.342 1885.335 1870.716 1840.748 1829.962 1817.792 1792.045 1790.355 1797.217 1809.144 1821.243 1807.445 1791.256 1773.551 1753.687 1735.569 1728.774 1727.383 1724.448
2004.770 2011.571 2014.983 2021.383 2052.698 2085.973 2112.531 2135.262 2142.706 2131.379 2121.468 2108.850 2099.553 2106.029 2121.094 2137.729 2152.759 2163.769 2166.704 2165.321 2165.459 2167.759 2170.621 2173.968 2180.808 2188.055 2197.434 2207.233 2199.785 2183.225 2172.332 2160.739 2157.691 2157.688 2158.550 2159.460 2149.121 2114.862 2086.525 2055.970 2032.254 2015.817 2008.742 1991.350 1969.849 1923.819 1886.668 1855.081 1832.919 1808.712 1811.751 1833.467 1869.866 1868.661 1857.126 1841.291 1817.584 1794.227 1772.049 1767.093 1765.111 1760.459
2126.843 2131.120 2134.496 2139.186 2162.489 2200.380 2237.260 2266.662 2268.495 2257.159 2246.264 2236.292 2224.132 2220.436 2229.899 2242.443 2259.887 2270.716 2278.825 2277.078 2277.383 2278.294 2280.371 2282.229 2284.759 2292.690 2305.654 2318.085 2318.429 2303.110 2286.015 2269.521 2264.530 2260.302 2255.267 2256.714 2258.405 2248.442 2221.996 2185.943 2145.827 2124.709 2107.386 2096.575 2081.730 2051.998 1996.848 1964.821 1930.742 1901.322 1891.742 1944.663 1953.442 1943.031 1930.334 1907.805 1881.095 1857.200 1833.758 1828.473 1824.197 1816.878
2240.477 2247.090 2251.387 2259.153 2275.078 2301.391 2332.054 2359.199 2375.181 2369.595 2354.835 2335.656 2328.582 2326.602 2329.158 2336.781 2346.588 2363.456 2380.520 2385.979 2386.752 2384.222 2386.381 2387.634 2387.690 2389.450 2395.644 2403.773 2406.658 2400.769 2383.003 2361.883 2349.084 2341.627 2337.857 2337.385 2340.578 2342.076 2329.759 2299.241 2260.004 2229.371 2211.415 2197.944 2185.405 2175.069 2151.762 2134.086 2102.820 2059.394 2028.753 2046.679 2038.525 2027.998 2004.987 1975.568 1947.680 1917.143 1890.051 1877.554 1872.915 1869.721
2348.968 2353.339 2361.689 2376.557 2396.791 2412.368 2431.103 2454.059 2467.801 2473.138 2472.586 2470.181 2471.708 2471.935 2430.833 2435.148 2439.419 2450.622 2461.615 2465.425 2465.842 2464.175 2465.545 2466.047 2466.081 2465.727 2466.665 2469.992 2471.263 2469.691 2460.693 2470.029 2452.044 2439.713 2432.121 2424.414 2416.259 2407.103 2397.815 2380.711 2353.168 2320.635 2296.935 2287.889 2282.402 2275.932 2271.316 2256.483 2235.808 2204.814 2167.516 2140.425 2134.947 2119.491 2089.699 2064.362 2045.795 2011.583 1980.479 1960.822 1955.966 1943.804
2451.067 2455.517 2468.110 2482.457 2472.776 2478.238 2483.891 2489.507 2491.436 2491.988 2491.733 2489.465 2488.956 2487.011 2482.903 2473.095 2474.632 2476.309 2478.843 2482.428 2481.196 2482.186 2485.101 2483.509 2477.845 2474.094 2472.531 2473.202 2480.402 2483.650 2484.498 2482.536 2481.767 2481.111 2478.873 2476.080 2472.142 2467.104 2475.198 2464.642 2440.045 2404.958 2368.510 2358.035 2356.993 2357.792 2356.093 2350.912 2333.790 2307.757 2272.533 2235.734 2224.865 2211.925 2197.376 2184.403 2168.152 2131.055 2095.245 2070.499 2056.464 2032.456
2490.359 2492.826 2494.709 2491.578 2488.352 2483.655 2482.319 2481.047 2478.688 2479.349 2477.472 2473.572 2469.922 2462.972 2452.042 2440.882 2437.972 2442.438 2447.673 2452.304 2455.980 2459.435 2460.078 2455.106 2447.140 2439.978 2438.195 2444.762 2450.334 2456.044 2456.783 2455.414 2453.238 2453.275 2450.521 2450.897 2457.517 2471.181 2475.619 2479.494 2478.934 2467.980 2448.150 2448.818 2429.630 2434.440 2430.208 2419.326 2399.039 2376.046 2346.954 2318.523 2297.662 2290.323 2285.295 2279.100 2267.843 2232.374 2199.175 2169.639 2147.889 2122.785
2474.481 2481.385 2482.626 2475.771 2467.576 2460.727 2453.903 2451.836 2450.976 2450.583 2450.931 2445.788 2437.564 2421.842 2410.496 2399.520 2393.641 2391.020 2395.356 2405.661 2416.198 2420.947 2413.260 2405.517 2394.552 2386.612 2386.950 2388.673 2397.750 2412.670 2418.349 2419.014 2413.348 2408.016 2401.790 2399.268 2405.725 2420.453 2435.927 2450.024 2458.333 2465.606 2472.157 2473.573 2475.356 2476.325 2474.896 2475.463 2459.553 2438.012 2412.749 2388.938 2363.660 2358.567 2357.615 2354.030 2352.070 2322.610 2288.157 2255.226 2228.274 2202.435
2448.166 2450.789 2447.341 2441.041 2431.286 2420.722 2411.382 2404.892 2405.944 2408.311 2409.689 2403.188 2388.787 2371.722 2358.655 2345.111 2341.339 2336.216 2330.699 2341.024 2359.045 2365.682 2351.289 2341.153 2326.739 2319.815 2316.386 2317.557 2326.607 2347.249 2368.243 2369.682 2359.417 2349.253 2344.332 2341.264 2346.573 2363.511 2383.153 2397.917 2407.404 2412.581 2420.233 2429.378 2442.125 2455.617 2466.862 2473.511 2479.326 2476.476 2467.931 2457.819 2436.295 2422.882 2414.464 2409.899 2402.579 2380.762 2353.341 2327.012 2301.010 2278.650
2412.903 2410.016 2404.366 2397.776 2381.289 2369.613 2357.859 2344.274 2341.129 2337.832 2339.618 2328.788 2319.957 2302.837 2287.917 2272.739 2261.396 2255.861 2249.843 2251.550 2266.051 2274.774 2263.277 2253.374 2241.639 2236.266 2232.949 2235.022 2245.189 2265.877 2284.056 2291.334 2283.432 2279.661 2277.963 2276.196 2281.583 2293.728 2311.923 2332.634 2349.163 2358.127 2364.954 2374.155 2388.021 2401.469 2415.011 2431.869 2452.547 2467.314 2476.588 2478.837 2478.098 2472.874 2472.041 2462.190 2450.925 2432.873 2409.310 2383.053 2357.492 2340.499
2373.037 2367.260 2361.819 2343.988 2294.901 2276.427 2258.970 2244.149 2238.757 2231.644 2220.739 2212.426 2207.299 2204.952 2190.693 2173.786 2157.414 2152.675 2149.030 2136.536 2137.160 2139.171 2148.702 2142.019 2138.305 2137.967 2135.466 2137.678 2150.682 2160.388 2168.071 2174.087 2174.992 2182.833 2189.105 2195.087 2210.544 2221.875 2237.441 2257.327 2280.764 2294.087 2302.824 2312.783 2327.483 2343.152 2359.938 2381.499 2405.836 2421.228 2431.789 2443.200 2455.718 2469.713 2476.795 2483.460 2482.323 2477.966 2456.315 2430.033 2409.870 2392.662
2313.776 2311.677 2303.288 2257.078 2216.684 2184.880 2168.330 2146.771 2135.523 2123.038 2092.283 2077.477 2074.762 2084.860 2078.665 2063.072 2050.568 2042.322 2034.804 2020.043 2006.882 2012.294 2027.350 2025.441 2026.093 2031.848 2030.581 2025.516 2026.962 2039.832 2046.229 2056.048 2069.589 2073.371 2084.884 2113.362 2125.526 2139.448 2157.525 2177.476 2198.676 2218.818 2231.397 2245.271 2262.923 2278.755 2298.374 2320.479 2348.454 2367.966 2381.561 2392.082 2402.659 2417.581 2437.216 2454.890 2471.828 2482.063 2483.018 2474.689 2456.055 2438.325
2219.996 2214.510 2192.066 2144.628 2108.061 2082.800 2062.337 2040.292 2020.716 1990.338 1958.808 1939.069 1950.164 1959.975 1966.489 1954.433 1943.296 1934.026 1918.815 1903.243 1889.737 1899.539 1908.110 1921.361 1926.354 1930.016 1933.947 1932.443 1924.748 1924.649 1932.475 1941.806 1952.071 1968.251 1999.115 2022.302 2038.538 2057.602 2075.623 2096.277 2118.280 2138.990 2154.214 2171.378 2189.093 2208.860 2227.858 2250.735 2278.374 2302.441 2317.242 2331.122 2344.153 2362.673 2385.376 2407.194 2430.985 2451.721 2464.272 2476.860 2483.028 2479.400
2109.731 2094.313 2054.698 2014.608 1988.391 1971.610 1949.538 1928.943 1902.879 1872.143 1849.542 1830.547 1839.944 1849.264 1865.362 1855.688 1847.291 1843.226 1828.732 1815.579 1800.521 1807.587 1818.536 1838.558 1843.443 1847.047 1854.930 1853.759 1849.944 1836.539 1843.640 1853.402 1866.513 1894.426 1916.740 1938.502 1958.383 1976.614 1996.920 2018.332 2040.242 2064.421 2082.280 2099.780 2119.857 2138.345 2153.694 2171.370 2195.389 2216.344 2235.692 2256.253 2270.724 2294.228 2323.293 2351.660 2384.088 2406.934 2422.090 2434.643 2446.990 2465.714
1972.706 1930.329 1898.309 1872.567 1865.005 1851.517 1831.995 1813.470 1794.807 1772.368 1752.974 1729.672 1735.127 1749.889 1765.921 1764.180 1763.347 1761.521 1751.702 1738.535 1725.216 1729.000 1745.058 1762.333 1770.887 1777.866 1785.291 1784.962 1776.511 1766.907 1771.547 1785.450 1800.630 1818.868 1839.158 1859.161 1878.121 1899.089 1920.502 1942.155 1965.628 1990.532 2009.436 2031.302 2054.042 2070.609 2079.837 2089.646 2110.171 2126.170 2146.709 2168.050 2184.767 2211.483 2244.648 2284.388 2322.859 2359.640 2376.313 2389.630 2400.261 2416.288
1850.819 1820.046 1792.313 1781.925 1766.675 1752.870 1738.249 1719.249 1702.815 1687.298 1666.851 1653.841 1660.885 1674.750 1684.997 1690.208 1688.124 1685.860 1679.645 1666.159 1659.175 1668.454 1683.686 1697.877 1708.588 1715.224 1720.629 1717.526 1708.562 1703.744 1711.340 1726.158 1739.555 1754.674 1774.556 1793.954 1814.132 1835.147 1855.850 1878.823 1902.467 1926.694 1951.256 1972.432 1991.072 1999.568 2008.555 2010.906 2023.005 2038.520 2055.600 2076.798 2099.426 2125.378 2163.801 2203.517 2242.110 2280.183 2311.532 2330.685 2346.990 2366.855
1777.995 1749.598 1721.857 1698.110 1685.049 1678.574 1666.265 1649.578 1638.484 1623.396 1610.506 1614.175 1616.925 1627.111 1627.312 1628.508 1626.185 1625.668 1622.654 1614.442 1623.887 1630.941 1644.920 1655.235 1664.663 1670.507 1674.152 1674.399 1668.768 1673.030 1679.172 1692.705 1703.515 1716.988 1736.355 1752.400 1770.324 1791.038 1812.390 1834.670 1858.532 1884.490 1907.410 1924.521 1931.206 1939.725 1942.063 1932.494 1943.488 1955.542 1966.489 1986.452 2006.549 2028.824 2066.036 2109.736 2156.000 2193.208 2235.257 2260.619 2284.407 2306.457
1693.399 1665.096 1637.815 1616.900 1611.148 1601.120 1591.125 1579.679 1566.919 1558.463 1562.490 1560.634 1559.321 1559.251 1562.400 1565.758 1565.370 1564.597 1566.722 1575.481 1579.872 1585.324 1594.849 1605.945 1616.985 1620.674 1624.793 1628.514 1633.034 1635.524 1639.105 1649.529 1660.830 1673.003 1688.651 1705.388 1723.218 1744.457 1766.406 1789.928 1815.338 1841.450 1861.656 1869.679 1878.396 1880.002 1873.022 1866.764 1870.877 1881.722 1889.136 1906.054 1926.785 1939.562 1978.267 2025.485 2067.179 2102.770 2137.773 2176.307 2203.414 2228.553
1628.207 1600.168 1577.977 1562.781 1553.034 1543.183 1533.239 1520.997 1513.153 1513.347 1511.221 1509.448 1507.684 1511.077 1514.929 1519.509 1519.686 1520.653 1523.602 1527.994 1534.292 1543.578 1554.336 1566.395 1581.382 1586.117 1590.684 1596.358 1598.989 1602.114 1605.995 1616.766 1628.142 1639.784 1656.131 1673.297 1691.555 1713.179 1738.141 1767.152 1793.192 1818.951 1841.633 1850.304 1853.710 1851.506 1844.511 1830.620 1827.924 1837.038 1838.187 1848.408 1866.502 1875.347 1903.860 1944.229 1972.249 2006.467 2044.268 2094.341 2122.964 2154.679
1559.524 1538.803 1522.994 1504.636 1492.006 1481.840 1473.283 1467.389 1466.461 1464.070 1462.743 1461.684 1459.937 1461.845 1466.228 1470.329 1472.753 1475.692 1479.588 1486.131 1495.175 1503.444 1515.244 1529.893 1545.013 1551.766 1557.230 1563.069 1567.287 1571.420 1574.987 1584.702 1596.099 1606.358 1623.105 1641.255 1660.047 1685.136 1714.232 1743.940 1769.583 1794.546 1820.013 1823.344 1824.289 1823.587 1808.946 1793.709 1786.420 1787.997 1788.619 1792.116 1802.466 1812.960 1834.416 1858.183 1885.618 1920.609 1967.553 2012.946 2045.713 2075.793
