tests/3D/Borden05m_nopit_001/output_maps/psiliqL0009N0018.asc
ncols         160
nrows         34
xllcorner     620200.000000
yllcorner     5168000.000000
cellsize      0.500000
NODATA_value  -9999.0
[rows 0 to 28 of 34, columns 65 to 129 of 160]
-9999.000 -9999.000 -9999.000 -9999.000 -9999.000 -9999.000 -9999.000 -9999.000 -9999.000 -9999.000 -9999.000 -9999.000 -9999.000 -9999.000 -9999.000 -9999.000 -9999.000 -9999.000 -9999.000 -9999.000 -9999.000 -9999.000 -9999.000 -9999.000 -9999.000 -9999.000 -9999.000 -9999.000 -9999.000 -9999.000 -9999.000 -9999.000 -9999.000 -9999.000 -9999.000 -9999.000 -9999.000 -9999.000 -9999.000 -9999.000 -9999.000 -9999.000 -9999.000 -9999.000 -9999.000 -9999.000 -9999.000 -9999.000 -9999.000 -9999.000 -9999.000 -9999.000 -9999.000 -9999.000 -9999.000 -9999.000 -9999.000 -9999.000 -9999.000 -9999.000 -9999.000 -9999.000 -9999.000 -9999.000 -9999.000
-40.828 -45.009 -46.122 -47.169 -47.747 -42.629 -34.868 -27.421 -20.358 -18.118 -15.813 -13.610 -13.186 -14.566 -17.895 -21.254 -24.724 -26.243 -34.595 -46.084 -55.069 -57.864 -53.379 -48.859 -46.313 -40.195 -29.270 -18.292 -9.625 2.225 7.878 13.182 16.581 12.810 9.561 6.165 1.680 -9.148 -9999.000 -9999.000 -9999.000 -9999.000 -9999.000 -9999.000 -9999.000 -9999.000 -9999.000 -9999.000 -9999.000 -9999.000 -9999.000 -9999.000 -9999.000 -9999.000 -9999.000 -9999.000 -9999.000 -9999.000 -9999.000 -9999.000 -9999.000 -9999.000 -9999.000 -9999.000 -9999.000
-53.391 -59.098 -61.042 -61.278 -61.438 -57.447 -47.717 -39.904 -35.275 -32.992 -30.649 -30.717 -31.323 -31.811 -34.804 -38.305 -41.776 -43.629 -43.601 -51.261 -56.649 -59.968 -61.255 -58.802 -56.461 -53.359 -43.661 -35.286 -26.896 -12.663 -0.246 5.141 2.994 -1.721 -5.081 -11.124 -20.579 -30.746 -40.981 -47.935 -53.055 -58.024 -51.656 -44.984 -34.517 -24.173 -11.972 0.276 -9999.000 -9999.000 -9999.000 -9999.000 -9999.000 -9999.000 -9999.000 -9999.000 -9999.000 -9999.000 -9999.000 -9999.000 -9999.000 -9999.000 -9999.000 -9999.000 -9999.000
-60.672 -65.225 -57.653 -56.699 -55.793 -52.801 -49.617 -47.372 -44.753 -39.617 -30.856 -28.398 -28.050 -28.075 -30.026 -33.239 -35.113 -37.959 -43.236 -44.240 -43.889 -43.938 -38.780 -37.302 -35.878 -42.789 -39.354 -32.998 -26.002 -18.921 -11.794 -7.012 -9.834 -10.661 -18.520 -31.813 -42.768 -51.064 -53.220 -56.043 -63.377 -75.246 -68.025 -52.216 -47.279 -43.369 -31.260 -18.834 -8.558 -6.470 -6.684 -6.908 -9.359 -23.052 -37.584 -52.202 -70.686 -9999.000 -9999.000 -9999.000 -9999.000 -9999.000 -9999.000 -9999.000 -9999.000
-55.330 -42.870 -33.802 -32.483 -29.924 -26.801 -28.188 -40.651 -43.438 -35.148 -24.937 -19.281 -19.353 -19.619 -21.408 -22.580 -23.203 -25.691 -24.741 -22.273 -21.777 -16.832 -11.260 -8.513 -16.971 -26.104 -25.494 -17.742 -9.659 -2.134 8.998 20.907 20.015 14.739 6.377 -6.666 -29.502 -48.813 -58.898 -65.081 -71.585 -71.870 -73.774 -62.756 -60.632 -58.586 -49.759 -39.235 -28.941 -22.980 -23.292 -23.631 -25.858 -35.137 -49.681 -64.241 -80.630 -105.740 -133.899 -160.808 -161.745 -137.936 -114.163 -9999.000 -9999.000
-30.016 -16.700 -2.249 -0.152 1.912 1.237 -8.643 -19.098 -23.502 -8.703 6.815 14.745 15.322 15.373 23.068 20.906 18.202 12.604 14.798 17.219 28.205 35.512 42.116 40.161 28.470 17.597 15.858 18.036 20.441 26.557 37.229 47.686 43.289 36.502 26.852 -1.294 -28.379 -44.667 -43.372 -42.361 -46.406 -48.998 -52.106 -59.158 -59.136 -59.330 -59.484 -47.212 -34.728 -31.066 -36.948 -40.360 -42.411 -50.922 -61.661 -76.692 -93.359 -111.930 -139.922 -146.891 -154.814 -132.782 -108.982 -87.967 -63.329
17.003 34.538 57.777 60.507 63.597 66.940 55.936 43.702 31.903 47.751 57.129 65.691 68.293 79.097 88.851 83.666 74.896 65.059 71.234 84.334 98.895 104.914 108.071 107.974 98.055 92.910 90.674 91.694 88.441 91.977 103.179 118.860 119.554 109.991 88.315 53.420 19.492 -1.563 3.691 -2.010 -7.432 -10.943 -24.429 -35.219 -34.904 -43.943 -49.765 -38.004 -31.665 -29.628 -35.754 -30.104 -37.622 -55.625 -72.747 -88.153 -102.431 -117.312 -124.479 -133.664 -141.223 -128.663 -108.435 -88.377 -63.521
65.940 88.531 111.801 121.682 126.816 135.355 128.577 119.430 110.638 117.695 129.711 141.191 151.540 163.536 174.794 167.260 156.846 153.233 157.416 174.458 189.309 194.113 195.948 199.853 193.276 186.377 178.931 172.311 165.948 161.720 177.908 193.304 192.314 170.282 148.001 115.507 80.546 48.513 45.767 45.463 45.103 30.737 16.223 -1.220 -11.199 -19.491 -33.756 -28.542 -22.570 -11.847 -1.951 -1.903 -18.186 -35.441 -54.634 -73.279 -87.500 -92.211 -97.267 -106.733 -113.016 -106.734 -92.745 -78.301 -66.052
161.537 185.771 217.055 239.331 259.219 262.502 253.095 243.696 230.014 225.155 239.046 250.307 260.962 271.767 283.461 290.278 288.962 288.716 291.162 295.602 302.185 308.466 314.378 320.799 320.538 311.655 304.152 294.822 286.843 284.384 284.719 293.408 293.021 272.484 247.928 219.878 186.586 157.899 139.905 144.280 133.171 117.223 97.772 63.104 45.770 30.273 1.323 -2.596 8.008 22.252 30.801 15.370 -0.864 -19.370 -39.843 -59.687 -66.243 -67.491 -70.454 -76.238 -78.832 -74.080 -61.033 -58.143 -47.244
266.734 296.899 329.658 358.030 380.774 388.562 378.373 368.329 356.750 346.904 348.216 360.797 376.276 391.439 402.095 406.007 404.852 405.085 406.464 409.171 411.420 416.393 423.181 433.373 445.185 441.135 425.054 412.295 397.749 392.104 390.481 387.900 388.581 385.485 360.022 335.373 306.537 278.055 257.864 242.901 226.311 207.911 167.828 130.704 98.608 72.267 45.250 42.086 67.644 95.956 88.501 77.183 60.087 35.581 11.157 -13.655 -20.548 -23.436 -28.889 -35.287 -41.184 -46.537 -43.461 -40.595 -28.868
384.769 404.049 437.627 471.567 498.800 502.932 494.419 484.061 473.110 463.550 460.145 465.906 475.080 489.175 500.451 510.900 510.971 511.372 511.236 512.994 514.513 515.736 521.625 532.072 542.035 543.788 532.754 516.687 499.647 491.701 485.376 480.195 480.554 481.987 478.916 458.143 426.514 386.724 360.472 340.565 329.794 317.311 300.025 258.072 234.454 204.477 172.153 149.560 184.272 180.329 169.975 154.593 130.515 105.017 79.640 53.720 44.197 38.882 31.232 24.962 16.415 6.018 2.004 -3.704 -6.322
498.004 513.166 532.484 557.344 581.386 598.027 595.098 584.191 568.672 564.900 564.047 565.325 570.653 576.755 590.391 604.572 609.638 610.275 607.931 609.764 610.634 610.612 610.958 614.327 620.309 622.589 619.005 605.267 587.052 572.556 563.961 559.761 557.505 558.325 557.733 548.422 524.103 491.211 459.821 438.547 424.268 413.531 405.694 393.772 380.007 354.799 316.929 283.147 276.692 267.794 256.725 233.294 206.173 182.917 151.719 121.663 103.211 96.450 90.169 81.971 70.492 59.567 52.557 38.945 30.889
603.599 620.017 631.282 645.174 663.593 674.193 679.626 680.462 680.120 682.055 682.124 668.544 670.388 672.158 675.893 681.297 682.866 683.005 682.448 683.231 683.398 683.608 683.276 682.460 683.568 683.990 683.463 679.062 677.131 661.733 650.839 644.031 637.003 628.972 620.161 611.624 598.202 574.820 544.580 518.183 507.756 503.019 499.006 495.718 483.562 465.446 439.530 405.266 371.355 361.679 346.934 322.495 302.954 288.777 256.340 223.553 199.522 190.055 172.771 154.862 139.643 122.117 105.494 88.607 71.481
687.712 686.059 687.879 689.763 691.635 692.278 692.462 692.377 690.268 690.098 688.756 683.847 674.871 676.316 677.648 680.073 683.467 682.076 682.912 685.776 684.398 679.216 675.878 674.329 674.584 681.482 684.422 685.129 684.952 684.392 684.169 683.418 682.481 681.162 679.475 679.024 670.369 650.126 621.558 591.082 577.094 572.515 574.440 572.530 567.879 551.393 527.252 495.053 460.554 444.727 433.191 423.703 414.525 401.536 367.683 332.494 304.919 286.491 261.198 240.876 222.269 200.771 182.332 163.088 139.810
692.326 688.824 684.365 683.320 682.149 679.889 680.589 678.724 675.030 671.873 666.203 656.080 644.940 642.856 647.524 652.269 656.232 658.924 662.035 663.482 659.144 651.768 645.099 643.157 649.324 654.673 659.340 659.904 658.565 656.789 657.183 655.087 655.673 661.705 673.971 680.574 681.853 681.653 677.987 671.359 658.255 640.022 643.298 639.523 629.237 610.274 588.981 562.755 537.239 513.909 506.546 502.447 497.178 489.364 458.481 426.801 396.302 372.182 347.367 324.416 303.115 281.575 259.196 235.377 211.563
677.730 670.012 663.635 657.567 655.845 654.598 654.021 654.163 649.202 642.347 628.253 617.191 606.319 600.513 599.365 604.810 613.918 622.370 626.746 621.096 614.261 604.379 596.604 596.802 599.395 607.926 620.396 623.713 624.219 619.580 615.725 610.058 608.237 614.735 628.736 642.562 654.728 661.970 668.670 674.500 679.728 680.294 680.584 680.070 677.551 664.036 645.601 624.901 603.213 578.857 572.027 569.682 565.910 564.029 538.825 506.846 475.333 447.951 422.829 400.602 378.879 355.678 331.213 307.312 280.114
645.774 636.289 626.267 617.340 612.237 613.301 615.657 616.649 611.109 597.882 581.720 569.138 555.963 552.365 548.191 545.358 555.939 571.793 577.485 565.226 556.027 542.595 535.233 532.522 534.191 543.406 561.704 578.766 579.396 570.018 560.780 555.634 552.779 558.995 576.245 594.441 607.556 615.869 620.870 628.372 637.221 648.052 659.886 669.758 678.912 681.035 680.023 677.105 663.337 645.222 632.872 623.390 617.998 609.906 590.507 565.456 540.561 514.984 493.946 476.237 452.887 428.009 403.583 374.527 342.868
604.412 593.096 582.277 571.879 559.864 557.563 556.057 558.646 548.569 538.579 520.545 506.065 491.346 482.451 477.099 471.893 477.868 493.668 502.755 488.709 478.515 465.375 458.903 455.637 457.200 467.034 489.195 507.226 513.089 504.505 497.645 493.835 491.880 496.183 510.123 528.737 547.435 561.003 568.887 575.728 584.982 598.205 610.876 623.464 638.949 656.685 669.675 677.950 682.345 681.990 680.124 674.652 665.741 655.695 640.043 618.287 592.981 567.919 551.156 534.947 519.306 494.415 465.571 436.479 404.313
556.849 515.154 499.802 484.010 470.769 466.879 461.254 456.813 448.782 442.699 434.484 419.704 403.381 388.544 383.897 380.035 373.671 380.931 384.802 385.718 378.197 371.311 368.084 365.430 368.840 382.199 394.513 405.112 410.248 406.241 410.725 414.838 415.547 429.054 441.177 457.296 476.867 497.746 508.558 516.517 526.119 540.269 555.488 571.244 591.922 614.208 628.307 638.044 648.795 659.949 672.328 681.213 685.197 684.608 679.442 660.552 637.718 617.903 600.793 586.740 573.880 555.860 522.715 493.284 462.667
483.719 443.461 413.907 397.823 378.550 369.901 362.086 340.821 329.079 323.160 326.866 316.934 300.703 287.168 280.233 274.940 263.866 257.859 262.356 272.941 267.257 264.361 267.345 265.102 262.213 269.160 283.256 291.013 299.230 307.628 310.173 315.560 337.562 349.218 362.119 380.250 400.070 420.579 438.039 449.121 461.711 478.735 493.859 512.957 534.799 561.094 578.374 591.048 601.272 611.652 625.940 643.848 659.052 673.693 684.157 684.165 681.048 660.492 644.622 630.198 621.829 601.676 574.406 546.114 516.024
384.303 345.953 317.713 298.392 276.997 262.278 240.412 212.476 194.929 199.508 207.065 206.542 193.270 181.311 172.154 160.384 146.247 136.418 144.531 152.955 158.604 161.088 164.415 165.805 164.316 160.830 167.576 175.383 184.351 192.737 202.288 227.599 249.330 263.591 281.513 299.387 319.863 341.380 360.157 373.804 390.173 407.556 426.576 446.020 469.533 496.950 518.750 532.146 544.416 556.911 574.382 595.544 615.663 637.151 656.107 666.684 678.099 686.225 684.486 670.164 657.888 641.746 620.218 590.978 563.738
270.403 236.190 213.543 192.039 171.028 147.920 120.501 95.801 78.115 85.574 93.008 103.294 91.889 80.916 75.008 61.276 47.999 34.579 42.554 51.823 67.211 70.605 73.519 79.439 77.815 75.296 67.706 75.658 84.491 96.046 120.394 143.023 164.653 182.935 200.573 220.262 241.578 263.065 285.407 302.060 318.590 337.757 356.261 373.721 394.063 418.876 440.083 457.381 475.751 489.880 512.018 538.987 564.135 593.498 613.534 627.778 639.996 652.235 668.816 679.688 679.924 675.715 653.881 633.117 607.320
131.462 114.035 97.506 76.852 57.450 38.289 13.809 -7.602 -29.596 -24.965 -12.397 1.580 -4.920 -8.751 -11.600 -22.607 -35.756 -48.909 -45.201 -30.629 -14.344 -7.833 -1.814 5.287 5.076 -1.595 -10.217 -5.232 7.334 22.006 42.057 62.930 83.021 101.290 121.535 142.666 164.043 187.119 211.009 228.165 249.092 271.075 288.950 300.007 313.625 336.642 353.561 373.308 393.367 408.650 435.009 466.309 503.375 539.433 571.133 585.273 597.714 608.182 623.990 642.895 659.930 673.755 673.510 670.302 653.792
22.708 5.718 -10.783 -27.584 -46.710 -64.988 -83.148 -103.936 -122.240 -116.499 -102.864 -90.428 -88.058 -90.766 -93.540 -101.079 -114.361 -125.476 -117.330 -102.053 -87.130 -77.520 -71.115 -65.113 -68.035 -76.371 -83.331 -75.986 -61.375 -47.238 -30.547 -10.302 9.787 29.803 50.670 71.439 94.329 117.842 141.548 164.571 185.943 206.400 216.274 226.388 233.944 249.258 265.843 284.527 305.425 326.781 353.989 391.672 429.748 466.128 501.144 526.066 543.209 557.750 577.002 597.100 613.706 627.512 639.658 650.608 656.856
-68.837 -85.090 -94.082 -107.832 -126.194 -139.005 -155.161 -173.431 -174.262 -170.332 -157.917 -155.509 -154.618 -157.406 -158.344 -162.943 -174.433 -168.532 -160.787 -145.935 -135.103 -125.928 -119.786 -115.759 -116.430 -123.661 -121.128 -114.235 -100.059 -88.737 -74.081 -54.002 -37.430 -18.945 1.849 23.228 45.702 69.461 95.025 117.987 136.472 145.199 154.983 160.616 155.151 168.341 181.925 195.505 216.040 236.653 262.512 299.731 341.639 384.863 420.974 458.043 479.384 500.846 522.238 544.655 565.196 581.470 593.507 595.273 601.217
-158.987 -167.658 -177.753 -188.738 -201.540 -214.780 -226.846 -226.943 -229.002 -229.193 -227.143 -224.020 -221.388 -222.284 -223.308 -222.666 -216.967 -212.750 -207.253 -196.798 -185.820 -175.727 -171.797 -167.725 -164.991 -161.952 -159.596 -155.423 -144.316 -132.917 -120.055 -103.635 -86.852 -68.712 -47.364 -25.786 -2.744 22.633 48.249 67.775 76.944 86.344 89.918 85.322 80.957 88.424 100.063 110.545 129.732 150.606 169.267 210.729 256.915 299.934 334.850 369.282 400.751 426.260 449.770 479.473 504.714 530.402 546.216 551.973 556.801
-221.706 -231.429 -241.252 -251.354 -264.441 -274.829 -276.878 -279.026 -280.964 -282.386 -278.928 -275.251 -270.997 -271.378 -271.023 -268.460 -264.262 -258.603 -249.648 -238.916 -227.229 -213.174 -208.849 -204.421 -199.157 -196.700 -193.759 -189.646 -178.503 -167.106 -155.033 -138.480 -121.341 -102.765 -81.155 -56.432 -27.908 -2.128 23.245 44.464 53.117 57.308 55.675 50.036 38.069 37.377 48.217 51.690 64.886 84.862 97.343 132.794 176.564 207.311 241.605 277.277 321.689 348.205 378.712 409.168 438.924 468.047 483.319 491.296 500.497
-282.428 -294.571 -304.747 -314.379 -322.624 -325.060 -327.983 -329.819 -331.039 -332.488 -330.005 -325.817 -321.724 -319.829 -317.263 -314.384 -308.470 -299.642 -291.073 -279.299 -264.890 -250.330 -244.413 -239.119 -233.706 -229.967 -225.950 -222.115 -211.931 -200.400 -189.162 -172.034 -153.940 -135.552 -110.307 -81.254 -52.098 -26.850 -2.015 21.959 25.334 26.672 26.053 12.960 -2.121 -7.455 -4.530 -3.460 4.822 17.028 29.138 56.971 85.454 115.144 150.699 196.176 241.094 271.348 301.790 331.968 359.130 380.988 399.561 413.504 428.178
-335.801 -350.045 -359.321 -363.514 -365.446 -368.896 -368.426 -367.342 -368.534 -371.843 -372.113 -367.280 -363.426 -360.885 -357.883 -347.963 -338.276 -330.715 -323.574 -311.071 -296.769 -281.515 -272.013 -266.059 -257.121 -250.006 -245.916 -243.220 -234.234 -223.867 -218.579 -202.517 -184.265 -156.833 -126.418 -96.647 -65.974 -39.784 -14.853 7.319 7.518 7.612 6.998 -8.528 -23.893 -41.047 -37.934 -36.096 -47.132 -34.451 -22.446 -4.775 22.501 47.808 85.652 130.345 165.122 195.284 225.522 253.815 275.680 296.347 312.932 330.814 345.961
