tests/3D/Borden05m_nopit_001/output_maps/psiliqL0010N0007.asc
ncols         160
nrows         34
xllcorner     620200.000000
yllcorner     5168000.000000
cellsize      0.500000
NODATA_value  -9999.0
[rows 0 to 28 of 34, columns 66 to 131 of 160]
-9999.000 -9999.000 -9999.000 -9999.000 -9999.000 -9999.000 -9999.000 -9999.000 -9999.000 -9999.000 -9999.000 -9999.000 -9999.000 -9999.000 -9999.000 -9999.000 -9999.000 -9999.000 -9999.000 -9999.000 -9999.000 -9999.000 -9999.000 -9999.000 -9999.000 -9999.000 -9999.000 -9999.000 -9999.000 -9999.000 -9999.000 -9999.000 -9999.000 -9999.000 -9999.000 -9999.000 -9999.000 -9999.000 -9999.000 -9999.000 -9999.000 -9999.000 -9999.000 -9999.000 -9999.000 -9999.000 -9999.000 -9999.000 -9999.000 -9999.000 -9999.000 -9999.000 -9999.000 -9999.000 -9999.000 -9999.000 -9999.000 -9999.000 -9999.000 -9999.000 -9999.000 -9999.000 -9999.000 -9999.000 -9999.000 -9999.000
154.907 153.788 152.751 152.167 157.267 165.041 172.494 179.543 181.790 184.094 186.272 186.682 185.314 181.987 178.626 175.158 173.627 165.332 153.863 144.917 142.128 146.595 151.104 153.645 159.708 170.601 181.557 190.220 202.113 207.848 213.156 216.510 212.728 209.482 206.055 201.476 190.634 -9999.000 -9999.000 -9999.000 -9999.000 -9999.000 -9999.000 -9999.000 -9999.000 -9999.000 -9999.000 -9999.000 -9999.000 -9999.000 -9999.000 -9999.000 -9999.000 -9999.000 -9999.000 -9999.000 -9999.000 -9999.000 -9999.000 -9999.000 -9999.000 -9999.000 -9999.000 -9999.000 -9999.000 -9999.000
140.859 138.869 138.642 138.480 142.447 152.233 160.039 164.660 166.959 169.327 169.166 168.546 168.069 165.078 161.574 158.106 156.250 156.360 148.702 143.277 139.923 138.537 141.007 143.369 146.559 156.226 164.573 172.940 187.230 199.694 205.102 202.935 198.231 194.849 188.729 179.201 169.049 158.944 152.047 146.921 141.874 148.255 155.006 165.414 175.673 187.873 200.128 -9999.000 -9999.000 -9999.000 -9999.000 -9999.000 -9999.000 -9999.000 -9999.000 -9999.000 -9999.000 -9999.000 -9999.000 -9999.000 -9999.000 -9999.000 -9999.000 -9999.000 -9999.000 -9999.000
134.549 142.260 143.210 144.098 147.094 150.195 152.603 155.205 160.347 169.114 171.587 171.935 171.909 169.951 166.731 164.848 162.001 156.720 155.665 155.972 155.849 160.943 162.423 163.935 157.108 160.603 166.954 173.951 180.942 188.013 192.666 189.821 189.082 181.201 167.895 157.012 148.773 146.766 143.945 136.585 124.617 131.912 147.751 152.689 156.532 168.590 181.019 191.328 193.499 193.296 193.081 190.617 176.933 162.407 147.774 129.289 -9999.000 -9999.000 -9999.000 -9999.000 -9999.000 -9999.000 -9999.000 -9999.000 -9999.000 -9999.000
156.822 165.835 167.150 169.693 172.857 171.595 159.220 156.472 164.695 174.866 180.486 180.422 180.144 178.238 177.061 176.457 174.005 174.865 177.275 177.594 182.418 187.983 190.763 182.497 173.408 174.117 181.912 190.059 197.590 208.668 220.515 219.697 214.472 206.110 193.111 170.307 151.112 140.986 134.706 128.168 128.087 126.030 137.225 139.342 141.429 150.179 160.706 171.037 177.029 176.710 176.360 174.135 164.854 150.314 135.752 119.305 94.122 65.928 39.191 38.173 62.016 85.815 -9999.000 -9999.000 -9999.000 -9999.000
182.535 196.784 198.866 200.906 200.187 190.441 179.990 175.682 190.384 205.965 213.884 214.392 214.178 221.597 219.566 217.048 211.579 213.683 215.816 226.471 233.797 240.479 238.560 226.829 215.872 214.234 216.608 219.284 225.490 236.133 246.516 242.102 235.419 225.914 197.929 171.119 154.962 156.212 157.221 153.167 150.622 147.658 140.795 140.843 140.626 140.481 152.766 165.311 168.983 163.068 159.635 157.589 149.134 138.367 123.305 106.629 88.003 60.015 53.175 45.125 67.202 91.054 112.106 136.692 165.410 194.380
233.051 256.188 258.715 261.641 264.702 253.582 241.287 229.593 245.803 255.273 263.747 266.039 276.502 286.185 281.093 272.467 262.497 268.637 281.343 295.936 302.066 305.348 304.987 294.836 289.598 287.585 288.928 285.940 289.781 300.843 316.484 317.065 307.879 286.319 251.312 217.670 197.127 202.754 197.069 191.602 188.305 174.978 164.416 164.878 155.913 150.176 162.005 168.395 170.409 164.199 169.833 162.380 144.232 127.162 111.829 97.565 82.563 75.484 66.322 58.731 71.383 91.633 111.677 136.507 165.322 192.948
285.594 308.657 317.871 322.311 330.909 324.117 314.868 306.149 314.048 325.947 337.350 347.423 359.454 370.660 362.597 351.791 347.777 352.126 369.669 384.962 389.766 391.438 395.081 387.992 381.215 374.009 367.801 361.661 357.576 374.304 390.066 389.128 367.133 344.835 311.934 276.820 245.252 243.442 242.971 242.839 228.738 214.403 197.580 188.057 179.885 165.916 171.378 177.287 187.866 197.616 197.951 181.675 164.426 145.261 126.696 112.509 107.719 102.615 93.115 86.798 93.177 107.241 121.857 133.990 160.624 187.945
380.889 411.846 433.519 452.892 456.212 446.941 437.591 424.007 419.741 434.219 445.500 456.017 466.678 478.427 484.864 483.217 482.877 485.435 490.407 497.454 503.762 509.506 515.703 514.681 505.564 498.386 489.286 481.706 479.349 480.342 489.734 489.186 467.714 443.032 414.579 380.996 352.281 334.996 340.244 329.675 313.726 294.817 260.677 244.076 228.957 200.372 196.710 206.909 220.908 229.864 214.629 198.416 180.016 159.630 139.999 133.438 132.195 129.258 123.452 120.882 125.806 139.013 142.027 152.887 170.506 184.628
491.988 524.804 552.975 575.717 583.467 573.152 563.123 551.428 541.643 543.529 556.386 571.993 587.142 597.838 601.641 600.461 600.684 602.166 604.890 607.261 612.442 619.282 629.384 640.973 636.547 620.413 607.863 593.646 588.292 586.851 584.654 585.362 581.464 555.027 529.971 500.948 472.999 453.230 439.148 422.474 403.736 362.998 325.878 293.847 267.978 241.281 238.818 263.963 293.188 286.442 275.116 258.175 233.774 209.487 184.988 178.333 175.569 170.231 163.872 158.124 153.064 156.433 159.414 171.272 181.608 191.520
599.432 633.488 667.755 695.230 699.106 690.280 679.862 669.020 659.171 655.733 661.906 671.455 685.922 697.148 707.338 707.207 707.598 707.578 709.372 710.929 712.298 718.415 729.142 739.380 740.978 729.469 713.289 696.312 688.696 682.606 677.443 677.926 679.392 675.557 654.158 622.042 582.220 556.543 536.929 526.160 513.422 494.761 451.351 426.807 396.385 364.394 343.260 380.010 377.496 367.153 352.088 328.200 302.587 277.393 251.769 242.739 237.564 229.977 223.799 215.387 205.139 201.359 195.975 193.655 201.166 208.705
708.934 729.029 754.535 778.921 795.489 792.265 780.930 765.004 760.865 759.887 761.308 766.890 773.404 787.399 801.901 807.011 807.664 805.299 807.169 808.082 808.069 808.573 812.258 818.480 820.828 816.989 802.806 784.269 769.965 761.498 757.349 755.296 756.383 756.027 746.387 721.385 687.793 656.492 635.594 621.413 610.485 602.380 589.205 575.017 549.147 510.674 477.254 473.524 464.727 453.738 430.374 403.020 379.272 348.171 318.469 300.706 294.209 288.302 280.466 269.180 258.478 251.764 238.369 230.617 237.550 236.247
817.437 829.181 843.611 862.534 873.484 878.905 879.587 879.016 880.906 880.993 864.354 866.474 868.522 873.086 879.112 880.930 881.100 880.421 881.270 881.474 881.666 881.332 880.712 882.068 882.586 881.945 877.035 876.359 860.675 849.625 842.733 835.635 827.595 818.751 810.137 796.311 772.474 741.986 715.898 705.634 700.826 696.554 693.132 680.694 662.308 635.844 601.259 568.124 558.934 544.134 519.125 498.967 484.329 451.722 419.151 395.635 386.712 370.032 352.540 337.567 320.345 304.049 287.311 270.638 269.450 267.144
884.583 886.808 889.111 891.399 892.185 892.410 892.306 890.179 889.972 888.563 883.743 874.674 876.130 877.501 879.938 883.354 881.981 882.834 885.705 884.304 879.069 875.686 874.136 874.439 881.372 884.349 885.074 884.701 884.121 883.854 882.942 881.803 880.199 878.146 878.652 869.794 849.076 819.794 788.665 775.081 770.910 772.727 770.860 766.169 749.633 725.302 692.786 658.053 642.802 631.140 621.121 611.555 598.236 564.054 528.827 501.599 483.695 458.583 438.452 420.035 398.650 380.398 361.333 338.297 331.562 327.061
888.772 884.286 883.209 882.027 879.756 880.452 878.585 874.869 871.657 865.845 855.632 844.490 842.315 846.961 851.760 855.798 858.599 861.749 863.107 858.700 851.259 844.536 842.613 848.826 854.201 858.987 859.572 858.232 856.415 856.774 854.608 855.176 861.280 873.709 880.080 881.657 881.428 876.965 868.884 857.327 839.007 842.475 838.673 828.346 809.263 787.809 761.292 735.483 712.461 705.139 700.980 695.652 687.498 656.144 624.329 593.972 570.153 545.348 522.464 501.269 479.788 457.565 433.876 410.193 391.044 369.495
869.741 863.313 857.161 855.400 854.196 853.639 853.805 848.823 841.817 827.542 816.448 805.564 799.750 798.440 803.762 813.003 821.687 826.105 820.229 813.294 803.292 795.500 795.715 798.212 806.805 819.550 823.132 823.657 818.907 814.892 809.167 807.274 813.774 827.863 841.882 854.273 861.646 868.424 874.350 879.174 879.897 880.288 879.702 877.557 863.811 845.067 823.900 802.019 777.608 771.024 768.893 765.202 763.372 737.748 705.540 673.913 646.623 621.469 599.122 577.421 554.302 529.896 506.113 479.054 449.340 425.644
835.733 825.651 816.679 811.421 812.484 814.841 815.876 810.229 796.872 780.610 767.974 754.758 751.141 746.861 743.731 754.284 770.378 776.176 763.681 754.378 740.838 733.525 730.735 732.350 741.548 760.109 777.610 778.332 768.858 759.521 754.405 751.531 757.652 774.875 793.241 806.550 815.007 820.042 827.579 836.481 847.550 859.597 869.654 878.567 881.141 879.971 876.479 863.173 844.741 832.343 823.055 817.836 809.912 790.324 765.083 740.099 714.542 693.424 675.603 652.029 627.144 602.808 573.793 542.203 510.684 485.514
791.784 780.870 770.322 758.132 755.737 754.033 756.532 746.371 736.510 718.578 704.049 689.279 680.113 674.740 669.444 674.946 690.602 699.649 685.886 675.724 662.742 656.393 653.122 654.742 664.615 686.614 704.663 710.686 702.180 695.666 692.095 690.165 694.594 708.342 726.919 745.851 759.760 767.778 774.635 783.904 797.225 810.012 822.741 838.420 856.530 869.770 878.216 882.439 882.118 879.963 875.101 866.187 856.114 840.307 818.461 793.161 768.154 751.475 735.298 719.453 694.285 665.573 636.453 604.203 572.095 545.383
712.904 697.205 681.228 667.812 663.755 657.965 652.805 644.742 638.766 631.203 616.481 600.093 585.086 580.429 576.592 569.546 576.070 579.734 581.607 574.180 567.647 564.742 562.106 565.383 578.705 590.730 601.007 606.243 602.783 607.643 612.000 613.299 627.027 639.069 655.135 674.750 695.925 707.029 715.090 724.752 738.988 754.286 770.192 791.011 813.575 827.875 837.769 848.668 860.060 872.716 881.511 885.916 885.398 880.464 861.416 838.356 818.666 801.714 787.813 774.953 756.809 723.528 694.128 663.474 633.855 604.920
640.486 610.682 594.546 575.019 566.081 557.747 535.428 523.345 517.783 522.199 512.683 496.523 483.102 476.021 470.482 458.999 452.196 456.795 467.877 462.614 460.112 463.405 461.271 458.141 464.478 478.439 486.046 494.443 503.415 506.099 512.171 534.896 546.613 559.633 577.765 597.608 618.203 635.973 647.237 659.987 677.103 692.332 711.521 733.434 759.964 777.550 790.394 800.729 811.223 825.689 843.913 859.532 874.583 885.191 885.489 881.992 861.862 846.013 831.878 823.708 803.611 776.239 748.032 717.981 689.535 667.942
541.743 513.834 494.386 472.919 457.661 434.849 406.513 388.723 394.025 401.833 402.092 388.956 377.088 367.919 355.766 341.469 331.232 339.534 347.974 354.468 357.232 360.596 362.269 360.779 356.827 362.813 370.623 379.634 388.231 398.521 424.452 446.349 460.833 478.887 496.783 517.286 538.867 557.870 571.704 588.178 605.616 624.743 644.166 667.645 695.131 717.236 730.851 743.376 756.023 773.722 795.188 815.651 837.570 856.917 867.927 879.705 887.871 886.202 872.526 860.499 844.417 823.056 793.925 766.945 743.126 723.631
430.879 408.884 387.317 366.352 342.915 315.128 290.661 272.830 280.504 288.148 299.079 287.867 277.181 271.477 257.661 244.397 230.796 238.670 248.127 264.029 267.589 270.581 276.720 275.147 272.484 264.249 272.108 281.046 292.775 317.522 340.119 361.767 380.231 397.940 417.703 439.037 460.580 483.135 499.934 516.586 535.871 554.394 571.644 591.720 616.482 637.707 655.288 673.970 688.221 710.617 737.952 763.617 793.508 814.068 828.649 841.167 853.711 870.856 882.012 882.978 878.882 857.606 836.970 811.506 790.823 772.210
308.587 292.396 271.868 252.563 233.458 209.205 188.017 165.878 170.601 183.413 197.618 191.647 188.149 185.414 174.539 161.388 148.217 151.934 166.671 183.066 189.804 195.931 203.068 202.845 195.977 187.247 192.195 204.911 219.641 239.492 260.304 280.388 298.738 319.067 340.236 361.650 384.778 408.791 426.152 447.196 469.279 487.026 497.902 511.124 533.896 550.751 570.633 590.892 606.407 632.898 664.524 702.039 738.549 771.030 785.698 798.518 809.324 825.520 844.992 862.784 877.387 877.550 874.817 859.215 838.372 818.574
201.380 185.178 168.620 149.507 131.434 113.569 92.818 75.103 80.989 94.649 106.842 109.528 106.889 104.171 96.780 83.475 72.819 81.092 96.364 111.206 120.939 127.370 133.305 130.364 121.960 115.239 122.612 137.247 151.304 167.822 188.029 208.045 228.082 248.970 269.737 292.643 316.179 339.951 363.156 384.518 404.788 414.525 424.534 431.536 446.521 463.022 481.568 502.549 524.109 551.254 589.119 627.506 664.294 699.848 725.721 743.367 758.433 778.140 798.779 816.024 830.499 843.515 855.306 861.740 865.073 859.687
111.592 102.880 89.290 71.114 58.494 42.456 24.784 24.454 28.252 40.420 42.582 43.508 40.771 39.880 35.457 24.331 30.627 38.295 53.050 63.825 73.029 79.137 83.123 82.554 75.501 78.227 85.038 99.144 110.411 124.937 144.940 161.456 179.882 200.671 222.052 244.511 268.289 293.905 316.873 335.217 343.731 353.390 358.676 352.776 365.748 379.193 392.518 413.034 433.644 459.172 496.474 538.685 582.380 618.778 656.605 678.643 700.670 722.511 745.602 766.903 784.066 796.958 799.473 806.237 822.188 842.527
29.988 19.899 9.024 -3.627 -16.814 -28.478 -28.117 -30.154 -30.469 -28.655 -25.529 -22.816 -23.655 -24.652 -23.845 -17.805 -13.569 -8.077 2.275 13.267 23.465 27.368 31.446 34.290 37.494 39.866 43.974 55.006 66.395 79.183 95.520 112.301 130.410 151.751 173.375 196.475 221.863 247.541 267.153 276.206 285.543 288.913 284.069 279.514 286.632 298.212 308.388 327.365 348.272 366.339 407.567 453.958 496.939 532.065 566.726 599.186 625.129 649.146 679.458 705.475 732.147 748.848 755.580 761.448 766.441 780.194
-33.155 -42.982 -53.066 -66.059 -76.165 -77.964 -80.110 -82.030 -83.489 -80.038 -76.342 -72.052 -72.371 -71.947 -69.341 -65.122 -59.392 -50.400 -39.664 -27.937 -13.777 -9.407 -4.963 0.348 2.824 5.786 9.874 20.977 32.373 44.400 60.932 78.077 96.622 118.238 142.992 171.576 197.392 222.814 244.205 252.871 256.986 255.303 249.529 237.367 236.475 247.150 250.397 263.301 283.115 295.247 329.994 373.466 404.006 438.406 474.453 519.664 546.622 577.524 608.324 638.580 668.293 684.380 693.308 703.643 717.887 731.526
-96.063 -106.237 -115.750 -123.733 -126.002 -128.866 -130.646 -131.847 -133.329 -130.911 -126.701 -122.607 -120.653 -118.045 -115.054 -109.070 -100.218 -91.681 -79.905 -65.469 -50.846 -44.836 -39.522 -34.062 -30.269 -26.239 -22.433 -12.300 -0.782 10.349 27.436 45.539 63.975 89.207 118.271 147.495 172.793 197.649 221.797 225.177 226.483 225.868 212.618 197.539 192.010 194.810 195.859 203.644 215.685 227.664 254.851 282.886 312.414 348.010 393.772 438.890 469.598 500.213 530.574 557.876 579.949 599.127 613.943 629.514 647.117 669.742
-151.284 -160.383 -164.362 -166.170 -169.535 -168.939 -167.800 -169.023 -172.410 -172.767 -167.940 -164.108 -161.551 -158.419 -148.365 -138.628 -131.078 -123.975 -111.506 -97.206 -81.904 -72.299 -66.310 -57.316 -50.148 -46.062 -43.388 -34.434 -24.122 -18.944 -2.984 15.305 42.736 73.165 102.949 133.682 159.948 184.918 207.254 207.492 207.604 206.995 191.401 176.009 158.726 161.922 163.564 152.094 164.751 176.712 194.041 221.180 246.259 283.890 328.476 363.093 393.444 423.762 452.218 474.171 494.759 511.363 529.797 545.417 564.209 598.682
