tests/3D/Borden05m_nopit_001/output_maps/psiliqL0023N0027.asc
ncols         160
nrows         34
xllcorner     620200.000000
yllcorner     5168000.000000
cellsize      0.500000
NODATA_value  -9999.0
[rows 0 to 27 of 34, columns 62 to 123 of 160]
-9999.000 -9999.000 -9999.000 -9999.000 -9999.000 -9999.000 -9999.000 -9999.000 -9999.000 -9999.000 -9999.000 -9999.000 -9999.000 -9999.000 -9999.000 -9999.000 -9999.000 -9999.000 -9999.000 -9999.000 -9999.000 -9999.000 -9999.000 -9999.000 -9999.000 -9999.000 -9999.000 -9999.000 -9999.000 -9999.000 -9999.000 -9999.000 -9999.000 -9999.000 -9999.000 -9999.000 -9999.000 -9999.000 -9999.000 -9999.000 -9999.000 -9999.000 -9999.000 -9999.000 -9999.000 -9999.000 -9999.000 -9999.000 -9999.000 -9999.000 -9999.000 -9999.000 -9999.000 -9999.000 -9999.000 -9999.000 -9999.000 -9999.000 -9999.000 -9999.000 -9999.000 -9999.000
2784.108 2775.438 2766.080 2758.025 2753.813 2752.624 2751.712 2751.049 2755.910 2763.861 2771.391 2778.248 2780.581 2782.871 2784.738 2784.959 2783.734 2780.438 2777.049 2773.609 2771.909 2764.357 2753.150 2744.710 2741.991 2746.210 2750.573 2753.042 2758.377 2768.847 2779.507 2788.100 2800.539 2807.317 2812.661 2815.401 2811.466 2808.216 2804.360 2798.521 2787.476 -9999.000 -9999.000 -9999.000 -9999.000 -9999.000 -9999.000 -9999.000 -9999.000 -9999.000 -9999.000 -9999.000 -9999.000 -9999.000 -9999.000 -9999.000 -9999.000 -9999.000 -9999.000 -9999.000 -9999.000 -9999.000
2764.214 2759.739 2751.113 2745.859 2740.287 2737.706 2737.607 2737.415 2741.066 2751.575 2759.303 2763.807 2766.317 2769.011 2767.641 2766.832 2766.503 2763.533 2759.995 2756.552 2754.658 2755.832 2748.200 2742.288 2738.473 2735.794 2738.473 2741.097 2745.418 2754.672 2762.654 2770.701 2785.718 2798.776 2804.432 2801.980 2797.398 2793.692 2786.547 2776.042 2766.032 2757.546 2751.316 2746.031 2739.901 2746.346 2754.038 2763.581 2772.620 2784.715 2796.978 -9999.000 -9999.000 -9999.000 -9999.000 -9999.000 -9999.000 -9999.000 -9999.000 -9999.000 -9999.000 -9999.000
2744.104 2747.265 2743.835 2738.916 2731.616 2741.125 2742.028 2742.673 2745.731 2747.746 2752.277 2754.647 2759.864 2768.720 2771.389 2771.732 2771.690 2769.640 2766.326 2764.315 2761.450 2756.119 2754.414 2754.145 2753.043 2757.292 2758.793 2761.441 2755.707 2759.964 2766.242 2773.226 2779.033 2785.367 2788.316 2785.145 2785.534 2777.332 2763.806 2753.823 2746.278 2746.148 2743.275 2735.512 2722.174 2730.348 2746.457 2751.308 2754.150 2765.430 2777.764 2788.280 2791.330 2791.048 2790.723 2787.862 2774.036 2759.338 2744.279 2725.617 -9999.000 -9999.000
2751.774 2749.802 2746.192 2742.148 2752.806 2761.119 2762.374 2764.710 2768.406 2768.767 2757.541 2755.292 2762.647 2772.302 2777.446 2777.491 2777.053 2773.618 2772.377 2772.024 2770.039 2769.714 2771.366 2769.390 2772.636 2778.093 2781.294 2775.516 2766.995 2768.972 2777.320 2786.280 2793.878 2804.236 2815.239 2815.361 2810.777 2802.374 2789.908 2767.480 2749.745 2739.014 2731.413 2724.356 2726.843 2722.703 2736.099 2738.006 2740.493 2748.109 2758.505 2769.129 2775.318 2774.693 2773.986 2771.523 2761.963 2747.209 2732.372 2714.940 2688.539 2659.729
2751.592 2750.649 2751.426 2760.692 2772.596 2784.219 2786.091 2787.823 2786.541 2778.528 2768.121 2765.072 2778.500 2794.913 2802.688 2802.291 2798.641 2802.463 2802.129 2802.026 2798.238 2799.167 2797.547 2803.887 2811.463 2819.164 2817.693 2805.434 2793.371 2793.031 2797.941 2804.122 2811.470 2821.737 2831.125 2826.455 2821.102 2813.440 2787.508 2764.228 2749.712 2750.325 2751.237 2746.980 2744.960 2743.775 2739.255 2739.518 2738.861 2738.677 2750.967 2764.125 2767.709 2761.143 2757.197 2754.955 2746.961 2735.553 2719.831 2702.799 2683.232 2655.122
2782.983 2783.697 2789.713 2800.305 2813.718 2835.524 2835.420 2836.208 2835.609 2822.975 2809.887 2799.556 2820.468 2831.145 2838.470 2836.722 2842.749 2851.517 2847.623 2840.874 2829.179 2834.843 2842.432 2857.433 2865.002 2869.894 2866.100 2852.917 2846.450 2847.334 2852.864 2853.301 2861.084 2870.301 2885.389 2884.475 2880.157 2860.072 2823.568 2793.589 2779.637 2790.056 2784.502 2778.376 2777.774 2766.402 2758.680 2760.925 2752.773 2747.985 2760.509 2767.379 2768.886 2761.345 2766.530 2759.640 2739.316 2722.630 2707.945 2693.612 2676.783 2670.577
2796.967 2801.583 2811.346 2828.763 2847.405 2867.781 2868.331 2863.740 2873.114 2866.127 2855.556 2847.787 2866.627 2877.009 2887.402 2893.890 2906.370 2916.906 2901.954 2886.053 2876.828 2883.325 2907.372 2928.416 2933.201 2932.748 2932.966 2919.211 2914.022 2909.917 2909.050 2905.786 2903.526 2927.263 2947.747 2947.440 2925.893 2903.327 2865.090 2827.939 2802.359 2812.650 2809.930 2812.670 2801.913 2789.799 2780.918 2777.180 2770.417 2760.132 2768.634 2773.504 2782.001 2789.616 2793.421 2776.942 2759.447 2740.291 2722.435 2708.354 2702.193 2696.100
2861.514 2874.436 2881.872 2899.151 2917.422 2944.116 2957.948 2970.642 2974.432 2966.932 2958.220 2945.902 2949.352 2971.460 2983.002 2991.714 3000.510 3012.963 3014.453 3008.511 3006.940 3010.958 3022.836 3035.899 3042.554 3046.108 3049.388 3038.452 3026.264 3023.293 3017.165 3014.757 3013.699 3023.224 3041.709 3039.028 3005.366 2978.986 2945.238 2907.823 2878.675 2870.522 2887.039 2883.387 2867.312 2855.340 2827.940 2820.746 2810.372 2786.348 2785.833 2790.549 2801.115 2815.108 2802.133 2785.881 2768.528 2748.902 2731.640 2724.603 2723.020 2719.983
2978.861 2986.611 2989.805 2996.187 3028.140 3061.703 3087.252 3109.976 3117.228 3105.270 3095.432 3082.237 3073.244 3082.588 3099.032 3116.310 3131.265 3142.470 3144.861 3143.350 3143.434 3146.243 3149.189 3153.144 3161.019 3168.517 3177.440 3186.117 3176.776 3159.945 3150.080 3140.120 3138.506 3139.393 3142.156 3143.181 3128.802 3089.639 3059.234 3027.702 3006.610 2992.230 2989.507 2971.635 2948.373 2898.998 2861.786 2830.431 2810.535 2787.828 2794.247 2813.753 2854.565 2856.747 2845.001 2829.772 2806.409 2783.540 2762.713 2758.716 2757.116 2752.785
3103.836 3107.742 3110.449 3113.861 3139.398 3179.687 3218.200 3248.805 3249.362 3236.456 3225.263 3215.835 3202.230 3198.371 3209.891 3224.306 3243.610 3254.190 3260.997 3258.239 3258.489 3259.980 3262.231 3264.275 3267.529 3276.590 3290.949 3304.746 3304.301 3286.596 3268.922 3252.723 3249.364 3246.290 3241.323 3243.360 3245.179 3231.367 3201.749 3163.214 3122.891 3104.595 3088.675 3077.804 3061.605 3024.913 2962.380 2925.626 2889.207 2861.334 2858.909 2921.865 2937.627 2927.090 2915.786 2894.014 2866.522 2843.336 2821.151 2818.096 2814.266 2806.996
3221.060 3227.931 3231.193 3237.569 3253.917 3284.116 3318.002 3346.871 3362.487 3355.425 3338.524 3317.311 3308.402 3305.795 3309.061 3317.958 3329.822 3348.485 3367.149 3372.825 3373.672 3371.036 3373.375 3374.838 3374.933 3377.476 3385.233 3394.551 3397.765 3390.590 3370.578 3347.834 3335.968 3329.132 3325.587 3326.089 3330.583 3333.222 3319.212 3285.224 3242.433 3212.190 3196.039 3182.976 3169.390 3157.615 3127.927 3108.016 3073.318 3026.732 2997.755 3029.138 3021.302 3010.975 2988.088 2957.278 2926.695 2896.400 2870.823 2861.496 2857.893 2856.267
3334.226 3338.860 3346.521 3361.532 3383.887 3401.858 3423.284 3448.761 3464.248 3469.531 3468.208 3464.656 3465.956 3466.271 3409.878 3415.565 3421.224 3436.576 3450.673 3455.724 3456.296 3454.009 3455.703 3456.388 3456.321 3455.951 3457.858 3462.412 3464.149 3461.988 3450.429 3466.015 3446.580 3433.438 3425.397 3417.295 3409.051 3399.682 3389.952 3370.773 3340.888 3307.044 3284.803 3276.480 3270.524 3262.632 3257.217 3240.826 3218.655 3184.759 3145.688 3122.290 3119.040 3103.076 3070.188 3041.502 3020.361 2985.022 2954.706 2937.328 2934.875 2925.395
3445.440 3450.040 3463.576 3479.537 3465.396 3472.881 3480.627 3488.323 3490.965 3491.722 3491.372 3489.016 3488.318 3486.037 3482.374 3472.103 3473.690 3475.557 3478.151 3481.840 3480.695 3481.768 3484.709 3482.995 3477.060 3473.075 3471.499 3472.396 3479.756 3483.167 3484.085 3481.121 3480.225 3479.314 3476.234 3472.391 3466.978 3460.055 3472.869 3461.226 3434.175 3395.426 3355.616 3347.043 3347.909 3348.019 3346.367 3340.814 3323.255 3296.082 3259.079 3220.896 3212.665 3198.817 3181.320 3166.094 3147.877 3108.822 3072.503 3049.161 3037.390 3013.917
3488.735 3491.443 3494.207 3491.161 3488.089 3483.259 3481.762 3480.434 3478.019 3478.658 3476.774 3472.759 3468.835 3461.172 3449.794 3438.622 3435.252 3439.604 3445.111 3450.111 3454.332 3457.976 3458.169 3452.842 3444.545 3437.105 3435.405 3442.188 3447.878 3454.158 3454.986 3453.590 3451.180 3451.003 3447.867 3448.107 3455.031 3469.447 3472.654 3477.936 3477.138 3462.093 3434.879 3443.142 3423.362 3428.954 3424.389 3413.090 3391.973 3367.934 3337.138 3306.966 3287.346 3279.875 3274.174 3267.299 3253.957 3215.763 3181.540 3152.352 3131.725 3106.261
3473.543 3480.552 3481.671 3474.682 3466.221 3459.109 3451.866 3449.607 3448.961 3448.672 3449.133 3443.888 3434.903 3418.276 3406.772 3395.737 3389.817 3386.377 3390.095 3401.064 3412.756 3417.711 3408.889 3400.638 3389.068 3381.032 3381.443 3382.677 3392.051 3408.323 3415.305 3416.048 3409.798 3403.631 3397.078 3394.145 3400.557 3415.663 3432.020 3447.155 3456.017 3463.562 3470.461 3469.699 3472.090 3473.359 3471.336 3473.521 3456.175 3432.793 3404.868 3379.738 3353.796 3349.501 3349.142 3345.469 3343.266 3311.238 3275.205 3241.276 3214.346 3187.886
3446.490 3448.643 3444.751 3438.411 3428.506 3417.640 3408.070 3400.810 3401.855 3404.228 3405.819 3398.784 3383.730 3366.164 3352.827 3339.077 3335.207 3329.555 3322.545 3332.727 3351.950 3359.110 3343.529 3332.869 3317.907 3311.222 3307.389 3308.277 3317.229 3339.165 3362.333 3364.210 3353.439 3342.747 3337.933 3334.727 3339.509 3356.246 3376.658 3392.302 3402.398 3407.626 3415.306 3424.551 3438.290 3452.621 3464.536 3469.688 3477.437 3473.437 3461.622 3453.383 3429.793 3415.599 3407.565 3403.237 3396.113 3372.712 3343.731 3316.356 3289.866 3266.513
3410.470 3406.877 3400.944 3394.089 3374.728 3362.575 3350.068 3335.611 3331.998 3327.705 3329.044 3317.795 3309.608 3292.996 3277.831 3262.396 3249.693 3244.054 3237.585 3236.918 3250.696 3259.214 3249.130 3239.388 3228.428 3223.661 3220.312 3222.662 3233.007 3252.869 3271.120 3279.174 3271.637 3269.567 3269.026 3267.342 3273.309 3284.428 3302.358 3324.150 3342.281 3351.795 3358.558 3367.663 3381.811 3395.605 3409.577 3427.087 3449.274 3464.887 3474.558 3475.440 3474.295 3466.991 3468.501 3457.873 3445.661 3425.992 3401.131 3374.045 3347.899 3330.467
3369.399 3363.511 3358.006 3336.842 3283.648 3263.440 3245.058 3229.358 3223.132 3215.191 3200.696 3192.225 3187.629 3188.542 3174.571 3157.338 3140.113 3135.322 3131.796 3115.896 3112.830 3113.807 3128.120 3121.901 3119.945 3121.207 3118.787 3120.328 3133.127 3141.376 3147.430 3153.923 3157.545 3167.237 3174.690 3183.581 3200.097 3210.961 3226.187 3246.211 3271.026 3285.694 3294.805 3304.896 3319.826 3335.656 3352.912 3374.848 3400.192 3416.152 3427.004 3438.595 3451.659 3466.316 3472.137 3480.006 3478.257 3474.021 3450.490 3421.930 3401.198 3383.552
3306.047 3304.027 3294.439 3242.277 3201.806 3168.753 3151.943 3129.114 3116.422 3101.343 3065.316 3048.807 3047.870 3061.520 3057.400 3042.160 3030.228 3021.253 3012.498 2995.687 2978.550 2984.467 3002.005 3002.189 3004.810 3012.100 3011.370 3005.091 3003.473 3015.656 3021.287 3031.984 3048.370 3052.824 3067.724 3099.779 3112.201 3126.663 3144.678 3164.664 3186.204 3207.787 3221.140 3235.662 3253.585 3269.722 3289.529 3311.662 3340.435 3361.034 3374.968 3385.457 3395.922 3410.945 3431.257 3449.992 3467.864 3477.601 3478.685 3467.037 3449.027 3429.800
3205.957 3200.179 3173.230 3122.586 3087.008 3063.403 3042.305 3019.898 2997.624 2962.516 2928.990 2908.033 2922.748 2933.810 2944.232 2932.851 2922.171 2912.836 2895.713 2879.343 2863.792 2874.530 2883.180 2900.650 2907.034 2910.878 2916.217 2914.699 2904.659 2900.749 2908.576 2918.098 2929.393 2949.242 2983.173 3007.147 3024.457 3044.128 3062.200 3082.915 3105.145 3126.878 3142.922 3160.462 3178.285 3198.379 3217.030 3239.435 3267.065 3292.238 3307.646 3322.220 3335.324 3354.165 3377.430 3399.857 3424.558 3445.877 3459.085 3471.849 3476.421 3471.204
3089.057 3069.299 3024.396 2983.610 2961.835 2948.312 2925.925 2905.562 2877.855 2845.275 2823.841 2804.117 2814.590 2824.958 2844.285 2835.572 2828.604 2825.563 2810.644 2797.558 2781.589 2788.147 2800.027 2822.622 2828.330 2832.313 2841.282 2840.358 2835.816 2819.172 2825.791 2836.059 2850.021 2879.900 2902.022 2923.836 2944.582 2963.114 2983.730 3005.160 3027.261 3052.411 3070.883 3088.856 3109.365 3127.756 3141.833 3157.914 3181.360 3202.025 3222.342 3243.924 3258.360 3282.362 3312.291 3342.105 3375.849 3399.826 3415.018 3427.242 3439.088 3458.399
2943.514 2894.492 2860.968 2839.847 2837.765 2825.967 2807.074 2789.035 2770.649 2749.343 2731.069 2707.041 2712.953 2728.934 2746.106 2747.009 2747.841 2746.582 2737.421 2724.243 2710.830 2714.655 2731.535 2749.358 2759.043 2766.551 2774.151 2773.751 2764.304 2754.147 2758.586 2773.221 2788.670 2805.888 2825.836 2845.769 2865.090 2886.432 2907.968 2929.738 2953.389 2978.806 2998.624 3020.946 3044.033 3059.787 3067.901 3075.481 3094.493 3109.834 3130.646 3152.507 3169.803 3196.463 3230.371 3271.257 3310.681 3349.848 3367.443 3380.711 3390.840 3406.338
2825.107 2793.504 2766.062 2759.267 2744.983 2732.677 2719.266 2700.336 2684.927 2670.877 2650.620 2640.551 2648.317 2662.310 2671.341 2678.128 2676.390 2674.410 2668.929 2655.327 2650.636 2660.543 2675.748 2689.528 2700.848 2707.608 2712.678 2709.468 2700.148 2696.514 2704.240 2719.162 2732.135 2746.366 2766.030 2785.023 2805.267 2826.337 2846.972 2869.953 2893.627 2918.093 2943.454 2964.457 2982.012 2989.657 2997.922 2997.269 3007.455 3022.232 3038.256 3059.435 3082.554 3107.565 3146.116 3186.418 3225.868 3265.214 3299.654 3319.389 3336.076 3355.613
2759.648 2731.297 2703.847 2679.746 2668.459 2663.382 2651.874 2636.117 2625.977 2611.482 2601.581 2607.749 2609.843 2618.790 2617.765 2619.128 2617.063 2616.780 2614.644 2608.253 2619.665 2626.334 2639.823 2649.849 2659.414 2665.090 2668.518 2669.269 2664.520 2669.734 2675.451 2688.616 2699.130 2711.930 2730.883 2746.615 2764.205 2784.847 2806.153 2828.288 2852.163 2878.292 2901.132 2917.414 2922.890 2930.623 2931.034 2919.075 2928.724 2939.786 2949.108 2968.569 2988.170 3008.216 3045.153 3089.539 3137.137 3174.554 3218.915 3245.999 3270.502 3292.266
2678.054 2649.834 2623.016 2603.504 2599.372 2589.382 2579.937 2569.244 2556.750 2550.299 2556.618 2554.874 2552.938 2551.689 2554.852 2558.612 2558.506 2557.871 2560.820 2571.277 2575.763 2581.187 2590.194 2601.352 2612.915 2616.467 2620.606 2624.871 2630.207 2632.765 2636.008 2646.042 2657.276 2669.052 2684.253 2700.944 2718.579 2739.730 2761.852 2785.605 2810.991 2837.330 2857.858 2865.179 2873.442 2873.871 2865.472 2858.054 2860.180 2870.443 2875.993 2891.469 2911.916 2921.192 2958.099 3005.592 3046.213 3081.800 3116.694 3158.674 3186.133 3211.574
2616.365 2588.475 2568.023 2554.163 2544.402 2534.535 2524.678 2512.906 2506.474 2507.915 2505.801 2504.119 2502.164 2505.521 2509.469 2514.231 2514.716 2516.022 2519.184 2523.684 2530.334 2539.803 2550.573 2562.836 2578.337 2583.296 2587.935 2593.832 2596.554 2599.773 2603.516 2614.070 2625.423 2636.811 2653.026 2670.187 2688.246 2709.850 2734.913 2764.156 2790.299 2816.224 2839.664 2848.279 2851.176 2848.573 2840.731 2825.662 2821.731 2829.747 2829.448 2837.838 2854.684 2861.281 2885.681 2923.870 2950.050 2983.863 3022.441 3075.208 3104.505 3136.341
2549.199 2530.108 2515.525 2497.449 2484.549 2474.387 2466.427 2461.839 2461.749 2459.654 2458.609 2457.639 2455.726 2457.314 2461.806 2465.909 2468.627 2471.772 2476.232 2483.122 2492.285 2500.386 2512.198 2526.977 2542.406 2549.618 2555.172 2561.243 2565.721 2569.911 2573.320 2582.765 2594.075 2603.776 2620.296 2638.457 2657.451 2682.425 2711.513 2741.489 2767.310 2792.296 2818.535 2821.778 2822.433 2821.602 2806.007 2790.576 2782.080 2782.771 2782.989 2783.654 2792.776 2802.150 2819.812 2840.675 2866.539 2900.864 2948.229 2993.457 3027.149 3056.519
