tests/3D/Borden05m_nopit_001/output_maps/psiliqL0014N0008.asc
ncols         160
nrows         34
xllcorner     620200.000000
yllcorner     5168000.000000
cellsize      0.500000
NODATA_value  -9999.0
[rows 0 to 27 of 34, columns 63 to 125 of 160]
-9999.000 -9999.000 -9999.000 -9999.000 -9999.000 -9999.000 -9999.000 -9999.000 -9999.000 -9999.000 -9999.000 -9999.000 -9999.000 -9999.000 -9999.000 -9999.000 -9999.000 -9999.000 -9999.000 -9999.000 -9999.000 -9999.000 -9999.000 -9999.000 -9999.000 -9999.000 -9999.000 -9999.000 -9999.000 -9999.000 -9999.000 -9999.000 -9999.000 -9999.000 -9999.000 -9999.000 -9999.000 -9999.000 -9999.000 -9999.000 -9999.000 -9999.000 -9999.000 -9999.000 -9999.000 -9999.000 -9999.000 -9999.000 -9999.000 -9999.000 -9999.000 -9999.000 -9999.000 -9999.000 -9999.000 -9999.000 -9999.000 -9999.000 -9999.000 -9999.000 -9999.000 -9999.000 -9999.000
976.719 967.311 958.762 954.571 953.430 952.432 951.824 956.849 964.678 972.155 979.145 981.418 983.718 985.801 986.153 984.829 981.512 978.142 974.683 973.101 965.034 953.647 944.857 942.090 946.481 950.946 953.466 959.306 970.070 980.936 989.579 1001.641 1007.699 1013.020 1016.187 1012.361 1009.116 1005.560 1000.596 989.693 -9999.000 -9999.000 -9999.000 -9999.000 -9999.000 -9999.000 -9999.000 -9999.000 -9999.000 -9999.000 -9999.000 -9999.000 -9999.000 -9999.000 -9999.000 -9999.000 -9999.000 -9999.000 -9999.000 -9999.000 -9999.000 -9999.000 -9999.000
960.713 951.837 946.342 940.683 938.511 938.324 938.153 942.022 952.031 959.813 964.398 966.762 969.231 968.698 968.020 967.589 964.605 961.090 957.630 955.762 956.200 948.551 942.977 939.481 937.698 940.233 942.676 946.215 955.756 963.992 972.262 986.777 999.426 1004.912 1002.660 997.996 994.517 988.085 978.259 968.155 958.554 951.868 946.699 941.325 947.732 954.780 964.929 974.821 986.996 999.259 -9999.000 -9999.000 -9999.000 -9999.000 -9999.000 -9999.000 -9999.000 -9999.000 -9999.000 -9999.000 -9999.000 -9999.000 -9999.000
947.944 944.149 939.181 933.647 941.911 942.847 943.660 946.675 949.442 952.503 955.034 960.199 968.994 971.527 971.874 971.843 969.857 966.608 964.686 961.834 956.538 955.284 955.414 954.990 959.824 961.312 963.174 956.685 960.415 966.745 973.739 980.368 987.214 991.344 988.401 988.012 980.035 966.664 956.062 948.041 946.617 943.785 936.307 923.924 931.496 947.426 952.345 955.888 967.715 980.125 990.512 992.968 992.755 992.520 989.948 976.235 961.670 946.919 928.389 -9999.000 -9999.000 -9999.000 -9999.000
949.869 946.405 943.770 955.586 964.384 965.681 968.160 971.488 970.725 958.704 956.109 964.065 974.078 979.551 979.521 979.194 976.818 975.622 975.095 972.787 973.283 975.460 975.074 979.413 984.945 987.855 980.355 971.443 972.543 980.510 988.908 996.461 1007.319 1018.909 1018.382 1013.357 1004.986 992.154 969.470 950.728 940.421 933.741 927.049 927.764 925.073 936.953 939.014 941.232 949.643 960.141 970.574 976.641 976.242 975.796 973.512 964.161 949.570 934.938 918.204 892.669 864.306 838.214 836.787
953.005 955.213 966.665 979.477 992.918 994.935 996.881 995.989 986.776 976.338 972.418 986.728 1002.565 1010.440 1010.670 1009.399 1015.711 1014.202 1012.428 1007.477 1009.219 1010.198 1019.526 1026.930 1033.926 1032.146 1020.253 1008.957 1007.719 1010.875 1014.631 1021.190 1031.719 1041.799 1037.308 1031.037 1022.102 994.753 969.033 953.385 954.444 955.429 951.319 948.942 946.533 940.398 940.521 940.178 940.031 952.329 965.075 968.733 962.632 959.056 956.964 948.666 937.718 922.469 905.701 886.806 858.799 852.412 843.761
992.115 999.193 1011.040 1027.103 1049.830 1051.548 1053.816 1055.751 1044.165 1031.626 1020.352 1038.008 1047.850 1055.971 1057.019 1066.118 1075.520 1070.796 1062.748 1052.248 1058.242 1069.374 1084.093 1090.667 1094.444 1093.028 1081.945 1076.330 1075.209 1077.843 1075.910 1080.965 1091.462 1106.935 1107.059 1099.374 1078.271 1042.807 1010.296 991.785 998.892 993.254 987.590 985.130 972.412 962.732 963.752 955.046 949.612 961.666 968.217 970.088 963.483 968.994 961.730 942.928 925.992 910.875 896.608 881.062 874.272 865.123 857.307
1026.023 1035.021 1052.663 1073.844 1096.080 1102.629 1104.289 1113.127 1106.274 1096.618 1088.193 1099.458 1110.890 1121.982 1130.953 1143.121 1154.122 1143.939 1131.566 1125.949 1130.960 1150.504 1167.568 1172.366 1173.385 1175.975 1166.836 1160.549 1154.298 1149.735 1144.482 1140.960 1159.847 1177.064 1176.323 1154.469 1132.092 1097.554 1061.817 1032.097 1034.015 1032.859 1033.617 1020.552 1006.908 992.538 984.804 977.076 964.252 970.662 976.264 986.217 995.325 996.743 980.421 963.113 943.967 925.638 911.501 906.309 900.919 891.185 884.615
1119.312 1125.193 1139.257 1161.361 1191.006 1210.266 1227.585 1231.049 1222.323 1213.170 1199.975 1198.084 1214.910 1226.271 1236.233 1246.320 1258.286 1263.201 1260.233 1259.514 1262.522 1269.620 1278.518 1284.934 1290.005 1295.306 1291.233 1281.173 1275.291 1267.107 1261.120 1259.165 1262.785 1274.977 1273.777 1248.557 1223.356 1193.278 1158.521 1129.678 1115.208 1123.930 1115.496 1099.516 1082.751 1050.694 1036.998 1023.349 996.179 993.499 1002.024 1014.982 1025.504 1010.981 994.772 976.712 956.578 937.694 931.005 929.678 926.730 920.706 918.098
1231.538 1235.124 1241.539 1272.343 1305.388 1332.753 1355.490 1363.086 1352.265 1342.295 1330.139 1320.598 1324.779 1338.740 1354.861 1369.951 1380.803 1384.172 1382.891 1383.071 1384.962 1387.755 1390.614 1396.624 1403.668 1413.408 1424.103 1418.165 1401.818 1390.096 1377.191 1372.990 1372.267 1371.599 1372.408 1365.289 1334.940 1308.242 1278.452 1252.619 1234.514 1223.934 1206.899 1186.777 1143.391 1106.253 1074.440 1050.420 1024.964 1025.247 1048.672 1081.478 1077.496 1066.058 1049.662 1025.599 1001.768 978.419 972.603 970.217 965.210 958.864 953.567
1349.822 1353.733 1359.445 1380.960 1416.934 1452.508 1480.946 1483.800 1473.719 1463.063 1452.656 1441.652 1438.084 1445.902 1456.948 1472.904 1483.932 1493.081 1492.142 1492.490 1492.936 1494.871 1496.579 1498.528 1505.552 1517.398 1528.732 1529.702 1516.288 1499.650 1482.915 1476.611 1471.452 1466.352 1467.316 1468.894 1461.995 1438.071 1403.985 1364.015 1340.616 1322.146 1311.354 1297.559 1273.360 1224.077 1195.788 1163.533 1132.823 1117.459 1162.289 1165.415 1155.031 1141.141 1117.924 1091.752 1067.197 1042.652 1035.482 1030.743 1023.276 1017.324 1009.308
1462.418 1467.542 1476.421 1492.006 1515.210 1543.294 1569.060 1585.335 1580.930 1567.882 1550.330 1544.724 1543.244 1545.233 1551.835 1559.996 1575.427 1591.210 1596.495 1597.208 1594.760 1596.775 1597.858 1597.879 1599.011 1603.950 1611.126 1613.742 1608.878 1592.903 1573.074 1559.522 1551.560 1547.600 1546.336 1548.476 1549.046 1538.066 1510.305 1473.889 1442.921 1423.491 1409.662 1397.926 1388.703 1370.458 1354.521 1325.949 1284.994 1252.957 1260.049 1251.566 1240.799 1217.602 1189.206 1163.376 1132.545 1104.135 1088.990 1083.407 1078.840 1072.299 1061.620
1564.922 1573.823 1588.575 1607.114 1620.774 1637.357 1658.297 1670.642 1676.021 1676.087 1674.599 1676.307 1676.464 1647.594 1650.811 1653.970 1661.854 1670.363 1673.177 1673.471 1672.298 1673.407 1673.760 1673.873 1673.529 1673.688 1676.029 1676.923 1675.817 1668.863 1673.192 1656.357 1644.666 1637.424 1630.021 1621.922 1612.921 1603.969 1588.503 1562.811 1531.298 1506.402 1496.745 1491.593 1486.219 1482.196 1468.555 1449.020 1420.285 1384.336 1354.215 1346.873 1331.735 1304.324 1281.565 1264.950 1231.527 1199.674 1178.071 1171.165 1156.725 1140.710 1126.528
1659.897 1671.737 1684.793 1678.680 1682.523 1686.501 1690.453 1691.810 1692.199 1692.020 1689.822 1689.464 1687.787 1683.323 1673.885 1675.381 1676.905 1679.390 1682.891 1681.588 1682.510 1685.403 1683.906 1678.457 1674.890 1673.333 1673.820 1680.886 1683.998 1684.784 1683.616 1682.942 1682.479 1680.904 1678.937 1676.165 1672.619 1676.918 1667.209 1644.549 1612.362 1578.572 1566.539 1563.929 1565.233 1563.446 1558.504 1541.669 1516.480 1482.603 1446.828 1433.758 1421.446 1409.150 1397.867 1383.068 1347.413 1311.876 1285.871 1269.881 1245.299 1225.725 1207.850
1693.933 1695.109 1691.911 1688.562 1683.970 1682.764 1681.537 1679.222 1679.901 1678.029 1674.220 1670.790 1664.408 1653.837 1642.686 1640.143 1644.699 1649.717 1654.051 1657.290 1660.592 1661.592 1656.903 1649.199 1642.257 1640.403 1646.793 1652.267 1657.514 1658.176 1656.821 1654.824 1655.021 1652.561 1653.032 1659.393 1672.438 1677.841 1680.566 1680.169 1672.458 1658.500 1653.052 1634.294 1638.429 1634.407 1623.797 1604.105 1581.874 1554.061 1526.931 1504.978 1497.635 1493.028 1487.251 1477.530 1444.099 1411.572 1381.604 1358.795 1333.815 1310.965 1289.954
1682.050 1683.389 1676.642 1668.659 1662.020 1655.532 1653.618 1652.586 1652.111 1652.368 1647.306 1639.690 1624.692 1613.472 1602.542 1596.696 1594.730 1599.559 1609.332 1618.942 1623.526 1616.744 1609.405 1598.921 1591.055 1591.332 1593.442 1602.277 1616.109 1620.739 1621.334 1616.125 1611.451 1605.475 1603.266 1609.744 1624.151 1638.896 1652.138 1659.977 1667.000 1673.236 1676.352 1677.601 1678.277 1677.264 1676.468 1661.633 1641.483 1618.258 1595.401 1570.544 1564.691 1563.135 1559.480 1557.566 1530.002 1496.648 1464.342 1437.193 1411.665 1388.578 1366.697
1652.505 1649.412 1643.144 1633.510 1623.187 1614.030 1608.157 1609.214 1611.576 1612.782 1606.708 1592.829 1576.166 1563.314 1549.935 1546.240 1541.538 1537.214 1547.654 1564.711 1570.929 1557.485 1547.765 1533.788 1526.669 1523.560 1524.953 1534.077 1553.678 1572.925 1574.005 1564.135 1554.384 1549.364 1546.393 1552.107 1569.186 1588.188 1602.223 1611.192 1616.296 1623.887 1632.907 1644.810 1657.575 1668.221 1675.995 1680.182 1678.163 1672.134 1660.413 1640.423 1627.502 1618.633 1613.722 1606.079 1585.352 1558.993 1533.304 1507.491 1485.714 1467.102 1442.300
1612.527 1607.102 1600.726 1586.536 1575.241 1564.090 1551.203 1548.433 1545.932 1548.075 1537.579 1528.233 1510.708 1495.983 1481.009 1470.754 1465.300 1459.644 1463.248 1478.326 1487.211 1474.581 1464.549 1452.190 1446.329 1443.035 1444.881 1454.901 1476.244 1494.358 1501.008 1492.804 1487.660 1485.025 1483.176 1488.083 1501.027 1519.412 1539.231 1554.448 1562.936 1569.775 1579.006 1592.595 1605.707 1618.836 1635.098 1654.484 1668.478 1677.327 1680.551 1680.007 1676.302 1673.437 1664.035 1653.343 1636.387 1613.652 1587.838 1562.514 1545.634 1529.054 1511.885
1570.258 1564.868 1549.704 1503.902 1486.816 1470.099 1455.980 1451.256 1444.804 1436.772 1428.584 1423.033 1418.077 1403.587 1386.939 1371.250 1366.552 1362.811 1353.041 1356.614 1359.452 1365.154 1358.099 1352.976 1351.354 1348.785 1351.530 1364.692 1375.558 1384.537 1390.163 1388.885 1395.235 1400.549 1404.188 1418.779 1430.464 1446.278 1466.027 1488.331 1500.541 1508.937 1518.743 1533.206 1548.684 1565.024 1586.206 1609.648 1624.484 1634.700 1645.842 1657.782 1671.091 1679.011 1684.525 1683.674 1679.001 1658.620 1633.912 1613.942 1596.814 1582.695 1569.025
1517.796 1510.367 1468.919 1428.585 1397.781 1381.438 1360.895 1350.802 1340.393 1313.856 1300.411 1296.272 1303.530 1295.674 1279.797 1266.835 1259.171 1252.643 1239.521 1229.539 1234.544 1247.613 1244.027 1243.102 1247.626 1245.925 1241.828 1245.719 1259.134 1266.136 1275.243 1286.499 1289.732 1298.524 1324.124 1336.063 1349.533 1367.636 1387.531 1408.425 1427.379 1439.296 1452.604 1469.983 1485.508 1504.905 1526.906 1554.149 1572.687 1585.894 1596.308 1606.828 1621.504 1640.413 1657.038 1673.008 1683.401 1683.995 1678.044 1658.618 1641.778 1627.664 1619.106
1425.973 1407.134 1362.261 1324.902 1298.317 1278.362 1256.605 1239.188 1212.593 1182.660 1163.896 1172.095 1180.904 1184.290 1171.694 1160.192 1150.972 1137.291 1122.356 1110.484 1119.536 1128.042 1137.914 1141.792 1145.305 1148.108 1146.610 1140.786 1143.730 1151.547 1160.718 1170.148 1183.382 1211.779 1234.320 1249.679 1268.237 1286.194 1306.770 1328.559 1348.413 1362.938 1379.753 1397.324 1416.765 1435.969 1459.138 1486.691 1509.766 1523.961 1537.148 1549.969 1568.059 1590.122 1611.238 1634.066 1654.078 1665.825 1677.969 1685.092 1682.392 1669.869 1657.298
1314.324 1278.938 1239.406 1209.635 1190.247 1168.427 1147.648 1122.897 1093.635 1070.102 1051.689 1060.224 1068.706 1082.221 1071.778 1062.236 1057.352 1043.196 1029.988 1015.659 1023.128 1033.331 1051.293 1055.516 1058.813 1065.824 1064.452 1061.213 1050.393 1057.872 1067.222 1079.641 1105.971 1128.425 1150.129 1169.301 1187.269 1207.302 1228.673 1250.396 1273.761 1291.086 1308.158 1327.834 1346.333 1362.626 1381.493 1405.874 1426.952 1445.403 1465.008 1479.350 1502.279 1530.455 1557.445 1588.574 1610.244 1625.076 1637.570 1649.968 1667.850 1678.454 1680.475
1158.999 1128.182 1098.743 1086.796 1071.957 1051.931 1033.017 1014.132 990.786 970.496 947.775 952.864 966.651 981.769 977.913 975.748 973.467 963.121 949.962 936.716 940.467 955.864 972.699 980.345 986.897 994.179 993.903 986.243 977.076 981.869 995.178 1010.133 1029.177 1049.727 1069.770 1088.423 1109.070 1130.359 1151.891 1175.189 1199.644 1217.773 1239.224 1261.630 1278.781 1288.826 1300.333 1321.971 1338.387 1358.584 1379.367 1395.464 1422.045 1454.415 1493.013 1530.471 1565.065 1580.693 1593.715 1604.381 1620.434 1640.259 1658.936
1041.280 1013.314 1000.051 984.028 969.024 953.434 934.378 917.125 900.433 879.834 864.472 870.937 884.700 895.920 899.868 897.506 895.016 888.213 874.817 865.997 874.772 890.025 904.541 914.763 921.296 926.966 923.944 915.260 909.490 916.974 931.700 945.427 961.245 981.289 1000.995 1021.101 1042.051 1062.784 1085.721 1109.309 1133.305 1157.185 1178.450 1197.899 1207.010 1216.501 1221.169 1234.701 1250.697 1268.497 1289.570 1311.644 1338.171 1376.288 1415.309 1452.964 1489.737 1518.301 1536.646 1552.272 1571.991 1592.710 1610.131
964.239 936.264 912.800 898.320 890.727 877.778 860.346 848.489 832.926 817.645 819.314 822.589 833.765 834.947 836.008 833.478 832.774 829.056 819.387 827.257 834.618 848.985 859.530 868.845 874.822 878.637 878.476 872.134 875.627 882.103 895.923 906.961 920.959 940.643 956.923 975.097 995.847 1017.212 1039.578 1063.396 1089.180 1112.121 1129.843 1137.438 1146.521 1150.326 1142.583 1154.556 1167.294 1179.416 1199.640 1219.974 1243.853 1281.084 1324.009 1368.951 1405.712 1445.600 1469.241 1492.081 1513.949 1537.610 1559.443
877.304 849.653 827.617 820.568 810.509 800.074 788.026 775.052 764.992 767.186 765.240 764.426 765.298 768.436 771.471 770.858 769.973 771.439 778.838 783.151 788.623 798.562 809.606 820.225 824.021 828.119 831.401 835.263 837.694 841.538 852.266 863.610 876.090 892.081 908.839 926.807 948.096 969.881 993.190 1018.586 1044.478 1064.383 1072.917 1081.939 1084.421 1078.502 1073.087 1078.693 1089.894 1098.675 1116.607 1137.407 1152.807 1192.747 1239.521 1281.823 1317.138 1351.920 1387.356 1413.810 1438.303 1469.104 1495.839
809.523 785.939 769.676 759.940 750.100 740.087 727.469 718.494 717.692 715.555 713.709 712.098 715.519 719.293 723.729 723.657 724.353 727.130 731.436 737.450 746.589 757.336 769.229 783.802 788.355 792.860 798.352 800.906 803.949 807.933 818.869 830.255 842.089 858.527 875.682 894.082 915.701 940.557 969.352 995.277 1020.865 1042.898 1051.562 1055.317 1053.368 1046.977 1033.942 1032.138 1042.021 1044.206 1055.752 1074.687 1085.153 1116.758 1158.648 1187.893 1222.161 1259.035 1306.618 1334.336 1365.559 1396.130 1426.372
745.759 728.969 710.385 697.972 687.801 678.766 671.828 670.230 667.602 666.049 664.918 663.304 665.467 669.764 673.861 676.050 678.823 682.267 688.530 697.478 705.881 717.669 732.212 747.083 753.464 758.853 764.503 768.508 772.589 776.275 786.199 797.656 808.350 825.267 843.392 862.005 887.164 916.242 945.705 971.174 996.080 1020.884 1024.235 1025.356 1024.691 1010.739 995.573 989.154 991.331 992.153 997.779 1008.955 1020.170 1044.465 1070.336 1098.783 1134.036 1180.341 1225.540 1257.208 1287.471 1317.282 1343.554
