tests/3D/Borden05m_nopit_001/output_maps/psiliqL0018N0004.asc
ncols         160
nrows         34
xllcorner     620200.000000
yllcorner     5168000.000000
cellsize      0.500000
NODATA_value  -9999.0
[rows 0 to 27 of 34, columns 0 to 61 of 160]
-9999.000 -9999.000 -9999.000 -9999.000 -9999.000 -9999.000 -9999.000 -9999.000 -9999.000 -9999.000 -9999.000 -9999.000 -9999.000 -9999.000 -9999.000 -9999.000 -9999.000 -9999.000 -9999.000 -9999.000 -9999.000 -9999.000 -9999.000 -9999.000 -9999.000 -9999.000 -9999.000 -9999.000 -9999.000 -9999.000 -9999.000 -9999.000 -9999.000 -9999.000 -9999.000 -9999.000 -9999.000 -9999.000 -9999.000 -9999.000 -9999.000 -9999.000 -9999.000 -9999.000 -9999.000 -9999.000 -9999.000 -9999.000 -9999.000 -9999.000 -9999.000 -9999.000 -9999.000 -9999.000 -9999.000 -9999.000 -9999.000 -9999.000 -9999.000 -9999.000 -9999.000 -9999.000
-9999.000 -9999.000 -9999.000 -9999.000 -9999.000 -9999.000 -9999.000 -9999.000 -9999.000 -9999.000 -9999.000 -9999.000 -9999.000 -9999.000 -9999.000 -9999.000 -9999.000 -9999.000 -9999.000 -9999.000 -9999.000 -9999.000 -9999.000 -9999.000 -9999.000 -9999.000 -9999.000 -9999.000 -9999.000 -9999.000 -9999.000 -9999.000 -9999.000 -9999.000 -9999.000 -9999.000 -9999.000 -9999.000 -9999.000 -9999.000 -9999.000 -9999.000 -9999.000 -9999.000 -9999.000 -9999.000 -9999.000 -9999.000 -9999.000 -9999.000 -9999.000 -9999.000 -9999.000 -9999.000 -9999.000 -9999.000 -9999.000 -9999.000 -9999.000 1800.427 1794.985 1789.872
-9999.000 -9999.000 -9999.000 -9999.000 -9999.000 -9999.000 -9999.000 -9999.000 -9999.000 -9999.000 -9999.000 -9999.000 -9999.000 -9999.000 -9999.000 -9999.000 -9999.000 -9999.000 -9999.000 -9999.000 -9999.000 -9999.000 -9999.000 -9999.000 -9999.000 -9999.000 -9999.000 -9999.000 -9999.000 -9999.000 -9999.000 -9999.000 -9999.000 -9999.000 -9999.000 -9999.000 -9999.000 -9999.000 -9999.000 -9999.000 -9999.000 -9999.000 -9999.000 -9999.000 -9999.000 -9999.000 -9999.000 1675.126 1657.769 1642.768 1639.217 1660.757 1683.580 1706.922 1727.024 1745.050 1763.442 1783.579 1786.688 1775.400 1770.398 1767.086
-9999.000 -9999.000 -9999.000 -9999.000 -9999.000 -9999.000 -9999.000 -9999.000 -9999.000 -9999.000 -9999.000 -9999.000 -9999.000 -9999.000 -9999.000 -9999.000 -9999.000 -9999.000 -9999.000 -9999.000 -9999.000 -9999.000 -9999.000 -9999.000 -9999.000 -9999.000 -9999.000 -9999.000 -9999.000 -9999.000 -9999.000 -9999.000 -9999.000 -9999.000 -9999.000 -9999.000 -9999.000 -9999.000 -9999.000 -9999.000 1724.583 1730.350 1730.770 1720.297 1708.804 1695.801 1675.427 1657.933 1643.639 1641.107 1643.343 1647.049 1668.381 1692.835 1712.103 1728.147 1746.975 1766.917 1769.457 1758.813 1750.640 1744.778
-9999.000 -9999.000 -9999.000 -9999.000 -9999.000 -9999.000 -9999.000 -9999.000 -9999.000 -9999.000 -9999.000 -9999.000 -9999.000 -9999.000 -9999.000 -9999.000 -9999.000 -9999.000 -9999.000 -9999.000 -9999.000 -9999.000 -9999.000 -9999.000 -9999.000 -9999.000 -9999.000 -9999.000 -9999.000 -9999.000 -9999.000 -9999.000 -9999.000 -9999.000 1633.409 1650.429 1668.132 1686.240 1702.718 1709.321 1715.024 1720.381 1715.789 1710.938 1699.161 1679.008 1659.335 1645.716 1643.770 1640.970 1644.536 1656.358 1672.512 1687.638 1707.804 1731.085 1739.721 1750.615 1753.100 1747.844 1749.280 1750.702
-9999.000 -9999.000 -9999.000 -9999.000 -9999.000 -9999.000 -9999.000 -9999.000 -9999.000 -9999.000 -9999.000 -9999.000 -9999.000 -9999.000 -9999.000 -9999.000 -9999.000 -9999.000 -9999.000 -9999.000 -9999.000 -9999.000 -9999.000 -9999.000 -9999.000 -9999.000 -9999.000 -9999.000 1639.527 1633.435 1628.218 1626.381 1624.688 1623.326 1629.877 1641.240 1658.484 1679.895 1692.566 1699.419 1705.818 1706.042 1700.288 1697.996 1697.973 1685.402 1673.070 1661.491 1650.204 1647.502 1656.196 1669.698 1685.200 1699.200 1713.783 1721.369 1739.198 1759.371 1766.006 1759.681 1754.791 1752.281
-9999.000 -9999.000 -9999.000 -9999.000 -9999.000 -9999.000 -9999.000 -9999.000 -9999.000 -9999.000 -9999.000 -9999.000 -9999.000 -9999.000 -9999.000 -9999.000 -9999.000 -9999.000 -9999.000 -9999.000 -9999.000 -9999.000 -9999.000 1610.670 1615.936 1622.187 1629.419 1630.061 1626.080 1620.290 1617.057 1615.201 1612.853 1616.916 1624.131 1636.958 1652.005 1673.451 1681.323 1686.140 1697.466 1700.006 1705.941 1709.351 1706.952 1702.980 1688.890 1678.020 1681.197 1685.535 1691.483 1698.684 1711.151 1724.878 1740.371 1758.640 1778.269 1797.542 1811.560 1805.125 1796.839 1786.912
-9999.000 -9999.000 -9999.000 -9999.000 -9999.000 -9999.000 -9999.000 -9999.000 -9999.000 -9999.000 -9999.000 -9999.000 -9999.000 -9999.000 -9999.000 -9999.000 -9999.000 -9999.000 -9999.000 1586.518 1587.311 1588.361 1592.841 1593.273 1594.981 1601.525 1609.224 1611.375 1609.067 1607.364 1608.320 1610.431 1614.251 1624.582 1637.536 1650.867 1663.538 1683.496 1697.252 1709.495 1724.350 1723.247 1718.545 1715.921 1715.315 1713.929 1714.985 1715.330 1720.443 1722.561 1726.707 1734.748 1745.144 1761.395 1778.950 1796.283 1811.438 1827.934 1844.630 1837.626 1826.620 1811.632
-9999.000 -9999.000 -9999.000 -9999.000 -9999.000 -9999.000 -9999.000 -9999.000 -9999.000 -9999.000 -9999.000 -9999.000 -9999.000 -9999.000 -9999.000 -9999.000 1558.189 1559.816 1561.821 1567.015 1569.888 1573.509 1580.071 1580.995 1584.167 1590.747 1594.897 1603.253 1610.762 1617.281 1622.426 1624.173 1630.376 1638.869 1649.530 1663.180 1682.990 1705.025 1719.858 1735.406 1751.327 1750.753 1748.288 1747.931 1746.498 1749.811 1764.790 1768.228 1765.750 1778.335 1790.008 1792.784 1798.609 1816.187 1837.513 1856.252 1881.085 1898.886 1919.090 1915.362 1895.662 1884.113
-9999.000 -9999.000 -9999.000 -9999.000 -9999.000 -9999.000 -9999.000 -9999.000 -9999.000 -9999.000 -9999.000 -9999.000 -9999.000 1511.552 1515.397 1524.851 1534.538 1536.891 1541.008 1546.855 1558.542 1561.626 1567.168 1573.953 1585.374 1593.217 1601.409 1612.298 1619.599 1625.692 1631.390 1634.921 1646.313 1659.790 1673.660 1692.019 1712.434 1730.676 1748.762 1763.155 1774.621 1773.563 1771.139 1771.894 1776.969 1791.020 1807.301 1811.732 1825.273 1845.609 1856.194 1864.630 1870.623 1882.241 1901.463 1932.160 1965.046 1989.917 2001.631 2011.586 2002.176 2001.565
-9999.000 -9999.000 -9999.000 -9999.000 -9999.000 -9999.000 -9999.000 -9999.000 -9999.000 -9999.000 1481.467 1483.242 1479.337 1477.877 1482.768 1494.474 1507.947 1513.626 1524.735 1545.129 1562.466 1565.025 1578.306 1587.579 1593.310 1602.498 1614.357 1625.656 1640.660 1651.460 1660.658 1677.568 1692.154 1706.840 1722.628 1741.043 1757.716 1782.614 1806.883 1816.409 1835.004 1841.541 1836.560 1834.296 1841.477 1853.997 1871.165 1890.058 1908.708 1930.935 1944.156 1956.166 1964.484 1974.265 1987.862 2022.942 2062.962 2091.475 2111.432 2124.527 2124.240 2125.602
-9999.000 -9999.000 -9999.000 -9999.000 -9999.000 -9999.000 -9999.000 -9999.000 1457.530 1464.805 1470.265 1466.708 1461.663 1456.519 1469.882 1484.874 1500.088 1517.101 1532.066 1549.300 1563.083 1577.688 1596.362 1606.456 1616.408 1630.192 1642.157 1656.987 1676.334 1685.825 1698.980 1717.796 1733.477 1749.048 1765.439 1780.837 1802.995 1832.988 1861.471 1879.729 1904.644 1923.587 1919.352 1918.590 1920.056 1942.722 1968.838 1996.687 2017.813 2041.801 2068.802 2085.192 2093.636 2103.949 2116.861 2135.223 2163.787 2191.682 2220.816 2237.015 2241.784 2240.375
-9999.000 -9999.000 -9999.000 -9999.000 -9999.000 -9999.000 1430.797 1454.745 1469.322 1460.657 1448.805 1443.973 1438.477 1463.294 1484.452 1500.749 1516.552 1533.032 1548.264 1558.544 1589.554 1606.287 1618.271 1633.206 1646.042 1658.838 1674.091 1694.897 1713.369 1738.510 1759.118 1778.428 1801.397 1817.897 1833.603 1847.848 1875.188 1908.770 1941.872 1966.619 1990.374 2018.769 2021.477 2023.933 2027.347 2046.988 2077.012 2104.979 2135.984 2165.549 2190.828 2200.581 2208.884 2218.122 2229.624 2239.639 2253.040 2278.542 2305.048 2327.774 2342.841 2344.866
-9999.000 -9999.000 -9999.000 -9999.000 1398.573 1419.151 1438.258 1468.179 1489.876 1484.115 1489.210 1487.719 1484.027 1487.060 1493.195 1509.722 1527.098 1544.682 1559.843 1590.655 1633.605 1645.799 1665.880 1694.945 1705.737 1718.512 1732.363 1752.304 1774.067 1802.911 1840.811 1872.563 1894.044 1912.904 1930.527 1947.994 1979.149 2013.407 2046.849 2077.370 2103.688 2127.030 2135.633 2140.569 2149.864 2164.464 2184.238 2209.607 2239.543 2269.693 2292.480 2303.191 2308.836 2317.705 2325.873 2335.736 2346.156 2362.173 2382.642 2411.964 2432.183 2442.590
-9999.000 -9999.000 -9999.000 1348.096 1386.614 1424.534 1450.520 1480.457 1511.722 1513.919 1521.596 1523.694 1525.341 1531.408 1536.758 1551.950 1566.881 1582.004 1601.785 1635.269 1666.062 1689.700 1717.735 1738.667 1754.481 1766.898 1782.773 1802.811 1838.444 1870.347 1915.743 1964.487 1996.415 2016.048 2035.116 2059.263 2081.185 2115.020 2146.737 2176.816 2205.503 2227.112 2242.396 2247.258 2255.046 2261.192 2274.738 2294.417 2314.795 2342.542 2369.611 2394.046 2407.165 2416.358 2431.566 2447.133 2459.291 2472.555 2461.526 2476.214 2483.730 2487.245
-9999.000 -9999.000 1300.824 1338.919 1371.809 1420.407 1472.583 1506.183 1545.399 1566.355 1570.463 1583.810 1596.262 1599.605 1611.006 1624.620 1641.234 1646.246 1661.498 1684.824 1727.663 1766.328 1776.830 1820.594 1849.635 1875.532 1891.260 1914.787 1947.484 1983.187 2026.629 2072.669 2106.340 2133.223 2146.535 2163.215 2182.241 2204.060 2236.054 2261.551 2291.274 2315.029 2334.237 2337.718 2340.606 2355.025 2379.037 2404.862 2429.245 2453.159 2450.482 2464.689 2470.982 2474.493 2480.013 2483.796 2485.618 2484.546 2483.061 2477.023 2471.222 2470.538
-9999.000 -9999.000 1273.044 1318.169 1356.272 1419.493 1500.174 1535.209 1575.688 1619.526 1634.602 1655.718 1659.880 1660.864 1679.798 1697.046 1708.861 1712.997 1708.080 1758.985 1811.577 1850.418 1881.639 1947.087 1990.640 2006.257 2016.946 2034.377 2054.346 2092.471 2133.730 2183.068 2222.431 2249.888 2262.794 2278.862 2296.247 2310.719 2327.657 2366.833 2394.589 2420.064 2446.767 2465.939 2473.104 2476.129 2460.666 2472.436 2480.419 2483.862 2485.084 2481.529 2480.833 2481.511 2482.449 2477.363 2470.746 2464.155 2459.171 2452.816 2447.467 2445.853
-9999.000 1183.056 1235.107 1287.117 1354.057 1418.672 1498.157 1574.963 1632.499 1678.670 1703.867 1707.543 1730.188 1764.008 1784.487 1804.780 1805.320 1808.657 1792.937 1838.593 1880.111 1942.321 2043.442 2096.026 2142.144 2139.666 2130.334 2137.957 2156.519 2197.461 2264.140 2310.550 2363.934 2403.626 2416.954 2421.934 2437.771 2455.931 2430.717 2457.718 2469.810 2479.899 2483.768 2485.158 2485.935 2485.791 2482.358 2475.779 2467.922 2462.319 2458.252 2453.750 2456.165 2459.452 2460.103 2453.490 2445.920 2438.489 2431.184 2424.537 2418.664 2414.689
-9999.000 1146.686 1205.305 1275.417 1344.651 1405.356 1501.150 1648.661 1702.262 1736.688 1751.083 1756.235 1823.642 1883.213 1910.312 1950.761 1939.083 1924.067 1900.539 1926.973 1968.641 2036.503 2180.971 2261.707 2293.340 2301.142 2304.297 2328.954 2365.162 2401.896 2435.948 2424.827 2455.823 2470.702 2473.811 2474.246 2477.584 2476.687 2474.485 2470.389 2465.489 2465.599 2469.699 2469.484 2466.685 2463.587 2458.068 2450.635 2445.265 2440.669 2437.965 2435.039 2433.382 2433.260 2428.964 2423.800 2414.943 2405.507 2396.396 2386.485 2376.499 2370.724
-9999.000 1113.786 1185.817 1247.284 1305.896 1412.228 1537.549 1672.873 1763.459 1796.410 1802.373 1856.811 1952.454 2045.668 2092.546 2112.492 2104.472 2072.476 2065.552 2105.544 2167.206 2261.710 2362.022 2441.005 2452.524 2454.597 2425.193 2441.015 2455.679 2457.419 2458.108 2462.307 2467.090 2469.662 2468.213 2465.351 2460.668 2452.727 2447.849 2444.432 2440.848 2440.108 2442.435 2443.748 2441.137 2437.340 2432.899 2427.309 2421.194 2414.630 2410.659 2406.694 2404.695 2399.852 2396.058 2390.518 2375.976 2362.526 2349.098 2337.179 2325.248 2311.748
-9999.000 1007.116 1097.573 1147.729 1249.562 1426.545 1551.921 1696.127 1843.729 1873.166 1934.572 2054.016 2157.129 2227.022 2259.128 2293.730 2317.290 2334.811 2366.340 2298.921 2358.106 2422.870 2450.457 2462.420 2465.324 2465.553 2456.708 2436.927 2426.409 2419.678 2421.272 2428.409 2433.483 2438.593 2436.395 2437.045 2437.357 2433.942 2430.138 2421.845 2414.221 2408.194 2405.920 2410.942 2406.210 2403.419 2397.554 2389.636 2381.157 2373.872 2366.386 2360.024 2357.721 2352.699 2351.638 2343.444 2315.146 2295.855 2279.890 2262.787 2240.365 2221.250
-9999.000 926.220 1001.486 1081.411 1210.447 1373.098 1490.651 1652.076 1865.359 1982.403 2112.272 2184.130 2250.651 2300.462 2353.916 2397.040 2418.387 2425.607 2406.476 2417.729 2380.474 2370.338 2385.748 2411.203 2424.510 2427.917 2419.482 2409.312 2402.127 2401.001 2399.368 2396.957 2394.378 2391.695 2388.551 2390.773 2395.491 2389.117 2380.132 2371.677 2364.024 2355.533 2349.984 2346.269 2345.753 2345.849 2338.613 2328.569 2318.297 2310.464 2303.352 2298.523 2296.334 2291.834 2283.902 2271.858 2244.965 2219.664 2198.144 2170.708 2130.115 2117.005
-9999.000 821.265 945.599 1033.810 1146.567 1279.690 1397.526 1554.834 1694.170 1915.864 2062.932 2189.165 2227.925 2284.642 2335.454 2399.283 2397.582 2365.469 2327.763 2310.550 2315.553 2322.842 2332.427 2348.579 2364.763 2373.678 2376.214 2368.977 2355.096 2344.626 2336.364 2325.251 2317.396 2315.756 2317.560 2325.569 2327.204 2318.165 2305.049 2288.547 2274.248 2263.468 2261.017 2262.966 2263.524 2260.073 2253.988 2243.890 2231.899 2220.512 2214.235 2209.725 2203.273 2193.604 2183.074 2171.315 2147.727 2128.037 2105.519 2068.123 2026.611 1991.623
-9999.000 -9999.000 867.011 976.843 1079.807 1197.841 1303.642 1436.926 1580.788 1754.568 1866.809 2006.540 2080.729 2121.356 2161.747 2212.388 2229.759 2249.708 2234.353 2238.712 2244.029 2247.613 2253.827 2261.764 2272.732 2281.670 2289.520 2286.840 2277.711 2259.507 2237.585 2220.737 2211.455 2203.845 2213.984 2225.637 2221.929 2215.360 2203.472 2187.968 2175.442 2161.887 2158.450 2158.823 2159.306 2156.934 2153.541 2141.466 2129.443 2118.918 2114.538 2109.243 2105.150 2095.518 2085.244 2074.479 2054.934 2032.828 2007.816 1968.966 1930.494 1891.266
-9999.000 -9999.000 781.394 888.317 998.442 1118.876 1212.795 1267.729 1412.302 1521.089 1622.174 1719.755 1801.709 1861.996 1898.190 1955.396 1997.481 2011.146 2034.582 2069.151 2094.951 2123.841 2141.463 2151.328 2163.377 2175.963 2183.531 2170.466 2159.422 2142.911 2121.376 2097.560 2085.375 2082.978 2084.257 2088.264 2082.159 2073.149 2059.230 2044.643 2032.349 2022.208 2018.584 2014.762 2013.396 2010.930 2008.725 2001.945 1992.443 1986.551 1979.061 1974.618 1973.124 1968.595 1961.707 1958.151 1945.363 1921.607 1895.507 1866.482 1832.851 1807.486
-9999.000 -9999.000 -9999.000 828.436 914.983 973.794 1067.424 1118.659 1163.599 1259.714 1366.438 1482.952 1545.198 1595.444 1646.840 1688.537 1729.848 1763.493 1801.763 1865.564 1906.171 1948.489 1988.883 2008.633 2022.221 2037.576 2039.157 2030.290 2021.422 2006.646 1983.129 1960.850 1952.120 1956.979 1954.741 1952.244 1946.424 1943.801 1935.788 1925.162 1913.321 1908.101 1904.566 1899.280 1894.845 1891.027 1887.822 1884.727 1878.629 1871.135 1867.979 1867.255 1864.761 1862.762 1858.205 1851.779 1845.078 1818.826 1795.757 1776.092 1748.360 1718.924
-9999.000 -9999.000 -9999.000 -9999.000 -9999.000 817.004 920.331 1017.012 1074.259 1120.690 1191.915 1291.570 1332.304 1382.838 1440.243 1486.319 1537.814 1590.427 1655.019 1695.064 1749.723 1783.659 1822.163 1862.884 1876.167 1887.757 1896.375 1887.853 1879.496 1868.751 1845.680 1835.215 1835.110 1835.405 1835.405 1831.883 1827.242 1822.246 1818.678 1806.656 1799.348 1796.604 1792.846 1789.131 1784.499 1781.226 1778.496 1777.355 1770.068 1767.583 1771.775 1769.919 1767.946 1766.771 1761.065 1753.736 1746.118 1724.353 1708.128 1697.209 1666.875 1644.417
-9999.000 -9999.000 -9999.000 -9999.000 -9999.000 -9999.000 777.479 872.984 943.875 1016.013 1095.387 1156.426 1181.555 1216.564 1263.521 1327.771 1401.815 1459.849 1503.506 1544.960 1590.347 1629.427 1664.544 1705.067 1722.410 1731.734 1745.685 1740.927 1733.116 1727.549 1718.878 1723.837 1718.431 1718.144 1717.120 1716.671 1710.890 1705.510 1701.838 1697.773 1696.399 1691.479 1687.738 1684.026 1679.585 1675.531 1672.939 1670.878 1668.930 1673.567 1674.615 1674.485 1672.950 1670.499 1663.611 1654.896 1647.054 1635.757 1624.893 1612.989 1593.960 1578.553
