tests/3D/Borden05m_nopit_001/output_maps/psiliqL0015N0028.asc
ncols         160
nrows         34
xllcorner     620200.000000
yllcorner     5168000.000000
cellsize      0.500000
NODATA_value  -9999.0
[rows 0 to 27 of 34, columns 63 to 125 of 160]
-9999.000 -9999.000 -9999.000 -9999.000 -9999.000 -9999.000 -9999.000 -9999.000 -9999.000 -9999.000 -9999.000 -9999.000 -9999.000 -9999.000 -9999.000 -9999.000 -9999.000 -9999.000 -9999.000 -9999.000 -9999.000 -9999.000 -9999.000 -9999.000 -9999.000 -9999.000 -9999.000 -9999.000 -9999.000 -9999.000 -9999.000 -9999.000 -9999.000 -9999.000 -9999.000 -9999.000 -9999.000 -9999.000 -9999.000 -9999.000 -9999.000 -9999.000 -9999.000 -9999.000 -9999.000 -9999.000 -9999.000 -9999.000 -9999.000 -9999.000 -9999.000 -9999.000 -9999.000 -9999.000 -9999.000 -9999.000 -9999.000 -9999.000 -9999.000 -9999.000 -9999.000 -9999.000 -9999.000
1176.576 1167.174 1158.680 1154.486 1153.340 1152.351 1151.737 1156.744 1164.587 1172.070 1179.044 1181.324 1183.623 1185.681 1186.019 1184.705 1181.390 1178.018 1174.560 1172.964 1164.954 1153.586 1144.834 1142.072 1146.442 1150.895 1153.407 1159.189 1169.918 1180.759 1189.394 1201.495 1207.630 1212.949 1216.065 1212.222 1208.971 1205.377 1200.310 1189.387 -9999.000 -9999.000 -9999.000 -9999.000 -9999.000 -9999.000 -9999.000 -9999.000 -9999.000 -9999.000 -9999.000 -9999.000 -9999.000 -9999.000 -9999.000 -9999.000 -9999.000 -9999.000 -9999.000 -9999.000 -9999.000 -9999.000 -9999.000
1160.604 1151.756 1146.288 1140.638 1138.421 1138.244 1138.070 1141.915 1151.979 1159.756 1164.332 1166.711 1169.205 1168.578 1167.886 1167.466 1164.483 1160.966 1157.506 1155.635 1156.155 1148.506 1142.893 1139.361 1137.477 1140.027 1142.489 1146.113 1155.620 1163.826 1172.068 1186.636 1199.326 1204.828 1202.549 1197.889 1194.380 1187.863 1177.955 1167.853 1158.364 1151.717 1146.522 1141.051 1147.448 1154.552 1164.618 1174.398 1186.548 1198.798 -9999.000 -9999.000 -9999.000 -9999.000 -9999.000 -9999.000 -9999.000 -9999.000 -9999.000 -9999.000 -9999.000 -9999.000 -9999.000
1147.868 1144.114 1139.151 1133.421 1141.823 1142.756 1143.549 1146.570 1149.253 1152.477 1154.990 1160.160 1168.962 1171.510 1171.856 1171.824 1169.830 1166.574 1164.641 1161.787 1156.486 1155.181 1155.266 1154.766 1159.534 1161.021 1162.969 1156.562 1160.348 1166.670 1173.661 1180.195 1186.981 1190.976 1188.003 1187.696 1179.688 1166.294 1155.753 1147.776 1146.485 1143.637 1136.115 1123.612 1131.237 1147.170 1152.065 1155.512 1167.259 1179.638 1190.005 1192.494 1192.239 1191.960 1189.321 1175.558 1160.941 1146.119 1127.548 -9999.000 -9999.000 -9999.000 -9999.000
1149.861 1146.381 1143.589 1155.277 1164.021 1165.313 1167.776 1171.145 1170.507 1158.574 1156.017 1163.906 1173.879 1179.316 1179.294 1178.954 1176.460 1175.258 1174.750 1172.477 1172.881 1174.999 1174.435 1178.652 1184.174 1187.115 1179.805 1170.934 1172.129 1180.136 1188.594 1196.149 1206.948 1218.468 1218.009 1213.028 1204.646 1191.849 1169.185 1150.546 1140.182 1133.387 1126.642 1127.541 1124.673 1136.705 1138.731 1140.960 1149.261 1159.722 1170.147 1176.195 1175.737 1175.228 1172.887 1163.474 1148.824 1134.128 1117.270 1091.572 1063.100 1037.105 1035.514
1152.743 1154.792 1166.001 1178.712 1191.951 1193.952 1195.874 1194.938 1185.858 1175.424 1171.601 1185.813 1201.713 1209.577 1209.737 1208.201 1214.236 1212.857 1211.268 1206.446 1208.097 1208.786 1217.781 1225.203 1232.276 1230.528 1218.593 1207.210 1206.069 1209.418 1213.440 1220.083 1230.580 1240.578 1236.062 1229.888 1221.088 1193.888 1168.432 1152.900 1153.899 1154.864 1150.724 1148.373 1146.083 1140.111 1140.230 1139.831 1139.657 1151.927 1164.690 1168.308 1162.121 1158.468 1156.321 1148.016 1136.973 1121.626 1104.777 1085.750 1057.674 1051.335 1042.469
1191.179 1198.140 1209.847 1225.615 1248.240 1249.755 1251.859 1253.512 1241.810 1229.209 1218.040 1236.058 1245.992 1254.024 1254.762 1263.519 1272.850 1268.218 1260.314 1249.680 1255.636 1266.374 1281.123 1287.806 1291.706 1290.024 1278.706 1272.994 1272.093 1275.046 1273.373 1278.728 1289.078 1304.503 1304.507 1297.190 1276.193 1240.606 1208.368 1190.354 1197.817 1192.176 1186.447 1184.178 1171.592 1162.111 1163.247 1154.580 1149.193 1161.272 1167.828 1169.626 1162.881 1168.317 1161.054 1142.040 1125.085 1109.966 1095.638 1079.893 1073.108 1063.896 1055.954
1223.307 1232.390 1250.007 1270.906 1292.935 1298.817 1299.783 1308.680 1301.812 1292.055 1283.702 1295.808 1307.124 1318.138 1326.832 1339.035 1349.984 1339.271 1326.505 1320.486 1325.661 1345.705 1363.209 1368.005 1368.859 1371.183 1361.529 1355.362 1349.347 1345.191 1340.156 1336.770 1356.192 1373.767 1373.068 1351.241 1328.836 1293.878 1257.975 1228.704 1231.541 1230.198 1231.161 1218.336 1204.845 1191.064 1183.752 1176.107 1163.539 1170.151 1175.640 1185.396 1194.300 1195.943 1179.560 1162.184 1142.987 1124.657 1110.470 1105.111 1099.581 1089.717 1083.010
1314.325 1320.379 1334.800 1356.478 1385.796 1404.453 1421.257 1424.757 1416.168 1407.063 1393.966 1392.668 1410.080 1421.461 1431.284 1441.227 1453.247 1457.780 1454.481 1453.667 1456.786 1464.414 1473.774 1480.215 1485.115 1490.190 1485.353 1475.053 1469.491 1461.532 1455.939 1454.080 1458.351 1471.237 1469.865 1443.701 1418.361 1387.865 1352.803 1323.915 1310.134 1319.708 1311.789 1295.781 1279.528 1247.967 1234.969 1221.658 1194.809 1192.337 1200.404 1213.059 1223.925 1209.530 1193.269 1175.237 1155.105 1136.344 1129.556 1128.137 1125.112 1118.958 1116.263
1426.546 1430.088 1436.499 1467.431 1500.534 1527.696 1550.432 1557.990 1547.043 1537.087 1524.815 1515.335 1520.089 1534.326 1550.575 1565.649 1576.540 1579.800 1578.493 1578.661 1580.653 1583.462 1586.441 1592.657 1599.749 1609.397 1619.864 1613.546 1597.142 1585.622 1573.040 1569.122 1568.573 1568.280 1569.106 1561.172 1529.835 1502.715 1472.720 1447.401 1429.696 1419.973 1402.828 1382.337 1338.264 1301.093 1269.305 1245.715 1220.532 1221.462 1244.413 1278.067 1274.725 1263.204 1246.886 1222.846 1199.063 1175.932 1170.251 1167.884 1162.880 1156.454 1151.185
1545.146 1548.923 1554.380 1576.341 1612.795 1648.695 1677.373 1679.973 1669.578 1658.862 1648.563 1637.270 1633.670 1641.899 1653.319 1669.646 1680.623 1689.512 1688.370 1688.706 1689.266 1691.236 1692.979 1695.072 1702.320 1714.443 1726.048 1726.858 1712.964 1696.206 1679.526 1673.544 1668.610 1663.519 1664.594 1666.190 1658.513 1633.945 1599.352 1559.329 1536.481 1518.277 1507.456 1493.373 1467.761 1416.979 1387.719 1354.970 1324.539 1310.575 1357.375 1361.860 1351.408 1337.752 1314.637 1288.258 1263.789 1239.438 1232.653 1227.938 1220.413 1214.427 1206.417
1658.585 1663.503 1672.103 1687.773 1711.754 1740.483 1766.594 1782.795 1778.095 1764.619 1746.659 1740.686 1739.081 1741.211 1748.068 1756.640 1772.430 1788.532 1793.859 1794.586 1792.116 1794.165 1795.289 1795.317 1796.603 1801.853 1809.264 1811.943 1806.818 1790.391 1770.233 1756.862 1749.019 1745.097 1744.021 1746.413 1747.202 1735.873 1707.405 1670.265 1639.360 1620.275 1606.509 1594.543 1585.008 1565.461 1549.050 1519.760 1478.139 1446.399 1456.141 1447.678 1436.904 1413.681 1384.951 1358.525 1327.680 1299.507 1284.928 1279.479 1275.149 1268.830 1258.200
1762.025 1770.788 1785.570 1804.532 1818.672 1835.792 1857.236 1869.931 1875.299 1875.210 1873.492 1875.155 1875.329 1843.400 1846.891 1850.328 1859.041 1868.170 1871.232 1871.556 1870.257 1871.430 1871.818 1871.910 1871.560 1871.911 1874.495 1875.479 1874.251 1866.780 1872.355 1855.225 1843.366 1836.027 1828.536 1820.411 1811.357 1802.305 1786.410 1760.235 1728.444 1703.820 1694.286 1689.017 1683.331 1679.119 1665.135 1645.264 1615.910 1579.565 1550.136 1543.189 1527.895 1499.806 1476.314 1459.117 1425.397 1393.627 1372.402 1365.893 1351.903 1336.144 1322.042
1858.801 1870.829 1884.208 1877.203 1881.451 1885.847 1890.215 1891.715 1892.145 1891.946 1889.731 1889.334 1887.590 1883.214 1873.683 1875.189 1876.750 1879.247 1882.768 1881.482 1882.419 1885.315 1883.793 1878.287 1874.672 1873.110 1873.639 1880.734 1883.875 1884.671 1883.298 1882.592 1882.072 1880.321 1878.136 1875.058 1871.124 1876.353 1866.413 1843.246 1810.308 1775.823 1764.147 1761.891 1763.027 1761.215 1756.163 1739.199 1713.737 1679.455 1643.350 1630.749 1618.191 1605.236 1593.429 1578.158 1542.028 1506.304 1480.487 1464.855 1440.280 1420.715 1402.841
1893.656 1895.008 1891.827 1888.509 1883.891 1882.652 1881.413 1879.087 1879.761 1877.888 1874.056 1870.570 1864.046 1853.385 1842.231 1839.596 1844.128 1849.200 1853.607 1856.954 1860.292 1861.202 1856.439 1848.668 1841.668 1839.829 1846.259 1851.753 1857.110 1857.786 1856.420 1854.370 1854.518 1851.973 1852.408 1858.819 1872.002 1877.145 1880.135 1879.673 1871.123 1855.664 1851.708 1832.802 1837.059 1832.932 1822.196 1802.291 1779.800 1751.588 1724.047 1702.274 1694.830 1690.006 1684.006 1673.775 1639.702 1606.867 1576.860 1554.164 1528.993 1506.001 1484.880
1881.883 1883.197 1876.424 1868.387 1861.695 1855.124 1853.171 1852.182 1851.728 1852.007 1846.924 1839.156 1823.977 1812.725 1801.783 1795.927 1793.797 1798.502 1808.407 1818.248 1822.871 1815.861 1808.419 1797.812 1789.925 1790.214 1792.223 1801.114 1815.213 1820.099 1820.704 1815.372 1810.524 1804.475 1802.175 1808.632 1823.102 1838.009 1851.442 1859.371 1866.426 1872.706 1875.357 1876.695 1877.392 1876.218 1875.699 1860.524 1839.946 1816.123 1792.930 1767.860 1762.080 1760.546 1756.771 1754.698 1726.504 1692.710 1660.075 1632.794 1606.999 1583.547 1561.438
1852.075 1848.893 1842.618 1832.953 1822.570 1813.367 1807.339 1808.395 1810.758 1812.007 1805.826 1791.816 1775.052 1762.146 1748.725 1745.010 1740.202 1735.579 1745.989 1763.286 1769.607 1755.924 1746.098 1732.010 1724.937 1721.744 1723.078 1732.179 1752.035 1771.712 1772.875 1762.898 1753.034 1748.027 1745.018 1750.616 1767.641 1786.783 1800.975 1810.046 1815.137 1822.706 1831.715 1843.781 1856.673 1867.406 1874.828 1879.343 1877.029 1870.272 1858.844 1838.349 1825.172 1816.268 1811.285 1803.551 1782.368 1755.549 1729.494 1703.417 1681.267 1662.240 1636.910
1811.899 1806.417 1799.988 1785.224 1773.833 1762.531 1749.470 1746.606 1743.906 1745.959 1735.380 1726.162 1708.737 1693.964 1678.938 1668.411 1662.936 1657.188 1660.316 1675.249 1684.092 1671.744 1661.742 1649.536 1643.794 1640.492 1642.391 1652.443 1673.617 1691.741 1698.541 1690.404 1685.594 1683.182 1681.339 1686.351 1699.077 1717.393 1737.411 1752.927 1761.501 1768.299 1777.478 1791.086 1804.225 1817.391 1833.726 1853.351 1867.442 1876.290 1879.150 1878.422 1874.188 1871.666 1861.971 1850.940 1833.497 1810.327 1784.159 1758.517 1741.336 1724.391 1706.621
1769.508 1764.105 1748.274 1701.651 1684.218 1667.316 1653.021 1648.130 1641.513 1632.762 1624.543 1619.097 1614.794 1600.361 1583.648 1567.787 1563.078 1559.360 1548.908 1551.743 1554.373 1561.030 1554.066 1549.293 1547.989 1545.435 1548.042 1561.161 1571.731 1580.380 1586.096 1585.356 1592.069 1597.611 1601.823 1616.615 1628.194 1643.924 1663.683 1686.241 1698.696 1707.138 1716.938 1731.409 1746.875 1763.257 1784.456 1808.032 1822.905 1833.093 1844.172 1856.110 1869.427 1876.956 1882.556 1881.413 1876.578 1855.617 1830.233 1809.911 1792.439 1777.949 1763.746
1716.266 1708.597 1665.958 1625.609 1594.555 1578.160 1557.363 1546.981 1536.053 1508.461 1494.676 1490.893 1498.860 1491.419 1475.613 1462.764 1454.954 1448.178 1434.645 1423.867 1428.973 1442.537 1439.368 1438.836 1443.664 1442.069 1437.726 1441.001 1454.275 1461.120 1470.398 1482.217 1485.578 1495.039 1521.345 1533.326 1546.890 1564.966 1584.850 1605.793 1625.010 1637.054 1650.459 1667.854 1683.395 1702.779 1724.725 1752.059 1770.735 1783.919 1794.223 1804.602 1819.164 1838.058 1854.725 1870.693 1880.779 1881.169 1874.302 1854.726 1837.287 1822.802 1813.751
1623.107 1603.366 1557.852 1520.691 1494.437 1474.355 1452.526 1434.569 1407.028 1376.696 1357.688 1366.610 1375.669 1379.837 1367.375 1355.964 1346.731 1332.667 1317.572 1305.290 1314.529 1323.048 1333.764 1337.918 1341.466 1344.548 1343.045 1336.749 1338.927 1346.741 1355.945 1365.576 1379.537 1408.540 1431.229 1446.792 1465.459 1483.411 1503.983 1525.798 1545.832 1560.495 1577.352 1594.908 1614.371 1633.454 1656.470 1683.952 1707.167 1721.391 1734.610 1747.323 1765.336 1787.351 1808.407 1831.213 1851.114 1862.739 1874.638 1881.132 1877.774 1865.106 1851.933
1509.321 1472.878 1433.206 1404.324 1385.587 1363.704 1342.971 1317.892 1288.261 1264.960 1246.402 1255.152 1263.843 1278.003 1267.752 1258.496 1253.816 1239.575 1226.380 1211.867 1219.234 1229.622 1248.098 1252.484 1255.855 1263.081 1261.756 1258.369 1246.898 1254.277 1263.723 1276.307 1303.024 1325.432 1347.138 1366.472 1384.489 1404.569 1425.927 1447.669 1471.205 1488.627 1505.762 1525.488 1543.925 1559.914 1578.405 1602.603 1623.544 1642.097 1661.800 1676.011 1698.895 1727.077 1754.166 1785.343 1806.996 1821.561 1833.684 1845.642 1863.264 1873.243 1874.999
1351.831 1320.713 1292.199 1281.348 1266.846 1246.947 1228.129 1209.300 1186.181 1166.114 1143.248 1148.428 1162.458 1177.805 1174.477 1172.644 1170.477 1160.261 1147.099 1133.835 1137.592 1153.153 1170.097 1177.967 1184.624 1191.938 1191.646 1183.784 1174.503 1179.253 1192.703 1207.706 1226.540 1247.014 1267.034 1285.750 1306.460 1327.760 1349.299 1372.613 1397.149 1415.435 1436.947 1459.388 1476.335 1486.110 1497.115 1518.385 1534.593 1554.755 1575.538 1591.628 1618.053 1650.405 1689.038 1726.465 1761.282 1776.808 1789.494 1799.695 1815.233 1834.615 1852.929
1235.971 1208.063 1195.519 1179.689 1164.985 1149.637 1130.595 1113.546 1097.148 1076.587 1061.813 1068.422 1082.210 1093.187 1097.450 1095.157 1092.723 1086.066 1072.647 1064.285 1073.185 1088.431 1102.864 1113.206 1119.763 1125.364 1122.318 1113.560 1108.024 1115.530 1130.273 1143.909 1159.543 1179.537 1199.153 1219.262 1240.212 1260.918 1283.841 1307.416 1331.439 1355.453 1376.654 1395.853 1404.754 1414.054 1418.068 1431.154 1446.929 1464.432 1485.400 1507.453 1533.652 1571.631 1610.578 1648.182 1684.953 1713.841 1731.968 1747.287 1766.507 1786.683 1803.523
1160.578 1132.662 1109.127 1095.002 1087.688 1074.899 1057.653 1045.987 1030.543 1015.859 1018.028 1021.171 1032.100 1033.036 1034.130 1031.651 1030.993 1027.451 1018.145 1026.408 1033.691 1047.959 1058.445 1067.787 1073.728 1077.498 1077.435 1071.268 1074.948 1081.336 1095.077 1106.051 1119.909 1139.503 1155.712 1173.809 1194.533 1215.876 1238.198 1262.000 1287.797 1310.697 1328.226 1335.545 1344.433 1347.808 1339.535 1351.179 1363.647 1375.362 1395.388 1415.508 1438.808 1475.826 1518.703 1563.697 1600.248 1640.306 1663.955 1686.550 1707.916 1731.142 1752.461
1074.252 1046.693 1024.938 1018.212 1008.161 997.836 985.939 973.018 963.359 966.011 964.087 963.148 963.785 966.925 970.040 969.483 968.625 970.255 977.994 982.325 987.791 997.625 1008.680 1019.403 1023.169 1027.270 1030.659 1034.682 1037.123 1040.896 1051.541 1062.867 1075.262 1091.157 1107.897 1125.817 1147.077 1168.883 1192.223 1217.597 1243.513 1263.459 1271.825 1280.723 1282.933 1276.687 1270.989 1276.139 1287.155 1295.483 1313.033 1333.667 1348.239 1387.669 1434.322 1476.202 1511.276 1545.754 1581.552 1607.694 1631.804 1662.155 1688.421
1007.184 983.948 967.952 958.213 948.371 938.374 925.850 917.158 916.604 914.471 912.642 910.993 914.407 918.200 922.671 922.661 923.424 926.244 930.570 936.654 945.829 956.577 968.510 983.185 987.781 992.299 997.833 1000.403 1003.462 1007.415 1018.304 1029.680 1041.457 1057.863 1075.008 1093.359 1114.962 1139.826 1168.652 1194.581 1220.181 1242.342 1250.968 1254.590 1252.524 1245.921 1232.601 1230.493 1240.090 1241.907 1252.997 1271.577 1281.471 1312.110 1353.397 1382.078 1416.035 1452.797 1500.605 1528.093 1558.912 1588.873 1618.482
944.020 927.475 908.948 896.480 886.311 877.395 870.717 869.287 866.718 865.221 864.108 862.460 864.560 868.878 872.976 875.223 878.037 881.593 887.925 896.896 905.265 917.055 931.622 946.554 953.025 958.430 964.124 968.179 972.269 975.920 985.786 997.221 1007.798 1024.662 1042.782 1061.426 1086.550 1115.614 1145.116 1170.602 1195.493 1220.428 1223.735 1224.766 1224.041 1209.855 1194.602 1187.886 1189.820 1190.486 1195.457 1206.287 1217.159 1240.558 1265.688 1293.634 1328.536 1374.672 1419.541 1451.048 1480.765 1509.914 1535.333
