tests/3D/Borden05m_nopit_001/output_maps/psiliqL0019N0010.asc
ncols         160
nrows         34
xllcorner     620200.000000
yllcorner     5168000.000000
cellsize      0.500000
NODATA_value  -9999.0
[rows 0 to 27 of 34, columns 62 to 123 of 160]
-9999.000 -9999.000 -9999.000 -9999.000 -9999.000 -9999.000 -9999.000 -9999.000 -9999.000 -9999.000 -9999.000 -9999.000 -9999.000 -9999.000 -9999.000 -9999.000 -9999.000 -9999.000 -9999.000 -9999.000 -9999.000 -9999.000 -9999.000 -9999.000 -9999.000 -9999.000 -9999.000 -9999.000 -9999.000 -9999.000 -9999.000 -9999.000 -9999.000 -9999.000 -9999.000 -9999.000 -9999.000 -9999.000 -9999.000 -9999.000 -9999.000 -9999.000 -9999.000 -9999.000 -9999.000 -9999.000 -9999.000 -9999.000 -9999.000 -9999.000 -9999.000 -9999.000 -9999.000 -9999.000 -9999.000 -9999.000 -9999.000 -9999.000 -9999.000 -9999.000 -9999.000 -9999.000
1984.846 1976.007 1966.628 1958.353 1954.150 1952.983 1952.032 1951.394 1956.328 1964.225 1971.732 1978.648 1980.954 1983.249 1985.212 1985.492 1984.223 1980.918 1977.538 1974.090 1972.442 1964.662 1953.376 1944.781 1942.042 1946.338 1950.748 1953.241 1958.802 1969.404 1980.157 1988.775 2001.048 2007.509 2012.845 2015.779 2011.895 2008.651 2004.933 1999.486 1988.508 -9999.000 -9999.000 -9999.000 -9999.000 -9999.000 -9999.000 -9999.000 -9999.000 -9999.000 -9999.000 -9999.000 -9999.000 -9999.000 -9999.000 -9999.000 -9999.000 -9999.000 -9999.000 -9999.000 -9999.000 -9999.000
1964.892 1960.172 1951.435 1946.074 1940.463 1938.064 1937.926 1937.743 1941.492 1951.779 1959.531 1964.071 1966.516 1969.110 1968.112 1967.362 1966.988 1964.012 1960.485 1957.034 1955.152 1956.000 1948.361 1942.600 1938.928 1936.648 1939.264 1941.809 1945.784 1955.167 1963.264 1971.413 1986.208 1999.087 2004.671 2002.311 1997.696 1994.095 1987.271 1977.072 1967.026 1958.053 1951.629 1946.404 1940.619 1947.056 1954.472 1964.295 1973.724 1985.865 1998.135 -9999.000 -9999.000 -9999.000 -9999.000 -9999.000 -9999.000 -9999.000 -9999.000 -9999.000 -9999.000 -9999.000
1944.761 1947.567 1943.975 1939.034 1932.519 1941.475 1942.393 1943.112 1946.152 1948.501 1952.379 1954.820 1960.014 1968.843 1971.452 1971.797 1971.760 1969.739 1966.454 1964.483 1961.624 1956.310 1954.806 1954.715 1953.915 1958.426 1959.922 1962.221 1956.154 1960.178 1966.481 1973.472 1979.646 1986.211 1989.688 1986.621 1986.668 1978.570 1965.118 1954.865 1947.115 1946.417 1943.570 1935.942 1923.038 1930.954 1946.993 1951.885 1955.050 1966.586 1978.968 1989.448 1992.254 1992.022 1991.757 1989.046 1975.291 1960.672 1945.769 1927.181 -9999.000 -9999.000
1951.808 1949.832 1946.287 1942.869 1954.042 1962.571 1963.844 1966.244 1969.776 1969.638 1958.059 1955.656 1963.278 1973.093 1978.383 1978.395 1978.007 1975.043 1973.822 1973.393 1971.264 1971.305 1973.191 1971.922 1975.655 1981.146 1984.219 1977.677 1968.984 1970.573 1978.754 1987.466 1995.047 2005.630 2016.897 2016.734 2011.958 2003.573 1990.949 1968.413 1950.237 1939.702 1932.517 1925.631 1927.340 1923.854 1936.587 1938.574 1940.954 1948.937 1959.394 1969.951 1976.105 1975.600 1975.030 1972.667 1963.222 1948.562 1933.839 1916.743 1890.762 1862.182
1952.418 1951.696 1953.110 1963.347 1975.654 1988.086 1990.022 1991.849 1990.741 1982.194 1971.774 1968.338 1982.158 1998.315 2006.135 2006.017 2003.424 2008.354 2007.498 2006.652 2002.348 2003.640 2003.175 2010.844 2018.344 2025.733 2024.126 2012.031 2000.311 1999.574 2003.706 2008.811 2015.811 2026.198 2035.896 2031.310 2025.553 2017.330 1990.773 1966.414 1951.402 1952.220 1953.173 1948.990 1946.821 1945.102 1939.876 1940.088 1939.584 1939.431 1951.741 1964.733 1968.370 1962.030 1958.270 1956.116 1948.010 1936.830 1921.343 1904.455 1885.217 1857.184
1986.098 1987.438 1993.927 2005.077 2019.667 2041.883 2042.588 2044.034 2044.561 2032.394 2019.550 2008.800 2028.265 2038.571 2046.250 2045.745 2053.137 2062.187 2057.926 2050.600 2039.436 2045.247 2054.412 2069.288 2076.416 2080.814 2078.078 2065.830 2059.743 2059.738 2063.983 2063.369 2069.942 2079.731 2094.994 2094.545 2088.735 2068.202 2032.166 2001.068 1985.096 1994.051 1988.467 1982.556 1981.138 1969.179 1960.598 1962.312 1953.927 1948.868 1961.200 1967.946 1969.635 1962.531 1967.882 1960.849 1941.225 1924.453 1909.603 1895.327 1879.098 1872.662
2007.054 2012.445 2021.868 2039.386 2059.156 2080.359 2083.575 2081.762 2090.898 2083.971 2073.807 2065.746 2081.220 2092.069 2102.773 2110.364 2122.706 2133.449 2120.618 2106.285 2098.664 2104.501 2126.548 2145.823 2150.615 2150.818 2152.092 2140.390 2134.714 2129.657 2127.150 2123.005 2120.187 2141.772 2160.807 2160.311 2138.633 2116.155 2079.568 2043.052 2015.639 2022.216 2020.200 2022.069 2010.297 1997.515 1986.207 1980.706 1973.530 1962.132 1969.722 1974.936 1984.101 1992.401 1995.169 1978.784 1961.397 1942.272 1924.234 1910.157 1904.457 1898.708
2082.132 2094.381 2101.126 2116.976 2136.951 2164.957 2181.201 2195.951 2199.595 2191.551 2182.643 2169.936 2171.012 2190.772 2202.234 2211.502 2220.872 2233.110 2236.122 2231.502 2230.311 2233.881 2243.635 2254.848 2261.398 2265.627 2269.807 2261.923 2250.682 2246.419 2239.380 2235.384 2233.930 2240.834 2256.527 2254.508 2224.603 2198.752 2166.641 2130.414 2101.409 2090.458 2103.519 2097.753 2081.731 2067.641 2038.184 2028.115 2016.302 1990.897 1989.438 1995.868 2007.518 2019.992 2006.354 1990.147 1972.507 1952.683 1934.730 1927.879 1926.441 1923.477
2199.588 2206.579 2209.947 2216.343 2247.786 2281.119 2307.475 2330.205 2337.610 2326.158 2316.261 2303.528 2294.292 2301.341 2316.682 2333.446 2348.461 2359.510 2362.336 2360.928 2361.055 2363.457 2366.336 2369.805 2376.852 2384.149 2393.437 2403.012 2395.186 2378.572 2367.884 2356.618 2353.858 2354.033 2355.275 2356.209 2345.062 2309.822 2281.071 2250.320 2227.129 2211.102 2204.897 2187.408 2165.554 2118.854 2081.689 2050.146 2028.435 2004.525 2008.237 2029.506 2066.784 2066.251 2054.669 2038.949 2015.304 1992.038 1970.123 1965.350 1963.436 1958.839
2322.241 2326.445 2329.687 2334.121 2357.870 2396.242 2433.448 2463.090 2464.669 2453.018 2442.064 2432.201 2419.752 2416.023 2425.898 2438.816 2456.633 2467.412 2475.260 2473.311 2473.605 2474.633 2476.744 2478.640 2481.315 2489.472 2502.716 2515.420 2515.606 2499.810 2482.599 2466.165 2461.501 2457.504 2452.482 2454.047 2455.764 2445.031 2417.950 2381.401 2341.243 2320.689 2303.646 2292.822 2277.704 2246.579 2189.950 2156.976 2122.426 2093.312 2085.159 2140.083 2150.254 2139.812 2127.388 2105.004 2078.131 2054.370 2031.171 2026.323 2022.127 2014.807
2436.594 2443.258 2447.348 2454.836 2470.845 2497.936 2529.244 2556.734 2572.642 2566.762 2551.573 2531.987 2524.546 2522.441 2525.139 2533.017 2543.235 2560.462 2577.847 2583.349 2584.137 2581.586 2583.782 2585.077 2585.140 2587.057 2593.564 2601.932 2604.882 2598.736 2580.522 2559.076 2546.465 2539.132 2535.407 2535.130 2538.583 2540.309 2527.653 2496.441 2456.492 2425.937 2408.341 2394.950 2382.200 2371.575 2346.990 2328.863 2296.908 2252.847 2222.534 2243.147 2235.051 2224.558 2201.566 2171.861 2143.427 2112.930 2086.132 2074.259 2069.817 2066.926
2546.019 2550.443 2558.655 2573.552 2594.210 2610.266 2629.539 2653.000 2667.091 2672.416 2671.711 2669.076 2670.558 2670.803 2626.642 2631.232 2635.781 2647.814 2659.428 2663.486 2663.934 2662.143 2663.578 2664.117 2664.131 2663.774 2664.906 2668.479 2669.843 2668.153 2658.644 2669.230 2650.955 2638.462 2630.780 2622.994 2614.821 2605.623 2596.246 2578.726 2550.714 2517.918 2494.509 2485.607 2480.023 2473.267 2468.489 2453.341 2432.363 2400.785 2363.128 2336.770 2331.732 2316.168 2285.749 2259.735 2240.644 2206.197 2175.241 2156.030 2151.643 2140.005
2649.942 2654.421 2667.203 2681.873 2671.300 2677.167 2683.238 2689.270 2691.342 2691.935 2691.661 2689.376 2688.829 2686.817 2682.797 2672.897 2674.444 2676.159 2678.706 2682.311 2681.097 2682.104 2685.024 2683.408 2677.690 2673.893 2672.327 2673.043 2680.275 2683.556 2684.418 2682.256 2681.462 2680.755 2678.349 2675.346 2671.113 2665.698 2674.736 2663.962 2638.873 2603.052 2565.931 2555.835 2555.172 2555.831 2554.139 2548.880 2531.666 2505.401 2469.816 2432.735 2422.387 2409.258 2394.111 2380.679 2364.024 2326.526 2290.602 2266.125 2252.530 2228.615
2690.034 2692.550 2694.608 2691.495 2688.300 2683.576 2682.208 2680.925 2678.554 2679.211 2677.333 2673.410 2669.705 2662.612 2651.593 2640.431 2637.429 2641.872 2647.162 2651.866 2655.652 2659.144 2659.697 2654.655 2646.623 2639.406 2637.639 2644.250 2649.846 2655.669 2656.427 2655.053 2652.830 2652.824 2649.994 2650.342 2657.023 2670.837 2675.029 2679.185 2678.576 2666.803 2645.495 2647.680 2628.371 2633.335 2629.033 2618.064 2597.607 2574.400 2544.961 2516.175 2495.555 2488.181 2483.009 2476.668 2464.984 2428.958 2395.541 2366.061 2344.521 2319.330
2674.293 2681.218 2682.435 2675.553 2667.305 2660.403 2653.496 2651.391 2650.573 2650.201 2650.571 2645.408 2637.032 2621.129 2609.752 2598.764 2592.877 2590.093 2594.305 2604.743 2615.511 2620.302 2612.387 2604.543 2593.457 2585.498 2585.851 2587.477 2596.613 2611.804 2617.743 2618.424 2612.641 2607.142 2600.851 2598.247 2604.695 2619.498 2635.148 2649.452 2657.871 2665.197 2671.816 2672.794 2674.697 2675.722 2674.171 2675.057 2658.856 2636.941 2611.140 2587.057 2561.638 2556.695 2555.851 2552.237 2550.216 2520.229 2485.446 2452.300 2425.336 2399.355
2647.831 2650.360 2646.823 2640.515 2630.730 2620.106 2610.719 2604.076 2605.126 2607.494 2608.915 2602.307 2587.776 2570.611 2557.490 2543.905 2540.113 2534.884 2529.069 2539.366 2557.627 2564.369 2549.739 2539.498 2524.975 2518.099 2514.589 2515.704 2524.735 2545.636 2567.064 2568.591 2558.225 2547.956 2543.056 2539.961 2545.164 2562.061 2581.856 2596.795 2606.403 2611.589 2619.245 2628.408 2641.351 2655.008 2666.383 2672.728 2678.924 2675.838 2666.632 2656.886 2634.940 2621.360 2613.007 2608.477 2601.182 2579.033 2551.283 2524.727 2498.609 2476.030
2612.416 2609.388 2603.681 2597.039 2579.976 2568.205 2556.301 2542.541 2539.303 2535.807 2537.503 2526.589 2517.888 2500.869 2485.901 2470.671 2459.056 2453.500 2447.392 2448.624 2462.981 2471.663 2460.449 2450.579 2438.999 2433.747 2430.424 2432.552 2442.755 2463.278 2481.472 2488.905 2481.076 2477.646 2476.180 2474.428 2479.932 2491.871 2510.012 2530.939 2547.787 2556.859 2563.672 2572.851 2586.771 2600.285 2613.909 2630.892 2651.866 2666.796 2676.142 2678.108 2677.278 2671.626 2671.249 2661.228 2649.758 2631.365 2607.524 2581.080 2555.380 2538.276
2572.310 2566.510 2561.056 2542.559 2492.651 2473.830 2456.188 2441.191 2435.632 2428.353 2416.731 2408.386 2403.365 2401.670 2387.469 2370.497 2353.954 2349.205 2345.584 2332.409 2332.295 2334.100 2344.587 2337.997 2334.635 2334.617 2332.133 2334.211 2347.174 2356.589 2363.946 2370.057 2371.506 2379.717 2386.226 2392.789 2408.458 2419.695 2435.192 2455.105 2478.817 2492.407 2501.217 2511.200 2525.943 2541.641 2558.516 2580.147 2604.680 2620.178 2630.789 2642.227 2654.842 2668.957 2675.773 2682.663 2681.386 2677.034 2654.986 2628.225 2607.922 2590.600
2512.230 2510.147 2501.518 2454.118 2413.708 2381.654 2365.052 2343.240 2331.703 2318.699 2286.890 2271.743 2269.384 2280.193 2274.412 2258.890 2246.500 2238.109 2230.344 2215.173 2201.217 2206.730 2222.282 2220.792 2221.839 2227.900 2226.741 2221.434 2222.266 2235.000 2241.244 2251.238 2265.348 2269.265 2281.455 2310.648 2322.864 2336.893 2354.958 2374.914 2396.181 2416.610 2429.341 2443.343 2461.046 2476.935 2496.588 2518.693 2546.821 2566.543 2580.198 2590.702 2601.245 2616.174 2635.929 2653.798 2670.904 2681.018 2681.975 2672.955 2654.418 2636.357
2417.188 2411.643 2388.298 2340.220 2303.850 2278.921 2258.331 2236.213 2216.098 2184.774 2152.844 2132.862 2144.681 2154.742 2162.038 2150.117 2139.072 2129.789 2114.196 2098.464 2084.549 2094.539 2103.125 2117.220 2122.492 2126.190 2130.404 2128.897 2120.733 2119.872 2127.698 2137.068 2147.538 2164.452 2195.930 2219.273 2235.724 2254.909 2272.940 2293.605 2315.652 2336.565 2351.951 2369.188 2386.922 2406.750 2425.675 2448.451 2476.083 2500.363 2515.277 2529.285 2542.319 2560.889 2583.689 2605.610 2629.562 2650.392 2663.049 2675.643 2681.460 2677.479
2305.596 2289.310 2248.637 2208.408 2183.080 2166.950 2144.815 2124.267 2097.875 2066.769 2044.402 2025.261 2034.873 2044.403 2061.147 2051.666 2043.554 2039.694 2025.115 2011.976 1996.736 2003.700 2014.836 2035.373 2040.422 2044.102 2052.202 2051.081 2047.121 2033.068 2040.073 2049.937 2063.217 2091.524 2113.800 2135.571 2155.625 2173.916 2194.283 2215.698 2237.644 2262.016 2279.996 2297.587 2317.748 2336.213 2351.303 2368.655 2392.553 2413.442 2432.975 2453.730 2468.182 2491.771 2520.992 2549.630 2582.300 2605.347 2620.483 2632.939 2645.151 2663.953
2166.867 2123.162 2090.841 2066.023 2059.557 2046.407 2027.011 2008.583 1989.975 1967.763 1948.593 1925.146 1930.693 1945.698 1961.958 1960.746 1960.247 1958.534 1948.847 1935.678 1922.340 1926.132 1942.355 1959.740 1968.520 1975.604 1983.065 1982.722 1974.072 1964.358 1968.958 1983.007 1998.241 2016.275 2036.497 2056.485 2075.517 2096.559 2117.996 2139.671 2163.179 2188.183 2207.268 2229.223 2252.030 2268.430 2277.430 2286.788 2307.004 2322.864 2343.449 2364.883 2381.704 2408.394 2441.692 2481.642 2520.282 2557.514 2574.343 2587.618 2598.111 2613.991
2045.677 2014.738 1987.063 1977.393 1962.337 1948.832 1934.452 1915.467 1899.238 1884.014 1863.605 1851.184 1858.372 1872.262 1882.266 1887.792 1885.777 1883.571 1877.503 1863.993 1857.468 1866.873 1882.100 1896.208 1907.041 1913.703 1919.041 1915.917 1906.882 1902.301 1909.923 1924.761 1938.074 1953.015 1972.854 1992.170 2012.361 2033.386 2054.075 2077.048 2100.697 2124.970 2149.690 2170.829 2189.248 2197.570 2206.409 2208.153 2219.863 2235.223 2252.083 2273.267 2295.981 2321.731 2360.163 2399.977 2438.720 2477.022 2508.960 2528.196 2544.540 2564.295
1974.325 1945.938 1918.255 1894.437 1881.731 1875.535 1863.387 1846.886 1835.983 1821.014 1808.721 1812.890 1815.509 1825.447 1825.403 1826.632 1824.361 1823.891 1821.053 1813.205 1823.044 1830.021 1843.902 1854.159 1863.614 1869.426 1873.027 1873.375 1867.921 1872.373 1878.430 1891.890 1902.641 1915.979 1935.263 1951.245 1969.102 1989.801 2011.143 2033.393 2057.256 2083.247 2106.148 2123.090 2129.530 2137.889 2139.837 2129.784 2140.503 2152.351 2162.964 2182.817 2202.803 2224.618 2261.759 2305.578 2352.087 2389.312 2431.794 2457.467 2481.360 2503.308
1890.330 1862.043 1834.855 1814.221 1808.792 1798.772 1788.887 1777.592 1764.885 1756.830 1761.316 1759.482 1758.045 1757.739 1760.891 1764.330 1763.998 1763.252 1765.542 1774.641 1779.051 1784.498 1793.920 1805.028 1816.173 1819.834 1823.957 1827.787 1832.471 1834.975 1838.488 1848.835 1860.121 1872.215 1887.774 1904.501 1922.291 1943.513 1965.495 1989.062 2014.466 2040.621 2060.890 2068.770 2077.393 2078.759 2071.491 2064.995 2068.705 2079.426 2086.459 2103.079 2123.741 2135.804 2174.134 2221.388 2262.847 2298.413 2333.366 2372.556 2399.696 2424.851
1825.839 1797.830 1775.986 1761.058 1751.308 1741.453 1731.527 1719.379 1711.817 1712.261 1710.137 1708.382 1706.580 1709.966 1713.837 1718.454 1718.692 1719.728 1722.719 1727.133 1733.501 1742.824 1753.585 1765.685 1780.775 1785.555 1790.136 1795.855 1798.504 1801.648 1805.501 1816.229 1827.601 1839.192 1855.512 1872.677 1890.895 1912.514 1937.495 1966.551 1992.610 2018.401 2041.232 2049.889 2053.190 2050.903 2043.734 2029.602 2026.652 2035.539 2036.390 2046.235 2064.068 2072.450 2100.125 2140.040 2167.672 2201.786 2239.715 2290.295 2319.016 2350.713
1757.459 1737.064 1721.500 1703.199 1690.515 1680.350 1671.912 1666.279 1665.519 1663.187 1661.916 1660.875 1659.095 1660.939 1665.344 1669.445 1671.928 1674.909 1678.917 1685.530 1694.598 1702.833 1714.636 1729.311 1744.493 1751.338 1756.820 1762.706 1766.976 1771.120 1774.656 1784.317 1795.697 1805.844 1822.546 1840.697 1859.529 1884.594 1913.688 1943.448 1969.125 1994.091 2019.710 2023.020 2023.904 2023.173 2008.336 1993.055 1985.519 1986.911 1987.444 1990.365 2000.458 2010.715 2031.397 2054.566 2081.667 2116.502 2163.504 2208.834 2241.751 2271.648
