tests/3D/Borden05m_nopit_001/output_maps/psiliqL0013N0007.asc
ncols         160
nrows         34
xllcorner     620200.000000
yllcorner     5168000.000000
cellsize      0.500000
NODATA_value  -9999.0
[rows 0 to 27 of 34, columns 0 to 63 of 160]
-9999.000 -9999.000 -9999.000 -9999.000 -9999.000 -9999.000 -9999.000 -9999.000 -9999.000 -9999.000 -9999.000 -9999.000 -9999.000 -9999.000 -9999.000 -9999.000 -9999.000 -9999.000 -9999.000 -9999.000 -9999.000 -9999.000 -9999.000 -9999.000 -9999.000 -9999.000 -9999.000 -9999.000 -9999.000 -9999.000 -9999.000 -9999.000 -9999.000 -9999.000 -9999.000 -9999.000 -9999.000 -9999.000 -9999.000 -9999.000 -9999.000 -9999.000 -9999.000 -9999.000 -9999.000 -9999.000 -9999.000 -9999.000 -9999.000 -9999.000 -9999.000 -9999.000 -9999.000 -9999.000 -9999.000 -9999.000 -9999.000 -9999.000 -9999.000 -9999.000 -9999.000 -9999.000 -9999.000 -9999.000
-9999.000 -9999.000 -9999.000 -9999.000 -9999.000 -9999.000 -9999.000 -9999.000 -9999.000 -9999.000 -9999.000 -9999.000 -9999.000 -9999.000 -9999.000 -9999.000 -9999.000 -9999.000 -9999.000 -9999.000 -9999.000 -9999.000 -9999.000 -9999.000 -9999.000 -9999.000 -9999.000 -9999.000 -9999.000 -9999.000 -9999.000 -9999.000 -9999.000 -9999.000 -9999.000 -9999.000 -9999.000 -9999.000 -9999.000 -9999.000 -9999.000 -9999.000 -9999.000 -9999.000 -9999.000 -9999.000 -9999.000 -9999.000 -9999.000 -9999.000 -9999.000 -9999.000 -9999.000 -9999.000 -9999.000 -9999.000 -9999.000 -9999.000 -9999.000 801.832 796.305 790.986 785.953 776.861
-9999.000 -9999.000 -9999.000 -9999.000 -9999.000 -9999.000 -9999.000 -9999.000 -9999.000 -9999.000 -9999.000 -9999.000 -9999.000 -9999.000 -9999.000 -9999.000 -9999.000 -9999.000 -9999.000 -9999.000 -9999.000 -9999.000 -9999.000 -9999.000 -9999.000 -9999.000 -9999.000 -9999.000 -9999.000 -9999.000 -9999.000 -9999.000 -9999.000 -9999.000 -9999.000 -9999.000 -9999.000 -9999.000 -9999.000 -9999.000 -9999.000 -9999.000 -9999.000 -9999.000 -9999.000 -9999.000 -9999.000 676.368 658.921 642.953 640.259 662.265 685.080 708.269 728.248 746.294 764.719 784.376 787.504 776.474 771.532 768.132 765.909 760.821
-9999.000 -9999.000 -9999.000 -9999.000 -9999.000 -9999.000 -9999.000 -9999.000 -9999.000 -9999.000 -9999.000 -9999.000 -9999.000 -9999.000 -9999.000 -9999.000 -9999.000 -9999.000 -9999.000 -9999.000 -9999.000 -9999.000 -9999.000 -9999.000 -9999.000 -9999.000 -9999.000 -9999.000 -9999.000 -9999.000 -9999.000 -9999.000 -9999.000 -9999.000 -9999.000 -9999.000 -9999.000 -9999.000 -9999.000 -9999.000 724.830 730.561 731.507 720.735 709.247 696.808 676.672 658.995 643.969 641.138 643.383 647.942 669.906 693.914 712.935 729.351 748.025 767.710 770.280 759.427 751.003 745.790 745.745 748.020
-9999.000 -9999.000 -9999.000 -9999.000 -9999.000 -9999.000 -9999.000 -9999.000 -9999.000 -9999.000 -9999.000 -9999.000 -9999.000 -9999.000 -9999.000 -9999.000 -9999.000 -9999.000 -9999.000 -9999.000 -9999.000 -9999.000 -9999.000 -9999.000 -9999.000 -9999.000 -9999.000 -9999.000 -9999.000 -9999.000 -9999.000 -9999.000 -9999.000 -9999.000 634.061 651.240 668.935 686.888 703.174 709.583 715.271 720.740 716.315 711.332 699.664 680.253 660.474 646.414 643.951 641.063 644.838 657.077 673.159 688.609 708.776 731.546 740.087 751.272 753.814 748.476 749.480 750.734 751.859 749.877
-9999.000 -9999.000 -9999.000 -9999.000 -9999.000 -9999.000 -9999.000 -9999.000 -9999.000 -9999.000 -9999.000 -9999.000 -9999.000 -9999.000 -9999.000 -9999.000 -9999.000 -9999.000 -9999.000 -9999.000 -9999.000 -9999.000 -9999.000 -9999.000 -9999.000 -9999.000 -9999.000 -9999.000 639.950 633.851 628.504 626.655 624.970 623.494 630.100 641.792 659.360 680.512 692.952 699.701 705.934 706.256 700.799 698.342 698.205 685.927 673.796 662.398 651.328 649.172 658.012 671.309 686.637 700.563 715.015 724.947 741.076 761.433 768.648 762.195 756.650 753.414 753.656 753.266
-9999.000 -9999.000 -9999.000 -9999.000 -9999.000 -9999.000 -9999.000 -9999.000 -9999.000 -9999.000 -9999.000 -9999.000 -9999.000 -9999.000 -9999.000 -9999.000 -9999.000 -9999.000 -9999.000 -9999.000 -9999.000 -9999.000 -9999.000 611.396 616.993 623.206 630.308 630.894 626.591 620.682 617.265 615.330 613.159 617.140 624.742 637.758 652.955 674.128 682.044 687.510 699.112 701.174 706.167 709.569 707.162 703.595 690.379 680.320 684.531 689.467 695.208 702.057 714.254 728.397 744.448 763.295 783.310 802.111 816.908 810.390 801.661 790.866 790.771 793.050
-9999.000 -9999.000 -9999.000 -9999.000 -9999.000 -9999.000 -9999.000 -9999.000 -9999.000 -9999.000 -9999.000 -9999.000 -9999.000 -9999.000 -9999.000 -9999.000 -9999.000 -9999.000 -9999.000 587.256 587.955 588.820 593.177 593.761 595.588 602.182 609.896 611.781 609.642 607.714 608.716 610.838 614.543 625.181 638.274 651.672 664.735 684.727 698.574 711.285 726.387 724.726 719.751 716.950 716.465 715.703 718.957 720.626 725.553 729.101 734.175 742.026 751.920 768.560 786.698 804.693 821.035 837.810 854.711 848.957 837.483 823.498 822.185 828.738
-9999.000 -9999.000 -9999.000 -9999.000 -9999.000 -9999.000 -9999.000 -9999.000 -9999.000 -9999.000 -9999.000 -9999.000 -9999.000 -9999.000 -9999.000 -9999.000 559.241 560.869 562.758 567.861 570.337 573.924 580.418 581.186 584.486 591.081 595.409 603.551 610.920 617.554 622.779 624.672 631.314 640.036 650.933 665.191 685.597 707.401 722.414 737.948 753.724 753.070 750.755 750.630 749.840 755.011 771.031 775.258 775.150 790.207 802.457 805.816 811.546 828.373 849.771 871.059 898.020 916.784 936.042 935.724 918.168 909.456 913.058 924.298
-9999.000 -9999.000 -9999.000 -9999.000 -9999.000 -9999.000 -9999.000 -9999.000 -9999.000 -9999.000 -9999.000 -9999.000 -9999.000 514.181 518.072 527.191 535.868 537.949 541.727 547.242 558.915 561.957 567.576 574.515 585.598 593.455 601.850 612.839 620.377 626.658 632.690 637.417 649.582 663.586 678.019 696.782 717.121 736.092 754.957 768.905 781.013 781.643 778.888 779.463 785.469 800.905 817.745 825.335 841.975 862.891 874.337 884.078 890.577 901.366 919.703 951.245 984.162 1009.418 1022.109 1033.691 1027.681 1028.033 1030.677 1036.530
-9999.000 -9999.000 -9999.000 -9999.000 -9999.000 -9999.000 -9999.000 -9999.000 -9999.000 -9999.000 481.716 483.830 480.027 479.604 484.154 495.702 508.748 514.820 525.677 545.803 562.671 565.382 579.122 588.368 594.147 603.728 615.836 627.591 643.338 654.615 665.096 683.413 698.334 713.192 729.166 747.390 765.373 791.950 816.741 827.624 848.032 857.533 852.645 850.745 857.326 871.394 890.745 912.322 931.768 954.852 970.446 982.471 990.849 1000.756 1013.746 1045.245 1082.702 1110.766 1132.527 1145.899 1147.366 1148.445 1149.849 1154.498
-9999.000 -9999.000 -9999.000 -9999.000 -9999.000 -9999.000 -9999.000 -9999.000 457.975 464.884 470.648 467.208 462.147 457.823 470.730 485.857 501.130 517.775 532.879 550.015 564.345 579.566 598.083 608.609 619.079 633.076 645.410 661.292 681.029 692.553 708.002 727.519 744.245 760.082 776.439 792.186 816.415 847.211 876.300 896.570 921.590 942.277 939.414 939.723 941.787 964.858 991.575 1019.351 1042.390 1067.271 1094.049 1109.288 1117.493 1127.564 1140.150 1155.652 1180.570 1207.707 1236.080 1253.158 1259.590 1258.943 1259.893 1266.250
-9999.000 -9999.000 -9999.000 -9999.000 -9999.000 -9999.000 432.061 455.932 470.406 462.039 452.006 447.790 443.160 464.685 485.585 501.786 517.640 534.120 549.436 561.587 594.234 610.162 623.104 639.956 652.748 665.516 681.161 702.650 722.666 750.692 774.934 796.880 820.376 837.269 853.098 868.497 896.478 930.159 963.082 988.623 1012.513 1039.606 1044.385 1047.499 1052.222 1069.829 1098.048 1125.338 1156.223 1185.527 1209.317 1218.803 1226.860 1235.851 1246.893 1256.935 1269.091 1292.737 1317.678 1340.443 1355.752 1358.878 1363.710 1367.817
-9999.000 -9999.000 -9999.000 -9999.000 399.520 420.147 439.851 470.042 491.974 486.165 492.184 491.519 488.828 491.223 496.745 513.536 530.580 547.755 564.234 598.083 639.574 653.321 676.069 705.832 717.393 730.341 744.065 764.558 789.071 819.692 860.555 894.621 916.880 936.176 953.569 971.930 1001.420 1034.671 1067.342 1097.726 1124.067 1146.197 1156.128 1161.244 1170.307 1183.696 1202.016 1226.338 1254.383 1283.596 1306.235 1317.968 1323.926 1332.492 1341.079 1351.297 1361.609 1376.112 1395.004 1421.096 1439.078 1448.793 1456.694 1460.992
-9999.000 -9999.000 -9999.000 351.157 389.494 426.629 453.209 483.421 514.532 518.653 526.301 530.359 534.263 541.405 548.759 563.964 577.814 590.976 610.623 644.906 677.495 705.411 734.448 759.016 777.251 790.173 805.272 826.033 861.994 895.785 941.490 989.777 1022.065 1042.197 1059.729 1082.314 1102.701 1134.064 1164.742 1193.918 1221.928 1243.386 1259.364 1264.437 1271.288 1277.714 1291.887 1310.948 1330.341 1356.567 1382.521 1404.577 1416.563 1424.755 1438.952 1453.236 1464.324 1476.516 1473.383 1482.631 1487.363 1489.576 1491.982 1494.209
-9999.000 -9999.000 304.508 341.842 375.898 425.975 478.044 511.219 550.885 573.683 578.969 594.632 608.917 614.344 628.018 642.931 657.069 660.466 673.424 701.937 748.825 790.999 810.612 858.233 887.292 909.898 922.926 945.159 975.431 1012.599 1055.914 1100.136 1133.729 1160.270 1172.300 1187.154 1205.596 1225.045 1254.571 1280.080 1307.772 1330.704 1349.779 1354.811 1357.833 1371.357 1393.057 1416.172 1438.106 1459.263 1463.763 1472.826 1476.788 1478.999 1482.475 1484.857 1486.004 1485.329 1483.572 1477.774 1472.151 1471.531 1475.418 1482.216
-9999.000 -9999.000 278.305 322.688 363.226 430.014 507.605 543.654 585.030 628.520 645.042 666.685 677.654 686.463 706.825 726.488 733.801 736.487 732.654 783.465 836.722 884.559 930.739 990.188 1029.162 1040.121 1047.622 1063.678 1083.996 1122.244 1164.930 1211.632 1250.105 1276.359 1288.448 1302.398 1318.678 1332.886 1348.439 1383.476 1406.963 1429.525 1453.379 1471.380 1478.006 1479.911 1470.175 1477.586 1482.612 1484.779 1485.408 1481.989 1481.217 1481.810 1482.757 1477.854 1471.492 1465.168 1460.396 1454.095 1448.701 1447.234 1449.842 1452.934
-9999.000 190.428 242.278 295.415 364.239 431.290 514.117 592.654 645.592 688.851 714.668 725.268 762.059 801.675 823.440 846.580 844.687 844.436 830.956 872.629 917.429 987.710 1090.408 1140.042 1176.590 1175.105 1167.185 1176.458 1196.642 1234.635 1294.518 1335.502 1381.977 1416.513 1427.756 1431.343 1445.597 1462.308 1452.314 1470.033 1477.647 1484.000 1484.720 1485.596 1486.085 1485.994 1482.715 1476.398 1468.733 1463.275 1459.306 1454.805 1457.208 1460.470 1461.398 1454.827 1447.376 1440.085 1432.979 1426.479 1420.803 1417.023 1415.335 1413.155
-9999.000 155.391 214.888 286.296 356.991 426.576 531.068 667.879 716.773 749.763 770.145 793.577 867.430 927.501 956.726 994.861 985.771 971.039 955.758 983.253 1027.070 1093.565 1222.971 1299.389 1319.273 1327.023 1331.587 1354.211 1385.894 1416.516 1443.815 1444.498 1464.770 1474.138 1476.096 1476.370 1478.471 1477.907 1475.257 1471.371 1466.626 1466.703 1470.495 1470.245 1467.546 1464.622 1459.213 1451.774 1446.300 1441.725 1438.993 1436.013 1434.540 1434.793 1430.836 1425.644 1417.064 1407.919 1399.179 1389.616 1379.969 1374.649 1376.675 1371.008
-9999.000 127.350 197.744 261.486 328.349 444.725 567.698 698.327 786.093 819.076 842.950 909.729 1001.693 1087.654 1131.692 1151.261 1150.156 1128.111 1129.222 1167.361 1224.063 1303.847 1381.502 1448.548 1457.859 1459.165 1440.651 1450.613 1459.846 1460.942 1461.375 1463.337 1467.945 1470.291 1468.916 1466.073 1461.472 1453.687 1448.764 1445.513 1442.045 1441.568 1444.100 1445.097 1442.616 1438.881 1434.462 1428.865 1422.870 1416.430 1412.674 1408.889 1406.975 1402.562 1398.600 1393.200 1379.985 1367.242 1354.336 1342.865 1331.459 1319.471 1321.503 1319.326
-9999.000 31.591 118.361 174.981 294.835 464.995 588.569 735.973 873.526 909.108 980.960 1088.910 1182.729 1246.639 1280.951 1316.486 1339.597 1358.181 1386.699 1350.565 1397.115 1442.307 1459.677 1467.209 1465.919 1466.063 1457.846 1438.691 1428.309 1421.593 1423.179 1430.228 1435.549 1440.858 1438.726 1439.124 1438.954 1435.423 1431.754 1423.729 1416.247 1410.637 1408.975 1414.200 1409.421 1406.367 1400.708 1393.115 1384.928 1377.701 1370.514 1364.278 1361.932 1356.903 1355.924 1348.531 1322.025 1303.849 1288.708 1272.854 1253.441 1234.764 1234.035 1228.839
-9999.000 -49.176 28.047 121.429 262.852 425.443 557.806 722.311 919.189 1025.039 1134.627 1195.185 1259.599 1314.327 1369.836 1407.736 1425.784 1430.330 1418.285 1422.937 1389.047 1379.472 1393.612 1416.839 1427.825 1430.829 1422.044 1411.263 1404.128 1403.001 1401.702 1400.317 1398.697 1396.578 1393.432 1395.194 1399.546 1393.633 1385.446 1377.612 1370.496 1362.461 1357.164 1354.032 1352.967 1352.957 1345.967 1336.202 1326.294 1318.744 1311.685 1306.651 1304.762 1300.551 1293.675 1282.611 1256.382 1231.507 1210.831 1186.120 1149.298 1136.788 1130.405 1119.327
-9999.000 -144.141 -25.019 71.362 196.738 333.501 461.198 623.110 769.344 977.518 1128.746 1214.648 1246.842 1295.686 1348.667 1406.878 1406.952 1374.403 1340.036 1322.187 1323.452 1329.708 1340.110 1357.279 1372.569 1380.753 1381.787 1373.815 1360.138 1350.891 1344.373 1334.836 1327.931 1326.813 1327.249 1334.036 1336.358 1327.485 1314.990 1299.555 1286.063 1275.917 1273.192 1274.634 1274.859 1271.787 1265.530 1255.838 1244.218 1233.463 1226.818 1222.197 1216.331 1207.613 1197.902 1186.909 1163.191 1142.964 1121.160 1087.214 1046.899 1015.644 1001.896 966.167
-9999.000 -9999.000 -98.567 12.627 122.671 246.430 364.241 508.679 656.026 832.254 942.458 1057.632 1119.151 1157.779 1202.189 1249.755 1262.308 1275.338 1254.063 1253.919 1256.459 1258.993 1265.795 1275.081 1286.346 1294.755 1301.153 1298.551 1289.237 1272.449 1252.835 1237.908 1229.372 1222.769 1231.701 1242.808 1240.207 1233.849 1222.423 1207.354 1194.852 1181.718 1178.287 1178.933 1179.337 1176.914 1172.970 1161.101 1149.209 1138.274 1133.653 1128.534 1124.102 1114.548 1104.438 1093.331 1072.980 1051.021 1027.206 989.905 951.551 912.723 876.530 846.588
-9999.000 -9999.000 -182.119 -72.752 43.459 167.125 268.804 351.396 502.668 615.941 713.687 803.312 876.476 931.898 970.371 1024.646 1058.180 1069.014 1082.218 1104.961 1125.628 1148.141 1162.499 1172.643 1184.438 1195.903 1203.549 1191.815 1180.914 1164.751 1144.366 1122.293 1110.918 1107.331 1109.976 1115.496 1110.311 1101.253 1087.652 1072.645 1060.275 1049.364 1045.701 1042.939 1042.127 1039.800 1037.260 1029.503 1019.197 1012.462 1005.360 1000.433 998.467 992.982 985.323 980.799 966.280 943.193 917.927 888.126 853.025 825.787 796.341 767.899
-9999.000 -9999.000 -9999.000 -139.396 -46.433 27.311 122.982 187.974 260.766 365.650 468.828 574.085 635.191 684.191 732.999 776.635 812.582 837.488 863.132 917.240 950.226 987.830 1022.122 1038.410 1051.769 1066.251 1068.603 1059.594 1050.425 1035.551 1013.007 991.032 980.927 984.172 982.948 982.628 977.074 973.534 964.274 952.954 940.869 934.004 930.397 925.688 922.087 918.532 915.358 910.998 904.159 896.440 891.868 890.401 887.816 884.883 879.729 873.398 865.278 839.913 816.554 794.380 765.656 735.859 708.744 680.357
-9999.000 -9999.000 -9999.000 -9999.000 -9999.000 -125.698 -23.921 70.129 137.448 196.575 274.046 372.492 416.821 466.265 520.971 564.867 608.527 653.217 708.016 747.355 796.025 828.726 864.332 898.975 912.016 923.992 931.080 922.452 913.927 902.073 879.491 864.846 862.936 863.270 863.422 860.704 856.011 851.088 846.282 834.094 825.171 821.480 817.759 814.056 809.762 806.494 803.612 801.649 794.061 789.833 792.484 790.471 788.388 786.782 781.015 774.049 766.315 743.755 725.503 712.880 682.462 657.774 640.049 611.862
-9999.000 -9999.000 -9999.000 -9999.000 -9999.000 -9999.000 -168.158 -74.728 -1.627 72.405 153.325 219.291 247.553 288.162 336.628 395.533 460.609 510.894 552.930 593.930 637.407 674.076 708.687 745.898 761.495 771.370 783.831 777.572 769.462 762.627 749.112 750.108 744.620 744.483 743.775 743.434 738.030 732.669 728.387 721.638 718.677 713.487 709.664 705.924 701.724 698.004 695.484 693.297 689.693 692.760 693.569 692.776 691.006 688.663 682.233 673.808 665.934 652.558 640.388 627.567 605.989 589.059 569.848 547.498
