tests/3D/Borden05m_nopit_001/output_maps/psiliqL0015N0026.asc
ncols         160
nrows         34
xllcorner     620200.000000
yllcorner     5168000.000000
cellsize      0.500000
NODATA_value  -9999.0
[rows 0 to 27 of 34, columns 63 to 125 of 160]
-9999.000 -9999.000 -9999.000 -9999.000 -9999.000 -9999.000 -9999.000 -9999.000 -9999.000 -9999.000 -9999.000 -9999.000 -9999.000 -9999.000 -9999.000 -9999.000 -9999.000 -9999.000 -9999.000 -9999.000 -9999.000 -9999.000 -9999.000 -9999.000 -9999.000 -9999.000 -9999.000 -9999.000 -9999.000 -9999.000 -9999.000 -9999.000 -9999.000 -9999.000 -9999.000 -9999.000 -9999.000 -9999.000 -9999.000 -9999.000 -9999.000 -9999.000 -9999.000 -9999.000 -9999.000 -9999.000 -9999.000 -9999.000 -9999.000 -9999.000 -9999.000 -9999.000 -9999.000 -9999.000 -9999.000 -9999.000 -9999.000 -9999.000 -9999.000 -9999.000 -9999.000 -9999.000 -9999.000
1176.576 1167.174 1158.680 1154.486 1153.340 1152.351 1151.737 1156.744 1164.587 1172.070 1179.044 1181.324 1183.623 1185.682 1186.019 1184.705 1181.390 1178.018 1174.561 1172.964 1164.955 1153.587 1144.835 1142.072 1146.443 1150.896 1153.408 1159.191 1169.920 1180.761 1189.396 1201.498 1207.632 1212.952 1216.068 1212.226 1208.976 1205.381 1200.315 1189.393 -9999.000 -9999.000 -9999.000 -9999.000 -9999.000 -9999.000 -9999.000 -9999.000 -9999.000 -9999.000 -9999.000 -9999.000 -9999.000 -9999.000 -9999.000 -9999.000 -9999.000 -9999.000 -9999.000 -9999.000 -9999.000 -9999.000 -9999.000
1160.604 1151.756 1146.288 1140.638 1138.421 1138.244 1138.070 1141.916 1151.980 1159.756 1164.332 1166.712 1169.205 1168.579 1167.886 1167.466 1164.483 1160.966 1157.507 1155.636 1156.155 1148.507 1142.894 1139.362 1137.478 1140.028 1142.490 1146.114 1155.621 1163.828 1172.070 1186.638 1199.329 1204.831 1202.553 1197.893 1194.384 1187.868 1177.960 1167.859 1158.371 1151.725 1146.531 1141.061 1147.459 1154.565 1164.632 1174.413 1186.564 1198.815 -9999.000 -9999.000 -9999.000 -9999.000 -9999.000 -9999.000 -9999.000 -9999.000 -9999.000 -9999.000 -9999.000 -9999.000 -9999.000
1147.868 1144.114 1139.151 1133.421 1141.823 1142.756 1143.550 1146.570 1149.253 1152.477 1154.990 1160.160 1168.962 1171.510 1171.856 1171.824 1169.830 1166.574 1164.641 1161.787 1156.487 1155.182 1155.267 1154.767 1159.535 1161.023 1162.970 1156.564 1160.350 1166.672 1173.663 1180.197 1186.984 1190.979 1188.007 1187.699 1179.692 1166.298 1155.758 1147.782 1146.492 1143.645 1136.124 1123.622 1131.248 1147.183 1152.079 1155.527 1167.275 1179.656 1190.026 1192.518 1192.266 1191.989 1189.353 1175.593 1160.978 1146.160 1127.591 -9999.000 -9999.000 -9999.000 -9999.000
1149.861 1146.381 1143.589 1155.277 1164.021 1165.313 1167.776 1171.145 1170.507 1158.574 1156.018 1163.907 1173.880 1179.316 1179.294 1178.954 1176.460 1175.258 1174.751 1172.478 1172.882 1175.000 1174.436 1178.653 1184.175 1187.116 1179.806 1170.936 1172.131 1180.138 1188.596 1196.151 1206.951 1218.471 1218.013 1213.032 1204.651 1191.854 1169.191 1150.553 1140.189 1133.396 1126.651 1127.551 1124.685 1136.718 1138.745 1140.976 1149.278 1159.741 1170.169 1176.219 1175.764 1175.257 1172.920 1163.510 1148.863 1134.170 1117.316 1091.624 1063.156 1037.167 1035.580
1152.743 1154.792 1166.001 1178.712 1191.951 1193.952 1195.874 1194.939 1185.858 1175.425 1171.601 1185.813 1201.714 1209.577 1209.737 1208.201 1214.237 1212.858 1211.268 1206.446 1208.098 1208.787 1217.782 1225.204 1232.277 1230.530 1218.595 1207.211 1206.071 1209.420 1213.442 1220.086 1230.583 1240.581 1236.066 1229.892 1221.093 1193.894 1168.438 1152.907 1153.907 1154.873 1150.734 1148.384 1146.096 1140.125 1140.245 1139.848 1139.675 1151.948 1164.713 1168.334 1162.149 1158.499 1156.355 1148.053 1137.013 1121.670 1104.826 1085.803 1057.732 1051.398 1042.536
1191.179 1198.140 1209.847 1225.615 1248.240 1249.755 1251.859 1253.512 1241.810 1229.210 1218.040 1236.058 1245.992 1254.024 1254.762 1263.519 1272.850 1268.218 1260.314 1249.680 1255.637 1266.375 1281.124 1287.807 1291.707 1290.025 1278.707 1272.995 1272.095 1275.048 1273.376 1278.731 1289.081 1304.507 1304.511 1297.194 1276.198 1240.612 1208.374 1190.361 1197.826 1192.185 1186.458 1184.189 1171.605 1162.126 1163.263 1154.598 1149.213 1161.294 1167.852 1169.653 1162.911 1168.350 1161.090 1142.079 1125.128 1110.013 1095.690 1079.949 1073.169 1063.961 1056.025
1223.307 1232.390 1250.007 1270.906 1292.935 1298.817 1299.783 1308.680 1301.812 1292.055 1283.702 1295.809 1307.124 1318.138 1326.832 1339.036 1349.984 1339.271 1326.506 1320.487 1325.661 1345.706 1363.210 1368.006 1368.860 1371.185 1361.531 1355.364 1349.349 1345.194 1340.158 1336.773 1356.195 1373.770 1373.072 1351.246 1328.842 1293.884 1257.982 1228.712 1231.550 1230.208 1231.172 1218.349 1204.859 1191.080 1183.770 1176.127 1163.560 1170.175 1175.666 1185.425 1194.332 1195.978 1179.598 1162.226 1143.033 1124.707 1110.525 1105.170 1099.645 1089.787 1083.085
1314.325 1320.379 1334.800 1356.478 1385.796 1404.453 1421.257 1424.757 1416.168 1407.063 1393.966 1392.668 1410.080 1421.461 1431.284 1441.227 1453.247 1457.781 1454.482 1453.668 1456.787 1464.415 1473.775 1480.216 1485.117 1490.191 1485.354 1475.055 1469.493 1461.535 1455.942 1454.083 1458.355 1471.241 1469.870 1443.706 1418.367 1387.872 1352.810 1323.923 1310.144 1319.719 1311.801 1295.795 1279.543 1247.984 1234.988 1221.679 1194.832 1192.363 1200.433 1213.090 1223.960 1209.568 1193.311 1175.283 1155.155 1136.399 1129.616 1128.201 1125.182 1119.033 1116.343
1426.546 1430.088 1436.499 1467.431 1500.534 1527.697 1550.432 1557.990 1547.043 1537.087 1524.815 1515.335 1520.089 1534.326 1550.575 1565.649 1576.541 1579.801 1578.493 1578.662 1580.654 1583.463 1586.442 1592.658 1599.751 1609.398 1619.866 1613.548 1597.144 1585.625 1573.044 1569.125 1568.577 1568.284 1569.111 1561.178 1529.841 1502.723 1472.729 1447.410 1429.707 1419.985 1402.841 1382.352 1338.281 1301.112 1269.326 1245.738 1220.558 1221.490 1244.444 1278.102 1274.763 1263.247 1246.932 1222.896 1199.118 1175.992 1170.316 1167.955 1162.956 1156.536 1151.273
1545.146 1548.923 1554.380 1576.342 1612.795 1648.695 1677.374 1679.973 1669.578 1658.862 1648.563 1637.270 1633.670 1641.899 1653.319 1669.646 1680.624 1689.512 1688.371 1688.706 1689.267 1691.237 1692.980 1695.073 1702.321 1714.444 1726.050 1726.860 1712.966 1696.209 1679.529 1673.548 1668.615 1663.524 1664.600 1666.197 1658.520 1633.953 1599.362 1559.339 1536.493 1518.290 1507.471 1493.389 1467.780 1417.000 1387.743 1354.995 1324.568 1310.606 1357.410 1361.898 1351.451 1337.799 1314.689 1288.314 1263.851 1239.505 1232.725 1228.017 1220.498 1214.518 1206.514
1658.585 1663.503 1672.103 1687.773 1711.754 1740.483 1766.594 1782.795 1778.095 1764.619 1746.660 1740.686 1739.081 1741.211 1748.068 1756.640 1772.430 1788.532 1793.860 1794.586 1792.117 1794.167 1795.290 1795.318 1796.605 1801.855 1809.266 1811.946 1806.821 1790.394 1770.236 1756.867 1749.023 1745.103 1744.027 1746.420 1747.210 1735.882 1707.416 1670.277 1639.373 1620.290 1606.526 1594.561 1585.029 1565.485 1549.076 1519.789 1478.172 1446.435 1456.181 1447.722 1436.952 1413.734 1385.009 1358.588 1327.749 1299.583 1285.009 1279.567 1275.244 1268.932 1258.310
1762.025 1770.789 1785.570 1804.533 1818.672 1835.792 1857.236 1869.931 1875.299 1875.210 1873.492 1875.155 1875.329 1843.401 1846.892 1850.329 1859.042 1868.171 1871.233 1871.556 1870.258 1871.431 1871.820 1871.911 1871.562 1871.913 1874.497 1875.482 1874.254 1866.784 1872.359 1855.230 1843.371 1836.032 1828.543 1820.418 1811.366 1802.314 1786.421 1760.247 1728.458 1703.836 1694.304 1689.037 1683.354 1679.145 1665.163 1645.297 1615.946 1579.605 1550.181 1543.239 1527.949 1499.866 1476.379 1459.189 1425.476 1393.712 1372.494 1365.993 1352.010 1336.260 1322.166
1858.801 1870.830 1884.209 1877.203 1881.451 1885.847 1890.215 1891.715 1892.145 1891.946 1889.731 1889.335 1887.591 1883.215 1873.684 1875.190 1876.751 1879.248 1882.768 1881.483 1882.420 1885.317 1883.794 1878.289 1874.673 1873.112 1873.642 1880.737 1883.878 1884.675 1883.302 1882.597 1882.078 1880.327 1878.143 1875.066 1871.133 1876.364 1866.425 1843.259 1810.323 1775.841 1764.167 1761.914 1763.053 1761.244 1756.195 1739.235 1713.777 1679.500 1643.400 1630.804 1618.252 1605.303 1593.503 1578.239 1542.117 1506.401 1480.593 1464.969 1440.402 1420.847 1402.983
1893.656 1895.008 1891.827 1888.509 1883.891 1882.652 1881.414 1879.087 1879.762 1877.888 1874.056 1870.571 1864.047 1853.386 1842.231 1839.596 1844.129 1849.200 1853.607 1856.954 1860.293 1861.203 1856.441 1848.669 1841.670 1839.831 1846.261 1851.755 1857.113 1857.789 1856.424 1854.375 1854.523 1851.979 1852.415 1858.827 1872.012 1877.156 1880.148 1879.687 1871.139 1855.683 1851.729 1832.826 1837.086 1832.963 1822.231 1802.330 1779.843 1751.637 1724.102 1702.335 1694.898 1690.082 1684.090 1673.867 1639.803 1606.977 1576.981 1554.294 1529.134 1506.152 1485.043
1881.883 1883.197 1876.424 1868.387 1861.696 1855.124 1853.172 1852.182 1851.728 1852.007 1846.924 1839.156 1823.977 1812.725 1801.783 1795.928 1793.798 1798.503 1808.408 1818.248 1822.872 1815.862 1808.420 1797.814 1789.927 1790.216 1792.226 1801.117 1815.216 1820.102 1820.708 1815.377 1810.530 1804.481 1802.182 1808.640 1823.112 1838.020 1851.454 1859.386 1866.443 1872.725 1875.380 1876.720 1877.421 1876.251 1875.736 1860.566 1839.993 1816.177 1792.990 1767.928 1762.155 1760.630 1756.864 1754.801 1726.617 1692.835 1660.212 1632.943 1607.160 1583.722 1561.625
1852.075 1848.893 1842.618 1832.953 1822.570 1813.367 1807.339 1808.395 1810.758 1812.007 1805.827 1791.816 1775.053 1762.147 1748.725 1745.011 1740.203 1735.580 1745.990 1763.287 1769.608 1755.925 1746.099 1732.011 1724.939 1721.746 1723.080 1732.181 1752.038 1771.716 1772.879 1762.902 1753.039 1748.034 1745.026 1750.624 1767.651 1786.794 1800.988 1810.061 1815.154 1822.726 1831.738 1843.807 1856.703 1867.440 1874.867 1879.388 1877.079 1870.329 1858.909 1838.422 1825.253 1816.360 1811.387 1803.665 1782.494 1755.688 1729.647 1703.584 1681.450 1662.439 1637.125
1811.899 1806.417 1799.988 1785.224 1773.833 1762.532 1749.470 1746.606 1743.906 1745.959 1735.380 1726.162 1708.738 1693.964 1678.938 1668.411 1662.936 1657.188 1660.317 1675.250 1684.093 1671.745 1661.743 1649.538 1643.796 1640.494 1642.393 1652.445 1673.620 1691.744 1698.545 1690.408 1685.599 1683.188 1681.346 1686.359 1699.087 1717.404 1737.424 1752.942 1761.519 1768.319 1777.501 1791.113 1804.255 1817.426 1833.767 1853.397 1867.495 1876.350 1879.218 1878.500 1874.275 1871.764 1862.081 1851.063 1833.635 1810.480 1784.328 1758.703 1741.540 1724.615 1706.864
1769.508 1764.105 1748.274 1701.651 1684.218 1667.316 1653.022 1648.130 1641.513 1632.762 1624.543 1619.097 1614.794 1600.361 1583.648 1567.787 1563.078 1559.360 1548.909 1551.744 1554.374 1561.031 1554.068 1549.294 1547.991 1545.436 1548.044 1561.163 1571.734 1580.384 1586.100 1585.361 1592.075 1597.617 1601.830 1616.623 1628.203 1643.935 1663.695 1686.256 1698.713 1707.158 1716.961 1731.436 1746.906 1763.293 1784.497 1808.079 1822.959 1833.154 1844.243 1856.191 1869.518 1877.059 1882.673 1881.544 1876.725 1855.782 1830.416 1810.114 1792.664 1778.197 1764.018
1716.266 1708.597 1665.958 1625.609 1594.555 1578.160 1557.363 1546.981 1536.053 1508.461 1494.676 1490.893 1498.860 1491.419 1475.613 1462.765 1454.955 1448.178 1434.646 1423.868 1428.973 1442.538 1439.369 1438.837 1443.665 1442.071 1437.728 1441.003 1454.278 1461.123 1470.402 1482.221 1485.583 1495.045 1521.352 1533.333 1546.899 1564.977 1584.863 1605.807 1625.027 1637.074 1650.482 1667.881 1683.426 1702.814 1724.766 1752.106 1770.790 1783.982 1794.295 1804.684 1819.258 1838.165 1854.847 1870.831 1880.934 1881.344 1874.498 1854.945 1837.530 1823.072 1814.049
1623.107 1603.366 1557.852 1520.691 1494.437 1474.355 1452.526 1434.569 1407.028 1376.696 1357.688 1366.610 1375.670 1379.838 1367.376 1355.965 1346.732 1332.667 1317.572 1305.291 1314.529 1323.049 1333.765 1337.920 1341.468 1344.550 1343.047 1336.752 1338.930 1346.744 1355.949 1365.580 1379.542 1408.546 1431.236 1446.800 1465.468 1483.422 1503.995 1525.812 1545.849 1560.514 1577.375 1594.934 1614.400 1633.489 1656.510 1683.998 1707.221 1721.454 1734.682 1747.406 1765.432 1787.460 1808.532 1831.356 1851.275 1862.921 1874.844 1881.363 1878.033 1865.394 1852.254
1509.321 1472.878 1433.206 1404.324 1385.587 1363.704 1342.971 1317.892 1288.261 1264.961 1246.402 1255.152 1263.843 1278.004 1267.753 1258.496 1253.816 1239.576 1226.380 1211.868 1219.235 1229.623 1248.099 1252.485 1255.857 1263.083 1261.758 1258.371 1246.900 1254.280 1263.727 1276.311 1303.028 1325.438 1347.144 1366.479 1384.497 1404.579 1425.939 1447.683 1471.221 1488.645 1505.783 1525.513 1543.954 1559.948 1578.444 1602.649 1623.597 1642.158 1661.871 1676.093 1698.990 1727.186 1754.292 1785.487 1807.160 1821.749 1833.897 1845.883 1863.534 1873.547 1875.339
1351.831 1320.714 1292.199 1281.348 1266.846 1246.947 1228.129 1209.300 1186.181 1166.114 1143.248 1148.428 1162.459 1177.805 1174.477 1172.645 1170.477 1160.262 1147.100 1133.835 1137.593 1153.154 1170.097 1177.969 1184.625 1191.940 1191.647 1183.786 1174.505 1179.255 1192.707 1207.710 1226.545 1247.020 1267.041 1285.757 1306.469 1327.770 1349.310 1372.627 1397.164 1415.453 1436.968 1459.412 1476.364 1486.142 1497.153 1518.430 1534.644 1554.815 1575.607 1591.708 1618.147 1650.513 1689.164 1726.609 1761.448 1776.997 1789.711 1799.941 1815.512 1834.929 1853.283
1235.971 1208.063 1195.519 1179.689 1164.985 1149.637 1130.595 1113.546 1097.148 1076.587 1061.813 1068.422 1082.210 1093.187 1097.450 1095.157 1092.723 1086.067 1072.647 1064.285 1073.186 1088.432 1102.865 1113.207 1119.764 1125.365 1122.320 1113.562 1108.026 1115.533 1130.276 1143.913 1159.548 1179.542 1199.159 1219.269 1240.220 1260.927 1283.852 1307.429 1331.454 1355.470 1376.675 1395.877 1404.782 1414.086 1418.105 1431.198 1446.979 1464.490 1485.467 1507.532 1533.743 1571.737 1610.700 1648.324 1685.117 1714.030 1732.184 1747.535 1766.789 1787.004 1803.886
1160.578 1132.662 1109.127 1095.002 1087.688 1074.899 1057.653 1045.987 1030.543 1015.859 1018.028 1021.171 1032.100 1033.036 1034.130 1031.652 1030.994 1027.451 1018.146 1026.409 1033.692 1047.960 1058.446 1067.788 1073.729 1077.500 1077.437 1071.270 1074.951 1081.339 1095.080 1106.054 1119.913 1139.508 1155.718 1173.816 1194.541 1215.885 1238.209 1262.012 1287.812 1310.714 1328.246 1335.569 1344.460 1347.839 1339.571 1351.221 1363.696 1375.418 1395.454 1415.585 1438.896 1475.929 1518.823 1563.835 1600.408 1640.491 1664.169 1686.795 1708.197 1731.463 1752.826
1074.252 1046.693 1024.938 1018.212 1008.161 997.836 985.939 973.018 963.359 966.011 964.088 963.149 963.785 966.925 970.041 969.483 968.625 970.256 977.994 982.326 987.792 997.626 1008.681 1019.404 1023.171 1027.271 1030.660 1034.683 1037.125 1040.898 1051.544 1062.871 1075.266 1091.162 1107.903 1125.824 1147.085 1168.892 1192.234 1217.609 1243.528 1263.476 1271.844 1280.746 1282.959 1276.717 1271.024 1276.180 1287.202 1295.538 1313.097 1333.741 1348.325 1387.769 1434.438 1476.337 1511.432 1545.934 1581.760 1607.934 1632.080 1662.471 1688.782
1007.184 983.948 967.952 958.213 948.371 938.374 925.850 917.158 916.605 914.471 912.643 910.993 914.407 918.200 922.672 922.662 923.425 926.244 930.571 936.655 945.830 956.578 968.511 983.186 987.782 992.300 997.835 1000.405 1003.464 1007.417 1018.307 1029.684 1041.461 1057.868 1075.014 1093.365 1114.970 1139.835 1168.663 1194.593 1220.195 1242.358 1250.987 1254.612 1252.550 1245.951 1232.636 1230.533 1240.136 1241.961 1253.060 1271.649 1281.555 1312.207 1353.509 1382.207 1416.185 1452.971 1500.806 1528.324 1559.179 1589.180 1618.835
944.020 927.475 908.948 896.480 886.311 877.395 870.717 869.287 866.718 865.221 864.108 862.461 864.560 868.878 872.976 875.223 878.037 881.593 887.926 896.897 905.266 917.055 931.623 946.555 953.027 958.432 964.126 968.181 972.271 975.923 985.789 997.224 1007.802 1024.667 1042.787 1061.432 1086.558 1115.623 1145.126 1170.614 1195.507 1220.445 1223.754 1224.788 1224.066 1209.885 1194.636 1187.925 1189.866 1190.539 1195.518 1206.358 1217.241 1240.653 1265.798 1293.760 1328.682 1374.841 1419.735 1451.272 1481.022 1510.210 1535.672
