tests/3D/Borden05m_nopit_001/output_maps/psiliqL0029N0011.asc
ncols         160
nrows         34
xllcorner     620200.000000
yllcorner     5168000.000000
cellsize      0.500000
NODATA_value  -9999.0
[rows 0 to 27 of 34, columns 62 to 123 of 160]
-9999.000 -9999.000 -9999.000 -9999.000 -9999.000 -9999.000 -9999.000 -9999.000 -9999.000 -9999.000 -9999.000 -9999.000 -9999.000 -9999.000 -9999.000 -9999.000 -9999.000 -9999.000 -9999.000 -9999.000 -9999.000 -9999.000 -9999.000 -9999.000 -9999.000 -9999.000 -9999.000 -9999.000 -9999.000 -9999.000 -9999.000 -9999.000 -9999.000 -9999.000 -9999.000 -9999.000 -9999.000 -9999.000 -9999.000 -9999.000 -9999.000 -9999.000 -9999.000 -9999.000 -9999.000 -9999.000 -9999.000 -9999.000 -9999.000 -9999.000 -9999.000 -9999.000 -9999.000 -9999.000 -9999.000 -9999.000 -9999.000 -9999.000 -9999.000 -9999.000 -9999.000 -9999.000
3983.002 3974.584 3965.260 3957.534 3953.308 3952.088 3951.234 3950.534 3955.285 3963.318 3970.884 3977.653 3980.026 3982.310 3984.034 3984.168 3983.011 3979.730 3976.329 3972.903 3971.127 3963.919 3952.835 3944.630 3941.946 3946.054 3950.353 3952.792 3957.795 3968.075 3978.603 3987.170 3999.867 4007.135 4012.503 4014.970 4010.974 4007.734 4003.693 3997.283 3986.154 -9999.000 -9999.000 -9999.000 -9999.000 -9999.000 -9999.000 -9999.000 -9999.000 -9999.000 -9999.000 -9999.000 -9999.000 -9999.000 -9999.000 -9999.000 -9999.000 -9999.000 -9999.000 -9999.000 -9999.000 -9999.000
3963.197 3959.090 3950.632 3945.539 3940.024 3937.170 3937.130 3936.925 3940.431 3951.274 3958.966 3963.416 3966.023 3968.868 3966.941 3966.045 3965.786 3962.827 3959.274 3955.844 3953.933 3955.600 3947.982 3941.848 3937.822 3934.549 3937.329 3940.077 3944.924 3953.992 3961.811 3969.717 3985.075 3998.415 4004.195 4001.621 3997.106 3993.263 3985.658 3974.715 3964.789 3957.077 3951.181 3945.850 3939.250 3945.756 3953.916 3963.095 3971.609 3983.693 3995.987 -9999.000 -9999.000 -9999.000 -9999.000 -9999.000 -9999.000 -9999.000 -9999.000 -9999.000 -9999.000 -9999.000
3943.120 3946.813 3943.627 3938.740 3930.263 3940.602 3941.484 3942.017 3945.104 3946.618 3952.129 3954.392 3959.644 3968.541 3971.301 3971.643 3971.594 3969.504 3966.147 3964.078 3961.206 3955.854 3953.851 3953.318 3951.766 3955.629 3957.143 3960.318 3955.093 3959.706 3965.957 3972.941 3978.208 3984.211 3986.382 3983.070 3983.990 3975.653 3962.041 3952.489 3945.284 3946.043 3943.172 3935.250 3921.310 3929.921 3946.191 3951.039 3953.459 3964.424 3976.764 3987.452 3990.981 3990.737 3990.438 3987.474 3973.666 3958.971 3943.796 3925.115 -9999.000 -9999.000
3951.724 3949.757 3946.050 3941.069 3950.954 3958.944 3960.171 3962.412 3966.353 3967.464 3956.769 3954.750 3961.705 3971.122 3976.047 3976.143 3975.632 3971.493 3970.223 3969.987 3968.219 3967.349 3968.653 3965.620 3968.141 3973.550 3976.949 3972.323 3964.069 3966.636 3975.245 3984.587 3992.223 4002.256 4012.880 4013.447 4009.170 4000.761 3988.556 3966.319 3949.277 3938.290 3930.105 3922.836 3926.539 3921.471 3935.920 3937.769 3940.484 3947.626 3958.017 3968.843 3975.194 3974.503 3973.708 3971.218 3961.616 3946.852 3931.984 3914.205 3887.398 3858.448
3950.355 3949.080 3948.902 3956.710 3968.009 3978.421 3980.196 3981.786 3980.245 3973.031 3962.646 3960.178 3973.019 3989.815 3997.524 3996.711 3991.475 3993.639 3994.089 3995.102 3992.091 3992.480 3989.130 3993.480 4001.174 4009.349 4008.088 3995.590 3983.021 3983.286 3989.372 3997.177 4005.059 4015.161 4024.100 4019.323 4014.596 4007.799 3982.830 3961.197 3947.460 3947.802 3948.696 3944.373 3942.628 3942.298 3938.898 3939.303 3938.490 3938.340 3950.690 3964.197 3967.812 3961.020 3956.920 3954.673 3946.982 3935.377 3919.456 3902.377 3882.511 3854.484
3978.311 3978.086 3983.393 3993.150 4004.796 4025.988 4024.670 4024.471 4022.183 4008.851 3995.398 3985.696 4008.778 4020.012 4026.808 4023.197 4027.177 4035.523 4032.184 4026.303 4013.812 4019.259 4024.489 4039.679 4047.916 4053.554 4048.180 4033.601 4026.572 4028.798 4036.267 4038.292 4047.902 4056.276 4071.120 4069.528 4067.469 4048.080 4010.902 3982.633 3971.744 3984.400 3978.932 3972.532 3973.207 3962.776 3956.405 3959.518 3951.791 3947.497 3960.402 3967.562 3968.907 3960.833 3965.894 3959.356 3938.125 3921.722 3907.449 3893.207 3875.669 3870.005
3981.837 3985.290 3995.563 4012.831 4029.781 4048.916 4045.468 4036.709 4046.442 4039.364 4028.184 4020.854 4044.743 4054.427 4064.354 4069.188 4081.876 4092.103 4073.974 4055.723 4044.094 4051.584 4078.636 4102.335 4107.115 4105.685 4104.327 4087.499 4083.048 4080.379 4081.984 4080.056 4078.646 4105.628 4128.301 4128.298 4106.973 4084.298 4043.616 4005.545 3982.752 3998.653 3994.924 3999.021 3989.844 3978.794 3973.623 3972.602 3966.544 3958.018 3967.988 3972.450 3980.063 3986.777 3992.275 3975.799 3958.295 3939.257 3921.851 3907.948 3901.293 3894.890
4030.588 4044.520 4052.992 4072.414 4088.130 4112.858 4123.071 4132.682 4136.689 4130.007 4121.590 4109.856 4116.868 4142.498 4154.161 4162.041 4169.977 4182.757 4181.964 4174.041 4171.904 4176.598 4191.665 4207.508 4214.327 4216.873 4218.811 4203.303 4189.703 4188.680 4183.931 4183.917 4183.468 4196.941 4219.635 4215.983 4176.709 4149.563 4113.389 4074.228 4044.904 4040.993 4062.741 4062.317 4046.222 4037.494 4013.251 4010.450 4002.324 3980.469 3981.476 3983.737 3992.802 4009.211 3997.376 3981.212 3964.456 3945.303 3929.266 3922.150 3920.558 3917.632
4147.772 4156.660 4159.593 4165.953 4198.673 4232.580 4256.920 4279.636 4286.659 4273.942 4264.192 4250.305 4241.679 4254.466 4272.566 4290.615 4305.482 4316.923 4318.665 4317.002 4317.024 4320.448 4323.498 4328.187 4337.308 4345.114 4353.497 4360.834 4349.231 4332.084 4323.467 4315.479 4315.601 4317.573 4322.638 4323.823 4304.623 4259.605 4226.751 4194.084 4176.183 4164.320 4166.872 4148.483 4123.175 4069.859 4032.654 4001.668 3984.592 3963.794 3974.388 3991.374 4037.624 4044.025 4032.193 4017.869 3995.110 3973.029 3954.041 3951.422 3950.520 3946.823
4276.228 4279.689 4281.594 4283.473 4311.691 4354.857 4395.329 4427.380 4426.406 4411.617 4400.067 4391.291 4375.953 4371.901 4385.890 4402.550 4424.089 4434.371 4439.619 4435.650 4435.836 4438.027 4440.492 4442.763 4446.891 4457.315 4473.354 4488.798 4487.417 4466.859 4448.502 4432.672 4431.288 4429.617 4424.754 4427.522 4429.521 4411.125 4377.735 4336.263 4295.736 4280.878 4266.698 4255.821 4238.068 4193.103 4121.800 4079.471 4040.352 4014.454 4020.746 4095.889 4120.184 4109.666 4100.215 4079.546 4051.324 4029.213 4008.774 4008.644 4005.613 3998.677
4397.761 4404.940 4406.961 4411.668 4428.525 4463.388 4501.142 4532.081 4547.258 4538.425 4518.954 4495.303 4484.191 4480.834 4484.952 4495.379 4509.714 4530.533 4551.120 4557.059 4557.997 4555.238 4557.796 4559.516 4559.664 4563.152 4572.794 4583.546 4587.166 4578.458 4555.764 4531.088 4520.358 4514.286 4511.035 4512.732 4518.816 4522.858 4506.855 4468.746 4421.739 4392.018 4378.097 4365.593 4350.829 4337.413 4300.163 4277.677 4238.979 4188.731 4161.894 4209.584 4202.300 4192.397 4169.860 4137.594 4104.009 4074.249 4050.752 4045.507 4043.438 4043.998
4516.536 4521.487 4528.321 4543.504 4568.404 4589.249 4613.904 4642.407 4659.988 4665.207 4662.960 4658.032 4659.059 4659.480 4584.740 4592.074 4599.401 4619.733 4637.557 4644.103 4644.861 4641.834 4643.922 4644.831 4644.649 4644.266 4647.344 4653.381 4655.687 4652.831 4638.212 4661.313 4640.159 4626.065 4617.507 4608.959 4600.640 4591.052 4580.831 4559.210 4526.565 4491.209 4470.785 4463.403 4456.970 4447.465 4441.196 4423.054 4399.216 4361.980 4320.938 4302.143 4301.755 4285.385 4249.004 4216.539 4192.565 4156.148 4127.070 4112.735 4113.492 4107.573
4638.688 4643.470 4658.136 4676.034 4656.541 4666.454 4676.712 4686.905 4690.405 4691.407 4690.944 4688.483 4687.558 4684.876 4681.747 4670.922 4672.571 4674.669 4677.337 4681.153 4680.116 4681.292 4684.268 4682.413 4676.159 4671.901 4670.318 4671.494 4679.058 4682.678 4683.693 4679.544 4678.513 4677.319 4673.255 4668.181 4661.030 4651.883 4670.404 4657.506 4627.566 4584.487 4540.714 4534.504 4537.751 4537.136 4535.654 4529.783 4511.839 4483.453 4444.488 4404.834 4399.976 4385.265 4364.475 4346.811 4326.523 4285.423 4248.823 4227.510 4218.824 4196.375
4686.788 4689.784 4693.607 4690.663 4687.775 4682.786 4681.096 4679.700 4677.219 4677.833 4675.941 4671.788 4667.536 4659.020 4647.106 4635.921 4632.000 4636.217 4642.053 4647.498 4652.377 4656.250 4655.909 4650.162 4641.473 4633.706 4632.114 4639.167 4645.008 4651.987 4652.936 4651.525 4648.852 4648.443 4644.875 4644.983 4652.307 4667.664 4669.439 4676.463 4675.439 4655.551 4619.553 4637.019 4616.624 4623.264 4618.423 4606.761 4584.801 4559.676 4527.024 4494.971 4477.067 4469.689 4463.453 4456.057 4440.531 4399.411 4364.325 4335.946 4317.079 4291.618
4672.419 4679.555 4680.528 4673.376 4664.598 4657.171 4649.423 4646.936 4646.547 4646.381 4646.979 4641.614 4631.716 4614.005 4602.312 4591.207 4585.240 4580.818 4583.798 4595.565 4608.649 4613.854 4603.675 4594.820 4582.530 4574.386 4574.893 4575.550 4585.291 4603.200 4611.760 4612.614 4605.685 4598.539 4591.621 4588.228 4594.621 4610.222 4627.688 4644.123 4653.710 4661.653 4669.051 4665.768 4668.993 4670.738 4668.134 4672.408 4653.505 4628.097 4597.183 4570.697 4544.208 4541.146 4541.800 4538.348 4536.207 4501.481 4463.962 4429.275 4402.838 4376.123
4644.479 4646.070 4641.645 4635.256 4625.171 4613.944 4604.098 4595.914 4596.951 4599.332 4601.180 4593.505 4577.669 4559.501 4545.842 4531.846 4527.860 4521.576 4512.778 4522.790 4543.459 4551.251 4534.248 4522.964 4507.350 4500.959 4496.650 4497.209 4506.055 4529.557 4555.350 4557.771 4546.415 4535.113 4530.456 4527.117 4531.303 4547.842 4569.230 4585.986 4596.880 4602.242 4610.040 4619.504 4634.542 4650.005 4662.863 4666.377 4676.625 4671.443 4655.925 4650.180 4624.381 4609.550 4602.305 4598.623 4592.126 4567.250 4536.854 4508.717 4482.164 4458.178
4607.552 4603.111 4596.841 4589.665 4566.856 4554.133 4540.722 4525.218 4521.043 4515.557 4516.361 4504.610 4497.196 4481.193 4465.735 4449.995 4435.661 4429.900 4422.890 4419.379 4432.292 4440.569 4432.186 4422.640 4412.618 4408.585 4405.206 4407.899 4418.469 4437.353 4455.708 4464.710 4457.634 4457.631 4458.506 4456.955 4463.656 4473.590 4491.253 4514.401 4534.522 4544.775 4551.549 4560.640 4575.241 4589.580 4604.218 4622.676 4646.861 4663.702 4674.087 4673.592 4672.252 4662.777 4667.456 4656.291 4643.371 4622.230 4596.321 4568.787 4542.526 4525.192
4565.033 4559.013 4553.433 4528.268 4470.147 4447.857 4428.366 4411.612 4404.386 4395.452 4376.649 4367.990 4364.031 4368.857 4355.234 4337.611 4319.364 4314.511 4311.132 4291.146 4283.657 4283.396 4303.453 4297.795 4297.955 4301.145 4298.831 4299.577 4312.142 4318.657 4322.771 4329.856 4336.759 4348.697 4357.598 4370.013 4387.841 4398.189 4413.060 4433.309 4459.848 4476.210 4485.862 4496.216 4511.540 4527.700 4545.675 4568.236 4594.987 4611.852 4623.304 4635.390 4649.423 4665.225 4669.917 4679.658 4677.642 4674.062 4648.833 4618.144 4597.380 4579.906
4496.775 4494.848 4483.821 4424.517 4383.955 4349.402 4332.282 4307.929 4293.504 4275.312 4232.959 4214.407 4215.607 4233.518 4231.890 4217.076 4205.831 4195.983 4185.746 4166.479 4144.573 4151.101 4171.621 4174.324 4179.313 4188.451 4188.376 4180.649 4175.367 4186.738 4191.467 4203.238 4223.058 4228.345 4247.338 4283.720 4296.493 4311.648 4329.642 4349.732 4371.753 4395.146 4409.521 4424.927 4443.301 4459.943 4480.136 4502.484 4532.422 4554.557 4569.161 4579.908 4590.569 4606.084 4627.621 4648.085 4667.582 4677.274 4679.119 4664.148 4647.601 4627.347
4389.111 4382.984 4350.628 4296.136 4261.747 4240.128 4218.269 4195.429 4169.917 4129.135 4093.213 4070.794 4089.854 4102.420 4117.532 4106.963 4096.831 4087.422 4068.006 4050.680 4032.679 4044.544 4053.294 4075.834 4083.892 4087.962 4094.999 4093.474 4080.631 4072.163 4080.007 4089.776 4102.331 4126.607 4164.249 4189.203 4207.842 4228.288 4246.474 4267.326 4289.900 4312.946 4330.068 4348.168 4366.248 4386.878 4405.275 4427.303 4455.134 4481.876 4498.284 4514.002 4527.537 4547.155 4571.527 4595.172 4621.501 4644.113 4658.759 4672.447 4675.878 4669.593
4264.249 4239.283 4188.035 4146.414 4129.969 4120.357 4097.591 4077.506 4047.829 4013.037 3993.004 3972.407 3984.172 3995.798 4019.000 4011.442 4006.191 4004.379 3988.953 3975.952 3958.892 3964.844 3977.846 4003.533 4010.236 4014.682 4024.962 4024.344 4018.942 3998.425 4004.481 4015.376 4030.381 4062.645 4084.567 4106.479 4128.303 4147.244 4168.288 4189.800 4212.203 4238.603 4257.908 4276.559 4297.713 4316.135 4328.853 4343.211 4366.188 4386.753 4408.511 4431.638 4446.391 4471.396 4502.817 4534.873 4570.762 4596.724 4612.650 4625.238 4637.317 4658.233
4108.486 4051.487 4016.159 4000.584 4005.079 3995.309 3977.170 3959.716 3941.662 3921.717 3904.788 3879.888 3886.349 3903.794 3922.336 3926.412 3929.244 3928.667 3920.299 3907.110 3893.588 3897.465 3915.337 3933.821 3944.871 3953.021 3960.840 3960.364 3949.734 3938.928 3943.142 3958.674 3974.469 3990.486 4010.055 4029.940 4049.733 4071.572 4093.313 4115.285 4139.223 4165.340 4186.353 4209.335 4232.966 4247.893 4254.839 4259.938 4277.356 4292.160 4313.585 4336.397 4354.754 4381.765 4417.034 4459.822 4500.977 4543.662 4563.091 4577.101 4587.508 4603.334
3994.253 3961.653 3934.561 3932.078 3918.955 3908.446 3896.488 3877.643 3863.463 3851.175 3831.146 3824.606 3833.242 3847.388 3854.960 3863.642 3862.320 3860.681 3856.084 3842.347 3840.411 3851.074 3866.251 3879.545 3891.600 3898.518 3903.192 3899.865 3890.130 3887.928 3895.828 3910.893 3923.380 3936.571 3956.002 3974.546 3994.910 4016.093 4036.702 4059.756 4083.540 4108.379 4134.796 4155.703 4172.086 4178.860 4186.428 4182.366 4190.479 4204.624 4219.673 4241.157 4265.242 4289.548 4328.733 4370.279 4411.363 4452.914 4491.819 4513.087 4531.152 4551.305
3937.632 3909.336 3882.237 3857.711 3848.552 3845.153 3834.606 3819.966 3810.971 3797.188 3790.874 3800.042 3801.349 3808.810 3806.316 3807.882 3806.127 3806.126 3805.047 3800.843 3814.619 3820.828 3833.737 3843.420 3853.155 3858.636 3861.811 3863.178 3859.500 3865.871 3871.092 3883.834 3894.014 3906.034 3924.521 3939.913 3957.142 3977.745 3999.051 4021.076 4045.042 4071.460 4094.301 4109.703 4113.858 4120.796 4119.065 4104.436 4112.695 4122.822 4130.486 4149.679 4169.063 4186.864 4223.956 4269.714 4319.533 4357.892 4405.801 4435.811 4462.123 4484.592
3859.641 3831.522 3805.259 3787.429 3785.242 3775.298 3766.513 3756.725 3744.551 3740.506 3749.575 3747.967 3745.283 3742.621 3745.802 3750.046 3750.279 3749.812 3753.751 3766.249 3770.852 3776.247 3784.636 3795.874 3808.071 3811.464 3815.637 3820.564 3826.891 3829.543 3832.396 3841.982 3853.157 3864.482 3879.177 3895.849 3913.289 3934.382 3956.769 3980.861 4006.294 4032.989 4054.002 4060.595 4068.445 4067.610 4057.680 4049.065 4049.032 4058.854 4062.460 4076.540 4097.025 4102.531 4137.774 4186.148 4226.105 4262.388 4297.937 4344.928 4373.780 4400.653
3802.155 3774.443 3756.080 3743.822 3734.044 3724.159 3714.407 3703.198 3698.463 3701.399 3699.300 3697.728 3695.546 3698.860 3702.924 3707.905 3708.762 3710.477 3713.897 3718.528 3725.605 3735.295 3746.084 3758.598 3774.722 3779.957 3784.691 3790.864 3793.706 3797.052 3800.646 3810.959 3822.305 3833.414 3849.500 3866.690 3884.549 3906.177 3931.417 3961.005 3987.344 4013.554 4038.001 4046.664 4049.080 4046.148 4037.460 4021.176 4015.988 4022.943 4021.200 4027.728 4043.456 4047.788 4067.742 4103.871 4128.467 4162.497 4202.797 4259.679 4290.764 4323.829
3736.810 3719.674 3706.562 3688.825 3675.601 3665.446 3658.203 3655.182 3656.097 3654.358 3653.652 3652.789 3650.677 3651.883 3656.506 3660.615 3663.686 3667.080 3672.218 3679.529 3688.837 3696.739 3708.571 3723.511 3739.316 3747.087 3752.757 3759.116 3763.917 3768.189 3771.424 3780.563 3791.790 3800.847 3817.123 3835.331 3854.608 3879.492 3908.626 3938.988 3965.096 3990.195 4017.462 4020.713 4021.149 4020.313 4003.744 3988.278 3978.559 3978.443 3978.471 3976.069 3984.099 3992.560 4006.158 4024.090 4048.693 4082.920 4131.583 4177.492 4213.276 4242.877
