tests/3D/Borden05m_nopit_001/output_maps/psiliqL0027N0007.asc
ncols         160
nrows         34
xllcorner     620200.000000
yllcorner     5168000.000000
cellsize      0.500000
NODATA_value  -9999.0
[rows 0 to 27 of 34, columns 62 to 123 of 160]
-9999.000 -9999.000 -9999.000 -9999.000 -9999.000 -9999.000 -9999.000 -9999.000 -9999.000 -9999.000 -9999.000 -9999.000 -9999.000 -9999.000 -9999.000 -9999.000 -9999.000 -9999.000 -9999.000 -9999.000 -9999.000 -9999.000 -9999.000 -9999.000 -9999.000 -9999.000 -9999.000 -9999.000 -9999.000 -9999.000 -9999.000 -9999.000 -9999.000 -9999.000 -9999.000 -9999.000 -9999.000 -9999.000 -9999.000 -9999.000 -9999.000 -9999.000 -9999.000 -9999.000 -9999.000 -9999.000 -9999.000 -9999.000 -9999.000 -9999.000 -9999.000 -9999.000 -9999.000 -9999.000 -9999.000 -9999.000 -9999.000 -9999.000 -9999.000 -9999.000 -9999.000 -9999.000
3583.371 3574.869 3565.534 3557.698 3553.477 3552.268 3551.394 3550.707 3555.494 3563.499 3571.054 3577.852 3580.212 3582.498 3584.270 3584.433 3583.254 3579.968 3576.572 3573.141 3571.391 3564.069 3552.945 3544.662 3541.968 3546.114 3550.435 3552.886 3558.002 3568.346 3578.920 3587.499 3600.113 3607.221 3612.585 3615.147 3611.177 3607.939 3603.965 3597.752 3586.656 -9999.000 -9999.000 -9999.000 -9999.000 -9999.000 -9999.000 -9999.000 -9999.000 -9999.000 -9999.000 -9999.000 -9999.000 -9999.000 -9999.000 -9999.000 -9999.000 -9999.000 -9999.000 -9999.000 -9999.000 -9999.000
3563.536 3559.307 3550.793 3545.646 3540.112 3537.349 3537.289 3537.089 3540.643 3551.375 3559.079 3563.547 3566.122 3568.917 3567.175 3566.309 3566.027 3563.064 3559.517 3556.083 3554.178 3555.681 3548.060 3542.000 3538.046 3534.972 3537.719 3540.428 3545.101 3554.233 3562.109 3570.064 3585.312 3598.561 3604.304 3601.775 3597.243 3593.451 3586.006 3575.216 3565.271 3557.314 3551.321 3546.019 3539.591 3546.093 3554.115 3563.434 3572.143 3584.249 3596.548 -9999.000 -9999.000 -9999.000 -9999.000 -9999.000 -9999.000 -9999.000 -9999.000 -9999.000 -9999.000 -9999.000
3543.448 3546.964 3543.697 3538.799 3530.714 3540.777 3541.666 3542.236 3545.314 3546.995 3552.179 3554.477 3559.718 3568.602 3571.332 3571.674 3571.628 3569.551 3566.209 3564.160 3561.291 3555.947 3554.044 3553.600 3552.199 3556.191 3557.702 3560.703 3555.310 3559.807 3566.069 3573.056 3578.506 3584.622 3587.058 3583.797 3584.545 3576.259 3562.683 3552.996 3545.687 3546.161 3543.302 3535.447 3521.723 3530.206 3546.440 3551.309 3553.891 3564.984 3577.349 3588.020 3591.427 3591.209 3590.941 3588.053 3574.280 3559.626 3544.528 3525.884 -9999.000 -9999.000
3551.741 3549.772 3546.098 3541.429 3551.572 3559.669 3560.906 3563.179 3567.038 3567.899 3557.027 3554.932 3562.020 3571.517 3576.515 3576.594 3576.108 3572.204 3570.944 3570.669 3568.829 3568.141 3569.563 3566.882 3569.646 3575.072 3578.406 3573.398 3565.057 3567.430 3575.954 3585.172 3592.798 3602.943 3613.698 3614.121 3609.748 3601.347 3589.062 3566.771 3549.507 3538.618 3530.640 3523.456 3526.770 3522.028 3536.145 3538.034 3540.696 3548.022 3558.444 3569.237 3575.571 3574.941 3574.215 3571.776 3562.232 3547.516 3532.705 3515.094 3488.497 3459.661
3550.768 3549.603 3549.744 3558.038 3569.538 3580.354 3582.161 3583.799 3582.344 3574.864 3564.472 3561.810 3574.847 3591.516 3599.247 3598.573 3593.866 3596.583 3596.772 3597.413 3594.144 3594.714 3591.941 3596.955 3604.611 3612.629 3611.299 3598.883 3586.484 3586.550 3592.246 3599.513 3607.220 3617.381 3626.475 3621.738 3616.809 3609.730 3584.448 3562.275 3548.288 3548.733 3549.646 3545.360 3543.540 3542.943 3539.190 3539.569 3538.833 3538.698 3551.059 3564.483 3568.125 3561.448 3557.441 3555.238 3547.492 3536.001 3520.197 3503.190 3483.489 3455.500
3579.869 3579.956 3585.500 3595.536 3607.770 3629.167 3628.254 3628.384 3626.659 3613.560 3600.229 3590.317 3612.676 3623.724 3630.697 3627.707 3632.369 3640.857 3637.333 3631.163 3618.938 3624.458 3630.475 3645.603 3653.619 3659.009 3654.163 3640.051 3633.212 3634.993 3641.818 3643.317 3652.321 3660.981 3675.911 3674.550 3671.744 3652.130 3615.186 3586.356 3574.457 3586.380 3580.897 3574.604 3574.870 3564.144 3557.344 3560.192 3552.348 3547.919 3560.729 3567.827 3569.264 3561.408 3566.553 3559.944 3539.064 3522.617 3508.262 3494.048 3476.809 3471.030
3586.880 3590.721 3600.825 3618.142 3635.656 3655.205 3653.090 3645.720 3655.333 3648.286 3637.309 3629.833 3652.039 3661.956 3672.038 3677.424 3690.042 3700.373 3683.304 3665.836 3655.010 3662.169 3688.220 3711.035 3715.817 3714.715 3713.884 3698.082 3693.387 3690.242 3691.026 3688.655 3686.966 3712.871 3734.820 3734.721 3713.328 3690.697 3650.839 3613.085 3589.374 3603.418 3600.040 3603.701 3594.016 3582.631 3576.246 3574.344 3568.079 3558.997 3568.511 3573.145 3581.093 3588.150 3593.129 3576.701 3559.252 3540.229 3522.731 3508.830 3502.405 3496.172
3640.897 3654.492 3662.619 3681.327 3697.895 3723.278 3734.697 3745.336 3749.270 3742.316 3733.801 3721.873 3727.697 3752.153 3763.776 3771.934 3780.157 3792.828 3792.797 3785.535 3783.587 3788.056 3802.061 3816.978 3823.744 3826.627 3829.014 3815.032 3801.905 3800.235 3795.030 3794.221 3793.573 3805.735 3827.031 3823.709 3786.313 3759.430 3724.074 3685.506 3656.253 3650.942 3670.961 3669.479 3653.410 3643.622 3618.351 3614.112 3605.267 3582.721 3583.256 3586.375 3595.982 3611.631 3599.465 3583.323 3566.423 3547.172 3530.788 3523.764 3522.243 3519.351
3758.136 3766.644 3769.664 3776.031 3808.496 3842.288 3867.031 3889.750 3896.849 3884.385 3874.607 3860.950 3852.202 3863.841 3881.389 3899.182 3914.079 3925.442 3927.400 3925.788 3925.832 3929.051 3932.068 3936.513 3945.220 3952.925 3961.489 3969.275 3958.428 3941.389 3932.360 3923.718 3923.266 3924.881 3929.184 3930.322 3912.738 3869.680 3837.652 3805.374 3786.423 3773.736 3774.546 3756.348 3731.743 3679.763 3642.582 3611.501 3593.517 3572.118 3581.358 3599.227 3643.709 3648.753 3637.002 3622.432 3599.532 3577.251 3557.717 3554.709 3553.648 3549.815
3885.431 3889.040 3891.213 3893.603 3920.927 3963.134 4002.953 4034.522 4034.058 4019.897 4008.467 3999.473 3984.714 3980.726 3993.892 4009.804 4030.599 4040.980 4046.748 4043.184 4043.391 4045.350 4047.744 4049.941 4053.779 4063.750 4079.231 4094.128 4093.061 4073.457 4055.331 4039.383 4037.344 4035.212 4030.320 4032.851 4034.799 4017.940 3985.818 3945.337 3904.892 3888.903 3874.161 3863.306 3846.094 3803.912 3735.559 3695.120 3656.935 3630.417 3633.844 3704.971 3726.470 3715.999 3705.987 3685.011 3657.097 3634.697 3613.748 3612.720 3609.502 3602.537
4005.528 4012.604 4015.038 4020.302 4036.989 4070.298 4106.763 4137.012 4152.335 4144.092 4125.478 4102.640 4092.263 4089.156 4092.990 4102.908 4116.419 4136.520 4156.466 4162.318 4163.226 4160.509 4162.995 4164.631 4164.763 4167.937 4176.953 4187.229 4190.717 4182.522 4160.726 4136.698 4125.595 4119.273 4115.931 4117.237 4122.800 4126.384 4111.057 4074.335 4028.748 3998.869 3984.224 3971.556 3957.208 3944.366 3909.668 3888.073 3850.746 3801.759 3774.254 3816.557 3809.143 3799.156 3776.565 3744.850 3712.338 3682.474 3658.363 3651.841 3649.348 3649.269
4122.433 4127.278 4134.388 4149.514 4173.565 4193.452 4217.031 4244.525 4261.408 4266.649 4264.710 4260.241 4261.359 4261.745 4193.121 4199.907 4206.678 4225.350 4241.932 4247.981 4248.677 4245.898 4247.855 4248.691 4248.549 4248.172 4250.861 4256.406 4258.525 4255.905 4242.309 4262.910 4242.334 4228.563 4220.184 4211.793 4203.508 4194.004 4183.958 4163.165 4131.456 4096.623 4075.614 4067.941 4061.693 4052.755 4046.804 4029.282 4006.040 3969.962 3929.626 3909.350 3908.066 3891.895 3856.746 3825.614 3802.663 3766.688 3737.285 3722.028 3721.811 3714.804
4240.939 4245.661 4259.950 4277.202 4259.493 4268.597 4278.018 4287.378 4290.592 4291.513 4291.088 4288.662 4287.813 4285.265 4281.958 4271.318 4272.947 4274.968 4277.612 4281.386 4280.314 4281.456 4284.422 4282.615 4276.468 4272.304 4270.725 4271.810 4279.310 4282.863 4283.850 4280.100 4279.119 4278.026 4274.298 4269.642 4263.080 4254.686 4271.317 4258.853 4229.893 4188.276 4145.847 4138.874 4141.355 4141.013 4139.510 4133.784 4116.012 4088.079 4049.821 4010.716 4004.798 3990.444 3970.827 3954.056 3934.545 3894.219 3857.809 3835.922 3826.314 3803.634
4287.438 4290.337 4293.807 4290.830 4287.880 4282.945 4281.318 4279.945 4277.486 4278.109 4276.220 4272.113 4267.970 4259.739 4248.004 4236.823 4233.086 4237.349 4243.076 4248.373 4253.033 4256.831 4256.669 4251.063 4242.507 4234.851 4233.225 4240.190 4245.984 4252.733 4253.646 4252.245 4249.665 4249.340 4245.924 4246.084 4253.285 4268.340 4270.606 4277.066 4276.135 4257.882 4224.836 4239.260 4219.100 4225.425 4220.713 4209.215 4187.584 4162.873 4130.897 4099.536 4081.129 4073.796 4067.821 4060.688 4045.985 4005.942 3971.251 3942.716 3923.381 3898.043
4272.794 4279.888 4280.909 4273.812 4265.140 4257.818 4250.238 4247.827 4247.352 4247.146 4247.698 4242.373 4232.779 4215.430 4203.801 4192.719 4186.768 4182.674 4185.900 4197.402 4210.023 4215.146 4205.420 4196.768 4184.719 4176.613 4177.091 4177.942 4187.564 4204.931 4212.969 4213.791 4207.094 4200.281 4193.493 4190.263 4196.673 4212.121 4229.232 4245.250 4254.614 4262.447 4269.703 4267.288 4270.267 4271.890 4269.519 4273.143 4254.810 4230.133 4200.279 4174.314 4148.083 4144.694 4145.100 4141.672 4139.616 4105.902 4068.998 4034.689 4008.220 3981.728
4245.150 4246.928 4242.681 4236.308 4226.283 4215.177 4205.423 4197.546 4198.587 4200.965 4202.728 4195.266 4179.691 4161.723 4148.172 4134.259 4130.312 4124.239 4116.037 4126.106 4146.295 4153.877 4137.349 4126.274 4110.879 4104.392 4100.244 4100.915 4109.800 4132.783 4157.705 4159.950 4148.796 4137.704 4133.003 4129.718 4134.113 4150.732 4171.809 4188.212 4198.859 4204.199 4211.984 4221.405 4236.044 4251.168 4263.754 4267.863 4277.332 4272.604 4258.388 4251.887 4226.906 4212.377 4204.968 4201.177 4194.587 4170.327 4140.535 4112.792 4086.408 4062.788
4208.525 4204.366 4198.209 4191.140 4169.481 4156.947 4143.838 4128.683 4124.696 4119.607 4120.590 4109.006 4101.335 4085.129 4069.769 4054.131 4040.341 4034.621 4027.792 4025.230 4038.432 4046.790 4037.841 4028.231 4017.898 4013.623 4010.256 4012.837 4023.335 4042.549 4060.874 4069.565 4062.342 4061.657 4062.069 4060.483 4066.951 4077.293 4095.060 4117.774 4137.253 4147.283 4154.080 4163.207 4177.692 4191.890 4206.351 4224.545 4248.121 4264.616 4274.836 4274.879 4273.693 4265.038 4268.768 4257.898 4245.340 4224.826 4199.411 4172.182 4146.123 4128.929
4166.489 4160.513 4154.958 4131.126 4074.648 4053.052 4033.931 4017.528 4010.635 4002.033 3984.665 3976.070 3971.898 3975.420 3961.682 3944.189 3926.283 3921.451 3918.023 3899.400 3893.386 3893.539 3911.683 3905.839 3905.295 3907.845 3905.497 3906.511 3919.157 3926.254 3931.019 3937.912 3943.728 3954.925 3963.352 3974.602 3992.005 4002.539 4017.544 4037.736 4063.722 4079.544 4089.043 4099.342 4114.571 4130.663 4148.446 4170.852 4197.194 4213.825 4225.153 4237.158 4250.962 4266.486 4271.669 4280.911 4279.121 4275.470 4250.966 4221.157 4200.585 4183.246
4099.866 4097.908 4087.360 4030.437 3989.906 3955.853 3938.836 3914.992 3901.144 3883.990 3843.745 3825.875 3826.363 3842.854 3840.395 3825.440 3813.966 3804.409 3794.667 3776.219 3755.903 3762.229 3781.756 3783.621 3787.822 3796.346 3796.055 3788.814 3784.756 3796.401 3801.436 3812.854 3831.536 3836.553 3854.190 3889.140 3901.808 3916.746 3934.764 3954.838 3976.720 3999.536 4013.599 4028.743 4047.005 4063.521 4083.635 4105.966 4135.579 4157.273 4171.732 4182.482 4193.177 4208.638 4229.888 4249.909 4269.010 4278.877 4280.640 4266.962 4250.126 4230.425
3994.726 3988.716 3958.162 3904.953 3870.168 3847.887 3826.282 3803.586 3779.153 3740.263 3705.139 3683.208 3700.820 3712.885 3726.434 3715.594 3705.280 3695.896 3677.245 3660.239 3643.055 3654.546 3663.263 3684.114 3691.616 3695.613 3702.086 3700.566 3688.661 3681.716 3689.559 3699.252 3711.393 3734.201 3770.615 3795.253 3813.461 3833.663 3851.827 3872.653 3895.135 3917.768 3934.561 3952.508 3970.541 3991.037 4009.568 4031.780 4059.608 4085.900 4102.057 4117.486 4130.981 4150.455 4174.585 4197.965 4223.906 4246.257 4260.608 4274.187 4278.213 4272.514
3872.518 3849.289 3800.156 3758.813 3740.592 3729.676 3707.036 3686.859 3657.839 3623.784 3603.284 3582.978 3594.313 3605.520 3627.430 3619.487 3613.665 3611.443 3596.186 3583.158 3566.462 3572.617 3585.247 3609.904 3616.278 3620.571 3630.416 3629.699 3624.588 3605.365 3611.614 3622.305 3636.969 3668.445 3690.443 3712.333 3733.810 3752.630 3773.548 3795.052 3817.377 3843.386 3862.444 3880.903 3901.882 3920.338 3933.560 3948.552 3971.751 3992.424 4013.787 4036.493 4051.248 4076.038 4107.094 4138.549 4173.886 4199.365 4215.240 4227.919 4240.150 4260.778
3720.163 3665.822 3631.095 3613.672 3615.975 3605.529 3587.138 3569.490 3551.325 3530.927 3513.549 3488.940 3495.218 3512.175 3530.261 3533.280 3535.445 3534.642 3526.010 3512.825 3499.340 3503.201 3520.743 3539.009 3549.605 3557.543 3565.292 3564.843 3554.611 3544.025 3548.319 3563.557 3579.244 3595.669 3615.373 3635.285 3654.934 3676.621 3698.311 3720.235 3744.101 3770.011 3790.656 3813.453 3836.943 3852.191 3859.578 3865.564 3883.580 3898.640 3919.947 3942.539 3960.651 3987.668 4022.619 4064.925 4105.672 4147.370 4166.391 4180.375 4190.931 4206.909
3604.538 3572.270 3545.062 3541.141 3527.632 3516.524 3504.081 3485.208 3470.618 3457.743 3437.638 3429.922 3438.268 3452.363 3460.422 3468.473 3467.012 3465.260 3460.369 3446.678 3443.824 3454.236 3469.423 3482.881 3494.693 3501.560 3506.368 3503.083 3493.490 3490.815 3498.661 3513.684 3526.340 3539.885 3559.403 3578.108 3598.444 3619.604 3640.239 3663.289 3687.059 3711.800 3737.896 3758.870 3775.684 3782.795 3790.648 3787.782 3796.654 3811.087 3826.548 3848.029 3871.904 3896.569 3935.682 3976.969 4017.680 4058.687 4096.314 4117.300 4135.157 4155.377
3544.971 3516.656 3489.441 3465.057 3455.188 3451.229 3440.362 3425.350 3415.973 3401.954 3394.444 3402.612 3404.182 3412.138 3410.134 3411.633 3409.774 3409.680 3408.250 3403.317 3416.306 3422.669 3435.773 3445.572 3455.251 3460.799 3464.061 3465.225 3461.194 3467.183 3472.574 3485.463 3495.760 3508.048 3526.700 3542.216 3559.578 3580.209 3601.532 3623.614 3647.573 3673.921 3696.793 3712.524 3717.160 3724.409 3723.445 3709.767 3718.558 3729.074 3737.379 3756.761 3776.329 3795.004 3832.185 3877.643 3926.897 3965.136 4012.076 4041.346 4067.312 4089.826
3465.779 3437.626 3411.178 3392.787 3389.952 3379.993 3370.988 3360.898 3348.618 3343.772 3351.923 3350.270 3347.836 3345.645 3348.820 3352.904 3353.024 3352.501 3356.110 3367.929 3372.494 3377.900 3386.496 3397.709 3409.696 3413.144 3417.308 3422.017 3428.017 3430.641 3433.629 3443.370 3454.571 3466.054 3480.927 3497.616 3515.134 3536.261 3558.577 3582.576 3608.017 3634.621 3655.503 3662.374 3670.403 3670.036 3660.669 3652.514 3653.269 3663.317 3667.659 3682.304 3702.889 3709.778 3745.717 3793.956 3834.310 3870.557 3906.103 3951.662 3980.310 4006.991
3406.892 3379.121 3360.061 3347.269 3337.497 3327.618 3317.831 3306.435 3301.134 3303.571 3301.468 3299.859 3297.753 3301.081 3305.108 3310.016 3310.749 3312.328 3315.663 3320.250 3327.186 3336.803 3347.587 3360.019 3375.937 3381.082 3385.787 3391.870 3394.676 3397.983 3401.632 3412.031 3423.385 3434.595 3450.734 3467.924 3485.863 3507.497 3532.696 3562.189 3588.486 3614.628 3638.771 3647.455 3650.072 3647.296 3638.943 3623.126 3618.425 3625.812 3624.639 3631.887 3648.101 3653.314 3674.892 3711.865 3737.165 3771.319 3811.261 3867.010 3897.760 3930.702
3340.940 3323.152 3309.550 3291.700 3278.584 3268.427 3260.945 3257.401 3257.982 3256.124 3255.305 3254.406 3252.361 3253.695 3258.274 3262.381 3265.335 3268.647 3273.559 3280.731 3289.991 3297.960 3309.787 3324.674 3340.356 3347.943 3353.576 3359.842 3364.538 3368.787 3372.085 3381.331 3392.593 3401.871 3418.238 3436.441 3455.636 3480.565 3509.701 3539.956 3565.992 3591.080 3618.036 3621.320 3621.870 3621.083 3604.892 3589.499 3580.256 3580.487 3580.667 3579.387 3587.893 3596.785 3611.879 3630.945 3656.145 3690.599 3739.045 3784.964 3820.311 3850.119
