tests/3D/Borden05m_nopit_001/output_maps/psiliqL0012N0004.asc
ncols         160
nrows         34
xllcorner     620200.000000
yllcorner     5168000.000000
cellsize      0.500000
NODATA_value  -9999.0
[rows 0 to 28 of 34, columns 64 to 127 of 160]
-9999.000 -9999.000 -9999.000 -9999.000 -9999.000 -9999.000 -9999.000 -9999.000 -9999.000 -9999.000 -9999.000 -9999.000 -9999.000 -9999.000 -9999.000 -9999.000 -9999.000 -9999.000 -9999.000 -9999.000 -9999.000 -9999.000 -9999.000 -9999.000 -9999.000 -9999.000 -9999.000 -9999.000 -9999.000 -9999.000 -9999.000 -9999.000 -9999.000 -9999.000 -9999.000 -9999.000 -9999.000 -9999.000 -9999.000 -9999.000 -9999.000 -9999.000 -9999.000 -9999.000 -9999.000 -9999.000 -9999.000 -9999.000 -9999.000 -9999.000 -9999.000 -9999.000 -9999.000 -9999.000 -9999.000 -9999.000 -9999.000 -9999.000 -9999.000 -9999.000 -9999.000 -9999.000 -9999.000 -9999.000
567.585 558.926 554.739 553.610 552.592 551.996 557.058 564.860 572.325 579.344 581.604 583.906 586.037 586.418 585.071 581.750 578.384 574.921 573.364 565.183 553.755 544.888 542.110 546.538 551.026 553.556 559.508 570.336 581.248 589.901 601.879 607.775 613.090 616.351 612.548 609.302 605.812 601.041 590.170 -9999.000 -9999.000 -9999.000 -9999.000 -9999.000 -9999.000 -9999.000 -9999.000 -9999.000 -9999.000 -9999.000 -9999.000 -9999.000 -9999.000 -9999.000 -9999.000 -9999.000 -9999.000 -9999.000 -9999.000 -9999.000 -9999.000 -9999.000 -9999.000 -9999.000
551.998 546.449 540.771 538.690 538.483 538.317 542.235 552.132 559.927 564.529 566.861 569.279 568.932 568.283 567.829 564.842 561.333 557.868 556.006 556.281 548.627 543.127 539.702 538.118 540.620 543.023 546.388 555.992 564.284 572.602 587.005 599.562 605.009 602.800 598.117 594.687 588.412 578.736 568.609 558.758 551.969 546.824 541.616 548.013 554.917 565.200 575.280 587.472 599.735 -9999.000 -9999.000 -9999.000 -9999.000 -9999.000 -9999.000 -9999.000 -9999.000 -9999.000 -9999.000 -9999.000 -9999.000 -9999.000 -9999.000 -9999.000
544.219 539.240 534.099 542.086 543.029 543.879 546.885 549.819 552.553 555.119 560.273 569.054 571.558 571.905 571.876 569.904 566.670 564.767 561.917 556.629 555.475 555.694 555.420 560.384 561.868 563.555 556.897 560.510 566.850 573.846 580.656 587.615 592.007 589.114 588.551 580.623 567.285 556.543 548.414 546.701 543.876 536.460 524.288 531.724 547.612 552.545 556.243 568.192 580.620 590.979 593.304 593.107 592.895 590.391 576.705 562.173 547.494 528.996 -9999.000 -9999.000 -9999.000 -9999.000 -9999.000 -9999.000
546.453 544.130 556.204 565.110 566.416 568.927 572.173 571.160 558.963 556.291 564.380 574.473 580.019 579.972 579.670 577.528 576.342 575.777 573.397 574.074 576.368 576.334 580.916 586.464 589.309 581.427 572.426 573.331 581.212 589.485 597.027 607.996 619.714 619.043 613.918 605.552 592.638 569.895 550.928 540.713 534.236 527.623 527.943 525.573 537.115 539.208 541.367 549.954 560.474 570.867 576.907 576.560 576.175 573.934 564.632 550.081 535.499 518.926 493.593 465.339 438.950 437.752 461.617 485.421
556.055 567.993 581.006 594.852 596.901 598.893 598.088 588.608 578.164 574.050 588.556 604.266 612.163 612.531 611.789 618.655 616.884 614.738 609.528 611.452 613.007 622.999 630.364 637.203 635.353 623.541 612.415 610.977 613.743 616.959 623.341 633.929 644.160 639.708 633.232 624.013 596.347 570.083 554.182 555.339 556.338 552.258 549.801 547.118 540.624 540.714 540.441 540.302 552.602 565.258 568.934 562.938 559.447 557.392 549.030 538.188 523.050 506.347 487.610 459.637 453.049 444.726 466.844 490.730
601.300 613.426 630.077 653.009 655.132 657.728 660.227 648.874 636.457 624.973 641.906 651.562 659.859 661.529 671.310 680.853 675.945 667.608 657.373 663.440 675.359 690.015 696.367 699.897 699.008 688.391 682.965 681.398 683.387 680.927 685.375 696.155 711.712 712.066 703.631 682.300 647.066 613.991 594.466 600.835 595.176 589.614 586.739 573.720 563.604 564.351 555.521 549.944 561.895 568.376 570.330 563.935 569.522 562.179 543.720 526.734 511.527 497.283 482.032 475.123 465.994 458.320 471.107 491.334
640.282 657.974 679.719 702.369 710.250 713.300 722.018 715.196 705.743 697.171 706.753 718.419 729.666 739.188 751.288 762.391 753.268 741.679 736.864 741.543 760.087 776.265 781.066 782.412 785.528 777.415 770.883 764.155 758.769 753.073 749.270 767.079 783.569 782.730 760.806 738.470 704.751 669.328 638.685 638.742 637.931 638.247 624.668 610.684 595.093 586.470 578.527 565.140 571.086 576.852 587.131 596.574 597.467 581.184 563.924 544.787 526.360 512.221 507.255 502.035 492.447 486.035 492.565 506.726
734.820 748.169 771.125 801.426 821.893 840.239 843.630 834.632 825.381 811.991 808.913 824.565 835.886 846.125 856.499 868.357 874.033 871.725 871.196 873.979 880.014 887.986 894.348 899.756 905.505 902.958 893.369 886.839 878.198 871.415 869.259 871.567 882.359 881.486 858.141 833.201 803.937 769.769 740.992 725.117 732.106 722.608 706.648 688.816 655.723 640.582 626.206 598.338 595.178 604.553 618.045 627.800 612.938 596.746 578.536 558.297 539.063 532.463 531.206 528.294 522.411 519.857 525.085 538.578
845.195 851.617 882.166 915.096 942.864 965.604 973.277 962.709 952.709 940.784 931.121 934.154 947.563 963.428 978.547 989.321 992.907 991.677 991.878 993.564 996.323 998.938 1004.534 1011.476 1021.397 1032.539 1027.357 1011.117 998.981 985.421 980.644 979.562 978.131 978.891 973.383 944.991 919.116 889.712 862.823 843.889 831.562 814.712 795.287 753.231 716.109 684.194 659.259 633.194 632.116 656.415 687.447 682.100 670.737 654.089 629.880 605.846 581.949 575.742 573.200 568.061 561.744 556.260 551.748 555.671
963.351 969.575 990.196 1025.212 1060.132 1088.088 1091.453 1082.000 1071.463 1060.838 1050.412 1046.909 1053.904 1064.202 1079.413 1090.540 1100.210 1099.675 1100.044 1100.257 1102.122 1103.754 1105.414 1111.984 1123.271 1134.057 1135.341 1122.880 1106.472 1089.616 1082.657 1077.033 1071.903 1072.627 1074.150 1068.785 1046.125 1013.027 973.133 948.599 929.561 918.786 905.525 884.102 837.764 811.356 780.028 748.690 730.455 771.261 771.586 761.242 746.786 723.257 697.391 672.544 647.490 639.423 634.502 627.013 620.988 612.817 602.832 599.493
1075.620 1085.054 1100.470 1122.120 1148.915 1173.991 1190.412 1186.598 1174.407 1157.667 1152.795 1151.566 1153.270 1159.363 1166.700 1181.414 1196.556 1201.753 1202.436 1200.030 1201.972 1202.971 1202.975 1203.793 1208.105 1214.804 1217.286 1212.935 1197.857 1178.674 1164.747 1156.533 1152.480 1150.823 1152.438 1152.547 1142.239 1115.860 1080.860 1049.729 1029.570 1015.571 1004.245 995.589 979.889 964.837 937.629 897.928 865.216 866.915 858.296 847.441 824.186 796.338 771.579 740.645 711.624 695.206 689.207 684.013 676.869 665.933 655.645 649.491
1179.890 1194.585 1212.276 1224.978 1240.484 1260.416 1272.063 1277.463 1277.837 1276.808 1278.607 1278.729 1255.974 1258.643 1261.246 1267.471 1274.738 1277.054 1277.286 1276.360 1277.339 1277.618 1277.770 1277.431 1277.201 1279.050 1279.756 1278.883 1272.951 1274.778 1258.520 1247.150 1240.085 1232.835 1224.768 1215.847 1207.067 1192.424 1167.663 1136.668 1111.181 1101.227 1096.255 1091.441 1087.730 1074.703 1055.757 1028.173 992.925 961.318 953.076 938.133 911.953 890.526 874.935 841.957 809.785 787.269 779.400 763.890 747.187 732.662 715.999 700.310
1273.550 1285.961 1281.632 1284.666 1287.806 1290.926 1291.998 1292.305 1292.163 1290.001 1289.718 1288.175 1283.533 1274.280 1275.756 1277.203 1279.665 1283.123 1281.785 1282.673 1285.554 1284.106 1278.764 1275.289 1273.736 1274.131 1281.131 1284.176 1284.932 1284.162 1283.535 1283.171 1281.929 1280.378 1278.192 1275.395 1277.800 1268.521 1246.836 1216.107 1183.654 1170.853 1167.471 1169.043 1167.228 1162.427 1145.758 1121.016 1087.841 1052.611 1038.479 1026.522 1015.399 1005.013 990.995 956.119 920.784 894.217 877.323 852.532 832.738 814.653 793.444 775.511
1295.310 1292.077 1288.667 1284.129 1282.987 1281.782 1279.489 1280.177 1278.307 1274.545 1271.224 1265.127 1254.735 1243.588 1241.229 1245.830 1250.739 1254.925 1257.945 1261.171 1262.350 1257.802 1250.230 1243.398 1241.509 1247.811 1253.236 1258.252 1258.877 1257.530 1255.624 1255.903 1253.591 1254.113 1260.347 1273.087 1278.977 1281.132 1280.825 1274.743 1263.731 1255.237 1236.708 1240.522 1236.625 1226.173 1206.805 1184.984 1157.844 1131.402 1108.947 1101.651 1097.308 1091.801 1082.912 1050.570 1018.452 988.347 965.095 940.266 917.467 896.434 875.013 853.044
1283.770 1277.078 1269.200 1262.666 1256.346 1254.509 1253.391 1252.876 1253.086 1248.065 1240.754 1226.117 1214.961 1204.053 1198.223 1196.585 1201.661 1211.168 1220.315 1224.816 1218.487 1211.350 1201.107 1193.278 1193.524 1195.828 1204.543 1217.832 1221.938 1222.499 1217.520 1213.177 1207.328 1205.279 1211.770 1226.021 1240.406 1253.228 1260.839 1267.746 1273.835 1277.814 1278.813 1279.360 1278.576 1277.126 1262.857 1243.435 1221.268 1198.933 1174.336 1168.161 1166.365 1162.745 1160.930 1134.395 1101.678 1069.778 1042.629 1017.363 994.725 973.015 950.002 925.656
1250.447 1244.197 1234.622 1224.419 1215.355 1209.789 1210.849 1213.209 1214.330 1208.469 1194.851 1178.388 1165.644 1152.347 1148.691 1144.200 1140.473 1150.969 1167.545 1173.553 1160.583 1151.072 1137.314 1130.098 1127.149 1128.653 1137.814 1156.896 1175.270 1176.172 1166.501 1156.958 1151.892 1148.971 1154.891 1172.045 1190.733 1204.409 1213.128 1218.205 1225.777 1234.748 1246.247 1258.668 1269.038 1277.402 1280.808 1279.243 1274.516 1262.041 1242.875 1230.266 1221.243 1216.241 1208.525 1188.439 1162.714 1137.457 1111.855 1090.497 1072.373 1048.280 1023.326 999.117
1208.470 1202.201 1189.161 1178.056 1167.206 1154.668 1152.086 1149.983 1152.304 1141.976 1132.372 1114.643 1100.017 1085.144 1075.434 1070.021 1064.544 1069.097 1084.464 1093.430 1080.234 1070.137 1057.467 1051.362 1048.079 1049.813 1059.759 1081.431 1099.513 1105.850 1097.496 1091.669 1088.567 1086.680 1091.350 1104.699 1123.184 1142.564 1157.133 1165.394 1172.250 1181.511 1194.979 1207.945 1220.893 1236.886 1255.662 1269.311 1277.997 1281.764 1281.382 1278.510 1274.713 1265.628 1255.326 1239.030 1216.831 1191.370 1166.306 1149.635 1133.368 1116.976 1091.149 1062.629
1166.393 1152.562 1108.403 1092.011 1075.664 1061.896 1057.505 1051.385 1044.789 1036.664 1030.900 1024.640 1010.034 993.517 978.168 973.491 969.701 961.294 966.342 969.593 973.381 966.140 960.312 958.049 955.447 958.458 971.700 983.146 992.775 998.206 995.839 1001.445 1006.282 1008.753 1022.915 1034.781 1050.725 1070.412 1092.157 1103.822 1112.059 1121.804 1136.167 1151.572 1167.714 1188.739 1211.771 1226.373 1236.468 1247.537 1259.258 1272.306 1280.738 1285.782 1285.191 1280.491 1260.887 1237.121 1217.416 1200.509 1186.638 1173.517 1154.892 1121.152
1113.907 1074.839 1034.536 1004.231 987.992 967.957 958.442 949.070 924.642 911.879 907.028 912.865 904.179 888.160 874.969 867.597 861.563 849.260 840.868 845.670 857.746 853.321 851.608 855.516 853.599 849.986 855.100 868.789 876.094 884.847 894.961 897.921 905.355 929.519 941.350 954.598 972.719 992.593 1013.344 1031.713 1043.313 1056.353 1073.614 1089.007 1108.321 1130.302 1157.218 1175.315 1188.382 1198.806 1209.372 1224.012 1242.660 1258.875 1274.492 1285.111 1285.686 1281.103 1261.479 1245.298 1231.348 1223.164 1202.767 1174.793
1014.668 971.078 933.323 906.076 886.374 864.762 848.425 823.721 794.587 776.310 783.060 791.368 793.192 780.325 768.640 759.446 746.529 731.913 720.859 729.536 738.008 746.192 749.513 752.952 755.189 753.696 748.808 753.273 761.088 770.179 779.194 790.957 818.123 840.344 855.268 873.577 891.508 912.052 933.743 953.179 967.368 984.023 1001.541 1020.842 1040.175 1063.523 1091.072 1113.696 1127.644 1140.549 1153.343 1171.309 1193.158 1214.046 1236.535 1256.344 1267.868 1279.992 1287.815 1285.827 1272.938 1260.864 1244.311 1222.655
891.059 851.805 820.258 799.566 777.872 757.000 732.906 704.382 680.381 662.260 670.364 678.427 690.650 679.823 669.708 664.415 650.429 637.193 623.228 630.899 640.729 657.662 661.553 664.698 671.273 669.801 666.850 657.323 664.993 674.137 686.213 711.752 734.279 755.957 774.778 792.620 812.521 833.879 855.518 878.486 895.557 912.430 931.923 950.451 967.242 986.738 1011.338 1032.524 1050.581 1069.774 1084.129 1106.863 1134.702 1161.131 1191.759 1213.011 1227.873 1240.556 1253.226 1270.961 1282.088 1283.849 1279.239 1258.257
743.119 711.831 697.692 682.176 661.900 642.790 623.795 599.996 579.257 556.827 561.733 575.032 589.694 584.780 581.949 579.441 568.830 555.675 542.467 546.200 561.268 577.883 585.076 591.415 598.625 598.375 591.112 582.163 587.035 600.048 614.891 634.340 655.023 675.088 693.593 714.084 735.316 756.794 780.013 804.255 822.009 843.268 865.526 882.991 893.471 905.859 928.093 944.762 964.842 985.411 1001.275 1027.879 1059.960 1098.115 1135.216 1168.890 1184.196 1197.299 1208.245 1224.609 1244.529 1263.067 1278.357 1278.357
623.814 609.114 592.704 577.101 561.027 541.943 524.280 507.001 486.326 469.788 475.963 489.675 501.381 504.698 502.198 499.594 492.497 479.146 469.408 477.932 493.195 507.874 517.851 524.334 530.137 527.155 518.611 512.366 519.796 534.477 548.370 564.539 584.666 604.529 624.603 645.525 666.279 689.206 712.774 736.666 760.217 781.542 801.415 810.855 820.624 826.482 840.769 857.050 875.263 896.337 918.210 945.113 983.184 1021.983 1059.316 1095.612 1122.984 1141.159 1156.714 1176.670 1197.632 1215.287 1230.114 1243.752
543.467 520.146 504.956 496.803 483.534 465.730 453.491 437.691 421.215 421.884 425.421 437.093 438.765 439.758 437.125 436.327 432.257 421.859 428.942 436.457 451.018 461.678 470.937 476.980 480.881 480.516 473.819 476.929 483.573 497.537 508.690 522.954 542.799 559.199 577.501 598.274 619.651 642.068 665.872 691.580 714.543 732.588 740.655 750.042 754.606 747.808 760.308 773.432 786.194 806.610 827.137 851.906 889.249 931.908 976.334 1013.039 1052.042 1075.052 1097.686 1119.775 1143.427 1165.315 1183.182 1196.550
455.573 432.976 425.278 415.204 404.549 392.200 379.119 368.257 369.534 367.544 366.979 368.322 371.454 374.328 373.601 372.661 373.797 380.516 384.791 390.274 400.419 411.437 421.846 425.695 429.783 432.847 436.380 438.782 442.758 453.639 465.007 477.642 493.808 510.579 528.620 549.938 571.646 594.856 620.254 646.047 665.814 674.619 683.811 686.753 681.390 676.427 682.816 694.238 703.754 722.254 743.161 759.957 800.617 847.287 890.031 925.371 960.231 994.339 1020.725 1045.198 1076.012 1102.689 1130.247 1147.455
389.921 373.123 363.393 353.559 343.511 330.705 321.165 319.864 317.723 315.840 314.305 317.741 321.476 325.839 325.643 326.203 328.894 333.157 339.029 348.095 358.836 370.647 385.013 389.475 393.950 399.351 401.866 404.869 408.906 419.926 431.318 443.249 459.737 476.888 495.363 516.984 541.793 570.487 596.364 621.877 643.598 652.273 656.222 654.421 648.357 635.780 634.458 644.768 647.520 659.789 679.215 690.576 723.825 766.591 796.582 831.030 867.623 914.172 941.685 972.950 1003.870 1034.393 1064.354 1080.931
331.957 313.260 300.955 290.782 281.508 274.047 272.114 269.368 267.702 266.536 264.987 267.278 271.531 275.627 277.699 280.389 283.607 289.731 298.631 307.100 318.883 333.372 348.119 354.315 359.666 365.222 369.121 373.177 376.924 386.953 398.441 409.355 426.358 444.474 463.001 488.199 517.275 546.623 572.013 596.901 621.387 624.763 625.989 625.365 611.782 596.680 590.732 593.251 594.222 600.970 612.629 624.285 650.096 677.131 706.213 741.748 787.910 833.212 864.565 895.192 925.493 952.527 974.331 993.833
278.731 260.618 246.238 237.492 233.943 232.383 229.187 230.036 231.284 229.998 226.455 225.925 230.741 234.530 237.118 240.508 250.830 260.668 268.195 275.224 287.623 301.920 317.317 327.127 333.185 342.289 349.563 353.640 356.269 365.154 375.356 380.312 396.065 414.424 441.849 472.298 502.097 532.941 559.347 584.384 607.039 607.341 607.474 606.857 591.106 575.631 558.061 561.389 562.603 550.221 562.784 574.606 591.189 617.977 642.493 679.554 723.764 757.876 788.380 818.582 847.024 868.729 888.628 904.602
