tests/3D/Borden05m_nopit_001/output_maps/psiliqL0015N0030.asc
ncols         160
nrows         34
xllcorner     620200.000000
yllcorner     5168000.000000
cellsize      0.500000
NODATA_value  -9999.0
[rows 0 to 27 of 34, columns 63 to 125 of 160]
-9999.000 -9999.000 -9999.000 -9999.000 -9999.000 -9999.000 -9999.000 -9999.000 -9999.000 -9999.000 -9999.000 -9999.000 -9999.000 -9999.000 -9999.000 -9999.000 -9999.000 -9999.000 -9999.000 -9999.000 -9999.000 -9999.000 -9999.000 -9999.000 -9999.000 -9999.000 -9999.000 -9999.000 -9999.000 -9999.000 -9999.000 -9999.000 -9999.000 -9999.000 -9999.000 -9999.000 -9999.000 -9999.000 -9999.000 -9999.000 -9999.000 -9999.000 -9999.000 -9999.000 -9999.000 -9999.000 -9999.000 -9999.000 -9999.000 -9999.000 -9999.000 -9999.000 -9999.000 -9999.000 -9999.000 -9999.000 -9999.000 -9999.000 -9999.000 -9999.000 -9999.000 -9999.000 -9999.000
1176.576 1167.174 1158.680 1154.486 1153.340 1152.351 1151.737 1156.744 1164.587 1172.069 1179.044 1181.324 1183.623 1185.681 1186.018 1184.705 1181.390 1178.017 1174.560 1172.964 1164.954 1153.585 1144.833 1142.071 1146.441 1150.894 1153.406 1159.188 1169.917 1180.758 1189.392 1201.493 1207.627 1212.947 1216.062 1212.218 1208.967 1205.372 1200.305 1189.382 -9999.000 -9999.000 -9999.000 -9999.000 -9999.000 -9999.000 -9999.000 -9999.000 -9999.000 -9999.000 -9999.000 -9999.000 -9999.000 -9999.000 -9999.000 -9999.000 -9999.000 -9999.000 -9999.000 -9999.000 -9999.000 -9999.000 -9999.000
1160.604 1151.756 1146.288 1140.638 1138.421 1138.244 1138.070 1141.915 1151.979 1159.756 1164.331 1166.711 1169.205 1168.578 1167.886 1167.465 1164.483 1160.965 1157.506 1155.635 1156.154 1148.506 1142.893 1139.361 1137.476 1140.026 1142.488 1146.112 1155.618 1163.824 1172.066 1186.633 1199.324 1204.825 1202.546 1197.886 1194.376 1187.859 1177.950 1167.848 1158.358 1151.709 1146.514 1141.042 1147.438 1154.541 1164.605 1174.384 1186.533 1198.782 -9999.000 -9999.000 -9999.000 -9999.000 -9999.000 -9999.000 -9999.000 -9999.000 -9999.000 -9999.000 -9999.000 -9999.000 -9999.000
1147.868 1144.114 1139.151 1133.421 1141.823 1142.755 1143.549 1146.570 1149.253 1152.477 1154.989 1160.160 1168.962 1171.510 1171.856 1171.823 1169.830 1166.573 1164.640 1161.786 1156.486 1155.181 1155.266 1154.765 1159.533 1161.020 1162.968 1156.561 1160.347 1166.669 1173.659 1180.193 1186.978 1190.973 1188.000 1187.692 1179.684 1166.289 1155.748 1147.770 1146.478 1143.629 1136.106 1123.603 1131.226 1147.158 1152.052 1155.497 1167.243 1179.620 1189.985 1192.471 1192.215 1191.933 1189.291 1175.525 1160.905 1146.081 1127.507 -9999.000 -9999.000 -9999.000 -9999.000
1149.861 1146.381 1143.589 1155.277 1164.021 1165.313 1167.776 1171.145 1170.507 1158.574 1156.017 1163.906 1173.879 1179.315 1179.293 1178.954 1176.459 1175.257 1174.750 1172.477 1172.880 1174.999 1174.434 1178.651 1184.173 1187.114 1179.804 1170.933 1172.127 1180.134 1188.592 1196.146 1206.945 1218.465 1218.005 1213.024 1204.642 1191.844 1169.180 1150.540 1140.175 1133.379 1126.633 1127.531 1124.662 1136.693 1138.717 1140.945 1149.244 1159.704 1170.126 1176.172 1175.712 1175.200 1172.856 1163.441 1148.788 1134.088 1117.227 1091.524 1063.046 1037.047 1035.452
1152.743 1154.792 1166.001 1178.712 1191.951 1193.952 1195.873 1194.938 1185.858 1175.424 1171.601 1185.812 1201.713 1209.577 1209.737 1208.201 1214.236 1212.857 1211.268 1206.445 1208.097 1208.785 1217.780 1225.202 1232.275 1230.527 1218.592 1207.208 1206.068 1209.416 1213.438 1220.080 1230.577 1240.574 1236.058 1229.884 1221.083 1193.883 1168.426 1152.894 1153.892 1154.856 1150.715 1148.362 1146.072 1140.098 1140.216 1139.815 1139.639 1151.908 1164.669 1168.284 1162.095 1158.439 1156.289 1147.981 1136.935 1121.584 1104.732 1085.699 1057.619 1051.276 1042.405
1191.179 1198.140 1209.847 1225.615 1248.240 1249.755 1251.858 1253.512 1241.810 1229.209 1218.040 1236.058 1245.992 1254.024 1254.762 1263.518 1272.849 1268.218 1260.313 1249.679 1255.636 1266.373 1281.122 1287.805 1291.705 1290.023 1278.704 1272.992 1272.092 1275.044 1273.371 1278.725 1289.075 1304.500 1304.503 1297.185 1276.188 1240.600 1208.361 1190.347 1197.810 1192.167 1186.437 1184.167 1171.580 1162.098 1163.232 1154.563 1149.175 1161.251 1167.805 1169.601 1162.853 1168.287 1161.021 1142.003 1125.045 1109.922 1095.590 1079.841 1073.051 1063.834 1055.888
1223.307 1232.390 1250.007 1270.906 1292.935 1298.817 1299.783 1308.680 1301.812 1292.055 1283.702 1295.808 1307.124 1318.138 1326.832 1339.035 1349.983 1339.270 1326.505 1320.486 1325.660 1345.704 1363.208 1368.004 1368.858 1371.182 1361.528 1355.360 1349.345 1345.189 1340.153 1336.767 1356.188 1373.763 1373.063 1351.237 1328.831 1293.872 1257.968 1228.697 1231.533 1230.188 1231.150 1218.325 1204.831 1191.050 1183.736 1176.089 1163.519 1170.129 1175.615 1185.369 1194.270 1195.910 1179.524 1162.145 1142.944 1124.610 1110.419 1105.055 1099.520 1089.652 1082.941
1314.325 1320.379 1334.800 1356.478 1385.796 1404.453 1421.257 1424.757 1416.168 1407.063 1393.966 1392.667 1410.080 1421.461 1431.283 1441.227 1453.246 1457.780 1454.481 1453.667 1456.786 1464.413 1473.773 1480.213 1485.114 1490.188 1485.351 1475.051 1469.489 1461.530 1455.937 1454.076 1458.348 1471.233 1469.861 1443.695 1418.355 1387.859 1352.795 1323.906 1310.125 1319.697 1311.778 1295.768 1279.513 1247.951 1234.951 1221.639 1194.787 1192.313 1200.377 1213.029 1223.892 1209.494 1193.230 1175.194 1155.058 1136.293 1129.500 1128.076 1125.047 1118.888 1116.188
1426.545 1430.088 1436.499 1467.431 1500.534 1527.696 1550.432 1557.990 1547.043 1537.087 1524.815 1515.335 1520.089 1534.325 1550.575 1565.649 1576.540 1579.800 1578.492 1578.661 1580.652 1583.461 1586.440 1592.656 1599.748 1609.395 1619.862 1613.544 1597.140 1585.620 1573.037 1569.118 1568.569 1568.275 1569.101 1561.166 1529.828 1502.708 1472.712 1447.392 1429.686 1419.962 1402.815 1382.323 1338.248 1301.076 1269.285 1245.693 1220.508 1221.435 1244.383 1278.034 1274.689 1263.165 1246.843 1222.798 1199.011 1175.875 1170.190 1167.818 1162.808 1156.377 1151.103
1545.146 1548.923 1554.379 1576.341 1612.795 1648.695 1677.373 1679.973 1669.577 1658.861 1648.563 1637.269 1633.669 1641.898 1653.318 1669.646 1680.623 1689.511 1688.369 1688.705 1689.266 1691.235 1692.978 1695.070 1702.318 1714.441 1726.046 1726.856 1712.961 1696.204 1679.523 1673.540 1668.606 1663.514 1664.589 1666.184 1658.506 1633.937 1599.344 1559.319 1536.470 1518.264 1507.442 1493.357 1467.743 1416.959 1387.697 1354.945 1324.512 1310.545 1357.342 1361.823 1351.368 1337.708 1314.589 1288.205 1263.732 1239.375 1232.585 1227.865 1220.334 1214.342 1206.326
1658.585 1663.503 1672.103 1687.773 1711.754 1740.483 1766.594 1782.795 1778.095 1764.619 1746.659 1740.686 1739.081 1741.211 1748.068 1756.639 1772.429 1788.531 1793.858 1794.585 1792.115 1794.164 1795.288 1795.315 1796.602 1801.851 1809.262 1811.941 1806.815 1790.388 1770.229 1756.858 1749.014 1745.092 1744.015 1746.406 1747.194 1735.864 1707.396 1670.255 1639.348 1620.261 1606.494 1594.525 1584.989 1565.440 1549.025 1519.733 1478.109 1446.365 1456.104 1447.637 1436.859 1413.631 1384.897 1358.465 1327.616 1299.437 1284.851 1279.396 1275.060 1268.735 1258.098
1762.025 1770.788 1785.570 1804.532 1818.672 1835.792 1857.236 1869.931 1875.299 1875.210 1873.492 1875.154 1875.329 1843.400 1846.891 1850.328 1859.040 1868.170 1871.231 1871.555 1870.256 1871.429 1871.817 1871.908 1871.558 1871.909 1874.492 1875.477 1874.248 1866.777 1872.352 1855.221 1843.361 1836.021 1828.530 1820.404 1811.349 1802.295 1786.400 1760.223 1728.430 1703.805 1694.269 1688.998 1683.309 1679.095 1665.107 1645.234 1615.876 1579.527 1550.094 1543.143 1527.844 1499.750 1476.252 1459.050 1425.324 1393.547 1372.315 1365.799 1351.802 1336.036 1321.926
1858.801 1870.829 1884.208 1877.203 1881.451 1885.847 1890.215 1891.715 1892.144 1891.946 1889.731 1889.334 1887.590 1883.214 1873.683 1875.189 1876.750 1879.247 1882.767 1881.481 1882.418 1885.314 1883.792 1878.286 1874.670 1873.108 1873.637 1880.732 1883.872 1884.668 1883.294 1882.588 1882.067 1880.315 1878.129 1875.051 1871.115 1876.344 1866.402 1843.233 1810.293 1775.807 1764.129 1761.870 1763.004 1761.188 1756.133 1739.165 1713.700 1679.413 1643.303 1630.697 1618.134 1605.173 1593.359 1578.081 1541.945 1506.213 1480.389 1464.748 1440.165 1420.591 1402.709
1893.656 1895.008 1891.827 1888.509 1883.891 1882.652 1881.413 1879.087 1879.761 1877.887 1874.056 1870.570 1864.046 1853.385 1842.231 1839.595 1844.128 1849.199 1853.606 1856.953 1860.291 1861.200 1856.438 1848.666 1841.666 1839.827 1846.257 1851.750 1857.107 1857.782 1856.416 1854.366 1854.513 1851.967 1852.401 1858.811 1871.993 1877.135 1880.123 1879.660 1871.107 1855.647 1851.688 1832.779 1837.033 1832.903 1822.163 1802.255 1779.758 1751.542 1723.996 1702.217 1694.766 1689.936 1683.928 1673.689 1639.607 1606.764 1576.748 1554.042 1528.861 1505.859 1484.727
1881.883 1883.197 1876.423 1868.387 1861.695 1855.123 1853.171 1852.182 1851.728 1852.007 1846.924 1839.156 1823.976 1812.725 1801.782 1795.927 1793.797 1798.501 1808.406 1818.247 1822.870 1815.860 1808.417 1797.811 1789.923 1790.212 1792.221 1801.111 1815.210 1820.095 1820.700 1815.368 1810.519 1804.469 1802.168 1808.624 1823.093 1837.998 1851.430 1859.357 1866.410 1872.688 1875.337 1876.671 1877.365 1876.187 1875.664 1860.484 1839.901 1816.073 1792.874 1767.797 1762.010 1760.468 1756.684 1754.601 1726.398 1692.593 1659.948 1632.655 1606.849 1583.384 1561.263
1852.075 1848.893 1842.618 1832.953 1822.570 1813.367 1807.339 1808.395 1810.758 1812.007 1805.826 1791.816 1775.052 1762.146 1748.725 1745.010 1740.202 1735.579 1745.989 1763.286 1769.606 1755.923 1746.097 1732.008 1724.935 1721.743 1723.075 1732.176 1752.032 1771.709 1772.871 1762.893 1753.028 1748.021 1745.012 1750.608 1767.632 1786.772 1800.963 1810.032 1815.120 1822.687 1831.693 1843.756 1856.644 1867.374 1874.791 1879.302 1876.981 1870.219 1858.784 1838.281 1825.095 1816.183 1811.189 1803.445 1782.251 1755.420 1729.352 1703.261 1681.096 1662.055 1636.709
1811.898 1806.417 1799.988 1785.224 1773.833 1762.531 1749.470 1746.606 1743.906 1745.959 1735.379 1726.162 1708.737 1693.964 1678.937 1668.410 1662.935 1657.187 1660.316 1675.249 1684.091 1671.743 1661.741 1649.535 1643.793 1640.490 1642.389 1652.440 1673.614 1691.737 1698.537 1690.399 1685.589 1683.176 1681.332 1686.343 1699.068 1717.382 1737.399 1752.913 1761.485 1768.280 1777.457 1791.061 1804.196 1817.358 1833.689 1853.307 1867.393 1876.234 1879.086 1878.350 1874.107 1871.574 1861.868 1850.825 1833.370 1810.185 1784.002 1758.343 1741.145 1724.183 1706.394
1769.508 1764.105 1748.274 1701.651 1684.218 1667.316 1653.021 1648.130 1641.512 1632.762 1624.543 1619.097 1614.793 1600.360 1583.647 1567.786 1563.077 1559.359 1548.907 1551.742 1554.372 1561.029 1554.065 1549.292 1547.988 1545.433 1548.040 1561.158 1571.728 1580.377 1586.093 1585.352 1592.064 1597.606 1601.816 1616.608 1628.185 1643.914 1663.671 1686.227 1698.680 1707.120 1716.916 1731.384 1746.846 1763.224 1784.418 1807.988 1822.854 1833.035 1844.106 1856.035 1869.342 1876.860 1882.447 1881.291 1876.440 1855.464 1830.062 1809.722 1792.229 1777.719 1763.493
1716.266 1708.597 1665.958 1625.609 1594.555 1578.160 1557.363 1546.981 1536.053 1508.461 1494.676 1490.892 1498.860 1491.419 1475.612 1462.764 1454.954 1448.177 1434.645 1423.867 1428.972 1442.536 1439.367 1438.834 1443.663 1442.067 1437.724 1440.999 1454.273 1461.117 1470.395 1482.213 1485.573 1495.033 1521.339 1533.318 1546.882 1564.956 1584.839 1605.779 1624.994 1637.036 1650.438 1667.829 1683.367 1702.746 1724.687 1752.015 1770.685 1783.860 1794.156 1804.525 1819.076 1837.958 1854.612 1870.565 1880.634 1881.006 1874.120 1854.522 1837.061 1822.551 1813.475
1623.107 1603.366 1557.852 1520.691 1494.437 1474.355 1452.526 1434.569 1407.028 1376.695 1357.687 1366.610 1375.669 1379.837 1367.375 1355.964 1346.731 1332.666 1317.571 1305.290 1314.528 1323.048 1333.763 1337.917 1341.465 1344.546 1343.044 1336.747 1338.925 1346.738 1355.942 1365.572 1379.533 1408.535 1431.223 1446.785 1465.450 1483.402 1503.971 1525.784 1545.817 1560.477 1577.332 1594.884 1614.342 1633.421 1656.432 1683.908 1707.116 1721.333 1734.542 1747.246 1765.247 1787.249 1808.290 1831.081 1850.963 1862.569 1874.446 1880.918 1877.533 1864.838 1851.635
1509.321 1472.878 1433.206 1404.324 1385.587 1363.704 1342.971 1317.892 1288.261 1264.960 1246.401 1255.152 1263.843 1278.003 1267.752 1258.496 1253.816 1239.575 1226.379 1211.867 1219.234 1229.622 1248.097 1252.482 1255.854 1263.080 1261.755 1258.367 1246.895 1254.274 1263.720 1276.304 1303.019 1325.427 1347.132 1366.465 1384.480 1404.559 1425.916 1447.656 1471.190 1488.609 1505.742 1525.464 1543.898 1559.882 1578.368 1602.560 1623.495 1642.039 1661.733 1675.933 1698.806 1726.974 1754.048 1785.208 1806.842 1821.386 1833.486 1845.419 1863.013 1872.961 1874.685
1351.831 1320.713 1292.199 1281.348 1266.846 1246.946 1228.129 1209.300 1186.181 1166.114 1143.248 1148.428 1162.458 1177.805 1174.477 1172.644 1170.476 1160.261 1147.099 1133.834 1137.591 1153.152 1170.096 1177.966 1184.622 1191.937 1191.644 1183.782 1174.500 1179.250 1192.700 1207.702 1226.536 1247.009 1267.029 1285.743 1306.452 1327.751 1349.288 1372.601 1397.134 1415.418 1436.927 1459.365 1476.309 1486.079 1497.079 1518.344 1534.544 1554.699 1575.472 1591.552 1617.966 1650.304 1688.921 1726.330 1761.128 1776.631 1789.293 1799.467 1814.974 1834.323 1852.601
1235.971 1208.063 1195.519 1179.689 1164.985 1149.637 1130.595 1113.546 1097.148 1076.587 1061.813 1068.422 1082.210 1093.186 1097.450 1095.157 1092.722 1086.066 1072.646 1064.284 1073.184 1088.430 1102.863 1113.205 1119.762 1125.363 1122.316 1113.558 1108.021 1115.528 1130.270 1143.906 1159.539 1179.532 1199.147 1219.256 1240.204 1260.909 1283.831 1307.403 1331.424 1355.436 1376.635 1395.830 1404.728 1414.024 1418.033 1431.114 1446.882 1464.377 1485.336 1507.380 1533.567 1571.532 1610.463 1648.049 1684.800 1713.665 1731.766 1747.057 1766.245 1786.386 1803.188
1160.578 1132.661 1109.127 1095.002 1087.688 1074.899 1057.653 1045.987 1030.543 1015.859 1018.028 1021.171 1032.100 1033.036 1034.130 1031.651 1030.993 1027.450 1018.145 1026.408 1033.691 1047.959 1058.444 1067.786 1073.727 1077.497 1077.434 1071.266 1074.946 1081.333 1095.074 1106.047 1119.905 1139.498 1155.706 1173.803 1194.526 1215.867 1238.188 1261.988 1287.783 1310.681 1328.207 1335.524 1344.408 1347.778 1339.501 1351.139 1363.601 1375.309 1395.326 1415.437 1438.725 1475.730 1518.591 1563.568 1600.098 1640.134 1663.756 1686.322 1707.654 1730.845 1752.122
1074.252 1046.693 1024.938 1018.212 1008.161 997.836 985.938 973.018 963.359 966.011 964.087 963.148 963.784 966.924 970.040 969.482 968.625 970.255 977.993 982.325 987.791 997.624 1008.679 1019.402 1023.168 1027.269 1030.657 1034.680 1037.121 1040.893 1051.538 1062.864 1075.258 1091.152 1107.892 1125.811 1147.070 1168.874 1192.213 1217.585 1243.500 1263.443 1271.806 1280.702 1282.908 1276.658 1270.956 1276.100 1287.110 1295.431 1312.973 1333.598 1348.158 1387.576 1434.214 1476.077 1511.131 1545.586 1581.358 1607.471 1631.548 1661.861 1688.085
1007.184 983.948 967.952 958.213 948.370 938.374 925.850 917.158 916.604 914.471 912.642 910.992 914.407 918.200 922.671 922.661 923.424 926.243 930.570 936.654 945.828 956.577 968.510 983.184 987.780 992.298 997.832 1000.401 1003.460 1007.412 1018.301 1029.677 1041.453 1057.858 1075.003 1093.353 1114.955 1139.817 1168.642 1194.569 1220.168 1242.326 1250.949 1254.569 1252.500 1245.893 1232.568 1230.455 1240.046 1241.857 1252.939 1271.509 1281.393 1312.019 1353.292 1381.956 1415.894 1452.635 1500.417 1527.877 1558.663 1588.587 1618.154
944.020 927.475 908.948 896.480 886.311 877.395 870.717 869.287 866.718 865.221 864.108 862.460 864.560 868.878 872.975 875.223 878.037 881.592 887.925 896.896 905.264 917.054 931.621 946.553 953.024 958.429 964.123 968.177 972.267 975.918 985.783 997.217 1007.794 1024.658 1042.776 1061.419 1086.543 1115.606 1145.106 1170.591 1195.480 1220.413 1223.717 1224.746 1224.017 1209.828 1194.570 1187.848 1189.777 1190.436 1195.400 1206.220 1217.082 1240.470 1265.586 1293.516 1328.400 1374.515 1419.360 1450.839 1480.525 1509.638 1535.016
