tests/3D/Borden05m_nopit_001/output_maps/psiliqL0030N0018.asc
ncols         160
nrows         34
xllcorner     620200.000000
yllcorner     5168000.000000
cellsize      0.500000
NODATA_value  -9999.0
[rows 0 to 27 of 34, columns 62 to 123 of 160]
-9999.000 -9999.000 -9999.000 -9999.000 -9999.000 -9999.000 -9999.000 -9999.000 -9999.000 -9999.000 -9999.000 -9999.000 -9999.000 -9999.000 -9999.000 -9999.000 -9999.000 -9999.000 -9999.000 -9999.000 -9999.000 -9999.000 -9999.000 -9999.000 -9999.000 -9999.000 -9999.000 -9999.000 -9999.000 -9999.000 -9999.000 -9999.000 -9999.000 -9999.000 -9999.000 -9999.000 -9999.000 -9999.000 -9999.000 -9999.000 -9999.000 -9999.000 -9999.000 -9999.000 -9999.000 -9999.000 -9999.000 -9999.000 -9999.000 -9999.000 -9999.000 -9999.000 -9999.000 -9999.000 -9999.000 -9999.000 -9999.000 -9999.000 -9999.000 -9999.000 -9999.000 -9999.000
4182.818 4174.442 4165.124 4157.452 4153.224 4151.999 4151.153 4150.448 4155.180 4163.226 4170.799 4177.552 4179.932 4182.215 4183.915 4184.034 4182.888 4179.609 4176.206 4172.782 4170.992 4163.841 4152.776 4144.609 4141.930 4146.018 4150.305 4152.738 4157.684 4167.929 4178.432 4186.993 4199.730 4207.075 4212.444 4214.861 4210.850 4207.607 4203.529 4197.019 4185.872 -9999.000 -9999.000 -9999.000 -9999.000 -9999.000 -9999.000 -9999.000 -9999.000 -9999.000 -9999.000 -9999.000 -9999.000 -9999.000 -9999.000 -9999.000 -9999.000 -9999.000 -9999.000 -9999.000 -9999.000 -9999.000
4163.027 4158.982 4150.551 4145.485 4139.980 4137.080 4137.050 4136.842 4140.324 4151.223 4158.908 4163.350 4165.973 4168.843 4166.822 4165.912 4165.664 4162.706 4159.151 4155.722 4153.808 4155.556 4147.940 4141.767 4137.706 4134.332 4137.127 4139.894 4144.827 4153.862 4161.651 4169.530 4184.942 4198.326 4204.122 4201.523 4197.015 4193.143 4185.455 4174.433 4164.514 4156.918 4151.067 4145.717 4139.025 4145.528 4153.752 4162.855 4171.265 4183.332 4195.620 -9999.000 -9999.000 -9999.000 -9999.000 -9999.000 -9999.000 -9999.000 -9999.000 -9999.000 -9999.000 -9999.000
4142.955 4146.738 4143.592 4138.710 4130.037 4140.514 4141.393 4141.907 4144.999 4146.429 4152.104 4154.348 4159.606 4168.510 4171.285 4171.626 4171.576 4169.478 4166.113 4164.034 4161.161 4155.805 4153.751 4153.173 4151.545 4155.342 4156.857 4160.118 4154.976 4159.646 4165.890 4172.871 4178.045 4183.988 4186.026 4182.685 4183.689 4175.324 4161.691 4152.204 4145.047 4145.944 4143.062 4135.101 4121.048 4129.718 4146.000 4150.832 4153.165 4164.059 4176.380 4187.066 4190.646 4190.378 4190.054 4187.042 4173.206 4158.481 4143.257 4124.551 -9999.000 -9999.000
4151.715 4149.749 4146.026 4140.888 4150.645 4158.581 4159.803 4162.029 4166.010 4167.246 4156.639 4154.659 4161.546 4170.924 4175.813 4175.917 4175.393 4171.136 4169.861 4169.644 4167.911 4166.949 4168.195 4164.984 4167.383 4172.783 4176.213 4171.778 4163.566 4166.229 4174.879 4184.282 4191.920 4201.896 4212.452 4213.088 4208.857 4200.441 4188.273 4166.060 4149.125 4138.085 4129.791 4122.475 4126.368 4121.131 4135.739 4137.562 4140.298 4147.341 4157.708 4168.541 4174.891 4174.159 4173.320 4170.794 4161.153 4146.355 4131.447 4113.573 4086.644 4057.622
4150.148 4148.818 4148.481 4156.046 4167.244 4177.454 4179.213 4180.780 4179.195 4172.115 4161.732 4159.361 4172.104 4188.964 4196.662 4195.779 4190.279 4192.165 4192.746 4193.944 4191.062 4191.360 4187.721 4191.738 4199.450 4207.702 4206.475 4193.936 4181.280 4181.643 4187.922 4195.995 4203.963 4214.034 4222.894 4218.093 4213.465 4206.805 4181.991 4160.624 4147.007 4147.294 4148.173 4143.828 4142.115 4141.912 4138.683 4139.093 4138.235 4138.070 4150.407 4163.945 4167.537 4160.678 4156.521 4154.241 4146.568 4134.894 4118.902 4101.774 4081.813 4053.752
4177.532 4177.150 4182.340 4191.957 4203.309 4224.398 4222.878 4222.515 4219.945 4206.497 4192.982 4183.385 4206.828 4218.155 4224.862 4220.940 4224.579 4232.855 4229.607 4223.870 4211.246 4216.656 4221.492 4236.713 4245.060 4250.820 4245.180 4230.368 4223.243 4225.690 4233.479 4235.765 4245.676 4253.906 4268.704 4266.994 4265.305 4246.025 4208.728 4180.736 4170.348 4183.366 4177.901 4171.442 4172.316 4162.025 4155.863 4159.102 4151.425 4147.191 4160.136 4167.317 4168.606 4160.412 4165.421 4158.908 4137.490 4121.096 4106.852 4092.583 4074.880 4069.260
4179.315 4182.574 4192.933 4210.175 4226.843 4245.772 4241.657 4232.203 4241.995 4234.903 4223.621 4216.364 4241.094 4250.661 4260.511 4265.068 4277.791 4287.966 4269.307 4250.663 4238.634 4246.287 4273.839 4297.980 4302.758 4301.163 4299.541 4282.199 4277.868 4275.436 4277.450 4275.741 4274.469 4301.987 4325.021 4325.063 4303.768 4281.068 4239.971 4201.738 4179.399 4196.225 4192.315 4196.624 4187.696 4176.806 4172.235 4171.648 4165.685 4157.428 4167.618 4171.983 4179.420 4185.951 4191.696 4175.185 4157.642 4138.583 4121.210 4107.292 4100.508 4094.005
4225.433 4239.533 4248.178 4267.958 4283.248 4307.647 4317.257 4326.355 4330.398 4323.852 4315.484 4303.848 4311.453 4337.669 4349.352 4357.093 4364.885 4377.720 4376.545 4368.292 4366.060 4370.865 4386.463 4402.767 4409.612 4411.989 4413.701 4397.430 4383.592 4382.891 4378.369 4378.750 4378.398 4392.525 4415.915 4412.095 4371.880 4344.598 4308.012 4268.550 4239.185 4235.971 4258.577 4258.677 4242.562 4234.357 4210.622 4208.531 4200.757 4179.238 4180.471 4182.294 4191.076 4207.853 4196.172 4179.984 4163.286 4144.170 4128.292 4121.114 4119.471 4116.512
4342.591 4351.668 4354.558 4360.913 4393.762 4427.726 4451.864 4474.578 4481.563 4468.720 4458.985 4444.982 4436.416 4449.777 4468.152 4486.330 4501.182 4512.662 4514.294 4512.606 4512.617 4516.142 4519.209 4524.019 4533.346 4541.202 4549.492 4556.604 4544.622 4527.419 4519.006 4511.344 4511.751 4513.898 4519.342 4520.547 4500.537 4454.535 4421.263 4388.397 4371.017 4359.561 4362.978 4344.488 4318.822 4264.830 4227.606 4196.658 4180.027 4159.521 4170.781 4187.316 4234.437 4241.504 4229.619 4215.403 4192.701 4170.704 4151.974 4149.533 4148.695 4145.048
4471.627 4475.013 4476.785 4478.408 4507.073 4550.718 4591.517 4623.808 4622.579 4607.476 4595.866 4587.199 4571.573 4567.487 4581.887 4598.922 4620.833 4631.064 4636.052 4631.880 4632.055 4634.362 4636.861 4639.169 4643.440 4654.090 4670.407 4686.124 4684.583 4663.547 4645.073 4629.301 4628.241 4626.799 4621.947 4624.831 4626.853 4607.683 4573.655 4531.683 4491.110 4476.812 4462.907 4452.012 4433.982 4387.618 4314.831 4271.548 4231.952 4206.354 4214.068 4291.207 4316.886 4306.332 4297.147 4276.616 4248.224 4226.241 4206.039 4206.341 4203.385 4196.445
4593.878 4601.108 4602.922 4607.351 4624.293 4659.933 4698.332 4729.615 4744.719 4735.590 4715.691 4691.633 4680.155 4676.672 4680.932 4691.614 4706.360 4727.537 4748.444 4754.426 4755.379 4752.598 4755.192 4756.953 4757.108 4760.752 4770.706 4781.695 4785.380 4776.412 4753.268 4728.266 4717.721 4711.770 4708.562 4710.451 4716.793 4721.060 4704.714 4665.907 4618.185 4588.536 4574.971 4562.542 4547.562 4533.850 4495.317 4472.375 4432.981 4382.090 4355.576 4405.945 4398.713 4388.837 4366.312 4333.753 4299.615 4269.888 4246.678 4242.052 4240.175 4241.033
4713.588 4718.591 4725.287 4740.499 4765.823 4787.147 4812.340 4841.347 4859.277 4864.485 4862.084 4856.927 4857.908 4858.347 4780.549 4788.157 4795.761 4816.922 4835.367 4842.161 4842.949 4839.798 4841.950 4842.896 4842.693 4842.305 4845.576 4851.858 4854.256 4851.281 4836.148 4860.498 4839.051 4824.793 4816.142 4807.513 4799.173 4789.539 4779.225 4757.185 4724.067 4688.444 4668.305 4661.062 4654.527 4644.730 4638.293 4619.830 4595.683 4557.856 4516.447 4498.378 4498.422 4481.937 4444.922 4411.772 4387.267 4350.609 4321.672 4307.776 4308.996 4303.597
4837.562 4842.375 4857.229 4875.450 4855.065 4865.382 4876.059 4886.667 4890.310 4891.353 4890.872 4888.392 4887.430 4884.681 4881.641 4870.723 4872.382 4874.517 4877.197 4881.033 4880.013 4881.206 4884.186 4882.306 4875.997 4871.692 4870.105 4871.325 4878.921 4882.572 4883.600 4879.248 4878.189 4876.942 4872.707 4867.420 4859.971 4850.443 4869.904 4856.784 4826.348 4782.531 4738.080 4732.243 4735.864 4735.103 4733.621 4727.666 4709.624 4680.998 4641.665 4601.721 4597.376 4582.468 4561.073 4542.941 4522.243 4480.734 4444.014 4422.963 4414.711 4392.351
4886.464 4889.507 4893.506 4890.580 4887.723 4882.707 4880.984 4879.577 4877.085 4877.694 4875.801 4871.625 4867.318 4858.660 4846.655 4835.468 4831.454 4835.649 4841.538 4847.057 4852.044 4855.956 4855.524 4849.705 4840.949 4833.126 4831.550 4838.645 4844.508 4851.599 4852.565 4851.147 4848.425 4847.971 4844.323 4844.401 4851.783 4867.286 4868.810 4876.111 4875.035 4854.322 4816.842 4835.819 4815.298 4822.085 4817.168 4805.412 4783.275 4757.927 4724.922 4692.507 4674.834 4667.414 4661.026 4653.476 4637.514 4595.830 4560.519 4532.189 4513.526 4487.973
4872.232 4879.388 4880.337 4873.158 4864.327 4856.847 4849.016 4846.490 4846.144 4845.998 4846.619 4841.233 4831.183 4813.291 4801.566 4790.450 4784.474 4779.888 4782.744 4794.644 4807.958 4813.204 4802.797 4793.840 4781.429 4773.264 4773.785 4774.343 4784.143 4802.320 4811.139 4812.007 4804.959 4797.644 4790.657 4787.179 4793.560 4809.232 4826.871 4843.508 4853.201 4861.192 4868.652 4864.926 4868.264 4870.060 4867.327 4871.914 4852.711 4826.922 4795.461 4768.696 4742.058 4739.138 4739.892 4736.402 4734.192 4698.931 4661.074 4626.164 4599.709 4572.848
4844.144 4845.641 4841.127 4834.730 4824.615 4813.327 4803.436 4795.097 4796.133 4798.515 4800.406 4792.624 4776.657 4758.389 4744.675 4730.638 4726.632 4720.243 4711.146 4721.128 4742.038 4749.934 4732.692 4721.303 4705.579 4699.235 4694.844 4695.345 4704.170 4727.929 4754.156 4756.663 4745.204 4733.793 4729.155 4725.785 4729.862 4746.357 4767.894 4784.821 4795.831 4801.196 4808.993 4818.469 4833.697 4849.318 4862.300 4865.503 4876.125 4870.698 4854.511 4849.125 4822.895 4807.888 4800.700 4797.044 4790.564 4765.348 4734.616 4706.244 4679.569 4655.360
4807.065 4802.483 4796.156 4788.928 4765.544 4752.725 4739.163 4723.485 4719.217 4713.531 4714.246 4702.411 4695.126 4679.224 4663.717 4647.926 4633.319 4627.537 4620.437 4616.450 4629.219 4637.454 4629.353 4619.838 4609.971 4606.059 4602.672 4605.419 4616.023 4634.741 4653.108 4662.263 4655.258 4655.593 4656.697 4655.160 4661.972 4671.697 4689.302 4712.661 4733.097 4743.453 4750.206 4759.271 4773.919 4788.317 4803.030 4821.606 4846.080 4863.074 4873.523 4872.737 4871.298 4861.386 4866.512 4855.168 4842.035 4820.545 4794.350 4766.623 4740.218 4722.768
4764.305 4758.263 4752.670 4726.839 4667.897 4645.260 4625.583 4608.654 4601.260 4592.161 4572.639 4563.949 4560.096 4565.574 4552.009 4534.321 4515.902 4511.039 4507.683 4487.016 4478.788 4478.320 4499.333 4493.767 4494.278 4497.788 4495.488 4496.099 4508.622 4514.844 4518.630 4525.808 4533.253 4545.558 4554.693 4567.686 4585.722 4595.973 4610.770 4631.042 4657.850 4674.475 4684.194 4694.566 4709.926 4726.109 4744.166 4766.789 4793.727 4810.691 4822.184 4834.287 4848.410 4864.323 4868.740 4878.697 4876.532 4872.950 4847.315 4816.141 4795.233 4777.642
4695.229 4693.318 4682.051 4621.556 4580.980 4546.177 4529.004 4504.398 4489.684 4470.973 4427.565 4408.673 4410.228 4428.849 4427.636 4412.893 4401.762 4391.768 4381.283 4361.605 4338.904 4345.533 4366.549 4369.670 4375.052 4384.496 4384.527 4376.556 4370.660 4381.892 4386.466 4398.410 4418.797 4424.217 4443.883 4480.977 4493.798 4509.057 4527.034 4547.125 4569.208 4592.882 4607.404 4622.931 4641.350 4658.042 4678.261 4700.601 4730.685 4753.021 4767.675 4778.397 4789.014 4804.528 4826.176 4846.826 4866.481 4876.045 4877.884 4862.217 4845.763 4825.175
4586.303 4580.117 4546.861 4491.728 4457.536 4436.248 4414.263 4391.350 4365.298 4323.570 4287.249 4264.587 4284.370 4297.186 4313.080 4302.645 4292.605 4283.183 4263.384 4245.898 4227.488 4239.540 4248.305 4271.687 4280.023 4284.129 4291.446 4289.917 4276.604 4267.372 4275.214 4285.020 4297.779 4322.786 4361.038 4386.147 4404.996 4425.559 4443.750 4464.608 4487.222 4510.465 4527.744 4545.910 4564.002 4584.686 4603.001 4624.922 4652.735 4679.682 4696.194 4712.031 4725.559 4745.218 4769.677 4793.417 4819.898 4842.596 4857.340 4871.030 4874.106 4867.466
4460.114 4434.280 4381.975 4340.214 4324.658 4315.697 4292.868 4272.830 4242.824 4207.664 4187.863 4167.120 4179.101 4190.936 4214.784 4207.417 4202.453 4200.845 4185.333 4172.345 4155.103 4160.953 4174.140 4200.341 4207.209 4211.729 4222.226 4221.656 4216.107 4194.940 4200.899 4211.893 4227.066 4259.720 4281.600 4303.520 4325.512 4344.510 4365.610 4387.120 4409.556 4436.142 4455.562 4474.299 4495.529 4513.920 4526.371 4540.397 4563.244 4583.734 4605.668 4628.978 4643.703 4668.783 4700.351 4732.668 4768.790 4794.946 4810.844 4823.331 4835.271 4856.266
4302.648 4244.320 4208.690 4194.040 4199.631 4190.199 4172.185 4154.829 4136.830 4117.112 4100.407 4075.361 4081.914 4099.602 4118.373 4122.977 4126.141 4125.678 4117.441 4104.249 4090.708 4094.593 4112.629 4131.222 4142.497 4150.752 4158.606 4158.114 4147.283 4136.365 4140.537 4156.213 4172.060 4187.871 4207.367 4227.235 4247.097 4269.006 4290.766 4312.756 4336.724 4362.936 4384.124 4407.188 4430.878 4445.631 4452.341 4456.981 4474.081 4488.736 4510.197 4533.092 4551.542 4578.518 4613.909 4656.897 4698.212 4741.341 4760.919 4774.881 4785.148 4800.827
4189.111 4156.345 4129.311 4127.547 4114.617 4104.407 4092.691 4073.861 4059.885 4047.890 4027.900 4021.948 4030.728 4044.899 4052.228 4061.225 4059.972 4058.390 4053.939 4040.178 4038.701 4049.489 4064.659 4077.871 4090.048 4096.989 4101.595 4098.246 4088.438 4086.471 4094.395 4109.479 4121.879 4134.889 4154.274 4172.733 4193.107 4214.296 4234.886 4257.937 4281.720 4306.600 4333.168 4354.031 4370.187 4376.780 4384.190 4379.513 4387.229 4401.209 4416.027 4437.487 4461.648 4485.740 4524.924 4566.558 4607.781 4649.553 4689.041 4710.386 4728.487 4748.532
4133.963 4105.676 4078.636 4054.038 4045.234 4042.114 4031.727 4017.273 4008.469 3994.805 3989.088 3998.756 3999.932 4007.146 4004.405 4006.005 4004.301 4004.347 4003.444 3999.603 4013.772 4019.904 4032.714 4042.339 4052.100 4057.546 4060.677 4062.144 4058.641 4065.201 4070.335 4083.002 4093.120 4105.003 4123.404 4138.730 4155.888 4176.473 4197.763 4219.754 4243.716 4270.161 4292.978 4308.205 4312.108 4318.877 4316.748 4301.627 4309.601 4319.512 4326.833 4345.904 4365.166 4382.496 4419.506 4465.372 4515.425 4553.793 4602.128 4632.444 4658.858 4681.226
4056.572 4028.469 4002.299 3984.749 3982.887 3972.950 3964.275 3954.637 3942.517 3938.873 3948.400 3946.814 3944.005 3941.108 3944.291 3948.616 3948.905 3948.466 3952.568 3965.406 3970.028 3975.417 3983.702 3994.952 4007.252 4010.617 4014.793 4019.828 4026.317 4028.980 4031.764 4041.270 4052.429 4063.672 4078.275 4094.934 4112.331 4133.402 4155.819 4179.951 4205.372 4232.106 4253.175 4259.618 4267.367 4266.285 4256.058 4247.198 4246.751 4256.440 4259.654 4273.425 4293.830 4298.611 4333.466 4381.866 4421.577 4457.825 4493.316 4540.958 4569.839 4596.730
3999.786 3972.104 3954.089 3942.098 3932.318 3922.429 3912.695 3901.580 3897.127 3900.312 3898.216 3896.662 3894.441 3897.748 3901.832 3906.848 3907.767 3909.550 3913.012 3917.664 3924.811 3934.537 3945.328 3957.882 3974.108 3979.387 3984.135 3990.351 3993.210 3996.573 4000.138 4010.406 4021.744 4032.800 4048.857 4066.042 4083.858 4105.477 4130.732 4160.360 4186.713 4212.949 4237.539 4246.183 4248.486 4245.462 4236.592 4220.060 4214.608 4221.327 4219.275 4225.416 4240.872 4244.729 4263.833 4299.496 4323.692 4357.607 4398.027 4455.410 4486.589 4519.637
3934.745 3917.935 3905.068 3887.388 3874.109 3863.955 3856.831 3854.072 3855.155 3853.474 3852.824 3851.979 3849.834 3850.976 3855.620 3859.730 3862.859 3866.295 3871.545 3878.926 3888.256 3896.124 3907.958 3922.923 3938.789 3946.652 3952.339 3958.743 3963.594 3967.876 3971.078 3980.161 3991.369 4000.311 4016.539 4034.746 4054.059 4078.915 4108.043 4138.453 4164.590 4189.686 4217.099 4220.323 4220.691 4219.818 4203.046 4187.527 4177.550 4177.240 4177.168 4174.179 4181.941 4190.153 4202.965 4220.287 4244.544 4278.605 4327.315 4373.154 4409.084 4438.501
