tests/3D/Borden05m_nopit_001/output_maps/psiliqL0024N0006.asc
ncols         160
nrows         34
xllcorner     620200.000000
yllcorner     5168000.000000
cellsize      0.500000
NODATA_value  -9999.0
[rows 0 to 27 of 34, columns 0 to 61 of 160]
-9999.000 -9999.000 -9999.000 -9999.000 -9999.000 -9999.000 -9999.000 -9999.000 -9999.000 -9999.000 -9999.000 -9999.000 -9999.000 -9999.000 -9999.000 -9999.000 -9999.000 -9999.000 -9999.000 -9999.000 -9999.000 -9999.000 -9999.000 -9999.000 -9999.000 -9999.000 -9999.000 -9999.000 -9999.000 -9999.000 -9999.000 -9999.000 -9999.000 -9999.000 -9999.000 -9999.000 -9999.000 -9999.000 -9999.000 -9999.000 -9999.000 -9999.000 -9999.000 -9999.000 -9999.000 -9999.000 -9999.000 -9999.000 -9999.000 -9999.000 -9999.000 -9999.000 -9999.000 -9999.000 -9999.000 -9999.000 -9999.000 -9999.000 -9999.000 -9999.000 -9999.000 -9999.000
-9999.000 -9999.000 -9999.000 -9999.000 -9999.000 -9999.000 -9999.000 -9999.000 -9999.000 -9999.000 -9999.000 -9999.000 -9999.000 -9999.000 -9999.000 -9999.000 -9999.000 -9999.000 -9999.000 -9999.000 -9999.000 -9999.000 -9999.000 -9999.000 -9999.000 -9999.000 -9999.000 -9999.000 -9999.000 -9999.000 -9999.000 -9999.000 -9999.000 -9999.000 -9999.000 -9999.000 -9999.000 -9999.000 -9999.000 -9999.000 -9999.000 -9999.000 -9999.000 -9999.000 -9999.000 -9999.000 -9999.000 -9999.000 -9999.000 -9999.000 -9999.000 -9999.000 -9999.000 -9999.000 -9999.000 -9999.000 -9999.000 -9999.000 -9999.000 2998.741 2993.400 2988.535
-9999.000 -9999.000 -9999.000 -9999.000 -9999.000 -9999.000 -9999.000 -9999.000 -9999.000 -9999.000 -9999.000 -9999.000 -9999.000 -9999.000 -9999.000 -9999.000 -9999.000 -9999.000 -9999.000 -9999.000 -9999.000 -9999.000 -9999.000 -9999.000 -9999.000 -9999.000 -9999.000 -9999.000 -9999.000 -9999.000 -9999.000 -9999.000 -9999.000 -9999.000 -9999.000 -9999.000 -9999.000 -9999.000 -9999.000 -9999.000 -9999.000 -9999.000 -9999.000 -9999.000 -9999.000 -9999.000 -9999.000 2873.635 2856.386 2842.544 2837.966 2858.946 2881.780 2905.305 2925.554 2943.556 2961.909 2982.623 2985.709 2974.111 2969.036 2965.830
-9999.000 -9999.000 -9999.000 -9999.000 -9999.000 -9999.000 -9999.000 -9999.000 -9999.000 -9999.000 -9999.000 -9999.000 -9999.000 -9999.000 -9999.000 -9999.000 -9999.000 -9999.000 -9999.000 -9999.000 -9999.000 -9999.000 -9999.000 -9999.000 -9999.000 -9999.000 -9999.000 -9999.000 -9999.000 -9999.000 -9999.000 -9999.000 -9999.000 -9999.000 -9999.000 -9999.000 -9999.000 -9999.000 -9999.000 -9999.000 2924.287 2930.096 2929.885 2919.770 2908.272 2894.592 2873.932 2856.659 2843.242 2841.070 2843.296 2845.977 2866.550 2891.538 2911.104 2926.700 2945.715 2965.964 2968.469 2958.076 2950.204 2943.564
-9999.000 -9999.000 -9999.000 -9999.000 -9999.000 -9999.000 -9999.000 -9999.000 -9999.000 -9999.000 -9999.000 -9999.000 -9999.000 -9999.000 -9999.000 -9999.000 -9999.000 -9999.000 -9999.000 -9999.000 -9999.000 -9999.000 -9999.000 -9999.000 -9999.000 -9999.000 -9999.000 -9999.000 -9999.000 -9999.000 -9999.000 -9999.000 -9999.000 -9999.000 2832.626 2849.455 2867.168 2885.462 2902.170 2909.005 2914.728 2919.950 2915.157 2910.466 2898.556 2877.513 2857.968 2844.878 2843.552 2840.859 2844.175 2855.495 2871.735 2886.473 2906.637 2930.531 2939.281 2949.826 2952.241 2947.086 2949.039 2950.662
-9999.000 -9999.000 -9999.000 -9999.000 -9999.000 -9999.000 -9999.000 -9999.000 -9999.000 -9999.000 -9999.000 -9999.000 -9999.000 -9999.000 -9999.000 -9999.000 -9999.000 -9999.000 -9999.000 -9999.000 -9999.000 -9999.000 -9999.000 -9999.000 -9999.000 -9999.000 -9999.000 -9999.000 2839.019 2832.934 2827.874 2826.052 2824.348 2823.125 2829.608 2840.578 2857.432 2879.155 2892.101 2899.080 2905.679 2905.784 2899.673 2897.580 2897.694 2884.772 2872.199 2860.403 2848.855 2845.498 2854.016 2867.763 2883.475 2897.563 2912.304 2917.075 2936.943 2956.895 2962.835 2956.663 2952.560 2950.921
-9999.000 -9999.000 -9999.000 -9999.000 -9999.000 -9999.000 -9999.000 -9999.000 -9999.000 -9999.000 -9999.000 -9999.000 -9999.000 -9999.000 -9999.000 -9999.000 -9999.000 -9999.000 -9999.000 -9999.000 -9999.000 -9999.000 -9999.000 2809.799 2814.668 2820.963 2828.351 2829.061 2825.467 2819.819 2816.806 2815.046 2812.485 2816.647 2823.398 2835.996 2850.865 2872.638 2880.458 2884.496 2895.491 2898.604 2905.671 2909.089 2906.700 2902.242 2887.103 2875.259 2877.195 2880.818 2887.013 2894.637 2907.426 2920.654 2935.477 2953.052 2972.220 2992.057 3005.142 2998.807 2991.051 2982.165
-9999.000 -9999.000 -9999.000 -9999.000 -9999.000 -9999.000 -9999.000 -9999.000 -9999.000 -9999.000 -9999.000 -9999.000 -9999.000 -9999.000 -9999.000 -9999.000 -9999.000 -9999.000 -9999.000 2785.633 2786.537 2787.810 2792.436 2792.687 2794.252 2800.736 2808.416 2810.888 2808.377 2806.943 2807.844 2809.942 2813.900 2823.862 2836.650 2849.901 2862.102 2882.019 2895.667 2907.345 2921.905 2921.472 2917.099 2914.686 2913.935 2911.799 2910.219 2908.974 2914.311 2914.713 2917.746 2926.014 2937.012 2952.797 2969.652 2986.191 2999.922 3016.082 3032.532 3024.028 3013.584 2997.393
-9999.000 -9999.000 -9999.000 -9999.000 -9999.000 -9999.000 -9999.000 -9999.000 -9999.000 -9999.000 -9999.000 -9999.000 -9999.000 -9999.000 -9999.000 -9999.000 2756.926 2758.551 2760.697 2766.000 2769.349 2773.010 2779.653 2780.766 2783.783 2790.345 2794.282 2802.893 2810.571 2816.952 2822.002 2823.574 2829.249 2837.468 2847.845 2860.766 2879.861 2902.174 2916.790 2932.355 2948.450 2947.972 2945.327 2944.691 2942.488 2943.571 2957.301 2959.792 2954.470 2964.087 2975.069 2977.145 2983.083 3001.563 3022.803 3038.484 3060.763 3077.408 3098.748 3090.927 3068.653 3053.701
-9999.000 -9999.000 -9999.000 -9999.000 -9999.000 -9999.000 -9999.000 -9999.000 -9999.000 -9999.000 -9999.000 -9999.000 -9999.000 2708.397 2712.186 2722.042 2732.941 2735.619 2740.144 2746.390 2758.094 2761.229 2766.678 2773.279 2785.104 2792.930 2800.879 2811.648 2818.665 2824.533 2829.830 2831.926 2842.390 2855.234 2868.429 2886.302 2906.809 2924.177 2941.327 2956.255 2966.950 2963.867 2961.841 2962.811 2966.768 2979.157 2994.768 2995.408 3005.229 3024.870 3034.422 3041.291 3046.677 3059.290 3079.575 3109.257 3142.106 3166.515 3177.058 3185.060 3171.569 3169.802
-9999.000 -9999.000 -9999.000 -9999.000 -9999.000 -9999.000 -9999.000 -9999.000 -9999.000 -9999.000 2681.168 2682.536 2678.508 2675.804 2681.105 2692.999 2706.985 2712.193 2723.604 2744.319 2762.220 2764.596 2777.327 2786.631 2792.306 2801.021 2812.582 2823.334 2837.446 2847.673 2855.333 2870.553 2884.738 2899.218 2914.782 2933.427 2948.527 2971.412 2995.052 3002.951 3019.370 3022.350 3017.258 3014.556 3022.458 3033.120 3047.669 3063.341 3081.036 3102.235 3112.607 3124.600 3132.846 3142.476 3156.800 3196.178 3239.273 3268.326 3286.116 3298.881 3296.488 3298.189
-9999.000 -9999.000 -9999.000 -9999.000 -9999.000 -9999.000 -9999.000 -9999.000 2656.997 2664.709 2669.805 2666.106 2661.082 2654.954 2668.865 2683.693 2698.838 2716.292 2731.091 2748.442 2761.569 2775.433 2794.295 2803.872 2813.202 2826.730 2838.254 2851.821 2870.700 2877.751 2888.152 2906.127 2920.555 2935.806 2952.238 2967.218 2986.890 3015.921 3043.675 3059.519 3084.307 3101.158 3095.277 3093.230 3093.979 3116.159 3141.552 3169.490 3188.321 3211.237 3238.504 3256.278 3265.007 3275.610 3288.915 3310.709 3343.648 3372.452 3402.498 3417.644 3420.416 3418.092
-9999.000 -9999.000 -9999.000 -9999.000 -9999.000 -9999.000 2629.280 2653.320 2668.020 2658.997 2644.962 2639.392 2632.858 2661.625 2683.093 2699.504 2715.246 2731.726 2746.856 2754.892 2783.938 2801.637 2812.471 2825.106 2837.994 2850.824 2865.607 2885.593 2902.213 2923.892 2940.140 2956.284 2978.622 2994.652 3010.208 3023.070 3049.640 3083.103 3116.419 3140.214 3163.806 3193.763 3193.986 3195.655 3197.497 3219.578 3251.768 3280.547 3311.697 3341.574 3368.639 3378.714 3387.312 3396.847 3408.900 3418.882 3433.777 3461.506 3489.892 3512.570 3527.347 3528.050
-9999.000 -9999.000 -9999.000 -9999.000 2597.436 2617.955 2636.346 2665.942 2687.358 2681.655 2685.640 2683.158 2678.266 2682.064 2688.934 2705.145 2722.919 2740.994 2754.573 2781.741 2826.443 2836.771 2853.654 2881.880 2891.748 2904.317 2918.320 2937.599 2956.060 2982.774 3017.118 3046.093 3066.642 3084.976 3102.877 3119.272 3152.424 3187.890 3222.257 3252.944 3279.234 3304.030 3311.039 3315.760 3325.332 3341.385 3362.903 3389.530 3421.735 3453.010 3475.972 3485.457 3490.727 3499.960 3507.626 3517.063 3527.611 3545.444 3567.807 3601.005 3623.908 3635.145
-9999.000 -9999.000 -9999.000 2544.423 2583.158 2622.020 2647.293 2676.900 2708.350 2708.239 2715.950 2715.695 2714.635 2719.411 2722.357 2737.531 2753.761 2771.237 2791.177 2823.703 2852.343 2870.846 2897.679 2914.247 2927.157 2938.968 2955.775 2974.944 3010.183 3039.821 3084.847 3134.138 3165.635 3184.668 3205.581 3231.602 3255.364 3292.166 3325.131 3356.295 3385.792 3407.584 3422.034 3426.644 3435.555 3441.366 3454.159 3474.580 3496.138 3525.711 3554.117 3581.408 3595.887 3606.281 3622.701 3639.810 3653.250 3667.802 3647.297 3668.512 3679.370 3684.446
-9999.000 -9999.000 2496.404 2535.412 2566.901 2613.725 2666.028 2700.140 2738.816 2757.562 2760.255 2770.823 2781.076 2781.919 2790.591 2802.647 2822.231 2829.181 2847.185 2864.287 2902.268 2936.722 2936.292 2975.426 3004.446 3034.292 3053.259 3078.342 3113.948 3147.892 3191.486 3239.708 3273.473 3300.766 3315.617 3334.488 3354.214 3378.878 3413.834 3439.316 3471.476 3496.220 3515.587 3517.205 3519.933 3535.427 3562.213 3591.290 3618.612 3645.833 3634.545 3654.923 3664.013 3669.085 3677.059 3682.523 3685.154 3683.606 3682.448 3676.121 3670.107 3669.346
-9999.000 -9999.000 2466.730 2512.747 2547.925 2606.867 2691.255 2725.075 2764.479 2808.733 2822.073 2842.557 2838.551 2830.146 2847.366 2861.715 2878.932 2884.809 2878.591 2929.609 2981.401 3009.448 3022.718 3095.365 3144.413 3165.619 3180.136 3199.215 3218.766 3256.742 3296.289 3348.791 3389.222 3418.122 3432.009 3450.618 3469.329 3484.118 3502.717 3546.860 3579.739 3608.710 3638.832 3659.410 3667.221 3671.590 3649.254 3666.257 3677.787 3682.760 3684.694 3680.977 3680.371 3681.150 3682.080 3676.772 3669.850 3662.939 3657.699 3651.280 3645.985 3644.197
-9999.000 2374.210 2426.501 2477.160 2541.837 2603.530 2679.004 2753.732 2816.788 2866.452 2890.906 2886.273 2891.943 2918.807 2937.744 2954.619 2958.080 2965.722 2947.313 2997.749 3035.329 3087.855 3187.083 3243.206 3300.807 3297.140 3286.114 3291.755 3308.372 3352.852 3427.687 3480.607 3542.282 3588.162 3603.991 3610.642 3628.380 3648.278 3604.799 3642.939 3660.405 3674.979 3682.624 3684.633 3685.755 3685.546 3681.931 3675.036 3666.950 3661.172 3656.985 3652.483 3654.914 3658.230 3658.549 3651.885 3644.173 3636.572 3629.029 3622.206 3616.096 3611.888
-9999.000 2336.239 2393.805 2462.363 2529.842 2579.892 2665.248 2825.599 2884.850 2920.999 2928.209 2911.423 2971.095 3030.068 3054.615 3097.841 3083.057 3067.701 3034.275 3059.437 3098.525 3168.028 3330.571 3416.487 3462.220 3470.085 3471.548 3498.644 3540.282 3584.352 3626.507 3601.221 3645.086 3666.577 3671.068 3671.697 3676.519 3675.223 3673.558 3669.211 3664.124 3664.274 3668.742 3668.570 3665.651 3662.346 3656.693 3649.268 3644.022 3639.401 3636.731 3633.869 3631.991 3631.420 3626.716 3621.586 3612.397 3602.612 3593.055 3582.727 3572.333 3566.015
-9999.000 2297.508 2371.505 2430.242 2478.952 2573.231 2701.371 2842.327 2936.298 2969.210 2953.681 2993.309 3093.367 3195.285 3245.571 3265.968 3249.650 3205.714 3189.149 3231.363 3298.977 3411.146 3538.644 3631.954 3646.121 3649.116 3606.643 3629.496 3650.678 3653.192 3654.186 3661.069 3666.063 3668.907 3667.370 3664.484 3659.702 3651.574 3646.750 3643.135 3639.410 3638.356 3640.437 3642.129 3639.362 3635.490 3631.022 3625.441 3619.182 3612.470 3608.241 3604.060 3601.959 3596.599 3593.008 3587.299 3571.165 3556.866 3542.813 3530.356 3517.793 3502.480
-9999.000 2177.745 2272.627 2315.026 2395.234 2580.405 2707.943 2848.313 3007.973 3030.034 3078.907 3212.143 3326.408 3403.480 3432.940 3466.423 3490.521 3506.767 3541.909 3436.948 3511.295 3599.545 3639.393 3656.673 3664.610 3664.940 3655.342 3634.810 3624.128 3617.378 3618.984 3626.226 3631.004 3635.873 3633.596 3634.549 3635.439 3632.165 3628.199 3619.585 3611.790 3605.263 3602.253 3607.031 3602.356 3599.880 3593.769 3585.461 3576.631 3569.277 3561.433 3554.919 3552.667 3547.654 3546.495 3537.339 3506.890 3486.261 3469.307 3450.705 3424.674 3405.031
-9999.000 2096.695 2169.613 2233.389 2347.562 2510.284 2610.065 2767.794 3000.763 3131.240 3285.446 3370.863 3439.914 3483.822 3534.812 3584.204 3609.510 3619.939 3592.305 3611.479 3570.187 3559.377 3576.311 3604.440 3620.532 3624.422 3616.407 3606.970 3599.726 3598.601 3596.567 3592.924 3589.194 3585.834 3582.693 3585.467 3590.625 3583.697 3573.754 3564.556 3556.256 3547.218 3541.368 3536.953 3537.096 3537.319 3529.787 3519.408 3508.700 3500.527 3493.353 3488.768 3486.220 3481.373 3472.173 3458.955 3431.265 3405.453 3382.919 3352.214 3307.094 3293.264
-9999.000 1979.751 2110.341 2188.748 2286.361 2415.116 2521.119 2672.902 2803.961 3041.879 3183.954 3358.585 3405.225 3471.389 3519.597 3590.168 3586.338 3554.749 3513.036 3496.585 3506.074 3514.603 3523.208 3538.138 3555.395 3565.188 3569.527 3563.170 3549.044 3537.109 3526.751 3513.749 3504.754 3502.488 3505.933 3515.408 3516.218 3506.980 3493.119 3475.336 3460.068 3448.529 3446.406 3448.965 3449.921 3446.016 3440.139 3429.552 3417.115 3404.970 3399.135 3394.758 3387.603 3376.792 3365.280 3352.601 3329.170 3310.125 3286.750 3245.213 3202.264 3162.798
-9999.000 -9999.000 2025.705 2133.903 2228.370 2339.535 2430.923 2550.822 2690.503 2861.344 2976.031 3145.228 3234.622 3277.647 3313.217 3367.547 3390.701 3418.951 3410.701 3420.464 3429.112 3433.956 3439.465 3445.783 3456.394 3465.968 3475.560 3472.786 3463.880 3443.976 3419.285 3400.130 3389.955 3381.135 3392.724 3405.030 3399.994 3393.173 3380.730 3364.704 3352.149 3338.090 3334.645 3334.691 3335.269 3332.958 3330.226 3317.904 3305.724 3295.690 3291.599 3286.092 3282.408 3272.682 3262.209 3251.855 3233.277 3210.996 3184.547 3143.840 3105.224 3065.518
-9999.000 -9999.000 1937.608 2041.601 2144.420 2260.976 2345.584 2367.329 2503.862 2607.267 2712.357 2819.485 2911.988 2978.114 3011.572 3072.296 3124.641 3141.705 3177.417 3226.177 3258.138 3294.682 3316.220 3325.748 3338.105 3352.036 3359.509 3344.846 3333.631 3316.702 3293.787 3267.880 3254.724 3253.755 3253.393 3255.585 3248.376 3239.423 3225.123 3211.039 3198.837 3189.620 3186.043 3180.949 3178.918 3176.285 3174.482 3168.877 3160.337 3155.458 3147.500 3143.639 3142.711 3139.330 3133.367 3130.974 3120.262 3095.704 3068.603 3040.510 3008.643 2985.523
-9999.000 -9999.000 -9999.000 1989.834 2068.682 2109.573 2200.755 2235.480 2246.998 2332.592 2443.570 2573.593 2637.205 2688.948 2743.448 2782.820 2830.566 2874.698 2928.119 3003.552 3053.304 3101.279 3148.995 3172.901 3186.764 3203.165 3203.822 3195.125 3186.618 3171.959 3147.274 3124.633 3117.551 3124.347 3120.893 3115.784 3109.643 3108.121 3101.604 3091.812 3080.263 3077.016 3073.568 3067.592 3062.153 3058.021 3054.779 3053.201 3047.993 3040.768 3039.312 3039.479 3037.095 3036.215 3032.376 3025.836 3020.836 2993.522 2970.799 2954.146 2927.605 2898.601
-9999.000 -9999.000 -9999.000 -9999.000 -9999.000 1948.245 2053.434 2153.270 2198.432 2229.627 2293.357 2394.463 2430.883 2482.726 2543.368 2592.060 2652.957 2715.078 2791.423 2832.315 2894.159 2929.578 2971.560 3019.574 3033.148 3044.276 3054.728 3046.334 3038.178 3028.765 3005.106 2999.657 3001.718 3001.966 3001.785 2997.297 2992.718 2987.635 2985.552 2973.729 2968.360 2966.752 2962.951 2959.220 2954.183 2950.904 2948.357 2948.201 2941.275 2940.881 2946.924 2945.257 2943.415 2942.758 2937.124 2929.361 2921.881 2901.069 2887.278 2878.404 2848.171 2828.389
-9999.000 -9999.000 -9999.000 -9999.000 -9999.000 -9999.000 1912.243 2010.240 2078.477 2148.343 2225.860 2280.989 2302.357 2330.646 2375.792 2446.455 2531.261 2598.595 2644.197 2686.195 2733.875 2775.847 2811.572 2856.070 2875.508 2884.171 2899.909 2896.952 2889.501 2885.455 2882.597 2892.311 2887.005 2886.537 2885.133 2884.556 2878.320 2872.919 2869.979 2869.134 2869.665 2865.070 2861.425 2857.749 2853.019 2848.562 2845.885 2843.974 2844.013 2850.534 2851.871 2852.537 2851.283 2848.703 2841.264 2832.200 2824.398 2815.595 2806.298 2795.495 2779.524 2765.945
