tests/3D/Borden05m_nopit_001/output_maps/psiliqL0013N0003.asc
ncols         160
nrows         34
xllcorner     620200.000000
yllcorner     5168000.000000
cellsize      0.500000
NODATA_value  -9999.0
[rows 0 to 27 of 34, columns 64 to 127 of 160]
-9999.000 -9999.000 -9999.000 -9999.000 -9999.000 -9999.000 -9999.000 -9999.000 -9999.000 -9999.000 -9999.000 -9999.000 -9999.000 -9999.000 -9999.000 -9999.000 -9999.000 -9999.000 -9999.000 -9999.000 -9999.000 -9999.000 -9999.000 -9999.000 -9999.000 -9999.000 -9999.000 -9999.000 -9999.000 -9999.000 -9999.000 -9999.000 -9999.000 -9999.000 -9999.000 -9999.000 -9999.000 -9999.000 -9999.000 -9999.000 -9999.000 -9999.000 -9999.000 -9999.000 -9999.000 -9999.000 -9999.000 -9999.000 -9999.000 -9999.000 -9999.000 -9999.000 -9999.000 -9999.000 -9999.000 -9999.000 -9999.000 -9999.000 -9999.000 -9999.000 -9999.000 -9999.000 -9999.000 -9999.000
767.449 758.845 754.655 753.520 752.512 751.910 756.954 764.770 772.241 779.245 781.512 783.813 785.920 786.286 784.951 781.631 778.264 774.802 773.233 765.109 753.702 744.873 742.100 746.510 750.987 753.511 759.408 770.204 781.093 789.741 801.761 807.738 813.057 816.271 812.457 809.212 805.690 800.823 789.937 -9999.000 -9999.000 -9999.000 -9999.000 -9999.000 -9999.000 -9999.000 -9999.000 -9999.000 -9999.000 -9999.000 -9999.000 -9999.000 -9999.000 -9999.000 -9999.000 -9999.000 -9999.000 -9999.000 -9999.000 -9999.000 -9999.000 -9999.000 -9999.000 -9999.000
751.918 746.396 740.727 738.601 738.404 738.235 742.129 752.082 759.870 764.464 766.812 769.255 768.815 768.152 767.709 764.724 761.212 757.749 755.885 756.241 748.589 743.052 739.592 737.908 740.427 742.850 746.302 755.875 764.139 772.433 786.892 799.495 804.963 802.732 798.059 794.605 788.253 778.503 768.388 758.664 751.928 746.773 741.485 747.890 754.869 765.090 775.079 787.268 799.535 -9999.000 -9999.000 -9999.000 -9999.000 -9999.000 -9999.000 -9999.000 -9999.000 -9999.000 -9999.000 -9999.000 -9999.000 -9999.000 -9999.000 -9999.000
744.185 739.211 733.873 741.999 742.938 743.770 746.781 749.631 752.529 755.077 760.236 769.024 771.543 771.890 771.860 769.881 766.640 764.727 761.876 756.584 755.380 755.554 755.205 760.105 761.590 763.365 756.792 760.463 766.799 773.794 780.513 787.416 791.678 788.760 788.285 780.333 766.979 756.308 748.234 746.667 743.841 736.396 724.121 731.628 747.540 752.471 756.096 767.990 780.416 790.800 793.201 793.008 792.797 790.273 776.588 762.055 747.354 728.851 -9999.000 -9999.000 -9999.000 -9999.000 -9999.000 -9999.000
746.430 743.950 755.896 764.748 766.049 768.544 771.831 770.943 758.834 756.201 764.223 774.276 779.785 779.747 779.432 777.173 775.982 775.436 773.092 773.679 775.915 775.705 780.165 785.705 788.583 780.892 771.935 772.937 780.862 789.198 796.746 807.659 819.314 818.715 813.641 805.273 792.401 769.688 750.835 740.576 733.999 727.349 727.870 725.342 737.057 739.138 741.332 749.837 760.354 770.777 776.841 776.480 776.078 773.829 764.518 749.963 735.374 718.742 693.340 665.061 638.851 637.570 661.450 685.260
755.635 767.330 780.242 793.885 795.918 797.887 797.039 787.692 777.252 773.235 787.642 803.416 811.302 811.601 810.594 817.183 815.544 813.583 808.503 810.336 811.603 821.263 828.647 835.565 833.750 821.898 810.687 809.349 812.310 815.796 822.267 832.826 842.982 838.511 832.138 823.062 795.555 769.565 753.792 754.901 755.895 751.802 749.388 746.846 740.536 740.647 740.344 740.208 752.515 765.226 768.905 762.869 759.349 757.290 748.977 738.099 722.927 706.214 687.426 659.466 653.010 644.556 666.701 690.609
800.247 812.233 828.590 851.420 853.340 855.772 857.989 846.520 834.042 822.663 839.957 849.706 857.915 859.275 868.714 878.186 873.371 865.179 854.811 860.841 872.367 887.054 893.517 897.171 896.019 885.169 879.648 878.305 880.616 878.420 883.172 893.811 909.326 909.565 901.506 880.290 844.942 812.150 793.134 799.874 794.227 788.617 785.953 773.088 763.194 764.083 755.322 749.824 761.835 768.361 770.286 763.800 769.363 762.076 743.464 726.523 711.383 697.152 681.782 674.963 665.858 658.148 671.009 691.232
837.652 855.319 876.782 899.225 906.440 908.795 917.573 910.735 901.181 892.682 903.106 914.655 925.825 935.071 947.205 958.257 948.604 936.623 931.407 936.252 955.296 971.917 976.717 977.899 980.752 972.126 965.717 959.227 954.254 948.779 945.117 963.465 980.319 979.530 957.642 935.286 901.159 865.580 835.400 836.390 835.409 835.949 822.631 808.821 793.845 785.673 777.845 764.747 770.935 776.630 786.759 796.049 797.221 780.937 763.673 744.553 726.200 712.089 707.041 701.769 692.144 685.692 692.304 706.521
930.007 943.713 966.243 996.217 1016.080 1033.912 1037.340 1028.478 1019.276 1005.984 1003.499 1019.738 1031.079 1041.179 1051.410 1063.322 1068.617 1065.979 1065.356 1068.251 1074.817 1083.253 1089.642 1094.881 1100.406 1097.097 1087.272 1081.066 1072.654 1066.269 1064.214 1067.179 1078.671 1077.635 1053.354 1028.284 998.614 964.153 935.346 920.176 928.034 919.071 903.105 885.811 853.242 838.830 824.826 797.316 794.406 803.370 816.609 826.764 812.090 795.910 777.797 757.636 738.604 731.991 730.732 727.839 721.925 719.387 724.775 738.419
1040.160 1046.579 1077.255 1110.243 1137.809 1160.547 1168.182 1157.488 1147.503 1135.462 1125.860 1129.467 1143.152 1159.145 1174.249 1185.063 1188.540 1187.284 1187.475 1189.264 1192.040 1194.777 1200.580 1207.572 1217.403 1228.322 1222.762 1206.469 1194.540 1181.308 1176.819 1175.917 1174.868 1175.654 1169.341 1139.972 1113.687 1084.092 1057.733 1039.216 1027.766 1010.827 991.058 948.343 911.219 879.362 854.894 829.144 828.759 852.635 884.571 879.925 868.546 852.047 827.937 804.032 780.441 774.464 772.039 767.007 760.720 755.377 751.148 755.359
1158.542 1164.510 1185.578 1221.073 1256.320 1284.517 1287.627 1277.860 1267.263 1256.747 1246.032 1242.497 1249.904 1260.576 1276.159 1287.237 1296.646 1295.909 1296.268 1296.597 1298.497 1300.167 1301.971 1308.769 1320.335 1331.395 1332.523 1319.586 1303.063 1286.267 1279.636 1274.245 1269.131 1269.976 1271.528 1265.397 1242.107 1208.517 1168.587 1144.624 1125.874 1115.094 1101.572 1078.767 1030.963 1003.624 971.843 940.831 924.046 966.880 968.624 958.281 944.133 920.786 894.797 870.129 845.365 837.787 833.001 825.569 819.632 811.591 801.750 798.643
1271.581 1280.738 1296.238 1318.665 1346.105 1371.526 1387.874 1383.764 1371.145 1353.999 1348.759 1347.405 1349.252 1355.599 1363.348 1378.421 1393.883 1399.124 1399.822 1397.396 1399.374 1400.415 1400.428 1401.403 1406.028 1412.966 1415.515 1410.908 1395.382 1375.876 1362.137 1354.050 1350.044 1348.585 1350.463 1350.805 1340.163 1313.095 1277.389 1246.343 1226.553 1212.644 1201.120 1192.187 1175.223 1159.739 1131.861 1091.547 1059.188 1063.602 1055.073 1044.286 1021.088 992.997 967.737 936.893 908.219 892.484 886.742 881.915 875.131 864.384 854.317 848.458
1376.856 1391.581 1409.695 1422.876 1438.921 1459.357 1471.353 1476.743 1476.962 1475.703 1477.457 1477.597 1451.784 1454.727 1457.609 1464.663 1472.551 1475.116 1475.379 1474.329 1475.374 1475.690 1475.823 1475.481 1475.446 1477.540 1478.341 1477.351 1470.909 1473.988 1457.442 1445.912 1438.759 1431.433 1423.352 1414.393 1405.529 1390.477 1365.254 1334.004 1308.817 1299.017 1293.963 1288.876 1285.019 1271.697 1252.470 1224.327 1188.747 1157.904 1150.137 1135.125 1108.362 1086.305 1070.242 1037.086 1005.122 983.116 975.786 960.873 944.580 930.295 913.930 898.564
1472.644 1485.377 1480.156 1483.595 1487.154 1490.690 1491.904 1492.252 1492.092 1489.912 1489.591 1487.982 1483.428 1474.083 1475.569 1477.054 1479.528 1483.007 1481.687 1482.592 1485.479 1484.007 1478.611 1475.090 1473.535 1473.977 1481.010 1484.089 1484.860 1483.892 1483.242 1482.829 1481.422 1479.664 1477.186 1474.017 1477.371 1467.880 1445.711 1414.258 1381.141 1368.731 1365.743 1367.190 1365.400 1360.542 1343.806 1318.859 1285.354 1249.877 1236.305 1224.203 1212.531 1201.739 1187.377 1152.164 1116.785 1090.560 1074.185 1049.570 1029.962 1012.062 990.962 973.211
1495.210 1491.994 1488.615 1484.050 1482.876 1481.660 1479.356 1480.039 1478.168 1474.383 1471.007 1464.768 1454.286 1443.137 1440.687 1445.265 1450.228 1454.488 1457.618 1460.882 1461.972 1457.353 1449.715 1442.828 1440.957 1447.303 1452.753 1457.885 1458.529 1457.178 1455.228 1455.466 1453.081 1453.579 1459.878 1472.773 1478.422 1480.865 1480.517 1473.626 1461.147 1454.183 1435.549 1439.534 1435.587 1425.071 1405.559 1383.555 1356.102 1329.345 1307.174 1299.893 1295.462 1289.870 1280.619 1247.793 1215.536 1185.571 1162.618 1137.797 1115.061 1094.132 1072.765 1050.950
1483.580 1476.860 1468.930 1462.343 1455.939 1454.064 1452.989 1452.494 1452.727 1447.686 1440.222 1425.405 1414.217 1403.298 1397.460 1395.658 1400.610 1410.250 1419.629 1424.171 1417.616 1410.378 1400.015 1392.168 1392.429 1394.636 1403.411 1416.972 1421.341 1421.919 1416.826 1412.318 1406.407 1404.280 1410.766 1425.097 1439.665 1452.700 1460.429 1467.400 1473.569 1477.125 1478.259 1478.881 1477.998 1476.892 1462.360 1442.598 1419.931 1397.368 1372.679 1366.710 1365.084 1361.504 1359.703 1332.724 1299.764 1267.745 1240.686 1215.386 1192.627 1170.940 1148.010 1123.726
1449.930 1443.671 1434.066 1423.803 1414.693 1408.973 1410.032 1412.393 1413.556 1407.589 1393.840 1377.277 1364.480 1351.141 1347.466 1342.870 1338.844 1349.312 1366.129 1372.241 1359.035 1349.419 1335.551 1328.385 1325.355 1326.804 1335.947 1355.289 1374.100 1375.091 1365.322 1355.675 1350.634 1347.689 1353.508 1370.627 1389.475 1403.334 1412.183 1417.279 1424.868 1433.872 1445.584 1458.190 1468.713 1476.801 1480.620 1478.855 1473.509 1461.449 1441.915 1429.201 1420.313 1415.422 1407.817 1387.492 1361.539 1336.164 1310.562 1289.108 1270.861 1246.541 1221.588 1197.480
1407.786 1401.463 1387.849 1376.649 1365.649 1352.936 1350.260 1347.958 1350.189 1339.778 1330.303 1312.676 1298.000 1283.077 1273.094 1267.661 1262.094 1266.173 1281.396 1290.321 1277.408 1267.344 1254.829 1248.846 1245.558 1247.348 1257.332 1278.839 1296.938 1303.432 1295.154 1289.669 1286.802 1284.935 1289.726 1302.875 1321.313 1340.916 1355.814 1364.195 1371.050 1380.305 1393.844 1406.898 1419.953 1436.101 1455.207 1469.058 1477.861 1481.398 1480.984 1477.753 1474.489 1465.321 1454.909 1438.378 1416.015 1390.492 1365.422 1348.780 1332.500 1315.869 1289.754 1261.377
1365.631 1351.134 1306.153 1289.414 1272.882 1258.939 1254.381 1248.095 1240.781 1232.624 1226.966 1221.359 1206.811 1190.228 1174.709 1170.022 1166.256 1157.168 1161.479 1164.523 1169.268 1162.120 1156.645 1154.702 1152.117 1154.995 1168.198 1179.354 1188.658 1194.187 1192.366 1198.345 1203.421 1206.478 1220.857 1232.635 1248.517 1268.239 1290.268 1302.212 1310.536 1320.322 1334.746 1350.202 1366.461 1387.587 1410.850 1425.600 1435.794 1446.945 1458.829 1472.071 1480.321 1485.685 1485.061 1480.483 1460.611 1436.507 1416.816 1399.956 1386.130 1372.914 1354.093 1320.176
1312.138 1271.879 1231.561 1201.006 1184.715 1164.427 1154.622 1144.732 1119.249 1106.145 1101.650 1108.198 1099.926 1083.979 1070.902 1063.384 1057.103 1044.391 1035.204 1040.108 1052.680 1048.674 1047.356 1051.572 1049.763 1045.908 1050.411 1063.963 1071.117 1080.048 1090.734 1093.831 1101.945 1126.829 1138.716 1152.078 1170.193 1190.082 1210.910 1229.577 1241.344 1254.528 1271.860 1287.334 1306.708 1328.721 1355.828 1374.179 1387.356 1397.823 1408.423 1423.149 1442.008 1458.521 1474.422 1485.050 1485.772 1480.658 1461.302 1444.976 1431.143 1422.986 1402.479 1374.256
1210.901 1166.670 1129.113 1102.197 1082.368 1060.684 1043.807 1018.157 988.624 970.103 977.578 986.136 988.741 976.010 964.417 955.209 941.910 927.135 915.672 924.536 933.025 942.054 945.653 949.129 951.649 950.155 944.799 948.503 956.320 965.452 974.675 987.175 1014.957 1037.339 1052.483 1070.919 1088.867 1109.431 1131.177 1150.828 1165.193 1181.938 1199.496 1218.881 1238.169 1261.451 1289.030 1311.913 1326.026 1339.121 1351.989 1370.088 1392.129 1413.230 1436.004 1456.048 1467.834 1480.139 1487.803 1485.671 1473.196 1461.124 1444.369 1422.610
1084.999 1045.605 1014.947 994.906 973.150 952.324 927.902 899.009 875.242 856.974 865.294 873.566 886.436 875.800 865.972 860.883 846.813 833.591 819.444 827.014 837.031 854.478 858.535 861.756 868.549 867.128 864.033 853.860 861.435 870.683 882.931 908.866 931.358 953.051 972.049 989.957 1009.928 1031.297 1052.983 1076.156 1093.362 1110.345 1129.942 1148.471 1165.032 1184.237 1208.756 1229.923 1248.219 1267.668 1282.078 1304.982 1333.077 1359.889 1390.889 1412.490 1427.499 1440.271 1453.015 1471.058 1482.185 1484.363 1479.520 1458.718
935.651 905.287 892.244 877.067 856.916 837.904 818.964 795.391 774.876 752.301 757.299 770.842 785.732 781.347 778.849 776.454 765.976 752.819 739.592 743.334 758.567 775.292 782.711 789.157 796.403 796.140 788.679 779.621 784.455 797.616 812.516 831.764 852.381 872.437 891.018 911.590 932.854 954.363 977.627 1001.982 1019.932 1041.298 1063.642 1080.966 1091.248 1103.219 1125.184 1141.761 1161.941 1182.669 1198.710 1225.377 1257.690 1296.171 1333.574 1367.852 1383.486 1396.741 1407.767 1424.228 1444.383 1463.309 1478.960 1478.900
818.564 804.583 788.366 773.063 757.231 738.161 720.702 703.717 683.081 667.130 673.450 687.187 698.650 702.283 699.852 697.305 690.355 676.982 667.703 676.353 691.610 706.208 716.308 722.816 728.553 725.551 716.937 710.930 718.387 733.092 746.902 762.897 782.984 802.770 822.862 843.801 864.548 887.484 911.067 935.018 958.742 980.048 999.722 1009.013 1018.663 1023.949 1037.887 1054.061 1072.109 1093.234 1115.269 1142.058 1180.240 1219.254 1256.871 1293.550 1321.686 1340.141 1355.957 1376.054 1397.191 1415.065 1430.083 1444.048
739.866 716.473 701.639 693.765 680.656 663.038 650.990 635.309 619.430 620.599 624.005 635.429 636.856 637.883 635.302 634.550 630.656 620.623 628.100 635.538 650.002 660.604 669.892 675.902 679.760 679.497 672.978 676.280 682.841 696.733 707.829 721.961 741.727 758.069 776.309 797.073 818.448 840.844 864.660 890.413 913.374 931.268 939.112 948.363 952.566 945.319 957.585 970.550 983.034 1003.405 1023.896 1048.294 1085.668 1128.564 1173.370 1210.246 1249.858 1273.377 1296.337 1318.575 1342.529 1364.731 1382.969 1396.594
652.613 630.297 622.923 612.857 602.312 590.113 577.086 566.625 568.361 566.392 565.703 566.810 569.945 572.900 572.230 571.317 572.618 579.677 583.972 589.449 599.491 610.522 621.036 624.859 628.952 632.125 635.823 638.240 642.150 652.955 664.312 676.871 692.951 709.717 727.724 749.030 770.780 794.044 819.447 845.296 865.141 873.821 882.940 885.668 880.047 874.881 880.907 892.253 901.443 919.709 940.624 956.794 997.180 1044.004 1086.647 1122.115 1157.099 1192.061 1218.699 1243.434 1274.532 1301.572 1329.604 1347.097
587.930 571.400 561.666 551.830 541.799 529.087 519.830 518.778 516.639 514.775 513.201 516.630 520.385 524.784 524.650 525.278 528.012 532.297 538.240 547.342 558.086 569.938 584.408 588.915 593.406 598.853 601.387 604.411 608.422 619.401 630.790 642.674 659.138 676.293 694.732 716.355 741.191 769.941 795.847 821.405 843.290 851.970 855.835 853.976 847.768 834.985 833.450 843.581 846.090 858.048 877.288 888.273 920.785 963.214 992.949 1027.445 1064.338 1111.587 1139.414 1170.901 1201.925 1232.627 1262.759 1279.632
530.463 511.823 499.463 489.292 480.138 472.938 471.172 468.485 466.875 465.727 464.146 466.373 470.648 474.744 476.874 479.606 482.937 489.131 498.055 506.491 518.276 532.792 547.602 553.890 559.260 564.863 568.816 572.885 576.602 586.579 598.052 608.857 625.818 643.941 662.513 687.694 716.775 746.185 771.620 796.524 821.177 824.552 825.738 825.110 811.361 796.250 790.094 792.476 793.414 799.649 811.126 822.632 847.769 874.320 903.201 938.729 985.118 1030.547 1062.261 1092.939 1123.260 1150.214 1171.942 1191.670
