tests/3D/Borden05m_nopit_001/output_maps/psiliqL0021N0031.asc
ncols         160
nrows         34
xllcorner     620200.000000
yllcorner     5168000.000000
cellsize      0.500000
NODATA_value  -9999.0
[rows 0 to 27 of 34, columns 62 to 123 of 160]
-9999.000 -9999.000 -9999.000 -9999.000 -9999.000 -9999.000 -9999.000 -9999.000 -9999.000 -9999.000 -9999.000 -9999.000 -9999.000 -9999.000 -9999.000 -9999.000 -9999.000 -9999.000 -9999.000 -9999.000 -9999.000 -9999.000 -9999.000 -9999.000 -9999.000 -9999.000 -9999.000 -9999.000 -9999.000 -9999.000 -9999.000 -9999.000 -9999.000 -9999.000 -9999.000 -9999.000 -9999.000 -9999.000 -9999.000 -9999.000 -9999.000 -9999.000 -9999.000 -9999.000 -9999.000 -9999.000 -9999.000 -9999.000 -9999.000 -9999.000 -9999.000 -9999.000 -9999.000 -9999.000 -9999.000 -9999.000 -9999.000 -9999.000 -9999.000 -9999.000 -9999.000 -9999.000
2384.477 2375.722 2366.354 2358.188 2353.981 2352.803 2351.872 2351.221 2356.118 2364.042 2371.560 2378.446 2380.766 2383.058 2384.973 2385.223 2383.976 2380.675 2377.290 2373.846 2372.171 2364.505 2353.257 2344.739 2342.009 2346.265 2350.650 2353.130 2358.576 2369.110 2379.814 2388.417 2400.771 2407.387 2412.724 2415.557 2411.644 2408.392 2404.600 2398.953 2387.937 -9999.000 -9999.000 -9999.000 -9999.000 -9999.000 -9999.000 -9999.000 -9999.000 -9999.000 -9999.000 -9999.000 -9999.000 -9999.000 -9999.000 -9999.000 -9999.000 -9999.000 -9999.000 -9999.000 -9999.000 -9999.000
2364.553 2359.955 2351.274 2345.966 2340.375 2337.884 2337.766 2337.578 2341.278 2351.676 2359.416 2363.938 2366.415 2369.059 2367.874 2367.095 2366.743 2363.770 2360.237 2356.789 2354.900 2355.911 2348.275 2342.437 2338.693 2336.212 2338.859 2341.442 2345.588 2354.904 2362.942 2371.037 2385.940 2398.905 2404.522 2402.112 2397.509 2393.852 2386.862 2376.504 2366.470 2357.730 2351.392 2346.127 2340.158 2346.588 2354.129 2363.798 2373.019 2385.124 2397.380 -9999.000 -9999.000 -9999.000 -9999.000 -9999.000 -9999.000 -9999.000 -9999.000 -9999.000 -9999.000 -9999.000
2344.432 2347.416 2343.905 2338.975 2332.067 2341.299 2342.210 2342.892 2345.941 2348.123 2352.327 2354.732 2359.937 2368.780 2371.418 2371.762 2371.722 2369.687 2366.387 2364.395 2361.533 2356.209 2354.604 2354.423 2353.471 2357.850 2359.347 2361.819 2355.917 2360.055 2366.344 2373.329 2379.316 2385.763 2388.972 2385.849 2386.062 2377.908 2364.413 2354.289 2346.634 2346.211 2343.341 2335.635 2322.503 2330.536 2346.597 2351.455 2354.444 2365.835 2378.175 2388.645 2391.546 2391.263 2390.941 2388.127 2374.307 2359.620 2344.611 2325.965 -9999.000 -9999.000
2351.791 2349.816 2346.239 2342.508 2353.424 2361.845 2363.109 2365.476 2369.090 2369.202 2357.799 2355.473 2362.961 2372.696 2377.913 2377.941 2377.527 2374.328 2373.096 2372.704 2370.647 2370.504 2372.273 2370.649 2374.138 2379.610 2382.746 2376.584 2367.976 2369.756 2378.018 2386.852 2394.438 2404.905 2416.037 2416.013 2411.328 2402.928 2390.378 2367.889 2349.925 2339.284 2331.881 2324.899 2326.986 2323.160 2336.211 2338.143 2340.561 2348.343 2358.749 2369.315 2375.461 2374.870 2374.203 2371.761 2362.229 2347.491 2332.678 2315.378 2289.134 2260.392
2352.005 2351.173 2352.268 2362.019 2374.125 2386.152 2388.056 2389.835 2388.640 2380.360 2369.947 2366.704 2380.328 2396.612 2404.409 2404.152 2401.030 2405.405 2404.810 2404.335 2400.288 2401.398 2400.355 2407.358 2414.895 2422.439 2420.898 2408.720 2396.826 2396.286 2400.804 2406.445 2413.615 2423.939 2433.478 2428.845 2423.286 2415.338 2389.087 2365.261 2350.488 2351.195 2352.117 2347.886 2345.780 2344.315 2339.428 2339.650 2339.052 2338.865 2351.143 2364.195 2367.780 2361.300 2357.418 2355.191 2347.108 2335.781 2320.141 2303.142 2283.694 2255.577
2384.540 2385.567 2391.819 2402.691 2416.692 2438.703 2439.004 2440.120 2440.084 2427.684 2414.718 2404.177 2424.365 2434.856 2442.358 2441.231 2447.940 2456.849 2452.771 2445.733 2434.302 2440.039 2448.416 2463.353 2470.700 2475.343 2472.077 2459.360 2453.081 2453.518 2458.403 2458.312 2465.487 2474.986 2490.157 2489.471 2484.402 2464.087 2427.810 2397.265 2382.294 2391.972 2386.393 2380.362 2379.340 2367.661 2359.494 2361.457 2353.170 2348.227 2360.632 2367.416 2368.988 2361.637 2366.875 2359.882 2339.875 2323.110 2308.304 2293.958 2277.385 2271.018
2402.010 2407.014 2416.607 2434.074 2453.280 2474.069 2475.953 2472.750 2482.005 2475.048 2464.680 2456.766 2473.922 2484.537 2495.085 2502.125 2514.535 2525.174 2511.282 2496.165 2487.741 2493.907 2516.953 2537.111 2541.899 2541.772 2542.517 2529.787 2524.352 2519.768 2518.079 2514.371 2511.828 2534.486 2554.241 2553.835 2532.216 2509.688 2472.269 2435.428 2408.922 2417.347 2414.968 2417.260 2405.982 2393.519 2383.409 2378.771 2371.782 2360.920 2368.942 2373.958 2382.761 2390.690 2393.944 2377.478 2360.001 2340.822 2322.834 2308.712 2302.736 2296.768
2471.822 2484.408 2491.499 2508.063 2527.186 2554.536 2569.574 2583.296 2587.013 2579.241 2570.431 2557.917 2560.180 2581.114 2592.616 2601.605 2610.688 2623.033 2625.283 2620.002 2618.620 2622.413 2633.228 2645.365 2651.966 2655.856 2659.584 2650.172 2638.456 2634.836 2628.250 2625.045 2623.785 2631.995 2649.079 2646.725 2614.935 2588.813 2555.876 2519.046 2489.960 2480.398 2495.175 2490.453 2474.390 2461.343 2432.898 2424.246 2413.132 2388.394 2387.383 2392.927 2404.006 2417.207 2403.867 2387.600 2370.065 2350.298 2332.648 2325.657 2324.098 2321.048
2589.224 2596.594 2599.876 2606.265 2637.963 2671.410 2697.363 2720.090 2727.418 2715.713 2705.845 2692.881 2683.766 2691.963 2707.855 2724.875 2739.860 2750.986 2753.595 2752.134 2752.239 2754.844 2757.755 2761.466 2768.925 2776.322 2785.425 2794.549 2785.963 2769.238 2758.959 2748.342 2746.151 2746.677 2748.675 2749.648 2736.879 2699.671 2670.084 2638.934 2616.782 2601.568 2597.091 2579.396 2556.822 2508.768 2471.560 2440.091 2419.264 2395.931 2400.968 2421.326 2460.338 2461.128 2449.427 2433.912 2410.366 2387.254 2365.835 2361.400 2359.590 2355.072
2713.038 2717.093 2720.068 2723.991 2748.634 2787.964 2825.823 2855.947 2857.014 2844.736 2833.663 2824.016 2810.989 2807.195 2817.892 2831.558 2850.118 2860.797 2868.125 2865.770 2866.041 2867.300 2869.480 2871.448 2874.412 2883.019 2896.818 2910.066 2909.935 2893.181 2875.735 2859.416 2855.399 2851.859 2846.860 2848.654 2850.415 2838.135 2809.777 2772.225 2731.973 2712.536 2696.041 2685.178 2669.503 2635.575 2575.974 2541.086 2505.577 2477.056 2471.737 2530.644 2543.575 2533.047 2521.143 2499.020 2471.791 2448.267 2425.524 2421.517 2417.447 2410.091
2828.827 2835.594 2839.270 2846.202 2862.380 2891.025 2923.622 2951.802 2967.564 2961.092 2945.047 2924.648 2916.472 2914.116 2917.097 2925.484 2936.525 2954.470 2972.493 2978.082 2978.898 2976.304 2978.570 2979.948 2980.025 2982.254 2989.384 2998.224 3001.304 2994.640 2975.524 2953.425 2941.182 2934.092 2930.452 2930.557 2934.524 2936.698 2923.355 2890.745 2849.363 2818.950 2802.061 2788.818 2775.632 2764.410 2737.251 2718.207 2684.853 2639.499 2609.820 2635.783 2627.778 2617.326 2594.340 2564.034 2534.473 2504.022 2477.776 2467.116 2463.028 2460.703
2940.122 2944.651 2952.588 2967.541 2989.048 3006.061 3026.411 3050.880 3065.668 3070.973 3069.958 3066.865 3068.255 3068.535 3018.258 3023.395 3028.499 3042.191 3055.046 3059.600 3060.109 3058.069 3059.632 3060.242 3060.215 3059.849 3061.366 3065.428 3066.976 3065.047 3054.509 3067.591 3048.731 3035.909 3028.041 3020.090 3011.873 3002.581 2993.017 2974.656 2945.695 2912.361 2889.519 2880.888 2875.098 2867.751 2862.630 2846.832 2825.227 2792.456 2754.056 2729.137 2724.950 2709.138 2677.435 2650.029 2629.856 2594.900 2564.199 2545.835 2542.344 2531.709
3047.691 3052.230 3065.389 3080.705 3068.347 3075.023 3081.931 3088.796 3091.153 3091.827 3091.515 3089.194 3088.571 3086.425 3082.583 3072.497 3074.064 3075.854 3078.424 3082.070 3080.890 3081.928 3084.858 3083.191 3077.363 3073.470 3071.898 3072.702 3079.995 3083.338 3084.224 3081.656 3080.806 3079.991 3077.242 3073.812 3068.980 3062.802 3073.716 3062.496 3036.412 2999.111 2960.628 2951.274 2951.353 2951.713 2950.013 2944.577 2927.156 2900.400 2864.065 2826.389 2817.050 2803.509 2787.129 2772.739 2755.238 2716.891 2680.696 2656.708 2643.943 2620.165
3089.384 3091.996 3094.407 3091.328 3088.194 3083.417 3081.984 3080.678 3078.285 3078.934 3077.052 3073.083 3069.268 3061.890 3050.691 3039.524 3036.337 3040.734 3046.132 3050.983 3054.985 3058.552 3058.924 3053.739 3045.572 3038.242 3036.506 3043.201 3048.840 3054.889 3055.678 3054.288 3051.967 3051.869 3048.879 3049.166 3055.959 3070.064 3073.752 3078.458 3077.740 3064.314 3040.034 3045.237 3025.668 3030.919 3026.456 3015.288 2994.464 2970.800 2940.638 2911.109 2890.935 2883.453 2877.953 2871.275 2858.688 2821.498 2787.595 2758.172 2736.995 2711.570
3073.918 3080.885 3082.053 3075.117 3066.763 3059.756 3052.680 3050.498 3049.766 3049.435 3049.851 3044.647 3035.965 3019.701 3008.260 2997.247 2991.344 2988.231 2992.195 3002.898 3014.127 3018.999 3010.630 3002.580 2991.251 2983.251 2983.631 2985.058 2994.311 3010.038 3016.495 3017.202 3011.180 3005.341 2998.912 2996.136 3002.556 3017.501 3033.492 3048.198 3056.822 3064.240 3070.979 3071.065 3073.185 3074.304 3072.484 3073.984 3057.169 3034.476 3007.563 2982.903 2957.161 2952.477 2951.804 2948.083 2945.887 2914.790 2879.286 2845.647 2818.593 2792.260
3047.160 3049.501 3045.786 3039.462 3029.617 3018.872 3009.394 3002.442 3003.490 3005.860 3007.366 3000.544 2985.751 2968.385 2955.156 2941.488 2937.657 2932.216 2925.802 2936.041 2954.782 2961.732 2946.625 2936.173 2921.429 2914.646 2910.973 2911.972 2920.960 2942.375 2964.669 2966.366 2955.793 2945.306 2940.442 2937.283 2942.266 2959.072 2979.163 2994.440 3004.276 3009.464 3017.111 3026.291 3039.604 3053.568 3065.178 3070.887 3077.817 3074.225 3063.661 3054.609 3031.775 3017.815 3009.542 3005.026 2997.724 2974.847 2946.374 2919.292 2892.866 2869.770
3011.443 3008.132 3002.312 2995.563 2977.351 2965.390 2953.184 2939.075 2935.650 2931.755 2933.273 2922.191 2913.746 2896.930 2881.863 2866.531 2854.371 2848.773 2842.484 2842.766 2856.832 2865.431 2854.781 2844.973 2833.702 2828.690 2825.352 2827.589 2837.859 2858.049 2876.267 2884.006 2876.317 2873.561 2872.550 2870.824 2876.549 2888.067 2906.090 2927.434 2944.907 2954.181 2960.947 2970.064 2984.069 2997.691 3011.452 3028.658 3050.192 3065.412 3074.862 3076.222 3075.162 3068.605 3069.083 3058.664 3046.718 3027.575 3003.101 2976.207 2950.143 2932.728
2970.854 2965.010 2959.531 2939.700 2888.149 2868.634 2850.622 2835.274 2829.381 2821.771 2808.712 2800.304 2795.495 2795.104 2781.018 2763.915 2747.030 2742.259 2738.686 2724.147 2722.556 2723.946 2736.345 2729.939 2727.278 2727.899 2725.444 2727.251 2740.129 2748.958 2755.659 2761.956 2764.486 2773.431 2780.405 2788.123 2804.206 2815.245 2830.594 2850.547 2874.793 2888.903 2897.840 2907.851 2922.659 2938.389 2955.417 2977.157 3002.047 3017.720 3028.391 3039.836 3052.599 3066.899 3073.123 3080.398 3078.771 3074.352 3051.427 3023.620 3002.946 2985.294
2909.138 2907.086 2897.978 2848.197 2807.757 2775.203 2758.497 2736.176 2724.061 2710.020 2676.102 2660.273 2658.625 2670.854 2665.904 2650.522 2638.361 2629.677 2621.416 2605.425 2589.877 2595.591 2612.135 2611.481 2613.313 2619.987 2619.040 2613.244 2612.849 2625.303 2631.237 2641.578 2656.820 2660.999 2674.537 2705.152 2717.461 2731.695 2749.722 2769.678 2791.064 2812.050 2825.069 2839.305 2857.088 2873.066 2892.757 2914.831 2943.231 2963.334 2977.064 2987.488 2997.910 3012.796 3032.727 3050.918 3068.282 3078.072 3078.943 3068.449 3050.000 3031.169
2811.572 2805.911 2780.764 2731.402 2695.429 2671.161 2650.318 2628.055 2606.860 2573.644 2540.916 2520.446 2533.713 2544.274 2553.133 2541.481 2530.618 2521.309 2504.950 2488.898 2474.165 2484.528 2493.145 2508.926 2514.752 2518.521 2523.295 2521.780 2512.675 2510.286 2518.109 2527.550 2538.427 2556.802 2589.499 2613.149 2630.020 2649.436 2667.474 2688.149 2710.270 2731.573 2747.265 2764.627 2782.375 2802.301 2821.049 2843.594 2871.173 2895.840 2910.934 2925.150 2938.134 2956.743 2979.669 3001.724 3025.919 3046.846 3059.619 3072.121 3077.125 3072.318
2697.326 2679.304 2636.516 2596.009 2572.457 2557.631 2535.369 2514.914 2487.864 2456.021 2434.121 2414.688 2424.730 2434.679 2452.714 2443.616 2436.076 2432.625 2417.875 2404.762 2389.157 2395.916 2407.423 2428.988 2434.365 2438.195 2446.727 2445.702 2441.448 2426.096 2432.904 2442.965 2456.581 2485.667 2507.859 2529.644 2550.034 2568.434 2588.912 2610.319 2632.325 2657.066 2675.269 2693.024 2713.328 2731.721 2746.264 2762.935 2786.554 2807.271 2827.127 2848.219 2862.575 2886.272 2915.735 2944.836 2977.903 3001.261 3016.253 3028.405 3040.228 3059.061
2555.191 2508.826 2475.904 2452.935 2448.661 2436.187 2417.042 2398.808 2380.311 2358.552 2339.830 2316.092 2321.821 2337.314 2354.030 2353.875 2354.041 2352.554 2343.130 2329.955 2316.579 2320.387 2336.937 2354.539 2363.771 2371.065 2378.593 2378.219 2369.168 2359.229 2363.744 2378.082 2393.418 2411.037 2431.115 2451.068 2470.234 2491.415 2512.888 2534.595 2558.157 2583.347 2602.776 2624.888 2647.804 2663.846 2672.363 2680.785 2700.347 2715.887 2736.516 2758.085 2775.054 2801.628 2835.117 2875.405 2914.293 2952.330 2969.364 2982.435 2992.529 3007.977
2435.391 2404.120 2376.562 2368.330 2353.660 2340.754 2326.858 2307.901 2292.081 2277.444 2257.111 2245.866 2253.343 2267.284 2276.802 2282.958 2281.081 2278.987 2273.212 2259.655 2254.047 2263.701 2278.916 2292.859 2303.934 2310.643 2315.845 2312.675 2303.495 2299.384 2307.054 2321.930 2335.067 2349.647 2369.391 2388.538 2408.745 2429.782 2450.431 2473.393 2497.036 2521.386 2546.403 2567.447 2585.404 2593.353 2601.864 2602.364 2613.259 2628.267 2644.640 2665.742 2688.569 2713.848 2752.222 2792.150 2831.098 2869.756 2902.759 2922.039 2938.325 2957.720
2366.986 2338.617 2311.051 2287.091 2275.095 2269.458 2257.630 2241.501 2230.979 2216.247 2205.150 2210.318 2212.674 2222.117 2221.582 2222.878 2220.709 2220.332 2217.845 2210.724 2221.349 2228.171 2241.855 2251.995 2261.504 2267.246 2270.758 2271.305 2266.201 2271.031 2276.914 2290.221 2300.849 2313.912 2333.023 2348.872 2366.586 2387.245 2408.556 2430.733 2454.585 2480.625 2503.472 2520.058 2525.986 2533.996 2535.136 2524.084 2534.216 2545.610 2555.510 2575.088 2594.791 2615.620 2652.543 2696.512 2743.417 2780.570 2823.803 2849.970 2873.933 2895.529
2284.192 2255.939 2228.935 2208.862 2204.082 2194.076 2184.411 2173.418 2160.817 2153.564 2158.966 2157.177 2155.490 2154.713 2157.869 2161.469 2161.249 2160.558 2163.177 2172.955 2177.402 2182.836 2192.050 2203.182 2214.534 2218.139 2222.268 2226.313 2231.320 2233.847 2237.221 2247.408 2258.662 2270.591 2285.964 2302.665 2320.368 2341.543 2363.582 2387.227 2412.605 2438.832 2459.207 2466.782 2475.195 2476.058 2468.184 2461.182 2464.047 2474.480 2480.703 2496.673 2517.138 2527.707 2565.209 2612.452 2653.342 2688.751 2723.484 2763.858 2790.918 2815.953
2221.102 2193.152 2172.004 2157.610 2147.855 2137.994 2128.102 2116.142 2109.145 2110.087 2107.968 2106.249 2104.371 2107.742 2111.651 2116.340 2116.701 2117.872 2120.948 2125.404 2131.913 2141.307 2152.072 2164.252 2179.546 2184.414 2189.022 2194.827 2197.510 2200.688 2204.483 2215.119 2226.476 2237.960 2254.220 2271.375 2289.504 2311.104 2336.114 2365.248 2391.332 2417.170 2440.283 2448.893 2451.961 2449.482 2441.937 2427.291 2423.800 2432.192 2432.400 2441.440 2458.691 2466.080 2492.003 2530.925 2557.684 2591.480 2629.546 2681.007 2709.780 2741.281
2153.329 2133.586 2118.512 2100.324 2087.531 2077.368 2069.169 2064.058 2063.633 2061.420 2060.262 2059.256 2057.409 2059.125 2063.573 2067.675 2070.275 2073.337 2077.571 2084.322 2093.436 2101.603 2113.410 2128.135 2143.440 2150.466 2155.983 2161.959 2166.330 2170.494 2173.962 2183.511 2194.851 2204.769 2221.373 2239.521 2258.425 2283.433 2312.511 2342.364 2368.096 2393.052 2418.958 2422.209 2422.949 2422.133 2406.878 2391.477 2383.410 2384.392 2384.701 2386.417 2395.937 2405.654 2424.713 2446.601 2472.937 2507.352 2554.350 2599.420 2632.490 2661.863
