tests/3D/Borden05m_nopit_001/output_maps/psiliqL0013N0037.asc
ncols         160
nrows         34
xllcorner     620200.000000
yllcorner     5168000.000000
cellsize      0.500000
NODATA_value  -9999.0
[rows 0 to 27 of 34, columns 64 to 127 of 160]
-9999.000 -9999.000 -9999.000 -9999.000 -9999.000 -9999.000 -9999.000 -9999.000 -9999.000 -9999.000 -9999.000 -9999.000 -9999.000 -9999.000 -9999.000 -9999.000 -9999.000 -9999.000 -9999.000 -9999.000 -9999.000 -9999.000 -9999.000 -9999.000 -9999.000 -9999.000 -9999.000 -9999.000 -9999.000 -9999.000 -9999.000 -9999.000 -9999.000 -9999.000 -9999.000 -9999.000 -9999.000 -9999.000 -9999.000 -9999.000 -9999.000 -9999.000 -9999.000 -9999.000 -9999.000 -9999.000 -9999.000 -9999.000 -9999.000 -9999.000 -9999.000 -9999.000 -9999.000 -9999.000 -9999.000 -9999.000 -9999.000 -9999.000 -9999.000 -9999.000 -9999.000 -9999.000 -9999.000 -9999.000
767.448 758.844 754.654 753.519 752.511 751.909 756.953 764.768 772.239 779.243 781.509 783.810 785.917 786.283 784.947 781.627 778.259 774.797 773.226 765.102 753.693 744.863 742.089 746.498 750.972 753.495 759.388 770.182 781.067 789.712 801.728 807.701 813.014 816.222 812.401 809.149 805.619 800.744 789.851 -9999.000 -9999.000 -9999.000 -9999.000 -9999.000 -9999.000 -9999.000 -9999.000 -9999.000 -9999.000 -9999.000 -9999.000 -9999.000 -9999.000 -9999.000 -9999.000 -9999.000 -9999.000 -9999.000 -9999.000 -9999.000 -9999.000 -9999.000 -9999.000 -9999.000
751.917 746.395 740.726 738.600 738.403 738.234 742.127 752.080 759.869 764.462 766.810 769.253 768.812 768.149 767.705 764.719 761.207 757.744 755.878 756.234 748.581 743.043 739.581 737.895 740.412 742.833 746.283 755.852 764.114 772.404 786.859 799.457 804.919 802.683 798.002 794.541 788.180 778.420 768.294 758.551 751.797 746.623 741.314 747.696 754.651 764.845 774.807 786.968 799.212 -9999.000 -9999.000 -9999.000 -9999.000 -9999.000 -9999.000 -9999.000 -9999.000 -9999.000 -9999.000 -9999.000 -9999.000 -9999.000 -9999.000 -9999.000
744.184 739.210 733.872 741.998 742.937 743.768 746.779 749.629 752.527 755.075 760.234 769.022 771.540 771.886 771.856 769.877 766.635 764.721 761.869 756.576 755.371 755.544 755.194 760.092 761.575 763.348 756.772 760.440 766.772 773.764 780.479 787.377 791.633 788.709 788.226 780.266 766.903 756.221 748.134 746.551 743.707 736.243 723.946 731.431 747.318 752.220 755.815 767.676 780.062 790.386 792.729 792.476 792.203 789.612 775.859 761.255 746.487 727.932 -9999.000 -9999.000 -9999.000 -9999.000 -9999.000 -9999.000
746.428 743.949 755.895 764.746 766.047 768.542 771.829 770.941 758.832 756.198 764.221 774.273 779.782 779.743 779.428 777.169 775.977 775.431 773.086 773.671 775.906 775.694 780.153 785.692 788.567 780.874 771.915 772.914 780.835 789.166 796.710 807.618 819.267 818.661 813.579 805.202 792.321 769.596 750.730 740.455 733.860 727.190 727.689 725.137 736.825 738.877 741.038 749.506 759.980 770.350 776.357 775.936 775.470 773.154 763.770 749.140 734.470 717.748 692.214 663.816 637.490 636.093 659.864 683.588
755.634 767.328 780.241 793.884 795.917 797.886 797.037 787.691 777.250 773.232 787.640 803.413 811.299 811.597 810.590 817.179 815.538 813.577 808.496 810.328 811.594 821.252 828.635 835.551 833.734 821.879 810.665 809.324 812.281 815.763 822.229 832.782 842.931 838.453 832.073 822.987 795.469 769.467 753.679 754.773 755.749 751.635 749.198 746.630 740.292 740.372 740.033 739.857 752.119 764.778 768.399 762.301 758.714 756.585 748.195 737.235 721.973 705.162 686.259 658.183 651.608 643.031 665.046 688.813
800.246 812.232 828.589 851.419 853.339 855.771 857.987 846.518 834.040 822.660 839.955 849.703 857.912 859.271 868.710 878.182 873.365 865.172 854.803 860.833 872.357 887.043 893.504 897.156 896.001 885.148 879.625 878.278 880.585 878.384 883.131 893.764 909.272 909.503 901.435 880.209 844.850 812.045 793.014 799.736 794.070 788.439 785.750 772.858 762.934 763.788 754.989 749.448 761.411 767.882 769.748 763.196 768.689 761.326 742.631 725.601 710.365 696.029 680.546 673.607 664.377 656.535 669.257 689.328
837.651 855.318 876.781 899.223 906.438 908.794 917.571 910.733 901.179 892.680 903.103 914.652 925.821 935.067 947.200 958.252 948.598 936.616 931.399 936.243 955.285 971.905 976.702 977.883 980.733 972.104 965.691 959.198 954.220 948.740 945.072 963.414 980.260 979.462 957.564 935.198 901.058 865.465 835.269 836.240 835.238 835.755 822.410 808.571 793.562 785.353 777.483 764.339 770.474 776.112 786.176 795.397 796.492 780.127 762.773 743.557 725.099 710.877 705.708 700.309 690.550 683.957 690.421 704.482
930.006 943.712 966.242 996.215 1016.078 1033.911 1037.338 1028.476 1019.273 1005.981 1003.496 1019.734 1031.075 1041.175 1051.405 1063.316 1068.611 1065.972 1065.347 1068.241 1074.806 1083.239 1089.626 1094.863 1100.385 1097.072 1087.244 1081.034 1072.616 1066.226 1064.165 1067.122 1078.606 1077.560 1053.268 1028.187 998.503 964.026 935.201 920.010 927.846 918.857 902.862 885.535 852.930 838.477 824.427 796.866 793.900 802.799 815.969 826.047 811.290 795.020 776.810 756.543 737.399 730.663 729.275 726.244 720.185 717.495 722.725 736.204
1040.159 1046.577 1077.253 1110.241 1137.807 1160.545 1168.180 1157.485 1147.500 1135.459 1125.857 1129.463 1143.148 1159.140 1174.244 1185.056 1188.533 1187.276 1187.466 1189.253 1192.027 1194.762 1200.563 1207.553 1217.380 1228.295 1222.731 1206.434 1194.499 1181.260 1176.764 1175.855 1174.796 1175.571 1169.246 1139.863 1113.563 1083.950 1057.571 1039.032 1027.556 1010.588 990.787 948.035 910.870 878.969 854.450 828.643 828.194 852.000 883.857 879.126 867.654 851.056 826.838 802.818 779.101 772.991 770.422 765.240 758.793 753.285 748.884 752.919
1158.541 1164.509 1185.577 1221.072 1256.318 1284.515 1287.625 1277.857 1267.261 1256.745 1246.029 1242.493 1249.899 1260.571 1276.153 1287.230 1296.638 1295.900 1296.257 1296.585 1298.483 1300.151 1301.953 1308.747 1320.310 1331.366 1332.489 1319.546 1303.017 1286.215 1279.576 1274.176 1269.051 1269.884 1271.422 1265.275 1241.968 1208.358 1168.406 1144.417 1125.638 1114.826 1101.267 1078.420 1030.570 1003.179 971.340 940.264 923.408 966.162 967.819 957.380 943.128 919.668 893.558 868.759 843.857 836.129 831.183 823.584 817.470 809.245 799.216 795.915
1271.580 1280.737 1296.237 1318.664 1346.103 1371.524 1387.872 1383.762 1371.142 1353.996 1348.756 1347.401 1349.247 1355.594 1363.342 1378.414 1393.875 1399.115 1399.811 1397.383 1399.359 1400.398 1400.407 1401.379 1406.001 1412.934 1415.479 1410.865 1395.332 1375.819 1362.071 1353.974 1349.956 1348.483 1350.346 1350.669 1340.007 1312.917 1277.186 1246.111 1226.288 1212.342 1200.774 1191.794 1174.776 1159.232 1131.287 1090.901 1058.461 1062.785 1054.156 1043.261 1019.943 991.724 966.326 935.334 906.501 890.597 884.676 879.660 872.675 861.722 851.443 845.368
1376.855 1391.579 1409.694 1422.875 1438.919 1459.354 1471.351 1476.740 1476.959 1475.700 1477.454 1477.593 1451.779 1454.722 1457.602 1464.655 1472.542 1475.106 1475.368 1474.316 1475.358 1475.671 1475.801 1475.456 1475.417 1477.507 1478.302 1477.306 1470.856 1473.926 1457.370 1445.829 1438.663 1431.323 1423.224 1414.245 1405.358 1390.281 1365.029 1333.745 1308.521 1298.677 1293.574 1288.432 1284.512 1271.120 1251.817 1223.589 1187.916 1156.970 1149.088 1133.950 1107.048 1084.842 1068.619 1035.292 1003.147 980.948 973.413 958.283 941.765 927.245 910.638 895.026
1472.643 1485.376 1480.154 1483.593 1487.152 1490.688 1491.902 1492.250 1492.089 1489.909 1489.587 1487.977 1483.423 1474.077 1475.562 1477.047 1479.519 1482.997 1481.675 1482.578 1485.463 1483.988 1478.589 1475.064 1473.505 1473.942 1480.969 1484.041 1484.805 1483.827 1483.167 1482.742 1481.320 1479.546 1477.049 1473.858 1477.187 1467.667 1445.466 1413.974 1380.814 1368.355 1365.310 1366.693 1364.831 1359.893 1343.067 1318.022 1284.408 1248.810 1235.102 1222.852 1211.017 1200.049 1185.499 1150.087 1114.497 1088.050 1071.439 1046.576 1026.708 1008.538 987.159 969.126
1495.208 1491.993 1488.613 1484.048 1482.874 1481.658 1479.354 1480.036 1478.165 1474.380 1471.003 1464.764 1454.282 1443.132 1440.680 1445.257 1450.219 1454.478 1457.606 1460.868 1461.955 1457.334 1449.693 1442.802 1440.927 1447.268 1452.711 1457.836 1458.472 1457.113 1455.151 1455.377 1452.977 1453.457 1459.736 1472.607 1478.229 1480.640 1480.256 1473.322 1460.795 1453.775 1435.077 1438.989 1434.960 1424.351 1404.736 1382.616 1355.036 1328.136 1305.807 1298.349 1293.725 1287.923 1278.450 1245.388 1212.884 1182.657 1159.428 1134.316 1111.277 1090.032 1068.342 1046.197
1483.578 1476.859 1468.928 1462.342 1455.938 1454.062 1452.987 1452.491 1452.725 1447.682 1440.218 1425.401 1414.212 1403.292 1397.453 1395.650 1400.601 1410.240 1419.617 1424.158 1417.600 1410.359 1399.993 1392.142 1392.399 1394.601 1403.370 1416.924 1421.284 1421.853 1416.749 1412.228 1406.301 1404.156 1410.620 1424.927 1439.466 1452.467 1460.157 1467.082 1473.198 1476.693 1477.755 1478.297 1477.321 1476.111 1461.461 1441.566 1418.750 1396.020 1371.145 1364.969 1363.115 1359.287 1357.220 1329.959 1296.701 1264.368 1236.978 1211.332 1188.209 1166.148 1142.835 1118.162
1449.929 1443.669 1434.064 1423.802 1414.691 1408.971 1410.030 1412.390 1413.554 1407.586 1393.837 1377.273 1364.475 1351.136 1347.460 1342.862 1338.836 1349.302 1366.117 1372.228 1359.019 1349.401 1335.530 1328.360 1325.327 1326.770 1335.907 1355.242 1374.045 1375.027 1365.246 1355.586 1350.529 1347.566 1353.363 1370.456 1389.274 1403.098 1411.906 1416.953 1424.486 1433.425 1445.060 1457.578 1468.000 1475.973 1479.660 1477.745 1472.230 1459.979 1440.230 1427.276 1418.124 1412.941 1405.021 1384.357 1358.045 1332.288 1306.283 1284.404 1265.715 1240.938 1215.520 1190.941
1407.785 1401.462 1387.847 1376.648 1365.647 1352.934 1350.258 1347.956 1350.187 1339.775 1330.300 1312.672 1297.996 1283.072 1273.089 1267.654 1262.086 1266.163 1281.385 1290.309 1277.393 1267.327 1254.809 1248.822 1245.531 1247.316 1257.293 1278.794 1296.884 1303.370 1295.080 1289.583 1286.700 1284.815 1289.584 1302.708 1321.114 1340.682 1355.538 1363.869 1370.666 1379.852 1393.312 1406.272 1419.220 1435.243 1454.205 1467.893 1476.508 1479.833 1479.177 1475.675 1472.106 1462.603 1451.822 1434.892 1412.098 1386.114 1360.552 1343.391 1326.563 1309.367 1282.672 1253.707
1365.630 1351.132 1306.152 1289.413 1272.880 1258.937 1254.379 1248.092 1240.778 1232.621 1226.963 1221.356 1206.807 1190.224 1174.704 1170.015 1166.249 1157.159 1161.469 1164.511 1169.254 1162.104 1156.626 1154.680 1152.091 1154.964 1168.161 1179.311 1188.608 1194.127 1192.295 1198.262 1203.323 1206.362 1220.719 1232.472 1248.324 1268.010 1289.997 1301.891 1310.157 1319.873 1334.216 1349.576 1365.723 1386.717 1409.829 1424.404 1434.397 1445.316 1456.937 1469.878 1477.790 1482.774 1481.730 1476.690 1456.314 1431.663 1411.384 1393.893 1379.398 1365.479 1345.929 1311.264
1312.136 1271.878 1231.559 1201.005 1184.714 1164.425 1154.620 1144.730 1119.247 1106.143 1101.647 1108.194 1099.923 1083.975 1070.897 1063.378 1057.096 1044.383 1035.194 1040.096 1052.667 1048.659 1047.338 1051.551 1049.738 1045.878 1050.376 1063.922 1071.069 1079.991 1090.666 1093.751 1101.850 1126.717 1138.583 1151.920 1170.006 1189.860 1210.646 1229.265 1240.973 1254.089 1271.339 1286.717 1305.977 1327.857 1354.808 1372.978 1385.944 1396.168 1406.486 1420.889 1439.379 1455.475 1470.907 1481.016 1481.163 1475.419 1455.374 1438.304 1423.668 1414.656 1393.245 1364.077
1210.900 1166.669 1129.111 1102.195 1082.367 1060.682 1043.805 1018.156 988.622 970.101 977.575 986.133 988.738 976.006 964.412 955.204 941.903 927.127 915.663 924.526 933.013 942.039 945.636 949.109 951.626 950.126 944.766 948.464 956.274 965.397 974.610 987.098 1014.866 1037.231 1052.355 1070.766 1088.685 1109.216 1130.921 1150.524 1164.833 1181.511 1198.988 1218.279 1237.455 1260.604 1288.027 1310.728 1324.627 1337.472 1350.049 1367.808 1389.458 1410.111 1432.379 1451.852 1463.003 1474.601 1481.486 1478.496 1465.089 1452.004 1434.161 1411.238
1084.998 1045.604 1014.946 994.905 973.149 952.323 927.901 899.007 875.240 856.972 865.292 873.564 886.432 875.797 865.968 860.878 846.807 833.584 819.435 827.004 837.019 854.464 858.519 861.737 868.527 867.101 864.001 853.822 861.390 870.630 882.868 908.792 931.270 952.946 971.924 989.809 1009.751 1031.087 1052.734 1075.860 1093.012 1109.929 1129.449 1147.886 1164.338 1183.414 1207.781 1228.768 1246.852 1266.052 1280.168 1302.727 1330.419 1356.765 1387.229 1408.223 1422.546 1434.551 1446.435 1463.525 1473.596 1474.616 1468.505 1446.327
935.650 905.286 892.243 877.066 856.915 837.902 818.962 795.390 774.875 752.299 757.296 770.839 785.729 781.343 778.844 776.449 765.970 752.812 739.584 743.324 758.555 775.279 782.695 789.138 796.381 796.114 788.648 779.585 784.411 797.565 812.455 831.691 852.295 872.334 890.896 911.445 932.682 954.158 977.384 1001.694 1019.590 1040.892 1063.162 1080.397 1090.574 1102.420 1124.238 1140.641 1160.616 1181.099 1196.853 1223.177 1255.088 1293.097 1329.953 1363.603 1378.521 1390.964 1401.073 1416.501 1435.502 1453.140 1467.368 1465.735
818.563 804.582 788.365 773.062 757.230 738.160 720.701 703.716 683.079 667.128 673.448 687.185 698.647 702.279 699.848 697.300 690.349 676.975 667.695 676.344 691.599 706.195 716.293 722.798 728.531 725.526 716.907 710.895 718.345 733.042 746.843 762.826 782.900 802.670 822.743 843.659 864.380 887.284 910.829 934.736 958.407 979.651 999.252 1008.457 1018.005 1023.172 1036.968 1052.974 1070.824 1091.714 1113.470 1139.928 1177.717 1216.268 1253.344 1289.394 1316.806 1334.431 1349.296 1368.311 1388.221 1404.715 1418.182 1430.417
739.865 716.472 701.638 693.764 680.655 663.037 650.989 635.308 619.429 620.598 624.003 635.427 636.853 637.880 635.298 634.546 630.651 620.617 628.092 635.529 649.991 660.592 669.877 675.884 679.739 679.473 672.949 676.246 682.800 696.684 707.771 721.892 741.645 757.971 776.193 796.935 818.283 840.648 864.427 890.136 913.045 930.878 938.651 947.818 951.924 944.560 956.689 969.492 981.786 1001.930 1022.154 1046.233 1083.232 1125.683 1169.966 1206.231 1245.132 1267.828 1289.838 1310.980 1333.678 1354.446 1371.058 1382.842
652.613 630.296 622.922 612.856 602.311 590.112 577.085 566.624 568.359 566.390 565.701 566.808 569.942 572.897 572.226 571.312 572.613 579.671 583.965 589.440 599.481 610.510 621.022 624.842 628.932 632.101 635.795 638.206 642.111 652.908 664.256 676.804 692.871 709.621 727.609 748.894 770.618 793.851 819.217 845.023 864.817 873.438 882.487 885.134 879.416 874.137 880.030 891.220 900.225 918.273 938.930 954.797 994.823 1041.224 1083.370 1118.256 1152.560 1186.730 1212.446 1236.112 1265.968 1291.579 1317.967 1333.581
587.929 571.399 561.666 551.829 541.798 529.086 519.829 518.777 516.638 514.773 513.199 516.628 520.382 524.781 524.647 525.274 528.008 532.291 538.233 547.334 558.077 569.927 584.394 588.899 593.386 598.830 601.360 604.378 608.383 619.355 630.736 642.608 659.060 676.199 694.621 716.221 741.032 769.750 795.621 821.136 842.971 851.593 855.389 853.450 847.147 834.254 832.590 842.568 844.898 856.644 875.636 886.329 918.497 960.522 989.786 1023.730 1059.980 1106.479 1133.434 1163.904 1193.746 1223.075 1251.618 1266.652
530.463 511.822 499.463 489.291 480.137 472.937 471.171 468.484 466.874 465.725 464.144 466.371 470.645 474.741 476.871 479.602 482.932 489.125 498.048 506.483 518.267 532.781 547.588 553.874 559.242 564.841 568.789 572.853 576.564 586.534 597.998 608.793 625.742 643.849 662.403 687.563 716.617 745.997 771.396 796.258 820.862 824.179 825.298 824.590 810.749 795.530 789.247 791.479 792.242 798.272 809.508 820.732 845.538 871.704 900.133 935.137 980.916 1025.638 1056.533 1086.261 1115.479 1141.156 1161.402 1179.406
