tests/3D/Borden05m_nopit_001/output_maps/psiliqL0015N0022.asc
ncols         160
nrows         34
xllcorner     620200.000000
yllcorner     5168000.000000
cellsize      0.500000
NODATA_value  -9999.0
[rows 0 to 27 of 34, columns 63 to 125 of 160]
-9999.000 -9999.000 -9999.000 -9999.000 -9999.000 -9999.000 -9999.000 -9999.000 -9999.000 -9999.000 -9999.000 -9999.000 -9999.000 -9999.000 -9999.000 -9999.000 -9999.000 -9999.000 -9999.000 -9999.000 -9999.000 -9999.000 -9999.000 -9999.000 -9999.000 -9999.000 -9999.000 -9999.000 -9999.000 -9999.000 -9999.000 -9999.000 -9999.000 -9999.000 -9999.000 -9999.000 -9999.000 -9999.000 -9999.000 -9999.000 -9999.000 -9999.000 -9999.000 -9999.000 -9999.000 -9999.000 -9999.000 -9999.000 -9999.000 -9999.000 -9999.000 -9999.000 -9999.000 -9999.000 -9999.000 -9999.000 -9999.000 -9999.000 -9999.000 -9999.000 -9999.000 -9999.000 -9999.000
1176.576 1167.174 1158.680 1154.486 1153.341 1152.351 1151.737 1156.745 1164.587 1172.070 1179.045 1181.325 1183.623 1185.682 1186.019 1184.706 1181.391 1178.019 1174.562 1172.966 1164.956 1153.588 1144.837 1142.074 1146.445 1150.898 1153.411 1159.194 1169.923 1180.765 1189.400 1201.503 1207.638 1212.959 1216.075 1212.234 1208.984 1205.391 1200.326 1189.404 -9999.000 -9999.000 -9999.000 -9999.000 -9999.000 -9999.000 -9999.000 -9999.000 -9999.000 -9999.000 -9999.000 -9999.000 -9999.000 -9999.000 -9999.000 -9999.000 -9999.000 -9999.000 -9999.000 -9999.000 -9999.000 -9999.000 -9999.000
1160.604 1151.756 1146.288 1140.639 1138.421 1138.244 1138.070 1141.916 1151.980 1159.756 1164.332 1166.712 1169.205 1168.579 1167.887 1167.467 1164.484 1160.967 1157.508 1155.637 1156.156 1148.508 1142.896 1139.364 1137.480 1140.031 1142.493 1146.117 1155.625 1163.831 1172.075 1186.643 1199.335 1204.837 1202.560 1197.901 1194.393 1187.878 1177.972 1167.872 1158.386 1151.742 1146.550 1141.082 1147.483 1154.591 1164.661 1174.445 1186.599 1198.852 -9999.000 -9999.000 -9999.000 -9999.000 -9999.000 -9999.000 -9999.000 -9999.000 -9999.000 -9999.000 -9999.000 -9999.000 -9999.000
1147.868 1144.114 1139.151 1133.421 1141.824 1142.756 1143.550 1146.570 1149.253 1152.478 1154.990 1160.161 1168.962 1171.511 1171.857 1171.824 1169.831 1166.575 1164.642 1161.788 1156.488 1155.183 1155.269 1154.768 1159.537 1161.025 1162.973 1156.567 1160.354 1166.676 1173.668 1180.202 1186.989 1190.986 1188.014 1187.708 1179.702 1166.309 1155.770 1147.795 1146.507 1143.662 1136.143 1123.644 1131.272 1147.209 1152.108 1155.559 1167.311 1179.696 1190.071 1192.568 1192.322 1192.051 1189.420 1175.667 1161.059 1146.247 1127.682 -9999.000 -9999.000 -9999.000 -9999.000
1149.862 1146.381 1143.589 1155.277 1164.021 1165.313 1167.776 1171.145 1170.507 1158.575 1156.018 1163.907 1173.880 1179.316 1179.294 1178.955 1176.461 1175.259 1174.752 1172.479 1172.883 1175.001 1174.438 1178.654 1184.177 1187.119 1179.809 1170.939 1172.134 1180.142 1188.601 1196.157 1206.957 1218.478 1218.020 1213.040 1204.660 1191.865 1169.203 1150.567 1140.205 1133.413 1126.671 1127.573 1124.710 1136.746 1138.776 1141.009 1149.316 1159.783 1170.215 1176.271 1175.822 1175.321 1172.989 1163.585 1148.946 1134.260 1117.415 1091.735 1063.278 1037.298 1035.720
1152.743 1154.792 1166.001 1178.712 1191.951 1193.952 1195.874 1194.939 1185.859 1175.425 1171.601 1185.813 1201.714 1209.578 1209.738 1208.202 1214.238 1212.859 1211.269 1206.447 1208.099 1208.788 1217.783 1225.206 1232.279 1230.532 1218.597 1207.215 1206.075 1209.424 1213.447 1220.091 1230.589 1240.588 1236.074 1229.901 1221.103 1193.905 1168.451 1152.922 1153.923 1154.891 1150.755 1148.407 1146.122 1140.154 1140.277 1139.884 1139.715 1151.992 1164.762 1168.388 1162.209 1158.564 1156.427 1148.132 1137.100 1121.765 1104.930 1085.917 1057.856 1051.533 1042.680
1191.179 1198.140 1209.847 1225.615 1248.240 1249.755 1251.859 1253.512 1241.810 1229.210 1218.040 1236.058 1245.993 1254.025 1254.763 1263.520 1272.851 1268.219 1260.315 1249.682 1255.638 1266.376 1281.126 1287.809 1291.710 1290.028 1278.710 1272.999 1272.100 1275.053 1273.381 1278.737 1289.088 1304.515 1304.520 1297.204 1276.209 1240.624 1208.388 1190.377 1197.843 1192.205 1186.480 1184.214 1171.633 1162.156 1163.297 1154.636 1149.255 1161.341 1167.904 1169.710 1162.974 1168.420 1161.167 1142.163 1125.220 1110.113 1095.800 1080.069 1073.299 1064.102 1056.175
1223.307 1232.390 1250.007 1270.906 1292.935 1298.817 1299.783 1308.680 1301.813 1292.055 1283.702 1295.809 1307.125 1318.139 1326.833 1339.036 1349.985 1339.272 1326.507 1320.488 1325.663 1345.707 1363.212 1368.008 1368.862 1371.188 1361.534 1355.368 1349.353 1345.199 1340.164 1336.779 1356.202 1373.779 1373.081 1351.257 1328.853 1293.898 1257.997 1228.729 1231.569 1230.229 1231.196 1218.376 1204.888 1191.113 1183.807 1176.168 1163.606 1170.225 1175.722 1185.486 1194.400 1196.053 1179.681 1162.316 1143.132 1124.815 1110.642 1105.298 1099.783 1089.936 1083.245
1314.326 1320.379 1334.800 1356.479 1385.796 1404.453 1421.258 1424.758 1416.168 1407.064 1393.966 1392.668 1410.081 1421.462 1431.285 1441.228 1453.248 1457.782 1454.483 1453.669 1456.789 1464.417 1473.777 1480.218 1485.120 1490.194 1485.358 1475.059 1469.498 1461.540 1455.948 1454.090 1458.363 1471.250 1469.880 1443.717 1418.380 1387.887 1352.827 1323.942 1310.164 1319.742 1311.827 1295.824 1279.576 1248.020 1235.028 1221.724 1194.882 1192.418 1200.494 1213.157 1224.034 1209.650 1193.401 1175.381 1155.262 1136.516 1129.742 1128.339 1125.331 1119.193 1116.515
1426.546 1430.088 1436.499 1467.431 1500.534 1527.697 1550.432 1557.990 1547.043 1537.087 1524.816 1515.335 1520.090 1534.327 1550.576 1565.650 1576.542 1579.802 1578.494 1578.663 1580.655 1583.465 1586.445 1592.661 1599.754 1609.402 1619.870 1613.552 1597.150 1585.631 1573.050 1569.133 1568.585 1568.294 1569.122 1561.190 1529.855 1502.739 1472.747 1447.431 1429.729 1420.010 1402.870 1382.384 1338.316 1301.152 1269.370 1245.787 1220.613 1221.551 1244.511 1278.176 1274.845 1263.336 1247.031 1223.004 1199.235 1176.120 1170.456 1168.106 1163.119 1156.712 1151.461
1545.147 1548.923 1554.380 1576.342 1612.795 1648.695 1677.374 1679.973 1669.578 1658.862 1648.564 1637.270 1633.670 1641.900 1653.320 1669.647 1680.625 1689.513 1688.372 1688.708 1689.269 1691.239 1692.983 1695.076 1702.325 1714.448 1726.054 1726.865 1712.972 1696.216 1679.537 1673.556 1668.624 1663.535 1664.612 1666.210 1658.535 1633.971 1599.381 1559.362 1536.518 1518.318 1507.503 1493.425 1467.819 1417.044 1387.792 1355.050 1324.629 1310.674 1357.485 1361.981 1351.542 1337.899 1314.799 1288.434 1263.982 1239.647 1232.880 1228.184 1220.679 1214.713 1206.723
1658.586 1663.503 1672.103 1687.773 1711.755 1740.483 1766.594 1782.796 1778.096 1764.620 1746.660 1740.687 1739.082 1741.212 1748.069 1756.641 1772.431 1788.534 1793.861 1794.588 1792.119 1794.169 1795.293 1795.321 1796.608 1801.859 1809.270 1811.951 1806.827 1790.401 1770.244 1756.875 1749.033 1745.114 1744.040 1746.435 1747.227 1735.901 1707.437 1670.301 1639.401 1620.321 1606.561 1594.601 1585.073 1565.534 1549.131 1519.851 1478.240 1446.510 1456.265 1447.815 1437.054 1413.847 1385.133 1358.724 1327.897 1299.743 1285.183 1279.755 1275.447 1269.151 1258.544
1762.026 1770.789 1785.570 1804.533 1818.672 1835.793 1857.237 1869.931 1875.299 1875.210 1873.493 1875.156 1875.330 1843.401 1846.893 1850.329 1859.043 1868.172 1871.234 1871.558 1870.260 1871.434 1871.822 1871.914 1871.565 1871.917 1874.501 1875.487 1874.260 1866.791 1872.367 1855.239 1843.382 1836.045 1828.557 1820.434 1811.384 1802.335 1786.445 1760.274 1728.488 1703.870 1694.342 1689.081 1683.403 1679.200 1665.225 1645.365 1616.022 1579.690 1550.275 1543.343 1528.065 1499.993 1476.519 1459.342 1425.643 1393.894 1372.692 1366.207 1352.241 1336.508 1322.433
1858.801 1870.830 1884.209 1877.203 1881.451 1885.848 1890.216 1891.716 1892.145 1891.947 1889.732 1889.335 1887.591 1883.216 1873.685 1875.191 1876.752 1879.249 1882.770 1881.484 1882.422 1885.319 1883.797 1878.292 1874.677 1873.116 1873.647 1880.743 1883.885 1884.682 1883.311 1882.606 1882.089 1880.340 1878.157 1875.083 1871.152 1876.386 1866.450 1843.288 1810.355 1775.877 1764.209 1761.961 1763.106 1761.304 1756.262 1739.311 1713.862 1679.595 1643.505 1630.921 1618.382 1605.447 1593.662 1578.414 1542.308 1506.608 1480.818 1465.213 1440.666 1421.131 1403.288
1893.656 1895.008 1891.827 1888.509 1883.891 1882.652 1881.414 1879.087 1879.762 1877.888 1874.057 1870.571 1864.047 1853.386 1842.232 1839.597 1844.130 1849.202 1853.609 1856.956 1860.295 1861.205 1856.443 1848.672 1841.673 1839.835 1846.266 1851.761 1857.120 1857.797 1856.433 1854.385 1854.535 1851.993 1852.430 1858.845 1872.032 1877.179 1880.174 1879.717 1871.173 1855.722 1851.774 1832.876 1837.143 1833.028 1822.305 1802.414 1779.937 1751.742 1724.220 1702.466 1695.044 1690.244 1684.269 1674.065 1640.020 1607.214 1577.238 1554.574 1529.437 1506.479 1485.393
1881.883 1883.197 1876.424 1868.387 1861.696 1855.124 1853.172 1852.182 1851.728 1852.007 1846.925 1839.157 1823.978 1812.726 1801.784 1795.929 1793.799 1798.504 1808.409 1818.250 1822.874 1815.865 1808.423 1797.817 1789.930 1790.220 1792.230 1801.122 1815.222 1820.110 1820.717 1815.387 1810.541 1804.494 1802.197 1808.658 1823.132 1838.043 1851.481 1859.417 1866.479 1872.766 1875.426 1876.774 1877.482 1876.320 1875.815 1860.655 1840.094 1816.291 1793.119 1768.072 1762.316 1760.810 1757.064 1755.022 1726.861 1693.103 1660.505 1633.262 1607.507 1584.097 1562.030
1852.076 1848.893 1842.618 1832.953 1822.570 1813.367 1807.340 1808.396 1810.759 1812.008 1805.827 1791.817 1775.053 1762.147 1748.726 1745.012 1740.204 1735.581 1745.991 1763.289 1769.610 1755.928 1746.102 1732.014 1724.942 1721.751 1723.085 1732.187 1752.044 1771.723 1772.887 1762.912 1753.050 1748.047 1745.041 1750.642 1767.672 1786.818 1801.016 1810.093 1815.190 1822.768 1831.786 1843.862 1856.766 1867.513 1874.950 1879.482 1877.187 1870.451 1859.047 1838.577 1825.428 1816.556 1811.606 1803.909 1782.765 1755.988 1729.977 1703.946 1681.845 1662.868 1637.590
1811.899 1806.417 1799.988 1785.224 1773.834 1762.532 1749.470 1746.607 1743.907 1745.959 1735.380 1726.163 1708.738 1693.965 1678.939 1668.412 1662.937 1657.189 1660.318 1675.252 1684.095 1671.747 1661.746 1649.541 1643.799 1640.498 1642.398 1652.451 1673.626 1691.751 1698.553 1690.418 1685.610 1683.201 1681.361 1686.377 1699.107 1717.428 1737.451 1752.974 1761.555 1768.361 1777.550 1791.169 1804.320 1817.501 1833.853 1853.495 1867.607 1876.478 1879.363 1878.665 1874.462 1871.975 1862.318 1851.328 1833.931 1810.809 1784.693 1759.106 1741.983 1725.100 1707.393
1769.508 1764.105 1748.275 1701.651 1684.219 1667.316 1653.022 1648.130 1641.513 1632.763 1624.543 1619.098 1614.794 1600.361 1583.649 1567.788 1563.079 1559.362 1548.910 1551.745 1554.375 1561.033 1554.070 1549.297 1547.994 1545.440 1548.049 1561.168 1571.740 1580.391 1586.108 1585.370 1592.085 1597.630 1601.845 1616.640 1628.223 1643.958 1663.722 1686.287 1698.749 1707.200 1717.010 1731.492 1746.971 1763.368 1784.584 1808.179 1823.074 1833.286 1844.394 1856.363 1869.714 1877.282 1882.924 1881.828 1877.044 1856.138 1830.814 1810.556 1793.152 1778.735 1764.610
1716.266 1708.597 1665.958 1625.609 1594.555 1578.160 1557.363 1546.981 1536.053 1508.462 1494.676 1490.893 1498.861 1491.420 1475.614 1462.765 1454.956 1448.179 1434.647 1423.869 1428.975 1442.540 1439.371 1438.840 1443.669 1442.074 1437.732 1441.008 1454.284 1461.130 1470.410 1482.231 1485.593 1495.057 1521.366 1533.350 1546.919 1564.999 1584.889 1605.837 1625.062 1637.115 1650.530 1667.936 1683.490 1702.889 1724.853 1752.207 1770.906 1784.116 1794.449 1804.861 1819.460 1838.395 1855.109 1871.129 1881.270 1881.722 1874.923 1855.420 1838.060 1823.660 1814.699
1623.107 1603.366 1557.853 1520.691 1494.437 1474.355 1452.526 1434.569 1407.028 1376.696 1357.688 1366.611 1375.670 1379.838 1367.376 1355.966 1346.733 1332.668 1317.574 1305.292 1314.531 1323.051 1333.767 1337.922 1341.471 1344.553 1343.051 1336.756 1338.935 1346.751 1355.956 1365.589 1379.552 1408.557 1431.249 1446.816 1465.486 1483.443 1504.020 1525.841 1545.883 1560.554 1577.421 1594.988 1614.464 1633.562 1656.596 1684.098 1707.336 1721.587 1734.836 1747.584 1765.636 1787.695 1808.801 1831.662 1851.624 1863.317 1875.290 1881.866 1878.596 1866.024 1852.955
1509.321 1472.878 1433.206 1404.324 1385.587 1363.704 1342.971 1317.892 1288.261 1264.961 1246.402 1255.153 1263.844 1278.004 1267.753 1258.497 1253.817 1239.577 1226.382 1211.869 1219.237 1229.625 1248.101 1252.487 1255.859 1263.086 1261.762 1258.376 1246.905 1254.286 1263.734 1276.320 1303.038 1325.449 1347.157 1366.495 1384.515 1404.600 1425.963 1447.712 1471.254 1488.684 1505.829 1525.566 1544.016 1560.020 1578.528 1602.746 1623.710 1642.290 1662.023 1676.269 1699.194 1727.422 1754.563 1785.798 1807.517 1822.155 1834.358 1846.405 1864.124 1874.210 1876.082
1351.832 1320.714 1292.199 1281.348 1266.846 1246.947 1228.129 1209.300 1186.181 1166.114 1143.248 1148.429 1162.459 1177.806 1174.478 1172.645 1170.478 1160.263 1147.101 1133.837 1137.594 1153.156 1170.100 1177.971 1184.628 1191.943 1191.651 1183.790 1174.510 1179.261 1192.714 1207.718 1226.554 1247.031 1267.054 1285.773 1306.486 1327.790 1349.334 1372.655 1397.197 1415.491 1437.012 1459.464 1476.424 1486.212 1497.234 1518.524 1534.754 1554.942 1575.756 1591.881 1618.347 1650.745 1689.433 1726.920 1761.806 1777.408 1790.180 1800.476 1816.119 1835.616 1854.058
1235.971 1208.063 1195.519 1179.689 1164.985 1149.637 1130.595 1113.547 1097.149 1076.588 1061.813 1068.423 1082.211 1093.187 1097.451 1095.158 1092.724 1086.068 1072.648 1064.287 1073.187 1088.433 1102.867 1113.210 1119.767 1125.369 1122.324 1113.566 1108.031 1115.539 1130.283 1143.921 1159.557 1179.553 1199.172 1219.284 1240.237 1260.948 1283.876 1307.456 1331.485 1355.508 1376.718 1395.927 1404.840 1414.154 1418.184 1431.289 1447.086 1464.614 1485.612 1507.700 1533.938 1571.964 1610.964 1648.630 1685.471 1714.438 1732.653 1748.072 1767.403 1787.703 1804.679
1160.578 1132.662 1109.127 1095.002 1087.688 1074.899 1057.653 1045.987 1030.543 1015.860 1018.029 1021.172 1032.101 1033.037 1034.131 1031.652 1030.995 1027.452 1018.147 1026.410 1033.693 1047.962 1058.448 1067.790 1073.732 1077.503 1077.441 1071.274 1074.956 1081.344 1095.087 1106.062 1119.922 1139.519 1155.730 1173.831 1194.558 1215.905 1238.232 1262.039 1287.843 1310.750 1328.288 1335.618 1344.517 1347.905 1339.648 1351.310 1363.800 1375.539 1395.594 1415.748 1439.086 1476.149 1519.079 1564.133 1600.753 1640.891 1664.630 1687.327 1708.807 1732.162 1753.624
1074.252 1046.694 1024.938 1018.212 1008.162 997.837 985.939 973.018 963.359 966.011 964.088 963.149 963.785 966.925 970.041 969.484 968.626 970.256 977.995 982.327 987.793 997.627 1008.683 1019.406 1023.173 1027.274 1030.664 1034.688 1037.130 1040.904 1051.551 1062.878 1075.275 1091.172 1107.915 1125.838 1147.101 1168.911 1192.256 1217.635 1243.558 1263.511 1271.886 1280.794 1283.015 1276.782 1271.099 1276.267 1287.304 1295.656 1313.233 1333.900 1348.509 1387.983 1434.686 1476.625 1511.766 1546.321 1582.208 1608.451 1632.677 1663.158 1689.570
1007.184 983.948 967.952 958.213 948.371 938.374 925.850 917.158 916.605 914.471 912.643 910.993 914.407 918.201 922.672 922.662 923.425 926.245 930.572 936.656 945.831 956.580 968.513 983.188 987.785 992.303 997.838 1000.409 1003.469 1007.423 1018.313 1029.691 1041.470 1057.878 1075.026 1093.379 1114.986 1139.854 1168.685 1194.619 1220.226 1242.394 1251.028 1254.659 1252.605 1246.015 1232.710 1230.619 1240.236 1242.076 1253.193 1271.804 1281.734 1312.415 1353.750 1382.486 1416.509 1453.345 1501.239 1528.825 1559.757 1589.845 1619.600
944.020 927.475 908.948 896.480 886.311 877.395 870.718 869.287 866.718 865.222 864.109 862.461 864.560 868.878 872.976 875.224 878.038 881.594 887.927 896.898 905.267 917.057 931.624 946.557 953.029 958.435 964.129 968.185 972.276 975.928 985.795 997.231 1007.810 1024.677 1042.799 1061.446 1086.574 1115.642 1145.148 1170.640 1195.537 1220.479 1223.794 1224.835 1224.120 1209.948 1194.709 1188.010 1189.964 1190.652 1195.649 1206.509 1217.416 1240.856 1266.032 1294.032 1328.995 1375.203 1420.153 1451.755 1481.578 1510.851 1536.409
