tests/3D/Borden05m_nopit_001/output_maps/psiliqL0025N0007.asc
ncols         160
nrows         34
xllcorner     620200.000000
yllcorner     5168000.000000
cellsize      0.500000
NODATA_value  -9999.0
[rows 0 to 27 of 34, columns 0 to 61 of 160]
-9999.000 -9999.000 -9999.000 -9999.000 -9999.000 -9999.000 -9999.000 -9999.000 -9999.000 -9999.000 -9999.000 -9999.000 -9999.000 -9999.000 -9999.000 -9999.000 -9999.000 -9999.000 -9999.000 -9999.000 -9999.000 -9999.000 -9999.000 -9999.000 -9999.000 -9999.000 -9999.000 -9999.000 -9999.000 -9999.000 -9999.000 -9999.000 -9999.000 -9999.000 -9999.000 -9999.000 -9999.000 -9999.000 -9999.000 -9999.000 -9999.000 -9999.000 -9999.000 -9999.000 -9999.000 -9999.000 -9999.000 -9999.000 -9999.000 -9999.000 -9999.000 -9999.000 -9999.000 -9999.000 -9999.000 -9999.000 -9999.000 -9999.000 -9999.000 -9999.000 -9999.000 -9999.000
-9999.000 -9999.000 -9999.000 -9999.000 -9999.000 -9999.000 -9999.000 -9999.000 -9999.000 -9999.000 -9999.000 -9999.000 -9999.000 -9999.000 -9999.000 -9999.000 -9999.000 -9999.000 -9999.000 -9999.000 -9999.000 -9999.000 -9999.000 -9999.000 -9999.000 -9999.000 -9999.000 -9999.000 -9999.000 -9999.000 -9999.000 -9999.000 -9999.000 -9999.000 -9999.000 -9999.000 -9999.000 -9999.000 -9999.000 -9999.000 -9999.000 -9999.000 -9999.000 -9999.000 -9999.000 -9999.000 -9999.000 -9999.000 -9999.000 -9999.000 -9999.000 -9999.000 -9999.000 -9999.000 -9999.000 -9999.000 -9999.000 -9999.000 -9999.000 3198.460 3193.135 3188.312
-9999.000 -9999.000 -9999.000 -9999.000 -9999.000 -9999.000 -9999.000 -9999.000 -9999.000 -9999.000 -9999.000 -9999.000 -9999.000 -9999.000 -9999.000 -9999.000 -9999.000 -9999.000 -9999.000 -9999.000 -9999.000 -9999.000 -9999.000 -9999.000 -9999.000 -9999.000 -9999.000 -9999.000 -9999.000 -9999.000 -9999.000 -9999.000 -9999.000 -9999.000 -9999.000 -9999.000 -9999.000 -9999.000 -9999.000 -9999.000 -9999.000 -9999.000 -9999.000 -9999.000 -9999.000 -9999.000 -9999.000 3073.387 3056.155 3042.507 3037.758 3058.645 3081.480 3105.035 3125.309 3143.307 3161.653 3182.463 3185.546 3173.896 3168.809 3165.621
-9999.000 -9999.000 -9999.000 -9999.000 -9999.000 -9999.000 -9999.000 -9999.000 -9999.000 -9999.000 -9999.000 -9999.000 -9999.000 -9999.000 -9999.000 -9999.000 -9999.000 -9999.000 -9999.000 -9999.000 -9999.000 -9999.000 -9999.000 -9999.000 -9999.000 -9999.000 -9999.000 -9999.000 -9999.000 -9999.000 -9999.000 -9999.000 -9999.000 -9999.000 -9999.000 -9999.000 -9999.000 -9999.000 -9999.000 -9999.000 3124.238 3130.054 3129.738 3119.683 3108.184 3094.391 3073.683 3056.446 3043.176 3041.063 3043.287 3045.798 3066.245 3091.322 3110.937 3126.459 3145.505 3165.805 3168.304 3157.953 3150.131 3143.361
-9999.000 -9999.000 -9999.000 -9999.000 -9999.000 -9999.000 -9999.000 -9999.000 -9999.000 -9999.000 -9999.000 -9999.000 -9999.000 -9999.000 -9999.000 -9999.000 -9999.000 -9999.000 -9999.000 -9999.000 -9999.000 -9999.000 -9999.000 -9999.000 -9999.000 -9999.000 -9999.000 -9999.000 -9999.000 -9999.000 -9999.000 -9999.000 -9999.000 -9999.000 3032.496 3049.292 3067.007 3085.333 3102.079 3108.953 3114.679 3119.878 3115.051 3110.388 3098.456 3077.264 3057.740 3044.739 3043.516 3040.840 3044.114 3055.351 3071.605 3086.278 3106.442 3130.438 3139.207 3149.694 3152.098 3146.959 3148.999 3150.656
-9999.000 -9999.000 -9999.000 -9999.000 -9999.000 -9999.000 -9999.000 -9999.000 -9999.000 -9999.000 -9999.000 -9999.000 -9999.000 -9999.000 -9999.000 -9999.000 -9999.000 -9999.000 -9999.000 -9999.000 -9999.000 -9999.000 -9999.000 -9999.000 -9999.000 -9999.000 -9999.000 -9999.000 3038.934 3032.851 3027.817 3025.997 3024.292 3023.091 3029.564 3040.468 3057.257 3079.031 3092.024 3099.024 3105.656 3105.741 3099.570 3097.511 3097.648 3084.666 3072.053 3060.221 3048.630 3045.164 3053.652 3067.440 3083.188 3097.291 3112.058 3116.359 3136.567 3156.483 3162.307 3156.160 3152.188 3150.694
-9999.000 -9999.000 -9999.000 -9999.000 -9999.000 -9999.000 -9999.000 -9999.000 -9999.000 -9999.000 -9999.000 -9999.000 -9999.000 -9999.000 -9999.000 -9999.000 -9999.000 -9999.000 -9999.000 -9999.000 -9999.000 -9999.000 -9999.000 3009.654 3014.456 3020.759 3028.173 3028.894 3025.364 3019.740 3016.764 3015.020 3012.424 3016.603 3023.276 3035.836 3050.675 3072.503 3080.313 3084.222 3095.162 3098.370 3105.626 3109.045 3106.658 3102.119 3086.805 3074.799 3076.528 3080.031 3086.267 3093.962 3106.805 3119.950 3134.662 3152.121 3171.211 3191.143 3204.072 3197.754 3190.087 3181.374
-9999.000 -9999.000 -9999.000 -9999.000 -9999.000 -9999.000 -9999.000 -9999.000 -9999.000 -9999.000 -9999.000 -9999.000 -9999.000 -9999.000 -9999.000 -9999.000 -9999.000 -9999.000 -9999.000 2985.485 2986.408 2987.719 2992.369 2992.589 2994.131 3000.605 3008.281 3010.807 3008.261 3006.873 3007.765 3009.861 3013.842 3023.742 3036.502 3049.740 3061.862 3081.772 3095.402 3106.987 3121.497 3121.176 3116.857 3114.480 3113.704 3111.444 3109.424 3107.915 3113.289 3113.405 3116.252 3124.558 3135.657 3151.364 3168.102 3184.509 3198.002 3214.106 3230.516 3221.762 3211.412 3195.019
-9999.000 -9999.000 -9999.000 -9999.000 -9999.000 -9999.000 -9999.000 -9999.000 -9999.000 -9999.000 -9999.000 -9999.000 -9999.000 -9999.000 -9999.000 -9999.000 2956.715 2958.341 2960.510 2965.830 2969.259 2972.927 2979.583 2980.728 2983.719 2990.279 2994.180 3002.833 3010.539 3016.897 3021.932 3023.475 3029.061 3037.235 3047.564 3060.363 3079.339 3101.699 3116.279 3131.846 3147.970 3147.508 3144.833 3144.151 3141.820 3142.531 3156.053 3158.385 3152.590 3161.713 3172.579 3174.539 3180.496 3199.125 3220.351 3235.522 3257.375 3273.828 3295.357 3286.855 3264.152 3248.632
-9999.000 -9999.000 -9999.000 -9999.000 -9999.000 -9999.000 -9999.000 -9999.000 -9999.000 -9999.000 -9999.000 -9999.000 -9999.000 2907.871 2911.651 2921.574 2932.675 2935.407 2940.000 2946.312 2958.019 2961.162 2966.597 2973.166 2985.060 2992.883 3000.791 3011.540 3018.509 3024.339 3029.570 3031.427 3041.736 3054.474 3067.557 3085.350 3105.872 3123.093 3140.088 3155.105 3165.672 3162.251 3160.291 3161.297 3165.067 3177.180 3192.679 3192.687 3201.889 3221.414 3230.793 3237.402 3242.686 3255.464 3275.927 3305.440 3338.282 3362.615 3372.963 3380.639 3366.468 3364.508
-9999.000 -9999.000 -9999.000 -9999.000 -9999.000 -9999.000 -9999.000 -9999.000 -9999.000 -9999.000 2881.118 2882.418 2878.370 2875.459 2880.828 2892.754 2906.825 2911.954 2923.415 2944.184 2962.179 2964.524 2977.163 2986.473 2992.138 3000.775 3012.286 3022.947 3036.911 3047.042 3054.445 3069.384 3083.502 3097.947 3113.475 3132.157 3146.996 3169.545 3193.081 3200.708 3216.764 3219.152 3214.041 3211.265 3219.288 3229.641 3243.753 3258.889 3276.423 3297.452 3307.348 3319.339 3327.573 3337.178 3351.623 3391.717 3435.325 3464.468 3481.897 3494.607 3491.863 3493.620
-9999.000 -9999.000 -9999.000 -9999.000 -9999.000 -9999.000 -9999.000 -9999.000 2856.908 2864.693 2869.728 2866.006 2860.985 2854.693 2868.696 2883.496 2898.630 2916.158 2930.929 2948.299 2961.317 2975.057 2993.951 3003.442 3012.668 3026.153 3037.603 3050.960 3069.761 3076.406 3086.348 3104.182 3118.402 3133.599 3150.038 3164.948 3184.205 3213.076 3240.709 3256.151 3280.918 3297.420 3291.265 3289.003 3289.632 3311.731 3337.004 3364.957 3383.406 3406.143 3433.454 3451.458 3460.236 3470.887 3484.257 3506.623 3540.291 3569.246 3599.445 3614.415 3616.855 3614.378
-9999.000 -9999.000 -9999.000 -9999.000 -9999.000 -9999.000 2829.027 2853.083 2867.803 2858.721 2844.321 2838.629 2831.922 2861.347 2882.866 2899.296 2915.029 2931.508 2946.622 2954.283 2983.002 3000.862 3011.504 3023.756 3036.652 3049.488 3064.193 3084.042 3100.354 3121.456 3136.976 3152.593 3174.826 3190.777 3206.309 3218.940 3245.382 3278.826 3312.177 3335.813 3359.379 3389.596 3389.404 3390.941 3392.522 3415.009 3447.561 3476.474 3507.649 3537.578 3564.941 3575.070 3583.716 3593.301 3605.446 3615.423 3630.566 3658.667 3687.365 3710.036 3724.765 3725.247
-9999.000 -9999.000 -9999.000 -9999.000 2797.246 2817.756 2836.027 2865.569 2886.939 2881.244 2885.045 2882.398 2877.306 2881.232 2888.224 2904.382 2922.222 2940.379 2953.695 2980.256 3025.249 3035.266 3051.616 3079.703 3089.417 3101.951 3115.979 3135.148 3153.059 3179.418 3213.169 3241.681 3262.074 3280.321 3298.268 3314.484 3347.970 3383.637 3418.158 3448.872 3475.158 3500.197 3506.940 3511.625 3521.243 3537.539 3559.347 3586.184 3618.767 3650.229 3673.221 3682.502 3687.709 3697.002 3704.584 3713.951 3724.520 3742.656 3765.334 3799.178 3822.529 3833.904
-9999.000 -9999.000 -9999.000 2743.811 2782.582 2821.601 2846.755 2876.307 2907.788 2907.292 2915.009 2914.362 2912.850 2917.411 2919.957 2935.128 2951.574 2969.442 2989.410 3021.776 3050.056 3067.704 3094.336 3110.177 3122.603 3134.313 3151.275 3170.300 3205.473 3234.733 3279.697 3329.080 3360.505 3379.439 3400.658 3426.992 3451.061 3488.357 3521.530 3552.874 3582.507 3604.330 3618.640 3623.208 3632.307 3638.062 3650.729 3671.273 3693.029 3722.906 3751.535 3779.302 3794.008 3804.601 3821.223 3838.589 3852.244 3867.009 3844.925 3867.229 3878.643 3883.980
-9999.000 -9999.000 2695.667 2734.827 2766.083 2812.611 2864.935 2899.132 2937.719 2956.096 2958.553 2968.658 2978.545 2978.971 2987.188 2998.984 3019.064 3026.337 3044.800 3060.864 3098.036 3131.788 3129.536 3167.899 3196.914 3227.419 3246.926 3272.267 3308.359 3342.009 3385.629 3434.215 3467.995 3495.356 3510.464 3529.700 3549.543 3574.681 3610.130 3635.610 3668.176 3693.085 3712.478 3713.786 3716.488 3732.161 3759.409 3789.027 3816.839 3844.612 3831.889 3853.296 3862.852 3868.183 3876.566 3882.311 3885.077 3883.449 3882.346 3875.971 3869.921 3869.147
-9999.000 -9999.000 2665.677 2711.843 2746.534 2804.763 2889.768 2923.386 2962.610 3006.934 3019.985 3040.363 3034.996 3025.026 3041.961 3055.827 3073.944 3080.111 3073.676 3124.713 3176.372 3202.620 3212.898 3286.744 3336.708 3358.846 3374.001 3393.354 3412.836 3450.787 3490.049 3543.079 3583.688 3612.828 3626.879 3645.911 3664.843 3679.685 3698.561 3743.531 3777.264 3806.817 3837.509 3858.321 3866.241 3870.834 3847.352 3865.226 3877.348 3882.576 3884.629 3880.885 3880.294 3881.090 3882.018 3876.674 3869.701 3862.737 3857.454 3851.024 3845.738 3843.920
-9999.000 2572.735 2625.067 2675.501 2739.801 2801.007 2875.811 2950.194 3014.169 3064.415 3088.745 3082.728 3085.569 3111.274 3129.953 3146.259 3150.206 3158.566 3139.709 3190.942 3227.866 3278.777 3377.690 3434.403 3493.918 3490.052 3478.744 3484.055 3500.347 3545.417 3621.611 3675.617 3738.673 3785.584 3801.831 3808.760 3826.815 3847.002 3800.479 3840.475 3858.837 3874.159 3882.434 3884.545 3885.725 3885.505 3881.859 3874.912 3866.788 3860.981 3856.774 3852.271 3854.705 3858.027 3858.290 3851.617 3843.882 3836.253 3828.670 3821.818 3815.668 3811.422
-9999.000 2534.498 2591.888 2660.187 2727.374 2775.648 2859.264 3021.755 3081.948 3118.384 3124.397 3103.954 3162.338 3221.210 3245.332 3289.021 3273.720 3258.307 3223.232 3248.180 3286.839 3356.616 3522.171 3608.950 3657.033 3664.909 3666.090 3693.592 3736.136 3781.428 3824.933 3797.286 3843.297 3865.890 3870.611 3871.272 3876.341 3874.979 3873.403 3869.014 3863.896 3864.053 3868.583 3868.417 3865.479 3862.139 3856.464 3849.040 3843.815 3839.190 3836.525 3833.674 3831.759 3831.113 3826.341 3821.217 3811.973 3802.129 3792.499 3782.100 3771.639 3765.230
-9999.000 2494.795 2569.119 2627.401 2674.461 2766.732 2895.341 3037.236 3131.772 3164.676 3145.565 3182.726 3283.519 3386.888 3437.742 3458.214 3440.513 3394.587 3376.415 3419.000 3487.605 3602.718 3734.748 3830.445 3845.053 3848.202 3803.552 3827.577 3849.845 3852.487 3853.533 3860.863 3865.892 3868.781 3867.229 3864.340 3859.541 3851.382 3846.567 3842.919 3839.171 3838.064 3840.104 3841.859 3839.066 3835.182 3830.709 3825.130 3818.846 3812.109 3807.838 3803.620 3801.503 3796.057 3792.500 3786.763 3770.363 3755.922 3741.765 3729.219 3716.550 3700.936
-9999.000 2372.850 2468.469 2509.576 2586.179 2772.715 2900.614 3040.344 3202.014 3222.846 3269.629 3405.164 3521.288 3599.556 3628.575 3661.872 3686.059 3702.093 3737.837 3626.619 3703.493 3795.657 3837.549 3855.715 3864.491 3864.838 3855.115 3834.457 3823.748 3816.995 3818.602 3825.863 3830.591 3835.420 3833.130 3834.133 3835.119 3831.868 3827.876 3819.208 3811.385 3804.774 3801.642 3806.379 3801.714 3799.290 3793.138 3784.765 3775.876 3768.511 3760.608 3754.068 3751.825 3746.813 3745.638 3736.321 3705.514 3684.662 3667.543 3648.691 3622.059 3602.328
-9999.000 2291.774 2364.300 2425.385 2537.080 2699.815 2796.634 2953.747 3189.996 3322.713 3480.975 3568.652 3638.124 3681.049 3731.628 3782.065 3808.031 3818.995 3789.943 3810.438 3768.472 3757.550 3774.739 3803.313 3819.869 3823.840 3815.895 3806.580 3799.325 3798.201 3796.100 3792.252 3788.330 3784.857 3781.716 3784.583 3789.813 3782.794 3772.691 3763.369 3754.961 3745.833 3739.932 3735.400 3735.654 3735.898 3728.316 3717.881 3707.100 3698.871 3691.686 3687.143 3684.535 3679.629 3670.218 3656.804 3628.981 3603.084 3580.381 3549.132 3503.257 3489.307
-9999.000 2172.832 2304.464 2381.237 2476.327 2604.354 2708.385 2859.247 2988.926 3229.548 3370.791 3553.489 3601.441 3669.180 3716.955 3788.649 3784.464 3752.962 3710.581 3694.258 3704.494 3713.229 3721.671 3736.398 3753.834 3763.773 3768.412 3762.203 3748.036 3735.856 3725.149 3711.832 3702.647 3700.276 3703.995 3713.714 3714.387 3705.115 3691.131 3673.135 3657.705 3646.039 3643.971 3646.631 3647.653 3643.673 3637.830 3627.163 3614.651 3602.380 3596.618 3592.264 3584.991 3573.989 3562.314 3549.482 3526.077 3507.139 3483.621 3441.394 3398.207 3357.994
-9999.000 -9999.000 2218.820 2326.746 2419.797 2529.817 2618.803 2736.472 2875.455 3045.807 3160.901 3335.010 3426.937 3470.362 3505.129 3560.074 3584.191 3613.825 3606.758 3617.423 3626.626 3631.680 3637.071 3643.119 3653.671 3663.351 3673.233 3670.443 3661.575 3641.388 3616.235 3596.696 3586.372 3577.350 3589.180 3601.596 3596.338 3589.475 3576.940 3560.827 3548.267 3534.124 3530.677 3530.668 3531.262 3528.962 3526.340 3513.976 3501.771 3491.819 3487.776 3482.234 3478.617 3468.875 3458.370 3448.085 3429.668 3407.357 3380.668 3339.652 3301.012 3261.226
-9999.000 -9999.000 2130.311 2233.814 2335.416 2451.326 2534.382 2550.596 2685.789 2788.296 2894.055 3002.774 3097.034 3164.134 3197.136 3258.446 3312.501 3330.131 3367.890 3419.015 3452.002 3489.822 3512.012 3521.485 3533.893 3548.048 3555.505 3540.576 3529.332 3512.334 3489.189 3462.933 3449.615 3448.884 3448.249 3450.139 3442.745 3433.802 3419.439 3405.439 3393.251 3384.188 3380.619 3375.313 3373.172 3370.511 3368.775 3363.365 3354.986 3350.276 3342.240 3338.476 3337.643 3334.453 3328.644 3326.444 3316.078 3291.386 3264.119 3236.181 3204.608 3181.863
-9999.000 -9999.000 -9999.000 2183.401 2260.965 2298.869 2389.644 2421.617 2427.565 2511.405 2623.092 2755.367 2819.206 2871.199 2926.216 2965.201 3014.019 3059.899 3115.845 3193.217 3244.493 3293.411 3342.347 3366.945 3380.854 3397.430 3397.933 3389.264 3380.817 3366.178 3341.299 3318.596 3311.789 3318.909 3315.251 3309.707 3303.512 3302.174 3295.907 3286.253 3274.754 3271.836 3268.401 3262.310 3256.705 3252.520 3249.271 3247.946 3242.887 3235.707 3234.534 3234.849 3232.484 3231.791 3228.071 3221.512 3216.796 3189.304 3166.640 3150.488 3124.145 3095.214
-9999.000 -9999.000 -9999.000 -9999.000 -9999.000 2136.785 2242.284 2342.646 2385.794 2414.450 2476.930 2578.278 2613.980 2666.040 2727.222 2776.350 2838.815 2902.520 2980.824 3021.857 3084.899 3120.565 3163.126 3212.356 3225.978 3237.029 3247.787 3239.415 3231.291 3222.101 3198.343 3193.731 3196.153 3196.393 3196.182 3191.532 3186.964 3181.867 3180.031 3168.241 3163.195 3161.777 3157.969 3154.235 3149.131 3145.850 3143.333 3143.342 3136.477 3136.431 3142.782 3141.146 3139.327 3138.755 3133.134 3125.298 3117.841 3097.189 3083.803 3075.270 3045.053 3025.718
-9999.000 -9999.000 -9999.000 -9999.000 -9999.000 -9999.000 2101.370 2199.782 2267.577 2337.065 2414.273 2468.416 2489.157 2516.326 2561.170 2632.903 2719.503 2788.386 2834.313 2876.401 2924.463 2966.917 3002.743 3047.904 3067.691 3076.244 3092.280 3089.622 3082.231 3078.439 3076.550 3087.056 3081.767 3081.269 3079.801 3079.204 3072.892 3067.487 3064.669 3064.360 3065.209 3060.668 3057.040 3053.369 3048.591 3044.067 3041.376 3039.490 3039.861 3046.695 3048.080 3048.878 3047.672 3045.071 3037.540 3028.417 3020.622 3012.235 3003.199 2992.579 2977.118 2963.844
