tests/3D/Borden05m_nopit_001/output_maps/psiliqL0007N0016.asc
ncols         160
nrows         34
xllcorner     620200.000000
yllcorner     5168000.000000
cellsize      0.500000
NODATA_value  -9999.0
[rows 0 to 28 of 34, columns 64 to 127 of 160]
-9999.000 -9999.000 -9999.000 -9999.000 -9999.000 -9999.000 -9999.000 -9999.000 -9999.000 -9999.000 -9999.000 -9999.000 -9999.000 -9999.000 -9999.000 -9999.000 -9999.000 -9999.000 -9999.000 -9999.000 -9999.000 -9999.000 -9999.000 -9999.000 -9999.000 -9999.000 -9999.000 -9999.000 -9999.000 -9999.000 -9999.000 -9999.000 -9999.000 -9999.000 -9999.000 -9999.000 -9999.000 -9999.000 -9999.000 -9999.000 -9999.000 -9999.000 -9999.000 -9999.000 -9999.000 -9999.000 -9999.000 -9999.000 -9999.000 -9999.000 -9999.000 -9999.000 -9999.000 -9999.000 -9999.000 -9999.000 -9999.000 -9999.000 -9999.000 -9999.000 -9999.000 -9999.000 -9999.000 -9999.000
-431.732 -440.665 -444.840 -445.943 -447.010 -447.575 -442.421 -434.687 -427.252 -420.159 -417.932 -415.625 -413.374 -412.921 -414.323 -417.657 -421.012 -424.487 -425.979 -434.446 -445.975 -455.037 -457.843 -453.321 -448.778 -446.221 -439.991 -429.001 -417.978 -409.300 -397.534 -392.042 -386.744 -383.251 -386.998 -390.247 -393.577 -397.868 -408.665 -9999.000 -9999.000 -9999.000 -9999.000 -9999.000 -9999.000 -9999.000 -9999.000 -9999.000 -9999.000 -9999.000 -9999.000 -9999.000 -9999.000 -9999.000 -9999.000 -9999.000 -9999.000 -9999.000 -9999.000 -9999.000 -9999.000 -9999.000 -9999.000 -9999.000
-447.601 -453.284 -459.010 -460.863 -461.119 -461.275 -457.235 -447.616 -439.791 -435.144 -432.893 -430.600 -430.483 -431.059 -431.570 -434.566 -438.063 -441.537 -443.385 -443.520 -451.184 -456.498 -459.746 -460.834 -458.413 -456.112 -453.184 -443.423 -434.992 -426.553 -412.432 -400.107 -394.758 -396.861 -401.595 -404.905 -410.790 -420.096 -430.285 -440.768 -447.825 -452.920 -457.722 -451.364 -444.836 -434.236 -423.704 -411.487 -399.241 -9999.000 -9999.000 -9999.000 -9999.000 -9999.000 -9999.000 -9999.000 -9999.000 -9999.000 -9999.000 -9999.000 -9999.000 -9999.000 -9999.000 -9999.000
-455.607 -460.613 -464.774 -457.478 -456.517 -455.574 -452.592 -449.241 -447.322 -444.667 -439.542 -430.795 -428.368 -428.018 -428.041 -429.979 -433.177 -435.031 -437.874 -443.144 -444.048 -443.609 -443.507 -438.219 -436.744 -435.495 -442.574 -439.257 -432.890 -425.892 -418.628 -411.389 -406.345 -409.116 -410.117 -417.927 -431.186 -442.280 -450.683 -453.127 -455.942 -463.214 -474.872 -467.786 -452.017 -447.067 -443.001 -430.773 -418.332 -408.087 -406.134 -406.333 -406.538 -408.926 -422.592 -437.092 -451.641 -470.095 -9999.000 -9999.000 -9999.000 -9999.000 -9999.000 -9999.000
-453.429 -454.970 -442.252 -433.077 -431.748 -429.158 -426.116 -427.753 -440.392 -443.257 -434.833 -424.543 -418.814 -418.903 -419.144 -420.697 -421.860 -422.521 -425.081 -423.949 -421.364 -420.515 -415.328 -409.739 -407.057 -415.898 -425.118 -424.703 -417.036 -409.079 -401.565 -390.322 -378.283 -379.320 -384.695 -393.051 -406.175 -429.069 -448.605 -458.596 -464.576 -471.000 -471.680 -473.263 -462.583 -460.425 -458.439 -449.438 -438.892 -428.643 -422.710 -422.973 -423.255 -425.442 -434.673 -449.180 -463.695 -479.934 -504.863 -532.939 -560.168 -560.887 -537.048 -513.233
-441.842 -428.689 -415.171 -400.316 -398.186 -396.076 -396.664 -406.811 -417.272 -421.870 -406.875 -391.485 -383.533 -382.816 -382.237 -373.989 -376.412 -379.487 -385.344 -382.970 -379.971 -368.321 -361.052 -354.606 -356.629 -368.240 -378.942 -380.881 -379.093 -377.228 -371.287 -360.558 -349.948 -354.306 -361.298 -371.231 -399.693 -427.320 -443.860 -442.468 -441.442 -445.455 -448.128 -451.509 -458.920 -458.930 -459.055 -459.201 -446.929 -434.538 -430.860 -436.638 -439.968 -441.985 -450.563 -461.200 -476.128 -492.743 -511.174 -539.157 -546.346 -553.953 -531.902 -508.056
-393.433 -380.612 -362.488 -339.044 -335.910 -332.491 -328.585 -339.356 -351.468 -363.476 -348.352 -339.160 -330.420 -327.197 -315.710 -305.816 -311.185 -320.244 -329.816 -323.567 -309.681 -295.182 -289.385 -286.475 -286.045 -295.497 -300.453 -303.135 -302.759 -306.539 -303.610 -292.124 -276.359 -275.435 -285.747 -307.651 -342.315 -376.806 -398.874 -394.358 -400.078 -405.399 -409.324 -423.110 -434.335 -434.293 -443.455 -449.421 -437.765 -431.499 -429.382 -435.299 -429.578 -437.177 -454.838 -472.015 -487.518 -501.787 -516.390 -523.693 -532.874 -540.304 -527.815 -507.481
-346.566 -328.749 -305.594 -281.911 -270.697 -264.173 -255.754 -262.502 -271.446 -280.383 -275.009 -262.761 -251.125 -240.224 -228.298 -216.936 -223.411 -233.041 -235.853 -231.999 -215.958 -201.992 -197.185 -195.024 -190.592 -196.143 -203.287 -211.210 -218.653 -225.458 -229.967 -214.858 -200.189 -201.276 -223.378 -245.617 -277.290 -311.937 -344.890 -349.499 -349.456 -350.259 -365.138 -379.992 -398.655 -409.522 -418.029 -432.857 -428.110 -421.976 -410.932 -400.707 -401.190 -417.433 -434.641 -453.826 -472.574 -486.807 -491.302 -496.201 -505.535 -511.669 -505.471 -491.499
-241.113 -229.550 -204.465 -172.525 -149.043 -128.127 -124.917 -134.596 -144.093 -157.970 -164.016 -151.299 -140.078 -129.145 -118.054 -106.468 -98.890 -99.545 -99.602 -97.381 -94.003 -88.346 -82.118 -75.869 -69.000 -67.736 -76.146 -84.296 -94.084 -102.859 -105.518 -106.497 -99.207 -99.266 -117.928 -142.223 -169.459 -202.162 -230.782 -250.182 -247.541 -259.716 -275.644 -296.161 -331.862 -350.641 -366.865 -396.511 -400.911 -389.463 -374.692 -366.918 -382.688 -398.907 -417.563 -438.140 -458.335 -464.808 -465.995 -468.931 -474.582 -477.130 -472.614 -459.780
-129.628 -123.188 -93.278 -60.635 -31.859 -9.112 -1.248 -11.184 -21.257 -32.606 -42.573 -42.409 -30.379 -15.158 0.035 10.613 14.742 13.638 13.892 15.067 17.740 19.745 24.303 30.990 41.363 53.623 50.329 34.355 21.182 5.982 -0.238 -2.220 -5.565 -4.933 -6.417 -29.923 -53.750 -82.199 -111.738 -132.758 -149.469 -165.876 -183.580 -222.334 -259.443 -291.641 -318.897 -346.521 -351.049 -324.630 -298.108 -306.934 -318.182 -335.532 -360.182 -384.805 -410.160 -417.448 -420.503 -426.094 -432.469 -438.557 -444.381 -441.785
-12.603 -5.102 13.285 45.904 79.190 105.943 110.584 102.700 92.461 81.293 72.310 68.969 73.908 82.334 95.684 107.060 118.029 118.504 118.927 118.558 120.246 121.690 122.622 128.059 137.947 147.361 149.429 139.348 123.511 106.351 97.750 90.961 85.749 85.868 87.247 85.709 66.201 35.559 -4.154 -31.542 -52.018 -62.774 -74.725 -89.238 -128.249 -149.990 -179.043 -212.000 -237.471 -206.794 -213.550 -223.874 -239.833 -264.234 -289.434 -315.104 -341.529 -351.955 -357.464 -365.145 -371.497 -380.205 -390.778 -395.149
95.813 106.638 121.630 139.393 162.965 186.317 203.104 200.766 190.715 176.009 172.971 172.368 173.363 178.180 183.459 196.377 209.918 214.897 215.504 213.202 214.962 215.748 215.708 215.740 218.484 223.989 226.135 223.064 210.223 192.654 177.783 168.937 164.643 161.994 162.289 161.235 152.596 129.660 98.183 66.630 44.626 30.174 19.846 12.573 3.191 -9.695 -33.545 -70.166 -104.632 -116.490 -125.535 -136.706 -160.210 -186.796 -208.998 -240.315 -270.995 -290.733 -297.931 -304.858 -313.675 -325.420 -336.668 -344.146
195.057 209.608 225.178 235.486 248.301 265.712 275.614 281.068 282.212 282.329 284.355 284.389 276.924 278.220 279.435 281.509 285.671 286.743 286.820 286.511 287.164 287.256 287.506 287.179 285.975 286.590 286.824 286.531 283.152 278.719 263.897 253.325 246.693 239.819 231.819 223.087 214.721 202.122 179.669 149.946 122.958 112.232 107.672 104.215 101.231 89.684 72.151 47.380 13.808 -21.599 -32.188 -46.753 -69.978 -88.206 -101.381 -133.394 -166.522 -191.492 -201.950 -220.334 -238.960 -254.551 -272.553 -289.691
278.083 288.880 289.010 290.022 291.069 292.109 292.466 292.568 292.521 290.447 290.352 289.145 284.057 275.266 276.691 277.947 280.347 283.699 282.273 283.075 285.929 284.598 279.524 276.278 274.733 274.896 281.728 284.601 285.278 285.499 284.987 284.863 284.444 283.923 283.188 282.249 279.903 271.675 252.405 225.293 196.152 181.393 176.037 178.223 176.278 171.758 155.431 131.730 100.227 66.264 49.362 38.165 29.829 21.524 9.292 -23.804 -58.819 -86.985 -106.350 -131.888 -152.466 -171.320 -192.903 -211.571
295.810 292.492 288.929 284.523 283.542 282.394 280.156 280.865 279.002 275.355 272.308 266.922 256.978 245.842 243.942 248.656 253.292 257.107 259.580 262.615 264.241 260.044 252.799 246.241 244.264 250.343 255.643 260.080 260.606 259.275 257.590 258.066 256.118 256.753 262.658 274.617 281.705 282.413 282.298 280.258 276.572 260.416 242.405 245.351 241.690 231.551 212.899 192.006 166.442 141.604 117.758 110.422 106.562 101.534 94.524 64.709 33.417 2.755 -21.842 -46.543 -69.484 -90.850 -112.349 -134.880
284.723 278.166 270.553 264.282 258.382 256.736 255.404 254.785 254.882 249.961 243.411 229.679 218.680 207.831 202.040 201.221 206.912 215.755 223.743 228.037 222.840 216.207 206.566 198.829 198.996 201.783 210.193 222.121 224.915 225.386 220.977 217.453 211.912 210.251 216.762 230.604 244.069 255.811 262.821 269.401 275.078 281.162 281.468 281.618 281.321 278.131 265.165 247.441 227.779 206.593 182.475 175.293 172.675 168.900 167.081 142.881 111.522 80.399 52.995 28.103 6.288 -15.305 -38.491 -62.892
253.036 246.825 237.400 227.500 218.665 213.870 214.936 217.289 218.196 212.869 199.903 183.942 171.468 158.375 154.816 150.853 148.617 159.255 174.627 180.109 168.326 159.335 146.122 138.663 136.112 137.893 147.145 164.924 181.114 181.566 172.387 163.356 158.164 155.360 161.780 179.104 196.983 209.737 217.796 222.765 230.242 239.034 249.450 260.928 270.508 280.234 281.554 280.970 279.327 264.774 247.448 235.369 225.687 220.153 211.938 193.138 168.689 144.202 118.818 98.172 80.921 58.251 33.609 9.225
211.890 205.887 195.720 185.092 174.995 163.329 161.215 160.107 162.874 152.965 142.717 124.481 110.099 95.481 87.131 81.820 76.794 83.718 99.807 108.976 94.363 84.104 70.653 63.938 60.683 62.134 71.895 94.384 112.383 117.934 109.201 101.657 97.380 95.387 99.453 113.796 132.509 150.765 163.682 171.334 178.187 187.463 200.555 213.066 225.456 240.651 257.752 270.367 278.444 283.343 283.104 282.018 275.554 266.895 257.169 242.110 220.829 195.823 170.977 154.378 138.442 123.545 99.536 70.744
170.204 159.707 119.654 104.997 89.575 76.685 73.128 67.835 64.829 56.861 50.566 41.047 26.151 9.959 -4.538 -9.164 -13.073 -18.076 -9.340 -5.057 -6.054 -13.761 -21.351 -25.219 -27.907 -24.230 -10.790 2.104 13.352 18.295 13.198 16.938 20.574 20.115 33.192 45.496 61.744 81.251 101.569 111.831 119.628 129.163 143.203 158.336 173.879 194.377 216.226 230.059 239.638 250.270 261.153 273.208 282.533 285.965 285.547 280.259 262.051 240.067 220.428 203.451 189.561 177.177 159.891 127.516
122.756 89.640 49.412 20.357 4.377 -14.388 -22.460 -29.237 -48.393 -59.454 -66.084 -63.799 -74.561 -90.934 -104.697 -111.341 -116.140 -126.394 -130.811 -126.517 -116.926 -123.448 -127.132 -124.763 -127.222 -129.627 -121.456 -107.088 -99.027 -91.163 -83.907 -81.635 -77.606 -57.040 -45.493 -32.815 -14.666 5.132 25.494 42.367 53.128 65.445 82.344 97.327 116.327 138.130 164.071 180.879 193.376 203.566 213.936 228.120 245.684 260.383 274.563 285.135 285.000 283.120 262.228 246.876 232.475 224.346 204.760 178.418
33.503 -6.881 -45.626 -74.528 -93.595 -114.846 -128.485 -148.460 -175.598 -192.657 -189.527 -182.471 -184.556 -198.099 -210.240 -219.372 -230.377 -244.196 -253.208 -245.469 -237.078 -233.117 -231.190 -227.937 -227.112 -228.597 -231.146 -222.878 -215.074 -206.185 -198.214 -190.135 -166.055 -144.643 -130.818 -113.145 -95.300 -74.857 -53.440 -35.083 -21.777 -5.572 11.751 30.623 50.185 73.863 101.254 122.578 135.695 147.643 160.059 177.338 198.199 217.985 239.011 257.628 267.834 279.065 287.716 286.497 271.611 259.630 244.241 223.338
-78.640 -117.199 -153.188 -177.138 -198.516 -219.620 -242.071 -268.753 -293.920 -311.314 -304.285 -297.271 -288.277 -300.066 -311.611 -317.929 -331.490 -344.796 -357.851 -349.674 -340.777 -326.420 -323.356 -320.595 -315.110 -316.834 -319.065 -325.361 -317.218 -308.590 -297.379 -273.821 -251.121 -229.517 -211.586 -194.075 -174.518 -153.217 -131.817 -109.875 -93.481 -77.154 -58.177 -39.651 -21.703 -0.746 24.270 45.565 62.444 80.370 94.471 116.356 142.909 167.391 196.121 215.592 229.704 241.929 254.234 270.439 281.582 281.292 277.901 256.123
-219.540 -255.450 -275.069 -292.275 -313.180 -332.777 -352.048 -376.981 -398.841 -420.544 -416.096 -404.016 -390.495 -398.053 -402.550 -405.626 -416.897 -430.042 -443.158 -439.467 -425.224 -409.159 -403.102 -397.295 -390.265 -390.449 -396.723 -405.126 -400.062 -387.792 -373.231 -352.776 -331.770 -311.656 -293.537 -273.450 -252.377 -231.055 -208.061 -184.387 -167.611 -146.881 -125.054 -106.873 -95.391 -80.904 -57.307 -40.153 -20.544 -0.725 14.293 40.632 71.583 108.118 143.698 174.334 187.990 200.328 210.858 226.720 245.429 262.005 275.470 275.764
-349.935 -368.229 -385.605 -402.706 -419.991 -439.146 -457.833 -476.580 -497.445 -516.924 -511.473 -497.889 -484.967 -483.227 -486.074 -488.962 -496.795 -510.031 -522.064 -514.169 -498.882 -483.795 -474.430 -468.076 -461.941 -464.822 -473.016 -480.451 -473.162 -458.595 -444.291 -427.248 -406.919 -386.673 -366.689 -345.851 -325.063 -302.185 -278.696 -255.098 -232.409 -210.983 -190.109 -179.915 -169.533 -160.798 -144.746 -127.894 -108.818 -87.946 -66.820 -39.272 -1.681 36.111 72.084 106.507 130.099 146.904 161.168 180.398 200.430 216.919 230.716 242.641
-438.524 -461.492 -478.455 -488.006 -502.075 -520.810 -534.003 -550.396 -569.862 -571.692 -567.500 -554.589 -551.692 -550.867 -553.758 -554.791 -559.741 -571.960 -566.846 -558.948 -543.901 -532.954 -523.834 -517.627 -513.513 -514.388 -521.974 -519.824 -512.762 -498.441 -487.003 -472.082 -451.841 -435.148 -416.535 -395.718 -374.328 -351.805 -328.062 -302.580 -279.600 -260.801 -251.607 -241.529 -235.146 -239.679 -225.977 -212.026 -197.827 -177.126 -156.352 -129.639 -92.351 -50.759 -8.114 27.863 63.947 84.535 105.629 127.025 149.150 169.405 185.327 197.311
-529.629 -553.628 -562.947 -573.059 -584.264 -597.367 -610.713 -623.581 -624.595 -626.699 -626.641 -624.119 -621.002 -618.531 -619.540 -620.620 -620.308 -615.288 -611.110 -605.602 -594.941 -583.988 -574.105 -570.122 -566.059 -563.544 -560.833 -558.506 -554.201 -542.940 -531.518 -518.499 -501.904 -485.107 -466.894 -445.515 -424.013 -401.072 -375.696 -350.183 -330.800 -321.365 -311.802 -307.775 -311.822 -315.744 -307.509 -295.669 -284.475 -264.749 -243.801 -223.779 -181.646 -135.616 -92.213 -57.336 -22.897 7.160 32.497 55.850 85.368 110.286 135.459 151.220
-600.127 -618.259 -627.976 -637.794 -647.930 -661.205 -672.159 -674.705 -676.859 -678.834 -680.179 -676.706 -673.068 -668.887 -669.392 -669.172 -666.695 -662.541 -657.024 -648.142 -637.415 -625.811 -611.962 -607.728 -603.330 -598.156 -595.738 -592.837 -588.671 -577.445 -566.041 -553.870 -537.268 -520.131 -501.479 -479.866 -455.190 -426.767 -401.036 -375.742 -354.840 -346.179 -341.801 -343.292 -348.609 -360.121 -360.340 -349.089 -345.064 -331.173 -310.744 -297.409 -260.370 -215.782 -184.347 -149.938 -114.618 -71.316 -45.084 -14.623 16.069 45.956 75.271 90.588
-660.575 -679.553 -691.588 -701.766 -711.637 -720.404 -723.176 -726.218 -728.166 -729.422 -730.804 -728.194 -724.050 -719.958 -718.181 -715.697 -713.044 -707.270 -698.490 -689.853 -678.086 -663.730 -649.294 -643.562 -638.305 -632.986 -629.353 -625.361 -621.466 -611.176 -599.613 -588.155 -570.941 -552.855 -534.553 -509.267 -480.216 -451.174 -426.005 -401.192 -377.540 -374.144 -372.704 -373.287 -386.014 -401.031 -405.900 -402.642 -401.432 -392.043 -379.377 -366.853 -337.564 -307.991 -277.741 -241.980 -196.726 -151.788 -121.928 -91.204 -60.617 -32.771 -10.154 8.689
-715.063 -733.414 -747.567 -757.196 -761.819 -763.999 -767.618 -767.401 -766.425 -767.554 -770.709 -770.805 -765.960 -762.063 -759.554 -756.811 -747.157 -737.571 -729.988 -722.772 -710.199 -695.894 -680.734 -671.438 -665.552 -656.724 -649.712 -645.613 -642.871 -633.815 -623.335 -617.823 -601.552 -583.365 -555.923 -525.521 -495.754 -465.181 -439.120 -414.243 -392.374 -392.221 -392.125 -392.705 -408.040 -423.281 -440.100 -437.069 -434.741 -444.787 -431.926 -419.681 -401.154 -373.422 -347.439 -308.932 -263.732 -228.259 -198.022 -167.403 -138.782 -116.290 -94.479 -76.706
