tests/3D/Borden05m_nopit_001/output_maps/psiliqL0009N0002.asc
ncols         160
nrows         34
xllcorner     620200.000000
yllcorner     5168000.000000
cellsize      0.500000
NODATA_value  -9999.0
[rows 0 to 28 of 34, columns 65 to 129 of 160]
-9999.000 -9999.000 -9999.000 -9999.000 -9999.000 -9999.000 -9999.000 -9999.000 -9999.000 -9999.000 -9999.000 -9999.000 -9999.000 -9999.000 -9999.000 -9999.000 -9999.000 -9999.000 -9999.000 -9999.000 -9999.000 -9999.000 -9999.000 -9999.000 -9999.000 -9999.000 -9999.000 -9999.000 -9999.000 -9999.000 -9999.000 -9999.000 -9999.000 -9999.000 -9999.000 -9999.000 -9999.000 -9999.000 -9999.000 -9999.000 -9999.000 -9999.000 -9999.000 -9999.000 -9999.000 -9999.000 -9999.000 -9999.000 -9999.000 -9999.000 -9999.000 -9999.000 -9999.000 -9999.000 -9999.000 -9999.000 -9999.000 -9999.000 -9999.000 -9999.000 -9999.000 -9999.000 -9999.000 -9999.000 -9999.000
-40.828 -45.008 -46.122 -47.169 -47.746 -42.629 -34.868 -27.421 -20.357 -18.117 -15.812 -13.610 -13.185 -14.565 -17.894 -21.253 -24.723 -26.241 -34.594 -46.082 -55.067 -57.862 -53.376 -48.856 -46.310 -40.191 -29.266 -18.287 -9.619 2.231 7.885 13.190 16.591 12.821 9.574 6.179 1.697 -9.130 -9999.000 -9999.000 -9999.000 -9999.000 -9999.000 -9999.000 -9999.000 -9999.000 -9999.000 -9999.000 -9999.000 -9999.000 -9999.000 -9999.000 -9999.000 -9999.000 -9999.000 -9999.000 -9999.000 -9999.000 -9999.000 -9999.000 -9999.000 -9999.000 -9999.000 -9999.000 -9999.000
-53.390 -59.097 -61.042 -61.278 -61.438 -57.447 -47.716 -39.904 -35.274 -32.991 -30.648 -30.717 -31.322 -31.810 -34.803 -38.304 -41.775 -43.628 -43.599 -51.259 -56.647 -59.966 -61.253 -58.800 -56.458 -53.355 -43.657 -35.282 -26.890 -12.657 -0.239 5.150 3.004 -1.710 -5.068 -11.109 -20.562 -30.726 -40.956 -47.906 -53.021 -57.985 -51.611 -44.932 -34.458 -24.105 -11.897 0.357 -9999.000 -9999.000 -9999.000 -9999.000 -9999.000 -9999.000 -9999.000 -9999.000 -9999.000 -9999.000 -9999.000 -9999.000 -9999.000 -9999.000 -9999.000 -9999.000 -9999.000
-60.672 -65.225 -57.652 -56.698 -55.792 -52.801 -49.616 -47.372 -44.752 -39.616 -30.855 -28.397 -28.049 -28.074 -30.025 -33.238 -35.112 -37.957 -43.234 -44.239 -43.887 -43.936 -38.777 -37.299 -35.875 -42.785 -39.350 -32.994 -25.996 -18.914 -11.787 -7.003 -9.823 -10.649 -18.506 -31.797 -42.750 -51.043 -53.195 -56.013 -63.343 -75.206 -67.980 -52.163 -47.218 -43.299 -31.181 -18.743 -8.450 -6.345 -6.541 -6.745 -9.177 -22.849 -37.360 -51.960 -70.432 -9999.000 -9999.000 -9999.000 -9999.000 -9999.000 -9999.000 -9999.000 -9999.000
-55.330 -42.869 -33.802 -32.482 -29.924 -26.800 -28.188 -40.650 -43.437 -35.148 -24.936 -19.281 -19.353 -19.618 -21.407 -22.579 -23.202 -25.690 -24.739 -22.271 -21.775 -16.830 -11.257 -8.510 -16.968 -26.100 -25.490 -17.737 -9.653 -2.128 9.006 20.917 20.026 14.751 6.391 -6.649 -29.482 -48.790 -58.871 -65.050 -71.549 -71.829 -73.727 -62.701 -60.569 -58.513 -49.675 -39.138 -28.829 -22.851 -23.145 -23.465 -25.670 -34.928 -49.450 -63.991 -80.360 -105.446 -133.588 -160.474 -161.378 -137.520 -113.701 -9999.000 -9999.000
-30.016 -16.700 -2.249 -0.151 1.912 1.237 -8.643 -19.097 -23.502 -8.702 6.816 14.746 15.323 15.374 23.069 20.907 18.203 12.605 14.799 17.221 28.207 35.515 42.118 40.164 28.473 17.601 15.862 18.042 20.447 26.565 37.237 47.696 43.301 36.516 26.868 -1.276 -28.357 -44.642 -43.344 -42.328 -46.368 -48.954 -52.055 -59.099 -59.068 -59.252 -59.394 -47.109 -34.610 -30.930 -36.793 -40.184 -42.214 -50.703 -61.419 -76.428 -93.074 -111.624 -139.597 -146.538 -154.424 -132.335 -108.459 -87.339 -62.615
17.004 34.538 57.778 60.507 63.597 66.940 55.936 43.702 31.904 47.752 57.129 65.692 68.294 79.098 88.852 83.667 74.897 65.060 71.236 84.335 98.897 104.916 108.074 107.977 98.059 92.915 90.679 91.700 88.448 91.985 103.189 118.871 119.568 110.007 88.333 53.440 19.515 -1.536 3.722 -1.973 -7.390 -10.895 -24.374 -35.155 -34.830 -43.859 -49.668 -37.892 -31.538 -29.482 -35.588 -29.917 -37.411 -55.389 -72.487 -87.868 -102.123 -116.980 -124.118 -133.270 -140.789 -128.169 -107.861 -87.713 -62.775
65.941 88.532 111.801 121.682 126.816 135.355 128.578 119.430 110.639 117.696 129.712 141.192 151.541 163.537 174.795 167.261 156.848 153.234 157.418 174.460 189.311 194.116 195.951 199.857 193.281 186.382 178.937 172.318 165.956 161.730 177.919 193.317 192.330 170.300 148.022 115.531 80.573 48.544 45.802 45.504 45.150 30.791 16.285 -1.149 -11.118 -19.398 -33.650 -28.420 -22.430 -11.688 -1.770 -1.699 -17.955 -35.182 -54.346 -72.962 -87.152 -91.828 -96.847 -106.273 -112.508 -106.164 -92.098 -77.572 -65.245
161.538 185.771 217.056 239.332 259.220 262.503 253.096 243.697 230.015 225.156 239.047 250.308 260.963 271.768 283.462 290.280 288.963 288.718 291.164 295.605 302.188 308.469 314.382 320.803 320.543 311.662 304.160 294.831 286.853 284.396 284.732 293.424 293.040 272.505 247.953 219.907 186.618 157.936 139.947 144.329 133.226 117.287 97.844 63.185 45.862 30.378 1.442 -2.459 8.164 22.431 31.004 15.600 -0.605 -19.080 -39.519 -59.326 -65.842 -67.047 -69.963 -75.696 -78.233 -73.414 -60.294 -57.328 -46.355
266.735 296.900 329.658 358.031 380.774 388.562 378.374 368.330 356.750 346.905 348.217 360.798 376.277 391.440 402.097 406.009 404.854 405.087 406.467 409.174 411.423 416.397 423.186 433.378 445.192 441.142 425.063 412.305 397.761 392.118 390.498 387.919 388.603 385.510 360.051 335.406 306.576 278.099 257.915 242.959 226.377 207.987 167.914 130.802 98.718 72.391 45.390 42.246 67.828 96.168 88.741 77.453 60.388 35.915 11.529 -13.242 -20.088 -22.925 -28.322 -34.659 -40.490 -45.771 -42.620 -39.676 -27.874
384.769 404.050 437.627 471.567 498.801 502.932 494.420 484.062 473.111 463.551 460.146 465.907 475.081 489.176 500.453 510.902 510.973 511.375 511.239 512.998 514.517 515.740 521.631 532.079 542.042 543.797 532.764 516.699 499.662 491.718 485.396 480.218 480.581 482.019 478.952 458.184 426.561 386.777 360.533 340.635 329.874 317.402 300.130 258.192 234.589 204.630 172.326 149.756 184.496 180.584 170.263 154.917 130.877 105.420 80.084 54.210 44.740 39.483 31.896 25.695 17.221 6.901 2.968 -2.655 -5.189
498.005 513.166 532.484 557.345 581.387 598.028 595.099 584.192 568.673 564.901 564.048 565.327 570.654 576.757 590.393 604.574 609.640 610.278 607.935 609.768 610.639 610.617 610.964 614.335 620.319 622.600 619.017 605.282 587.069 572.576 563.984 559.788 557.538 558.363 557.777 548.472 524.161 491.277 459.895 438.632 424.365 413.643 405.823 393.920 380.175 354.988 317.143 283.388 276.964 268.103 257.073 233.686 206.612 183.406 152.261 122.262 103.872 97.181 90.976 82.857 71.462 60.623 53.703 40.182 32.220
603.599 620.018 631.283 645.175 663.594 674.194 679.627 680.463 680.121 682.057 682.126 668.545 670.390 672.160 675.895 681.299 682.869 683.008 682.452 683.236 683.403 683.615 683.283 682.469 683.578 684.002 683.478 679.079 677.151 661.756 650.867 644.063 637.042 629.017 620.213 611.685 598.272 574.900 544.671 518.287 507.876 503.158 499.167 495.902 483.772 465.683 439.797 405.565 371.691 362.057 347.361 322.976 303.493 289.378 257.007 224.289 200.333 190.950 173.757 155.945 140.828 123.408 106.892 90.114 73.096
687.713 686.059 687.880 689.764 691.636 692.279 692.463 692.378 690.269 690.099 688.758 683.848 674.872 676.318 677.650 680.075 683.470 682.080 682.916 685.781 684.404 679.223 675.886 674.338 674.595 681.495 684.438 685.147 684.974 684.418 684.199 683.454 682.524 681.212 679.534 679.093 670.450 650.220 621.666 591.207 577.240 572.684 574.637 572.758 568.140 551.690 527.586 495.427 460.972 445.198 433.723 424.303 415.199 402.288 368.514 333.407 305.922 287.593 262.407 242.200 223.715 202.346 184.039 164.930 141.790
692.327 688.825 684.366 683.320 682.150 679.890 680.590 678.725 675.031 671.875 666.205 656.081 644.941 642.858 647.527 652.272 656.235 658.927 662.039 663.487 659.150 651.774 645.107 643.166 649.335 654.686 659.356 659.923 658.587 656.815 657.214 655.123 655.716 661.757 674.033 680.648 681.941 681.757 678.109 671.502 658.423 640.219 643.530 639.794 629.550 610.633 589.391 563.217 537.761 514.499 507.215 503.206 498.033 490.318 459.533 427.950 397.556 373.552 348.863 326.050 304.894 283.507 261.286 237.629 213.980
677.731 670.013 663.636 657.568 655.846 654.599 654.022 654.164 649.203 642.348 628.255 617.193 606.320 600.514 599.367 604.813 613.921 622.373 626.750 621.101 614.266 604.385 596.611 596.811 599.405 607.938 620.411 623.731 624.240 619.605 615.755 610.093 608.280 614.787 628.798 642.637 654.818 662.077 668.798 674.653 679.910 680.511 680.841 680.374 677.908 664.452 646.081 625.453 603.846 579.581 572.856 570.630 566.985 565.236 540.160 508.307 476.923 449.681 424.711 402.648 381.098 358.077 333.798 310.087 283.086
645.774 636.289 626.268 617.341 612.238 613.302 615.657 616.650 611.110 597.883 581.721 569.139 555.964 552.367 548.192 545.360 555.942 571.795 577.488 565.230 556.031 542.600 535.239 532.530 534.200 543.417 561.718 578.782 579.416 570.041 560.807 555.667 552.819 559.043 576.304 594.513 607.643 615.975 620.998 628.526 637.407 648.276 660.155 670.080 679.295 681.489 680.557 677.730 664.066 646.069 633.854 624.524 619.298 611.381 592.160 567.286 542.572 517.183 496.343 478.845 455.709 431.045 406.835 377.999 346.572
604.413 593.097 582.278 571.880 559.865 557.564 556.058 558.646 548.570 538.579 520.546 506.066 491.347 482.453 477.101 471.895 477.870 493.671 502.758 488.713 478.519 465.380 458.909 455.644 457.208 467.044 489.207 507.240 513.106 504.526 497.670 493.865 491.916 496.227 510.177 528.804 547.516 561.102 569.007 575.875 585.161 598.423 611.142 623.787 639.340 657.155 670.238 678.619 683.138 682.926 681.224 675.940 667.237 657.418 642.006 620.500 595.452 570.660 554.181 538.265 522.920 498.311 469.734 440.908 409.018
556.850 515.154 499.803 484.011 470.770 466.879 461.255 456.813 448.782 442.700 434.484 419.705 403.382 388.545 383.899 380.037 373.672 380.934 384.804 385.721 378.200 371.315 368.089 365.436 368.847 382.208 394.524 405.125 410.264 406.260 410.747 414.865 415.580 429.094 441.226 457.357 476.941 497.837 508.668 516.652 526.285 540.473 555.739 571.552 592.301 614.671 628.869 638.722 649.610 660.927 673.495 682.601 686.835 686.525 681.665 663.103 640.623 621.185 604.477 590.846 578.414 560.810 528.056 498.998 468.756
483.720 443.462 413.907 397.824 378.551 369.901 362.086 340.821 329.079 323.161 326.867 316.935 300.704 287.169 280.234 274.942 263.868 257.861 262.358 272.944 267.261 264.365 267.350 265.108 262.219 269.168 283.265 291.025 299.244 307.645 310.193 315.585 337.592 349.255 362.164 380.305 400.138 420.661 438.140 449.244 461.862 478.921 494.088 513.241 535.151 561.528 578.908 591.701 602.068 612.620 627.115 645.269 660.758 675.726 686.556 686.970 684.300 664.234 648.898 635.049 627.283 607.745 581.085 553.393 523.903
384.303 345.954 317.714 298.393 276.997 262.279 240.413 212.476 194.930 199.508 207.065 206.543 193.271 181.312 172.156 160.385 146.248 136.419 144.534 152.957 158.607 161.092 164.419 165.810 164.322 160.837 167.584 175.393 184.364 192.753 202.307 227.622 249.359 263.625 281.555 299.438 319.925 341.457 360.251 373.918 390.313 407.726 426.786 446.278 469.853 497.346 519.239 532.749 545.157 557.824 575.507 596.928 617.357 639.208 658.578 669.625 681.568 690.288 689.211 675.619 664.135 648.841 628.206 599.897 573.633
270.403 236.191 213.543 192.039 171.028 147.920 120.501 95.801 78.116 85.575 93.008 103.294 91.890 80.917 75.009 61.278 48.000 34.581 42.556 51.826 67.213 70.608 73.523 79.444 77.820 75.302 67.714 75.668 84.503 96.060 120.412 143.044 164.679 182.967 200.613 220.310 241.637 263.138 285.495 302.167 318.721 337.916 356.456 373.959 394.355 419.235 440.525 457.925 476.423 490.711 513.052 540.277 565.741 595.483 615.963 630.720 643.526 656.440 673.791 685.534 686.741 683.608 662.957 643.492 619.119
131.463 114.035 97.506 76.852 57.450 38.289 13.810 -7.602 -29.596 -24.964 -12.397 1.580 -4.920 -8.751 -11.599 -22.606 -35.755 -48.908 -45.200 -30.627 -14.342 -7.831 -1.811 5.291 5.081 -1.589 -10.210 -5.223 7.345 22.019 42.073 62.950 83.045 101.320 121.571 142.711 164.099 187.187 211.093 228.267 249.216 271.225 289.132 300.229 313.896 336.972 353.965 373.803 393.975 409.401 435.942 467.477 504.842 541.270 573.415 588.078 601.135 612.328 628.984 648.870 667.026 682.122 683.317 681.737 667.072
22.709 5.719 -10.783 -27.584 -46.710 -64.988 -83.147 -103.936 -122.239 -116.498 -102.863 -90.427 -88.057 -90.765 -93.540 -101.078 -114.360 -125.475 -117.329 -102.051 -87.128 -77.517 -71.112 -65.110 -68.031 -76.365 -83.324 -75.978 -61.366 -47.226 -30.532 -10.284 9.810 29.831 50.704 71.481 94.382 117.907 141.627 164.667 186.060 206.543 216.447 226.597 234.198 249.566 266.218 284.985 305.984 327.468 354.837 392.726 431.066 467.780 503.207 528.629 546.374 561.642 581.770 602.911 620.737 635.959 649.741 662.582 671.021
-68.836 -85.090 -94.082 -107.831 -126.194 -139.005 -155.161 -173.431 -174.262 -170.332 -157.916 -155.509 -154.617 -157.405 -158.344 -162.942 -174.432 -168.531 -160.786 -145.933 -135.101 -125.925 -119.784 -115.755 -116.426 -123.656 -121.122 -114.228 -100.050 -88.726 -74.067 -53.984 -37.408 -18.919 1.881 23.268 45.751 69.522 95.100 118.079 136.584 145.335 155.147 160.814 155.389 168.630 182.275 195.931 216.560 237.289 263.293 300.695 342.833 386.346 422.816 460.330 482.218 504.357 526.586 550.030 571.810 589.557 603.335 607.163 615.559
-158.986 -167.657 -177.753 -188.738 -201.540 -214.780 -226.845 -226.943 -229.002 -229.193 -227.143 -224.020 -221.387 -222.283 -223.308 -222.666 -216.966 -212.749 -207.252 -196.797 -185.818 -175.725 -171.795 -167.722 -164.988 -161.948 -159.591 -155.417 -144.308 -132.908 -120.042 -103.619 -86.832 -68.687 -47.332 -25.747 -2.696 22.691 48.320 67.862 77.051 86.473 90.073 85.509 81.181 88.695 100.391 110.944 130.218 151.200 169.993 211.621 258.013 301.286 336.514 371.331 403.275 429.374 453.624 484.257 510.650 537.750 555.268 563.099 570.482
-221.706 -231.428 -241.252 -251.353 -264.441 -274.829 -276.878 -279.026 -280.964 -282.385 -278.928 -275.250 -270.997 -271.378 -271.022 -268.459 -264.262 -258.603 -249.647 -238.914 -227.228 -213.172 -208.847 -204.418 -199.153 -196.696 -193.754 -189.640 -178.496 -167.097 -155.022 -138.466 -121.323 -102.742 -81.125 -56.395 -27.862 -2.071 23.314 44.548 53.219 57.431 55.822 50.213 38.281 37.632 48.525 52.063 65.339 85.416 98.020 133.625 177.583 208.561 243.135 279.147 323.976 351.000 382.138 413.384 444.128 474.479 491.266 501.137 512.758
-282.428 -294.571 -304.747 -314.379 -322.624 -325.060 -327.983 -329.819 -331.039 -332.488 -330.005 -325.817 -321.724 -319.829 -317.263 -314.384 -308.470 -299.642 -291.072 -279.298 -264.889 -250.328 -244.411 -239.116 -233.703 -229.964 -225.946 -222.110 -211.924 -200.391 -189.151 -172.021 -153.923 -135.531 -110.279 -81.218 -52.052 -26.793 -1.947 22.041 25.433 26.792 26.197 13.132 -1.915 -7.208 -4.233 -3.104 5.251 17.547 29.768 57.743 86.402 116.307 152.121 197.912 243.204 273.909 304.895 335.739 363.719 386.585 406.411 421.942 438.689
-335.801 -350.045 -359.321 -363.514 -365.446 -368.896 -368.426 -367.342 -368.533 -371.843 -372.113 -367.280 -363.426 -360.885 -357.883 -347.962 -338.275 -330.715 -323.574 -311.070 -296.768 -281.514 -272.012 -266.057 -257.119 -250.002 -245.912 -243.215 -234.227 -223.858 -218.569 -202.505 -184.249 -156.814 -126.392 -96.613 -65.930 -39.729 -14.786 7.401 7.616 7.730 7.140 -8.358 -23.689 -40.803 -37.643 -35.748 -46.715 -33.949 -21.841 -4.042 23.389 48.893 86.983 131.971 167.094 197.665 228.389 257.260 279.820 301.327 318.940 338.109 354.924
