tests/3D/Borden05m_nopit_001/output_maps/psiliqL0019N0025.asc
ncols         160
nrows         34
xllcorner     620200.000000
yllcorner     5168000.000000
cellsize      0.500000
NODATA_value  -9999.0
[rows 0 to 27 of 34, columns 62 to 123 of 160]
-9999.000 -9999.000 -9999.000 -9999.000 -9999.000 -9999.000 -9999.000 -9999.000 -9999.000 -9999.000 -9999.000 -9999.000 -9999.000 -9999.000 -9999.000 -9999.000 -9999.000 -9999.000 -9999.000 -9999.000 -9999.000 -9999.000 -9999.000 -9999.000 -9999.000 -9999.000 -9999.000 -9999.000 -9999.000 -9999.000 -9999.000 -9999.000 -9999.000 -9999.000 -9999.000 -9999.000 -9999.000 -9999.000 -9999.000 -9999.000 -9999.000 -9999.000 -9999.000 -9999.000 -9999.000 -9999.000 -9999.000 -9999.000 -9999.000 -9999.000 -9999.000 -9999.000 -9999.000 -9999.000 -9999.000 -9999.000 -9999.000 -9999.000 -9999.000 -9999.000 -9999.000 -9999.000
1984.846 1976.007 1966.627 1958.352 1954.149 1952.982 1952.032 1951.393 1956.327 1964.224 1971.731 1978.646 1980.953 1983.247 1985.210 1985.489 1984.220 1980.915 1977.534 1974.085 1972.437 1964.656 1953.369 1944.773 1942.032 1946.327 1950.735 1953.226 1958.785 1969.385 1980.135 1988.749 2001.019 2007.476 2012.808 2015.736 2011.847 2008.598 2004.873 1999.420 1988.437 -9999.000 -9999.000 -9999.000 -9999.000 -9999.000 -9999.000 -9999.000 -9999.000 -9999.000 -9999.000 -9999.000 -9999.000 -9999.000 -9999.000 -9999.000 -9999.000 -9999.000 -9999.000 -9999.000 -9999.000 -9999.000
1964.892 1960.172 1951.435 1946.074 1940.463 1938.063 1937.925 1937.742 1941.491 1951.778 1959.530 1964.070 1966.514 1969.108 1968.110 1967.359 1966.985 1964.008 1960.481 1957.030 1955.147 1955.994 1948.354 1942.592 1938.918 1936.637 1939.251 1941.795 1945.767 1955.148 1963.242 1971.387 1986.179 1999.054 2004.633 2002.268 1997.647 1994.040 1987.210 1977.003 1966.948 1957.961 1951.523 1946.284 1940.485 1946.906 1954.305 1964.110 1973.521 1985.644 1997.901 -9999.000 -9999.000 -9999.000 -9999.000 -9999.000 -9999.000 -9999.000 -9999.000 -9999.000 -9999.000 -9999.000
1944.760 1947.567 1943.975 1939.034 1932.518 1941.474 1942.392 1943.111 1946.151 1948.500 1952.377 1954.818 1960.012 1968.841 1971.450 1971.794 1971.757 1969.736 1966.450 1964.478 1961.619 1956.304 1954.799 1954.707 1953.905 1958.414 1959.909 1962.206 1956.136 1960.158 1966.458 1973.446 1979.616 1986.177 1989.649 1986.577 1986.618 1978.514 1965.055 1954.793 1947.033 1946.323 1943.463 1935.821 1922.902 1930.801 1946.824 1951.697 1954.843 1966.357 1978.715 1989.158 1991.928 1991.661 1991.360 1988.611 1974.818 1960.162 1945.222 1926.606 -9999.000 -9999.000
1951.808 1949.831 1946.286 1942.869 1954.042 1962.570 1963.843 1966.243 1969.775 1969.637 1958.058 1955.655 1963.277 1973.091 1978.381 1978.393 1978.004 1975.039 1973.818 1973.388 1971.259 1971.298 1973.184 1971.913 1975.645 1981.134 1984.206 1977.662 1968.966 1970.552 1978.730 1987.439 1995.016 2005.595 2016.857 2016.689 2011.906 2003.514 1990.883 1968.338 1950.151 1939.604 1932.407 1925.507 1927.201 1923.698 1936.413 1938.379 1940.738 1948.698 1959.128 1969.653 1975.773 1975.233 1974.626 1972.225 1962.740 1948.039 1933.274 1916.129 1890.080 1861.439
1952.418 1951.696 1953.109 1963.346 1975.654 1988.085 1990.021 1991.848 1990.740 1982.193 1971.773 1968.337 1982.157 1998.313 2006.133 2006.014 2003.421 2008.350 2007.494 2006.647 2002.342 2003.633 2003.167 2010.835 2018.334 2025.721 2024.112 2012.015 2000.292 1999.552 2003.682 2008.783 2015.779 2026.161 2035.855 2031.262 2025.499 2017.268 1990.703 1966.335 1951.312 1952.119 1953.058 1948.860 1946.676 1944.939 1939.694 1939.886 1939.359 1939.181 1951.462 1964.423 1968.026 1961.650 1957.852 1955.659 1947.510 1936.286 1920.753 1903.813 1884.516 1856.424
1986.098 1987.438 1993.926 2005.076 2019.667 2041.882 2042.588 2044.033 2044.561 2032.393 2019.549 2008.798 2028.263 2038.569 2046.247 2045.742 2053.134 2062.184 2057.921 2050.595 2039.430 2045.240 2054.404 2069.279 2076.405 2080.801 2078.063 2065.813 2059.724 2059.716 2063.957 2063.340 2069.909 2079.693 2094.950 2094.495 2088.678 2068.137 2032.092 2000.984 1985.002 1993.944 1988.347 1982.420 1980.985 1969.008 1960.407 1962.098 1953.690 1948.604 1960.906 1967.620 1969.274 1962.132 1967.444 1960.369 1940.701 1923.882 1908.981 1894.651 1878.364 1871.869
2007.054 2012.445 2021.868 2039.385 2059.156 2080.358 2083.574 2081.762 2090.897 2083.970 2073.806 2065.745 2081.218 2092.067 2102.771 2110.361 2122.703 2133.445 2120.613 2106.280 2098.658 2104.494 2126.539 2145.813 2150.604 2150.805 2152.076 2140.372 2134.694 2129.634 2127.123 2122.974 2120.151 2141.731 2160.761 2160.258 2138.572 2116.087 2079.490 2042.964 2015.539 2022.103 2020.072 2021.925 2010.135 1997.333 1986.004 1980.479 1973.277 1961.851 1969.409 1974.590 1983.718 1991.979 1994.704 1978.274 1960.840 1941.664 1923.572 1909.439 1903.679 1897.868
2082.131 2094.381 2101.126 2116.975 2136.950 2164.956 2181.200 2195.950 2199.595 2191.550 2182.642 2169.934 2171.010 2190.770 2202.232 2211.499 2220.869 2233.105 2236.117 2231.497 2230.304 2233.873 2243.626 2254.837 2261.386 2265.613 2269.791 2261.904 2250.660 2246.394 2239.352 2235.351 2233.893 2240.791 2256.477 2254.452 2224.539 2198.679 2166.558 2130.320 2101.303 2090.337 2103.383 2097.599 2081.558 2067.446 2037.967 2027.872 2016.031 1990.595 1989.103 1995.496 2007.108 2019.539 2005.855 1989.600 1971.908 1952.030 1934.020 1927.108 1925.607 1922.577
2199.588 2206.578 2209.947 2216.343 2247.786 2281.118 2307.474 2330.204 2337.609 2326.156 2316.260 2303.526 2294.290 2301.339 2316.679 2333.443 2348.457 2359.506 2362.331 2360.922 2361.049 2363.449 2366.327 2369.794 2376.839 2384.135 2393.420 2402.993 2395.163 2378.546 2367.854 2356.584 2353.818 2353.987 2355.223 2356.149 2344.993 2309.744 2280.982 2250.219 2227.014 2210.973 2204.751 2187.243 2165.368 2118.645 2081.455 2049.884 2028.143 2004.199 2007.875 2029.105 2066.339 2065.760 2054.129 2038.356 2014.656 1991.330 1969.352 1964.514 1962.531 1957.863
2322.241 2326.444 2329.686 2334.120 2357.870 2396.241 2433.447 2463.089 2464.668 2453.017 2442.063 2432.199 2419.750 2416.021 2425.895 2438.813 2456.629 2467.407 2475.255 2473.305 2473.598 2474.624 2476.735 2478.628 2481.302 2489.457 2502.698 2515.399 2515.582 2499.783 2482.567 2466.128 2461.458 2457.455 2452.426 2453.983 2455.691 2444.948 2417.855 2381.293 2341.120 2320.549 2303.488 2292.644 2277.504 2246.353 2189.697 2156.692 2122.109 2092.958 2084.765 2139.645 2149.770 2139.277 2126.799 2104.357 2077.422 2053.596 2030.328 2025.408 2021.136 2013.738
2436.593 2443.258 2447.348 2454.836 2470.845 2497.935 2529.243 2556.733 2572.641 2566.760 2551.571 2531.986 2524.544 2522.438 2525.136 2533.013 2543.231 2560.458 2577.841 2583.343 2584.130 2581.577 2583.771 2585.065 2585.126 2587.041 2593.545 2601.910 2604.857 2598.707 2580.488 2559.038 2546.420 2539.080 2535.348 2535.062 2538.506 2540.221 2527.552 2496.325 2456.361 2425.788 2408.171 2394.758 2381.984 2371.331 2346.715 2328.555 2296.563 2252.461 2222.104 2242.669 2234.522 2223.973 2200.920 2171.151 2142.648 2112.078 2085.204 2073.251 2068.725 2065.746
2546.019 2550.443 2558.655 2573.551 2594.210 2610.265 2629.538 2652.999 2667.090 2672.415 2671.709 2669.075 2670.555 2670.800 2626.640 2631.229 2635.777 2647.809 2659.422 2663.479 2663.927 2662.134 2663.568 2664.105 2664.117 2663.757 2664.886 2668.456 2669.817 2668.123 2658.609 2669.190 2650.908 2638.408 2630.718 2622.923 2614.739 2605.529 2596.139 2578.603 2550.574 2517.759 2494.328 2485.401 2479.790 2473.003 2468.192 2453.007 2431.988 2400.365 2362.660 2336.248 2331.152 2315.525 2285.039 2258.952 2239.785 2205.256 2174.214 2154.912 2150.431 2138.694
2649.942 2654.421 2667.203 2681.873 2671.299 2677.166 2683.237 2689.269 2691.340 2691.933 2691.659 2689.374 2688.826 2686.814 2682.795 2672.894 2674.440 2676.155 2678.700 2682.305 2681.089 2682.095 2685.013 2683.396 2677.675 2673.876 2672.307 2673.020 2680.248 2683.525 2684.382 2682.214 2681.414 2680.699 2678.285 2675.271 2671.027 2665.600 2674.623 2663.832 2638.725 2602.883 2565.738 2555.616 2554.923 2555.549 2553.819 2548.520 2531.261 2504.946 2469.306 2432.166 2421.753 2408.553 2393.329 2379.816 2363.074 2325.483 2289.462 2264.883 2251.180 2227.154
2690.034 2692.549 2694.608 2691.494 2688.299 2683.575 2682.207 2680.924 2678.553 2679.210 2677.331 2673.408 2669.703 2662.610 2651.590 2640.427 2637.424 2641.867 2647.156 2651.860 2655.644 2659.135 2659.687 2654.642 2646.608 2639.389 2637.619 2644.226 2649.818 2655.638 2656.390 2655.010 2652.781 2652.767 2649.927 2650.265 2656.934 2670.735 2674.912 2679.049 2678.421 2666.625 2645.291 2647.448 2628.107 2633.035 2628.692 2617.678 2597.171 2573.909 2544.410 2515.557 2494.865 2487.412 2482.154 2475.720 2463.937 2427.806 2394.278 2364.680 2343.018 2317.698
2674.293 2681.218 2682.434 2675.553 2667.304 2660.403 2653.495 2651.390 2650.572 2650.200 2650.570 2645.407 2637.030 2621.127 2609.749 2598.760 2592.873 2590.088 2594.299 2604.736 2615.503 2620.292 2612.377 2604.530 2593.442 2585.481 2585.831 2587.453 2596.586 2611.772 2617.706 2618.381 2612.591 2607.084 2600.783 2598.168 2604.604 2619.393 2635.027 2649.312 2657.710 2665.012 2671.604 2672.552 2674.420 2675.406 2673.811 2674.649 2658.392 2636.417 2610.549 2586.393 2560.892 2555.861 2554.921 2551.202 2549.069 2518.962 2484.051 2450.771 2423.665 2397.536
2647.830 2650.359 2646.822 2640.514 2630.729 2620.105 2610.719 2604.075 2605.125 2607.493 2608.913 2602.306 2587.773 2570.608 2557.487 2543.902 2540.109 2534.879 2529.063 2539.359 2557.619 2564.360 2549.728 2539.485 2524.960 2518.081 2514.569 2515.680 2524.707 2545.603 2567.026 2568.547 2558.174 2547.896 2542.987 2539.881 2545.071 2561.954 2581.732 2596.652 2606.238 2611.399 2619.027 2628.157 2641.063 2654.679 2666.007 2672.299 2678.437 2675.285 2666.006 2656.179 2634.143 2620.465 2612.004 2607.357 2599.936 2577.651 2549.756 2523.045 2496.763 2474.012
2612.416 2609.388 2603.681 2597.038 2579.976 2568.204 2556.300 2542.540 2539.302 2535.806 2537.502 2526.588 2517.885 2500.867 2485.898 2470.668 2459.052 2453.495 2447.387 2448.618 2462.974 2471.654 2460.438 2450.566 2438.984 2433.729 2430.404 2432.529 2442.728 2463.246 2481.434 2488.862 2481.025 2477.586 2476.110 2474.348 2479.838 2491.763 2509.887 2530.794 2547.619 2556.666 2563.449 2572.594 2586.476 2599.946 2613.520 2630.448 2651.359 2666.219 2675.485 2677.364 2676.437 2670.677 2670.181 2660.030 2648.418 2629.873 2605.866 2579.247 2553.358 2536.056
2572.309 2566.510 2561.056 2542.558 2492.650 2473.829 2456.187 2441.190 2435.631 2428.352 2416.729 2408.384 2403.363 2401.668 2387.466 2370.493 2353.950 2349.200 2345.579 2332.403 2332.287 2334.091 2344.576 2337.985 2334.620 2334.600 2332.113 2334.188 2347.147 2356.557 2363.909 2370.013 2371.455 2379.658 2386.157 2392.709 2408.364 2419.586 2435.066 2454.959 2478.648 2492.212 2500.991 2510.939 2525.643 2541.295 2558.119 2579.692 2604.159 2619.582 2630.110 2641.454 2653.965 2667.963 2674.649 2681.397 2679.964 2675.441 2653.209 2626.248 2605.733 2588.182
2512.230 2510.146 2501.518 2454.118 2413.708 2381.654 2365.052 2343.239 2331.702 2318.698 2286.889 2271.741 2269.382 2280.190 2274.410 2258.887 2246.496 2238.104 2230.338 2215.167 2201.209 2206.721 2222.272 2220.780 2221.824 2227.883 2226.721 2221.411 2222.240 2234.968 2241.207 2251.195 2265.298 2269.206 2281.387 2310.568 2322.771 2336.785 2354.832 2374.768 2396.012 2416.414 2429.115 2443.081 2460.744 2476.586 2496.187 2518.231 2546.291 2565.936 2579.502 2589.908 2600.340 2615.145 2634.761 2652.477 2669.412 2679.340 2680.093 2670.853 2652.076 2633.758
2417.188 2411.643 2388.298 2340.219 2303.850 2278.920 2258.330 2236.212 2216.097 2184.772 2152.843 2132.860 2144.679 2154.740 2162.035 2150.114 2139.068 2129.784 2114.190 2098.458 2084.542 2094.530 2103.115 2117.208 2122.478 2126.174 2130.384 2128.874 2120.706 2119.841 2127.662 2137.025 2147.489 2164.394 2195.862 2219.194 2235.632 2254.801 2272.815 2293.459 2315.484 2336.370 2351.725 2368.926 2386.619 2406.400 2425.272 2447.987 2475.549 2499.749 2514.573 2528.478 2541.397 2559.836 2582.490 2604.247 2628.019 2648.647 2661.083 2673.435 2678.989 2674.721
2305.596 2289.310 2248.637 2208.408 2183.079 2166.949 2144.814 2124.266 2097.874 2066.768 2044.401 2025.260 2034.871 2044.401 2061.144 2051.663 2043.550 2039.690 2025.110 2011.970 1996.729 2003.691 2014.826 2035.361 2040.408 2044.086 2052.183 2051.059 2047.095 2033.037 2040.037 2049.895 2063.168 2091.466 2113.732 2135.493 2155.534 2173.809 2194.158 2215.553 2237.476 2261.821 2279.770 2297.326 2317.446 2335.864 2350.900 2368.191 2392.018 2412.827 2432.268 2452.919 2467.252 2490.706 2519.775 2548.242 2580.721 2603.556 2618.456 2630.652 2642.578 2661.070
2166.867 2123.162 2090.841 2066.023 2059.557 2046.407 2027.010 2008.582 1989.974 1967.762 1948.592 1925.144 1930.691 1945.696 1961.956 1960.743 1960.243 1958.530 1948.842 1935.672 1922.333 1926.124 1942.345 1959.728 1968.507 1975.589 1983.046 1982.700 1974.046 1964.327 1968.922 1982.965 1998.192 2016.218 2036.430 2056.407 2075.426 2096.453 2117.873 2139.528 2163.012 2187.990 2207.044 2228.963 2251.729 2268.083 2277.030 2286.326 2306.472 2322.251 2342.744 2364.072 2380.773 2407.326 2440.469 2480.243 2518.685 2555.696 2572.278 2585.279 2595.470 2611.015
2045.676 2014.737 1987.062 1977.393 1962.336 1948.831 1934.452 1915.466 1899.237 1884.013 1863.604 1851.182 1858.370 1872.260 1882.264 1887.790 1885.774 1883.567 1877.498 1863.987 1857.461 1866.865 1882.090 1896.197 1907.028 1913.687 1919.022 1915.895 1906.856 1902.271 1909.888 1924.720 1938.026 1952.959 1972.788 1992.094 2012.271 2033.281 2053.953 2076.906 2100.532 2124.778 2149.467 2170.571 2188.950 2197.226 2206.011 2207.694 2219.334 2234.614 2251.382 2272.461 2295.054 2320.667 2358.942 2398.579 2437.121 2475.197 2506.880 2525.833 2541.861 2561.267
1974.325 1945.937 1918.255 1894.437 1881.731 1875.535 1863.386 1846.885 1835.982 1821.012 1808.720 1812.889 1815.507 1825.445 1825.401 1826.629 1824.357 1823.887 1821.048 1813.199 1823.037 1830.013 1843.892 1854.148 1863.601 1869.410 1873.009 1873.354 1867.896 1872.344 1878.396 1891.849 1902.593 1915.923 1935.198 1951.169 1969.013 1989.697 2011.022 2033.252 2057.092 2083.056 2105.927 2122.835 2129.235 2137.547 2139.442 2129.329 2139.979 2151.747 2162.269 2182.017 2201.883 2223.562 2260.548 2304.189 2350.497 2387.494 2429.720 2455.104 2478.674 2500.263
1890.330 1862.043 1834.855 1814.221 1808.792 1798.772 1788.887 1777.591 1764.884 1756.829 1761.314 1759.481 1758.043 1757.737 1760.889 1764.327 1763.995 1763.248 1765.538 1774.636 1779.045 1784.490 1793.910 1805.017 1816.160 1819.819 1823.939 1827.766 1832.446 1834.946 1838.454 1848.795 1860.075 1872.161 1887.709 1904.426 1922.203 1943.410 1965.375 1988.922 2014.304 2040.432 2060.671 2068.516 2077.099 2078.420 2071.099 2064.544 2068.184 2078.827 2085.769 2102.286 2122.830 2134.759 2172.934 2220.014 2261.272 2296.613 2331.310 2370.212 2397.028 2421.821
1825.838 1797.829 1775.986 1761.057 1751.308 1741.453 1731.526 1719.378 1711.816 1712.260 1710.136 1708.381 1706.579 1709.964 1713.835 1718.451 1718.689 1719.724 1722.714 1727.127 1733.495 1742.816 1753.576 1765.674 1780.762 1785.540 1790.118 1795.834 1798.480 1801.619 1805.468 1816.190 1827.555 1839.138 1855.449 1872.602 1890.808 1912.412 1937.377 1966.412 1992.449 2018.213 2041.015 2049.637 2052.898 2050.565 2043.345 2029.153 2026.136 2034.944 2035.706 2045.449 2063.166 2071.415 2098.939 2138.681 2166.117 2200.008 2237.686 2287.981 2316.382 2347.720
1757.459 1737.064 1721.500 1703.198 1690.514 1680.349 1671.911 1666.278 1665.518 1663.186 1661.915 1660.874 1659.093 1660.937 1665.342 1669.443 1671.925 1674.905 1678.913 1685.524 1694.591 1702.826 1714.627 1729.300 1744.481 1751.323 1756.803 1762.685 1766.952 1771.092 1774.622 1784.278 1795.651 1805.790 1822.483 1840.624 1859.444 1884.494 1913.571 1943.311 1968.965 1993.905 2019.493 2022.770 2023.614 2022.838 2007.949 1992.609 1985.005 1986.320 1986.765 1989.585 1999.564 2009.690 2030.223 2053.223 2080.131 2114.748 2161.503 2206.555 2239.157 2268.703
