tests/3D/Borden05m_nopit_001/output_maps/psiliqL0029N0004.asc
ncols         160
nrows         34
xllcorner     620200.000000
yllcorner     5168000.000000
cellsize      0.500000
NODATA_value  -9999.0
[rows 0 to 27 of 34, columns 62 to 123 of 160]
-9999.000 -9999.000 -9999.000 -9999.000 -9999.000 -9999.000 -9999.000 -9999.000 -9999.000 -9999.000 -9999.000 -9999.000 -9999.000 -9999.000 -9999.000 -9999.000 -9999.000 -9999.000 -9999.000 -9999.000 -9999.000 -9999.000 -9999.000 -9999.000 -9999.000 -9999.000 -9999.000 -9999.000 -9999.000 -9999.000 -9999.000 -9999.000 -9999.000 -9999.000 -9999.000 -9999.000 -9999.000 -9999.000 -9999.000 -9999.000 -9999.000 -9999.000 -9999.000 -9999.000 -9999.000 -9999.000 -9999.000 -9999.000 -9999.000 -9999.000 -9999.000 -9999.000 -9999.000 -9999.000 -9999.000 -9999.000 -9999.000 -9999.000 -9999.000 -9999.000 -9999.000 -9999.000
3983.003 3974.585 3965.261 3957.535 3953.309 3952.089 3951.235 3950.535 3955.286 3963.319 3970.885 3977.654 3980.027 3982.311 3984.035 3984.169 3983.012 3979.732 3976.331 3972.905 3971.128 3963.921 3952.838 3944.633 3941.950 3946.058 3950.358 3952.798 3957.802 3968.083 3978.612 3987.182 3999.881 4007.151 4012.523 4014.993 4011.001 4007.767 4003.730 3997.326 3986.202 -9999.000 -9999.000 -9999.000 -9999.000 -9999.000 -9999.000 -9999.000 -9999.000 -9999.000 -9999.000 -9999.000 -9999.000 -9999.000 -9999.000 -9999.000 -9999.000 -9999.000 -9999.000 -9999.000 -9999.000 -9999.000
3963.198 3959.091 3950.633 3945.540 3940.025 3937.171 3937.131 3936.925 3940.432 3951.275 3958.967 3963.417 3966.024 3968.869 3966.942 3966.047 3965.787 3962.828 3959.276 3955.845 3953.935 3955.602 3947.985 3941.851 3937.826 3934.554 3937.334 3940.083 3944.931 3954.000 3961.821 3969.729 3985.089 3998.432 4004.214 4001.644 3997.134 3993.296 3985.696 3974.760 3964.843 3957.144 3951.263 3945.947 3939.363 3945.889 3954.070 3963.272 3971.810 3983.919 3996.233 -9999.000 -9999.000 -9999.000 -9999.000 -9999.000 -9999.000 -9999.000 -9999.000 -9999.000 -9999.000 -9999.000
3943.121 3946.814 3943.628 3938.741 3930.264 3940.603 3941.485 3942.018 3945.105 3946.619 3952.130 3954.393 3959.645 3968.542 3971.302 3971.644 3971.595 3969.505 3966.148 3964.080 3961.208 3955.856 3953.853 3953.321 3951.770 3955.633 3957.148 3960.324 3955.100 3959.715 3965.967 3972.953 3978.222 3984.228 3986.403 3983.094 3984.019 3975.687 3962.081 3952.538 3945.341 3946.112 3943.255 3935.348 3921.425 3930.056 3946.347 3951.220 3953.667 3964.661 3977.038 3987.781 3991.364 3991.176 3990.936 3988.035 3974.292 3959.664 3944.553 3925.923 -9999.000 -9999.000
3951.725 3949.758 3946.051 3941.069 3950.955 3958.945 3960.172 3962.413 3966.354 3967.465 3956.770 3954.751 3961.706 3971.123 3976.049 3976.145 3975.634 3971.494 3970.225 3969.989 3968.221 3967.351 3968.656 3965.623 3968.145 3973.554 3976.954 3972.329 3964.077 3966.645 3975.255 3984.600 3992.238 4002.274 4012.901 4013.472 4009.200 4000.796 3988.599 3966.370 3949.337 3938.363 3930.191 3922.938 3926.659 3921.611 3936.082 3937.957 3940.701 3947.877 3958.307 3969.182 3975.586 3974.951 3974.216 3971.790 3962.256 3947.565 3932.774 3915.083 3888.404 3859.573
3950.356 3949.081 3948.903 3956.711 3968.010 3978.421 3980.197 3981.787 3980.246 3973.032 3962.647 3960.179 3973.020 3989.816 3997.525 3996.712 3991.477 3993.640 3994.091 3995.104 3992.093 3992.483 3989.133 3993.483 4001.178 4009.353 4008.093 3995.596 3983.028 3983.295 3989.382 3997.190 4005.075 4015.180 4024.123 4019.349 4014.628 4007.836 3982.875 3961.251 3947.524 3947.879 3948.786 3944.480 3942.754 3942.445 3939.069 3939.500 3938.719 3938.605 3950.997 3964.551 3968.219 3961.485 3957.447 3955.267 3947.649 3936.121 3920.285 3903.302 3883.549 3855.637
3978.312 3978.086 3983.394 3993.151 4004.797 4025.989 4024.671 4024.472 4022.184 4008.852 3995.399 3985.697 4008.779 4020.013 4026.809 4023.198 4027.178 4035.525 4032.186 4026.304 4013.814 4019.261 4024.492 4039.683 4047.920 4053.558 4048.185 4033.608 4026.580 4028.807 4036.278 4038.305 4047.918 4056.296 4071.143 4069.556 4067.502 4048.120 4010.950 3982.690 3971.812 3984.481 3979.028 3972.645 3973.340 3962.931 3956.585 3959.728 3952.034 3947.779 3960.728 3967.937 3969.337 3961.322 3966.449 3959.983 3938.829 3922.509 3908.328 3894.186 3876.757 3871.210
3981.837 3985.291 3995.564 4012.832 4029.782 4048.917 4045.469 4036.710 4046.443 4039.365 4028.185 4020.855 4044.744 4054.428 4064.355 4069.189 4081.877 4092.104 4073.976 4055.725 4044.096 4051.586 4078.638 4102.339 4107.119 4105.690 4104.332 4087.506 4083.056 4080.389 4081.996 4080.070 4078.663 4105.648 4128.326 4128.328 4107.009 4084.341 4043.667 4005.606 3982.824 3998.739 3995.026 3999.141 3989.985 3978.959 3973.816 3972.827 3966.805 3958.319 3968.336 3972.849 3980.521 3987.298 3992.866 3976.466 3959.046 3940.097 3922.788 3908.992 3902.450 3896.167
4030.589 4044.521 4052.993 4072.415 4088.131 4112.858 4123.072 4132.683 4136.690 4130.008 4121.591 4109.857 4116.869 4142.499 4154.162 4162.042 4169.978 4182.759 4181.966 4174.043 4171.906 4176.600 4191.668 4207.511 4214.331 4216.878 4218.817 4203.310 4189.712 4188.691 4183.944 4183.932 4183.486 4196.963 4219.661 4216.015 4176.748 4149.609 4113.444 4074.293 4044.981 4041.086 4062.850 4062.446 4046.373 4037.671 4013.459 4010.691 4002.604 3980.793 3981.850 3984.167 3993.293 4009.771 3998.012 3981.930 3965.263 3946.207 3930.275 3923.271 3921.799 3919.001
4147.773 4156.661 4159.594 4165.953 4198.674 4232.581 4256.921 4279.637 4286.659 4273.943 4264.193 4250.306 4241.680 4254.467 4272.567 4290.616 4305.483 4316.925 4318.666 4317.004 4317.027 4320.450 4323.501 4328.191 4337.312 4345.119 4353.503 4360.841 4349.240 4332.095 4323.480 4315.495 4315.620 4317.596 4322.666 4323.857 4304.664 4259.654 4226.809 4194.154 4176.266 4164.419 4166.989 4148.622 4123.338 4070.050 4032.877 4001.928 3984.894 3964.144 3974.792 3991.839 4038.156 4044.631 4032.881 4018.645 3995.984 3974.007 3955.133 3952.636 3951.864 3948.303
4276.229 4279.690 4281.595 4283.474 4311.692 4354.857 4395.330 4427.381 4426.406 4411.618 4400.068 4391.292 4375.955 4371.902 4385.891 4402.552 4424.091 4434.373 4439.621 4435.652 4435.838 4438.030 4440.495 4442.767 4446.895 4457.320 4473.360 4488.806 4487.426 4466.870 4448.516 4432.689 4431.308 4429.642 4424.784 4427.559 4429.565 4411.177 4377.798 4336.338 4295.826 4280.985 4266.825 4255.970 4238.244 4193.310 4122.041 4079.753 4040.680 4014.834 4021.184 4096.393 4120.761 4110.324 4100.962 4080.391 4052.274 4030.278 4009.963 4009.966 4007.075 4000.287
4397.762 4404.941 4406.961 4411.669 4428.526 4463.389 4501.143 4532.082 4547.258 4538.425 4518.955 4495.304 4484.192 4480.835 4484.953 4495.381 4509.716 4530.534 4551.121 4557.061 4557.999 4555.241 4557.799 4559.520 4559.669 4563.158 4572.801 4583.554 4587.176 4578.470 4555.779 4531.106 4520.380 4514.312 4511.067 4512.770 4518.863 4522.914 4506.922 4468.827 4421.835 4392.132 4378.233 4365.754 4351.018 4337.636 4300.425 4277.983 4239.335 4189.143 4162.370 4210.131 4202.927 4193.113 4170.674 4138.514 4105.046 4075.411 4052.050 4046.950 4045.036 4045.757
4516.537 4521.487 4528.321 4543.505 4568.404 4589.249 4613.904 4642.407 4659.988 4665.208 4662.960 4658.033 4659.060 4659.481 4584.742 4592.076 4599.403 4619.735 4637.559 4644.105 4644.863 4641.837 4643.925 4644.835 4644.654 4644.272 4647.351 4653.389 4655.697 4652.844 4638.227 4661.333 4640.182 4626.093 4617.541 4609.000 4600.690 4591.112 4580.903 4559.296 4526.668 4491.332 4470.931 4463.576 4457.174 4447.706 4441.478 4423.384 4399.601 4362.427 4321.455 4302.738 4302.437 4286.165 4249.890 4217.543 4193.697 4157.419 4128.490 4114.316 4115.242 4109.500
4638.689 4643.471 4658.137 4676.035 4656.542 4666.455 4676.713 4686.905 4690.405 4691.408 4690.945 4688.484 4687.559 4684.877 4681.748 4670.924 4672.573 4674.671 4677.339 4681.155 4680.118 4681.295 4684.271 4682.417 4676.164 4671.907 4670.325 4671.503 4679.069 4682.691 4683.710 4679.564 4678.537 4677.349 4673.291 4668.225 4661.083 4651.947 4670.480 4657.598 4627.676 4584.618 4540.871 4534.689 4537.970 4537.395 4535.958 4530.139 4512.254 4483.935 4445.047 4405.479 4400.716 4386.112 4365.440 4347.905 4327.759 4286.812 4250.377 4229.240 4220.740 4198.488
4686.789 4689.784 4693.608 4690.664 4687.776 4682.787 4681.096 4679.701 4677.220 4677.834 4675.942 4671.789 4667.537 4659.021 4647.107 4635.922 4632.001 4636.219 4642.054 4647.500 4652.379 4656.253 4655.913 4650.166 4641.478 4633.712 4632.122 4639.177 4645.020 4652.001 4652.953 4651.546 4648.878 4648.474 4644.913 4645.029 4652.362 4667.731 4669.520 4676.560 4675.556 4655.691 4619.720 4637.217 4616.859 4623.541 4618.748 4607.143 4585.247 4560.195 4527.626 4495.667 4477.867 4470.606 4464.499 4457.245 4441.874 4400.923 4366.019 4337.834 4319.174 4293.930
4672.420 4679.556 4680.528 4673.377 4664.599 4657.172 4649.424 4646.936 4646.548 4646.382 4646.980 4641.615 4631.717 4614.006 4602.313 4591.208 4585.242 4580.820 4583.799 4595.567 4608.652 4613.857 4603.679 4594.824 4582.536 4574.392 4574.901 4575.560 4585.303 4603.214 4611.778 4612.636 4605.712 4598.572 4591.661 4588.276 4594.680 4610.293 4627.774 4644.226 4653.834 4661.801 4669.227 4665.978 4669.242 4671.033 4668.481 4672.816 4653.982 4628.653 4597.829 4571.445 4545.070 4542.135 4542.930 4539.633 4537.663 4503.122 4465.803 4431.330 4405.121 4378.646
4644.480 4646.071 4641.646 4635.257 4625.172 4613.945 4604.099 4595.915 4596.952 4599.333 4601.181 4593.506 4577.670 4559.502 4545.843 4531.847 4527.861 4521.578 4512.780 4522.792 4543.462 4551.254 4534.252 4522.969 4507.355 4500.966 4496.659 4497.219 4506.067 4529.572 4555.368 4557.794 4546.443 4535.147 4530.498 4527.167 4531.364 4547.916 4569.320 4586.094 4597.010 4602.397 4610.226 4619.725 4634.806 4650.317 4663.231 4666.810 4677.132 4672.035 4656.614 4650.979 4625.303 4610.609 4603.518 4600.005 4593.694 4569.021 4538.844 4510.942 4484.640 4460.920
4607.552 4603.111 4596.841 4589.666 4566.857 4554.133 4540.722 4525.219 4521.044 4515.558 4516.362 4504.610 4497.197 4481.194 4465.736 4449.997 4435.662 4429.902 4422.892 4419.381 4432.295 4440.572 4432.189 4422.644 4412.624 4408.592 4405.215 4407.909 4418.482 4437.369 4455.727 4464.733 4457.663 4457.666 4458.549 4457.008 4463.720 4473.667 4491.346 4514.514 4534.658 4544.938 4551.744 4560.873 4575.518 4589.908 4604.606 4623.133 4647.397 4664.328 4674.817 4674.440 4673.233 4663.905 4668.750 4657.768 4645.050 4624.129 4598.459 4571.182 4545.197 4528.155
4565.034 4559.014 4553.433 4528.269 4470.148 4447.858 4428.367 4411.613 4404.386 4395.453 4376.649 4367.991 4364.032 4368.858 4355.235 4337.613 4319.365 4314.513 4311.134 4291.148 4283.659 4283.399 4303.457 4297.800 4297.961 4301.153 4298.840 4299.587 4312.155 4318.673 4322.791 4329.880 4336.789 4348.733 4357.642 4370.068 4387.907 4398.269 4413.157 4433.427 4459.989 4476.380 4486.065 4496.459 4511.829 4528.044 4546.082 4568.715 4595.550 4612.512 4624.073 4636.284 4650.458 4666.419 4671.288 4681.226 4679.427 4676.086 4651.115 4620.706 4600.242 4583.088
4496.775 4494.848 4483.821 4424.517 4383.956 4349.403 4332.282 4307.930 4293.505 4275.313 4232.960 4214.408 4215.608 4233.519 4231.891 4217.077 4205.832 4195.985 4185.748 4166.481 4144.575 4151.104 4171.625 4174.329 4179.319 4188.459 4188.385 4180.660 4175.381 4186.754 4191.488 4203.263 4223.089 4228.383 4247.383 4283.776 4296.561 4311.731 4329.743 4349.853 4371.899 4395.322 4409.732 4425.180 4443.602 4460.300 4480.559 4502.983 4533.010 4555.247 4569.966 4580.845 4591.655 4607.339 4629.065 4649.738 4669.467 4679.414 4681.537 4666.868 4650.647 4630.738
4389.111 4382.984 4350.629 4296.137 4261.747 4240.128 4218.270 4195.429 4169.917 4129.135 4093.213 4070.795 4089.855 4102.421 4117.534 4106.964 4096.833 4087.424 4068.008 4050.683 4032.682 4044.548 4053.298 4075.839 4083.898 4087.969 4095.008 4093.485 4080.645 4072.180 4080.028 4089.802 4102.363 4126.646 4164.296 4189.261 4207.912 4228.373 4246.577 4267.451 4290.051 4313.127 4330.286 4348.429 4366.559 4387.248 4405.714 4427.822 4455.744 4482.592 4499.121 4514.978 4528.670 4548.465 4573.036 4596.903 4623.477 4646.360 4661.302 4675.313 4679.092 4673.180
4264.249 4239.284 4188.036 4146.415 4129.970 4120.358 4097.592 4077.507 4047.830 4013.038 3993.004 3972.408 3984.173 3995.799 4019.001 4011.443 4006.193 4004.381 3988.955 3975.954 3958.894 3964.847 3977.850 4003.538 4010.242 4014.689 4024.971 4024.355 4018.956 3998.442 4004.502 4015.402 4030.413 4062.684 4084.615 4106.538 4128.374 4147.331 4168.394 4189.928 4212.359 4238.790 4258.133 4276.828 4298.034 4316.516 4329.305 4343.746 4366.818 4387.492 4409.378 4432.647 4447.565 4472.755 4504.384 4536.672 4572.820 4599.066 4615.305 4628.235 4640.683 4661.996
4108.487 4051.488 4016.159 4000.585 4005.080 3995.309 3977.171 3959.717 3941.662 3921.718 3904.789 3879.888 3886.350 3903.795 3922.337 3926.414 3929.245 3928.669 3920.301 3907.112 3893.591 3897.468 3915.341 3933.826 3944.877 3953.028 3960.850 3960.375 3949.748 3938.945 3943.163 3958.700 3974.501 3990.526 4010.104 4030.000 4049.806 4071.661 4093.421 4115.416 4139.382 4165.531 4186.583 4209.611 4233.295 4248.284 4255.303 4260.487 4278.003 4292.920 4314.476 4337.436 4355.963 4383.166 4418.650 4461.680 4503.104 4546.087 4565.843 4580.210 4591.005 4607.249
3994.254 3961.654 3934.562 3932.079 3918.956 3908.447 3896.489 3877.644 3863.464 3851.176 3831.147 3824.607 3833.243 3847.389 3854.961 3863.643 3862.322 3860.683 3856.086 3842.349 3840.414 3851.077 3866.255 3879.550 3891.607 3898.525 3903.202 3899.877 3890.144 3887.946 3895.850 3910.919 3923.413 3936.611 3956.052 3974.607 3994.985 4016.184 4036.812 4059.890 4083.702 4108.574 4135.031 4155.984 4172.422 4179.260 4186.902 4182.927 4191.141 4205.403 4220.585 4242.222 4266.481 4290.984 4330.392 4372.187 4413.548 4455.407 4494.651 4516.290 4534.758 4555.346
3937.633 3909.336 3882.238 3857.712 3848.553 3845.153 3834.606 3819.966 3810.971 3797.189 3790.875 3800.043 3801.350 3808.811 3806.317 3807.883 3806.128 3806.127 3805.049 3800.845 3814.621 3820.832 3833.741 3843.425 3853.161 3858.643 3861.821 3863.189 3859.515 3865.889 3871.114 3883.861 3894.047 3906.075 3924.571 3939.974 3957.217 3977.837 3999.162 4021.211 4045.206 4071.658 4094.539 4109.989 4114.200 4121.203 4119.549 4105.008 4113.370 4123.615 4131.416 4150.765 4170.327 4188.329 4225.649 4271.662 4321.765 4360.440 4408.697 4439.089 4465.816 4488.733
3859.641 3831.522 3805.259 3787.429 3785.243 3775.298 3766.513 3756.725 3744.551 3740.507 3749.575 3747.967 3745.284 3742.622 3745.803 3750.047 3750.280 3749.814 3753.753 3766.251 3770.855 3776.251 3784.640 3795.879 3808.077 3811.472 3815.647 3820.576 3826.906 3829.561 3832.418 3842.009 3853.190 3864.523 3879.228 3895.910 3913.365 3934.475 3956.882 3980.998 4006.460 4033.190 4054.244 4060.885 4068.791 4068.023 4058.170 4049.646 4049.717 4059.659 4063.404 4077.643 4098.309 4104.020 4139.493 4188.127 4228.374 4264.979 4300.882 4348.262 4377.537 4404.868
3802.156 3774.444 3756.080 3743.822 3734.045 3724.159 3714.408 3703.199 3698.464 3701.400 3699.301 3697.729 3695.547 3698.861 3702.925 3707.906 3708.764 3710.479 3713.899 3718.530 3725.608 3735.299 3746.088 3758.603 3774.728 3779.965 3784.701 3790.876 3793.721 3797.070 3800.668 3810.986 3822.338 3833.455 3849.551 3866.752 3884.625 3906.270 3931.531 3961.143 3987.511 4013.757 4038.245 4046.958 4049.431 4046.565 4037.956 4021.764 4016.681 4023.759 4022.156 4028.844 4044.755 4049.295 4069.483 4105.874 4130.763 4165.119 4205.778 4263.054 4294.566 4328.095
3736.810 3719.675 3706.563 3688.826 3675.601 3665.446 3658.203 3655.182 3656.098 3654.358 3653.652 3652.789 3650.678 3651.884 3656.507 3660.616 3663.687 3667.082 3672.220 3679.532 3688.840 3696.742 3708.575 3723.516 3739.322 3747.095 3752.767 3759.128 3763.931 3768.206 3771.446 3780.590 3791.824 3800.888 3817.173 3835.393 3854.684 3879.585 3908.740 3939.127 3965.265 3990.400 4017.708 4021.009 4021.503 4020.735 4004.246 3988.871 3979.259 3979.266 3979.435 3977.196 3985.410 3994.081 4007.915 4026.111 4051.010 4085.565 4134.588 4180.893 4217.108 4247.173
