tests/3D/Borden05m_nopit_001/output_maps/psiliqL0012N0008.asc
ncols         160
nrows         34
xllcorner     620200.000000
yllcorner     5168000.000000
cellsize      0.500000
NODATA_value  -9999.0
[rows 0 to 28 of 34, columns 64 to 127 of 160]
-9999.000 -9999.000 -9999.000 -9999.000 -9999.000 -9999.000 -9999.000 -9999.000 -9999.000 -9999.000 -9999.000 -9999.000 -9999.000 -9999.000 -9999.000 -9999.000 -9999.000 -9999.000 -9999.000 -9999.000 -9999.000 -9999.000 -9999.000 -9999.000 -9999.000 -9999.000 -9999.000 -9999.000 -9999.000 -9999.000 -9999.000 -9999.000 -9999.000 -9999.000 -9999.000 -9999.000 -9999.000 -9999.000 -9999.000 -9999.000 -9999.000 -9999.000 -9999.000 -9999.000 -9999.000 -9999.000 -9999.000 -9999.000 -9999.000 -9999.000 -9999.000 -9999.000 -9999.000 -9999.000 -9999.000 -9999.000 -9999.000 -9999.000 -9999.000 -9999.000 -9999.000 -9999.000 -9999.000 -9999.000
567.585 558.926 554.739 553.609 552.591 551.996 557.058 564.860 572.325 579.344 581.604 583.906 586.037 586.418 585.071 581.749 578.384 574.920 573.364 565.183 553.755 544.887 542.109 546.538 551.025 553.555 559.507 570.335 581.246 589.899 601.877 607.773 613.087 616.348 612.544 609.298 605.807 601.035 590.163 -9999.000 -9999.000 -9999.000 -9999.000 -9999.000 -9999.000 -9999.000 -9999.000 -9999.000 -9999.000 -9999.000 -9999.000 -9999.000 -9999.000 -9999.000 -9999.000 -9999.000 -9999.000 -9999.000 -9999.000 -9999.000 -9999.000 -9999.000 -9999.000 -9999.000
551.998 546.449 540.771 538.690 538.483 538.316 542.235 552.132 559.926 564.529 566.861 569.279 568.932 568.283 567.829 564.841 561.332 557.868 556.006 556.280 548.627 543.127 539.702 538.117 540.620 543.022 546.387 555.991 564.283 572.601 587.003 599.559 605.007 602.797 598.113 594.682 588.407 578.730 568.601 558.748 551.956 546.808 541.598 547.991 554.890 565.168 575.243 587.430 599.688 -9999.000 -9999.000 -9999.000 -9999.000 -9999.000 -9999.000 -9999.000 -9999.000 -9999.000 -9999.000 -9999.000 -9999.000 -9999.000 -9999.000 -9999.000
544.219 539.240 534.098 542.086 543.029 543.879 546.885 549.818 552.553 555.119 560.273 569.054 571.557 571.905 571.876 569.904 566.670 564.767 561.917 556.629 555.474 555.693 555.419 560.384 561.867 563.554 556.897 560.509 566.849 573.845 580.655 587.613 592.005 589.111 588.547 580.618 567.279 556.536 548.406 546.690 543.863 536.444 524.269 531.702 547.585 552.513 556.205 568.148 580.567 590.913 593.226 593.016 592.790 590.271 576.572 562.025 547.332 528.823 -9999.000 -9999.000 -9999.000 -9999.000 -9999.000 -9999.000
546.453 544.130 556.204 565.110 566.415 568.926 572.173 571.160 558.962 556.291 564.380 574.472 580.018 579.971 579.669 577.528 576.341 575.776 573.396 574.074 576.368 576.334 580.915 586.464 589.309 581.426 572.426 573.329 581.211 589.483 597.025 607.993 619.712 619.039 613.914 605.547 592.632 569.887 550.919 540.702 534.222 527.607 527.924 525.549 537.086 539.174 541.326 549.906 560.417 570.798 576.826 576.466 576.068 573.812 564.495 549.928 535.329 518.738 493.377 465.096 438.679 437.454 461.292 485.074
556.055 567.993 581.006 594.851 596.900 598.893 598.088 588.608 578.164 574.050 588.556 604.265 612.162 612.531 611.789 618.654 616.884 614.738 609.528 611.451 613.007 622.998 630.363 637.203 635.353 623.541 612.414 610.976 613.741 616.957 623.339 633.926 644.157 639.704 633.228 624.008 596.340 570.075 554.172 555.327 556.323 552.240 549.779 547.092 540.593 540.678 540.397 540.250 552.541 565.186 568.849 562.840 559.334 557.264 548.886 538.027 522.871 506.147 487.384 459.385 452.769 444.416 466.502 490.349
601.300 613.425 630.077 653.009 655.131 657.728 660.226 648.873 636.456 624.972 641.905 651.561 659.859 661.529 671.310 680.852 675.944 667.608 657.373 663.439 675.358 690.014 696.366 699.896 699.007 688.390 682.964 681.397 683.385 680.925 685.373 696.152 711.709 712.062 703.626 682.294 647.059 613.982 594.455 600.821 595.159 589.594 586.715 573.692 563.570 564.310 555.474 549.888 561.828 568.297 570.239 563.830 569.401 562.042 543.565 526.561 511.333 497.066 481.790 474.854 465.695 457.989 470.740 490.926
640.282 657.974 679.719 702.368 710.250 713.300 722.018 715.195 705.743 697.171 706.753 718.419 729.666 739.188 751.288 762.391 753.268 741.679 736.863 741.543 760.087 776.265 781.066 782.411 785.528 777.414 770.882 764.153 758.768 753.071 749.267 767.075 783.565 782.725 760.800 738.463 704.743 669.317 638.673 638.726 637.913 638.225 624.642 610.652 595.055 586.426 578.475 565.078 571.012 576.766 587.031 596.459 597.334 581.034 563.753 544.596 526.146 511.982 506.989 501.739 492.119 485.672 492.163 506.281
734.820 748.169 771.125 801.426 821.892 840.239 843.630 834.632 825.380 811.991 808.913 824.564 835.885 846.125 856.499 868.356 874.032 871.725 871.196 873.979 880.014 887.986 894.348 899.756 905.504 902.957 893.368 886.838 878.196 871.413 869.256 871.563 882.355 881.481 858.135 833.193 803.927 769.757 740.978 725.100 732.085 722.582 706.617 688.780 655.680 640.531 626.147 598.268 595.095 604.457 617.934 627.671 612.790 596.578 578.346 558.083 538.823 532.196 530.908 527.963 522.044 519.452 524.638 538.085
845.195 851.617 882.165 915.096 942.864 965.603 973.276 962.709 952.709 940.783 931.121 934.154 947.563 963.427 978.546 989.321 992.907 991.676 991.877 993.564 996.323 998.938 1004.533 1011.475 1021.396 1032.538 1027.356 1011.116 998.979 985.418 980.640 979.558 978.126 978.884 973.376 944.982 919.105 889.698 862.807 843.869 831.538 814.683 795.252 753.190 716.060 684.137 659.191 633.114 632.022 656.306 687.320 681.954 670.570 653.900 629.666 605.604 581.678 575.439 572.862 567.686 561.329 555.803 551.245 555.122
963.351 969.574 990.196 1025.211 1060.131 1088.088 1091.453 1081.999 1071.462 1060.838 1050.411 1046.909 1053.904 1064.201 1079.413 1090.540 1100.209 1099.675 1100.044 1100.257 1102.121 1103.754 1105.413 1111.983 1123.270 1134.056 1135.340 1122.878 1106.469 1089.613 1082.653 1077.028 1071.897 1072.620 1074.142 1068.775 1046.113 1013.011 973.115 948.577 929.534 918.753 905.486 884.055 837.707 811.290 779.950 748.598 730.348 771.136 771.441 761.075 746.595 723.040 697.145 672.268 647.180 639.077 634.117 626.586 620.517 612.299 602.265 598.875
1075.620 1085.054 1100.470 1122.119 1148.914 1173.991 1190.412 1186.598 1174.406 1157.667 1152.794 1151.565 1153.270 1159.363 1166.700 1181.413 1196.555 1201.753 1202.436 1200.030 1201.972 1202.970 1202.974 1203.792 1208.104 1214.802 1217.285 1212.933 1197.854 1178.671 1164.743 1156.528 1152.474 1150.815 1152.428 1152.535 1142.224 1115.842 1080.838 1049.703 1029.539 1015.533 1004.200 995.535 979.824 964.760 937.538 897.822 865.092 866.771 858.129 847.249 823.966 796.088 771.296 740.327 711.267 694.809 688.765 683.523 676.330 665.342 655.001 648.791
1179.889 1194.585 1212.275 1224.978 1240.484 1260.415 1272.063 1277.463 1277.837 1276.807 1278.607 1278.729 1255.974 1258.642 1261.246 1267.470 1274.738 1277.054 1277.286 1276.359 1277.338 1277.617 1277.769 1277.430 1277.200 1279.048 1279.754 1278.880 1272.948 1274.775 1258.516 1247.145 1240.078 1232.826 1224.757 1215.834 1207.050 1192.404 1167.639 1136.638 1111.145 1101.184 1096.203 1091.378 1087.655 1074.614 1055.652 1028.050 992.781 961.151 952.883 937.911 911.698 890.236 874.606 841.587 809.371 786.808 778.888 763.323 746.564 731.981 715.257 699.507
1273.550 1285.961 1281.631 1284.666 1287.806 1290.926 1291.998 1292.304 1292.163 1290.001 1289.718 1288.175 1283.533 1274.279 1275.756 1277.203 1279.664 1283.122 1281.785 1282.672 1285.554 1284.105 1278.763 1275.288 1273.734 1274.129 1281.129 1284.173 1284.928 1284.158 1283.531 1283.165 1281.922 1280.369 1278.180 1275.380 1277.782 1268.498 1246.809 1216.074 1183.613 1170.804 1167.412 1168.971 1167.142 1162.325 1145.637 1120.875 1087.676 1052.419 1038.256 1026.265 1015.104 1004.676 990.613 955.689 920.303 893.681 876.729 851.876 832.017 813.864 792.586 774.583
1295.309 1292.077 1288.667 1284.128 1282.986 1281.782 1279.489 1280.176 1278.307 1274.544 1271.223 1265.127 1254.735 1243.588 1241.229 1245.830 1250.739 1254.924 1257.944 1261.170 1262.350 1257.801 1250.229 1243.396 1241.508 1247.809 1253.234 1258.250 1258.874 1257.526 1255.619 1255.896 1253.583 1254.103 1260.335 1273.071 1278.958 1281.108 1280.795 1274.706 1263.686 1255.182 1236.642 1240.442 1236.528 1226.058 1206.668 1184.823 1157.655 1131.182 1108.691 1101.354 1096.967 1091.410 1082.467 1050.069 1017.892 987.723 964.403 939.503 916.629 895.518 874.016 851.966
1283.770 1277.077 1269.200 1262.666 1256.346 1254.509 1253.391 1252.875 1253.086 1248.065 1240.753 1226.117 1214.960 1204.053 1198.223 1196.585 1201.660 1211.167 1220.314 1224.815 1218.487 1211.349 1201.106 1193.277 1193.523 1195.827 1204.540 1217.829 1221.935 1222.495 1217.515 1213.170 1207.320 1205.269 1211.757 1226.005 1240.386 1253.202 1260.807 1267.707 1273.787 1277.755 1278.740 1279.272 1278.470 1276.998 1262.704 1243.254 1221.055 1198.682 1174.043 1167.820 1165.971 1162.293 1160.414 1133.813 1101.025 1069.050 1041.823 1016.473 993.747 971.946 948.840 924.399
1250.447 1244.196 1234.621 1224.419 1215.354 1209.789 1210.849 1213.208 1214.329 1208.469 1194.850 1178.388 1165.644 1152.346 1148.691 1144.200 1140.473 1150.969 1167.545 1173.552 1160.583 1151.071 1137.313 1130.097 1127.147 1128.651 1137.812 1156.893 1175.267 1176.168 1166.496 1156.951 1151.883 1148.960 1154.877 1172.028 1190.712 1204.383 1213.095 1218.164 1225.726 1234.686 1246.171 1258.574 1268.924 1277.264 1280.642 1279.044 1274.280 1261.762 1242.546 1229.881 1220.796 1215.724 1207.933 1187.767 1161.958 1136.611 1110.915 1089.456 1071.228 1047.027 1021.963 997.641
1208.470 1202.200 1189.160 1178.056 1167.206 1154.668 1152.085 1149.983 1152.303 1141.975 1132.372 1114.643 1100.016 1085.144 1075.434 1070.020 1064.544 1069.097 1084.464 1093.430 1080.233 1070.137 1057.466 1051.360 1048.078 1049.811 1059.757 1081.428 1099.510 1105.846 1097.491 1091.662 1088.559 1086.669 1091.337 1104.682 1123.162 1142.537 1157.100 1165.352 1172.199 1181.447 1194.900 1207.848 1220.775 1236.742 1255.487 1269.101 1277.744 1281.463 1281.024 1278.088 1274.217 1265.051 1254.660 1238.268 1215.967 1190.397 1165.217 1148.424 1132.029 1115.505 1089.544 1060.890
1166.393 1152.562 1108.403 1092.011 1075.664 1061.896 1057.505 1051.384 1044.789 1036.663 1030.900 1024.640 1010.034 993.516 978.168 973.490 969.701 961.293 966.342 969.593 973.381 966.139 960.311 958.048 955.445 958.456 971.698 983.143 992.772 998.202 995.834 1001.438 1006.273 1008.742 1022.902 1034.764 1050.704 1070.385 1092.123 1103.780 1112.007 1121.740 1136.087 1151.473 1167.594 1188.592 1211.591 1226.155 1236.205 1247.221 1258.880 1271.856 1280.206 1285.156 1284.462 1279.648 1259.921 1236.022 1216.176 1199.118 1185.088 1171.802 1153.009 1119.100
1113.907 1074.839 1034.535 1004.231 987.992 967.957 958.442 949.070 924.642 911.878 907.028 912.865 904.178 888.160 874.969 867.596 861.562 849.260 840.868 845.670 857.745 853.320 851.607 855.515 853.598 849.984 855.098 868.786 876.091 884.843 894.956 897.915 905.346 929.508 941.336 954.581 972.698 992.566 1013.310 1031.671 1043.260 1056.288 1073.533 1088.908 1108.199 1130.153 1157.036 1175.094 1188.114 1198.484 1208.984 1223.547 1242.106 1258.217 1273.717 1284.206 1284.638 1279.898 1260.103 1243.738 1229.591 1221.201 1200.589 1172.395
1014.668 971.078 933.323 906.076 886.374 864.762 848.424 823.721 794.586 776.309 783.060 791.368 793.191 780.325 768.640 759.445 746.528 731.913 720.858 729.535 738.008 746.191 749.512 752.951 755.188 753.695 748.806 753.271 761.085 770.175 779.189 790.951 818.114 840.333 855.254 873.560 891.486 912.025 933.709 953.136 967.315 983.958 1001.461 1020.743 1040.054 1063.375 1090.891 1113.477 1127.377 1140.227 1152.954 1170.841 1192.596 1213.374 1235.736 1255.403 1266.766 1278.711 1286.336 1284.130 1271.006 1258.677 1241.855 1219.914
891.059 851.804 820.257 799.565 777.872 757.000 732.906 704.381 680.381 662.259 670.364 678.427 690.650 679.822 669.708 664.414 650.429 637.193 623.227 630.899 640.729 657.661 661.552 664.697 671.272 669.799 666.848 657.321 664.990 674.133 686.208 711.746 734.271 755.947 774.764 792.603 812.500 833.852 855.484 878.443 895.504 912.365 931.843 950.353 967.122 986.591 1011.159 1032.306 1050.317 1069.455 1083.745 1106.399 1134.144 1160.460 1190.958 1212.058 1226.748 1239.236 1251.686 1269.176 1280.030 1281.492 1276.555 1255.221
743.119 711.831 697.692 682.176 661.899 642.790 623.795 599.996 579.256 556.827 561.733 575.032 589.694 584.780 581.948 579.441 568.830 555.675 542.467 546.200 561.268 577.883 585.075 591.414 598.623 598.374 591.110 582.161 587.032 600.044 614.886 634.334 655.015 675.078 693.579 714.067 735.295 756.767 779.980 804.212 821.956 843.203 865.446 882.893 893.352 905.713 927.915 944.547 964.582 985.098 1000.897 1027.424 1059.412 1097.457 1134.427 1167.949 1183.079 1195.979 1206.692 1222.791 1242.409 1260.610 1275.526 1275.108
623.814 609.114 592.704 577.101 561.027 541.943 524.280 507.001 486.326 469.787 475.963 489.674 501.381 504.698 502.197 499.593 492.496 479.146 469.408 477.932 493.194 507.873 517.851 524.333 530.136 527.154 518.609 512.364 519.793 534.473 548.365 564.533 584.658 604.519 624.590 645.508 666.258 689.179 712.740 736.623 760.164 781.477 801.335 810.758 820.506 826.338 840.594 856.838 875.007 896.029 917.839 944.668 982.649 1021.341 1058.549 1094.696 1121.896 1139.868 1155.188 1174.872 1195.518 1212.812 1227.229 1240.403
543.467 520.146 504.956 496.803 483.534 465.730 453.491 437.691 421.215 421.884 425.421 437.093 438.765 439.758 437.125 436.327 432.257 421.859 428.942 436.456 451.017 461.677 470.937 476.979 480.880 480.515 473.817 476.927 483.570 497.533 508.685 522.947 542.791 559.188 577.488 598.257 619.630 642.042 665.839 691.538 714.491 732.524 740.576 749.946 754.489 747.665 760.135 773.223 785.943 806.308 826.773 851.470 888.727 931.285 975.590 1012.154 1050.992 1073.808 1096.214 1118.036 1141.375 1162.897 1180.341 1193.218
455.573 432.976 425.278 415.204 404.549 392.199 379.119 368.257 369.534 367.543 366.979 368.322 371.453 374.328 373.601 372.660 373.797 380.516 384.791 390.273 400.418 411.436 421.845 425.694 429.782 432.845 436.378 438.780 442.755 453.636 465.002 477.636 493.800 510.569 528.607 549.922 571.625 594.830 620.221 646.005 665.763 674.555 683.733 686.658 681.274 676.286 682.646 694.033 703.508 721.957 742.806 759.532 800.108 846.680 889.310 924.515 959.219 993.145 1019.316 1043.538 1074.054 1100.381 1127.526 1144.249
389.920 373.123 363.392 353.559 343.511 330.705 321.165 319.864 317.723 315.840 314.304 317.740 321.476 325.839 325.643 326.203 328.894 333.157 339.029 348.094 358.836 370.646 385.012 389.474 393.949 399.350 401.865 404.867 408.903 419.923 431.314 443.243 459.729 476.878 495.350 516.967 541.772 570.461 596.331 621.835 643.546 652.210 656.144 654.326 648.242 635.641 634.291 644.567 647.278 659.499 678.868 690.160 723.329 766.000 795.882 830.202 866.646 913.023 940.336 971.367 1002.013 1032.214 1061.793 1077.917
331.957 313.260 300.955 290.782 281.508 274.047 272.114 269.368 267.702 266.535 264.987 267.278 271.531 275.627 277.698 280.389 283.606 289.730 298.630 307.100 318.882 333.371 348.118 354.314 359.665 365.220 369.119 373.175 376.921 386.950 398.436 409.349 426.351 444.464 462.989 488.184 517.254 546.597 571.980 596.860 621.335 624.699 625.912 625.271 611.668 596.543 590.566 593.052 593.984 600.685 612.289 623.879 649.612 676.556 705.532 740.944 786.964 832.103 863.268 893.679 923.729 950.471 971.931 991.026
278.731 260.618 246.238 237.492 233.943 232.383 229.187 230.036 231.284 229.998 226.455 225.925 230.741 234.529 237.118 240.508 250.829 260.668 268.195 275.224 287.622 301.919 317.316 327.127 333.184 342.288 349.561 353.638 356.266 365.151 375.351 380.306 396.058 414.414 441.837 472.283 502.077 532.915 559.315 584.343 606.988 607.278 607.396 606.763 590.993 575.494 557.897 561.193 562.369 549.942 562.450 574.207 590.714 617.415 641.828 678.771 722.845 756.802 787.129 817.129 845.339 866.778 886.368 901.982
