tests/3D/Borden05m_nopit_001/output_maps/psiliqL0025N0003.asc
ncols         160
nrows         34
xllcorner     620200.000000
yllcorner     5168000.000000
cellsize      0.500000
NODATA_value  -9999.0
[rows 0 to 27 of 34, columns 0 to 61 of 160]
-9999.000 -9999.000 -9999.000 -9999.000 -9999.000 -9999.000 -9999.000 -9999.000 -9999.000 -9999.000 -9999.000 -9999.000 -9999.000 -9999.000 -9999.000 -9999.000 -9999.000 -9999.000 -9999.000 -9999.000 -9999.000 -9999.000 -9999.000 -9999.000 -9999.000 -9999.000 -9999.000 -9999.000 -9999.000 -9999.000 -9999.000 -9999.000 -9999.000 -9999.000 -9999.000 -9999.000 -9999.000 -9999.000 -9999.000 -9999.000 -9999.000 -9999.000 -9999.000 -9999.000 -9999.000 -9999.000 -9999.000 -9999.000 -9999.000 -9999.000 -9999.000 -9999.000 -9999.000 -9999.000 -9999.000 -9999.000 -9999.000 -9999.000 -9999.000 -9999.000 -9999.000 -9999.000
-9999.000 -9999.000 -9999.000 -9999.000 -9999.000 -9999.000 -9999.000 -9999.000 -9999.000 -9999.000 -9999.000 -9999.000 -9999.000 -9999.000 -9999.000 -9999.000 -9999.000 -9999.000 -9999.000 -9999.000 -9999.000 -9999.000 -9999.000 -9999.000 -9999.000 -9999.000 -9999.000 -9999.000 -9999.000 -9999.000 -9999.000 -9999.000 -9999.000 -9999.000 -9999.000 -9999.000 -9999.000 -9999.000 -9999.000 -9999.000 -9999.000 -9999.000 -9999.000 -9999.000 -9999.000 -9999.000 -9999.000 -9999.000 -9999.000 -9999.000 -9999.000 -9999.000 -9999.000 -9999.000 -9999.000 -9999.000 -9999.000 -9999.000 -9999.000 3198.461 3193.136 3188.313
-9999.000 -9999.000 -9999.000 -9999.000 -9999.000 -9999.000 -9999.000 -9999.000 -9999.000 -9999.000 -9999.000 -9999.000 -9999.000 -9999.000 -9999.000 -9999.000 -9999.000 -9999.000 -9999.000 -9999.000 -9999.000 -9999.000 -9999.000 -9999.000 -9999.000 -9999.000 -9999.000 -9999.000 -9999.000 -9999.000 -9999.000 -9999.000 -9999.000 -9999.000 -9999.000 -9999.000 -9999.000 -9999.000 -9999.000 -9999.000 -9999.000 -9999.000 -9999.000 -9999.000 -9999.000 -9999.000 -9999.000 3073.387 3056.156 3042.507 3037.758 3058.645 3081.481 3105.036 3125.310 3143.308 3161.654 3182.464 3185.547 3173.897 3168.810 3165.622
-9999.000 -9999.000 -9999.000 -9999.000 -9999.000 -9999.000 -9999.000 -9999.000 -9999.000 -9999.000 -9999.000 -9999.000 -9999.000 -9999.000 -9999.000 -9999.000 -9999.000 -9999.000 -9999.000 -9999.000 -9999.000 -9999.000 -9999.000 -9999.000 -9999.000 -9999.000 -9999.000 -9999.000 -9999.000 -9999.000 -9999.000 -9999.000 -9999.000 -9999.000 -9999.000 -9999.000 -9999.000 -9999.000 -9999.000 -9999.000 3124.238 3130.054 3129.738 3119.683 3108.184 3094.391 3073.683 3056.447 3043.177 3041.064 3043.288 3045.799 3066.246 3091.323 3110.938 3126.460 3145.505 3165.806 3168.305 3157.954 3150.132 3143.362
-9999.000 -9999.000 -9999.000 -9999.000 -9999.000 -9999.000 -9999.000 -9999.000 -9999.000 -9999.000 -9999.000 -9999.000 -9999.000 -9999.000 -9999.000 -9999.000 -9999.000 -9999.000 -9999.000 -9999.000 -9999.000 -9999.000 -9999.000 -9999.000 -9999.000 -9999.000 -9999.000 -9999.000 -9999.000 -9999.000 -9999.000 -9999.000 -9999.000 -9999.000 3032.496 3049.293 3067.008 3085.333 3102.079 3108.953 3114.679 3119.878 3115.052 3110.388 3098.456 3077.264 3057.740 3044.739 3043.516 3040.841 3044.115 3055.351 3071.606 3086.279 3106.443 3130.439 3139.208 3149.695 3152.099 3146.960 3149.000 3150.657
-9999.000 -9999.000 -9999.000 -9999.000 -9999.000 -9999.000 -9999.000 -9999.000 -9999.000 -9999.000 -9999.000 -9999.000 -9999.000 -9999.000 -9999.000 -9999.000 -9999.000 -9999.000 -9999.000 -9999.000 -9999.000 -9999.000 -9999.000 -9999.000 -9999.000 -9999.000 -9999.000 -9999.000 3038.935 3032.851 3027.818 3025.998 3024.292 3023.091 3029.564 3040.468 3057.257 3079.032 3092.024 3099.024 3105.656 3105.742 3099.571 3097.511 3097.648 3084.667 3072.054 3060.222 3048.630 3045.165 3053.653 3067.441 3083.189 3097.291 3112.058 3116.360 3136.568 3156.483 3162.308 3156.161 3152.189 3150.695
-9999.000 -9999.000 -9999.000 -9999.000 -9999.000 -9999.000 -9999.000 -9999.000 -9999.000 -9999.000 -9999.000 -9999.000 -9999.000 -9999.000 -9999.000 -9999.000 -9999.000 -9999.000 -9999.000 -9999.000 -9999.000 -9999.000 -9999.000 3009.654 3014.457 3020.759 3028.173 3028.894 3025.365 3019.741 3016.764 3015.021 3012.424 3016.603 3023.276 3035.837 3050.675 3072.503 3080.314 3084.222 3095.162 3098.370 3105.626 3109.046 3106.658 3102.119 3086.805 3074.800 3076.528 3080.032 3086.268 3093.963 3106.806 3119.951 3134.662 3152.122 3171.212 3191.144 3204.073 3197.755 3190.088 3181.375
-9999.000 -9999.000 -9999.000 -9999.000 -9999.000 -9999.000 -9999.000 -9999.000 -9999.000 -9999.000 -9999.000 -9999.000 -9999.000 -9999.000 -9999.000 -9999.000 -9999.000 -9999.000 -9999.000 2985.486 2986.409 2987.719 2992.370 2992.590 2994.131 3000.605 3008.282 3010.808 3008.262 3006.873 3007.766 3009.861 3013.842 3023.743 3036.502 3049.741 3061.863 3081.773 3095.403 3106.988 3121.498 3121.177 3116.858 3114.481 3113.705 3111.444 3109.425 3107.915 3113.290 3113.405 3116.253 3124.559 3135.657 3151.364 3168.102 3184.510 3198.003 3214.107 3230.516 3221.763 3211.413 3195.020
-9999.000 -9999.000 -9999.000 -9999.000 -9999.000 -9999.000 -9999.000 -9999.000 -9999.000 -9999.000 -9999.000 -9999.000 -9999.000 -9999.000 -9999.000 -9999.000 2956.716 2958.341 2960.511 2965.831 2969.260 2972.927 2979.584 2980.728 2983.719 2990.279 2994.180 3002.834 3010.540 3016.897 3021.932 3023.475 3029.062 3037.235 3047.564 3060.364 3079.340 3101.699 3116.279 3131.846 3147.971 3147.509 3144.834 3144.151 3141.820 3142.532 3156.053 3158.386 3152.590 3161.713 3172.579 3174.539 3180.496 3199.126 3220.352 3235.523 3257.376 3273.829 3295.358 3286.856 3264.153 3248.633
-9999.000 -9999.000 -9999.000 -9999.000 -9999.000 -9999.000 -9999.000 -9999.000 -9999.000 -9999.000 -9999.000 -9999.000 -9999.000 2907.872 2911.651 2921.575 2932.675 2935.408 2940.001 2946.313 2958.020 2961.163 2966.597 2973.167 2985.060 2992.883 3000.792 3011.540 3018.510 3024.340 3029.571 3031.427 3041.737 3054.475 3067.558 3085.350 3105.872 3123.094 3140.088 3155.106 3165.672 3162.251 3160.292 3161.298 3165.068 3177.181 3192.679 3192.687 3201.889 3221.414 3230.794 3237.402 3242.686 3255.465 3275.928 3305.441 3338.283 3362.615 3372.964 3380.639 3366.469 3364.509
-9999.000 -9999.000 -9999.000 -9999.000 -9999.000 -9999.000 -9999.000 -9999.000 -9999.000 -9999.000 2881.118 2882.419 2878.371 2875.459 2880.828 2892.754 2906.826 2911.955 2923.416 2944.185 2962.179 2964.525 2977.164 2986.473 2992.139 3000.776 3012.287 3022.947 3036.911 3047.042 3054.445 3069.384 3083.502 3097.948 3113.475 3132.158 3146.996 3169.545 3193.081 3200.708 3216.765 3219.152 3214.041 3211.266 3219.289 3229.641 3243.754 3258.889 3276.424 3297.452 3307.349 3319.339 3327.574 3337.178 3351.624 3391.718 3435.326 3464.469 3481.898 3494.608 3491.864 3493.621
-9999.000 -9999.000 -9999.000 -9999.000 -9999.000 -9999.000 -9999.000 -9999.000 2856.909 2864.694 2869.729 2866.007 2860.986 2854.694 2868.696 2883.496 2898.631 2916.158 2930.929 2948.300 2961.317 2975.058 2993.951 3003.442 3012.668 3026.153 3037.604 3050.960 3069.761 3076.406 3086.348 3104.182 3118.402 3133.600 3150.038 3164.949 3184.206 3213.077 3240.710 3256.151 3280.918 3297.421 3291.265 3289.004 3289.633 3311.732 3337.005 3364.958 3383.406 3406.143 3433.455 3451.459 3460.236 3470.887 3484.258 3506.624 3540.292 3569.247 3599.446 3614.416 3616.855 3614.379
-9999.000 -9999.000 -9999.000 -9999.000 -9999.000 -9999.000 2829.027 2853.083 2867.804 2858.721 2844.322 2838.629 2831.922 2861.347 2882.867 2899.297 2915.029 2931.509 2946.622 2954.283 2983.003 3000.862 3011.505 3023.757 3036.653 3049.488 3064.194 3084.042 3100.354 3121.457 3136.977 3152.594 3174.827 3190.778 3206.310 3218.940 3245.383 3278.826 3312.178 3335.813 3359.379 3389.596 3389.405 3390.942 3392.522 3415.010 3447.561 3476.475 3507.649 3537.579 3564.942 3575.070 3583.717 3593.301 3605.447 3615.423 3630.567 3658.668 3687.366 3710.037 3724.766 3725.248
-9999.000 -9999.000 -9999.000 -9999.000 2797.247 2817.756 2836.028 2865.570 2886.939 2881.245 2885.046 2882.399 2877.306 2881.232 2888.225 2904.383 2922.223 2940.379 2953.695 2980.256 3025.250 3035.267 3051.616 3079.703 3089.417 3101.951 3115.980 3135.148 3153.060 3179.418 3213.170 3241.682 3262.075 3280.322 3298.269 3314.485 3347.971 3383.638 3418.158 3448.873 3475.159 3500.197 3506.940 3511.625 3521.244 3537.539 3559.348 3586.184 3618.768 3650.230 3673.222 3682.502 3687.709 3697.003 3704.585 3713.951 3724.521 3742.657 3765.335 3799.179 3822.529 3833.905
-9999.000 -9999.000 -9999.000 2743.811 2782.583 2821.601 2846.756 2876.308 2907.788 2907.293 2915.009 2914.362 2912.851 2917.412 2919.957 2935.129 2951.575 2969.443 2989.410 3021.776 3050.057 3067.704 3094.336 3110.177 3122.604 3134.314 3151.275 3170.301 3205.473 3234.734 3279.698 3329.081 3360.505 3379.439 3400.659 3426.993 3451.061 3488.357 3521.531 3552.875 3582.508 3604.330 3618.640 3623.209 3632.307 3638.062 3650.729 3671.274 3693.030 3722.906 3751.535 3779.302 3794.008 3804.602 3821.224 3838.590 3852.244 3867.010 3844.926 3867.229 3878.644 3883.981
-9999.000 -9999.000 2695.668 2734.828 2766.084 2812.612 2864.936 2899.133 2937.720 2956.097 2958.554 2968.659 2978.545 2978.971 2987.189 2998.985 3019.064 3026.338 3044.800 3060.865 3098.036 3131.788 3129.536 3167.899 3196.915 3227.420 3246.926 3272.268 3308.359 3342.010 3385.629 3434.215 3467.996 3495.357 3510.464 3529.701 3549.544 3574.681 3610.131 3635.610 3668.176 3693.085 3712.479 3713.787 3716.488 3732.162 3759.410 3789.028 3816.840 3844.613 3831.889 3853.296 3862.852 3868.184 3876.567 3882.311 3885.078 3883.450 3882.346 3875.972 3869.922 3869.148
-9999.000 -9999.000 2665.678 2711.843 2746.535 2804.763 2889.769 2923.386 2962.611 3006.935 3019.986 3040.364 3034.997 3025.027 3041.961 3055.827 3073.944 3080.111 3073.677 3124.714 3176.373 3202.620 3212.899 3286.745 3336.709 3358.847 3374.001 3393.355 3412.837 3450.788 3490.049 3543.079 3583.688 3612.828 3626.879 3645.912 3664.844 3679.685 3698.561 3743.532 3777.264 3806.818 3837.510 3858.322 3866.241 3870.834 3847.353 3865.227 3877.348 3882.576 3884.629 3880.886 3880.295 3881.091 3882.019 3876.674 3869.701 3862.737 3857.455 3851.025 3845.738 3843.921
-9999.000 2572.736 2625.067 2675.501 2739.801 2801.007 2875.812 2950.194 3014.170 3064.416 3088.746 3082.729 3085.569 3111.274 3129.953 3146.260 3150.207 3158.567 3139.709 3190.942 3227.866 3278.778 3377.690 3434.404 3493.919 3490.053 3478.744 3484.056 3500.348 3545.418 3621.612 3675.617 3738.674 3785.585 3801.831 3808.760 3826.816 3847.002 3800.480 3840.476 3858.838 3874.159 3882.434 3884.546 3885.725 3885.506 3881.860 3874.913 3866.788 3860.981 3856.775 3852.272 3854.705 3858.027 3858.290 3851.618 3843.882 3836.253 3828.671 3821.818 3815.668 3811.422
-9999.000 2534.499 2591.889 2660.187 2727.374 2775.649 2859.264 3021.756 3081.948 3118.384 3124.397 3103.955 3162.338 3221.211 3245.332 3289.022 3273.720 3258.308 3223.232 3248.181 3286.840 3356.617 3522.172 3608.951 3657.034 3664.909 3666.090 3693.592 3736.136 3781.428 3824.934 3797.287 3843.297 3865.891 3870.612 3871.273 3876.342 3874.980 3873.404 3869.015 3863.897 3864.053 3868.583 3868.418 3865.479 3862.139 3856.464 3849.041 3843.815 3839.191 3836.526 3833.675 3831.759 3831.114 3826.342 3821.218 3811.973 3802.130 3792.499 3782.101 3771.639 3765.230
-9999.000 2494.796 2569.120 2627.402 2674.462 2766.732 2895.342 3037.236 3131.772 3164.677 3145.566 3182.726 3283.519 3386.889 3437.743 3458.214 3440.514 3394.588 3376.415 3419.000 3487.606 3602.719 3734.749 3830.446 3845.054 3848.203 3803.552 3827.577 3849.845 3852.488 3853.533 3860.864 3865.892 3868.782 3867.230 3864.341 3859.542 3851.382 3846.567 3842.920 3839.171 3838.065 3840.105 3841.860 3839.067 3835.183 3830.710 3825.130 3818.847 3812.110 3807.838 3803.621 3801.504 3796.058 3792.500 3786.763 3770.364 3755.923 3741.766 3729.220 3716.551 3700.936
-9999.000 2372.850 2468.470 2509.576 2586.179 2772.715 2900.614 3040.344 3202.015 3222.846 3269.629 3405.164 3521.288 3599.557 3628.576 3661.873 3686.060 3702.094 3737.837 3626.620 3703.494 3795.658 3837.550 3855.716 3864.491 3864.839 3855.115 3834.457 3823.749 3816.996 3818.603 3825.863 3830.592 3835.421 3833.130 3834.133 3835.120 3831.869 3827.876 3819.209 3811.386 3804.775 3801.642 3806.379 3801.714 3799.291 3793.139 3784.765 3775.877 3768.511 3760.608 3754.069 3751.826 3746.813 3745.638 3736.322 3705.515 3684.663 3667.544 3648.692 3622.059 3602.329
-9999.000 2291.775 2364.301 2425.385 2537.081 2699.816 2796.634 2953.747 3189.997 3322.713 3480.975 3568.652 3638.125 3681.049 3731.629 3782.065 3808.031 3818.995 3789.943 3810.438 3768.473 3757.550 3774.739 3803.313 3819.869 3823.840 3815.895 3806.580 3799.326 3798.202 3796.101 3792.252 3788.331 3784.858 3781.717 3784.584 3789.814 3782.794 3772.692 3763.369 3754.962 3745.833 3739.932 3735.401 3735.654 3735.898 3728.317 3717.881 3707.101 3698.872 3691.686 3687.143 3684.535 3679.629 3670.219 3656.805 3628.982 3603.085 3580.382 3549.132 3503.258 3489.308
-9999.000 2172.833 2304.465 2381.238 2476.327 2604.354 2708.385 2859.247 2988.927 3229.548 3370.792 3553.489 3601.442 3669.181 3716.955 3788.649 3784.465 3752.962 3710.582 3694.258 3704.495 3713.230 3721.672 3736.398 3753.835 3763.774 3768.413 3762.203 3748.036 3735.856 3725.150 3711.832 3702.647 3700.277 3703.996 3713.715 3714.388 3705.116 3691.131 3673.135 3657.706 3646.040 3643.972 3646.631 3647.654 3643.674 3637.831 3627.163 3614.652 3602.380 3596.619 3592.264 3584.991 3573.990 3562.315 3549.482 3526.078 3507.140 3483.622 3441.395 3398.207 3357.994
-9999.000 -9999.000 2218.821 2326.746 2419.798 2529.818 2618.804 2736.472 2875.455 3045.807 3160.902 3335.010 3426.938 3470.362 3505.129 3560.074 3584.192 3613.825 3606.759 3617.423 3626.627 3631.680 3637.072 3643.120 3653.672 3663.351 3673.234 3670.444 3661.576 3641.388 3616.236 3596.697 3586.372 3577.351 3589.181 3601.596 3596.339 3589.476 3576.940 3560.828 3548.267 3534.125 3530.678 3530.669 3531.263 3528.962 3526.340 3513.977 3501.771 3491.819 3487.776 3482.235 3478.618 3468.876 3458.371 3448.085 3429.669 3407.357 3380.669 3339.652 3301.013 3261.227
-9999.000 -9999.000 2130.311 2233.815 2335.417 2451.326 2534.382 2550.596 2685.789 2788.297 2894.055 3002.774 3097.035 3164.135 3197.136 3258.447 3312.502 3330.131 3367.891 3419.015 3452.003 3489.822 3512.013 3521.486 3533.893 3548.048 3555.505 3540.577 3529.333 3512.334 3489.189 3462.934 3449.616 3448.885 3448.249 3450.139 3442.746 3433.803 3419.439 3405.439 3393.252 3384.189 3380.620 3375.314 3373.172 3370.512 3368.775 3363.365 3354.986 3350.276 3342.241 3338.476 3337.643 3334.453 3328.645 3326.445 3316.079 3291.387 3264.120 3236.182 3204.608 3181.864
-9999.000 -9999.000 -9999.000 2183.401 2260.966 2298.870 2389.644 2421.617 2427.565 2511.405 2623.093 2755.367 2819.207 2871.199 2926.217 2965.201 3014.020 3059.900 3115.846 3193.218 3244.494 3293.412 3342.347 3366.946 3380.855 3397.431 3397.934 3389.265 3380.818 3366.178 3341.299 3318.597 3311.790 3318.909 3315.252 3309.708 3303.513 3302.175 3295.907 3286.254 3274.754 3271.836 3268.402 3262.310 3256.705 3252.521 3249.272 3247.947 3242.887 3235.707 3234.534 3234.850 3232.484 3231.791 3228.071 3221.513 3216.797 3189.305 3166.640 3150.489 3124.146 3095.215
-9999.000 -9999.000 -9999.000 -9999.000 -9999.000 2136.786 2242.285 2342.647 2385.795 2414.450 2476.931 2578.279 2613.980 2666.041 2727.223 2776.351 2838.815 2902.520 2980.824 3021.857 3084.899 3120.565 3163.127 3212.357 3225.979 3237.029 3247.787 3239.415 3231.292 3222.101 3198.344 3193.731 3196.153 3196.394 3196.182 3191.533 3186.964 3181.867 3180.031 3168.242 3163.195 3161.778 3157.969 3154.235 3149.131 3145.851 3143.334 3143.342 3136.477 3136.431 3142.783 3141.147 3139.327 3138.756 3133.134 3125.299 3117.842 3097.189 3083.803 3075.271 3045.054 3025.718
-9999.000 -9999.000 -9999.000 -9999.000 -9999.000 -9999.000 2101.371 2199.782 2267.577 2337.065 2414.273 2468.417 2489.157 2516.326 2561.171 2632.903 2719.503 2788.387 2834.313 2876.401 2924.463 2966.918 3002.744 3047.904 3067.691 3076.245 3092.280 3089.623 3082.232 3078.440 3076.550 3087.057 3081.768 3081.269 3079.802 3079.204 3072.893 3067.487 3064.669 3064.361 3065.210 3060.669 3057.040 3053.369 3048.591 3044.068 3041.377 3039.491 3039.861 3046.695 3048.080 3048.879 3047.673 3045.071 3037.540 3028.418 3020.623 3012.236 3003.200 2992.579 2977.118 2963.844
