tests/3D/Borden05m_nopit_001/output_maps/psiliqL0018N0034.asc
ncols         160
nrows         34
xllcorner     620200.000000
yllcorner     5168000.000000
cellsize      0.500000
NODATA_value  -9999.0
[rows 0 to 27 of 34, columns 62 to 123 of 160]
-9999.000 -9999.000 -9999.000 -9999.000 -9999.000 -9999.000 -9999.000 -9999.000 -9999.000 -9999.000 -9999.000 -9999.000 -9999.000 -9999.000 -9999.000 -9999.000 -9999.000 -9999.000 -9999.000 -9999.000 -9999.000 -9999.000 -9999.000 -9999.000 -9999.000 -9999.000 -9999.000 -9999.000 -9999.000 -9999.000 -9999.000 -9999.000 -9999.000 -9999.000 -9999.000 -9999.000 -9999.000 -9999.000 -9999.000 -9999.000 -9999.000 -9999.000 -9999.000 -9999.000 -9999.000 -9999.000 -9999.000 -9999.000 -9999.000 -9999.000 -9999.000 -9999.000 -9999.000 -9999.000 -9999.000 -9999.000 -9999.000 -9999.000 -9999.000 -9999.000 -9999.000 -9999.000
1785.030 1776.149 1766.764 1758.434 1754.233 1753.072 1752.111 1751.479 1756.431 1764.314 1771.815 1778.745 1781.045 1783.340 1785.327 1785.620 1784.340 1781.032 1777.653 1774.202 1772.566 1764.728 1753.420 1744.784 1742.038 1746.351 1750.770 1753.265 1758.879 1769.510 1780.282 1788.900 1801.127 1807.501 1812.829 1815.802 1811.923 1808.671 1804.976 1799.617 1788.647 -9999.000 -9999.000 -9999.000 -9999.000 -9999.000 -9999.000 -9999.000 -9999.000 -9999.000 -9999.000 -9999.000 -9999.000 -9999.000 -9999.000 -9999.000 -9999.000 -9999.000 -9999.000 -9999.000 -9999.000 -9999.000
1765.061 1760.279 1751.515 1746.127 1740.506 1738.153 1738.004 1737.824 1741.597 1751.827 1759.585 1764.134 1766.563 1769.131 1768.226 1767.490 1767.103 1764.125 1760.600 1757.146 1755.266 1756.031 1748.389 1742.663 1739.025 1736.842 1739.440 1741.962 1745.846 1755.257 1763.379 1771.547 1786.281 1799.109 1804.667 1802.322 1797.689 1794.104 1787.350 1777.215 1767.145 1758.028 1751.533 1746.300 1740.577 1746.987 1754.307 1764.171 1773.667 1785.791 1798.041 -9999.000 -9999.000 -9999.000 -9999.000 -9999.000 -9999.000 -9999.000 -9999.000 -9999.000 -9999.000 -9999.000
1744.924 1747.642 1744.009 1739.063 1732.744 1741.561 1742.483 1743.220 1746.255 1748.687 1752.402 1754.860 1760.048 1768.870 1771.464 1771.808 1771.772 1769.758 1766.479 1764.517 1761.658 1756.346 1754.891 1754.843 1754.116 1758.689 1760.181 1762.391 1756.235 1760.197 1766.502 1773.489 1779.749 1786.364 1789.966 1786.917 1786.868 1778.786 1765.340 1755.006 1747.188 1746.328 1743.467 1735.850 1723.029 1730.855 1746.849 1751.721 1754.935 1766.500 1778.854 1789.265 1791.953 1791.677 1791.368 1788.633 1774.834 1760.173 1745.250 1726.635 -9999.000 -9999.000
1751.816 1749.839 1746.310 1743.049 1754.350 1762.933 1764.210 1766.626 1770.117 1769.854 1758.186 1755.745 1763.433 1773.287 1778.614 1778.617 1778.240 1775.393 1774.176 1773.726 1771.561 1771.691 1773.634 1772.540 1776.392 1781.889 1784.927 1778.191 1769.451 1770.938 1779.072 1787.717 1795.287 1805.919 1817.244 1817.001 1812.166 1803.775 1791.099 1768.521 1750.218 1739.712 1732.611 1725.745 1727.234 1723.884 1736.422 1738.397 1740.716 1748.753 1759.181 1769.669 1775.759 1775.227 1774.632 1772.232 1762.751 1748.047 1733.283 1716.193 1690.206 1661.583
1752.624 1751.957 1753.530 1764.010 1776.418 1789.051 1791.004 1792.854 1791.789 1783.109 1772.685 1769.152 1783.070 1799.162 1806.993 1806.944 1804.615 1809.820 1808.832 1807.800 1803.365 1804.746 1804.568 1812.567 1820.046 1827.354 1825.710 1813.653 1802.014 1801.173 1805.105 1809.936 1816.842 1827.251 1837.019 1832.443 1826.575 1818.200 1791.473 1766.829 1751.675 1752.526 1753.467 1749.278 1747.046 1745.165 1739.732 1739.898 1739.395 1739.209 1751.478 1764.378 1767.972 1761.631 1757.856 1755.660 1747.457 1736.262 1720.757 1703.822 1684.569 1656.459
1786.877 1788.373 1794.979 1806.269 1821.153 1843.471 1844.379 1845.989 1846.798 1834.746 1821.963 1811.108 1830.211 1840.423 1848.190 1847.996 1855.729 1864.848 1860.493 1853.022 1841.989 1847.836 1857.393 1872.235 1879.251 1883.522 1881.047 1869.029 1863.033 1862.801 1866.719 1865.836 1872.100 1882.023 1897.321 1896.978 1890.783 1870.126 1834.192 1802.798 1786.304 1794.872 1789.259 1783.376 1781.727 1769.591 1760.763 1762.307 1753.826 1748.655 1760.891 1767.554 1769.231 1762.175 1767.504 1760.367 1740.846 1723.975 1709.002 1694.652 1678.479 1671.889
1809.576 1815.160 1824.498 1842.040 1862.093 1883.502 1887.385 1886.267 1895.342 1888.430 1878.367 1870.233 1884.864 1895.830 1906.611 1914.478 1926.784 1937.578 1925.275 1911.334 1904.112 1909.782 1931.327 1950.158 1954.949 1955.312 1956.846 1945.654 1939.852 1934.552 1931.629 1927.256 1924.291 1945.330 1963.993 1963.439 1941.716 1919.247 1883.057 1846.682 1818.792 1824.420 1822.555 1824.180 1812.125 1799.143 1787.193 1781.214 1773.891 1762.170 1769.480 1774.726 1783.997 1792.405 1794.844 1778.410 1760.973 1741.774 1723.602 1709.435 1703.753 1697.989
1887.286 1899.367 1905.939 1921.431 1941.832 1970.166 1987.013 2002.276 2005.885 1997.704 1988.747 1975.941 1976.424 1995.596 2007.038 2016.444 2025.956 2038.139 2041.530 2037.240 2036.142 2039.598 2048.819 2059.567 2066.087 2070.483 2074.883 2067.758 2056.749 2052.158 2044.885 2040.484 2038.924 2045.164 2060.147 2058.283 2029.304 2003.571 1971.852 1935.904 1906.914 1895.240 1907.412 1901.088 1885.049 1870.394 1840.386 1829.556 1817.337 1791.537 1789.788 1796.586 1808.444 1820.469 1806.591 1790.317 1772.522 1752.560 1734.341 1727.437 1725.933 1722.880
2004.769 2011.570 2014.982 2021.382 2052.697 2085.972 2112.529 2135.260 2142.704 2131.377 2121.466 2108.847 2099.550 2106.025 2121.089 2137.724 2152.753 2163.762 2166.696 2165.312 2165.448 2167.746 2170.606 2173.951 2180.788 2188.032 2197.407 2207.202 2199.749 2183.184 2172.284 2160.683 2157.627 2157.614 2158.465 2159.364 2149.010 2114.736 2086.380 2055.805 2032.067 2015.604 2008.500 1991.076 1969.540 1923.471 1886.276 1854.642 1832.427 1808.161 1811.137 1832.783 1869.107 1867.820 1856.199 1840.270 1816.464 1793.003 1770.713 1765.641 1763.535 1758.757
2126.842 2131.119 2134.495 2139.185 2162.487 2200.379 2237.259 2266.660 2268.493 2257.156 2246.262 2236.289 2224.129 2220.432 2229.895 2242.437 2259.881 2270.709 2278.817 2277.068 2277.371 2278.281 2280.355 2282.211 2284.738 2292.666 2305.626 2318.052 2318.391 2303.066 2285.964 2269.462 2264.462 2260.224 2255.177 2256.610 2258.287 2248.306 2221.840 2185.765 2145.625 2124.478 2107.125 2096.279 2081.395 2051.619 1996.422 1964.342 1930.205 1900.721 1891.070 1943.915 1952.612 1942.111 1929.319 1906.687 1879.869 1855.857 1832.294 1826.880 1822.470 1815.011
2240.476 2247.090 2251.386 2259.152 2275.077 2301.390 2332.052 2359.197 2375.179 2369.593 2354.833 2335.653 2328.578 2326.598 2329.153 2336.775 2346.581 2363.448 2380.511 2385.969 2386.740 2384.208 2386.365 2387.616 2387.668 2389.425 2395.614 2403.739 2406.618 2400.722 2382.949 2361.820 2349.012 2341.544 2337.762 2337.274 2340.451 2341.931 2329.592 2299.050 2259.786 2229.123 2211.132 2197.623 2185.041 2174.657 2151.297 2133.562 2102.232 2058.736 2028.017 2045.859 2037.613 2026.987 2003.869 1974.337 1946.327 1915.662 1888.434 1875.795 1871.006 1867.658
2348.967 2353.338 2361.688 2376.555 2396.790 2412.366 2431.101 2454.058 2467.799 2473.135 2472.584 2470.178 2471.704 2471.931 2430.828 2435.142 2439.412 2450.615 2461.607 2465.414 2465.830 2464.161 2465.529 2466.027 2466.059 2465.700 2466.634 2469.956 2471.221 2469.642 2460.637 2469.964 2451.968 2439.625 2432.020 2424.298 2416.124 2406.949 2397.638 2380.507 2352.935 2320.368 2296.631 2287.543 2282.008 2275.485 2270.811 2255.912 2235.166 2204.093 2166.709 2139.524 2133.944 2118.377 2088.465 2063.000 2044.297 2009.939 1978.683 1958.866 1953.843 1941.506
2451.067 2455.516 2468.109 2482.456 2472.775 2478.237 2483.889 2489.505 2491.434 2491.985 2491.730 2489.462 2488.952 2487.007 2482.898 2473.089 2474.625 2476.301 2478.834 2482.417 2481.184 2482.171 2485.084 2483.489 2477.822 2474.067 2472.499 2473.165 2480.358 2483.599 2484.439 2482.468 2481.688 2481.019 2478.767 2475.957 2472.000 2466.942 2475.011 2464.427 2439.797 2404.674 2368.185 2357.664 2356.569 2357.311 2355.547 2350.294 2333.092 2306.972 2271.652 2234.748 2223.763 2210.698 2196.013 2182.896 2166.489 2129.229 2093.245 2068.318 2054.092 2029.887
2490.358 2492.826 2494.708 2491.577 2488.351 2483.653 2482.318 2481.046 2478.686 2479.347 2477.469 2473.569 2469.919 2462.967 2452.037 2440.876 2437.965 2442.430 2447.664 2452.293 2455.967 2459.420 2460.060 2455.086 2447.116 2439.951 2438.163 2444.724 2450.290 2455.992 2456.723 2455.345 2453.157 2453.181 2450.411 2450.770 2457.370 2471.011 2475.424 2479.268 2478.674 2467.681 2447.806 2448.424 2429.180 2433.926 2429.623 2418.662 2398.287 2375.197 2345.997 2317.448 2296.458 2288.978 2283.797 2277.437 2266.006 2230.349 2196.953 2167.208 2145.241 2119.909
2474.480 2481.384 2482.625 2475.770 2467.575 2460.725 2453.901 2451.834 2450.974 2450.581 2450.928 2445.785 2437.560 2421.838 2410.492 2399.514 2393.634 2391.013 2395.347 2405.651 2416.185 2420.933 2413.243 2405.496 2394.528 2386.584 2386.918 2388.635 2397.706 2412.618 2418.288 2418.943 2413.265 2407.920 2401.679 2399.138 2405.574 2420.279 2435.724 2449.790 2458.063 2465.294 2471.798 2473.160 2474.883 2475.783 2474.277 2474.757 2458.751 2437.103 2411.721 2387.779 2362.356 2357.105 2355.980 2352.209 2350.049 2320.376 2285.696 2252.526 2225.322 2199.221
2448.165 2450.788 2447.340 2441.040 2431.285 2420.721 2411.380 2404.890 2405.942 2408.309 2409.686 2403.185 2388.783 2371.718 2358.650 2345.106 2341.332 2336.208 2330.689 2341.013 2359.032 2365.667 2351.272 2341.132 2326.716 2319.788 2316.354 2317.519 2326.563 2347.197 2368.182 2369.610 2359.334 2349.156 2344.219 2341.133 2346.420 2363.333 2382.946 2397.677 2407.126 2412.260 2419.863 2428.950 2441.633 2455.052 2466.214 2472.769 2478.480 2475.513 2466.838 2456.581 2434.898 2421.309 2412.698 2407.923 2400.378 2378.318 2350.638 2324.032 2297.740 2275.074
2412.902 2410.015 2404.365 2397.775 2381.287 2369.611 2357.857 2344.272 2341.128 2337.830 2339.615 2328.785 2319.953 2302.833 2287.913 2272.733 2261.390 2255.853 2249.834 2251.539 2266.039 2274.759 2263.260 2253.355 2241.615 2236.238 2232.917 2234.984 2245.145 2265.825 2283.995 2291.263 2283.349 2279.564 2277.850 2276.064 2281.430 2293.549 2311.714 2332.391 2348.881 2357.800 2364.576 2373.717 2387.515 2400.887 2414.341 2431.100 2451.666 2466.308 2475.441 2477.533 2476.620 2471.203 2470.157 2460.073 2448.554 2430.229 2406.370 2379.799 2353.901 2336.555
2373.037 2367.259 2361.818 2343.987 2294.900 2276.426 2258.969 2244.147 2238.755 2231.641 2220.737 2212.423 2207.296 2204.948 2190.688 2173.780 2157.407 2152.667 2149.021 2136.526 2137.148 2139.157 2148.685 2142.000 2138.282 2137.940 2135.435 2137.641 2150.639 2160.337 2168.011 2174.016 2174.910 2182.737 2188.993 2194.956 2210.390 2221.696 2237.232 2257.083 2280.481 2293.757 2302.441 2312.339 2326.970 2342.559 2359.254 2380.711 2404.931 2420.189 2430.601 2441.845 2454.175 2467.960 2474.811 2481.219 2479.803 2475.140 2453.159 2426.519 2405.974 2388.359
2313.775 2311.676 2303.287 2257.077 2216.683 2184.879 2168.328 2146.769 2135.521 2123.036 2092.281 2077.474 2074.758 2084.856 2078.660 2063.067 2050.561 2042.314 2034.796 2020.034 2006.870 2012.280 2027.334 2025.422 2026.071 2031.821 2030.550 2025.480 2026.919 2039.782 2046.170 2055.979 2069.507 2073.275 2084.773 2113.231 2125.373 2139.269 2157.317 2177.233 2198.392 2218.488 2231.013 2244.826 2262.406 2278.156 2297.682 2319.680 2347.533 2366.907 2380.346 2390.690 2401.068 2415.768 2435.153 2452.551 2469.184 2479.084 2479.673 2470.947 2451.883 2433.692
2219.995 2214.509 2192.065 2144.627 2108.060 2082.799 2062.336 2040.290 2020.714 1990.336 1958.805 1939.066 1950.161 1959.971 1966.484 1954.427 1943.290 1934.019 1918.807 1903.233 1889.726 1899.526 1908.094 1921.342 1926.332 1929.990 1933.917 1932.408 1924.706 1924.600 1932.417 1941.738 1951.991 1968.157 1999.005 2022.172 2038.386 2057.424 2075.416 2096.034 2117.998 2138.660 2153.831 2170.933 2188.576 2208.260 2227.165 2249.932 2277.448 2301.373 2316.013 2329.709 2342.534 2360.819 2383.260 2404.783 2428.248 2448.622 2460.777 2472.929 2478.624 2474.481
2109.730 2094.313 2054.697 2014.607 1988.390 1971.608 1949.537 1928.942 1902.878 1872.141 1849.540 1830.544 1839.941 1849.260 1865.358 1855.683 1847.285 1843.219 1828.724 1815.569 1800.510 1807.573 1818.520 1838.540 1843.421 1847.021 1854.900 1853.724 1849.903 1836.490 1843.582 1853.335 1866.433 1894.333 1916.631 1938.374 1958.233 1976.438 1996.714 2018.092 2039.961 2064.093 2081.899 2099.337 2119.342 2137.748 2153.002 2170.569 2194.462 2215.275 2234.459 2254.834 2269.092 2292.355 2321.147 2349.208 2381.291 2403.755 2418.486 2430.572 2442.405 2460.569
1972.705 1930.329 1898.309 1872.567 1865.004 1851.516 1831.994 1813.469 1794.805 1772.366 1752.972 1729.669 1735.124 1749.886 1765.917 1764.175 1763.342 1761.514 1751.694 1738.526 1725.205 1728.988 1745.043 1762.315 1770.866 1777.841 1785.262 1784.927 1776.470 1766.859 1771.491 1785.383 1800.551 1818.776 1839.050 1859.034 1877.973 1898.915 1920.298 1941.916 1965.350 1990.207 2009.057 2030.862 2053.531 2070.015 2079.149 2088.849 2109.250 2125.105 2145.481 2166.633 2183.137 2209.607 2242.495 2281.919 2320.036 2356.418 2372.648 2385.471 2395.557 2410.982
1850.818 1820.046 1792.312 1781.924 1766.674 1752.869 1738.248 1719.248 1702.814 1687.296 1666.849 1653.839 1660.882 1674.747 1684.993 1690.203 1688.118 1685.854 1679.638 1666.150 1659.164 1668.441 1683.671 1697.859 1708.567 1715.199 1720.600 1717.492 1708.522 1703.697 1711.285 1726.092 1739.478 1754.583 1774.450 1793.829 1813.985 1834.974 1855.648 1878.587 1902.191 1926.371 1950.880 1971.996 1990.564 1998.979 2007.873 2010.116 2022.091 2037.464 2054.381 2075.393 2097.805 2123.513 2161.656 2201.054 2239.287 2276.954 2307.846 2326.490 2342.227 2361.463
1777.994 1749.597 1721.856 1698.109 1685.048 1678.573 1666.264 1649.577 1638.483 1623.394 1610.504 1614.173 1616.922 1627.108 1627.309 1628.503 1626.179 1625.662 1622.646 1614.433 1623.877 1630.929 1644.905 1655.218 1664.642 1670.483 1674.124 1674.366 1668.729 1672.983 1679.117 1692.640 1703.439 1716.898 1736.249 1752.276 1770.179 1790.867 1812.190 1834.436 1858.258 1884.170 1907.038 1924.087 1930.702 1939.141 1941.386 1931.710 1942.583 1954.496 1965.282 1985.060 2004.944 2026.976 2063.912 2107.295 2153.199 2189.999 2231.589 2256.433 2279.642 2301.045
1693.399 1665.095 1637.814 1616.900 1611.147 1601.119 1591.124 1579.678 1566.917 1558.461 1562.488 1560.632 1559.319 1559.248 1562.396 1565.754 1565.365 1564.591 1566.715 1575.473 1579.862 1585.312 1594.835 1605.928 1616.965 1620.651 1624.765 1628.481 1632.995 1635.479 1639.051 1649.466 1660.755 1672.915 1688.547 1705.265 1723.074 1744.288 1766.207 1789.696 1815.066 1841.133 1861.287 1869.249 1877.896 1879.422 1872.351 1865.987 1869.979 1880.686 1887.940 1904.676 1925.198 1937.737 1976.167 2023.073 2064.412 2099.600 2134.146 2172.165 2198.691 2223.181
1628.207 1600.168 1577.976 1562.781 1553.034 1543.182 1533.238 1520.996 1513.151 1513.345 1511.219 1509.445 1507.681 1511.074 1514.925 1519.505 1519.681 1520.647 1523.595 1527.986 1534.282 1543.566 1554.322 1566.379 1581.363 1586.094 1590.657 1596.326 1598.951 1602.069 1605.941 1616.703 1628.068 1639.697 1656.028 1673.176 1691.413 1713.012 1737.945 1766.921 1792.922 1818.636 1841.266 1849.877 1853.213 1850.931 1843.845 1829.849 1827.034 1836.010 1837.002 1847.043 1864.931 1873.541 1901.786 1941.849 1969.521 2003.344 2040.697 2090.262 2118.314 2149.387
1559.523 1538.803 1522.994 1504.636 1492.006 1481.839 1473.282 1467.388 1466.460 1464.069 1462.741 1461.682 1459.934 1461.842 1466.225 1470.325 1472.748 1475.686 1479.581 1486.122 1495.165 1503.432 1515.230 1529.876 1544.994 1551.743 1557.203 1563.037 1567.249 1571.375 1574.934 1584.640 1596.026 1606.272 1623.004 1641.136 1659.907 1684.971 1714.038 1743.711 1769.316 1794.233 1819.648 1822.919 1823.796 1823.015 1808.283 1792.943 1785.536 1786.977 1787.443 1790.763 1800.911 1811.174 1832.367 1855.835 1882.928 1917.533 1964.038 2008.938 2041.146 2070.601
