tests/3D/Borden05m_nopit_001/output_maps/psiliqL0011N0038.asc
ncols         160
nrows         34
xllcorner     620200.000000
yllcorner     5168000.000000
cellsize      0.500000
NODATA_value  -9999.0
[rows 0 to 28 of 34, columns 65 to 129 of 160]
-9999.000 -9999.000 -9999.000 -9999.000 -9999.000 -9999.000 -9999.000 -9999.000 -9999.000 -9999.000 -9999.000 -9999.000 -9999.000 -9999.000 -9999.000 -9999.000 -9999.000 -9999.000 -9999.000 -9999.000 -9999.000 -9999.000 -9999.000 -9999.000 -9999.000 -9999.000 -9999.000 -9999.000 -9999.000 -9999.000 -9999.000 -9999.000 -9999.000 -9999.000 -9999.000 -9999.000 -9999.000 -9999.000 -9999.000 -9999.000 -9999.000 -9999.000 -9999.000 -9999.000 -9999.000 -9999.000 -9999.000 -9999.000 -9999.000 -9999.000 -9999.000 -9999.000 -9999.000 -9999.000 -9999.000 -9999.000 -9999.000 -9999.000 -9999.000 -9999.000 -9999.000 -9999.000 -9999.000 -9999.000 -9999.000
359.007 354.823 353.698 352.671 352.081 357.161 364.950 372.408 379.442 381.695 383.998 386.153 386.548 385.190 381.865 378.501 375.035 373.491 365.252 353.803 344.895 342.111 346.557 351.054 353.588 359.593 370.452 381.383 390.038 401.971 407.783 413.090 416.393 412.596 409.345 405.880 401.199 390.338 -9999.000 -9999.000 -9999.000 -9999.000 -9999.000 -9999.000 -9999.000 -9999.000 -9999.000 -9999.000 -9999.000 -9999.000 -9999.000 -9999.000 -9999.000 -9999.000 -9999.000 -9999.000 -9999.000 -9999.000 -9999.000 -9999.000 -9999.000 -9999.000 -9999.000 -9999.000 -9999.000
346.502 340.814 338.779 338.562 338.397 342.340 352.181 359.982 364.593 366.909 369.301 369.047 368.413 367.947 364.957 361.450 357.983 356.123 356.315 348.658 343.195 339.804 338.318 340.802 343.183 346.458 356.092 364.409 372.749 387.092 399.599 405.023 402.830 398.131 394.719 388.516 378.907 368.758 358.767 351.910 346.760 341.618 347.990 354.800 365.127 375.277 387.454 399.697 -9999.000 -9999.000 -9999.000 -9999.000 -9999.000 -9999.000 -9999.000 -9999.000 -9999.000 -9999.000 -9999.000 -9999.000 -9999.000 -9999.000 -9999.000 -9999.000 -9999.000
339.269 334.323 342.172 343.119 343.988 346.989 350.006 352.577 355.161 360.308 369.083 371.570 371.918 371.890 369.924 366.697 364.803 361.954 356.669 355.564 355.826 355.626 360.654 362.134 363.732 356.988 360.539 366.882 373.876 380.773 387.784 392.302 389.429 388.772 380.862 367.532 356.712 348.518 346.646 343.810 336.408 324.322 331.671 347.516 352.433 356.182 368.162 380.563 390.855 393.063 392.822 392.566 390.036 376.304 361.726 347.022 328.493 -9999.000 -9999.000 -9999.000 -9999.000 -9999.000 -9999.000 -9999.000 -9999.000
344.309 356.512 365.472 366.782 369.309 372.514 371.376 359.090 356.380 364.536 374.668 380.250 380.194 379.904 377.880 376.698 376.113 373.696 374.464 376.815 376.957 381.658 387.213 390.024 381.948 372.902 373.705 381.541 389.748 397.281 408.300 420.079 419.328 414.148 405.777 392.814 370.032 350.941 340.758 334.367 327.777 327.881 325.649 336.999 339.083 341.182 349.825 360.318 370.643 376.621 376.246 375.835 373.555 364.214 349.615 334.987 318.415 293.070 264.771 238.136 236.951 260.726 284.466 -9999.000 -9999.000
368.656 381.770 395.817 397.882 399.899 399.137 389.523 379.076 374.865 389.468 405.113 413.021 413.459 412.981 420.122 418.221 415.888 410.549 412.561 414.404 424.727 432.071 438.830 436.944 425.170 414.127 412.586 415.153 418.096 424.386 434.997 445.299 440.861 434.275 424.906 397.073 370.527 354.488 355.679 356.669 352.587 350.070 347.228 340.529 340.575 340.305 340.134 352.395 364.960 368.595 362.597 359.089 356.989 348.528 337.666 322.504 305.747 286.990 258.935 252.146 243.877 265.885 289.656 310.579 334.999
414.617 431.563 454.598 456.922 459.684 462.463 451.227 438.870 427.281 443.852 453.415 461.801 463.781 473.903 483.515 478.514 470.033 459.929 466.032 478.343 492.966 499.206 502.610 501.984 491.597 486.263 484.470 486.133 483.405 487.546 498.462 514.056 514.517 505.700 484.247 449.118 415.750 395.704 401.690 396.004 390.474 387.370 374.177 363.816 364.397 355.472 349.785 361.641 368.039 369.983 363.635 369.198 361.747 343.387 326.296 310.959 296.633 281.431 274.359 265.133 257.413 270.036 290.173 310.067 334.764
460.629 482.656 505.512 514.060 517.804 526.462 519.655 510.304 501.659 510.399 522.181 533.506 543.303 555.367 566.522 557.928 546.730 542.314 546.827 564.870 580.604 585.405 586.912 590.289 582.685 576.029 569.058 563.258 557.336 553.387 570.650 586.770 585.875 563.908 541.583 508.264 472.984 441.867 440.977 440.321 440.396 426.536 412.355 396.125 387.026 378.939 365.229 370.896 376.694 387.079 396.628 397.189 380.855 363.539 344.321 325.752 311.512 306.554 301.308 291.675 285.217 291.572 305.584 320.249 332.161
552.625 576.006 606.635 627.705 646.565 649.920 640.785 631.484 617.997 614.325 629.390 640.690 651.068 661.585 673.387 679.443 677.465 677.029 679.699 685.201 692.709 699.042 704.616 710.587 708.799 699.443 692.586 683.711 676.525 674.264 675.908 685.993 685.275 662.859 638.038 609.169 575.281 546.523 529.927 536.029 525.976 510.000 491.606 457.964 442.065 427.285 399.023 395.572 405.315 419.013 428.315 413.211 396.947 378.577 358.193 338.683 332.020 330.685 327.669 321.728 319.066 324.039 337.285 340.305 351.021
656.656 687.076 719.949 747.918 770.659 778.370 767.929 757.914 746.104 736.380 738.839 751.972 767.707 782.840 793.574 797.268 796.062 796.273 797.856 800.596 803.087 808.473 815.362 825.371 836.733 831.925 815.735 803.387 789.493 784.422 783.154 781.331 782.057 777.344 749.919 724.442 695.215 667.781 648.412 635.189 618.406 599.300 557.877 520.726 488.721 463.283 436.863 435.047 459.720 489.794 483.689 472.282 455.421 431.044 406.807 382.527 376.008 373.261 367.924 361.482 355.759 350.861 354.396 357.369 369.243
774.639 794.813 829.349 863.942 891.657 895.278 886.138 875.660 864.927 854.789 851.318 857.902 867.824 882.663 893.839 903.767 903.433 903.812 903.907 905.735 907.327 908.839 915.180 926.184 936.692 938.129 926.140 909.840 892.918 885.624 879.759 874.603 875.197 876.680 872.067 850.024 817.401 777.526 752.402 733.054 722.257 709.230 689.157 644.248 618.735 587.819 556.110 536.375 575.097 573.942 563.533 548.701 524.917 499.097 473.991 448.560 439.914 434.763 427.116 420.902 412.492 402.255 398.573 393.374 391.217
889.370 904.701 925.573 951.723 976.455 992.949 989.429 977.666 961.333 956.827 955.723 957.285 963.122 970.047 984.400 999.221 1004.374 1005.040 1002.653 1004.557 1005.511 1005.504 1006.162 1010.157 1016.613 1019.024 1014.923 1000.286 981.420 967.296 958.947 954.836 952.968 954.306 954.168 944.177 918.469 884.152 852.914 832.360 818.241 807.081 798.664 784.185 769.521 742.934 703.795 670.673 669.595 660.817 649.820 626.429 598.741 574.395 543.280 513.815 496.615 490.250 484.576 476.958 465.714 455.082 448.510 435.177 427.575
997.589 1014.855 1027.078 1042.046 1061.473 1072.772 1078.182 1078.710 1077.909 1079.753 1079.857 1060.160 1062.553 1064.878 1070.272 1076.917 1078.983 1079.183 1078.378 1079.290 1079.529 1079.698 1079.359 1078.930 1080.528 1081.135 1080.372 1074.944 1075.512 1059.532 1048.312 1041.322 1034.134 1026.065 1017.166 1008.449 994.194 969.871 939.102 913.284 903.140 898.210 893.622 890.007 877.221 858.498 831.413 796.430 763.986 755.190 740.230 714.540 693.644 678.422 645.518 613.028 589.888 581.361 565.127 547.884 532.984 515.884 499.732 482.959 466.556
1086.544 1083.106 1085.736 1088.457 1091.161 1092.090 1092.355 1092.232 1090.087 1089.842 1088.366 1083.634 1074.472 1075.937 1077.345 1079.793 1083.229 1081.872 1082.741 1085.615 1084.187 1078.896 1075.463 1073.908 1074.253 1081.214 1084.218 1084.951 1084.372 1083.759 1083.432 1082.342 1080.983 1079.070 1076.626 1078.060 1068.966 1047.736 1017.699 985.871 972.637 968.814 970.455 968.555 963.745 947.073 922.462 889.536 854.467 839.677 827.761 817.073 806.973 793.176 758.516 723.099 696.060 678.511 653.401 633.273 614.849 593.373 575.098 555.999 532.988
1092.159 1088.718 1084.206 1083.096 1081.903 1079.621 1080.312 1078.444 1074.704 1071.437 1065.482 1055.179 1044.034 1041.766 1046.389 1051.242 1055.352 1058.261 1061.447 1062.714 1058.233 1050.724 1043.943 1042.033 1048.286 1053.680 1058.575 1059.172 1057.820 1055.949 1056.256 1054.004 1054.533 1060.684 1073.247 1079.353 1081.191 1080.891 1075.581 1065.993 1055.919 1037.440 1041.019 1037.101 1026.635 1007.326 985.597 958.669 932.435 909.576 902.134 897.739 892.168 883.489 851.480 819.351 788.951 765.240 740.238 717.204 695.890 674.233 651.927 628.124 604.325
1077.294 1069.470 1062.988 1056.752 1054.953 1053.792 1053.255 1053.443 1048.441 1041.282 1026.826 1015.700 1004.804 998.981 997.506 1002.703 1012.076 1020.990 1025.448 1019.344 1012.305 1002.179 994.366 994.592 996.988 1005.636 1018.647 1022.483 1023.018 1018.144 1013.953 1008.152 1006.165 1012.641 1026.788 1040.964 1053.541 1060.997 1067.799 1073.761 1078.109 1078.908 1079.308 1078.544 1076.658 1062.552 1043.361 1021.573 999.332 974.681 968.139 965.998 962.154 960.132 933.850 901.180 869.204 841.766 816.329 793.602 771.657 748.347 723.727 699.781 672.576
1044.721 1035.176 1025.034 1016.015 1010.604 1011.665 1014.023 1015.101 1009.347 995.858 979.496 966.805 953.548 949.911 945.524 942.094 952.618 968.952 974.853 962.119 952.709 939.057 931.790 928.916 930.471 939.646 958.461 976.391 977.195 967.612 958.160 953.056 950.142 956.143 973.309 991.809 1005.270 1013.821 1018.834 1026.339 1035.219 1046.436 1058.593 1068.720 1077.259 1080.138 1078.645 1074.395 1061.349 1042.376 1029.678 1020.311 1014.971 1006.907 986.812 961.062 935.663 909.798 888.263 869.988 845.849 820.626 796.050 766.750 734.894
1002.937 990.471 979.462 968.763 956.399 953.910 952.006 954.416 944.171 934.438 916.608 902.029 887.207 877.768 872.375 866.988 872.013 887.524 896.529 883.048 872.916 860.087 853.857 850.577 852.250 862.154 883.984 902.042 908.214 899.775 893.593 890.243 888.319 892.850 906.376 924.880 944.004 958.206 966.302 973.108 982.314 995.638 1008.434 1021.179 1036.907 1055.227 1068.534 1076.942 1080.761 1080.210 1077.474 1072.897 1063.628 1053.147 1036.781 1014.424 988.689 963.280 946.217 929.593 913.066 887.160 858.141 828.569 795.812
953.991 910.652 894.607 878.445 864.853 860.629 854.673 848.795 840.701 834.831 827.919 813.254 796.801 781.622 776.955 773.140 765.413 771.198 774.654 777.483 770.146 763.964 761.377 758.754 761.895 775.172 786.902 796.848 802.175 799.252 804.475 809.059 810.929 824.857 836.789 852.768 872.388 893.812 905.154 913.253 922.897 937.126 952.394 968.322 989.131 1011.799 1026.101 1035.926 1046.716 1058.053 1070.656 1078.992 1083.407 1082.513 1077.325 1057.597 1033.750 1013.589 996.166 981.759 968.227 949.287 915.215 885.215 853.904
877.799 837.510 807.455 791.268 771.487 762.260 753.407 730.033 717.610 712.403 717.530 708.428 692.338 679.032 671.804 666.017 654.123 646.525 651.224 662.801 657.955 655.846 659.443 657.415 654.039 659.761 673.580 681.031 689.599 699.133 701.946 708.686 732.117 743.874 756.987 775.090 794.920 815.558 833.587 844.970 857.808 874.928 890.158 909.313 931.146 957.736 975.425 988.202 998.378 1008.672 1022.956 1041.086 1056.659 1071.610 1081.802 1081.774 1077.227 1056.797 1040.185 1025.500 1016.638 995.664 967.231 938.138 907.156
775.486 737.532 709.954 690.379 668.839 653.041 629.284 600.548 582.515 588.541 596.598 597.639 584.637 572.861 563.678 551.142 536.685 526.038 534.526 542.981 550.319 553.359 556.758 558.710 557.216 552.791 558.012 565.819 574.863 583.661 594.678 621.215 643.260 657.949 676.111 694.002 714.498 736.102 755.283 769.249 785.760 803.173 822.309 841.596 864.899 892.287 914.499 928.103 940.610 953.087 970.636 991.968 1012.270 1034.055 1053.165 1063.913 1075.290 1082.653 1080.130 1066.090 1053.213 1036.000 1013.523 983.143 954.993
658.003 625.568 604.224 582.594 561.675 537.910 509.753 485.520 467.543 475.433 483.285 494.862 483.842 473.441 467.942 454.040 440.790 427.005 434.777 444.419 460.835 464.559 467.624 473.979 472.453 469.643 460.757 468.516 477.550 489.445 514.579 537.130 558.780 577.407 595.164 614.975 636.295 657.855 680.581 697.473 714.185 733.514 751.967 768.902 788.585 813.144 834.205 851.853 870.588 884.649 906.928 934.178 959.835 989.648 1010.050 1024.207 1036.177 1048.081 1064.743 1075.021 1075.431 1070.025 1047.739 1025.511 998.515
518.374 503.139 487.286 466.883 447.676 428.625 404.599 383.636 361.351 366.166 379.220 393.654 388.211 385.046 382.424 371.680 358.527 345.336 349.060 363.961 380.465 387.428 393.659 400.830 400.591 393.521 384.677 389.582 402.441 417.219 436.861 457.598 477.660 496.072 516.465 537.644 559.066 582.210 606.303 623.820 644.923 667.037 684.576 695.175 707.885 730.275 746.903 766.725 786.948 802.408 828.679 860.202 897.643 933.992 966.545 980.937 993.225 1003.343 1018.770 1037.512 1054.610 1068.368 1067.123 1062.843 1045.918
413.645 397.042 381.139 364.823 345.724 327.856 310.284 289.571 272.444 278.474 292.160 304.109 307.110 304.540 301.879 294.634 281.306 271.108 279.505 294.771 309.531 319.384 325.838 331.705 328.741 320.263 313.776 321.172 335.825 349.792 366.127 386.284 406.212 426.253 447.141 467.881 490.773 514.297 538.096 561.434 582.732 602.750 612.276 622.090 628.432 642.963 659.230 677.462 698.313 719.816 746.584 784.240 822.458 859.074 894.479 920.499 937.717 952.234 971.161 990.934 1007.224 1020.567 1032.424 1042.776 1046.852
323.818 308.274 299.841 286.412 268.421 255.992 240.073 222.998 223.168 226.835 238.755 240.671 241.630 238.945 238.100 233.853 223.091 229.779 237.369 252.026 262.742 271.972 278.046 281.987 281.517 274.639 277.553 284.275 298.304 309.507 323.894 343.808 360.254 378.605 399.369 420.728 443.143 466.906 492.536 515.464 533.614 541.853 551.315 556.170 549.737 562.375 575.543 588.448 608.750 629.122 654.034 691.072 733.163 776.811 812.872 850.709 872.555 894.093 915.136 937.442 957.813 973.934 985.476 986.234 990.986
235.655 227.632 217.551 206.786 194.286 181.152 169.889 170.708 168.694 168.253 169.832 172.960 175.754 174.971 174.001 174.972 181.351 185.606 191.092 201.340 212.343 222.645 226.520 230.600 233.551 236.917 239.300 243.337 254.288 265.660 278.363 294.604 311.369 329.430 350.743 372.390 395.523 420.889 446.593 466.245 475.131 484.346 487.444 482.273 477.434 484.094 495.484 505.200 523.783 544.507 561.720 602.402 648.620 691.108 725.895 760.124 792.778 818.192 841.548 871.059 896.179 921.868 937.177 942.240 946.088
174.846 165.118 155.288 145.222 132.322 122.500 120.949 118.805 116.904 115.407 118.850 122.565 126.891 126.634 127.125 129.773 134.013 139.814 148.842 159.579 171.347 185.608 190.022 194.480 199.833 202.326 205.304 209.362 220.418 231.806 243.777 260.277 277.414 295.910 317.512 342.274 370.892 396.712 422.149 443.669 452.298 456.281 454.483 448.499 436.053 434.856 445.242 448.117 460.556 480.002 491.543 525.298 568.129 598.053 632.072 667.912 713.219 739.774 770.042 799.927 829.157 857.624 872.345 879.625 887.977
114.697 102.446 92.272 82.879 75.156 73.055 70.250 68.527 67.343 65.828 68.182 72.414 76.508 78.520 81.169 84.273 90.326 99.202 107.704 119.482 133.943 148.627 154.728 160.058 165.564 169.406 173.446 177.218 187.295 198.791 209.806 226.842 244.940 263.407 288.607 317.657 346.921 372.240 397.082 421.364 424.701 425.920 425.246 411.766 396.601 390.774 393.331 394.222 401.347 413.032 424.655 450.923 478.188 507.175 542.367 587.889 632.581 662.998 692.890 722.351 748.483 769.185 787.049 800.394 813.964
61.811 47.476 38.554 34.791 33.106 29.825 30.548 31.741 30.486 27.021 26.577 31.399 35.209 37.782 41.042 51.229 61.016 68.554 75.619 88.052 102.349 117.697 127.403 133.424 142.470 149.689 153.767 156.414 165.328 175.579 180.639 196.487 214.800 242.215 272.637 302.409 333.176 359.486 384.460 406.922 407.151 407.227 406.561 390.826 375.318 357.805 360.966 362.276 350.213 362.665 374.371 391.111 417.819 442.316 479.309 523.296 557.181 587.049 616.652 644.327 665.243 684.402 699.397 716.391 730.004
