tests/3D/Borden05m_nopit_001/output_maps/psiliqL0004N0017.asc
ncols         160
nrows         34
xllcorner     620200.000000
yllcorner     5168000.000000
cellsize      0.500000
NODATA_value  -9999.0
[rows 0 to 26 of 34, columns 62 to 123 of 160]
-9999.000 -9999.000 -9999.000 -9999.000 -9999.000 -9999.000 -9999.000 -9999.000 -9999.000 -9999.000 -9999.000 -9999.000 -9999.000 -9999.000 -9999.000 -9999.000 -9999.000 -9999.000 -9999.000 -9999.000 -9999.000 -9999.000 -9999.000 -9999.000 -9999.000 -9999.000 -9999.000 -9999.000 -9999.000 -9999.000 -9999.000 -9999.000 -9999.000 -9999.000 -9999.000 -9999.000 -9999.000 -9999.000 -9999.000 -9999.000 -9999.000 -9999.000 -9999.000 -9999.000 -9999.000 -9999.000 -9999.000 -9999.000 -9999.000 -9999.000 -9999.000 -9999.000 -9999.000 -9999.000 -9999.000 -9999.000 -9999.000 -9999.000 -9999.000 -9999.000 -9999.000 -9999.000
-802.582 -812.008 -821.465 -830.505 -834.676 -835.769 -836.854 -837.407 -832.217 -824.510 -817.087 -809.965 -807.751 -805.442 -803.145 -802.663 -804.087 -807.425 -810.777 -814.255 -815.722 -824.301 -835.870 -845.008 -847.825 -843.265 -838.702 -836.135 -829.795 -818.743 -807.675 -798.988 -787.305 -781.970 -776.678 -773.094 -776.820 -780.070 -783.337 -787.440 -798.208 -9999.000 -9999.000 -9999.000 -9999.000 -9999.000 -9999.000 -9999.000 -9999.000 -9999.000 -9999.000 -9999.000 -9999.000 -9999.000 -9999.000 -9999.000 -9999.000 -9999.000 -9999.000 -9999.000 -9999.000 -9999.000
-822.743 -828.320 -837.444 -843.179 -848.924 -850.689 -850.964 -851.115 -847.028 -837.518 -829.681 -825.016 -822.797 -820.553 -820.254 -820.802 -821.336 -824.335 -827.827 -831.305 -833.147 -833.442 -841.111 -846.351 -849.531 -850.425 -848.036 -845.775 -843.017 -833.194 -824.710 -816.223 -802.212 -789.977 -784.666 -786.728 -791.482 -794.745 -800.478 -809.639 -819.852 -830.582 -837.743 -842.818 -847.463 -841.119 -834.737 -824.012 -813.302 -801.075 -788.833 -9999.000 -9999.000 -9999.000 -9999.000 -9999.000 -9999.000 -9999.000 -9999.000 -9999.000 -9999.000 -9999.000
-842.950 -841.381 -845.539 -850.556 -854.334 -847.308 -846.340 -845.360 -842.388 -838.874 -837.274 -834.584 -829.470 -820.737 -818.338 -817.988 -818.009 -819.933 -823.117 -824.952 -827.793 -833.055 -833.862 -833.337 -833.088 -827.674 -826.203 -825.124 -832.368 -829.166 -822.789 -815.789 -808.349 -801.000 -795.701 -798.425 -799.597 -807.360 -820.588 -831.820 -840.329 -843.059 -845.870 -853.086 -864.543 -857.594 -841.871 -836.913 -832.703 -820.364 -807.915 -797.713 -795.902 -796.101 -796.302 -798.644 -812.306 -826.798 -841.302 -859.746 -9999.000 -9999.000
-838.075 -840.064 -843.383 -844.619 -831.650 -822.369 -821.032 -818.411 -815.448 -817.330 -830.141 -833.080 -824.527 -814.158 -808.358 -808.464 -808.681 -810.005 -811.158 -811.857 -814.487 -813.178 -810.479 -809.287 -803.863 -798.258 -795.640 -804.854 -814.160 -813.936 -806.353 -798.518 -791.015 -779.665 -767.500 -768.680 -774.153 -782.504 -795.711 -818.664 -838.421 -848.326 -854.111 -860.461 -861.532 -862.808 -852.463 -850.280 -848.361 -839.197 -828.639 -818.444 -812.552 -812.781 -813.022 -815.187 -824.394 -838.888 -853.384 -869.500 -894.282 -922.299
-834.704 -834.654 -831.021 -817.395 -803.680 -788.432 -786.270 -784.113 -784.617 -795.024 -805.492 -810.279 -795.093 -779.827 -771.854 -771.002 -769.907 -761.119 -763.797 -767.235 -773.344 -770.794 -767.232 -754.935 -747.704 -741.411 -743.502 -755.034 -765.571 -767.706 -766.298 -764.960 -759.191 -748.407 -737.648 -741.969 -749.162 -759.373 -788.146 -816.306 -833.095 -831.611 -830.574 -834.561 -837.318 -840.971 -848.740 -848.789 -848.855 -849.004 -836.741 -824.452 -820.772 -826.466 -829.733 -831.736 -840.402 -850.963 -865.815 -882.403 -900.725 -928.722
-793.038 -789.514 -781.379 -768.286 -749.588 -725.944 -722.415 -718.676 -714.221 -724.765 -736.758 -748.971 -734.552 -725.541 -716.629 -712.800 -700.648 -690.616 -696.166 -705.506 -714.819 -708.499 -693.846 -679.408 -673.827 -671.159 -670.214 -679.212 -683.984 -687.102 -687.354 -691.649 -689.312 -677.550 -661.703 -660.555 -671.599 -693.726 -728.169 -763.213 -786.273 -782.479 -788.222 -793.449 -797.783 -811.869 -823.527 -823.759 -833.052 -839.169 -827.627 -821.443 -819.261 -824.993 -819.217 -826.919 -844.275 -861.533 -877.159 -891.444 -905.803 -913.268
-747.767 -739.674 -731.437 -713.570 -689.866 -665.779 -653.266 -645.388 -637.085 -643.803 -652.549 -661.629 -657.896 -645.420 -633.633 -622.195 -610.336 -598.874 -604.315 -613.181 -615.211 -611.680 -596.615 -583.512 -578.702 -576.222 -571.277 -575.829 -583.212 -591.600 -599.844 -607.082 -611.864 -597.808 -583.847 -585.030 -607.201 -629.401 -660.276 -694.622 -728.477 -734.904 -734.528 -735.765 -751.152 -766.346 -786.208 -797.951 -806.679 -822.070 -817.788 -811.508 -800.162 -789.628 -790.647 -806.880 -824.074 -843.287 -862.170 -876.448 -880.767 -885.550
-635.965 -626.062 -621.727 -610.861 -584.945 -552.365 -527.707 -505.790 -502.650 -512.595 -522.188 -536.254 -543.458 -531.885 -520.704 -509.500 -498.129 -486.649 -478.329 -478.340 -478.212 -476.210 -473.868 -469.114 -462.939 -456.361 -449.055 -446.304 -454.254 -463.035 -473.269 -482.821 -485.675 -487.934 -482.009 -481.749 -498.584 -522.625 -549.068 -581.199 -609.756 -630.529 -629.580 -642.796 -658.710 -680.274 -716.997 -737.197 -754.143 -784.487 -789.370 -777.108 -761.829 -754.821 -770.950 -787.186 -806.025 -826.746 -847.328 -853.760 -854.925 -857.879
-518.130 -513.786 -509.809 -503.361 -473.701 -441.170 -412.001 -389.251 -381.312 -391.002 -401.104 -412.227 -422.314 -423.268 -411.776 -396.806 -381.584 -371.082 -366.742 -367.796 -367.522 -366.545 -363.906 -362.139 -357.985 -351.397 -340.847 -328.150 -330.708 -346.578 -360.154 -375.993 -382.775 -385.106 -389.196 -388.612 -388.526 -410.123 -433.148 -461.223 -491.791 -513.622 -532.039 -548.268 -565.298 -602.761 -639.862 -672.171 -700.335 -728.573 -734.444 -707.178 -682.393 -692.570 -703.772 -721.403 -746.242 -771.114 -797.060 -804.779 -808.039 -813.816
-403.571 -398.331 -393.225 -385.226 -367.710 -336.026 -303.376 -277.094 -271.954 -279.227 -289.350 -300.730 -309.149 -312.427 -308.290 -300.595 -287.970 -276.497 -265.020 -264.152 -263.708 -264.304 -262.684 -261.314 -260.664 -255.670 -246.327 -237.447 -235.073 -244.226 -259.839 -277.116 -286.355 -293.598 -298.840 -298.954 -297.630 -297.672 -315.949 -345.628 -385.267 -413.762 -434.794 -445.536 -456.970 -468.781 -504.925 -524.838 -552.998 -586.580 -614.864 -588.121 -597.622 -607.925 -624.459 -649.193 -674.134 -700.140 -727.126 -738.483 -744.225 -751.989
-299.236 -293.287 -286.311 -274.944 -260.117 -243.870 -221.555 -198.876 -181.946 -183.708 -192.924 -206.838 -209.160 -209.518 -208.800 -204.480 -200.004 -187.787 -174.871 -169.977 -169.399 -171.660 -169.971 -169.268 -169.324 -169.598 -167.466 -162.426 -160.410 -162.982 -174.950 -191.888 -207.125 -216.217 -220.603 -223.636 -223.853 -225.358 -233.344 -254.933 -285.028 -316.739 -339.456 -354.077 -364.008 -370.732 -377.639 -389.669 -412.197 -447.601 -482.733 -499.861 -509.054 -520.329 -543.910 -569.987 -591.177 -622.633 -653.958 -674.989 -682.644 -690.240
-202.851 -199.162 -189.028 -174.532 -159.789 -150.416 -138.650 -122.223 -113.001 -107.527 -106.081 -105.518 -103.403 -103.403 -104.905 -104.144 -103.471 -103.015 -100.064 -99.477 -99.461 -99.529 -99.004 -98.984 -98.695 -99.017 -100.601 -100.467 -100.417 -100.482 -102.865 -109.739 -123.999 -134.259 -140.721 -147.446 -155.418 -164.073 -172.274 -184.073 -205.619 -234.838 -262.401 -273.419 -277.810 -280.727 -283.415 -294.371 -311.336 -334.990 -367.886 -404.750 -416.232 -430.623 -452.663 -469.611 -481.813 -513.418 -546.894 -572.799 -584.241 -603.720
-124.359 -120.302 -110.149 -99.981 -98.112 -97.889 -97.659 -97.430 -97.352 -97.329 -97.340 -99.379 -99.400 -100.477 -105.738 -114.349 -112.944 -111.763 -109.386 -106.075 -107.536 -106.767 -103.924 -105.208 -110.178 -113.334 -114.876 -114.802 -108.036 -105.229 -104.582 -103.974 -104.440 -104.470 -104.565 -104.683 -104.850 -105.061 -109.257 -117.071 -135.395 -161.090 -188.930 -204.444 -210.560 -208.126 -210.110 -214.506 -230.680 -253.950 -284.768 -318.200 -336.151 -347.019 -354.234 -361.692 -373.189 -405.544 -440.380 -469.120 -489.402 -515.180
-95.438 -93.592 -93.995 -97.346 -100.969 -105.323 -106.241 -107.367 -109.583 -108.866 -110.727 -114.329 -117.270 -122.378 -132.147 -143.279 -144.999 -140.242 -135.712 -132.042 -129.782 -126.821 -125.021 -129.080 -136.197 -142.648 -144.659 -138.666 -133.414 -129.203 -128.714 -130.039 -131.636 -131.082 -132.886 -132.204 -126.425 -114.769 -107.211 -107.063 -107.098 -107.557 -108.379 -127.515 -145.314 -142.696 -146.253 -156.256 -174.609 -195.117 -220.035 -244.208 -268.550 -275.863 -279.496 -284.297 -290.529 -319.288 -350.189 -381.004 -406.064 -430.646
-113.093 -106.461 -104.905 -111.410 -118.919 -125.088 -130.824 -132.395 -133.811 -134.470 -134.418 -139.299 -145.553 -158.932 -169.869 -180.696 -186.470 -186.971 -181.039 -172.456 -164.919 -160.706 -165.461 -171.897 -181.304 -189.004 -188.867 -185.891 -177.599 -166.201 -163.919 -163.482 -167.667 -170.870 -176.288 -177.796 -171.275 -157.590 -144.481 -133.155 -126.375 -119.917 -114.393 -107.481 -107.435 -107.428 -107.523 -111.376 -123.816 -140.858 -159.516 -180.221 -204.111 -211.646 -214.545 -218.339 -220.116 -243.329 -274.054 -304.766 -332.169 -356.823
-137.494 -133.656 -135.955 -142.149 -151.516 -161.299 -170.044 -174.539 -173.470 -171.119 -170.295 -175.414 -188.126 -203.891 -216.261 -229.273 -232.794 -236.552 -238.206 -227.512 -212.610 -207.332 -218.653 -227.441 -240.441 -247.994 -250.389 -248.500 -239.211 -221.939 -206.601 -206.323 -215.309 -224.137 -229.376 -232.132 -225.513 -208.121 -190.554 -178.156 -170.349 -165.416 -157.969 -149.238 -139.234 -128.113 -118.826 -108.554 -108.030 -108.209 -108.625 -123.959 -140.532 -152.365 -162.260 -167.956 -176.314 -194.545 -218.405 -242.478 -267.640 -287.877
-170.797 -171.855 -176.776 -182.675 -191.721 -202.164 -211.967 -223.293 -225.224 -225.944 -223.003 -232.749 -243.248 -261.682 -275.969 -290.487 -298.307 -303.578 -308.428 -300.579 -284.208 -274.961 -290.125 -300.447 -314.201 -321.154 -324.398 -323.057 -313.367 -290.558 -272.590 -267.345 -276.224 -284.436 -289.168 -291.199 -287.365 -272.631 -253.825 -236.002 -223.724 -216.303 -209.443 -200.152 -187.196 -174.851 -162.665 -147.765 -131.299 -119.065 -111.198 -105.827 -105.975 -106.324 -113.782 -122.226 -131.671 -146.184 -167.030 -191.757 -216.391 -232.830
-207.540 -213.032 -218.309 -227.506 -265.957 -279.938 -295.000 -307.547 -310.778 -315.749 -317.354 -325.262 -331.763 -342.555 -357.563 -373.629 -387.792 -392.398 -396.355 -400.029 -389.855 -385.169 -388.032 -395.921 -404.197 -408.691 -411.412 -407.475 -393.957 -380.497 -368.615 -363.862 -370.022 -367.008 -363.837 -365.435 -352.778 -340.299 -323.927 -304.484 -284.716 -274.992 -267.358 -257.894 -243.967 -228.927 -213.604 -193.297 -171.893 -158.336 -148.932 -138.437 -127.843 -116.133 -106.411 -103.551 -103.840 -109.289 -126.875 -148.074 -167.582 -184.467
-256.210 -258.511 -263.793 -294.588 -334.786 -363.354 -379.232 -397.502 -405.011 -410.776 -427.876 -438.273 -445.598 -444.697 -456.269 -472.780 -486.767 -493.127 -497.443 -506.898 -509.765 -505.670 -497.046 -504.386 -508.839 -507.070 -509.740 -511.673 -502.309 -487.674 -479.317 -471.800 -465.656 -463.650 -460.946 -441.781 -430.341 -417.880 -399.715 -379.940 -359.722 -343.424 -332.979 -320.930 -304.158 -289.318 -270.422 -248.671 -223.095 -206.767 -194.464 -184.332 -173.998 -159.949 -142.758 -128.592 -114.906 -104.278 -104.606 -105.341 -126.621 -141.532
-333.644 -338.376 -349.152 -388.285 -427.416 -456.964 -475.783 -496.893 -509.480 -527.610 -553.970 -570.554 -568.836 -562.268 -565.878 -579.683 -592.003 -601.110 -611.370 -624.878 -633.093 -625.720 -617.361 -615.046 -613.663 -610.482 -610.207 -611.688 -613.325 -603.574 -595.773 -586.960 -579.396 -572.751 -549.871 -528.773 -515.372 -497.943 -480.125 -459.715 -438.398 -420.452 -407.480 -391.436 -374.174 -355.450 -335.775 -311.945 -284.592 -263.749 -250.923 -239.309 -226.999 -209.945 -189.425 -170.014 -149.495 -131.267 -121.483 -110.499 -101.416 -102.210
-426.724 -430.901 -456.823 -495.110 -532.831 -558.053 -579.307 -600.502 -622.313 -648.275 -673.897 -691.007 -684.399 -677.793 -670.058 -682.222 -694.325 -701.042 -714.439 -727.771 -740.471 -732.097 -723.564 -710.211 -707.470 -704.858 -699.798 -701.620 -703.570 -708.605 -700.277 -691.850 -680.975 -658.188 -635.417 -613.839 -596.251 -578.865 -559.438 -538.152 -516.837 -495.286 -479.143 -463.017 -444.225 -425.682 -407.260 -385.707 -360.497 -339.124 -322.662 -305.182 -291.123 -269.516 -243.421 -219.651 -191.613 -172.765 -158.853 -146.700 -134.417 -118.678
-541.691 -566.852 -594.978 -632.689 -654.446 -672.310 -693.461 -713.248 -732.627 -758.002 -780.299 -801.719 -797.449 -785.845 -772.769 -781.358 -786.505 -789.803 -801.330 -814.471 -827.551 -823.877 -809.956 -794.105 -788.491 -782.892 -775.932 -776.089 -781.978 -790.168 -785.029 -773.048 -758.597 -737.747 -716.613 -696.479 -678.507 -658.572 -637.555 -616.289 -593.374 -569.913 -553.506 -532.969 -511.294 -492.816 -480.920 -465.588 -441.430 -424.049 -404.581 -385.002 -370.245 -343.932 -313.346 -277.388 -242.362 -212.860 -199.754 -187.605 -177.110 -161.311
-672.588 -701.210 -729.698 -749.392 -767.146 -784.831 -802.588 -821.770 -840.858 -860.176 -881.115 -901.742 -896.572 -883.038 -869.642 -868.518 -871.500 -874.499 -882.618 -895.811 -908.738 -901.089 -885.792 -870.546 -861.419 -855.115 -848.851 -851.692 -859.751 -867.650 -860.415 -845.892 -831.427 -814.044 -793.636 -773.238 -753.288 -732.479 -711.673 -688.808 -665.340 -641.849 -619.484 -598.006 -576.727 -566.221 -555.580 -545.698 -528.926 -511.814 -492.357 -471.509 -450.611 -422.736 -385.246 -347.747 -312.211 -278.444 -256.233 -239.851 -225.965 -206.903
-764.488 -793.003 -821.501 -844.330 -861.985 -872.081 -886.463 -905.561 -919.126 -935.750 -956.382 -959.187 -954.739 -941.345 -937.970 -937.211 -940.203 -941.327 -946.620 -959.550 -955.203 -947.155 -931.919 -920.861 -911.795 -905.523 -901.327 -902.401 -910.333 -908.557 -901.333 -886.872 -875.324 -860.146 -839.750 -822.942 -804.206 -783.371 -761.973 -739.405 -715.678 -690.274 -667.277 -648.170 -638.525 -628.162 -621.052 -624.682 -610.486 -596.178 -581.378 -560.512 -539.574 -512.021 -474.659 -433.383 -391.320 -355.496 -320.425 -300.621 -279.975 -258.716
-856.858 -885.379 -913.858 -938.404 -948.355 -958.481 -969.901 -983.298 -996.748 -1010.398 -1012.306 -1014.453 -1014.152 -1011.172 -1008.060 -1005.745 -1006.865 -1007.999 -1008.009 -1003.651 -999.511 -993.994 -983.131 -972.203 -962.526 -958.490 -954.437 -952.137 -949.747 -947.448 -943.015 -931.606 -920.162 -906.995 -890.232 -873.424 -855.143 -833.740 -812.317 -789.478 -764.106 -738.695 -719.454 -709.764 -700.045 -695.585 -699.109 -702.614 -693.638 -681.604 -669.720 -649.466 -628.441 -607.088 -564.275 -518.374 -474.588 -439.756 -405.332 -376.666 -351.516 -328.354
-931.123 -959.546 -986.245 -1004.898 -1014.610 -1024.421 -1034.592 -1048.050 -1059.555 -1062.587 -1064.746 -1066.756 -1068.027 -1064.541 -1060.940 -1056.830 -1057.456 -1057.369 -1054.975 -1050.863 -1045.484 -1036.674 -1025.952 -1014.430 -1000.783 -996.638 -992.269 -987.184 -984.804 -981.942 -977.727 -966.419 -955.010 -942.747 -926.099 -908.968 -890.247 -868.637 -844.012 -815.692 -790.016 -764.802 -744.213 -735.551 -730.999 -732.363 -737.384 -748.481 -748.262 -736.625 -732.084 -717.523 -696.644 -682.472 -643.851 -598.434 -566.298 -531.740 -496.736 -454.526 -428.575 -398.183
