tests/3D/Borden05m_nopit_001/output_maps/psiliqL0030N0010.asc
ncols         160
nrows         34
xllcorner     620200.000000
yllcorner     5168000.000000
cellsize      0.500000
NODATA_value  -9999.0
[rows 0 to 27 of 34, columns 0 to 61 of 160]
-9999.000 -9999.000 -9999.000 -9999.000 -9999.000 -9999.000 -9999.000 -9999.000 -9999.000 -9999.000 -9999.000 -9999.000 -9999.000 -9999.000 -9999.000 -9999.000 -9999.000 -9999.000 -9999.000 -9999.000 -9999.000 -9999.000 -9999.000 -9999.000 -9999.000 -9999.000 -9999.000 -9999.000 -9999.000 -9999.000 -9999.000 -9999.000 -9999.000 -9999.000 -9999.000 -9999.000 -9999.000 -9999.000 -9999.000 -9999.000 -9999.000 -9999.000 -9999.000 -9999.000 -9999.000 -9999.000 -9999.000 -9999.000 -9999.000 -9999.000 -9999.000 -9999.000 -9999.000 -9999.000 -9999.000 -9999.000 -9999.000 -9999.000 -9999.000 -9999.000 -9999.000 -9999.000
-9999.000 -9999.000 -9999.000 -9999.000 -9999.000 -9999.000 -9999.000 -9999.000 -9999.000 -9999.000 -9999.000 -9999.000 -9999.000 -9999.000 -9999.000 -9999.000 -9999.000 -9999.000 -9999.000 -9999.000 -9999.000 -9999.000 -9999.000 -9999.000 -9999.000 -9999.000 -9999.000 -9999.000 -9999.000 -9999.000 -9999.000 -9999.000 -9999.000 -9999.000 -9999.000 -9999.000 -9999.000 -9999.000 -9999.000 -9999.000 -9999.000 -9999.000 -9999.000 -9999.000 -9999.000 -9999.000 -9999.000 -9999.000 -9999.000 -9999.000 -9999.000 -9999.000 -9999.000 -9999.000 -9999.000 -9999.000 -9999.000 -9999.000 -9999.000 4197.055 4191.815 4187.198
-9999.000 -9999.000 -9999.000 -9999.000 -9999.000 -9999.000 -9999.000 -9999.000 -9999.000 -9999.000 -9999.000 -9999.000 -9999.000 -9999.000 -9999.000 -9999.000 -9999.000 -9999.000 -9999.000 -9999.000 -9999.000 -9999.000 -9999.000 -9999.000 -9999.000 -9999.000 -9999.000 -9999.000 -9999.000 -9999.000 -9999.000 -9999.000 -9999.000 -9999.000 -9999.000 -9999.000 -9999.000 -9999.000 -9999.000 -9999.000 -9999.000 -9999.000 -9999.000 -9999.000 -9999.000 -9999.000 -9999.000 4072.144 4055.002 4042.320 4036.716 4057.136 4079.980 4103.687 4124.084 4142.062 4160.375 4181.666 4184.730 4172.821 4167.674 4164.574
-9999.000 -9999.000 -9999.000 -9999.000 -9999.000 -9999.000 -9999.000 -9999.000 -9999.000 -9999.000 -9999.000 -9999.000 -9999.000 -9999.000 -9999.000 -9999.000 -9999.000 -9999.000 -9999.000 -9999.000 -9999.000 -9999.000 -9999.000 -9999.000 -9999.000 -9999.000 -9999.000 -9999.000 -9999.000 -9999.000 -9999.000 -9999.000 -9999.000 -9999.000 -9999.000 -9999.000 -9999.000 -9999.000 -9999.000 -9999.000 4123.990 4129.842 4129.000 4119.244 4107.741 4093.384 4072.437 4055.384 4042.846 4041.032 4043.248 4044.905 4064.719 4090.242 4110.105 4125.254 4144.454 4165.011 4167.480 4157.339 4149.768 4142.349
-9999.000 -9999.000 -9999.000 -9999.000 -9999.000 -9999.000 -9999.000 -9999.000 -9999.000 -9999.000 -9999.000 -9999.000 -9999.000 -9999.000 -9999.000 -9999.000 -9999.000 -9999.000 -9999.000 -9999.000 -9999.000 -9999.000 -9999.000 -9999.000 -9999.000 -9999.000 -9999.000 -9999.000 -9999.000 -9999.000 -9999.000 -9999.000 -9999.000 -9999.000 4031.843 4048.480 4066.204 4084.684 4101.622 4108.690 4114.432 4119.519 4114.525 4109.994 4097.952 4076.018 4056.601 4044.040 4043.334 4040.748 4043.813 4054.631 4070.958 4085.307 4105.469 4129.977 4138.840 4149.036 4151.383 4146.327 4148.799 4150.623
-9999.000 -9999.000 -9999.000 -9999.000 -9999.000 -9999.000 -9999.000 -9999.000 -9999.000 -9999.000 -9999.000 -9999.000 -9999.000 -9999.000 -9999.000 -9999.000 -9999.000 -9999.000 -9999.000 -9999.000 -9999.000 -9999.000 -9999.000 -9999.000 -9999.000 -9999.000 -9999.000 -9999.000 4038.511 4032.434 4027.531 4025.723 4024.009 4022.923 4029.340 4039.916 4056.380 4078.414 4091.637 4098.742 4105.540 4105.527 4099.058 4097.165 4097.415 4084.141 4071.327 4059.314 4047.505 4043.495 4051.836 4065.828 4081.751 4095.927 4110.825 4112.780 4134.688 4154.419 4159.664 4153.646 4150.329 4149.561
-9999.000 -9999.000 -9999.000 -9999.000 -9999.000 -9999.000 -9999.000 -9999.000 -9999.000 -9999.000 -9999.000 -9999.000 -9999.000 -9999.000 -9999.000 -9999.000 -9999.000 -9999.000 -9999.000 -9999.000 -9999.000 -9999.000 -9999.000 4008.928 4013.399 4019.739 4027.283 4028.061 4024.853 4019.347 4016.555 4014.891 4012.117 4016.379 4022.665 4035.035 4049.725 4071.825 4079.592 4082.851 4093.516 4097.201 4105.400 4108.827 4106.447 4101.504 4085.315 4072.499 4073.193 4076.100 4082.542 4090.589 4103.701 4116.430 4130.584 4147.465 4166.170 4186.573 4198.724 4192.489 4185.264 4177.418
-9999.000 -9999.000 -9999.000 -9999.000 -9999.000 -9999.000 -9999.000 -9999.000 -9999.000 -9999.000 -9999.000 -9999.000 -9999.000 -9999.000 -9999.000 -9999.000 -9999.000 -9999.000 -9999.000 3984.747 3985.764 3987.260 3992.032 3992.101 3993.523 3999.947 4007.608 4010.401 4007.686 4006.522 4007.369 4009.454 4013.549 4023.143 4035.763 4048.935 4060.665 4080.541 4094.081 4105.196 4119.460 4119.697 4115.652 4113.451 4112.554 4109.669 4105.452 4102.618 4108.179 4106.864 4108.784 4117.279 4128.880 4144.199 4160.353 4176.099 4188.405 4204.229 4220.434 4210.430 4200.548 4183.153
-9999.000 -9999.000 -9999.000 -9999.000 -9999.000 -9999.000 -9999.000 -9999.000 -9999.000 -9999.000 -9999.000 -9999.000 -9999.000 -9999.000 -9999.000 -9999.000 3955.663 3957.287 3959.573 3964.984 3968.810 3972.511 3979.235 3980.537 3983.399 3989.944 3993.667 4002.534 4010.380 4016.623 4021.578 4022.976 4028.122 4036.067 4046.160 4058.352 4076.731 4099.323 4113.722 4129.303 4145.572 4145.191 4142.366 4141.451 4138.478 4137.331 4149.812 4151.355 4143.190 4149.840 4160.130 4161.506 4167.558 4186.939 4208.093 4220.716 4240.440 4255.930 4278.405 4266.492 4241.645 4223.289
-9999.000 -9999.000 -9999.000 -9999.000 -9999.000 -9999.000 -9999.000 -9999.000 -9999.000 -9999.000 -9999.000 -9999.000 -9999.000 3905.242 3908.975 3919.234 3931.344 3934.348 3939.281 3945.925 3957.645 3960.831 3966.188 3972.604 3984.835 3992.644 4000.350 4010.998 4017.731 4023.373 4028.270 4028.931 4038.467 4050.678 4063.198 4080.586 4101.184 4117.677 4133.892 4149.355 4159.280 4154.170 4152.543 4153.728 4156.567 4167.295 4182.234 4179.084 4185.186 4204.132 4212.650 4217.953 4222.731 4236.338 4257.687 4286.354 4319.166 4343.113 4352.485 4358.533 4340.963 4338.039
-9999.000 -9999.000 -9999.000 -9999.000 -9999.000 -9999.000 -9999.000 -9999.000 -9999.000 -9999.000 3880.868 3881.830 3877.680 3873.732 3879.442 3891.525 3906.024 3910.760 3922.472 3943.510 3961.973 3964.166 3976.347 3985.683 3991.301 3999.545 4010.807 4021.012 4034.233 4043.886 4050.007 4063.538 4077.322 4091.595 4106.937 4125.810 4139.338 4160.209 4183.222 4189.493 4203.736 4203.159 4197.955 4194.815 4203.439 4212.243 4224.173 4236.625 4253.363 4273.535 4281.057 4293.033 4301.208 4310.687 4325.738 4369.414 4415.584 4445.177 4460.801 4473.235 4468.737 4470.776
-9999.000 -9999.000 -9999.000 -9999.000 -9999.000 -9999.000 -9999.000 -9999.000 3856.464 3864.613 3869.344 3865.505 3860.501 3853.389 3867.848 3882.512 3897.589 3915.484 3930.116 3947.584 3960.055 3973.178 3992.229 4001.288 4009.996 4023.268 4034.350 4046.655 4065.066 4069.678 4077.325 4094.458 4107.634 4122.565 4139.037 4153.599 4170.785 4198.853 4225.879 4239.309 4263.971 4278.730 4271.202 4267.870 4267.901 4289.595 4314.266 4342.293 4358.829 4380.672 4408.207 4427.363 4436.378 4447.271 4460.969 4486.194 4523.508 4553.221 4584.180 4598.272 4599.048 4595.809
-9999.000 -9999.000 -9999.000 -9999.000 -9999.000 -9999.000 3827.762 3851.896 3866.718 3857.338 3841.119 3834.811 3827.239 3859.955 3881.733 3898.259 3913.940 3930.420 3945.449 3951.239 3978.322 3996.986 4006.671 4017.006 4029.945 4042.809 4057.123 4076.289 4091.057 4109.274 4121.161 4134.140 4155.847 4171.406 4186.814 4198.291 4224.092 4257.437 4290.967 4313.809 4337.239 4368.758 4366.496 4367.376 4367.646 4392.167 4426.524 4456.114 4487.409 4517.600 4546.451 4556.847 4565.739 4575.571 4588.177 4598.126 4614.514 4644.471 4674.735 4697.367 4711.854 4711.234
-9999.000 -9999.000 -9999.000 -9999.000 3796.299 3816.760 3834.434 3863.706 3884.840 3879.194 3882.071 3878.598 3872.505 3877.069 3884.674 3900.568 3918.739 3937.305 3949.303 3972.828 4019.281 4027.743 4041.427 4068.815 4077.760 4090.122 4104.276 4122.894 4138.054 4162.636 4193.425 4219.623 4239.239 4257.048 4275.226 4290.549 4325.699 4362.373 4397.665 4428.517 4454.779 4481.030 4486.445 4490.950 4500.800 4518.307 4541.568 4569.453 4603.927 4636.326 4659.465 4667.724 4672.618 4682.215 4689.378 4698.390 4709.066 4728.716 4752.971 4790.046 4815.633 4827.700
-9999.000 -9999.000 -9999.000 3740.750 3779.702 3819.506 3844.066 3873.343 3904.977 3902.558 3910.304 3907.696 3903.928 3907.414 3907.956 3923.113 3940.641 3960.469 3980.570 4012.138 4038.623 4051.992 4077.622 4089.827 4099.833 4111.038 4128.776 4147.078 4181.922 4209.295 4253.950 4303.790 4334.855 4353.289 4376.046 4403.941 4429.543 4469.312 4503.525 4535.773 4566.082 4588.056 4601.672 4606.030 4616.064 4621.540 4633.580 4654.742 4677.482 4708.880 4738.624 4768.770 4784.609 4796.204 4813.836 4832.486 4847.210 4863.048 4833.067 4860.811 4875.009 4881.648
-9999.000 -9999.000 3691.983 3731.905 3761.994 3807.043 3859.473 3894.096 3932.233 3948.768 3950.047 3957.836 3965.890 3964.232 3970.175 3980.673 4003.228 4012.117 4032.873 4043.751 4076.874 4107.116 4095.754 4130.259 4159.257 4193.053 4215.258 4241.896 4280.412 4312.597 4356.343 4406.747 4440.606 4468.309 4484.699 4505.761 4526.188 4553.695 4591.613 4617.080 4651.677 4677.410 4696.936 4696.692 4699.260 4715.829 4745.390 4777.717 4807.978 4838.508 4818.608 4845.158 4857.045 4863.677 4874.104 4881.250 4884.691 4882.666 4881.835 4875.220 4868.992 4868.153
-9999.000 -9999.000 3660.415 3707.324 3739.579 3794.241 3882.336 3914.941 3953.269 3997.940 4009.545 4029.395 4017.222 3999.428 4014.934 4026.384 4049.003 4056.620 4049.102 4100.234 4151.226 4168.478 4163.798 4243.643 4298.186 4324.982 4343.325 4364.053 4383.186 4421.013 4458.848 4514.515 4556.014 4586.356 4601.224 4622.374 4642.412 4657.518 4677.778 4726.888 4764.889 4797.356 4830.897 4852.880 4861.338 4867.052 4837.843 4860.077 4875.155 4881.658 4884.304 4880.425 4879.909 4880.790 4881.710 4876.182 4868.954 4861.723 4856.228 4849.745 4844.503 4842.540
-9999.000 3565.363 3617.895 3667.203 3729.618 3788.389 3859.851 3932.502 4001.076 4054.234 4077.944 4065.003 4053.698 4073.606 4091.000 4104.459 4110.839 4122.787 4101.689 4156.906 4190.547 4233.389 4330.724 4390.387 4459.471 4454.613 4441.893 4445.554 4460.225 4508.243 4591.233 4650.665 4720.630 4772.698 4791.028 4799.350 4818.989 4840.624 4778.882 4828.159 4851.000 4870.058 4881.481 4884.107 4885.575 4885.301 4881.503 4874.293 4865.977 4860.025 4855.719 4851.215 4853.662 4857.008 4856.994 4850.280 4842.426 4834.655 4826.875 4819.875 4813.528 4809.088
-9999.000 3525.793 3582.305 3649.308 3715.033 3754.428 3829.345 4002.537 4067.437 4105.309 4105.335 4066.611 4118.549 4176.923 4198.917 4244.922 4227.032 4211.335 4168.012 4191.900 4228.410 4299.554 4480.171 4571.267 4631.100 4639.028 4638.799 4668.334 4715.403 4766.807 4817.066 4777.615 4834.350 4862.453 4868.326 4869.148 4875.454 4873.759 4872.631 4868.032 4862.759 4862.948 4867.785 4867.655 4864.617 4861.104 4855.318 4847.901 4842.779 4838.134 4835.497 4832.700 4830.600 4829.580 4824.468 4819.373 4809.851 4799.716 4789.715 4778.968 4768.168 4761.305
-9999.000 3481.231 3557.192 3613.199 3652.007 3734.234 3865.192 4011.781 4109.138 4142.009 4104.988 4129.808 4234.279 4344.902 4398.596 4419.444 4394.828 4338.952 4312.745 4357.183 4430.747 4560.581 4715.267 4822.902 4839.717 4843.634 4788.093 4817.978 4845.677 4848.964 4850.265 4859.832 4865.036 4868.152 4866.526 4863.618 4858.737 4850.421 4845.651 4841.838 4837.973 4836.604 4838.439 4840.510 4837.587 4833.641 4829.145 4823.573 4817.170 4810.309 4805.822 4801.425 4799.223 4793.347 4789.958 4784.080 4766.354 4751.205 4736.527 4723.533 4710.338 4693.213
-9999.000 3348.374 3447.681 3482.324 3540.905 3734.264 3863.966 4000.498 4172.217 4186.903 4223.241 4370.269 4495.687 4579.938 4606.752 4639.116 4663.751 4678.723 4717.477 4574.975 4664.484 4776.220 4828.329 4850.926 4863.895 4864.327 4853.977 4832.692 4821.847 4815.079 4816.696 4824.043 4828.525 4833.154 4830.798 4832.052 4833.521 4830.387 4826.260 4817.325 4809.359 4802.331 4798.586 4803.120 4798.502 4796.341 4789.984 4781.285 4772.104 4764.682 4756.480 4749.814 4747.614 4742.609 4741.351 4731.233 4698.634 4676.667 4658.724 4638.623 4608.983 4588.813
-9999.000 3267.171 3337.740 3385.367 3484.676 3647.470 3729.479 3883.512 4136.166 4280.077 4458.620 4557.596 4629.176 4667.182 4715.708 4771.368 4800.633 4814.271 4778.133 4805.229 4759.899 4748.415 4766.875 4797.677 4816.553 4820.927 4813.332 4804.628 4797.324 4796.201 4793.766 4788.891 4784.011 4779.973 4776.835 4780.162 4785.758 4778.277 4767.377 4757.434 4748.488 4738.904 4732.752 4727.636 4728.440 4728.789 4720.961 4710.247 4699.103 4690.591 4683.353 4679.014 4676.106 4670.911 4660.445 4646.052 4617.564 4591.241 4567.693 4533.719 4484.073 4469.523
-9999.000 3138.238 3275.082 3343.686 3426.155 3550.542 3644.713 3790.970 3913.752 4167.894 4304.977 4528.005 4582.524 4658.136 4703.741 4781.053 4775.094 4744.028 4698.308 4682.621 4696.595 4706.363 4713.989 4727.697 4746.028 4756.698 4762.839 4757.364 4742.993 4729.591 4717.139 4702.247 4692.111 4689.219 4694.306 4705.247 4705.233 4695.794 4681.189 4662.126 4645.889 4633.590 4631.796 4634.963 4636.318 4631.959 4626.289 4615.214 4602.332 4589.428 4584.035 4579.791 4571.932 4559.979 4547.486 4533.887 4510.613 4492.212 4467.980 4422.303 4377.918 4333.972
-9999.000 -9999.000 3184.398 3290.962 3376.933 3481.229 3558.204 3664.718 3800.217 3968.120 4085.253 4283.917 4388.514 4433.938 4464.687 4522.706 4551.642 4588.194 4587.048 4602.216 4614.196 4620.299 4625.103 4629.802 4640.057 4650.265 4661.600 4658.732 4650.049 4628.445 4600.985 4579.524 4568.455 4558.426 4571.463 4584.424 4578.060 4570.986 4557.988 4541.441 4528.856 4514.293 4510.840 4510.558 4511.231 4508.982 4506.910 4494.341 4482.005 4472.462 4468.660 4462.942 4459.665 4449.845 4439.175 4429.232 4411.621 4389.163 4361.278 4318.713 4279.954 4239.769
-9999.000 -9999.000 3093.823 3194.884 3290.398 3403.076 3478.372 3466.929 3595.423 3693.444 3802.541 3919.216 4022.267 4094.232 4124.954 4189.196 4251.801 4272.263 4320.253 4383.204 4421.325 4465.522 4490.976 4500.169 4512.832 4528.108 4535.486 4519.226 4507.840 4490.493 4466.198 4438.200 4424.073 4424.532 4422.529 4422.906 4414.592 4405.698 4391.017 4377.436 4365.325 4357.032 4353.502 4347.136 4344.440 4341.640 4340.239 4335.807 4328.231 4324.365 4315.940 4312.660 4312.299 4310.066 4305.028 4303.796 4295.160 4269.800 4241.699 4214.537 4184.434 4163.561
-9999.000 -9999.000 -9999.000 3151.232 3222.381 3245.352 3334.086 3352.301 3330.397 3405.469 3520.703 3664.234 3729.213 3782.452 3840.057 3877.103 3931.285 3985.904 4054.476 4141.541 4200.438 4254.070 4309.107 4337.169 4351.306 4368.754 4368.487 4359.960 4351.814 4337.272 4311.420 4288.415 4282.982 4291.715 4287.044 4279.323 4272.862 4272.441 4267.420 4258.461 4247.206 4245.932 4242.570 4235.902 4229.462 4225.015 4221.735 4221.675 4217.357 4210.401 4210.644 4211.703 4209.428 4209.669 4206.546 4199.893 4196.595 4168.217 4145.842 4132.200 4106.849 4078.278
-9999.000 -9999.000 -9999.000 -9999.000 -9999.000 3079.487 3186.536 3289.528 3322.605 3338.564 3394.799 3497.356 3529.463 3582.614 3646.493 3697.801 3768.101 3839.729 3927.827 3969.565 4038.596 4075.497 4120.957 4176.265 4190.129 4200.794 4213.081 4204.815 4196.860 4188.779 4164.532 4164.099 4168.326 4168.528 4168.165 4162.711 4158.194 4153.024 4152.426 4140.802 4137.371 4136.901 4133.056 4129.309 4123.867 4120.582 4118.217 4119.047 4112.483 4114.180 4122.073 4120.594 4118.884 4118.744 4113.184 4104.986 4097.644 4077.786 4066.428 4059.599 4029.466 4012.361
-9999.000 -9999.000 -9999.000 -9999.000 -9999.000 -9999.000 3047.007 3147.495 3213.078 3280.673 3356.334 3405.552 3423.158 3444.727 3488.063 3565.140 3660.708 3737.341 3784.889 3827.430 3877.402 3922.268 3958.600 4007.073 4028.605 4036.608 4054.133 4052.977 4045.885 4043.361 4046.316 4060.785 4055.578 4054.929 4053.145 4052.441 4045.751 4040.327 4038.120 4040.494 4042.931 4038.660 4035.113 4031.471 4026.452 4021.593 4018.831 4017.071 4019.097 4027.501 4029.126 4030.588 4029.616 4026.907 4018.918 4009.504 4001.742 3995.434 3987.704 3978.000 3965.088 3953.337
