tests/3D/Borden05m_nopit_001/output_maps/psiliqL0013N0002.asc
ncols         160
nrows         34
xllcorner     620200.000000
yllcorner     5168000.000000
cellsize      0.500000
NODATA_value  -9999.0
[rows 0 to 27 of 34, columns 64 to 127 of 160]
-9999.000 -9999.000 -9999.000 -9999.000 -9999.000 -9999.000 -9999.000 -9999.000 -9999.000 -9999.000 -9999.000 -9999.000 -9999.000 -9999.000 -9999.000 -9999.000 -9999.000 -9999.000 -9999.000 -9999.000 -9999.000 -9999.000 -9999.000 -9999.000 -9999.000 -9999.000 -9999.000 -9999.000 -9999.000 -9999.000 -9999.000 -9999.000 -9999.000 -9999.000 -9999.000 -9999.000 -9999.000 -9999.000 -9999.000 -9999.000 -9999.000 -9999.000 -9999.000 -9999.000 -9999.000 -9999.000 -9999.000 -9999.000 -9999.000 -9999.000 -9999.000 -9999.000 -9999.000 -9999.000 -9999.000 -9999.000 -9999.000 -9999.000 -9999.000 -9999.000 -9999.000 -9999.000 -9999.000 -9999.000
767.449 758.845 754.656 753.521 752.512 751.911 756.955 764.770 772.241 779.245 781.512 783.813 785.920 786.286 784.951 781.632 778.264 774.803 773.233 765.110 753.702 744.873 742.101 746.511 750.987 753.512 759.408 770.204 781.093 789.741 801.762 807.739 813.057 816.272 812.457 809.213 805.690 800.823 789.937 -9999.000 -9999.000 -9999.000 -9999.000 -9999.000 -9999.000 -9999.000 -9999.000 -9999.000 -9999.000 -9999.000 -9999.000 -9999.000 -9999.000 -9999.000 -9999.000 -9999.000 -9999.000 -9999.000 -9999.000 -9999.000 -9999.000 -9999.000 -9999.000 -9999.000
751.918 746.396 740.728 738.601 738.405 738.235 742.129 752.082 759.871 764.465 766.812 769.256 768.816 768.152 767.710 764.724 761.212 757.750 755.885 756.241 748.590 743.053 739.593 737.909 740.427 742.851 746.302 755.875 764.139 772.434 786.893 799.496 804.963 802.733 798.059 794.605 788.253 778.503 768.388 758.664 751.929 746.774 741.486 747.891 754.870 765.091 775.081 787.270 799.537 -9999.000 -9999.000 -9999.000 -9999.000 -9999.000 -9999.000 -9999.000 -9999.000 -9999.000 -9999.000 -9999.000 -9999.000 -9999.000 -9999.000 -9999.000
744.185 739.211 733.874 741.999 742.939 743.770 746.781 749.631 752.529 755.077 760.237 769.025 771.543 771.890 771.860 769.881 766.640 764.727 761.876 756.584 755.380 755.555 755.206 760.105 761.591 763.365 756.792 760.463 766.799 773.794 780.514 787.417 791.678 788.761 788.285 780.333 766.979 756.308 748.235 746.667 743.841 736.396 724.121 731.629 747.541 752.472 756.098 767.992 780.418 790.803 793.206 793.014 792.805 790.282 776.600 762.069 747.371 728.872 -9999.000 -9999.000 -9999.000 -9999.000 -9999.000 -9999.000
746.430 743.951 755.896 764.748 766.049 768.544 771.831 770.943 758.834 756.201 764.224 774.276 779.786 779.747 779.433 777.174 775.982 775.437 773.093 773.679 775.915 775.705 780.165 785.706 788.583 780.892 771.936 772.938 780.862 789.198 796.746 807.660 819.314 818.715 813.641 805.273 792.401 769.689 750.836 740.576 733.999 727.350 727.870 725.343 737.058 739.139 741.334 749.840 760.357 770.781 776.846 776.486 776.086 773.840 764.531 749.979 735.394 718.767 693.373 665.103 638.901 637.629 661.519 685.336
755.635 767.330 780.243 793.886 795.919 797.888 797.039 787.693 777.252 773.235 787.643 803.416 811.302 811.601 810.595 817.184 815.544 813.584 808.503 810.336 811.603 821.263 828.648 835.566 833.750 821.898 810.687 809.349 812.310 815.796 822.267 832.826 842.982 838.511 832.139 823.062 795.555 769.565 753.792 754.901 755.896 751.803 749.389 746.847 740.537 740.648 740.346 740.211 752.519 765.231 768.910 762.876 759.358 757.302 748.992 738.118 722.950 706.243 687.462 659.511 653.065 644.621 666.777 690.700
800.248 812.234 828.591 851.421 853.340 855.773 857.989 846.520 834.042 822.663 839.958 849.706 857.916 859.275 868.715 878.187 873.371 865.179 854.811 860.841 872.367 887.055 893.517 897.171 896.019 885.169 879.648 878.305 880.616 878.420 883.172 893.811 909.326 909.566 901.506 880.290 844.943 812.151 793.134 799.874 794.228 788.618 785.954 773.089 763.196 764.085 755.324 749.827 761.839 768.366 770.293 763.808 769.374 762.090 743.481 726.545 711.410 697.186 681.824 675.015 665.920 658.222 671.097 691.336
837.652 855.319 876.782 899.225 906.440 908.795 917.573 910.735 901.182 892.683 903.106 914.655 925.825 935.071 947.205 958.257 948.605 936.624 931.407 936.252 955.296 971.917 976.717 977.899 980.753 972.126 965.717 959.228 954.254 948.779 945.117 963.466 980.320 979.530 957.642 935.286 901.159 865.580 835.401 836.390 835.410 835.950 822.632 808.822 793.847 785.675 777.847 764.751 770.939 776.636 786.767 796.060 797.234 780.954 763.694 744.580 726.233 712.131 707.091 701.831 692.218 685.780 692.409 706.644
930.007 943.714 966.244 996.217 1016.080 1033.913 1037.340 1028.479 1019.276 1005.984 1003.499 1019.738 1031.079 1041.179 1051.410 1063.322 1068.617 1065.980 1065.356 1068.251 1074.818 1083.253 1089.642 1094.881 1100.406 1097.097 1087.272 1081.066 1072.654 1066.269 1064.214 1067.179 1078.672 1077.635 1053.354 1028.285 998.615 964.154 935.346 920.176 928.034 919.072 903.106 885.812 853.244 838.832 824.829 797.320 794.412 803.377 816.619 826.777 812.106 795.931 777.824 757.669 738.646 732.042 730.795 727.915 722.016 719.495 724.902 738.568
1040.160 1046.579 1077.255 1110.243 1137.809 1160.547 1168.182 1157.488 1147.503 1135.462 1125.860 1129.467 1143.152 1159.145 1174.249 1185.063 1188.540 1187.285 1187.475 1189.264 1192.040 1194.777 1200.580 1207.573 1217.404 1228.322 1222.762 1206.469 1194.540 1181.308 1176.819 1175.918 1174.869 1175.654 1169.342 1139.972 1113.688 1084.092 1057.733 1039.217 1027.766 1010.828 991.059 948.344 911.221 879.365 854.898 829.149 828.766 852.644 884.583 879.941 868.566 852.073 827.970 804.074 780.493 774.528 772.117 767.102 760.833 755.511 751.306 755.543
1158.543 1164.510 1185.579 1221.074 1256.320 1284.517 1287.627 1277.860 1267.263 1256.748 1246.032 1242.497 1249.904 1260.576 1276.159 1287.237 1296.646 1295.909 1296.268 1296.597 1298.497 1300.167 1301.972 1308.769 1320.335 1331.395 1332.523 1319.586 1303.063 1286.268 1279.637 1274.246 1269.131 1269.977 1271.528 1265.397 1242.107 1208.517 1168.588 1144.625 1125.874 1115.095 1101.574 1078.769 1030.966 1003.628 971.848 940.837 924.055 966.891 968.640 958.301 944.158 920.819 894.839 870.181 845.431 837.868 833.099 825.688 819.774 811.759 801.947 798.872
1271.582 1280.738 1296.239 1318.665 1346.105 1371.526 1387.874 1383.765 1371.145 1353.999 1348.760 1347.405 1349.252 1355.600 1363.349 1378.421 1393.884 1399.125 1399.823 1397.396 1399.374 1400.415 1400.428 1401.403 1406.029 1412.966 1415.516 1410.908 1395.382 1375.877 1362.138 1354.050 1350.044 1348.585 1350.464 1350.805 1340.163 1313.095 1277.390 1246.344 1226.554 1212.645 1201.121 1192.189 1175.226 1159.743 1131.867 1091.555 1059.199 1063.617 1055.092 1044.311 1021.120 993.038 967.790 936.959 908.301 892.585 886.866 882.065 875.309 864.594 854.564 848.743
1376.857 1391.581 1409.695 1422.877 1438.921 1459.357 1471.353 1476.743 1476.962 1475.704 1477.457 1477.597 1451.785 1454.727 1457.609 1464.663 1472.551 1475.116 1475.379 1474.330 1475.374 1475.690 1475.823 1475.481 1475.446 1477.541 1478.341 1477.351 1470.909 1473.988 1457.442 1445.912 1438.759 1431.434 1423.352 1414.393 1405.529 1390.478 1365.254 1334.005 1308.818 1299.019 1293.965 1288.879 1285.023 1271.702 1252.477 1224.336 1188.760 1157.922 1150.161 1135.156 1108.402 1086.356 1070.307 1037.168 1005.224 983.242 975.940 961.059 944.802 930.558 914.236 898.918
1472.644 1485.378 1480.156 1483.595 1487.154 1490.690 1491.905 1492.252 1492.092 1489.912 1489.591 1487.982 1483.428 1474.083 1475.569 1477.055 1479.528 1483.007 1481.687 1482.592 1485.479 1484.007 1478.611 1475.090 1473.536 1473.977 1481.010 1484.089 1484.860 1483.892 1483.242 1482.830 1481.422 1479.664 1477.186 1474.017 1477.371 1467.880 1445.712 1414.259 1381.142 1368.733 1365.745 1367.194 1365.405 1360.549 1343.815 1318.871 1285.371 1249.899 1236.333 1224.241 1212.580 1201.802 1187.458 1152.265 1116.911 1090.716 1074.375 1049.800 1030.237 1012.386 991.341 973.649
1495.210 1491.994 1488.615 1484.050 1482.876 1481.660 1479.356 1480.039 1478.168 1474.383 1471.007 1464.768 1454.287 1443.138 1440.687 1445.265 1450.229 1454.488 1457.618 1460.882 1461.972 1457.353 1449.715 1442.828 1440.957 1447.303 1452.753 1457.885 1458.529 1457.179 1455.228 1455.466 1453.082 1453.579 1459.879 1472.773 1478.423 1480.866 1480.518 1473.627 1461.148 1454.185 1435.552 1439.538 1435.593 1425.079 1405.570 1383.569 1356.121 1329.371 1307.209 1299.939 1295.521 1289.946 1280.716 1247.916 1215.690 1185.761 1162.850 1138.078 1115.397 1094.530 1073.230 1051.487
1483.580 1476.860 1468.930 1462.343 1455.940 1454.064 1452.989 1452.494 1452.728 1447.686 1440.222 1425.405 1414.217 1403.298 1397.460 1395.658 1400.610 1410.251 1419.629 1424.171 1417.616 1410.378 1400.015 1392.168 1392.429 1394.636 1403.411 1416.972 1421.341 1421.919 1416.826 1412.318 1406.407 1404.280 1410.766 1425.097 1439.665 1452.701 1460.430 1467.401 1473.570 1477.127 1478.262 1478.886 1478.004 1476.901 1462.373 1442.615 1419.954 1397.398 1372.720 1366.763 1365.155 1361.595 1359.819 1332.871 1299.949 1267.974 1240.967 1215.726 1193.034 1171.422 1148.575 1124.378
1449.930 1443.671 1434.066 1423.803 1414.693 1408.973 1410.032 1412.393 1413.556 1407.589 1393.840 1377.278 1364.480 1351.141 1347.466 1342.870 1338.844 1349.312 1366.129 1372.241 1359.035 1349.419 1335.552 1328.385 1325.356 1326.804 1335.947 1355.289 1374.100 1375.092 1365.322 1355.675 1350.634 1347.689 1353.508 1370.627 1389.475 1403.335 1412.184 1417.280 1424.869 1433.874 1445.587 1458.195 1468.720 1476.811 1480.634 1478.875 1473.535 1461.485 1441.962 1429.263 1420.395 1415.529 1407.954 1387.666 1361.758 1336.436 1310.896 1289.514 1271.348 1247.119 1222.265 1198.265
1407.786 1401.464 1387.849 1376.649 1365.649 1352.936 1350.260 1347.958 1350.190 1339.778 1330.303 1312.676 1298.000 1283.077 1273.095 1267.661 1262.095 1266.173 1281.396 1290.321 1277.408 1267.344 1254.829 1248.846 1245.558 1247.349 1257.332 1278.840 1296.938 1303.432 1295.154 1289.669 1286.802 1284.935 1289.726 1302.875 1321.313 1340.917 1355.815 1364.196 1371.052 1380.308 1393.848 1406.903 1419.961 1436.112 1455.222 1469.080 1477.890 1481.438 1481.038 1477.825 1474.583 1465.444 1455.068 1438.581 1416.271 1390.810 1365.814 1349.258 1333.075 1316.554 1290.559 1262.311
1365.631 1351.134 1306.153 1289.414 1272.882 1258.939 1254.381 1248.095 1240.781 1232.624 1226.967 1221.359 1206.811 1190.229 1174.709 1170.022 1166.257 1157.168 1161.479 1164.523 1169.268 1162.120 1156.645 1154.702 1152.117 1154.995 1168.198 1179.354 1188.658 1194.187 1192.366 1198.345 1203.421 1206.478 1220.857 1232.635 1248.518 1268.240 1290.269 1302.213 1310.539 1320.325 1334.751 1350.208 1366.470 1387.599 1410.867 1425.624 1435.826 1446.989 1458.889 1472.151 1480.427 1485.824 1485.242 1480.715 1460.904 1436.874 1417.270 1400.511 1386.801 1373.715 1355.037 1321.277
1312.138 1271.880 1231.561 1201.006 1184.716 1164.427 1154.622 1144.732 1119.249 1106.145 1101.650 1108.198 1099.927 1083.979 1070.902 1063.385 1057.103 1044.391 1035.204 1040.108 1052.680 1048.674 1047.356 1051.572 1049.763 1045.908 1050.411 1063.963 1071.117 1080.048 1090.734 1093.831 1101.945 1126.829 1138.717 1152.078 1170.194 1190.083 1210.911 1229.579 1241.346 1254.531 1271.864 1287.340 1306.717 1328.734 1355.846 1374.205 1387.391 1397.871 1408.488 1423.237 1442.125 1458.675 1474.622 1485.308 1486.101 1481.071 1461.817 1445.609 1431.913 1423.909 1403.573 1375.537
1210.901 1166.670 1129.113 1102.197 1082.368 1060.684 1043.807 1018.158 988.624 970.103 977.578 986.137 988.741 976.010 964.417 955.209 941.910 927.135 915.672 924.537 933.025 942.054 945.653 949.129 951.650 950.155 944.799 948.504 956.320 965.452 974.675 987.175 1014.958 1037.340 1052.484 1070.920 1088.867 1109.432 1131.178 1150.829 1165.196 1181.942 1199.500 1218.888 1238.179 1261.465 1289.049 1311.940 1326.063 1339.173 1352.058 1370.182 1392.254 1413.395 1436.221 1456.329 1468.194 1480.595 1488.373 1486.376 1474.059 1462.167 1445.613 1424.076
1084.999 1045.605 1014.947 994.907 973.150 952.324 927.902 899.009 875.242 856.974 865.295 873.567 886.436 875.801 865.972 860.884 846.813 833.591 819.444 827.014 837.031 854.478 858.535 861.756 868.550 867.128 864.033 853.860 861.435 870.683 882.931 908.867 931.359 953.051 972.050 989.958 1009.928 1031.297 1052.984 1076.157 1093.365 1110.348 1129.947 1148.479 1165.043 1184.252 1208.776 1229.951 1248.258 1267.722 1282.151 1305.081 1333.209 1360.064 1391.119 1412.789 1427.883 1440.760 1453.630 1471.824 1483.127 1485.510 1480.899 1460.357
935.651 905.287 892.244 877.067 856.916 837.904 818.964 795.391 774.877 752.301 757.299 770.842 785.732 781.347 778.849 776.454 765.976 752.819 739.592 743.334 758.567 775.292 782.711 789.157 796.403 796.140 788.679 779.621 784.455 797.616 812.516 831.764 852.381 872.437 891.018 911.590 932.855 954.364 977.628 1001.984 1019.935 1041.301 1063.648 1080.974 1091.259 1103.234 1125.205 1141.790 1161.982 1182.725 1198.787 1225.480 1257.828 1296.354 1333.814 1368.164 1383.888 1397.254 1408.415 1425.038 1445.386 1464.536 1480.446 1480.681
818.564 804.583 788.366 773.063 757.231 738.161 720.703 703.718 683.081 667.130 673.450 687.187 698.651 702.283 699.852 697.305 690.355 676.982 667.703 676.353 691.610 706.208 716.308 722.816 728.553 725.551 716.937 710.930 718.388 733.092 746.902 762.897 782.984 802.770 822.862 843.801 864.549 887.485 911.069 935.020 958.745 980.052 999.728 1009.021 1018.674 1023.965 1037.909 1054.091 1072.151 1093.292 1115.347 1142.163 1180.381 1219.442 1257.118 1293.871 1322.101 1340.670 1356.626 1376.892 1398.230 1416.343 1431.639 1445.925
739.866 716.473 701.639 693.765 680.656 663.038 650.990 635.309 619.430 620.600 624.005 635.430 636.856 637.883 635.302 634.551 630.657 620.623 628.100 635.538 650.002 660.604 669.892 675.902 679.760 679.497 672.978 676.280 682.841 696.733 707.829 721.961 741.727 758.069 776.310 797.074 818.448 840.845 864.662 890.415 913.376 931.272 939.117 948.371 952.578 945.335 957.607 970.581 983.077 1003.464 1023.976 1048.401 1085.812 1128.755 1173.621 1210.573 1250.279 1273.915 1297.017 1319.427 1343.586 1366.032 1384.556 1398.515
652.614 630.297 622.923 612.857 602.312 590.113 577.086 566.625 568.361 566.392 565.703 566.810 569.945 572.900 572.230 571.317 572.618 579.678 583.972 589.449 599.491 610.522 621.036 624.859 628.952 632.125 635.823 638.240 642.150 652.956 664.312 676.871 692.951 709.717 727.724 749.031 770.781 794.045 819.448 845.298 865.144 873.825 882.946 885.676 880.058 874.897 880.929 892.284 901.486 919.768 940.704 956.902 997.325 1044.197 1086.901 1122.445 1157.524 1192.602 1219.383 1244.289 1275.592 1302.874 1331.191 1349.018
587.930 571.400 561.667 551.830 541.799 529.087 519.830 518.778 516.640 514.775 513.201 516.630 520.385 524.784 524.651 525.278 528.013 532.297 538.240 547.342 558.086 569.938 584.408 588.916 593.406 598.853 601.388 604.411 608.422 619.401 630.791 642.674 659.138 676.293 694.733 716.355 741.192 769.942 795.849 821.407 843.293 851.974 855.841 853.984 847.779 835.001 833.473 843.612 846.133 858.107 877.368 888.381 920.930 963.407 993.203 1027.774 1064.762 1112.128 1140.095 1171.751 1202.975 1233.914 1264.324 1281.520
530.463 511.823 499.464 489.292 480.138 472.938 471.172 468.485 466.876 465.727 464.146 466.373 470.648 474.745 476.875 479.607 482.937 489.131 498.055 506.491 518.277 532.792 547.602 553.890 559.261 564.863 568.816 572.885 576.602 586.579 598.052 608.857 625.819 643.941 662.513 687.695 716.775 746.186 771.621 796.526 821.180 824.556 825.744 825.118 811.372 796.266 790.117 792.507 793.457 799.708 811.206 822.740 847.913 874.512 903.452 939.056 985.539 1031.082 1062.935 1093.777 1124.293 1151.475 1173.469 1193.503
