tests/3D/Borden05m_nopit_001/output_maps/psiliqL0025N0032.asc
ncols         160
nrows         34
xllcorner     620200.000000
yllcorner     5168000.000000
cellsize      0.500000
NODATA_value  -9999.0
[rows 0 to 27 of 34, columns 62 to 123 of 160]
-9999.000 -9999.000 -9999.000 -9999.000 -9999.000 -9999.000 -9999.000 -9999.000 -9999.000 -9999.000 -9999.000 -9999.000 -9999.000 -9999.000 -9999.000 -9999.000 -9999.000 -9999.000 -9999.000 -9999.000 -9999.000 -9999.000 -9999.000 -9999.000 -9999.000 -9999.000 -9999.000 -9999.000 -9999.000 -9999.000 -9999.000 -9999.000 -9999.000 -9999.000 -9999.000 -9999.000 -9999.000 -9999.000 -9999.000 -9999.000 -9999.000 -9999.000 -9999.000 -9999.000 -9999.000 -9999.000 -9999.000 -9999.000 -9999.000 -9999.000 -9999.000 -9999.000 -9999.000 -9999.000 -9999.000 -9999.000 -9999.000 -9999.000 -9999.000 -9999.000 -9999.000 -9999.000
3183.739 3175.153 3165.807 3157.861 3153.644 3152.445 3151.552 3150.877 3155.701 3163.679 3171.221 3178.048 3180.394 3182.682 3184.502 3184.693 3183.490 3180.199 3176.806 3173.370 3171.644 3164.206 3153.039 3144.676 3141.968 3146.149 3150.490 3152.947 3158.170 3168.574 3179.188 3187.770 3200.292 3207.231 3212.579 3215.225 3211.265 3208.015 3204.092 3198.058 3186.982 -9999.000 -9999.000 -9999.000 -9999.000 -9999.000 -9999.000 -9999.000 -9999.000 -9999.000 -9999.000 -9999.000 -9999.000 -9999.000 -9999.000 -9999.000 -9999.000 -9999.000 -9999.000 -9999.000 -9999.000 -9999.000
3163.875 3159.522 3150.952 3145.752 3140.199 3137.527 3137.447 3137.251 3140.854 3151.474 3159.190 3163.676 3166.217 3168.961 3167.405 3166.567 3166.261 3163.295 3159.752 3156.312 3154.411 3155.749 3148.121 3142.135 3138.248 3135.370 3138.081 3140.745 3145.240 3154.430 3162.356 3170.353 3185.481 3198.630 3204.324 3201.828 3197.264 3193.508 3186.205 3175.548 3165.560 3157.322 3151.194 3145.883 3139.586 3146.040 3153.876 3163.285 3172.136 3184.214 3196.477 -9999.000 -9999.000 -9999.000 -9999.000 -9999.000 -9999.000 -9999.000 -9999.000 -9999.000 -9999.000 -9999.000
3143.776 3147.114 3143.766 3138.857 3131.164 3140.950 3141.846 3142.454 3145.522 3147.369 3152.227 3154.560 3159.789 3168.659 3171.357 3171.700 3171.655 3169.592 3166.263 3164.232 3161.364 3156.026 3154.220 3153.863 3152.609 3156.728 3158.233 3161.054 3155.489 3159.862 3166.129 3173.111 3178.735 3184.955 3187.642 3184.419 3184.981 3176.729 3163.170 3153.325 3145.886 3146.044 3143.162 3135.336 3121.786 3130.095 3146.245 3151.082 3153.769 3164.929 3177.247 3187.794 3190.979 3190.684 3190.342 3187.420 3173.573 3158.849 3143.725 3125.037 -9999.000 -9999.000
3151.757 3149.786 3146.144 3141.788 3152.188 3160.394 3161.639 3163.944 3167.720 3168.332 3157.283 3155.110 3162.331 3171.907 3176.978 3177.040 3176.577 3172.907 3171.655 3171.341 3169.427 3168.920 3170.456 3168.126 3171.130 3176.569 3179.835 3174.439 3166.006 3168.177 3176.610 3185.695 3193.302 3203.549 3214.422 3214.689 3210.202 3201.792 3189.408 3167.037 3149.525 3138.701 3130.896 3123.758 3126.640 3122.178 3135.913 3137.786 3140.334 3147.775 3158.151 3168.819 3175.038 3174.365 3173.603 3171.103 3161.502 3146.715 3131.837 3114.255 3087.670 3058.769
3151.180 3150.126 3150.585 3159.364 3171.066 3182.286 3184.125 3185.810 3184.442 3176.695 3166.295 3163.439 3176.672 3193.212 3200.964 3200.429 3196.249 3199.519 3199.445 3199.714 3196.184 3196.933 3194.735 3200.410 3208.025 3215.882 3214.480 3202.140 3189.906 3189.766 3195.066 3201.785 3209.308 3219.517 3228.752 3224.042 3218.893 3211.514 3185.897 3163.159 3148.895 3149.410 3150.306 3146.017 3144.077 3143.164 3139.004 3139.300 3138.575 3138.384 3150.674 3163.926 3167.496 3160.829 3156.805 3154.533 3146.610 3135.105 3119.283 3102.199 3082.490 3054.365
3181.425 3181.826 3187.606 3197.920 3210.743 3232.345 3231.836 3232.295 3231.133 3218.266 3205.056 3194.935 3216.570 3227.432 3234.581 3232.211 3237.555 3246.182 3242.473 3236.013 3224.051 3229.643 3236.445 3251.507 3259.298 3264.437 3260.115 3246.465 3239.809 3241.138 3247.312 3248.276 3256.664 3265.597 3280.600 3279.455 3275.885 3256.026 3219.292 3189.876 3176.937 3188.093 3182.557 3176.329 3176.141 3165.070 3157.784 3160.302 3152.275 3147.633 3160.263 3167.206 3168.634 3160.889 3166.005 3159.202 3138.545 3121.919 3107.336 3092.994 3075.888 3069.819
3191.923 3196.151 3206.085 3223.452 3241.530 3261.492 3260.710 3254.729 3264.223 3257.205 3246.431 3238.808 3259.331 3269.480 3279.717 3285.653 3298.202 3308.635 3292.624 3275.939 3265.912 3272.738 3297.787 3319.714 3324.496 3323.717 3323.408 3308.627 3303.682 3300.053 3300.007 3297.186 3295.206 3320.021 3341.231 3341.020 3319.542 3296.934 3257.875 3220.410 3195.751 3207.902 3204.836 3208.016 3197.774 3186.000 3178.341 3175.492 3168.946 3159.227 3168.196 3172.906 3181.082 3188.369 3192.708 3176.199 3158.667 3139.514 3121.770 3107.708 3101.339 3095.099
3251.205 3264.464 3272.245 3290.238 3307.658 3333.696 3346.322 3357.988 3361.850 3354.623 3346.009 3333.885 3338.523 3361.804 3373.386 3381.821 3390.329 3402.891 3403.619 3397.016 3395.256 3399.499 3412.438 3426.427 3433.136 3436.352 3439.183 3426.721 3414.061 3411.737 3406.066 3404.452 3403.594 3414.431 3434.315 3431.306 3395.767 3369.125 3334.562 3296.557 3267.341 3260.593 3278.842 3276.254 3260.159 3249.253 3222.890 3217.142 3207.498 3184.175 3184.144 3188.016 3198.054 3212.822 3200.196 3183.938 3166.748 3147.241 3130.347 3123.240 3121.609 3118.562
3368.498 3376.627 3379.734 3386.108 3418.318 3451.994 3477.141 3499.862 3507.037 3494.826 3485.017 3471.591 3462.721 3473.212 3490.208 3507.742 3522.668 3533.951 3536.125 3534.563 3534.626 3537.639 3540.618 3544.817 3553.105 3560.705 3569.446 3577.674 3567.577 3550.638 3541.187 3531.881 3530.842 3532.086 3535.612 3536.685 3520.694 3479.572 3448.343 3416.424 3396.386 3382.835 3381.859 3363.802 3339.843 3289.139 3251.911 3220.660 3201.683 3179.590 3187.374 3206.013 3248.607 3252.164 3240.355 3225.390 3202.189 3179.541 3159.283 3155.699 3154.282 3150.112
3494.633 3498.390 3500.831 3503.731 3530.162 3571.410 3610.576 3641.663 3641.709 3628.175 3616.863 3607.652 3593.470 3589.546 3601.888 3617.051 3637.100 3647.580 3653.867 3650.705 3650.932 3652.656 3654.977 3657.096 3660.640 3670.154 3685.071 3699.415 3698.655 3679.997 3662.092 3646.013 3643.308 3640.698 3635.760 3638.035 3639.908 3624.561 3593.678 3554.155 3513.754 3496.592 3481.240 3470.353 3453.621 3414.154 3348.679 3310.045 3272.704 3245.464 3245.917 3312.905 3331.479 3320.914 3310.190 3288.745 3260.967 3238.093 3216.442 3214.310 3210.694 3203.479
3613.294 3620.267 3623.115 3628.935 3645.452 3677.206 3712.381 3741.940 3757.410 3749.757 3731.999 3709.974 3700.330 3697.473 3701.022 3710.429 3723.116 3742.497 3761.802 3767.565 3768.441 3765.763 3768.174 3769.722 3769.833 3772.689 3781.073 3790.867 3794.214 3786.525 3765.616 3742.225 3730.733 3724.147 3720.695 3721.589 3726.607 3729.706 3715.023 3679.652 3635.445 3605.364 3589.943 3577.051 3563.056 3550.715 3518.486 3497.694 3461.638 3413.804 3385.510 3422.297 3414.609 3404.386 3381.574 3350.234 3318.604 3288.436 3263.499 3255.477 3252.326 3251.368
3728.329 3733.069 3740.454 3755.522 3778.725 3797.654 3820.156 3846.642 3862.827 3868.088 3866.457 3862.447 3863.655 3864.005 3801.496 3807.732 3813.946 3830.958 3846.296 3851.845 3852.478 3849.944 3851.768 3852.526 3852.420 3852.043 3854.339 3859.385 3861.310 3858.914 3846.332 3864.419 3844.407 3830.943 3822.724 3814.467 3806.191 3796.741 3786.838 3766.835 3736.019 3701.659 3680.009 3671.983 3665.850 3657.400 3651.679 3634.680 3611.926 3576.887 3537.127 3515.227 3512.893 3496.751 3462.654 3432.659 3410.522 3374.768 3344.806 3328.379 3326.932 3318.570
3843.189 3847.850 3861.762 3878.369 3862.444 3870.738 3879.321 3887.849 3890.778 3891.616 3891.228 3888.837 3888.063 3885.648 3882.162 3871.706 3873.314 3875.257 3877.876 3881.606 3880.496 3881.602 3884.554 3882.792 3876.749 3872.671 3871.091 3872.079 3879.504 3882.982 3883.929 3880.566 3879.620 3878.610 3875.197 3870.937 3864.937 3857.264 3871.971 3859.899 3831.873 3791.667 3750.521 3742.718 3744.358 3744.206 3742.586 3736.902 3719.184 3691.575 3653.883 3615.171 3608.022 3593.840 3575.195 3559.103 3540.138 3500.340 3463.862 3441.127 3430.311 3407.104
3888.086 3890.889 3894.007 3890.995 3887.984 3883.101 3881.539 3880.188 3877.751 3878.382 3876.495 3872.434 3868.400 3860.453 3848.896 3837.719 3834.164 3838.471 3844.087 3849.235 3853.674 3857.393 3857.407 3851.939 3843.510 3835.959 3834.294 3841.164 3846.902 3853.411 3854.277 3852.872 3850.369 3850.110 3846.824 3847.013 3854.063 3868.783 3871.503 3877.354 3876.469 3859.794 3829.637 3840.949 3820.944 3826.862 3822.179 3810.731 3789.302 3764.866 3733.413 3702.572 3683.478 3675.988 3670.054 3662.946 3648.812 3609.574 3574.991 3545.995 3525.874 3500.326
3873.168 3880.220 3881.290 3874.246 3865.680 3858.463 3851.051 3848.716 3848.155 3847.907 3848.413 3843.129 3833.839 3816.850 3805.283 3794.224 3788.288 3784.520 3787.991 3799.225 3811.381 3816.418 3807.143 3798.689 3786.878 3778.804 3779.245 3780.284 3789.778 3806.592 3814.096 3814.872 3808.391 3801.893 3795.212 3792.119 3798.516 3813.778 3830.495 3846.051 3855.141 3862.804 3869.852 3868.230 3870.878 3872.281 3870.037 3872.888 3854.989 3830.895 3801.932 3776.305 3750.130 3746.192 3746.111 3742.447 3740.194 3707.192 3670.582 3636.315 3609.459 3582.819
3845.819 3847.785 3843.715 3837.359 3827.394 3816.407 3806.745 3799.177 3800.219 3802.595 3804.272 3797.023 3781.708 3763.941 3750.496 3736.664 3732.755 3726.892 3719.285 3729.409 3749.114 3756.483 3740.427 3729.558 3714.377 3707.788 3703.794 3704.570 3713.484 3735.939 3759.978 3762.032 3751.062 3740.161 3735.393 3732.135 3736.710 3753.371 3774.099 3790.100 3800.449 3805.705 3813.407 3822.704 3836.854 3851.537 3863.737 3868.311 3876.858 3872.423 3859.330 3851.873 3827.493 3813.026 3805.191 3801.007 3794.017 3770.041 3740.500 3712.775 3686.164 3662.494
3809.497 3805.621 3799.576 3792.614 3772.103 3759.760 3746.952 3732.146 3728.345 3723.655 3724.815 3713.398 3705.469 3689.059 3673.797 3658.260 3645.012 3639.332 3632.682 3631.066 3644.555 3652.992 3643.474 3633.795 3623.147 3618.623 3615.262 3617.723 3628.141 3647.674 3665.956 3674.321 3666.933 3665.546 3665.471 3663.824 3670.027 3680.741 3698.571 3720.802 3739.582 3749.326 3756.074 3765.153 3779.428 3793.377 3807.541 3825.333 3848.147 3864.128 3873.990 3874.361 3873.092 3865.001 3867.497 3856.614 3844.082 3823.834 3798.525 3771.186 3744.890 3727.374
3767.943 3762.011 3756.481 3733.983 3679.148 3658.245 3639.493 3623.442 3616.883 3608.610 3592.679 3584.145 3579.761 3581.978 3568.123 3550.760 3533.193 3528.381 3524.904 3507.640 3503.100 3503.663 3519.890 3513.856 3512.604 3514.507 3512.120 3513.394 3526.112 3533.780 3539.183 3545.869 3550.580 3561.014 3568.944 3579.002 3595.947 3606.628 3621.724 3641.810 3667.185 3682.401 3691.673 3701.829 3716.866 3732.778 3750.242 3772.351 3798.124 3814.341 3825.343 3837.043 3850.369 3865.340 3870.710 3879.120 3877.193 3873.077 3848.876 3819.492 3798.628 3780.910
3702.956 3700.967 3690.899 3636.356 3595.855 3562.302 3545.389 3522.052 3508.782 3492.665 3454.529 3437.339 3437.114 3452.184 3448.894 3433.796 3422.092 3412.826 3403.576 3385.946 3367.218 3373.338 3391.869 3392.892 3396.300 3404.204 3403.691 3396.926 3394.084 3405.993 3411.320 3422.371 3439.896 3444.622 3460.879 3494.369 3506.899 3521.582 3539.578 3559.585 3581.270 3603.440 3617.113 3631.907 3649.955 3666.231 3686.134 3708.302 3737.422 3758.486 3772.590 3783.108 3793.572 3808.688 3829.328 3848.553 3866.870 3876.488 3877.711 3864.833 3847.178 3827.469
3600.341 3594.447 3565.696 3513.769 3478.587 3455.644 3434.293 3411.741 3388.387 3351.388 3317.063 3295.619 3311.781 3323.345 3335.330 3324.219 3313.721 3304.361 3286.473 3269.783 3253.415 3264.528 3273.210 3292.369 3299.309 3303.227 3309.130 3307.607 3296.630 3291.197 3299.026 3308.626 3320.336 3341.654 3376.816 3401.109 3418.853 3438.771 3456.869 3477.616 3499.946 3522.099 3538.482 3556.185 3574.068 3594.310 3612.843 3635.084 3662.738 3688.385 3704.072 3718.966 3732.146 3751.170 3774.720 3797.461 3822.603 3844.241 3857.808 3870.748 3874.798 3869.073
3480.787 3459.293 3412.275 3371.211 3351.213 3338.993 3316.479 3296.209 3267.846 3234.528 3213.561 3193.546 3204.449 3215.236 3235.854 3227.526 3221.130 3218.498 3203.409 3190.351 3174.017 3180.372 3192.625 3216.249 3222.288 3226.423 3235.827 3235.003 3230.172 3212.233 3218.660 3229.133 3243.438 3274.106 3296.154 3317.993 3339.089 3357.748 3378.494 3399.937 3422.123 3447.672 3466.401 3484.577 3505.273 3523.644 3537.233 3552.702 3575.947 3596.528 3617.269 3639.303 3653.774 3678.031 3708.370 3738.834 3773.185 3797.707 3813.014 3825.221 3836.993 3856.679
3331.838 3280.157 3246.031 3226.759 3226.870 3215.747 3197.105 3179.261 3160.985 3140.133 3122.308 3097.988 3104.083 3120.552 3138.181 3140.141 3141.639 3140.607 3131.710 3118.527 3105.077 3108.918 3126.128 3144.170 3154.308 3162.028 3169.700 3169.271 3159.427 3149.051 3153.411 3168.340 3183.900 3200.712 3220.526 3240.436 3259.905 3281.402 3302.995 3324.817 3348.549 3374.180 3394.376 3416.894 3440.136 3455.582 3463.272 3469.985 3488.420 3503.531 3524.490 3546.602 3564.179 3590.874 3625.145 3666.563 3706.453 3746.669 3764.742 3778.109 3788.173 3803.609
3214.822 3182.887 3155.561 3150.204 3136.307 3124.599 3111.673 3092.771 3077.771 3064.308 3044.127 3035.235 3043.291 3057.334 3065.878 3073.297 3071.697 3069.830 3064.643 3050.995 3047.222 3057.380 3072.574 3086.191 3097.755 3104.566 3109.501 3106.250 3096.789 3093.629 3101.410 3116.374 3129.180 3143.059 3162.638 3181.474 3201.749 3222.846 3243.460 3266.452 3290.146 3314.718 3340.410 3361.357 3378.493 3385.817 3393.814 3391.984 3401.433 3415.947 3431.587 3452.801 3476.167 3500.860 3539.528 3580.141 3620.019 3659.973 3695.761 3715.854 3732.833 3752.398
3152.309 3123.976 3096.644 3072.401 3061.823 3057.305 3046.117 3030.732 3020.974 3006.716 2998.011 3005.179 3007.010 3015.462 3013.947 3015.377 3013.414 3013.225 3011.441 3005.778 3017.977 3024.492 3037.787 3047.697 3057.317 3062.926 3066.268 3067.222 3062.828 3068.424 3073.972 3086.991 3097.388 3109.923 3128.714 3144.325 3161.785 3182.404 3203.697 3225.782 3249.671 3275.878 3298.697 3314.661 3319.670 3327.105 3326.767 3313.876 3323.016 3333.713 3342.423 3361.727 3381.179 3400.391 3437.284 3482.020 3530.241 3567.840 3613.239 3641.139 3666.074 3687.887
3071.916 3043.730 3017.097 2998.145 2994.661 2984.686 2975.461 2965.070 2952.683 2947.034 2954.269 2952.570 2950.385 2948.665 2951.833 2955.755 2955.761 2955.181 2958.459 2969.596 2974.120 2979.534 2988.334 2999.518 3011.290 3014.787 3018.936 3023.419 3029.083 3031.668 3034.778 3044.658 3055.867 3067.487 3082.513 3099.190 3116.750 3137.872 3160.070 3183.922 3209.307 3235.746 3256.415 3263.469 3271.566 3271.542 3262.596 3254.738 3256.097 3266.160 3271.002 3285.945 3306.327 3314.260 3350.515 3398.193 3438.471 3474.156 3509.120 3552.609 3580.355 3606.083
3011.628 2983.797 2964.042 2950.715 2940.949 2931.076 2921.254 2909.669 2903.803 2905.742 2903.633 2901.987 2899.957 2903.299 2907.285 2912.120 2912.729 2914.171 2917.418 2921.960 2928.753 2938.294 2949.069 2961.414 2977.122 2982.171 2986.840 2992.826 2995.585 2998.844 3002.533 3013.003 3024.348 3035.638 3051.803 3068.966 3086.949 3108.550 3133.661 3163.004 3189.196 3215.198 3238.952 3247.559 3250.267 3247.523 3239.362 3223.847 3219.450 3227.059 3226.218 3233.918 3250.314 3256.069 3278.889 3316.281 3341.810 3375.559 3414.562 3468.534 3498.248 3530.299
2945.069 2926.630 2912.537 2894.574 2881.566 2871.406 2863.685 2859.619 2859.864 2857.888 2856.955 2856.021 2854.041 2855.502 2860.037 2864.142 2866.977 2870.205 2874.890 2881.920 2891.130 2899.164 2910.982 2925.813 2941.366 2948.763 2954.353 2960.518 2965.101 2969.315 2972.662 2982.001 2993.279 3002.759 3019.191 3037.360 3056.439 3081.373 3110.464 3140.555 3166.455 3191.460 3218.020 3221.242 3221.795 3220.931 3204.975 3189.491 3180.540 3180.908 3181.002 3180.575 3189.255 3198.238 3214.446 3234.222 3259.542 3293.697 3341.343 3386.632 3420.839 3450.090
