tests/3D/Borden05m_nopit_001/output_maps/psiliqL0024N0024.asc
ncols         160
nrows         34
xllcorner     620200.000000
yllcorner     5168000.000000
cellsize      0.500000
NODATA_value  -9999.0
[rows 0 to 27 of 34, columns 62 to 123 of 160]
-9999.000 -9999.000 -9999.000 -9999.000 -9999.000 -9999.000 -9999.000 -9999.000 -9999.000 -9999.000 -9999.000 -9999.000 -9999.000 -9999.000 -9999.000 -9999.000 -9999.000 -9999.000 -9999.000 -9999.000 -9999.000 -9999.000 -9999.000 -9999.000 -9999.000 -9999.000 -9999.000 -9999.000 -9999.000 -9999.000 -9999.000 -9999.000 -9999.000 -9999.000 -9999.000 -9999.000 -9999.000 -9999.000 -9999.000 -9999.000 -9999.000 -9999.000 -9999.000 -9999.000 -9999.000 -9999.000 -9999.000 -9999.000 -9999.000 -9999.000 -9999.000 -9999.000 -9999.000 -9999.000 -9999.000 -9999.000 -9999.000 -9999.000 -9999.000 -9999.000 -9999.000 -9999.000
2983.924 2975.295 2965.944 2957.943 2953.728 2952.535 2951.632 2950.963 2955.806 2963.770 2971.307 2978.149 2980.488 2982.777 2984.621 2984.827 2983.613 2980.320 2976.929 2973.491 2971.779 2964.284 2953.098 2944.696 2941.983 2946.184 2950.536 2953.000 2958.280 2968.718 2979.355 2987.944 3000.425 3007.285 3012.633 3015.327 3011.381 3008.133 3004.246 2998.311 2987.252 -9999.000 -9999.000 -9999.000 -9999.000 -9999.000 -9999.000 -9999.000 -9999.000 -9999.000 -9999.000 -9999.000 -9999.000 -9999.000 -9999.000 -9999.000 -9999.000 -9999.000 -9999.000 -9999.000 -9999.000 -9999.000
2964.044 2959.631 2951.033 2945.806 2940.243 2937.616 2937.527 2937.333 2940.960 2951.525 2959.247 2963.742 2966.268 2968.987 2967.524 2966.701 2966.383 2963.415 2959.875 2956.434 2954.537 2955.793 2948.164 2942.215 2938.364 2935.586 2938.282 2940.927 2945.335 2954.558 2962.513 2970.536 2985.609 2998.714 3004.391 3001.918 2997.347 2993.618 2986.396 2975.817 2965.821 2957.463 2951.288 2945.994 2939.784 2946.239 2954.008 2963.489 2972.439 2984.531 2996.798 -9999.000 -9999.000 -9999.000 -9999.000 -9999.000 -9999.000 -9999.000 -9999.000 -9999.000 -9999.000 -9999.000
2943.940 2947.190 2943.801 2938.887 2931.390 2941.038 2941.938 2942.564 2945.627 2947.558 2952.253 2954.604 2959.827 2968.690 2971.374 2971.717 2971.674 2969.618 2966.296 2964.275 2961.409 2956.075 2954.320 2954.007 2952.830 2957.015 2958.518 2961.253 2955.604 2959.920 2966.194 2973.178 2978.894 2985.173 2987.992 2984.797 2985.274 2977.049 2963.509 2953.597 2946.108 2946.125 2943.252 2935.461 2922.022 2930.268 2946.403 2951.252 2954.022 2965.248 2977.582 2988.124 2991.251 2990.973 2990.649 2987.769 2973.944 2959.243 2944.162 2925.495 -9999.000 -9999.000
2951.766 2949.794 2946.168 2941.968 2952.498 2960.757 2962.007 2964.327 2968.063 2968.550 2957.413 2955.202 2962.490 2972.105 2977.213 2977.266 2976.816 2973.264 2972.018 2971.685 2969.735 2969.320 2970.914 2968.761 2971.887 2977.335 2980.569 2974.983 2966.507 2968.582 2976.973 2985.997 2993.601 3003.904 3014.844 3015.040 3010.507 3002.102 2989.679 2967.283 2949.662 2938.888 2931.189 2924.095 2926.784 2922.488 2936.059 2937.954 2940.478 2948.014 2958.407 2969.062 2975.276 2974.638 2973.913 2971.443 2961.874 2947.115 2932.270 2914.777 2888.303 2859.465
2951.386 2950.388 2951.006 2960.028 2971.831 2983.253 2985.108 2986.817 2985.492 2977.612 2967.209 2964.256 2977.587 2994.063 3001.827 3001.361 2997.446 3000.992 3000.789 3000.872 2997.213 2998.053 2996.144 3002.152 3009.748 3017.528 3016.091 3003.793 2991.645 2991.406 2996.512 3002.963 3010.400 3020.639 3029.952 3025.264 3020.015 3012.497 2986.725 2963.719 2949.332 2949.899 2950.807 2946.538 2944.563 2943.519 2939.185 2939.470 2938.786 2938.606 2950.904 2964.118 2967.705 2961.098 2957.124 2954.879 2946.932 2935.488 2919.730 2902.686 2883.065 2854.965
2982.204 2982.762 2988.660 2999.113 3012.231 3033.935 3033.628 3034.252 3033.371 3020.621 3007.473 2997.246 3018.520 3029.289 3036.526 3034.468 3040.154 3048.851 3045.050 3038.446 3026.617 3032.246 3039.442 3054.474 3062.154 3067.170 3063.113 3049.697 3043.137 3044.244 3050.097 3050.798 3058.885 3067.962 3083.009 3081.982 3078.039 3058.070 3021.453 2991.759 2978.316 2989.108 2983.567 2977.394 2977.004 2965.788 2958.290 2960.678 2952.595 2947.888 2960.473 2967.390 2968.867 2961.235 2966.396 2959.562 2939.084 2922.442 2907.822 2893.500 2876.549 2870.428
2994.445 2998.867 3008.715 3026.108 3044.468 3064.637 3064.521 3059.235 3068.669 3061.666 3050.994 3043.299 3062.979 3073.246 3083.561 3089.773 3102.287 3112.772 3097.291 3080.998 3071.373 3078.034 3102.583 3124.069 3128.853 3128.237 3128.193 3113.926 3108.859 3104.993 3104.538 3101.497 3099.378 3123.656 3144.504 3144.247 3122.737 3100.152 3061.507 3024.202 2999.086 3010.311 3007.422 3010.387 2999.893 2987.955 2979.691 2976.404 2969.757 2959.763 2968.508 2973.308 2981.655 2989.117 2993.202 2976.720 2959.220 2940.080 2922.296 2908.240 2901.992 2895.843
3056.360 3069.450 3077.059 3094.695 3112.540 3138.906 3152.135 3164.315 3168.141 3160.778 3152.115 3139.894 3143.938 3166.633 3178.195 3186.768 3195.421 3207.929 3209.038 3202.766 3201.101 3205.231 3217.640 3231.167 3237.849 3241.235 3244.291 3232.593 3220.170 3217.523 3211.625 3209.615 3208.659 3218.842 3238.028 3235.185 3200.587 3174.079 3139.926 3102.219 3073.041 3065.595 3082.982 3079.868 3063.788 3052.355 3025.480 3019.017 3009.016 2985.351 2985.088 2989.392 2999.705 3014.098 3001.311 2985.070 2967.812 2948.262 2931.200 2924.145 2922.556 2919.533
3173.680 3181.619 3184.770 3191.148 3223.229 3256.849 3282.197 3304.919 3312.133 3300.049 3290.225 3276.915 3267.983 3277.901 3294.621 3312.027 3326.968 3338.212 3340.495 3338.959 3339.033 3341.944 3344.907 3348.985 3357.066 3364.616 3373.449 3381.902 3372.184 3355.300 3345.644 3336.012 3334.687 3335.754 3338.901 3339.952 3324.770 3284.630 3253.816 3222.094 3201.533 3187.572 3185.727 3167.768 3144.164 3094.131 3056.918 3025.623 3006.196 2983.805 2990.917 3010.001 3051.716 3054.599 3042.836 3027.753 3004.488 2981.746 2961.221 2957.449 2955.960 2951.729
3299.235 3303.066 3305.640 3308.797 3334.780 3375.549 3414.388 3445.234 3445.536 3432.316 3421.064 3411.744 3397.851 3393.959 3405.891 3420.680 3440.357 3450.887 3457.434 3454.474 3454.713 3456.321 3458.608 3460.690 3464.089 3473.378 3488.016 3502.087 3501.486 3483.306 3465.517 3449.380 3446.350 3443.510 3438.560 3440.718 3442.566 3427.990 3397.743 3358.718 3318.360 3300.636 3285.005 3274.132 3257.673 3219.600 3155.605 3117.919 3081.049 3053.502 3052.528 3117.513 3134.694 3124.157 3113.159 3091.566 3063.949 3040.937 3019.039 3016.466 3012.764 3005.544
3417.177 3424.099 3427.154 3433.252 3449.685 3480.661 3515.192 3544.406 3559.949 3552.592 3535.262 3513.643 3504.367 3501.635 3505.043 3514.195 3526.471 3545.493 3564.477 3570.197 3571.059 3568.403 3570.778 3572.284 3572.388 3575.088 3583.160 3592.716 3595.998 3588.567 3568.108 3545.042 3533.365 3526.656 3523.160 3523.860 3528.619 3531.492 3517.148 3482.473 3438.978 3408.821 3393.041 3380.071 3366.287 3354.237 3323.287 3302.945 3267.578 3220.380 3191.757 3225.856 3218.108 3207.849 3185.017 3153.959 3122.872 3092.661 3067.425 3058.774 3055.420 3054.152
3531.277 3535.965 3543.487 3558.527 3581.306 3599.756 3621.720 3647.702 3663.538 3668.810 3667.334 3663.552 3664.806 3665.139 3605.688 3611.650 3617.587 3633.769 3648.487 3653.787 3654.390 3651.979 3653.739 3654.461 3654.376 3654.003 3656.105 3660.906 3662.738 3660.461 3648.392 3665.230 3645.509 3632.208 3624.080 3615.903 3607.646 3598.241 3588.428 3568.841 3538.495 3504.399 3482.460 3474.292 3468.255 3460.093 3454.534 3437.850 3415.399 3380.944 3341.542 3318.908 3316.132 3300.096 3266.622 3237.302 3215.685 3180.160 3150.045 3133.168 3131.244 3122.351
3644.314 3648.945 3662.669 3678.953 3663.920 3671.810 3679.974 3688.086 3690.872 3691.669 3691.301 3688.927 3688.191 3685.844 3682.269 3671.906 3673.504 3675.409 3678.016 3681.725 3680.598 3681.689 3684.635 3682.898 3676.909 3672.879 3671.302 3672.245 3679.639 3683.085 3684.019 3680.857 3679.938 3678.980 3675.736 3671.687 3665.983 3658.690 3672.454 3660.601 3633.068 3593.596 3553.125 3544.945 3546.206 3546.194 3544.568 3538.961 3521.335 3493.958 3456.625 3418.195 3410.522 3396.527 3378.476 3362.840 3344.273 3304.871 3268.500 3245.489 3234.225 3210.915
3688.411 3691.166 3694.107 3691.078 3688.037 3683.180 3681.651 3680.311 3677.885 3678.521 3676.635 3672.597 3668.618 3660.814 3649.346 3638.172 3634.710 3639.039 3644.601 3649.675 3654.006 3657.688 3657.792 3652.395 3644.033 3636.538 3634.856 3641.684 3647.399 3653.795 3654.643 3653.245 3650.790 3650.574 3647.366 3647.584 3654.574 3669.146 3672.114 3677.686 3676.849 3660.996 3632.317 3642.113 3622.229 3627.994 3623.381 3612.020 3590.761 3566.538 3535.430 3504.942 3485.604 3478.145 3472.351 3465.384 3451.673 3412.985 3378.612 3349.552 3329.211 3303.739
3673.356 3680.386 3681.481 3674.464 3665.951 3658.786 3651.459 3649.162 3648.559 3648.290 3648.774 3643.509 3634.372 3617.564 3606.029 3594.982 3589.054 3585.450 3589.045 3600.147 3612.072 3617.068 3608.020 3599.668 3587.978 3579.924 3580.351 3581.489 3590.924 3607.468 3614.713 3615.474 3609.111 3602.780 3596.166 3593.156 3599.564 3614.752 3631.294 3646.645 3655.626 3663.237 3670.218 3669.035 3671.564 3672.910 3670.788 3673.320 3655.712 3631.990 3603.564 3578.205 3552.168 3548.075 3547.881 3544.240 3542.041 3509.558 3473.270 3439.208 3412.352 3385.841
3646.155 3648.214 3644.233 3637.885 3627.950 3617.024 3607.408 3599.994 3601.038 3603.412 3605.046 3597.905 3582.720 3565.053 3551.663 3537.872 3533.982 3528.225 3520.917 3531.071 3550.535 3557.800 3541.982 3531.218 3516.147 3509.511 3505.599 3506.432 3515.366 3537.562 3561.168 3563.135 3552.267 3541.473 3536.685 3533.456 3538.138 3554.841 3575.416 3591.244 3601.472 3606.721 3614.420 3623.700 3637.654 3652.173 3664.243 3669.120 3677.284 3673.083 3660.649 3652.822 3628.861 3614.556 3606.649 3602.424 3595.400 3571.747 3542.523 3515.013 3488.504 3465.037
3609.984 3606.249 3600.261 3593.352 3573.416 3561.168 3548.510 3533.879 3530.172 3525.681 3526.930 3515.598 3507.540 3491.028 3475.815 3460.330 3447.354 3441.695 3435.135 3433.995 3447.629 3456.106 3446.306 3436.596 3425.793 3421.148 3417.794 3420.201 3430.583 3450.282 3468.550 3476.761 3469.301 3467.576 3467.270 3465.608 3471.696 3482.618 3500.502 3522.519 3540.981 3550.618 3557.381 3566.482 3580.704 3594.588 3608.669 3626.335 3648.852 3664.668 3674.455 3675.104 3673.923 3666.253 3668.286 3657.564 3645.228 3625.308 3600.265 3573.097 3546.923 3529.498
3568.671 3562.761 3557.244 3535.413 3481.398 3460.843 3442.276 3426.400 3420.008 3411.901 3396.688 3388.186 3383.696 3385.261 3371.349 3354.051 3336.655 3331.853 3328.352 3311.770 3307.968 3308.738 3324.009 3317.883 3316.279 3317.863 3315.461 3316.869 3329.629 3337.589 3343.319 3349.910 3354.079 3364.144 3371.839 3381.316 3398.051 3408.828 3423.994 3444.054 3469.156 3484.105 3493.305 3503.439 3518.432 3534.316 3551.690 3573.728 3599.304 3615.412 3626.361 3638.031 3651.253 3666.097 3671.725 3679.901 3678.102 3673.968 3650.147 3621.225 3600.479 3582.852
3504.502 3502.497 3492.669 3439.317 3398.831 3365.528 3348.666 3325.584 3312.602 3297.004 3259.923 3243.073 3242.493 3256.853 3253.148 3237.980 3226.161 3217.041 3208.039 3190.819 3172.887 3178.906 3196.941 3197.545 3200.560 3208.158 3207.537 3201.017 3198.788 3210.835 3216.316 3227.192 3244.149 3248.742 3264.323 3297.099 3309.579 3324.155 3342.167 3362.169 3383.788 3405.672 3419.193 3433.861 3451.858 3468.077 3487.947 3510.113 3539.078 3559.930 3573.972 3584.501 3594.994 3610.095 3630.607 3649.625 3667.761 3677.484 3678.687 3666.478 3648.703 3629.296
3403.149 3397.313 3369.463 3318.178 3282.798 3259.524 3238.299 3215.820 3193.006 3156.953 3123.027 3101.826 3117.265 3128.579 3139.782 3128.536 3117.948 3108.601 3091.095 3074.565 3058.606 3069.532 3078.199 3096.514 3103.177 3107.058 3112.680 3111.161 3100.653 3095.984 3103.813 3113.376 3124.881 3145.467 3180.016 3204.153 3221.684 3241.483 3259.573 3280.309 3302.596 3324.547 3340.769 3358.401 3376.265 3396.446 3415.052 3437.393 3465.053 3490.484 3506.056 3520.817 3533.988 3552.954 3576.399 3599.023 3623.990 3645.517 3658.958 3671.868 3676.241 3670.836
3284.922 3264.296 3218.336 3177.411 3156.524 3143.653 3121.202 3100.886 3072.851 3039.902 3018.702 2998.832 3009.520 3020.098 3040.071 3031.550 3024.869 3022.032 3007.028 2993.957 2977.806 2984.263 2996.330 3019.440 3025.314 3029.374 3038.561 3037.688 3033.003 3015.712 3022.237 3032.610 3046.745 3077.021 3099.110 3120.939 3141.864 3160.464 3181.150 3202.592 3224.743 3250.100 3268.710 3286.794 3307.408 3325.802 3339.650 3355.442 3378.807 3399.452 3420.005 3441.841 3456.325 3480.489 3510.662 3540.843 3574.938 3599.239 3614.545 3626.822 3638.698 3658.267
3137.676 3087.324 3053.499 3033.303 3032.318 3020.857 3002.090 2984.149 2965.817 2944.739 2926.689 2902.515 2908.519 2924.744 2942.145 2943.576 2944.741 2943.596 2934.567 2921.387 2907.956 2911.789 2928.835 2946.768 2956.681 2964.295 2971.932 2971.519 2961.874 2951.609 2956.011 2970.794 2986.301 3003.318 3023.202 3043.127 3062.526 3083.950 3105.519 3127.321 3151.020 3176.551 3196.567 3218.998 3242.173 3257.787 3265.704 3272.868 3291.611 3306.859 3327.769 3349.784 3367.252 3393.965 3428.094 3469.291 3508.996 3548.742 3566.635 3580.017 3590.184 3605.727
3019.965 2988.195 2960.812 2954.735 2940.645 2928.638 2915.469 2896.554 2881.349 2867.593 2847.374 2837.893 2845.805 2859.823 2868.611 2875.714 2874.045 2872.121 2866.788 2853.163 2848.932 2858.964 2874.164 2887.864 2899.306 2906.093 2911.096 2907.867 2898.478 2895.081 2902.837 2917.781 2930.673 2944.730 2964.355 2983.273 3003.536 3024.624 3045.254 3068.246 3091.937 3116.464 3141.999 3162.984 3180.341 3187.839 3195.985 3194.761 3204.598 3219.266 3235.123 3256.348 3279.623 3304.511 3343.161 3383.664 3423.378 3463.084 3498.259 3518.240 3535.147 3554.777
2955.978 2927.636 2900.246 2876.074 2865.141 2860.343 2848.996 2833.425 2823.476 2809.100 2799.796 2806.464 2808.427 2817.127 2815.857 2817.254 2815.240 2815.004 2813.045 2807.018 2818.824 2825.416 2838.809 2848.777 2858.370 2864.013 2867.399 2868.252 2863.682 2869.089 2874.723 2887.817 2898.274 2910.944 2929.819 2945.494 2963.023 2983.658 3004.963 3027.078 3050.967 3077.143 3099.981 3116.114 3121.368 3128.966 3129.017 3116.610 3126.024 3136.925 3145.967 3165.378 3184.937 3204.603 3241.559 3286.166 3334.126 3371.691 3416.634 3444.195 3468.989 3490.860
2874.985 2846.782 2820.057 2800.824 2797.017 2787.034 2777.699 2767.158 2754.717 2748.667 2755.444 2753.723 2751.662 2750.178 2753.344 2757.185 2757.135 2756.528 2759.641 2770.439 2774.944 2780.364 2789.267 2800.439 2812.107 2815.632 2819.777 2824.152 2829.653 2832.226 2835.404 2845.363 2856.586 2868.287 2883.403 2900.091 2917.692 2938.833 2960.998 2984.806 3010.199 3036.595 3057.202 3064.400 3072.592 3072.808 3064.151 3056.530 3058.292 3068.478 3073.699 3088.937 3109.384 3118.025 3154.647 3202.279 3242.780 3278.474 3313.466 3356.271 3383.950 3409.618
2813.997 2786.136 2766.032 2752.439 2742.676 2732.805 2722.966 2711.288 2705.139 2706.829 2704.717 2703.054 2701.061 2704.411 2708.378 2713.177 2713.724 2715.098 2718.303 2722.824 2729.546 2739.051 2749.824 2762.129 2777.734 2782.739 2787.394 2793.336 2796.078 2799.318 2803.036 2813.550 2824.901 2836.242 2852.435 2869.600 2887.624 2909.231 2934.324 2963.623 2989.797 3015.768 3039.373 3047.995 3050.809 3048.149 3040.162 3024.888 3020.743 3028.578 3028.034 3036.108 3052.761 3058.973 3082.624 3120.461 3146.368 3180.206 3219.060 3272.500 3302.083 3334.111
2747.134 2728.369 2714.031 2696.012 2683.057 2672.897 2665.057 2660.730 2660.807 2658.771 2657.783 2656.830 2654.884 2656.409 2660.922 2665.027 2667.803 2670.990 2675.563 2682.523 2691.710 2699.777 2711.593 2726.399 2741.890 2749.196 2754.769 2760.888 2765.419 2769.622 2773.002 2782.396 2793.692 2803.285 2819.763 2837.931 2856.972 2881.930 2911.025 2941.064 2966.931 2991.934 3018.343 3021.586 3022.201 3021.367 3005.606 2990.166 2981.462 2982.014 2982.195 2982.343 2991.277 3000.491 3017.467 3037.833 3063.476 3097.774 3145.343 3190.672 3224.698 3254.093
