tests/3D/Borden05m_nopit_001/output_maps/psiliqL0010N0008.asc
ncols         160
nrows         34
xllcorner     620200.000000
yllcorner     5168000.000000
cellsize      0.500000
NODATA_value  -9999.0
[rows 0 to 28 of 34, columns 66 to 131 of 160]
-9999.000 -9999.000 -9999.000 -9999.000 -9999.000 -9999.000 -9999.000 -9999.000 -9999.000 -9999.000 -9999.000 -9999.000 -9999.000 -9999.000 -9999.000 -9999.000 -9999.000 -9999.000 -9999.000 -9999.000 -9999.000 -9999.000 -9999.000 -9999.000 -9999.000 -9999.000 -9999.000 -9999.000 -9999.000 -9999.000 -9999.000 -9999.000 -9999.000 -9999.000 -9999.000 -9999.000 -9999.000 -9999.000 -9999.000 -9999.000 -9999.000 -9999.000 -9999.000 -9999.000 -9999.000 -9999.000 -9999.000 -9999.000 -9999.000 -9999.000 -9999.000 -9999.000 -9999.000 -9999.000 -9999.000 -9999.000 -9999.000 -9999.000 -9999.000 -9999.000 -9999.000 -9999.000 -9999.000 -9999.000 -9999.000 -9999.000
154.907 153.788 152.751 152.167 157.267 165.041 172.494 179.543 181.790 184.094 186.272 186.682 185.314 181.987 178.625 175.158 173.627 165.332 153.863 144.917 142.128 146.594 151.104 153.645 159.708 170.601 181.557 190.220 202.113 207.847 213.155 216.509 212.727 209.480 206.053 201.474 190.632 -9999.000 -9999.000 -9999.000 -9999.000 -9999.000 -9999.000 -9999.000 -9999.000 -9999.000 -9999.000 -9999.000 -9999.000 -9999.000 -9999.000 -9999.000 -9999.000 -9999.000 -9999.000 -9999.000 -9999.000 -9999.000 -9999.000 -9999.000 -9999.000 -9999.000 -9999.000 -9999.000 -9999.000 -9999.000
140.859 138.869 138.642 138.480 142.447 152.233 160.039 164.660 166.959 169.327 169.166 168.546 168.069 165.078 161.574 158.106 156.250 156.360 148.702 143.277 139.923 138.537 141.006 143.369 146.558 156.225 164.573 172.940 187.229 199.693 205.101 202.934 198.230 194.847 188.728 179.200 169.047 158.942 152.044 146.918 141.871 148.250 155.001 165.408 175.666 187.865 200.119 -9999.000 -9999.000 -9999.000 -9999.000 -9999.000 -9999.000 -9999.000 -9999.000 -9999.000 -9999.000 -9999.000 -9999.000 -9999.000 -9999.000 -9999.000 -9999.000 -9999.000 -9999.000 -9999.000
134.549 142.260 143.210 144.098 147.094 150.195 152.603 155.205 160.347 169.114 171.587 171.935 171.909 169.951 166.731 164.848 162.001 156.720 155.665 155.972 155.849 160.943 162.423 163.934 157.108 160.602 166.954 173.950 180.942 188.013 192.665 189.820 189.081 181.200 167.893 157.010 148.771 146.764 143.942 136.582 124.613 131.908 147.745 152.682 156.524 168.581 181.009 191.316 193.485 193.280 193.063 190.596 176.910 162.383 147.748 129.262 -9999.000 -9999.000 -9999.000 -9999.000 -9999.000 -9999.000 -9999.000 -9999.000 -9999.000 -9999.000
156.822 165.835 167.150 169.693 172.857 171.595 159.220 156.472 164.695 174.866 180.485 180.422 180.144 178.238 177.061 176.457 174.005 174.865 177.275 177.594 182.418 187.983 190.762 182.496 173.408 174.116 181.912 190.059 197.589 208.667 220.514 219.696 214.471 206.108 193.109 170.305 151.110 140.983 134.704 128.165 128.083 126.025 137.220 139.336 141.422 150.170 160.695 171.024 177.014 176.693 176.342 174.114 164.831 150.289 135.725 119.276 94.091 65.894 39.154 38.133 61.972 85.767 -9999.000 -9999.000 -9999.000 -9999.000
182.535 196.784 198.866 200.906 200.187 190.441 179.990 175.682 190.384 205.965 213.884 214.392 214.178 221.597 219.566 217.048 211.579 213.683 215.816 226.471 233.797 240.479 238.560 226.829 215.872 214.233 216.608 219.283 225.489 236.133 246.515 242.101 235.418 225.913 197.927 171.117 154.960 156.209 157.218 153.163 150.617 147.653 140.789 140.836 140.618 140.471 152.755 165.298 168.968 163.051 159.616 157.567 149.110 138.341 123.277 106.599 87.971 59.980 53.137 45.083 67.156 91.001 112.044 136.621 165.333 194.299
233.051 256.188 258.715 261.641 264.702 253.582 241.287 229.593 245.803 255.273 263.747 266.039 276.502 286.185 281.093 272.467 262.497 268.637 281.343 295.936 302.066 305.348 304.987 294.836 289.597 287.585 288.928 285.940 289.780 300.843 316.483 317.064 307.878 286.318 251.310 217.668 197.124 202.750 197.065 191.598 188.301 174.972 164.409 164.870 155.904 150.166 161.992 168.380 170.393 164.180 169.812 162.357 144.207 127.135 111.799 97.533 82.528 75.446 66.280 58.686 71.332 91.575 111.611 136.433 165.242 192.863
285.594 308.657 317.871 322.311 330.909 324.117 314.868 306.149 314.048 325.947 337.350 347.423 359.454 370.660 362.597 351.791 347.777 352.126 369.669 384.962 389.766 391.438 395.080 387.991 381.215 374.008 367.800 361.660 357.575 374.304 390.065 389.126 367.131 344.833 311.932 276.818 245.249 243.438 242.967 242.834 228.732 214.396 197.573 188.048 179.875 165.905 171.365 177.271 187.848 197.596 197.928 181.650 164.399 145.230 126.663 112.473 107.680 102.572 93.068 86.747 93.120 107.177 121.785 133.911 160.538 187.855
380.889 411.846 433.518 452.892 456.212 446.941 437.591 424.007 419.741 434.219 445.500 456.017 466.678 478.427 484.864 483.217 482.877 485.435 490.407 497.454 503.762 509.506 515.703 514.681 505.563 498.385 489.285 481.705 479.348 480.341 489.732 489.185 467.712 443.030 414.576 380.993 352.278 334.992 340.240 329.669 313.719 294.809 260.668 244.067 228.946 200.359 196.695 206.892 220.889 229.842 214.604 198.388 179.985 159.596 139.962 133.396 132.150 129.209 123.397 120.823 125.740 138.941 141.948 152.801 170.414 184.532
491.988 524.804 552.975 575.717 583.467 573.152 563.123 551.428 541.643 543.529 556.386 571.993 587.142 597.838 601.641 600.461 600.683 602.166 604.890 607.261 612.442 619.281 629.384 640.973 636.546 620.413 607.862 593.645 588.291 586.849 584.652 585.361 581.462 555.024 529.968 500.944 472.995 453.225 439.142 422.468 403.728 362.990 325.869 293.835 267.965 241.267 238.801 263.943 293.166 286.417 275.088 258.143 233.739 209.448 184.946 178.287 175.518 170.175 163.810 158.057 152.990 156.352 159.327 171.179 181.509 191.417
599.432 633.488 667.755 695.230 699.106 690.280 679.862 669.020 659.171 655.733 661.906 671.454 685.922 697.148 707.338 707.207 707.598 707.578 709.372 710.929 712.297 718.414 729.142 739.379 740.977 729.468 713.288 696.311 688.695 682.605 677.442 677.924 679.389 675.555 654.155 622.038 582.215 556.538 536.923 526.153 513.413 494.751 451.339 426.794 396.370 364.377 343.240 379.987 377.470 367.124 352.055 328.164 302.547 277.349 251.720 242.686 237.506 229.913 223.730 215.312 205.056 201.271 195.879 193.553 201.058 208.592
708.934 729.029 754.535 778.921 795.489 792.265 780.930 765.004 760.865 759.887 761.307 766.890 773.404 787.399 801.901 807.011 807.663 805.299 807.169 808.082 808.069 808.573 812.257 818.479 820.827 816.988 802.805 784.268 769.963 761.497 757.347 755.293 756.380 756.024 746.383 721.380 687.787 656.486 635.587 621.404 610.474 602.368 589.191 575.000 549.129 510.653 477.230 473.497 464.697 453.704 430.336 402.977 379.225 348.119 318.413 300.643 294.141 288.227 280.385 269.093 258.384 251.663 238.261 230.503 237.429 236.120
817.437 829.181 843.611 862.534 873.484 878.905 879.587 879.016 880.906 880.993 864.354 866.474 868.522 873.086 879.112 880.930 881.100 880.421 881.270 881.474 881.666 881.332 880.712 882.067 882.585 881.944 877.034 876.357 860.674 849.623 842.731 835.632 827.592 818.747 810.132 796.306 772.467 741.979 715.889 705.624 700.814 696.539 693.115 680.674 662.286 635.819 601.230 568.092 558.899 544.093 519.080 498.916 484.273 451.661 419.083 395.561 386.632 369.945 352.445 337.465 320.234 303.930 287.185 270.504 269.309 266.996
884.583 886.808 889.111 891.399 892.185 892.410 892.306 890.179 889.972 888.563 883.743 874.674 876.130 877.501 879.938 883.354 881.981 882.834 885.705 884.304 879.069 875.686 874.136 874.439 881.372 884.348 885.073 884.700 884.119 883.852 882.939 881.800 880.195 878.142 878.647 869.788 849.068 819.785 788.655 775.069 770.895 772.710 770.840 766.146 749.607 725.272 692.753 658.015 642.760 631.091 621.067 611.494 598.169 563.980 528.746 501.511 483.600 458.479 438.340 419.914 398.521 380.259 361.185 338.139 331.395 326.884
888.772 884.286 883.209 882.027 879.756 880.452 878.585 874.869 871.657 865.845 855.632 844.490 842.315 846.961 851.760 855.798 858.599 861.749 863.107 858.699 851.258 844.536 842.612 848.826 854.201 858.986 859.571 858.231 856.414 856.772 854.606 855.173 861.277 873.704 880.074 881.651 881.420 876.955 868.873 857.313 838.990 842.455 838.650 828.319 809.232 787.774 761.252 735.438 712.409 705.081 700.914 695.579 687.417 656.055 624.232 593.867 570.039 545.225 522.331 501.126 479.634 457.400 433.700 410.007 390.847 369.287
869.741 863.313 857.161 855.400 854.196 853.639 853.805 848.823 841.816 827.542 816.448 805.564 799.750 798.440 803.762 813.003 821.687 826.105 820.229 813.293 803.291 795.499 795.714 798.212 806.804 819.549 823.131 823.656 818.906 814.890 809.165 807.271 813.770 827.858 841.876 854.266 861.637 868.413 874.338 879.159 879.879 880.267 879.676 877.527 863.776 845.026 823.853 801.966 777.547 770.955 768.814 765.114 763.273 737.639 705.422 673.785 646.485 621.320 598.962 577.249 554.117 529.699 505.903 478.832 449.105 425.396
835.733 825.651 816.679 811.421 812.484 814.841 815.876 810.229 796.872 780.610 767.974 754.758 751.141 746.861 743.731 754.284 770.378 776.176 763.681 754.378 740.837 733.524 730.735 732.349 741.548 760.108 777.609 778.331 768.857 759.519 754.402 751.528 757.648 774.871 793.235 806.543 814.998 820.032 827.566 836.466 847.531 859.574 869.627 878.534 881.103 879.926 876.426 863.112 844.671 832.262 822.963 817.731 809.795 790.193 764.940 739.943 714.373 693.241 675.406 651.817 626.919 602.568 573.538 541.934 510.400 485.214
791.784 780.870 770.322 758.132 755.737 754.033 756.532 746.371 736.510 718.578 704.049 689.279 680.113 674.740 669.444 674.945 690.602 699.649 685.886 675.724 662.742 656.392 653.121 654.742 664.614 686.613 704.662 710.685 702.179 695.664 692.092 690.162 694.591 708.337 726.913 745.844 759.752 767.768 774.623 783.889 797.206 809.989 822.714 838.387 856.490 869.723 878.160 882.374 882.041 879.873 874.997 866.068 855.979 840.154 818.292 792.973 767.948 751.251 735.055 719.191 694.005 665.276 636.138 603.870 571.743 545.012
712.903 697.205 681.228 667.812 663.755 657.965 652.805 644.742 638.766 631.203 616.481 600.093 585.086 580.429 576.592 569.546 576.069 579.733 581.607 574.180 567.647 564.742 562.105 565.383 578.704 590.729 601.006 606.242 602.782 607.641 611.998 613.296 627.024 639.064 655.129 674.743 695.916 707.019 715.078 724.737 738.969 754.264 770.165 790.979 813.535 827.827 837.712 848.600 859.979 872.621 881.400 885.786 885.249 880.293 861.223 838.139 818.424 801.446 787.518 774.631 756.462 723.157 693.733 663.055 633.411 604.449
640.486 610.681 594.546 575.019 566.081 557.747 535.428 523.345 517.783 522.199 512.683 496.523 483.102 476.021 470.482 458.998 452.196 456.795 467.877 462.613 460.112 463.404 461.270 458.140 464.477 478.438 486.045 494.442 503.413 506.098 512.169 534.893 546.610 559.629 577.760 597.602 618.196 635.964 647.225 659.973 677.085 692.311 711.496 733.403 759.926 777.504 790.338 800.662 811.143 825.594 843.800 859.397 874.426 885.008 885.279 881.751 861.589 845.706 831.536 823.328 803.194 775.784 747.540 717.453 688.968 667.334
541.743 513.834 494.386 472.919 457.661 434.849 406.513 388.723 394.025 401.833 402.092 388.955 377.088 367.919 355.766 341.469 331.232 339.534 347.974 354.468 357.231 360.596 362.269 360.779 356.826 362.812 370.623 379.633 388.229 398.519 424.450 446.346 460.830 478.883 496.778 517.280 538.859 557.861 571.693 588.164 605.599 624.723 644.142 667.615 695.095 717.192 730.799 743.313 755.946 773.630 795.077 815.517 837.410 856.729 867.707 879.451 887.578 885.867 872.145 860.070 843.936 822.520 793.333 766.293 742.412 722.852
430.879 408.884 387.317 366.352 342.915 315.128 290.661 272.830 280.504 288.148 299.079 287.867 277.181 271.477 257.661 244.397 230.796 238.670 248.126 264.029 267.589 270.580 276.719 275.146 272.484 264.249 272.108 281.045 292.774 317.521 340.117 361.764 380.228 397.936 417.698 439.031 460.572 483.126 499.923 516.573 535.855 554.375 571.621 591.692 616.448 637.666 655.239 673.911 688.149 710.531 737.847 763.490 793.353 813.883 828.430 840.909 853.409 870.505 881.608 882.514 878.353 857.006 836.292 810.742 789.968 771.256
308.587 292.396 271.868 252.563 233.458 209.205 188.017 165.878 170.601 183.413 197.618 191.647 188.149 185.414 174.539 161.388 148.217 151.933 166.671 183.066 189.804 195.930 203.068 202.845 195.977 187.246 192.194 204.910 219.640 239.491 260.302 280.386 298.735 319.064 340.231 361.644 384.771 408.782 426.141 447.184 469.263 487.008 497.880 511.097 533.864 550.712 570.587 590.837 606.341 632.818 664.427 701.920 738.405 770.856 785.488 798.267 809.026 825.168 844.579 862.303 876.829 876.906 874.076 858.366 837.403 817.475
201.380 185.178 168.620 149.507 131.434 113.569 92.818 75.103 80.989 94.649 106.842 109.528 106.889 104.171 96.780 83.475 72.819 81.091 96.364 111.206 120.939 127.370 133.305 130.364 121.959 115.238 122.611 137.246 151.303 167.821 188.028 208.043 228.079 248.966 269.733 292.638 316.172 339.943 363.145 384.506 404.773 414.508 424.513 431.511 446.491 462.985 481.525 502.497 524.046 551.179 589.029 627.397 664.161 699.687 725.527 743.133 758.152 777.803 798.377 815.547 829.936 842.854 854.533 860.840 864.030 858.484
111.592 102.880 89.290 71.114 58.494 42.456 24.784 24.454 28.252 40.420 42.582 43.508 40.771 39.880 35.457 24.331 30.627 38.295 53.050 63.825 73.028 79.137 83.123 82.554 75.501 78.227 85.038 99.144 110.410 124.936 144.938 161.454 179.880 200.668 222.048 244.505 268.282 293.897 316.863 335.205 343.717 353.373 358.655 352.751 365.719 379.158 392.476 412.985 433.585 459.101 496.389 538.584 582.258 618.631 656.428 678.430 700.414 722.201 745.228 766.451 783.525 796.311 798.704 805.324 821.111 841.265
29.988 19.899 9.024 -3.627 -16.814 -28.478 -28.117 -30.154 -30.469 -28.655 -25.529 -22.816 -23.655 -24.652 -23.845 -17.805 -13.569 -8.077 2.275 13.267 23.465 27.368 31.446 34.289 37.494 39.866 43.973 55.005 66.394 79.182 95.519 112.299 130.407 151.748 173.371 196.470 221.856 247.534 267.143 276.195 285.529 288.897 284.050 279.490 286.605 298.179 308.349 327.318 348.216 366.272 407.487 453.863 496.826 531.929 566.564 598.993 624.898 648.867 679.120 705.066 731.650 748.247 754.855 760.571 765.383 778.927
-33.155 -42.982 -53.066 -66.059 -76.165 -77.964 -80.110 -82.030 -83.489 -80.038 -76.342 -72.052 -72.371 -71.947 -69.342 -65.122 -59.392 -50.400 -39.664 -27.937 -13.778 -9.407 -4.963 0.347 2.824 5.786 9.873 20.976 32.372 44.398 60.931 78.075 96.619 118.235 142.988 171.571 197.385 222.807 244.195 252.859 256.973 255.287 249.510 237.345 236.448 247.118 250.359 263.256 283.062 295.184 329.919 373.376 403.899 438.279 474.303 519.486 546.410 577.272 608.021 638.216 667.853 683.846 692.658 702.847 716.908 730.322
-96.063 -106.237 -115.750 -123.733 -126.002 -128.866 -130.646 -131.847 -133.329 -130.911 -126.701 -122.607 -120.653 -118.045 -115.054 -109.070 -100.218 -91.681 -79.905 -65.469 -50.846 -44.836 -39.523 -34.062 -30.270 -26.239 -22.433 -12.300 -0.783 10.348 27.435 45.537 63.973 89.204 118.267 147.490 172.787 197.641 221.788 225.165 226.469 225.852 212.599 197.516 191.983 194.778 195.822 203.601 215.634 227.604 254.779 282.801 312.313 347.890 393.631 438.723 469.401 499.980 530.299 557.549 579.558 598.658 613.376 628.819 646.257 668.665
-151.284 -160.383 -164.362 -166.170 -169.535 -168.939 -167.800 -169.023 -172.410 -172.767 -167.940 -164.108 -161.551 -158.419 -148.365 -138.628 -131.079 -123.975 -111.506 -97.206 -81.904 -72.299 -66.310 -57.317 -50.148 -46.062 -43.388 -34.435 -24.123 -18.945 -2.986 15.303 42.734 73.162 102.945 133.678 159.942 184.910 207.245 207.480 207.590 206.979 191.382 175.986 158.700 161.891 163.528 152.052 164.701 176.653 193.971 221.098 246.163 283.776 328.341 362.935 393.258 423.545 451.963 473.872 494.406 510.945 529.297 544.813 563.469 597.760
