tests/3D/Borden05m_nopit_001/output_maps/psiliqL0010N0031.asc
ncols         160
nrows         34
xllcorner     620200.000000
yllcorner     5168000.000000
cellsize      0.500000
NODATA_value  -9999.0
[rows 0 to 28 of 34, columns 66 to 131 of 160]
-9999.000 -9999.000 -9999.000 -9999.000 -9999.000 -9999.000 -9999.000 -9999.000 -9999.000 -9999.000 -9999.000 -9999.000 -9999.000 -9999.000 -9999.000 -9999.000 -9999.000 -9999.000 -9999.000 -9999.000 -9999.000 -9999.000 -9999.000 -9999.000 -9999.000 -9999.000 -9999.000 -9999.000 -9999.000 -9999.000 -9999.000 -9999.000 -9999.000 -9999.000 -9999.000 -9999.000 -9999.000 -9999.000 -9999.000 -9999.000 -9999.000 -9999.000 -9999.000 -9999.000 -9999.000 -9999.000 -9999.000 -9999.000 -9999.000 -9999.000 -9999.000 -9999.000 -9999.000 -9999.000 -9999.000 -9999.000 -9999.000 -9999.000 -9999.000 -9999.000 -9999.000 -9999.000 -9999.000 -9999.000 -9999.000 -9999.000
154.907 153.788 152.751 152.167 157.266 165.041 172.494 179.542 181.789 184.093 186.271 186.681 185.312 181.985 178.623 175.155 173.624 165.328 153.859 144.913 142.123 146.589 151.097 153.637 159.699 170.590 181.545 190.206 202.097 207.829 213.135 216.486 212.701 209.451 206.020 201.438 190.592 -9999.000 -9999.000 -9999.000 -9999.000 -9999.000 -9999.000 -9999.000 -9999.000 -9999.000 -9999.000 -9999.000 -9999.000 -9999.000 -9999.000 -9999.000 -9999.000 -9999.000 -9999.000 -9999.000 -9999.000 -9999.000 -9999.000 -9999.000 -9999.000 -9999.000 -9999.000 -9999.000 -9999.000 -9999.000
140.858 138.868 138.642 138.480 142.446 152.232 160.039 164.659 166.958 169.326 169.165 168.545 168.068 165.077 161.572 158.103 156.247 156.357 148.698 143.273 139.918 138.531 141.000 143.361 146.549 156.215 164.561 172.926 187.213 199.675 205.081 202.911 198.203 194.817 188.694 179.161 169.003 158.889 151.983 146.848 141.791 148.161 154.901 165.297 175.544 187.732 199.977 -9999.000 -9999.000 -9999.000 -9999.000 -9999.000 -9999.000 -9999.000 -9999.000 -9999.000 -9999.000 -9999.000 -9999.000 -9999.000 -9999.000 -9999.000 -9999.000 -9999.000 -9999.000 -9999.000
134.549 142.260 143.210 144.097 147.094 150.194 152.602 155.204 160.346 169.113 171.586 171.934 171.908 169.949 166.729 164.845 161.998 156.717 155.661 155.968 155.844 160.937 162.416 163.926 157.099 160.592 166.941 173.936 180.925 187.994 192.644 189.796 189.054 181.169 167.857 156.969 148.724 146.709 143.879 136.510 124.532 131.816 147.643 152.569 156.398 168.442 180.854 191.137 193.283 193.054 192.812 190.319 176.604 162.047 147.382 128.873 -9999.000 -9999.000 -9999.000 -9999.000 -9999.000 -9999.000 -9999.000 -9999.000 -9999.000 -9999.000
156.821 165.835 167.150 169.692 172.857 171.594 159.220 156.471 164.694 174.865 180.484 180.420 180.143 178.236 177.059 176.455 174.002 174.861 177.271 177.590 182.412 187.977 190.755 182.488 173.398 174.105 181.899 190.044 197.572 208.648 220.492 219.670 214.442 206.075 193.072 170.262 151.060 140.926 134.639 128.091 127.999 125.930 137.113 139.217 141.289 150.023 160.531 170.839 176.806 176.461 176.085 173.829 164.516 149.941 135.343 118.858 93.624 65.391 38.616 37.550 61.336 85.088 -9999.000 -9999.000 -9999.000 -9999.000
182.535 196.784 198.865 200.905 200.187 190.440 179.989 175.681 190.383 205.964 213.883 214.391 214.177 221.595 219.563 217.045 211.576 213.679 215.811 226.466 233.791 240.473 238.552 226.819 215.861 214.221 216.594 219.267 225.471 236.111 246.491 242.073 235.387 225.877 197.887 171.071 154.907 156.149 157.149 153.085 150.530 147.554 140.677 140.711 140.478 140.314 152.580 165.103 168.750 162.808 159.346 157.268 148.778 137.974 122.873 106.155 87.486 59.458 52.576 44.475 66.487 90.268 111.234 135.765 164.450 193.396
233.051 256.188 258.715 261.640 264.701 253.581 241.286 229.592 245.802 255.272 263.746 266.037 276.500 286.183 281.090 272.464 262.494 268.633 281.338 295.930 302.059 305.340 304.978 294.825 289.586 287.571 288.913 285.922 289.760 300.819 316.456 317.033 307.843 286.278 251.266 217.617 197.067 202.686 196.992 191.515 188.207 174.867 164.290 164.737 155.754 149.999 161.806 168.173 170.161 163.923 169.527 162.040 143.855 126.743 111.366 97.058 82.011 74.888 65.677 58.031 70.616 90.795 110.770 135.549 164.325 191.904
285.593 308.656 317.871 322.310 330.908 324.116 314.867 306.148 314.047 325.946 337.348 347.421 359.451 370.658 362.594 351.788 347.773 352.122 369.664 384.956 389.758 391.429 395.071 387.980 381.202 373.993 367.783 361.640 357.552 374.277 390.035 389.092 367.092 344.789 311.882 276.761 245.186 243.366 242.886 242.742 228.629 214.281 197.443 187.903 179.713 165.724 171.163 177.046 187.598 197.318 197.621 181.310 164.021 144.811 126.198 111.962 107.122 101.966 92.410 86.033 92.346 106.344 120.898 132.979 159.570 186.841
380.889 411.845 433.518 452.892 456.211 446.940 437.590 424.006 419.740 434.218 445.498 456.015 466.676 478.424 484.860 483.213 482.872 485.430 490.401 497.447 503.753 509.496 515.692 514.667 505.548 498.368 489.265 481.682 479.322 480.311 489.698 489.145 467.667 442.979 414.519 380.928 352.205 334.910 340.148 329.565 313.603 294.679 260.523 243.905 228.766 200.158 196.471 206.643 220.611 229.534 214.264 198.013 179.572 159.139 139.458 132.844 131.547 128.552 122.684 120.050 124.908 138.051 141.003 151.808 169.376 183.443
491.988 524.803 552.974 575.716 583.466 573.151 563.122 551.427 541.642 543.527 556.384 571.991 587.139 597.835 601.637 600.457 600.678 602.159 604.883 607.253 612.432 619.270 629.371 640.958 636.528 620.392 607.838 593.619 588.260 586.814 584.612 585.315 581.410 554.965 529.901 500.869 472.911 453.130 439.036 422.348 403.594 362.840 325.702 293.649 267.758 241.037 238.545 263.659 292.849 286.066 274.701 257.719 233.274 208.940 184.390 177.680 174.858 169.458 163.032 157.217 152.086 155.387 158.302 170.097 180.371 190.219
599.431 633.488 667.754 695.229 699.105 690.278 679.861 669.018 659.169 655.731 661.903 671.452 685.918 697.144 707.333 707.202 707.591 707.571 709.363 710.919 712.286 718.401 729.126 739.361 740.956 729.444 713.261 696.279 688.659 682.563 677.394 677.870 679.327 675.484 654.075 621.949 582.116 556.427 536.798 526.013 513.256 494.575 451.143 426.575 396.127 364.108 342.942 379.656 377.105 366.720 351.609 327.674 302.011 276.764 251.084 241.994 236.756 229.101 222.854 214.369 204.046 200.192 194.732 192.338 199.775 207.239
708.933 729.028 754.534 778.920 795.488 792.264 780.929 765.002 760.863 759.884 761.305 766.887 773.400 787.395 801.896 807.005 807.657 805.291 807.159 808.071 808.056 808.558 812.240 818.459 820.804 816.961 802.773 784.232 769.921 761.448 757.292 755.230 756.308 755.941 746.289 721.274 687.669 656.354 635.439 621.237 610.287 602.158 588.955 574.738 548.838 510.332 476.877 473.107 464.267 453.229 429.814 402.405 378.600 347.438 317.672 299.840 293.270 287.286 279.370 268.001 257.214 250.414 236.933 229.095 235.941 234.552
817.436 829.180 843.610 862.533 873.482 878.904 879.586 879.014 880.904 880.991 864.351 866.470 868.518 873.082 879.106 880.924 881.093 880.412 881.259 881.462 881.652 881.315 880.693 882.045 882.559 881.914 876.999 876.317 860.627 849.569 842.669 835.560 827.509 818.652 810.024 796.184 772.329 741.823 715.714 705.426 700.590 696.286 692.831 680.357 661.934 635.430 600.804 567.623 558.383 543.525 518.456 498.232 483.527 450.851 418.207 394.615 385.611 368.845 351.261 336.193 318.871 302.472 285.631 268.853 267.563 265.157
884.582 886.808 889.110 891.398 892.184 892.409 892.305 890.177 889.970 888.561 883.740 874.671 876.126 877.496 879.932 883.347 881.973 882.825 885.694 884.291 879.054 875.668 874.116 874.415 881.344 884.316 885.036 884.657 884.069 883.794 882.872 881.723 880.105 878.038 878.528 869.651 848.913 819.607 788.453 774.839 770.633 772.412 770.503 765.768 749.184 724.803 692.236 657.446 642.132 630.400 620.304 610.658 597.258 562.995 527.686 500.373 482.378 457.168 436.934 418.409 396.912 378.544 359.361 336.204 329.348 324.728
888.771 884.285 883.208 882.026 879.755 880.451 878.583 874.867 871.655 865.842 855.629 844.486 842.311 846.956 851.755 855.791 858.592 861.740 863.096 858.687 851.244 844.519 842.592 848.802 854.173 858.953 859.534 858.187 856.363 856.712 854.537 855.093 861.183 873.596 879.948 881.505 881.252 876.761 868.650 857.056 838.696 842.118 838.266 827.884 808.741 787.224 760.639 734.755 711.652 704.239 699.982 694.551 686.295 654.839 622.926 592.469 568.546 543.629 520.627 499.309 477.700 455.346 431.523 407.702 388.414 366.726
869.741 863.312 857.160 855.399 854.195 853.638 853.803 848.822 841.814 827.539 816.445 805.561 799.746 798.435 803.756 812.997 821.679 826.096 820.219 813.281 803.277 795.483 795.695 798.189 806.778 819.518 823.094 823.613 818.856 814.832 809.097 807.192 813.677 827.749 841.748 854.117 861.463 868.210 874.102 878.886 879.563 879.902 879.257 877.047 863.228 844.405 823.152 801.177 776.660 769.961 767.704 763.881 761.914 736.155 703.815 672.057 644.635 619.343 596.854 575.009 551.742 527.187 503.251 476.035 446.158 422.297
835.732 825.651 816.678 811.420 812.483 814.840 815.875 810.228 796.870 780.608 767.971 754.755 751.138 746.857 743.726 754.278 770.371 776.168 763.671 754.367 740.825 733.509 730.717 732.329 741.523 760.079 777.575 778.291 768.810 759.464 754.338 751.452 757.559 774.765 793.110 806.396 814.825 819.828 827.327 836.187 847.205 859.194 869.186 878.024 880.515 879.252 875.657 862.236 843.677 831.137 821.694 816.308 808.209 788.440 763.016 737.846 712.102 690.793 672.780 649.016 623.948 599.432 570.240 538.467 506.755 481.384
791.784 780.870 770.321 758.132 755.736 754.031 756.530 746.370 736.508 718.576 704.047 689.276 680.109 674.737 669.440 674.940 690.596 699.641 685.878 675.714 662.730 656.379 653.105 654.723 664.592 686.586 704.630 710.648 702.136 695.614 692.033 690.092 694.508 708.238 726.795 745.704 759.586 767.572 774.391 783.615 796.883 809.609 822.267 837.865 855.883 869.019 877.347 881.439 880.968 878.648 873.603 864.489 854.200 838.163 816.076 790.522 765.252 748.303 731.851 715.732 690.300 661.338 631.980 599.494 567.142 540.176
712.903 697.205 681.227 667.811 663.754 657.963 652.804 644.741 638.765 631.201 616.479 600.091 585.083 580.426 576.588 569.541 576.064 579.727 581.600 574.171 567.637 564.730 562.091 565.366 578.684 590.706 600.978 606.208 602.743 607.596 611.944 613.232 626.948 638.974 655.021 674.614 695.763 706.836 714.861 724.479 738.662 753.898 769.731 790.465 812.930 827.118 836.884 847.638 858.864 871.333 879.920 884.092 883.321 878.111 858.765 835.385 815.353 798.039 783.759 770.510 751.975 718.309 688.537 657.520 627.541 598.239
640.486 610.681 594.546 575.019 566.080 557.747 535.427 523.344 517.782 522.198 512.681 496.520 483.100 476.018 470.478 458.994 452.192 456.789 467.871 462.606 460.103 463.393 461.257 458.125 464.459 478.416 486.020 494.412 503.378 506.056 512.119 534.834 546.540 559.546 577.661 597.484 618.055 635.796 647.025 659.735 676.801 691.971 711.088 732.916 759.346 776.817 789.527 799.708 810.024 824.287 842.279 857.637 872.399 882.690 882.638 878.760 858.215 841.918 827.301 818.617 797.978 770.042 741.259 710.627 681.595 659.412
541.743 513.834 494.386 472.918 457.660 434.848 406.512 388.722 394.024 401.831 402.091 388.954 377.086 367.916 355.763 341.466 331.228 339.529 347.967 354.461 357.223 360.586 362.257 360.765 356.809 362.792 370.599 379.605 388.196 398.480 424.404 446.291 460.765 478.806 496.686 517.171 538.730 557.706 571.510 587.946 605.339 624.411 643.768 667.167 694.557 716.550 730.034 742.403 754.867 772.351 793.568 813.745 835.345 854.336 864.952 876.296 883.983 881.787 867.534 854.876 838.107 816.000 786.070 758.242 733.539 713.134
430.879 408.884 387.316 366.351 342.915 315.127 290.660 272.829 280.503 288.146 299.078 287.865 277.179 271.475 257.658 244.394 230.792 238.665 248.121 264.022 267.581 270.571 276.708 275.133 272.468 264.230 272.086 281.019 292.743 317.484 340.073 361.713 380.167 397.863 417.612 438.929 460.451 482.982 499.752 516.370 535.614 554.088 571.279 591.283 615.959 637.081 654.539 673.073 687.146 709.327 736.405 761.770 791.317 811.490 825.639 837.675 849.682 866.232 876.726 876.957 872.045 849.865 828.231 801.677 779.820 759.968
308.587 292.396 271.867 252.563 233.457 209.204 188.017 165.877 170.600 183.411 197.617 191.645 188.147 185.412 174.537 161.385 148.213 151.929 166.666 183.060 189.797 195.922 203.058 202.833 195.962 187.229 192.174 204.886 219.611 239.456 260.261 280.337 298.677 318.995 340.149 361.547 384.655 408.645 425.979 446.992 469.037 486.740 497.563 510.721 533.416 550.180 569.952 590.077 605.429 631.718 663.097 700.312 736.471 768.548 782.757 795.057 805.279 820.817 839.551 856.516 870.191 869.313 865.416 848.524 826.270 804.956
201.380 185.178 168.620 149.507 131.434 113.568 92.817 75.102 80.988 94.648 106.841 109.526 106.887 104.169 96.778 83.472 72.816 81.087 96.359 111.200 120.932 127.361 133.295 130.352 121.945 115.222 122.592 137.223 151.275 167.788 187.988 207.996 228.024 248.901 269.654 292.544 316.061 339.812 362.990 384.323 404.558 414.254 424.214 431.158 446.074 462.492 480.940 501.802 523.215 550.181 587.823 625.933 662.387 697.545 722.956 740.068 754.518 773.520 793.357 809.692 823.138 834.992 845.474 850.445 852.164 845.027
111.592 102.879 89.290 71.114 58.493 42.456 24.783 24.453 28.252 40.419 42.581 43.506 40.770 39.878 35.455 24.329 30.624 38.291 53.046 63.819 73.022 79.129 83.114 82.543 75.488 78.211 85.019 99.121 110.384 124.904 144.901 161.409 179.826 200.605 221.973 244.416 268.176 293.771 316.714 335.029 343.510 353.130 358.370 352.416 365.325 378.694 391.928 412.336 432.815 458.184 495.290 537.259 580.657 616.695 654.090 675.613 697.031 718.153 740.406 760.738 776.793 788.418 789.491 794.623 808.760 827.118
29.987 19.899 9.024 -3.627 -16.814 -28.478 -28.118 -30.154 -30.470 -28.656 -25.530 -22.817 -23.657 -24.653 -23.847 -17.808 -13.572 -8.080 2.271 13.262 23.459 27.361 31.437 34.279 37.482 39.851 43.956 54.985 66.370 79.152 95.482 112.255 130.355 151.686 173.297 196.384 221.753 247.412 266.999 276.025 285.329 288.662 283.775 279.169 286.227 297.736 307.827 326.704 347.492 365.414 406.468 452.647 495.370 530.183 564.464 596.464 621.848 645.185 674.678 699.725 725.259 740.640 745.838 749.931 752.900 764.410
-33.155 -42.982 -53.066 -66.059 -76.165 -77.964 -80.110 -82.030 -83.489 -80.039 -76.343 -72.053 -72.372 -71.949 -69.343 -65.125 -59.395 -50.403 -39.668 -27.942 -13.783 -9.414 -4.971 0.338 2.812 5.772 9.857 20.956 32.349 44.370 60.896 78.034 96.569 118.174 142.916 171.486 197.285 222.689 244.056 252.695 256.780 255.061 249.246 237.036 236.087 246.694 249.861 262.670 282.371 294.370 328.958 372.238 402.550 436.676 472.393 517.203 543.675 573.980 604.046 633.410 662.049 676.857 684.258 692.761 704.836 715.976
-96.063 -106.237 -115.750 -123.734 -126.002 -128.867 -130.646 -131.848 -133.330 -130.911 -126.702 -122.608 -120.654 -118.047 -115.056 -109.072 -100.220 -91.684 -79.909 -65.474 -50.852 -44.843 -39.531 -34.072 -30.281 -26.253 -22.449 -12.319 -0.806 10.321 27.402 45.498 63.924 89.145 118.196 147.406 172.689 197.525 221.652 225.006 226.282 225.633 212.344 197.217 191.633 194.369 195.342 203.038 214.973 226.827 253.863 281.720 311.039 346.387 391.855 436.620 466.904 497.006 526.742 553.282 574.426 592.474 605.900 619.744 635.204 655.227
-151.285 -160.383 -164.362 -166.170 -169.535 -168.939 -167.800 -169.024 -172.411 -172.768 -167.940 -164.109 -161.552 -158.421 -148.367 -138.630 -131.081 -123.978 -111.510 -97.210 -81.909 -72.305 -66.318 -57.326 -50.159 -46.075 -43.404 -34.454 -24.145 -18.971 -3.017 15.265 42.688 73.105 102.876 133.595 159.845 184.796 207.112 207.324 207.407 206.764 191.131 175.691 158.353 161.485 163.052 151.495 164.053 175.898 193.091 220.065 244.947 282.343 326.657 360.953 390.926 420.794 448.712 470.018 489.824 505.477 522.734 536.874 553.779 585.851
