tests/3D/Borden05m_nopit_001/output_maps/psiliqL0006N0035.asc
ncols         160
nrows         34
xllcorner     620200.000000
yllcorner     5168000.000000
cellsize      0.500000
NODATA_value  -9999.0
[rows 0 to 27 of 34, columns 64 to 127 of 160]
-9999.000 -9999.000 -9999.000 -9999.000 -9999.000 -9999.000 -9999.000 -9999.000 -9999.000 -9999.000 -9999.000 -9999.000 -9999.000 -9999.000 -9999.000 -9999.000 -9999.000 -9999.000 -9999.000 -9999.000 -9999.000 -9999.000 -9999.000 -9999.000 -9999.000 -9999.000 -9999.000 -9999.000 -9999.000 -9999.000 -9999.000 -9999.000 -9999.000 -9999.000 -9999.000 -9999.000 -9999.000 -9999.000 -9999.000 -9999.000 -9999.000 -9999.000 -9999.000 -9999.000 -9999.000 -9999.000 -9999.000 -9999.000 -9999.000 -9999.000 -9999.000 -9999.000 -9999.000 -9999.000 -9999.000 -9999.000 -9999.000 -9999.000 -9999.000 -9999.000 -9999.000 -9999.000 -9999.000 -9999.000
-606.612 -615.593 -619.767 -620.865 -621.940 -622.500 -617.329 -609.607 -602.178 -595.072 -592.851 -590.543 -588.271 -587.805 -589.217 -592.553 -595.906 -599.383 -600.864 -609.381 -620.928 -630.024 -632.835 -628.296 -623.744 -621.182 -614.903 -603.885 -592.842 -584.160 -572.431 -567.010 -561.715 -558.180 -561.918 -565.168 -568.470 -572.676 -583.460 -9999.000 -9999.000 -9999.000 -9999.000 -9999.000 -9999.000 -9999.000 -9999.000 -9999.000 -9999.000 -9999.000 -9999.000 -9999.000 -9999.000 -9999.000 -9999.000 -9999.000 -9999.000 -9999.000 -9999.000 -9999.000 -9999.000 -9999.000 -9999.000 -9999.000
-622.531 -628.237 -633.971 -635.785 -636.049 -636.203 -632.142 -622.572 -614.742 -610.086 -607.850 -605.579 -605.380 -605.944 -606.465 -609.463 -612.957 -616.433 -618.278 -618.485 -626.151 -631.432 -634.649 -635.651 -633.244 -630.961 -628.109 -618.320 -609.865 -601.405 -587.333 -575.048 -569.716 -571.801 -576.544 -579.833 -585.650 -594.891 -605.090 -615.685 -622.788 -627.874 -632.606 -626.253 -619.791 -609.135 -598.523 -586.301 -574.057 -9999.000 -9999.000 -9999.000 -9999.000 -9999.000 -9999.000 -9999.000 -9999.000 -9999.000 -9999.000 -9999.000 -9999.000 -9999.000 -9999.000 -9999.000
-630.576 -635.588 -639.577 -632.402 -631.438 -630.478 -627.500 -624.076 -622.301 -619.630 -614.510 -605.769 -603.354 -603.005 -603.027 -604.958 -608.150 -609.996 -612.838 -618.104 -618.965 -618.487 -618.319 -612.974 -611.501 -610.329 -617.482 -614.216 -607.845 -600.846 -593.503 -586.214 -581.056 -583.806 -584.884 -592.672 -605.918 -617.073 -625.524 -628.097 -630.910 -638.156 -649.724 -642.699 -626.951 -621.997 -617.867 -605.588 -593.143 -582.917 -581.027 -581.226 -581.429 -583.796 -597.459 -611.956 -626.484 -644.935 -9999.000 -9999.000 -9999.000 -9999.000 -9999.000 -9999.000
-628.408 -629.813 -616.982 -607.759 -606.427 -603.823 -600.816 -602.563 -615.280 -618.177 -609.696 -599.370 -593.610 -593.706 -593.936 -595.387 -596.545 -597.223 -599.815 -598.603 -595.967 -594.964 -589.671 -584.074 -581.421 -590.430 -599.688 -599.359 -591.730 -583.827 -576.318 -565.027 -552.932 -554.033 -559.452 -567.805 -580.967 -603.887 -623.522 -633.475 -639.367 -645.758 -646.613 -648.059 -637.529 -635.360 -633.403 -624.328 -613.777 -603.551 -597.637 -597.884 -598.147 -600.324 -609.544 -624.045 -638.552 -654.736 -679.600 -707.650 -735.031 -735.670 -711.836 -688.017
-616.474 -603.108 -589.502 -574.471 -572.327 -570.195 -570.746 -581.009 -591.473 -596.156 -581.075 -565.741 -557.779 -557.002 -556.192 -547.701 -550.239 -553.477 -559.447 -556.993 -553.742 -541.801 -534.550 -528.172 -530.226 -541.801 -552.429 -554.456 -552.839 -551.210 -545.347 -534.593 -523.917 -528.257 -535.340 -545.397 -573.999 -601.865 -618.517 -617.083 -616.052 -620.054 -622.764 -626.267 -633.839 -633.866 -633.964 -634.112 -621.843 -609.498 -605.818 -611.558 -614.859 -616.870 -625.487 -636.090 -650.984 -667.587 -685.970 -713.960 -721.258 -728.744 -706.705 -682.866
-567.512 -554.568 -536.187 -512.653 -509.342 -505.779 -501.626 -512.296 -524.355 -536.454 -521.647 -512.536 -503.719 -500.224 -488.439 -478.483 -483.933 -493.118 -502.574 -496.293 -482.063 -467.592 -461.892 -459.090 -458.429 -467.678 -472.551 -475.428 -475.335 -479.346 -476.682 -465.073 -449.272 -448.248 -458.888 -480.891 -515.455 -550.194 -572.706 -568.515 -574.245 -579.523 -583.632 -597.552 -608.971 -609.052 -618.273 -624.307 -612.702 -606.472 -604.325 -610.159 -604.412 -612.057 -629.581 -646.795 -662.354 -676.630 -691.124 -698.500 -707.695 -715.086 -702.651 -682.298
-519.265 -501.425 -478.023 -454.159 -442.362 -435.231 -426.864 -433.599 -442.454 -451.455 -446.817 -434.467 -422.763 -411.621 -399.725 -388.319 -394.330 -403.617 -406.078 -402.370 -386.767 -373.188 -368.380 -366.076 -361.414 -366.517 -373.769 -381.901 -389.703 -396.703 -401.335 -386.699 -372.349 -373.480 -395.612 -417.833 -449.147 -483.657 -517.014 -522.438 -522.246 -523.243 -538.350 -553.356 -572.556 -583.816 -592.422 -607.502 -602.963 -596.763 -585.583 -575.219 -575.942 -592.179 -609.381 -628.579 -647.388 -661.641 -666.058 -670.904 -680.198 -686.289 -680.152 -666.212
-411.902 -400.651 -375.193 -342.966 -318.956 -297.591 -294.412 -304.211 -313.751 -327.713 -334.279 -322.075 -310.872 -299.818 -288.601 -277.063 -269.152 -269.519 -269.493 -267.370 -264.457 -259.205 -253.002 -246.606 -239.541 -237.611 -245.815 -254.249 -264.238 -273.362 -276.109 -277.663 -270.987 -270.905 -288.748 -312.930 -339.810 -372.256 -400.846 -420.861 -418.981 -431.622 -447.542 -468.526 -504.682 -524.096 -540.643 -570.601 -575.217 -563.404 -548.405 -540.974 -556.904 -573.128 -591.866 -612.507 -632.876 -639.330 -640.507 -643.450 -649.066 -651.617 -647.226 -634.504
-300.222 -293.779 -263.981 -231.388 -202.435 -179.688 -171.790 -181.615 -191.701 -202.949 -212.970 -213.308 -201.520 -186.411 -171.205 -160.662 -156.438 -157.520 -157.257 -156.172 -153.515 -151.617 -147.241 -140.599 -130.148 -117.693 -120.658 -136.586 -149.940 -165.429 -171.902 -174.042 -177.723 -177.115 -177.896 -200.547 -224.016 -252.299 -282.300 -303.685 -321.164 -337.492 -354.895 -393.066 -430.163 -462.404 -490.061 -517.956 -523.086 -496.292 -470.558 -479.988 -491.211 -508.681 -533.409 -558.139 -583.758 -591.238 -594.383 -600.056 -606.445 -612.644 -618.703 -616.338
-183.395 -175.670 -157.674 -125.475 -92.475 -65.933 -61.068 -68.678 -78.865 -90.129 -98.858 -102.171 -97.593 -89.495 -76.470 -65.051 -53.855 -53.203 -52.772 -53.243 -51.587 -50.177 -49.372 -44.136 -34.493 -25.320 -23.117 -32.783 -48.522 -65.735 -74.625 -81.620 -86.848 -86.837 -85.487 -86.357 -105.315 -135.527 -175.207 -203.093 -223.821 -234.575 -246.299 -259.604 -297.332 -318.255 -346.907 -380.139 -406.865 -377.974 -385.965 -396.280 -412.491 -437.024 -462.088 -487.890 -514.551 -525.389 -530.998 -538.712 -545.121 -553.926 -564.608 -569.163
-75.653 -64.585 -49.667 -32.584 -9.577 13.473 30.324 28.244 18.568 4.218 1.501 1.007 1.878 6.472 11.390 23.993 37.253 42.193 42.786 40.501 42.229 42.976 42.928 42.822 45.289 50.583 52.669 49.819 37.368 20.079 5.040 -3.920 -8.259 -11.085 -11.026 -12.287 -20.639 -42.975 -73.835 -105.462 -127.789 -142.322 -152.479 -159.514 -167.794 -180.303 -203.566 -239.646 -274.415 -288.645 -297.766 -308.994 -332.537 -358.893 -380.633 -411.983 -442.914 -463.205 -470.599 -477.817 -486.914 -498.790 -510.201 -517.909
22.710 37.237 52.436 62.324 74.669 91.638 101.235 106.697 107.977 108.294 110.360 110.378 105.588 106.644 107.615 108.963 112.581 113.434 113.483 113.281 113.876 113.934 114.200 113.874 112.497 112.894 113.043 112.850 109.915 104.383 89.809 79.372 72.811 65.998 58.004 49.299 40.999 28.751 6.697 -22.809 -50.065 -60.933 -65.431 -68.660 -71.527 -82.823 -100.112 -124.388 -157.658 -193.720 -204.721 -219.223 -241.935 -259.607 -272.361 -304.197 -337.477 -362.858 -373.758 -392.616 -411.538 -427.273 -445.457 -462.802
103.876 114.391 115.301 115.959 116.639 117.315 117.547 117.613 117.582 115.523 115.462 114.312 109.147 100.436 101.852 103.073 105.462 108.795 107.353 108.139 110.986 109.676 104.646 101.439 99.893 100.014 106.814 109.655 110.314 110.705 110.209 110.122 109.843 109.495 109.008 108.386 105.201 97.148 78.291 51.801 23.228 8.113 2.396 4.672 2.686 -1.802 -18.084 -41.613 -72.826 -106.562 -123.950 -135.022 -142.883 -150.834 -162.756 -195.525 -230.468 -258.905 -278.697 -304.356 -325.062 -344.037 -365.658 -384.416
120.897 117.565 113.974 109.591 108.639 107.500 105.272 105.985 104.122 100.495 97.496 92.234 82.368 71.234 69.414 74.147 78.734 82.484 84.860 87.861 89.564 85.428 78.239 71.727 69.733 75.771 81.046 85.379 85.885 84.552 82.902 83.407 81.517 82.166 88.006 99.819 107.107 107.551 107.458 106.111 103.691 86.177 68.237 71.008 67.365 57.254 38.702 17.945 -7.367 -31.947 -56.058 -63.431 -67.239 -72.216 -78.917 -108.280 -139.396 -170.118 -194.922 -219.585 -242.544 -263.965 -285.475 -308.094
109.890 103.356 95.790 89.564 83.738 82.125 80.755 80.118 80.195 75.292 68.874 55.300 44.329 33.489 27.706 27.029 32.828 41.553 49.338 53.594 48.595 42.049 32.512 24.790 24.942 27.811 36.165 47.852 50.413 50.865 46.551 43.166 37.674 36.074 42.580 56.341 69.634 81.175 88.066 94.573 100.160 106.592 106.753 106.808 106.567 103.041 90.269 72.803 53.540 32.512 8.431 1.020 -1.798 -5.659 -7.535 -31.366 -62.501 -93.474 -120.889 -145.679 -167.319 -188.860 -212.051 -236.443
78.488 72.285 62.886 53.038 44.243 39.583 40.651 43.003 43.872 38.638 25.786 9.913 -2.515 -15.572 -19.114 -22.986 -24.961 -14.298 0.862 6.252 -5.325 -14.225 -27.344 -34.847 -37.328 -35.502 -26.235 -8.687 7.117 7.487 -1.610 -10.554 -15.773 -18.563 -12.062 5.281 23.007 35.586 43.514 48.447 55.888 64.627 74.827 86.110 95.520 105.446 106.360 105.904 104.749 89.777 72.711 60.657 50.786 45.079 36.693 18.033 -6.273 -30.691 -56.084 -76.634 -93.743 -116.140 -140.669 -165.006
37.488 31.532 21.868 11.323 1.358 -10.156 -12.188 -13.121 -10.277 -20.113 -30.473 -48.799 -63.138 -77.711 -85.824 -91.117 -96.064 -88.725 -72.511 -63.307 -78.168 -88.456 -102.044 -108.866 -112.117 -110.717 -100.990 -78.360 -60.378 -54.968 -63.770 -71.617 -76.103 -78.118 -74.165 -59.657 -40.916 -22.870 -10.258 -2.731 4.101 13.356 26.354 38.753 51.009 66.023 82.784 95.167 103.080 108.113 107.828 106.975 99.957 91.276 81.546 66.588 45.344 20.289 -4.649 -21.361 -37.354 -52.079 -75.808 -104.603
-4.129 -14.042 -53.377 -67.731 -82.991 -95.727 -99.138 -104.287 -106.664 -114.605 -120.993 -131.083 -146.029 -162.165 -176.512 -181.129 -185.060 -189.467 -180.086 -175.622 -177.457 -185.247 -193.145 -197.294 -199.998 -196.205 -182.732 -169.585 -158.055 -153.199 -158.776 -155.364 -151.940 -152.915 -140.032 -127.658 -111.366 -91.902 -71.848 -61.847 -54.147 -44.673 -30.718 -15.667 -0.270 20.089 41.678 55.320 64.744 75.229 85.885 97.676 107.058 110.099 109.590 104.065 85.952 64.113 44.305 27.123 13.028 0.567 -16.680 -48.963
-50.696 -82.770 -122.985 -151.821 -167.755 -186.298 -194.117 -200.441 -218.674 -229.437 -236.379 -234.715 -245.841 -262.275 -276.140 -282.656 -287.238 -297.134 -300.856 -296.651 -287.494 -294.384 -298.413 -296.314 -298.868 -301.062 -292.357 -277.870 -269.678 -261.971 -255.215 -253.065 -249.633 -229.700 -218.205 -205.630 -187.481 -167.704 -147.419 -130.820 -120.220 -108.048 -91.239 -76.360 -57.457 -35.736 -10.025 6.495 18.821 28.890 39.137 53.140 70.402 84.712 98.505 108.918 108.490 106.894 85.571 70.133 55.397 46.995 27.242 0.858
-138.201 -178.024 -216.942 -246.134 -265.090 -286.278 -299.445 -318.592 -345.380 -362.226 -359.730 -352.893 -355.662 -369.323 -381.544 -390.665 -401.336 -415.015 -423.669 -416.095 -407.718 -404.496 -402.814 -399.594 -399.015 -400.499 -402.639 -393.706 -385.905 -377.051 -369.264 -361.830 -338.291 -317.024 -303.393 -285.834 -268.006 -247.585 -226.222 -208.060 -194.917 -178.802 -161.529 -142.756 -123.186 -99.496 -72.191 -51.160 -38.263 -26.567 -14.318 2.726 23.283 42.733 63.348 81.586 91.375 102.242 110.804 109.462 93.937 81.644 66.082 44.880
-248.338 -286.774 -323.540 -348.061 -369.384 -390.529 -412.692 -439.051 -464.422 -481.689 -474.849 -468.018 -459.589 -471.546 -483.341 -489.839 -503.326 -516.644 -529.540 -521.274 -512.541 -498.634 -495.715 -493.021 -487.727 -489.495 -491.599 -497.330 -489.104 -480.567 -469.507 -446.296 -423.566 -401.977 -384.203 -366.753 -347.259 -325.971 -304.617 -282.860 -266.589 -250.365 -231.487 -212.975 -194.841 -173.656 -148.605 -127.342 -110.731 -93.107 -79.151 -57.545 -31.373 -7.405 20.808 39.771 53.539 65.451 77.435 93.087 103.914 102.904 99.310 76.911
-388.006 -424.724 -445.303 -462.803 -483.819 -503.501 -522.821 -547.952 -570.008 -591.584 -587.216 -575.350 -562.028 -570.049 -574.838 -578.013 -589.399 -602.542 -615.642 -611.958 -597.860 -581.891 -576.033 -570.319 -563.321 -563.493 -569.594 -577.901 -572.804 -560.663 -546.152 -525.520 -504.457 -484.335 -466.283 -446.267 -425.223 -403.931 -380.980 -357.411 -340.810 -320.179 -298.435 -280.138 -268.490 -253.650 -229.835 -212.621 -193.129 -173.492 -158.692 -132.510 -101.919 -65.874 -30.786 -0.918 12.201 24.137 34.302 49.755 67.897 83.732 96.425 96.252
-520.342 -539.264 -556.809 -574.173 -591.669 -610.836 -629.703 -648.706 -669.605 -689.599 -684.274 -670.712 -657.577 -656.114 -659.022 -661.960 -669.920 -683.137 -695.572 -687.787 -672.495 -657.337 -648.079 -641.747 -635.555 -638.418 -646.551 -654.194 -646.929 -632.382 -618.006 -600.810 -580.446 -560.131 -540.163 -519.339 -498.544 -475.674 -452.198 -428.655 -406.121 -384.683 -363.641 -353.320 -342.839 -333.609 -317.260 -300.325 -281.121 -260.312 -239.357 -211.758 -174.358 -136.912 -101.406 -67.582 -44.942 -28.690 -14.995 3.730 23.186 39.018 52.130 63.185
-610.373 -633.278 -650.551 -660.347 -674.557 -693.455 -706.814 -723.312 -743.300 -745.568 -741.261 -728.133 -725.022 -724.227 -727.163 -728.237 -733.341 -745.879 -741.109 -733.144 -718.012 -707.015 -697.919 -691.683 -687.532 -688.496 -696.237 -694.255 -687.121 -672.737 -661.250 -646.213 -625.903 -609.158 -590.490 -569.665 -548.271 -525.728 -501.994 -476.550 -453.568 -434.638 -425.249 -415.052 -408.353 -412.488 -398.585 -384.501 -370.068 -349.340 -328.553 -301.543 -264.326 -223.013 -180.823 -145.189 -109.902 -90.064 -69.630 -48.804 -27.448 -8.025 6.962 18.048
-702.039 -726.284 -735.887 -746.005 -757.306 -770.541 -783.934 -797.153 -798.568 -800.691 -800.524 -797.797 -794.682 -792.281 -793.339 -794.444 -794.276 -789.554 -785.392 -779.880 -769.128 -758.187 -748.396 -744.390 -740.331 -737.913 -735.346 -733.032 -728.668 -717.342 -705.909 -692.824 -676.154 -659.352 -641.108 -619.718 -598.252 -575.356 -549.982 -524.516 -505.198 -495.649 -486.019 -481.799 -485.612 -489.347 -480.784 -468.866 -457.377 -437.445 -416.511 -395.960 -353.639 -307.801 -264.370 -229.685 -195.485 -166.372 -141.545 -118.828 -90.113 -66.160 -42.128 -27.396
-773.385 -791.751 -801.465 -811.280 -821.432 -834.789 -845.990 -848.755 -850.911 -852.901 -854.213 -850.735 -847.113 -842.964 -843.523 -843.363 -840.923 -836.788 -831.333 -822.483 -811.759 -800.191 -786.433 -782.239 -777.854 -772.720 -770.319 -767.436 -763.247 -751.984 -740.578 -728.366 -711.743 -694.609 -675.926 -654.314 -629.661 -601.284 -575.578 -550.320 -529.558 -520.898 -516.441 -517.875 -523.058 -534.382 -534.404 -522.980 -518.724 -504.537 -483.921 -470.231 -432.568 -387.752 -356.142 -321.830 -286.844 -244.252 -218.427 -188.389 -158.178 -129.013 -100.571 -86.304
-834.267 -853.296 -865.284 -875.462 -885.438 -894.433 -897.351 -900.445 -902.443 -903.714 -905.068 -902.402 -898.276 -894.185 -892.459 -890.012 -887.458 -881.745 -872.986 -864.320 -852.555 -838.222 -823.841 -818.190 -812.950 -807.673 -804.086 -800.105 -796.184 -785.848 -774.272 -762.719 -745.468 -727.388 -709.125 -683.823 -654.776 -625.787 -600.655 -575.853 -552.345 -548.943 -547.464 -548.038 -560.614 -575.617 -580.296 -576.905 -575.651 -565.791 -552.937 -540.244 -510.316 -480.280 -449.845 -414.134 -369.191 -324.463 -295.002 -264.433 -234.033 -206.384 -184.093 -165.986
