tests/3D/Borden05m_nopit_001/output_maps/psiliqL0019N0017.asc
ncols         160
nrows         34
xllcorner     620200.000000
yllcorner     5168000.000000
cellsize      0.500000
NODATA_value  -9999.0
[rows 0 to 27 of 34, columns 62 to 123 of 160]
-9999.000 -9999.000 -9999.000 -9999.000 -9999.000 -9999.000 -9999.000 -9999.000 -9999.000 -9999.000 -9999.000 -9999.000 -9999.000 -9999.000 -9999.000 -9999.000 -9999.000 -9999.000 -9999.000 -9999.000 -9999.000 -9999.000 -9999.000 -9999.000 -9999.000 -9999.000 -9999.000 -9999.000 -9999.000 -9999.000 -9999.000 -9999.000 -9999.000 -9999.000 -9999.000 -9999.000 -9999.000 -9999.000 -9999.000 -9999.000 -9999.000 -9999.000 -9999.000 -9999.000 -9999.000 -9999.000 -9999.000 -9999.000 -9999.000 -9999.000 -9999.000 -9999.000 -9999.000 -9999.000 -9999.000 -9999.000 -9999.000 -9999.000 -9999.000 -9999.000 -9999.000 -9999.000
1984.846 1976.007 1966.628 1958.353 1954.150 1952.983 1952.032 1951.394 1956.328 1964.224 1971.731 1978.647 1980.954 1983.248 1985.211 1985.490 1984.221 1980.917 1977.536 1974.088 1972.440 1964.659 1953.373 1944.777 1942.037 1946.333 1950.742 1953.233 1958.793 1969.394 1980.146 1988.761 2001.033 2007.491 2012.825 2015.756 2011.869 2008.622 2004.900 1999.450 1988.468 -9999.000 -9999.000 -9999.000 -9999.000 -9999.000 -9999.000 -9999.000 -9999.000 -9999.000 -9999.000 -9999.000 -9999.000 -9999.000 -9999.000 -9999.000 -9999.000 -9999.000 -9999.000 -9999.000 -9999.000 -9999.000
1964.892 1960.172 1951.435 1946.074 1940.463 1938.064 1937.926 1937.743 1941.491 1951.778 1959.530 1964.070 1966.515 1969.109 1968.111 1967.361 1966.986 1964.010 1960.483 1957.032 1955.150 1955.997 1948.358 1942.596 1938.923 1936.642 1939.258 1941.802 1945.775 1955.157 1963.253 1971.399 1986.193 1999.069 2004.651 2002.288 1997.669 1994.065 1987.237 1977.034 1966.983 1958.002 1951.570 1946.336 1940.543 1946.971 1954.377 1964.189 1973.608 1985.738 1998.001 -9999.000 -9999.000 -9999.000 -9999.000 -9999.000 -9999.000 -9999.000 -9999.000 -9999.000 -9999.000 -9999.000
1944.761 1947.567 1943.975 1939.034 1932.519 1941.475 1942.392 1943.112 1946.151 1948.500 1952.378 1954.819 1960.013 1968.842 1971.451 1971.796 1971.759 1969.738 1966.452 1964.481 1961.622 1956.307 1954.802 1954.711 1953.910 1958.420 1959.915 1962.214 1956.145 1960.167 1966.469 1973.458 1979.630 1986.193 1989.667 1986.598 1986.641 1978.539 1965.083 1954.825 1947.069 1946.364 1943.510 1935.874 1922.961 1930.867 1946.897 1951.778 1954.932 1966.455 1978.823 1989.281 1992.066 1991.814 1991.529 1988.796 1975.019 1960.379 1945.455 1926.851 -9999.000 -9999.000
1951.808 1949.832 1946.287 1942.869 1954.042 1962.571 1963.844 1966.244 1969.776 1969.638 1958.059 1955.656 1963.278 1973.092 1978.382 1978.394 1978.006 1975.041 1973.820 1973.390 1971.262 1971.302 1973.187 1971.918 1975.650 1981.140 1984.212 1977.670 1968.975 1970.562 1978.741 1987.452 1995.030 2005.611 2016.875 2016.710 2011.930 2003.541 1990.913 1968.372 1950.189 1939.647 1932.456 1925.561 1927.262 1923.765 1936.488 1938.463 1940.831 1948.800 1959.241 1969.780 1975.914 1975.389 1974.797 1972.413 1962.945 1948.262 1933.514 1916.391 1890.372 1861.757
1952.418 1951.696 1953.110 1963.347 1975.654 1988.085 1990.022 1991.849 1990.740 1982.194 1971.774 1968.337 1982.158 1998.314 2006.134 2006.016 2003.423 2008.352 2007.496 2006.650 2002.345 2003.636 2003.171 2010.839 2018.339 2025.727 2024.119 2012.023 2000.301 1999.563 2003.693 2008.797 2015.794 2026.178 2035.874 2031.284 2025.524 2017.296 1990.735 1966.371 1951.352 1952.164 1953.109 1948.917 1946.739 1945.010 1939.772 1939.973 1939.456 1939.288 1951.581 1964.556 1968.172 1961.812 1958.030 1955.853 1947.723 1936.518 1921.005 1904.088 1884.816 1856.749
1986.098 1987.438 1993.926 2005.076 2019.667 2041.882 2042.588 2044.034 2044.561 2032.393 2019.549 2008.799 2028.264 2038.570 2046.249 2045.744 2053.136 2062.186 2057.924 2050.597 2039.433 2045.244 2054.408 2069.284 2076.411 2080.807 2078.071 2065.821 2059.733 2059.726 2063.969 2063.354 2069.924 2079.711 2094.970 2094.518 2088.704 2068.167 2032.126 2001.022 1985.044 1993.991 1988.400 1982.480 1981.052 1969.082 1960.490 1962.191 1953.792 1948.717 1961.032 1967.760 1969.428 1962.302 1967.631 1960.574 1940.925 1924.126 1909.247 1894.940 1878.679 1872.209
2007.054 2012.445 2021.868 2039.385 2059.156 2080.358 2083.575 2081.762 2090.898 2083.970 2073.806 2065.746 2081.219 2092.068 2102.772 2110.363 2122.705 2133.447 2120.616 2106.283 2098.661 2104.497 2126.544 2145.818 2150.610 2150.811 2152.084 2140.381 2134.704 2129.645 2127.136 2122.988 2120.168 2141.750 2160.782 2160.283 2138.600 2116.118 2079.525 2043.003 2015.583 2022.154 2020.129 2021.988 2010.206 1997.412 1986.092 1980.578 1973.386 1961.972 1969.544 1974.739 1983.882 1992.160 1994.903 1978.492 1961.078 1941.925 1923.856 1909.747 1904.013 1898.229
2082.132 2094.381 2101.126 2116.976 2136.951 2164.956 2181.201 2195.950 2199.595 2191.551 2182.643 2169.935 2171.011 2190.771 2202.233 2211.501 2220.871 2233.108 2236.120 2231.500 2230.308 2233.877 2243.630 2254.843 2261.392 2265.620 2269.799 2261.913 2250.671 2246.406 2239.365 2235.367 2233.910 2240.812 2256.500 2254.478 2224.568 2198.713 2166.596 2130.363 2101.350 2090.391 2103.443 2097.667 2081.634 2067.531 2038.062 2027.978 2016.149 1990.726 1989.248 1995.656 2007.285 2019.734 2006.069 1989.835 1972.165 1952.311 1934.325 1927.440 1925.966 1922.964
2199.588 2206.578 2209.947 2216.343 2247.786 2281.119 2307.475 2330.205 2337.610 2326.157 2316.260 2303.527 2294.291 2301.340 2316.681 2333.444 2348.459 2359.508 2362.334 2360.925 2361.052 2363.453 2366.331 2369.800 2376.846 2384.142 2393.429 2403.002 2395.174 2378.559 2367.869 2356.600 2353.837 2354.008 2355.247 2356.176 2345.025 2309.779 2281.022 2250.265 2227.066 2211.031 2204.816 2187.316 2165.450 2118.737 2081.557 2049.999 2028.270 2004.341 2008.032 2029.279 2066.531 2065.972 2054.362 2038.612 2014.936 1991.636 1969.685 1964.875 1962.922 1958.285
2322.241 2326.444 2329.686 2334.121 2357.870 2396.242 2433.448 2463.090 2464.668 2453.018 2442.064 2432.200 2419.751 2416.022 2425.897 2438.814 2456.631 2467.410 2475.258 2473.309 2473.602 2474.629 2476.740 2478.634 2481.309 2489.465 2502.707 2515.409 2515.594 2499.796 2482.583 2466.146 2461.478 2457.478 2452.452 2454.013 2455.725 2444.986 2417.899 2381.342 2341.175 2320.612 2303.558 2292.723 2277.592 2246.453 2189.808 2156.816 2122.247 2093.113 2084.937 2139.836 2149.980 2139.510 2127.055 2104.637 2077.729 2053.931 2030.694 2025.805 2021.566 2014.202
2436.593 2443.258 2447.348 2454.836 2470.845 2497.936 2529.243 2556.733 2572.642 2566.761 2551.572 2531.987 2524.545 2522.440 2525.138 2533.015 2543.233 2560.460 2577.844 2583.346 2584.134 2581.582 2583.777 2585.071 2585.133 2587.050 2593.555 2601.921 2604.869 2598.721 2580.504 2559.056 2546.441 2539.104 2535.376 2535.093 2538.541 2540.261 2527.598 2496.378 2456.420 2425.855 2408.247 2394.844 2382.080 2371.438 2346.836 2328.691 2296.715 2252.630 2222.292 2242.878 2234.753 2224.228 2201.201 2171.460 2142.987 2112.449 2085.608 2073.690 2069.200 2066.260
2546.019 2550.443 2558.655 2573.551 2594.210 2610.265 2629.539 2652.999 2667.090 2672.416 2671.710 2669.076 2670.557 2670.802 2626.641 2631.230 2635.779 2647.812 2659.425 2663.482 2663.931 2662.139 2663.573 2664.111 2664.124 2663.766 2664.896 2668.467 2669.830 2668.138 2658.625 2669.209 2650.930 2638.433 2630.747 2622.956 2614.777 2605.572 2596.188 2578.659 2550.637 2517.830 2494.409 2485.492 2479.894 2473.120 2468.324 2453.154 2432.153 2400.550 2362.865 2336.477 2331.406 2315.807 2285.350 2259.294 2240.160 2205.668 2174.663 2155.401 2150.961 2139.267
2649.942 2654.421 2667.203 2681.873 2671.300 2677.167 2683.238 2689.270 2691.341 2691.934 2691.660 2689.375 2688.828 2686.816 2682.796 2672.895 2674.443 2676.157 2678.703 2682.308 2681.094 2682.099 2685.019 2683.402 2677.683 2673.884 2672.317 2673.032 2680.262 2683.540 2684.400 2682.234 2681.437 2680.725 2678.315 2675.306 2671.066 2665.645 2674.674 2663.891 2638.792 2602.959 2565.824 2555.713 2555.034 2555.674 2553.961 2548.679 2531.440 2505.147 2469.531 2432.416 2422.031 2408.862 2393.672 2380.194 2363.491 2325.940 2289.962 2265.428 2251.772 2227.795
2690.034 2692.550 2694.608 2691.494 2688.300 2683.575 2682.207 2680.924 2678.554 2679.211 2677.332 2673.409 2669.704 2662.611 2651.592 2640.429 2637.427 2641.869 2647.159 2651.863 2655.648 2659.140 2659.692 2654.649 2646.616 2639.397 2637.629 2644.238 2649.832 2655.653 2656.408 2655.030 2652.804 2652.793 2649.958 2650.301 2656.975 2670.782 2674.965 2679.110 2678.491 2666.705 2645.382 2647.551 2628.225 2633.168 2628.843 2617.849 2597.364 2574.126 2544.653 2515.829 2495.168 2487.750 2482.530 2476.137 2464.397 2428.313 2394.834 2365.288 2343.680 2318.417
2674.293 2681.218 2682.435 2675.553 2667.305 2660.403 2653.495 2651.390 2650.572 2650.201 2650.571 2645.408 2637.031 2621.128 2609.751 2598.762 2592.875 2590.090 2594.302 2604.740 2615.507 2620.297 2612.382 2604.536 2593.449 2585.489 2585.841 2587.464 2596.599 2611.787 2617.724 2618.401 2612.614 2607.111 2600.815 2598.204 2604.645 2619.441 2635.082 2649.375 2657.782 2665.095 2671.699 2672.660 2674.543 2675.547 2673.971 2674.829 2658.597 2636.648 2610.809 2586.686 2561.221 2556.228 2555.331 2551.658 2549.574 2519.521 2484.666 2451.445 2424.403 2398.339
2647.831 2650.360 2646.822 2640.515 2630.730 2620.105 2610.719 2604.075 2605.126 2607.494 2608.914 2602.307 2587.775 2570.610 2557.489 2543.903 2540.111 2534.882 2529.066 2539.362 2557.623 2564.365 2549.733 2539.491 2524.967 2518.090 2514.579 2515.691 2524.720 2545.619 2567.044 2568.567 2558.198 2547.924 2543.019 2539.917 2545.113 2562.003 2581.788 2596.717 2606.312 2611.484 2619.124 2628.269 2641.191 2654.825 2666.173 2672.489 2678.652 2675.529 2666.282 2656.491 2634.495 2620.860 2612.446 2607.851 2600.486 2578.261 2550.430 2523.788 2497.579 2474.905
2612.416 2609.388 2603.681 2597.039 2579.976 2568.205 2556.300 2542.541 2539.303 2535.807 2537.503 2526.589 2517.887 2500.868 2485.899 2470.669 2459.055 2453.498 2447.390 2448.621 2462.978 2471.659 2460.444 2450.573 2438.991 2433.738 2430.414 2432.540 2442.741 2463.262 2481.452 2488.882 2481.049 2477.614 2476.142 2474.385 2479.881 2491.812 2509.944 2530.859 2547.694 2556.752 2563.548 2572.708 2586.607 2600.096 2613.692 2630.645 2651.583 2666.474 2675.775 2677.692 2676.808 2671.095 2670.652 2660.558 2649.009 2630.532 2606.598 2580.057 2554.253 2537.039
2572.309 2566.510 2561.056 2542.558 2492.650 2473.830 2456.188 2441.190 2435.632 2428.353 2416.730 2408.385 2403.364 2401.669 2387.468 2370.495 2353.952 2349.203 2345.582 2332.406 2332.291 2334.095 2344.582 2337.991 2334.627 2334.608 2332.123 2334.199 2347.160 2356.572 2363.926 2370.034 2371.479 2379.685 2386.188 2392.745 2408.407 2419.635 2435.123 2455.024 2478.723 2492.299 2501.091 2511.055 2525.776 2541.448 2558.295 2579.893 2604.389 2619.845 2630.410 2641.795 2654.352 2668.401 2675.145 2681.956 2680.592 2676.145 2653.994 2627.122 2606.701 2589.253
2512.230 2510.146 2501.518 2454.118 2413.708 2381.654 2365.052 2343.239 2331.702 2318.699 2286.889 2271.742 2269.383 2280.191 2274.411 2258.889 2246.498 2238.106 2230.341 2215.170 2201.213 2206.725 2222.277 2220.786 2221.831 2227.892 2226.731 2221.422 2222.252 2234.983 2241.224 2251.215 2265.321 2269.233 2281.418 2310.605 2322.813 2336.833 2354.888 2374.833 2396.087 2416.501 2429.215 2443.197 2460.878 2476.740 2496.364 2518.435 2546.525 2566.204 2579.809 2590.258 2600.739 2615.599 2635.277 2653.060 2670.071 2680.081 2680.925 2671.783 2653.112 2634.908
2417.188 2411.643 2388.298 2340.219 2303.850 2278.920 2258.331 2236.213 2216.097 2184.773 2152.844 2132.861 2144.680 2154.741 2162.036 2150.115 2139.070 2129.787 2114.193 2098.461 2084.546 2094.535 2103.120 2117.214 2122.484 2126.182 2130.394 2128.885 2120.719 2119.855 2127.678 2137.044 2147.511 2164.421 2195.893 2219.230 2235.673 2254.849 2272.870 2293.524 2315.558 2336.456 2351.825 2369.042 2386.752 2406.554 2425.449 2448.192 2475.784 2500.020 2514.883 2528.834 2541.804 2560.301 2583.019 2604.849 2628.701 2649.418 2661.952 2674.412 2680.082 2675.942
2305.596 2289.310 2248.637 2208.408 2183.080 2166.950 2144.815 2124.267 2097.874 2066.769 2044.402 2025.261 2034.872 2044.402 2061.146 2051.664 2043.552 2039.692 2025.113 2011.973 1996.733 2003.696 2014.831 2035.367 2040.415 2044.093 2052.192 2051.070 2047.107 2033.051 2040.053 2049.914 2063.190 2091.492 2113.762 2135.528 2155.574 2173.856 2194.213 2215.617 2237.550 2261.907 2279.869 2297.441 2317.579 2336.017 2351.077 2368.395 2392.253 2413.097 2432.579 2453.276 2467.662 2491.176 2520.313 2548.856 2581.419 2604.348 2619.353 2631.664 2643.718 2662.347
2166.867 2123.162 2090.841 2066.023 2059.557 2046.407 2027.011 2008.583 1989.975 1967.763 1948.592 1925.145 1930.692 1945.697 1961.957 1960.745 1960.245 1958.532 1948.844 1935.675 1922.337 1926.128 1942.350 1959.734 1968.513 1975.596 1983.055 1982.710 1974.058 1964.341 1968.938 1982.984 1998.214 2016.244 2036.460 2056.442 2075.467 2096.500 2117.927 2139.591 2163.085 2188.074 2207.142 2229.077 2251.861 2268.235 2277.205 2286.529 2306.705 2322.520 2343.053 2364.429 2381.183 2407.797 2441.009 2480.861 2519.391 2556.501 2573.193 2586.315 2596.641 2612.335
2045.676 2014.738 1987.063 1977.393 1962.337 1948.831 1934.452 1915.466 1899.237 1884.013 1863.604 1851.183 1858.371 1872.261 1882.265 1887.791 1885.776 1883.569 1877.501 1863.990 1857.465 1866.869 1882.095 1896.203 1907.035 1913.694 1919.031 1915.905 1906.868 1902.285 1909.904 1924.739 1938.047 1952.984 1972.817 1992.128 2012.311 2033.327 2054.007 2076.968 2100.604 2124.862 2149.564 2170.683 2189.080 2197.376 2206.185 2207.895 2219.565 2234.881 2251.690 2272.815 2295.462 2321.136 2359.481 2399.197 2437.828 2476.005 2507.802 2526.881 2543.050 2562.611
1974.325 1945.938 1918.255 1894.437 1881.731 1875.535 1863.387 1846.885 1835.982 1821.013 1808.721 1812.890 1815.508 1825.446 1825.402 1826.631 1824.359 1823.889 1821.050 1813.202 1823.041 1830.017 1843.897 1854.154 1863.608 1869.418 1873.018 1873.364 1867.907 1872.357 1878.412 1891.868 1902.615 1915.948 1935.226 1951.202 1969.052 1989.743 2011.075 2033.313 2057.163 2083.139 2106.023 2122.946 2129.363 2137.695 2139.614 2129.527 2140.207 2152.011 2162.573 2182.368 2202.287 2224.027 2261.082 2304.802 2351.200 2388.299 2430.640 2456.153 2479.867 2501.616
1890.330 1862.043 1834.855 1814.221 1808.792 1798.772 1788.887 1777.592 1764.885 1756.830 1761.315 1759.482 1758.044 1757.738 1760.890 1764.328 1763.996 1763.250 1765.540 1774.639 1779.048 1784.494 1793.915 1805.022 1816.166 1819.826 1823.948 1827.776 1832.458 1834.959 1838.469 1848.813 1860.096 1872.185 1887.738 1904.459 1922.242 1943.455 1965.427 1988.983 2014.374 2040.514 2060.766 2068.626 2077.226 2078.567 2071.269 2064.740 2068.411 2079.088 2086.070 2102.633 2123.230 2135.218 2173.462 2220.620 2261.968 2297.410 2332.222 2371.253 2398.214 2423.169
1825.839 1797.830 1775.986 1761.058 1751.308 1741.453 1731.527 1719.378 1711.817 1712.260 1710.137 1708.381 1706.580 1709.965 1713.836 1718.453 1718.691 1719.726 1722.717 1727.130 1733.498 1742.820 1753.580 1765.679 1780.768 1785.547 1790.127 1795.844 1798.491 1801.632 1805.483 1816.208 1827.575 1839.162 1855.477 1872.635 1890.846 1912.456 1937.428 1966.473 1992.519 2018.294 2041.109 2049.746 2053.024 2050.711 2043.513 2029.347 2026.360 2035.203 2036.004 2045.793 2063.560 2071.869 2099.460 2139.280 2166.804 2200.795 2238.585 2289.008 2317.553 2349.052
1757.459 1737.064 1721.500 1703.199 1690.515 1680.349 1671.912 1666.279 1665.518 1663.187 1661.916 1660.874 1659.094 1660.938 1665.343 1669.444 1671.927 1674.907 1678.915 1685.527 1694.594 1702.830 1714.632 1729.305 1744.487 1751.330 1756.811 1762.695 1766.963 1771.105 1774.637 1784.296 1795.671 1805.814 1822.511 1840.656 1859.481 1884.537 1913.622 1943.370 1969.034 1993.985 2019.586 2022.878 2023.739 2022.982 2008.116 1992.802 1985.228 1986.576 1987.060 1989.925 1999.954 2010.138 2030.739 2053.814 2080.808 2115.523 2162.389 2207.566 2240.310 2270.014
