tests/3D/Borden05m_nopit_001/output_maps/psiliqL0024N0004.asc
ncols         160
nrows         34
xllcorner     620200.000000
yllcorner     5168000.000000
cellsize      0.500000
NODATA_value  -9999.0
[rows 0 to 27 of 34, columns 0 to 61 of 160]
-9999.000 -9999.000 -9999.000 -9999.000 -9999.000 -9999.000 -9999.000 -9999.000 -9999.000 -9999.000 -9999.000 -9999.000 -9999.000 -9999.000 -9999.000 -9999.000 -9999.000 -9999.000 -9999.000 -9999.000 -9999.000 -9999.000 -9999.000 -9999.000 -9999.000 -9999.000 -9999.000 -9999.000 -9999.000 -9999.000 -9999.000 -9999.000 -9999.000 -9999.000 -9999.000 -9999.000 -9999.000 -9999.000 -9999.000 -9999.000 -9999.000 -9999.000 -9999.000 -9999.000 -9999.000 -9999.000 -9999.000 -9999.000 -9999.000 -9999.000 -9999.000 -9999.000 -9999.000 -9999.000 -9999.000 -9999.000 -9999.000 -9999.000 -9999.000 -9999.000 -9999.000 -9999.000
-9999.000 -9999.000 -9999.000 -9999.000 -9999.000 -9999.000 -9999.000 -9999.000 -9999.000 -9999.000 -9999.000 -9999.000 -9999.000 -9999.000 -9999.000 -9999.000 -9999.000 -9999.000 -9999.000 -9999.000 -9999.000 -9999.000 -9999.000 -9999.000 -9999.000 -9999.000 -9999.000 -9999.000 -9999.000 -9999.000 -9999.000 -9999.000 -9999.000 -9999.000 -9999.000 -9999.000 -9999.000 -9999.000 -9999.000 -9999.000 -9999.000 -9999.000 -9999.000 -9999.000 -9999.000 -9999.000 -9999.000 -9999.000 -9999.000 -9999.000 -9999.000 -9999.000 -9999.000 -9999.000 -9999.000 -9999.000 -9999.000 -9999.000 -9999.000 2998.741 2993.400 2988.536
-9999.000 -9999.000 -9999.000 -9999.000 -9999.000 -9999.000 -9999.000 -9999.000 -9999.000 -9999.000 -9999.000 -9999.000 -9999.000 -9999.000 -9999.000 -9999.000 -9999.000 -9999.000 -9999.000 -9999.000 -9999.000 -9999.000 -9999.000 -9999.000 -9999.000 -9999.000 -9999.000 -9999.000 -9999.000 -9999.000 -9999.000 -9999.000 -9999.000 -9999.000 -9999.000 -9999.000 -9999.000 -9999.000 -9999.000 -9999.000 -9999.000 -9999.000 -9999.000 -9999.000 -9999.000 -9999.000 -9999.000 2873.635 2856.386 2842.544 2837.967 2858.947 2881.780 2905.305 2925.554 2943.557 2961.909 2982.623 2985.710 2974.111 2969.036 2965.831
-9999.000 -9999.000 -9999.000 -9999.000 -9999.000 -9999.000 -9999.000 -9999.000 -9999.000 -9999.000 -9999.000 -9999.000 -9999.000 -9999.000 -9999.000 -9999.000 -9999.000 -9999.000 -9999.000 -9999.000 -9999.000 -9999.000 -9999.000 -9999.000 -9999.000 -9999.000 -9999.000 -9999.000 -9999.000 -9999.000 -9999.000 -9999.000 -9999.000 -9999.000 -9999.000 -9999.000 -9999.000 -9999.000 -9999.000 -9999.000 2924.287 2930.096 2929.885 2919.771 2908.273 2894.593 2873.932 2856.659 2843.243 2841.070 2843.296 2845.977 2866.550 2891.539 2911.104 2926.700 2945.715 2965.964 2968.469 2958.077 2950.204 2943.564
-9999.000 -9999.000 -9999.000 -9999.000 -9999.000 -9999.000 -9999.000 -9999.000 -9999.000 -9999.000 -9999.000 -9999.000 -9999.000 -9999.000 -9999.000 -9999.000 -9999.000 -9999.000 -9999.000 -9999.000 -9999.000 -9999.000 -9999.000 -9999.000 -9999.000 -9999.000 -9999.000 -9999.000 -9999.000 -9999.000 -9999.000 -9999.000 -9999.000 -9999.000 2832.626 2849.455 2867.168 2885.462 2902.171 2909.005 2914.728 2919.950 2915.157 2910.467 2898.557 2877.513 2857.968 2844.878 2843.552 2840.859 2844.175 2855.495 2871.735 2886.473 2906.637 2930.531 2939.281 2949.826 2952.241 2947.086 2949.040 2950.663
-9999.000 -9999.000 -9999.000 -9999.000 -9999.000 -9999.000 -9999.000 -9999.000 -9999.000 -9999.000 -9999.000 -9999.000 -9999.000 -9999.000 -9999.000 -9999.000 -9999.000 -9999.000 -9999.000 -9999.000 -9999.000 -9999.000 -9999.000 -9999.000 -9999.000 -9999.000 -9999.000 -9999.000 2839.019 2832.934 2827.875 2826.052 2824.349 2823.125 2829.609 2840.578 2857.432 2879.155 2892.101 2899.080 2905.679 2905.784 2899.673 2897.580 2897.694 2884.772 2872.199 2860.403 2848.855 2845.499 2854.016 2867.763 2883.476 2897.564 2912.304 2917.075 2936.943 2956.896 2962.836 2956.664 2952.560 2950.922
-9999.000 -9999.000 -9999.000 -9999.000 -9999.000 -9999.000 -9999.000 -9999.000 -9999.000 -9999.000 -9999.000 -9999.000 -9999.000 -9999.000 -9999.000 -9999.000 -9999.000 -9999.000 -9999.000 -9999.000 -9999.000 -9999.000 -9999.000 2809.799 2814.668 2820.963 2828.351 2829.061 2825.467 2819.819 2816.806 2815.046 2812.485 2816.648 2823.398 2835.997 2850.865 2872.638 2880.458 2884.496 2895.491 2898.604 2905.671 2909.089 2906.700 2902.242 2887.103 2875.259 2877.195 2880.818 2887.013 2894.637 2907.426 2920.654 2935.477 2953.053 2972.220 2992.058 3005.142 2998.808 2991.052 2982.165
-9999.000 -9999.000 -9999.000 -9999.000 -9999.000 -9999.000 -9999.000 -9999.000 -9999.000 -9999.000 -9999.000 -9999.000 -9999.000 -9999.000 -9999.000 -9999.000 -9999.000 -9999.000 -9999.000 2785.633 2786.537 2787.811 2792.437 2792.687 2794.252 2800.737 2808.416 2810.889 2808.377 2806.943 2807.845 2809.943 2813.900 2823.863 2836.650 2849.901 2862.102 2882.019 2895.667 2907.346 2921.905 2921.472 2917.099 2914.686 2913.935 2911.799 2910.219 2908.974 2914.311 2914.713 2917.746 2926.014 2937.012 2952.797 2969.652 2986.191 2999.922 3016.082 3032.532 3024.029 3013.585 2997.393
-9999.000 -9999.000 -9999.000 -9999.000 -9999.000 -9999.000 -9999.000 -9999.000 -9999.000 -9999.000 -9999.000 -9999.000 -9999.000 -9999.000 -9999.000 -9999.000 2756.926 2758.552 2760.698 2766.000 2769.349 2773.010 2779.653 2780.766 2783.783 2790.346 2794.282 2802.894 2810.571 2816.952 2822.003 2823.575 2829.249 2837.468 2847.845 2860.766 2879.861 2902.174 2916.790 2932.355 2948.450 2947.972 2945.327 2944.691 2942.489 2943.571 2957.301 2959.792 2954.470 2964.088 2975.069 2977.145 2983.084 3001.563 3022.803 3038.484 3060.763 3077.408 3098.748 3090.928 3068.654 3053.702
-9999.000 -9999.000 -9999.000 -9999.000 -9999.000 -9999.000 -9999.000 -9999.000 -9999.000 -9999.000 -9999.000 -9999.000 -9999.000 2708.398 2712.186 2722.043 2732.941 2735.620 2740.144 2746.390 2758.094 2761.229 2766.678 2773.279 2785.105 2792.931 2800.880 2811.648 2818.665 2824.533 2829.831 2831.926 2842.390 2855.234 2868.429 2886.303 2906.809 2924.177 2941.327 2956.255 2966.951 2963.867 2961.841 2962.812 2966.768 2979.158 2994.768 2995.408 3005.229 3024.871 3034.422 3041.292 3046.677 3059.290 3079.576 3109.257 3142.106 3166.515 3177.059 3185.060 3171.570 3169.802
-9999.000 -9999.000 -9999.000 -9999.000 -9999.000 -9999.000 -9999.000 -9999.000 -9999.000 -9999.000 2681.168 2682.536 2678.508 2675.805 2681.105 2693.000 2706.986 2712.194 2723.604 2744.320 2762.220 2764.596 2777.327 2786.631 2792.306 2801.022 2812.582 2823.334 2837.447 2847.673 2855.333 2870.553 2884.738 2899.218 2914.783 2933.427 2948.527 2971.412 2995.053 3002.951 3019.370 3022.351 3017.258 3014.556 3022.458 3033.120 3047.669 3063.342 3081.036 3102.236 3112.607 3124.600 3132.846 3142.476 3156.800 3196.179 3239.273 3268.326 3286.117 3298.882 3296.489 3298.189
-9999.000 -9999.000 -9999.000 -9999.000 -9999.000 -9999.000 -9999.000 -9999.000 2656.997 2664.709 2669.805 2666.107 2661.082 2654.954 2668.866 2683.693 2698.839 2716.293 2731.091 2748.443 2761.569 2775.433 2794.296 2803.873 2813.202 2826.730 2838.254 2851.821 2870.700 2877.751 2888.153 2906.127 2920.556 2935.806 2952.238 2967.218 2986.890 3015.921 3043.675 3059.519 3084.307 3101.159 3095.278 3093.230 3093.979 3116.159 3141.552 3169.491 3188.321 3211.237 3238.504 3256.278 3265.008 3275.610 3288.915 3310.709 3343.648 3372.452 3402.499 3417.644 3420.416 3418.093
-9999.000 -9999.000 -9999.000 -9999.000 -9999.000 -9999.000 2629.280 2653.321 2668.020 2658.998 2644.962 2639.392 2632.858 2661.625 2683.093 2699.504 2715.246 2731.726 2746.857 2754.892 2783.938 2801.637 2812.471 2825.106 2837.994 2850.824 2865.607 2885.593 2902.214 2923.893 2940.140 2956.284 2978.622 2994.652 3010.209 3023.070 3049.641 3083.104 3116.420 3140.214 3163.807 3193.763 3193.986 3195.655 3197.497 3219.578 3251.769 3280.547 3311.697 3341.574 3368.640 3378.714 3387.312 3396.847 3408.901 3418.883 3433.777 3461.507 3489.892 3512.571 3527.348 3528.050
-9999.000 -9999.000 -9999.000 -9999.000 2597.436 2617.955 2636.346 2665.942 2687.358 2681.655 2685.641 2683.159 2678.266 2682.065 2688.935 2705.145 2722.919 2740.994 2754.573 2781.742 2826.443 2836.771 2853.654 2881.880 2891.748 2904.317 2918.320 2937.599 2956.061 2982.774 3017.118 3046.093 3066.642 3084.976 3102.877 3119.272 3152.425 3187.890 3222.257 3252.944 3279.234 3304.030 3311.039 3315.760 3325.332 3341.386 3362.903 3389.530 3421.736 3453.010 3475.973 3485.458 3490.727 3499.960 3507.626 3517.063 3527.611 3545.445 3567.807 3601.005 3623.908 3635.145
-9999.000 -9999.000 -9999.000 2544.423 2583.158 2622.020 2647.293 2676.900 2708.350 2708.239 2715.950 2715.695 2714.635 2719.411 2722.357 2737.532 2753.761 2771.237 2791.178 2823.703 2852.343 2870.846 2897.679 2914.247 2927.157 2938.968 2955.775 2974.945 3010.183 3039.821 3084.847 3134.138 3165.635 3184.669 3205.581 3231.603 3255.364 3292.166 3325.132 3356.295 3385.793 3407.585 3422.034 3426.644 3435.555 3441.367 3454.159 3474.580 3496.139 3525.711 3554.117 3581.408 3595.888 3606.281 3622.701 3639.810 3653.251 3667.802 3647.297 3668.513 3679.370 3684.447
-9999.000 -9999.000 2496.404 2535.412 2566.902 2613.725 2666.028 2700.140 2738.817 2757.562 2760.255 2770.823 2781.076 2781.919 2790.591 2802.647 2822.231 2829.181 2847.185 2864.287 2902.268 2936.722 2936.293 2975.427 3004.446 3034.293 3053.259 3078.342 3113.949 3147.892 3191.486 3239.709 3273.473 3300.766 3315.617 3334.488 3354.214 3378.878 3413.834 3439.316 3471.476 3496.220 3515.587 3517.205 3519.933 3535.428 3562.214 3591.290 3618.612 3645.834 3634.545 3654.923 3664.013 3669.085 3677.059 3682.523 3685.155 3683.606 3682.448 3676.122 3670.108 3669.346
-9999.000 -9999.000 2466.730 2512.747 2547.926 2606.867 2691.255 2725.075 2764.479 2808.733 2822.074 2842.557 2838.551 2830.146 2847.366 2861.715 2878.932 2884.809 2878.591 2929.610 2981.402 3009.448 3022.719 3095.365 3144.413 3165.620 3180.136 3199.215 3218.766 3256.742 3296.289 3348.792 3389.223 3418.122 3432.010 3450.619 3469.330 3484.119 3502.717 3546.860 3579.739 3608.710 3638.832 3659.410 3667.222 3671.590 3649.255 3666.257 3677.787 3682.760 3684.694 3680.977 3680.371 3681.151 3682.080 3676.772 3669.850 3662.940 3657.700 3651.281 3645.985 3644.197
-9999.000 2374.210 2426.501 2477.161 2541.838 2603.530 2679.004 2753.733 2816.788 2866.452 2890.906 2886.273 2891.943 2918.807 2937.744 2954.620 2958.080 2965.722 2947.313 2997.749 3035.330 3087.855 3187.083 3243.207 3300.808 3297.140 3286.114 3291.756 3308.372 3352.852 3427.687 3480.608 3542.282 3588.162 3603.991 3610.642 3628.381 3648.278 3604.799 3642.939 3660.405 3674.979 3682.624 3684.633 3685.755 3685.546 3681.931 3675.036 3666.950 3661.172 3656.985 3652.483 3654.914 3658.230 3658.549 3651.885 3644.173 3636.572 3629.030 3622.206 3616.096 3611.889
-9999.000 2336.239 2393.805 2462.363 2529.842 2579.892 2665.248 2825.599 2884.850 2920.999 2928.209 2911.423 2971.096 3030.068 3054.615 3097.842 3083.058 3067.702 3034.276 3059.437 3098.526 3168.029 3330.572 3416.487 3462.220 3470.085 3471.548 3498.644 3540.283 3584.352 3626.507 3601.221 3645.087 3666.578 3671.069 3671.697 3676.519 3675.223 3673.558 3669.211 3664.124 3664.274 3668.742 3668.570 3665.651 3662.346 3656.693 3649.268 3644.022 3639.402 3636.731 3633.870 3631.991 3631.420 3626.716 3621.587 3612.398 3602.612 3593.056 3582.727 3572.333 3566.015
-9999.000 2297.509 2371.505 2430.242 2478.952 2573.231 2701.371 2842.327 2936.299 2969.210 2953.681 2993.310 3093.367 3195.285 3245.571 3265.968 3249.650 3205.715 3189.149 3231.364 3298.977 3411.146 3538.645 3631.954 3646.121 3649.116 3606.644 3629.497 3650.678 3653.192 3654.187 3661.070 3666.063 3668.907 3667.370 3664.485 3659.703 3651.574 3646.750 3643.136 3639.411 3638.356 3640.438 3642.129 3639.362 3635.491 3631.022 3625.441 3619.182 3612.470 3608.241 3604.060 3601.960 3596.600 3593.008 3587.299 3571.165 3556.866 3542.813 3530.357 3517.793 3502.481
-9999.000 2177.745 2272.627 2315.027 2395.234 2580.405 2707.944 2848.313 3007.974 3030.035 3078.907 3212.143 3326.408 3403.480 3432.940 3466.423 3490.521 3506.768 3541.909 3436.948 3511.295 3599.545 3639.393 3656.673 3664.610 3664.940 3655.343 3634.810 3624.129 3617.378 3618.984 3626.227 3631.004 3635.874 3633.597 3634.549 3635.439 3632.165 3628.199 3619.585 3611.791 3605.263 3602.253 3607.031 3602.356 3599.880 3593.769 3585.461 3576.631 3569.277 3561.433 3554.920 3552.668 3547.654 3546.495 3537.339 3506.890 3486.262 3469.307 3450.705 3424.674 3405.032
-9999.000 2096.695 2169.613 2233.389 2347.562 2510.284 2610.065 2767.794 3000.763 3131.240 3285.446 3370.863 3439.914 3483.822 3534.812 3584.204 3609.510 3619.940 3592.305 3611.479 3570.187 3559.377 3576.312 3604.440 3620.532 3624.423 3616.407 3606.970 3599.726 3598.601 3596.567 3592.924 3589.194 3585.834 3582.693 3585.468 3590.625 3583.697 3573.755 3564.556 3556.256 3547.219 3541.368 3536.953 3537.097 3537.319 3529.787 3519.408 3508.700 3500.528 3493.353 3488.769 3486.221 3481.373 3472.173 3458.955 3431.265 3405.453 3382.919 3352.214 3307.094 3293.264
-9999.000 1979.751 2110.341 2188.748 2286.361 2415.116 2521.120 2672.902 2803.961 3041.879 3183.955 3358.586 3405.225 3471.389 3519.598 3590.168 3586.339 3554.749 3513.036 3496.586 3506.074 3514.603 3523.208 3538.138 3555.396 3565.188 3569.527 3563.171 3549.045 3537.109 3526.752 3513.749 3504.754 3502.488 3505.933 3515.408 3516.218 3506.980 3493.119 3475.337 3460.069 3448.529 3446.406 3448.965 3449.921 3446.016 3440.139 3429.552 3417.116 3404.970 3399.135 3394.758 3387.603 3376.792 3365.280 3352.601 3329.170 3310.125 3286.750 3245.213 3202.265 3162.798
-9999.000 -9999.000 2025.705 2133.903 2228.370 2339.535 2430.923 2550.823 2690.503 2861.344 2976.031 3145.228 3234.622 3277.647 3313.217 3367.547 3390.701 3418.951 3410.701 3420.465 3429.113 3433.956 3439.465 3445.783 3456.395 3465.968 3475.560 3472.786 3463.880 3443.976 3419.285 3400.131 3389.955 3381.135 3392.724 3405.031 3399.995 3393.174 3380.730 3364.705 3352.149 3338.091 3334.645 3334.691 3335.269 3332.958 3330.226 3317.904 3305.724 3295.690 3291.599 3286.093 3282.408 3272.682 3262.209 3251.856 3233.278 3210.996 3184.547 3143.840 3105.224 3065.518
-9999.000 -9999.000 1937.609 2041.601 2144.420 2260.976 2345.584 2367.329 2503.862 2607.267 2712.358 2819.485 2911.988 2978.115 3011.572 3072.297 3124.641 3141.705 3177.418 3226.177 3258.138 3294.682 3316.220 3325.749 3338.105 3352.036 3359.509 3344.846 3333.631 3316.702 3293.787 3267.880 3254.724 3253.755 3253.393 3255.585 3248.376 3239.424 3225.124 3211.040 3198.837 3189.620 3186.043 3180.949 3178.918 3176.285 3174.482 3168.877 3160.337 3155.458 3147.501 3143.639 3142.712 3139.331 3133.368 3130.974 3120.262 3095.704 3068.603 3040.510 3008.643 2985.524
-9999.000 -9999.000 -9999.000 1989.835 2068.682 2109.573 2200.755 2235.480 2246.998 2332.592 2443.571 2573.593 2637.205 2688.948 2743.449 2782.821 2830.566 2874.698 2928.119 3003.553 3053.305 3101.280 3148.995 3172.901 3186.764 3203.165 3203.823 3195.126 3186.618 3171.959 3147.275 3124.633 3117.551 3124.347 3120.893 3115.784 3109.643 3108.121 3101.604 3091.812 3080.264 3077.017 3073.568 3067.592 3062.154 3058.021 3054.779 3053.201 3047.993 3040.768 3039.312 3039.479 3037.095 3036.215 3032.376 3025.836 3020.837 2993.522 2970.799 2954.146 2927.605 2898.601
-9999.000 -9999.000 -9999.000 -9999.000 -9999.000 1948.245 2053.434 2153.270 2198.432 2229.627 2293.357 2394.463 2430.884 2482.726 2543.368 2592.060 2652.958 2715.078 2791.423 2832.315 2894.160 2929.578 2971.560 3019.575 3033.148 3044.276 3054.728 3046.335 3038.178 3028.765 3005.106 2999.657 3001.718 3001.967 3001.785 2997.297 2992.718 2987.636 2985.552 2973.729 2968.360 2966.753 2962.951 2959.220 2954.183 2950.904 2948.357 2948.201 2941.276 2940.881 2946.924 2945.257 2943.415 2942.758 2937.124 2929.361 2921.881 2901.069 2887.278 2878.405 2848.171 2828.390
-9999.000 -9999.000 -9999.000 -9999.000 -9999.000 -9999.000 1912.243 2010.240 2078.477 2148.343 2225.861 2280.989 2302.357 2330.646 2375.792 2446.456 2531.262 2598.595 2644.198 2686.195 2733.875 2775.848 2811.572 2856.070 2875.508 2884.172 2899.909 2896.952 2889.501 2885.455 2882.597 2892.311 2887.005 2886.537 2885.133 2884.556 2878.321 2872.919 2869.979 2869.134 2869.665 2865.070 2861.425 2857.749 2853.019 2848.562 2845.886 2843.975 2844.014 2850.534 2851.871 2852.537 2851.283 2848.704 2841.264 2832.200 2824.399 2815.596 2806.299 2795.495 2779.524 2765.945
