tests/3D/Borden05m_nopit_001/output_maps/psiliqL0011N0028.asc
ncols         160
nrows         34
xllcorner     620200.000000
yllcorner     5168000.000000
cellsize      0.500000
NODATA_value  -9999.0
[rows 0 to 28 of 34, columns 65 to 129 of 160]
-9999.000 -9999.000 -9999.000 -9999.000 -9999.000 -9999.000 -9999.000 -9999.000 -9999.000 -9999.000 -9999.000 -9999.000 -9999.000 -9999.000 -9999.000 -9999.000 -9999.000 -9999.000 -9999.000 -9999.000 -9999.000 -9999.000 -9999.000 -9999.000 -9999.000 -9999.000 -9999.000 -9999.000 -9999.000 -9999.000 -9999.000 -9999.000 -9999.000 -9999.000 -9999.000 -9999.000 -9999.000 -9999.000 -9999.000 -9999.000 -9999.000 -9999.000 -9999.000 -9999.000 -9999.000 -9999.000 -9999.000 -9999.000 -9999.000 -9999.000 -9999.000 -9999.000 -9999.000 -9999.000 -9999.000 -9999.000 -9999.000 -9999.000 -9999.000 -9999.000 -9999.000 -9999.000 -9999.000 -9999.000 -9999.000
359.008 354.823 353.698 352.671 352.081 357.162 364.950 372.409 379.443 381.696 383.999 386.153 386.549 385.191 381.866 378.502 375.037 373.492 365.254 353.805 344.898 342.113 346.560 351.057 353.591 359.598 370.457 381.389 390.045 401.978 407.791 413.099 416.403 412.608 409.357 405.894 401.215 390.354 -9999.000 -9999.000 -9999.000 -9999.000 -9999.000 -9999.000 -9999.000 -9999.000 -9999.000 -9999.000 -9999.000 -9999.000 -9999.000 -9999.000 -9999.000 -9999.000 -9999.000 -9999.000 -9999.000 -9999.000 -9999.000 -9999.000 -9999.000 -9999.000 -9999.000 -9999.000 -9999.000
346.502 340.814 338.779 338.562 338.398 342.340 352.182 359.982 364.594 366.909 369.302 369.048 368.413 367.947 364.958 361.451 357.984 356.125 356.317 348.660 343.197 339.807 338.321 340.806 343.187 346.463 356.097 364.415 372.755 387.099 399.607 405.032 402.840 398.142 394.732 388.530 378.923 368.776 358.788 351.934 346.788 341.649 348.024 354.838 365.169 375.323 387.504 399.751 -9999.000 -9999.000 -9999.000 -9999.000 -9999.000 -9999.000 -9999.000 -9999.000 -9999.000 -9999.000 -9999.000 -9999.000 -9999.000 -9999.000 -9999.000 -9999.000 -9999.000
339.269 334.323 342.173 343.119 343.988 346.989 350.006 352.577 355.161 360.309 369.083 371.571 371.919 371.891 369.925 366.698 364.804 361.956 356.671 355.566 355.828 355.629 360.657 362.138 363.736 356.992 360.544 366.888 373.882 380.780 387.793 392.312 389.439 388.784 380.875 367.547 356.729 348.538 346.668 343.835 336.436 324.354 331.707 347.555 352.476 356.229 368.214 380.621 390.922 393.138 392.905 392.658 390.137 376.414 361.847 347.153 328.633 -9999.000 -9999.000 -9999.000 -9999.000 -9999.000 -9999.000 -9999.000 -9999.000
344.309 356.513 365.472 366.782 369.309 372.514 371.377 359.091 356.380 364.536 374.668 380.251 380.195 379.905 377.881 376.699 376.114 373.698 374.466 376.817 376.959 381.661 387.217 390.028 381.952 372.906 373.711 381.548 389.755 397.289 408.309 420.089 419.340 414.161 405.792 392.830 370.050 350.961 340.781 334.393 327.806 327.913 325.685 337.039 339.128 341.232 349.880 360.380 370.712 376.697 376.331 375.929 373.659 364.328 349.740 335.124 318.568 293.245 264.966 238.348 237.180 260.969 284.717 -9999.000 -9999.000
368.656 381.770 395.817 397.883 399.899 399.137 389.524 379.076 374.865 389.469 405.114 413.022 413.460 412.982 420.124 418.222 415.890 410.550 412.563 414.407 424.729 432.074 438.834 436.948 425.175 414.132 412.592 415.160 418.103 424.394 435.007 445.310 440.873 434.289 424.922 397.090 370.547 354.509 355.703 356.697 352.618 350.104 347.266 340.572 340.623 340.358 340.193 352.461 365.033 368.675 362.686 359.187 357.097 348.647 337.797 322.649 305.909 287.171 259.135 252.364 244.112 266.134 289.919 310.859 335.293
414.618 431.564 454.598 456.923 459.684 462.464 451.227 438.871 427.282 443.853 453.416 461.802 463.782 473.904 483.516 478.516 470.034 459.931 466.034 478.346 492.969 499.209 502.614 501.988 491.602 486.268 484.477 486.141 483.414 487.555 498.473 514.067 514.530 505.715 484.264 449.137 415.771 395.728 401.717 396.034 390.507 387.407 374.219 363.862 364.448 355.529 349.848 361.711 368.117 370.069 363.730 369.303 361.863 343.513 326.436 311.114 296.805 281.621 274.568 265.359 257.657 270.296 290.448 310.356 335.068
460.629 482.656 505.512 514.060 517.805 526.463 519.655 510.304 501.659 510.399 522.181 533.506 543.304 555.368 566.523 557.929 546.732 542.316 546.830 564.872 580.607 585.408 586.916 590.294 582.691 576.035 569.065 563.266 557.345 553.397 570.662 586.784 585.890 563.925 541.602 508.285 473.008 441.894 441.006 440.354 440.432 426.578 412.401 396.176 387.083 379.002 365.298 370.973 376.779 387.173 396.732 397.304 380.980 363.676 344.472 325.919 311.695 306.755 301.527 291.913 285.473 291.845 305.873 320.553 332.483
552.625 576.007 606.635 627.705 646.565 649.920 640.786 631.485 617.998 614.326 629.390 640.691 651.069 661.586 673.389 679.445 677.467 677.032 679.702 685.204 692.713 699.046 704.621 710.592 708.806 699.450 692.594 683.720 676.536 674.275 675.921 686.008 685.292 662.877 638.059 609.193 575.308 546.552 529.961 536.066 526.017 510.046 491.658 458.021 442.128 427.356 399.101 395.658 405.410 419.118 428.431 413.338 397.087 378.729 358.360 338.865 332.219 330.901 327.904 321.982 319.339 324.330 337.594 340.632 351.368
656.656 687.076 719.949 747.919 770.660 778.371 767.929 757.915 746.104 736.381 738.840 751.973 767.708 782.841 793.576 797.270 796.064 796.275 797.859 800.599 803.091 808.478 815.367 825.377 836.740 831.933 815.744 803.397 789.505 784.435 783.169 781.349 782.077 777.366 749.944 724.469 695.245 667.815 648.450 635.231 618.453 599.352 557.935 520.791 488.793 463.363 436.951 435.145 459.827 489.913 483.820 472.425 455.578 431.216 406.994 382.731 376.229 373.501 368.183 361.761 356.058 351.181 354.737 357.731 369.628
774.639 794.813 829.349 863.942 891.658 895.278 886.138 875.661 864.928 854.790 851.319 857.903 867.825 882.664 893.841 903.769 903.436 903.815 903.910 905.739 907.332 908.844 915.186 926.191 936.700 938.139 926.150 909.852 892.931 885.639 879.776 874.623 875.219 876.705 872.096 850.056 817.436 777.566 752.446 733.103 722.312 709.291 689.225 644.323 618.819 587.912 556.212 536.488 575.221 574.078 563.683 548.865 525.097 499.293 474.204 448.792 440.166 435.035 427.410 421.218 412.831 402.617 398.959 393.784 391.652
889.371 904.701 925.574 951.724 976.455 992.949 989.430 977.667 961.334 956.828 955.724 957.286 963.124 970.049 984.402 999.224 1004.376 1005.043 1002.657 1004.562 1005.516 1005.510 1006.168 1010.164 1016.622 1019.034 1014.935 1000.300 981.435 967.313 958.967 954.858 952.994 954.335 954.201 944.214 918.509 884.198 852.965 832.417 818.304 807.152 798.743 784.273 769.619 743.043 703.915 670.804 669.739 660.976 649.994 626.619 598.949 574.622 543.527 514.082 496.904 490.562 484.913 477.320 466.102 455.497 448.952 435.648 428.075
997.589 1014.855 1027.079 1042.047 1061.474 1072.772 1078.183 1078.711 1077.910 1079.754 1079.859 1060.162 1062.555 1064.880 1070.274 1076.920 1078.986 1079.186 1078.382 1079.295 1079.534 1079.705 1079.366 1078.938 1080.537 1081.146 1080.384 1074.959 1075.528 1059.551 1048.334 1041.346 1034.162 1026.097 1017.202 1008.490 994.240 969.922 939.160 913.349 903.214 898.293 893.715 890.110 877.336 858.626 831.554 796.585 764.157 755.378 740.435 714.765 693.891 678.690 645.808 613.342 590.226 581.725 565.518 548.304 533.433 516.364 500.243 483.502 467.132
1086.544 1083.106 1085.736 1088.458 1091.162 1092.090 1092.356 1092.233 1090.088 1089.843 1088.367 1083.635 1074.474 1075.939 1077.347 1079.796 1083.232 1081.876 1082.745 1085.620 1084.193 1078.902 1075.471 1073.917 1074.263 1081.225 1084.231 1084.966 1084.389 1083.779 1083.455 1082.368 1081.013 1079.104 1076.665 1078.104 1069.016 1047.793 1017.763 985.944 972.720 968.907 970.560 968.673 963.877 947.220 922.626 889.718 854.668 839.899 828.005 817.341 807.267 793.496 758.863 723.473 696.462 678.942 653.863 633.767 615.377 593.936 575.697 556.634 533.659
1092.159 1088.719 1084.207 1083.097 1081.903 1079.621 1080.313 1078.444 1074.705 1071.438 1065.483 1055.181 1044.036 1041.768 1046.391 1051.244 1055.355 1058.265 1061.451 1062.719 1058.239 1050.730 1043.951 1042.042 1048.296 1053.692 1058.588 1059.188 1057.838 1055.969 1056.279 1054.031 1054.563 1060.719 1073.287 1079.399 1081.244 1080.951 1075.650 1066.072 1056.009 1037.542 1041.135 1037.232 1026.782 1007.491 985.783 958.877 932.666 909.833 902.419 898.054 892.515 883.869 851.893 819.798 789.433 765.757 740.792 717.796 696.521 674.903 652.638 628.877 605.120
1077.295 1069.470 1062.989 1056.753 1054.954 1053.792 1053.256 1053.444 1048.442 1041.283 1026.827 1015.702 1004.806 998.983 997.508 1002.706 1012.079 1020.994 1025.452 1019.348 1012.310 1002.186 994.373 994.601 996.998 1005.648 1018.660 1022.499 1023.036 1018.164 1013.976 1008.179 1006.195 1012.676 1026.829 1041.012 1053.595 1061.060 1067.871 1073.843 1078.204 1079.017 1079.431 1078.684 1076.817 1062.732 1043.564 1021.803 999.590 974.970 968.461 966.357 962.552 960.572 934.332 901.706 869.776 842.384 816.994 794.316 772.419 749.158 724.585 700.688 673.531
1044.722 1035.176 1025.034 1016.016 1010.604 1011.665 1014.023 1015.101 1009.347 995.859 979.497 966.806 953.549 949.913 945.527 942.097 952.621 968.955 974.856 962.123 952.714 939.063 931.796 928.924 930.480 939.657 958.473 976.405 977.211 967.632 958.183 953.081 950.172 956.178 973.349 991.856 1005.324 1013.884 1018.907 1026.424 1035.316 1046.548 1058.722 1068.867 1077.427 1080.330 1078.863 1074.642 1061.628 1042.691 1030.033 1020.708 1015.414 1007.400 987.358 961.665 936.326 910.521 889.050 870.839 846.765 821.605 797.093 767.853 736.057
1002.937 990.472 979.463 968.763 956.399 953.910 952.006 954.416 944.172 934.439 916.609 902.031 887.209 877.770 872.377 866.990 872.016 887.527 896.532 883.052 872.921 860.092 853.863 850.584 852.258 862.164 883.995 902.055 908.230 899.793 893.614 890.268 888.348 892.883 906.415 924.925 944.057 958.268 966.374 973.192 982.411 995.751 1008.564 1021.329 1037.080 1055.426 1068.761 1077.202 1081.056 1080.545 1077.854 1073.326 1064.109 1053.687 1037.383 1015.094 989.432 964.101 947.118 930.579 914.139 888.321 859.391 829.904 797.229
953.991 910.653 894.607 878.445 864.853 860.629 854.673 848.796 840.702 834.831 827.920 813.255 796.803 781.624 776.956 773.142 765.415 771.200 774.657 777.487 770.151 763.969 761.383 758.761 761.903 775.181 786.913 796.861 802.189 799.269 804.494 809.081 810.956 824.887 836.825 852.810 872.438 893.871 905.222 913.334 922.991 937.236 952.523 968.472 989.305 1012.000 1026.333 1036.192 1047.022 1058.402 1071.055 1079.444 1083.918 1083.090 1077.974 1058.324 1034.563 1014.494 997.169 982.867 969.446 950.623 916.672 886.793 855.605
877.799 837.510 807.456 791.269 771.488 762.261 753.408 730.034 717.611 712.404 717.530 708.429 692.339 679.033 671.806 666.018 654.125 646.527 651.227 662.804 657.959 655.850 659.448 657.421 654.046 659.769 673.590 681.042 689.612 699.149 701.963 708.707 732.141 743.902 757.021 775.129 794.966 815.613 833.652 845.046 857.898 875.033 890.281 909.458 931.316 957.934 975.655 988.469 998.686 1009.028 1023.364 1041.553 1057.192 1072.216 1082.487 1082.547 1078.096 1057.772 1041.274 1026.712 1017.983 997.154 968.874 939.943 909.128
775.486 737.533 709.954 690.380 668.840 653.042 629.284 600.549 582.515 588.541 596.599 597.640 584.638 572.862 563.679 551.144 536.687 526.041 534.529 542.984 550.322 553.363 556.763 558.716 557.222 552.799 558.021 565.829 574.875 583.675 594.694 621.234 643.283 657.975 676.142 694.038 714.541 736.152 755.342 769.320 785.842 803.271 822.425 841.732 865.060 892.476 914.721 928.363 940.913 953.440 971.046 992.440 1012.814 1034.677 1053.875 1064.720 1076.204 1083.684 1081.290 1067.389 1054.666 1037.620 1015.326 985.141 957.201
658.003 625.568 604.224 582.594 561.675 537.910 509.754 485.520 467.544 475.433 483.286 494.863 483.843 473.442 467.943 454.042 440.791 427.008 434.780 444.422 460.838 464.562 467.629 473.984 472.459 469.650 460.765 468.526 477.562 489.458 514.595 537.148 558.801 577.432 595.194 615.009 636.336 657.903 680.637 697.539 714.262 733.605 752.075 769.029 788.735 813.321 834.414 852.099 870.877 884.990 907.327 934.645 960.377 990.275 1010.772 1025.034 1037.120 1049.153 1065.956 1076.389 1076.970 1071.752 1049.673 1027.670 1000.915
518.374 503.139 487.286 466.883 447.676 428.626 404.599 383.636 361.351 366.166 379.221 393.655 388.212 385.047 382.425 371.682 358.528 345.338 349.062 363.964 380.468 387.432 393.663 400.835 400.596 393.528 384.685 389.591 402.451 417.232 436.876 457.615 477.680 496.096 516.493 537.677 559.104 582.255 606.355 623.881 644.996 667.122 684.677 695.293 708.024 730.439 747.097 766.953 787.219 802.728 829.058 860.649 898.170 934.609 967.263 981.767 994.181 1004.437 1020.018 1038.929 1056.215 1070.179 1069.163 1065.131 1048.476
413.645 397.042 381.139 364.823 345.725 327.856 310.284 289.571 272.444 278.475 292.161 304.110 307.111 304.541 301.880 294.636 281.307 271.110 279.507 294.774 309.533 319.387 325.842 331.710 328.746 320.269 313.783 321.181 335.835 349.804 366.141 386.301 406.231 426.276 447.167 467.912 490.810 514.340 538.146 561.493 582.802 602.831 612.371 622.201 628.563 643.116 659.410 677.675 698.564 720.114 746.936 784.659 822.956 859.664 895.172 921.311 938.662 953.328 972.420 992.377 1008.870 1022.438 1034.543 1045.167 1049.538
323.818 308.274 299.841 286.412 268.422 255.992 240.073 222.999 223.168 226.836 238.755 240.672 241.631 238.946 238.101 233.855 223.092 229.781 237.371 252.029 262.745 271.976 278.050 281.991 281.522 274.645 277.560 284.284 298.314 309.519 323.908 343.824 360.273 378.627 399.395 420.759 443.178 466.948 492.585 515.521 533.680 541.931 551.406 556.276 549.861 562.520 575.713 588.648 608.986 629.399 654.363 691.461 733.627 777.362 813.525 851.481 873.463 895.155 916.373 938.875 959.465 975.829 987.641 988.696 993.771
235.655 227.632 217.551 206.786 194.286 181.152 169.889 170.708 168.694 168.254 169.833 172.961 175.755 174.971 174.002 174.974 181.353 185.608 191.094 201.342 212.346 222.648 226.523 230.605 233.556 236.923 239.307 243.345 254.298 265.671 278.376 294.620 311.387 329.451 350.768 372.420 395.557 420.929 446.640 466.301 475.196 484.421 487.532 482.375 477.553 484.234 495.647 505.391 524.007 544.770 562.029 602.767 649.051 691.619 726.501 760.842 793.627 819.195 842.728 872.443 897.793 923.740 939.338 944.723 948.924
174.846 165.119 155.288 145.222 132.323 122.500 120.950 118.806 116.904 115.407 118.850 122.566 126.892 126.634 127.126 129.774 134.015 139.815 148.843 159.581 171.349 185.611 190.026 194.484 199.838 202.331 205.311 209.370 220.427 231.817 243.790 260.292 277.432 295.931 317.536 342.303 370.925 396.751 422.195 443.723 452.361 456.355 454.569 448.598 436.169 434.991 445.400 448.301 460.771 480.253 491.837 525.644 568.535 598.531 632.636 668.577 714.006 740.703 771.141 801.224 830.684 859.414 874.435 882.054 890.787
114.697 102.446 92.272 82.879 75.157 73.056 70.250 68.528 67.343 65.828 68.183 72.414 76.509 78.521 81.170 84.274 90.328 99.203 107.706 119.484 133.946 148.630 154.731 160.062 165.568 169.412 173.453 177.226 187.303 198.801 209.818 226.856 244.957 263.428 288.631 317.685 346.954 372.278 397.127 421.416 424.762 425.992 425.329 411.862 396.713 390.905 393.484 394.399 401.555 413.274 424.938 451.255 478.575 507.629 542.899 588.514 633.314 663.860 693.905 723.549 749.894 770.846 789.001 802.685 816.645
61.811 47.476 38.554 34.791 33.107 29.826 30.548 31.742 30.487 27.022 26.578 31.400 35.210 37.783 41.043 51.230 61.018 68.555 75.621 88.054 102.352 117.700 127.406 133.428 142.475 149.694 153.773 156.421 165.337 175.589 180.651 196.501 214.817 242.235 272.661 302.437 333.208 359.524 384.504 406.973 407.212 407.297 406.642 390.920 375.427 357.932 361.114 362.450 350.415 362.900 374.645 391.431 418.193 442.752 479.819 523.891 557.876 587.861 617.602 645.439 666.545 685.929 701.188 718.494 732.477
