tests/3D/Borden05m_nopit_001/output_maps/psiliqL0020N0022.asc
ncols         160
nrows         34
xllcorner     620200.000000
yllcorner     5168000.000000
cellsize      0.500000
NODATA_value  -9999.0
[rows 0 to 27 of 34, columns 62 to 123 of 160]
-9999.000 -9999.000 -9999.000 -9999.000 -9999.000 -9999.000 -9999.000 -9999.000 -9999.000 -9999.000 -9999.000 -9999.000 -9999.000 -9999.000 -9999.000 -9999.000 -9999.000 -9999.000 -9999.000 -9999.000 -9999.000 -9999.000 -9999.000 -9999.000 -9999.000 -9999.000 -9999.000 -9999.000 -9999.000 -9999.000 -9999.000 -9999.000 -9999.000 -9999.000 -9999.000 -9999.000 -9999.000 -9999.000 -9999.000 -9999.000 -9999.000 -9999.000 -9999.000 -9999.000 -9999.000 -9999.000 -9999.000 -9999.000 -9999.000 -9999.000 -9999.000 -9999.000 -9999.000 -9999.000 -9999.000 -9999.000 -9999.000 -9999.000 -9999.000 -9999.000 -9999.000 -9999.000
2184.662 2175.865 2166.491 2158.270 2154.065 2152.893 2151.952 2151.307 2156.223 2164.133 2171.646 2178.547 2180.860 2183.153 2185.093 2185.357 2184.099 2180.796 2177.414 2173.967 2172.306 2164.583 2153.316 2144.759 2142.024 2146.300 2150.698 2153.183 2158.687 2169.254 2179.982 2188.592 2200.905 2207.443 2212.778 2215.661 2211.761 2208.512 2204.756 2199.207 2188.210 -9999.000 -9999.000 -9999.000 -9999.000 -9999.000 -9999.000 -9999.000 -9999.000 -9999.000 -9999.000 -9999.000 -9999.000 -9999.000 -9999.000 -9999.000 -9999.000 -9999.000 -9999.000 -9999.000 -9999.000 -9999.000
2164.722 2160.063 2151.354 2146.020 2140.419 2137.974 2137.846 2137.661 2141.385 2151.727 2159.473 2164.004 2166.465 2169.084 2167.993 2167.228 2166.865 2163.891 2160.361 2156.911 2155.026 2155.955 2148.317 2142.518 2138.809 2136.429 2139.060 2141.623 2145.683 2155.033 2163.100 2171.221 2186.069 2198.991 2204.590 2202.204 2197.594 2193.964 2187.056 2176.776 2166.734 2157.874 2151.491 2146.242 2140.363 2146.793 2154.268 2164.010 2173.331 2185.450 2197.711 -9999.000 -9999.000 -9999.000 -9999.000 -9999.000 -9999.000 -9999.000 -9999.000 -9999.000 -9999.000 -9999.000
2144.596 2147.492 2143.940 2139.004 2132.293 2141.387 2142.301 2143.002 2146.046 2148.312 2152.353 2154.776 2159.975 2168.811 2171.435 2171.779 2171.741 2169.713 2166.420 2164.439 2161.578 2156.259 2154.704 2154.568 2153.692 2158.136 2159.633 2162.018 2156.033 2160.113 2166.409 2173.396 2179.476 2185.981 2189.324 2186.228 2186.357 2178.229 2164.754 2154.564 2146.859 2146.296 2143.435 2135.765 2122.744 2130.715 2146.762 2151.633 2154.706 2166.165 2178.521 2188.988 2191.835 2191.569 2191.269 2188.498 2174.703 2160.042 2145.079 2126.456 -9999.000 -9999.000
2151.799 2149.824 2146.263 2142.689 2153.733 2162.208 2163.476 2165.860 2169.433 2169.420 2157.929 2155.565 2163.120 2172.894 2178.148 2178.168 2177.767 2174.685 2173.459 2173.048 2170.955 2170.904 2172.731 2171.284 2174.895 2180.377 2183.481 2177.129 2168.477 2170.161 2178.382 2187.155 2194.738 2205.262 2216.460 2216.366 2211.634 2203.240 2190.652 2168.138 2150.065 2139.474 2132.179 2125.241 2127.136 2123.477 2136.365 2138.320 2140.715 2148.593 2159.018 2169.574 2175.716 2175.161 2174.535 2172.125 2162.628 2147.920 2133.144 2115.936 2089.810 2061.137
2152.212 2151.434 2152.689 2162.683 2174.889 2187.119 2189.039 2190.842 2189.690 2181.277 2170.860 2167.521 2181.243 2197.464 2205.272 2205.084 2202.227 2206.879 2206.153 2205.493 2201.318 2202.518 2201.764 2209.100 2216.618 2224.084 2222.510 2210.373 2198.566 2197.926 2202.251 2207.624 2214.708 2225.062 2234.680 2230.069 2224.410 2216.323 2189.917 2165.823 2150.929 2151.689 2152.624 2148.413 2146.273 2144.677 2139.616 2139.829 2139.274 2139.098 2151.386 2164.402 2168.006 2161.588 2157.760 2155.561 2147.458 2136.195 2120.623 2103.669 2084.314 2056.227
2185.319 2186.503 2192.873 2203.884 2218.180 2240.293 2240.796 2242.077 2242.323 2230.039 2217.134 2206.488 2226.315 2236.713 2244.304 2243.488 2250.539 2259.518 2255.348 2248.166 2236.868 2242.643 2251.413 2266.319 2273.557 2278.077 2275.076 2262.592 2256.409 2256.625 2261.189 2260.836 2267.709 2277.352 2292.568 2292.000 2286.558 2266.133 2229.975 2199.151 2183.678 2192.992 2187.407 2181.433 2180.210 2168.387 2160.009 2161.843 2153.502 2148.495 2160.858 2167.616 2169.239 2162.004 2167.290 2160.269 2140.444 2123.666 2108.827 2094.506 2078.093 2071.680
2204.532 2209.729 2219.237 2236.730 2256.218 2277.214 2279.764 2277.256 2286.452 2279.509 2269.244 2261.256 2277.570 2288.303 2298.929 2306.244 2318.620 2329.311 2315.950 2301.224 2293.202 2299.203 2321.750 2341.466 2346.255 2346.293 2347.302 2335.086 2329.530 2324.709 2322.610 2318.683 2316.002 2338.122 2357.516 2357.064 2335.414 2312.910 2275.904 2239.224 2212.262 2219.761 2217.560 2219.637 2208.109 2195.482 2184.768 2179.695 2172.606 2161.470 2169.270 2174.378 2183.355 2191.461 2194.463 2178.028 2160.587 2141.425 2123.401 2109.289 2103.439 2097.568
2276.977 2289.395 2296.312 2312.519 2332.068 2359.746 2375.388 2389.623 2393.304 2385.396 2376.537 2363.926 2365.596 2385.943 2397.425 2406.554 2415.780 2428.071 2430.702 2425.751 2424.465 2428.146 2438.430 2450.105 2456.680 2460.740 2464.693 2456.045 2444.566 2440.624 2433.811 2430.209 2428.852 2436.408 2452.795 2450.607 2419.758 2393.770 2361.243 2324.713 2295.665 2285.405 2299.322 2294.074 2278.028 2264.455 2235.499 2226.134 2214.664 2189.586 2188.344 2194.324 2205.681 2218.510 2205.010 2188.764 2171.166 2151.360 2133.546 2126.613 2125.101 2122.081
2394.406 2401.586 2404.911 2411.304 2442.875 2476.264 2502.419 2525.147 2532.514 2520.935 2511.053 2498.204 2489.029 2496.652 2512.268 2529.160 2544.160 2555.248 2557.965 2556.531 2556.647 2559.150 2562.044 2565.634 2572.887 2580.234 2589.429 2598.778 2590.571 2573.901 2563.417 2552.475 2549.998 2550.347 2551.966 2552.918 2540.959 2504.732 2475.561 2444.609 2421.934 2406.311 2400.967 2383.371 2361.153 2313.771 2276.579 2245.068 2223.793 2200.164 2204.531 2225.337 2263.473 2263.592 2251.940 2236.312 2212.706 2189.504 2167.824 2163.207 2161.331 2156.758
2517.640 2521.769 2524.877 2529.056 2553.252 2592.103 2629.636 2659.519 2660.842 2648.877 2637.863 2628.109 2615.371 2611.609 2621.895 2635.187 2653.375 2664.104 2671.692 2669.540 2669.822 2670.965 2673.111 2675.043 2677.862 2686.244 2699.765 2712.740 2712.767 2696.492 2679.162 2662.785 2658.443 2654.673 2649.661 2651.339 2653.077 2641.568 2613.847 2576.793 2536.586 2516.586 2499.814 2488.966 2473.565 2441.034 2382.913 2348.976 2313.940 2285.115 2278.370 2335.277 2346.819 2336.324 2324.148 2301.883 2274.819 2251.164 2228.178 2223.736 2219.587 2212.234
2632.710 2639.426 2643.309 2650.519 2666.613 2694.481 2726.433 2754.268 2770.103 2763.927 2748.310 2728.317 2720.509 2718.278 2721.118 2729.250 2739.880 2757.466 2775.169 2780.715 2781.517 2778.944 2781.175 2782.511 2782.581 2784.653 2791.471 2800.075 2803.089 2796.684 2778.017 2756.245 2743.816 2736.603 2732.920 2732.832 2736.540 2738.488 2725.486 2693.572 2652.903 2622.416 2605.169 2591.848 2578.875 2567.946 2542.067 2523.475 2490.813 2446.097 2416.093 2439.371 2431.310 2420.826 2397.824 2367.806 2338.794 2308.305 2281.768 2270.485 2266.203 2263.576
2743.071 2747.547 2755.621 2770.546 2791.629 2808.163 2827.975 2851.940 2866.379 2871.694 2870.834 2867.971 2869.406 2869.668 2822.450 2827.313 2832.139 2845.002 2857.236 2861.542 2862.021 2860.105 2861.604 2862.178 2862.171 2861.809 2863.133 2866.950 2868.406 2866.595 2856.571 2868.404 2849.835 2837.176 2829.400 2821.530 2813.333 2804.085 2794.612 2776.669 2748.179 2715.110 2691.980 2683.208 2677.516 2670.458 2665.502 2650.022 2628.722 2596.539 2558.500 2532.851 2528.226 2512.526 2481.450 2454.726 2435.078 2400.360 2369.513 2350.707 2346.749 2335.592
2848.816 2853.326 2866.296 2881.289 2869.824 2876.095 2882.585 2889.033 2891.247 2891.881 2891.588 2889.285 2888.700 2886.621 2882.690 2872.697 2874.254 2876.006 2878.564 2882.190 2880.993 2882.015 2884.940 2883.298 2877.525 2873.679 2872.109 2872.869 2880.131 2883.442 2884.315 2881.949 2881.126 2880.364 2877.785 2874.566 2870.031 2864.232 2874.205 2863.205 2837.615 2801.050 2763.243 2753.513 2753.215 2753.717 2752.014 2746.658 2729.332 2702.811 2666.840 2629.449 2619.593 2606.243 2590.464 2576.536 2559.440 2521.498 2485.419 2461.165 2447.963 2424.093
2889.709 2892.273 2894.508 2891.411 2888.247 2883.496 2882.096 2880.801 2878.420 2879.072 2877.192 2873.246 2869.486 2862.251 2851.142 2839.977 2836.882 2841.302 2846.646 2851.424 2855.318 2858.847 2859.310 2854.195 2846.095 2838.821 2837.070 2843.722 2849.339 2855.274 2856.046 2854.664 2852.390 2852.337 2849.425 2849.741 2856.475 2870.432 2874.369 2878.796 2878.129 2865.525 2842.726 2846.414 2826.969 2832.069 2827.678 2816.601 2795.950 2772.503 2742.690 2713.519 2693.107 2685.663 2680.309 2673.781 2661.624 2624.995 2591.312 2561.836 2540.452 2515.117
2874.105 2881.052 2882.244 2875.335 2867.034 2860.079 2853.088 2850.944 2850.169 2849.818 2850.211 2845.027 2836.498 2820.415 2809.006 2798.005 2792.110 2789.161 2793.249 2803.820 2814.818 2819.649 2811.507 2803.560 2792.352 2784.372 2784.738 2786.264 2795.458 2810.916 2817.113 2817.806 2811.902 2806.232 2799.870 2797.177 2803.609 2818.480 2834.298 2848.799 2857.316 2864.684 2871.357 2871.883 2873.888 2874.952 2873.257 2874.440 2857.921 2835.605 2809.234 2784.847 2759.250 2754.418 2753.640 2749.950 2747.819 2717.252 2682.082 2648.661 2621.622 2595.434
2847.495 2849.931 2846.305 2839.989 2830.174 2819.489 2810.057 2803.259 2804.308 2806.677 2808.140 2801.426 2786.763 2769.498 2756.323 2742.696 2738.885 2733.549 2727.435 2737.703 2756.204 2763.050 2748.181 2737.834 2723.200 2716.370 2712.778 2713.834 2722.843 2744.000 2765.860 2767.471 2757.000 2746.620 2741.737 2738.608 2743.698 2760.547 2780.487 2795.591 2805.309 2810.491 2818.137 2827.301 2840.422 2854.224 2865.707 2871.723 2878.274 2874.922 2865.021 2855.606 2833.197 2819.407 2811.071 2806.523 2799.198 2776.657 2748.515 2721.664 2695.356 2672.483
2811.930 2808.760 2802.997 2796.301 2778.664 2766.797 2754.742 2740.808 2737.476 2733.781 2735.388 2724.390 2715.817 2698.900 2683.882 2668.601 2656.713 2651.136 2644.938 2645.694 2659.906 2668.546 2657.613 2647.774 2636.348 2631.216 2627.885 2630.067 2640.303 2660.658 2678.863 2686.448 2678.688 2675.593 2674.353 2672.612 2678.224 2689.949 2708.028 2729.160 2746.316 2755.484 2762.267 2771.408 2785.363 2798.922 2812.604 2829.688 2850.929 2865.989 2875.371 2877.015 2876.051 2869.923 2869.949 2859.701 2847.963 2829.163 2804.971 2778.264 2752.342 2735.039
2771.582 2765.760 2760.294 2741.129 2690.400 2671.232 2653.405 2638.232 2632.507 2625.062 2612.721 2604.345 2599.430 2598.387 2584.243 2567.205 2550.492 2545.732 2542.134 2528.277 2527.425 2529.022 2540.465 2533.967 2530.954 2531.255 2528.786 2530.727 2543.647 2552.768 2559.796 2565.999 2567.987 2576.564 2583.303 2590.442 2606.315 2617.450 2632.870 2652.799 2676.773 2690.618 2699.485 2709.476 2724.243 2739.948 2756.889 2778.563 2803.260 2818.831 2829.454 2840.876 2853.543 2867.727 2874.219 2881.272 2879.786 2875.364 2852.838 2825.511 2804.976 2787.440
2710.684 2708.616 2699.748 2651.158 2610.732 2578.429 2561.775 2539.708 2527.882 2514.360 2481.496 2466.008 2464.004 2475.523 2470.158 2454.706 2442.430 2433.892 2425.880 2410.298 2395.546 2401.159 2417.207 2416.135 2417.574 2423.941 2422.888 2417.335 2417.553 2430.146 2436.234 2446.401 2461.075 2465.122 2477.984 2507.886 2520.146 2534.274 2552.317 2572.269 2593.591 2614.293 2627.162 2641.274 2659.009 2674.933 2694.594 2716.671 2744.922 2764.818 2778.492 2788.936 2799.395 2814.276 2834.091 2852.087 2869.286 2879.198 2880.068 2870.263 2851.718 2833.214
2614.380 2608.777 2584.531 2535.811 2499.639 2475.041 2454.324 2432.134 2411.479 2379.209 2346.880 2326.654 2339.197 2349.508 2357.585 2345.799 2334.845 2325.548 2309.572 2293.680 2279.356 2289.532 2298.134 2313.071 2318.620 2322.353 2326.846 2325.335 2316.700 2315.074 2322.897 2332.301 2342.974 2360.617 2392.702 2416.197 2432.855 2452.153 2470.184 2490.850 2512.929 2534.032 2549.565 2566.857 2584.590 2604.458 2623.283 2645.932 2673.523 2697.980 2712.966 2727.056 2740.041 2758.604 2781.435 2803.388 2827.423 2848.258 2860.925 2873.420 2878.772 2874.315
2501.461 2484.307 2442.577 2402.208 2377.768 2362.290 2340.092 2319.590 2292.869 2261.395 2239.261 2219.975 2229.802 2239.541 2256.930 2247.641 2239.815 2236.159 2221.495 2208.368 2192.946 2199.807 2211.128 2232.179 2237.391 2241.146 2249.462 2248.388 2244.281 2229.577 2236.482 2246.444 2259.891 2288.585 2310.817 2332.593 2352.813 2371.155 2391.574 2412.981 2434.953 2459.504 2477.589 2495.255 2515.480 2533.899 2548.705 2565.704 2589.448 2610.235 2629.911 2650.813 2665.192 2688.807 2718.117 2746.950 2779.778 2802.934 2817.947 2830.194 2842.148 2860.895
2361.029 2315.994 2283.372 2259.479 2254.109 2241.297 2222.026 2203.696 2185.143 2163.158 2144.211 2120.619 2126.257 2141.506 2157.994 2157.310 2157.143 2155.544 2145.988 2132.816 2119.459 2123.259 2139.645 2157.138 2166.143 2173.332 2180.826 2180.467 2171.615 2161.788 2166.345 2180.537 2195.821 2213.646 2233.794 2253.762 2272.859 2293.967 2315.419 2337.106 2360.636 2385.728 2404.979 2427.005 2449.859 2466.070 2474.818 2483.697 2503.571 2519.255 2539.843 2561.323 2578.194 2604.797 2638.157 2678.240 2716.961 2754.549 2771.426 2784.539 2794.765 2810.354
2240.534 2209.429 2181.812 2172.861 2157.998 2144.793 2130.655 2111.684 2095.659 2080.729 2060.358 2048.525 2055.857 2069.773 2079.534 2085.375 2083.429 2081.278 2075.357 2061.824 2055.756 2065.286 2080.506 2094.532 2105.486 2112.170 2117.440 2114.293 2105.184 2100.837 2108.483 2123.338 2136.562 2151.321 2171.110 2190.340 2210.536 2231.564 2252.230 2275.193 2298.835 2323.141 2348.003 2369.088 2387.268 2395.395 2404.059 2405.169 2416.457 2431.625 2448.223 2469.345 2492.091 2517.577 2555.948 2595.781 2634.584 2673.016 2705.432 2724.627 2740.872 2760.368
2170.656 2142.277 2114.653 2090.764 2078.413 2072.497 2060.508 2044.193 2033.481 2018.630 2006.936 2011.604 2014.091 2023.782 2023.493 2024.755 2022.534 2022.111 2019.448 2011.964 2022.196 2029.095 2042.877 2053.076 2062.557 2068.333 2071.890 2072.337 2067.057 2071.697 2077.666 2091.048 2101.736 2114.935 2134.131 2150.044 2167.827 2188.503 2209.827 2232.036 2255.889 2281.899 2304.767 2321.525 2327.701 2335.876 2337.409 2326.845 2337.257 2348.862 2359.100 2378.795 2398.615 2419.909 2456.909 2500.766 2547.431 2584.571 2627.374 2653.231 2677.087 2698.779
2087.261 2058.991 2031.895 2011.542 2006.437 1996.424 1986.649 1975.505 1962.851 1955.197 1960.140 1958.330 1956.767 1956.226 1959.380 1962.899 1962.623 1961.905 1964.359 1973.797 1978.226 1983.666 1992.983 2004.103 2015.352 2018.984 2023.110 2027.047 2031.891 2034.406 2037.849 2048.114 2059.384 2071.393 2086.857 2103.569 2121.313 2142.509 2164.516 2188.118 2213.504 2239.690 2260.006 2267.726 2276.236 2277.342 2269.761 2263.000 2266.274 2276.835 2283.445 2299.719 2320.260 2331.548 2369.433 2416.645 2457.778 2493.218 2528.007 2567.726 2594.755 2619.769
2023.470 1995.491 1973.995 1959.334 1949.581 1939.723 1929.814 1917.760 1910.481 1911.174 1909.052 1907.315 1905.475 1908.854 1912.744 1917.397 1917.696 1918.799 1921.833 1926.268 1932.706 1942.065 1952.827 1964.967 1980.158 1984.982 1989.576 1995.337 1998.003 2001.163 2004.986 2015.667 2027.030 2038.566 2054.855 2072.012 2090.183 2111.790 2136.782 2165.873 2191.940 2217.749 2240.715 2249.342 2252.518 2250.126 2242.759 2228.358 2225.124 2233.748 2234.260 2243.683 2261.201 2269.060 2295.828 2335.212 2362.366 2396.275 2434.219 2485.179 2513.856 2545.377
1955.394 1935.325 1920.006 1901.761 1889.023 1878.859 1870.540 1865.169 1864.576 1862.303 1861.089 1860.065 1858.252 1860.032 1864.458 1868.560 1871.101 1874.123 1878.243 1884.925 1894.016 1902.217 1914.022 1928.722 1943.965 1950.900 1956.399 1962.329 1966.649 1970.802 1974.303 1983.907 1995.265 2005.297 2021.948 2040.095 2058.961 2083.994 2113.077 2142.880 2168.580 2193.535 2219.292 2222.566 2223.370 2222.587 2207.531 2192.178 2184.363 2185.535 2185.938 2188.237 2198.021 2207.981 2227.822 2250.316 2276.995 2311.575 2358.524 2403.665 2436.591 2466.148
