tests/3D/Borden05m_nopit_001/output_maps/psiliqL0018N0009.asc
ncols         160
nrows         34
xllcorner     620200.000000
yllcorner     5168000.000000
cellsize      0.500000
NODATA_value  -9999.0
[rows 0 to 27 of 34, columns 62 to 123 of 160]
-9999.000 -9999.000 -9999.000 -9999.000 -9999.000 -9999.000 -9999.000 -9999.000 -9999.000 -9999.000 -9999.000 -9999.000 -9999.000 -9999.000 -9999.000 -9999.000 -9999.000 -9999.000 -9999.000 -9999.000 -9999.000 -9999.000 -9999.000 -9999.000 -9999.000 -9999.000 -9999.000 -9999.000 -9999.000 -9999.000 -9999.000 -9999.000 -9999.000 -9999.000 -9999.000 -9999.000 -9999.000 -9999.000 -9999.000 -9999.000 -9999.000 -9999.000 -9999.000 -9999.000 -9999.000 -9999.000 -9999.000 -9999.000 -9999.000 -9999.000 -9999.000 -9999.000 -9999.000 -9999.000 -9999.000 -9999.000 -9999.000 -9999.000 -9999.000 -9999.000 -9999.000 -9999.000
1785.031 1776.150 1766.764 1758.435 1754.234 1753.073 1752.112 1751.480 1756.432 1764.316 1771.816 1778.747 1781.047 1783.343 1785.330 1785.624 1784.344 1781.037 1777.659 1774.209 1772.574 1764.737 1753.430 1744.797 1742.052 1746.367 1750.788 1753.286 1758.903 1769.538 1780.314 1788.937 1801.168 1807.549 1812.882 1815.863 1811.991 1808.747 1805.062 1799.712 1788.749 -9999.000 -9999.000 -9999.000 -9999.000 -9999.000 -9999.000 -9999.000 -9999.000 -9999.000 -9999.000 -9999.000 -9999.000 -9999.000 -9999.000 -9999.000 -9999.000 -9999.000 -9999.000 -9999.000 -9999.000 -9999.000
1765.062 1760.280 1751.516 1746.128 1740.507 1738.153 1738.006 1737.825 1741.598 1751.829 1759.587 1764.136 1766.565 1769.134 1768.229 1767.493 1767.108 1764.130 1760.606 1757.153 1755.274 1756.040 1748.399 1742.676 1739.039 1736.858 1739.459 1741.983 1745.871 1755.286 1763.411 1771.584 1786.324 1799.156 1804.721 1802.383 1797.759 1794.182 1787.438 1777.314 1767.257 1758.159 1751.683 1746.471 1740.769 1747.202 1754.545 1764.435 1773.957 1786.107 1798.377 -9999.000 -9999.000 -9999.000 -9999.000 -9999.000 -9999.000 -9999.000 -9999.000 -9999.000 -9999.000 -9999.000
1744.925 1747.643 1744.010 1739.063 1732.745 1741.562 1742.484 1743.222 1746.256 1748.689 1752.404 1754.862 1760.051 1768.873 1771.467 1771.812 1771.777 1769.763 1766.485 1764.524 1761.666 1756.356 1754.902 1754.855 1754.130 1758.706 1760.200 1762.413 1756.261 1760.226 1766.535 1773.527 1779.792 1786.413 1790.021 1786.980 1786.940 1778.867 1765.431 1755.109 1747.305 1746.463 1743.620 1736.023 1723.224 1731.073 1747.091 1751.990 1755.233 1766.828 1779.218 1789.682 1792.421 1792.195 1791.939 1789.259 1775.515 1760.910 1746.040 1727.465 -9999.000 -9999.000
1751.817 1749.839 1746.311 1743.049 1754.351 1762.934 1764.211 1766.627 1770.119 1769.856 1758.188 1755.747 1763.436 1773.290 1778.617 1778.620 1778.245 1775.398 1774.182 1773.733 1771.569 1771.700 1773.645 1772.553 1776.407 1781.906 1784.947 1778.214 1769.477 1770.968 1779.106 1787.756 1795.331 1805.969 1817.302 1817.066 1812.241 1803.859 1791.194 1768.629 1750.340 1739.852 1732.769 1725.923 1727.435 1724.109 1736.672 1738.675 1741.025 1749.095 1759.562 1770.098 1776.236 1775.756 1775.213 1772.869 1763.446 1748.802 1734.100 1717.080 1691.193 1662.661
1752.625 1751.958 1753.530 1764.011 1776.419 1789.052 1791.005 1792.856 1791.790 1783.111 1772.687 1769.154 1783.072 1799.165 1806.996 1806.948 1804.619 1809.825 1808.839 1807.808 1803.374 1804.756 1804.580 1812.580 1820.062 1827.372 1825.730 1813.676 1802.041 1801.204 1805.141 1809.977 1816.888 1827.304 1837.079 1832.512 1826.653 1818.288 1791.573 1766.943 1751.804 1752.672 1753.632 1749.464 1747.255 1745.399 1739.993 1740.189 1739.719 1739.569 1751.878 1764.824 1768.468 1762.178 1758.458 1756.320 1748.178 1737.047 1721.612 1704.751 1685.586 1657.562
1786.877 1788.374 1794.980 1806.269 1821.154 1843.472 1844.380 1845.990 1846.799 1834.748 1821.965 1811.110 1830.213 1840.426 1848.194 1848.000 1855.734 1864.854 1860.500 1853.030 1841.998 1847.846 1857.405 1872.249 1879.267 1883.540 1881.069 1869.053 1863.061 1862.833 1866.756 1865.879 1872.149 1882.079 1897.384 1897.051 1890.866 1870.219 1834.298 1802.918 1786.440 1795.026 1789.432 1783.572 1781.947 1769.837 1761.038 1762.615 1754.168 1749.036 1761.314 1768.024 1769.752 1762.750 1768.136 1761.060 1741.604 1724.803 1709.902 1695.632 1679.544 1673.041
1809.576 1815.161 1824.499 1842.041 1862.094 1883.503 1887.386 1886.268 1895.344 1888.431 1878.369 1870.236 1884.867 1895.833 1906.615 1914.482 1926.789 1937.584 1925.282 1911.342 1904.121 1909.793 1931.339 1950.172 1954.966 1955.332 1956.869 1945.680 1939.882 1934.586 1931.668 1927.302 1924.343 1945.389 1964.061 1963.516 1941.803 1919.347 1883.170 1846.810 1818.937 1824.583 1822.740 1824.388 1812.359 1799.406 1787.487 1781.542 1774.257 1762.576 1769.932 1775.227 1784.552 1793.017 1795.517 1779.148 1761.781 1742.655 1724.562 1710.477 1704.883 1699.210
1887.286 1899.367 1905.939 1921.432 1941.833 1970.167 1987.014 2002.278 2005.886 1997.706 1988.749 1975.944 1976.426 1995.600 2007.042 2016.448 2025.962 2038.145 2041.538 2037.248 2036.152 2039.609 2048.832 2059.582 2066.105 2070.503 2074.907 2067.786 2056.781 2052.195 2044.927 2040.533 2038.979 2045.227 2060.219 2058.365 2029.397 2003.678 1971.973 1936.041 1907.070 1895.415 1907.610 1901.312 1885.300 1870.676 1840.701 1829.908 1817.730 1791.974 1790.274 1797.126 1809.041 1821.127 1807.315 1791.111 1773.391 1753.509 1735.374 1728.559 1727.148 1724.191
2004.769 2011.570 2014.983 2021.383 2052.698 2085.973 2112.531 2135.262 2142.705 2131.379 2121.468 2108.850 2099.553 2106.029 2121.094 2137.729 2152.759 2163.769 2166.704 2165.321 2165.459 2167.758 2170.620 2173.967 2180.807 2188.054 2197.432 2207.231 2199.783 2183.223 2172.328 2160.735 2157.686 2157.682 2158.543 2159.452 2149.111 2114.850 2086.510 2055.953 2032.234 2015.793 2008.714 1991.317 1969.811 1923.775 1886.617 1855.023 1832.852 1808.635 1811.664 1833.368 1869.754 1868.535 1856.985 1841.133 1817.409 1794.034 1771.837 1766.859 1764.855 1760.181
2126.843 2131.120 2134.496 2139.186 2162.488 2200.380 2237.260 2266.661 2268.495 2257.158 2246.264 2236.292 2224.132 2220.435 2229.899 2242.442 2259.887 2270.716 2278.825 2277.078 2277.382 2278.293 2280.370 2282.228 2284.758 2292.689 2305.653 2318.083 2318.426 2303.107 2286.011 2269.517 2264.525 2260.296 2255.259 2256.704 2258.394 2248.429 2221.980 2185.924 2145.805 2124.683 2107.356 2096.540 2081.689 2051.950 1996.793 1964.757 1930.669 1901.239 1891.646 1944.554 1953.320 1942.893 1930.180 1907.633 1880.904 1856.989 1833.526 1828.218 1823.918 1816.574
2240.477 2247.090 2251.387 2259.153 2275.078 2301.391 2332.054 2359.199 2375.181 2369.595 2354.835 2335.656 2328.582 2326.601 2329.158 2336.780 2346.587 2363.456 2380.519 2385.979 2386.751 2384.221 2386.381 2387.633 2387.688 2389.449 2395.642 2403.771 2406.655 2400.766 2383.000 2361.878 2349.079 2341.620 2337.849 2337.375 2340.566 2342.062 2329.742 2299.221 2259.980 2229.343 2211.382 2197.905 2185.360 2175.016 2151.702 2134.016 2102.740 2059.303 2028.648 2046.560 2038.391 2027.847 2004.818 1975.379 1947.470 1916.911 1889.796 1877.274 1872.609 1869.387
2348.968 2353.339 2361.689 2376.556 2396.791 2412.367 2431.103 2454.059 2467.801 2473.137 2472.586 2470.181 2471.708 2471.935 2430.833 2435.148 2439.419 2450.622 2461.615 2465.424 2465.842 2464.174 2465.545 2466.046 2466.080 2465.726 2466.663 2469.990 2471.260 2469.687 2460.689 2470.025 2452.038 2439.706 2432.112 2424.404 2416.246 2407.088 2397.797 2380.689 2353.142 2320.604 2296.899 2287.847 2282.353 2275.875 2271.251 2256.406 2235.720 2204.714 2167.402 2140.295 2134.800 2119.326 2089.513 2064.154 2045.564 2011.327 1980.197 1960.513 1955.628 1943.435
2451.067 2455.516 2468.110 2482.457 2472.776 2478.238 2483.891 2489.507 2491.435 2491.988 2491.733 2489.465 2488.956 2487.011 2482.903 2473.095 2474.632 2476.309 2478.843 2482.427 2481.196 2482.185 2485.100 2483.508 2477.844 2474.093 2472.529 2473.200 2480.399 2483.646 2484.493 2482.530 2481.761 2481.103 2478.864 2476.068 2472.128 2467.088 2475.179 2464.619 2440.017 2404.925 2368.471 2357.990 2356.940 2357.730 2356.021 2350.829 2333.694 2307.648 2272.408 2235.592 2224.704 2211.743 2197.171 2184.175 2167.897 2130.773 2094.933 2070.156 2056.088 2032.046
2490.359 2492.826 2494.708 2491.578 2488.352 2483.655 2482.319 2481.047 2478.688 2479.349 2477.472 2473.572 2469.922 2462.971 2452.042 2440.882 2437.972 2442.437 2447.673 2452.303 2455.979 2459.434 2460.077 2455.105 2447.139 2439.977 2438.193 2444.760 2450.331 2456.040 2456.779 2455.409 2453.232 2453.267 2450.511 2450.885 2457.502 2471.164 2475.599 2479.469 2478.905 2467.945 2448.109 2448.769 2429.573 2434.374 2430.131 2419.237 2398.936 2375.928 2346.818 2318.368 2297.486 2290.124 2285.071 2278.849 2267.563 2232.062 2198.830 2169.260 2147.473 2122.331
2474.480 2481.385 2482.626 2475.771 2467.576 2460.727 2453.903 2451.836 2450.975 2450.583 2450.931 2445.788 2437.564 2421.842 2410.496 2399.519 2393.641 2391.020 2395.356 2405.661 2416.197 2420.947 2413.259 2405.515 2394.550 2386.610 2386.948 2388.671 2397.747 2412.666 2418.344 2419.008 2413.341 2408.007 2401.780 2399.255 2405.710 2420.435 2435.905 2449.998 2458.302 2465.569 2472.114 2473.522 2475.296 2476.254 2474.814 2475.367 2459.443 2437.885 2412.603 2388.771 2363.469 2358.350 2357.371 2353.755 2351.762 2322.267 2287.777 2254.807 2227.813 2201.930
2448.166 2450.789 2447.341 2441.041 2431.286 2420.722 2411.382 2404.892 2405.944 2408.311 2409.689 2403.188 2388.786 2371.722 2358.655 2345.111 2341.339 2336.215 2330.698 2341.024 2359.044 2365.681 2351.288 2341.151 2326.738 2319.814 2316.384 2317.554 2326.604 2347.246 2368.238 2369.676 2359.410 2349.245 2344.322 2341.252 2346.558 2363.492 2383.130 2397.890 2407.371 2412.543 2420.188 2429.324 2442.062 2455.543 2466.776 2473.410 2479.209 2476.340 2467.774 2457.639 2436.090 2422.649 2414.200 2409.601 2402.244 2380.388 2352.925 2326.550 2300.502 2278.092
2412.903 2410.016 2404.365 2397.776 2381.288 2369.612 2357.859 2344.274 2341.129 2337.832 2339.618 2328.788 2319.957 2302.837 2287.917 2272.739 2261.396 2255.860 2249.843 2251.549 2266.051 2274.773 2263.276 2253.373 2241.637 2236.264 2232.947 2235.019 2245.186 2265.873 2284.051 2291.328 2283.425 2279.652 2277.953 2276.183 2281.567 2293.709 2311.900 2332.606 2349.130 2358.087 2364.907 2374.099 2387.955 2401.392 2414.920 2431.763 2452.424 2467.172 2476.423 2478.647 2477.881 2472.625 2471.759 2461.870 2450.564 2432.468 2408.857 2382.550 2356.934 2339.885
2373.037 2367.260 2361.819 2343.988 2294.901 2276.427 2258.970 2244.149 2238.757 2231.643 2220.739 2212.426 2207.299 2204.952 2190.693 2173.785 2157.413 2152.674 2149.030 2136.536 2137.159 2139.171 2148.701 2142.018 2138.304 2137.965 2135.464 2137.676 2150.679 2160.384 2168.066 2174.081 2174.985 2182.824 2189.094 2195.074 2210.528 2221.856 2237.417 2257.299 2280.730 2294.047 2302.775 2312.726 2327.416 2343.073 2359.844 2381.390 2405.709 2421.079 2431.617 2443.002 2455.490 2469.451 2476.496 2483.120 2481.939 2477.533 2455.829 2429.490 2409.265 2391.993
2313.776 2311.677 2303.288 2257.078 2216.684 2184.880 2168.330 2146.771 2135.523 2123.038 2092.283 2077.477 2074.762 2084.860 2078.665 2063.072 2050.567 2042.321 2034.804 2020.043 2006.881 2012.293 2027.349 2025.439 2026.092 2031.846 2030.579 2025.514 2026.958 2039.828 2046.224 2056.042 2069.581 2073.362 2084.873 2113.348 2125.509 2139.428 2157.501 2177.447 2198.641 2218.777 2231.347 2245.213 2262.854 2278.673 2298.279 2320.367 2348.323 2367.813 2381.384 2391.877 2402.423 2417.309 2436.904 2454.534 2471.424 2481.605 2482.502 2474.109 2455.407 2437.604
2219.996 2214.509 2192.065 2144.628 2108.061 2082.800 2062.337 2040.291 2020.716 1990.338 1958.808 1939.069 1950.164 1959.975 1966.488 1954.432 1943.296 1934.026 1918.815 1903.243 1889.737 1899.539 1908.109 1921.360 1926.352 1930.014 1933.945 1932.441 1924.745 1924.645 1932.470 1941.800 1952.063 1968.242 1999.104 2022.288 2038.521 2057.581 2075.599 2096.247 2118.245 2138.948 2154.164 2171.319 2189.023 2208.777 2227.761 2250.620 2278.241 2302.285 2317.061 2330.912 2343.911 2362.393 2385.055 2406.825 2430.565 2451.243 2463.732 2476.250 2482.343 2478.634
2109.731 2094.313 2054.697 2014.608 1988.391 1971.609 1949.538 1928.943 1902.879 1872.142 1849.542 1830.547 1839.943 1849.264 1865.362 1855.688 1847.291 1843.226 1828.732 1815.578 1800.521 1807.586 1818.535 1838.557 1843.441 1847.045 1854.928 1853.757 1849.941 1836.534 1843.635 1853.396 1866.505 1894.417 1916.729 1938.488 1958.366 1976.593 1996.895 2018.303 2040.206 2064.378 2082.229 2099.719 2119.786 2138.261 2153.595 2171.254 2195.253 2216.186 2235.508 2256.040 2270.478 2293.943 2322.965 2351.284 2383.658 2406.443 2421.532 2434.011 2446.276 2464.912
1972.705 1930.329 1898.309 1872.567 1865.005 1851.517 1831.995 1813.470 1794.807 1772.368 1752.974 1729.672 1735.127 1749.889 1765.921 1764.180 1763.347 1761.521 1751.702 1738.535 1725.216 1729.000 1745.057 1762.332 1770.886 1777.864 1785.289 1784.959 1776.507 1766.903 1771.542 1785.444 1800.622 1818.859 1839.147 1859.147 1878.104 1899.068 1920.477 1942.125 1965.592 1990.488 2009.384 2031.241 2053.971 2070.524 2079.737 2089.529 2110.034 2126.011 2146.524 2167.835 2184.519 2211.195 2244.317 2284.007 2322.422 2359.141 2375.743 2388.983 2399.528 2415.461
1850.819 1820.046 1792.313 1781.925 1766.675 1752.870 1738.249 1719.249 1702.815 1687.298 1666.851 1653.841 1660.885 1674.750 1684.997 1690.208 1688.123 1685.860 1679.645 1666.158 1659.174 1668.453 1683.685 1697.875 1708.586 1715.222 1720.627 1717.523 1708.559 1703.740 1711.335 1726.151 1739.547 1754.664 1774.545 1793.940 1814.115 1835.126 1855.825 1878.793 1902.431 1926.650 1951.204 1972.371 1990.999 1999.482 2008.455 2010.789 2022.867 2038.360 2055.414 2076.582 2099.176 2125.090 2163.468 2203.134 2241.671 2279.680 2310.958 2330.031 2346.248 2366.014
1777.995 1749.598 1721.857 1698.110 1685.049 1678.574 1666.265 1649.578 1638.484 1623.396 1610.506 1614.175 1616.925 1627.111 1627.312 1628.507 1626.184 1625.668 1622.653 1614.442 1623.887 1630.941 1644.919 1655.234 1664.661 1670.506 1674.150 1674.396 1668.765 1673.025 1679.167 1692.699 1703.508 1716.978 1736.343 1752.385 1770.307 1791.017 1812.365 1834.640 1858.495 1884.447 1907.358 1924.459 1931.133 1939.639 1941.962 1932.376 1943.351 1955.382 1966.303 1986.236 2006.299 2028.535 2065.704 2109.354 2155.561 2192.706 2234.683 2259.964 2283.662 2305.612
1693.399 1665.096 1637.815 1616.900 1611.147 1601.120 1591.125 1579.679 1566.919 1558.463 1562.490 1560.634 1559.321 1559.251 1562.400 1565.758 1565.370 1564.597 1566.722 1575.481 1579.872 1585.323 1594.849 1605.944 1616.984 1620.672 1624.791 1628.511 1633.031 1635.520 1639.100 1649.523 1660.822 1672.994 1688.639 1705.374 1723.200 1744.436 1766.380 1789.897 1815.302 1841.406 1861.604 1869.617 1878.323 1879.916 1872.921 1866.646 1870.739 1881.562 1888.950 1905.838 1926.536 1939.275 1977.935 2025.104 2066.742 2102.270 2137.202 2175.656 2202.674 2227.713
1628.207 1600.168 1577.977 1562.781 1553.034 1543.183 1533.239 1520.997 1513.153 1513.347 1511.221 1509.447 1507.684 1511.077 1514.928 1519.509 1519.685 1520.653 1523.601 1527.994 1534.291 1543.577 1554.335 1566.394 1581.381 1586.116 1590.682 1596.355 1598.986 1602.110 1605.990 1616.760 1628.135 1639.775 1656.119 1673.283 1691.538 1713.158 1738.116 1767.121 1793.155 1818.907 1841.581 1850.242 1853.636 1851.420 1844.410 1830.502 1827.786 1836.877 1838.001 1848.193 1866.253 1875.060 1903.530 1943.850 1971.815 2005.971 2043.702 2093.696 2122.232 2153.849
1559.524 1538.803 1522.994 1504.636 1492.006 1481.840 1473.283 1467.389 1466.461 1464.070 1462.743 1461.684 1459.937 1461.845 1466.228 1470.329 1472.753 1475.692 1479.587 1486.130 1495.174 1503.443 1515.243 1529.891 1545.012 1551.764 1557.228 1563.066 1567.284 1571.416 1574.982 1584.696 1596.091 1606.349 1623.094 1641.241 1660.030 1685.115 1714.207 1743.909 1769.546 1794.502 1819.960 1823.281 1824.216 1823.501 1808.844 1793.591 1786.283 1787.837 1788.433 1791.901 1802.218 1812.674 1834.088 1857.807 1885.187 1920.118 1966.992 2012.310 2044.990 2074.975
