tests/3D/Borden05m_nopit_001/output_maps/psiliqL0017N0029.asc
ncols         160
nrows         34
xllcorner     620200.000000
yllcorner     5168000.000000
cellsize      0.500000
NODATA_value  -9999.0
[rows 0 to 27 of 34, columns 62 to 123 of 160]
-9999.000 -9999.000 -9999.000 -9999.000 -9999.000 -9999.000 -9999.000 -9999.000 -9999.000 -9999.000 -9999.000 -9999.000 -9999.000 -9999.000 -9999.000 -9999.000 -9999.000 -9999.000 -9999.000 -9999.000 -9999.000 -9999.000 -9999.000 -9999.000 -9999.000 -9999.000 -9999.000 -9999.000 -9999.000 -9999.000 -9999.000 -9999.000 -9999.000 -9999.000 -9999.000 -9999.000 -9999.000 -9999.000 -9999.000 -9999.000 -9999.000 -9999.000 -9999.000 -9999.000 -9999.000 -9999.000 -9999.000 -9999.000 -9999.000 -9999.000 -9999.000 -9999.000 -9999.000 -9999.000 -9999.000 -9999.000 -9999.000 -9999.000 -9999.000 -9999.000 -9999.000 -9999.000
1585.215 1576.291 1566.901 1558.516 1554.318 1553.161 1552.191 1551.565 1556.536 1564.405 1571.900 1578.845 1581.138 1583.435 1585.445 1585.753 1584.462 1581.152 1577.775 1574.322 1572.700 1564.804 1553.476 1544.802 1542.051 1546.383 1550.813 1553.314 1558.985 1569.649 1580.444 1589.068 1601.254 1607.548 1612.874 1615.895 1612.029 1608.778 1605.117 1599.856 1588.903 -9999.000 -9999.000 -9999.000 -9999.000 -9999.000 -9999.000 -9999.000 -9999.000 -9999.000 -9999.000 -9999.000 -9999.000 -9999.000 -9999.000 -9999.000 -9999.000 -9999.000 -9999.000 -9999.000 -9999.000 -9999.000
1565.231 1560.388 1551.595 1546.181 1540.550 1538.242 1538.084 1537.906 1541.703 1551.878 1559.642 1564.200 1566.613 1569.156 1568.344 1567.622 1567.225 1564.245 1560.723 1557.267 1555.390 1556.073 1548.429 1542.741 1539.138 1537.055 1539.637 1542.140 1545.938 1555.381 1563.531 1571.724 1586.403 1599.186 1604.726 1602.403 1597.762 1594.203 1587.528 1577.470 1567.391 1558.151 1551.607 1546.388 1540.751 1547.159 1554.408 1564.341 1573.934 1586.069 1598.320 -9999.000 -9999.000 -9999.000 -9999.000 -9999.000 -9999.000 -9999.000 -9999.000 -9999.000 -9999.000 -9999.000
1545.089 1547.718 1544.044 1539.092 1532.970 1541.649 1542.574 1543.330 1546.360 1548.876 1552.427 1554.904 1560.086 1568.901 1571.479 1571.825 1571.790 1569.782 1566.511 1564.559 1561.702 1556.394 1554.989 1554.985 1554.334 1558.972 1560.463 1562.586 1556.347 1560.250 1566.561 1573.550 1579.902 1586.574 1590.308 1587.285 1587.150 1579.094 1565.666 1555.264 1547.394 1546.392 1543.536 1535.953 1523.240 1531.000 1546.976 1551.858 1555.151 1566.780 1579.145 1589.545 1592.171 1591.905 1591.611 1588.912 1575.129 1560.487 1545.602 1527.004 -9999.000 -9999.000
1551.825 1549.846 1546.334 1543.229 1554.659 1563.296 1564.578 1567.010 1570.460 1570.072 1558.316 1555.836 1563.591 1573.485 1578.848 1578.843 1578.479 1575.749 1574.537 1574.068 1571.867 1572.089 1574.090 1573.173 1577.147 1582.653 1585.658 1578.731 1569.948 1571.338 1579.430 1588.013 1595.578 1606.266 1617.657 1617.343 1612.460 1604.073 1591.357 1568.752 1550.338 1539.881 1532.883 1526.059 1527.353 1524.166 1536.537 1538.531 1540.822 1548.950 1559.392 1569.863 1575.943 1575.439 1574.876 1572.501 1563.047 1548.366 1533.629 1516.622 1490.739 1462.173
1552.831 1552.219 1553.951 1564.674 1577.183 1590.018 1591.987 1593.861 1592.839 1584.026 1573.598 1569.968 1583.984 1600.013 1607.854 1607.875 1605.811 1611.293 1610.175 1608.957 1604.393 1605.864 1605.976 1614.306 1621.767 1628.997 1627.318 1615.302 1603.748 1602.808 1606.546 1611.108 1617.927 1628.365 1638.211 1633.656 1627.686 1619.170 1592.287 1567.373 1552.095 1552.996 1553.946 1549.776 1547.506 1545.491 1539.880 1540.033 1539.567 1539.387 1551.660 1564.518 1568.124 1561.838 1558.107 1555.932 1547.700 1536.561 1521.114 1504.213 1485.043 1456.950
1587.656 1589.309 1596.033 1607.461 1622.641 1645.061 1646.171 1647.946 1649.036 1637.101 1624.379 1613.419 1632.160 1642.280 1650.135 1650.252 1658.326 1667.516 1663.069 1655.453 1644.554 1650.437 1660.388 1675.199 1682.104 1686.252 1684.042 1672.257 1666.356 1665.901 1669.498 1668.352 1674.314 1684.380 1699.721 1699.494 1692.926 1672.157 1636.340 1604.665 1587.666 1595.867 1590.246 1584.416 1582.562 1570.278 1561.235 1562.646 1554.105 1548.865 1561.052 1567.683 1569.404 1562.456 1567.825 1560.651 1541.304 1524.411 1509.394 1495.058 1479.034 1472.385
1612.098 1617.876 1627.129 1644.696 1665.030 1686.646 1691.196 1690.772 1699.788 1692.891 1682.930 1674.723 1688.513 1699.595 1710.454 1718.596 1730.868 1741.714 1729.941 1716.392 1709.571 1715.076 1736.121 1754.510 1759.302 1759.830 1761.628 1750.948 1745.025 1739.487 1736.153 1731.560 1728.456 1748.956 1767.257 1766.656 1744.899 1722.452 1686.674 1650.458 1622.108 1626.808 1625.119 1626.524 1614.215 1601.066 1588.508 1582.087 1574.660 1562.659 1569.741 1575.071 1584.508 1593.086 1595.264 1578.852 1561.441 1542.248 1524.029 1509.862 1504.294 1498.615
1692.440 1704.353 1710.752 1725.888 1746.714 1775.376 1792.826 1808.603 1812.176 1803.859 1794.852 1781.950 1781.839 1800.425 1811.846 1821.391 1831.047 1843.175 1846.948 1842.988 1841.985 1845.329 1854.019 1864.304 1870.798 1875.362 1879.988 1873.626 1862.854 1857.939 1850.438 1845.641 1843.981 1849.565 1863.850 1862.151 1834.111 1808.510 1777.201 1741.549 1712.595 1700.220 1711.528 1704.674 1688.647 1673.462 1642.939 1631.389 1618.810 1592.663 1590.677 1597.903 1610.030 1621.674 1607.628 1591.364 1573.496 1553.483 1535.090 1528.231 1526.763 1523.726
1809.951 1816.562 1820.017 1826.421 1857.608 1890.826 1917.585 1940.318 1947.799 1936.599 1926.673 1914.170 1904.812 1910.714 1925.502 1942.008 1957.053 1968.022 1971.065 1969.706 1969.854 1972.050 1974.893 1978.116 1984.746 1991.940 2001.406 2011.426 2004.351 1987.840 1976.734 1964.807 1961.464 1961.274 1961.744 1962.619 1953.073 1919.779 1891.837 1861.457 1837.193 1820.318 1812.343 1795.014 1773.829 1728.428 1691.244 1659.561 1636.891 1612.324 1614.622 1636.707 1672.146 1670.179 1658.597 1642.544 1618.666 1595.104 1572.541 1567.273 1565.088 1560.242
1931.444 1935.795 1939.305 1944.250 1967.106 2004.518 2041.071 2070.231 2072.320 2061.297 2050.462 2040.381 2028.510 2024.845 2033.897 2046.065 2063.137 2074.015 2082.383 2080.837 2081.151 2081.944 2083.984 2085.802 2088.185 2095.886 2108.568 2120.720 2121.217 2106.369 2089.383 2072.822 2067.495 2063.026 2057.965 2059.280 2060.931 2051.719 2025.888 1990.308 1950.209 1928.497 1910.862 1900.027 1885.412 1857.028 1803.305 1772.169 1738.498 1708.703 1697.619 1748.454 1755.752 1745.273 1732.199 1709.413 1682.747 1658.591 1634.772 1628.909 1624.406 1616.933
2044.360 2050.922 2055.425 2063.469 2079.309 2104.845 2134.863 2161.663 2177.718 2172.427 2158.095 2139.322 2132.615 2130.759 2133.173 2140.540 2149.935 2166.443 2183.186 2188.600 2189.357 2186.845 2188.967 2190.175 2190.219 2191.820 2197.696 2205.584 2208.397 2202.759 2185.435 2164.630 2151.635 2144.043 2140.215 2139.533 2142.449 2143.700 2131.699 2101.850 2063.296 2032.555 2014.202 2000.609 1988.236 1978.138 1956.053 1938.763 1908.117 1865.251 1834.196 1849.344 1841.031 1830.363 1807.216 1777.958 1750.484 1719.767 1692.233 1678.955 1673.956 1670.290
2151.916 2156.234 2164.722 2179.560 2199.371 2214.468 2232.665 2255.117 2268.510 2273.857 2273.459 2271.283 2272.855 2273.064 2235.019 2239.059 2243.052 2253.424 2263.795 2267.354 2267.740 2266.194 2267.498 2267.960 2268.011 2267.656 2268.396 2271.472 2272.644 2271.183 2262.690 2270.767 2253.060 2240.880 2233.364 2225.720 2217.564 2208.431 2199.208 2182.491 2155.387 2123.081 2099.051 2089.817 2084.374 2078.134 2073.618 2059.028 2038.579 2008.084 1971.052 1943.125 1937.096 1921.627 1892.330 1867.531 1849.338 1815.202 1783.784 1763.508 1757.999 1745.122
2252.192 2256.611 2269.016 2283.041 2274.251 2279.308 2284.542 2289.742 2291.528 2292.039 2291.803 2289.552 2289.080 2287.202 2283.004 2273.288 2274.814 2276.452 2278.973 2282.535 2281.284 2282.255 2285.163 2283.592 2277.979 2274.271 2272.706 2273.327 2280.488 2283.696 2284.522 2282.751 2281.996 2281.378 2279.294 2276.694 2273.032 2268.349 2275.474 2265.106 2240.967 2206.574 2170.756 2159.854 2158.376 2159.253 2157.477 2152.296 2135.179 2109.284 2074.316 2037.685 2026.169 2013.281 1999.182 1986.511 1970.492 1933.619 1897.732 1872.520 1857.836 1833.520
2290.683 2293.102 2294.808 2291.660 2288.404 2283.733 2282.429 2281.168 2278.820 2279.485 2277.609 2273.732 2270.136 2263.328 2252.487 2241.329 2238.509 2242.997 2248.177 2252.732 2256.297 2259.712 2260.442 2255.539 2247.636 2240.526 2238.721 2245.239 2250.782 2256.369 2257.083 2255.709 2253.569 2253.635 2250.941 2251.327 2257.865 2271.356 2276.013 2279.575 2279.028 2268.852 2250.452 2249.549 2230.422 2235.009 2230.770 2219.889 2199.677 2176.793 2147.930 2119.725 2098.482 2091.023 2085.972 2079.742 2068.722 2033.605 2000.408 1970.588 1948.391 1923.126
2274.667 2281.550 2282.816 2275.988 2267.846 2261.049 2254.309 2252.280 2251.377 2250.964 2251.288 2246.165 2238.093 2222.551 2211.237 2200.271 2194.399 2191.942 2196.400 2206.571 2216.874 2221.580 2214.117 2206.472 2195.625 2187.700 2188.020 2189.835 2198.846 2213.488 2218.897 2219.536 2213.975 2208.796 2202.620 2200.161 2206.606 2221.234 2236.502 2250.359 2258.520 2265.696 2272.128 2273.925 2275.523 2276.360 2274.970 2275.123 2259.401 2238.117 2213.263 2189.579 2164.284 2158.867 2157.617 2153.857 2151.739 2122.572 2088.202 2055.225 2028.010 2002.026
2248.501 2251.217 2247.858 2241.566 2231.841 2221.337 2212.043 2205.707 2206.760 2209.125 2210.460 2204.066 2189.794 2172.830 2159.816 2146.313 2142.559 2137.540 2132.320 2142.673 2160.452 2166.982 2152.825 2142.790 2128.483 2121.507 2118.154 2119.375 2128.439 2148.815 2169.364 2170.705 2160.529 2150.457 2145.498 2142.439 2147.831 2164.784 2184.242 2198.796 2208.121 2213.244 2220.839 2229.905 2242.386 2255.635 2266.660 2273.511 2278.830 2276.089 2268.062 2257.425 2236.149 2222.708 2214.013 2209.183 2201.589 2179.837 2152.461 2126.056 2099.853 2077.377
2213.389 2210.643 2205.049 2198.513 2182.600 2171.019 2159.416 2146.005 2142.954 2139.856 2141.730 2130.983 2122.023 2104.802 2089.930 2074.802 2063.731 2058.215 2052.286 2054.466 2069.110 2077.872 2066.089 2056.152 2044.258 2038.760 2035.445 2037.457 2047.581 2068.427 2086.582 2093.695 2085.708 2081.582 2079.637 2077.833 2083.082 2095.406 2113.624 2134.084 2150.252 2159.059 2165.846 2175.004 2188.744 2202.043 2215.407 2232.033 2252.293 2266.760 2275.807 2278.166 2277.327 2272.317 2270.793 2260.855 2249.515 2231.502 2207.892 2181.475 2155.683 2138.414
2173.764 2168.009 2162.580 2145.416 2097.150 2079.024 2061.752 2047.106 2041.881 2034.932 2024.746 2016.463 2011.230 2008.230 1993.913 1977.070 1960.868 1956.138 1952.468 1940.654 1942.014 1944.230 1952.802 1946.024 1941.954 1941.292 1938.771 1941.112 1954.150 1964.139 1972.139 1978.049 1978.399 1985.856 1991.875 1997.255 2012.478 2023.876 2039.479 2059.302 2082.423 2095.429 2104.036 2113.906 2128.488 2144.042 2160.639 2182.017 2206.031 2221.170 2231.518 2242.718 2254.930 2268.573 2275.666 2281.822 2280.516 2275.816 2254.197 2227.998 2207.552 2190.009
2115.321 2113.206 2105.057 2060.038 2019.658 1988.104 1971.606 1950.301 1939.341 1927.375 1897.675 1883.208 1880.137 1889.525 1882.914 1867.249 1854.630 1846.528 1839.257 1824.905 1812.537 1817.845 1832.403 1830.072 1830.328 1835.771 1834.392 1829.565 1831.617 1844.618 1851.159 1860.791 1873.751 1877.384 1888.204 1915.946 1928.036 1941.824 1959.883 1979.790 2000.880 2020.687 2033.055 2046.737 2064.260 2079.946 2099.432 2121.420 2149.108 2168.260 2181.624 2191.967 2202.359 2217.028 2236.266 2253.440 2269.871 2279.856 2280.403 2272.322 2253.115 2235.204
2022.803 2017.375 1995.832 1949.036 1912.270 1886.678 1866.342 1844.369 1825.333 1795.900 1764.769 1745.274 1755.644 1765.204 1770.936 1758.744 1747.516 1738.257 1723.428 1708.014 1694.915 1704.528 1713.080 1725.484 1730.196 1733.818 1737.463 1735.957 1728.724 1729.380 1737.196 1746.479 1756.526 1771.958 1802.192 1825.201 1841.200 1860.116 1878.097 1898.702 1920.619 1941.076 1956.081 1973.105 1990.725 2010.340 2029.311 2052.169 2079.682 2103.380 2117.893 2131.442 2144.244 2162.455 2184.772 2206.159 2229.427 2249.667 2261.672 2273.768 2279.760 2275.912
1913.865 1899.316 1860.757 1820.807 1793.701 1776.268 1754.259 1733.618 1707.883 1677.514 1654.680 1635.830 1645.011 1654.122 1669.574 1659.707 1651.023 1646.752 1632.342 1619.174 1604.297 1611.462 1622.223 1641.728 1646.444 1649.968 1657.630 1656.405 1652.729 1639.963 1647.152 1656.803 1669.731 1697.237 1719.573 1741.305 1760.991 1779.135 1799.348 1820.722 1842.551 1866.488 1884.169 1901.510 1921.428 1939.850 1955.355 1973.238 1997.241 2018.106 2037.091 2057.255 2071.512 2094.665 2123.272 2151.030 2182.834 2205.054 2219.758 2231.887 2243.795 2261.814
1778.543 1737.496 1705.777 1679.111 1670.452 1656.626 1636.978 1618.356 1599.637 1576.971 1557.353 1534.196 1539.559 1554.077 1569.880 1567.610 1566.443 1564.502 1554.551 1541.385 1528.083 1531.857 1547.748 1564.911 1573.235 1580.104 1587.490 1587.170 1578.911 1569.411 1574.083 1587.829 1602.943 1621.372 1641.714 1661.711 1680.577 1701.443 1722.800 1744.395 1767.791 1792.544 1811.210 1832.922 1855.520 1872.164 1881.518 1891.661 1912.359 1928.342 1948.657 1969.699 1986.079 2012.551 2045.279 2084.461 2122.371 2158.259 2174.283 2187.094 2197.254 2212.755
1655.961 1625.354 1597.563 1586.456 1571.013 1556.908 1542.044 1523.030 1506.391 1490.580 1470.095 1456.497 1463.396 1477.235 1487.725 1492.619 1490.465 1488.144 1481.781 1468.316 1460.872 1470.024 1485.259 1499.529 1510.115 1516.723 1522.191 1519.104 1510.205 1505.143 1512.705 1527.491 1540.961 1556.244 1576.154 1595.613 1615.755 1636.733 1657.420 1680.355 1703.953 1728.084 1752.431 1773.580 1792.363 1800.945 1809.981 1812.822 1825.175 1840.692 1857.815 1878.824 1901.131 1927.019 1965.126 2004.395 2042.442 2079.838 2110.092 2128.597 2144.232 2163.503
1581.663 1553.258 1525.458 1501.782 1488.366 1481.611 1469.143 1452.269 1440.984 1425.777 1412.289 1415.458 1418.339 1428.772 1429.218 1430.379 1428.004 1427.440 1424.249 1415.671 1424.722 1431.851 1445.925 1456.295 1465.692 1471.567 1475.251 1475.392 1469.578 1473.642 1479.861 1493.458 1504.316 1517.909 1537.342 1553.431 1571.400 1592.102 1613.433 1635.707 1659.525 1685.402 1708.284 1725.497 1732.352 1740.946 1743.574 1734.373 1745.510 1757.618 1768.724 1788.597 1808.574 1831.044 1868.025 1911.261 1956.885 1993.629 2034.738 2059.217 2082.259 2103.691
1496.468 1468.147 1440.774 1419.579 1413.502 1403.466 1393.361 1381.765 1368.951 1360.094 1363.662 1361.784 1360.596 1360.761 1363.906 1367.183 1366.738 1365.936 1367.896 1376.314 1380.684 1386.139 1395.766 1406.847 1417.780 1421.492 1425.602 1429.210 1433.561 1436.030 1439.670 1450.163 1461.465 1473.704 1489.425 1506.152 1523.999 1545.230 1567.114 1590.555 1615.929 1641.949 1662.037 1670.138 1678.873 1680.632 1673.842 1667.708 1672.093 1682.912 1690.535 1707.554 1728.127 1741.359 1780.141 1826.983 1868.525 1903.701 1938.253 1975.565 2002.000 2026.404
1430.575 1402.507 1379.967 1364.504 1354.760 1344.912 1334.950 1322.614 1314.487 1314.432 1312.303 1310.511 1308.785 1312.185 1316.017 1320.561 1320.675 1321.573 1324.478 1328.848 1335.074 1344.322 1355.075 1367.091 1381.972 1386.658 1391.206 1396.831 1399.438 1402.537 1406.437 1417.242 1428.611 1440.291 1456.648 1473.796 1492.072 1513.674 1538.586 1567.515 1593.494 1619.173 1641.651 1650.270 1653.707 1651.501 1644.583 1630.819 1628.247 1637.439 1638.717 1649.119 1667.251 1676.304 1705.365 1745.855 1773.886 1807.778 1844.963 1893.974 1921.873 1952.901
1361.588 1340.542 1324.487 1306.073 1293.497 1283.330 1274.653 1268.498 1267.402 1264.952 1263.568 1262.491 1260.777 1262.748 1267.110 1271.209 1273.574 1276.471 1280.252 1286.724 1295.743 1304.044 1315.840 1330.460 1345.516 1352.172 1357.614 1363.402 1367.562 1371.677 1375.267 1385.027 1396.430 1406.787 1423.565 1441.693 1460.424 1485.509 1514.578 1544.196 1569.764 1594.675 1619.933 1623.221 1624.153 1623.396 1608.853 1593.548 1586.379 1587.993 1588.536 1592.418 1602.806 1613.287 1635.232 1659.273 1686.673 1721.401 1767.811 1812.730 1844.739 1874.319
