tests/3D/Borden05m_nopit_001/output_maps/psiliqL0024N0008.asc
ncols         160
nrows         34
xllcorner     620200.000000
yllcorner     5168000.000000
cellsize      0.500000
NODATA_value  -9999.0
[rows 0 to 27 of 34, columns 62 to 123 of 160]
-9999.000 -9999.000 -9999.000 -9999.000 -9999.000 -9999.000 -9999.000 -9999.000 -9999.000 -9999.000 -9999.000 -9999.000 -9999.000 -9999.000 -9999.000 -9999.000 -9999.000 -9999.000 -9999.000 -9999.000 -9999.000 -9999.000 -9999.000 -9999.000 -9999.000 -9999.000 -9999.000 -9999.000 -9999.000 -9999.000 -9999.000 -9999.000 -9999.000 -9999.000 -9999.000 -9999.000 -9999.000 -9999.000 -9999.000 -9999.000 -9999.000 -9999.000 -9999.000 -9999.000 -9999.000 -9999.000 -9999.000 -9999.000 -9999.000 -9999.000 -9999.000 -9999.000 -9999.000 -9999.000 -9999.000 -9999.000 -9999.000 -9999.000 -9999.000 -9999.000 -9999.000 -9999.000
2983.924 2975.296 2965.944 2957.943 2953.729 2952.536 2951.633 2950.964 2955.807 2963.771 2971.308 2978.150 2980.490 2982.780 2984.624 2984.830 2983.617 2980.325 2976.934 2973.497 2971.785 2964.292 2953.107 2944.707 2941.996 2946.198 2950.553 2953.019 2958.302 2968.743 2979.384 2987.978 3000.464 3007.329 3012.683 3015.384 3011.446 3008.206 3004.328 2998.402 2987.350 -9999.000 -9999.000 -9999.000 -9999.000 -9999.000 -9999.000 -9999.000 -9999.000 -9999.000 -9999.000 -9999.000 -9999.000 -9999.000 -9999.000 -9999.000 -9999.000 -9999.000 -9999.000 -9999.000 -9999.000 -9999.000
2964.045 2959.631 2951.034 2945.807 2940.244 2937.617 2937.528 2937.334 2940.962 2951.526 2959.248 2963.744 2966.270 2968.989 2967.527 2966.704 2966.387 2963.420 2959.880 2956.440 2954.543 2955.801 2948.173 2942.225 2938.377 2935.601 2938.299 2940.946 2945.357 2954.583 2962.542 2970.570 2985.648 2998.758 3004.441 3001.976 2997.413 2993.693 2986.480 2975.912 2965.929 2957.590 2951.435 2946.161 2939.974 2946.451 2954.245 2963.752 2972.730 2984.848 2997.136 -9999.000 -9999.000 -9999.000 -9999.000 -9999.000 -9999.000 -9999.000 -9999.000 -9999.000 -9999.000 -9999.000
2943.940 2947.190 2943.801 2938.887 2931.391 2941.039 2941.938 2942.565 2945.628 2947.560 2952.254 2954.606 2959.829 2968.692 2971.377 2971.720 2971.677 2969.622 2966.301 2964.281 2961.416 2956.083 2954.329 2954.018 2952.842 2957.029 2958.535 2961.273 2955.627 2959.946 2966.224 2973.212 2978.934 2985.218 2988.044 2984.856 2985.341 2977.126 2963.596 2953.696 2946.221 2946.256 2943.401 2935.631 2922.214 2930.483 2946.643 2951.520 2954.320 2965.577 2977.947 2988.544 2991.723 2991.497 2991.227 2988.402 2974.633 2959.988 2944.960 2926.333 -9999.000 -9999.000
2951.766 2949.795 2946.169 2941.969 2952.498 2960.757 2962.008 2964.328 2968.065 2968.551 2957.414 2955.203 2962.492 2972.108 2977.216 2977.270 2976.820 2973.268 2972.023 2971.690 2969.742 2969.328 2970.923 2968.772 2971.900 2977.350 2980.586 2975.003 2966.530 2968.608 2977.004 2986.032 2993.641 3003.951 3014.898 3015.101 3010.576 3002.181 2989.770 2967.386 2949.780 2939.023 2931.342 2924.270 2926.981 2922.710 2936.306 2938.231 2940.786 2948.357 2958.790 2969.493 2975.757 2975.171 2974.501 2972.087 2962.576 2947.877 2933.094 2915.671 2889.297 2860.550
2951.387 2950.388 2951.006 2960.029 2971.832 2983.253 2985.109 2986.818 2985.493 2977.613 2967.210 2964.258 2977.589 2994.066 3001.830 3001.364 2997.450 3000.997 3000.794 3000.878 2997.221 2998.061 2996.154 3002.163 3009.761 3017.543 3016.109 3003.814 2991.669 2991.434 2996.544 3003.000 3010.442 3020.688 3030.008 3025.327 3020.088 3012.580 2986.820 2963.827 2949.455 2950.040 2950.967 2946.719 2944.767 2943.749 2939.442 2939.758 2939.107 2938.964 2951.304 2964.564 2968.202 2961.648 2957.730 2955.543 2947.658 2936.278 2920.589 2903.621 2884.086 2856.073
2982.205 2982.762 2988.660 2999.113 3012.232 3033.935 3033.629 3034.253 3033.372 3020.623 3007.474 2997.248 3018.522 3029.292 3036.529 3034.471 3040.157 3048.856 3045.055 3038.452 3026.625 3032.254 3039.452 3054.485 3062.168 3067.186 3063.131 3049.718 3043.161 3044.272 3050.130 3050.837 3058.929 3068.012 3083.067 3082.048 3078.116 3058.157 3021.553 2991.873 2978.446 2989.255 2983.734 2977.583 2977.218 2966.028 2958.560 2960.981 2952.933 2948.266 2960.894 2967.858 2969.387 2961.810 2967.029 2960.257 2939.844 2923.271 2908.724 2894.481 2877.614 2871.581
2994.446 2998.868 3008.716 3026.108 3044.469 3064.638 3064.522 3059.236 3068.670 3061.667 3050.996 3043.300 3062.982 3073.248 3083.564 3089.776 3102.291 3112.776 3097.297 3081.005 3071.380 3078.043 3102.593 3124.081 3128.867 3128.254 3128.212 3113.948 3108.885 3105.023 3104.572 3101.537 3099.424 3123.709 3144.565 3144.317 3122.817 3100.244 3061.612 3024.322 2999.223 3010.466 3007.598 3010.587 3000.118 2988.208 2979.976 2976.724 2970.115 2960.163 2968.954 2973.803 2982.204 2989.724 2993.870 2977.454 2960.024 2940.957 2923.251 2909.278 2903.117 2897.058
3056.360 3069.451 3077.059 3094.695 3112.541 3138.907 3152.136 3164.316 3168.142 3160.779 3152.117 3139.896 3143.940 3166.635 3178.198 3186.772 3195.425 3207.934 3209.044 3202.772 3201.108 3205.240 3217.651 3231.179 3237.864 3241.252 3244.311 3232.616 3220.197 3217.555 3211.662 3209.657 3208.707 3218.897 3238.092 3235.259 3200.672 3174.176 3140.037 3102.346 3073.185 3065.759 3083.169 3080.079 3064.027 3052.625 3025.783 3019.356 3009.396 2985.776 2985.562 2989.919 3000.290 3014.745 3002.023 2985.852 2968.670 2949.198 2932.220 2925.253 2923.756 2920.829
3173.680 3181.619 3184.770 3191.148 3223.230 3256.850 3282.198 3304.920 3312.135 3300.050 3290.227 3276.917 3267.985 3277.904 3294.624 3312.031 3326.972 3338.217 3340.501 3338.966 3339.041 3341.954 3344.918 3348.998 3357.082 3364.634 3373.470 3381.927 3372.213 3355.333 3345.682 3336.056 3334.738 3335.813 3338.969 3340.030 3324.859 3284.733 3253.933 3222.228 3201.687 3187.747 3185.926 3167.993 3144.418 3094.418 3057.241 3025.986 3006.602 2984.259 2991.424 3010.565 3052.343 3055.291 3043.600 3028.593 3005.409 2982.752 2962.319 2958.642 2957.252 2953.124
3299.235 3303.067 3305.641 3308.797 3334.781 3375.549 3414.389 3445.235 3445.537 3432.318 3421.066 3411.746 3397.853 3393.962 3405.894 3420.684 3440.361 3450.892 3457.440 3454.482 3454.721 3456.331 3458.619 3460.703 3464.105 3473.396 3488.038 3502.113 3501.516 3483.340 3465.557 3449.426 3446.403 3443.571 3438.631 3440.800 3442.661 3428.099 3397.867 3358.860 3318.522 3300.821 3285.216 3274.372 3257.944 3219.907 3155.950 3118.308 3081.485 3053.991 3053.073 3118.120 3135.368 3124.904 3113.983 3092.474 3064.944 3042.027 3020.227 3017.758 3014.165 3007.057
3417.178 3424.099 3427.155 3433.253 3449.685 3480.662 3515.193 3544.407 3559.950 3552.593 3535.264 3513.645 3504.369 3501.638 3505.046 3514.198 3526.475 3545.498 3564.484 3570.205 3571.068 3568.413 3570.790 3572.298 3572.404 3575.107 3583.182 3592.743 3596.029 3588.602 3568.150 3545.090 3533.421 3526.720 3523.235 3523.947 3528.719 3531.606 3517.280 3482.624 3439.151 3409.018 3393.266 3380.326 3366.576 3354.564 3323.657 3303.362 3268.047 3220.905 3192.344 3226.510 3218.836 3208.656 3185.909 3154.942 3123.953 3093.844 3068.718 3060.180 3056.946 3055.802
3531.278 3535.965 3543.488 3558.528 3581.307 3599.757 3621.721 3647.703 3663.539 3668.812 3667.335 3663.555 3664.809 3665.142 3605.692 3611.654 3617.591 3633.774 3648.493 3653.795 3654.399 3651.990 3653.752 3654.476 3654.393 3654.023 3656.128 3660.934 3662.770 3660.498 3648.435 3665.280 3645.567 3632.275 3624.158 3615.994 3607.750 3598.361 3588.566 3569.000 3538.677 3504.607 3482.697 3474.563 3468.563 3460.442 3454.929 3438.296 3415.901 3381.508 3342.173 3319.613 3316.917 3300.969 3267.589 3238.370 3216.860 3181.450 3151.456 3134.706 3132.914 3124.159
3644.315 3648.946 3662.670 3678.954 3663.921 3671.811 3679.975 3688.087 3690.873 3691.671 3691.303 3688.929 3688.194 3685.847 3682.273 3671.910 3673.508 3675.415 3678.022 3681.733 3680.608 3681.699 3684.648 3682.913 3676.927 3672.900 3671.326 3672.273 3679.672 3683.123 3684.063 3680.909 3679.998 3679.050 3675.817 3671.781 3666.092 3658.815 3672.599 3660.768 3633.259 3593.816 3553.376 3545.231 3546.532 3546.564 3544.989 3539.436 3521.871 3494.561 3457.303 3418.953 3411.369 3397.470 3379.524 3363.998 3345.551 3306.277 3270.040 3247.171 3236.055 3212.899
3688.411 3691.167 3694.108 3691.079 3688.038 3683.181 3681.652 3680.313 3677.887 3678.522 3676.637 3672.599 3668.621 3660.817 3649.350 3638.176 3634.715 3639.045 3644.608 3649.683 3654.015 3657.699 3657.805 3652.410 3644.050 3636.559 3634.881 3641.713 3647.432 3653.834 3654.689 3653.298 3650.852 3650.647 3647.450 3647.681 3654.687 3669.276 3672.264 3677.859 3677.049 3661.225 3632.580 3642.414 3622.573 3628.385 3623.826 3612.524 3591.331 3567.181 3536.154 3505.754 3486.513 3479.160 3473.480 3466.637 3453.059 3414.513 3380.290 3351.389 3331.214 3305.916
3673.356 3680.387 3681.481 3674.465 3665.952 3658.787 3651.460 3649.163 3648.560 3648.291 3648.776 3643.511 3634.374 3617.567 3606.032 3594.986 3589.059 3585.456 3589.052 3600.155 3612.081 3617.079 3608.033 3599.683 3587.996 3579.945 3580.376 3581.518 3590.958 3607.508 3614.760 3615.529 3609.174 3602.854 3596.252 3593.257 3599.681 3614.887 3631.450 3646.825 3655.834 3663.476 3670.492 3669.349 3671.923 3673.321 3671.256 3673.851 3656.315 3632.671 3604.334 3579.071 3553.140 3549.162 3549.094 3545.589 3543.538 3511.212 3475.092 3441.207 3414.539 3388.223
3646.155 3648.215 3644.234 3637.886 3627.951 3617.025 3607.409 3599.995 3601.039 3603.413 3605.048 3597.907 3582.723 3565.056 3551.666 3537.876 3533.987 3528.231 3520.924 3531.079 3550.544 3557.811 3541.995 3531.233 3516.165 3509.532 3505.624 3506.461 3515.400 3537.603 3561.215 3563.191 3552.332 3541.548 3536.773 3533.559 3538.257 3554.979 3575.576 3591.429 3601.686 3606.968 3614.704 3624.027 3638.028 3652.601 3664.731 3669.677 3677.916 3673.801 3661.460 3653.738 3629.891 3615.713 3607.943 3603.868 3597.005 3573.527 3544.490 3517.179 3490.879 3467.633
3609.984 3606.249 3600.261 3593.352 3573.417 3561.169 3548.511 3533.880 3530.173 3525.682 3526.932 3515.600 3507.542 3491.031 3475.818 3460.334 3447.359 3441.701 3435.142 3434.003 3447.638 3456.117 3446.319 3436.611 3425.811 3421.169 3417.819 3420.230 3430.618 3450.323 3468.598 3476.818 3469.367 3467.652 3467.360 3465.712 3471.818 3482.759 3500.666 3522.709 3541.201 3550.871 3557.673 3566.819 3581.091 3595.031 3609.176 3626.913 3649.511 3665.417 3675.305 3676.065 3675.008 3667.474 3669.657 3659.098 3646.939 3627.211 3602.375 3575.427 3549.487 3532.310
3568.671 3562.762 3557.245 3535.413 3481.399 3460.844 3442.277 3426.402 3420.009 3411.903 3396.690 3388.188 3383.698 3385.264 3371.352 3354.055 3336.660 3331.859 3328.359 3311.778 3307.977 3308.749 3324.022 3317.898 3316.297 3317.884 3315.486 3316.899 3329.664 3337.630 3343.367 3349.967 3354.145 3364.222 3371.929 3381.422 3398.174 3408.971 3424.160 3444.248 3469.380 3484.364 3493.604 3503.783 3518.829 3534.771 3552.211 3574.325 3599.985 3616.189 3627.244 3639.032 3652.385 3667.375 3673.164 3681.516 3679.910 3675.986 3652.391 3623.712 3603.226 3585.875
3504.502 3502.497 3492.670 3439.317 3398.832 3365.528 3348.667 3325.585 3312.604 3297.006 3259.925 3243.075 3242.496 3256.856 3253.151 3237.984 3226.166 3217.047 3208.046 3190.827 3172.896 3178.917 3196.954 3197.560 3200.579 3208.179 3207.563 3201.046 3198.823 3210.876 3216.364 3227.248 3244.215 3248.820 3264.414 3297.205 3309.703 3324.300 3342.335 3362.364 3384.015 3405.935 3419.497 3434.212 3452.262 3468.542 3488.480 3510.724 3539.778 3560.728 3574.882 3585.535 3596.167 3611.423 3632.106 3651.312 3669.656 3679.605 3681.054 3669.109 3651.620 3632.517
3403.150 3397.314 3369.463 3318.178 3282.799 3259.524 3238.300 3215.821 3193.007 3156.954 3123.029 3101.828 3117.268 3128.581 3139.785 3128.540 3117.952 3108.606 3091.102 3074.573 3058.615 3069.543 3078.212 3096.529 3103.195 3107.079 3112.705 3111.190 3100.688 3096.025 3103.861 3113.432 3124.947 3145.545 3180.107 3204.260 3221.809 3241.629 3259.742 3280.507 3302.825 3324.813 3341.077 3358.756 3376.675 3396.918 3415.595 3438.015 3465.766 3491.300 3506.986 3521.878 3535.194 3554.322 3577.946 3600.771 3625.957 3647.726 3661.430 3674.626 3679.309 3674.236
3284.922 3264.297 3218.336 3177.411 3156.525 3143.654 3121.203 3100.887 3072.852 3039.904 3018.703 2998.834 3009.523 3020.101 3040.074 3031.554 3024.873 3022.037 3007.035 2993.965 2977.815 2984.273 2996.343 3019.455 3025.332 3029.395 3038.586 3037.718 3033.038 3015.753 3022.286 3032.667 3046.812 3077.099 3099.201 3121.047 3141.990 3160.610 3181.321 3202.791 3224.973 3250.367 3269.020 3287.152 3307.822 3326.279 3340.199 3356.072 3379.530 3400.280 3420.951 3442.921 3457.555 3481.887 3512.247 3542.637 3576.964 3601.519 3617.105 3629.686 3641.893 3661.820
3137.677 3087.325 3053.500 3033.304 3032.318 3020.858 3002.091 2984.150 2965.819 2944.740 2926.691 2902.517 2908.521 2924.746 2942.148 2943.580 2944.746 2943.601 2934.574 2921.395 2907.965 2911.800 2928.848 2946.783 2956.698 2964.316 2971.957 2971.548 2961.909 2951.650 2956.059 2970.851 2986.367 3003.396 3023.294 3043.234 3062.651 3084.096 3105.690 3127.521 3151.251 3176.820 3196.879 3219.358 3242.590 3258.267 3266.257 3273.503 3292.341 3307.696 3328.726 3350.878 3368.499 3395.385 3429.707 3471.120 3511.065 3551.076 3569.261 3582.964 3593.480 3609.403
3019.965 2988.196 2960.812 2954.736 2940.646 2928.639 2915.470 2896.555 2881.351 2867.595 2847.376 2837.895 2845.807 2859.825 2868.614 2875.718 2874.049 2872.127 2866.794 2853.171 2848.941 2858.975 2874.177 2887.879 2899.324 2906.113 2911.121 2907.896 2898.512 2895.122 2902.884 2917.838 2930.740 2944.808 2964.446 2983.380 3003.661 3024.770 3045.425 3068.445 3092.169 3116.733 3142.311 3163.346 3180.759 3188.322 3196.541 3195.400 3205.332 3220.108 3236.087 3257.450 3280.881 3305.944 3344.792 3385.515 3425.476 3465.454 3500.932 3521.246 3538.517 3558.543
2955.979 2927.637 2900.246 2876.074 2865.142 2860.344 2848.997 2833.426 2823.477 2809.101 2799.798 2806.466 2808.429 2817.129 2815.860 2817.258 2815.244 2815.009 2813.051 2807.025 2818.832 2825.426 2838.821 2848.792 2858.387 2864.034 2867.423 2868.281 2863.717 2869.129 2874.770 2887.872 2898.340 2911.022 2929.910 2945.601 2963.148 2983.804 3005.133 3027.277 3051.199 3077.412 3100.293 3116.477 3121.787 3129.449 3129.574 3117.251 3126.760 3137.770 3146.934 3166.485 3186.201 3206.044 3243.199 3288.030 3336.240 3374.084 3419.335 3447.237 3472.405 3494.686
2874.986 2846.783 2820.057 2800.825 2797.017 2787.035 2777.700 2767.159 2754.718 2748.669 2755.445 2753.725 2751.664 2750.181 2753.347 2757.188 2757.139 2756.533 2759.647 2770.446 2774.953 2780.374 2789.280 2800.453 2812.125 2815.653 2819.801 2824.181 2829.687 2832.266 2835.451 2845.419 2856.652 2868.364 2883.494 2900.197 2917.816 2938.978 2961.168 2985.005 3010.430 3036.864 3057.515 3064.762 3073.011 3073.291 3064.708 3057.171 3059.029 3069.323 3074.668 3090.045 3110.650 3119.469 3156.292 3204.148 3244.901 3280.876 3316.180 3359.330 3387.389 3413.474
2813.997 2786.137 2766.033 2752.440 2742.676 2732.806 2722.967 2711.289 2705.140 2706.830 2704.719 2703.055 2701.063 2704.413 2708.381 2713.180 2713.728 2715.103 2718.309 2722.831 2729.555 2739.061 2749.836 2762.143 2777.751 2782.759 2787.418 2793.364 2796.111 2799.357 2803.082 2813.605 2824.965 2836.318 2852.524 2869.705 2887.748 2909.376 2934.493 2963.821 2990.027 3016.036 3039.686 3048.357 3051.228 3048.632 3040.719 3025.529 3021.480 3029.424 3029.002 3037.216 3054.027 3060.417 3084.269 3122.331 3148.489 3182.609 3221.775 3275.562 3305.526 3337.974
2747.134 2728.369 2714.031 2696.012 2683.058 2672.898 2665.057 2660.731 2660.808 2658.773 2657.784 2656.832 2654.886 2656.411 2660.925 2665.030 2667.808 2670.995 2675.569 2682.531 2691.718 2699.788 2711.605 2726.413 2741.907 2749.216 2754.793 2760.916 2765.452 2769.662 2773.049 2782.451 2793.756 2803.360 2819.852 2838.036 2857.094 2882.073 2911.193 2941.261 2967.161 2992.202 3018.655 3021.947 3022.619 3021.850 3006.163 2990.807 2982.199 2982.858 2983.163 2983.450 2992.541 3001.933 3019.109 3039.698 3065.593 3100.170 3148.052 3193.726 3228.134 3257.945
