tests/3D/Borden05m_nopit_001/output_maps/psiliqL0011N0036.asc
ncols         160
nrows         34
xllcorner     620200.000000
yllcorner     5168000.000000
cellsize      0.500000
NODATA_value  -9999.0
[rows 0 to 28 of 34, columns 65 to 129 of 160]
-9999.000 -9999.000 -9999.000 -9999.000 -9999.000 -9999.000 -9999.000 -9999.000 -9999.000 -9999.000 -9999.000 -9999.000 -9999.000 -9999.000 -9999.000 -9999.000 -9999.000 -9999.000 -9999.000 -9999.000 -9999.000 -9999.000 -9999.000 -9999.000 -9999.000 -9999.000 -9999.000 -9999.000 -9999.000 -9999.000 -9999.000 -9999.000 -9999.000 -9999.000 -9999.000 -9999.000 -9999.000 -9999.000 -9999.000 -9999.000 -9999.000 -9999.000 -9999.000 -9999.000 -9999.000 -9999.000 -9999.000 -9999.000 -9999.000 -9999.000 -9999.000 -9999.000 -9999.000 -9999.000 -9999.000 -9999.000 -9999.000 -9999.000 -9999.000 -9999.000 -9999.000 -9999.000 -9999.000 -9999.000 -9999.000
359.007 354.823 353.698 352.671 352.081 357.162 364.950 372.409 379.442 381.696 383.998 386.153 386.548 385.190 381.866 378.502 375.036 373.491 365.252 353.803 344.896 342.111 346.558 351.054 353.588 359.594 370.453 381.384 390.040 401.972 407.784 413.092 416.395 412.598 409.347 405.883 401.202 390.341 -9999.000 -9999.000 -9999.000 -9999.000 -9999.000 -9999.000 -9999.000 -9999.000 -9999.000 -9999.000 -9999.000 -9999.000 -9999.000 -9999.000 -9999.000 -9999.000 -9999.000 -9999.000 -9999.000 -9999.000 -9999.000 -9999.000 -9999.000 -9999.000 -9999.000 -9999.000 -9999.000
346.502 340.814 338.779 338.562 338.397 342.340 352.181 359.982 364.594 366.909 369.302 369.047 368.413 367.947 364.957 361.450 357.983 356.124 356.315 348.659 343.195 339.805 338.318 340.803 343.184 346.459 356.093 364.410 372.750 387.093 399.600 405.024 402.832 398.133 394.722 388.519 378.910 368.762 358.771 351.915 346.765 341.624 347.997 354.808 365.135 375.286 387.464 399.708 -9999.000 -9999.000 -9999.000 -9999.000 -9999.000 -9999.000 -9999.000 -9999.000 -9999.000 -9999.000 -9999.000 -9999.000 -9999.000 -9999.000 -9999.000 -9999.000 -9999.000
339.269 334.323 342.172 343.119 343.988 346.989 350.006 352.577 355.161 360.308 369.083 371.571 371.918 371.890 369.925 366.697 364.803 361.954 356.669 355.564 355.826 355.626 360.654 362.135 363.732 356.989 360.540 366.883 373.877 380.775 387.786 392.304 389.431 388.775 380.864 367.535 356.715 348.522 346.651 343.815 336.413 324.329 331.678 347.524 352.441 356.191 368.172 380.575 390.869 393.078 392.839 392.584 390.056 376.326 361.750 347.048 328.521 -9999.000 -9999.000 -9999.000 -9999.000 -9999.000 -9999.000 -9999.000 -9999.000
344.309 356.512 365.472 366.782 369.309 372.514 371.376 359.090 356.380 364.536 374.668 380.250 380.195 379.904 377.880 376.698 376.113 373.696 374.464 376.815 376.957 381.659 387.214 390.025 381.949 372.903 373.707 381.543 389.749 397.283 408.302 420.081 419.331 414.151 405.780 392.817 370.035 350.945 340.763 334.372 327.783 327.887 325.656 337.007 339.092 341.192 349.836 360.331 370.657 376.636 376.263 375.854 373.576 364.237 349.640 335.014 318.445 293.105 264.809 238.178 236.996 260.774 284.515 -9999.000 -9999.000
368.656 381.770 395.817 397.882 399.899 399.137 389.523 379.076 374.865 389.468 405.114 413.021 413.459 412.981 420.123 418.221 415.889 410.549 412.562 414.405 424.727 432.072 438.831 436.945 425.171 414.128 412.587 415.155 418.097 424.388 434.999 445.302 440.863 434.278 424.910 397.076 370.531 354.492 355.684 356.675 352.594 350.076 347.236 340.537 340.585 340.315 340.146 352.408 364.975 368.611 362.615 359.109 357.011 348.551 337.691 322.533 305.779 287.025 258.974 252.189 243.923 265.934 289.707 310.633 335.057
414.617 431.563 454.598 456.923 459.684 462.463 451.227 438.870 427.281 443.852 453.416 461.801 463.781 473.903 483.515 478.515 470.033 459.930 466.032 478.344 492.967 499.207 502.611 501.985 491.598 486.264 484.472 486.135 483.407 487.548 498.464 514.058 514.520 505.703 484.250 449.122 415.754 395.709 401.695 396.010 390.480 387.378 374.185 363.825 364.407 355.483 349.798 361.655 368.054 370.000 363.654 369.218 361.770 343.412 326.324 310.989 296.667 281.468 274.400 265.177 257.460 270.087 290.227 310.124 334.823
460.629 482.656 505.512 514.060 517.805 526.463 519.655 510.304 501.659 510.399 522.181 533.506 543.303 555.367 566.522 557.928 546.730 542.315 546.828 564.870 580.605 585.405 586.913 590.290 582.687 576.030 569.060 563.260 557.338 553.389 570.653 586.773 585.878 563.911 541.587 508.268 472.989 441.873 440.983 440.328 440.403 426.545 412.365 396.135 387.037 378.952 365.243 370.912 376.711 387.098 396.648 397.212 380.880 363.566 344.350 325.785 311.548 306.594 301.351 291.721 285.267 291.626 305.641 320.308 332.225
552.625 576.006 606.635 627.705 646.565 649.920 640.785 631.484 617.997 614.325 629.390 640.690 651.068 661.585 673.387 679.443 677.466 677.030 679.700 685.202 692.710 699.043 704.617 710.588 708.801 699.445 692.587 683.713 676.527 674.266 675.911 685.996 685.279 662.862 638.042 609.174 575.287 546.529 529.934 536.037 525.984 510.010 491.617 457.976 442.077 427.299 399.038 395.590 405.334 419.034 428.339 413.236 396.975 378.607 358.226 338.719 332.060 330.727 327.715 321.778 319.119 324.096 337.346 340.369 351.089
656.656 687.076 719.949 747.918 770.659 778.371 767.929 757.914 746.104 736.380 738.839 751.972 767.707 782.840 793.575 797.269 796.063 796.273 797.856 800.597 803.088 808.474 815.363 825.372 836.735 831.927 815.737 803.389 789.496 784.424 783.157 781.335 782.061 777.349 749.924 724.447 695.221 667.788 648.420 635.197 618.415 599.310 557.888 520.739 488.735 463.299 436.880 435.067 459.741 489.817 483.715 472.310 455.452 431.078 406.844 382.567 376.052 373.308 367.975 361.537 355.817 350.924 354.463 357.440 369.319
774.639 794.813 829.349 863.942 891.657 895.278 886.138 875.660 864.927 854.789 851.318 857.902 867.824 882.663 893.839 903.768 903.434 903.813 903.908 905.736 907.328 908.840 915.181 926.186 936.694 938.131 926.142 909.843 892.921 885.627 879.762 874.607 875.201 876.685 872.073 850.030 817.408 777.534 752.411 733.064 722.268 709.242 689.170 644.263 618.752 587.838 556.130 536.398 575.122 573.969 563.563 548.734 524.953 499.136 474.033 448.606 439.964 434.817 427.174 420.964 412.559 402.326 398.649 393.455 391.302
889.370 904.701 925.573 951.723 976.455 992.949 989.430 977.666 961.333 956.827 955.723 957.285 963.122 970.047 984.401 999.222 1004.374 1005.041 1002.654 1004.558 1005.512 1005.505 1006.163 1010.158 1016.615 1019.026 1014.925 1000.289 981.423 967.300 958.951 954.840 952.973 954.312 954.175 944.185 918.477 884.162 852.925 832.372 818.253 807.095 798.680 784.202 769.540 742.955 703.819 670.699 669.623 660.849 649.854 626.466 598.782 574.440 543.329 513.868 496.672 490.311 484.643 477.029 465.791 455.164 448.597 435.270 427.673
997.589 1014.855 1027.078 1042.046 1061.473 1072.772 1078.182 1078.710 1077.909 1079.754 1079.858 1060.160 1062.554 1064.879 1070.272 1076.918 1078.984 1079.183 1078.379 1079.291 1079.530 1079.700 1079.360 1078.932 1080.529 1081.137 1080.374 1074.947 1075.515 1059.536 1048.316 1041.327 1034.140 1026.072 1017.173 1008.457 994.203 969.881 939.114 913.297 903.155 898.227 893.641 890.027 877.244 858.524 831.441 796.461 764.020 755.227 740.270 714.584 693.693 678.475 645.575 613.090 589.955 581.433 565.204 547.967 533.072 515.978 499.832 483.065 466.668
1086.544 1083.106 1085.736 1088.457 1091.161 1092.090 1092.355 1092.232 1090.088 1089.842 1088.366 1083.634 1074.472 1075.938 1077.346 1079.794 1083.229 1081.873 1082.742 1085.616 1084.188 1078.897 1075.465 1073.910 1074.255 1081.216 1084.221 1084.954 1084.375 1083.763 1083.437 1082.348 1080.989 1079.077 1076.634 1078.068 1068.976 1047.748 1017.711 985.886 972.654 968.832 970.476 968.578 963.771 947.102 922.494 889.572 854.507 839.721 827.809 817.125 807.031 793.239 758.584 723.173 696.139 678.596 653.492 633.370 614.952 593.484 575.216 556.124 533.119
1092.159 1088.718 1084.206 1083.096 1081.903 1079.621 1080.312 1078.444 1074.704 1071.438 1065.482 1055.180 1044.034 1041.766 1046.389 1051.242 1055.353 1058.262 1061.448 1062.715 1058.234 1050.725 1043.945 1042.035 1048.288 1053.683 1058.577 1059.175 1057.824 1055.953 1056.261 1054.009 1054.539 1060.691 1073.255 1079.362 1081.201 1080.903 1075.595 1066.009 1055.937 1037.460 1041.042 1037.127 1026.664 1007.358 985.634 958.710 932.480 909.626 902.190 897.801 892.236 883.564 851.561 819.439 789.046 765.342 740.347 717.320 696.013 674.364 652.066 628.272 604.480
1077.294 1069.470 1062.988 1056.752 1054.953 1053.792 1053.255 1053.443 1048.442 1041.282 1026.826 1015.701 1004.804 998.981 997.506 1002.704 1012.077 1020.991 1025.449 1019.345 1012.306 1002.181 994.367 994.594 996.990 1005.639 1018.650 1022.486 1023.022 1018.148 1013.957 1008.157 1006.171 1012.648 1026.797 1040.974 1053.551 1061.009 1067.814 1073.777 1078.128 1078.930 1079.332 1078.571 1076.689 1062.587 1043.400 1021.618 999.383 974.737 968.202 966.068 962.231 960.218 933.944 901.282 869.315 841.886 816.459 793.741 771.806 748.506 723.894 699.958 672.762
1044.721 1035.176 1025.034 1016.015 1010.604 1011.665 1014.023 1015.101 1009.347 995.858 979.496 966.805 953.548 949.911 945.525 942.095 952.619 968.953 974.853 962.119 952.710 939.058 931.791 928.918 930.473 939.648 958.463 976.394 977.198 967.616 958.165 953.061 950.148 956.150 973.317 991.818 1005.281 1013.834 1018.849 1026.356 1035.238 1046.458 1058.619 1068.749 1077.292 1080.175 1078.687 1074.444 1061.403 1042.437 1029.747 1020.388 1015.057 1007.002 986.918 961.179 935.791 909.938 888.415 870.153 846.027 820.816 796.253 766.964 735.120
1002.937 990.472 979.462 968.763 956.399 953.910 952.006 954.416 944.171 934.438 916.608 902.030 887.208 877.769 872.375 866.988 872.014 887.524 896.529 883.048 872.917 860.088 853.858 850.578 852.252 862.156 883.986 902.045 908.217 899.779 893.597 890.248 888.325 892.857 906.384 924.889 944.015 958.219 966.317 973.125 982.333 995.660 1008.459 1021.208 1036.941 1055.266 1068.578 1076.993 1080.819 1080.275 1077.548 1072.980 1063.721 1053.251 1036.897 1014.553 988.832 963.438 946.390 929.782 913.272 887.383 858.382 828.826 796.085
953.991 910.652 894.607 878.445 864.853 860.629 854.673 848.795 840.701 834.831 827.919 813.255 796.802 781.623 776.955 773.141 765.413 771.198 774.654 777.484 770.147 763.965 761.378 758.756 761.896 775.174 786.904 796.851 802.177 799.256 804.479 809.064 810.935 824.863 836.796 852.777 872.398 893.824 905.167 913.269 922.915 937.147 952.420 968.351 989.165 1011.838 1026.146 1035.978 1046.776 1058.121 1070.734 1079.080 1083.506 1082.625 1077.449 1057.737 1033.906 1013.763 996.357 981.971 968.459 949.542 915.493 885.516 854.229
877.799 837.510 807.456 791.268 771.487 762.260 753.407 730.034 717.610 712.403 717.530 708.428 692.338 679.032 671.805 666.017 654.123 646.525 651.224 662.802 657.956 655.846 659.444 657.416 654.041 659.762 673.582 681.033 689.601 699.136 701.949 708.690 732.122 743.880 756.994 775.098 794.929 815.569 833.600 844.985 857.826 874.949 890.182 909.341 931.179 957.775 975.470 988.254 998.438 1008.741 1023.036 1041.177 1056.762 1071.727 1081.934 1081.923 1077.394 1056.983 1040.393 1025.731 1016.894 995.947 967.542 938.480 907.530
775.486 737.532 709.954 690.379 668.840 653.042 629.284 600.548 582.515 588.541 596.598 597.639 584.637 572.861 563.678 551.143 536.686 526.039 534.527 542.982 550.319 553.359 556.759 558.712 557.217 552.793 558.014 565.821 574.866 583.664 594.681 621.219 643.265 657.954 676.117 694.009 714.507 736.112 755.295 769.263 785.776 803.193 822.332 841.623 864.931 892.324 914.543 928.154 940.669 953.156 970.716 992.059 1012.375 1034.175 1053.301 1064.068 1075.465 1082.850 1080.351 1066.337 1053.489 1036.307 1013.864 983.519 955.408
658.003 625.568 604.224 582.594 561.675 537.910 509.754 485.520 467.543 475.433 483.285 494.862 483.842 473.441 467.942 454.041 440.790 427.006 434.778 444.419 460.835 464.559 467.625 473.980 472.454 469.644 460.759 468.518 477.553 489.448 514.582 537.134 558.785 577.412 595.170 614.982 636.303 657.865 680.592 697.486 714.201 733.532 751.989 768.927 788.615 813.179 834.247 851.902 870.644 884.716 907.006 934.269 959.940 989.769 1010.189 1024.366 1036.358 1048.286 1064.974 1075.281 1075.723 1070.351 1048.103 1025.917 998.964
518.374 503.139 487.286 466.883 447.676 428.625 404.599 383.636 361.351 366.166 379.220 393.654 388.211 385.046 382.424 371.681 358.527 345.336 349.060 363.962 380.465 387.429 393.659 400.831 400.592 393.522 384.679 389.584 402.443 417.222 436.864 457.601 477.664 496.077 516.470 537.651 559.073 582.219 606.313 623.832 644.938 667.054 684.596 695.198 707.912 730.307 746.941 766.770 787.001 802.471 828.753 860.289 897.746 934.112 966.684 981.097 993.408 1003.552 1019.008 1037.781 1054.914 1068.709 1067.506 1063.272 1046.396
413.645 397.042 381.139 364.823 345.724 327.856 310.284 289.571 272.444 278.474 292.160 304.109 307.110 304.541 301.879 294.634 281.306 271.109 279.506 294.772 309.531 319.384 325.839 331.706 328.742 320.264 313.777 321.174 335.827 349.795 366.130 386.288 406.216 426.257 447.146 467.887 490.781 514.305 538.106 561.446 582.746 602.766 612.294 622.112 628.458 642.993 659.266 677.504 698.362 719.875 746.653 784.322 822.556 859.189 894.613 920.656 937.899 952.444 971.402 991.209 1007.536 1020.920 1032.822 1043.223 1047.353
323.818 308.274 299.841 286.412 268.421 255.992 240.073 222.998 223.168 226.835 238.755 240.672 241.630 238.946 238.100 233.854 223.091 229.779 237.370 252.027 262.743 271.973 278.047 281.988 281.518 274.640 277.554 284.277 298.306 309.510 323.897 343.811 360.258 378.609 399.374 420.734 443.150 466.915 492.546 515.475 533.627 541.868 551.333 556.191 549.761 562.404 575.576 588.488 608.797 629.177 654.099 691.148 733.254 776.919 812.999 850.859 872.730 894.298 915.373 937.715 958.126 974.292 985.883 986.696 991.505
235.655 227.632 217.551 206.786 194.286 181.152 169.889 170.708 168.694 168.254 169.832 172.961 175.754 174.971 174.002 174.973 181.352 185.606 191.093 201.340 212.344 222.646 226.520 230.601 233.552 236.918 239.301 243.339 254.290 265.662 278.366 294.608 311.372 329.434 350.748 372.396 395.530 420.897 446.603 466.256 475.144 484.361 487.461 482.293 477.457 484.121 495.517 505.237 523.828 544.559 561.781 602.474 648.705 691.209 726.014 760.264 792.943 818.386 841.775 871.325 896.487 922.223 937.585 942.707 946.618
174.846 165.118 155.288 145.222 132.322 122.500 120.949 118.806 116.904 115.407 118.850 122.566 126.892 126.634 127.125 129.773 134.013 139.814 148.842 159.579 171.347 185.608 190.023 194.480 199.834 202.327 205.306 209.364 220.420 231.808 243.779 260.280 277.417 295.914 317.517 342.280 370.898 396.720 422.158 443.679 452.310 456.296 454.500 448.519 436.076 434.882 445.273 448.153 460.598 480.052 491.601 525.366 568.208 598.147 632.182 668.042 713.373 739.955 770.255 800.177 829.451 857.967 872.743 880.084 888.505
114.697 102.446 92.272 82.879 75.156 73.056 70.250 68.527 67.343 65.828 68.183 72.414 76.508 78.521 81.169 84.273 90.327 99.202 107.704 119.483 133.944 148.627 154.729 160.059 165.565 169.408 173.448 177.220 187.296 198.793 209.808 226.845 244.943 263.412 288.611 317.662 346.928 372.247 397.091 421.374 424.713 425.934 425.262 411.785 396.623 390.800 393.362 394.257 401.388 413.079 424.710 450.989 478.264 507.264 542.471 588.011 632.724 663.166 693.087 722.583 748.755 769.505 787.423 800.831 814.472
61.811 47.476 38.554 34.791 33.106 29.825 30.548 31.741 30.486 27.021 26.577 31.399 35.209 37.782 41.042 51.229 61.017 68.554 75.620 88.052 102.350 117.698 127.404 133.425 142.471 149.690 153.768 156.415 165.330 175.581 180.642 196.490 214.803 242.219 272.642 302.414 333.182 359.494 384.469 406.932 407.163 407.241 406.577 390.845 375.340 357.830 360.995 362.310 350.253 362.711 374.425 391.174 417.893 442.402 479.409 523.413 557.317 587.208 616.837 644.544 665.495 684.697 699.741 716.794 730.476
