tests/3D/Borden05m_nopit_001/output_maps/psiliqL0014N0003.asc
ncols         160
nrows         34
xllcorner     620200.000000
yllcorner     5168000.000000
cellsize      0.500000
NODATA_value  -9999.0
[rows 0 to 27 of 34, columns 63 to 125 of 160]
-9999.000 -9999.000 -9999.000 -9999.000 -9999.000 -9999.000 -9999.000 -9999.000 -9999.000 -9999.000 -9999.000 -9999.000 -9999.000 -9999.000 -9999.000 -9999.000 -9999.000 -9999.000 -9999.000 -9999.000 -9999.000 -9999.000 -9999.000 -9999.000 -9999.000 -9999.000 -9999.000 -9999.000 -9999.000 -9999.000 -9999.000 -9999.000 -9999.000 -9999.000 -9999.000 -9999.000 -9999.000 -9999.000 -9999.000 -9999.000 -9999.000 -9999.000 -9999.000 -9999.000 -9999.000 -9999.000 -9999.000 -9999.000 -9999.000 -9999.000 -9999.000 -9999.000 -9999.000 -9999.000 -9999.000 -9999.000 -9999.000 -9999.000 -9999.000 -9999.000 -9999.000 -9999.000 -9999.000
976.719 967.312 958.763 954.571 953.431 952.432 951.824 956.850 964.679 972.156 979.146 981.419 983.719 985.802 986.154 984.829 981.513 978.143 974.684 973.101 965.035 953.648 944.858 942.091 946.482 950.947 953.467 959.307 970.071 980.938 989.581 1001.644 1007.702 1013.023 1016.191 1012.366 1009.122 1005.567 1000.605 989.703 -9999.000 -9999.000 -9999.000 -9999.000 -9999.000 -9999.000 -9999.000 -9999.000 -9999.000 -9999.000 -9999.000 -9999.000 -9999.000 -9999.000 -9999.000 -9999.000 -9999.000 -9999.000 -9999.000 -9999.000 -9999.000 -9999.000 -9999.000
960.713 951.838 946.342 940.684 938.512 938.325 938.153 942.023 952.032 959.814 964.399 966.763 969.231 968.698 968.020 967.589 964.605 961.091 957.630 955.763 956.201 948.552 942.977 939.482 937.699 940.234 942.678 946.216 955.758 963.994 972.265 986.780 999.429 1004.916 1002.665 998.001 994.523 988.093 978.269 968.167 958.569 951.887 946.722 941.353 947.765 954.820 964.976 974.876 987.059 999.329 -9999.000 -9999.000 -9999.000 -9999.000 -9999.000 -9999.000 -9999.000 -9999.000 -9999.000 -9999.000 -9999.000 -9999.000 -9999.000
947.945 944.150 939.182 933.648 941.912 942.848 943.660 946.676 949.443 952.504 955.034 960.199 968.994 971.528 971.874 971.844 969.857 966.609 964.686 961.834 956.539 955.284 955.415 954.991 959.825 961.313 963.175 956.686 960.416 966.747 973.741 980.370 987.217 991.348 988.406 988.018 980.042 966.673 956.072 948.054 946.632 943.804 936.331 923.953 931.530 947.466 952.393 955.945 967.783 980.206 990.612 993.088 992.896 992.684 990.136 976.448 961.909 947.183 928.674 -9999.000 -9999.000 -9999.000 -9999.000
949.870 946.406 943.770 955.587 964.385 965.681 968.161 971.489 970.726 958.705 956.110 964.066 974.079 979.552 979.522 979.195 976.819 975.622 975.096 972.788 973.283 975.461 975.074 979.414 984.946 987.856 980.357 971.444 972.544 980.512 988.910 996.464 1007.323 1018.913 1018.387 1013.364 1004.993 992.163 969.481 950.742 940.438 933.761 927.073 927.794 925.109 936.996 939.065 941.293 949.716 960.227 970.679 976.764 976.386 975.964 973.705 964.380 949.817 935.216 918.519 893.038 864.727 838.686 837.311
953.005 955.214 966.666 979.478 992.919 994.936 996.881 995.990 986.776 976.339 972.419 986.729 1002.566 1010.441 1010.671 1009.399 1015.712 1014.203 1012.428 1007.477 1009.220 1010.199 1019.527 1026.931 1033.927 1032.147 1020.254 1008.958 1007.721 1010.877 1014.633 1021.193 1031.723 1041.803 1037.313 1031.044 1022.111 994.763 969.045 953.400 954.462 955.451 951.345 948.974 946.571 940.444 940.576 940.244 940.109 952.422 965.186 968.864 962.784 959.233 957.167 948.898 937.980 922.767 906.039 887.191 859.235 852.902 844.306
992.116 999.194 1011.041 1027.103 1049.831 1051.548 1053.816 1055.751 1044.166 1031.626 1020.352 1038.009 1047.850 1055.971 1057.020 1066.118 1075.520 1070.797 1062.749 1052.249 1058.242 1069.375 1084.094 1090.667 1094.445 1093.029 1081.946 1076.331 1075.211 1077.845 1075.913 1080.969 1091.466 1106.940 1107.065 1099.381 1078.280 1042.818 1010.309 991.802 998.912 993.278 987.619 985.165 972.454 962.782 963.812 955.117 949.698 961.767 968.337 970.229 963.647 969.184 961.949 943.178 926.277 911.198 896.974 881.476 874.737 865.644 857.888
1026.023 1035.021 1052.664 1073.844 1096.080 1102.629 1104.290 1113.127 1106.275 1096.619 1088.193 1099.458 1110.891 1121.983 1130.953 1143.122 1154.123 1143.940 1131.567 1125.950 1130.960 1150.505 1167.568 1172.367 1173.386 1175.976 1166.837 1160.551 1154.300 1149.738 1144.485 1140.964 1159.852 1177.070 1176.330 1154.477 1132.102 1097.566 1061.832 1032.115 1034.037 1032.885 1033.649 1020.591 1006.955 992.594 984.871 977.156 964.347 970.774 976.396 986.372 995.505 996.952 980.662 963.388 944.280 925.993 911.903 906.762 901.428 891.755 885.249
1119.312 1125.194 1139.257 1161.362 1191.007 1210.267 1227.586 1231.049 1222.324 1213.170 1199.976 1198.084 1214.910 1226.271 1236.233 1246.320 1258.286 1263.201 1260.233 1259.515 1262.523 1269.621 1278.519 1284.935 1290.006 1295.307 1291.235 1281.174 1275.293 1267.109 1261.123 1259.169 1262.790 1274.983 1273.784 1248.566 1223.367 1193.291 1158.537 1129.698 1115.233 1123.960 1115.532 1099.560 1082.803 1050.756 1037.072 1023.438 996.285 993.623 1002.172 1015.155 1025.705 1011.213 995.040 977.019 956.927 938.091 931.454 930.183 927.297 921.339 918.802
1231.538 1235.125 1241.540 1272.343 1305.389 1332.753 1355.490 1363.087 1352.266 1342.296 1330.140 1320.599 1324.779 1338.741 1354.862 1369.951 1380.804 1384.173 1382.892 1383.072 1384.963 1387.756 1390.615 1396.626 1403.669 1413.410 1424.104 1418.167 1401.821 1390.099 1377.195 1372.994 1372.272 1371.606 1372.416 1365.299 1334.952 1308.258 1278.471 1252.641 1234.542 1223.967 1206.940 1186.826 1143.450 1106.323 1074.524 1050.521 1025.083 1025.388 1048.838 1081.673 1077.723 1066.321 1049.964 1025.946 1002.163 978.867 973.109 970.787 965.849 959.576 954.357
1349.823 1353.733 1359.445 1380.961 1416.935 1452.508 1480.946 1483.801 1473.720 1463.063 1452.657 1441.652 1438.085 1445.903 1456.949 1472.905 1483.933 1493.082 1492.143 1492.491 1492.937 1494.872 1496.580 1498.529 1505.553 1517.399 1528.733 1529.705 1516.291 1499.654 1482.919 1476.616 1471.458 1466.360 1467.325 1468.906 1462.008 1438.088 1404.006 1364.040 1340.647 1322.183 1311.399 1297.615 1273.427 1224.157 1195.883 1163.647 1132.958 1117.619 1162.477 1165.636 1155.288 1141.439 1118.267 1092.146 1067.646 1043.161 1036.058 1031.391 1024.001 1018.132 1010.202
1462.418 1467.543 1476.421 1492.006 1515.211 1543.295 1569.061 1585.335 1580.931 1567.883 1550.330 1544.724 1543.245 1545.233 1551.836 1559.996 1575.428 1591.211 1596.495 1597.208 1594.761 1596.776 1597.859 1597.880 1599.013 1603.952 1611.128 1613.744 1608.881 1592.907 1573.078 1559.528 1551.567 1547.608 1546.346 1548.489 1549.062 1538.085 1510.328 1473.917 1442.955 1423.534 1409.714 1397.989 1388.778 1370.549 1354.630 1326.079 1285.148 1253.140 1260.263 1251.817 1241.093 1217.943 1189.598 1163.827 1133.059 1104.718 1089.649 1084.147 1079.668 1073.220 1062.639
1564.922 1573.823 1588.576 1607.114 1620.775 1637.357 1658.297 1670.643 1676.022 1676.087 1674.599 1676.307 1676.465 1647.594 1650.811 1653.971 1661.855 1670.364 1673.178 1673.472 1672.299 1673.408 1673.761 1673.875 1673.530 1673.690 1676.031 1676.926 1675.820 1668.866 1673.197 1656.363 1644.673 1637.433 1630.031 1621.936 1612.938 1603.990 1588.528 1562.842 1531.337 1506.450 1496.803 1491.664 1486.304 1482.299 1468.679 1449.167 1420.460 1384.544 1354.460 1347.160 1332.071 1304.714 1282.015 1265.466 1232.117 1200.343 1178.828 1172.015 1157.676 1141.767 1127.696
1659.897 1671.737 1684.794 1678.680 1682.524 1686.501 1690.454 1691.811 1692.199 1692.020 1689.823 1689.464 1687.788 1683.323 1673.885 1675.382 1676.905 1679.391 1682.891 1681.589 1682.511 1685.404 1683.907 1678.458 1674.891 1673.335 1673.822 1680.889 1684.001 1684.788 1683.621 1682.948 1682.487 1680.913 1678.949 1676.180 1672.637 1676.941 1667.237 1644.584 1612.406 1578.624 1566.604 1564.008 1565.329 1563.561 1558.644 1541.836 1516.679 1482.839 1447.106 1434.086 1421.828 1409.595 1398.383 1383.661 1348.090 1312.646 1286.741 1270.859 1246.392 1226.940 1209.193
1693.933 1695.110 1691.911 1688.563 1683.971 1682.764 1681.538 1679.222 1679.901 1678.029 1674.221 1670.790 1664.409 1653.838 1642.686 1640.144 1644.700 1649.717 1654.052 1657.290 1660.593 1661.593 1656.904 1649.200 1642.258 1640.405 1646.795 1652.269 1657.517 1658.180 1656.826 1654.831 1655.029 1652.571 1653.045 1659.409 1672.458 1677.866 1680.597 1680.207 1672.505 1658.558 1653.123 1634.382 1638.535 1634.536 1623.953 1604.292 1582.098 1554.326 1527.245 1505.348 1498.070 1493.535 1487.840 1478.208 1444.876 1412.455 1382.602 1359.918 1335.071 1312.362 1291.499
1682.051 1683.389 1676.642 1668.659 1662.020 1655.532 1653.619 1652.586 1652.112 1652.368 1647.306 1639.691 1624.692 1613.473 1602.542 1596.696 1594.731 1599.559 1609.333 1618.943 1623.527 1616.745 1609.406 1598.922 1591.057 1591.334 1593.444 1602.279 1616.112 1620.743 1621.339 1616.132 1611.459 1605.485 1603.279 1609.760 1624.172 1638.922 1652.171 1660.018 1667.050 1673.298 1676.429 1677.696 1678.392 1677.405 1676.639 1661.840 1641.730 1618.554 1595.753 1570.960 1565.181 1563.709 1560.147 1558.337 1530.887 1497.657 1465.485 1438.480 1413.106 1390.183 1368.474
1652.505 1649.412 1643.145 1633.510 1623.187 1614.031 1608.157 1609.214 1611.576 1612.783 1606.709 1592.830 1576.166 1563.315 1549.935 1546.241 1541.539 1537.215 1547.654 1564.712 1570.929 1557.486 1547.766 1533.789 1526.671 1523.562 1524.955 1534.080 1553.681 1572.929 1574.010 1564.142 1554.392 1549.375 1546.407 1552.124 1569.208 1588.215 1602.257 1611.235 1616.349 1623.953 1632.989 1644.911 1657.699 1668.372 1676.179 1680.405 1678.433 1672.458 1660.801 1640.883 1628.047 1619.273 1614.471 1606.948 1586.352 1560.137 1534.605 1508.960 1487.364 1468.943 1444.342
1612.527 1607.102 1600.726 1586.537 1575.242 1564.091 1551.204 1548.434 1545.933 1548.075 1537.580 1528.234 1510.708 1495.984 1481.009 1470.755 1465.301 1459.644 1463.248 1478.327 1487.212 1474.582 1464.550 1452.191 1446.330 1443.037 1444.883 1454.903 1476.248 1494.362 1501.013 1492.811 1487.669 1485.036 1483.190 1488.100 1501.050 1519.440 1539.267 1554.492 1562.992 1569.844 1579.091 1592.700 1605.837 1618.996 1635.293 1654.722 1668.767 1677.676 1680.970 1680.508 1676.897 1674.141 1664.861 1654.308 1637.504 1614.936 1589.304 1564.177 1547.510 1531.155 1514.222
1570.259 1564.868 1549.705 1503.903 1486.817 1470.100 1455.981 1451.256 1444.804 1436.773 1428.585 1423.033 1418.078 1403.587 1386.940 1371.250 1366.552 1362.811 1353.041 1356.615 1359.453 1365.155 1358.100 1352.977 1351.355 1348.787 1351.532 1364.695 1375.561 1384.542 1390.168 1388.892 1395.244 1400.560 1404.203 1418.798 1430.487 1446.307 1466.064 1488.376 1500.598 1509.008 1518.831 1533.315 1548.819 1565.190 1586.410 1609.897 1624.787 1635.067 1646.285 1658.314 1671.728 1679.768 1685.420 1684.725 1680.226 1660.038 1635.541 1615.801 1598.922 1585.069 1571.681
1517.797 1510.368 1468.919 1428.585 1397.781 1381.438 1360.896 1350.802 1340.393 1313.856 1300.412 1296.273 1303.530 1295.674 1279.798 1266.835 1259.172 1252.643 1239.521 1229.540 1234.545 1247.614 1244.028 1243.104 1247.627 1245.927 1241.830 1245.721 1259.138 1266.140 1275.249 1286.506 1289.741 1298.535 1324.138 1336.082 1349.556 1367.665 1387.568 1408.472 1427.437 1439.369 1452.695 1470.095 1485.646 1505.076 1527.115 1554.406 1573.001 1586.275 1596.769 1607.384 1622.172 1641.212 1657.987 1674.130 1684.717 1685.529 1679.819 1660.659 1644.108 1630.306 1622.081
1425.974 1407.134 1362.262 1324.902 1298.317 1278.362 1256.606 1239.189 1212.594 1182.661 1163.896 1172.095 1180.904 1184.291 1171.694 1160.193 1150.973 1137.291 1122.357 1110.485 1119.537 1128.042 1137.915 1141.793 1145.307 1148.109 1146.613 1140.789 1143.733 1151.552 1160.724 1170.155 1183.392 1211.791 1234.335 1249.698 1268.260 1286.224 1306.808 1328.607 1348.472 1363.012 1379.845 1397.438 1416.906 1436.143 1459.352 1486.953 1510.086 1524.350 1537.620 1550.540 1568.747 1590.948 1612.225 1635.239 1655.462 1667.448 1679.861 1687.283 1684.913 1672.750 1660.569
1314.325 1278.939 1239.406 1209.636 1190.247 1168.428 1147.648 1122.898 1093.635 1070.102 1051.689 1060.224 1068.706 1082.221 1071.778 1062.236 1057.352 1043.197 1029.989 1015.659 1023.129 1033.332 1051.294 1055.517 1058.814 1065.826 1064.454 1061.216 1050.396 1057.877 1067.228 1079.648 1105.980 1128.437 1150.144 1169.320 1187.293 1207.332 1228.711 1250.444 1273.821 1291.161 1308.251 1327.950 1346.476 1362.802 1381.710 1406.139 1427.276 1445.797 1465.487 1479.930 1502.979 1531.297 1558.453 1589.777 1611.671 1626.759 1639.542 1652.267 1670.514 1681.523 1683.988
1159.000 1128.182 1098.743 1086.797 1071.957 1051.932 1033.017 1014.133 990.787 970.496 947.775 952.865 966.651 981.770 977.914 975.748 973.468 963.121 949.962 936.717 940.467 955.865 972.700 980.346 986.899 994.181 993.905 986.245 977.079 981.874 995.184 1010.140 1029.186 1049.739 1069.785 1088.442 1109.095 1130.390 1151.929 1175.237 1199.705 1217.849 1239.318 1261.747 1278.926 1289.004 1300.552 1322.239 1338.714 1358.981 1379.850 1396.048 1422.750 1455.264 1494.031 1531.687 1566.511 1582.404 1595.729 1606.741 1623.185 1643.449 1662.616
1041.280 1013.314 1000.051 984.028 969.025 953.435 934.379 917.125 900.434 879.835 864.472 870.937 884.700 895.920 899.868 897.507 895.016 888.213 874.817 865.997 874.773 890.025 904.542 914.764 921.298 926.968 923.946 915.262 909.494 916.979 931.706 945.434 961.254 981.300 1001.010 1021.120 1042.075 1062.815 1085.760 1109.357 1133.366 1157.261 1178.545 1198.017 1207.156 1216.681 1221.389 1234.970 1251.025 1268.896 1290.054 1312.230 1338.877 1377.138 1416.328 1454.181 1491.185 1520.016 1538.670 1554.650 1574.773 1595.953 1613.894
964.239 936.264 912.801 898.321 890.727 877.778 860.346 848.489 832.927 817.645 819.315 822.589 833.766 834.948 836.008 833.478 832.774 829.056 819.387 827.257 834.619 848.985 859.530 868.846 874.823 878.639 878.478 872.136 875.631 882.108 895.928 906.968 920.968 940.655 956.938 975.116 995.871 1017.243 1039.618 1063.445 1089.242 1112.198 1129.939 1137.557 1146.667 1150.506 1142.803 1154.826 1167.622 1179.815 1200.124 1220.558 1244.558 1281.931 1325.023 1370.162 1407.151 1447.304 1471.251 1494.444 1516.718 1540.844 1563.208
877.305 849.654 827.618 820.568 810.510 800.075 788.026 775.053 764.993 767.187 765.241 764.426 765.299 768.436 771.472 770.858 769.973 771.439 778.838 783.152 788.624 798.563 809.606 820.226 824.022 828.120 831.403 835.266 837.697 841.542 852.271 863.617 876.099 892.093 908.854 926.826 948.121 969.912 993.229 1018.635 1044.540 1064.461 1073.014 1082.058 1084.568 1078.682 1073.307 1078.962 1090.221 1099.073 1117.088 1137.989 1153.508 1193.589 1240.528 1283.022 1318.562 1353.603 1389.340 1416.139 1441.028 1472.286 1499.543
809.523 785.939 769.676 759.940 750.101 740.087 727.469 718.494 717.692 715.556 713.709 712.098 715.520 719.294 723.729 723.658 724.353 727.130 731.436 737.450 746.590 757.336 769.230 783.803 788.356 792.862 798.354 800.908 803.952 807.937 818.875 830.262 842.098 858.539 875.697 894.101 915.725 940.588 969.391 995.327 1020.927 1042.976 1051.659 1055.437 1053.515 1047.157 1034.162 1032.407 1042.348 1044.602 1056.231 1075.265 1085.849 1117.592 1159.645 1189.080 1223.567 1260.695 1308.569 1336.622 1368.227 1399.236 1429.981
745.760 728.969 710.386 697.972 687.802 678.767 671.828 670.230 667.602 666.049 664.918 663.304 665.467 669.764 673.861 676.050 678.824 682.267 688.531 697.479 705.882 717.670 732.212 747.084 753.466 758.855 764.505 768.510 772.593 776.279 786.205 797.663 808.359 825.278 843.406 862.024 887.188 916.273 945.744 971.223 996.142 1020.962 1024.332 1025.475 1024.839 1010.919 995.793 989.422 991.656 992.547 998.255 1009.529 1020.859 1045.292 1071.322 1099.955 1135.423 1181.976 1227.458 1259.448 1290.078 1320.306 1347.053
