tests/3D/Borden05m_nopit_001/output_maps/psiliqL0009N0017.asc
ncols         160
nrows         34
xllcorner     620200.000000
yllcorner     5168000.000000
cellsize      0.500000
NODATA_value  -9999.0
[rows 0 to 28 of 34, columns 65 to 129 of 160]
-9999.000 -9999.000 -9999.000 -9999.000 -9999.000 -9999.000 -9999.000 -9999.000 -9999.000 -9999.000 -9999.000 -9999.000 -9999.000 -9999.000 -9999.000 -9999.000 -9999.000 -9999.000 -9999.000 -9999.000 -9999.000 -9999.000 -9999.000 -9999.000 -9999.000 -9999.000 -9999.000 -9999.000 -9999.000 -9999.000 -9999.000 -9999.000 -9999.000 -9999.000 -9999.000 -9999.000 -9999.000 -9999.000 -9999.000 -9999.000 -9999.000 -9999.000 -9999.000 -9999.000 -9999.000 -9999.000 -9999.000 -9999.000 -9999.000 -9999.000 -9999.000 -9999.000 -9999.000 -9999.000 -9999.000 -9999.000 -9999.000 -9999.000 -9999.000 -9999.000 -9999.000 -9999.000 -9999.000 -9999.000 -9999.000
-40.828 -45.009 -46.122 -47.169 -47.747 -42.629 -34.868 -27.421 -20.358 -18.118 -15.813 -13.610 -13.186 -14.566 -17.895 -21.254 -24.724 -26.242 -34.595 -46.084 -55.069 -57.864 -53.379 -48.859 -46.313 -40.194 -29.270 -18.292 -9.624 2.226 7.878 13.182 16.582 12.811 9.562 6.166 1.682 -9.147 -9999.000 -9999.000 -9999.000 -9999.000 -9999.000 -9999.000 -9999.000 -9999.000 -9999.000 -9999.000 -9999.000 -9999.000 -9999.000 -9999.000 -9999.000 -9999.000 -9999.000 -9999.000 -9999.000 -9999.000 -9999.000 -9999.000 -9999.000 -9999.000 -9999.000 -9999.000 -9999.000
-53.391 -59.098 -61.042 -61.278 -61.438 -57.447 -47.717 -39.904 -35.275 -32.992 -30.649 -30.717 -31.322 -31.811 -34.804 -38.305 -41.776 -43.629 -43.601 -51.261 -56.649 -59.968 -61.255 -58.802 -56.461 -53.358 -43.660 -35.286 -26.895 -12.663 -0.246 5.142 2.995 -1.720 -5.080 -11.123 -20.578 -30.745 -40.979 -47.933 -53.052 -58.021 -51.653 -44.981 -34.514 -24.169 -11.968 0.280 -9999.000 -9999.000 -9999.000 -9999.000 -9999.000 -9999.000 -9999.000 -9999.000 -9999.000 -9999.000 -9999.000 -9999.000 -9999.000 -9999.000 -9999.000 -9999.000 -9999.000
-60.672 -65.225 -57.653 -56.699 -55.793 -52.801 -49.617 -47.372 -44.753 -39.617 -30.856 -28.398 -28.049 -28.075 -30.026 -33.239 -35.113 -37.958 -43.235 -44.240 -43.889 -43.938 -38.779 -37.301 -35.878 -42.789 -39.354 -32.998 -26.001 -18.920 -11.794 -7.012 -9.833 -10.660 -18.519 -31.812 -42.767 -51.063 -53.218 -56.041 -63.375 -75.243 -68.022 -52.212 -47.275 -43.364 -31.255 -18.829 -8.552 -6.464 -6.677 -6.899 -9.350 -23.042 -37.572 -52.189 -70.672 -9999.000 -9999.000 -9999.000 -9999.000 -9999.000 -9999.000 -9999.000 -9999.000
-55.330 -42.870 -33.802 -32.483 -29.924 -26.801 -28.188 -40.651 -43.438 -35.148 -24.937 -19.281 -19.353 -19.619 -21.408 -22.580 -23.203 -25.691 -24.741 -22.272 -21.777 -16.832 -11.259 -8.513 -16.971 -26.103 -25.493 -17.741 -9.658 -2.134 8.998 20.908 20.016 14.740 6.378 -6.665 -29.501 -48.812 -58.896 -65.078 -71.582 -71.867 -73.771 -62.752 -60.628 -58.581 -49.754 -39.229 -28.935 -22.973 -23.285 -23.623 -25.848 -35.126 -49.669 -64.228 -80.615 -105.723 -133.882 -160.790 -161.725 -137.913 -114.138 -9999.000 -9999.000
-30.016 -16.700 -2.249 -0.152 1.912 1.237 -8.643 -19.098 -23.502 -8.703 6.815 14.745 15.322 15.373 23.068 20.906 18.202 12.604 14.798 17.219 28.206 35.513 42.116 40.162 28.470 17.598 15.858 18.037 20.442 26.558 37.229 47.687 43.290 36.503 26.854 -1.292 -28.377 -44.665 -43.370 -42.359 -46.403 -48.995 -52.103 -59.154 -59.132 -59.325 -59.478 -47.206 -34.722 -31.059 -36.940 -40.351 -42.401 -50.911 -61.648 -76.677 -93.343 -111.912 -139.904 -146.872 -154.792 -132.758 -108.955 -87.938 -63.298
17.003 34.538 57.777 60.507 63.597 66.940 55.936 43.702 31.903 47.751 57.129 65.691 68.293 79.097 88.851 83.666 74.896 65.059 71.235 84.334 98.895 104.914 108.072 107.974 98.055 92.911 90.674 91.695 88.442 91.977 103.180 118.861 119.555 109.992 88.316 53.421 19.493 -1.561 3.693 -2.007 -7.429 -10.940 -24.426 -35.215 -34.899 -43.938 -49.759 -37.997 -31.659 -29.621 -35.746 -30.095 -37.611 -55.613 -72.733 -88.137 -102.413 -117.293 -124.459 -133.642 -141.199 -128.637 -108.406 -88.346 -63.490
65.940 88.531 111.801 121.682 126.816 135.355 128.577 119.430 110.638 117.696 129.711 141.191 151.540 163.536 174.794 167.260 156.846 153.233 157.417 174.459 189.309 194.113 195.948 199.854 193.277 186.377 178.931 172.311 165.948 161.721 177.909 193.305 192.315 170.283 148.003 115.509 80.548 48.515 45.769 45.466 45.106 30.740 16.227 -1.216 -11.194 -19.486 -33.750 -28.536 -22.562 -11.839 -1.942 -1.893 -18.175 -35.428 -54.619 -73.263 -87.482 -92.190 -97.245 -106.709 -112.989 -106.705 -92.714 -78.269 -66.019
161.537 185.771 217.055 239.331 259.219 262.502 253.095 243.696 230.014 225.155 239.046 250.307 260.962 271.767 283.461 290.279 288.962 288.716 291.162 295.602 302.186 308.466 314.378 320.799 320.538 311.656 304.153 294.823 286.844 284.385 284.720 293.409 293.023 272.485 247.930 219.880 186.588 157.902 139.908 144.283 133.174 117.227 97.776 63.109 45.775 30.279 1.330 -2.589 8.016 22.261 30.811 15.382 -0.851 -19.356 -39.828 -59.670 -66.223 -67.470 -70.431 -76.213 -78.804 -74.050 -61.001 -58.110 -47.210
266.734 296.899 329.658 358.030 380.774 388.562 378.373 368.329 356.750 346.904 348.216 360.797 376.276 391.439 402.096 406.007 404.853 405.085 406.465 409.172 411.420 416.393 423.181 433.373 445.186 441.136 425.055 412.295 397.750 392.106 390.483 387.901 388.582 385.487 360.024 335.375 306.540 278.058 257.868 242.905 226.315 207.916 167.833 130.710 98.615 72.274 45.258 42.094 67.654 95.967 88.513 77.197 60.101 35.596 11.174 -13.636 -20.527 -23.414 -28.864 -35.260 -41.155 -46.505 -43.428 -40.560 -28.832
384.769 404.049 437.627 471.567 498.800 502.932 494.419 484.061 473.110 463.550 460.145 465.906 475.080 489.175 500.451 510.901 510.971 511.373 511.236 512.994 514.513 515.736 521.626 532.073 542.035 543.789 532.755 516.688 499.648 491.703 485.378 480.197 480.556 481.990 478.918 458.146 426.517 386.727 360.476 340.570 329.799 317.317 300.031 258.079 234.461 204.486 172.163 149.570 184.283 180.341 169.989 154.609 130.532 105.036 79.660 53.742 44.221 38.908 31.260 24.993 16.448 6.053 2.041 -3.664 -6.281
498.004 513.166 532.484 557.344 581.386 598.027 595.098 584.191 568.672 564.900 564.047 565.325 570.653 576.755 590.391 604.572 609.638 610.275 607.931 609.764 610.635 610.612 610.958 614.328 620.310 622.590 619.006 605.269 587.053 572.558 563.963 559.763 557.508 558.328 557.736 548.425 524.107 491.216 459.826 438.553 424.274 413.538 405.702 393.781 380.017 354.809 316.941 283.160 276.706 267.810 256.742 233.312 206.193 182.939 151.743 121.689 103.239 96.481 90.203 82.007 70.531 59.608 52.602 38.992 30.939
603.599 620.017 631.282 645.174 663.593 674.194 679.626 680.462 680.120 682.055 682.125 668.544 670.389 672.159 675.893 681.297 682.866 683.005 682.449 683.232 683.398 683.609 683.276 682.461 683.569 683.991 683.465 679.063 677.133 661.735 650.841 644.033 637.006 628.976 620.165 611.629 598.207 574.825 544.586 518.190 507.764 503.028 499.016 495.729 483.574 465.459 439.545 405.282 371.372 361.698 346.955 322.518 302.979 288.804 256.369 223.585 199.556 190.091 172.810 154.905 139.689 122.166 105.546 88.664 71.541
687.712 686.059 687.879 689.763 691.635 692.278 692.462 692.377 690.268 690.098 688.756 683.847 674.871 676.316 677.648 680.073 683.467 682.076 682.912 685.777 684.399 679.217 675.878 674.329 674.585 681.483 684.424 685.131 684.954 684.394 684.172 683.421 682.485 681.166 679.479 679.029 670.375 650.132 621.565 591.090 577.104 572.525 574.452 572.544 567.894 551.410 527.271 495.073 460.576 444.751 433.218 423.731 414.556 401.570 367.720 332.533 304.960 286.536 261.246 240.927 222.323 200.830 182.394 163.155 139.880
692.326 688.824 684.365 683.320 682.149 679.889 680.590 678.724 675.030 671.874 666.203 656.080 644.940 642.856 647.525 652.270 656.233 658.924 662.035 663.482 659.144 651.768 645.100 643.158 649.325 654.674 659.342 659.906 658.566 656.791 657.186 655.090 655.676 661.709 673.976 680.579 681.859 681.660 677.995 671.368 658.265 640.034 643.312 639.539 629.254 610.294 589.004 562.779 537.267 513.939 506.579 502.484 497.218 489.408 458.529 426.851 396.355 372.238 347.426 324.479 303.182 281.647 259.272 235.457 211.648
677.730 670.012 663.635 657.568 655.845 654.598 654.021 654.163 649.202 642.347 628.253 617.191 606.319 600.513 599.366 604.811 613.919 622.370 626.746 621.097 614.262 604.379 596.605 596.803 599.396 607.927 620.398 623.715 624.220 619.582 615.727 610.061 608.241 614.739 628.740 642.568 654.735 661.977 668.678 674.510 679.739 680.307 680.599 680.088 677.571 664.059 645.626 624.930 603.246 578.893 572.067 569.728 565.961 564.085 538.885 506.911 475.401 448.024 422.906 400.684 378.964 355.768 331.308 307.412 280.219
645.774 636.289 626.267 617.340 612.237 613.301 615.657 616.649 611.109 597.882 581.720 569.138 555.963 552.365 548.191 545.358 555.940 571.793 577.485 565.227 556.027 542.595 535.233 532.523 534.192 543.407 561.705 578.768 579.398 570.020 560.782 555.637 552.782 558.999 576.249 594.446 607.562 615.876 620.879 628.382 637.233 648.066 659.902 669.777 678.933 681.059 680.051 677.137 663.373 645.263 632.919 623.442 618.057 609.972 590.580 565.535 540.647 515.078 494.046 476.343 453.000 428.126 403.706 374.655 343.002
604.412 593.096 582.277 571.880 559.865 557.563 556.057 558.646 548.569 538.579 520.545 506.065 491.346 482.451 477.099 471.893 477.868 493.669 502.756 488.710 478.515 465.376 458.904 455.638 457.201 467.035 489.196 507.227 513.091 504.507 497.647 493.837 491.883 496.186 510.127 528.742 547.441 561.010 568.895 575.737 584.993 598.218 610.892 623.482 638.970 656.710 669.704 677.984 682.384 682.034 680.174 674.710 665.806 655.769 640.126 618.380 593.084 568.032 551.280 535.081 519.451 494.568 465.733 436.648 404.488
556.849 515.154 499.802 484.010 470.770 466.879 461.254 456.813 448.782 442.699 434.484 419.704 403.381 388.544 383.897 380.036 373.671 380.932 384.802 385.718 378.197 371.312 368.085 365.431 368.840 382.200 394.514 405.113 410.250 406.242 410.727 414.840 415.550 429.057 441.180 457.301 476.872 497.752 508.565 516.526 526.129 540.282 555.503 571.262 591.943 614.233 628.336 638.078 648.835 659.995 672.381 681.274 685.268 684.688 679.533 660.654 637.833 618.033 600.937 586.900 574.055 556.051 522.921 493.503 462.899
483.719 443.461 413.907 397.823 378.550 369.901 362.086 340.821 329.079 323.160 326.866 316.935 300.703 287.168 280.233 274.940 263.867 257.859 262.356 272.941 267.258 264.361 267.346 265.103 262.213 269.161 283.256 291.014 299.231 307.629 310.174 315.562 337.564 349.220 362.122 380.253 400.075 420.584 438.045 449.128 461.720 478.746 493.872 512.973 534.819 561.117 578.402 591.081 601.311 611.698 625.994 643.911 659.125 673.777 684.253 684.275 681.174 660.634 644.782 630.378 622.030 601.899 574.653 546.385 516.320
384.303 345.953 317.713 298.392 276.997 262.278 240.412 212.476 194.929 199.508 207.065 206.542 193.270 181.312 172.155 160.384 146.247 136.418 144.532 152.955 158.605 161.089 164.415 165.805 164.316 160.830 167.576 175.383 184.352 192.738 202.289 227.601 249.332 263.593 281.516 299.390 319.866 341.385 360.163 373.810 390.181 407.565 426.587 446.034 469.550 496.971 518.775 532.177 544.453 556.955 574.435 595.606 615.736 637.237 656.207 666.799 678.231 686.376 684.658 670.359 658.109 641.996 620.500 591.293 564.090
270.403 236.190 213.543 192.039 171.028 147.920 120.501 95.801 78.115 85.574 93.008 103.294 91.889 80.916 75.008 61.277 47.999 34.579 42.554 51.824 67.211 70.605 73.519 79.440 77.816 75.296 67.707 75.659 84.492 96.047 120.395 143.024 164.654 182.937 200.576 220.265 241.582 263.070 285.412 302.066 318.598 337.765 356.272 373.734 394.078 418.894 440.105 457.408 475.784 489.920 512.067 539.046 564.206 593.582 613.634 627.895 640.132 652.392 668.996 679.895 680.160 675.984 654.188 633.467 607.716
131.462 114.035 97.506 76.852 57.450 38.289 13.809 -7.602 -29.596 -24.965 -12.397 1.580 -4.920 -8.751 -11.600 -22.607 -35.756 -48.909 -45.201 -30.629 -14.344 -7.833 -1.814 5.287 5.077 -1.594 -10.216 -5.231 7.335 22.007 42.058 62.932 83.023 101.292 121.537 142.669 164.046 187.123 211.014 228.171 249.099 271.083 288.959 300.018 313.639 336.658 353.580 373.331 393.395 408.685 435.051 466.361 503.440 539.512 571.229 585.387 597.849 608.341 624.174 643.109 660.177 674.040 673.837 670.678 654.221
22.708 5.718 -10.783 -27.584 -46.710 -64.988 -83.148 -103.936 -122.240 -116.499 -102.864 -90.428 -88.058 -90.766 -93.540 -101.079 -114.361 -125.476 -117.330 -102.053 -87.129 -77.519 -71.114 -65.113 -68.035 -76.370 -83.330 -75.986 -61.375 -47.237 -30.546 -10.301 9.789 29.805 50.672 71.441 94.333 117.846 141.553 164.576 185.949 206.408 216.282 226.398 233.957 249.273 265.861 284.548 305.450 326.812 354.026 391.717 429.805 466.198 501.231 526.172 543.337 557.903 577.184 597.315 613.957 627.805 639.998 651.001 657.310
-68.837 -85.090 -94.082 -107.832 -126.194 -139.005 -155.161 -173.431 -174.262 -170.332 -157.917 -155.509 -154.618 -157.405 -158.344 -162.943 -174.433 -168.532 -160.787 -145.935 -135.103 -125.927 -119.786 -115.758 -116.430 -123.661 -121.128 -114.234 -100.058 -88.736 -74.080 -54.001 -37.428 -18.943 1.851 23.230 45.705 69.465 95.029 117.992 136.478 145.206 154.991 160.626 155.162 168.355 181.941 195.524 216.063 236.680 262.545 299.771 341.688 384.924 421.049 458.136 479.499 500.986 522.408 544.860 565.441 581.761 593.850 595.676 601.687
-158.987 -167.658 -177.753 -188.738 -201.540 -214.780 -226.846 -226.943 -229.002 -229.193 -227.143 -224.020 -221.387 -222.284 -223.308 -222.666 -216.967 -212.750 -207.253 -196.798 -185.819 -175.726 -171.797 -167.725 -164.991 -161.952 -159.595 -155.423 -144.315 -132.917 -120.054 -103.633 -86.851 -68.711 -47.361 -25.783 -2.741 22.636 48.253 67.779 76.950 86.351 89.926 85.332 80.968 88.437 100.078 110.563 129.754 150.632 169.298 210.765 256.959 299.987 334.915 369.361 400.849 426.381 449.919 479.657 504.940 530.677 546.546 552.368 557.271
-221.706 -231.429 -241.252 -251.354 -264.441 -274.829 -276.878 -279.026 -280.964 -282.385 -278.928 -275.251 -270.997 -271.378 -271.023 -268.460 -264.262 -258.603 -249.648 -238.915 -227.229 -213.174 -208.849 -204.421 -199.156 -196.700 -193.759 -189.646 -178.503 -167.105 -155.032 -138.479 -121.339 -102.763 -81.152 -56.430 -27.905 -2.124 23.249 44.468 53.123 57.315 55.682 50.045 38.079 37.389 48.232 51.707 64.906 84.886 97.371 132.829 176.605 207.360 241.664 277.347 321.775 348.309 378.840 409.327 439.120 468.290 483.617 491.660 500.940
-282.428 -294.571 -304.747 -314.379 -322.624 -325.060 -327.983 -329.819 -331.039 -332.488 -330.005 -325.817 -321.724 -319.829 -317.263 -314.384 -308.470 -299.642 -291.072 -279.299 -264.890 -250.330 -244.413 -239.119 -233.706 -229.967 -225.950 -222.115 -211.930 -200.399 -189.161 -172.033 -153.938 -135.550 -110.305 -81.251 -52.095 -26.846 -2.012 21.963 25.339 26.678 26.060 12.968 -2.111 -7.443 -4.516 -3.444 4.842 17.051 29.165 57.003 85.492 115.190 150.753 196.241 241.172 271.442 301.903 332.104 359.297 381.193 399.813 413.815 428.565
-335.801 -350.045 -359.321 -363.514 -365.446 -368.896 -368.426 -367.342 -368.533 -371.843 -372.113 -367.280 -363.426 -360.885 -357.883 -347.963 -338.275 -330.715 -323.574 -311.071 -296.769 -281.515 -272.013 -266.059 -257.121 -250.006 -245.916 -243.220 -234.233 -223.866 -218.578 -202.516 -184.264 -156.832 -126.416 -96.645 -65.971 -39.781 -14.850 7.324 7.523 7.618 7.005 -8.520 -23.883 -41.035 -37.921 -36.080 -47.113 -34.429 -22.420 -4.744 22.537 47.852 85.704 130.407 165.195 195.370 225.625 253.937 275.828 296.525 313.148 331.077 346.286
