tests/3D/Borden05m_nopit_001/output_maps/psiliqL0028N0033.asc
ncols         160
nrows         34
xllcorner     620200.000000
yllcorner     5168000.000000
cellsize      0.500000
NODATA_value  -9999.0
[rows 0 to 27 of 34, columns 62 to 123 of 160]
-9999.000 -9999.000 -9999.000 -9999.000 -9999.000 -9999.000 -9999.000 -9999.000 -9999.000 -9999.000 -9999.000 -9999.000 -9999.000 -9999.000 -9999.000 -9999.000 -9999.000 -9999.000 -9999.000 -9999.000 -9999.000 -9999.000 -9999.000 -9999.000 -9999.000 -9999.000 -9999.000 -9999.000 -9999.000 -9999.000 -9999.000 -9999.000 -9999.000 -9999.000 -9999.000 -9999.000 -9999.000 -9999.000 -9999.000 -9999.000 -9999.000 -9999.000 -9999.000 -9999.000 -9999.000 -9999.000 -9999.000 -9999.000 -9999.000 -9999.000 -9999.000 -9999.000 -9999.000 -9999.000 -9999.000 -9999.000 -9999.000 -9999.000 -9999.000 -9999.000 -9999.000 -9999.000
3783.186 3774.726 3765.396 3757.615 3753.391 3752.177 3751.312 3750.619 3755.388 3763.406 3770.967 3777.749 3780.116 3782.400 3784.148 3784.296 3783.126 3779.843 3776.442 3773.013 3771.248 3763.982 3752.876 3744.630 3741.938 3746.062 3750.370 3752.811 3757.866 3768.174 3778.719 3787.286 3799.935 3807.115 3812.473 3814.978 3810.985 3807.735 3803.716 3797.392 3786.270 -9999.000 -9999.000 -9999.000 -9999.000 -9999.000 -9999.000 -9999.000 -9999.000 -9999.000 -9999.000 -9999.000 -9999.000 -9999.000 -9999.000 -9999.000 -9999.000 -9999.000 -9999.000 -9999.000 -9999.000 -9999.000
3763.366 3759.198 3750.711 3745.592 3740.067 3737.258 3737.208 3737.005 3740.535 3751.322 3759.020 3763.479 3766.069 3768.889 3767.054 3766.172 3765.900 3762.939 3759.388 3755.954 3754.045 3755.628 3748.007 3741.908 3737.915 3734.739 3737.499 3740.224 3744.980 3754.075 3761.918 3769.842 3785.138 3798.425 3804.178 3801.617 3797.083 3793.254 3785.716 3774.835 3764.883 3757.022 3751.052 3745.710 3739.167 3745.641 3753.700 3762.915 3771.491 3783.551 3795.821 -9999.000 -9999.000 -9999.000 -9999.000 -9999.000 -9999.000 -9999.000 -9999.000 -9999.000 -9999.000 -9999.000
3743.283 3746.888 3743.661 3738.769 3730.488 3740.688 3741.574 3742.125 3745.207 3746.805 3752.152 3754.432 3759.678 3768.568 3771.312 3771.653 3771.605 3769.521 3766.170 3764.110 3761.238 3755.888 3753.933 3753.443 3751.964 3755.888 3757.398 3760.482 3755.169 3759.719 3765.970 3772.949 3778.300 3784.352 3786.647 3783.350 3784.174 3775.850 3762.242 3752.607 3745.331 3745.925 3743.035 3735.120 3721.260 3729.776 3745.995 3750.818 3753.281 3764.269 3776.574 3787.183 3790.584 3790.285 3789.932 3786.934 3773.071 3758.324 3743.119 3724.404 -9999.000 -9999.000
3751.732 3749.764 3746.073 3741.248 3751.262 3759.305 3760.537 3762.794 3766.693 3767.680 3756.895 3754.838 3761.859 3771.316 3776.277 3776.364 3775.864 3771.841 3770.575 3770.319 3768.513 3767.732 3769.094 3766.234 3768.874 3774.289 3777.652 3772.831 3764.530 3766.994 3775.555 3784.829 3792.453 3802.534 3813.214 3813.699 3809.362 3800.944 3788.685 3766.404 3749.231 3738.271 3730.165 3722.912 3726.391 3721.455 3735.703 3737.534 3740.182 3747.370 3757.725 3768.473 3774.751 3774.022 3773.192 3770.654 3761.005 3746.187 3731.267 3713.481 3686.649 3657.639
3750.561 3749.341 3749.322 3757.373 3768.773 3779.386 3781.177 3782.791 3781.293 3773.946 3763.556 3760.991 3773.930 3790.662 3798.381 3797.637 3792.664 3795.104 3795.422 3796.248 3793.107 3793.584 3790.521 3795.200 3802.872 3810.966 3809.667 3797.206 3784.717 3784.878 3790.763 3798.293 3806.080 3816.203 3825.210 3820.442 3815.602 3808.650 3783.509 3761.589 3747.706 3748.078 3748.955 3744.624 3742.811 3742.314 3738.701 3739.053 3738.235 3738.045 3750.346 3763.752 3767.315 3760.512 3756.386 3754.086 3746.287 3734.655 3718.704 3701.563 3681.667 3653.545
3779.089 3779.020 3784.446 3794.342 3806.282 3827.576 3826.460 3826.426 3824.419 3811.204 3797.811 3788.004 3810.724 3821.864 3828.748 3825.446 3829.767 3838.183 3834.750 3828.723 3816.363 3821.845 3827.467 3842.624 3850.747 3856.258 3851.144 3836.795 3829.856 3831.854 3838.995 3840.750 3850.049 3858.557 3873.434 3871.946 3869.501 3849.985 3812.907 3784.340 3772.925 3785.191 3779.689 3773.314 3773.753 3763.139 3756.516 3759.454 3751.622 3747.209 3760.011 3767.078 3768.403 3760.366 3765.394 3758.740 3737.601 3721.086 3706.677 3692.347 3674.849 3669.013
3784.358 3788.005 3798.193 3815.485 3832.717 3852.059 3849.278 3841.213 3850.885 3843.823 3832.744 3825.340 3848.387 3858.187 3868.191 3873.300 3885.953 3896.230 3878.630 3860.769 3849.540 3856.862 3883.412 3906.667 3911.445 3910.175 3909.077 3892.758 3888.180 3885.267 3886.455 3884.299 3882.741 3909.175 3931.475 3931.413 3910.040 3887.372 3847.084 3809.152 3785.878 3800.827 3797.245 3801.094 3791.629 3780.375 3774.556 3773.050 3766.839 3757.981 3767.663 3772.147 3779.857 3786.668 3791.826 3775.290 3757.723 3738.597 3721.043 3707.035 3700.381 3693.947
3835.742 3849.505 3857.805 3876.870 3893.011 3918.066 3928.882 3939.007 3942.978 3936.159 3927.693 3915.861 3922.279 3947.321 3958.964 3966.982 3975.060 3987.785 3987.371 3979.777 3977.733 3982.313 3996.847 4012.224 4019.013 4021.725 4023.883 4009.134 3995.765 3994.413 3989.429 3989.010 3988.453 4001.260 4023.244 4019.744 3981.395 3954.364 3918.581 3879.695 3850.383 3845.746 3866.601 3865.616 3849.498 3840.200 3815.400 3811.832 3803.294 3781.035 3781.743 3784.364 3793.626 3809.574 3797.489 3781.245 3764.320 3745.015 3728.697 3721.512 3719.836 3716.803
3952.953 3961.651 3964.628 3970.991 4003.584 4037.433 4061.974 4084.691 4091.752 4079.161 4069.397 4055.624 4046.936 4059.149 4076.972 4094.893 4109.773 4121.174 4123.023 4121.384 4121.416 4124.735 4127.766 4132.330 4141.241 4148.993 4157.463 4165.019 4153.789 4136.690 4127.859 4119.537 4119.362 4121.145 4125.817 4126.965 4108.558 4064.503 4032.042 3999.547 3981.096 3968.794 3970.444 3952.116 3927.121 3874.431 3837.191 3806.106 3788.519 3767.359 3777.207 3794.561 3839.847 3845.483 3833.599 3819.053 3796.119 3773.827 3754.448 3751.513 3750.402 3746.504
4080.829 4084.364 4086.403 4088.537 4116.308 4158.994 4199.140 4230.949 4230.230 4215.755 4204.264 4195.379 4180.330 4176.309 4189.886 4206.171 4227.337 4237.667 4243.174 4239.406 4239.601 4241.673 4244.100 4246.332 4250.311 4260.505 4276.261 4291.427 4290.197 4270.109 4251.860 4235.963 4234.241 4232.329 4227.439 4230.074 4232.031 4214.385 4181.608 4140.608 4100.096 4084.643 4070.149 4059.245 4041.721 3998.102 3928.224 3886.784 3848.071 3821.795 3826.582 3899.636 3922.446 3911.858 3902.027 3881.096 3852.914 3830.537 3809.716 3809.001 3805.737 3798.641
4201.644 4208.771 4210.999 4215.984 4232.756 4266.842 4303.951 4334.544 4349.794 4341.256 4322.213 4298.968 4288.223 4284.990 4288.966 4299.137 4313.060 4333.518 4353.783 4359.677 4360.598 4357.858 4360.378 4362.052 4362.189 4365.516 4374.841 4385.350 4388.898 4380.439 4358.187 4333.826 4322.899 4316.690 4313.380 4314.866 4320.673 4324.466 4308.778 4271.338 4225.013 4195.181 4180.862 4168.237 4153.636 4140.458 4104.429 4082.329 4044.249 3994.558 3967.307 4012.217 4004.773 3994.727 3972.052 3939.945 3906.770 3876.826 3852.880 3846.850 3844.414 3844.495
4319.484 4324.382 4331.353 4346.508 4370.983 4391.349 4415.466 4443.464 4460.696 4465.925 4463.832 4459.133 4460.205 4460.608 4388.926 4395.984 4403.032 4422.533 4439.735 4446.030 4446.755 4443.850 4445.870 4446.740 4446.574 4446.190 4449.069 4454.855 4457.061 4454.316 4440.200 4462.042 4441.166 4427.221 4418.738 4410.253 4401.933 4392.365 4382.209 4360.975 4328.768 4293.639 4272.884 4265.315 4258.926 4249.651 4243.482 4225.584 4201.973 4165.236 4124.460 4104.829 4103.890 4087.507 4051.622 4019.693 3996.093 3959.749 3930.354 3915.394 3915.493 3908.852
4439.813 4444.565 4459.042 4476.617 4458.016 4467.524 4477.363 4487.139 4490.496 4491.457 4491.013 4488.569 4487.682 4485.066 4481.847 4471.114 4472.752 4474.810 4477.464 4481.258 4480.201 4481.358 4484.326 4482.492 4476.288 4472.073 4470.487 4471.612 4479.137 4482.717 4483.709 4479.750 4478.733 4477.576 4473.665 4468.784 4461.907 4453.115 4470.666 4457.957 4428.475 4386.091 4342.949 4336.312 4339.124 4338.589 4337.032 4331.164 4313.227 4284.982 4246.275 4206.793 4201.290 4186.636 4166.299 4148.938 4128.885 4088.010 4051.332 4029.551 4020.212 3997.451
4487.112 4490.060 4493.706 4490.745 4487.827 4482.864 4481.205 4479.821 4477.350 4477.968 4476.078 4471.947 4467.749 4459.375 4447.549 4436.365 4432.535 4436.774 4442.554 4447.923 4452.691 4456.524 4456.270 4450.590 4441.964 4434.248 4432.635 4439.638 4445.449 4452.305 4453.227 4451.811 4449.173 4448.792 4445.284 4445.401 4452.643 4467.826 4469.821 4476.532 4475.522 4456.412 4421.847 4437.744 4417.412 4423.833 4418.988 4407.332 4385.452 4360.440 4328.024 4296.204 4277.925 4270.435 4264.184 4256.761 4241.478 4200.715 4165.635 4136.975 4117.662 4092.040
4472.606 4479.720 4480.718 4473.593 4464.867 4457.493 4449.829 4447.379 4446.947 4446.761 4447.336 4441.990 4432.243 4414.713 4403.051 4391.957 4385.997 4381.737 4384.839 4396.472 4409.322 4414.483 4404.528 4395.771 4383.598 4375.469 4375.956 4376.705 4386.379 4404.009 4412.299 4413.127 4406.301 4399.309 4392.439 4389.109 4395.489 4410.991 4428.251 4444.447 4453.887 4461.734 4469.015 4466.115 4469.159 4470.778 4468.217 4472.086 4453.376 4428.234 4397.738 4371.391 4344.896 4341.524 4341.894 4338.282 4335.996 4301.577 4264.152 4229.429 4202.738 4175.888
4444.814 4446.498 4442.162 4435.781 4425.726 4414.559 4404.759 4396.728 4397.767 4400.146 4401.951 4394.382 4378.676 4360.607 4347.001 4333.046 4329.078 4322.899 4314.397 4324.436 4344.863 4352.547 4335.779 4324.597 4309.088 4302.645 4298.411 4299.020 4307.878 4331.113 4356.461 4358.784 4347.516 4336.305 4331.609 4328.278 4332.547 4349.101 4370.306 4386.852 4397.586 4402.894 4410.638 4420.026 4434.804 4450.028 4462.674 4466.398 4476.160 4471.097 4456.112 4449.856 4424.322 4409.482 4401.982 4398.055 4391.309 4366.520 4336.192 4308.000 4281.268 4257.187
4408.038 4403.738 4397.524 4390.402 4368.167 4355.539 4342.278 4326.949 4322.867 4317.580 4318.472 4306.804 4299.261 4283.156 4267.747 4252.057 4237.993 4232.252 4225.331 4222.292 4235.348 4243.663 4234.994 4225.412 4215.231 4211.073 4207.695 4210.325 4220.853 4239.894 4258.224 4267.059 4259.897 4259.538 4260.165 4258.578 4265.139 4275.252 4292.937 4315.835 4335.596 4345.694 4352.429 4361.482 4375.961 4390.158 4404.626 4422.861 4446.638 4463.193 4473.367 4473.001 4471.582 4462.346 4466.362 4455.140 4442.178 4421.111 4395.189 4367.533 4341.079 4323.508
4365.760 4359.762 4354.194 4329.696 4272.396 4250.453 4231.147 4214.568 4207.508 4198.740 4180.654 4172.026 4167.961 4172.134 4158.452 4140.894 4122.816 4117.973 4114.567 4095.261 4088.507 4088.451 4107.549 4101.794 4101.598 4104.464 4102.128 4103.001 4115.600 4122.398 4126.828 4133.805 4140.153 4151.704 4160.351 4172.164 4189.757 4200.171 4215.079 4235.265 4261.488 4277.535 4287.059 4297.326 4312.537 4328.588 4346.382 4368.769 4395.209 4411.836 4423.092 4434.988 4448.741 4464.220 4468.957 4478.227 4476.084 4472.207 4447.060 4416.508 4395.519 4377.770
4298.320 4296.377 4285.590 4227.476 4186.929 4152.626 4135.557 4111.459 4097.322 4079.649 4038.349 4020.138 4020.981 4038.181 4036.137 4021.252 4009.891 4000.188 3990.196 3971.337 3950.224 3956.649 3976.670 3978.950 3983.541 3992.368 3992.179 3984.689 3980.012 3991.512 3996.384 4007.967 4027.205 4032.343 4050.639 4086.286 4098.983 4114.003 4131.978 4152.024 4173.935 4196.993 4211.159 4226.374 4244.623 4261.125 4281.190 4303.431 4333.094 4354.883 4369.273 4379.865 4390.368 4405.663 4426.842 4446.850 4465.890 4475.390 4476.888 4462.237 4445.194 4424.844
4191.918 4185.849 4154.394 4100.544 4065.956 4044.006 4022.274 3999.505 3974.533 3934.696 3899.173 3876.998 3895.333 3907.648 3921.978 3911.272 3901.049 3891.651 3872.616 3855.448 3837.853 3849.529 3858.260 3879.952 3887.728 3891.757 3898.506 3896.978 3884.597 3876.882 3884.716 3894.435 3906.770 3930.297 3967.307 3992.083 4010.483 4030.779 4048.923 4069.726 4092.213 4115.005 4131.909 4149.870 4167.857 4188.339 4206.714 4228.731 4256.445 4282.831 4298.968 4314.377 4327.710 4347.052 4371.079 4394.342 4420.204 4442.385 4456.559 4469.840 4473.191 4466.793
4068.383 4044.285 3994.095 3952.612 3935.279 3925.015 3902.312 3882.181 3852.832 3818.408 3798.141 3777.689 3789.238 3800.655 3823.210 3815.458 3809.921 3807.903 3792.560 3779.543 3762.663 3768.715 3781.527 3806.696 3813.231 3817.596 3827.653 3826.980 3821.716 3801.837 3807.980 3818.762 3833.584 3865.438 3887.380 3909.261 3930.887 3949.740 3970.689 3992.161 4014.483 4040.640 4059.766 4078.259 4099.253 4117.611 4130.488 4145.059 4168.028 4188.513 4209.923 4232.670 4247.234 4271.921 4302.924 4334.420 4369.745 4395.151 4410.706 4422.967 4434.717 4455.057
3914.324 3858.654 3823.626 3807.127 3810.526 3800.418 3782.153 3764.601 3746.491 3726.319 3709.166 3684.411 3690.780 3707.980 3726.294 3729.840 3732.338 3731.646 3723.145 3709.956 3696.451 3700.317 3718.022 3736.393 3747.212 3755.251 3763.031 3762.562 3752.124 3741.419 3745.664 3761.037 3776.765 3792.971 3812.589 3832.467 3852.164 3873.900 3895.583 3917.494 3941.354 3967.319 3988.093 4010.919 4034.407 4049.411 4056.484 4061.919 4079.516 4094.310 4115.523 4138.050 4156.091 4182.886 4217.754 4260.031 4300.684 4342.546 4361.412 4375.014 4385.071 4400.513
3799.395 3766.961 3739.811 3736.609 3723.292 3712.484 3700.283 3681.424 3667.039 3654.457 3634.390 3627.261 3635.751 3649.871 3657.686 3666.052 3664.659 3662.963 3658.217 3644.501 3642.104 3652.639 3667.818 3681.191 3693.121 3700.009 3704.745 3701.433 3691.762 3689.315 3697.178 3712.210 3724.769 3738.121 3757.579 3776.182 3796.508 3817.652 3838.241 3861.257 3884.991 3909.732 3935.933 3956.809 3973.334 3980.193 3987.808 3984.237 3992.607 4006.758 4021.855 4043.161 4066.942 4091.205 4130.105 4171.245 4211.834 4252.774 4290.666 4311.385 4328.901 4348.610
3741.301 3712.995 3685.839 3661.383 3651.869 3648.190 3637.483 3622.656 3613.470 3599.569 3592.656 3601.324 3602.762 3610.470 3608.220 3609.751 3607.944 3607.895 3606.639 3602.069 3615.449 3621.733 3634.736 3644.474 3654.178 3659.688 3662.901 3664.160 3660.299 3666.471 3671.767 3684.571 3694.797 3706.935 3725.487 3740.920 3758.192 3778.781 3800.063 3822.079 3845.999 3872.333 3895.133 3910.635 3914.957 3921.966 3920.524 3906.260 3914.662 3924.843 3932.670 3951.778 3971.053 3989.064 4025.949 4071.274 4120.496 4158.447 4205.490 4234.709 4260.392 4282.386
3662.709 3634.573 3608.218 3590.107 3587.596 3577.644 3568.749 3558.810 3546.582 3542.137 3550.746 3549.115 3546.556 3544.129 3547.306 3551.469 3551.645 3551.149 3554.921 3567.078 3571.660 3577.058 3585.548 3596.770 3608.858 3612.275 3616.438 3621.250 3627.407 3630.036 3632.947 3642.599 3653.774 3665.163 3679.929 3696.589 3714.044 3735.127 3757.445 3781.454 3806.847 3833.448 3854.339 3861.006 3868.871 3868.186 3858.441 3849.948 3850.184 3859.978 3863.792 3877.975 3898.307 3904.277 3939.611 3987.633 4027.470 4063.382 4098.540 4144.388 4172.670 4198.942
3604.523 3576.781 3558.070 3545.544 3535.770 3525.887 3516.118 3504.815 3499.797 3502.483 3500.382 3498.791 3496.646 3499.966 3504.011 3508.955 3509.749 3511.395 3514.771 3519.378 3526.383 3536.034 3546.818 3559.287 3575.305 3580.491 3585.205 3591.327 3594.144 3597.462 3601.074 3611.419 3622.756 3633.901 3649.995 3667.165 3685.040 3706.643 3731.831 3761.333 3787.608 3813.735 3837.973 3846.581 3849.024 3846.084 3837.468 3821.308 3816.239 3823.269 3821.651 3828.358 3844.125 3848.668 3869.178 3905.441 3930.069 3963.805 4003.534 4059.417 4089.864 4122.354
3538.874 3521.413 3508.056 3490.262 3477.091 3466.935 3459.572 3456.290 3457.038 3455.239 3454.476 3453.594 3451.516 3452.785 3457.385 3461.492 3464.504 3467.856 3472.880 3480.119 3489.401 3497.334 3509.161 3524.072 3539.811 3547.486 3553.133 3559.439 3564.181 3568.433 3571.690 3580.872 3592.103 3601.256 3617.560 3635.745 3654.958 3679.836 3708.939 3739.210 3765.238 3790.283 3817.336 3820.539 3820.958 3820.062 3803.585 3788.046 3778.440 3778.356 3778.299 3776.278 3784.342 3792.789 3806.877 3825.089 3849.669 3883.654 3931.813 3977.295 4012.387 4041.578
