tests/3D/Borden05m_nopit_001/output_maps/psiliqL0009N0010.asc
ncols         160
nrows         34
xllcorner     620200.000000
yllcorner     5168000.000000
cellsize      0.500000
NODATA_value  -9999.0
[rows 0 to 28 of 34, columns 65 to 129 of 160]
-9999.000 -9999.000 -9999.000 -9999.000 -9999.000 -9999.000 -9999.000 -9999.000 -9999.000 -9999.000 -9999.000 -9999.000 -9999.000 -9999.000 -9999.000 -9999.000 -9999.000 -9999.000 -9999.000 -9999.000 -9999.000 -9999.000 -9999.000 -9999.000 -9999.000 -9999.000 -9999.000 -9999.000 -9999.000 -9999.000 -9999.000 -9999.000 -9999.000 -9999.000 -9999.000 -9999.000 -9999.000 -9999.000 -9999.000 -9999.000 -9999.000 -9999.000 -9999.000 -9999.000 -9999.000 -9999.000 -9999.000 -9999.000 -9999.000 -9999.000 -9999.000 -9999.000 -9999.000 -9999.000 -9999.000 -9999.000 -9999.000 -9999.000 -9999.000 -9999.000 -9999.000 -9999.000 -9999.000 -9999.000 -9999.000
-40.828 -45.009 -46.122 -47.169 -47.747 -42.629 -34.868 -27.421 -20.358 -18.118 -15.812 -13.610 -13.185 -14.565 -17.894 -21.254 -24.724 -26.242 -34.594 -46.083 -55.068 -57.863 -53.377 -48.857 -46.311 -40.192 -29.267 -18.289 -9.621 2.230 7.883 13.188 16.588 12.817 9.570 6.175 1.692 -9.136 -9999.000 -9999.000 -9999.000 -9999.000 -9999.000 -9999.000 -9999.000 -9999.000 -9999.000 -9999.000 -9999.000 -9999.000 -9999.000 -9999.000 -9999.000 -9999.000 -9999.000 -9999.000 -9999.000 -9999.000 -9999.000 -9999.000 -9999.000 -9999.000 -9999.000 -9999.000 -9999.000
-53.391 -59.098 -61.042 -61.278 -61.438 -57.447 -47.717 -39.904 -35.274 -32.992 -30.649 -30.717 -31.322 -31.811 -34.803 -38.305 -41.776 -43.628 -43.600 -51.260 -56.648 -59.967 -61.254 -58.800 -56.459 -53.356 -43.658 -35.283 -26.892 -12.659 -0.241 5.147 3.001 -1.713 -5.072 -11.113 -20.568 -30.733 -40.965 -47.916 -53.033 -57.999 -51.627 -44.952 -34.482 -24.134 -11.930 0.320 -9999.000 -9999.000 -9999.000 -9999.000 -9999.000 -9999.000 -9999.000 -9999.000 -9999.000 -9999.000 -9999.000 -9999.000 -9999.000 -9999.000 -9999.000 -9999.000 -9999.000
-60.672 -65.225 -57.653 -56.699 -55.793 -52.801 -49.617 -47.372 -44.752 -39.616 -30.856 -28.398 -28.049 -28.074 -30.026 -33.238 -35.112 -37.958 -43.235 -44.239 -43.888 -43.936 -38.778 -37.300 -35.876 -42.786 -39.351 -32.995 -25.998 -18.916 -11.789 -7.006 -9.826 -10.653 -18.511 -31.802 -42.756 -51.050 -53.203 -56.023 -63.355 -75.220 -67.996 -52.183 -47.243 -43.328 -31.215 -18.784 -8.501 -6.406 -6.612 -6.827 -9.270 -22.952 -37.473 -52.081 -70.557 -9999.000 -9999.000 -9999.000 -9999.000 -9999.000 -9999.000 -9999.000 -9999.000
-55.330 -42.870 -33.802 -32.483 -29.924 -26.800 -28.188 -40.651 -43.438 -35.148 -24.937 -19.281 -19.353 -19.618 -21.407 -22.579 -23.202 -25.690 -24.740 -22.272 -21.776 -16.831 -11.258 -8.511 -16.969 -26.101 -25.491 -17.738 -9.655 -2.130 9.003 20.914 20.022 14.747 6.387 -6.654 -29.489 -48.798 -58.880 -65.060 -71.561 -71.843 -73.744 -62.722 -60.593 -58.542 -49.711 -39.181 -28.882 -22.913 -23.217 -23.548 -25.765 -35.033 -49.565 -64.115 -80.493 -105.592 -133.748 -160.651 -161.575 -137.741 -113.946 -9999.000 -9999.000
-30.016 -16.700 -2.249 -0.152 1.912 1.237 -8.643 -19.098 -23.502 -8.703 6.815 14.745 15.323 15.373 23.068 20.906 18.203 12.605 14.799 17.220 28.207 35.514 42.117 40.163 28.472 17.600 15.861 18.040 20.446 26.563 37.235 47.693 43.297 36.511 26.863 -1.282 -28.365 -44.650 -43.354 -42.340 -46.382 -48.970 -52.075 -59.122 -59.095 -59.284 -59.432 -47.155 -34.665 -30.995 -36.868 -40.271 -42.312 -50.812 -61.539 -76.557 -93.215 -111.777 -139.764 -146.724 -154.632 -132.573 -108.740 -87.688 -63.034
17.003 34.538 57.777 60.507 63.597 66.940 55.936 43.702 31.903 47.751 57.129 65.691 68.293 79.098 88.851 83.667 74.897 65.059 71.235 84.335 98.896 104.916 108.073 107.976 98.058 92.914 90.678 91.699 88.446 91.983 103.186 118.868 119.563 110.002 88.327 53.433 19.507 -1.546 3.710 -1.987 -7.407 -10.914 -24.397 -35.182 -34.861 -43.895 -49.710 -37.943 -31.598 -29.554 -35.671 -30.012 -37.518 -55.508 -72.616 -88.009 -102.276 -117.147 -124.304 -133.477 -141.019 -128.433 -108.172 -88.085 -63.216
65.940 88.531 111.801 121.682 126.816 135.355 128.577 119.430 110.639 117.696 129.711 141.192 151.541 163.536 174.795 167.261 156.847 153.234 157.418 174.460 189.311 194.115 195.951 199.856 193.280 186.381 178.935 172.316 165.954 161.727 177.916 193.313 192.325 170.294 148.015 115.523 80.563 48.533 45.788 45.488 45.131 30.769 16.258 -1.180 -11.154 -19.440 -33.698 -28.478 -22.498 -11.768 -1.864 -1.806 -18.077 -35.318 -54.495 -73.124 -87.330 -92.026 -97.067 -106.517 -112.780 -106.474 -92.458 -77.991 -65.729
161.537 185.771 217.056 239.331 259.219 262.502 253.095 243.696 230.015 225.156 239.047 250.307 260.963 271.767 283.462 290.279 288.963 288.717 291.163 295.604 302.187 308.468 314.381 320.802 320.542 311.660 304.158 294.828 286.850 284.392 284.728 293.419 293.034 272.498 247.944 219.896 186.606 157.922 139.931 144.309 133.203 117.260 97.813 63.149 45.820 30.329 1.385 -2.526 8.086 22.339 30.898 15.478 -0.745 -19.238 -39.695 -59.520 -66.059 -67.290 -70.234 -75.998 -78.570 -73.796 -60.729 -57.819 -46.909
266.734 296.899 329.658 358.030 380.774 388.562 378.373 368.329 356.750 346.904 348.216 360.798 376.276 391.440 402.096 406.008 404.854 405.086 406.466 409.173 411.422 416.395 423.184 433.377 445.190 441.140 425.060 412.302 397.757 392.114 390.493 387.913 388.595 385.501 360.041 335.394 306.561 278.082 257.895 242.935 226.349 207.954 167.876 130.758 98.667 72.332 45.322 42.166 67.735 96.058 88.614 77.308 60.223 35.729 11.319 -13.477 -20.352 -23.223 -28.656 -35.033 -40.907 -46.236 -43.139 -40.254 -28.513
384.769 404.050 437.627 471.567 498.801 502.932 494.420 484.061 473.111 463.551 460.145 465.906 475.081 489.176 500.452 510.902 510.973 511.374 511.238 512.997 514.516 515.739 521.629 532.077 542.040 543.795 532.761 516.696 499.658 491.713 485.390 480.211 480.572 482.008 478.939 458.169 426.543 386.756 360.509 340.606 329.840 317.362 300.082 258.136 234.525 204.556 172.240 149.656 184.379 180.448 170.107 154.739 130.675 105.193 79.830 53.926 44.421 39.124 31.494 25.246 16.721 6.347 2.354 -3.331 -5.928
498.005 513.166 532.484 557.345 581.386 598.027 595.099 584.192 568.672 564.901 564.047 565.326 570.654 576.756 590.392 604.573 609.640 610.277 607.934 609.767 610.638 610.616 610.962 614.333 620.316 622.597 619.014 605.278 587.064 572.571 563.977 559.780 557.527 558.351 557.762 548.454 524.139 491.252 459.865 438.597 424.324 413.594 405.764 393.851 380.095 354.895 317.035 283.264 276.820 267.936 256.881 233.466 206.362 183.123 151.944 121.908 103.477 96.739 90.482 82.308 70.855 59.955 52.971 39.383 31.353
603.599 620.017 631.283 645.174 663.593 674.194 679.626 680.462 680.120 682.056 682.125 668.544 670.389 672.160 675.894 681.298 682.868 683.007 682.451 683.235 683.402 683.613 683.281 682.467 683.575 683.999 683.474 679.074 677.146 661.749 650.858 644.053 637.029 629.002 620.195 611.663 598.246 574.869 544.635 518.245 507.825 503.097 499.095 495.817 483.672 465.568 439.663 405.411 371.513 361.852 347.125 322.704 303.183 289.027 256.611 223.846 199.837 190.395 173.137 155.258 140.069 122.576 105.987 89.135 72.041
687.713 686.059 687.880 689.764 691.636 692.279 692.463 692.378 690.268 690.099 688.757 683.848 674.872 676.317 677.650 680.074 683.469 682.078 682.915 685.780 684.402 679.221 675.884 674.335 674.592 681.491 684.434 685.142 684.967 684.410 684.190 683.443 682.510 681.195 679.513 679.068 670.419 650.183 621.623 591.156 577.178 572.610 574.549 572.653 568.017 551.547 527.420 495.236 460.753 444.945 433.431 423.966 414.813 401.849 368.019 332.854 305.304 286.903 261.639 241.349 222.776 201.314 182.912 163.706 140.468
692.326 688.824 684.365 683.320 682.149 679.889 680.590 678.724 675.031 671.874 666.204 656.081 644.941 642.857 647.526 652.271 656.234 658.926 662.038 663.485 659.148 651.772 645.105 643.164 649.332 654.682 659.351 659.917 658.580 656.807 657.205 655.112 655.702 661.739 674.011 680.620 681.907 681.716 678.059 671.443 658.351 640.132 643.424 639.668 629.401 610.458 589.187 562.982 537.490 514.185 506.851 502.785 497.549 489.767 458.913 427.259 396.787 372.696 347.913 324.998 303.734 282.234 259.896 236.121 212.351
677.731 670.012 663.636 657.568 655.846 654.599 654.021 654.164 649.203 642.348 628.254 617.192 606.320 600.514 599.367 604.812 613.920 622.372 626.749 621.100 614.265 604.383 596.610 596.809 599.403 607.935 620.407 623.726 624.234 619.597 615.745 610.082 608.266 614.769 628.775 642.609 654.784 662.035 668.746 674.588 679.831 680.414 680.723 680.231 677.735 664.246 645.838 625.169 603.514 579.194 572.404 570.104 566.377 564.542 539.379 507.438 475.959 448.613 423.528 401.342 379.660 356.502 332.082 308.227 281.079
645.774 636.289 626.267 617.341 612.237 613.301 615.657 616.650 611.109 597.882 581.721 569.138 555.964 552.366 548.192 545.359 555.941 571.795 577.487 565.229 556.030 542.599 535.237 532.528 534.197 543.414 561.714 578.778 579.410 570.034 560.798 555.657 552.806 559.026 576.282 594.486 607.609 615.933 620.945 628.461 637.326 648.175 660.031 669.927 679.108 681.262 680.283 677.403 663.677 645.608 633.310 623.884 618.553 610.523 591.186 566.195 541.358 515.838 494.855 477.202 453.905 429.076 404.698 375.690 344.085
604.412 593.096 582.278 571.880 559.865 557.563 556.058 558.646 548.569 538.579 520.546 506.066 491.346 482.452 477.100 471.894 477.870 493.670 502.758 488.712 478.518 465.379 458.908 455.642 457.206 467.041 489.203 507.236 513.101 504.520 497.661 493.854 491.904 496.211 510.156 528.778 547.484 561.062 568.957 575.812 585.082 598.325 611.018 623.633 639.148 656.919 669.947 678.266 682.710 682.410 680.605 675.202 666.365 656.399 640.831 619.162 593.945 568.974 552.302 536.183 520.628 495.813 467.035 438.003 405.897
556.849 515.154 499.803 484.010 470.770 466.879 461.255 456.813 448.782 442.700 434.484 419.704 403.382 388.544 383.898 380.037 373.672 380.933 384.803 385.720 378.199 371.314 368.088 365.434 368.845 382.206 394.521 405.121 410.259 406.253 410.740 414.856 415.568 429.079 441.207 457.332 476.911 497.799 508.621 516.593 526.210 540.379 555.621 571.404 592.114 614.437 628.579 638.363 649.169 660.385 672.834 681.798 685.870 685.376 680.313 661.534 638.820 619.132 602.155 588.239 575.517 557.630 524.608 495.286 464.770
483.720 443.461 413.907 397.823 378.550 369.901 362.086 340.821 329.079 323.161 326.867 316.935 300.704 287.169 280.234 274.941 263.868 257.860 262.358 272.943 267.260 264.364 267.348 265.106 262.218 269.166 283.262 291.021 299.240 307.639 310.186 315.576 337.581 349.240 362.145 380.282 400.109 420.625 438.094 449.188 461.792 478.833 493.978 513.101 534.975 561.307 578.631 591.355 601.637 612.084 626.450 644.446 659.749 674.500 685.084 685.225 682.253 661.854 646.155 631.914 623.740 603.790 576.728 548.642 518.753
384.303 345.954 317.713 298.392 276.997 262.279 240.413 212.476 194.930 199.508 207.065 206.543 193.271 181.312 172.155 160.385 146.248 136.419 144.533 152.956 158.606 161.091 164.418 165.808 164.320 160.835 167.582 175.390 184.360 192.747 202.300 227.614 249.348 263.612 281.538 299.416 319.898 341.422 360.208 373.864 390.246 407.642 426.681 446.147 469.689 497.139 518.980 532.425 544.752 557.316 574.870 596.129 616.358 637.970 657.062 667.790 679.371 687.681 686.144 672.045 660.013 644.140 622.905 593.979 567.071
270.403 236.190 213.543 192.039 171.028 147.920 120.501 95.801 78.116 85.575 93.008 103.294 91.889 80.917 75.009 61.277 48.000 34.580 42.555 51.825 67.212 70.607 73.522 79.443 77.819 75.300 67.712 75.665 84.499 96.055 120.405 143.036 164.669 182.955 200.597 220.290 241.611 263.105 285.454 302.116 318.657 337.836 356.356 373.835 394.200 419.041 440.284 457.624 476.047 490.241 512.460 539.529 564.794 594.291 614.479 628.891 641.295 653.741 670.553 681.683 682.206 678.319 656.847 636.488 611.137
131.462 114.035 97.506 76.852 57.450 38.289 13.809 -7.602 -29.596 -24.964 -12.397 1.580 -4.920 -8.751 -11.600 -22.606 -35.755 -48.908 -45.200 -30.628 -14.343 -7.831 -1.812 5.290 5.080 -1.591 -10.212 -5.226 7.342 22.014 42.067 62.943 83.036 101.308 121.556 142.692 164.074 187.156 211.054 228.217 249.155 271.149 289.037 300.111 313.749 336.790 353.739 373.522 393.625 408.965 435.395 466.786 503.968 540.164 572.023 586.342 598.987 609.685 625.750 644.945 662.306 676.501 676.674 673.940 657.961
22.708 5.718 -10.783 -27.584 -46.710 -64.988 -83.147 -103.936 -122.240 -116.498 -102.863 -90.428 -88.057 -90.766 -93.540 -101.078 -114.361 -125.475 -117.329 -102.052 -87.128 -77.518 -71.112 -65.111 -68.032 -76.367 -83.326 -75.981 -61.369 -47.230 -30.538 -10.291 9.801 29.819 50.690 71.463 94.359 117.878 141.590 164.621 186.002 206.470 216.356 226.485 234.060 249.395 266.006 284.721 305.656 327.060 354.328 392.088 430.264 466.769 501.937 527.039 544.392 559.177 578.709 599.128 616.097 630.317 642.933 654.418 661.270
-68.837 -85.090 -94.082 -107.832 -126.194 -139.005 -155.161 -173.431 -174.262 -170.332 -157.916 -155.509 -154.617 -157.405 -158.344 -162.942 -174.433 -168.531 -160.786 -145.934 -135.102 -125.926 -119.784 -115.756 -116.427 -123.658 -121.124 -114.230 -100.052 -88.729 -74.072 -53.991 -37.416 -18.929 1.868 23.251 45.729 69.494 95.065 118.035 136.528 145.266 155.061 160.709 155.259 168.469 182.076 195.685 216.254 236.908 262.818 300.102 342.090 385.418 421.658 458.887 480.424 502.123 523.801 546.556 567.491 584.217 596.773 599.136 605.759
-158.987 -167.657 -177.753 -188.738 -201.540 -214.780 -226.846 -226.943 -229.002 -229.193 -227.143 -224.020 -221.387 -222.283 -223.308 -222.666 -216.966 -212.749 -207.252 -196.797 -185.818 -175.725 -171.796 -167.723 -164.989 -161.949 -159.592 -155.419 -144.311 -132.911 -120.046 -103.624 -86.839 -68.697 -47.344 -25.763 -2.717 22.664 48.286 67.820 76.998 86.408 89.993 85.410 81.060 88.546 100.207 110.715 129.934 150.845 169.551 211.068 257.323 300.426 335.447 370.010 401.643 427.357 451.125 481.151 506.785 532.940 549.298 555.696 561.275
-221.706 -231.429 -241.252 -251.354 -264.441 -274.829 -276.878 -279.026 -280.964 -282.385 -278.928 -275.251 -270.997 -271.378 -271.022 -268.459 -264.262 -258.603 -249.647 -238.915 -227.228 -213.173 -208.848 -204.419 -199.154 -196.697 -193.756 -189.642 -178.498 -167.100 -155.026 -138.471 -121.329 -102.750 -81.136 -56.410 -27.882 -2.097 23.281 44.507 53.168 57.368 55.745 50.118 38.166 37.491 48.352 51.850 65.076 85.088 97.611 133.112 176.942 207.763 242.146 277.926 322.473 349.156 379.875 410.602 440.700 470.248 486.035 494.641 504.616
-282.428 -294.571 -304.747 -314.379 -322.624 -325.060 -327.983 -329.819 -331.039 -332.488 -330.005 -325.817 -321.724 -319.829 -317.263 -314.384 -308.470 -299.642 -291.072 -279.299 -264.889 -250.329 -244.411 -239.117 -233.704 -229.965 -225.947 -222.111 -211.926 -200.394 -189.154 -172.025 -153.929 -135.538 -110.290 -81.232 -52.071 -26.819 -1.980 22.001 25.383 26.730 26.121 13.039 -2.027 -7.345 -4.400 -3.308 5.002 17.240 29.388 57.270 85.812 115.569 151.202 196.775 241.808 272.202 302.817 333.211 360.645 382.844 401.844 416.328 431.704
-335.801 -350.045 -359.321 -363.514 -365.446 -368.896 -368.426 -367.342 -368.533 -371.843 -372.113 -367.280 -363.426 -360.885 -357.883 -347.962 -338.275 -330.715 -323.574 -311.070 -296.768 -281.514 -272.012 -266.058 -257.119 -250.003 -245.913 -243.216 -234.229 -223.861 -218.572 -202.509 -184.255 -156.821 -126.402 -96.626 -65.948 -39.753 -14.818 7.361 7.566 7.669 7.065 -8.449 -23.798 -40.935 -37.803 -35.942 -46.951 -34.241 -22.202 -4.491 22.835 48.208 86.131 130.911 165.790 196.076 226.463 254.935 277.022 297.961 314.885 333.197 348.907
