tests/3D/Borden05m_nopit_001/output_maps/psiliqL0012N0015.asc
ncols         160
nrows         34
xllcorner     620200.000000
yllcorner     5168000.000000
cellsize      0.500000
NODATA_value  -9999.0
[rows 0 to 28 of 34, columns 64 to 127 of 160]
-9999.000 -9999.000 -9999.000 -9999.000 -9999.000 -9999.000 -9999.000 -9999.000 -9999.000 -9999.000 -9999.000 -9999.000 -9999.000 -9999.000 -9999.000 -9999.000 -9999.000 -9999.000 -9999.000 -9999.000 -9999.000 -9999.000 -9999.000 -9999.000 -9999.000 -9999.000 -9999.000 -9999.000 -9999.000 -9999.000 -9999.000 -9999.000 -9999.000 -9999.000 -9999.000 -9999.000 -9999.000 -9999.000 -9999.000 -9999.000 -9999.000 -9999.000 -9999.000 -9999.000 -9999.000 -9999.000 -9999.000 -9999.000 -9999.000 -9999.000 -9999.000 -9999.000 -9999.000 -9999.000 -9999.000 -9999.000 -9999.000 -9999.000 -9999.000 -9999.000 -9999.000 -9999.000 -9999.000 -9999.000
567.585 558.926 554.739 553.609 552.591 551.995 557.058 564.860 572.325 579.344 581.604 583.906 586.036 586.417 585.071 581.749 578.383 574.920 573.363 565.182 553.753 544.885 542.107 546.535 551.022 553.552 559.503 570.330 581.241 589.893 601.869 607.764 613.077 616.336 612.530 609.282 605.789 601.015 590.141 -9999.000 -9999.000 -9999.000 -9999.000 -9999.000 -9999.000 -9999.000 -9999.000 -9999.000 -9999.000 -9999.000 -9999.000 -9999.000 -9999.000 -9999.000 -9999.000 -9999.000 -9999.000 -9999.000 -9999.000 -9999.000 -9999.000 -9999.000 -9999.000 -9999.000
551.997 546.449 540.771 538.690 538.483 538.316 542.234 552.132 559.926 564.529 566.860 569.279 568.931 568.283 567.828 564.841 561.332 557.867 556.005 556.279 548.625 543.125 539.700 538.115 540.617 543.019 546.383 555.986 564.277 572.594 586.995 599.550 604.996 602.785 598.099 594.666 588.388 578.709 568.577 558.719 551.922 546.770 541.554 547.941 554.833 565.105 575.172 587.352 599.605 -9999.000 -9999.000 -9999.000 -9999.000 -9999.000 -9999.000 -9999.000 -9999.000 -9999.000 -9999.000 -9999.000 -9999.000 -9999.000 -9999.000 -9999.000
544.219 539.240 534.098 542.086 543.029 543.879 546.884 549.818 552.553 555.119 560.272 569.054 571.557 571.904 571.875 569.903 566.669 564.766 561.916 556.628 555.473 555.691 555.417 560.381 561.864 563.551 556.892 560.504 566.843 573.838 580.646 587.604 591.994 589.098 588.532 580.601 567.260 556.514 548.380 546.660 543.829 536.405 524.224 531.651 547.527 552.448 556.132 568.066 580.475 590.807 593.106 592.882 592.641 590.107 576.392 561.830 547.122 528.603 -9999.000 -9999.000 -9999.000 -9999.000 -9999.000 -9999.000
546.452 544.130 556.204 565.110 566.415 568.926 572.172 571.160 558.962 556.290 564.380 574.472 580.018 579.971 579.669 577.527 576.340 575.775 573.395 574.072 576.366 576.332 580.913 586.461 589.305 581.422 572.421 573.324 581.205 589.476 597.017 607.984 619.700 619.026 613.899 605.529 592.612 569.864 550.892 540.671 534.186 527.566 527.877 525.496 537.026 539.107 541.250 549.821 560.321 570.689 576.704 576.329 575.916 573.644 564.311 549.727 535.113 518.504 493.120 464.818 438.380 437.132 460.945 484.706
556.055 567.992 581.006 594.851 596.900 598.893 598.088 588.608 578.164 574.050 588.555 604.265 612.162 612.530 611.788 618.654 616.883 614.737 609.527 611.450 613.005 622.996 630.361 637.200 635.349 623.537 612.410 610.971 613.735 616.949 623.330 633.916 644.145 639.690 633.211 623.989 596.319 570.050 554.144 555.294 556.286 552.198 549.731 547.037 540.530 540.607 540.317 540.160 552.439 565.071 568.721 562.697 559.176 557.090 548.695 537.818 522.644 505.902 487.118 459.098 452.460 444.082 466.138 489.952
601.300 613.425 630.077 653.009 655.131 657.728 660.226 648.873 636.456 624.972 641.905 651.561 659.858 661.528 671.309 680.852 675.944 667.607 657.371 663.438 675.357 690.012 696.364 699.893 699.004 688.386 682.959 681.391 683.378 680.917 685.363 696.141 711.696 712.046 703.608 682.274 647.036 613.955 594.424 600.786 595.119 589.548 586.663 573.633 563.503 564.235 555.389 549.792 561.720 568.177 570.104 563.680 569.235 561.858 543.363 526.340 511.093 496.806 481.509 474.549 465.367 457.633 470.353 490.503
640.281 657.974 679.719 702.368 710.250 713.300 722.018 715.195 705.743 697.171 706.753 718.418 729.666 739.187 751.287 762.390 753.267 741.678 736.862 741.541 760.085 776.263 781.063 782.408 785.524 777.409 770.876 764.147 758.760 753.062 749.257 767.063 783.550 782.708 760.781 738.441 704.717 669.288 638.640 638.689 637.869 638.176 624.586 610.588 594.983 586.344 578.383 564.975 570.897 576.637 586.887 596.299 597.156 580.837 563.537 544.359 525.888 511.701 506.684 501.410 491.763 485.286 491.745 505.828
734.820 748.169 771.125 801.426 821.892 840.239 843.630 834.632 825.380 811.991 808.912 824.564 835.885 846.124 856.498 868.355 874.031 871.724 871.194 873.977 880.011 887.983 894.345 899.752 905.500 902.952 893.362 886.831 878.187 871.403 869.245 871.550 882.339 881.462 858.113 833.169 803.899 769.724 740.941 725.058 732.037 722.528 706.556 688.710 655.601 640.443 626.047 598.156 594.970 604.316 617.777 627.497 612.598 596.365 578.112 557.826 538.542 531.889 530.575 527.602 521.654 519.030 524.183 537.596
845.195 851.617 882.165 915.096 942.864 965.603 973.276 962.708 952.709 940.783 931.120 934.153 947.563 963.427 978.545 989.320 992.905 991.675 991.876 993.562 996.320 998.935 1004.530 1011.471 1021.391 1032.532 1027.349 1011.107 998.969 985.407 980.627 979.543 978.108 978.864 973.352 944.955 919.074 889.662 862.765 843.822 831.484 814.622 795.183 753.112 715.972 684.038 659.081 632.990 631.883 656.150 687.147 681.762 670.357 653.665 629.408 605.322 581.369 575.103 572.496 567.290 560.901 555.341 550.748 554.589
963.351 969.574 990.196 1025.211 1060.131 1088.087 1091.453 1081.999 1071.462 1060.837 1050.411 1046.908 1053.903 1064.201 1079.412 1090.539 1100.208 1099.673 1100.042 1100.254 1102.119 1103.750 1105.409 1111.979 1123.264 1134.049 1135.332 1122.869 1106.459 1089.600 1082.638 1077.011 1071.877 1072.597 1074.115 1068.744 1046.077 1012.971 973.068 948.524 929.474 918.684 905.408 883.967 837.608 811.178 779.825 748.458 730.191 770.961 771.246 760.859 746.356 722.777 696.856 671.952 646.835 638.703 633.710 626.145 620.042 611.787 601.716 598.289
1075.619 1085.054 1100.470 1122.119 1148.914 1173.990 1190.411 1186.597 1174.406 1157.666 1152.794 1151.565 1153.269 1159.362 1166.699 1181.412 1196.554 1201.751 1202.433 1200.027 1201.969 1202.967 1202.970 1203.787 1208.098 1214.795 1217.276 1212.923 1197.842 1178.657 1164.727 1156.509 1152.452 1150.789 1152.398 1152.500 1142.185 1115.796 1080.786 1049.643 1029.470 1015.455 1004.111 995.434 979.710 964.632 937.394 897.662 864.913 866.571 857.907 847.003 823.694 795.788 770.968 739.968 710.876 694.384 688.304 683.025 675.792 664.765 654.381 648.131
1179.889 1194.585 1212.275 1224.977 1240.484 1260.415 1272.063 1277.463 1277.836 1276.807 1278.606 1278.728 1255.973 1258.641 1261.245 1267.469 1274.736 1277.052 1277.284 1276.357 1277.335 1277.613 1277.765 1277.425 1277.194 1279.040 1279.745 1278.870 1272.935 1274.760 1258.498 1247.124 1240.053 1232.798 1224.724 1215.796 1207.006 1192.353 1167.580 1136.571 1111.068 1101.096 1096.103 1091.264 1087.525 1074.467 1055.487 1027.866 992.576 960.922 952.629 937.629 911.386 889.892 874.228 841.175 808.922 786.320 778.360 762.753 745.949 731.320 714.549 698.752
1273.550 1285.961 1281.631 1284.666 1287.806 1290.926 1291.997 1292.304 1292.162 1290.000 1289.717 1288.174 1283.532 1274.278 1275.755 1277.201 1279.663 1283.120 1281.782 1282.669 1285.550 1284.101 1278.758 1275.282 1273.728 1274.121 1281.119 1284.162 1284.915 1284.142 1283.512 1283.143 1281.896 1280.339 1278.145 1275.339 1277.734 1268.442 1246.744 1215.999 1183.527 1170.705 1167.299 1168.842 1166.994 1162.157 1145.448 1120.663 1087.439 1052.155 1037.962 1025.938 1014.741 1004.275 990.173 955.209 919.780 893.115 876.116 851.215 831.306 813.101 791.769 773.711
1295.309 1292.077 1288.667 1284.128 1282.986 1281.782 1279.489 1280.176 1278.306 1274.544 1271.223 1265.126 1254.734 1243.587 1241.228 1245.828 1250.737 1254.922 1257.942 1261.168 1262.346 1257.797 1250.224 1243.391 1241.501 1247.801 1253.224 1258.238 1258.860 1257.510 1255.600 1255.874 1253.557 1254.071 1260.298 1273.028 1278.907 1281.049 1280.725 1274.626 1263.593 1255.074 1236.517 1240.298 1236.364 1225.870 1206.455 1184.582 1157.384 1130.878 1108.351 1100.975 1096.544 1090.942 1081.952 1049.506 1017.280 987.060 963.686 938.730 915.798 894.626 873.062 850.949
1283.770 1277.077 1269.200 1262.666 1256.346 1254.509 1253.391 1252.875 1253.086 1248.064 1240.753 1226.116 1214.960 1204.052 1198.222 1196.583 1201.659 1211.166 1220.312 1224.812 1218.483 1211.345 1201.102 1193.272 1193.516 1195.819 1204.531 1217.817 1221.921 1222.479 1217.496 1213.148 1207.293 1205.237 1211.719 1225.960 1240.334 1253.141 1260.735 1267.622 1273.688 1277.641 1278.607 1279.117 1278.291 1276.793 1262.469 1242.987 1220.752 1198.339 1173.657 1167.386 1165.484 1161.750 1159.814 1133.154 1100.305 1068.269 1040.977 1015.560 992.764 970.892 947.713 923.198
1250.447 1244.196 1234.621 1224.419 1215.354 1209.789 1210.849 1213.208 1214.329 1208.468 1194.850 1178.387 1165.643 1152.345 1148.690 1144.198 1140.471 1150.967 1167.543 1173.550 1160.580 1151.067 1137.308 1130.092 1127.141 1128.643 1137.803 1156.882 1175.254 1176.152 1166.477 1156.929 1151.857 1148.929 1154.840 1171.984 1190.660 1204.321 1213.022 1218.078 1225.626 1234.568 1246.033 1258.413 1268.736 1277.047 1280.391 1278.756 1273.950 1261.386 1242.118 1229.396 1220.248 1215.109 1207.247 1187.007 1161.121 1135.696 1109.919 1088.375 1070.060 1045.771 1020.618 996.208
1208.470 1202.200 1189.160 1178.056 1167.206 1154.668 1152.085 1149.982 1152.303 1141.975 1132.371 1114.642 1100.016 1085.143 1075.433 1070.019 1064.543 1069.095 1084.462 1093.427 1080.230 1070.133 1057.461 1051.355 1048.072 1049.804 1059.748 1081.418 1099.497 1105.831 1097.473 1091.641 1088.533 1086.639 1091.300 1104.639 1123.111 1142.477 1157.028 1165.267 1172.099 1181.329 1194.761 1207.685 1220.583 1236.518 1255.226 1268.799 1277.395 1281.061 1280.563 1277.561 1273.618 1264.372 1253.895 1237.412 1215.015 1189.345 1164.060 1147.158 1130.651 1114.012 1087.937 1059.169
1166.393 1152.562 1108.403 1092.011 1075.663 1061.896 1057.505 1051.384 1044.788 1036.663 1030.899 1024.640 1010.033 993.516 978.167 973.489 969.700 961.292 966.340 969.590 973.378 966.136 960.307 958.043 955.439 958.449 971.690 983.133 992.759 998.187 995.816 1001.418 1006.248 1008.713 1022.867 1034.723 1050.654 1070.326 1092.054 1103.697 1111.910 1121.624 1135.951 1151.313 1167.404 1188.368 1211.329 1225.849 1235.848 1246.806 1258.400 1271.302 1279.570 1284.429 1283.635 1278.712 1258.869 1234.846 1214.867 1197.670 1183.493 1170.056 1151.109 1117.046
1113.907 1074.839 1034.535 1004.231 987.992 967.957 958.441 949.070 924.642 911.878 907.027 912.864 904.178 888.159 874.968 867.595 861.561 849.258 840.866 845.667 857.743 853.317 851.603 855.510 853.592 849.977 855.090 868.776 876.079 884.829 894.939 897.895 905.322 929.480 941.303 954.540 972.650 992.509 1013.243 1031.591 1043.166 1056.177 1073.402 1088.753 1108.015 1129.935 1156.779 1174.792 1187.760 1198.069 1208.499 1222.983 1241.450 1257.460 1272.847 1283.212 1283.508 1278.621 1258.666 1242.130 1227.799 1219.215 1198.399 1169.995
1014.667 971.078 933.322 906.075 886.374 864.762 848.424 823.721 794.586 776.309 783.060 791.368 793.191 780.324 768.639 759.444 746.527 731.911 720.857 729.533 738.005 746.188 749.508 752.946 755.183 753.688 748.798 753.262 761.074 770.162 779.173 790.931 818.091 840.305 855.221 873.521 891.440 911.970 933.644 953.059 967.224 983.851 1001.334 1020.593 1039.877 1063.166 1090.644 1113.185 1127.034 1139.822 1152.479 1170.282 1191.941 1212.610 1234.848 1254.377 1265.588 1277.364 1284.805 1282.397 1269.053 1256.486 1239.407 1217.192
891.059 851.804 820.257 799.565 777.872 756.999 732.906 704.381 680.381 662.259 670.364 678.426 690.649 679.822 669.707 664.413 650.428 637.191 623.226 630.897 640.726 657.658 661.549 664.692 671.266 669.793 666.841 657.312 664.979 674.120 686.192 711.727 734.249 755.920 774.733 792.565 812.455 833.799 855.421 878.368 895.416 912.261 931.721 950.208 966.952 986.390 1010.922 1032.028 1049.989 1069.068 1083.288 1105.859 1133.507 1159.710 1190.076 1211.029 1225.554 1237.856 1250.101 1267.363 1277.963 1279.146 1273.903 1252.233
743.118 711.831 697.692 682.176 661.899 642.790 623.795 599.995 579.256 556.826 561.732 575.031 589.693 584.779 581.948 579.440 568.829 555.674 542.465 546.198 561.265 577.880 585.071 591.410 598.618 598.368 591.102 582.152 587.021 600.032 614.871 634.316 654.993 675.052 693.548 714.030 735.251 756.715 779.918 804.140 821.870 843.102 865.327 882.754 893.187 905.520 927.689 944.281 964.269 984.729 1000.462 1026.910 1058.804 1096.736 1133.576 1166.946 1181.903 1194.607 1205.098 1220.947 1240.285 1258.172 1272.737 1271.930
623.814 609.114 592.704 577.101 561.027 541.943 524.279 507.001 486.326 469.787 475.962 489.674 501.380 504.697 502.197 499.593 492.495 479.145 469.407 477.930 493.192 507.871 517.847 524.329 530.131 527.148 518.602 512.356 519.783 534.461 548.350 564.515 584.637 604.493 624.560 645.472 666.215 689.128 712.680 736.552 760.081 781.379 801.219 810.622 820.346 826.152 840.375 856.583 874.707 895.677 917.426 944.180 982.073 1020.659 1057.741 1093.741 1120.769 1138.543 1153.634 1173.054 1193.400 1210.353 1224.384 1237.123
543.467 520.145 504.956 496.803 483.534 465.730 453.491 437.691 421.214 421.884 425.420 437.092 438.764 439.757 437.124 436.326 432.256 421.858 428.940 436.455 451.015 461.674 470.934 476.976 480.875 480.509 473.811 476.919 483.561 497.521 508.671 522.930 542.770 559.164 577.459 598.222 619.588 641.992 665.780 691.469 714.409 732.427 740.463 749.813 754.334 747.484 759.924 772.976 785.654 805.970 826.377 851.005 888.180 930.640 974.829 1011.255 1049.931 1072.556 1094.738 1116.296 1139.328 1160.495 1177.531 1189.942
455.573 432.976 425.277 415.204 404.549 392.199 379.119 368.257 369.534 367.543 366.978 368.321 371.453 374.327 373.601 372.660 373.796 380.515 384.790 390.272 400.416 411.434 421.842 425.691 429.778 432.840 436.372 438.772 442.746 453.624 464.989 477.620 493.780 510.545 528.578 549.887 571.584 594.781 620.163 645.937 665.682 674.461 683.622 686.528 681.123 676.110 682.441 693.793 703.228 721.631 742.424 759.086 799.586 846.068 888.590 923.670 958.224 991.974 1017.935 1041.907 1072.127 1098.105 1124.840 1141.087
389.920 373.123 363.392 353.559 343.510 330.705 321.165 319.864 317.722 315.840 314.304 317.740 321.475 325.838 325.642 326.202 328.893 333.156 339.027 348.093 358.834 370.644 385.009 389.470 393.944 399.344 401.858 404.860 408.894 419.912 431.300 443.227 459.710 476.855 495.323 516.934 541.732 570.413 596.274 621.768 643.467 652.117 656.036 654.200 648.094 635.469 634.090 644.333 647.006 659.182 678.498 689.730 722.827 765.414 795.196 829.401 865.708 911.923 939.046 969.849 1000.224 1030.100 1059.294 1074.962
331.957 313.260 300.954 290.782 281.508 274.047 272.114 269.368 267.701 266.535 264.987 267.278 271.531 275.627 277.698 280.388 283.606 289.729 298.629 307.098 318.880 333.369 348.116 354.311 359.661 365.215 369.113 373.168 376.912 386.939 398.423 409.333 426.332 444.442 462.961 488.151 517.215 546.550 571.923 596.793 621.257 624.608 625.804 625.145 611.522 596.372 590.368 592.822 593.717 600.375 611.929 623.461 649.126 675.990 704.874 740.177 786.070 831.062 862.053 892.258 922.065 948.517 969.633 988.315
278.731 260.618 246.238 237.492 233.943 232.383 229.187 230.036 231.284 229.997 226.455 225.924 230.740 234.529 237.118 240.508 250.829 260.667 268.193 275.222 287.621 301.917 317.314 327.123 333.180 342.283 349.555 353.631 356.257 365.140 375.338 380.291 396.039 414.392 441.811 472.251 502.038 532.868 559.258 584.277 606.910 607.187 607.290 606.639 590.847 575.325 557.700 560.965 562.104 549.635 562.095 573.796 590.239 616.864 641.190 678.031 721.986 755.805 785.971 815.784 843.775 864.956 884.242 899.494
