tests/3D/Borden05m_nopit_001/output_maps/psiliqL0028N0018.asc
ncols         160
nrows         34
xllcorner     620200.000000
yllcorner     5168000.000000
cellsize      0.500000
NODATA_value  -9999.0
[rows 0 to 27 of 34, columns 0 to 61 of 160]
-9999.000 -9999.000 -9999.000 -9999.000 -9999.000 -9999.000 -9999.000 -9999.000 -9999.000 -9999.000 -9999.000 -9999.000 -9999.000 -9999.000 -9999.000 -9999.000 -9999.000 -9999.000 -9999.000 -9999.000 -9999.000 -9999.000 -9999.000 -9999.000 -9999.000 -9999.000 -9999.000 -9999.000 -9999.000 -9999.000 -9999.000 -9999.000 -9999.000 -9999.000 -9999.000 -9999.000 -9999.000 -9999.000 -9999.000 -9999.000 -9999.000 -9999.000 -9999.000 -9999.000 -9999.000 -9999.000 -9999.000 -9999.000 -9999.000 -9999.000 -9999.000 -9999.000 -9999.000 -9999.000 -9999.000 -9999.000 -9999.000 -9999.000 -9999.000 -9999.000 -9999.000 -9999.000
-9999.000 -9999.000 -9999.000 -9999.000 -9999.000 -9999.000 -9999.000 -9999.000 -9999.000 -9999.000 -9999.000 -9999.000 -9999.000 -9999.000 -9999.000 -9999.000 -9999.000 -9999.000 -9999.000 -9999.000 -9999.000 -9999.000 -9999.000 -9999.000 -9999.000 -9999.000 -9999.000 -9999.000 -9999.000 -9999.000 -9999.000 -9999.000 -9999.000 -9999.000 -9999.000 -9999.000 -9999.000 -9999.000 -9999.000 -9999.000 -9999.000 -9999.000 -9999.000 -9999.000 -9999.000 -9999.000 -9999.000 -9999.000 -9999.000 -9999.000 -9999.000 -9999.000 -9999.000 -9999.000 -9999.000 -9999.000 -9999.000 -9999.000 -9999.000 3797.616 3792.343 3787.643
-9999.000 -9999.000 -9999.000 -9999.000 -9999.000 -9999.000 -9999.000 -9999.000 -9999.000 -9999.000 -9999.000 -9999.000 -9999.000 -9999.000 -9999.000 -9999.000 -9999.000 -9999.000 -9999.000 -9999.000 -9999.000 -9999.000 -9999.000 -9999.000 -9999.000 -9999.000 -9999.000 -9999.000 -9999.000 -9999.000 -9999.000 -9999.000 -9999.000 -9999.000 -9999.000 -9999.000 -9999.000 -9999.000 -9999.000 -9999.000 -9999.000 -9999.000 -9999.000 -9999.000 -9999.000 -9999.000 -9999.000 3672.641 3655.463 3642.395 3637.132 3657.739 3680.580 3704.226 3724.574 3742.560 3760.886 3781.985 3785.056 3773.251 3768.128 3764.993
-9999.000 -9999.000 -9999.000 -9999.000 -9999.000 -9999.000 -9999.000 -9999.000 -9999.000 -9999.000 -9999.000 -9999.000 -9999.000 -9999.000 -9999.000 -9999.000 -9999.000 -9999.000 -9999.000 -9999.000 -9999.000 -9999.000 -9999.000 -9999.000 -9999.000 -9999.000 -9999.000 -9999.000 -9999.000 -9999.000 -9999.000 -9999.000 -9999.000 -9999.000 -9999.000 -9999.000 -9999.000 -9999.000 -9999.000 -9999.000 3724.089 3729.927 3729.295 3719.419 3707.918 3693.786 3672.935 3655.809 3642.978 3641.045 3643.263 3645.262 3665.329 3690.674 3710.438 3725.736 3744.874 3765.328 3767.809 3757.585 3749.913 3742.753
-9999.000 -9999.000 -9999.000 -9999.000 -9999.000 -9999.000 -9999.000 -9999.000 -9999.000 -9999.000 -9999.000 -9999.000 -9999.000 -9999.000 -9999.000 -9999.000 -9999.000 -9999.000 -9999.000 -9999.000 -9999.000 -9999.000 -9999.000 -9999.000 -9999.000 -9999.000 -9999.000 -9999.000 -9999.000 -9999.000 -9999.000 -9999.000 -9999.000 -9999.000 3632.104 3648.805 3666.525 3684.943 3701.805 3708.795 3714.530 3719.662 3714.735 3710.152 3698.153 3676.516 3657.056 3644.320 3643.407 3640.785 3643.933 3654.919 3671.217 3685.695 3705.858 3730.161 3738.987 3749.299 3751.668 3746.580 3748.879 3750.635
-9999.000 -9999.000 -9999.000 -9999.000 -9999.000 -9999.000 -9999.000 -9999.000 -9999.000 -9999.000 -9999.000 -9999.000 -9999.000 -9999.000 -9999.000 -9999.000 -9999.000 -9999.000 -9999.000 -9999.000 -9999.000 -9999.000 -9999.000 -9999.000 -9999.000 -9999.000 -9999.000 -9999.000 3638.680 3632.600 3627.645 3625.833 3624.122 3622.990 3629.429 3640.136 3656.731 3678.661 3691.791 3698.854 3705.586 3705.613 3699.263 3697.303 3697.508 3684.351 3671.617 3659.677 3647.955 3644.162 3652.562 3666.473 3682.325 3696.472 3711.318 3714.212 3735.440 3755.244 3760.721 3754.651 3751.072 3750.014
-9999.000 -9999.000 -9999.000 -9999.000 -9999.000 -9999.000 -9999.000 -9999.000 -9999.000 -9999.000 -9999.000 -9999.000 -9999.000 -9999.000 -9999.000 -9999.000 -9999.000 -9999.000 -9999.000 -9999.000 -9999.000 -9999.000 -9999.000 3609.218 3613.822 3620.147 3627.639 3628.394 3625.058 3619.504 3616.639 3614.943 3612.240 3616.468 3622.909 3635.355 3650.105 3672.096 3679.880 3683.399 3694.174 3697.669 3705.490 3708.914 3706.531 3701.750 3685.911 3673.419 3674.527 3677.672 3684.032 3691.938 3704.943 3717.838 3732.215 3749.327 3768.186 3788.401 3800.863 3794.595 3787.193 3779.000
-9999.000 -9999.000 -9999.000 -9999.000 -9999.000 -9999.000 -9999.000 -9999.000 -9999.000 -9999.000 -9999.000 -9999.000 -9999.000 -9999.000 -9999.000 -9999.000 -9999.000 -9999.000 -9999.000 3585.042 3586.021 3587.443 3592.167 3592.297 3593.766 3600.210 3607.877 3610.564 3607.916 3606.662 3607.527 3609.616 3613.666 3623.383 3636.059 3649.257 3661.144 3681.033 3694.609 3705.912 3720.275 3720.289 3716.134 3713.863 3713.014 3710.379 3707.041 3704.737 3710.223 3709.480 3711.771 3720.190 3731.590 3747.064 3763.452 3779.463 3792.244 3808.180 3824.466 3814.963 3804.893 3787.899
-9999.000 -9999.000 -9999.000 -9999.000 -9999.000 -9999.000 -9999.000 -9999.000 -9999.000 -9999.000 -9999.000 -9999.000 -9999.000 -9999.000 -9999.000 -9999.000 3556.084 3557.708 3559.948 3565.322 3568.990 3572.677 3579.374 3580.613 3583.526 3590.078 3593.872 3602.654 3610.444 3616.732 3621.719 3623.175 3628.498 3636.534 3646.721 3659.156 3677.774 3700.273 3714.744 3730.320 3746.531 3746.118 3743.353 3742.531 3739.815 3739.411 3752.308 3754.167 3746.950 3754.589 3765.109 3766.719 3772.733 3791.813 3812.996 3826.638 3847.214 3863.089 3885.186 3874.637 3850.647 3833.426
-9999.000 -9999.000 -9999.000 -9999.000 -9999.000 -9999.000 -9999.000 -9999.000 -9999.000 -9999.000 -9999.000 -9999.000 -9999.000 3506.294 3510.045 3520.170 3531.876 3534.772 3539.568 3546.080 3557.795 3560.964 3566.351 3572.829 3584.925 3592.739 3600.526 3611.214 3618.042 3623.760 3628.790 3629.929 3639.774 3652.196 3664.942 3682.491 3703.059 3719.843 3736.370 3751.655 3761.836 3757.402 3755.642 3756.756 3759.967 3771.249 3786.412 3784.525 3791.867 3811.044 3819.907 3825.732 3830.712 3843.989 3864.983 3893.988 3926.812 3950.913 3960.676 3967.375 3951.165 3948.626
-9999.000 -9999.000 -9999.000 -9999.000 -9999.000 -9999.000 -9999.000 -9999.000 -9999.000 -9999.000 3480.968 3482.065 3477.956 3474.422 3479.996 3492.016 3506.344 3511.238 3522.849 3543.779 3562.055 3564.309 3576.674 3585.999 3591.636 3600.037 3611.398 3621.786 3635.304 3645.148 3651.782 3665.877 3679.794 3694.136 3709.552 3728.349 3742.401 3763.943 3787.165 3793.979 3808.947 3809.556 3804.389 3801.395 3809.778 3819.202 3832.005 3845.530 3862.587 3883.102 3891.574 3903.555 3911.754 3921.283 3936.092 3978.335 4023.480 4052.893 4069.239 4081.783 4077.987 4079.913
-9999.000 -9999.000 -9999.000 -9999.000 -9999.000 -9999.000 -9999.000 -9999.000 3456.641 3464.645 3469.498 3465.705 3460.694 3453.910 3468.187 3482.905 3498.005 3515.753 3530.441 3547.870 3560.559 3573.930 3592.918 3602.149 3611.065 3624.422 3635.651 3648.377 3666.944 3672.369 3680.934 3698.347 3711.941 3726.979 3743.437 3758.138 3776.153 3804.542 3831.811 3846.046 3870.749 3886.206 3879.227 3876.323 3876.594 3898.449 3923.361 3951.359 3968.659 3990.860 4018.306 4037.001 4045.921 4056.717 4070.284 4094.366 4130.221 4159.631 4190.286 4204.729 4206.171 4203.237
-9999.000 -9999.000 -9999.000 -9999.000 -9999.000 -9999.000 3428.268 3452.371 3467.152 3457.891 3442.400 3436.338 3429.112 3460.512 3482.186 3498.674 3514.375 3530.855 3545.918 3552.457 3580.194 3598.536 3608.604 3619.706 3632.628 3645.480 3659.951 3679.390 3694.776 3714.147 3727.487 3741.522 3763.439 3779.154 3794.612 3806.550 3832.608 3865.992 3899.451 3922.610 3946.095 3977.093 3975.659 3976.802 3977.596 4001.304 4034.939 4064.258 4095.505 4125.591 4153.847 4164.136 4172.930 4182.663 4195.085 4205.044 4220.935 4250.149 4279.787 4302.435 4317.018 4316.839
-9999.000 -9999.000 -9999.000 -9999.000 3396.678 3417.158 3435.071 3464.451 3485.680 3480.014 3483.261 3480.118 3474.425 3478.734 3486.094 3502.094 3520.132 3538.534 3551.060 3575.799 3621.668 3630.752 3645.502 3673.170 3682.422 3694.853 3708.957 3727.795 3744.056 3769.349 3801.322 3828.446 3848.373 3866.357 3884.443 3900.123 3934.608 3970.878 4005.862 4036.659 4062.931 4088.696 4094.643 4099.220 4108.977 4125.999 4148.680 4176.145 4209.863 4241.887 4264.967 4273.635 4278.654 4288.130 4295.460 4304.614 4315.248 4334.292 4357.916 4393.699 4418.391 4430.181
-9999.000 -9999.000 -9999.000 3341.974 3380.854 3420.344 3445.142 3474.529 3506.101 3504.452 3512.186 3510.362 3507.497 3511.413 3512.756 3527.919 3545.014 3564.058 3584.106 3615.993 3643.196 3658.277 3684.308 3697.967 3708.941 3720.348 3737.775 3756.367 3791.342 3819.470 3864.249 3913.906 3945.114 3963.749 3985.891 4013.161 4038.150 4076.930 4110.727 4142.613 4172.652 4194.565 4208.459 4212.901 4222.561 4228.149 4240.439 4261.355 4283.701 4314.490 4343.788 4372.983 4388.368 4399.563 4416.791 4434.927 4449.223 4464.632 4437.810 4463.378 4476.462 4482.581
-9999.000 -9999.000 3293.457 3333.074 3363.630 3409.271 3461.658 3496.111 3534.428 3551.699 3553.449 3562.165 3570.952 3570.127 3576.980 3587.998 3609.562 3617.805 3637.643 3650.596 3685.338 3716.985 3709.267 3745.315 3774.320 3806.799 3827.925 3854.044 3891.591 3924.362 3968.057 4017.734 4051.561 4079.128 4095.005 4115.337 4135.530 4162.089 4199.020 4224.492 4258.276 4283.680 4303.153 4303.530 4306.151 4322.362 4350.997 4382.241 4411.522 4440.950 4423.920 4448.413 4459.367 4465.479 4475.089 4481.674 4484.845 4482.979 4482.039 4475.520 4469.363 4468.551
-9999.000 -9999.000 3262.520 3309.131 3342.361 3398.450 3485.309 3518.319 3557.005 3601.537 3613.721 3633.782 3624.332 3609.667 3625.744 3638.161 3658.979 3666.016 3658.932 3710.025 3761.284 3782.135 3783.438 3860.883 3913.595 3938.528 3955.595 3975.773 3995.046 4032.922 4071.328 4125.940 4167.083 4196.945 4211.486 4231.789 4251.384 4266.384 4286.091 4333.545 4369.839 4401.140 4433.542 4455.057 4463.299 4468.564 4441.647 4462.136 4476.032 4482.025 4484.434 4480.609 4480.063 4480.910 4481.833 4476.378 4469.253 4462.128 4456.718 4450.256 4444.996 4443.092
-9999.000 3168.312 3220.764 3270.522 3333.691 3393.436 3466.235 3539.579 3606.313 3658.306 3682.265 3672.093 3666.446 3688.673 3706.581 3721.179 3726.586 3737.098 3716.897 3770.520 3805.475 3851.544 3949.510 4007.993 4073.250 4068.789 4056.633 4060.954 4076.274 4123.113 4203.385 4260.645 4327.847 4377.852 4395.349 4403.114 4422.119 4443.175 4387.521 4433.086 4454.134 4471.698 4481.862 4484.282 4485.634 4485.383 4481.645 4474.541 4466.301 4460.407 4456.141 4451.638 4454.079 4457.415 4457.512 4450.815 4443.008 4435.294 4427.593 4420.652 4414.383 4410.021
-9999.000 3129.275 3186.138 3253.659 3319.969 3362.916 3441.313 3610.224 3673.241 3710.539 3712.959 3681.549 3736.064 3794.638 3817.483 3862.561 3845.707 3830.124 3790.100 3814.412 3851.782 3922.379 4096.971 4186.340 4241.473 4249.380 4249.715 4278.437 4323.696 4372.655 4420.213 4385.483 4437.928 4463.828 4469.240 4469.998 4475.809 4474.247 4472.940 4468.425 4463.214 4463.390 4468.104 4467.960 4464.962 4461.518 4455.776 4448.356 4443.193 4438.556 4435.908 4433.089 4431.063 4430.193 4425.217 4420.110 4410.700 4400.681 4390.828 4380.221 4369.556 4362.875
-9999.000 3086.656 3161.963 3218.880 3260.989 3347.233 3477.252 3621.963 3718.191 3751.076 3721.219 3750.975 3853.975 3961.696 4014.254 4034.952 4013.102 3961.206 3938.213 3981.909 4053.490 4177.436 4323.059 4425.919 4441.852 4445.461 4394.276 4421.817 4447.344 4450.373 4451.572 4460.244 4465.378 4468.403 4466.807 4463.907 4459.058 4450.805 4446.017 4442.270 4438.452 4437.188 4439.105 4441.049 4438.178 4434.257 4429.771 4424.196 4417.840 4411.029 4406.628 4402.303 4400.135 4394.431 4390.975 4385.153 4367.958 4353.092 4338.622 4325.807 4312.823 4296.302
-9999.000 2958.164 3055.996 3093.224 3159.015 3349.644 3478.625 3616.436 3784.136 3801.280 3841.796 3984.227 4105.927 4187.785 4215.481 4248.219 4272.674 4288.071 4325.621 4195.632 4280.088 4383.995 4432.017 4452.841 4464.133 4464.532 4454.432 4433.398 4422.608 4415.845 4417.458 4424.771 4429.351 4434.060 4431.731 4432.884 4434.160 4430.980 4426.906 4418.078 4410.170 4403.308 4399.808 4404.423 4399.786 4397.521 4391.245 4382.677 4373.613 4366.213 4358.131 4351.516 4349.298 4344.290 4343.066 4333.268 4301.386 4279.865 4262.252 4242.650 4214.213 4194.219
-9999.000 2877.012 2948.364 3001.374 3105.637 3268.408 3356.341 3511.606 3757.698 3897.131 4067.562 4162.018 4232.755 4272.729 4322.076 4375.647 4403.592 4416.160 4382.857 4407.313 4363.328 4352.069 4370.020 4399.931 4417.879 4422.092 4414.357 4405.409 4398.124 4397.001 4394.699 4390.235 4385.738 4381.927 4378.787 4381.930 4387.380 4380.084 4369.503 4359.808 4351.078 4341.675 4335.623 4330.742 4331.325 4331.633 4323.903 4313.300 4302.302 4293.903 4286.686 4282.265 4279.477 4274.398 4264.354 4250.353 4222.131 4195.978 4172.768 4139.884 4091.747 4077.437
-9999.000 2752.075 2886.835 2958.706 3046.224 3172.067 3270.182 3418.281 3543.822 3792.555 3931.303 4138.198 4190.091 4262.554 4309.026 4384.091 4378.842 4347.601 4303.217 4287.275 4299.755 4309.109 4317.062 4331.177 4349.150 4359.528 4365.068 4359.299 4345.010 4332.097 4320.343 4306.081 4296.325 4293.642 4298.181 4308.633 4308.894 4299.523 4285.166 4266.529 4250.615 4238.570 4236.666 4239.630 4240.852 4236.645 4230.905 4219.993 4207.260 4194.609 4189.068 4184.780 4177.156 4165.583 4153.417 4140.124 4116.798 4098.183 4074.236 4029.939 3986.033 3943.581
-9999.000 -9999.000 2798.167 2905.275 2994.079 3100.664 3182.444 3293.420 3430.312 3599.195 3715.512 3904.354 4003.883 4048.507 4080.863 4137.653 4164.662 4198.446 4194.932 4208.299 4219.168 4224.851 4229.891 4235.129 4245.503 4255.499 4266.253 4263.416 4254.659 4233.622 4207.085 4186.393 4175.621 4165.995 4178.550 4191.293 4185.371 4178.382 4165.569 4149.195 4136.620 4122.225 4118.775 4118.602 4119.243 4116.973 4114.682 4102.195 4089.911 4080.205 4076.306 4070.659 4067.246 4057.457 4046.853 4036.773 4018.840 3996.440 3969.034 3927.088 3888.377 3848.352
-9999.000 -9999.000 2708.418 2810.456 2908.405 3022.376 3100.776 3100.395 3231.569 3331.385 3439.146 3552.639 3652.174 3722.193 3753.827 3816.896 3876.081 3895.410 3939.308 3997.528 4033.596 4075.242 4099.391 4108.696 4121.256 4136.084 4143.494 4127.766 4116.437 4099.229 4075.394 4048.093 4034.290 4034.272 4032.817 4033.799 4025.853 4016.940 4002.385 3988.637 3976.495 3967.894 3964.349 3958.407 3955.933 3953.189 3951.654 3946.830 3938.933 3934.729 3926.460 3922.986 3922.437 3919.820 3914.474 3912.855 3903.527 3878.434 3850.667 3823.195 3792.503 3770.882
-9999.000 -9999.000 -9999.000 2764.100 2837.815 2866.759 2956.309 2980.027 2969.264 3047.843 3161.659 3300.687 3365.210 3417.951 3474.521 3512.342 3564.379 3615.502 3679.023 3762.211 3818.060 3869.806 3922.403 3949.079 3963.126 3980.224 3980.266 3971.682 3963.415 3948.834 3923.371 3900.487 3894.505 3902.592 3898.327 3891.477 3885.122 3884.334 3878.815 3869.578 3858.225 3856.293 3852.902 3846.465 3840.359 3836.017 3832.749 3832.183 3827.569 3820.523 3820.200 3820.961 3818.650 3818.517 3815.156 3808.540 3804.675 3776.652 3754.161 3739.515 3713.767 3685.052
-9999.000 -9999.000 -9999.000 -9999.000 -9999.000 2702.406 2808.835 2910.775 2947.881 2968.918 3027.651 3129.725 3163.270 3215.984 3278.785 3329.221 3396.386 3464.846 3549.025 3590.482 3657.117 3693.524 3737.824 3790.701 3804.469 3815.288 3826.963 3818.655 3810.632 3802.107 3778.056 3775.951 3779.457 3779.674 3779.371 3774.239 3769.701 3764.561 3763.468 3751.777 3747.701 3746.851 3743.021 3739.279 3733.972 3730.689 3728.263 3728.765 3722.080 3723.080 3730.357 3728.815 3727.061 3726.749 3721.164 3713.111 3705.722 3685.547 3673.378 3665.868 3635.701 3617.704
-9999.000 -9999.000 -9999.000 -9999.000 -9999.000 -9999.000 2668.752 2768.409 2834.878 2903.230 2979.510 3030.697 3049.558 3073.367 3117.306 3192.245 3284.226 3357.759 3404.658 3447.018 3496.226 3540.128 3576.257 3623.405 3644.239 3652.463 3669.392 3667.635 3660.424 3657.392 3658.409 3671.293 3666.054 3665.465 3663.808 3663.146 3656.607 3651.191 3648.739 3650.041 3651.842 3647.463 3643.883 3640.230 3635.307 3630.583 3627.849 3626.039 3627.403 3635.178 3636.707 3637.904 3636.838 3634.173 3626.366 3617.069 3609.294 3602.154 3593.902 3583.832 3569.900 3557.540
