tests/3D/Borden05m_nopit_001/output_maps/psiliqL0020N0021.asc
ncols         160
nrows         34
xllcorner     620200.000000
yllcorner     5168000.000000
cellsize      0.500000
NODATA_value  -9999.0
[rows 0 to 27 of 34, columns 62 to 123 of 160]
-9999.000 -9999.000 -9999.000 -9999.000 -9999.000 -9999.000 -9999.000 -9999.000 -9999.000 -9999.000 -9999.000 -9999.000 -9999.000 -9999.000 -9999.000 -9999.000 -9999.000 -9999.000 -9999.000 -9999.000 -9999.000 -9999.000 -9999.000 -9999.000 -9999.000 -9999.000 -9999.000 -9999.000 -9999.000 -9999.000 -9999.000 -9999.000 -9999.000 -9999.000 -9999.000 -9999.000 -9999.000 -9999.000 -9999.000 -9999.000 -9999.000 -9999.000 -9999.000 -9999.000 -9999.000 -9999.000 -9999.000 -9999.000 -9999.000 -9999.000 -9999.000 -9999.000 -9999.000 -9999.000 -9999.000 -9999.000 -9999.000 -9999.000 -9999.000 -9999.000 -9999.000 -9999.000
2184.662 2175.865 2166.491 2158.271 2154.065 2152.893 2151.952 2151.307 2156.223 2164.133 2171.646 2178.547 2180.860 2183.154 2185.093 2185.357 2184.099 2180.797 2177.414 2173.968 2172.307 2164.583 2153.316 2144.759 2142.025 2146.301 2150.698 2153.184 2158.688 2169.256 2179.984 2188.594 2200.907 2207.445 2212.781 2215.663 2211.764 2208.516 2204.759 2199.211 2188.214 -9999.000 -9999.000 -9999.000 -9999.000 -9999.000 -9999.000 -9999.000 -9999.000 -9999.000 -9999.000 -9999.000 -9999.000 -9999.000 -9999.000 -9999.000 -9999.000 -9999.000 -9999.000 -9999.000 -9999.000 -9999.000
2164.723 2160.063 2151.355 2146.020 2140.419 2137.974 2137.846 2137.661 2141.385 2151.727 2159.473 2164.004 2166.465 2169.084 2167.993 2167.228 2166.865 2163.891 2160.361 2156.912 2155.026 2155.955 2148.318 2142.518 2138.810 2136.429 2139.061 2141.624 2145.685 2155.034 2163.101 2171.222 2186.071 2198.993 2204.592 2202.207 2197.597 2193.967 2187.059 2176.780 2166.738 2157.879 2151.497 2146.249 2140.370 2146.801 2154.277 2164.020 2173.342 2185.462 2197.724 -9999.000 -9999.000 -9999.000 -9999.000 -9999.000 -9999.000 -9999.000 -9999.000 -9999.000 -9999.000 -9999.000
2144.596 2147.492 2143.940 2139.004 2132.293 2141.387 2142.301 2143.002 2146.046 2148.312 2152.353 2154.776 2159.976 2168.811 2171.435 2171.779 2171.741 2169.713 2166.420 2164.439 2161.578 2156.259 2154.705 2154.569 2153.693 2158.137 2159.634 2162.019 2156.034 2160.115 2166.410 2173.398 2179.478 2185.983 2189.326 2186.230 2186.360 2178.232 2164.758 2154.568 2146.864 2146.302 2143.442 2135.772 2122.752 2130.724 2146.771 2151.644 2154.717 2166.178 2178.535 2189.004 2191.853 2191.589 2191.290 2188.522 2174.729 2160.071 2145.109 2126.488 -9999.000 -9999.000
2151.799 2149.824 2146.263 2142.689 2153.733 2162.208 2163.476 2165.860 2169.433 2169.420 2157.929 2155.565 2163.120 2172.894 2178.148 2178.168 2177.767 2174.685 2173.459 2173.048 2170.955 2170.904 2172.731 2171.285 2174.896 2180.377 2183.481 2177.130 2168.479 2170.163 2178.384 2187.157 2194.739 2205.264 2216.463 2216.368 2211.637 2203.244 2190.656 2168.142 2150.070 2139.480 2132.185 2125.249 2127.144 2123.486 2136.375 2138.331 2140.727 2148.606 2159.033 2169.590 2175.735 2175.181 2174.557 2172.149 2162.655 2147.949 2133.175 2115.970 2089.848 2061.178
2152.212 2151.434 2152.689 2162.683 2174.889 2187.119 2189.039 2190.842 2189.691 2181.277 2170.861 2167.521 2181.243 2197.464 2205.272 2205.084 2202.227 2206.880 2206.154 2205.494 2201.318 2202.518 2201.765 2209.100 2216.619 2224.085 2222.511 2210.374 2198.567 2197.928 2202.253 2207.625 2214.710 2225.065 2234.683 2230.072 2224.413 2216.326 2189.922 2165.828 2150.934 2151.695 2152.630 2148.421 2146.281 2144.686 2139.626 2139.841 2139.286 2139.112 2151.402 2164.420 2168.025 2161.609 2157.783 2155.586 2147.485 2136.225 2120.655 2103.704 2084.353 2056.269
2185.319 2186.503 2192.873 2203.884 2218.180 2240.293 2240.796 2242.077 2242.323 2230.039 2217.134 2206.488 2226.315 2236.713 2244.304 2243.488 2250.539 2259.518 2255.348 2248.166 2236.869 2242.643 2251.414 2266.320 2273.558 2278.078 2275.077 2262.593 2256.411 2256.626 2261.191 2260.838 2267.711 2277.355 2292.571 2292.003 2286.562 2266.137 2229.979 2199.156 2183.683 2192.998 2187.414 2181.441 2180.218 2168.396 2160.020 2161.855 2153.515 2148.510 2160.874 2167.634 2169.259 2162.026 2167.315 2160.295 2140.473 2123.698 2108.862 2094.543 2078.134 2071.724
2204.532 2209.729 2219.237 2236.730 2256.218 2277.214 2279.764 2277.256 2286.452 2279.509 2269.244 2261.256 2277.571 2288.303 2298.929 2306.244 2318.621 2329.311 2315.950 2301.225 2293.202 2299.203 2321.750 2341.467 2346.256 2346.294 2347.303 2335.087 2329.532 2324.711 2322.612 2318.685 2316.004 2338.125 2357.519 2357.067 2335.418 2312.914 2275.909 2239.229 2212.268 2219.767 2217.567 2219.645 2208.118 2195.492 2184.780 2179.707 2172.620 2161.486 2169.288 2174.398 2183.376 2191.484 2194.489 2178.057 2160.618 2141.458 2123.437 2109.329 2103.482 2097.615
2276.977 2289.395 2296.312 2312.519 2332.068 2359.746 2375.388 2389.623 2393.304 2385.396 2376.537 2363.927 2365.596 2385.943 2397.425 2406.554 2415.780 2428.071 2430.702 2425.752 2424.465 2428.147 2438.431 2450.106 2456.681 2460.741 2464.694 2456.046 2444.567 2440.626 2433.813 2430.211 2428.854 2436.410 2452.798 2450.610 2419.762 2393.774 2361.248 2324.719 2295.672 2285.412 2299.329 2294.083 2278.037 2264.466 2235.511 2226.147 2214.679 2189.603 2188.363 2194.345 2205.704 2218.535 2205.038 2188.795 2171.199 2151.396 2133.585 2126.655 2125.148 2122.131
2394.406 2401.586 2404.911 2411.304 2442.875 2476.265 2502.419 2525.147 2532.514 2520.935 2511.053 2498.204 2489.029 2496.652 2512.268 2529.160 2544.160 2555.248 2557.965 2556.531 2556.647 2559.150 2562.045 2565.635 2572.888 2580.235 2589.430 2598.779 2590.573 2573.903 2563.419 2552.477 2550.000 2550.350 2551.969 2552.922 2540.963 2504.737 2475.567 2444.614 2421.941 2406.318 2400.975 2383.380 2361.163 2313.783 2276.592 2245.082 2223.809 2200.182 2204.551 2225.359 2263.498 2263.619 2251.971 2236.345 2212.742 2189.543 2167.867 2163.254 2161.381 2156.813
2517.640 2521.769 2524.877 2529.056 2553.252 2592.103 2629.636 2659.519 2660.842 2648.877 2637.863 2628.109 2615.371 2611.609 2621.895 2635.187 2653.375 2664.104 2671.692 2669.541 2669.823 2670.966 2673.112 2675.043 2677.863 2686.245 2699.766 2712.741 2712.768 2696.493 2679.164 2662.787 2658.446 2654.676 2649.665 2651.343 2653.081 2641.573 2613.852 2576.800 2536.593 2516.594 2499.823 2488.977 2473.577 2441.047 2382.928 2348.992 2313.958 2285.135 2278.392 2335.302 2346.846 2336.354 2324.181 2301.919 2274.859 2251.207 2228.225 2223.787 2219.643 2212.293
2632.710 2639.426 2643.309 2650.519 2666.613 2694.481 2726.433 2754.268 2770.103 2763.927 2748.310 2728.318 2720.509 2718.278 2721.118 2729.250 2739.880 2757.466 2775.170 2780.715 2781.518 2778.945 2781.175 2782.512 2782.582 2784.655 2791.472 2800.076 2803.091 2796.686 2778.019 2756.247 2743.819 2736.606 2732.923 2732.836 2736.544 2738.493 2725.492 2693.578 2652.911 2622.424 2605.179 2591.859 2578.887 2567.960 2542.083 2523.493 2490.833 2446.119 2416.117 2439.397 2431.339 2420.859 2397.861 2367.846 2338.838 2308.353 2281.820 2270.541 2266.264 2263.643
2743.071 2747.547 2755.621 2770.546 2791.629 2808.163 2827.975 2851.940 2866.380 2871.694 2870.835 2867.971 2869.406 2869.669 2822.450 2827.314 2832.140 2845.002 2857.237 2861.542 2862.021 2860.105 2861.605 2862.179 2862.172 2861.810 2863.135 2866.951 2868.407 2866.597 2856.573 2868.407 2849.838 2837.179 2829.404 2821.534 2813.338 2804.091 2794.619 2776.676 2748.187 2715.119 2691.990 2683.220 2677.529 2670.473 2665.519 2650.040 2628.743 2596.562 2558.526 2532.880 2528.259 2512.561 2481.490 2454.770 2435.126 2400.413 2369.571 2350.770 2346.817 2335.666
2848.816 2853.326 2866.296 2881.289 2869.824 2876.095 2882.585 2889.033 2891.247 2891.881 2891.588 2889.285 2888.700 2886.621 2882.690 2872.697 2874.254 2876.007 2878.565 2882.190 2880.993 2882.016 2884.940 2883.299 2877.526 2873.680 2872.111 2872.871 2880.133 2883.444 2884.317 2881.952 2881.129 2880.367 2877.788 2874.570 2870.036 2864.238 2874.212 2863.212 2837.623 2801.060 2763.254 2753.525 2753.229 2753.733 2752.032 2746.678 2729.355 2702.837 2666.869 2629.481 2619.628 2606.282 2590.508 2576.584 2559.493 2521.557 2485.483 2461.235 2448.039 2424.175
2889.709 2892.273 2894.508 2891.411 2888.247 2883.496 2882.096 2880.802 2878.420 2879.073 2877.192 2873.246 2869.486 2862.251 2851.142 2839.977 2836.883 2841.303 2846.647 2851.424 2855.318 2858.848 2859.310 2854.196 2846.096 2838.822 2837.071 2843.723 2849.341 2855.276 2856.049 2854.666 2852.393 2852.340 2849.429 2849.745 2856.481 2870.438 2874.376 2878.804 2878.138 2865.535 2842.737 2846.427 2826.984 2832.086 2827.697 2816.622 2795.974 2772.531 2742.721 2713.554 2693.145 2685.706 2680.357 2673.834 2661.683 2625.059 2591.382 2561.913 2540.537 2515.209
2874.105 2881.052 2882.244 2875.335 2867.034 2860.080 2853.088 2850.944 2850.169 2849.818 2850.211 2845.028 2836.499 2820.415 2809.006 2798.005 2792.110 2789.161 2793.250 2803.820 2814.819 2819.650 2811.508 2803.560 2792.353 2784.373 2784.740 2786.265 2795.459 2810.918 2817.115 2817.809 2811.905 2806.235 2799.874 2797.182 2803.614 2818.486 2834.305 2848.807 2857.326 2864.694 2871.369 2871.897 2873.903 2874.970 2873.278 2874.463 2857.947 2835.634 2809.267 2784.884 2759.292 2754.465 2753.692 2750.008 2747.882 2717.322 2682.159 2648.746 2621.716 2595.536
2847.495 2849.931 2846.305 2839.989 2830.174 2819.489 2810.057 2803.259 2804.308 2806.677 2808.140 2801.426 2786.763 2769.498 2756.323 2742.697 2738.885 2733.550 2727.435 2737.703 2756.204 2763.050 2748.181 2737.834 2723.201 2716.371 2712.779 2713.835 2722.845 2744.002 2765.863 2767.474 2757.003 2746.624 2741.741 2738.612 2743.703 2760.553 2780.494 2795.600 2805.318 2810.502 2818.149 2827.316 2840.438 2854.242 2865.728 2871.747 2878.302 2874.953 2865.056 2855.645 2833.241 2819.457 2811.127 2806.586 2799.268 2776.734 2748.600 2721.757 2695.459 2672.595
2811.930 2808.760 2802.997 2796.301 2778.664 2766.797 2754.742 2740.808 2737.476 2733.781 2735.388 2724.390 2715.817 2698.900 2683.882 2668.601 2656.714 2651.137 2644.938 2645.695 2659.907 2668.547 2657.614 2647.775 2636.349 2631.217 2627.887 2630.068 2640.305 2660.660 2678.865 2686.451 2678.691 2675.596 2674.357 2672.617 2678.229 2689.956 2708.035 2729.168 2746.325 2755.495 2762.280 2771.423 2785.380 2798.941 2812.626 2829.713 2850.957 2866.021 2875.407 2877.057 2876.097 2869.976 2870.008 2859.768 2848.038 2829.246 2805.063 2778.366 2752.454 2735.163
2771.582 2765.760 2760.294 2741.129 2690.400 2671.232 2653.405 2638.232 2632.507 2625.062 2612.722 2604.345 2599.430 2598.387 2584.244 2567.206 2550.492 2545.732 2542.135 2528.278 2527.425 2529.022 2540.465 2533.967 2530.955 2531.256 2528.787 2530.729 2543.649 2552.770 2559.798 2566.002 2567.990 2576.568 2583.307 2590.447 2606.321 2617.457 2632.877 2652.807 2676.783 2690.629 2699.498 2709.490 2724.260 2739.967 2756.911 2778.588 2803.290 2818.864 2829.492 2840.919 2853.592 2867.782 2874.282 2881.342 2879.865 2875.452 2852.937 2825.621 2805.098 2787.574
2710.684 2708.616 2699.748 2651.158 2610.733 2578.429 2561.775 2539.708 2527.882 2514.360 2481.496 2466.008 2464.005 2475.523 2470.158 2454.706 2442.430 2433.893 2425.880 2410.299 2395.547 2401.160 2417.208 2416.136 2417.575 2423.942 2422.889 2417.337 2417.555 2430.148 2436.237 2446.403 2461.078 2465.125 2477.988 2507.891 2520.151 2534.281 2552.324 2572.277 2593.600 2614.304 2627.175 2641.288 2659.026 2674.952 2694.617 2716.697 2744.952 2764.852 2778.531 2788.980 2799.446 2814.334 2834.155 2852.161 2869.369 2879.291 2880.173 2870.379 2851.847 2833.358
2614.380 2608.777 2584.531 2535.811 2499.639 2475.041 2454.324 2432.134 2411.479 2379.209 2346.880 2326.654 2339.197 2349.508 2357.585 2345.799 2334.845 2325.549 2309.573 2293.681 2279.356 2289.533 2298.134 2313.072 2318.621 2322.354 2326.848 2325.336 2316.702 2315.076 2322.899 2332.304 2342.977 2360.620 2392.706 2416.202 2432.860 2452.159 2470.191 2490.858 2512.939 2534.043 2549.578 2566.872 2584.607 2604.477 2623.306 2645.958 2673.553 2698.015 2713.005 2727.102 2740.093 2758.662 2781.502 2803.464 2827.509 2848.355 2861.034 2873.543 2878.909 2874.467
2501.461 2484.307 2442.577 2402.209 2377.769 2362.290 2340.092 2319.590 2292.869 2261.395 2239.261 2219.975 2229.802 2239.541 2256.930 2247.641 2239.815 2236.159 2221.495 2208.369 2192.946 2199.808 2211.129 2232.179 2237.392 2241.147 2249.463 2248.390 2244.282 2229.579 2236.484 2246.446 2259.893 2288.589 2310.821 2332.598 2352.818 2371.161 2391.581 2412.989 2434.962 2459.515 2477.602 2495.270 2515.497 2533.919 2548.728 2565.730 2589.478 2610.270 2629.951 2650.858 2665.244 2688.867 2718.185 2747.028 2779.866 2803.034 2818.060 2830.321 2842.291 2861.055
2361.029 2315.994 2283.372 2259.479 2254.109 2241.297 2222.026 2203.696 2185.143 2163.158 2144.212 2120.619 2126.257 2141.506 2157.994 2157.311 2157.144 2155.544 2145.988 2132.816 2119.459 2123.259 2139.645 2157.139 2166.144 2173.333 2180.827 2180.468 2171.617 2161.790 2166.347 2180.540 2195.824 2213.650 2233.798 2253.767 2272.864 2293.973 2315.426 2337.114 2360.646 2385.739 2404.992 2427.020 2449.876 2466.090 2474.841 2483.723 2503.601 2519.289 2539.883 2561.369 2578.246 2604.857 2638.226 2678.318 2717.051 2754.651 2771.541 2784.669 2794.912 2810.519
2240.534 2209.429 2181.812 2172.862 2157.998 2144.793 2130.655 2111.684 2095.659 2080.729 2060.358 2048.525 2055.857 2069.773 2079.534 2085.375 2083.429 2081.279 2075.357 2061.824 2055.757 2065.286 2080.507 2094.533 2105.487 2112.171 2117.441 2114.294 2105.186 2100.839 2108.485 2123.341 2136.565 2151.324 2171.114 2190.345 2210.542 2231.570 2252.237 2275.202 2298.845 2323.152 2348.016 2369.103 2387.285 2395.414 2404.081 2405.195 2416.487 2431.660 2448.263 2469.391 2492.143 2517.637 2556.016 2595.860 2634.674 2673.118 2705.548 2724.759 2741.021 2760.536
2170.656 2142.277 2114.653 2090.764 2078.413 2072.497 2060.508 2044.193 2033.481 2018.630 2006.936 2011.604 2014.092 2023.782 2023.493 2024.755 2022.535 2022.111 2019.448 2011.964 2022.196 2029.095 2042.878 2053.077 2062.558 2068.334 2071.891 2072.338 2067.058 2071.699 2077.668 2091.051 2101.739 2114.939 2134.135 2150.049 2167.832 2188.509 2209.834 2232.044 2255.898 2281.910 2304.780 2321.539 2327.717 2335.895 2337.431 2326.871 2337.286 2348.896 2359.139 2378.840 2398.667 2419.968 2456.977 2500.844 2547.520 2584.674 2627.490 2653.363 2677.238 2698.949
2087.261 2058.991 2031.895 2011.542 2006.437 1996.424 1986.649 1975.505 1962.851 1955.197 1960.141 1958.330 1956.767 1956.226 1959.380 1962.899 1962.623 1961.905 1964.360 1973.798 1978.226 1983.666 1992.984 2004.104 2015.352 2018.985 2023.111 2027.048 2031.893 2034.408 2037.851 2048.116 2059.386 2071.397 2086.861 2103.573 2121.318 2142.514 2164.523 2188.126 2213.514 2239.701 2260.019 2267.741 2276.253 2277.361 2269.783 2263.026 2266.303 2276.869 2283.484 2299.764 2320.311 2331.607 2369.500 2416.723 2457.867 2493.319 2528.122 2567.858 2594.905 2619.939
2023.470 1995.491 1973.995 1959.334 1949.581 1939.723 1929.814 1917.760 1910.481 1911.174 1909.053 1907.316 1905.476 1908.854 1912.744 1917.397 1917.697 1918.799 1921.833 1926.268 1932.707 1942.065 1952.827 1964.967 1980.159 1984.983 1989.577 1995.339 1998.005 2001.165 2004.988 2015.670 2027.033 2038.569 2054.858 2072.016 2090.188 2111.796 2136.789 2165.881 2191.949 2217.759 2240.727 2249.356 2252.535 2250.145 2242.781 2228.384 2225.153 2233.782 2234.299 2243.727 2261.252 2269.119 2295.895 2335.289 2362.455 2396.376 2434.334 2485.310 2514.005 2545.545
1955.394 1935.325 1920.006 1901.761 1889.023 1878.859 1870.541 1865.169 1864.576 1862.303 1861.089 1860.065 1858.252 1860.032 1864.459 1868.560 1871.102 1874.123 1878.244 1884.925 1894.016 1902.218 1914.023 1928.722 1943.965 1950.901 1956.400 1962.330 1966.650 1970.804 1974.305 1983.910 1995.268 2005.300 2021.951 2040.099 2058.966 2084.000 2113.084 2142.887 2168.589 2193.546 2219.304 2222.580 2223.386 2222.606 2207.553 2192.204 2184.392 2185.568 2185.977 2188.281 2198.071 2208.039 2227.888 2250.392 2277.082 2311.675 2358.637 2403.794 2436.737 2466.315
