tests/3D/Borden05m_nopit_001/output_maps/psiliqL0008N0040.asc
ncols         160
nrows         34
xllcorner     620200.000000
yllcorner     5168000.000000
cellsize      0.500000
NODATA_value  -9999.0
[rows 0 to 27 of 34, columns 65 to 129 of 160]
-9999.000 -9999.000 -9999.000 -9999.000 -9999.000 -9999.000 -9999.000 -9999.000 -9999.000 -9999.000 -9999.000 -9999.000 -9999.000 -9999.000 -9999.000 -9999.000 -9999.000 -9999.000 -9999.000 -9999.000 -9999.000 -9999.000 -9999.000 -9999.000 -9999.000 -9999.000 -9999.000 -9999.000 -9999.000 -9999.000 -9999.000 -9999.000 -9999.000 -9999.000 -9999.000 -9999.000 -9999.000 -9999.000 -9999.000 -9999.000 -9999.000 -9999.000 -9999.000 -9999.000 -9999.000 -9999.000 -9999.000 -9999.000 -9999.000 -9999.000 -9999.000 -9999.000 -9999.000 -9999.000 -9999.000 -9999.000 -9999.000 -9999.000 -9999.000 -9999.000 -9999.000 -9999.000 -9999.000 -9999.000 -9999.000
-240.747 -244.925 -246.033 -247.090 -247.661 -242.525 -234.778 -227.337 -220.259 -218.025 -215.719 -213.493 -213.054 -214.445 -217.777 -221.134 -224.607 -226.112 -234.522 -246.032 -255.056 -257.857 -253.353 -248.823 -246.272 -240.098 -229.142 -218.142 -209.471 -197.664 -192.093 -186.793 -183.348 -187.110 -190.360 -193.725 -198.115 -208.929 -9999.000 -9999.000 -9999.000 -9999.000 -9999.000 -9999.000 -9999.000 -9999.000 -9999.000 -9999.000 -9999.000 -9999.000 -9999.000 -9999.000 -9999.000 -9999.000 -9999.000 -9999.000 -9999.000 -9999.000 -9999.000 -9999.000 -9999.000 -9999.000 -9999.000 -9999.000 -9999.000
-253.337 -259.054 -260.953 -261.199 -261.357 -257.342 -247.667 -239.848 -235.210 -232.943 -230.625 -230.601 -231.192 -231.692 -234.686 -238.185 -241.658 -243.509 -243.562 -251.225 -256.576 -259.860 -261.048 -258.612 -256.291 -253.277 -243.548 -235.146 -226.733 -212.557 -200.187 -194.820 -196.947 -201.674 -205.011 -210.977 -220.360 -230.541 -240.905 -247.915 -253.028 -257.919 -251.561 -244.968 -234.440 -224.008 -211.806 -199.564 -9999.000 -9999.000 -9999.000 -9999.000 -9999.000 -9999.000 -9999.000 -9999.000 -9999.000 -9999.000 -9999.000 -9999.000 -9999.000 -9999.000 -9999.000 -9999.000 -9999.000
-260.643 -265.000 -257.566 -256.608 -255.684 -252.697 -249.429 -247.348 -244.710 -239.580 -230.826 -228.383 -228.035 -228.059 -230.004 -233.209 -235.073 -237.918 -243.192 -244.147 -243.752 -243.726 -238.503 -237.027 -235.692 -242.687 -239.312 -232.952 -225.955 -218.784 -211.603 -206.691 -209.489 -210.405 -218.242 -231.520 -242.548 -250.901 -253.205 -256.029 -263.337 -275.106 -267.959 -252.176 -247.239 -243.258 -231.097 -218.672 -208.426 -206.419 -206.640 -206.869 -209.305 -223.002 -237.538 -252.142 -270.629 -9999.000 -9999.000 -9999.000 -9999.000 -9999.000 -9999.000 -9999.000 -9999.000
-255.150 -242.561 -233.440 -232.116 -229.541 -226.459 -227.971 -240.522 -243.348 -234.991 -224.740 -219.048 -219.129 -219.382 -221.054 -222.221 -222.864 -225.388 -224.347 -221.821 -221.149 -216.084 -210.503 -207.790 -216.440 -225.617 -225.106 -217.397 -209.378 -201.860 -190.674 -178.701 -179.668 -184.996 -193.356 -206.443 -229.311 -248.738 -258.780 -264.866 -271.336 -271.824 -273.574 -262.732 -260.598 -258.590 -249.684 -239.159 -228.900 -222.966 -223.268 -223.594 -225.817 -235.092 -249.639 -264.202 -280.543 -305.592 -333.715 -360.767 -361.619 -337.872 -314.133 -9999.000 -9999.000
-229.353 -215.936 -201.283 -199.169 -197.082 -197.714 -207.727 -218.185 -222.687 -207.789 -192.336 -184.395 -183.748 -183.433 -175.462 -177.755 -180.645 -186.372 -184.088 -181.379 -170.061 -162.774 -156.250 -158.239 -169.891 -180.679 -182.519 -180.537 -178.403 -172.376 -161.678 -151.146 -155.525 -162.417 -172.211 -200.517 -227.877 -244.294 -242.956 -241.942 -245.976 -248.614 -251.865 -259.104 -259.106 -259.274 -259.434 -247.173 -234.747 -231.090 -236.936 -240.323 -242.376 -250.942 -261.654 -276.660 -293.330 -311.855 -339.847 -346.935 -354.719 -332.753 -308.995 -287.979 -263.255
-181.804 -163.975 -140.633 -137.702 -134.447 -130.823 -141.710 -153.884 -165.787 -150.301 -141.016 -132.366 -129.453 -118.308 -108.484 -113.761 -122.676 -132.381 -126.169 -112.677 -98.147 -92.240 -89.207 -89.041 -98.728 -103.779 -106.239 -105.543 -109.061 -105.830 -94.487 -78.767 -77.960 -87.900 -109.693 -144.475 -178.688 -200.253 -195.372 -201.087 -206.465 -210.189 -223.832 -234.847 -234.676 -243.787 -249.692 -237.994 -231.705 -229.642 -235.681 -230.011 -237.589 -255.445 -272.622 -288.106 -302.408 -317.176 -324.433 -333.636 -341.156 -328.691 -308.469 -288.362 -263.451
-131.404 -108.532 -85.055 -74.508 -68.679 -60.200 -66.963 -76.009 -84.873 -78.658 -66.526 -54.968 -44.343 -32.382 -21.073 -28.077 -38.100 -41.313 -37.295 -20.754 -6.346 -1.541 0.456 4.624 -1.441 -8.464 -16.150 -23.183 -29.769 -34.138 -18.492 -3.462 -4.503 -26.573 -48.836 -80.922 -115.731 -148.228 -151.911 -152.047 -152.634 -167.263 -181.955 -200.016 -210.447 -218.857 -233.415 -228.447 -222.408 -211.541 -201.497 -201.733 -218.016 -235.271 -254.489 -273.218 -287.478 -292.114 -297.125 -306.559 -312.804 -306.610 -292.672 -278.373 -265.989
-34.007 -9.347 22.265 45.144 65.546 68.792 59.249 49.801 36.021 30.569 43.873 55.113 65.907 76.855 88.494 95.692 94.705 94.554 96.886 100.795 106.915 113.168 119.247 125.891 126.391 117.744 109.915 100.355 91.976 89.415 89.090 97.077 96.851 77.248 52.820 25.173 -7.829 -36.487 -55.189 -51.687 -63.336 -79.281 -99.274 -134.469 -152.536 -168.407 -197.718 -201.892 -190.883 -176.393 -168.251 -183.872 -200.120 -218.725 -239.278 -259.330 -265.879 -267.131 -270.119 -275.877 -278.490 -273.896 -260.993 -258.212 -247.271
71.773 101.810 134.511 163.085 185.830 193.656 183.594 173.535 162.071 152.164 152.902 165.208 180.557 195.735 206.352 210.371 209.242 209.484 210.761 213.450 215.575 220.340 227.076 237.357 249.392 245.718 229.688 216.720 201.845 195.910 194.105 191.138 191.790 189.496 165.008 140.766 112.118 83.103 62.492 46.648 30.143 12.082 -27.346 -64.473 -96.632 -123.445 -150.782 -154.645 -128.671 -101.271 -109.434 -120.740 -137.990 -162.597 -187.149 -212.266 -219.390 -222.399 -227.960 -234.390 -240.427 -246.062 -243.271 -240.514 -228.922
189.833 208.667 241.765 275.378 302.371 306.757 298.559 288.260 277.200 267.929 264.555 269.905 278.704 292.426 303.752 314.461 314.733 315.144 314.890 316.612 318.092 319.169 324.830 334.996 344.682 346.590 336.030 320.075 302.973 294.696 288.135 282.934 283.168 284.568 282.258 262.112 230.971 191.214 164.388 144.189 133.417 121.189 105.279 64.784 42.092 12.563 -20.093 -44.142 -11.466 -16.836 -27.198 -42.893 -67.160 -92.541 -118.102 -144.317 -154.332 -159.785 -167.495 -173.852 -182.529 -193.066 -197.309 -203.335 -206.254
302.321 317.397 335.938 360.154 383.851 400.564 397.931 387.452 372.339 368.934 368.205 369.342 374.414 380.104 393.380 407.240 412.261 412.883 410.559 412.354 413.180 413.148 413.335 416.389 422.130 424.341 421.009 407.717 389.821 375.133 366.407 362.155 359.696 360.247 359.416 350.433 326.797 294.605 263.125 241.477 227.100 216.554 208.984 198.316 184.974 160.429 123.168 89.026 79.849 70.855 59.709 36.212 9.328 -13.433 -44.725 -75.133 -94.272 -101.297 -107.950 -116.513 -128.184 -139.336 -146.643 -160.477 -168.842
406.603 422.597 433.383 446.737 464.651 474.903 480.345 481.335 481.222 483.203 483.254 472.731 474.301 475.793 478.696 483.479 484.798 484.905 484.471 485.187 485.315 485.544 485.212 484.199 485.058 485.383 484.970 481.075 477.889 462.774 452.035 445.308 438.350 430.325 421.544 413.083 400.061 377.132 347.137 320.431 309.838 305.170 301.415 298.256 286.382 268.535 243.171 209.234 174.553 164.394 149.708 125.842 106.921 93.209 60.947 27.951 3.408 -6.600 -24.483 -42.804 -58.266 -76.095 -93.049 -110.092 -127.685
488.296 487.534 488.950 490.415 491.871 492.371 492.514 492.447 490.355 490.223 488.948 483.949 475.065 476.499 477.792 480.204 483.576 482.167 482.985 485.842 484.486 479.356 476.062 474.512 474.718 481.580 484.483 485.170 485.187 484.645 484.465 483.873 483.135 482.098 480.775 479.364 470.909 451.137 423.280 393.452 379.057 374.065 376.093 374.136 369.519 353.081 329.127 297.244 262.980 246.579 235.171 226.212 217.423 204.768 171.256 136.117 108.206 89.264 63.797 43.290 24.498 2.890 -15.735 -35.157 -58.678
492.408 488.876 484.443 483.430 482.270 480.021 480.726 478.861 475.190 472.088 466.560 456.526 445.387 443.395 448.085 452.775 456.663 459.244 462.316 463.851 459.582 452.269 445.654 443.692 449.812 455.133 459.681 460.221 458.881 457.144 457.573 455.542 456.144 462.102 474.202 481.033 482.012 481.837 478.963 473.783 459.127 440.976 444.054 440.301 430.048 411.198 390.060 364.115 338.886 315.241 307.828 303.783 298.565 291.089 260.682 229.148 198.523 174.120 149.310 126.306 104.909 83.322 60.794 36.850 12.906
477.947 470.282 463.958 457.974 456.290 455.000 454.401 454.521 449.580 442.877 428.963 417.933 407.071 401.272 400.289 405.856 414.830 423.049 427.383 421.958 415.223 405.459 397.701 397.882 400.569 409.035 421.231 424.281 424.764 420.234 416.538 410.926 409.176 415.669 429.577 443.208 455.145 462.251 468.869 474.597 480.223 480.626 480.809 480.362 477.460 464.169 446.032 425.788 404.283 379.969 372.880 370.309 366.442 364.496 339.698 307.938 276.537 249.071 223.995 201.904 180.178 156.917 132.416 108.416 81.092
446.299 436.844 426.883 418.002 413.052 414.118 416.472 417.421 411.987 398.890 382.829 370.300 357.166 353.587 349.518 346.983 357.592 373.203 378.789 366.767 357.671 344.347 336.934 334.302 336.023 345.254 363.289 379.910 380.446 371.162 362.021 356.845 354.006 360.313 377.586 395.608 408.524 416.690 421.650 429.112 437.901 448.488 460.103 469.782 479.169 480.832 479.968 477.615 463.372 445.561 433.246 423.555 417.974 409.695 390.461 365.571 340.738 315.117 294.140 276.535 253.413 228.557 204.073 175.016 143.327
405.149 394.407 383.684 373.437 361.596 359.388 358.081 360.759 350.765 340.646 322.511 308.080 293.411 284.788 279.456 274.340 280.789 296.732 305.859 291.529 281.301 268.005 261.410 258.147 259.652 269.446 291.768 309.779 315.482 306.818 299.610 295.560 293.578 297.752 311.880 330.528 348.987 362.208 369.951 376.769 386.001 399.119 411.666 424.104 439.386 456.739 469.469 477.563 482.118 481.718 480.127 474.033 465.109 455.072 439.551 417.852 392.503 367.343 350.452 334.167 318.693 294.049 265.064 236.019 203.981
358.278 317.403 302.399 286.792 273.727 270.003 264.544 260.820 252.820 246.631 237.764 222.926 206.668 192.001 187.364 183.478 177.794 185.791 189.868 189.826 182.211 174.972 171.424 168.751 172.292 185.690 198.291 209.212 214.247 209.691 213.798 217.667 217.785 231.068 243.269 259.439 278.961 299.539 310.051 317.901 327.436 341.491 356.620 372.215 392.741 414.738 428.625 438.193 448.783 459.688 471.777 480.740 484.291 483.614 478.196 459.435 436.794 416.814 399.499 385.239 372.314 354.346 321.263 291.742 261.136
286.679 246.436 217.131 201.100 182.081 173.720 166.424 146.213 134.811 128.537 131.533 121.185 104.883 91.234 84.444 79.398 68.733 63.520 67.915 78.003 71.899 68.608 71.284 68.931 66.282 73.839 88.069 95.976 104.013 111.837 114.241 118.944 140.222 151.816 164.596 182.724 202.519 222.936 240.082 250.978 263.400 280.323 295.330 314.324 336.082 362.125 379.085 391.574 401.671 411.922 426.018 443.597 458.373 472.590 482.893 482.592 479.830 458.815 442.886 428.125 419.496 399.207 371.940 343.448 313.206
188.711 150.164 121.592 102.398 81.075 66.896 45.976 18.438 1.135 4.990 12.296 10.992 -2.416 -14.466 -23.611 -34.999 -48.977 -58.398 -50.472 -42.066 -37.261 -35.057 -31.768 -30.661 -32.150 -35.169 -27.664 -19.861 -10.935 -2.760 6.052 30.743 52.309 66.345 84.135 101.985 122.432 143.885 162.435 175.890 192.151 209.471 228.376 247.828 271.361 298.691 320.167 333.324 345.317 357.639 374.861 395.700 415.459 436.502 455.051 465.179 476.209 484.274 482.437 467.436 454.865 438.605 416.829 387.373 359.750
76.602 41.501 18.202 -3.239 -24.297 -47.076 -74.127 -99.060 -116.600 -109.356 -102.133 -92.493 -104.090 -115.349 -121.462 -135.109 -148.401 -161.638 -153.563 -144.481 -129.609 -126.381 -123.544 -117.842 -119.518 -121.894 -128.839 -120.793 -112.066 -100.686 -76.736 -54.076 -32.464 -14.363 3.204 22.819 44.117 65.548 87.675 104.182 120.589 139.634 158.116 175.779 196.375 221.225 242.398 259.392 277.427 291.404 313.253 339.824 364.424 393.234 412.726 426.613 438.512 450.426 466.424 476.991 476.471 472.115 449.678 428.728 402.525
-61.994 -80.517 -97.385 -118.165 -137.664 -156.880 -181.587 -203.222 -225.071 -220.531 -208.207 -194.459 -201.488 -205.652 -208.615 -219.753 -232.901 -246.036 -242.337 -227.930 -211.756 -205.472 -199.560 -192.496 -192.694 -199.168 -207.682 -202.659 -190.243 -175.630 -155.381 -134.445 -114.348 -96.159 -76.000 -54.905 -33.565 -10.541 13.228 30.178 50.988 72.870 90.871 102.107 116.118 139.373 156.347 175.947 195.788 210.816 237.006 267.934 304.502 340.061 370.940 384.517 396.549 406.654 422.053 440.377 456.640 469.675 469.008 465.314 447.885
-172.760 -189.944 -206.745 -223.788 -242.928 -261.411 -279.864 -300.691 -319.582 -313.986 -300.377 -287.698 -285.644 -288.421 -291.253 -298.938 -312.198 -323.772 -315.752 -300.470 -285.466 -275.979 -269.600 -263.533 -266.435 -274.702 -281.901 -274.586 -259.999 -245.781 -228.917 -208.634 -188.471 -168.477 -147.631 -126.860 -103.985 -80.494 -56.854 -34.012 -12.630 8.015 18.025 28.244 36.355 51.995 68.663 87.479 108.285 129.426 156.672 194.135 231.848 267.755 302.165 326.074 342.658 356.625 375.385 394.915 410.864 423.994 435.271 445.393 451.489
-265.164 -281.773 -291.044 -304.954 -323.502 -336.504 -352.779 -371.647 -372.977 -368.916 -356.253 -353.601 -352.743 -355.583 -356.569 -361.343 -373.198 -367.690 -359.869 -344.920 -334.031 -324.884 -318.711 -314.641 -315.415 -322.824 -320.484 -313.509 -299.263 -287.886 -273.101 -252.944 -236.316 -217.772 -196.973 -175.596 -153.107 -129.366 -103.854 -80.896 -62.270 -53.328 -43.419 -37.437 -42.468 -29.060 -15.337 -1.503 19.049 39.659 65.840 102.957 144.528 187.233 222.987 259.215 279.774 300.584 321.447 343.121 362.853 378.204 389.371 390.398 395.565
-356.307 -365.303 -375.406 -386.501 -399.454 -412.747 -425.213 -425.769 -427.851 -427.917 -425.631 -422.511 -419.959 -420.912 -421.964 -421.487 -416.128 -411.930 -406.428 -395.870 -384.905 -374.918 -370.962 -366.895 -364.272 -361.398 -359.057 -354.820 -343.638 -332.231 -319.294 -302.791 -286.005 -267.834 -246.476 -224.943 -201.960 -176.594 -151.042 -131.602 -122.315 -112.852 -109.073 -113.420 -117.594 -109.778 -98.078 -87.289 -67.889 -47.050 -27.800 13.887 59.855 102.887 137.555 171.700 202.101 227.075 249.961 278.925 303.269 327.874 342.725 347.461 351.249
-419.983 -429.702 -439.523 -449.642 -462.823 -473.494 -475.792 -477.943 -479.899 -481.282 -477.817 -474.159 -469.942 -470.385 -470.098 -467.578 -463.402 -457.814 -448.895 -438.166 -426.521 -412.570 -408.291 -403.878 -398.659 -396.222 -393.302 -389.164 -377.981 -366.583 -354.465 -337.892 -320.759 -302.151 -280.546 -255.854 -227.388 -201.642 -176.320 -155.274 -146.633 -142.366 -143.949 -149.452 -161.221 -161.711 -150.706 -147.007 -133.519 -113.380 -100.551 -64.396 -20.334 10.611 44.780 80.049 123.621 149.629 179.644 209.622 238.713 267.075 281.372 288.256 296.210
-480.991 -493.080 -503.256 -513.008 -521.514 -524.118 -527.100 -528.993 -530.230 -531.646 -529.100 -524.934 -520.841 -519.005 -516.480 -513.714 -507.870 -499.066 -490.463 -478.693 -464.310 -449.813 -443.988 -438.713 -433.348 -429.662 -425.658 -421.793 -411.558 -400.012 -388.667 -371.500 -353.416 -335.078 -309.821 -280.777 -251.685 -226.486 -201.673 -177.873 -174.503 -173.131 -173.752 -186.685 -201.762 -206.897 -203.845 -202.754 -193.975 -181.608 -169.374 -140.900 -111.970 -82.119 -46.612 -1.434 43.264 73.031 103.249 133.164 160.074 181.573 199.369 212.241 225.795
