tests/3D/Borden05m_nopit_001/output_maps/psiliqL0027N0022.asc
ncols         160
nrows         34
xllcorner     620200.000000
yllcorner     5168000.000000
cellsize      0.500000
NODATA_value  -9999.0
[rows 0 to 27 of 34, columns 62 to 123 of 160]
-9999.000 -9999.000 -9999.000 -9999.000 -9999.000 -9999.000 -9999.000 -9999.000 -9999.000 -9999.000 -9999.000 -9999.000 -9999.000 -9999.000 -9999.000 -9999.000 -9999.000 -9999.000 -9999.000 -9999.000 -9999.000 -9999.000 -9999.000 -9999.000 -9999.000 -9999.000 -9999.000 -9999.000 -9999.000 -9999.000 -9999.000 -9999.000 -9999.000 -9999.000 -9999.000 -9999.000 -9999.000 -9999.000 -9999.000 -9999.000 -9999.000 -9999.000 -9999.000 -9999.000 -9999.000 -9999.000 -9999.000 -9999.000 -9999.000 -9999.000 -9999.000 -9999.000 -9999.000 -9999.000 -9999.000 -9999.000 -9999.000 -9999.000 -9999.000 -9999.000 -9999.000 -9999.000
3583.371 3574.869 3565.534 3557.697 3553.476 3552.267 3551.393 3550.706 3555.493 3563.498 3571.053 3577.850 3580.210 3582.496 3584.268 3584.430 3583.250 3579.964 3576.567 3573.136 3571.384 3564.061 3552.936 3544.652 3541.956 3546.100 3550.419 3552.867 3557.980 3568.321 3578.891 3587.465 3600.074 3607.176 3612.534 3615.089 3611.110 3607.864 3603.880 3597.657 3586.553 -9999.000 -9999.000 -9999.000 -9999.000 -9999.000 -9999.000 -9999.000 -9999.000 -9999.000 -9999.000 -9999.000 -9999.000 -9999.000 -9999.000 -9999.000 -9999.000 -9999.000 -9999.000 -9999.000 -9999.000 -9999.000
3563.536 3559.306 3550.792 3545.645 3540.111 3537.348 3537.288 3537.088 3540.642 3551.374 3559.077 3563.546 3566.120 3568.915 3567.173 3566.306 3566.023 3563.060 3559.512 3556.077 3554.171 3555.674 3548.051 3541.990 3538.034 3534.958 3537.703 3540.409 3545.079 3554.207 3562.080 3570.030 3585.272 3598.516 3604.252 3601.716 3597.175 3593.375 3585.919 3575.117 3565.159 3557.180 3551.165 3545.842 3539.389 3545.866 3553.860 3563.150 3571.829 3583.906 3596.181 -9999.000 -9999.000 -9999.000 -9999.000 -9999.000 -9999.000 -9999.000 -9999.000 -9999.000 -9999.000 -9999.000
3543.448 3546.964 3543.696 3538.799 3530.714 3540.776 3541.665 3542.235 3545.313 3546.994 3552.178 3554.476 3559.716 3568.600 3571.329 3571.671 3571.624 3569.547 3566.204 3564.154 3561.285 3555.939 3554.035 3553.589 3552.186 3556.177 3557.686 3560.684 3555.288 3559.781 3566.039 3573.021 3578.466 3584.577 3587.005 3583.736 3584.476 3576.180 3562.593 3552.893 3545.568 3546.024 3543.145 3535.267 3521.519 3529.976 3546.182 3551.020 3553.570 3564.627 3576.951 3587.561 3590.910 3590.632 3590.304 3587.353 3573.517 3558.799 3543.642 3524.952 -9999.000 -9999.000
3551.740 3549.772 3546.097 3541.428 3551.571 3559.669 3560.905 3563.178 3567.036 3567.898 3557.026 3554.930 3562.018 3571.515 3576.512 3576.591 3576.104 3572.199 3570.939 3570.663 3568.822 3568.134 3569.554 3566.871 3569.634 3575.058 3578.390 3573.379 3565.035 3567.403 3575.923 3585.136 3592.757 3602.896 3613.644 3614.059 3609.676 3601.265 3588.968 3566.663 3549.384 3538.476 3530.477 3523.271 3526.560 3521.792 3535.879 3537.736 3540.363 3547.650 3558.027 3568.767 3575.044 3574.355 3573.568 3571.065 3561.455 3546.671 3531.789 3514.098 3487.387 3458.449
3550.767 3549.603 3549.744 3558.037 3569.538 3580.353 3582.160 3583.798 3582.343 3574.863 3564.470 3561.809 3574.845 3591.513 3599.244 3598.570 3593.862 3596.578 3596.767 3597.407 3594.137 3594.706 3591.932 3596.944 3604.598 3612.614 3611.282 3598.863 3586.460 3586.522 3592.214 3599.476 3607.178 3617.332 3626.418 3621.673 3616.734 3609.644 3584.350 3562.162 3548.159 3548.585 3549.477 3545.168 3543.323 3542.697 3538.913 3539.258 3538.485 3538.309 3550.623 3563.995 3567.580 3560.843 3556.773 3554.505 3546.689 3535.124 3519.243 3502.150 3482.350 3454.261
3579.868 3579.956 3585.500 3595.535 3607.770 3629.166 3628.253 3628.383 3626.658 3613.559 3600.227 3590.315 3612.674 3623.722 3630.694 3627.704 3632.366 3640.853 3637.328 3631.157 3618.931 3624.450 3630.466 3645.592 3653.606 3658.993 3654.145 3640.031 3633.188 3634.964 3641.785 3643.279 3652.277 3660.930 3675.852 3674.482 3671.666 3652.041 3615.082 3586.238 3574.322 3586.225 3580.720 3574.403 3574.643 3563.887 3557.054 3559.866 3551.983 3547.509 3560.270 3567.315 3568.694 3560.776 3565.856 3559.177 3538.223 3521.699 3507.260 3492.957 3475.622 3469.743
3586.880 3590.721 3600.824 3618.141 3635.655 3655.204 3653.089 3645.719 3655.332 3648.284 3637.307 3629.831 3652.037 3661.953 3672.036 3677.420 3690.039 3700.368 3683.299 3665.830 3655.002 3662.160 3688.210 3711.023 3715.804 3714.699 3713.865 3698.061 3693.362 3690.212 3690.991 3688.616 3686.920 3712.817 3734.758 3734.650 3713.246 3690.603 3650.731 3612.961 3589.232 3603.256 3599.855 3603.490 3593.777 3582.360 3575.941 3574.001 3567.693 3558.564 3568.027 3572.606 3580.493 3587.485 3592.394 3575.892 3558.364 3539.258 3521.671 3507.677 3501.152 3494.817
3640.896 3654.492 3662.618 3681.326 3697.894 3723.277 3734.696 3745.335 3749.269 3742.315 3733.800 3721.871 3727.695 3752.151 3763.773 3771.931 3780.153 3792.824 3792.791 3785.528 3783.579 3788.047 3802.051 3816.966 3823.729 3826.611 3828.995 3815.009 3801.879 3800.205 3794.994 3794.179 3793.525 3805.679 3826.966 3823.634 3786.227 3759.331 3723.960 3685.375 3656.102 3650.770 3670.765 3669.256 3653.156 3643.335 3618.027 3613.747 3604.857 3582.261 3582.742 3585.801 3595.344 3610.923 3598.683 3582.463 3565.478 3546.137 3529.659 3522.535 3520.909 3517.909
3758.135 3766.643 3769.664 3776.030 3808.495 3842.287 3867.030 3889.749 3896.848 3884.384 3874.605 3860.948 3852.199 3863.839 3881.386 3899.178 3914.074 3925.437 3927.394 3925.782 3925.824 3929.042 3932.057 3936.501 3945.205 3952.908 3961.469 3969.251 3958.401 3941.357 3932.322 3923.675 3923.215 3924.822 3929.116 3930.243 3912.646 3869.575 3837.531 3805.235 3786.263 3773.553 3774.338 3756.111 3731.473 3679.458 3642.237 3611.113 3593.080 3571.628 3580.809 3598.614 3643.027 3647.996 3636.165 3621.509 3598.519 3576.141 3556.505 3553.389 3552.216 3548.267
3885.431 3889.040 3891.212 3893.602 3920.927 3963.133 4002.952 4034.521 4034.057 4019.896 4008.465 3999.471 3984.711 3980.723 3993.889 4009.801 4030.594 4040.975 4046.742 4043.177 4043.383 4045.341 4047.733 4049.928 4053.763 4063.732 4079.210 4094.104 4093.033 4073.423 4055.292 4039.337 4037.291 4035.150 4030.248 4032.768 4034.702 4017.829 3985.690 3945.190 3904.723 3888.710 3873.940 3863.054 3845.807 3803.586 3735.191 3694.704 3656.467 3629.891 3633.256 3704.313 3725.737 3715.185 3705.087 3684.018 3656.005 3633.499 3612.440 3611.294 3607.954 3600.863
4005.528 4012.603 4015.038 4020.302 4036.989 4070.297 4106.762 4137.011 4152.334 4144.091 4125.477 4102.638 4092.261 4089.153 4092.987 4102.904 4116.415 4136.515 4156.460 4162.311 4163.218 4160.500 4162.984 4164.617 4164.747 4167.918 4176.931 4187.204 4190.687 4182.487 4160.685 4136.650 4125.539 4119.208 4115.855 4117.149 4122.699 4126.267 4110.921 4074.179 4028.569 3998.664 3983.989 3971.288 3956.903 3944.019 3909.274 3887.629 3850.245 3801.195 3773.622 3815.850 3808.355 3798.280 3775.594 3743.778 3711.157 3681.178 3656.945 3650.295 3647.668 3647.450
4122.432 4127.278 4134.387 4149.513 4173.564 4193.451 4217.030 4244.524 4261.407 4266.648 4264.708 4260.239 4261.357 4261.743 4193.118 4199.903 4206.674 4225.345 4241.926 4247.973 4248.669 4245.888 4247.844 4248.677 4248.533 4248.152 4250.839 4256.380 4258.494 4255.868 4242.266 4262.860 4242.276 4228.495 4220.105 4211.702 4203.402 4193.881 4183.816 4163.001 4131.267 4096.406 4075.365 4067.657 4061.369 4052.386 4046.384 4028.807 4005.504 3969.358 3928.947 3908.590 3907.217 3890.950 3855.698 3824.454 3801.383 3765.281 3735.744 3720.345 3719.981 3712.820
4240.938 4245.660 4259.949 4277.202 4259.492 4268.596 4278.017 4287.377 4290.591 4291.511 4291.086 4288.660 4287.810 4285.262 4281.955 4271.314 4272.942 4274.963 4277.606 4281.379 4280.305 4281.446 4284.409 4282.601 4276.452 4272.284 4270.702 4271.783 4279.277 4282.825 4283.806 4280.048 4279.059 4277.956 4274.215 4269.547 4262.969 4254.557 4271.168 4258.680 4229.694 4188.048 4145.585 4138.573 4141.012 4140.622 4139.065 4133.279 4115.441 4087.434 4049.096 4009.902 4003.886 3989.427 3969.696 3952.802 3933.159 3892.692 3856.134 3834.090 3824.318 3801.467
4287.437 4290.337 4293.807 4290.829 4287.880 4282.944 4281.317 4279.944 4277.485 4278.107 4276.218 4272.111 4267.968 4259.736 4248.000 4236.819 4233.082 4237.344 4243.069 4248.365 4253.024 4256.821 4256.657 4251.049 4242.489 4234.830 4233.201 4240.162 4245.951 4252.694 4253.600 4252.192 4249.603 4249.267 4245.838 4245.985 4253.170 4268.206 4270.451 4276.886 4275.928 4257.643 4224.560 4238.944 4218.739 4225.012 4220.243 4208.680 4186.977 4162.186 4130.124 4098.665 4080.153 4072.705 4066.605 4059.336 4044.488 4004.290 3969.434 3940.725 3921.207 3895.678
4272.794 4279.887 4280.909 4273.811 4265.139 4257.817 4250.237 4247.826 4247.351 4247.144 4247.696 4242.371 4232.777 4215.427 4203.797 4192.715 4186.764 4182.669 4185.894 4197.395 4210.014 4215.135 4205.408 4196.753 4184.702 4176.592 4177.066 4177.914 4187.531 4204.891 4212.922 4213.736 4207.030 4200.206 4193.405 4190.161 4196.553 4211.982 4229.071 4245.063 4254.399 4262.197 4269.415 4266.958 4269.888 4271.456 4269.024 4272.579 4254.169 4229.407 4199.458 4173.389 4147.043 4143.528 4143.798 4140.222 4138.005 4104.120 4067.033 4032.531 4005.859 3979.154
4245.149 4246.928 4242.680 4236.307 4226.282 4215.176 4205.422 4197.545 4198.585 4200.963 4202.726 4195.264 4179.688 4161.721 4148.169 4134.255 4130.307 4124.234 4116.031 4126.099 4146.286 4153.866 4137.336 4126.259 4110.861 4104.371 4100.219 4100.886 4109.765 4132.743 4157.658 4159.895 4148.730 4137.627 4132.913 4129.613 4133.991 4150.589 4171.643 4188.019 4198.636 4203.941 4211.686 4221.061 4235.649 4250.715 4263.237 4267.272 4276.660 4271.840 4257.523 4250.909 4225.804 4211.139 4203.581 4199.629 4192.864 4168.416 4138.422 4110.465 4083.854 4059.996
4208.524 4204.366 4198.208 4191.140 4169.480 4156.947 4143.837 4128.682 4124.694 4119.606 4120.588 4109.004 4101.332 4085.126 4069.766 4054.127 4040.336 4034.616 4027.785 4025.222 4038.423 4046.779 4037.828 4028.216 4017.880 4013.602 4010.231 4012.807 4023.300 4042.508 4060.826 4069.508 4062.275 4061.578 4061.977 4060.376 4066.825 4077.147 4094.890 4117.576 4137.023 4147.017 4153.773 4162.852 4177.284 4191.421 4205.814 4223.930 4247.419 4263.818 4273.929 4273.853 4272.534 4263.732 4267.301 4256.256 4243.508 4222.788 4197.152 4169.687 4143.378 4125.919
4166.488 4160.512 4154.957 4131.126 4074.647 4053.051 4033.930 4017.527 4010.634 4002.031 3984.664 3976.068 3971.896 3975.417 3961.678 3944.185 3926.278 3921.446 3918.017 3899.392 3893.377 3893.528 3911.670 3905.824 3905.277 3907.824 3905.472 3906.481 3919.122 3926.213 3930.971 3937.855 3943.661 3954.845 3963.259 3974.493 3991.877 4002.389 4017.370 4037.534 4063.487 4079.271 4088.728 4098.977 4114.151 4130.179 4147.890 4170.216 4196.467 4212.996 4224.210 4236.088 4249.751 4265.119 4270.129 4279.183 4277.187 4273.313 4248.568 4218.501 4197.653 4180.022
4099.865 4097.907 4087.360 4030.436 3989.905 3955.852 3938.835 3914.990 3901.143 3883.989 3843.744 3825.873 3826.360 3842.851 3840.392 3825.436 3813.961 3804.404 3794.660 3776.211 3755.894 3762.218 3781.744 3783.606 3787.804 3796.325 3796.030 3788.784 3784.721 3796.360 3801.387 3812.796 3831.468 3836.473 3854.096 3889.030 3901.679 3916.595 3934.588 3954.632 3976.481 3999.257 4013.276 4028.370 4046.574 4063.025 4083.065 4105.312 4134.831 4156.418 4170.758 4181.374 4191.919 4207.216 4228.283 4248.103 4266.984 4276.611 4278.114 4264.156 4247.020 4226.998
3994.726 3988.715 3958.162 3904.953 3870.167 3847.886 3826.281 3803.585 3779.152 3740.261 3705.138 3683.206 3700.817 3712.882 3726.431 3715.590 3705.276 3695.891 3677.239 3660.231 3643.046 3654.535 3663.250 3684.099 3691.598 3695.592 3702.061 3700.536 3688.626 3681.674 3689.510 3699.193 3711.324 3734.120 3770.520 3795.141 3813.330 3833.510 3851.648 3872.444 3894.892 3917.486 3934.233 3952.129 3970.103 3990.531 4008.986 4031.111 4058.841 4085.023 4101.056 4116.346 4129.685 4148.986 4172.924 4196.092 4221.800 4243.895 4257.968 4271.247 4274.949 4268.903
3872.518 3849.288 3800.155 3758.812 3740.591 3729.675 3707.035 3686.858 3657.838 3623.783 3603.282 3582.976 3594.310 3605.517 3627.427 3619.483 3613.660 3611.438 3596.180 3583.151 3566.453 3572.607 3585.234 3609.889 3616.260 3620.550 3630.391 3629.669 3624.552 3605.323 3611.564 3622.247 3636.900 3668.364 3690.348 3712.221 3733.679 3752.475 3773.367 3794.841 3817.131 3843.100 3862.112 3880.519 3901.437 3919.825 3932.969 3947.871 3970.971 3991.530 4012.765 4035.328 4049.921 4074.531 4105.387 4136.621 4171.713 4196.922 4212.505 4224.864 4236.749 4257.005
3720.162 3665.822 3631.095 3613.672 3615.974 3605.528 3587.137 3569.489 3551.323 3530.925 3513.548 3488.938 3495.216 3512.172 3530.258 3533.276 3535.441 3534.636 3526.004 3512.818 3499.331 3503.190 3520.731 3538.994 3549.587 3557.522 3565.267 3564.814 3554.576 3543.984 3548.270 3563.499 3579.175 3595.588 3615.278 3635.173 3654.801 3676.466 3698.129 3720.023 3743.854 3769.723 3790.321 3813.065 3836.493 3851.672 3858.979 3864.875 3882.789 3897.732 3918.909 3941.353 3959.300 3986.132 4020.877 4062.953 4103.445 4144.863 4163.577 4177.226 4187.418 4203.003
3604.538 3572.270 3545.061 3541.141 3527.631 3516.523 3504.080 3485.207 3470.617 3457.742 3437.637 3429.920 3438.266 3452.361 3460.419 3468.469 3467.008 3465.255 3460.363 3446.670 3443.816 3454.226 3469.411 3482.866 3494.675 3501.539 3506.344 3503.054 3493.455 3490.773 3498.612 3513.625 3526.271 3539.803 3559.307 3577.995 3598.312 3619.449 3640.056 3663.076 3686.810 3711.511 3737.559 3758.479 3775.231 3782.271 3790.044 3787.087 3795.855 3810.170 3825.499 3846.830 3870.535 3895.012 3933.913 3974.964 4015.414 4056.132 4093.441 4114.079 4131.557 4151.366
3544.970 3516.656 3489.441 3465.056 3455.188 3451.229 3440.361 3425.349 3415.972 3401.952 3394.442 3402.610 3404.179 3412.136 3410.131 3411.629 3409.770 3409.675 3408.244 3403.310 3416.297 3422.659 3435.760 3445.557 3455.233 3460.778 3464.036 3465.196 3461.159 3467.142 3472.525 3485.404 3495.692 3507.967 3526.604 3542.103 3559.446 3580.054 3601.349 3623.400 3647.323 3673.630 3696.454 3712.131 3716.705 3723.883 3722.838 3709.067 3717.753 3728.150 3736.321 3755.551 3774.949 3793.432 3830.398 3875.617 3924.604 3962.548 4009.162 4038.075 4063.651 4085.741
3465.778 3437.626 3411.178 3392.787 3389.952 3379.992 3370.987 3360.897 3348.617 3343.770 3351.922 3350.268 3347.833 3345.643 3348.817 3352.900 3353.019 3352.496 3356.104 3367.922 3372.485 3377.889 3386.483 3397.694 3409.678 3413.123 3417.283 3421.987 3427.982 3430.600 3433.580 3443.312 3454.502 3465.973 3480.832 3497.504 3515.001 3536.106 3558.395 3582.363 3607.767 3634.329 3655.164 3661.980 3669.946 3669.507 3660.059 3651.811 3652.461 3662.389 3666.596 3681.088 3701.501 3708.197 3743.919 3791.915 3832.000 3867.948 3903.164 3948.359 3976.610 4002.859
3406.891 3379.120 3360.061 3347.268 3337.497 3327.617 3317.831 3306.434 3301.133 3303.570 3301.467 3299.857 3297.751 3301.079 3305.105 3310.012 3310.745 3312.323 3315.657 3320.243 3327.178 3336.793 3347.575 3360.004 3375.920 3381.061 3385.762 3391.841 3394.641 3397.942 3401.583 3411.973 3423.317 3434.515 3450.639 3467.812 3485.731 3507.342 3532.514 3561.976 3588.236 3614.337 3638.431 3647.060 3649.614 3646.766 3638.331 3622.421 3617.614 3624.882 3623.573 3630.668 3646.708 3651.728 3673.087 3709.818 3734.847 3768.699 3808.309 3863.691 3894.041 3926.546
3340.939 3323.152 3309.550 3291.700 3278.583 3268.426 3260.944 3257.400 3257.981 3256.122 3255.303 3254.404 3252.359 3253.692 3258.271 3262.378 3265.331 3268.642 3273.553 3280.724 3289.982 3297.950 3309.775 3324.660 3340.338 3347.922 3353.552 3359.813 3364.504 3368.746 3372.036 3381.274 3392.525 3401.792 3418.144 3436.330 3455.506 3480.411 3509.520 3539.743 3565.742 3590.789 3617.696 3620.925 3621.412 3620.552 3604.280 3588.793 3579.444 3579.555 3579.599 3578.165 3586.499 3595.196 3610.072 3628.895 3653.823 3687.976 3736.089 3781.641 3816.587 3845.959
