tests/3D/Borden05m_nopit_001/output_maps/psiliqL0011N0029.asc
ncols         160
nrows         34
xllcorner     620200.000000
yllcorner     5168000.000000
cellsize      0.500000
NODATA_value  -9999.0
[rows 0 to 28 of 34, columns 65 to 129 of 160]
-9999.000 -9999.000 -9999.000 -9999.000 -9999.000 -9999.000 -9999.000 -9999.000 -9999.000 -9999.000 -9999.000 -9999.000 -9999.000 -9999.000 -9999.000 -9999.000 -9999.000 -9999.000 -9999.000 -9999.000 -9999.000 -9999.000 -9999.000 -9999.000 -9999.000 -9999.000 -9999.000 -9999.000 -9999.000 -9999.000 -9999.000 -9999.000 -9999.000 -9999.000 -9999.000 -9999.000 -9999.000 -9999.000 -9999.000 -9999.000 -9999.000 -9999.000 -9999.000 -9999.000 -9999.000 -9999.000 -9999.000 -9999.000 -9999.000 -9999.000 -9999.000 -9999.000 -9999.000 -9999.000 -9999.000 -9999.000 -9999.000 -9999.000 -9999.000 -9999.000 -9999.000 -9999.000 -9999.000 -9999.000 -9999.000
359.008 354.823 353.698 352.671 352.081 357.162 364.950 372.409 379.443 381.696 383.999 386.153 386.549 385.191 381.866 378.502 375.036 373.492 365.254 353.805 344.897 342.113 346.560 351.057 353.591 359.597 370.456 381.388 390.044 401.977 407.790 413.098 416.402 412.606 409.356 405.893 401.213 390.353 -9999.000 -9999.000 -9999.000 -9999.000 -9999.000 -9999.000 -9999.000 -9999.000 -9999.000 -9999.000 -9999.000 -9999.000 -9999.000 -9999.000 -9999.000 -9999.000 -9999.000 -9999.000 -9999.000 -9999.000 -9999.000 -9999.000 -9999.000 -9999.000 -9999.000 -9999.000 -9999.000
346.502 340.814 338.779 338.562 338.398 342.340 352.182 359.982 364.594 366.909 369.302 369.048 368.413 367.947 364.958 361.451 357.984 356.125 356.317 348.660 343.197 339.807 338.320 340.805 343.187 346.462 356.096 364.414 372.755 387.098 399.606 405.031 402.839 398.141 394.731 388.529 378.921 368.774 358.786 351.932 346.785 341.646 348.021 354.834 365.165 375.318 387.499 399.745 -9999.000 -9999.000 -9999.000 -9999.000 -9999.000 -9999.000 -9999.000 -9999.000 -9999.000 -9999.000 -9999.000 -9999.000 -9999.000 -9999.000 -9999.000 -9999.000 -9999.000
339.269 334.323 342.173 343.119 343.988 346.989 350.006 352.577 355.161 360.309 369.083 371.571 371.919 371.891 369.925 366.698 364.804 361.956 356.671 355.566 355.828 355.628 360.656 362.137 363.735 356.992 360.543 366.887 373.882 380.780 387.792 392.311 389.438 388.783 380.874 367.546 356.727 348.536 346.666 343.833 336.433 324.351 331.703 347.551 352.471 356.224 368.209 380.615 390.915 393.130 392.897 392.648 390.127 376.403 361.834 347.139 328.619 -9999.000 -9999.000 -9999.000 -9999.000 -9999.000 -9999.000 -9999.000 -9999.000
344.309 356.512 365.472 366.782 369.309 372.514 371.377 359.091 356.380 364.536 374.668 380.251 380.195 379.905 377.881 376.699 376.114 373.698 374.465 376.817 376.959 381.661 387.216 390.027 381.952 372.906 373.710 381.547 389.754 397.288 408.308 420.088 419.339 414.160 405.790 392.828 370.048 350.959 340.779 334.390 327.803 327.910 325.682 337.035 339.123 341.227 349.874 360.373 370.705 376.690 376.323 375.920 373.648 364.316 349.727 335.110 318.552 293.227 264.946 238.326 237.156 260.944 284.691 -9999.000 -9999.000
368.656 381.770 395.817 397.883 399.899 399.137 389.524 379.076 374.865 389.469 405.114 413.022 413.460 412.982 420.123 418.222 415.890 410.550 412.563 414.407 424.729 432.074 438.834 436.948 425.175 414.131 412.591 415.159 418.102 424.394 435.006 445.309 440.872 434.288 424.920 397.088 370.545 354.507 355.701 356.694 352.615 350.101 347.263 340.567 340.618 340.352 340.187 352.454 365.025 368.667 362.677 359.177 357.086 348.634 337.783 322.634 305.892 287.152 259.115 252.341 244.088 266.109 289.892 310.830 335.263
414.618 431.564 454.598 456.923 459.684 462.464 451.227 438.871 427.282 443.853 453.416 461.802 463.782 473.904 483.516 478.516 470.034 459.931 466.034 478.345 492.969 499.209 502.614 501.988 491.602 486.268 484.476 486.140 483.413 487.554 498.472 514.066 514.529 505.714 484.262 449.135 415.769 395.726 401.714 396.031 390.504 387.404 374.215 363.858 364.443 355.523 349.842 361.704 368.109 370.060 363.721 369.292 361.851 343.500 326.422 311.098 296.787 281.602 274.547 265.336 257.632 270.269 290.419 310.326 335.037
460.629 482.656 505.512 514.060 517.805 526.463 519.655 510.304 501.659 510.399 522.181 533.506 543.304 555.368 566.523 557.929 546.731 542.316 546.830 564.872 580.607 585.408 586.916 590.293 582.690 576.034 569.065 563.265 557.344 553.396 570.661 586.782 585.888 563.923 541.600 508.283 473.006 441.891 441.003 440.351 440.429 426.573 412.397 396.171 387.077 378.996 365.291 370.965 376.770 387.163 396.721 397.292 380.968 363.662 344.456 325.901 311.677 306.734 301.505 291.888 285.447 291.817 305.843 320.522 332.450
552.625 576.007 606.635 627.705 646.565 649.920 640.786 631.485 617.998 614.326 629.390 640.691 651.069 661.586 673.388 679.445 677.467 677.032 679.701 685.204 692.712 699.046 704.621 710.592 708.805 699.450 692.593 683.719 676.535 674.274 675.920 686.007 685.291 662.876 638.057 609.190 575.305 546.550 529.957 536.062 526.013 510.042 491.653 458.016 442.122 427.348 399.093 395.650 405.401 419.107 428.420 413.325 397.073 378.714 358.342 338.847 332.199 330.879 327.880 321.956 319.311 324.300 337.563 340.599 351.332
656.656 687.076 719.949 747.919 770.660 778.371 767.929 757.915 746.104 736.380 738.840 751.973 767.708 782.841 793.576 797.270 796.064 796.275 797.858 800.599 803.091 808.477 815.367 825.376 836.740 831.933 815.743 803.396 789.504 784.434 783.167 781.347 782.075 777.364 749.941 724.466 695.242 667.811 648.447 635.227 618.448 599.347 557.929 520.784 488.785 463.355 436.942 435.135 459.816 489.901 483.807 472.411 455.562 431.198 406.975 382.710 376.207 373.476 368.157 361.732 356.027 351.149 354.702 357.694 369.588
774.639 794.813 829.349 863.942 891.658 895.278 886.138 875.661 864.927 854.790 851.319 857.903 867.825 882.664 893.840 903.769 903.436 903.815 903.910 905.738 907.332 908.844 915.186 926.191 936.700 938.138 926.149 909.851 892.930 885.637 879.775 874.621 875.217 876.702 872.093 850.052 817.433 777.562 752.441 733.098 722.306 709.284 689.218 644.316 618.810 587.902 556.201 536.476 575.208 574.065 563.667 548.849 525.078 499.273 474.182 448.768 440.140 435.007 427.380 421.185 412.796 402.580 398.919 393.742 391.608
889.370 904.701 925.574 951.724 976.455 992.949 989.430 977.667 961.334 956.828 955.724 957.286 963.123 970.048 984.402 999.223 1004.376 1005.043 1002.657 1004.561 1005.515 1005.509 1006.168 1010.163 1016.621 1019.033 1014.934 1000.298 981.434 967.312 958.965 954.856 952.991 954.332 954.197 944.210 918.505 884.194 852.960 832.412 818.298 807.145 798.735 784.264 769.609 743.032 703.903 670.791 669.724 660.960 649.976 626.600 598.928 574.599 543.502 514.055 496.874 490.530 484.878 477.283 466.062 455.455 448.907 435.600 428.024
997.589 1014.855 1027.079 1042.046 1061.474 1072.772 1078.183 1078.711 1077.910 1079.754 1079.858 1060.161 1062.555 1064.880 1070.274 1076.919 1078.986 1079.186 1078.382 1079.294 1079.534 1079.704 1079.365 1078.937 1080.536 1081.145 1080.383 1074.957 1075.527 1059.549 1048.331 1041.344 1034.159 1026.094 1017.198 1008.486 994.235 969.917 939.154 913.343 903.206 898.285 893.706 890.100 877.325 858.613 831.540 796.569 764.139 755.359 740.414 714.742 693.865 678.663 645.778 613.310 590.192 581.688 565.478 548.261 533.386 516.314 500.190 483.446 467.072
1086.544 1083.106 1085.736 1088.458 1091.162 1092.090 1092.356 1092.233 1090.088 1089.843 1088.367 1083.635 1074.474 1075.939 1077.347 1079.796 1083.232 1081.875 1082.745 1085.619 1084.192 1078.902 1075.470 1073.916 1074.262 1081.224 1084.230 1084.965 1084.387 1083.777 1083.453 1082.366 1081.010 1079.101 1076.661 1078.099 1069.011 1047.787 1017.756 985.937 972.711 968.897 970.549 968.661 963.864 947.205 922.609 889.699 854.647 839.876 827.980 817.314 807.237 793.463 758.827 723.435 696.420 678.898 653.816 633.716 615.322 593.878 575.635 556.569 533.590
1092.159 1088.719 1084.206 1083.097 1081.903 1079.621 1080.313 1078.444 1074.705 1071.438 1065.483 1055.181 1044.036 1041.768 1046.391 1051.244 1055.355 1058.264 1061.451 1062.718 1058.238 1050.729 1043.950 1042.041 1048.295 1053.691 1058.587 1059.186 1057.836 1055.967 1056.277 1054.028 1054.560 1060.715 1073.283 1079.394 1081.238 1080.945 1075.643 1066.064 1056.000 1037.532 1041.123 1037.218 1026.767 1007.474 985.764 958.855 932.642 909.806 902.389 898.022 892.480 883.830 851.851 819.752 789.383 765.704 740.735 717.735 696.456 674.835 652.565 628.800 605.038
1077.295 1069.470 1062.988 1056.752 1054.954 1053.792 1053.256 1053.444 1048.442 1041.283 1026.827 1015.702 1004.806 998.983 997.508 1002.706 1012.079 1020.993 1025.451 1019.348 1012.310 1002.185 994.372 994.600 996.997 1005.646 1018.659 1022.497 1023.034 1018.162 1013.973 1008.176 1006.192 1012.673 1026.825 1041.007 1053.589 1061.053 1067.864 1073.835 1078.194 1079.006 1079.418 1078.670 1076.801 1062.714 1043.543 1021.779 999.563 974.940 968.428 966.320 962.511 960.526 934.282 901.652 869.717 842.320 816.926 794.242 772.340 749.074 724.497 700.595 673.433
1044.721 1035.176 1025.034 1016.016 1010.604 1011.665 1014.023 1015.101 1009.347 995.859 979.497 966.806 953.549 949.912 945.526 942.097 952.621 968.955 974.856 962.123 952.714 939.062 931.796 928.924 930.479 939.655 958.472 976.404 977.210 967.630 958.180 953.079 950.169 956.175 973.345 991.851 1005.319 1013.878 1018.900 1026.415 1035.306 1046.536 1058.709 1068.852 1077.410 1080.310 1078.840 1074.617 1061.599 1042.658 1029.996 1020.667 1015.368 1007.348 987.301 961.602 936.257 910.446 888.968 870.751 846.670 821.504 796.985 767.739 735.937
1002.937 990.472 979.462 968.763 956.399 953.910 952.006 954.416 944.172 934.439 916.609 902.031 887.209 877.770 872.377 866.990 872.016 887.527 896.532 883.051 872.921 860.092 853.863 850.583 852.257 862.163 883.994 902.054 908.228 899.791 893.612 890.265 888.345 892.880 906.411 924.920 944.052 958.262 966.367 973.183 982.401 995.739 1008.551 1021.314 1037.063 1055.406 1068.738 1077.175 1081.026 1080.510 1077.814 1073.281 1064.059 1053.630 1037.320 1015.024 989.354 964.015 947.024 930.476 914.027 888.200 859.260 829.765 797.082
953.991 910.653 894.607 878.445 864.853 860.629 854.673 848.796 840.702 834.831 827.920 813.255 796.802 781.624 776.956 773.142 765.415 771.200 774.656 777.486 770.150 763.968 761.382 758.760 761.902 775.180 786.912 796.859 802.187 799.267 804.492 809.079 810.953 824.884 836.821 852.806 872.433 893.865 905.215 913.326 922.982 937.225 952.510 968.456 989.287 1011.979 1026.309 1036.165 1046.990 1058.366 1071.013 1079.397 1083.865 1083.030 1077.905 1058.248 1034.477 1014.398 997.063 982.750 969.317 950.482 916.518 886.627 855.426
877.799 837.510 807.456 791.269 771.488 762.261 753.408 730.034 717.611 712.404 717.530 708.429 692.339 679.033 671.806 666.018 654.125 646.527 651.226 662.804 657.958 655.850 659.448 657.420 654.046 659.768 673.589 681.041 689.611 699.147 701.962 708.705 732.139 743.899 757.017 775.125 794.961 815.607 833.645 845.038 857.889 875.022 890.269 909.443 931.298 957.914 975.631 988.442 998.654 1008.991 1023.322 1041.505 1057.136 1072.152 1082.415 1082.466 1078.005 1057.669 1041.159 1026.584 1017.841 996.996 968.699 939.751 908.919
775.486 737.532 709.954 690.380 668.840 653.042 629.284 600.549 582.515 588.541 596.599 597.640 584.638 572.862 563.679 551.144 536.687 526.040 534.529 542.984 550.322 553.362 556.762 558.715 557.221 552.798 558.020 565.828 574.874 583.673 594.693 621.232 643.280 657.972 676.139 694.034 714.537 736.147 755.336 769.313 785.834 803.261 822.413 841.718 865.044 892.457 914.699 928.336 940.882 953.403 971.003 992.391 1012.757 1034.612 1053.801 1064.635 1076.108 1083.575 1081.167 1067.251 1054.511 1037.447 1015.133 984.928 956.965
658.003 625.568 604.224 582.594 561.675 537.910 509.754 485.520 467.544 475.433 483.286 494.863 483.843 473.442 467.943 454.042 440.791 427.007 434.779 444.421 460.838 464.562 467.628 473.983 472.458 469.649 460.764 468.525 477.561 489.457 514.593 537.146 558.799 577.430 595.191 615.006 636.332 657.898 680.631 697.532 714.255 733.596 752.064 769.016 788.720 813.303 834.393 852.074 870.847 884.955 907.286 934.596 960.321 990.209 1010.696 1024.947 1037.021 1049.040 1065.828 1076.244 1076.806 1071.568 1049.466 1027.438 1000.657
518.374 503.139 487.286 466.883 447.676 428.626 404.599 383.636 361.351 366.166 379.221 393.654 388.212 385.047 382.425 371.682 358.528 345.338 349.062 363.964 380.467 387.431 393.662 400.834 400.596 393.527 384.684 389.590 402.450 417.231 436.874 457.613 477.678 496.094 516.490 537.674 559.100 582.251 606.350 623.875 644.989 667.114 684.666 695.281 708.010 730.422 747.077 766.930 787.191 802.695 829.019 860.603 898.115 934.545 967.188 981.680 994.080 1004.321 1019.886 1038.779 1056.044 1069.986 1068.944 1064.885 1048.200
413.645 397.042 381.139 364.823 345.725 327.856 310.284 289.571 272.444 278.475 292.161 304.110 307.111 304.541 301.880 294.635 281.307 271.110 279.507 294.774 309.533 319.387 325.842 331.709 328.746 320.269 313.783 321.180 335.834 349.803 366.140 386.299 406.229 426.273 447.165 467.909 490.807 514.335 538.141 561.487 582.795 602.823 612.361 622.190 628.549 643.101 659.392 677.653 698.538 720.083 746.900 784.616 822.905 859.602 895.100 921.226 938.563 953.213 972.287 992.224 1008.695 1022.238 1034.316 1044.910 1049.248
323.818 308.274 299.841 286.412 268.422 255.992 240.073 222.999 223.168 226.836 238.755 240.672 241.631 238.946 238.101 233.854 223.092 229.781 237.371 252.029 262.745 271.975 278.049 281.991 281.522 274.645 277.559 284.283 298.313 309.518 323.906 343.822 360.271 378.625 399.392 420.756 443.175 466.944 492.580 515.515 533.674 541.923 551.397 556.265 549.849 562.505 575.696 588.628 608.962 629.371 654.329 691.422 733.579 777.305 813.458 851.401 873.368 895.045 916.243 938.724 959.290 975.627 987.409 988.432 993.470
235.655 227.632 217.551 206.786 194.286 181.152 169.889 170.708 168.694 168.254 169.833 172.961 175.755 174.971 174.002 174.973 181.353 185.608 191.094 201.342 212.345 222.648 226.523 230.604 233.555 236.922 239.306 243.344 254.297 265.670 278.375 294.619 311.385 329.449 350.766 372.417 395.554 420.925 446.636 466.295 475.190 484.414 487.523 482.365 477.541 484.219 495.631 505.371 523.984 544.743 561.998 602.730 649.007 691.567 726.439 760.768 793.540 819.091 842.605 872.298 897.623 923.541 939.108 944.458 948.619
174.846 165.119 155.288 145.222 132.323 122.500 120.950 118.806 116.904 115.407 118.850 122.566 126.892 126.634 127.126 129.774 134.014 139.815 148.843 159.581 171.349 185.611 190.025 194.483 199.837 202.331 205.310 209.369 220.426 231.816 243.788 260.291 277.430 295.928 317.534 342.300 370.922 396.747 422.190 443.717 452.354 456.347 454.560 448.588 436.157 434.977 445.383 448.282 460.749 480.228 491.807 525.608 568.493 598.482 632.578 668.509 713.925 740.607 771.027 801.089 830.525 859.227 874.214 881.796 890.487
114.697 102.446 92.272 82.879 75.157 73.056 70.250 68.528 67.343 65.828 68.183 72.414 76.509 78.521 81.170 84.274 90.328 99.203 107.706 119.484 133.946 148.629 154.731 160.062 165.568 169.411 173.452 177.225 187.303 198.800 209.817 226.855 244.956 263.426 288.628 317.682 346.950 372.274 397.122 421.411 424.756 425.984 425.321 411.852 396.701 390.892 393.468 394.381 401.533 413.249 424.909 451.221 478.535 507.582 542.844 588.449 633.239 663.771 693.800 723.425 749.747 770.673 788.797 802.444 816.362
61.811 47.476 38.554 34.791 33.107 29.826 30.548 31.742 30.487 27.022 26.578 31.400 35.210 37.782 41.043 51.230 61.018 68.555 75.621 88.054 102.351 117.700 127.406 133.427 142.474 149.693 153.773 156.421 165.336 175.588 180.650 196.500 214.815 242.233 272.658 302.434 333.204 359.520 384.500 406.968 407.205 407.290 406.634 390.910 375.416 357.919 361.099 362.432 350.395 362.876 374.617 391.398 418.155 442.708 479.766 523.830 557.805 587.777 617.504 645.324 666.410 685.770 701.001 718.274 732.217
