tests/3D/Borden05m_nopit_001/output_maps/psiliqL0006N0001.asc
ncols         160
nrows         34
xllcorner     620200.000000
yllcorner     5168000.000000
cellsize      0.500000
NODATA_value  -9999.0
[rows 0 to 27 of 34, columns 64 to 127 of 160]
-9999.000 -9999.000 -9999.000 -9999.000 -9999.000 -9999.000 -9999.000 -9999.000 -9999.000 -9999.000 -9999.000 -9999.000 -9999.000 -9999.000 -9999.000 -9999.000 -9999.000 -9999.000 -9999.000 -9999.000 -9999.000 -9999.000 -9999.000 -9999.000 -9999.000 -9999.000 -9999.000 -9999.000 -9999.000 -9999.000 -9999.000 -9999.000 -9999.000 -9999.000 -9999.000 -9999.000 -9999.000 -9999.000 -9999.000 -9999.000 -9999.000 -9999.000 -9999.000 -9999.000 -9999.000 -9999.000 -9999.000 -9999.000 -9999.000 -9999.000 -9999.000 -9999.000 -9999.000 -9999.000 -9999.000 -9999.000 -9999.000 -9999.000 -9999.000 -9999.000 -9999.000 -9999.000 -9999.000 -9999.000
-606.612 -615.593 -619.767 -620.865 -621.940 -622.500 -617.330 -609.607 -602.178 -595.072 -592.851 -590.543 -588.271 -587.805 -589.217 -592.553 -595.906 -599.383 -600.864 -609.381 -620.928 -630.024 -632.835 -628.296 -623.744 -621.182 -614.903 -603.885 -592.842 -584.160 -572.431 -567.010 -561.714 -558.180 -561.918 -565.167 -568.469 -572.675 -583.459 -9999.000 -9999.000 -9999.000 -9999.000 -9999.000 -9999.000 -9999.000 -9999.000 -9999.000 -9999.000 -9999.000 -9999.000 -9999.000 -9999.000 -9999.000 -9999.000 -9999.000 -9999.000 -9999.000 -9999.000 -9999.000 -9999.000 -9999.000 -9999.000 -9999.000
-622.531 -628.237 -633.971 -635.785 -636.049 -636.203 -632.142 -622.572 -614.742 -610.086 -607.850 -605.579 -605.380 -605.944 -606.465 -609.463 -612.957 -616.433 -618.278 -618.485 -626.152 -631.432 -634.649 -635.651 -633.244 -630.961 -628.109 -618.320 -609.865 -601.405 -587.333 -575.048 -569.716 -571.801 -576.544 -579.833 -585.650 -594.890 -605.090 -615.684 -622.787 -627.874 -632.605 -626.253 -619.790 -609.134 -598.521 -586.299 -574.053 -9999.000 -9999.000 -9999.000 -9999.000 -9999.000 -9999.000 -9999.000 -9999.000 -9999.000 -9999.000 -9999.000 -9999.000 -9999.000 -9999.000 -9999.000
-630.576 -635.588 -639.577 -632.402 -631.438 -630.478 -627.500 -624.076 -622.301 -619.630 -614.510 -605.769 -603.354 -603.005 -603.027 -604.958 -608.150 -609.996 -612.838 -618.104 -618.965 -618.487 -618.319 -612.974 -611.501 -610.329 -617.482 -614.216 -607.844 -600.845 -593.503 -586.214 -581.056 -583.806 -584.883 -592.672 -605.917 -617.073 -625.524 -628.096 -630.909 -638.156 -649.723 -642.699 -626.950 -621.996 -617.865 -605.586 -593.141 -582.913 -581.022 -581.221 -581.423 -583.789 -597.454 -611.951 -626.481 -644.932 -9999.000 -9999.000 -9999.000 -9999.000 -9999.000 -9999.000
-628.409 -629.813 -616.982 -607.759 -606.427 -603.823 -600.816 -602.563 -615.280 -618.177 -609.696 -599.370 -593.610 -593.706 -593.936 -595.387 -596.545 -597.223 -599.815 -598.603 -595.967 -594.964 -589.671 -584.074 -581.421 -590.430 -599.688 -599.359 -591.730 -583.827 -576.318 -565.027 -552.931 -554.032 -559.451 -567.805 -580.966 -603.887 -623.522 -633.475 -639.366 -645.758 -646.613 -648.058 -637.528 -635.359 -633.402 -624.327 -613.775 -603.549 -597.633 -597.880 -598.142 -600.319 -609.540 -624.041 -638.549 -654.734 -679.598 -707.649 -735.030 -735.669 -711.835 -688.015
-616.474 -603.109 -589.502 -574.471 -572.327 -570.195 -570.746 -581.009 -591.473 -596.156 -581.075 -565.741 -557.779 -557.002 -556.192 -547.701 -550.239 -553.477 -559.447 -556.993 -553.742 -541.801 -534.550 -528.172 -530.226 -541.801 -552.429 -554.456 -552.839 -551.210 -545.346 -534.592 -523.915 -528.256 -535.338 -545.396 -573.998 -601.864 -618.516 -617.083 -616.052 -620.053 -622.763 -626.266 -633.838 -633.865 -633.963 -634.111 -621.841 -609.495 -605.815 -611.555 -614.856 -616.866 -625.484 -636.087 -650.982 -667.586 -685.969 -713.959 -721.257 -728.743 -706.704 -682.863
-567.512 -554.568 -536.187 -512.653 -509.342 -505.779 -501.626 -512.296 -524.355 -536.454 -521.647 -512.536 -503.719 -500.224 -488.439 -478.483 -483.933 -493.118 -502.574 -496.293 -482.062 -467.591 -461.891 -459.089 -458.428 -467.677 -472.550 -475.427 -475.333 -479.344 -476.680 -465.070 -449.268 -448.243 -458.884 -480.887 -515.452 -550.192 -572.705 -568.513 -574.243 -579.522 -583.630 -597.551 -608.970 -609.051 -618.272 -624.305 -612.699 -606.469 -604.321 -610.155 -604.408 -612.052 -629.578 -646.792 -662.352 -676.629 -691.123 -698.499 -707.694 -715.085 -702.650 -682.295
-519.265 -501.425 -478.023 -454.159 -442.362 -435.231 -426.864 -433.598 -442.454 -451.455 -446.817 -434.467 -422.763 -411.621 -399.725 -388.319 -394.329 -403.616 -406.077 -402.369 -386.765 -373.187 -368.379 -366.074 -361.411 -366.514 -373.765 -381.897 -389.699 -396.698 -401.329 -386.692 -372.340 -373.470 -395.602 -417.824 -449.139 -483.651 -517.009 -522.434 -522.241 -523.238 -538.345 -553.352 -572.553 -583.813 -592.419 -607.500 -602.960 -596.759 -585.578 -575.211 -575.933 -592.172 -609.376 -628.575 -647.385 -661.639 -666.055 -670.902 -680.196 -686.287 -680.149 -666.207
-411.902 -400.651 -375.193 -342.966 -318.956 -297.591 -294.412 -304.211 -313.751 -327.713 -334.278 -322.074 -310.872 -299.817 -288.600 -277.062 -269.150 -269.517 -269.491 -267.368 -264.455 -259.202 -252.999 -246.602 -239.536 -237.605 -245.808 -254.242 -264.229 -273.352 -276.099 -277.651 -270.973 -270.888 -288.730 -312.910 -339.790 -372.236 -400.827 -420.842 -418.960 -431.600 -447.521 -468.508 -504.669 -524.086 -540.634 -570.595 -575.211 -563.395 -548.391 -540.957 -556.889 -573.116 -591.856 -612.500 -632.871 -639.326 -640.501 -643.445 -649.060 -651.611 -647.219 -634.494
-300.222 -293.778 -263.981 -231.387 -202.435 -179.687 -171.789 -181.615 -191.701 -202.948 -212.969 -213.307 -201.519 -186.410 -171.204 -160.660 -156.436 -157.517 -157.255 -156.168 -153.511 -151.612 -147.235 -140.593 -130.140 -117.683 -120.647 -136.573 -149.927 -165.414 -171.885 -174.023 -177.702 -177.090 -177.868 -200.517 -223.983 -252.264 -282.263 -303.646 -321.122 -337.447 -354.847 -393.020 -430.125 -462.372 -490.036 -517.938 -523.066 -496.258 -470.506 -479.935 -491.160 -508.637 -533.376 -558.116 -583.741 -591.222 -594.367 -600.040 -606.429 -612.629 -618.687 -616.321
-183.395 -175.670 -157.674 -125.475 -92.474 -65.933 -61.067 -68.677 -78.864 -90.128 -98.857 -102.170 -97.591 -89.493 -76.468 -65.049 -53.851 -53.199 -52.767 -53.238 -51.580 -50.169 -49.363 -44.125 -34.481 -25.305 -23.100 -32.764 -48.500 -65.711 -74.598 -81.590 -86.814 -86.798 -85.442 -86.306 -105.261 -135.470 -175.149 -203.033 -223.756 -234.504 -246.220 -259.518 -297.240 -318.158 -346.808 -380.042 -406.771 -377.851 -385.832 -396.139 -412.350 -436.894 -461.976 -487.800 -514.482 -525.325 -530.934 -538.649 -545.059 -553.867 -564.555 -569.110
-75.653 -64.584 -49.667 -32.584 -9.576 13.474 30.325 28.246 18.570 4.219 1.503 1.009 1.880 6.474 11.393 23.997 37.258 42.199 42.793 40.510 42.238 42.987 42.941 42.836 45.306 50.603 52.692 49.846 37.398 20.113 5.079 -3.876 -8.208 -11.027 -10.959 -12.212 -20.555 -42.885 -73.741 -105.365 -127.687 -142.211 -152.357 -159.378 -167.644 -180.140 -203.393 -239.465 -274.226 -288.442 -297.545 -308.754 -332.283 -358.632 -380.371 -411.742 -442.705 -463.017 -470.408 -477.624 -486.725 -498.612 -510.036 -517.750
22.711 37.238 52.437 62.325 74.670 91.639 101.236 106.699 107.979 108.296 110.362 110.381 105.592 106.648 107.619 108.968 112.587 113.441 113.492 113.291 113.887 113.947 114.215 113.891 112.517 112.918 113.071 112.882 109.951 104.425 89.858 79.428 72.876 66.072 58.089 49.396 41.110 28.874 6.832 -22.663 -49.907 -60.758 -65.235 -68.439 -71.279 -82.553 -99.825 -124.091 -157.357 -193.413 -204.392 -218.866 -241.549 -259.189 -271.913 -303.734 -337.007 -362.382 -373.262 -392.118 -411.049 -426.795 -445.009 -462.389
103.877 114.392 115.303 115.960 116.640 117.316 117.549 117.615 117.584 115.526 115.464 114.315 109.150 100.440 101.857 103.079 105.469 108.803 107.362 108.149 110.998 109.690 104.662 101.458 99.915 100.040 106.844 109.689 110.354 110.751 110.263 110.184 109.915 109.579 109.105 108.499 105.331 97.297 78.459 51.991 23.442 8.354 2.671 4.987 3.043 -1.404 -17.649 -41.150 -72.345 -106.068 -123.430 -134.460 -142.270 -150.169 -162.050 -194.804 -229.731 -258.143 -277.900 -303.525 -324.194 -343.135 -364.739 -383.492
120.898 117.566 113.976 109.593 108.640 107.502 105.274 105.987 104.125 100.497 97.498 92.237 82.371 71.238 69.419 74.152 78.741 82.491 84.869 87.871 89.576 85.441 78.254 71.745 69.753 75.795 81.075 85.413 85.924 84.599 82.956 83.470 81.591 82.252 88.107 99.939 107.247 107.714 107.647 106.330 103.944 86.469 68.574 71.399 67.814 57.764 39.273 18.576 -6.682 -31.207 -55.260 -62.554 -66.269 -71.151 -77.775 -107.111 -138.228 -168.954 -193.743 -218.368 -241.273 -262.631 -284.077 -306.640
109.891 103.357 95.791 89.566 83.739 82.127 80.756 80.120 80.197 75.294 68.877 55.303 44.332 33.493 27.710 27.033 32.833 41.559 49.346 53.603 48.605 42.061 32.525 24.805 24.960 27.833 36.191 47.883 50.449 50.908 46.602 43.224 37.743 36.155 42.677 56.457 69.773 81.340 88.261 94.803 100.431 106.910 107.127 107.246 107.078 103.632 90.946 73.573 54.407 33.482 9.514 2.238 -0.431 -4.135 -5.863 -29.590 -60.670 -91.625 -119.031 -143.800 -165.402 -186.898 -210.034 -234.360
78.489 72.286 62.887 53.039 44.245 39.584 40.652 43.004 43.874 38.640 25.788 9.915 -2.512 -15.569 -19.111 -22.982 -24.957 -14.293 0.868 6.259 -5.317 -14.216 -27.333 -34.834 -37.314 -35.484 -26.214 -8.662 7.148 7.524 -1.567 -10.505 -15.715 -18.494 -11.978 5.384 23.134 35.740 43.700 48.670 56.155 64.946 75.208 86.564 96.058 106.082 107.104 106.768 105.747 90.923 74.024 62.158 52.497 47.015 38.857 20.407 -3.718 -27.988 -53.259 -73.697 -90.702 -113.034 -137.543 -161.881
37.489 31.532 21.869 11.324 1.359 -10.155 -12.187 -13.120 -10.275 -20.111 -30.472 -48.797 -63.137 -77.709 -85.822 -91.115 -96.061 -88.722 -72.507 -63.302 -78.162 -88.450 -102.036 -108.858 -112.107 -110.705 -100.975 -78.342 -60.355 -54.940 -63.737 -71.580 -76.059 -78.066 -74.101 -59.576 -40.813 -22.741 -10.098 -2.534 4.341 13.649 26.712 39.189 51.537 66.660 83.546 96.071 104.145 109.362 109.286 108.673 101.924 93.539 84.125 69.493 48.572 23.833 -0.799 -17.205 -32.905 -47.378 -70.958 -99.733
-4.128 -14.042 -53.376 -67.730 -82.991 -95.726 -99.137 -104.286 -106.663 -114.604 -120.992 -131.082 -146.028 -162.164 -176.511 -181.127 -185.058 -189.465 -180.083 -175.619 -177.454 -185.242 -193.140 -197.289 -199.991 -196.197 -182.722 -169.573 -158.040 -153.181 -158.754 -155.338 -151.909 -152.878 -139.986 -127.600 -111.291 -91.805 -71.724 -61.692 -53.953 -44.431 -30.414 -15.286 0.206 20.680 42.405 56.203 65.805 76.497 87.395 99.468 109.173 112.577 112.470 107.380 89.729 68.379 49.083 32.439 18.899 6.980 -9.801 -41.773
-50.696 -82.770 -122.985 -151.821 -167.755 -186.298 -194.117 -200.440 -218.673 -229.437 -236.379 -234.714 -245.840 -262.275 -276.139 -282.655 -287.237 -297.133 -300.854 -296.649 -287.492 -294.381 -298.410 -296.310 -298.864 -301.057 -292.350 -277.861 -269.667 -261.958 -255.200 -253.047 -249.611 -229.672 -218.171 -205.587 -187.428 -167.635 -147.331 -130.708 -120.079 -107.868 -91.007 -76.061 -57.070 -35.236 -9.387 7.290 19.801 30.087 40.595 54.909 72.539 87.273 101.545 112.491 112.652 111.702 91.085 76.417 62.511 54.981 36.094 10.514
-138.201 -178.023 -216.941 -246.134 -265.090 -286.277 -299.444 -318.591 -345.380 -362.226 -359.729 -352.892 -355.662 -369.322 -381.544 -390.665 -401.336 -415.015 -423.669 -416.094 -407.717 -404.495 -402.812 -399.592 -399.013 -400.495 -402.636 -393.702 -385.898 -377.043 -369.254 -361.817 -338.275 -317.003 -303.366 -285.801 -267.964 -247.533 -226.155 -207.977 -194.813 -178.671 -161.362 -142.538 -122.900 -99.117 -71.690 -50.514 -37.444 -25.539 -13.029 4.342 25.299 45.222 66.382 85.237 95.717 107.363 116.802 116.443 102.010 90.916 76.645 56.801
-248.338 -286.774 -323.540 -348.061 -369.384 -390.529 -412.692 -439.051 -464.422 -481.689 -474.849 -468.018 -459.589 -471.546 -483.341 -489.838 -503.326 -516.644 -529.540 -521.274 -512.541 -498.634 -495.715 -493.020 -487.726 -489.494 -491.598 -497.328 -489.102 -480.565 -469.504 -446.290 -423.557 -401.964 -384.185 -366.729 -347.228 -325.931 -304.565 -282.793 -266.506 -250.261 -231.357 -212.810 -194.632 -173.384 -148.248 -126.874 -110.125 -92.322 -78.133 -56.212 -29.633 -5.164 23.645 43.285 57.822 70.612 83.607 100.424 112.579 113.070 111.162 90.645
-388.006 -424.724 -445.303 -462.803 -483.819 -503.501 -522.821 -547.952 -570.008 -591.584 -587.216 -575.350 -562.028 -570.049 -574.838 -578.013 -589.399 -602.542 -615.642 -611.958 -597.860 -581.891 -576.033 -570.319 -563.321 -563.492 -569.594 -577.901 -572.804 -560.662 -546.151 -525.518 -504.454 -484.330 -466.275 -446.255 -425.204 -403.905 -380.943 -357.360 -340.745 -320.095 -298.328 -280.004 -268.324 -253.441 -229.570 -212.285 -192.700 -172.937 -157.968 -131.534 -100.580 -64.044 -28.349 2.226 16.148 29.017 40.282 57.038 76.702 94.297 109.014 111.171
-520.342 -539.264 -556.809 -574.173 -591.669 -610.836 -629.703 -648.706 -669.605 -689.599 -684.274 -670.712 -657.577 -656.114 -659.022 -661.960 -669.920 -683.137 -695.572 -687.787 -672.495 -657.337 -648.079 -641.747 -635.555 -638.417 -646.551 -654.194 -646.929 -632.382 -618.005 -600.810 -580.445 -560.130 -540.161 -519.335 -498.536 -475.662 -452.178 -428.624 -406.076 -384.621 -363.559 -353.216 -342.708 -333.447 -317.055 -300.065 -280.791 -259.893 -238.819 -211.051 -173.394 -135.567 -99.538 -65.050 -41.627 -24.444 -9.623 10.478 31.586 49.365 64.763 78.502
-610.373 -633.278 -650.552 -660.347 -674.557 -693.455 -706.814 -723.312 -743.300 -745.568 -741.261 -728.133 -725.022 -724.227 -727.163 -728.237 -733.341 -745.879 -741.109 -733.144 -718.012 -707.015 -697.919 -691.683 -687.532 -688.496 -696.237 -694.255 -687.121 -672.737 -661.250 -646.213 -625.902 -609.158 -590.489 -569.663 -548.268 -525.723 -501.985 -476.533 -453.541 -434.598 -425.196 -414.983 -408.266 -412.384 -398.447 -384.320 -369.830 -349.027 -328.143 -301.002 -263.604 -222.041 -179.494 -143.358 -107.402 -86.743 -65.256 -43.091 -20.063 1.387 18.796 32.770
-702.039 -726.284 -735.887 -746.005 -757.306 -770.541 -783.934 -797.153 -798.568 -800.691 -800.524 -797.797 -794.682 -792.281 -793.339 -794.444 -794.276 -789.554 -785.392 -779.880 -769.128 -758.187 -748.396 -744.390 -740.331 -737.913 -735.346 -733.032 -728.668 -717.342 -705.909 -692.824 -676.153 -659.352 -641.108 -619.718 -598.251 -575.354 -549.978 -524.508 -505.184 -495.631 -485.993 -481.766 -485.574 -489.302 -480.724 -468.782 -457.260 -437.272 -416.258 -395.599 -353.104 -307.053 -263.366 -228.356 -193.713 -163.997 -138.351 -114.517 -84.280 -58.397 -31.978 -14.387
-773.385 -791.751 -801.465 -811.280 -821.432 -834.789 -845.990 -848.755 -850.911 -852.901 -854.213 -850.735 -847.113 -842.964 -843.523 -843.363 -840.923 -836.788 -831.333 -822.483 -811.759 -800.191 -786.433 -782.239 -777.854 -772.720 -770.319 -767.436 -763.247 -751.984 -740.578 -728.366 -711.743 -694.609 -675.926 -654.314 -629.660 -601.283 -575.575 -550.315 -529.550 -520.886 -516.426 -517.857 -523.038 -534.362 -534.379 -522.945 -518.676 -504.464 -483.803 -470.056 -432.253 -387.229 -355.399 -320.817 -285.493 -242.468 -216.091 -185.278 -153.943 -123.230 -92.755 -76.009
-834.267 -853.296 -865.284 -875.462 -885.438 -894.433 -897.351 -900.445 -902.443 -903.714 -905.068 -902.402 -898.276 -894.185 -892.459 -890.012 -887.458 -881.745 -872.986 -864.320 -852.555 -838.222 -823.841 -818.190 -812.950 -807.673 -804.086 -800.105 -796.184 -785.848 -774.272 -762.719 -745.468 -727.388 -709.125 -683.823 -654.775 -625.786 -600.654 -575.850 -552.340 -548.936 -547.456 -548.028 -560.604 -575.608 -580.286 -576.892 -575.634 -565.768 -552.899 -540.185 -510.199 -480.059 -449.461 -413.493 -368.192 -323.064 -293.161 -262.031 -230.891 -202.246 -178.615 -158.727
