tests/3D/Borden05m_nopit_001/output_maps/psiliqL0014N0029.asc
ncols         160
nrows         34
xllcorner     620200.000000
yllcorner     5168000.000000
cellsize      0.500000
NODATA_value  -9999.0
[rows 0 to 27 of 34, columns 63 to 125 of 160]
-9999.000 -9999.000 -9999.000 -9999.000 -9999.000 -9999.000 -9999.000 -9999.000 -9999.000 -9999.000 -9999.000 -9999.000 -9999.000 -9999.000 -9999.000 -9999.000 -9999.000 -9999.000 -9999.000 -9999.000 -9999.000 -9999.000 -9999.000 -9999.000 -9999.000 -9999.000 -9999.000 -9999.000 -9999.000 -9999.000 -9999.000 -9999.000 -9999.000 -9999.000 -9999.000 -9999.000 -9999.000 -9999.000 -9999.000 -9999.000 -9999.000 -9999.000 -9999.000 -9999.000 -9999.000 -9999.000 -9999.000 -9999.000 -9999.000 -9999.000 -9999.000 -9999.000 -9999.000 -9999.000 -9999.000 -9999.000 -9999.000 -9999.000 -9999.000 -9999.000 -9999.000 -9999.000 -9999.000
976.718 967.311 958.762 954.570 953.430 952.431 951.823 956.849 964.678 972.154 979.144 981.417 983.717 985.799 986.151 984.826 981.509 978.139 974.679 973.096 965.029 953.640 944.850 942.082 946.471 950.935 953.452 959.291 970.052 980.916 989.556 1001.615 1007.669 1012.985 1016.148 1012.316 1009.066 1005.504 1000.533 989.626 -9999.000 -9999.000 -9999.000 -9999.000 -9999.000 -9999.000 -9999.000 -9999.000 -9999.000 -9999.000 -9999.000 -9999.000 -9999.000 -9999.000 -9999.000 -9999.000 -9999.000 -9999.000 -9999.000 -9999.000 -9999.000 -9999.000 -9999.000
960.712 951.837 946.341 940.682 938.510 938.323 938.152 942.022 952.030 959.812 964.397 966.761 969.229 968.696 968.018 967.586 964.601 961.087 957.625 955.757 956.195 948.544 942.969 939.472 937.688 940.221 942.663 946.200 955.738 963.972 972.239 986.750 999.395 1004.877 1002.620 997.951 994.466 988.027 978.194 968.081 958.467 951.767 946.584 941.195 947.586 954.617 964.749 974.621 986.778 999.027 -9999.000 -9999.000 -9999.000 -9999.000 -9999.000 -9999.000 -9999.000 -9999.000 -9999.000 -9999.000 -9999.000 -9999.000 -9999.000
947.944 944.149 939.181 933.647 941.911 942.846 943.659 946.674 949.441 952.502 955.032 960.197 968.992 971.525 971.872 971.840 969.854 966.605 964.681 961.829 956.532 955.277 955.406 954.981 959.814 961.300 963.160 956.669 960.396 966.724 973.715 980.340 987.182 991.308 988.361 987.966 979.982 966.604 955.994 947.963 946.527 943.682 936.190 923.792 931.348 947.260 952.160 955.683 967.489 979.874 990.223 992.642 992.391 992.118 989.507 975.753 961.146 946.355 927.795 -9999.000 -9999.000 -9999.000 -9999.000
949.869 946.405 943.769 955.586 964.384 965.680 968.159 971.487 970.724 958.703 956.108 964.064 974.076 979.549 979.519 979.192 976.815 975.618 975.091 972.782 973.277 975.453 975.066 979.403 984.934 987.843 980.341 971.426 972.524 980.488 988.883 996.432 1007.287 1018.872 1018.340 1013.309 1004.930 992.091 969.398 950.647 940.328 933.634 926.928 927.628 924.920 936.782 938.822 941.019 949.406 959.876 970.276 976.307 975.871 975.387 973.062 963.668 949.032 934.353 917.569 891.961 863.532 837.378 835.890
953.004 955.213 966.665 979.477 992.918 994.935 996.880 995.988 986.775 976.337 972.417 986.726 1002.564 1010.438 1010.667 1009.396 1015.708 1014.198 1012.423 1007.471 1009.213 1010.191 1019.517 1026.920 1033.915 1032.133 1020.238 1008.939 1007.699 1010.852 1014.604 1021.159 1031.685 1041.759 1037.263 1030.986 1022.044 994.686 968.957 953.299 954.346 955.318 951.192 948.800 946.373 940.219 940.320 939.954 939.781 952.049 964.763 968.386 962.247 958.630 956.496 948.153 937.156 921.857 905.033 886.074 858.005 851.554 842.838
992.115 999.193 1011.039 1027.102 1049.830 1051.547 1053.815 1055.750 1044.164 1031.625 1020.350 1038.006 1047.848 1055.968 1057.017 1066.115 1075.516 1070.792 1062.744 1052.242 1058.235 1069.366 1084.084 1090.656 1094.432 1093.014 1081.929 1076.311 1075.188 1077.818 1075.882 1080.933 1091.425 1106.893 1107.011 1099.319 1078.208 1042.736 1010.215 991.693 998.788 993.135 987.456 984.979 972.242 962.541 963.538 954.807 949.346 961.369 967.886 969.721 963.076 968.545 961.236 942.386 925.398 910.226 895.901 880.293 873.437 864.222 856.337
1026.022 1035.020 1052.663 1073.843 1096.079 1102.628 1104.288 1113.126 1106.273 1096.617 1088.191 1099.456 1110.888 1121.980 1130.950 1143.118 1154.118 1143.935 1131.561 1125.943 1130.953 1150.496 1167.558 1172.355 1173.372 1175.960 1166.819 1160.529 1154.275 1149.709 1144.451 1140.925 1159.807 1177.019 1176.271 1154.410 1132.024 1097.476 1061.729 1031.997 1033.902 1032.731 1033.473 1020.390 1006.726 992.334 984.575 976.820 963.967 970.343 975.910 985.824 994.890 996.263 979.893 962.533 943.332 924.943 910.745 905.487 900.029 890.225 883.582
1119.312 1125.193 1139.256 1161.360 1191.006 1210.266 1227.584 1231.048 1222.322 1213.169 1199.974 1198.082 1214.907 1226.268 1236.230 1246.317 1258.282 1263.196 1260.227 1259.508 1262.515 1269.611 1278.508 1284.922 1289.991 1295.290 1291.215 1281.151 1275.266 1267.078 1261.087 1259.127 1262.742 1274.928 1273.719 1248.492 1223.282 1193.193 1158.425 1129.569 1115.085 1123.791 1115.339 1099.340 1082.552 1050.471 1036.748 1023.071 995.868 993.152 1001.639 1014.555 1025.031 1010.460 994.199 976.083 955.889 936.942 930.187 928.789 925.769 919.669 916.983
1231.537 1235.124 1241.538 1272.342 1305.388 1332.752 1355.489 1363.085 1352.264 1342.294 1330.137 1320.596 1324.777 1338.737 1354.858 1369.947 1380.799 1384.167 1382.885 1383.064 1384.954 1387.746 1390.603 1396.612 1403.653 1413.391 1424.082 1418.142 1401.791 1390.065 1377.155 1372.948 1372.219 1371.544 1372.346 1365.217 1334.858 1308.150 1278.347 1252.499 1234.379 1223.781 1206.726 1186.582 1143.172 1106.007 1074.165 1050.113 1024.622 1024.866 1048.248 1081.008 1076.976 1065.485 1049.032 1024.908 1001.012 977.595 971.706 969.245 964.159 957.730 952.349
1349.822 1353.732 1359.444 1380.959 1416.934 1452.507 1480.945 1483.799 1473.718 1463.061 1452.654 1441.650 1438.082 1445.900 1456.945 1472.900 1483.927 1493.076 1492.136 1492.483 1492.927 1494.861 1496.567 1498.514 1505.536 1517.379 1528.710 1529.677 1516.259 1499.616 1482.876 1476.566 1471.400 1466.292 1467.248 1468.816 1461.905 1437.968 1403.868 1363.882 1340.466 1321.976 1311.162 1297.343 1273.116 1223.803 1195.481 1163.190 1132.441 1117.034 1161.816 1164.892 1154.451 1140.502 1117.221 1090.983 1066.356 1041.735 1034.486 1029.664 1022.109 1016.068 1007.959
1462.417 1467.542 1476.420 1492.005 1515.209 1543.293 1569.059 1585.334 1580.929 1567.881 1550.328 1544.721 1543.241 1545.230 1551.832 1559.992 1575.423 1591.204 1596.488 1597.200 1594.751 1596.764 1597.845 1597.864 1598.994 1603.930 1611.102 1613.715 1608.846 1592.866 1573.032 1559.473 1551.503 1547.535 1546.261 1548.390 1548.947 1537.953 1510.176 1473.743 1442.755 1423.303 1409.449 1397.685 1388.431 1370.152 1354.178 1325.564 1284.565 1252.480 1259.518 1250.977 1240.148 1216.884 1188.416 1162.511 1131.600 1103.105 1087.871 1082.194 1077.530 1070.888 1060.106
1564.921 1573.822 1588.575 1607.113 1620.773 1637.356 1658.296 1670.641 1676.020 1676.085 1674.596 1676.305 1676.461 1647.590 1650.807 1653.966 1661.849 1670.357 1673.170 1673.463 1672.288 1673.396 1673.747 1673.858 1673.511 1673.667 1676.004 1676.894 1675.783 1668.823 1673.147 1656.305 1644.605 1637.354 1629.940 1621.829 1612.814 1603.846 1588.362 1562.650 1531.116 1506.194 1496.508 1491.325 1485.915 1481.853 1468.169 1448.587 1419.801 1383.797 1353.616 1346.208 1330.998 1303.510 1280.669 1263.967 1230.452 1198.503 1176.800 1169.788 1155.238 1139.110 1124.809
1659.896 1671.736 1684.792 1678.679 1682.522 1686.500 1690.452 1691.809 1692.197 1692.018 1689.820 1689.461 1687.784 1683.319 1673.881 1675.377 1676.899 1679.384 1682.883 1681.580 1682.500 1685.391 1683.892 1678.440 1674.871 1673.311 1673.794 1680.856 1683.963 1684.743 1683.569 1682.887 1682.415 1680.830 1678.852 1676.066 1672.505 1676.786 1667.058 1644.376 1612.164 1578.345 1566.281 1563.634 1564.898 1563.065 1558.075 1541.186 1515.938 1481.997 1446.152 1433.005 1420.609 1408.223 1396.845 1381.944 1346.183 1310.536 1284.415 1268.304 1243.596 1223.891 1205.882
1693.932 1695.108 1691.910 1688.561 1683.970 1682.763 1681.536 1679.221 1679.899 1678.027 1674.218 1670.787 1664.405 1653.834 1642.682 1640.139 1644.694 1649.711 1654.043 1657.281 1660.582 1661.580 1656.889 1649.183 1642.238 1640.381 1646.767 1652.236 1657.478 1658.134 1656.773 1654.768 1654.956 1652.485 1652.943 1659.290 1672.319 1677.704 1680.407 1679.986 1672.247 1658.258 1652.774 1633.976 1638.065 1633.993 1623.326 1603.573 1581.274 1553.386 1526.173 1504.131 1496.690 1491.977 1486.087 1476.247 1442.691 1410.034 1379.929 1356.980 1331.851 1308.850 1287.681
1682.050 1683.388 1676.641 1668.658 1662.019 1655.531 1653.617 1652.584 1652.110 1652.366 1647.304 1639.688 1624.689 1613.469 1602.538 1596.691 1594.725 1599.553 1609.325 1618.934 1623.516 1616.733 1609.391 1598.905 1591.036 1591.310 1593.416 1602.246 1616.073 1620.697 1621.285 1616.068 1611.384 1605.398 1603.176 1609.639 1624.029 1638.754 1651.974 1659.786 1666.780 1672.981 1676.059 1677.264 1677.889 1676.820 1675.962 1661.056 1640.828 1617.518 1594.566 1569.604 1563.638 1561.957 1558.168 1556.112 1528.400 1494.889 1462.421 1435.101 1409.397 1386.127 1364.059
1652.504 1649.411 1643.144 1633.509 1623.186 1614.029 1608.155 1609.213 1611.574 1612.781 1606.707 1592.827 1576.163 1563.311 1549.931 1546.236 1541.533 1537.208 1547.647 1564.703 1570.919 1557.473 1547.751 1533.772 1526.651 1523.538 1524.927 1534.047 1553.643 1572.884 1573.957 1564.079 1554.318 1549.288 1546.303 1552.002 1569.064 1588.045 1602.056 1610.999 1616.071 1623.626 1632.604 1644.461 1657.171 1667.755 1675.460 1679.570 1677.464 1671.338 1659.510 1639.400 1626.348 1617.335 1612.268 1604.458 1583.552 1557.006 1531.119 1505.099 1483.105 1464.269 1439.237
1612.526 1607.101 1600.725 1586.536 1575.241 1564.089 1551.202 1548.432 1545.931 1548.073 1537.578 1528.231 1510.705 1495.980 1481.005 1470.750 1465.296 1459.638 1463.241 1478.318 1487.202 1474.570 1464.536 1452.175 1446.311 1443.014 1444.857 1454.872 1476.210 1494.318 1500.961 1492.749 1487.596 1484.950 1483.088 1487.980 1500.907 1519.270 1539.066 1554.255 1562.711 1569.512 1578.700 1592.239 1605.295 1618.359 1634.546 1653.848 1667.748 1676.490 1679.595 1678.918 1675.064 1672.036 1662.455 1651.569 1634.404 1611.445 1585.392 1559.815 1542.671 1525.812 1508.357
1570.258 1564.867 1549.703 1503.902 1486.816 1470.098 1455.979 1451.255 1444.803 1436.771 1428.582 1423.031 1418.075 1403.584 1386.936 1371.246 1366.547 1362.805 1353.034 1356.607 1359.443 1365.144 1358.087 1352.961 1351.337 1348.765 1351.506 1364.664 1375.525 1384.499 1390.117 1388.832 1395.173 1400.476 1404.102 1418.679 1430.346 1446.140 1465.865 1488.141 1500.319 1508.677 1518.439 1532.852 1548.271 1564.543 1585.648 1609.002 1623.736 1633.839 1644.852 1656.646 1669.792 1677.531 1682.843 1681.773 1676.859 1656.218 1631.228 1610.958 1593.508 1579.050 1565.024
1517.796 1510.367 1468.918 1428.584 1397.780 1381.437 1360.894 1350.801 1340.391 1313.854 1300.410 1296.270 1303.527 1295.671 1279.794 1266.831 1259.167 1252.638 1239.515 1229.532 1234.536 1247.603 1244.015 1243.088 1247.609 1245.906 1241.805 1245.692 1259.103 1266.099 1275.200 1286.448 1289.671 1298.453 1324.041 1335.965 1349.418 1367.501 1387.372 1408.240 1427.161 1439.041 1452.307 1469.635 1485.101 1504.430 1526.352 1553.504 1571.938 1585.026 1595.304 1605.668 1620.170 1638.881 1655.286 1671.011 1681.135 1681.433 1675.160 1655.385 1638.168 1623.647 1614.658
1425.973 1407.133 1362.261 1324.901 1298.316 1278.361 1256.604 1239.187 1212.592 1182.659 1163.894 1172.093 1180.902 1184.288 1171.691 1160.189 1150.968 1137.286 1122.350 1110.478 1119.528 1128.032 1137.903 1141.779 1145.290 1148.089 1146.589 1140.761 1143.699 1151.512 1160.676 1170.098 1183.324 1211.711 1234.239 1249.584 1268.125 1286.062 1306.616 1328.379 1348.201 1362.690 1379.463 1396.985 1416.367 1435.504 1458.595 1486.057 1509.027 1523.101 1536.148 1548.810 1566.715 1588.569 1609.448 1632.012 1651.729 1663.150 1674.934 1681.663 1678.532 1665.540 1652.460
1314.324 1278.938 1239.405 1209.635 1190.246 1168.427 1147.647 1122.896 1093.634 1070.100 1051.687 1060.222 1068.704 1082.218 1071.775 1062.232 1057.348 1043.192 1029.982 1015.652 1023.120 1033.322 1051.283 1055.503 1058.798 1065.806 1064.431 1061.188 1050.363 1057.838 1067.181 1079.593 1105.914 1128.358 1150.050 1169.208 1187.160 1207.174 1228.523 1250.220 1273.554 1290.844 1307.875 1327.503 1345.946 1362.173 1380.965 1405.257 1426.232 1444.563 1464.029 1478.210 1500.951 1528.911 1555.654 1586.503 1607.859 1622.339 1634.442 1646.406 1663.809 1673.885 1675.329
1158.999 1128.182 1098.743 1086.796 1071.956 1051.931 1033.016 1014.131 990.785 970.494 947.774 952.863 966.649 981.767 977.911 975.745 973.463 963.116 949.956 936.710 940.459 955.855 972.689 980.333 986.883 994.162 993.882 986.219 977.047 981.836 995.139 1010.086 1029.122 1049.662 1069.693 1088.333 1108.964 1130.234 1151.744 1175.017 1199.442 1217.536 1238.948 1261.308 1278.405 1288.387 1299.820 1321.373 1337.688 1357.769 1378.417 1394.355 1420.750 1452.904 1491.251 1528.423 1562.690 1577.950 1590.556 1600.758 1616.292 1635.539 1653.577
1041.280 1013.313 1000.050 984.027 969.024 953.434 934.377 917.124 900.432 879.833 864.471 870.935 884.698 895.917 899.865 897.503 895.012 888.208 874.812 865.991 874.765 890.016 904.531 914.751 921.282 926.950 923.924 915.236 909.462 916.942 931.661 945.381 961.191 981.225 1000.919 1021.012 1041.946 1062.661 1085.577 1109.140 1133.107 1156.953 1178.180 1197.584 1206.643 1216.073 1220.670 1234.120 1250.020 1267.708 1288.650 1310.571 1336.918 1374.824 1413.599 1450.969 1487.414 1515.603 1533.522 1548.663 1567.836 1587.939 1604.672
964.238 936.263 912.800 898.320 890.726 877.777 860.345 848.488 832.925 817.644 819.313 822.587 833.764 834.945 836.005 833.475 832.770 829.051 819.382 827.251 834.611 848.976 859.520 868.834 874.808 878.621 878.456 872.111 875.600 882.071 895.885 906.916 920.906 940.581 956.849 975.010 995.744 1017.091 1039.437 1063.230 1088.986 1111.893 1129.578 1137.129 1146.161 1149.907 1142.096 1153.990 1166.635 1178.650 1198.748 1218.935 1242.642 1279.671 1322.359 1367.027 1403.468 1442.987 1466.203 1488.556 1509.865 1532.891 1554.004
877.304 849.653 827.617 820.567 810.509 800.074 788.025 775.052 764.992 767.185 765.239 764.425 765.297 768.434 771.469 770.855 769.969 771.435 778.833 783.146 788.617 798.554 809.596 820.214 824.007 828.103 831.382 835.241 837.668 841.507 852.229 863.566 876.038 892.020 908.767 926.722 947.996 969.762 993.051 1018.423 1044.287 1064.160 1072.657 1081.635 1084.068 1078.091 1072.610 1078.138 1089.250 1097.927 1115.738 1136.397 1151.633 1191.381 1237.931 1279.971 1314.982 1349.409 1384.436 1410.414 1434.358 1464.525 1490.536
809.523 785.939 769.675 759.939 750.100 740.086 727.468 718.493 717.691 715.554 713.708 712.096 715.518 719.291 723.727 723.654 724.350 727.126 731.431 737.444 746.582 757.328 769.220 783.791 788.342 792.844 798.334 800.884 803.923 807.902 818.833 830.212 842.038 858.468 875.611 893.998 915.602 940.440 969.215 995.117 1020.677 1042.678 1051.305 1055.019 1053.021 1046.573 1033.473 1031.594 1041.390 1043.473 1054.903 1073.702 1084.011 1115.433 1157.110 1186.107 1220.087 1256.627 1303.820 1331.088 1361.785 1391.748 1421.287
745.759 728.969 710.385 697.971 687.801 678.766 671.827 670.229 667.601 666.048 664.917 663.302 665.465 669.762 673.859 676.047 678.820 682.263 688.526 697.473 705.875 717.662 732.202 747.072 753.451 758.838 764.485 768.486 772.564 776.245 786.164 797.614 808.301 825.208 843.323 861.923 887.066 916.127 945.570 971.015 995.894 1020.666 1023.981 1025.060 1024.348 1010.340 995.110 988.617 990.709 991.433 996.944 1007.990 1019.053 1043.173 1068.841 1097.051 1132.032 1178.021 1222.853 1254.096 1283.868 1313.108 1338.721
