tests/3D/Borden05m_nopit_001/output_maps/psiliqL0017N0003.asc
ncols         160
nrows         34
xllcorner     620200.000000
yllcorner     5168000.000000
cellsize      0.500000
NODATA_value  -9999.0
[rows 0 to 27 of 34, columns 62 to 123 of 160]
-9999.000 -9999.000 -9999.000 -9999.000 -9999.000 -9999.000 -9999.000 -9999.000 -9999.000 -9999.000 -9999.000 -9999.000 -9999.000 -9999.000 -9999.000 -9999.000 -9999.000 -9999.000 -9999.000 -9999.000 -9999.000 -9999.000 -9999.000 -9999.000 -9999.000 -9999.000 -9999.000 -9999.000 -9999.000 -9999.000 -9999.000 -9999.000 -9999.000 -9999.000 -9999.000 -9999.000 -9999.000 -9999.000 -9999.000 -9999.000 -9999.000 -9999.000 -9999.000 -9999.000 -9999.000 -9999.000 -9999.000 -9999.000 -9999.000 -9999.000 -9999.000 -9999.000 -9999.000 -9999.000 -9999.000 -9999.000 -9999.000 -9999.000 -9999.000 -9999.000 -9999.000 -9999.000
1585.216 1576.293 1566.902 1558.517 1554.319 1553.163 1552.193 1551.567 1556.537 1564.407 1571.902 1578.847 1581.141 1583.438 1585.449 1585.757 1584.466 1581.157 1577.781 1574.328 1572.707 1564.812 1553.486 1544.813 1542.063 1546.397 1550.830 1553.333 1559.006 1569.674 1580.473 1589.101 1601.291 1607.592 1612.924 1615.952 1612.093 1608.851 1605.200 1599.949 1589.003 -9999.000 -9999.000 -9999.000 -9999.000 -9999.000 -9999.000 -9999.000 -9999.000 -9999.000 -9999.000 -9999.000 -9999.000 -9999.000 -9999.000 -9999.000 -9999.000 -9999.000 -9999.000 -9999.000 -9999.000 -9999.000
1565.232 1560.389 1551.597 1546.182 1540.552 1538.244 1538.086 1537.908 1541.705 1551.880 1559.645 1564.203 1566.615 1569.159 1568.347 1567.626 1567.229 1564.250 1560.728 1557.273 1555.397 1556.081 1548.438 1542.752 1539.151 1537.070 1539.654 1542.159 1545.960 1555.406 1563.560 1571.757 1586.442 1599.230 1604.776 1602.461 1597.828 1594.278 1587.614 1577.568 1567.502 1558.285 1551.762 1546.568 1540.956 1547.391 1554.671 1564.637 1574.265 1586.434 1598.713 -9999.000 -9999.000 -9999.000 -9999.000 -9999.000 -9999.000 -9999.000 -9999.000 -9999.000 -9999.000 -9999.000
1545.090 1547.719 1544.046 1539.094 1532.971 1541.650 1542.575 1543.332 1546.362 1548.878 1552.429 1554.906 1560.089 1568.904 1571.483 1571.829 1571.794 1569.787 1566.517 1564.565 1561.709 1556.402 1554.998 1554.996 1554.347 1558.987 1560.480 1562.605 1556.369 1560.276 1566.591 1573.584 1579.941 1586.619 1590.359 1587.344 1587.218 1579.171 1565.755 1555.366 1547.512 1546.529 1543.695 1536.135 1523.448 1531.237 1547.244 1552.160 1555.491 1567.161 1579.576 1590.051 1592.749 1592.559 1592.343 1589.726 1576.029 1561.475 1546.674 1528.141 -9999.000 -9999.000
1551.826 1549.848 1546.335 1543.230 1554.661 1563.297 1564.580 1567.011 1570.462 1570.074 1558.318 1555.838 1563.594 1573.488 1578.851 1578.847 1578.483 1575.754 1574.543 1574.075 1571.875 1572.097 1574.100 1573.184 1577.160 1582.668 1585.676 1578.751 1569.971 1571.364 1579.461 1588.048 1595.619 1606.313 1617.711 1617.405 1612.531 1604.154 1591.451 1568.859 1550.461 1540.023 1533.048 1526.247 1527.568 1524.411 1536.815 1538.845 1541.177 1549.351 1559.847 1570.384 1576.535 1576.107 1575.624 1573.333 1563.968 1549.382 1534.745 1517.852 1492.136 1463.725
1552.832 1552.221 1553.952 1564.675 1577.184 1590.020 1591.988 1593.863 1592.841 1584.028 1573.601 1569.971 1583.987 1600.016 1607.858 1607.879 1605.815 1611.298 1610.181 1608.964 1604.401 1605.873 1605.986 1614.318 1621.780 1629.012 1627.336 1615.323 1603.772 1602.836 1606.578 1611.145 1617.969 1628.415 1638.267 1633.721 1627.761 1619.256 1592.385 1567.487 1552.225 1553.146 1554.119 1549.973 1547.731 1545.747 1540.171 1540.363 1539.941 1539.811 1552.141 1565.064 1568.741 1562.532 1558.885 1556.799 1548.662 1537.625 1522.290 1505.513 1486.488 1458.545
1587.657 1589.310 1596.034 1607.463 1622.642 1645.063 1646.173 1647.948 1649.038 1637.103 1624.381 1613.421 1632.163 1642.283 1650.139 1650.256 1658.330 1667.521 1663.075 1655.460 1644.562 1650.446 1660.398 1675.212 1682.118 1686.268 1684.061 1672.279 1666.381 1665.931 1669.532 1668.391 1674.359 1684.432 1699.781 1699.563 1693.006 1672.248 1636.445 1604.786 1587.804 1596.026 1590.428 1584.625 1582.801 1570.551 1561.544 1562.997 1554.504 1549.317 1561.564 1568.262 1570.058 1563.191 1568.648 1561.568 1542.323 1525.541 1510.644 1496.440 1480.560 1474.063
1612.099 1617.877 1627.130 1644.697 1665.032 1686.648 1691.197 1690.774 1699.790 1692.893 1682.932 1674.726 1688.516 1699.598 1710.458 1718.600 1730.873 1741.719 1729.947 1716.399 1709.579 1715.086 1736.132 1754.523 1759.317 1759.847 1761.648 1750.971 1745.052 1739.518 1736.189 1731.602 1728.504 1749.011 1767.321 1766.730 1744.984 1722.550 1686.786 1650.587 1622.257 1626.978 1625.314 1626.748 1614.471 1601.357 1588.840 1582.465 1575.089 1563.145 1570.291 1575.693 1585.209 1593.874 1596.147 1579.836 1562.536 1543.463 1525.374 1511.347 1505.929 1500.410
1692.441 1704.354 1710.754 1725.889 1746.716 1775.377 1792.828 1808.605 1812.178 1803.861 1794.855 1781.952 1781.842 1800.428 1811.850 1821.395 1831.052 1843.181 1846.954 1842.996 1841.994 1845.339 1854.030 1864.318 1870.814 1875.381 1880.009 1873.650 1862.882 1857.972 1850.476 1845.685 1844.032 1849.625 1863.919 1862.230 1834.203 1808.616 1777.322 1741.689 1712.755 1700.404 1711.739 1704.916 1688.924 1673.778 1643.299 1631.799 1619.275 1593.191 1591.275 1598.578 1610.791 1622.529 1608.586 1592.434 1574.686 1554.805 1536.552 1529.846 1528.539 1525.674
1809.952 1816.563 1820.019 1826.422 1857.610 1890.827 1917.587 1940.320 1947.801 1936.602 1926.675 1914.173 1904.815 1910.717 1925.506 1942.013 1957.058 1968.028 1971.072 1969.714 1969.863 1972.060 1974.905 1978.130 1984.763 1991.959 2001.429 2011.452 2004.382 1987.876 1976.775 1964.855 1961.519 1961.337 1961.818 1962.705 1953.172 1919.893 1891.968 1861.608 1837.367 1820.518 1812.573 1795.277 1774.130 1728.772 1691.637 1660.008 1637.400 1612.901 1615.275 1637.446 1672.980 1671.117 1659.648 1643.718 1619.974 1596.556 1574.148 1569.046 1567.039 1562.380
1931.445 1935.796 1939.306 1944.251 1967.107 2004.520 2041.073 2070.233 2072.322 2061.299 2050.464 2040.384 2028.513 2024.848 2033.901 2046.070 2063.142 2074.021 2082.390 2080.845 2081.160 2081.955 2083.997 2085.817 2088.203 2095.907 2108.592 2120.748 2121.249 2106.407 2089.426 2072.873 2067.554 2063.095 2058.045 2059.372 2061.038 2051.843 2026.030 1990.473 1950.398 1928.715 1911.113 1900.315 1885.742 1857.406 1803.737 1772.661 1739.058 1709.339 1698.340 1749.270 1756.673 1746.309 1733.361 1710.712 1684.195 1660.199 1636.553 1630.875 1626.568 1619.303
2044.361 2050.923 2055.426 2063.471 2079.310 2104.846 2134.865 2161.665 2177.720 2172.430 2158.098 2139.325 2132.618 2130.763 2133.177 2140.545 2149.940 2166.449 2183.193 2188.609 2189.367 2186.857 2188.981 2190.191 2190.238 2191.842 2197.722 2205.613 2208.431 2202.799 2185.481 2164.684 2151.698 2144.116 2140.300 2139.631 2142.564 2143.833 2131.853 2102.028 2063.502 2032.792 2014.475 2000.924 1988.597 1978.553 1956.528 1939.305 1908.736 1865.954 1834.995 1850.248 1842.053 1831.513 1808.508 1779.404 1752.097 1721.560 1694.220 1681.149 1676.370 1672.935
2151.917 2156.235 2164.723 2179.562 2199.373 2214.470 2232.667 2255.119 2268.512 2273.859 2273.462 2271.286 2272.858 2273.068 2235.024 2239.064 2243.057 2253.431 2263.803 2267.363 2267.750 2266.206 2267.512 2267.976 2268.031 2267.679 2268.422 2271.503 2272.680 2271.225 2262.739 2270.824 2253.127 2240.957 2233.455 2225.826 2217.687 2208.573 2199.373 2182.683 2155.608 2123.337 2099.347 2090.159 2084.768 2078.588 2074.139 2059.625 2039.261 2008.862 1971.936 1944.128 1938.231 1922.908 1893.771 1869.146 1851.143 1817.212 1786.013 1765.970 1760.710 1748.095
2252.193 2256.612 2269.017 2283.042 2274.253 2279.310 2284.544 2289.744 2291.530 2292.041 2291.805 2289.555 2289.083 2287.206 2283.008 2273.293 2274.820 2276.459 2278.981 2282.544 2281.295 2282.268 2285.177 2283.609 2277.999 2274.294 2272.733 2273.358 2280.525 2283.739 2284.573 2282.810 2282.066 2281.459 2279.389 2276.804 2273.161 2268.500 2275.649 2265.310 2241.204 2206.849 2171.075 2160.223 2158.803 2159.746 2158.045 2152.949 2135.927 2110.140 2075.292 2038.795 2027.429 2014.706 2000.789 1988.317 1972.515 1935.874 1900.237 1875.291 1860.890 1836.871
2290.684 2293.104 2294.809 2291.662 2288.405 2283.734 2282.431 2281.170 2278.822 2279.488 2277.612 2273.735 2270.140 2263.331 2252.492 2241.334 2238.515 2243.004 2248.185 2252.741 2256.308 2259.725 2260.457 2255.556 2247.656 2240.549 2238.749 2245.272 2250.820 2256.414 2257.135 2255.770 2253.640 2253.718 2251.040 2251.442 2258.000 2271.513 2276.197 2279.790 2279.278 2269.144 2250.792 2249.944 2230.880 2235.540 2231.384 2220.597 2200.491 2177.727 2148.999 2120.945 2099.871 2092.600 2087.756 2081.754 2070.980 2036.129 2003.218 1973.704 1951.830 1926.909
2274.669 2281.552 2282.817 2275.989 2267.847 2261.050 2254.311 2252.282 2251.379 2250.966 2251.291 2246.168 2238.096 2222.555 2211.241 2200.276 2194.405 2191.948 2196.408 2206.580 2216.885 2221.593 2214.132 2206.490 2195.645 2187.724 2188.047 2189.867 2198.884 2213.533 2218.950 2219.598 2214.048 2208.882 2202.721 2200.279 2206.745 2221.397 2236.693 2250.583 2258.782 2266.002 2272.486 2274.341 2276.009 2276.925 2275.626 2275.882 2260.277 2239.126 2214.423 2190.909 2165.803 2160.598 2159.584 2156.081 2154.245 2125.383 2091.342 2058.716 2031.875 2006.286
2248.502 2251.219 2247.859 2241.567 2231.842 2221.339 2212.044 2205.709 2206.762 2209.128 2210.463 2204.069 2189.798 2172.834 2159.821 2146.318 2142.565 2137.547 2132.328 2142.682 2160.462 2166.994 2152.839 2142.807 2128.503 2121.530 2118.181 2119.408 2128.477 2148.860 2169.417 2170.767 2160.602 2150.544 2145.600 2142.559 2147.972 2164.950 2184.437 2199.025 2208.391 2213.560 2221.210 2230.339 2242.894 2256.227 2267.350 2274.313 2279.761 2277.166 2269.305 2258.856 2237.791 2224.588 2216.157 2211.618 2204.344 2182.941 2155.940 2129.941 2104.170 2082.153
2213.390 2210.644 2205.050 2198.514 2182.601 2171.020 2159.417 2146.007 2142.956 2139.858 2141.733 2130.986 2122.027 2104.805 2089.934 2074.807 2063.736 2058.221 2052.294 2054.475 2069.121 2077.884 2066.104 2056.169 2044.278 2038.783 2035.472 2037.489 2047.619 2068.472 2086.635 2093.758 2085.781 2081.669 2079.739 2077.954 2083.225 2095.574 2113.822 2134.317 2150.527 2159.382 2166.226 2175.451 2189.268 2202.657 2216.125 2232.870 2253.268 2267.893 2277.121 2279.685 2279.079 2274.330 2273.101 2263.488 2252.508 2234.889 2211.708 2185.754 2160.462 2143.723
2173.765 2168.010 2162.582 2145.417 2097.152 2079.025 2061.753 2047.107 2041.882 2034.934 2024.748 2016.466 2011.233 2008.234 1993.917 1977.075 1960.873 1956.145 1952.476 1940.663 1942.024 1944.242 1952.816 1946.040 1941.974 1941.315 1938.798 1941.143 1954.187 1964.184 1972.192 1978.111 1978.472 1985.942 1991.977 1997.376 2012.620 2024.044 2039.678 2059.537 2082.700 2095.756 2104.422 2114.360 2129.023 2144.670 2161.375 2182.880 2207.039 2222.347 2232.887 2244.308 2256.771 2270.700 2278.113 2284.630 2283.722 2279.464 2258.327 2232.655 2212.777 2195.847
2115.322 2113.207 2105.059 2060.039 2019.659 1988.106 1971.607 1950.303 1939.343 1927.377 1897.677 1883.211 1880.140 1889.528 1882.918 1867.254 1854.635 1846.535 1839.264 1824.913 1812.547 1817.857 1832.416 1830.088 1830.347 1835.794 1834.419 1829.596 1831.653 1844.661 1851.210 1860.852 1873.823 1877.469 1888.305 1916.066 1928.178 1941.992 1960.082 1980.026 2001.159 2021.016 2033.444 2047.195 2064.801 2080.583 2100.180 2122.299 2150.139 2169.466 2183.033 2193.609 2204.268 2219.242 2238.826 2256.389 2273.258 2283.726 2284.810 2277.316 2258.751 2241.532
2022.804 2017.376 1995.833 1949.037 1912.271 1886.680 1866.344 1844.370 1825.334 1795.902 1764.771 1745.276 1755.647 1765.208 1770.939 1758.748 1747.521 1738.263 1723.435 1708.022 1694.925 1704.539 1713.094 1725.500 1730.215 1733.839 1737.489 1735.987 1728.760 1729.423 1737.247 1746.539 1756.597 1772.043 1802.292 1825.320 1841.341 1860.284 1878.295 1898.938 1920.897 1941.405 1956.470 1973.566 1991.268 2010.981 2030.065 2053.056 2080.725 2104.604 2119.325 2133.117 2146.198 2164.729 2187.412 2209.215 2232.950 2253.715 2266.302 2279.043 2285.743 2282.670
1913.866 1899.317 1860.758 1820.808 1793.703 1776.269 1754.261 1733.620 1707.884 1677.516 1654.683 1635.833 1645.014 1654.125 1669.577 1659.711 1651.028 1646.758 1632.349 1619.182 1604.306 1611.473 1622.236 1641.743 1646.462 1649.990 1657.655 1656.435 1652.764 1640.005 1647.202 1656.863 1669.802 1697.321 1719.673 1741.423 1761.131 1779.302 1799.545 1820.956 1842.829 1866.817 1884.559 1901.970 1921.971 1940.491 1956.111 1974.128 1998.289 2019.337 2038.535 2058.946 2073.490 2096.974 2125.962 2154.153 2186.451 2209.225 2224.553 2237.374 2250.051 2268.914
1778.544 1737.497 1705.778 1679.112 1670.453 1656.628 1636.980 1618.357 1599.639 1576.973 1557.355 1534.198 1539.562 1554.080 1569.883 1567.614 1566.448 1564.508 1554.557 1541.392 1528.092 1531.868 1547.760 1564.926 1573.253 1580.125 1587.515 1587.199 1578.946 1569.452 1574.132 1587.887 1603.012 1621.455 1641.812 1661.828 1680.716 1701.609 1722.997 1744.628 1768.068 1792.872 1811.599 1833.381 1856.062 1872.805 1882.273 1892.550 1913.406 1929.573 1950.103 1971.395 1988.065 2014.874 2047.990 2087.618 2126.037 2162.503 2179.177 2192.718 2203.692 2220.099
1655.962 1625.355 1597.564 1586.457 1571.014 1556.909 1542.046 1523.032 1506.393 1490.582 1470.097 1456.500 1463.398 1477.238 1487.728 1492.623 1490.470 1488.150 1481.788 1468.324 1460.881 1470.034 1485.271 1499.544 1510.133 1516.743 1522.215 1519.133 1510.239 1505.184 1512.753 1527.549 1541.030 1556.326 1576.251 1595.729 1615.893 1636.897 1657.615 1680.588 1704.228 1728.410 1752.818 1774.037 1792.904 1801.584 1810.734 1813.709 1826.219 1841.920 1859.257 1880.517 1903.115 1929.341 1967.839 2007.558 2046.122 2084.106 2115.028 2134.285 2150.767 2170.983
1581.664 1553.258 1525.459 1501.783 1488.367 1481.612 1469.144 1452.270 1440.986 1425.779 1412.291 1415.460 1418.341 1428.775 1429.222 1430.383 1428.008 1427.445 1424.255 1415.679 1424.730 1431.861 1445.937 1456.310 1465.709 1471.587 1475.275 1475.420 1469.612 1473.682 1479.909 1493.515 1504.384 1517.990 1537.438 1553.546 1571.537 1592.265 1613.628 1635.938 1659.799 1685.728 1708.669 1725.954 1732.891 1741.582 1744.324 1735.257 1746.550 1758.840 1770.160 1790.282 1810.548 1833.355 1870.725 1914.410 1960.551 1997.886 2039.666 2064.908 2088.809 2111.208
1496.469 1468.148 1440.775 1419.580 1413.503 1403.468 1393.363 1381.766 1368.953 1360.096 1363.664 1361.786 1360.598 1360.763 1363.909 1367.187 1366.743 1365.941 1367.902 1376.321 1380.693 1386.149 1395.778 1406.861 1417.796 1421.512 1425.626 1429.238 1433.594 1436.070 1439.718 1450.219 1461.532 1473.784 1489.520 1506.266 1524.135 1545.392 1567.307 1590.784 1616.202 1642.273 1662.421 1670.592 1679.411 1681.266 1674.590 1668.588 1673.129 1684.129 1691.964 1709.229 1730.090 1743.654 1782.821 1830.108 1872.161 1907.922 1943.142 1981.211 2008.505 2033.876
1430.576 1402.507 1379.968 1364.505 1354.761 1344.913 1334.951 1322.615 1314.488 1314.434 1312.305 1310.513 1308.788 1312.188 1316.020 1320.565 1320.679 1321.578 1324.484 1328.855 1335.082 1344.331 1355.087 1367.105 1381.988 1386.678 1391.230 1396.859 1399.471 1402.576 1406.483 1417.297 1428.678 1440.369 1456.742 1473.908 1492.206 1513.835 1538.778 1567.743 1593.766 1619.496 1642.033 1650.723 1654.242 1652.133 1645.327 1631.696 1629.278 1638.650 1640.138 1650.784 1669.200 1678.582 1708.022 1748.951 1777.485 1811.953 1849.793 1899.551 1928.294 1960.275
1361.589 1340.543 1324.488 1306.074 1293.498 1283.331 1274.654 1268.499 1267.404 1264.954 1263.570 1262.493 1260.779 1262.751 1267.113 1271.212 1273.578 1276.475 1280.258 1286.731 1295.751 1304.054 1315.851 1330.473 1345.532 1352.192 1357.637 1363.429 1367.595 1371.715 1375.313 1385.082 1396.495 1406.865 1423.658 1441.804 1460.556 1485.668 1514.767 1544.423 1570.034 1594.997 1620.315 1623.672 1624.687 1624.026 1609.595 1594.422 1587.406 1589.199 1589.950 1594.074 1604.743 1615.548 1637.868 1662.340 1690.234 1725.526 1772.579 1818.228 1851.060 1881.567
