tests/3D/Borden05m_nopit_001/output_maps/psiliqL0024N0002.asc
ncols         160
nrows         34
xllcorner     620200.000000
yllcorner     5168000.000000
cellsize      0.500000
NODATA_value  -9999.0
[rows 0 to 27 of 34, columns 62 to 123 of 160]
-9999.000 -9999.000 -9999.000 -9999.000 -9999.000 -9999.000 -9999.000 -9999.000 -9999.000 -9999.000 -9999.000 -9999.000 -9999.000 -9999.000 -9999.000 -9999.000 -9999.000 -9999.000 -9999.000 -9999.000 -9999.000 -9999.000 -9999.000 -9999.000 -9999.000 -9999.000 -9999.000 -9999.000 -9999.000 -9999.000 -9999.000 -9999.000 -9999.000 -9999.000 -9999.000 -9999.000 -9999.000 -9999.000 -9999.000 -9999.000 -9999.000 -9999.000 -9999.000 -9999.000 -9999.000 -9999.000 -9999.000 -9999.000 -9999.000 -9999.000 -9999.000 -9999.000 -9999.000 -9999.000 -9999.000 -9999.000 -9999.000 -9999.000 -9999.000 -9999.000 -9999.000 -9999.000
2983.926 2975.298 2965.946 2957.945 2953.731 2952.538 2951.635 2950.966 2955.809 2963.773 2971.310 2978.152 2980.492 2982.782 2984.625 2984.832 2983.619 2980.327 2976.936 2973.499 2971.787 2964.294 2953.109 2944.709 2941.998 2946.200 2950.555 2953.022 2958.305 2968.747 2979.388 2987.982 3000.470 3007.336 3012.691 3015.394 3011.457 3008.220 3004.344 2998.420 2987.371 -9999.000 -9999.000 -9999.000 -9999.000 -9999.000 -9999.000 -9999.000 -9999.000 -9999.000 -9999.000 -9999.000 -9999.000 -9999.000 -9999.000 -9999.000 -9999.000 -9999.000 -9999.000 -9999.000 -9999.000 -9999.000
2964.047 2959.633 2951.036 2945.809 2940.246 2937.619 2937.530 2937.336 2940.964 2951.528 2959.250 2963.746 2966.272 2968.991 2967.528 2966.706 2966.389 2963.422 2959.882 2956.442 2954.545 2955.803 2948.175 2942.228 2938.379 2935.603 2938.301 2940.949 2945.361 2954.587 2962.547 2970.575 2985.654 2998.765 3004.449 3001.986 2997.424 2993.706 2986.497 2975.932 2965.953 2957.621 2951.474 2946.209 2940.031 2946.520 2954.327 2963.849 2972.843 2984.978 2997.280 -9999.000 -9999.000 -9999.000 -9999.000 -9999.000 -9999.000 -9999.000 -9999.000 -9999.000 -9999.000 -9999.000
2943.942 2947.192 2943.803 2938.889 2931.393 2941.041 2941.941 2942.567 2945.630 2947.562 2952.256 2954.608 2959.831 2968.694 2971.379 2971.722 2971.679 2969.624 2966.303 2964.283 2961.418 2956.085 2954.332 2954.020 2952.845 2957.031 2958.537 2961.275 2955.630 2959.950 2966.228 2973.217 2978.939 2985.225 2988.052 2984.866 2985.353 2977.140 2963.613 2953.718 2946.247 2946.288 2943.441 2935.679 2922.272 2930.553 2946.727 2951.620 2954.437 2965.716 2978.112 2988.749 2991.971 2991.789 2991.569 2988.797 2975.086 2960.502 2945.535 2926.958 -9999.000 -9999.000
2951.768 2949.797 2946.171 2941.971 2952.500 2960.759 2962.010 2964.330 2968.066 2968.553 2957.416 2955.205 2962.494 2972.110 2977.218 2977.272 2976.822 2973.270 2972.025 2971.692 2969.744 2969.330 2970.925 2968.774 2971.902 2977.352 2980.589 2975.006 2966.533 2968.612 2977.008 2986.038 2993.647 3003.958 3014.906 3015.112 3010.589 3002.197 2989.788 2967.409 2949.808 2939.057 2931.384 2924.320 2927.042 2922.783 2936.394 2938.336 2940.911 2948.505 2958.968 2969.707 2976.012 2975.471 2974.851 2972.493 2963.043 2948.411 2933.703 2916.367 2890.127 2861.507
2951.388 2950.390 2951.008 2960.031 2971.834 2983.255 2985.111 2986.820 2985.495 2977.615 2967.212 2964.260 2977.591 2994.067 3001.832 3001.366 2997.452 3000.999 3000.796 3000.880 2997.223 2998.063 2996.156 3002.165 3009.763 3017.545 3016.112 3003.817 2991.672 2991.438 2996.548 3003.005 3010.448 3020.695 3030.017 3025.338 3020.101 3012.596 2986.839 2963.851 2949.485 2950.076 2951.011 2946.772 2944.832 2943.827 2939.536 2939.870 2939.241 2939.124 2951.494 2964.791 2968.471 2961.964 2958.099 2955.971 2948.152 2936.846 2921.241 2904.370 2884.954 2857.065
2982.207 2982.764 2988.662 2999.115 3012.233 3033.937 3033.631 3034.255 3033.374 3020.625 3007.476 2997.250 3018.523 3029.293 3036.531 3034.473 3040.159 3048.858 3045.057 3038.454 3026.626 3032.256 3039.454 3054.487 3062.170 3067.188 3063.134 3049.721 3043.165 3044.276 3050.135 3050.842 3058.936 3068.020 3083.077 3082.060 3078.130 3058.174 3021.574 2991.899 2978.478 2989.294 2983.781 2977.641 2977.287 2966.112 2958.660 2961.101 2953.078 2948.438 2961.100 2968.102 2969.675 2962.149 2967.425 2960.718 2940.376 2923.884 2909.429 2895.291 2878.542 2872.638
2994.447 2998.869 3008.718 3026.110 3044.470 3064.639 3064.524 3059.237 3068.672 3061.669 3050.997 3043.302 3062.983 3073.250 3083.566 3089.778 3102.293 3112.778 3097.298 3081.006 3071.382 3078.045 3102.595 3124.083 3128.869 3128.256 3128.215 3113.951 3108.888 3105.027 3104.577 3101.542 3099.431 3123.717 3144.575 3144.330 3122.833 3100.263 3061.635 3024.350 2999.257 3010.508 3007.650 3010.649 3000.194 2988.299 2980.086 2976.855 2970.273 2960.351 2969.178 2974.069 2982.518 2990.093 2994.302 2977.956 2960.606 2941.629 2924.024 2910.164 2904.129 2898.207
3056.362 3069.452 3077.061 3094.697 3112.542 3138.909 3152.138 3164.318 3168.144 3160.781 3152.119 3139.898 3143.942 3166.637 3178.200 3186.774 3195.427 3207.936 3209.045 3202.774 3201.110 3205.242 3217.653 3231.181 3237.866 3241.255 3244.314 3232.619 3220.200 3217.559 3211.667 3209.663 3208.715 3218.906 3238.103 3235.272 3200.688 3174.196 3140.061 3102.377 3073.223 3065.805 3083.225 3080.147 3064.109 3052.724 3025.903 3019.501 3009.569 2985.983 2985.808 2990.212 3000.635 3015.151 3002.498 2986.407 2969.313 2949.941 2933.075 2926.233 2924.874 2922.097
3173.682 3181.621 3184.772 3191.150 3223.232 3256.851 3282.199 3304.922 3312.136 3300.052 3290.228 3276.918 3267.987 3277.905 3294.626 3312.032 3326.974 3338.219 3340.503 3338.967 3339.043 3341.955 3344.920 3349.000 3357.084 3364.637 3373.473 3381.930 3372.216 3355.337 3345.687 3336.063 3334.746 3335.822 3338.980 3340.044 3324.877 3284.755 3253.961 3222.262 3201.728 3187.797 3185.987 3168.068 3144.509 3094.527 3057.373 3026.145 3006.793 2984.488 2991.697 3010.889 3052.726 3055.742 3044.129 3029.210 3006.126 2983.581 2963.274 2959.736 2958.500 2954.540
3299.236 3303.068 3305.642 3308.799 3334.782 3375.551 3414.390 3445.237 3445.539 3432.319 3421.067 3411.748 3397.855 3393.964 3405.896 3420.685 3440.363 3450.893 3457.442 3454.483 3454.723 3456.333 3458.621 3460.705 3464.107 3473.399 3488.041 3502.116 3501.520 3483.345 3465.563 3449.433 3446.412 3443.582 3438.644 3440.815 3442.680 3428.123 3397.897 3358.897 3318.567 3300.876 3285.283 3274.454 3258.044 3220.028 3156.096 3118.484 3081.696 3054.244 3053.376 3118.481 3135.794 3125.407 3114.573 3093.164 3065.747 3042.957 3021.299 3018.988 3015.568 3008.650
3417.179 3424.101 3427.156 3433.254 3449.687 3480.664 3515.194 3544.409 3559.952 3552.595 3535.265 3513.647 3504.370 3501.639 3505.047 3514.200 3526.477 3545.500 3564.485 3570.206 3571.070 3568.415 3570.792 3572.300 3572.407 3575.110 3583.185 3592.746 3596.033 3588.607 3568.156 3545.098 3533.430 3526.731 3523.248 3523.964 3528.740 3531.632 3517.312 3482.663 3439.200 3409.078 3393.339 3380.416 3366.686 3354.698 3323.819 3303.557 3268.282 3221.186 3192.681 3226.911 3219.312 3209.217 3186.570 3155.716 3124.854 3094.889 3069.925 3061.566 3058.530 3057.600
3531.279 3535.966 3543.489 3558.529 3581.309 3599.759 3621.723 3647.705 3663.541 3668.813 3667.337 3663.556 3664.810 3665.143 3605.693 3611.655 3617.593 3633.775 3648.495 3653.797 3654.400 3651.992 3653.753 3654.478 3654.395 3654.025 3656.131 3660.937 3662.774 3660.503 3648.441 3665.288 3645.576 3632.287 3624.172 3616.012 3607.773 3598.389 3588.601 3569.043 3538.730 3504.673 3482.778 3474.661 3468.683 3460.588 3455.107 3438.511 3416.160 3381.820 3342.547 3320.059 3317.448 3301.597 3268.328 3239.237 3217.872 3182.626 3152.816 3136.271 3134.704 3126.194
3644.316 3648.947 3662.671 3678.955 3663.922 3671.812 3679.976 3688.089 3690.875 3691.672 3691.304 3688.931 3688.195 3685.848 3682.274 3671.911 3673.510 3675.416 3678.024 3681.735 3680.609 3681.701 3684.649 3682.915 3676.929 3672.902 3671.329 3672.277 3679.676 3683.129 3684.070 3680.917 3680.008 3679.062 3675.833 3671.801 3666.117 3658.846 3672.636 3660.814 3633.317 3593.887 3553.463 3545.338 3546.663 3546.725 3545.184 3539.673 3522.158 3494.906 3457.717 3419.448 3411.958 3398.168 3380.348 3364.968 3346.686 3307.598 3271.571 3248.934 3238.076 3215.200
3688.412 3691.168 3694.109 3691.080 3688.039 3683.182 3681.653 3680.314 3677.888 3678.524 3676.638 3672.600 3668.622 3660.818 3649.351 3638.177 3634.716 3639.046 3644.609 3649.684 3654.017 3657.700 3657.807 3652.413 3644.053 3636.562 3634.884 3641.717 3647.437 3653.840 3654.696 3653.307 3650.863 3650.660 3647.467 3647.702 3654.713 3669.309 3672.305 3677.909 3677.111 3661.302 3632.675 3642.531 3622.715 3628.560 3624.039 3612.783 3591.644 3567.560 3536.609 3506.300 3487.164 3479.934 3474.396 3467.717 3454.324 3415.990 3382.005 3353.369 3333.486 3308.509
3673.357 3680.388 3681.483 3674.466 3665.953 3658.788 3651.461 3649.164 3648.561 3648.293 3648.777 3643.513 3634.375 3617.568 3606.034 3594.987 3589.060 3585.457 3589.053 3600.156 3612.083 3617.081 3608.035 3599.685 3587.998 3579.948 3580.379 3581.522 3590.963 3607.514 3614.767 3615.538 3609.186 3602.868 3596.270 3593.279 3599.708 3614.922 3631.493 3646.878 3655.900 3663.558 3670.594 3669.475 3672.078 3673.510 3671.487 3674.132 3656.656 3633.084 3604.831 3579.668 3553.855 3550.014 3550.105 3546.784 3544.942 3512.854 3477.003 3443.418 3417.082 3391.130
3646.156 3648.216 3644.235 3637.887 3627.952 3617.026 3607.410 3599.996 3601.040 3603.414 3605.049 3597.908 3582.724 3565.057 3551.667 3537.877 3533.988 3528.232 3520.926 3531.080 3550.546 3557.813 3541.997 3531.235 3516.167 3509.535 3505.627 3506.465 3515.405 3537.609 3561.223 3563.200 3552.344 3541.563 3536.791 3533.582 3538.286 3555.016 3575.622 3591.486 3601.757 3607.056 3614.813 3624.161 3638.194 3652.804 3664.980 3669.980 3678.285 3674.248 3662.000 3654.389 3630.671 3616.645 3609.051 3605.180 3598.551 3575.340 3546.603 3519.630 3493.706 3470.872
3609.985 3606.250 3600.262 3593.353 3573.418 3561.170 3548.512 3533.881 3530.175 3525.683 3526.933 3515.601 3507.543 3491.033 3475.819 3460.335 3447.360 3441.702 3435.143 3434.004 3447.640 3456.119 3446.321 3436.613 3425.813 3421.172 3417.823 3420.234 3430.623 3450.329 3468.606 3476.828 3469.380 3467.668 3467.380 3465.737 3471.849 3482.797 3500.714 3522.769 3541.276 3550.964 3557.789 3566.961 3581.267 3595.247 3609.441 3627.238 3649.907 3665.897 3675.886 3676.767 3675.852 3668.484 3670.862 3660.528 3648.628 3629.195 3604.695 3578.124 3552.605 3535.891
3568.672 3562.763 3557.246 3535.414 3481.400 3460.845 3442.278 3426.403 3420.010 3411.904 3396.691 3388.189 3383.700 3385.265 3371.353 3354.056 3336.661 3331.860 3328.360 3311.780 3307.978 3308.751 3324.024 3317.900 3316.300 3317.887 3315.489 3316.903 3329.669 3337.636 3343.375 3349.977 3354.158 3364.238 3371.950 3381.448 3398.206 3409.011 3424.211 3444.311 3469.459 3484.462 3493.726 3503.934 3519.015 3535.000 3552.493 3574.670 3600.406 3616.701 3627.865 3639.784 3653.291 3668.462 3674.462 3683.061 3681.739 3678.141 3654.916 3626.654 3606.634 3589.801
3504.503 3502.498 3492.671 3439.318 3398.833 3365.530 3348.668 3325.586 3312.605 3297.007 3259.926 3243.076 3242.497 3256.857 3253.152 3237.985 3226.167 3217.048 3208.047 3190.828 3172.897 3178.919 3196.955 3197.562 3200.581 3208.182 3207.566 3201.051 3198.828 3210.883 3216.373 3227.259 3244.229 3248.837 3264.435 3297.232 3309.737 3324.342 3342.388 3362.430 3384.097 3406.037 3419.625 3434.370 3452.458 3468.783 3488.777 3511.088 3540.223 3561.271 3575.541 3586.333 3597.131 3612.582 3633.493 3652.966 3671.619 3681.922 3683.776 3672.289 3655.313 3636.778
3403.151 3397.315 3369.464 3318.179 3282.800 3259.525 3238.301 3215.822 3193.008 3156.955 3123.030 3101.829 3117.269 3128.582 3139.787 3128.541 3117.953 3108.607 3091.103 3074.575 3058.617 3069.545 3078.213 3096.531 3103.197 3107.082 3112.709 3111.195 3100.694 3096.032 3103.870 3113.443 3124.961 3145.562 3180.129 3204.287 3221.843 3241.672 3259.797 3280.576 3302.911 3324.920 3341.210 3358.921 3376.879 3397.171 3415.906 3438.397 3466.233 3491.870 3507.680 3522.720 3536.211 3555.548 3579.416 3602.527 3628.044 3650.196 3664.336 3678.029 3683.268 3678.818
3284.923 3264.298 3218.337 3177.412 3156.526 3143.655 3121.204 3100.888 3072.853 3039.905 3018.704 2998.835 3009.524 3020.102 3040.075 3031.555 3024.874 3022.039 3007.036 2993.966 2977.817 2984.275 2996.344 3019.457 3025.334 3029.398 3038.590 3037.722 3033.043 3015.761 3022.295 3032.678 3046.826 3077.117 3099.224 3121.075 3142.025 3160.655 3181.378 3202.862 3225.062 3250.478 3269.158 3287.324 3308.034 3326.541 3340.523 3356.470 3380.017 3400.875 3421.677 3443.801 3458.621 3483.173 3513.792 3544.485 3579.164 3604.127 3620.179 3633.291 3646.098 3666.692
3137.678 3087.326 3053.501 3033.305 3032.319 3020.859 3002.092 2984.151 2965.820 2944.741 2926.692 2902.518 2908.522 2924.747 2942.149 2943.581 2944.747 2943.602 2934.575 2921.396 2907.967 2911.802 2928.850 2946.785 2956.701 2964.319 2971.961 2971.553 2961.915 2951.657 2956.068 2970.862 2986.382 3003.414 3023.317 3043.263 3062.688 3084.143 3105.749 3127.594 3151.343 3176.935 3197.021 3219.536 3242.809 3258.539 3266.591 3273.915 3292.846 3308.313 3329.479 3351.793 3369.608 3396.724 3431.318 3473.048 3513.364 3553.805 3572.483 3586.748 3597.898 3614.532
3019.966 2988.197 2960.813 2954.737 2940.647 2928.640 2915.471 2896.556 2881.352 2867.596 2847.377 2837.896 2845.808 2859.826 2868.615 2875.719 2874.051 2872.128 2866.796 2853.172 2848.942 2858.977 2874.179 2887.881 2899.326 2906.117 2911.125 2907.901 2898.518 2895.129 2902.894 2917.849 2930.754 2944.827 2964.470 2983.410 3003.699 3024.818 3045.485 3068.520 3092.263 3116.851 3142.458 3163.528 3180.985 3188.601 3196.886 3195.825 3205.853 3220.745 3236.865 3258.396 3282.028 3307.330 3346.459 3387.513 3427.860 3468.287 3504.280 3525.181 3543.117 3563.888
2955.980 2927.638 2900.247 2876.076 2865.143 2860.345 2848.998 2833.427 2823.478 2809.102 2799.799 2806.467 2808.431 2817.130 2815.861 2817.259 2815.245 2815.010 2813.052 2807.026 2818.834 2825.428 2838.823 2848.794 2858.390 2864.037 2867.427 2868.286 2863.723 2869.137 2874.780 2887.884 2898.355 2911.041 2929.934 2945.631 2963.186 2983.852 3005.194 3027.354 3051.295 3077.533 3100.443 3116.663 3122.019 3129.736 3129.927 3117.686 3127.295 3138.424 3147.733 3167.457 3187.380 3207.468 3244.914 3290.087 3338.696 3377.002 3422.785 3451.295 3477.151 3500.204
2874.987 2846.784 2820.058 2800.826 2797.019 2787.036 2777.701 2767.160 2754.719 2748.670 2755.446 2753.726 2751.665 2750.182 2753.348 2757.190 2757.140 2756.534 2759.649 2770.447 2774.954 2780.376 2789.282 2800.456 2812.127 2815.656 2819.805 2824.186 2829.693 2832.274 2835.460 2845.431 2856.667 2868.383 2883.518 2900.227 2917.855 2939.027 2961.230 2985.083 3010.528 3036.987 3057.668 3064.953 3073.248 3073.584 3065.069 3057.616 3059.575 3069.992 3075.484 3091.038 3111.855 3120.925 3158.046 3206.252 3247.414 3283.861 3319.712 3363.484 3392.248 3419.122
2813.998 2786.138 2766.034 2752.441 2742.678 2732.807 2722.968 2711.290 2705.142 2706.831 2704.720 2703.057 2701.065 2704.414 2708.382 2713.181 2713.729 2715.104 2718.310 2722.833 2729.556 2739.063 2749.838 2762.146 2777.754 2782.763 2787.422 2793.369 2796.117 2799.365 2803.092 2813.617 2824.981 2836.338 2852.549 2869.736 2887.787 2909.426 2934.556 2963.900 2990.127 3016.161 3039.841 3048.551 3051.468 3048.930 3041.087 3025.982 3022.036 3030.104 3029.833 3038.227 3055.253 3061.899 3086.054 3124.472 3151.045 3185.647 3225.367 3279.787 3310.465 3343.714
2747.136 2728.370 2714.033 2696.013 2683.059 2672.899 2665.059 2660.732 2660.809 2658.774 2657.785 2656.833 2654.888 2656.412 2660.927 2665.032 2667.809 2670.997 2675.570 2682.532 2691.720 2699.789 2711.607 2726.415 2741.910 2749.219 2754.797 2760.921 2765.458 2769.669 2773.058 2782.463 2793.771 2803.380 2819.877 2838.067 2857.134 2882.123 2911.256 2941.341 2967.262 2992.328 3018.812 3022.143 3022.863 3022.152 3006.535 2991.266 2982.762 2983.548 2984.005 2984.474 2993.784 3003.435 3020.919 3041.868 3068.183 3103.247 3151.689 3198.000 3233.127 3263.743
