tests/3D/Borden05m_nopit_001/output_maps/psiliqL0008N0032.asc
ncols         160
nrows         34
xllcorner     620200.000000
yllcorner     5168000.000000
cellsize      0.500000
NODATA_value  -9999.0
[rows 0 to 27 of 34, columns 65 to 129 of 160]
-9999.000 -9999.000 -9999.000 -9999.000 -9999.000 -9999.000 -9999.000 -9999.000 -9999.000 -9999.000 -9999.000 -9999.000 -9999.000 -9999.000 -9999.000 -9999.000 -9999.000 -9999.000 -9999.000 -9999.000 -9999.000 -9999.000 -9999.000 -9999.000 -9999.000 -9999.000 -9999.000 -9999.000 -9999.000 -9999.000 -9999.000 -9999.000 -9999.000 -9999.000 -9999.000 -9999.000 -9999.000 -9999.000 -9999.000 -9999.000 -9999.000 -9999.000 -9999.000 -9999.000 -9999.000 -9999.000 -9999.000 -9999.000 -9999.000 -9999.000 -9999.000 -9999.000 -9999.000 -9999.000 -9999.000 -9999.000 -9999.000 -9999.000 -9999.000 -9999.000 -9999.000 -9999.000 -9999.000 -9999.000 -9999.000
-240.747 -244.925 -246.033 -247.090 -247.661 -242.525 -234.778 -227.337 -220.258 -218.025 -215.719 -213.493 -213.054 -214.445 -217.777 -221.134 -224.606 -226.112 -234.522 -246.031 -255.055 -257.856 -253.352 -248.821 -246.270 -240.096 -229.140 -218.139 -209.468 -197.660 -192.089 -186.789 -183.344 -187.104 -190.354 -193.719 -198.108 -208.921 -9999.000 -9999.000 -9999.000 -9999.000 -9999.000 -9999.000 -9999.000 -9999.000 -9999.000 -9999.000 -9999.000 -9999.000 -9999.000 -9999.000 -9999.000 -9999.000 -9999.000 -9999.000 -9999.000 -9999.000 -9999.000 -9999.000 -9999.000 -9999.000 -9999.000 -9999.000 -9999.000
-253.337 -259.054 -260.953 -261.199 -261.357 -257.341 -247.667 -239.848 -235.209 -232.943 -230.625 -230.600 -231.191 -231.691 -234.686 -238.185 -241.658 -243.508 -243.562 -251.224 -256.575 -259.859 -261.047 -258.610 -256.290 -253.275 -243.546 -235.144 -226.730 -212.554 -200.183 -194.816 -196.942 -201.668 -205.005 -210.970 -220.352 -230.533 -240.895 -247.904 -253.015 -257.905 -251.545 -244.949 -234.420 -223.986 -211.781 -199.537 -9999.000 -9999.000 -9999.000 -9999.000 -9999.000 -9999.000 -9999.000 -9999.000 -9999.000 -9999.000 -9999.000 -9999.000 -9999.000 -9999.000 -9999.000 -9999.000 -9999.000
-260.643 -265.000 -257.565 -256.608 -255.683 -252.697 -249.429 -247.348 -244.710 -239.580 -230.826 -228.383 -228.035 -228.059 -230.003 -233.209 -235.073 -237.918 -243.191 -244.146 -243.751 -243.724 -238.502 -237.026 -235.690 -242.685 -239.310 -232.949 -225.952 -218.781 -211.599 -206.687 -209.484 -210.400 -218.235 -231.513 -242.540 -250.892 -253.195 -256.017 -263.324 -275.091 -267.942 -252.157 -247.218 -243.235 -231.071 -218.644 -208.393 -206.381 -206.598 -206.823 -209.254 -222.946 -237.477 -252.076 -270.558 -9999.000 -9999.000 -9999.000 -9999.000 -9999.000 -9999.000 -9999.000 -9999.000
-255.150 -242.561 -233.440 -232.116 -229.541 -226.458 -227.971 -240.522 -243.347 -234.991 -224.740 -219.048 -219.129 -219.382 -221.053 -222.221 -222.863 -225.387 -224.346 -221.820 -221.148 -216.082 -210.502 -207.788 -216.438 -225.615 -225.103 -217.394 -209.375 -201.856 -190.670 -178.696 -179.663 -184.990 -193.350 -206.435 -229.302 -248.728 -258.770 -264.854 -271.322 -271.808 -273.557 -262.712 -260.576 -258.566 -249.658 -239.129 -228.866 -222.928 -223.226 -223.547 -225.765 -235.035 -249.577 -264.132 -280.463 -305.497 -333.605 -360.648 -361.489 -337.732 -313.990 -9999.000 -9999.000
-229.353 -215.936 -201.283 -199.169 -197.082 -197.714 -207.727 -218.185 -222.686 -207.789 -192.335 -184.394 -183.748 -183.433 -175.461 -177.754 -180.644 -186.371 -184.088 -181.378 -170.060 -162.772 -156.248 -158.237 -169.889 -180.677 -182.517 -180.534 -178.400 -172.372 -161.673 -151.141 -155.519 -162.411 -172.203 -200.509 -227.867 -244.284 -242.944 -241.929 -245.961 -248.598 -251.847 -259.084 -259.083 -259.249 -259.406 -247.141 -234.712 -231.051 -236.892 -240.274 -242.322 -250.882 -261.588 -276.585 -293.243 -311.754 -339.732 -346.810 -354.583 -332.606 -308.846 -287.827 -263.097
-181.804 -163.975 -140.633 -137.702 -134.447 -130.823 -141.710 -153.883 -165.787 -150.301 -141.016 -132.365 -129.453 -118.307 -108.484 -113.761 -122.676 -132.380 -126.168 -112.676 -98.146 -92.238 -89.205 -89.039 -98.725 -103.776 -106.236 -105.539 -109.057 -105.825 -94.482 -78.761 -77.953 -87.892 -109.684 -144.465 -178.677 -200.241 -195.359 -201.073 -206.448 -210.170 -223.811 -234.824 -234.651 -243.759 -249.661 -237.960 -231.666 -229.599 -235.633 -229.959 -237.531 -255.381 -272.551 -288.025 -302.315 -317.069 -324.313 -333.504 -341.012 -328.538 -308.313 -288.205 -263.288
-131.404 -108.531 -85.055 -74.508 -68.679 -60.200 -66.963 -76.008 -84.873 -78.657 -66.525 -54.967 -44.343 -32.382 -21.072 -28.077 -38.099 -41.312 -37.294 -20.752 -6.344 -1.539 0.458 4.626 -1.438 -8.461 -16.146 -23.178 -29.764 -34.133 -18.486 -3.455 -4.495 -26.564 -48.826 -80.912 -115.718 -148.215 -151.895 -152.030 -152.615 -167.242 -181.931 -199.990 -210.419 -218.826 -233.381 -228.409 -222.365 -211.492 -201.443 -201.673 -217.951 -235.201 -254.412 -273.132 -287.381 -292.006 -297.005 -306.426 -312.659 -306.456 -292.514 -278.209 -265.816
-34.007 -9.347 22.265 45.144 65.546 68.792 59.249 49.801 36.022 30.569 43.873 55.113 65.908 76.855 88.495 95.693 94.706 94.555 96.888 100.797 106.916 113.170 119.250 125.894 126.395 117.748 109.920 100.360 91.982 89.421 89.098 97.086 96.861 77.258 52.831 25.186 -7.815 -36.471 -55.171 -51.667 -63.314 -79.257 -99.247 -134.439 -152.503 -168.370 -197.677 -201.847 -190.832 -176.336 -168.188 -183.803 -200.045 -218.644 -239.191 -259.236 -265.775 -267.017 -269.994 -275.741 -278.343 -273.739 -260.827 -258.036 -247.082
71.773 101.810 134.511 163.085 185.830 193.657 183.594 173.535 162.071 152.165 152.903 165.208 180.558 195.736 206.353 210.372 209.243 209.486 210.763 213.452 215.578 220.343 227.079 237.361 249.396 245.723 229.694 216.727 201.852 195.918 194.114 191.148 191.802 189.509 165.022 140.782 112.136 83.123 62.514 46.672 30.169 12.111 -27.314 -64.437 -96.593 -123.401 -150.733 -154.591 -128.612 -101.206 -109.362 -120.661 -137.903 -162.502 -187.046 -212.155 -219.270 -222.268 -227.819 -234.238 -240.264 -245.888 -243.084 -240.314 -228.708
189.833 208.667 241.765 275.378 302.371 306.757 298.559 288.260 277.201 267.929 264.556 269.906 278.705 292.428 303.753 314.462 314.735 315.146 314.893 316.615 318.096 319.172 324.834 335.001 344.688 346.596 336.037 320.083 302.982 294.706 288.147 282.947 283.183 284.585 282.277 262.132 230.994 191.239 164.415 144.219 133.449 121.225 105.318 64.828 42.140 12.616 -20.035 -44.078 -11.396 -16.759 -27.114 -42.801 -67.060 -92.431 -117.982 -144.185 -154.188 -159.629 -167.326 -173.669 -182.332 -192.856 -197.086 -203.096 -205.999
302.321 317.398 335.938 360.154 383.851 400.565 397.931 387.452 372.339 368.935 368.206 369.343 374.415 380.105 393.381 407.242 412.263 412.885 410.561 412.357 413.184 413.152 413.340 416.395 422.137 424.348 421.018 407.727 389.832 375.146 366.421 362.171 359.715 360.267 359.439 350.458 326.826 294.637 263.160 241.515 227.142 216.600 209.035 198.373 185.037 160.496 123.241 89.105 79.935 70.948 59.810 36.324 9.449 -13.302 -44.582 -74.979 -94.106 -101.117 -107.755 -116.302 -127.957 -139.090 -146.379 -160.193 -168.538
406.603 422.597 433.384 446.737 464.652 474.903 480.346 481.336 481.223 483.204 483.255 472.732 474.302 475.794 478.698 483.481 484.800 484.908 484.474 485.191 485.319 485.548 485.217 484.206 485.065 485.391 484.979 481.086 477.901 462.788 452.050 445.326 438.370 430.349 421.571 413.113 400.095 377.170 347.179 320.478 309.890 305.229 301.480 298.329 286.462 268.624 243.267 209.336 174.663 164.513 149.837 125.982 107.073 93.373 61.123 28.139 3.609 -6.384 -24.251 -42.555 -58.000 -75.810 -92.744 -109.766 -127.335
488.296 487.534 488.950 490.415 491.871 492.371 492.514 492.448 490.356 490.224 488.949 483.950 475.066 476.501 477.794 480.206 483.579 482.169 482.988 485.846 484.490 479.361 476.067 474.518 474.726 481.588 484.492 485.181 485.200 484.660 484.482 483.893 483.157 482.124 480.804 479.397 470.946 451.179 423.328 393.506 379.118 374.134 376.171 374.224 369.617 353.189 329.247 297.374 263.123 246.734 235.340 226.396 217.623 204.983 171.483 136.356 108.459 89.532 64.082 43.592 24.819 3.232 -15.370 -34.770 -58.267
492.409 488.876 484.443 483.430 482.271 480.022 480.726 478.862 475.191 472.089 466.561 456.527 445.389 443.396 448.087 452.777 456.665 459.247 462.319 463.854 459.586 452.274 445.660 443.698 449.819 455.141 459.691 460.233 458.894 457.159 457.590 455.562 456.167 462.128 474.232 481.068 482.051 481.882 479.015 473.843 459.195 441.053 444.141 440.399 430.159 411.323 390.199 364.270 339.058 315.432 308.040 304.015 298.820 291.366 260.979 229.462 198.854 174.466 149.673 126.689 105.312 83.746 61.241 37.321 13.402
477.948 470.282 463.958 457.974 456.290 455.000 454.402 454.521 449.581 442.878 428.964 417.934 407.073 401.274 400.290 405.858 414.832 423.052 427.386 421.962 415.227 405.464 397.707 397.888 400.576 409.044 421.240 424.292 424.777 420.249 416.555 410.946 409.199 415.696 429.608 443.244 455.186 462.298 468.923 474.659 480.295 480.708 480.903 480.468 477.582 464.306 446.186 425.963 404.478 380.188 373.125 370.582 366.744 364.829 340.062 308.333 276.962 249.523 224.472 202.406 180.703 157.465 132.986 109.008 81.710
446.299 436.844 426.883 418.002 413.053 414.118 416.472 417.422 411.988 398.891 382.830 370.301 357.167 353.589 349.519 346.984 357.594 373.206 378.792 366.771 357.674 344.351 336.939 334.307 336.030 345.261 363.298 379.920 380.458 371.176 362.037 356.863 354.028 360.338 377.616 395.643 408.565 416.737 421.705 429.176 437.975 448.573 460.200 469.894 479.297 480.978 480.135 477.803 463.586 445.802 433.517 423.860 418.314 410.074 390.881 366.034 341.247 315.673 294.742 277.180 254.099 229.278 204.824 175.792 144.126
405.149 394.408 383.684 373.437 361.596 359.388 358.082 360.759 350.766 340.647 322.512 308.081 293.412 284.789 279.457 274.341 280.790 296.734 305.862 291.532 281.304 268.008 261.414 258.152 259.657 269.453 291.776 309.788 315.492 306.831 299.624 295.577 293.598 297.775 311.907 330.561 349.025 362.253 370.004 376.831 386.073 399.204 411.764 424.218 439.518 456.891 469.643 477.762 482.344 481.975 480.419 474.362 465.479 455.487 440.016 418.371 393.080 367.983 351.156 334.938 319.531 294.953 266.029 237.035 205.038
358.278 317.404 302.399 286.792 273.727 270.003 264.544 260.820 252.821 246.632 237.764 222.926 206.669 192.002 187.365 183.479 177.795 185.793 189.869 189.828 182.213 174.975 171.427 168.755 172.297 185.695 198.297 209.219 214.256 209.701 213.810 217.681 217.801 231.087 243.293 259.467 278.995 299.580 310.100 317.959 327.504 341.572 356.716 372.327 392.872 414.890 428.801 438.396 449.017 459.956 472.082 481.088 484.685 484.059 478.697 459.998 437.425 417.519 400.283 386.109 373.276 355.405 322.424 293.003 262.490
286.679 246.436 217.132 201.100 182.081 173.720 166.424 146.214 134.812 128.537 131.533 121.186 104.884 91.234 84.444 79.399 68.734 63.522 67.917 78.005 71.901 68.610 71.286 68.934 66.286 73.844 88.075 95.982 104.020 111.845 114.251 118.956 140.235 151.832 164.616 182.748 202.548 222.971 240.124 251.028 263.461 280.397 295.418 314.429 336.207 362.272 379.258 391.776 401.906 412.194 426.331 443.956 458.783 473.057 483.423 483.190 480.505 459.573 443.735 429.075 420.556 400.388 373.255 344.908 314.819
188.711 150.164 121.592 102.398 81.075 66.896 45.976 18.438 1.136 4.990 12.296 10.992 -2.415 -14.465 -23.610 -34.998 -48.976 -58.397 -50.471 -42.064 -37.259 -35.055 -31.766 -30.658 -32.146 -35.165 -27.660 -19.856 -10.928 -2.752 6.061 30.753 52.321 66.360 84.152 102.005 122.457 143.914 162.470 175.933 192.203 209.534 228.452 247.921 271.474 298.827 320.329 333.516 345.544 357.906 375.173 396.062 415.877 436.982 455.600 465.804 476.918 485.075 483.340 468.451 456.005 439.883 418.263 388.982 361.551
76.602 41.501 18.202 -3.239 -24.296 -47.076 -74.126 -99.060 -116.599 -109.356 -102.132 -92.492 -104.089 -115.348 -121.461 -135.108 -148.400 -161.638 -153.562 -144.479 -129.607 -126.379 -123.542 -117.840 -119.515 -121.891 -128.835 -120.789 -112.060 -100.679 -76.728 -54.066 -32.453 -14.350 3.220 22.837 44.139 65.575 87.707 104.219 120.633 139.687 158.181 175.857 196.472 221.343 242.541 259.565 277.635 291.654 313.550 340.177 364.839 393.717 413.284 427.254 439.244 451.260 467.369 478.060 477.677 473.474 451.209 430.451 404.463
-61.994 -80.517 -97.385 -118.164 -137.664 -156.880 -181.586 -203.222 -225.071 -220.531 -208.207 -194.458 -201.488 -205.652 -208.614 -219.753 -232.900 -246.035 -242.336 -227.929 -211.754 -205.470 -199.558 -192.493 -192.691 -199.165 -207.678 -202.655 -190.238 -175.624 -155.373 -134.436 -114.337 -96.147 -75.985 -54.888 -33.545 -10.517 13.256 30.212 51.028 72.918 90.928 102.175 116.201 139.473 156.468 176.094 195.967 211.033 237.273 268.260 304.896 340.530 371.492 385.160 397.293 407.509 423.030 441.488 457.901 471.102 470.622 467.135 449.935
-172.760 -189.944 -206.745 -223.788 -242.928 -261.411 -279.864 -300.691 -319.582 -313.986 -300.376 -287.698 -285.643 -288.421 -291.252 -298.938 -312.197 -323.771 -315.751 -300.469 -285.465 -275.977 -269.598 -263.531 -266.433 -274.699 -281.897 -274.582 -259.994 -245.775 -228.911 -208.626 -188.461 -168.466 -147.617 -126.844 -103.966 -80.471 -56.827 -33.980 -12.593 8.060 18.078 28.306 36.429 52.084 68.768 87.606 108.438 129.612 156.901 194.419 232.200 268.188 302.688 326.696 343.390 357.479 376.373 396.051 412.164 425.476 436.956 447.303 453.645
-265.164 -281.773 -291.044 -304.954 -323.502 -336.504 -352.779 -371.647 -372.977 -368.916 -356.253 -353.601 -352.743 -355.582 -356.568 -361.342 -373.197 -367.689 -359.868 -344.919 -334.030 -324.883 -318.709 -314.639 -315.413 -322.822 -320.481 -313.505 -299.258 -287.880 -273.094 -252.936 -236.307 -217.761 -196.960 -175.580 -153.088 -129.344 -103.829 -80.866 -62.234 -53.286 -43.370 -37.379 -42.399 -28.978 -15.241 -1.388 19.186 39.824 66.039 103.201 144.830 187.607 223.451 259.784 280.461 301.404 322.414 344.253 364.166 379.718 391.109 392.386 397.826
-356.307 -365.303 -375.406 -386.501 -399.454 -412.747 -425.213 -425.769 -427.851 -427.917 -425.631 -422.511 -419.959 -420.912 -421.964 -421.487 -416.128 -411.930 -406.428 -395.870 -384.904 -374.917 -370.961 -366.894 -364.270 -361.395 -359.054 -354.816 -343.634 -332.225 -319.287 -302.783 -285.997 -267.824 -246.464 -224.929 -201.943 -176.573 -151.017 -131.572 -122.280 -112.811 -109.025 -113.364 -117.528 -109.700 -97.987 -87.182 -67.763 -46.899 -27.619 14.105 60.119 103.209 137.951 172.187 202.701 227.810 250.854 280.000 304.546 329.375 344.475 349.493 353.591
-419.983 -429.702 -439.523 -449.642 -462.823 -473.494 -475.792 -477.943 -479.899 -481.282 -477.817 -474.159 -469.942 -470.385 -470.098 -467.578 -463.402 -457.814 -448.895 -438.165 -426.521 -412.569 -408.289 -403.876 -398.658 -396.220 -393.300 -389.161 -377.977 -366.578 -354.459 -337.884 -320.750 -302.141 -280.534 -255.840 -227.371 -201.622 -176.296 -155.245 -146.599 -142.326 -143.903 -149.397 -161.158 -161.637 -150.619 -146.904 -133.398 -113.237 -100.382 -64.195 -20.094 10.899 45.128 80.469 124.133 150.257 180.417 210.574 239.877 268.479 283.050 290.246 298.555
-480.991 -493.080 -503.256 -513.008 -521.514 -524.118 -527.100 -528.993 -530.230 -531.646 -529.100 -524.934 -520.841 -519.005 -516.480 -513.714 -507.870 -499.066 -490.463 -478.692 -464.310 -449.812 -443.987 -438.712 -433.346 -429.661 -425.656 -421.791 -411.555 -400.009 -388.662 -371.494 -353.408 -335.068 -309.809 -280.763 -251.669 -226.467 -201.650 -177.845 -174.470 -173.093 -173.707 -186.634 -201.703 -206.827 -203.763 -202.657 -193.861 -181.471 -169.212 -140.709 -111.744 -81.851 -46.293 -1.054 43.719 73.579 103.913 133.975 161.068 182.788 200.852 214.045 227.985
