tests/3D/Borden05m_nopit_001/output_maps/psiliqL0023N0036.asc
ncols         160
nrows         34
xllcorner     620200.000000
yllcorner     5168000.000000
cellsize      0.500000
NODATA_value  -9999.0
[rows 0 to 27 of 34, columns 62 to 123 of 160]
-9999.000 -9999.000 -9999.000 -9999.000 -9999.000 -9999.000 -9999.000 -9999.000 -9999.000 -9999.000 -9999.000 -9999.000 -9999.000 -9999.000 -9999.000 -9999.000 -9999.000 -9999.000 -9999.000 -9999.000 -9999.000 -9999.000 -9999.000 -9999.000 -9999.000 -9999.000 -9999.000 -9999.000 -9999.000 -9999.000 -9999.000 -9999.000 -9999.000 -9999.000 -9999.000 -9999.000 -9999.000 -9999.000 -9999.000 -9999.000 -9999.000 -9999.000 -9999.000 -9999.000 -9999.000 -9999.000 -9999.000 -9999.000 -9999.000 -9999.000 -9999.000 -9999.000 -9999.000 -9999.000 -9999.000 -9999.000 -9999.000 -9999.000 -9999.000 -9999.000 -9999.000 -9999.000
2784.108 2775.437 2766.080 2758.024 2753.812 2752.624 2751.711 2751.049 2755.909 2763.860 2771.390 2778.247 2780.580 2782.870 2784.737 2784.957 2783.732 2780.436 2777.047 2773.606 2771.906 2764.353 2753.146 2744.705 2741.986 2746.204 2750.566 2753.034 2758.368 2768.837 2779.495 2788.087 2800.524 2807.301 2812.642 2815.380 2811.443 2808.190 2804.332 2798.489 2787.442 -9999.000 -9999.000 -9999.000 -9999.000 -9999.000 -9999.000 -9999.000 -9999.000 -9999.000 -9999.000 -9999.000 -9999.000 -9999.000 -9999.000 -9999.000 -9999.000 -9999.000 -9999.000 -9999.000 -9999.000 -9999.000
2764.214 2759.739 2751.113 2745.859 2740.286 2737.705 2737.606 2737.414 2741.066 2751.575 2759.302 2763.806 2766.316 2769.009 2767.639 2766.830 2766.501 2763.531 2759.993 2756.549 2754.654 2755.828 2748.196 2742.284 2738.468 2735.788 2738.466 2741.089 2745.409 2754.662 2762.643 2770.688 2785.703 2798.759 2804.413 2801.959 2797.375 2793.666 2786.518 2776.009 2765.996 2757.504 2751.268 2745.977 2739.841 2746.279 2753.964 2763.499 2772.531 2784.618 2796.875 -9999.000 -9999.000 -9999.000 -9999.000 -9999.000 -9999.000 -9999.000 -9999.000 -9999.000 -9999.000 -9999.000
2744.104 2747.265 2743.835 2738.916 2731.616 2741.125 2742.028 2742.672 2745.731 2747.746 2752.276 2754.646 2759.862 2768.718 2771.387 2771.730 2771.688 2769.638 2766.323 2764.312 2761.447 2756.116 2754.410 2754.141 2753.037 2757.286 2758.786 2761.433 2755.698 2759.953 2766.230 2773.213 2779.018 2785.350 2788.297 2785.123 2785.509 2777.305 2763.776 2753.790 2746.240 2746.105 2743.226 2735.457 2722.113 2730.280 2746.382 2751.225 2754.059 2765.330 2777.653 2788.154 2791.189 2790.891 2790.551 2787.675 2773.833 2759.118 2744.044 2725.371 -9999.000 -9999.000
2751.774 2749.801 2746.191 2742.148 2752.806 2761.119 2762.374 2764.710 2768.405 2768.766 2757.540 2755.291 2762.646 2772.301 2777.445 2777.489 2777.051 2773.616 2772.374 2772.021 2770.035 2769.710 2771.362 2769.385 2772.631 2778.086 2781.286 2775.507 2766.986 2768.961 2777.308 2786.267 2793.862 2804.218 2815.220 2815.339 2810.752 2802.346 2789.877 2767.445 2749.705 2738.969 2731.363 2724.299 2726.780 2722.633 2736.022 2737.920 2740.398 2748.004 2758.389 2768.999 2775.174 2774.534 2773.811 2771.332 2761.756 2746.984 2732.129 2714.677 2688.247 2659.410
2751.592 2750.649 2751.426 2760.691 2772.595 2784.218 2786.090 2787.823 2786.541 2778.527 2768.120 2765.071 2778.499 2794.911 2802.686 2802.289 2798.639 2802.461 2802.126 2802.023 2798.235 2799.163 2797.543 2803.881 2811.457 2819.157 2817.685 2805.426 2793.361 2793.020 2797.928 2804.108 2811.453 2821.719 2831.105 2826.432 2821.076 2813.411 2787.475 2764.191 2749.670 2750.278 2751.185 2746.921 2744.895 2743.702 2739.174 2739.428 2738.762 2738.567 2750.845 2763.990 2767.560 2760.978 2757.017 2754.758 2746.745 2735.320 2719.578 2702.524 2682.932 2654.797
2782.983 2783.697 2789.712 2800.305 2813.718 2835.524 2835.420 2836.207 2835.608 2822.975 2809.887 2799.555 2820.467 2831.143 2838.468 2836.720 2842.747 2851.515 2847.621 2840.871 2829.175 2834.839 2842.428 2857.427 2864.996 2869.887 2866.092 2852.908 2846.440 2847.322 2852.851 2853.286 2861.067 2870.282 2885.368 2884.451 2880.129 2860.041 2823.533 2793.550 2779.593 2790.007 2784.447 2778.314 2777.705 2766.325 2758.595 2760.830 2752.668 2747.869 2760.380 2767.237 2768.729 2761.172 2766.340 2759.433 2739.091 2722.384 2707.679 2693.322 2676.469 2670.237
2796.967 2801.582 2811.345 2828.763 2847.405 2867.780 2868.331 2863.739 2873.114 2866.126 2855.555 2847.786 2866.625 2877.008 2887.401 2893.888 2906.368 2916.903 2901.952 2886.050 2876.825 2883.320 2907.367 2928.410 2933.194 2932.741 2932.958 2919.202 2914.012 2909.904 2909.036 2905.771 2903.508 2927.243 2947.724 2947.414 2925.865 2903.294 2865.053 2827.898 2802.313 2812.598 2809.872 2812.605 2801.840 2789.718 2780.828 2777.080 2770.306 2760.009 2768.498 2773.353 2781.835 2789.433 2793.220 2776.723 2759.207 2740.030 2722.152 2708.047 2701.860 2695.742
2861.514 2874.436 2881.872 2899.150 2917.422 2944.116 2957.948 2970.641 2974.431 2966.931 2958.219 2945.901 2949.351 2971.458 2983.000 2991.712 3000.507 3012.961 3014.450 3008.507 3006.936 3010.954 3022.831 3035.893 3042.548 3046.100 3049.380 3038.442 3026.253 3023.280 3017.151 3014.740 3013.680 3023.203 3041.685 3039.001 3005.336 2978.952 2945.199 2907.779 2878.626 2870.467 2886.977 2883.318 2867.235 2855.254 2827.844 2820.639 2810.253 2786.216 2785.687 2790.387 2800.937 2814.912 2801.918 2785.646 2768.271 2748.622 2731.336 2724.273 2722.664 2719.600
2978.861 2986.610 2989.805 2996.186 3028.140 3061.702 3087.251 3109.975 3117.228 3105.269 3095.431 3082.235 3073.243 3082.587 3099.030 3116.308 3131.263 3142.467 3144.858 3143.347 3143.431 3146.239 3149.184 3153.138 3161.012 3168.509 3177.431 3186.106 3176.764 3159.931 3150.065 3140.103 3138.486 3139.370 3142.131 3143.152 3128.770 3089.603 3059.192 3027.655 3006.557 2992.171 2989.441 2971.561 2948.290 2898.906 2861.682 2830.316 2810.408 2787.687 2794.089 2813.579 2854.373 2856.536 2844.769 2829.518 2806.132 2783.238 2762.385 2758.361 2756.731 2752.371
3103.836 3107.741 3110.449 3113.861 3139.398 3179.686 3218.199 3248.804 3249.361 3236.455 3225.262 3215.834 3202.229 3198.370 3209.890 3224.304 3243.608 3254.187 3260.994 3258.236 3258.484 3259.975 3262.226 3264.269 3267.522 3276.582 3290.940 3304.735 3304.289 3286.582 3268.906 3252.705 3249.343 3246.267 3241.297 3243.329 3245.144 3231.329 3201.705 3163.165 3122.835 3104.532 3088.605 3077.725 3061.516 3024.813 2962.269 2925.502 2889.069 2861.180 2858.739 2921.677 2937.419 2926.861 2915.535 2893.738 2866.221 2843.007 2820.795 2817.708 2813.848 2806.545
3221.060 3227.930 3231.192 3237.568 3253.916 3284.116 3318.001 3346.871 3362.486 3355.424 3338.523 3317.310 3308.400 3305.793 3309.059 3317.955 3329.820 3348.482 3367.146 3372.822 3373.668 3371.031 3373.369 3374.831 3374.925 3377.467 3385.224 3394.540 3397.753 3390.575 3370.562 3347.816 3335.947 3329.107 3325.560 3326.057 3330.547 3333.181 3319.166 3285.172 3242.374 3212.123 3195.964 3182.892 3169.295 3157.509 3127.807 3107.882 3073.169 3026.566 2997.571 3028.935 3021.077 3010.727 2987.815 2956.978 2926.366 2896.041 2870.432 2861.073 2857.434 2855.773
3334.225 3338.860 3346.520 3361.532 3383.887 3401.857 3423.283 3448.761 3464.247 3469.530 3468.207 3464.655 3465.954 3466.269 3409.876 3415.563 3421.221 3436.573 3450.669 3455.721 3456.291 3454.004 3455.697 3456.381 3456.314 3455.942 3457.848 3462.401 3464.136 3461.973 3450.412 3465.995 3446.558 3433.413 3425.368 3417.262 3409.013 3399.640 3389.903 3370.718 3340.825 3306.974 3284.724 3276.390 3270.423 3262.517 3257.089 3240.683 3218.495 3184.580 3145.490 3122.069 3118.796 3102.805 3069.890 3041.174 3020.002 2984.629 2954.278 2936.862 2934.372 2924.851
3445.440 3450.040 3463.576 3479.537 3465.395 3472.880 3480.626 3488.322 3490.965 3491.721 3491.371 3489.015 3488.316 3486.036 3482.372 3472.101 3473.688 3475.554 3478.148 3481.836 3480.691 3481.763 3484.703 3482.988 3477.052 3473.066 3471.489 3472.384 3479.743 3483.152 3484.067 3481.101 3480.201 3479.288 3476.204 3472.357 3466.938 3460.011 3472.818 3461.168 3434.109 3395.352 3355.532 3346.948 3347.801 3347.898 3346.230 3340.662 3323.083 3295.890 3258.865 3220.659 3212.401 3198.525 3180.996 3165.737 3147.485 3108.393 3072.034 3048.650 3036.836 3013.318
3488.735 3491.443 3494.207 3491.161 3488.089 3483.259 3481.761 3480.433 3478.018 3478.657 3476.773 3472.757 3468.833 3461.171 3449.793 3438.620 3435.249 3439.601 3445.108 3450.107 3454.328 3457.970 3458.163 3452.836 3444.537 3437.096 3435.395 3442.176 3447.864 3454.142 3454.968 3453.570 3451.156 3450.976 3447.836 3448.071 3454.991 3469.400 3472.601 3477.876 3477.070 3462.015 3434.791 3443.042 3423.249 3428.826 3424.245 3412.927 3391.791 3367.729 3336.909 3306.711 3287.061 3279.559 3273.825 3266.912 3253.531 3215.295 3181.028 3151.792 3131.117 3105.601
3473.543 3480.552 3481.671 3474.681 3466.221 3459.109 3451.865 3449.607 3448.960 3448.671 3449.132 3443.887 3434.901 3418.275 3406.770 3395.734 3389.815 3386.374 3390.092 3401.060 3412.752 3417.706 3408.883 3400.631 3389.060 3381.023 3381.433 3382.665 3392.037 3408.307 3415.286 3416.027 3409.774 3403.603 3397.046 3394.109 3400.515 3415.615 3431.966 3447.093 3455.946 3463.481 3470.369 3469.595 3471.972 3473.225 3471.184 3473.350 3455.982 3432.576 3404.625 3379.466 3353.491 3349.163 3348.766 3345.052 3342.804 3310.731 3274.647 3240.666 3213.680 3187.163
3446.489 3448.643 3444.751 3438.410 3428.505 3417.640 3408.069 3400.809 3401.854 3404.227 3405.818 3398.783 3383.729 3366.162 3352.825 3339.075 3335.204 3329.552 3322.542 3332.723 3351.946 3359.105 3343.523 3332.862 3317.899 3311.213 3307.378 3308.265 3317.215 3339.149 3362.314 3364.188 3353.415 3342.719 3337.901 3334.690 3339.466 3356.197 3376.603 3392.238 3402.326 3407.543 3415.211 3424.443 3438.167 3452.482 3464.378 3469.509 3477.236 3473.209 3461.366 3453.095 3429.471 3415.238 3407.163 3402.790 3395.619 3372.165 3343.129 3315.694 3289.142 3265.723
3410.470 3406.876 3400.944 3394.088 3374.727 3362.575 3350.068 3335.610 3331.997 3327.705 3329.043 3317.794 3309.607 3292.994 3277.829 3262.394 3249.691 3244.051 3237.581 3236.914 3250.692 3259.209 3249.124 3239.381 3228.420 3223.652 3220.302 3222.650 3232.993 3252.853 3271.102 3279.153 3271.613 3269.539 3268.994 3267.305 3273.266 3284.379 3302.302 3324.086 3342.207 3351.711 3358.461 3367.553 3381.684 3395.462 3409.414 3426.902 3449.063 3464.650 3474.290 3475.139 3473.956 3466.611 3468.075 3457.399 3445.133 3425.408 3400.484 3373.334 3347.117 3329.612
3369.398 3363.510 3358.006 3336.841 3283.648 3263.440 3245.058 3229.357 3223.132 3215.190 3200.695 3192.224 3187.628 3188.540 3174.570 3157.336 3140.111 3135.319 3131.793 3115.892 3112.826 3113.802 3128.114 3121.894 3119.937 3121.198 3118.777 3120.316 3133.113 3141.360 3147.412 3153.902 3157.521 3167.209 3174.658 3183.544 3200.055 3210.912 3226.130 3246.145 3270.951 3285.608 3294.707 3304.783 3319.697 3335.509 3352.745 3374.657 3399.976 3415.906 3426.727 3438.280 3451.305 3465.918 3471.691 3479.506 3477.701 3473.401 3449.803 3421.170 3400.361 3382.633
3306.047 3304.026 3294.438 3242.276 3201.806 3168.752 3151.943 3129.114 3116.421 3101.342 3065.315 3048.805 3047.869 3061.518 3057.398 3042.158 3030.225 3021.250 3012.495 2995.684 2978.545 2984.462 3001.999 3002.183 3004.803 3012.091 3011.360 3005.079 3003.459 3015.640 3021.269 3031.964 3048.345 3052.796 3067.691 3099.742 3112.158 3126.613 3144.621 3164.598 3186.129 3207.701 3221.040 3235.548 3253.455 3269.573 3289.359 3311.468 3340.214 3360.782 3374.682 3385.134 3395.555 3410.533 3430.793 3449.472 3467.280 3476.951 3477.960 3466.234 3448.138 3428.822
3205.957 3200.179 3173.229 3122.585 3087.008 3063.402 3042.305 3019.898 2997.623 2962.516 2928.989 2908.032 2922.746 2933.809 2944.230 2932.849 2922.169 2912.834 2895.710 2879.339 2863.788 2874.525 2883.174 2900.644 2907.027 2910.869 2916.207 2914.687 2904.646 2900.734 2908.558 2918.077 2929.369 2949.214 2983.141 3007.110 3024.414 3044.079 3062.143 3082.849 3105.069 3126.791 3142.823 3160.347 3178.154 3198.228 3216.857 3239.238 3266.840 3291.982 3307.354 3321.889 3334.949 3353.740 3376.951 3399.318 3423.954 3445.200 3458.330 3471.008 3475.489 3470.172
3089.056 3069.299 3024.396 2983.610 2961.835 2948.312 2925.924 2905.561 2877.855 2845.274 2823.840 2804.116 2814.589 2824.957 2844.283 2835.570 2828.602 2825.560 2810.641 2797.555 2781.585 2788.142 2800.021 2822.615 2828.323 2832.305 2841.272 2840.347 2835.803 2819.156 2825.773 2836.039 2849.997 2879.872 2901.990 2923.800 2944.540 2963.066 2983.674 3005.095 3027.185 3052.324 3070.784 3088.741 3109.233 3127.605 3141.659 3157.716 3181.134 3201.767 3222.046 3243.589 3257.978 3281.930 3311.802 3341.553 3375.226 3399.128 3414.235 3426.369 3438.117 3457.323
2943.514 2894.491 2860.967 2839.847 2837.765 2825.967 2807.073 2789.035 2770.648 2749.342 2731.068 2707.040 2712.952 2728.932 2746.105 2747.007 2747.839 2746.579 2737.418 2724.239 2710.826 2714.650 2731.530 2749.351 2759.036 2766.542 2774.142 2773.740 2764.291 2754.132 2758.569 2773.201 2788.647 2805.861 2825.805 2845.733 2865.048 2886.383 2907.913 2929.673 2953.315 2978.719 2998.525 3020.832 3043.902 3059.636 3067.728 3075.282 3094.266 3109.574 3130.349 3152.168 3169.418 3196.025 3229.875 3270.695 3310.047 3349.133 3366.642 3379.812 3389.839 3405.224
2825.107 2793.503 2766.061 2759.266 2744.983 2732.676 2719.265 2700.336 2684.926 2670.876 2650.619 2640.550 2648.316 2662.308 2671.339 2678.127 2676.388 2674.407 2668.926 2655.324 2650.632 2660.538 2675.742 2689.522 2700.841 2707.600 2712.668 2709.457 2700.136 2696.499 2704.223 2719.142 2732.112 2746.339 2765.999 2784.988 2805.226 2826.289 2846.917 2869.889 2893.553 2918.008 2943.355 2964.343 2981.880 2989.507 2997.749 2997.071 3007.227 3021.972 3037.959 3059.095 3082.166 3107.125 3145.615 3185.851 3225.225 3264.490 3298.839 3318.474 3335.052 3354.472
2759.647 2731.296 2703.847 2679.746 2668.459 2663.381 2651.873 2636.116 2625.976 2611.481 2601.580 2607.748 2609.842 2618.788 2617.764 2619.127 2617.060 2616.777 2614.641 2608.250 2619.661 2626.329 2639.818 2649.843 2659.407 2665.082 2668.508 2669.258 2664.508 2669.720 2675.434 2688.596 2699.107 2711.904 2730.853 2746.580 2764.164 2784.800 2806.098 2828.224 2852.090 2878.207 2901.034 2917.301 2922.760 2930.473 2930.862 2918.877 2928.498 2939.526 2948.811 2968.230 2987.783 3007.774 3044.651 3088.968 3136.492 3173.823 3218.092 3245.072 3269.465 3291.106
2678.054 2649.834 2623.016 2603.503 2599.371 2589.381 2579.936 2569.244 2556.750 2550.299 2556.617 2554.873 2552.937 2551.688 2554.851 2558.611 2558.504 2557.869 2560.817 2571.274 2575.759 2581.183 2590.189 2601.347 2612.909 2616.459 2620.597 2624.860 2630.195 2632.750 2635.991 2646.023 2657.253 2669.026 2684.223 2700.909 2718.538 2739.683 2761.798 2785.542 2810.918 2837.245 2857.760 2865.067 2873.313 2873.722 2865.301 2857.857 2859.954 2870.185 2875.697 2891.131 2911.529 2920.751 2957.598 3005.022 3045.566 3081.068 3115.867 3157.744 3185.088 3210.406
2616.365 2588.474 2568.023 2554.162 2544.402 2534.534 2524.678 2512.905 2506.474 2507.914 2505.800 2504.118 2502.163 2505.520 2509.467 2514.229 2514.714 2516.020 2519.181 2523.680 2530.331 2539.798 2550.568 2562.830 2578.330 2583.289 2587.926 2593.821 2596.541 2599.758 2603.500 2614.051 2625.401 2636.786 2652.997 2670.152 2688.206 2709.803 2734.860 2764.094 2790.227 2816.140 2839.567 2848.168 2851.047 2848.425 2840.560 2825.467 2821.507 2829.490 2829.154 2837.501 2854.299 2860.842 2885.181 2923.302 2949.405 2983.132 3021.616 3074.277 3103.460 3135.170
2549.199 2530.108 2515.524 2497.449 2484.548 2474.387 2466.427 2461.839 2461.749 2459.653 2458.608 2457.638 2455.725 2457.313 2461.804 2465.908 2468.625 2471.770 2476.229 2483.119 2492.281 2500.381 2512.194 2526.971 2542.399 2549.611 2555.163 2561.233 2565.709 2569.897 2573.304 2582.747 2594.053 2603.751 2620.267 2638.423 2657.412 2682.379 2711.460 2741.428 2767.238 2792.213 2818.439 2821.668 2822.305 2821.455 2805.837 2790.382 2781.857 2782.515 2782.696 2783.318 2792.393 2801.713 2819.314 2840.110 2865.897 2900.136 2947.407 2992.531 3026.107 3055.353
