tests/3D/Borden05m_nopit_001/output_maps/psiliqL0021N0018.asc
ncols         160
nrows         34
xllcorner     620200.000000
yllcorner     5168000.000000
cellsize      0.500000
NODATA_value  -9999.0
[rows 0 to 27 of 34, columns 62 to 123 of 160]
-9999.000 -9999.000 -9999.000 -9999.000 -9999.000 -9999.000 -9999.000 -9999.000 -9999.000 -9999.000 -9999.000 -9999.000 -9999.000 -9999.000 -9999.000 -9999.000 -9999.000 -9999.000 -9999.000 -9999.000 -9999.000 -9999.000 -9999.000 -9999.000 -9999.000 -9999.000 -9999.000 -9999.000 -9999.000 -9999.000 -9999.000 -9999.000 -9999.000 -9999.000 -9999.000 -9999.000 -9999.000 -9999.000 -9999.000 -9999.000 -9999.000 -9999.000 -9999.000 -9999.000 -9999.000 -9999.000 -9999.000 -9999.000 -9999.000 -9999.000 -9999.000 -9999.000 -9999.000 -9999.000 -9999.000 -9999.000 -9999.000 -9999.000 -9999.000 -9999.000 -9999.000 -9999.000
2384.477 2375.722 2366.354 2358.189 2353.981 2352.804 2351.872 2351.222 2356.119 2364.043 2371.562 2378.448 2380.768 2383.060 2384.975 2385.225 2383.979 2380.679 2377.294 2373.850 2372.176 2364.510 2353.264 2344.746 2342.017 2346.275 2350.661 2353.142 2358.590 2369.126 2379.832 2388.437 2400.793 2407.413 2412.753 2415.589 2411.679 2408.432 2404.645 2399.001 2387.989 -9999.000 -9999.000 -9999.000 -9999.000 -9999.000 -9999.000 -9999.000 -9999.000 -9999.000 -9999.000 -9999.000 -9999.000 -9999.000 -9999.000 -9999.000 -9999.000 -9999.000 -9999.000 -9999.000 -9999.000 -9999.000
2364.553 2359.955 2351.274 2345.967 2340.375 2337.885 2337.766 2337.579 2341.279 2351.677 2359.417 2363.939 2366.416 2369.060 2367.876 2367.097 2366.745 2363.773 2360.241 2356.793 2354.905 2355.916 2348.281 2342.445 2338.701 2336.221 2338.869 2341.454 2345.601 2354.920 2362.960 2371.057 2385.963 2398.931 2404.551 2402.145 2397.546 2393.892 2386.908 2376.555 2366.527 2357.796 2351.468 2346.212 2340.253 2346.693 2354.246 2363.928 2373.160 2385.277 2397.543 -9999.000 -9999.000 -9999.000 -9999.000 -9999.000 -9999.000 -9999.000 -9999.000 -9999.000 -9999.000 -9999.000
2344.432 2347.416 2343.905 2338.975 2332.068 2341.300 2342.211 2342.893 2345.942 2348.124 2352.328 2354.733 2359.939 2368.782 2371.420 2371.765 2371.725 2369.690 2366.390 2364.399 2361.538 2356.215 2354.611 2354.431 2353.479 2357.859 2359.358 2361.831 2355.931 2360.071 2366.362 2373.349 2379.339 2385.789 2389.002 2385.882 2386.100 2377.949 2364.460 2354.342 2346.694 2346.279 2343.418 2335.721 2322.599 2330.643 2346.716 2351.586 2354.588 2365.995 2378.351 2388.846 2391.771 2391.511 2391.214 2388.425 2374.632 2359.971 2344.987 2326.360 -9999.000 -9999.000
2351.791 2349.817 2346.239 2342.509 2353.424 2361.845 2363.109 2365.477 2369.091 2369.203 2357.800 2355.474 2362.963 2372.698 2377.915 2377.943 2377.530 2374.331 2373.100 2372.709 2370.652 2370.510 2372.279 2370.656 2374.146 2379.620 2382.757 2376.597 2367.990 2369.773 2378.037 2386.873 2394.462 2404.932 2416.068 2416.047 2411.366 2402.972 2390.427 2367.944 2349.988 2339.354 2331.960 2324.988 2327.085 2323.271 2336.334 2338.279 2340.711 2348.509 2358.933 2369.522 2375.690 2375.123 2374.481 2372.066 2362.561 2347.850 2333.067 2315.800 2289.603 2260.904
2352.005 2351.173 2352.268 2362.019 2374.125 2386.152 2388.056 2389.836 2388.641 2380.361 2369.948 2366.705 2380.330 2396.614 2404.412 2404.154 2401.033 2405.409 2404.814 2404.340 2400.293 2401.404 2400.362 2407.366 2414.904 2422.449 2420.910 2408.733 2396.841 2396.303 2400.824 2406.467 2413.640 2423.967 2433.510 2428.881 2423.326 2415.383 2389.138 2365.318 2350.554 2351.269 2352.200 2347.979 2345.884 2344.430 2339.556 2339.792 2339.210 2339.039 2351.337 2364.410 2368.018 2361.562 2357.707 2355.506 2347.452 2336.155 2320.547 2303.584 2284.177 2256.101
2384.541 2385.568 2391.820 2402.691 2416.693 2438.703 2439.004 2440.121 2440.085 2427.685 2414.719 2404.178 2424.367 2434.858 2442.360 2441.234 2447.943 2456.852 2452.775 2445.737 2434.308 2440.046 2448.423 2463.361 2470.710 2475.354 2472.089 2459.374 2453.097 2453.536 2458.424 2458.335 2465.513 2475.016 2490.191 2489.509 2484.444 2464.135 2427.865 2397.326 2382.363 2392.049 2386.479 2380.460 2379.448 2367.782 2359.629 2361.607 2353.337 2348.411 2360.837 2367.643 2369.238 2361.913 2367.177 2360.213 2340.236 2323.504 2308.732 2294.424 2277.890 2271.565
2402.011 2407.014 2416.607 2434.074 2453.281 2474.070 2475.953 2472.751 2482.006 2475.049 2464.682 2456.767 2473.923 2484.539 2495.088 2502.127 2514.538 2525.178 2511.286 2496.170 2487.747 2493.913 2516.960 2537.120 2541.908 2541.783 2542.529 2529.801 2524.369 2519.787 2518.100 2514.395 2511.856 2534.517 2554.276 2553.874 2532.262 2509.739 2472.326 2435.492 2408.995 2417.428 2415.060 2417.363 2406.097 2393.647 2383.552 2378.931 2371.959 2361.116 2369.160 2374.199 2383.027 2390.982 2394.265 2377.830 2360.386 2341.241 2323.290 2309.207 2303.272 2297.346
2471.823 2484.409 2491.499 2508.063 2527.186 2554.536 2569.575 2583.296 2587.014 2579.242 2570.432 2557.919 2560.182 2581.116 2592.618 2601.608 2610.691 2623.037 2625.288 2620.007 2618.626 2622.420 2633.236 2645.374 2651.976 2655.868 2659.598 2650.187 2638.473 2634.856 2628.273 2625.070 2623.814 2632.028 2649.117 2646.767 2614.983 2588.867 2555.937 2519.115 2490.038 2480.485 2495.273 2490.563 2474.513 2461.480 2433.051 2424.417 2413.322 2388.605 2387.616 2393.186 2404.291 2417.522 2404.212 2387.979 2370.478 2350.749 2333.138 2326.189 2324.674 2321.668
2589.225 2596.595 2599.876 2606.265 2637.963 2671.411 2697.364 2720.091 2727.419 2715.714 2705.847 2692.882 2683.768 2691.965 2707.857 2724.878 2739.863 2750.990 2753.599 2752.140 2752.245 2754.851 2757.763 2761.475 2768.936 2776.334 2785.439 2794.565 2785.981 2769.258 2758.982 2748.369 2746.181 2746.712 2748.714 2749.693 2736.930 2699.728 2670.149 2639.007 2616.865 2601.661 2597.195 2579.514 2556.954 2508.915 2471.725 2440.274 2419.469 2396.158 2401.220 2421.605 2460.647 2461.468 2449.801 2434.322 2410.815 2387.742 2366.367 2361.977 2360.214 2355.745
2713.039 2717.093 2720.068 2723.991 2748.634 2787.964 2825.824 2855.948 2857.015 2844.737 2833.664 2824.018 2810.991 2807.197 2817.895 2831.561 2850.122 2860.801 2868.129 2865.776 2866.047 2867.307 2869.488 2871.458 2874.423 2883.032 2896.833 2910.083 2909.954 2893.203 2875.760 2859.444 2855.432 2851.896 2846.901 2848.702 2850.469 2838.196 2809.846 2772.303 2732.062 2712.636 2696.153 2685.305 2669.645 2635.734 2576.152 2541.285 2505.798 2477.302 2472.010 2530.948 2543.910 2533.418 2521.550 2499.467 2472.280 2448.802 2426.105 2422.148 2418.129 2410.828
2828.827 2835.595 2839.270 2846.203 2862.381 2891.026 2923.623 2951.803 2967.565 2961.093 2945.048 2924.649 2916.474 2914.118 2917.100 2925.487 2936.529 2954.474 2972.498 2978.088 2978.905 2976.311 2978.579 2979.958 2980.037 2982.267 2989.399 2998.242 3001.324 2994.663 2975.550 2953.455 2941.216 2934.131 2930.496 2930.607 2934.581 2936.763 2923.429 2890.828 2849.457 2819.057 2802.182 2788.954 2775.784 2764.582 2737.443 2718.422 2685.093 2639.767 2610.118 2636.113 2628.144 2617.730 2594.786 2564.523 2535.010 2504.608 2478.415 2467.810 2463.780 2461.515
2940.123 2944.652 2952.588 2967.542 2989.049 3006.062 3026.411 3050.881 3065.670 3070.974 3069.960 3066.867 3068.257 3068.537 3018.261 3023.399 3028.503 3042.195 3055.051 3059.605 3060.115 3058.076 3059.641 3060.253 3060.227 3059.863 3061.382 3065.446 3066.996 3065.070 3054.536 3067.622 3048.767 3035.949 3028.087 3020.143 3011.933 3002.649 2993.095 2974.745 2945.795 2912.474 2889.647 2881.033 2875.261 2867.935 2862.836 2847.064 2825.487 2792.747 2754.379 2729.498 2725.350 2709.581 2677.923 2650.567 2630.446 2595.547 2564.904 2546.603 2543.175 2532.609
3047.691 3052.231 3065.390 3080.705 3068.348 3075.024 3081.932 3088.797 3091.154 3091.828 3091.517 3089.196 3088.573 3086.427 3082.586 3072.500 3074.068 3075.859 3078.429 3082.076 3080.896 3081.936 3084.867 3083.202 3077.375 3073.484 3071.913 3072.720 3080.016 3083.362 3084.251 3081.688 3080.842 3080.033 3077.290 3073.866 3069.042 3062.873 3073.798 3062.588 3036.517 2999.231 2960.764 2951.428 2951.527 2951.909 2950.234 2944.826 2927.436 2900.714 2864.416 2826.780 2817.486 2803.992 2787.664 2773.329 2755.887 2717.603 2681.475 2657.557 2644.866 2621.163
3089.385 3091.996 3094.408 3091.328 3088.195 3083.417 3081.985 3080.679 3078.287 3078.935 3077.054 3073.084 3069.270 3061.892 3050.694 3039.527 3036.340 3040.738 3046.137 3050.989 3054.992 3058.560 3058.933 3053.749 3045.584 3038.256 3036.522 3043.219 3048.862 3054.914 3055.706 3054.321 3052.004 3051.912 3048.928 3049.222 3056.024 3070.138 3073.837 3078.554 3077.850 3064.439 3040.176 3045.399 3025.852 3031.127 3026.691 3015.554 2994.763 2971.136 2941.014 2911.531 2891.405 2883.977 2878.535 2871.920 2859.399 2822.281 2788.452 2759.110 2738.016 2712.678
3073.918 3080.885 3082.053 3075.118 3066.763 3059.756 3052.681 3050.499 3049.767 3049.437 3049.852 3044.648 3035.967 3019.703 3008.262 2997.250 2991.347 2988.235 2992.200 3002.904 3014.134 3019.007 3010.639 3002.591 2991.263 2983.265 2983.648 2985.077 2994.332 3010.063 3016.524 3017.235 3011.218 3005.385 2998.963 2996.194 3002.622 3017.576 3033.579 3048.297 3056.936 3064.370 3071.127 3071.234 3073.378 3074.522 3072.732 3074.264 3057.487 3034.834 3007.966 2983.354 2957.667 2953.042 2952.434 2948.782 2946.661 2915.645 2880.226 2846.678 2819.720 2793.486
3047.160 3049.502 3045.787 3039.463 3029.618 3018.873 3009.395 3002.443 3003.491 3005.861 3007.367 3000.546 2985.753 2968.388 2955.159 2941.491 2937.660 2932.220 2925.807 2936.047 2954.789 2961.740 2946.634 2936.183 2921.441 2914.660 2910.989 2911.990 2920.982 2942.400 2964.698 2966.399 2955.831 2945.350 2940.493 2937.341 2942.333 2959.149 2979.252 2994.542 3004.393 3009.598 3017.264 3026.466 3039.804 3053.796 3065.437 3071.182 3078.150 3074.602 3064.086 3055.088 3032.313 3018.419 3010.217 3005.779 2998.560 2975.774 2947.397 2920.419 2894.100 2871.120
3011.443 3008.132 3002.313 2995.564 2977.352 2965.390 2953.185 2939.076 2935.651 2931.756 2933.274 2922.192 2913.748 2896.933 2881.866 2866.534 2854.375 2848.778 2842.489 2842.772 2856.839 2865.439 2854.790 2844.983 2833.714 2828.704 2825.368 2827.607 2837.881 2858.073 2876.295 2884.039 2876.356 2873.605 2872.601 2870.882 2876.617 2888.145 2906.180 2927.538 2945.026 2954.318 2961.103 2970.243 2984.274 2997.925 3011.720 3028.963 3050.538 3065.805 3075.307 3076.725 3075.730 3069.243 3069.801 3059.466 3047.613 3028.570 3004.206 2977.426 2951.487 2934.201
2970.854 2965.010 2959.531 2939.700 2888.150 2868.635 2850.623 2835.275 2829.383 2821.772 2808.714 2800.306 2795.497 2795.106 2781.021 2763.918 2747.034 2742.264 2738.691 2724.153 2722.563 2723.954 2736.354 2729.949 2727.290 2727.912 2725.460 2727.270 2740.150 2748.982 2755.687 2761.989 2764.524 2773.475 2780.456 2788.182 2804.274 2815.324 2830.684 2850.651 2874.913 2889.041 2897.999 2908.034 2922.867 2938.628 2955.690 2977.470 3002.403 3018.127 3028.852 3040.359 3053.191 3067.568 3073.876 3081.245 3079.719 3075.411 3052.606 3024.928 3004.392 2986.888
2909.139 2907.087 2897.979 2848.197 2807.757 2775.204 2758.498 2736.177 2724.062 2710.021 2676.103 2660.275 2658.627 2670.856 2665.906 2650.525 2638.364 2629.681 2621.421 2605.431 2589.884 2595.599 2612.144 2611.491 2613.325 2620.000 2619.056 2613.262 2612.870 2625.327 2631.265 2641.611 2656.858 2661.043 2674.587 2705.211 2717.529 2731.773 2749.812 2769.782 2791.184 2812.189 2825.229 2839.488 2857.299 2873.308 2893.035 2915.149 2943.596 2963.750 2977.538 2988.027 2998.522 3013.489 3033.512 3051.801 3069.276 3079.186 3080.189 3069.836 3051.541 3032.873
2811.572 2805.911 2780.764 2731.403 2695.429 2671.162 2650.318 2628.056 2606.861 2573.645 2540.917 2520.448 2533.715 2544.277 2553.135 2541.484 2530.622 2521.313 2504.955 2488.904 2474.171 2484.535 2493.153 2508.936 2514.763 2518.534 2523.310 2521.798 2512.696 2510.310 2518.136 2527.582 2538.465 2556.845 2589.549 2613.207 2630.087 2649.514 2667.564 2688.253 2710.390 2731.712 2747.425 2764.811 2782.587 2802.544 2821.328 2843.916 2871.541 2896.262 2911.416 2925.700 2938.760 2957.455 2980.476 3002.637 3026.949 3048.007 3060.920 3073.578 3078.748 3074.122
2697.326 2679.305 2636.517 2596.009 2572.458 2557.631 2535.370 2514.915 2487.865 2456.022 2434.122 2414.690 2424.732 2434.681 2452.716 2443.619 2436.079 2432.629 2417.880 2404.767 2389.163 2395.923 2407.431 2428.997 2434.376 2438.208 2446.742 2445.720 2441.469 2426.119 2432.931 2442.997 2456.618 2485.710 2507.909 2529.701 2550.100 2568.511 2589.001 2610.422 2632.444 2657.203 2675.428 2693.207 2713.540 2731.964 2746.544 2763.257 2786.924 2807.695 2827.613 2848.775 2863.210 2886.995 2916.558 2945.770 2978.961 3002.456 3017.599 3029.916 3041.919 3060.945
2555.191 2508.827 2475.904 2452.935 2448.661 2436.187 2417.042 2398.809 2380.312 2358.553 2339.831 2316.093 2321.823 2337.316 2354.033 2353.878 2354.044 2352.558 2343.134 2329.960 2316.585 2320.394 2336.945 2354.549 2363.782 2371.078 2378.608 2378.236 2369.187 2359.252 2363.771 2378.113 2393.454 2411.080 2431.164 2451.124 2470.300 2491.491 2512.976 2534.697 2558.276 2583.484 2602.934 2625.070 2648.015 2664.089 2672.642 2681.107 2700.717 2716.312 2737.003 2758.643 2775.693 2802.358 2835.948 2876.353 2915.368 2953.549 2970.740 2983.987 2994.270 3009.927
2435.392 2404.121 2376.562 2368.330 2353.660 2340.754 2326.859 2307.901 2292.082 2277.445 2257.113 2245.867 2253.345 2267.286 2276.804 2282.961 2281.084 2278.990 2273.216 2259.660 2254.052 2263.708 2278.924 2292.869 2303.945 2310.656 2315.859 2312.692 2303.515 2299.407 2307.081 2321.960 2335.103 2349.688 2369.439 2388.594 2408.810 2429.857 2450.518 2473.494 2497.154 2521.521 2546.560 2567.629 2585.613 2593.594 2602.142 2602.684 2613.627 2628.690 2645.126 2666.300 2689.208 2714.578 2753.058 2793.102 2832.182 2870.987 2904.155 2923.614 2940.100 2959.713
2366.986 2338.617 2311.051 2287.092 2275.095 2269.459 2257.630 2241.501 2230.980 2216.248 2205.151 2210.320 2212.676 2222.119 2221.584 2222.880 2220.712 2220.336 2217.849 2210.729 2221.355 2228.178 2241.863 2252.004 2261.514 2267.258 2270.772 2271.322 2266.220 2271.053 2276.940 2290.252 2300.884 2313.953 2333.071 2348.927 2366.650 2387.319 2408.642 2430.833 2454.701 2480.759 2503.628 2520.238 2526.194 2534.236 2535.412 2524.403 2534.582 2546.032 2555.993 2575.643 2595.428 2616.349 2653.376 2697.465 2744.502 2781.805 2825.204 2851.557 2875.725 2897.546
2284.192 2255.939 2228.936 2208.862 2204.082 2194.077 2184.412 2173.418 2160.818 2153.565 2158.967 2157.178 2155.492 2154.714 2157.872 2161.471 2161.252 2160.562 2163.181 2172.959 2177.407 2182.843 2192.057 2203.190 2214.544 2218.151 2222.282 2226.329 2231.339 2233.869 2237.247 2247.437 2258.697 2270.632 2286.011 2302.719 2320.431 2341.617 2363.668 2387.326 2412.720 2438.965 2459.362 2466.960 2475.401 2476.295 2468.459 2461.498 2464.411 2474.898 2481.183 2497.224 2517.771 2528.431 2566.038 2613.399 2654.423 2689.981 2724.883 2765.443 2792.712 2817.975
2221.102 2193.152 2172.005 2157.610 2147.855 2137.994 2128.103 2116.142 2109.146 2110.088 2107.969 2106.250 2104.372 2107.744 2111.653 2116.343 2116.704 2117.875 2120.952 2125.409 2131.918 2141.314 2152.079 2164.260 2179.556 2184.426 2189.036 2194.843 2197.529 2200.710 2204.508 2215.149 2226.510 2238.000 2254.267 2271.429 2289.566 2311.177 2336.198 2365.347 2391.446 2417.302 2440.436 2449.070 2452.166 2449.718 2442.209 2427.605 2424.161 2432.607 2432.877 2441.988 2459.319 2466.800 2492.826 2531.866 2558.757 2592.703 2630.935 2682.584 2711.564 2743.296
2153.329 2133.586 2118.512 2100.324 2087.532 2077.368 2069.170 2064.059 2063.634 2061.421 2060.263 2059.257 2057.410 2059.127 2063.575 2067.678 2070.278 2073.341 2077.575 2084.326 2093.441 2101.610 2113.417 2128.144 2143.450 2150.478 2155.996 2161.974 2166.348 2170.515 2173.987 2183.540 2194.884 2204.808 2221.418 2239.574 2258.486 2283.505 2312.595 2342.461 2368.209 2393.183 2419.110 2422.385 2423.152 2422.368 2407.148 2391.789 2383.769 2384.805 2385.175 2386.961 2396.561 2406.367 2425.529 2447.533 2474.001 2508.564 2555.728 2600.983 2634.260 2663.860
