tests/3D/Borden05m_nopit_001/output_maps/psiliqL0016N0014.asc
ncols         160
nrows         34
xllcorner     620200.000000
yllcorner     5168000.000000
cellsize      0.500000
NODATA_value  -9999.0
[rows 0 to 27 of 34, columns 63 to 125 of 160]
-9999.000 -9999.000 -9999.000 -9999.000 -9999.000 -9999.000 -9999.000 -9999.000 -9999.000 -9999.000 -9999.000 -9999.000 -9999.000 -9999.000 -9999.000 -9999.000 -9999.000 -9999.000 -9999.000 -9999.000 -9999.000 -9999.000 -9999.000 -9999.000 -9999.000 -9999.000 -9999.000 -9999.000 -9999.000 -9999.000 -9999.000 -9999.000 -9999.000 -9999.000 -9999.000 -9999.000 -9999.000 -9999.000 -9999.000 -9999.000 -9999.000 -9999.000 -9999.000 -9999.000 -9999.000 -9999.000 -9999.000 -9999.000 -9999.000 -9999.000 -9999.000 -9999.000 -9999.000 -9999.000 -9999.000 -9999.000 -9999.000 -9999.000 -9999.000 -9999.000 -9999.000 -9999.000 -9999.000
1376.434 1367.038 1358.598 1354.402 1353.251 1352.272 1351.652 1356.641 1364.497 1371.986 1378.946 1381.232 1383.530 1385.565 1385.888 1384.586 1381.274 1377.899 1374.445 1372.836 1364.884 1353.537 1344.825 1342.068 1346.421 1350.863 1353.372 1359.099 1369.798 1380.618 1389.249 1401.395 1407.612 1412.938 1416.009 1412.158 1408.911 1405.288 1400.128 1389.193 -9999.000 -9999.000 -9999.000 -9999.000 -9999.000 -9999.000 -9999.000 -9999.000 -9999.000 -9999.000 -9999.000 -9999.000 -9999.000 -9999.000 -9999.000 -9999.000 -9999.000 -9999.000 -9999.000 -9999.000 -9999.000 -9999.000 -9999.000
1360.496 1351.676 1346.235 1340.595 1338.332 1338.165 1337.989 1341.810 1351.930 1359.700 1364.267 1366.663 1369.182 1368.463 1367.756 1367.347 1364.367 1360.847 1357.390 1355.517 1356.119 1348.473 1342.824 1339.257 1337.275 1339.842 1342.325 1346.038 1355.515 1363.694 1371.914 1386.540 1399.279 1404.803 1402.506 1397.859 1394.329 1387.738 1377.760 1367.675 1358.320 1351.733 1346.535 1340.991 1347.403 1354.591 1364.602 1374.300 1386.454 1398.713 -9999.000 -9999.000 -9999.000 -9999.000 -9999.000 -9999.000 -9999.000 -9999.000 -9999.000 -9999.000 -9999.000 -9999.000 -9999.000
1347.793 1344.080 1339.122 1333.196 1341.736 1342.665 1343.441 1346.466 1349.065 1352.453 1354.948 1360.124 1368.933 1371.497 1371.842 1371.809 1369.809 1366.546 1364.603 1361.749 1356.445 1355.091 1355.132 1354.557 1359.262 1360.752 1362.789 1356.467 1360.314 1366.632 1373.624 1380.069 1386.802 1390.669 1387.674 1387.457 1379.430 1366.023 1355.557 1347.640 1346.502 1343.659 1336.115 1323.517 1331.220 1347.185 1352.086 1355.469 1367.170 1379.558 1389.965 1392.545 1392.309 1392.046 1389.402 1375.655 1361.051 1346.223 1327.658 -9999.000 -9999.000 -9999.000 -9999.000
1349.854 1346.358 1343.409 1354.969 1363.659 1364.946 1367.393 1370.803 1370.290 1358.446 1355.928 1363.750 1373.684 1379.084 1379.070 1378.719 1376.107 1374.901 1374.413 1372.177 1372.490 1374.551 1373.811 1377.907 1383.422 1386.397 1379.280 1370.454 1371.748 1379.800 1388.323 1395.885 1406.632 1418.091 1417.708 1412.780 1404.400 1391.649 1369.020 1350.500 1340.097 1333.210 1326.434 1327.541 1324.524 1336.738 1338.760 1341.034 1349.263 1359.732 1370.201 1376.287 1375.829 1375.317 1372.985 1363.578 1348.941 1334.254 1317.355 1291.611 1263.134 1237.337 1235.678
1352.481 1354.372 1365.338 1377.948 1390.985 1392.970 1394.868 1393.889 1384.943 1374.512 1370.786 1384.900 1400.865 1408.718 1408.808 1407.008 1412.767 1411.519 1410.116 1405.424 1406.986 1407.387 1416.050 1423.493 1430.646 1428.934 1416.959 1405.493 1404.454 1408.000 1412.294 1419.028 1429.499 1439.424 1434.892 1428.825 1420.172 1393.136 1367.957 1352.559 1353.517 1354.483 1350.337 1348.037 1345.896 1340.117 1340.266 1339.849 1339.688 1351.978 1364.809 1368.443 1362.230 1358.563 1356.429 1348.189 1337.128 1321.764 1304.925 1285.866 1257.822 1251.634 1242.653
1390.244 1397.087 1408.654 1424.128 1446.651 1447.964 1449.903 1451.275 1439.456 1426.795 1415.731 1434.110 1444.138 1452.082 1452.509 1460.925 1470.186 1465.647 1457.888 1447.122 1453.042 1463.387 1478.168 1484.963 1488.989 1487.044 1475.494 1469.689 1469.014 1472.291 1470.884 1476.545 1486.757 1502.143 1502.036 1495.098 1474.220 1438.524 1406.574 1389.075 1396.915 1391.293 1385.524 1383.473 1371.051 1361.802 1363.089 1354.501 1349.205 1361.357 1367.972 1369.754 1362.933 1368.362 1361.171 1342.021 1325.129 1310.096 1295.802 1279.957 1273.281 1264.110 1256.151
1420.592 1429.760 1447.352 1467.968 1489.791 1495.007 1495.278 1504.235 1497.352 1487.494 1479.214 1492.162 1503.361 1514.298 1522.717 1534.955 1545.852 1534.610 1521.453 1515.034 1520.374 1540.919 1558.867 1563.662 1564.354 1566.417 1556.252 1550.209 1544.434 1540.692 1535.881 1532.639 1552.603 1570.545 1569.900 1548.113 1525.693 1490.331 1454.278 1425.476 1429.253 1427.746 1428.941 1416.386 1403.079 1389.924 1383.073 1375.554 1363.288 1370.156 1375.587 1385.208 1393.975 1395.914 1379.547 1362.186 1343.025 1324.788 1310.650 1305.227 1299.665 1289.784 1283.055
1509.340 1515.566 1530.344 1551.597 1580.586 1598.640 1614.931 1618.467 1610.014 1600.959 1587.959 1587.255 1605.254 1616.656 1626.340 1636.140 1648.214 1652.368 1648.739 1647.831 1651.064 1659.223 1669.047 1675.516 1680.250 1685.101 1679.503 1668.970 1663.734 1656.007 1650.815 1649.058 1653.990 1667.580 1666.049 1638.952 1613.488 1582.592 1547.243 1518.330 1505.261 1515.713 1508.338 1492.333 1476.629 1445.602 1433.345 1420.418 1393.941 1391.734 1399.405 1411.822 1423.105 1408.916 1392.686 1374.770 1354.735 1336.198 1329.416 1328.015 1325.030 1318.865 1316.205
1621.554 1625.053 1631.461 1662.520 1695.680 1722.642 1745.375 1752.896 1741.822 1731.881 1719.494 1710.075 1715.403 1729.916 1746.294 1761.354 1772.285 1775.437 1774.104 1774.263 1776.358 1779.185 1782.287 1788.712 1795.856 1805.415 1815.660 1808.966 1792.511 1781.201 1768.950 1765.323 1764.957 1765.051 1765.907 1757.173 1724.864 1697.340 1667.161 1642.379 1625.099 1616.262 1599.037 1578.213 1533.492 1496.331 1464.614 1441.505 1416.652 1418.290 1440.835 1475.411 1472.787 1461.269 1445.119 1421.199 1397.566 1374.762 1369.333 1367.104 1362.228 1355.853 1350.745
1740.471 1744.114 1749.315 1771.724 1808.657 1844.884 1873.803 1876.147 1865.438 1854.663 1844.474 1832.891 1829.259 1837.900 1849.695 1866.395 1877.323 1885.952 1884.608 1884.934 1885.612 1887.618 1889.400 1891.639 1899.115 1911.519 1923.400 1924.056 1909.688 1892.819 1876.202 1870.552 1865.855 1860.784 1861.985 1863.615 1855.178 1829.987 1794.910 1754.858 1732.590 1714.683 1703.869 1689.536 1662.555 1610.321 1580.144 1546.957 1516.869 1504.371 1553.219 1559.142 1548.712 1535.384 1512.473 1485.993 1461.725 1437.687 1431.413 1426.856 1419.410 1413.534 1405.676
1854.754 1859.464 1867.787 1883.542 1908.300 1937.674 1964.129 1980.258 1975.262 1961.358 1942.992 1936.652 1934.922 1937.195 1944.307 1953.291 1969.440 1985.863 1991.235 1991.977 1989.488 1991.575 1992.742 1992.779 1994.225 1999.790 2007.441 2010.190 2004.811 1987.939 1967.462 1954.284 1946.570 1942.702 1941.828 1944.490 1945.518 1933.862 1904.714 1866.878 1836.067 1817.362 1803.699 1791.547 1781.750 1760.955 1744.128 1714.186 1671.970 1640.603 1653.081 1644.729 1634.047 1610.904 1581.955 1555.052 1524.321 1496.521 1482.647 1477.481 1473.543 1467.608 1457.190
1959.130 1967.755 1982.566 2001.952 2016.571 2034.229 2056.178 2069.221 2074.579 2074.336 2072.389 2074.007 2074.199 2039.212 2042.978 2046.693 2056.237 2065.988 2069.299 2069.654 2068.233 2069.473 2069.899 2069.972 2069.622 2070.169 2073.002 2074.083 2072.741 2064.763 2071.593 2054.180 2042.165 2034.744 2027.183 2019.050 2009.966 2000.838 1984.543 1957.916 1925.881 1901.570 1892.204 1886.868 1880.927 1876.587 1862.326 1842.195 1812.303 1775.648 1747.008 1740.561 1725.224 1696.579 1672.484 1654.843 1620.973 1589.438 1568.751 1562.808 1549.442 1534.121 1520.287
2057.706 2069.923 2083.625 2075.728 2080.380 2085.195 2089.980 2091.622 2092.093 2091.876 2089.643 2089.209 2087.398 2083.112 2073.489 2075.005 2076.605 2079.115 2082.657 2081.390 2082.345 2085.248 2083.703 2078.145 2074.485 2072.924 2073.502 2080.633 2083.811 2084.625 2083.057 2082.332 2081.769 2079.858 2077.472 2074.111 2069.812 2076.000 2065.858 2042.219 2008.569 1973.435 1962.165 1960.321 1961.351 1959.585 1954.498 1937.491 1911.848 1877.263 1840.938 1828.926 1816.254 1802.782 1790.602 1775.020 1738.584 1702.848 1677.406 1662.323 1637.956 1618.609 1600.952
2093.379 2094.909 2091.744 2088.457 2083.812 2082.541 2081.292 2078.955 2079.625 2077.750 2073.895 2070.355 2063.689 2052.939 2041.783 2039.056 2043.567 2048.693 2053.175 2056.632 2060.010 2060.831 2056.000 2048.164 2041.111 2039.291 2045.768 2051.289 2056.765 2057.464 2056.099 2054.009 2054.121 2051.509 2051.927 2058.411 2071.758 2076.670 2079.959 2079.469 2070.122 2053.213 2050.805 2031.812 2036.262 2032.109 2021.334 2001.313 1978.666 1950.174 1922.350 1900.896 1893.503 1888.629 1882.583 1872.030 1837.512 1804.576 1774.748 1752.389 1727.263 1704.372 1683.393
2081.717 2083.007 2076.206 2068.117 2061.373 2054.717 2052.727 2051.780 2051.347 2051.649 2046.546 2038.626 2023.266 2011.983 2001.030 1995.167 1992.874 1997.456 2007.494 2017.567 2022.233 2014.998 2007.456 1996.731 1988.827 1989.133 1991.048 2000.002 2014.376 2019.527 2020.154 2014.713 2009.706 2003.600 2001.228 2007.689 2022.248 2037.348 2051.007 2059.068 2066.202 2072.578 2074.826 2076.320 2077.117 2075.868 2075.723 2060.315 2039.430 2015.143 1991.760 1966.639 1961.108 1959.790 1956.101 1954.091 1925.500 1891.513 1858.807 1831.664 1805.883 1782.359 1760.320
2051.647 2048.376 2042.092 2032.398 2021.954 2012.706 2006.524 2007.579 2009.943 2011.235 2004.948 1990.807 1973.943 1960.984 1947.522 1943.788 1938.875 1933.955 1944.337 1961.876 1968.302 1954.383 1944.454 1930.258 1923.236 1919.965 1921.245 1930.331 1950.450 1970.567 1971.824 1961.752 1951.791 1946.815 1943.789 1949.293 1966.294 1985.606 1999.994 2009.209 2014.334 2021.938 2031.000 2043.302 2056.404 2067.319 2074.497 2079.459 2076.982 2069.647 2058.677 2037.861 2024.628 2015.913 2011.097 2003.531 1982.169 1955.183 1929.072 1903.056 1880.874 1861.787 1836.294
2011.271 2005.733 1999.251 1983.912 1972.427 1960.974 1947.738 1944.781 1941.882 1943.846 1933.183 1924.095 1906.772 1891.950 1876.873 1866.074 1860.579 1854.742 1857.396 1872.186 1880.989 1868.925 1858.957 1846.909 1841.290 1837.984 1839.942 1850.033 1871.047 1889.190 1896.151 1888.094 1883.632 1881.461 1879.646 1884.786 1897.322 1915.602 1935.855 1951.715 1960.425 1967.240 1976.434 1990.138 2003.390 2016.694 2033.217 2053.209 2067.543 2076.552 2079.230 2078.524 2073.986 2072.058 2062.343 2051.270 2033.663 2010.403 1984.249 1958.681 1941.611 1924.737 1906.814
1968.759 1963.343 1946.846 1899.401 1881.622 1864.535 1850.064 1845.006 1838.223 1828.755 1820.504 1815.165 1811.514 1797.139 1780.362 1764.330 1759.612 1755.919 1744.786 1746.885 1749.309 1756.924 1750.055 1745.635 1744.654 1742.118 1744.595 1757.676 1767.959 1776.288 1782.105 1781.915 1789.006 1794.794 1799.598 1814.615 1826.114 1841.794 1861.599 1884.456 1897.207 1905.754 1915.615 1930.172 1945.717 1962.246 1983.580 2007.427 2022.491 2032.824 2044.039 2056.197 2069.770 2077.184 2083.177 2082.077 2077.446 2056.305 2030.674 2010.462 1993.139 1978.801 1964.617
1914.736 1906.828 1862.998 1822.634 1791.330 1774.884 1753.833 1743.162 1731.715 1703.069 1688.944 1685.516 1694.194 1687.169 1671.434 1658.700 1650.745 1643.722 1629.780 1618.208 1623.416 1637.478 1634.729 1634.593 1639.730 1638.245 1633.662 1636.329 1649.470 1656.166 1665.626 1678.020 1681.523 1691.671 1718.703 1730.748 1744.435 1762.515 1782.425 1803.459 1822.990 1835.220 1848.789 1866.279 1881.928 1901.403 1923.417 1950.981 1969.956 1983.299 1993.700 2004.174 2018.890 2038.067 2055.112 2071.450 2081.636 2082.271 2074.978 2055.784 2038.320 2024.083 2015.197
1820.241 1799.599 1753.444 1716.481 1690.558 1670.349 1648.448 1629.952 1601.465 1570.733 1551.482 1561.129 1570.439 1575.389 1563.062 1551.743 1542.498 1528.051 1512.798 1500.108 1509.535 1518.072 1529.633 1534.068 1537.654 1541.020 1539.518 1532.756 1534.176 1541.995 1551.243 1561.086 1575.789 1605.414 1628.271 1644.061 1662.864 1680.843 1701.446 1723.328 1743.593 1758.449 1775.417 1793.035 1812.609 1831.676 1854.660 1882.211 1905.730 1920.169 1933.634 1946.484 1964.700 1986.984 2008.339 2031.525 2051.760 2063.757 2075.955 2082.417 2079.053 2066.949 2053.943
1704.319 1666.818 1627.007 1599.013 1580.928 1558.982 1538.295 1512.888 1482.888 1459.822 1441.117 1450.083 1458.984 1473.791 1463.732 1454.762 1450.287 1435.963 1422.781 1408.088 1415.354 1425.930 1444.922 1449.474 1452.923 1460.369 1459.097 1455.568 1443.452 1450.740 1460.293 1473.054 1500.171 1522.550 1544.276 1563.795 1581.886 1602.045 1623.425 1645.227 1668.983 1686.557 1703.820 1723.672 1742.136 1757.923 1776.156 1800.310 1821.275 1840.115 1860.130 1874.458 1897.584 1926.102 1953.664 1985.312 2007.423 2022.254 2034.596 2046.769 2064.851 2075.000 2077.359
1544.664 1513.246 1485.655 1475.900 1461.737 1441.963 1423.243 1404.469 1381.577 1361.734 1338.723 1343.995 1358.269 1373.844 1371.046 1369.547 1367.493 1357.410 1344.246 1330.964 1334.731 1350.458 1367.512 1375.611 1382.375 1389.727 1389.423 1381.366 1371.978 1376.692 1390.295 1405.358 1423.995 1444.410 1464.426 1483.226 1504.025 1525.365 1546.945 1570.317 1594.980 1613.478 1635.115 1657.663 1674.493 1684.096 1694.715 1715.752 1731.908 1752.217 1773.210 1789.539 1816.096 1848.760 1887.811 1925.641 1961.177 1977.156 1990.135 2000.570 2016.374 2036.178 2055.087
1430.663 1402.813 1390.988 1375.351 1360.947 1345.841 1326.813 1309.970 1293.865 1273.342 1259.156 1265.910 1279.724 1290.458 1295.037 1292.814 1290.437 1283.927 1270.486 1262.583 1271.610 1286.852 1301.205 1311.670 1318.254 1323.790 1320.726 1311.900 1306.604 1314.142 1328.910 1342.468 1357.932 1377.890 1397.436 1417.570 1438.544 1459.252 1482.195 1505.797 1529.892 1554.095 1575.294 1594.313 1603.088 1612.294 1615.765 1628.536 1644.241 1661.623 1682.691 1704.963 1731.113 1769.280 1808.530 1846.519 1883.788 1913.571 1932.123 1947.867 1967.411 1987.966 2005.254
1356.918 1329.060 1305.455 1291.685 1284.650 1272.021 1254.962 1243.486 1228.161 1214.075 1216.744 1219.756 1230.438 1231.129 1232.257 1229.830 1229.220 1225.853 1216.912 1225.570 1232.777 1246.949 1257.378 1266.749 1272.659 1276.387 1276.428 1270.440 1274.315 1280.622 1294.295 1305.216 1318.947 1338.467 1354.623 1372.665 1393.388 1414.736 1437.048 1460.873 1486.729 1509.640 1527.036 1534.151 1542.923 1545.962 1537.268 1548.708 1561.054 1572.531 1592.558 1612.696 1635.686 1672.806 1716.002 1761.471 1798.303 1839.098 1863.401 1886.491 1908.196 1931.943 1953.823
1271.200 1243.734 1222.259 1215.857 1205.814 1195.599 1183.852 1170.985 1161.727 1164.838 1162.937 1161.873 1162.274 1165.417 1168.614 1168.113 1167.283 1169.079 1177.158 1181.510 1186.971 1196.702 1207.771 1218.600 1222.341 1226.448 1229.949 1234.138 1236.596 1240.306 1250.879 1262.198 1274.520 1290.334 1307.075 1324.967 1346.223 1368.079 1391.483 1416.872 1442.858 1462.895 1471.152 1479.997 1482.013 1475.531 1469.657 1474.473 1485.447 1493.488 1510.847 1531.538 1545.540 1584.763 1631.645 1673.513 1708.817 1743.539 1780.329 1806.887 1831.450 1862.308 1889.193
1204.846 1181.958 1166.228 1156.487 1146.641 1136.663 1124.233 1115.823 1115.519 1113.388 1111.578 1109.890 1113.297 1117.110 1121.618 1121.670 1122.502 1125.364 1129.713 1135.869 1145.081 1155.833 1167.808 1182.587 1187.230 1191.765 1197.346 1199.937 1203.019 1206.949 1217.799 1229.177 1240.910 1257.298 1274.452 1292.774 1314.386 1339.285 1368.176 1394.145 1419.802 1442.142 1450.788 1454.344 1452.240 1445.514 1432.014 1429.722 1439.171 1440.782 1451.602 1470.042 1479.613 1509.576 1550.595 1579.100 1613.199 1650.370 1699.009 1726.963 1758.186 1788.465 1818.508
1142.281 1125.982 1107.511 1094.989 1084.821 1076.024 1069.608 1068.345 1065.836 1064.395 1063.301 1061.620 1063.655 1067.995 1072.094 1074.401 1077.257 1080.926 1087.329 1096.324 1104.660 1116.454 1131.048 1146.043 1152.609 1158.034 1163.777 1167.887 1171.992 1175.616 1185.433 1196.856 1207.328 1224.155 1242.286 1260.982 1286.097 1315.174 1344.747 1370.289 1395.208 1420.325 1423.644 1424.653 1423.942 1409.613 1394.375 1387.479 1389.308 1389.975 1394.473 1405.164 1415.935 1438.717 1463.428 1491.245 1526.227 1572.691 1617.804 1649.813 1679.747 1709.116 1734.693
