tests/3D/Borden05m_nopit_001/output_maps/psiliqL0023N0040.asc
ncols         160
nrows         34
xllcorner     620200.000000
yllcorner     5168000.000000
cellsize      0.500000
NODATA_value  -9999.0
[rows 0 to 27 of 34, columns 62 to 123 of 160]
-9999.000 -9999.000 -9999.000 -9999.000 -9999.000 -9999.000 -9999.000 -9999.000 -9999.000 -9999.000 -9999.000 -9999.000 -9999.000 -9999.000 -9999.000 -9999.000 -9999.000 -9999.000 -9999.000 -9999.000 -9999.000 -9999.000 -9999.000 -9999.000 -9999.000 -9999.000 -9999.000 -9999.000 -9999.000 -9999.000 -9999.000 -9999.000 -9999.000 -9999.000 -9999.000 -9999.000 -9999.000 -9999.000 -9999.000 -9999.000 -9999.000 -9999.000 -9999.000 -9999.000 -9999.000 -9999.000 -9999.000 -9999.000 -9999.000 -9999.000 -9999.000 -9999.000 -9999.000 -9999.000 -9999.000 -9999.000 -9999.000 -9999.000 -9999.000 -9999.000 -9999.000 -9999.000
2784.108 2775.437 2766.080 2758.024 2753.812 2752.624 2751.711 2751.048 2755.909 2763.860 2771.390 2778.246 2780.579 2782.869 2784.736 2784.957 2783.731 2780.435 2777.045 2773.605 2771.904 2764.352 2753.144 2744.703 2741.983 2746.201 2750.563 2753.031 2758.364 2768.833 2779.490 2788.081 2800.518 2807.293 2812.634 2815.371 2811.432 2808.179 2804.319 2798.476 2787.428 -9999.000 -9999.000 -9999.000 -9999.000 -9999.000 -9999.000 -9999.000 -9999.000 -9999.000 -9999.000 -9999.000 -9999.000 -9999.000 -9999.000 -9999.000 -9999.000 -9999.000 -9999.000 -9999.000 -9999.000 -9999.000
2764.214 2759.738 2751.113 2745.859 2740.286 2737.705 2737.606 2737.414 2741.065 2751.574 2759.302 2763.806 2766.315 2769.009 2767.638 2766.829 2766.500 2763.530 2759.992 2756.548 2754.653 2755.826 2748.194 2742.281 2738.465 2735.785 2738.463 2741.086 2745.405 2754.657 2762.638 2770.683 2785.696 2798.752 2804.405 2801.950 2797.364 2793.655 2786.506 2775.995 2765.980 2757.485 2751.247 2745.954 2739.815 2746.250 2753.932 2763.464 2772.492 2784.577 2796.831 -9999.000 -9999.000 -9999.000 -9999.000 -9999.000 -9999.000 -9999.000 -9999.000 -9999.000 -9999.000 -9999.000
2744.104 2747.265 2743.835 2738.915 2731.615 2741.124 2742.028 2742.672 2745.731 2747.745 2752.276 2754.645 2759.862 2768.718 2771.387 2771.729 2771.687 2769.637 2766.322 2764.311 2761.445 2756.114 2754.408 2754.138 2753.035 2757.283 2758.783 2761.429 2755.694 2759.948 2766.225 2773.207 2779.011 2785.343 2788.289 2785.114 2785.499 2777.293 2763.763 2753.775 2746.224 2746.086 2743.205 2735.433 2722.086 2730.251 2746.349 2751.189 2754.019 2765.286 2777.605 2788.099 2791.128 2790.824 2790.477 2787.595 2773.746 2759.024 2743.943 2725.265 -9999.000 -9999.000
2751.774 2749.801 2746.191 2742.148 2752.806 2761.119 2762.373 2764.709 2768.405 2768.766 2757.540 2755.291 2762.645 2772.300 2777.444 2777.489 2777.050 2773.615 2772.373 2772.020 2770.034 2769.708 2771.360 2769.382 2772.628 2778.083 2781.283 2775.504 2766.982 2768.956 2777.303 2786.260 2793.856 2804.210 2815.211 2815.329 2810.741 2802.333 2789.863 2767.430 2749.688 2738.950 2731.341 2724.275 2726.753 2722.603 2735.988 2737.883 2740.357 2747.959 2758.339 2768.943 2775.112 2774.466 2773.736 2771.250 2761.667 2746.888 2732.025 2714.565 2688.122 2659.275
2751.592 2750.649 2751.426 2760.691 2772.595 2784.218 2786.090 2787.822 2786.540 2778.527 2768.120 2765.071 2778.499 2794.911 2802.685 2802.289 2798.638 2802.460 2802.125 2802.021 2798.233 2799.161 2797.541 2803.879 2811.454 2819.154 2817.682 2805.422 2793.357 2793.015 2797.923 2804.101 2811.446 2821.711 2831.096 2826.422 2821.065 2813.398 2787.461 2764.175 2749.652 2750.258 2751.162 2746.896 2744.866 2743.670 2739.139 2739.389 2738.719 2738.520 2750.792 2763.932 2767.495 2760.907 2756.939 2754.673 2746.653 2735.220 2719.469 2702.407 2682.804 2654.658
2782.983 2783.697 2789.712 2800.305 2813.717 2835.523 2835.419 2836.207 2835.608 2822.974 2809.886 2799.555 2820.466 2831.143 2838.468 2836.720 2842.746 2851.513 2847.619 2840.870 2829.173 2834.837 2842.426 2857.425 2864.994 2869.884 2866.089 2852.904 2846.436 2847.317 2852.845 2853.280 2861.059 2870.273 2885.358 2884.440 2880.117 2860.027 2823.518 2793.533 2779.574 2789.986 2784.423 2778.287 2777.675 2766.292 2758.558 2760.790 2752.623 2747.819 2760.325 2767.176 2768.661 2761.098 2766.259 2759.345 2738.994 2722.280 2707.565 2693.199 2676.335 2670.093
2796.967 2801.582 2811.345 2828.763 2847.405 2867.780 2868.331 2863.739 2873.113 2866.125 2855.555 2847.786 2866.625 2877.007 2887.400 2893.887 2906.367 2916.902 2901.950 2886.049 2876.823 2883.319 2907.365 2928.408 2933.191 2932.738 2932.955 2919.198 2914.007 2909.899 2909.030 2905.764 2903.500 2927.234 2947.714 2947.403 2925.852 2903.280 2865.037 2827.880 2802.293 2812.575 2809.846 2812.576 2801.809 2789.683 2780.789 2777.036 2770.258 2759.956 2768.439 2773.288 2781.763 2789.355 2793.134 2776.629 2759.105 2739.919 2722.031 2707.916 2701.719 2695.590
2861.513 2874.436 2881.871 2899.150 2917.421 2944.116 2957.947 2970.641 2974.430 2966.931 2958.219 2945.900 2949.350 2971.458 2982.999 2991.711 3000.506 3012.960 3014.448 3008.506 3006.934 3010.952 3022.828 3035.890 3042.545 3046.097 3049.376 3038.437 3026.248 3023.274 3017.144 3014.733 3013.672 3023.193 3041.674 3038.990 3005.322 2978.937 2945.182 2907.760 2878.604 2870.443 2886.950 2883.288 2867.201 2855.216 2827.802 2820.592 2810.202 2786.159 2785.624 2790.318 2800.860 2814.828 2801.826 2785.545 2768.162 2748.503 2731.207 2724.133 2722.513 2719.437
2978.861 2986.610 2989.805 2996.186 3028.140 3061.702 3087.251 3109.975 3117.227 3105.269 3095.430 3082.235 3073.242 3082.586 3099.029 3116.307 3131.261 3142.466 3144.857 3143.345 3143.429 3146.237 3149.182 3153.136 3161.009 3168.506 3177.427 3186.102 3176.759 3159.925 3150.058 3140.095 3138.478 3139.361 3142.120 3143.140 3128.756 3089.587 3059.174 3027.635 3006.535 2992.146 2989.412 2971.529 2948.254 2898.866 2861.638 2830.267 2810.352 2787.626 2794.022 2813.505 2854.290 2856.445 2844.670 2829.409 2806.013 2783.109 2762.245 2758.210 2756.568 2752.195
3103.835 3107.741 3110.449 3113.861 3139.397 3179.686 3218.199 3248.804 3249.361 3236.455 3225.262 3215.833 3202.228 3198.369 3209.889 3224.303 3243.607 3254.186 3260.993 3258.234 3258.483 3259.973 3262.223 3264.266 3267.519 3276.579 3290.936 3304.730 3304.284 3286.576 3268.899 3252.697 3249.334 3246.256 3241.285 3243.316 3245.129 3231.312 3201.686 3163.143 3122.811 3104.505 3088.574 3077.691 3061.478 3024.770 2962.221 2925.449 2889.010 2861.115 2858.666 2921.596 2937.330 2926.763 2915.428 2893.620 2866.092 2842.867 2820.643 2817.544 2813.670 2806.354
3221.060 3227.930 3231.192 3237.568 3253.916 3284.115 3318.001 3346.870 3362.486 3355.424 3338.522 3317.310 3308.400 3305.793 3309.058 3317.955 3329.819 3348.481 3367.144 3372.820 3373.666 3371.029 3373.367 3374.829 3374.922 3377.464 3385.219 3394.535 3397.747 3390.569 3370.554 3347.807 3335.937 3329.096 3325.547 3326.043 3330.531 3333.164 3319.145 3285.149 3242.348 3212.094 3195.931 3182.855 3169.254 3157.463 3127.756 3107.825 3073.105 3026.495 2997.492 3028.848 3020.980 3010.621 2987.698 2956.850 2926.227 2895.889 2870.266 2860.893 2857.240 2855.564
3334.225 3338.860 3346.520 3361.531 3383.886 3401.857 3423.283 3448.760 3464.247 3469.530 3468.207 3464.655 3465.954 3466.268 3409.875 3415.562 3421.220 3436.571 3450.668 3455.719 3456.289 3454.001 3455.695 3456.378 3456.310 3455.938 3457.843 3462.396 3464.130 3461.966 3450.404 3465.987 3446.548 3433.402 3425.355 3417.247 3408.997 3399.621 3389.882 3370.694 3340.798 3306.943 3284.689 3276.351 3270.379 3262.468 3257.034 3240.621 3218.426 3184.504 3145.404 3121.974 3118.691 3102.690 3069.764 3041.035 3019.850 2984.462 2954.097 2936.666 2934.159 2924.622
3445.439 3450.040 3463.575 3479.536 3465.395 3472.880 3480.626 3488.322 3490.964 3491.721 3491.371 3489.014 3488.316 3486.035 3482.371 3472.100 3473.686 3475.553 3478.147 3481.834 3480.689 3481.761 3484.700 3482.985 3477.049 3473.062 3471.485 3472.379 3479.737 3483.145 3484.060 3481.092 3480.191 3479.276 3476.191 3472.342 3466.921 3459.991 3472.796 3461.143 3434.080 3395.319 3355.495 3346.907 3347.755 3347.846 3346.172 3340.596 3323.009 3295.808 3258.773 3220.557 3212.288 3198.400 3180.858 3165.586 3147.319 3108.211 3071.836 3048.435 3036.602 3013.066
3488.735 3491.442 3494.207 3491.161 3488.089 3483.258 3481.761 3480.433 3478.017 3478.657 3476.773 3472.757 3468.833 3461.170 3449.792 3438.619 3435.248 3439.600 3445.106 3450.105 3454.326 3457.968 3458.160 3452.832 3444.534 3437.092 3435.390 3442.171 3447.858 3454.135 3454.960 3453.560 3451.146 3450.964 3447.822 3448.056 3454.973 3469.380 3472.578 3477.850 3477.040 3461.981 3434.753 3442.999 3423.200 3428.771 3424.183 3412.858 3391.713 3367.641 3336.812 3306.602 3286.940 3279.425 3273.676 3266.748 3253.351 3215.097 3180.811 3151.556 3130.861 3105.324
3473.543 3480.552 3481.671 3474.681 3466.221 3459.109 3451.865 3449.606 3448.960 3448.670 3449.131 3443.887 3434.901 3418.274 3406.770 3395.733 3389.813 3386.373 3390.090 3401.058 3412.750 3417.704 3408.881 3400.628 3389.057 3381.019 3381.428 3382.660 3392.031 3408.300 3415.278 3416.018 3409.763 3403.591 3397.032 3394.093 3400.497 3415.595 3431.942 3447.066 3455.915 3463.446 3470.329 3469.550 3471.921 3473.167 3471.119 3473.276 3455.899 3432.483 3404.521 3379.350 3353.362 3349.019 3348.606 3344.876 3342.610 3310.517 3274.412 3240.410 3213.401 3186.860
3446.489 3448.643 3444.751 3438.410 3428.505 3417.639 3408.069 3400.809 3401.854 3404.226 3405.818 3398.783 3383.728 3366.161 3352.824 3339.074 3335.203 3329.551 3322.541 3332.721 3351.944 3359.103 3343.521 3332.859 3317.895 3311.209 3307.374 3308.259 3317.209 3339.142 3362.306 3364.179 3353.404 3342.707 3337.887 3334.674 3339.448 3356.176 3376.579 3392.210 3402.294 3407.507 3415.170 3424.396 3438.114 3452.422 3464.310 3469.432 3477.149 3473.112 3461.257 3452.973 3429.334 3415.085 3406.993 3402.601 3395.410 3371.935 3342.876 3315.416 3288.839 3265.394
3410.470 3406.876 3400.944 3394.088 3374.727 3362.575 3350.067 3335.610 3331.997 3327.704 3329.043 3317.793 3309.606 3292.993 3277.828 3262.393 3249.689 3244.050 3237.580 3236.913 3250.690 3259.207 3249.122 3239.378 3228.417 3223.648 3220.297 3222.645 3232.987 3252.846 3271.094 3279.143 3271.602 3269.527 3268.980 3267.289 3273.247 3284.358 3302.277 3324.057 3342.175 3351.674 3358.419 3367.505 3381.630 3395.400 3409.344 3426.822 3448.973 3464.548 3474.176 3475.010 3473.812 3466.450 3467.895 3457.199 3444.911 3425.162 3400.213 3373.036 3346.790 3329.256
3369.398 3363.510 3358.006 3336.841 3283.648 3263.439 3245.057 3229.357 3223.131 3215.190 3200.695 3192.224 3187.627 3188.540 3174.569 3157.335 3140.110 3135.318 3131.792 3115.890 3112.824 3113.800 3128.112 3121.891 3119.934 3121.194 3118.772 3120.311 3133.107 3141.353 3147.404 3153.892 3157.510 3167.196 3174.644 3183.527 3200.036 3210.890 3226.106 3246.117 3270.919 3285.571 3294.664 3304.734 3319.642 3335.445 3352.673 3374.575 3399.883 3415.801 3426.608 3438.147 3451.155 3465.750 3471.503 3479.296 3477.466 3473.141 3449.516 3420.853 3400.013 3382.251
3306.047 3304.026 3294.438 3242.276 3201.806 3168.752 3151.942 3129.113 3116.421 3101.342 3065.314 3048.805 3047.869 3061.518 3057.397 3042.157 3030.224 3021.249 3012.493 2995.682 2978.544 2984.460 3001.997 3002.180 3004.800 3012.087 3011.356 3005.074 3003.453 3015.633 3021.261 3031.954 3048.335 3052.784 3067.677 3099.725 3112.140 3126.592 3144.596 3164.570 3186.096 3207.663 3220.997 3235.499 3253.399 3269.508 3289.285 3311.384 3340.119 3360.675 3374.560 3384.996 3395.400 3410.359 3430.597 3449.252 3467.036 3476.678 3477.657 3465.899 3447.769 3428.416
3205.956 3200.179 3173.229 3122.585 3087.007 3063.402 3042.305 3019.897 2997.623 2962.515 2928.988 2908.031 2922.746 2933.808 2944.230 2932.848 2922.168 2912.832 2895.709 2879.337 2863.786 2874.523 2883.172 2900.641 2907.023 2910.866 2916.203 2914.682 2904.640 2900.727 2908.550 2918.068 2929.359 2949.202 2983.127 3007.094 3024.396 3044.057 3062.118 3082.821 3105.037 3126.754 3142.779 3160.298 3178.098 3198.163 3216.784 3239.154 3266.744 3291.872 3307.230 3321.749 3334.790 3353.561 3376.749 3399.091 3423.700 3444.916 3458.014 3470.657 3475.101 3469.745
3089.056 3069.299 3024.396 2983.609 2961.835 2948.311 2925.924 2905.561 2877.854 2845.274 2823.840 2804.116 2814.588 2824.956 2844.282 2835.569 2828.601 2825.559 2810.639 2797.553 2781.583 2788.140 2800.019 2822.613 2828.320 2832.301 2841.268 2840.342 2835.797 2819.150 2825.765 2836.030 2849.987 2879.860 2901.977 2923.784 2944.521 2963.044 2983.649 3005.066 3027.153 3052.287 3070.740 3088.692 3109.176 3127.540 3141.585 3157.631 3181.037 3201.656 3221.921 3243.446 3257.817 3281.747 3311.595 3341.320 3374.965 3398.836 3413.909 3426.006 3437.713 3456.877
2943.514 2894.491 2860.967 2839.847 2837.765 2825.967 2807.073 2789.034 2770.648 2749.342 2731.068 2707.039 2712.951 2728.932 2746.104 2747.006 2747.838 2746.578 2737.417 2724.238 2710.825 2714.648 2731.527 2749.349 2759.033 2766.539 2774.137 2773.735 2764.285 2754.126 2758.561 2773.192 2788.637 2805.849 2825.791 2845.717 2865.030 2886.362 2907.888 2929.645 2953.282 2978.682 2998.482 3020.783 3043.845 3059.571 3067.653 3075.197 3094.169 3109.463 3130.223 3152.024 3169.254 3195.839 3229.665 3270.458 3309.781 3348.834 3366.307 3379.439 3389.423 3404.763
2825.107 2793.503 2766.061 2759.266 2744.983 2732.676 2719.265 2700.335 2684.926 2670.876 2650.619 2640.549 2648.316 2662.308 2671.338 2678.126 2676.387 2674.406 2668.925 2655.322 2650.631 2660.536 2675.740 2689.520 2700.838 2707.597 2712.664 2709.452 2700.130 2696.492 2704.216 2719.133 2732.102 2746.327 2765.985 2784.972 2805.208 2826.268 2846.892 2869.861 2893.521 2917.971 2943.313 2964.294 2981.824 2989.442 2997.675 2996.986 3007.130 3021.861 3037.832 3058.951 3082.002 3106.938 3145.403 3185.612 3224.956 3264.186 3298.498 3318.093 3334.626 3354.000
2759.647 2731.296 2703.847 2679.746 2668.458 2663.381 2651.873 2636.116 2625.976 2611.481 2601.580 2607.748 2609.841 2618.788 2617.763 2619.126 2617.060 2616.776 2614.640 2608.248 2619.660 2626.327 2639.816 2649.841 2659.404 2665.078 2668.504 2669.253 2664.502 2669.713 2675.427 2688.587 2699.097 2711.892 2730.839 2746.564 2764.147 2784.779 2806.074 2828.197 2852.058 2878.170 2900.991 2917.252 2922.704 2930.408 2930.788 2918.793 2928.401 2939.415 2948.684 2968.085 2987.618 3007.587 3044.439 3088.728 3136.220 3173.517 3217.748 3244.687 3269.033 3290.626
2678.054 2649.834 2623.016 2603.503 2599.371 2589.381 2579.936 2569.243 2556.749 2550.298 2556.616 2554.873 2552.936 2551.688 2554.850 2558.610 2558.503 2557.868 2560.816 2571.272 2575.758 2581.181 2590.187 2601.344 2612.906 2616.455 2620.593 2624.856 2630.189 2632.744 2635.984 2646.015 2657.243 2669.014 2684.210 2700.894 2718.520 2739.663 2761.774 2785.514 2810.887 2837.209 2857.718 2865.018 2873.257 2873.658 2865.227 2857.773 2859.857 2870.074 2875.571 2890.987 2911.365 2920.565 2957.386 3004.782 3045.294 3080.761 3115.522 3157.356 3184.654 3209.921
2616.365 2588.474 2568.023 2554.162 2544.401 2534.534 2524.678 2512.905 2506.474 2507.914 2505.800 2504.117 2502.163 2505.519 2509.467 2514.228 2514.713 2516.019 2519.180 2523.679 2530.329 2539.796 2550.566 2562.828 2578.328 2583.285 2587.922 2593.816 2596.536 2599.752 2603.492 2614.043 2625.391 2636.775 2652.984 2670.137 2688.188 2709.783 2734.836 2764.067 2790.195 2816.104 2839.525 2848.120 2850.992 2848.361 2840.487 2825.383 2821.411 2829.380 2829.028 2837.358 2854.136 2860.656 2884.970 2923.062 2949.134 2982.825 3021.270 3073.889 3103.025 3134.685
2549.199 2530.108 2515.524 2497.449 2484.548 2474.387 2466.427 2461.838 2461.748 2459.653 2458.608 2457.637 2455.724 2457.312 2461.804 2465.907 2468.624 2471.769 2476.228 2483.118 2492.280 2500.380 2512.191 2526.969 2542.396 2549.607 2555.159 2561.228 2565.704 2569.891 2573.297 2582.738 2594.044 2603.740 2620.254 2638.408 2657.394 2682.359 2711.437 2741.401 2767.207 2792.177 2818.398 2821.620 2822.250 2821.392 2805.765 2790.299 2781.762 2782.406 2782.571 2783.176 2792.231 2801.528 2819.104 2839.871 2865.626 2899.831 2947.063 2992.143 3025.673 3054.868
