tests/3D/Borden05m_nopit_001/output_maps/psiliqL0022N0029.asc
ncols         160
nrows         34
xllcorner     620200.000000
yllcorner     5168000.000000
cellsize      0.500000
NODATA_value  -9999.0
[rows 0 to 27 of 34, columns 62 to 123 of 160]
-9999.000 -9999.000 -9999.000 -9999.000 -9999.000 -9999.000 -9999.000 -9999.000 -9999.000 -9999.000 -9999.000 -9999.000 -9999.000 -9999.000 -9999.000 -9999.000 -9999.000 -9999.000 -9999.000 -9999.000 -9999.000 -9999.000 -9999.000 -9999.000 -9999.000 -9999.000 -9999.000 -9999.000 -9999.000 -9999.000 -9999.000 -9999.000 -9999.000 -9999.000 -9999.000 -9999.000 -9999.000 -9999.000 -9999.000 -9999.000 -9999.000 -9999.000 -9999.000 -9999.000 -9999.000 -9999.000 -9999.000 -9999.000 -9999.000 -9999.000 -9999.000 -9999.000 -9999.000 -9999.000 -9999.000 -9999.000 -9999.000 -9999.000 -9999.000 -9999.000 -9999.000 -9999.000
2584.293 2575.580 2566.217 2558.106 2553.897 2552.714 2551.792 2551.135 2556.014 2563.951 2571.476 2578.347 2580.673 2582.965 2584.856 2585.091 2583.855 2580.557 2577.170 2573.727 2572.040 2564.431 2553.204 2544.724 2542.000 2546.238 2550.612 2553.086 2558.477 2568.979 2579.660 2588.259 2600.655 2607.352 2612.692 2615.479 2611.554 2608.304 2604.480 2598.736 2587.706 -9999.000 -9999.000 -9999.000 -9999.000 -9999.000 -9999.000 -9999.000 -9999.000 -9999.000 -9999.000 -9999.000 -9999.000 -9999.000 -9999.000 -9999.000 -9999.000 -9999.000 -9999.000 -9999.000 -9999.000 -9999.000
2564.383 2559.847 2551.194 2545.913 2540.331 2537.795 2537.686 2537.497 2541.172 2551.626 2559.360 2563.873 2566.366 2569.035 2567.757 2566.963 2566.623 2563.651 2560.116 2556.671 2554.779 2555.871 2548.237 2542.363 2538.583 2536.003 2538.666 2541.269 2545.503 2554.788 2562.798 2570.869 2585.829 2598.840 2604.477 2602.046 2597.453 2593.772 2586.704 2576.272 2566.250 2557.637 2551.353 2546.078 2540.028 2546.465 2554.082 2563.688 2572.818 2584.917 2597.177 -9999.000 -9999.000 -9999.000 -9999.000 -9999.000 -9999.000 -9999.000 -9999.000 -9999.000 -9999.000 -9999.000
2544.268 2547.341 2543.870 2538.945 2531.841 2541.212 2542.119 2542.782 2545.836 2547.935 2552.302 2554.689 2559.900 2568.750 2571.403 2571.747 2571.706 2569.664 2566.356 2564.355 2561.491 2556.164 2554.509 2554.284 2553.257 2557.571 2559.070 2561.630 2555.812 2560.009 2566.293 2573.277 2579.174 2585.565 2588.644 2585.496 2585.798 2577.619 2564.109 2554.056 2546.455 2546.179 2543.307 2535.572 2522.337 2530.440 2546.526 2551.380 2554.295 2565.631 2577.967 2588.460 2591.435 2591.152 2590.828 2587.990 2574.167 2559.474 2544.439 2525.785 -9999.000 -9999.000
2551.782 2549.809 2546.215 2542.328 2553.115 2561.482 2562.741 2565.093 2568.748 2568.984 2557.670 2555.382 2562.804 2572.499 2577.679 2577.716 2577.290 2573.973 2572.737 2572.364 2570.343 2570.109 2571.819 2570.019 2573.387 2578.851 2582.019 2576.050 2567.485 2569.364 2577.669 2586.566 2594.158 2604.570 2615.638 2615.687 2611.052 2602.650 2590.142 2567.684 2549.834 2539.148 2531.646 2524.626 2526.913 2522.930 2536.154 2538.073 2540.525 2548.224 2558.625 2569.219 2575.387 2574.778 2574.091 2571.638 2562.092 2547.344 2532.520 2515.153 2488.830 2460.053
2551.799 2550.911 2551.847 2561.355 2573.360 2585.185 2587.073 2588.829 2587.591 2579.444 2569.034 2565.888 2579.414 2595.763 2603.548 2603.222 2599.835 2603.934 2603.469 2603.180 2599.263 2600.282 2598.951 2605.622 2613.179 2620.801 2619.295 2607.077 2595.098 2594.658 2599.373 2605.283 2612.542 2622.837 2632.301 2627.650 2622.193 2614.388 2588.297 2564.744 2550.099 2550.759 2551.676 2547.432 2545.369 2544.043 2539.340 2539.582 2538.955 2538.769 2551.053 2564.157 2567.741 2561.218 2557.304 2555.068 2547.029 2535.662 2519.980 2502.964 2483.456 2455.342
2583.762 2584.632 2590.766 2601.498 2615.205 2637.113 2637.212 2638.164 2637.847 2625.330 2612.302 2601.867 2622.416 2633.000 2640.414 2638.977 2645.345 2654.183 2650.197 2643.303 2631.740 2637.441 2645.424 2660.393 2667.851 2672.618 2669.089 2656.138 2649.766 2650.426 2655.633 2655.806 2663.285 2672.643 2687.773 2686.973 2682.279 2662.079 2625.689 2595.426 2580.965 2591.013 2585.446 2579.368 2578.555 2567.030 2559.085 2561.189 2552.969 2548.104 2560.568 2567.395 2568.933 2561.487 2566.698 2559.757 2539.591 2522.864 2508.118 2493.778 2477.077 2470.789
2599.489 2604.298 2613.976 2631.419 2650.343 2670.925 2672.142 2668.245 2677.560 2670.587 2660.118 2652.277 2670.274 2680.773 2691.244 2698.007 2710.452 2721.040 2706.618 2691.109 2682.285 2688.616 2712.163 2732.763 2737.549 2737.260 2737.742 2724.499 2719.187 2714.842 2713.564 2710.079 2707.677 2730.874 2750.994 2750.637 2729.054 2706.507 2668.679 2631.683 2605.640 2614.997 2612.448 2614.963 2603.946 2591.657 2582.162 2577.974 2571.098 2560.523 2568.785 2573.728 2582.378 2590.149 2593.678 2577.205 2559.718 2540.551 2522.628 2508.526 2502.456 2496.425
2666.668 2679.422 2686.685 2703.607 2722.304 2749.326 2763.761 2776.969 2780.722 2773.086 2764.326 2751.910 2754.766 2776.287 2787.809 2796.660 2805.599 2817.998 2819.868 2814.256 2812.780 2816.685 2828.032 2840.632 2847.260 2850.982 2854.486 2844.312 2832.360 2829.065 2822.708 2819.900 2818.742 2827.609 2845.394 2842.876 2810.150 2783.899 2750.556 2713.434 2684.317 2675.459 2691.106 2686.919 2670.850 2658.340 2630.417 2622.494 2611.750 2587.369 2586.605 2591.735 2602.557 2616.154 2602.995 2586.735 2569.291 2549.594 2532.137 2525.122 2523.551 2520.506
2784.043 2791.602 2794.840 2801.226 2833.052 2866.556 2892.307 2915.033 2922.323 2910.491 2900.638 2887.559 2878.505 2887.275 2903.443 2920.592 2935.562 2946.728 2949.228 2947.742 2947.837 2950.544 2953.472 2957.305 2964.972 2972.419 2981.432 2990.333 2981.369 2964.591 2954.519 2944.231 2942.328 2943.034 2945.415 2946.414 2932.840 2894.655 2864.658 2833.317 2811.695 2796.898 2793.298 2775.514 2752.596 2703.881 2666.671 2635.259 2614.897 2591.877 2597.604 2617.536 2657.448 2658.933 2647.209 2631.837 2608.382 2585.390 2564.267 2560.050 2558.344 2553.919
2908.437 2912.417 2915.258 2918.926 2944.016 2983.825 3022.011 3052.376 3053.188 3040.596 3029.463 3019.926 3006.610 3002.783 3013.892 3027.932 3046.864 3057.493 3064.561 3062.005 3062.265 3063.640 3065.855 3067.862 3070.970 3079.805 3093.884 3107.406 3107.118 3089.889 3072.328 3056.069 3052.381 3049.074 3044.091 3046.006 3047.796 3034.751 3005.762 2967.719 2927.431 2908.564 2892.357 2881.490 2865.552 2830.242 2769.175 2733.354 2697.390 2669.192 2665.320 2726.251 2740.597 2730.064 2718.460 2696.511 2669.150 2645.795 2623.330 2619.798 2615.847 2608.533
3024.943 3031.762 3035.231 3041.885 3058.148 3087.571 3120.812 3149.336 3165.025 3158.259 3141.785 3120.979 3112.437 3109.955 3113.079 3121.721 3133.174 3151.477 3169.821 3175.454 3176.285 3173.670 3175.972 3177.393 3177.479 3179.865 3187.308 3196.388 3199.535 3192.615 3173.051 3150.630 3138.575 3131.611 3128.019 3128.323 3132.553 3134.960 3121.283 3087.984 3045.897 3015.569 2999.049 2985.896 2972.510 2961.011 2932.587 2913.109 2879.083 2833.113 2803.784 2832.457 2824.536 2814.146 2791.209 2760.650 2730.578 2700.204 2674.291 2664.297 2660.450 2658.474
3137.174 3141.756 3149.554 3164.537 3186.468 3203.960 3224.847 3249.821 3264.958 3270.252 3269.083 3265.761 3267.105 3267.403 3214.068 3219.480 3224.861 3239.383 3252.859 3257.662 3258.202 3256.039 3257.668 3258.315 3258.268 3257.900 3259.612 3263.920 3265.562 3263.517 3252.469 3266.803 3247.656 3234.673 3226.718 3218.692 3210.462 3201.131 3191.484 3172.714 3143.290 3109.702 3087.160 3078.683 3072.809 3065.189 3059.921 3043.827 3021.939 2988.605 2949.869 2925.710 2921.991 2906.102 2873.806 2845.760 2825.102 2789.953 2759.444 2741.572 2738.599 2728.541
3246.565 3251.135 3264.483 3280.121 3266.872 3273.952 3281.279 3288.559 3291.059 3291.775 3291.444 3289.105 3288.445 3286.231 3282.478 3272.300 3273.877 3275.706 3278.288 3281.955 3280.792 3281.848 3284.783 3283.093 3277.211 3273.273 3271.698 3272.549 3279.875 3283.252 3284.154 3281.388 3280.515 3279.652 3276.738 3273.101 3267.978 3261.428 3273.292 3261.860 3235.292 3197.268 3158.121 3149.157 3149.629 3149.864 3148.188 3142.694 3125.203 3098.238 3061.569 3023.639 3014.854 3001.159 2984.219 2969.410 2951.550 2912.849 2876.591 2852.925 2840.655 2817.028
3289.060 3291.719 3294.307 3291.245 3288.142 3283.338 3281.873 3280.556 3278.152 3278.796 3276.913 3272.921 3269.051 3261.531 3250.243 3239.073 3235.794 3240.169 3245.621 3250.547 3254.659 3258.264 3258.547 3253.290 3245.058 3237.673 3235.956 3242.694 3248.359 3254.523 3255.332 3253.939 3251.573 3251.436 3248.373 3248.636 3255.495 3269.755 3273.202 3278.196 3277.438 3263.202 3237.455 3244.188 3224.514 3229.935 3225.420 3214.187 3193.216 3169.364 3138.885 3109.034 3089.136 3081.660 3076.058 3069.281 3056.316 3018.623 2984.558 2955.252 2934.349 2908.903
3273.730 3280.719 3281.862 3274.899 3266.492 3259.433 3252.273 3250.053 3249.363 3249.053 3249.492 3244.267 3235.434 3218.988 3207.516 3196.492 3190.580 3187.304 3191.145 3201.981 3213.442 3218.355 3209.759 3201.609 3190.159 3182.141 3182.537 3183.868 3193.181 3209.181 3215.900 3216.625 3210.489 3204.486 3197.995 3195.140 3201.556 3216.581 3232.755 3247.676 3256.419 3263.900 3270.719 3270.381 3272.636 3273.830 3271.908 3273.750 3256.670 3233.632 3206.213 3181.317 3155.474 3150.985 3150.468 3146.770 3144.569 3113.007 3077.236 3043.452 3016.458 2990.060
3246.825 3249.072 3245.269 3238.937 3229.062 3218.256 3208.732 3201.626 3202.672 3205.044 3206.592 3199.664 3184.741 3167.274 3153.991 3140.283 3136.432 3130.885 3124.174 3134.384 3153.366 3160.421 3145.077 3134.521 3119.668 3112.934 3109.181 3110.124 3119.094 3140.770 3163.501 3165.288 3154.616 3144.026 3139.187 3136.005 3140.887 3157.658 3177.910 3193.370 3203.336 3208.544 3216.207 3225.420 3238.946 3253.093 3264.855 3270.285 3277.625 3273.828 3262.638 3253.992 3230.780 3216.702 3208.548 3204.125 3196.912 3173.772 3145.044 3117.814 3091.354 3068.128
3210.956 3207.504 3201.628 3194.826 3176.040 3163.982 3151.626 3137.343 3133.824 3129.730 3131.158 3119.993 3111.677 3094.963 3079.847 3064.464 3052.032 3046.414 3040.034 3039.842 3053.764 3062.323 3051.955 3042.180 3031.065 3026.175 3022.832 3025.125 3035.433 3055.459 3073.693 3081.589 3073.977 3071.564 3070.788 3069.082 3074.928 3086.247 3104.223 3125.791 3143.593 3152.987 3159.751 3168.862 3182.938 3196.646 3210.513 3227.870 3249.730 3265.146 3274.707 3275.827 3274.724 3267.793 3268.786 3258.263 3246.182 3226.776 3202.107 3175.116 3149.010 3131.585
3170.126 3164.260 3158.769 3138.271 3085.899 3066.037 3047.840 3032.316 3026.257 3018.481 3004.704 2996.265 2991.562 2991.823 2977.795 2960.627 2943.572 2938.790 2935.241 2920.021 2917.693 2918.876 2932.233 2925.920 2923.611 2924.553 2922.116 2923.790 2936.628 2945.167 2951.544 2957.939 2961.015 2970.334 2977.547 2985.852 3002.151 3013.102 3028.390 3048.378 3072.909 3087.297 3096.321 3106.372 3121.240 3137.020 3154.162 3176.000 3201.117 3216.933 3227.694 3239.211 3252.124 3266.603 3272.624 3280.196 3278.507 3274.178 3250.950 3222.765 3202.061 3184.410
3107.593 3105.556 3096.208 3045.237 3004.782 2971.978 2955.220 2932.645 2920.242 2905.681 2870.709 2854.540 2853.248 2866.187 2861.652 2846.341 2834.294 2825.465 2816.957 2800.556 2784.213 2790.029 2807.070 2806.835 2809.062 2816.043 2815.205 2809.168 2808.161 2820.479 2826.262 2836.781 2852.594 2856.911 2871.130 2902.465 2914.831 2929.178 2947.199 2967.170 2988.633 3009.917 3023.103 3037.481 3055.335 3071.392 3091.141 3113.244 3141.830 3162.181 3176.012 3186.468 3196.911 3211.865 3231.986 3250.448 3268.065 3277.828 3278.805 3267.733 3249.502 3230.471
3008.764 3003.045 2976.997 2926.994 2891.218 2867.282 2846.311 2823.976 2802.242 2768.080 2734.953 2714.239 2728.230 2739.042 2748.682 2737.166 2726.395 2717.073 2700.332 2684.120 2668.978 2679.529 2688.162 2704.788 2710.893 2714.699 2719.756 2718.239 2708.667 2705.518 2713.342 2722.823 2733.910 2753.021 2786.336 2810.148 2827.238 2846.781 2864.836 2885.531 2907.706 2929.224 2945.092 2962.542 2980.328 3000.337 3019.036 3041.512 3069.116 3094.035 3109.286 3123.680 3136.723 3155.448 3178.543 3200.783 3225.230 3246.353 3259.342 3271.974 3276.762 3271.748
2893.191 2874.302 2830.456 2789.809 2767.146 2752.971 2730.647 2710.238 2682.860 2650.648 2628.981 2609.403 2619.660 2629.819 2648.499 2639.594 2632.340 2629.094 2614.259 2601.160 2585.373 2592.031 2603.725 2625.805 2631.347 2635.254 2644.004 2643.030 2638.632 2622.634 2629.347 2639.512 2653.301 2682.783 2704.940 2726.739 2747.307 2765.773 2786.320 2807.738 2829.791 2854.737 2873.074 2890.938 2911.344 2929.736 2944.045 2960.421 2983.953 3004.644 3024.730 3046.066 3060.461 3084.310 3114.006 3143.462 3176.867 3200.534 3215.625 3227.812 3239.645 3258.716
2749.353 2701.659 2668.436 2646.391 2643.213 2631.077 2612.058 2593.922 2575.480 2553.948 2535.450 2511.566 2517.387 2533.124 2550.068 2550.442 2550.941 2549.568 2540.276 2527.099 2513.705 2517.521 2534.236 2551.948 2561.407 2568.808 2576.372 2575.985 2566.735 2556.688 2561.165 2575.651 2591.044 2608.462 2628.475 2648.418 2667.661 2688.922 2710.427 2732.165 2755.772 2781.075 2800.698 2822.915 2845.916 2861.814 2870.129 2878.130 2897.416 2912.856 2933.576 2955.290 2972.422 2999.038 3032.736 3073.322 3112.477 3151.078 3168.392 3181.560 3191.670 3207.142
2630.249 2598.812 2571.312 2563.798 2549.322 2536.715 2523.062 2504.118 2488.504 2474.161 2453.866 2443.208 2450.830 2464.797 2474.071 2480.543 2478.735 2476.698 2471.070 2457.491 2452.341 2462.122 2477.332 2491.194 2502.391 2509.126 2514.261 2511.072 2501.822 2497.949 2505.647 2520.545 2533.601 2548.006 2567.710 2586.780 2607.005 2628.058 2648.700 2671.672 2695.330 2719.738 2744.927 2765.950 2783.705 2791.502 2799.890 2799.813 2810.353 2825.245 2841.443 2862.582 2885.554 2910.698 2949.160 2989.274 3028.472 3067.473 3101.194 3120.700 3137.184 3156.650
2563.317 2534.957 2507.449 2483.419 2471.777 2466.420 2454.752 2438.809 2428.478 2413.864 2403.365 2409.034 2411.259 2420.453 2419.674 2421.003 2418.886 2418.556 2416.244 2409.489 2420.507 2427.252 2440.839 2450.922 2460.459 2466.168 2469.638 2470.287 2465.361 2470.382 2476.182 2489.418 2499.989 2512.920 2531.953 2547.743 2565.395 2586.045 2607.354 2629.509 2653.373 2679.457 2702.300 2718.734 2724.435 2732.306 2733.081 2721.576 2731.466 2742.693 2752.303 2771.822 2791.473 2811.909 2848.838 2893.015 2940.265 2977.548 3021.344 3047.968 3072.200 3093.878
2481.123 2452.886 2425.976 2406.183 2401.727 2391.729 2382.174 2371.331 2358.784 2351.932 2357.792 2356.026 2354.214 2353.201 2356.361 2360.041 2359.878 2359.215 2361.998 2372.116 2376.582 2382.012 2391.122 2402.267 2413.725 2417.303 2421.437 2425.592 2430.763 2433.306 2436.614 2446.725 2457.968 2469.821 2485.108 2501.804 2519.472 2540.636 2562.716 2586.415 2611.797 2638.079 2658.531 2665.978 2674.316 2674.961 2666.825 2659.614 2662.109 2672.456 2678.342 2694.064 2714.519 2724.440 2761.644 2809.010 2849.764 2885.261 2920.073 2961.248 2988.506 3013.742
2418.733 2390.813 2370.014 2355.886 2346.128 2336.264 2326.390 2314.524 2307.810 2309.001 2306.884 2305.184 2303.268 2306.631 2310.560 2315.286 2315.709 2316.947 2320.066 2324.544 2331.123 2340.555 2351.322 2363.544 2378.941 2383.855 2388.478 2394.329 2397.032 2400.230 2403.999 2414.595 2425.949 2437.385 2453.623 2470.780 2488.874 2510.476 2535.513 2564.701 2590.814 2616.695 2639.971 2648.584 2651.566 2649.024 2641.330 2626.473 2622.761 2630.964 2630.918 2639.632 2656.679 2663.671 2688.831 2727.385 2753.853 2787.656 2825.976 2878.088 2907.121 2938.788
2351.264 2331.847 2317.018 2298.886 2286.040 2275.878 2267.798 2262.949 2262.691 2260.537 2259.435 2258.447 2256.567 2258.219 2262.689 2266.792 2269.451 2272.555 2276.901 2283.722 2292.860 2300.994 2312.804 2327.556 2342.923 2350.042 2355.577 2361.601 2366.025 2370.202 2373.641 2383.138 2394.463 2404.272 2420.834 2438.988 2457.937 2482.928 2512.011 2541.926 2567.702 2592.672 2618.745 2621.992 2622.688 2621.865 2606.438 2591.023 2582.740 2583.576 2583.838 2585.028 2594.348 2603.892 2622.251 2643.625 2669.723 2704.092 2751.271 2796.418 2829.797 2859.166
