tests/3D/Borden05m_nopit_001/output_maps/psiliqL0021N0004.asc
ncols         160
nrows         34
xllcorner     620200.000000
yllcorner     5168000.000000
cellsize      0.500000
NODATA_value  -9999.0
[rows 0 to 27 of 34, columns 62 to 123 of 160]
-9999.000 -9999.000 -9999.000 -9999.000 -9999.000 -9999.000 -9999.000 -9999.000 -9999.000 -9999.000 -9999.000 -9999.000 -9999.000 -9999.000 -9999.000 -9999.000 -9999.000 -9999.000 -9999.000 -9999.000 -9999.000 -9999.000 -9999.000 -9999.000 -9999.000 -9999.000 -9999.000 -9999.000 -9999.000 -9999.000 -9999.000 -9999.000 -9999.000 -9999.000 -9999.000 -9999.000 -9999.000 -9999.000 -9999.000 -9999.000 -9999.000 -9999.000 -9999.000 -9999.000 -9999.000 -9999.000 -9999.000 -9999.000 -9999.000 -9999.000 -9999.000 -9999.000 -9999.000 -9999.000 -9999.000 -9999.000 -9999.000 -9999.000 -9999.000 -9999.000 -9999.000 -9999.000
2384.478 2375.723 2366.355 2358.190 2353.982 2352.805 2351.873 2351.223 2356.120 2364.044 2371.563 2378.449 2380.769 2383.062 2384.977 2385.228 2383.981 2380.681 2377.297 2373.854 2372.181 2364.515 2353.270 2344.753 2342.025 2346.284 2350.672 2353.155 2358.605 2369.143 2379.852 2388.461 2400.821 2407.445 2412.790 2415.632 2411.729 2408.489 2404.710 2399.074 2388.069 -9999.000 -9999.000 -9999.000 -9999.000 -9999.000 -9999.000 -9999.000 -9999.000 -9999.000 -9999.000 -9999.000 -9999.000 -9999.000 -9999.000 -9999.000 -9999.000 -9999.000 -9999.000 -9999.000 -9999.000 -9999.000
2364.554 2359.956 2351.275 2345.968 2340.376 2337.886 2337.767 2337.580 2341.280 2351.678 2359.418 2363.941 2366.418 2369.062 2367.878 2367.099 2366.748 2363.776 2360.244 2356.797 2354.910 2355.921 2348.287 2342.452 2338.709 2336.231 2338.880 2341.467 2345.617 2354.937 2362.980 2371.081 2385.991 2398.963 2404.589 2402.188 2397.596 2393.950 2386.974 2376.631 2366.615 2357.903 2351.595 2346.359 2340.423 2346.888 2354.467 2364.178 2373.441 2385.589 2397.879 -9999.000 -9999.000 -9999.000 -9999.000 -9999.000 -9999.000 -9999.000 -9999.000 -9999.000 -9999.000 -9999.000
2344.433 2347.417 2343.906 2338.976 2332.068 2341.301 2342.212 2342.894 2345.943 2348.125 2352.329 2354.735 2359.940 2368.783 2371.422 2371.767 2371.728 2369.693 2366.394 2364.403 2361.542 2356.220 2354.617 2354.438 2353.488 2357.869 2359.369 2361.845 2355.946 2360.089 2366.383 2373.374 2379.368 2385.822 2389.040 2385.927 2386.152 2378.010 2364.530 2354.422 2346.787 2346.389 2343.547 2335.871 2322.772 2330.840 2346.941 2351.842 2354.878 2366.321 2378.721 2389.282 2392.271 2392.078 2391.849 2389.132 2375.414 2360.828 2345.917 2327.346 -9999.000 -9999.000
2351.792 2349.818 2346.240 2342.510 2353.425 2361.846 2363.110 2365.478 2369.092 2369.204 2357.802 2355.476 2362.964 2372.700 2377.917 2377.946 2377.533 2374.334 2373.103 2372.713 2370.657 2370.515 2372.285 2370.664 2374.155 2379.630 2382.768 2376.611 2368.006 2369.791 2378.059 2386.899 2394.492 2404.967 2416.108 2416.093 2411.420 2403.034 2390.499 2368.029 2350.086 2339.469 2332.094 2325.142 2327.263 2323.474 2336.567 2338.544 2341.012 2348.852 2359.324 2369.970 2376.201 2375.700 2375.128 2372.787 2363.359 2348.731 2334.034 2316.864 2290.810 2262.243
2352.006 2351.174 2352.269 2362.020 2374.126 2386.153 2388.057 2389.837 2388.642 2380.362 2369.949 2366.707 2380.331 2396.616 2404.414 2404.157 2401.035 2405.412 2404.817 2404.344 2400.298 2401.409 2400.368 2407.373 2414.913 2422.459 2420.922 2408.747 2396.857 2396.322 2400.846 2406.493 2413.671 2424.003 2433.552 2428.930 2423.383 2415.449 2389.215 2365.407 2350.657 2351.389 2352.340 2348.140 2346.069 2344.643 2339.799 2340.070 2339.527 2339.400 2351.748 2364.878 2368.549 2362.160 2358.377 2356.254 2348.282 2337.073 2321.561 2304.704 2285.422 2257.473
2384.542 2385.569 2391.821 2402.692 2416.694 2438.704 2439.005 2440.122 2440.086 2427.686 2414.720 2404.180 2424.368 2434.860 2442.362 2441.236 2447.946 2456.856 2452.778 2445.741 2434.312 2440.051 2448.429 2463.368 2470.719 2475.365 2472.102 2459.388 2453.114 2453.556 2458.447 2458.363 2465.545 2475.053 2490.235 2489.561 2484.504 2464.205 2427.946 2397.420 2382.473 2392.176 2386.627 2380.630 2379.644 2368.007 2359.887 2361.901 2353.673 2348.794 2361.272 2368.137 2369.797 2362.542 2367.883 2361.001 2341.112 2324.474 2309.805 2295.608 2279.197 2272.999
2402.012 2407.015 2416.608 2434.075 2453.282 2474.071 2475.954 2472.752 2482.008 2475.050 2464.683 2456.769 2473.925 2484.541 2495.090 2502.130 2514.541 2525.181 2511.290 2496.174 2487.752 2493.919 2516.967 2537.128 2541.918 2541.794 2542.542 2529.816 2524.386 2519.808 2518.125 2514.424 2511.890 2534.557 2554.323 2553.929 2532.325 2509.813 2472.413 2435.593 2409.112 2417.564 2415.216 2417.543 2406.306 2393.887 2383.827 2379.245 2372.318 2361.525 2369.625 2374.726 2383.623 2391.653 2395.017 2378.669 2361.319 2342.277 2324.436 2310.470 2304.662 2298.869
2471.824 2484.410 2491.500 2508.064 2527.187 2554.537 2569.576 2583.298 2587.015 2579.243 2570.433 2557.921 2560.184 2581.118 2592.621 2601.611 2610.694 2623.040 2625.291 2620.011 2618.631 2622.426 2633.243 2645.382 2651.986 2655.880 2659.611 2650.203 2638.492 2634.878 2628.299 2625.101 2623.850 2632.071 2649.166 2646.825 2615.050 2588.946 2556.029 2519.223 2490.163 2480.630 2495.441 2490.757 2474.737 2461.738 2433.346 2424.755 2413.707 2389.045 2388.116 2393.752 2404.931 2418.242 2405.020 2388.882 2371.483 2351.865 2334.371 2327.549 2326.168 2323.305
2589.225 2596.595 2599.877 2606.266 2637.964 2671.412 2697.365 2720.092 2727.421 2715.715 2705.848 2692.884 2683.770 2691.967 2707.859 2724.881 2739.866 2750.994 2753.603 2752.144 2752.251 2754.857 2757.770 2761.484 2768.946 2776.346 2785.453 2794.582 2786.001 2769.282 2759.010 2748.402 2746.220 2746.757 2748.767 2749.755 2737.003 2699.813 2670.248 2639.122 2616.999 2601.816 2597.376 2579.722 2557.195 2509.192 2472.043 2440.638 2419.885 2396.633 2401.761 2422.218 2461.340 2462.249 2450.677 2435.301 2411.906 2388.954 2367.707 2363.454 2361.837 2357.520
2713.039 2717.094 2720.069 2723.992 2748.635 2787.965 2825.825 2855.949 2857.017 2844.739 2833.665 2824.020 2810.993 2807.199 2817.897 2831.564 2850.125 2860.805 2868.133 2865.781 2866.053 2867.313 2869.496 2871.467 2874.433 2883.044 2896.848 2910.101 2909.975 2893.228 2875.789 2859.478 2855.472 2851.944 2846.957 2848.767 2850.546 2838.287 2809.952 2772.427 2732.206 2712.803 2696.347 2685.529 2669.904 2636.034 2576.496 2541.680 2506.251 2477.819 2472.598 2531.615 2544.665 2534.269 2522.505 2500.536 2473.471 2450.125 2427.570 2423.763 2419.903 2412.769
2828.828 2835.595 2839.271 2846.203 2862.382 2891.027 2923.624 2951.804 2967.566 2961.095 2945.050 2924.651 2916.476 2914.120 2917.102 2925.490 2936.532 2954.478 2972.502 2978.093 2978.911 2976.318 2978.587 2979.967 2980.048 2982.280 2989.415 2998.260 3001.346 2994.689 2975.580 2953.491 2941.259 2934.181 2930.556 2930.677 2934.663 2936.859 2923.542 2890.960 2849.611 2819.236 2802.391 2789.196 2776.065 2764.906 2737.817 2718.852 2685.586 2640.329 2610.759 2636.841 2628.968 2618.660 2595.831 2565.694 2536.316 2506.060 2480.024 2469.584 2465.730 2463.648
2940.123 2944.653 2952.589 2967.543 2989.050 3006.063 3026.413 3050.882 3065.671 3070.975 3069.961 3066.868 3068.259 3068.539 3018.263 3023.401 3028.506 3042.199 3055.055 3059.610 3060.121 3058.083 3059.649 3060.262 3060.238 3059.876 3061.398 3065.465 3067.019 3065.098 3054.568 3067.660 3048.812 3036.002 3028.150 3020.217 3012.020 3002.752 2993.215 2974.885 2945.959 2912.666 2889.871 2881.293 2875.564 2868.285 2863.241 2847.530 2826.021 2793.359 2755.078 2730.292 2726.250 2710.598 2679.068 2651.852 2631.882 2597.145 2566.676 2548.560 2545.327 2534.965
3047.692 3052.232 3065.390 3080.706 3068.349 3075.025 3081.933 3088.798 3091.155 3091.830 3091.518 3089.198 3088.575 3086.429 3082.588 3072.503 3074.071 3075.862 3078.433 3082.081 3080.903 3081.943 3084.875 3083.212 3077.387 3073.498 3071.930 3072.740 3080.040 3083.390 3084.285 3081.728 3080.889 3080.089 3077.356 3073.944 3069.134 3062.981 3073.925 3062.738 3036.692 2999.436 2961.003 2951.706 2951.851 2952.285 2950.670 2945.328 2928.014 2901.377 2865.174 2827.644 2818.468 2805.104 2788.919 2774.739 2757.466 2719.363 2683.429 2659.717 2647.244 2623.769
3089.385 3091.997 3094.409 3091.329 3088.196 3083.418 3081.986 3080.680 3078.288 3078.936 3077.055 3073.086 3069.272 3061.895 3050.697 3039.530 3036.344 3040.742 3046.141 3050.994 3054.998 3058.568 3058.942 3053.759 3045.596 3038.270 3036.540 3043.240 3048.886 3054.943 3055.741 3054.362 3052.053 3051.970 3048.997 3049.303 3056.120 3070.251 3073.970 3078.711 3078.035 3064.656 3040.430 3045.695 3026.198 3031.529 3027.157 3016.093 2995.385 2971.851 2941.834 2912.467 2892.472 2885.188 2879.904 2873.462 2861.129 2824.214 2790.602 2761.491 2740.642 2715.562
3073.919 3080.886 3082.054 3075.118 3066.764 3059.757 3052.682 3050.500 3049.768 3049.438 3049.854 3044.650 3035.969 3019.705 3008.265 2997.253 2991.351 2988.239 2992.205 3002.909 3014.140 3019.014 3010.647 3002.601 2991.275 2983.280 2983.665 2985.098 2994.357 3010.093 3016.559 3017.277 3011.269 3005.445 2999.034 2996.278 3002.722 3017.694 3033.718 3048.462 3057.130 3064.598 3071.394 3071.546 3073.743 3074.948 3073.227 3074.838 3058.151 3035.599 3008.846 2984.362 2958.819 2954.352 2953.920 2950.460 2948.549 2917.758 2882.583 2849.294 2822.612 2796.668
3047.161 3049.502 3045.788 3039.464 3029.619 3018.874 3009.396 3002.444 3003.492 3005.863 3007.369 3000.548 2985.755 2968.390 2955.161 2941.494 2937.664 2932.224 2925.812 2936.052 2954.795 2961.748 2946.643 2936.194 2921.453 2914.675 2911.007 2912.012 2921.007 2942.430 2964.734 2966.443 2955.882 2945.411 2940.565 2937.428 2942.435 2959.271 2979.396 2994.712 3004.594 3009.835 3017.543 3026.793 3040.187 3054.243 3065.959 3071.788 3078.854 3075.416 3065.024 3056.165 3033.547 3019.827 3011.817 3007.591 3000.604 2978.070 2949.965 2923.278 2897.269 2874.616
3011.444 3008.133 3002.314 2995.565 2977.353 2965.391 2953.186 2939.077 2935.652 2931.758 2933.276 2922.194 2913.750 2896.935 2881.868 2866.537 2854.378 2848.781 2842.493 2842.777 2856.845 2865.446 2854.799 2844.994 2833.726 2828.719 2825.386 2827.629 2837.907 2858.104 2876.332 2884.083 2876.408 2873.667 2872.675 2870.971 2876.722 2888.270 2906.328 2927.713 2945.234 2954.563 2961.392 2970.583 2984.673 2998.392 3012.265 3029.598 3051.277 3066.661 3076.297 3077.865 3077.040 3070.742 3071.510 3061.408 3049.811 3031.046 3006.983 2980.528 2954.935 2938.018
2970.855 2965.011 2959.532 2939.701 2888.150 2868.636 2850.624 2835.276 2829.384 2821.774 2808.715 2800.307 2795.499 2795.108 2781.023 2763.921 2747.037 2742.267 2738.695 2724.158 2722.569 2723.961 2736.363 2729.960 2727.303 2727.927 2725.478 2727.291 2740.176 2749.013 2755.724 2762.034 2764.577 2773.539 2780.531 2788.272 2804.381 2815.451 2830.836 2850.831 2875.126 2889.292 2898.296 2908.384 2923.279 2939.111 2956.256 2978.130 3003.172 3019.020 3029.887 3041.555 3054.568 3069.149 3075.685 3083.306 3082.058 3078.055 3055.582 3028.264 3008.113 2991.021
2909.139 2907.087 2897.979 2848.198 2807.758 2775.205 2758.499 2736.178 2724.064 2710.022 2676.104 2660.277 2658.629 2670.858 2665.909 2650.528 2638.367 2629.685 2621.426 2605.436 2589.890 2595.606 2612.153 2611.502 2613.337 2620.015 2619.074 2613.284 2612.896 2625.359 2631.302 2641.655 2656.911 2661.107 2674.664 2705.302 2717.638 2731.903 2749.967 2769.965 2791.402 2812.446 2825.533 2839.847 2857.721 2873.804 2893.617 2915.830 2944.390 2964.674 2978.611 2989.270 2999.957 3015.140 3035.406 3053.966 3071.741 3081.981 3083.347 3073.387 3055.517 3037.305
2811.573 2805.912 2780.765 2731.403 2695.430 2671.163 2650.319 2628.057 2606.862 2573.646 2540.919 2520.449 2533.716 2544.279 2553.137 2541.487 2530.625 2521.316 2504.959 2488.909 2474.177 2484.542 2493.162 2508.946 2514.776 2518.549 2523.329 2521.820 2512.722 2510.342 2518.174 2527.627 2538.518 2556.910 2589.626 2613.300 2630.197 2649.645 2667.720 2688.439 2710.611 2731.973 2747.734 2765.176 2783.017 2803.051 2821.923 2844.612 2872.355 2897.211 2912.520 2926.981 2940.241 2959.164 2982.441 3004.889 3029.520 3050.932 3064.234 3077.317 3082.950 3078.824
2697.327 2679.305 2636.517 2596.010 2572.458 2557.632 2535.371 2514.916 2487.866 2456.023 2434.123 2414.691 2424.734 2434.683 2452.718 2443.622 2436.082 2432.632 2417.884 2404.772 2389.169 2395.931 2407.440 2429.008 2434.389 2438.223 2446.760 2445.741 2441.495 2426.151 2432.969 2443.042 2456.672 2485.775 2507.986 2529.794 2550.211 2568.643 2589.159 2610.610 2632.668 2657.468 2675.742 2693.578 2713.977 2732.479 2747.149 2763.966 2787.754 2808.664 2828.741 2850.085 2864.728 2888.749 2918.579 2948.091 2981.618 3005.485 3021.041 3033.811 3046.310 3065.875
2555.192 2508.827 2475.905 2452.936 2448.662 2436.188 2417.043 2398.810 2380.313 2358.554 2339.833 2316.095 2321.825 2337.318 2354.035 2353.880 2354.047 2352.562 2343.139 2329.966 2316.591 2320.401 2336.954 2354.559 2363.794 2371.093 2378.626 2378.258 2369.213 2359.283 2363.809 2378.158 2393.508 2411.145 2431.242 2451.218 2470.411 2491.624 2513.136 2534.887 2558.501 2583.752 2603.251 2625.446 2648.457 2664.610 2673.255 2681.826 2701.558 2717.295 2738.149 2759.975 2777.238 2804.145 2838.010 2878.724 2918.087 2956.657 2974.279 2988.002 2998.808 3015.037
2435.392 2404.121 2376.563 2368.331 2353.661 2340.755 2326.860 2307.902 2292.083 2277.447 2257.114 2245.869 2253.346 2267.288 2276.806 2282.963 2281.087 2278.994 2273.220 2259.665 2254.058 2263.715 2278.932 2292.879 2303.957 2310.670 2315.877 2312.714 2303.541 2299.438 2307.118 2322.005 2335.157 2349.753 2369.517 2388.688 2408.922 2429.991 2450.678 2473.685 2497.381 2521.792 2546.880 2568.007 2586.060 2594.121 2602.761 2603.410 2614.478 2629.684 2646.285 2667.647 2690.772 2716.389 2755.148 2795.509 2834.945 2874.149 2907.761 2927.713 2944.743 2964.952
2366.987 2338.618 2311.052 2287.093 2275.096 2269.459 2257.631 2241.502 2230.981 2216.249 2205.152 2210.321 2212.678 2222.120 2221.587 2222.883 2220.715 2220.339 2217.853 2210.734 2221.361 2228.185 2241.871 2252.015 2261.526 2267.273 2270.790 2271.343 2266.246 2271.084 2276.977 2290.297 2300.938 2314.018 2333.149 2349.021 2366.762 2387.454 2408.803 2431.025 2454.930 2481.031 2503.950 2520.619 2526.644 2534.767 2536.036 2525.135 2535.439 2547.033 2557.161 2577.002 2597.004 2618.174 2655.484 2699.893 2747.292 2784.999 2828.851 2855.706 2880.430 2902.865
2284.193 2255.939 2228.936 2208.863 2204.083 2194.078 2184.413 2173.419 2160.819 2153.566 2158.968 2157.180 2155.493 2154.716 2157.874 2161.474 2161.255 2160.565 2163.185 2172.964 2177.413 2182.850 2192.066 2203.201 2214.556 2218.165 2222.299 2226.350 2231.364 2233.900 2237.284 2247.482 2258.751 2270.696 2286.089 2302.813 2320.543 2341.751 2363.829 2387.519 2412.950 2439.238 2459.686 2467.343 2475.853 2476.829 2469.086 2462.234 2465.273 2475.905 2482.357 2498.590 2519.355 2530.265 2568.157 2615.839 2657.226 2693.191 2728.549 2769.615 2797.447 2823.330
2221.102 2193.153 2172.005 2157.611 2147.856 2137.995 2128.103 2116.143 2109.147 2110.089 2107.970 2106.252 2104.374 2107.745 2111.655 2116.345 2116.707 2117.879 2120.956 2125.413 2131.924 2141.321 2152.087 2164.271 2179.568 2184.440 2189.053 2194.864 2197.554 2200.740 2204.545 2215.193 2226.564 2238.064 2254.344 2271.522 2289.678 2311.311 2336.359 2365.539 2391.676 2417.576 2440.761 2449.455 2452.620 2450.254 2442.839 2428.344 2425.026 2433.618 2434.055 2443.358 2460.908 2468.639 2494.949 2534.311 2561.563 2595.916 2634.604 2686.759 2716.300 2748.652
2153.330 2133.587 2118.513 2100.325 2087.532 2077.369 2069.171 2064.060 2063.635 2061.422 2060.264 2059.258 2057.412 2059.128 2063.577 2067.680 2070.281 2073.344 2077.579 2084.331 2093.447 2101.617 2113.426 2128.154 2143.462 2150.493 2156.014 2161.995 2166.373 2170.546 2174.024 2183.585 2194.938 2204.872 2221.495 2239.666 2258.597 2283.638 2312.755 2342.654 2368.439 2393.457 2419.436 2422.771 2423.608 2422.905 2407.780 2392.530 2384.636 2385.818 2386.355 2388.332 2398.152 2408.208 2427.653 2449.977 2476.806 2511.773 2559.390 2605.147 2638.980 2669.194
