tests/3D/Borden05m_nopit_001/output_maps/psiliqL0027N0001.asc
ncols         160
nrows         34
xllcorner     620200.000000
yllcorner     5168000.000000
cellsize      0.500000
NODATA_value  -9999.0
[rows 0 to 27 of 34, columns 0 to 61 of 160]
-9999.000 -9999.000 -9999.000 -9999.000 -9999.000 -9999.000 -9999.000 -9999.000 -9999.000 -9999.000 -9999.000 -9999.000 -9999.000 -9999.000 -9999.000 -9999.000 -9999.000 -9999.000 -9999.000 -9999.000 -9999.000 -9999.000 -9999.000 -9999.000 -9999.000 -9999.000 -9999.000 -9999.000 -9999.000 -9999.000 -9999.000 -9999.000 -9999.000 -9999.000 -9999.000 -9999.000 -9999.000 -9999.000 -9999.000 -9999.000 -9999.000 -9999.000 -9999.000 -9999.000 -9999.000 -9999.000 -9999.000 -9999.000 -9999.000 -9999.000 -9999.000 -9999.000 -9999.000 -9999.000 -9999.000 -9999.000 -9999.000 -9999.000 -9999.000 -9999.000 -9999.000 -9999.000
-9999.000 -9999.000 -9999.000 -9999.000 -9999.000 -9999.000 -9999.000 -9999.000 -9999.000 -9999.000 -9999.000 -9999.000 -9999.000 -9999.000 -9999.000 -9999.000 -9999.000 -9999.000 -9999.000 -9999.000 -9999.000 -9999.000 -9999.000 -9999.000 -9999.000 -9999.000 -9999.000 -9999.000 -9999.000 -9999.000 -9999.000 -9999.000 -9999.000 -9999.000 -9999.000 -9999.000 -9999.000 -9999.000 -9999.000 -9999.000 -9999.000 -9999.000 -9999.000 -9999.000 -9999.000 -9999.000 -9999.000 -9999.000 -9999.000 -9999.000 -9999.000 -9999.000 -9999.000 -9999.000 -9999.000 -9999.000 -9999.000 -9999.000 -9999.000 3597.902 3592.611 3587.871
-9999.000 -9999.000 -9999.000 -9999.000 -9999.000 -9999.000 -9999.000 -9999.000 -9999.000 -9999.000 -9999.000 -9999.000 -9999.000 -9999.000 -9999.000 -9999.000 -9999.000 -9999.000 -9999.000 -9999.000 -9999.000 -9999.000 -9999.000 -9999.000 -9999.000 -9999.000 -9999.000 -9999.000 -9999.000 -9999.000 -9999.000 -9999.000 -9999.000 -9999.000 -9999.000 -9999.000 -9999.000 -9999.000 -9999.000 -9999.000 -9999.000 -9999.000 -9999.000 -9999.000 -9999.000 -9999.000 -9999.000 3472.891 3455.695 3442.433 3437.342 3458.043 3480.882 3504.498 3524.821 3542.812 3561.145 3582.148 3585.223 3573.470 3568.359 3565.206
-9999.000 -9999.000 -9999.000 -9999.000 -9999.000 -9999.000 -9999.000 -9999.000 -9999.000 -9999.000 -9999.000 -9999.000 -9999.000 -9999.000 -9999.000 -9999.000 -9999.000 -9999.000 -9999.000 -9999.000 -9999.000 -9999.000 -9999.000 -9999.000 -9999.000 -9999.000 -9999.000 -9999.000 -9999.000 -9999.000 -9999.000 -9999.000 -9999.000 -9999.000 -9999.000 -9999.000 -9999.000 -9999.000 -9999.000 -9999.000 3524.140 3529.970 3529.444 3519.508 3508.008 3493.989 3473.186 3456.023 3443.046 3441.052 3443.273 3445.442 3465.637 3490.892 3510.607 3525.980 3545.087 3565.491 3567.978 3557.711 3549.990 3542.960
-9999.000 -9999.000 -9999.000 -9999.000 -9999.000 -9999.000 -9999.000 -9999.000 -9999.000 -9999.000 -9999.000 -9999.000 -9999.000 -9999.000 -9999.000 -9999.000 -9999.000 -9999.000 -9999.000 -9999.000 -9999.000 -9999.000 -9999.000 -9999.000 -9999.000 -9999.000 -9999.000 -9999.000 -9999.000 -9999.000 -9999.000 -9999.000 -9999.000 -9999.000 3432.235 3448.968 3466.687 3485.074 3501.897 3508.848 3514.581 3519.735 3514.842 3510.231 3498.255 3476.767 3457.285 3444.461 3443.444 3440.805 3443.995 3455.064 3471.348 3485.892 3506.055 3530.256 3539.063 3549.434 3551.815 3546.710 3548.923 3550.646
-9999.000 -9999.000 -9999.000 -9999.000 -9999.000 -9999.000 -9999.000 -9999.000 -9999.000 -9999.000 -9999.000 -9999.000 -9999.000 -9999.000 -9999.000 -9999.000 -9999.000 -9999.000 -9999.000 -9999.000 -9999.000 -9999.000 -9999.000 -9999.000 -9999.000 -9999.000 -9999.000 -9999.000 3438.766 3432.685 3427.704 3425.889 3424.180 3423.025 3429.475 3440.248 3456.907 3478.786 3491.870 3498.912 3505.611 3505.657 3499.367 3497.373 3497.556 3484.457 3471.764 3459.860 3448.181 3444.498 3452.927 3466.797 3482.615 3496.747 3511.567 3514.930 3535.818 3555.660 3561.253 3555.158 3551.448 3550.245
-9999.000 -9999.000 -9999.000 -9999.000 -9999.000 -9999.000 -9999.000 -9999.000 -9999.000 -9999.000 -9999.000 -9999.000 -9999.000 -9999.000 -9999.000 -9999.000 -9999.000 -9999.000 -9999.000 -9999.000 -9999.000 -9999.000 -9999.000 3409.365 3414.035 3420.352 3427.819 3428.562 3425.161 3419.584 3416.681 3414.969 3412.302 3416.514 3423.032 3435.517 3450.296 3472.232 3480.026 3483.674 3494.505 3497.903 3505.536 3508.959 3506.575 3501.874 3486.210 3473.880 3475.195 3478.460 3484.779 3492.615 3505.565 3518.544 3533.033 3550.261 3569.197 3589.318 3601.936 3595.651 3588.161 3579.795
-9999.000 -9999.000 -9999.000 -9999.000 -9999.000 -9999.000 -9999.000 -9999.000 -9999.000 -9999.000 -9999.000 -9999.000 -9999.000 -9999.000 -9999.000 -9999.000 -9999.000 -9999.000 -9999.000 3385.192 3386.153 3387.537 3392.236 3392.396 3393.889 3400.343 3408.014 3410.646 3408.032 3406.734 3407.607 3409.699 3413.725 3423.504 3436.207 3449.419 3461.384 3481.281 3494.875 3506.272 3520.683 3520.586 3516.376 3514.070 3513.246 3510.735 3507.836 3505.798 3511.246 3510.790 3513.267 3521.648 3532.948 3548.500 3565.004 3581.147 3594.166 3610.158 3626.486 3617.232 3607.069 3590.276
-9999.000 -9999.000 -9999.000 -9999.000 -9999.000 -9999.000 -9999.000 -9999.000 -9999.000 -9999.000 -9999.000 -9999.000 -9999.000 -9999.000 -9999.000 -9999.000 3356.296 3357.921 3360.138 3365.494 3369.082 3372.763 3379.446 3380.654 3383.592 3390.146 3393.976 3402.715 3410.477 3416.788 3421.791 3423.276 3428.687 3436.769 3447.003 3459.560 3478.297 3500.749 3515.257 3530.830 3547.012 3546.583 3543.847 3543.072 3540.485 3540.452 3553.558 3555.574 3548.831 3556.965 3567.601 3569.327 3575.322 3594.252 3615.450 3629.602 3650.603 3666.671 3688.579 3678.712 3655.152 3638.498
-9999.000 -9999.000 -9999.000 -9999.000 -9999.000 -9999.000 -9999.000 -9999.000 -9999.000 -9999.000 -9999.000 -9999.000 -9999.000 3306.822 3310.583 3320.640 3332.145 3334.986 3339.715 3346.160 3357.872 3361.032 3366.435 3372.944 3384.972 3392.789 3400.616 3411.324 3418.199 3423.954 3429.051 3430.430 3440.429 3452.957 3465.815 3483.445 3503.998 3520.928 3537.610 3552.806 3563.116 3559.019 3557.193 3558.271 3561.668 3573.227 3588.502 3587.247 3595.209 3614.502 3623.537 3629.624 3634.705 3647.816 3668.633 3697.808 3730.638 3754.816 3764.774 3771.799 3756.268 3753.923
-9999.000 -9999.000 -9999.000 -9999.000 -9999.000 -9999.000 -9999.000 -9999.000 -9999.000 -9999.000 3281.020 3282.185 3278.096 3274.770 3280.275 3292.264 3306.507 3311.479 3323.040 3343.917 3362.099 3364.383 3376.839 3386.159 3391.805 3400.285 3411.696 3422.174 3435.841 3445.780 3452.671 3467.047 3481.031 3495.408 3510.861 3529.620 3543.934 3565.811 3589.138 3596.223 3611.554 3612.756 3607.608 3604.687 3612.950 3622.683 3635.923 3649.984 3667.201 3687.886 3696.833 3708.818 3717.028 3726.583 3741.271 3782.798 3827.431 3856.753 3873.461 3886.060 3882.615 3884.484
-9999.000 -9999.000 -9999.000 -9999.000 -9999.000 -9999.000 -9999.000 -9999.000 3256.732 3264.663 3269.576 3265.808 3260.793 3254.173 3268.359 3283.104 3298.216 3315.890 3330.606 3348.016 3360.814 3374.308 3393.264 3402.582 3411.601 3425.001 3436.304 3449.239 3467.884 3473.716 3482.740 3500.293 3514.096 3529.187 3545.638 3560.410 3578.838 3607.388 3634.778 3649.415 3674.140 3689.945 3683.241 3680.551 3680.941 3702.878 3727.910 3755.893 3773.576 3795.956 3823.357 3841.821 3850.694 3861.442 3874.943 3898.453 3933.580 3962.838 3993.341 4007.960 4009.734 4006.953
-9999.000 -9999.000 -9999.000 -9999.000 -9999.000 -9999.000 3228.523 3252.610 3267.371 3258.169 3243.042 3237.103 3230.050 3260.792 3282.415 3298.883 3314.595 3331.075 3346.155 3353.068 3381.132 3399.314 3409.573 3421.058 3433.971 3446.818 3461.367 3480.942 3496.637 3516.585 3530.651 3545.213 3567.236 3583.030 3598.512 3610.681 3636.868 3670.271 3703.694 3727.012 3750.524 3781.262 3780.242 3781.516 3782.573 3805.874 3839.148 3868.332 3899.554 3929.588 3957.547 3967.782 3976.527 3986.210 3998.540 4008.505 4024.147 4052.990 4082.315 4104.970 4119.602 4119.644
-9999.000 -9999.000 -9999.000 -9999.000 3196.869 3217.359 3235.392 3264.825 3286.101 3280.426 3283.857 3280.880 3275.387 3279.568 3286.806 3302.859 3320.831 3339.151 3351.940 3377.287 3422.864 3432.259 3447.542 3475.349 3484.756 3497.221 3511.299 3530.248 3547.059 3572.706 3605.273 3632.859 3652.941 3671.013 3689.052 3704.911 3739.063 3775.133 3809.962 3840.731 3867.008 3892.531 3898.743 3903.356 3913.067 3929.847 3952.237 3979.492 4012.832 4044.669 4067.720 4076.592 4081.674 4091.089 4098.503 4107.728 4118.340 4137.081 4160.390 4195.527 4219.772 4231.424
-9999.000 -9999.000 -9999.000 3142.588 3181.432 3220.764 3245.681 3275.123 3306.665 3305.400 3313.128 3311.697 3309.283 3313.414 3315.158 3330.324 3347.203 3365.855 3385.876 3417.922 3445.485 3461.421 3487.652 3502.039 3513.497 3525.005 3542.277 3561.013 3596.054 3624.559 3669.400 3718.965 3750.246 3768.980 3790.814 3817.773 3842.455 3880.740 3914.330 3946.035 3975.938 3997.821 4011.854 4016.338 4025.811 4031.454 4043.870 4064.662 4086.811 4117.297 4146.371 4175.090 4190.249 4201.243 4218.270 4236.149 4250.232 4265.426 4240.183 4264.663 4277.191 4283.049
-9999.000 -9999.000 3094.195 3133.660 3164.449 3210.386 3262.752 3297.120 3335.526 3353.167 3355.152 3364.331 3373.485 3373.077 3380.385 3391.662 3412.731 3420.651 3440.031 3454.021 3489.573 3521.921 3516.025 3552.844 3581.853 3613.674 3634.260 3660.120 3697.182 3730.246 3773.916 3823.229 3857.040 3884.539 3900.159 3920.126 3940.202 3966.288 4002.724 4028.199 4061.577 4086.816 4106.263 4106.950 4109.598 4125.630 4153.803 4184.504 4213.296 4242.172 4226.577 4250.042 4260.530 4266.382 4275.583 4281.887 4284.924 4283.137 4282.142 4275.672 4269.551 4268.751
-9999.000 -9999.000 3063.574 3110.037 3143.754 3200.556 3286.797 3320.009 3358.875 3403.338 3415.811 3435.978 3427.888 3414.789 3431.152 3444.052 3463.969 3470.716 3463.848 3514.923 3566.316 3588.965 3593.260 3669.505 3721.301 3745.302 3761.732 3781.635 3800.977 3838.879 3877.570 3931.654 3972.619 4002.240 4016.618 4036.498 4055.872 4070.819 4090.249 4136.875 4172.315 4203.034 4234.865 4256.146 4264.281 4269.322 4243.550 4263.168 4276.472 4282.210 4284.500 4280.702 4280.141 4280.971 4281.896 4276.478 4269.403 4262.332 4256.965 4250.514 4245.245 4243.369
-9999.000 2969.788 3022.200 3072.183 3135.729 3195.961 3269.429 3343.119 3408.934 3460.344 3484.427 3475.640 3472.822 3496.208 3514.373 3529.541 3534.461 3544.256 3524.503 3577.329 3612.940 3660.624 3758.905 3816.798 3880.141 3875.878 3864.005 3868.656 3884.300 3930.549 4009.461 4065.637 4131.457 4180.431 4197.511 4204.997 4223.686 4244.452 4191.841 4235.550 4255.703 4272.519 4282.053 4284.371 4285.666 4285.425 4281.718 4274.666 4266.464 4260.599 4256.353 4251.850 4254.289 4257.620 4257.773 4251.083 4243.301 4235.615 4227.953 4221.042 4214.813 4210.489
-9999.000 2931.018 2988.057 3055.837 3122.439 3167.162 3247.298 3414.070 3476.145 3513.155 3516.774 3489.019 3544.824 3603.497 3626.768 3671.383 3655.046 3639.520 3601.146 3625.670 3663.469 3733.793 3905.373 3993.879 4046.661 4054.558 4055.175 4083.490 4127.844 4175.581 4221.788 4189.419 4239.719 4264.517 4269.698 4270.424 4275.987 4274.492 4273.096 4268.622 4263.442 4263.612 4268.265 4268.114 4265.135 4261.726 4256.006 4248.585 4243.401 4238.769 4236.115 4233.285 4231.296 4230.501 4225.593 4220.481 4211.125 4201.165 4191.386 4180.849 4170.251 4163.661
-9999.000 2889.371 2964.350 3021.722 3065.481 3153.734 3283.283 3427.055 3522.720 3555.611 3529.336 3561.560 3663.824 3770.095 3822.085 3842.708 3822.241 3772.335 3750.949 3794.275 3864.864 3985.865 4126.957 4227.429 4242.921 4246.376 4197.370 4223.739 4248.179 4251.079 4252.227 4260.452 4265.551 4268.531 4266.949 4264.052 4259.221 4250.998 4246.202 4242.488 4238.693 4237.481 4239.439 4241.320 4238.475 4234.567 4230.085 4224.508 4218.177 4211.390 4207.033 4202.743 4200.592 4194.974 4191.484 4185.691 4168.761 4154.037 4139.671 4126.946 4114.066 4097.848
-9999.000 2763.061 2860.156 2898.677 2968.071 3157.336 3285.956 3424.407 3590.097 3608.471 3651.075 3791.207 3911.049 3991.711 4019.848 4052.771 4077.138 4092.747 4129.695 4005.963 4087.891 4187.884 4233.863 4253.801 4264.254 4264.635 4254.661 4233.752 4222.989 4216.230 4217.841 4225.136 4229.766 4234.515 4232.198 4233.302 4234.482 4231.277 4227.231 4218.456 4210.576 4203.798 4200.420 4205.076 4200.430 4198.112 4191.877 4183.374 4174.368 4166.980 4158.958 4152.368 4150.142 4145.132 4143.924 4134.287 4102.763 4081.465 4064.017 4044.665 4016.830 3996.923
-9999.000 2681.934 2753.678 2809.379 2916.120 3078.879 3169.773 3325.654 3568.466 3705.660 3872.034 3964.231 4034.547 4075.504 4125.262 4177.788 4205.073 4217.107 4185.221 4208.356 4165.045 4153.897 4171.595 4201.060 4218.544 4222.676 4214.871 4205.801 4198.526 4197.403 4195.168 4190.909 4186.604 4182.905 4179.765 4182.816 4188.193 4180.988 4170.567 4160.996 4152.374 4143.062 4137.061 4132.296 4132.769 4133.055 4125.375 4114.828 4103.902 4095.560 4088.354 4083.892 4081.164 4076.143 4066.310 4052.504 4024.416 3998.348 3975.307 3942.968 3895.585 3881.395
-9999.000 2558.996 2692.713 2766.218 2856.260 2982.831 3082.918 3231.938 3358.858 3604.888 3744.467 3943.297 3993.876 4064.764 4111.671 4185.612 4180.718 4149.390 4105.674 4089.605 4101.336 4110.484 4118.600 4132.919 4150.713 4160.945 4166.185 4160.269 4146.020 4133.352 4121.947 4107.999 4098.434 4095.855 4100.121 4110.328 4110.727 4101.388 4087.155 4068.732 4052.980 4041.061 4039.102 4041.965 4043.120 4038.989 4033.214 4022.384 4009.725 3997.200 3991.586 3987.276 3979.769 3968.386 3956.384 3943.245 3919.893 3901.170 3877.366 3833.759 3790.093 3748.387
-9999.000 -9999.000 2605.053 2712.434 2802.653 2910.383 2994.565 3107.772 3245.361 3414.734 3530.643 3714.574 3811.569 3855.794 3888.953 3945.128 3971.173 4003.574 3998.876 4011.342 4021.656 4027.129 4032.286 4037.794 4048.227 4058.118 4068.581 4065.760 4056.966 4036.212 4010.137 3989.829 3979.206 3969.782 3982.095 3994.729 3989.029 3982.081 3969.360 3953.074 3940.504 3926.193 3922.744 3922.625 3923.251 3920.971 3918.569 3906.123 3893.866 3884.077 3880.130 3874.518 3871.037 3861.264 3850.693 3840.545 3822.450 3800.081 3772.913 3731.278 3692.590 3652.645
-9999.000 -9999.000 2515.717 2618.244 2717.411 2832.027 2911.979 2917.130 3049.644 3150.357 3257.451 3369.352 3467.129 3536.175 3568.265 3630.748 3688.223 3706.985 3748.837 3804.692 3839.733 3880.103 3903.600 3912.960 3925.470 3940.073 3947.499 3932.038 3920.737 3903.599 3879.994 3853.042 3839.400 3839.145 3837.962 3839.247 3831.486 3822.562 3808.072 3794.239 3782.082 3773.327 3769.774 3764.044 3761.680 3758.964 3757.362 3752.343 3744.285 3739.913 3731.721 3728.150 3727.506 3724.699 3719.199 3717.386 3707.712 3682.753 3655.153 3627.525 3596.540 3574.544
-9999.000 -9999.000 -9999.000 2570.535 2645.533 2677.464 2767.422 2793.892 2788.699 2869.032 2982.138 3118.915 3183.210 3235.702 3291.754 3329.963 3380.927 3430.302 3491.299 3572.548 3626.873 3677.676 3729.052 3755.036 3769.037 3785.961 3786.156 3777.545 3769.218 3754.617 3729.349 3706.525 3700.268 3708.033 3703.970 3697.555 3691.254 3690.283 3684.514 3675.138 3663.736 3661.476 3658.070 3651.748 3645.809 3641.519 3638.258 3637.439 3632.676 3625.585 3624.979 3625.592 3623.263 3622.943 3619.462 3612.866 3608.717 3580.871 3558.322 3543.174 3517.228 3488.442
-9999.000 -9999.000 -9999.000 -9999.000 -9999.000 2513.867 2619.987 2721.400 2760.520 2784.097 2844.079 2945.911 2980.175 3032.671 3094.932 3144.932 3210.531 3277.405 3359.626 3400.942 3466.379 3502.539 3546.260 3597.921 3611.640 3622.537 3633.906 3625.577 3617.521 3608.774 3584.821 3581.880 3585.024 3585.249 3584.977 3580.006 3575.457 3570.332 3568.991 3557.267 3552.867 3551.828 3548.005 3544.266 3539.026 3535.744 3533.288 3533.625 3526.880 3527.531 3534.500 3532.926 3531.151 3530.752 3525.155 3517.175 3509.763 3489.429 3476.854 3469.004 3438.820 3420.377
-9999.000 -9999.000 -9999.000 -9999.000 -9999.000 -9999.000 2479.626 2578.868 2645.779 2714.510 2791.099 2843.272 2862.759 2887.688 2931.929 3005.799 3095.986 3167.970 3214.545 3256.814 3305.640 3349.059 3385.088 3431.573 3452.058 3460.392 3477.023 3474.966 3467.695 3464.410 3464.458 3476.550 3471.294 3470.735 3469.141 3468.500 3462.038 3456.625 3454.051 3454.816 3456.300 3451.867 3448.270 3444.611 3439.736 3435.079 3432.359 3430.524 3431.556 3439.018 3440.499 3441.563 3440.451 3437.806 3430.092 3420.853 3413.072 3405.516 3397.003 3386.749 3372.308 3359.643
