tests/3D/Borden05m_nopit_001/output_maps/psiliqL0016N0013.asc
ncols         160
nrows         34
xllcorner     620200.000000
yllcorner     5168000.000000
cellsize      0.500000
NODATA_value  -9999.0
[rows 0 to 27 of 34, columns 63 to 125 of 160]
-9999.000 -9999.000 -9999.000 -9999.000 -9999.000 -9999.000 -9999.000 -9999.000 -9999.000 -9999.000 -9999.000 -9999.000 -9999.000 -9999.000 -9999.000 -9999.000 -9999.000 -9999.000 -9999.000 -9999.000 -9999.000 -9999.000 -9999.000 -9999.000 -9999.000 -9999.000 -9999.000 -9999.000 -9999.000 -9999.000 -9999.000 -9999.000 -9999.000 -9999.000 -9999.000 -9999.000 -9999.000 -9999.000 -9999.000 -9999.000 -9999.000 -9999.000 -9999.000 -9999.000 -9999.000 -9999.000 -9999.000 -9999.000 -9999.000 -9999.000 -9999.000 -9999.000 -9999.000 -9999.000 -9999.000 -9999.000 -9999.000 -9999.000 -9999.000 -9999.000 -9999.000 -9999.000 -9999.000
1376.434 1367.038 1358.598 1354.402 1353.251 1352.272 1351.652 1356.641 1364.497 1371.986 1378.946 1381.232 1383.530 1385.565 1385.888 1384.586 1381.274 1377.900 1374.445 1372.836 1364.884 1353.537 1344.825 1342.069 1346.422 1350.864 1353.372 1359.100 1369.799 1380.619 1389.251 1401.397 1407.614 1412.940 1416.012 1412.161 1408.915 1405.291 1400.132 1389.198 -9999.000 -9999.000 -9999.000 -9999.000 -9999.000 -9999.000 -9999.000 -9999.000 -9999.000 -9999.000 -9999.000 -9999.000 -9999.000 -9999.000 -9999.000 -9999.000 -9999.000 -9999.000 -9999.000 -9999.000 -9999.000 -9999.000 -9999.000
1360.496 1351.676 1346.235 1340.595 1338.332 1338.165 1337.989 1341.810 1351.930 1359.700 1364.267 1366.663 1369.182 1368.463 1367.756 1367.348 1364.367 1360.847 1357.391 1355.517 1356.119 1348.474 1342.824 1339.258 1337.275 1339.843 1342.326 1346.039 1355.516 1363.696 1371.916 1386.542 1399.281 1404.805 1402.508 1397.862 1394.332 1387.741 1377.764 1367.680 1358.325 1351.739 1346.543 1340.999 1347.413 1354.601 1364.613 1374.313 1386.467 1398.728 -9999.000 -9999.000 -9999.000 -9999.000 -9999.000 -9999.000 -9999.000 -9999.000 -9999.000 -9999.000 -9999.000 -9999.000 -9999.000
1347.793 1344.080 1339.122 1333.196 1341.736 1342.665 1343.441 1346.466 1349.065 1352.453 1354.948 1360.124 1368.933 1371.497 1371.843 1371.809 1369.809 1366.546 1364.604 1361.749 1356.445 1355.091 1355.133 1354.558 1359.262 1360.753 1362.789 1356.468 1360.315 1366.634 1373.626 1380.071 1386.804 1390.671 1387.677 1387.460 1379.433 1366.027 1355.562 1347.646 1346.508 1343.665 1336.122 1323.526 1331.229 1347.196 1352.097 1355.482 1367.184 1379.574 1389.984 1392.566 1392.331 1392.071 1389.429 1375.685 1361.084 1346.258 1327.694 -9999.000 -9999.000 -9999.000 -9999.000
1349.854 1346.358 1343.409 1354.969 1363.659 1364.946 1367.393 1370.803 1370.290 1358.446 1355.928 1363.750 1373.684 1379.084 1379.070 1378.719 1376.107 1374.901 1374.413 1372.177 1372.490 1374.551 1373.811 1377.908 1383.423 1386.398 1379.281 1370.455 1371.750 1379.801 1388.324 1395.887 1406.634 1418.093 1417.710 1412.783 1404.403 1391.653 1369.025 1350.506 1340.103 1333.217 1326.442 1327.549 1324.534 1336.749 1338.772 1341.047 1349.278 1359.748 1370.219 1376.307 1375.852 1375.343 1373.013 1363.609 1348.974 1334.290 1317.393 1291.654 1263.180 1237.387 1235.732
1352.481 1354.372 1365.338 1377.948 1390.985 1392.970 1394.868 1393.890 1384.943 1374.513 1370.786 1384.900 1400.865 1408.718 1408.808 1407.008 1412.768 1411.520 1410.117 1405.424 1406.986 1407.387 1416.051 1423.493 1430.646 1428.934 1416.960 1405.494 1404.456 1408.001 1412.296 1419.030 1429.501 1439.426 1434.895 1428.828 1420.175 1393.140 1367.962 1352.564 1353.523 1354.490 1350.345 1348.046 1345.906 1340.128 1340.279 1339.863 1339.704 1351.995 1364.828 1368.464 1362.254 1358.589 1356.458 1348.220 1337.162 1321.801 1304.965 1285.910 1257.870 1251.685 1242.708
1390.244 1397.087 1408.655 1424.128 1446.651 1447.964 1449.903 1451.275 1439.456 1426.795 1415.731 1434.110 1444.138 1452.082 1452.509 1460.925 1470.186 1465.647 1457.888 1447.122 1453.043 1463.388 1478.169 1484.964 1488.989 1487.045 1475.495 1469.690 1469.015 1472.292 1470.886 1476.547 1486.759 1502.146 1502.039 1495.102 1474.224 1438.528 1406.579 1389.080 1396.922 1391.301 1385.533 1383.483 1371.062 1361.814 1363.103 1354.516 1349.222 1361.376 1367.992 1369.777 1362.958 1368.389 1361.202 1342.054 1325.165 1310.135 1295.844 1280.003 1273.331 1264.163 1256.208
1420.592 1429.760 1447.352 1467.969 1489.791 1495.007 1495.278 1504.235 1497.352 1487.494 1479.214 1492.162 1503.361 1514.298 1522.717 1534.955 1545.852 1534.610 1521.453 1515.034 1520.375 1540.920 1558.868 1563.663 1564.355 1566.418 1556.253 1550.210 1544.436 1540.694 1535.883 1532.641 1552.606 1570.548 1569.903 1548.117 1525.697 1490.336 1454.284 1425.482 1429.260 1427.754 1428.950 1416.397 1403.090 1389.937 1383.087 1375.570 1363.306 1370.175 1375.609 1385.232 1394.002 1395.944 1379.579 1362.221 1343.063 1324.830 1310.695 1305.276 1299.718 1289.841 1283.116
1509.340 1515.566 1530.344 1551.597 1580.586 1598.640 1614.931 1618.467 1610.014 1600.959 1587.959 1587.255 1605.254 1616.656 1626.340 1636.140 1648.215 1652.368 1648.739 1647.832 1651.064 1659.224 1669.048 1675.517 1680.251 1685.102 1679.505 1668.971 1663.736 1656.009 1650.817 1649.061 1653.993 1667.583 1666.053 1638.956 1613.493 1582.598 1547.249 1518.337 1505.269 1515.721 1508.348 1492.344 1476.641 1445.616 1433.360 1420.436 1393.960 1391.755 1399.428 1411.848 1423.134 1408.947 1392.720 1374.808 1354.777 1336.242 1329.465 1328.068 1325.087 1318.926 1316.271
1621.554 1625.053 1631.461 1662.520 1695.680 1722.642 1745.376 1752.896 1741.822 1731.881 1719.494 1710.075 1715.403 1729.916 1746.294 1761.354 1772.285 1775.437 1774.105 1774.264 1776.358 1779.185 1782.288 1788.712 1795.857 1805.416 1815.662 1808.968 1792.513 1781.203 1768.952 1765.326 1764.960 1765.054 1765.911 1757.177 1724.869 1697.346 1667.167 1642.386 1625.107 1616.271 1599.048 1578.225 1533.505 1496.346 1464.631 1441.523 1416.673 1418.313 1440.861 1475.439 1472.818 1461.304 1445.157 1421.240 1397.611 1374.811 1369.386 1367.161 1362.289 1355.919 1350.816
1740.471 1744.114 1749.315 1771.724 1808.657 1844.884 1873.803 1876.147 1865.438 1854.663 1844.474 1832.891 1829.259 1837.900 1849.695 1866.395 1877.323 1885.952 1884.609 1884.935 1885.613 1887.618 1889.400 1891.640 1899.116 1911.521 1923.402 1924.058 1909.690 1892.821 1876.205 1870.555 1865.859 1860.788 1861.989 1863.620 1855.183 1829.993 1794.917 1754.866 1732.599 1714.693 1703.881 1689.548 1662.569 1610.338 1580.163 1546.977 1516.891 1504.397 1553.247 1559.173 1548.746 1535.421 1512.514 1486.038 1461.774 1437.740 1431.471 1426.918 1419.478 1413.606 1405.754
1854.754 1859.464 1867.787 1883.542 1908.300 1937.674 1964.129 1980.258 1975.262 1961.358 1942.993 1936.652 1934.922 1937.195 1944.307 1953.291 1969.441 1985.864 1991.235 1991.978 1989.489 1991.575 1992.743 1992.780 1994.226 1999.791 2007.443 2010.191 2004.813 1987.941 1967.464 1954.286 1946.574 1942.705 1941.833 1944.495 1945.523 1933.868 1904.721 1866.887 1836.077 1817.373 1803.712 1791.561 1781.766 1760.973 1744.148 1714.208 1671.995 1640.631 1653.112 1644.764 1634.084 1610.946 1582.000 1555.102 1524.375 1496.580 1482.711 1477.551 1473.618 1467.688 1457.277
1959.130 1967.755 1982.566 2001.952 2016.571 2034.229 2056.178 2069.221 2074.579 2074.336 2072.389 2074.007 2074.199 2039.213 2042.979 2046.694 2056.237 2065.988 2069.299 2069.655 2068.234 2069.473 2069.900 2069.973 2069.623 2070.170 2073.003 2074.084 2072.743 2064.765 2071.596 2054.183 2042.168 2034.748 2027.188 2019.056 2009.972 2000.845 1984.551 1957.925 1925.892 1901.582 1892.218 1886.883 1880.944 1876.606 1862.348 1842.220 1812.330 1775.679 1747.042 1740.599 1725.266 1696.625 1672.535 1654.899 1621.034 1589.505 1568.823 1562.886 1549.527 1534.211 1520.384
2057.707 2069.923 2083.625 2075.728 2080.381 2085.195 2089.980 2091.623 2092.093 2091.876 2089.643 2089.209 2087.398 2083.112 2073.489 2075.006 2076.606 2079.115 2082.657 2081.390 2082.345 2085.249 2083.704 2078.146 2074.486 2072.926 2073.503 2080.634 2083.813 2084.628 2083.060 2082.335 2081.773 2079.862 2077.477 2074.117 2069.819 2076.007 2065.867 2042.228 2008.580 1973.448 1962.180 1960.337 1961.370 1959.606 1954.522 1937.518 1911.879 1877.297 1840.976 1828.968 1816.301 1802.834 1790.659 1775.082 1738.653 1702.922 1677.487 1662.411 1638.051 1618.711 1601.062
2093.379 2094.909 2091.744 2088.457 2083.812 2082.541 2081.292 2078.955 2079.625 2077.750 2073.896 2070.355 2063.689 2052.939 2041.783 2039.056 2043.567 2048.694 2053.176 2056.633 2060.011 2060.832 2056.001 2048.165 2041.112 2039.292 2045.770 2051.291 2056.767 2057.466 2056.101 2054.012 2054.125 2051.513 2051.932 2058.416 2071.764 2076.677 2079.968 2079.479 2070.134 2053.226 2050.820 2031.830 2036.282 2032.132 2021.360 2001.342 1978.699 1950.211 1922.392 1900.942 1893.555 1888.687 1882.647 1872.100 1837.589 1804.660 1774.840 1752.488 1727.371 1704.488 1683.518
2081.717 2083.007 2076.206 2068.117 2061.373 2054.717 2052.727 2051.780 2051.347 2051.649 2046.546 2038.626 2023.266 2011.984 2001.030 1995.167 1992.874 1997.456 2007.495 2017.568 2022.234 2014.999 2007.457 1996.732 1988.828 1989.134 1991.049 2000.004 2014.378 2019.530 2020.157 2014.716 2009.709 2003.604 2001.233 2007.695 2022.255 2037.356 2051.016 2059.079 2066.214 2072.593 2074.842 2076.339 2077.138 2075.893 2075.750 2060.347 2039.466 2015.183 1991.806 1966.690 1961.165 1959.854 1956.172 1954.169 1925.586 1891.608 1858.910 1831.777 1806.006 1782.491 1760.462
2051.647 2048.376 2042.092 2032.398 2021.954 2012.706 2006.524 2007.579 2009.943 2011.235 2004.948 1990.807 1973.943 1960.984 1947.522 1943.788 1938.876 1933.955 1944.337 1961.876 1968.303 1954.384 1944.455 1930.259 1923.237 1919.966 1921.247 1930.332 1950.452 1970.570 1971.826 1961.756 1951.794 1946.820 1943.795 1949.300 1966.301 1985.614 2000.003 2009.220 2014.347 2021.953 2031.017 2043.321 2056.427 2067.345 2074.526 2079.493 2077.020 2069.690 2058.726 2037.916 2024.690 2015.982 2011.174 2003.617 1982.264 1955.288 1929.187 1903.183 1881.012 1861.938 1836.456
2011.271 2005.733 1999.251 1983.912 1972.427 1960.974 1947.738 1944.781 1941.882 1943.846 1933.183 1924.095 1906.772 1891.950 1876.873 1866.074 1860.579 1854.742 1857.397 1872.187 1880.990 1868.926 1858.958 1846.910 1841.291 1837.985 1839.943 1850.035 1871.049 1889.192 1896.154 1888.097 1883.636 1881.465 1879.651 1884.792 1897.329 1915.610 1935.865 1951.726 1960.438 1967.255 1976.451 1990.157 2003.413 2016.720 2033.248 2053.243 2067.582 2076.597 2079.281 2078.582 2074.052 2072.132 2062.427 2051.363 2033.767 2010.519 1984.377 1958.822 1941.766 1924.907 1906.999
1968.759 1963.343 1946.846 1899.401 1881.622 1864.535 1850.064 1845.006 1838.223 1828.755 1820.505 1815.165 1811.514 1797.139 1780.362 1764.331 1759.612 1755.919 1744.787 1746.885 1749.309 1756.925 1750.055 1745.636 1744.655 1742.119 1744.596 1757.677 1767.961 1776.290 1782.108 1781.918 1789.010 1794.798 1799.603 1814.621 1826.121 1841.802 1861.609 1884.467 1897.219 1905.769 1915.632 1930.192 1945.740 1962.273 1983.611 2007.462 2022.532 2032.871 2044.092 2056.258 2069.839 2077.262 2083.265 2082.177 2077.558 2056.430 2030.814 2010.617 1993.310 1978.990 1964.824
1914.736 1906.828 1862.998 1822.634 1791.330 1774.884 1753.833 1743.162 1731.715 1703.069 1688.944 1685.517 1694.194 1687.169 1671.434 1658.700 1650.745 1643.722 1629.780 1618.208 1623.416 1637.478 1634.730 1634.593 1639.731 1638.246 1633.664 1636.330 1649.472 1656.169 1665.629 1678.024 1681.527 1691.675 1718.708 1730.753 1744.441 1762.523 1782.435 1803.470 1823.003 1835.234 1848.806 1866.299 1881.951 1901.430 1923.447 1951.017 1969.997 1983.346 1993.755 2004.237 2018.961 2038.148 2055.204 2071.555 2081.754 2082.404 2075.128 2055.951 2038.506 2024.289 2015.425
1820.241 1799.599 1753.444 1716.481 1690.558 1670.349 1648.448 1629.952 1601.465 1570.734 1551.482 1561.129 1570.439 1575.389 1563.062 1551.743 1542.498 1528.052 1512.798 1500.109 1509.535 1518.073 1529.634 1534.069 1537.655 1541.021 1539.519 1532.758 1534.178 1541.997 1551.245 1561.089 1575.793 1605.418 1628.276 1644.067 1662.870 1680.851 1701.455 1723.339 1743.606 1758.464 1775.434 1793.054 1812.632 1831.703 1854.690 1882.246 1905.771 1920.216 1933.689 1946.546 1964.772 1987.067 2008.434 2031.632 2051.883 2063.896 2076.112 2082.594 2079.251 2067.171 2054.190
1704.319 1666.818 1627.007 1599.013 1580.928 1558.982 1538.295 1512.888 1482.889 1459.822 1441.117 1450.083 1458.984 1473.791 1463.732 1454.762 1450.288 1435.963 1422.782 1408.088 1415.355 1425.930 1444.922 1449.475 1452.924 1460.370 1459.098 1455.569 1443.454 1450.742 1460.296 1473.057 1500.174 1522.554 1544.281 1563.801 1581.893 1602.053 1623.434 1645.238 1668.995 1686.571 1703.837 1723.691 1742.158 1757.949 1776.186 1800.345 1821.315 1840.162 1860.184 1874.520 1897.656 1926.184 1953.759 1985.421 2007.548 2022.397 2034.758 2046.953 2065.059 2075.234 2077.621
1544.664 1513.246 1485.655 1475.900 1461.737 1441.963 1423.243 1404.469 1381.577 1361.734 1338.723 1343.995 1358.269 1373.845 1371.046 1369.547 1367.493 1357.410 1344.247 1330.964 1334.731 1350.458 1367.513 1375.612 1382.376 1389.729 1389.425 1381.367 1371.980 1376.695 1390.298 1405.361 1423.999 1444.414 1464.431 1483.232 1504.031 1525.373 1546.954 1570.328 1594.992 1613.492 1635.131 1657.682 1674.515 1684.121 1694.745 1715.786 1731.948 1752.262 1773.263 1789.600 1816.167 1848.842 1887.905 1925.750 1961.302 1977.300 1990.299 2000.758 2016.587 2036.420 2055.360
1430.663 1402.813 1390.988 1375.351 1360.947 1345.841 1326.813 1309.970 1293.865 1273.342 1259.156 1265.911 1279.724 1290.458 1295.037 1292.814 1290.437 1283.928 1270.486 1262.584 1271.611 1286.852 1301.205 1311.671 1318.255 1323.791 1320.727 1311.901 1306.606 1314.144 1328.913 1342.471 1357.936 1377.894 1397.441 1417.576 1438.550 1459.260 1482.204 1505.807 1529.904 1554.109 1575.310 1594.332 1603.110 1612.319 1615.794 1628.570 1644.280 1661.668 1682.743 1705.024 1731.183 1769.360 1808.623 1846.627 1883.912 1913.713 1932.287 1948.055 1967.625 1988.211 2005.532
1356.918 1329.060 1305.455 1291.685 1284.650 1272.021 1254.962 1243.486 1228.161 1214.075 1216.744 1219.756 1230.438 1231.129 1232.257 1229.830 1229.220 1225.853 1216.913 1225.570 1232.777 1246.949 1257.379 1266.750 1272.659 1276.389 1276.430 1270.442 1274.317 1280.624 1294.298 1305.219 1318.950 1338.471 1354.628 1372.670 1393.394 1414.744 1437.056 1460.883 1486.741 1509.654 1527.052 1534.169 1542.945 1545.987 1537.297 1548.742 1561.092 1572.575 1592.609 1612.755 1635.754 1672.884 1716.093 1761.576 1798.425 1839.238 1863.563 1886.676 1908.409 1932.187 1954.102
1271.200 1243.734 1222.259 1215.857 1205.814 1195.599 1183.852 1170.985 1161.727 1164.838 1162.937 1161.873 1162.274 1165.417 1168.614 1168.113 1167.284 1169.079 1177.158 1181.510 1186.971 1196.703 1207.772 1218.601 1222.342 1226.450 1229.950 1234.140 1236.598 1240.308 1250.882 1262.201 1274.524 1290.338 1307.080 1324.973 1346.229 1368.086 1391.491 1416.882 1442.870 1462.909 1471.168 1480.015 1482.034 1475.556 1469.685 1474.506 1485.485 1493.531 1510.897 1531.596 1545.607 1584.840 1631.734 1673.616 1708.935 1743.675 1780.486 1807.068 1831.658 1862.547 1889.468
1204.846 1181.958 1166.228 1156.487 1146.641 1136.663 1124.233 1115.823 1115.519 1113.388 1111.578 1109.890 1113.298 1117.110 1121.618 1121.671 1122.502 1125.365 1129.713 1135.869 1145.081 1155.833 1167.809 1182.588 1187.231 1191.766 1197.348 1199.938 1203.020 1206.951 1217.802 1229.180 1240.914 1257.302 1274.456 1292.779 1314.392 1339.293 1368.185 1394.155 1419.814 1442.155 1450.803 1454.362 1452.261 1445.539 1432.042 1429.754 1439.209 1440.825 1451.651 1470.099 1479.679 1509.651 1550.681 1579.200 1613.314 1650.503 1699.161 1727.139 1758.387 1788.697 1818.774
1142.281 1125.982 1107.511 1094.989 1084.821 1076.025 1069.608 1068.345 1065.836 1064.396 1063.301 1061.620 1063.655 1067.995 1072.094 1074.401 1077.257 1080.926 1087.329 1096.325 1104.660 1116.454 1131.049 1146.044 1152.610 1158.035 1163.779 1167.888 1171.994 1175.618 1185.435 1196.859 1207.331 1224.159 1242.291 1260.987 1286.103 1315.181 1344.756 1370.299 1395.219 1420.338 1423.660 1424.671 1423.963 1409.637 1394.403 1387.511 1389.345 1390.017 1394.522 1405.220 1416.000 1438.791 1463.513 1491.343 1526.339 1572.820 1617.953 1649.983 1679.942 1709.340 1734.950
