tests/3D/Borden05m_nopit_001/output_maps/psiliqL0016N0026.asc
ncols         160
nrows         34
xllcorner     620200.000000
yllcorner     5168000.000000
cellsize      0.500000
NODATA_value  -9999.0
[rows 0 to 27 of 34, columns 63 to 125 of 160]
-9999.000 -9999.000 -9999.000 -9999.000 -9999.000 -9999.000 -9999.000 -9999.000 -9999.000 -9999.000 -9999.000 -9999.000 -9999.000 -9999.000 -9999.000 -9999.000 -9999.000 -9999.000 -9999.000 -9999.000 -9999.000 -9999.000 -9999.000 -9999.000 -9999.000 -9999.000 -9999.000 -9999.000 -9999.000 -9999.000 -9999.000 -9999.000 -9999.000 -9999.000 -9999.000 -9999.000 -9999.000 -9999.000 -9999.000 -9999.000 -9999.000 -9999.000 -9999.000 -9999.000 -9999.000 -9999.000 -9999.000 -9999.000 -9999.000 -9999.000 -9999.000 -9999.000 -9999.000 -9999.000 -9999.000 -9999.000 -9999.000 -9999.000 -9999.000 -9999.000 -9999.000 -9999.000 -9999.000
1376.434 1367.038 1358.598 1354.402 1353.251 1352.271 1351.651 1356.640 1364.496 1371.985 1378.945 1381.231 1383.529 1385.564 1385.886 1384.584 1381.271 1377.897 1374.442 1372.833 1364.880 1353.532 1344.819 1342.062 1346.414 1350.855 1353.362 1359.089 1369.786 1380.604 1389.234 1401.378 1407.592 1412.915 1415.984 1412.130 1408.880 1405.253 1400.090 1389.152 -9999.000 -9999.000 -9999.000 -9999.000 -9999.000 -9999.000 -9999.000 -9999.000 -9999.000 -9999.000 -9999.000 -9999.000 -9999.000 -9999.000 -9999.000 -9999.000 -9999.000 -9999.000 -9999.000 -9999.000 -9999.000 -9999.000 -9999.000
1360.496 1351.676 1346.234 1340.595 1338.332 1338.164 1337.988 1341.809 1351.929 1359.699 1364.266 1366.662 1369.181 1368.461 1367.754 1367.346 1364.364 1360.845 1357.387 1355.513 1356.115 1348.468 1342.818 1339.251 1337.268 1339.834 1342.316 1346.027 1355.503 1363.681 1371.899 1386.523 1399.259 1404.781 1402.481 1397.831 1394.297 1387.702 1377.720 1367.630 1358.267 1351.672 1346.467 1340.914 1347.318 1354.496 1364.497 1374.186 1386.330 1398.582 -9999.000 -9999.000 -9999.000 -9999.000 -9999.000 -9999.000 -9999.000 -9999.000 -9999.000 -9999.000 -9999.000 -9999.000 -9999.000
1347.793 1344.079 1339.122 1333.195 1341.736 1342.665 1343.440 1346.465 1349.065 1352.452 1354.947 1360.123 1368.932 1371.495 1371.841 1371.807 1369.807 1366.543 1364.600 1361.745 1356.441 1355.086 1355.127 1354.551 1359.255 1360.744 1362.779 1356.456 1360.302 1366.618 1373.608 1380.051 1386.781 1390.646 1387.648 1387.428 1379.397 1365.986 1355.515 1347.593 1346.448 1343.597 1336.045 1323.439 1331.133 1347.089 1351.979 1355.351 1367.041 1379.415 1389.803 1392.363 1392.106 1391.823 1389.157 1375.388 1360.762 1345.913 1327.331 -9999.000 -9999.000 -9999.000 -9999.000
1349.854 1346.358 1343.409 1354.968 1363.658 1364.945 1367.393 1370.802 1370.289 1358.445 1355.927 1363.749 1373.682 1379.082 1379.068 1378.717 1376.105 1374.898 1374.410 1372.173 1372.486 1374.546 1373.805 1377.900 1383.415 1386.388 1379.270 1370.443 1371.736 1379.786 1388.306 1395.867 1406.611 1418.067 1417.681 1412.749 1404.365 1391.610 1368.976 1350.451 1340.041 1333.146 1326.363 1327.461 1324.435 1336.638 1338.650 1340.912 1349.128 1359.582 1370.033 1376.100 1375.623 1375.090 1372.736 1363.306 1348.645 1333.932 1317.005 1291.221 1262.708 1236.877 1235.186
1352.481 1354.372 1365.337 1377.948 1390.985 1392.969 1394.867 1393.889 1384.942 1374.512 1370.785 1384.899 1400.864 1408.716 1408.806 1407.006 1412.765 1411.517 1410.113 1405.420 1406.981 1407.382 1416.045 1423.486 1430.638 1428.925 1416.949 1405.481 1404.441 1407.985 1412.277 1419.008 1429.476 1439.399 1434.864 1428.793 1420.135 1393.095 1367.910 1352.506 1353.458 1354.417 1350.263 1347.953 1345.803 1340.013 1340.151 1339.721 1339.546 1351.820 1364.634 1368.249 1362.016 1358.327 1356.170 1347.905 1336.819 1321.427 1304.557 1285.464 1257.385 1251.162 1242.148
1390.244 1397.086 1408.654 1424.128 1446.651 1447.963 1449.902 1451.274 1439.456 1426.794 1415.730 1434.109 1444.136 1452.080 1452.507 1460.923 1470.183 1465.644 1457.884 1447.118 1453.038 1463.382 1478.162 1484.956 1488.980 1487.035 1475.483 1469.677 1469.000 1472.275 1470.866 1476.524 1486.733 1502.117 1502.006 1495.064 1474.182 1438.480 1406.525 1389.019 1396.853 1391.223 1385.445 1383.385 1370.952 1361.692 1362.967 1354.366 1349.055 1361.190 1367.787 1369.550 1362.707 1368.113 1360.899 1341.722 1324.803 1309.740 1295.413 1279.535 1272.824 1263.617 1255.623
1420.591 1429.759 1447.352 1467.968 1489.791 1495.007 1495.278 1504.234 1497.352 1487.493 1479.213 1492.161 1503.360 1514.296 1522.715 1534.952 1545.849 1534.607 1521.449 1515.030 1520.369 1540.914 1558.861 1563.655 1564.346 1566.407 1556.241 1550.196 1544.420 1540.675 1535.861 1532.617 1552.578 1570.517 1569.867 1548.077 1525.651 1490.284 1454.226 1425.417 1429.186 1427.671 1428.857 1416.292 1402.973 1389.806 1382.942 1375.408 1363.126 1369.977 1375.389 1384.989 1393.734 1395.649 1379.255 1361.866 1342.676 1324.407 1310.235 1304.778 1299.179 1289.261 1282.494
1509.339 1515.566 1530.344 1551.596 1580.586 1598.640 1614.930 1618.467 1610.013 1600.958 1587.958 1587.253 1605.253 1616.654 1626.338 1636.138 1648.211 1652.365 1648.735 1647.827 1651.058 1659.217 1669.040 1675.508 1680.241 1685.091 1679.491 1668.956 1663.718 1655.989 1650.794 1649.035 1653.963 1667.549 1666.014 1638.913 1613.443 1582.542 1547.186 1518.266 1505.189 1515.632 1508.247 1492.232 1476.515 1445.475 1433.204 1420.261 1393.766 1391.540 1399.190 1411.585 1422.844 1408.628 1392.370 1374.425 1354.358 1335.786 1328.969 1327.531 1324.507 1318.302 1315.601
1621.554 1625.053 1631.460 1662.520 1695.680 1722.641 1745.375 1752.895 1741.821 1731.880 1719.493 1710.074 1715.402 1729.914 1746.292 1761.351 1772.282 1775.433 1774.100 1774.258 1776.352 1779.179 1782.280 1788.703 1795.846 1805.403 1815.647 1808.951 1792.494 1781.182 1768.928 1765.298 1764.928 1765.018 1765.869 1757.130 1724.815 1697.286 1667.099 1642.309 1625.021 1616.173 1598.938 1578.102 1533.367 1496.193 1464.460 1441.333 1416.461 1418.078 1440.600 1475.151 1472.501 1460.954 1444.773 1420.820 1397.153 1374.312 1368.844 1366.575 1361.656 1355.238 1350.086
1740.471 1744.114 1749.315 1771.724 1808.657 1844.883 1873.803 1876.147 1865.438 1854.662 1844.472 1832.890 1829.258 1837.898 1849.692 1866.392 1877.320 1885.948 1884.604 1884.929 1885.606 1887.611 1889.392 1891.630 1899.105 1911.507 1923.387 1924.040 1909.670 1892.798 1876.178 1870.525 1865.824 1860.748 1861.945 1863.569 1855.125 1829.927 1794.842 1754.782 1732.504 1714.586 1703.761 1689.414 1662.418 1610.168 1579.974 1546.767 1516.657 1504.137 1552.959 1558.855 1548.395 1535.035 1512.090 1485.573 1461.267 1437.189 1430.872 1426.270 1418.778 1412.854 1404.947
1854.754 1859.464 1867.786 1883.541 1908.300 1937.673 1964.129 1980.257 1975.261 1961.357 1942.991 1936.651 1934.920 1937.192 1944.305 1953.288 1969.437 1985.859 1991.230 1991.972 1989.482 1991.568 1992.734 1992.770 1994.214 1999.777 2007.427 2010.173 2004.792 1987.917 1967.436 1954.254 1946.537 1942.663 1941.785 1944.440 1945.461 1933.797 1904.641 1866.795 1835.974 1817.257 1803.580 1791.413 1781.599 1760.787 1743.939 1713.975 1671.736 1640.342 1652.792 1644.410 1633.694 1610.515 1581.527 1554.584 1523.810 1495.964 1482.043 1476.827 1472.837 1466.847 1456.375
1959.130 1967.755 1982.565 2001.952 2016.570 2034.229 2056.177 2069.221 2074.578 2074.335 2072.388 2074.005 2074.197 2039.210 2042.976 2046.690 2056.233 2065.984 2069.294 2069.649 2068.227 2069.465 2069.891 2069.962 2069.610 2070.156 2072.986 2074.065 2072.721 2064.739 2071.566 2054.149 2042.129 2034.703 2027.137 2018.997 2009.905 2000.769 1984.465 1957.827 1925.780 1901.456 1892.074 1886.721 1880.761 1876.401 1862.118 1841.962 1812.042 1775.358 1746.686 1740.204 1724.829 1696.142 1672.004 1654.317 1620.397 1588.811 1568.069 1562.069 1548.645 1533.263 1519.366
2057.706 2069.923 2083.625 2075.727 2080.380 2085.195 2089.979 2091.622 2092.092 2091.875 2089.642 2089.207 2087.396 2083.110 2073.486 2075.002 2076.602 2079.111 2082.652 2081.384 2082.338 2085.241 2083.694 2078.135 2074.474 2072.911 2073.486 2080.615 2083.790 2084.601 2083.029 2082.300 2081.732 2079.815 2077.423 2074.055 2069.748 2075.927 2065.774 2042.123 2008.460 1973.312 1962.025 1960.162 1961.172 1959.382 1954.269 1937.234 1911.561 1876.941 1840.579 1828.528 1815.812 1802.293 1790.062 1774.426 1737.934 1702.138 1676.633 1661.486 1637.050 1617.633 1599.904
2093.379 2094.908 2091.744 2088.456 2083.812 2082.541 2081.291 2078.954 2079.624 2077.749 2073.894 2070.354 2063.687 2052.937 2041.780 2039.053 2043.563 2048.689 2053.170 2056.627 2060.004 2060.823 2055.991 2048.154 2041.099 2039.277 2045.752 2051.271 2056.744 2057.439 2056.070 2053.976 2054.083 2051.465 2051.876 2058.353 2071.691 2076.593 2079.871 2079.368 2070.008 2053.082 2050.655 2031.642 2036.068 2031.889 2021.086 2001.033 1978.351 1949.820 1921.954 1900.454 1893.011 1888.082 1881.978 1871.362 1836.778 1803.773 1773.871 1751.436 1726.231 1703.258 1682.194
2081.717 2083.007 2076.206 2068.116 2061.372 2054.716 2052.726 2051.779 2051.346 2051.648 2046.545 2038.625 2023.264 2011.981 2001.027 1995.164 1992.870 1997.452 2007.490 2017.562 2022.227 2014.991 2007.447 1996.721 1988.815 1989.119 1991.032 1999.983 2014.354 2019.503 2020.125 2014.680 2009.667 2003.556 2001.177 2007.630 2022.180 2037.269 2050.917 2058.964 2066.082 2072.442 2074.669 2076.141 2076.912 2075.635 2075.458 2060.015 2039.090 2014.760 1991.329 1966.156 1960.566 1959.186 1955.429 1953.345 1924.677 1890.609 1857.816 1830.583 1804.708 1781.086 1758.946
2051.646 2048.375 2042.092 2032.397 2021.954 2012.705 2006.523 2007.578 2009.942 2011.234 2004.946 1990.806 1973.941 1960.982 1947.519 1943.785 1938.872 1933.951 1944.332 1961.870 1968.296 1954.376 1944.445 1930.248 1923.224 1919.952 1921.229 1930.312 1950.429 1970.543 1971.795 1961.719 1951.752 1946.771 1943.738 1949.234 1966.225 1985.526 1999.902 2009.103 2014.212 2021.797 2030.838 2043.116 2056.191 2067.076 2074.218 2079.142 2076.622 2069.238 2058.215 2037.339 2024.041 2015.254 2010.360 2002.710 1981.258 1954.175 1927.962 1901.838 1879.543 1860.339 1834.724
2011.271 2005.733 1999.250 1983.912 1972.426 1960.974 1947.737 1944.780 1941.881 1943.845 1933.182 1924.093 1906.770 1891.947 1876.870 1866.071 1860.576 1854.738 1857.392 1872.181 1880.983 1868.918 1858.949 1846.899 1841.279 1837.971 1839.927 1850.015 1871.026 1889.166 1896.123 1888.062 1883.595 1881.417 1879.595 1884.727 1897.254 1915.523 1935.764 1951.608 1960.302 1967.098 1976.270 1989.948 2003.172 2016.443 2032.930 2052.879 2067.167 2076.123 2078.742 2077.970 2073.360 2071.351 2061.549 2050.379 2032.668 2009.297 1983.023 1957.327 1940.123 1923.107 1905.036
1968.759 1963.343 1946.845 1899.401 1881.621 1864.534 1850.064 1845.005 1838.223 1828.754 1820.503 1815.164 1811.512 1797.137 1780.359 1764.328 1759.609 1755.915 1744.782 1746.879 1749.303 1756.917 1750.047 1745.625 1744.643 1742.105 1744.580 1757.658 1767.939 1776.264 1782.078 1781.883 1788.969 1794.751 1799.548 1814.557 1826.047 1841.716 1861.508 1884.350 1897.084 1905.612 1915.451 1929.982 1945.497 1961.992 1983.288 2007.090 2022.105 2032.382 2043.533 2055.620 2069.113 2076.439 2082.334 2081.126 2076.378 2055.109 2029.340 2008.979 1991.498 1976.991 1962.630
1914.736 1906.827 1862.998 1822.634 1791.330 1774.883 1753.832 1743.161 1731.714 1703.068 1688.942 1685.515 1694.193 1687.167 1671.431 1658.697 1650.742 1643.718 1629.776 1618.203 1623.410 1637.471 1634.721 1634.583 1639.720 1638.233 1633.648 1636.312 1649.450 1656.143 1665.600 1677.989 1681.487 1691.629 1718.655 1730.691 1744.368 1762.438 1782.336 1803.355 1822.870 1835.079 1848.627 1866.090 1881.709 1901.150 1923.124 1950.643 1969.565 1982.850 1993.184 2003.582 2018.212 2037.294 2054.232 2070.452 2080.508 2081.000 2073.552 2054.188 2036.541 2022.108 2013.012
1820.241 1799.599 1753.444 1716.481 1690.558 1670.349 1648.447 1629.951 1601.464 1570.733 1551.481 1561.127 1570.437 1575.387 1563.060 1551.741 1542.495 1528.048 1512.794 1500.104 1509.529 1518.066 1529.626 1534.059 1537.644 1541.008 1539.504 1532.740 1534.157 1541.973 1551.217 1561.056 1575.754 1605.373 1628.224 1644.006 1662.799 1680.767 1701.358 1723.226 1743.475 1758.312 1775.257 1792.849 1812.393 1831.426 1854.370 1881.875 1905.341 1919.719 1933.116 1945.886 1964.013 1986.196 2007.437 2030.495 2050.589 2062.429 2074.455 2080.728 2077.158 2064.831 2051.584
1704.318 1666.817 1627.006 1599.013 1580.927 1558.982 1538.295 1512.887 1482.888 1459.821 1441.116 1450.082 1458.983 1473.789 1463.730 1454.760 1450.285 1435.959 1422.778 1408.083 1415.349 1425.924 1444.914 1449.465 1452.913 1460.358 1459.083 1455.552 1443.434 1450.718 1460.268 1473.024 1500.136 1522.510 1544.230 1563.741 1581.823 1601.971 1623.339 1645.128 1668.867 1686.422 1703.663 1723.490 1741.924 1757.677 1775.871 1799.979 1820.891 1839.671 1859.615 1873.863 1896.897 1925.309 1952.752 1984.266 2006.226 2020.889 2033.045 2045.012 2062.868 2072.768 2074.856
1544.664 1513.245 1485.655 1475.900 1461.736 1441.963 1423.242 1404.469 1381.576 1361.733 1338.722 1343.994 1358.268 1373.843 1371.044 1369.544 1367.490 1357.407 1344.243 1330.960 1334.726 1350.452 1367.505 1375.603 1382.366 1389.716 1389.410 1381.350 1371.960 1376.671 1390.270 1405.329 1423.962 1444.371 1464.381 1483.173 1503.963 1525.293 1546.861 1570.219 1594.866 1613.346 1634.961 1657.485 1674.286 1683.855 1694.436 1715.428 1731.532 1751.781 1772.705 1788.953 1815.418 1847.975 1886.903 1924.594 1959.973 1975.776 1988.557 1998.773 2014.332 2033.866 2052.478
1430.663 1402.813 1390.987 1375.351 1360.947 1345.841 1326.813 1309.969 1293.864 1273.342 1259.155 1265.909 1279.723 1290.456 1295.035 1292.812 1290.434 1283.924 1270.482 1262.579 1271.605 1286.846 1301.198 1311.662 1318.245 1323.779 1320.713 1311.885 1306.587 1314.121 1328.886 1342.440 1357.899 1377.852 1397.391 1417.518 1438.483 1459.181 1482.113 1505.701 1529.780 1553.965 1575.143 1594.138 1602.885 1612.058 1615.492 1628.219 1643.874 1661.196 1682.196 1704.390 1730.448 1768.509 1807.637 1845.486 1882.595 1912.196 1930.545 1946.059 1965.345 1985.614 2002.583
1356.918 1329.060 1305.455 1291.684 1284.650 1272.021 1254.961 1243.486 1228.160 1214.075 1216.743 1219.755 1230.436 1231.127 1232.255 1229.828 1229.217 1225.850 1216.909 1225.566 1232.772 1246.943 1257.371 1266.741 1272.649 1276.377 1276.416 1270.426 1274.298 1280.602 1294.272 1305.188 1318.915 1338.429 1354.579 1372.614 1393.328 1414.667 1436.966 1460.779 1486.619 1509.512 1526.887 1533.978 1542.724 1545.730 1537.000 1548.398 1560.694 1572.114 1592.074 1612.136 1635.036 1672.052 1715.129 1760.460 1797.134 1837.747 1861.844 1884.700 1906.140 1929.590 1951.137
1271.200 1243.734 1222.258 1215.857 1205.814 1195.599 1183.852 1170.985 1161.727 1164.837 1162.936 1161.872 1162.273 1165.416 1168.612 1168.111 1167.281 1169.076 1177.154 1181.506 1186.966 1196.697 1207.765 1218.593 1222.332 1226.438 1229.936 1234.124 1236.580 1240.286 1250.856 1262.171 1274.489 1290.297 1307.032 1324.917 1346.164 1368.010 1391.403 1416.779 1442.750 1462.770 1471.006 1479.827 1481.816 1475.303 1469.393 1474.168 1485.094 1493.079 1510.374 1530.990 1544.906 1584.028 1630.795 1672.528 1707.678 1742.222 1778.809 1805.134 1829.433 1859.990 1886.538
1204.845 1181.958 1166.228 1156.487 1146.641 1136.662 1124.232 1115.823 1115.518 1113.387 1111.577 1109.889 1113.296 1117.109 1121.617 1121.668 1122.499 1125.362 1129.710 1135.865 1145.076 1155.827 1167.802 1182.580 1187.221 1191.755 1197.334 1199.923 1203.002 1206.929 1217.777 1229.150 1240.879 1257.261 1274.409 1292.724 1314.328 1339.218 1368.097 1394.053 1419.696 1442.018 1450.644 1454.177 1452.046 1445.290 1431.754 1429.421 1438.824 1440.380 1451.137 1469.505 1478.992 1508.858 1549.765 1578.141 1612.090 1649.091 1697.532 1725.261 1756.225 1786.210 1815.919
1142.281 1125.981 1107.510 1094.989 1084.820 1076.024 1069.608 1068.345 1065.835 1064.395 1063.300 1061.619 1063.654 1067.994 1072.092 1074.399 1077.254 1080.923 1087.325 1096.320 1104.655 1116.448 1131.042 1146.036 1152.600 1158.024 1163.765 1167.873 1171.976 1175.597 1185.411 1196.830 1207.298 1224.120 1242.245 1260.933 1286.040 1315.107 1344.669 1370.199 1395.102 1420.202 1423.502 1424.488 1423.751 1409.392 1394.119 1387.183 1388.965 1389.578 1394.015 1404.635 1415.325 1438.013 1462.616 1490.309 1525.147 1571.447 1616.371 1648.163 1677.849 1706.934 1732.190
