tests/3D/Borden05m_nopit_001/output_maps/psiliqL0015N0021.asc
ncols         160
nrows         34
xllcorner     620200.000000
yllcorner     5168000.000000
cellsize      0.500000
NODATA_value  -9999.0
[rows 0 to 27 of 34, columns 63 to 125 of 160]
-9999.000 -9999.000 -9999.000 -9999.000 -9999.000 -9999.000 -9999.000 -9999.000 -9999.000 -9999.000 -9999.000 -9999.000 -9999.000 -9999.000 -9999.000 -9999.000 -9999.000 -9999.000 -9999.000 -9999.000 -9999.000 -9999.000 -9999.000 -9999.000 -9999.000 -9999.000 -9999.000 -9999.000 -9999.000 -9999.000 -9999.000 -9999.000 -9999.000 -9999.000 -9999.000 -9999.000 -9999.000 -9999.000 -9999.000 -9999.000 -9999.000 -9999.000 -9999.000 -9999.000 -9999.000 -9999.000 -9999.000 -9999.000 -9999.000 -9999.000 -9999.000 -9999.000 -9999.000 -9999.000 -9999.000 -9999.000 -9999.000 -9999.000 -9999.000 -9999.000 -9999.000 -9999.000 -9999.000
1176.576 1167.174 1158.680 1154.486 1153.341 1152.351 1151.737 1156.745 1164.587 1172.070 1179.045 1181.325 1183.623 1185.682 1186.019 1184.706 1181.391 1178.019 1174.562 1172.966 1164.956 1153.588 1144.837 1142.075 1146.446 1150.899 1153.412 1159.195 1169.924 1180.766 1189.402 1201.504 1207.639 1212.960 1216.077 1212.236 1208.987 1205.393 1200.328 1189.407 -9999.000 -9999.000 -9999.000 -9999.000 -9999.000 -9999.000 -9999.000 -9999.000 -9999.000 -9999.000 -9999.000 -9999.000 -9999.000 -9999.000 -9999.000 -9999.000 -9999.000 -9999.000 -9999.000 -9999.000 -9999.000 -9999.000 -9999.000
1160.604 1151.756 1146.288 1140.639 1138.421 1138.244 1138.070 1141.916 1151.980 1159.756 1164.332 1166.712 1169.205 1168.579 1167.887 1167.467 1164.484 1160.967 1157.508 1155.637 1156.157 1148.509 1142.896 1139.365 1137.481 1140.031 1142.494 1146.118 1155.626 1163.832 1172.076 1186.644 1199.336 1204.839 1202.562 1197.903 1194.395 1187.880 1177.975 1167.875 1158.390 1151.746 1146.555 1141.088 1147.489 1154.598 1164.668 1174.453 1186.608 1198.861 -9999.000 -9999.000 -9999.000 -9999.000 -9999.000 -9999.000 -9999.000 -9999.000 -9999.000 -9999.000 -9999.000 -9999.000 -9999.000
1147.869 1144.114 1139.151 1133.421 1141.824 1142.756 1143.550 1146.570 1149.253 1152.478 1154.990 1160.161 1168.962 1171.511 1171.857 1171.825 1169.831 1166.575 1164.642 1161.789 1156.489 1155.184 1155.269 1154.769 1159.538 1161.026 1162.974 1156.568 1160.355 1166.677 1173.669 1180.204 1186.991 1190.987 1188.016 1187.710 1179.704 1166.312 1155.773 1147.799 1146.511 1143.666 1136.148 1123.650 1131.278 1147.216 1152.116 1155.568 1167.321 1179.706 1190.083 1192.582 1192.337 1192.068 1189.439 1175.687 1161.081 1146.270 1127.707 -9999.000 -9999.000 -9999.000 -9999.000
1149.862 1146.381 1143.589 1155.277 1164.021 1165.313 1167.776 1171.145 1170.507 1158.575 1156.018 1163.907 1173.880 1179.316 1179.294 1178.955 1176.461 1175.259 1174.752 1172.479 1172.883 1175.002 1174.438 1178.655 1184.178 1187.119 1179.810 1170.940 1172.135 1180.143 1188.602 1196.158 1206.958 1218.480 1218.022 1213.043 1204.663 1191.868 1169.206 1150.570 1140.209 1133.418 1126.677 1127.579 1124.716 1136.753 1138.784 1141.018 1149.326 1159.794 1170.227 1176.285 1175.837 1175.337 1173.007 1163.606 1148.968 1134.284 1117.441 1091.764 1063.310 1037.332 1035.757
1152.743 1154.792 1166.001 1178.712 1191.951 1193.952 1195.874 1194.939 1185.859 1175.425 1171.601 1185.813 1201.714 1209.578 1209.738 1208.202 1214.238 1212.859 1211.270 1206.448 1208.099 1208.789 1217.784 1225.206 1232.280 1230.533 1218.598 1207.216 1206.076 1209.425 1213.448 1220.093 1230.591 1240.590 1236.076 1229.903 1221.106 1193.908 1168.454 1152.926 1153.928 1154.896 1150.760 1148.413 1146.128 1140.161 1140.286 1139.893 1139.725 1152.003 1164.775 1168.402 1162.225 1158.582 1156.446 1148.153 1137.123 1121.790 1104.957 1085.947 1057.889 1051.568 1042.718
1191.179 1198.140 1209.847 1225.615 1248.240 1249.755 1251.859 1253.512 1241.810 1229.210 1218.040 1236.058 1245.993 1254.025 1254.763 1263.520 1272.851 1268.220 1260.316 1249.682 1255.639 1266.377 1281.126 1287.810 1291.710 1290.029 1278.711 1273.000 1272.101 1275.054 1273.382 1278.738 1289.090 1304.517 1304.522 1297.207 1276.212 1240.627 1208.392 1190.381 1197.848 1192.210 1186.486 1184.221 1171.640 1162.165 1163.306 1154.646 1149.266 1161.353 1167.917 1169.725 1162.990 1168.438 1161.187 1142.185 1125.244 1110.140 1095.829 1080.101 1073.334 1064.139 1056.215
1223.307 1232.390 1250.007 1270.906 1292.935 1298.818 1299.783 1308.680 1301.813 1292.055 1283.702 1295.809 1307.125 1318.139 1326.833 1339.036 1349.985 1339.272 1326.507 1320.488 1325.663 1345.708 1363.212 1368.008 1368.863 1371.188 1361.535 1355.369 1349.354 1345.200 1340.165 1336.781 1356.204 1373.781 1373.084 1351.260 1328.857 1293.901 1258.001 1228.733 1231.574 1230.234 1231.202 1218.383 1204.896 1191.122 1183.816 1176.178 1163.618 1170.239 1175.736 1185.503 1194.418 1196.073 1179.702 1162.340 1143.158 1124.843 1110.673 1105.332 1099.820 1089.975 1083.287
1314.326 1320.379 1334.800 1356.479 1385.796 1404.453 1421.258 1424.758 1416.168 1407.064 1393.966 1392.668 1410.081 1421.462 1431.285 1441.228 1453.248 1457.782 1454.483 1453.670 1456.789 1464.417 1473.777 1480.219 1485.120 1490.195 1485.359 1475.060 1469.499 1461.542 1455.950 1454.092 1458.365 1471.253 1469.883 1443.720 1418.383 1387.891 1352.831 1323.946 1310.170 1319.748 1311.834 1295.831 1279.584 1248.029 1235.039 1221.736 1194.895 1192.432 1200.510 1213.175 1224.054 1209.671 1193.424 1175.407 1155.291 1136.547 1129.776 1128.375 1125.370 1119.236 1116.561
1426.546 1430.088 1436.500 1467.431 1500.534 1527.697 1550.432 1557.990 1547.043 1537.088 1524.816 1515.336 1520.090 1534.327 1550.576 1565.650 1576.542 1579.802 1578.495 1578.664 1580.656 1583.465 1586.445 1592.662 1599.754 1609.403 1619.871 1613.554 1597.151 1585.632 1573.052 1569.135 1568.587 1568.297 1569.125 1561.194 1529.859 1502.743 1472.751 1447.436 1429.735 1420.017 1402.877 1382.393 1338.326 1301.162 1269.382 1245.800 1220.627 1221.567 1244.529 1278.195 1274.866 1263.360 1247.057 1223.033 1199.267 1176.154 1170.493 1168.146 1163.162 1156.758 1151.511
1545.147 1548.923 1554.380 1576.342 1612.795 1648.695 1677.374 1679.973 1669.578 1658.862 1648.564 1637.270 1633.671 1641.900 1653.320 1669.648 1680.625 1689.514 1688.372 1688.708 1689.270 1691.239 1692.983 1695.077 1702.325 1714.449 1726.055 1726.866 1712.973 1696.217 1679.538 1673.558 1668.627 1663.537 1664.615 1666.214 1658.539 1633.975 1599.387 1559.367 1536.525 1518.326 1507.511 1493.434 1467.830 1417.055 1387.805 1355.065 1324.645 1310.692 1357.505 1362.003 1351.566 1337.926 1314.828 1288.466 1264.017 1239.685 1232.921 1228.229 1220.727 1214.765 1206.779
1658.586 1663.503 1672.103 1687.773 1711.755 1740.483 1766.594 1782.796 1778.096 1764.620 1746.660 1740.687 1739.082 1741.212 1748.069 1756.641 1772.431 1788.534 1793.861 1794.589 1792.120 1794.169 1795.294 1795.322 1796.609 1801.860 1809.272 1811.952 1806.828 1790.402 1770.246 1756.878 1749.036 1745.117 1744.044 1746.438 1747.231 1735.906 1707.443 1670.308 1639.408 1620.329 1606.570 1594.611 1585.085 1565.547 1549.145 1519.867 1478.258 1446.530 1456.287 1447.839 1437.082 1413.876 1385.166 1358.759 1327.936 1299.786 1285.229 1279.805 1275.501 1269.209 1258.607
1762.026 1770.789 1785.570 1804.533 1818.672 1835.793 1857.237 1869.931 1875.299 1875.210 1873.493 1875.156 1875.330 1843.401 1846.893 1850.330 1859.043 1868.173 1871.234 1871.559 1870.261 1871.434 1871.823 1871.915 1871.566 1871.918 1874.503 1875.488 1874.262 1866.793 1872.370 1855.242 1843.384 1836.048 1828.560 1820.438 1811.388 1802.340 1786.451 1760.281 1728.496 1703.879 1694.352 1689.092 1683.416 1679.214 1665.241 1645.383 1616.043 1579.712 1550.300 1543.371 1528.095 1500.027 1476.556 1459.383 1425.687 1393.943 1372.744 1366.264 1352.303 1336.574 1322.503
1858.801 1870.830 1884.209 1877.203 1881.451 1885.848 1890.216 1891.716 1892.145 1891.947 1889.732 1889.335 1887.591 1883.216 1873.685 1875.191 1876.752 1879.250 1882.770 1881.485 1882.422 1885.320 1883.798 1878.293 1874.678 1873.118 1873.648 1880.744 1883.887 1884.684 1883.313 1882.609 1882.092 1880.343 1878.161 1875.087 1871.157 1876.392 1866.456 1843.295 1810.364 1775.887 1764.220 1761.973 1763.120 1761.320 1756.280 1739.331 1713.885 1679.620 1643.533 1630.953 1618.417 1605.485 1593.704 1578.460 1542.359 1506.664 1480.879 1465.278 1440.737 1421.207 1403.369
1893.656 1895.008 1891.827 1888.509 1883.891 1882.652 1881.414 1879.088 1879.762 1877.888 1874.057 1870.571 1864.047 1853.386 1842.233 1839.597 1844.130 1849.202 1853.609 1856.957 1860.296 1861.206 1856.444 1848.673 1841.674 1839.836 1846.267 1851.762 1857.121 1857.799 1856.435 1854.388 1854.538 1851.996 1852.434 1858.849 1872.037 1877.185 1880.181 1879.725 1871.182 1855.732 1851.786 1832.890 1837.159 1833.045 1822.324 1802.436 1779.962 1751.770 1724.251 1702.501 1695.082 1690.287 1684.317 1674.117 1640.077 1607.277 1577.307 1554.649 1529.517 1506.566 1485.487
1881.883 1883.197 1876.424 1868.387 1861.696 1855.124 1853.172 1852.182 1851.728 1852.007 1846.925 1839.157 1823.978 1812.726 1801.784 1795.929 1793.799 1798.504 1808.410 1818.251 1822.875 1815.865 1808.423 1797.818 1789.931 1790.221 1792.232 1801.124 1815.224 1820.112 1820.719 1815.390 1810.544 1804.498 1802.201 1808.663 1823.137 1838.049 1851.489 1859.425 1866.488 1872.777 1875.439 1876.788 1877.498 1876.339 1875.836 1860.679 1840.121 1816.321 1793.153 1768.110 1762.359 1760.858 1757.117 1755.081 1726.926 1693.174 1660.583 1633.347 1607.600 1584.198 1562.138
1852.076 1848.893 1842.618 1832.953 1822.570 1813.367 1807.340 1808.396 1810.759 1812.008 1805.827 1791.817 1775.053 1762.148 1748.726 1745.012 1740.204 1735.582 1745.992 1763.289 1769.611 1755.928 1746.103 1732.015 1724.943 1721.752 1723.086 1732.188 1752.046 1771.725 1772.890 1762.915 1753.053 1748.050 1745.045 1750.646 1767.677 1786.824 1801.023 1810.101 1815.200 1822.779 1831.799 1843.877 1856.783 1867.532 1874.972 1879.508 1877.215 1870.484 1859.083 1838.619 1825.475 1816.608 1811.665 1803.975 1782.838 1756.068 1730.065 1704.043 1681.950 1662.983 1637.714
1811.899 1806.417 1799.988 1785.224 1773.834 1762.532 1749.470 1746.607 1743.907 1745.960 1735.380 1726.163 1708.738 1693.965 1678.939 1668.412 1662.937 1657.190 1660.319 1675.252 1684.095 1671.747 1661.747 1649.542 1643.800 1640.499 1642.399 1652.452 1673.628 1691.753 1698.555 1690.421 1685.613 1683.204 1681.365 1686.381 1699.112 1717.434 1737.458 1752.982 1761.565 1768.373 1777.563 1791.184 1804.338 1817.520 1833.875 1853.521 1867.637 1876.512 1879.402 1878.709 1874.512 1872.031 1862.381 1851.399 1834.010 1810.898 1784.791 1759.214 1742.102 1725.230 1707.535
1769.508 1764.105 1748.275 1701.651 1684.219 1667.316 1653.022 1648.131 1641.513 1632.763 1624.543 1619.098 1614.795 1600.362 1583.649 1567.788 1563.079 1559.362 1548.910 1551.746 1554.376 1561.034 1554.071 1549.298 1547.995 1545.441 1548.050 1561.170 1571.741 1580.392 1586.110 1585.373 1592.088 1597.633 1601.849 1616.645 1628.228 1643.964 1663.729 1686.295 1698.759 1707.211 1717.023 1731.507 1746.988 1763.388 1784.607 1808.206 1823.105 1833.321 1844.434 1856.409 1869.766 1877.341 1882.992 1881.904 1877.129 1856.234 1830.920 1810.675 1793.284 1778.880 1764.769
1716.266 1708.597 1665.958 1625.609 1594.555 1578.160 1557.364 1546.981 1536.053 1508.462 1494.677 1490.893 1498.861 1491.420 1475.614 1462.766 1454.956 1448.180 1434.647 1423.870 1428.976 1442.540 1439.372 1438.840 1443.669 1442.075 1437.733 1441.010 1454.285 1461.132 1470.412 1482.233 1485.596 1495.060 1521.370 1533.354 1546.924 1565.005 1584.896 1605.845 1625.072 1637.126 1650.543 1667.951 1683.508 1702.909 1724.876 1752.234 1770.937 1784.151 1794.490 1804.907 1819.514 1838.457 1855.179 1871.208 1881.361 1881.824 1875.037 1855.548 1838.203 1823.818 1814.875
1623.107 1603.366 1557.853 1520.691 1494.437 1474.355 1452.526 1434.569 1407.029 1376.696 1357.688 1366.611 1375.670 1379.838 1367.377 1355.966 1346.733 1332.668 1317.574 1305.293 1314.531 1323.052 1333.768 1337.923 1341.471 1344.554 1343.053 1336.758 1338.937 1346.752 1355.958 1365.591 1379.555 1408.561 1431.253 1446.820 1465.491 1483.449 1504.027 1525.849 1545.892 1560.564 1577.434 1595.003 1614.480 1633.582 1656.618 1684.124 1707.367 1721.622 1734.877 1747.631 1765.690 1787.758 1808.872 1831.745 1851.718 1863.423 1875.411 1882.001 1878.748 1866.195 1853.145
1509.321 1472.878 1433.206 1404.324 1385.587 1363.704 1342.971 1317.892 1288.261 1264.961 1246.402 1255.153 1263.844 1278.004 1267.753 1258.497 1253.817 1239.577 1226.382 1211.870 1219.237 1229.626 1248.102 1252.488 1255.860 1263.087 1261.763 1258.377 1246.907 1254.288 1263.736 1276.322 1303.041 1325.452 1347.161 1366.499 1384.520 1404.606 1425.970 1447.719 1471.263 1488.695 1505.841 1525.580 1544.032 1560.038 1578.550 1602.771 1623.740 1642.324 1662.063 1676.316 1699.248 1727.484 1754.635 1785.882 1807.612 1822.264 1834.483 1846.546 1864.284 1874.390 1876.284
1351.832 1320.714 1292.199 1281.348 1266.846 1246.947 1228.129 1209.300 1186.181 1166.114 1143.248 1148.429 1162.459 1177.806 1174.478 1172.646 1170.478 1160.263 1147.101 1133.837 1137.595 1153.156 1170.100 1177.972 1184.629 1191.944 1191.652 1183.791 1174.512 1179.263 1192.716 1207.720 1226.557 1247.034 1267.057 1285.777 1306.491 1327.796 1349.340 1372.662 1397.205 1415.501 1437.024 1459.477 1476.439 1486.231 1497.256 1518.549 1534.783 1554.976 1575.795 1591.927 1618.400 1650.807 1689.504 1727.003 1761.901 1777.518 1790.306 1800.620 1816.283 1835.803 1854.268
1235.971 1208.063 1195.519 1179.689 1164.985 1149.638 1130.595 1113.547 1097.149 1076.588 1061.814 1068.423 1082.211 1093.188 1097.451 1095.158 1092.724 1086.068 1072.648 1064.287 1073.188 1088.434 1102.867 1113.210 1119.768 1125.369 1122.325 1113.567 1108.032 1115.541 1130.284 1143.923 1159.560 1179.555 1199.175 1219.288 1240.242 1260.953 1283.882 1307.463 1331.494 1355.517 1376.729 1395.940 1404.855 1414.172 1418.205 1431.314 1447.114 1464.647 1485.650 1507.744 1533.990 1572.024 1611.034 1648.711 1685.565 1714.547 1732.779 1748.217 1767.569 1787.892 1804.894
1160.578 1132.662 1109.128 1095.002 1087.688 1074.899 1057.653 1045.987 1030.543 1015.860 1018.029 1021.172 1032.101 1033.037 1034.131 1031.653 1030.995 1027.452 1018.147 1026.410 1033.694 1047.962 1058.449 1067.791 1073.733 1077.504 1077.442 1071.275 1074.957 1081.346 1095.089 1106.064 1119.925 1139.522 1155.733 1173.834 1194.563 1215.910 1238.238 1262.046 1287.851 1310.760 1328.299 1335.631 1344.532 1347.923 1339.669 1351.334 1363.827 1375.571 1395.631 1415.791 1439.136 1476.208 1519.147 1564.212 1600.845 1640.998 1664.753 1687.469 1708.971 1732.351 1753.840
1074.252 1046.694 1024.938 1018.212 1008.162 997.837 985.939 973.018 963.359 966.011 964.088 963.149 963.785 966.925 970.041 969.484 968.626 970.257 977.995 982.328 987.793 997.628 1008.683 1019.406 1023.174 1027.275 1030.665 1034.689 1037.131 1040.905 1051.553 1062.880 1075.277 1091.175 1107.919 1125.842 1147.106 1168.917 1192.262 1217.642 1243.567 1263.521 1271.897 1280.807 1283.030 1276.799 1271.119 1276.290 1287.331 1295.687 1313.270 1333.942 1348.557 1388.040 1434.752 1476.701 1511.855 1546.425 1582.328 1608.590 1632.838 1663.343 1689.783
1007.184 983.948 967.952 958.213 948.371 938.374 925.850 917.158 916.605 914.471 912.643 910.993 914.408 918.201 922.672 922.662 923.426 926.245 930.572 936.656 945.831 956.580 968.514 983.189 987.785 992.304 997.839 1000.410 1003.470 1007.424 1018.315 1029.693 1041.472 1057.880 1075.029 1093.383 1114.990 1139.859 1168.691 1194.625 1220.233 1242.403 1251.038 1254.672 1252.619 1246.031 1232.729 1230.642 1240.262 1242.107 1253.229 1271.845 1281.782 1312.470 1353.814 1382.561 1416.595 1453.445 1501.354 1528.959 1559.912 1590.025 1619.807
944.020 927.475 908.948 896.480 886.311 877.395 870.718 869.287 866.719 865.222 864.109 862.461 864.560 868.879 872.976 875.224 878.038 881.594 887.927 896.898 905.267 917.057 931.625 946.557 953.030 958.435 964.130 968.186 972.277 975.929 985.797 997.233 1007.813 1024.679 1042.802 1061.449 1086.578 1115.647 1145.154 1170.647 1195.545 1220.488 1223.805 1224.847 1224.134 1209.964 1194.728 1188.032 1189.990 1190.682 1195.684 1206.549 1217.463 1240.910 1266.095 1294.104 1329.079 1375.300 1420.265 1451.884 1481.728 1511.023 1536.608
