tests/3D/Borden05m_nopit_001/output_maps/psiliqL0011N0014.asc
ncols         160
nrows         34
xllcorner     620200.000000
yllcorner     5168000.000000
cellsize      0.500000
NODATA_value  -9999.0
[rows 0 to 28 of 34, columns 65 to 129 of 160]
-9999.000 -9999.000 -9999.000 -9999.000 -9999.000 -9999.000 -9999.000 -9999.000 -9999.000 -9999.000 -9999.000 -9999.000 -9999.000 -9999.000 -9999.000 -9999.000 -9999.000 -9999.000 -9999.000 -9999.000 -9999.000 -9999.000 -9999.000 -9999.000 -9999.000 -9999.000 -9999.000 -9999.000 -9999.000 -9999.000 -9999.000 -9999.000 -9999.000 -9999.000 -9999.000 -9999.000 -9999.000 -9999.000 -9999.000 -9999.000 -9999.000 -9999.000 -9999.000 -9999.000 -9999.000 -9999.000 -9999.000 -9999.000 -9999.000 -9999.000 -9999.000 -9999.000 -9999.000 -9999.000 -9999.000 -9999.000 -9999.000 -9999.000 -9999.000 -9999.000 -9999.000 -9999.000 -9999.000 -9999.000 -9999.000
359.008 354.823 353.699 352.671 352.081 357.162 364.950 372.409 379.443 381.697 384.000 386.154 386.550 385.192 381.868 378.504 375.038 373.494 365.256 353.808 344.901 342.117 346.564 351.062 353.597 359.605 370.464 381.398 390.055 401.989 407.803 413.114 416.420 412.626 409.378 405.917 401.240 390.382 -9999.000 -9999.000 -9999.000 -9999.000 -9999.000 -9999.000 -9999.000 -9999.000 -9999.000 -9999.000 -9999.000 -9999.000 -9999.000 -9999.000 -9999.000 -9999.000 -9999.000 -9999.000 -9999.000 -9999.000 -9999.000 -9999.000 -9999.000 -9999.000 -9999.000 -9999.000 -9999.000
346.502 340.815 338.779 338.563 338.398 342.340 352.182 359.983 364.594 366.910 369.303 369.049 368.414 367.949 364.960 361.453 357.986 356.127 356.319 348.663 343.201 339.811 338.325 340.811 343.193 346.470 356.105 364.424 372.765 387.111 399.620 405.046 402.857 398.161 394.753 388.554 378.949 368.806 358.824 351.976 346.835 341.702 348.083 354.903 365.240 375.401 387.589 399.841 -9999.000 -9999.000 -9999.000 -9999.000 -9999.000 -9999.000 -9999.000 -9999.000 -9999.000 -9999.000 -9999.000 -9999.000 -9999.000 -9999.000 -9999.000 -9999.000 -9999.000
339.269 334.324 342.173 343.119 343.988 346.989 350.006 352.578 355.162 360.309 369.084 371.572 371.920 371.892 369.927 366.700 364.806 361.958 356.673 355.569 355.832 355.633 360.661 362.143 363.742 356.999 360.552 366.897 373.893 380.792 387.806 392.327 389.456 388.804 380.897 367.572 356.757 348.570 346.705 343.877 336.484 324.408 331.767 347.622 352.549 356.310 368.303 380.719 391.034 393.264 393.046 392.813 390.308 376.603 362.054 347.379 328.874 -9999.000 -9999.000 -9999.000 -9999.000 -9999.000 -9999.000 -9999.000 -9999.000
344.310 356.513 365.472 366.783 369.309 372.515 371.377 359.091 356.381 364.537 374.669 380.252 380.196 379.906 377.882 376.701 376.116 373.700 374.468 376.820 376.963 381.665 387.222 390.033 381.959 372.914 373.719 381.557 389.766 397.301 408.323 420.105 419.358 414.181 405.815 392.856 370.079 350.995 340.820 334.437 327.856 327.969 325.748 337.108 339.204 341.317 349.973 360.483 370.828 376.827 376.475 376.088 373.834 364.522 349.955 335.361 318.829 293.539 265.286 238.692 237.551 261.369 285.139 -9999.000 -9999.000
368.656 381.771 395.818 397.883 399.899 399.138 389.524 379.077 374.866 389.469 405.115 413.023 413.461 412.983 420.125 418.224 415.892 410.553 412.566 414.410 424.733 432.079 438.839 436.954 425.182 414.140 412.601 415.170 418.115 424.408 435.022 445.327 440.892 434.311 424.947 397.118 370.578 354.545 355.744 356.743 352.670 350.162 347.331 340.644 340.704 340.447 340.292 352.571 365.155 368.811 362.836 359.354 357.282 348.851 338.023 322.900 306.186 287.476 259.466 252.720 244.497 266.552 290.368 311.344 335.801
414.618 431.564 454.598 456.923 459.684 462.464 451.227 438.871 427.283 443.854 453.417 461.803 463.783 473.905 483.518 478.518 470.037 459.934 466.037 478.349 492.974 499.214 502.620 501.995 491.610 486.277 484.486 486.152 483.426 487.569 498.489 514.086 514.552 505.739 484.291 449.167 415.805 395.767 401.760 396.083 390.562 387.469 374.288 363.939 364.534 355.624 349.954 361.828 368.247 370.213 363.890 369.479 362.058 343.730 326.677 311.381 297.100 281.944 274.918 265.738 258.066 270.738 290.921 310.858 335.592
460.629 482.656 505.512 514.061 517.805 526.463 519.656 510.305 501.660 510.400 522.182 533.508 543.305 555.370 566.525 557.932 546.734 542.319 546.833 564.876 580.612 585.414 586.922 590.301 582.699 576.044 569.076 563.278 557.359 553.413 570.680 586.804 585.913 563.951 541.631 508.318 473.046 441.936 441.054 440.407 440.492 426.645 412.476 396.259 387.175 379.105 365.413 371.100 376.920 387.329 396.905 397.495 381.191 363.909 344.730 326.204 312.010 307.099 301.901 292.318 285.910 292.315 306.373 321.081 333.034
552.625 576.007 606.636 627.705 646.565 649.921 640.786 631.486 617.999 614.327 629.392 640.692 651.070 661.588 673.391 679.447 677.470 677.035 679.706 685.209 692.718 699.052 704.628 710.601 708.815 699.461 692.606 683.734 676.551 674.293 675.942 686.032 685.319 662.907 638.093 609.230 575.350 546.600 530.014 536.126 526.084 510.121 491.741 458.114 442.231 427.470 399.228 395.799 405.567 419.291 428.623 413.549 397.319 378.984 358.640 339.174 332.558 331.270 328.305 322.416 319.807 324.831 338.126 341.194 351.958
656.656 687.077 719.950 747.919 770.660 778.371 767.930 757.916 746.105 736.382 738.841 751.974 767.710 782.843 793.578 797.273 796.068 796.279 797.863 800.604 803.097 808.485 815.375 825.386 836.751 831.946 815.758 803.413 789.523 784.456 783.192 781.375 782.107 777.401 749.982 724.512 695.294 667.869 648.511 635.299 618.528 599.437 558.030 520.897 488.910 463.493 437.095 435.304 460.004 490.109 484.037 472.664 455.840 431.502 407.307 383.072 376.601 373.905 368.621 362.234 356.567 351.726 355.316 358.345 370.275
774.639 794.814 829.350 863.943 891.658 895.279 886.139 875.662 864.929 854.791 851.320 857.904 867.827 882.667 893.843 903.773 903.439 903.819 903.915 905.745 907.339 908.852 915.195 926.202 936.712 938.153 926.166 909.870 892.952 885.663 879.803 874.654 875.254 876.745 872.140 850.106 817.493 777.628 752.516 733.181 722.399 709.389 689.334 644.446 618.954 588.062 556.378 536.671 575.425 574.303 563.930 549.138 525.395 499.620 474.561 449.180 440.588 435.493 427.904 421.750 413.403 403.228 399.610 394.475 392.384
889.371 904.702 925.574 951.724 976.456 992.950 989.431 977.668 961.335 956.829 955.726 957.288 963.126 970.051 984.405 999.227 1004.380 1005.048 1002.663 1004.568 1005.523 1005.518 1006.179 1010.176 1016.635 1019.049 1014.953 1000.320 981.459 967.340 958.997 954.893 953.034 954.380 954.252 944.272 918.575 884.271 853.047 832.509 818.407 807.267 798.872 784.417 769.779 743.220 704.110 671.020 669.976 661.238 650.282 626.936 599.296 575.001 543.939 514.530 497.390 491.088 485.480 477.931 466.759 456.200 449.702 436.445 428.920
997.589 1014.856 1027.079 1042.047 1061.474 1072.773 1078.184 1078.712 1077.911 1079.756 1079.860 1060.164 1062.557 1064.883 1070.277 1076.923 1078.990 1079.191 1078.388 1079.302 1079.542 1079.714 1079.377 1078.951 1080.552 1081.162 1080.404 1074.981 1075.554 1059.581 1048.367 1041.385 1034.206 1026.148 1017.259 1008.555 994.314 970.006 939.254 913.455 903.333 898.427 893.866 890.280 877.525 858.836 831.786 796.841 764.438 755.687 740.776 715.139 694.300 679.137 646.294 613.868 590.795 582.338 566.178 549.013 534.194 517.178 501.113 484.428 468.114
1086.545 1083.107 1085.737 1088.458 1091.162 1092.091 1092.357 1092.234 1090.090 1089.844 1088.369 1083.637 1074.476 1075.942 1077.351 1079.800 1083.236 1081.881 1082.751 1085.627 1084.201 1078.912 1075.482 1073.930 1074.278 1081.243 1084.252 1084.990 1084.416 1083.810 1083.491 1082.410 1081.060 1079.159 1076.727 1078.175 1069.097 1047.886 1017.868 986.063 972.855 969.061 970.734 968.869 964.097 947.467 922.899 890.020 855.002 840.268 828.412 817.790 807.759 794.033 759.445 724.102 697.138 679.670 654.644 634.605 616.273 594.894 576.717 557.718 534.808
1092.160 1088.719 1084.207 1083.097 1081.904 1079.622 1080.314 1078.446 1074.706 1071.440 1065.485 1055.183 1044.038 1041.771 1046.394 1051.248 1055.360 1058.270 1061.458 1062.726 1058.247 1050.740 1043.962 1042.055 1048.311 1053.709 1058.608 1059.211 1057.866 1056.001 1056.316 1054.073 1054.612 1060.775 1073.352 1079.474 1081.330 1081.050 1075.764 1066.202 1056.158 1037.712 1041.329 1037.452 1027.031 1007.771 986.097 959.228 933.057 910.268 902.902 898.590 893.106 884.516 852.596 820.558 790.250 766.634 741.732 718.801 697.595 676.048 653.855 630.167 606.484
1077.295 1069.471 1062.989 1056.753 1054.954 1053.793 1053.257 1053.445 1048.444 1041.284 1026.829 1015.704 1004.808 998.986 997.511 1002.710 1012.084 1020.999 1025.458 1019.355 1012.318 1002.195 994.384 994.613 997.013 1005.665 1018.680 1022.522 1023.063 1018.195 1014.012 1008.221 1006.244 1012.733 1026.895 1041.088 1053.684 1061.162 1067.990 1073.980 1078.361 1079.198 1079.639 1078.923 1077.089 1063.041 1043.914 1022.197 1000.034 975.468 969.020 966.981 963.244 961.336 935.170 902.619 870.764 843.449 818.138 795.540 773.726 750.548 726.059 702.248 675.178
1044.722 1035.177 1025.035 1016.016 1010.605 1011.666 1014.024 1015.102 1009.349 995.861 979.498 966.808 953.552 949.915 945.530 942.100 952.625 968.960 974.862 962.129 952.722 939.072 931.807 928.936 930.494 939.673 958.492 976.427 977.237 967.662 958.217 953.122 950.219 956.233 973.414 991.931 1005.413 1013.987 1019.027 1026.563 1035.478 1046.735 1058.939 1069.117 1077.715 1080.659 1079.240 1075.071 1062.115 1043.242 1030.656 1021.409 1016.199 1008.275 988.328 962.733 937.496 911.797 890.432 872.330 848.364 823.311 798.904 769.768 738.078
1002.937 990.472 979.463 968.764 956.400 953.911 952.007 954.417 944.173 934.440 916.610 902.032 887.211 877.772 872.380 866.993 872.020 887.531 896.537 883.057 872.928 860.100 853.873 850.595 852.271 862.179 884.012 902.076 908.254 899.821 893.646 890.305 888.392 892.935 906.476 924.997 944.142 958.368 966.491 973.329 982.571 995.938 1008.783 1021.584 1037.376 1055.768 1069.155 1077.654 1081.574 1081.137 1078.527 1074.090 1064.972 1054.657 1038.469 1016.305 990.774 965.582 948.744 932.354 916.064 890.397 861.612 832.268 799.733
953.991 910.653 894.608 878.446 864.854 860.630 854.674 848.796 840.703 834.833 827.921 813.257 796.804 781.626 776.959 773.145 765.418 771.204 774.661 777.492 770.157 763.976 761.391 758.771 761.914 775.195 786.929 796.879 802.211 799.294 804.524 809.116 810.996 824.935 836.882 852.878 872.518 893.964 905.333 913.464 923.145 937.417 952.736 968.722 989.598 1012.343 1026.732 1036.655 1047.556 1059.018 1071.761 1080.253 1084.840 1084.136 1079.155 1059.654 1036.053 1016.156 999.016 984.909 971.691 953.077 919.338 889.671 858.690
877.799 837.511 807.456 791.269 771.488 762.261 753.409 730.035 717.612 712.405 717.532 708.430 692.341 679.035 671.808 666.021 654.128 646.531 651.231 662.809 657.964 655.857 659.456 657.430 654.057 659.781 673.605 681.059 689.632 699.172 701.991 708.739 732.179 743.947 757.073 775.192 795.040 815.700 833.754 845.168 858.041 875.203 890.483 909.697 931.598 958.268 976.046 988.928 999.221 1009.650 1024.086 1042.387 1058.151 1073.315 1083.739 1083.970 1079.705 1059.584 1043.307 1028.984 1020.512 999.957 971.966 943.338 912.830
775.486 737.533 709.955 690.380 668.840 653.042 629.285 600.549 582.516 588.542 596.600 597.641 584.640 572.864 563.681 551.146 536.690 526.044 534.533 542.989 550.328 553.369 556.770 558.724 557.232 552.810 558.035 565.845 574.894 583.697 594.720 621.265 643.318 658.017 676.191 694.096 714.610 736.233 755.438 769.433 785.976 803.429 822.613 841.955 865.325 892.791 915.094 928.803 941.432 954.049 971.761 993.276 1013.786 1035.803 1055.172 1066.205 1077.899 1085.609 1083.470 1069.848 1057.431 1040.720 1018.790 988.997 961.473
658.004 625.568 604.224 582.594 561.676 537.911 509.754 485.521 467.545 475.434 483.287 494.864 483.844 473.444 467.945 454.044 440.794 427.011 434.783 444.426 460.843 464.568 467.635 473.992 472.468 469.661 460.778 468.541 477.579 489.479 514.619 537.177 558.835 577.472 595.240 615.065 636.401 657.979 680.727 697.645 714.387 733.752 752.249 769.236 788.981 813.613 834.760 852.510 871.364 885.568 908.013 935.457 961.334 991.397 1012.079 1026.548 1038.864 1051.153 1068.240 1078.989 1079.919 1075.090 1053.438 1031.906 1005.660
518.375 503.139 487.286 466.883 447.677 428.626 404.600 383.637 361.352 366.167 379.222 393.656 388.213 385.048 382.426 371.684 358.531 345.341 349.065 363.968 380.472 387.437 393.669 400.842 400.605 393.538 384.697 389.606 402.468 417.252 436.899 457.642 477.712 496.134 516.537 537.730 559.166 582.328 606.441 623.982 645.115 667.262 684.841 695.486 708.252 730.709 747.417 767.333 787.669 803.264 829.698 861.414 899.083 935.693 968.543 983.267 995.929 1006.463 1022.356 1041.615 1059.291 1073.689 1073.157 1069.662 1053.595
413.645 397.042 381.140 364.823 345.725 327.857 310.285 289.572 272.445 278.475 292.162 304.111 307.112 304.543 301.882 294.637 281.310 271.113 279.510 294.778 309.538 319.392 325.849 331.717 328.755 320.279 313.795 321.195 335.851 349.823 366.164 386.327 406.262 426.312 447.210 467.963 490.870 514.410 538.229 561.590 582.915 602.964 612.527 622.384 628.778 643.370 659.709 678.027 698.982 720.610 747.528 785.368 823.806 860.681 896.386 922.751 940.361 955.321 974.747 995.082 1011.999 1026.045 1038.685 1049.906 1054.935
323.818 308.274 299.841 286.412 268.422 255.992 240.074 222.999 223.169 226.836 238.756 240.673 241.632 238.948 238.103 233.856 223.094 229.783 237.374 252.032 262.749 271.980 278.056 281.998 281.530 274.655 277.571 284.297 298.330 309.537 323.929 343.849 360.303 378.662 399.436 420.808 443.236 467.016 492.665 515.614 533.790 542.059 551.556 556.452 550.067 562.761 575.996 588.981 609.378 629.863 654.913 692.117 734.410 778.299 814.648 852.822 875.060 897.052 918.616 941.515 962.559 979.436 991.829 993.538 999.340
235.655 227.632 217.552 206.787 194.286 181.153 169.889 170.708 168.695 168.255 169.833 172.962 175.756 174.973 174.004 174.975 181.355 185.610 191.097 201.345 212.350 222.653 226.529 230.611 233.564 236.932 239.317 243.358 254.313 265.689 278.397 294.645 311.416 329.486 350.809 372.467 395.613 420.995 446.718 466.392 475.303 484.546 487.677 482.545 477.752 484.465 495.919 505.709 524.380 545.209 562.547 603.380 649.778 692.485 727.532 762.073 795.096 820.948 844.818 874.932 900.745 927.227 943.437 949.520 954.512
174.847 165.119 155.289 145.222 132.323 122.500 120.950 118.806 116.905 115.408 118.851 122.567 126.893 126.636 127.127 129.776 134.016 139.817 148.846 159.584 171.353 185.615 190.031 194.490 199.845 202.340 205.321 209.382 220.442 231.834 243.810 260.316 277.460 295.964 317.576 342.350 370.980 396.815 422.270 443.811 452.464 456.475 454.710 448.763 436.360 435.214 445.661 448.607 461.130 480.674 492.332 526.225 569.220 599.340 633.593 669.711 715.353 742.307 773.053 803.508 833.411 862.663 878.293 886.624 896.186
114.697 102.446 92.273 82.879 75.157 73.056 70.251 68.528 67.344 65.829 68.184 72.415 76.510 78.522 81.171 84.276 90.330 99.205 107.708 119.487 133.950 148.634 154.737 160.068 165.576 169.420 173.463 177.237 187.317 198.818 209.837 226.879 244.985 263.461 288.670 317.731 347.008 372.341 397.200 421.502 424.863 426.109 425.466 412.022 396.899 391.122 393.737 394.696 401.902 413.680 425.413 451.812 479.229 508.397 543.801 589.576 634.568 665.342 695.660 725.632 752.371 773.795 792.513 806.871 821.641
61.811 47.477 38.554 34.791 33.107 29.826 30.548 31.742 30.487 27.022 26.578 31.400 35.211 37.784 41.044 51.232 61.019 68.557 75.624 88.057 102.355 117.704 127.412 133.434 142.482 149.702 153.783 156.433 165.351 175.605 180.670 196.523 214.843 242.267 272.699 302.482 333.261 359.586 384.576 407.057 407.310 407.412 406.776 391.076 375.610 358.146 361.365 362.743 350.758 363.298 375.108 391.970 418.823 443.490 480.683 524.904 559.063 589.254 619.239 647.365 668.816 688.610 704.360 722.261 736.970
