tests/3D/Borden05m_nopit_001/output_maps/psiliqL0025N0024.asc
ncols         160
nrows         34
xllcorner     620200.000000
yllcorner     5168000.000000
cellsize      0.500000
NODATA_value  -9999.0
[rows 0 to 27 of 34, columns 62 to 123 of 160]
-9999.000 -9999.000 -9999.000 -9999.000 -9999.000 -9999.000 -9999.000 -9999.000 -9999.000 -9999.000 -9999.000 -9999.000 -9999.000 -9999.000 -9999.000 -9999.000 -9999.000 -9999.000 -9999.000 -9999.000 -9999.000 -9999.000 -9999.000 -9999.000 -9999.000 -9999.000 -9999.000 -9999.000 -9999.000 -9999.000 -9999.000 -9999.000 -9999.000 -9999.000 -9999.000 -9999.000 -9999.000 -9999.000 -9999.000 -9999.000 -9999.000 -9999.000 -9999.000 -9999.000 -9999.000 -9999.000 -9999.000 -9999.000 -9999.000 -9999.000 -9999.000 -9999.000 -9999.000 -9999.000 -9999.000 -9999.000 -9999.000 -9999.000 -9999.000 -9999.000 -9999.000 -9999.000
3183.739 3175.153 3165.807 3157.861 3153.644 3152.446 3151.552 3150.877 3155.701 3163.679 3171.222 3178.049 3180.395 3182.683 3184.503 3184.695 3183.492 3180.202 3176.808 3173.373 3171.647 3164.209 3153.043 3144.681 3141.974 3146.155 3150.497 3152.955 3158.179 3168.585 3179.199 3187.783 3200.307 3207.247 3212.598 3215.245 3211.288 3208.040 3204.121 3198.089 3187.015 -9999.000 -9999.000 -9999.000 -9999.000 -9999.000 -9999.000 -9999.000 -9999.000 -9999.000 -9999.000 -9999.000 -9999.000 -9999.000 -9999.000 -9999.000 -9999.000 -9999.000 -9999.000 -9999.000 -9999.000 -9999.000
3163.875 3159.522 3150.953 3145.752 3140.199 3137.527 3137.447 3137.251 3140.854 3151.475 3159.190 3163.677 3166.218 3168.963 3167.407 3166.569 3166.263 3163.297 3159.754 3156.315 3154.415 3155.753 3148.126 3142.139 3138.254 3135.376 3138.088 3140.753 3145.249 3154.440 3162.367 3170.366 3185.495 3198.646 3204.342 3201.848 3197.287 3193.534 3186.234 3175.580 3165.596 3157.364 3151.242 3145.937 3139.646 3146.107 3153.950 3163.366 3172.225 3184.311 3196.581 -9999.000 -9999.000 -9999.000 -9999.000 -9999.000 -9999.000 -9999.000 -9999.000 -9999.000 -9999.000 -9999.000
3143.776 3147.115 3143.766 3138.857 3131.165 3140.951 3141.847 3142.454 3145.522 3147.370 3152.228 3154.561 3159.790 3168.660 3171.359 3171.701 3171.657 3169.594 3166.265 3164.235 3161.367 3156.029 3154.225 3153.868 3152.615 3156.735 3158.240 3161.062 3155.498 3159.872 3166.141 3173.124 3178.750 3184.972 3187.661 3184.441 3185.005 3176.756 3163.200 3153.359 3145.924 3146.087 3143.211 3135.390 3121.848 3130.163 3146.320 3151.165 3153.861 3165.030 3177.359 3187.921 3191.121 3190.841 3190.514 3187.608 3173.777 3159.069 3143.960 3125.284 -9999.000 -9999.000
3151.757 3149.787 3146.144 3141.788 3152.189 3160.394 3161.640 3163.944 3167.721 3168.333 3157.283 3155.111 3162.332 3171.908 3176.979 3177.041 3176.579 3172.909 3171.658 3171.344 3169.431 3168.924 3170.460 3168.131 3171.135 3176.575 3179.842 3174.448 3166.015 3168.188 3176.622 3185.709 3193.318 3203.566 3214.442 3214.711 3210.227 3201.820 3189.439 3167.072 3149.565 3138.746 3130.946 3123.814 3126.703 3122.248 3135.990 3137.872 3140.429 3147.881 3158.267 3168.949 3175.182 3174.525 3173.778 3171.294 3161.709 3146.940 3132.080 3114.519 3087.962 3059.087
3151.180 3150.126 3150.585 3159.364 3171.067 3182.286 3184.125 3185.811 3184.442 3176.695 3166.296 3163.440 3176.673 3193.213 3200.966 3200.431 3196.251 3199.521 3199.448 3199.717 3196.188 3196.936 3194.739 3200.415 3208.030 3215.889 3214.487 3202.149 3189.916 3189.777 3195.078 3201.799 3209.324 3219.535 3228.772 3224.065 3218.919 3211.543 3185.930 3163.196 3148.936 3149.456 3150.358 3146.075 3144.142 3143.237 3139.085 3139.389 3138.674 3138.494 3150.796 3164.061 3167.646 3160.994 3156.986 3154.731 3146.825 3135.339 3119.537 3102.474 3082.790 3054.690
3181.426 3181.826 3187.606 3197.920 3210.744 3232.345 3231.836 3232.296 3231.133 3218.267 3205.057 3194.936 3216.571 3227.433 3234.582 3232.213 3237.557 3246.185 3242.476 3236.016 3224.055 3229.647 3236.449 3251.512 3259.304 3264.444 3260.123 3246.474 3239.819 3241.149 3247.325 3248.290 3256.681 3265.616 3280.621 3279.479 3275.912 3256.057 3219.326 3189.914 3176.980 3188.141 3182.612 3176.390 3176.209 3165.146 3157.868 3160.397 3152.379 3147.749 3160.391 3167.348 3168.791 3161.062 3166.194 3159.410 3138.770 3122.165 3107.603 3093.284 3076.201 3070.158
3191.923 3196.152 3206.085 3223.452 3241.530 3261.493 3260.710 3254.729 3264.223 3257.205 3246.432 3238.809 3259.332 3269.481 3279.719 3285.655 3298.204 3308.637 3292.627 3275.942 3265.915 3272.743 3297.791 3319.720 3324.502 3323.724 3323.416 3308.636 3303.692 3300.065 3300.021 3297.201 3295.223 3320.041 3341.253 3341.045 3319.571 3296.966 3257.911 3220.451 3195.796 3207.954 3204.893 3208.081 3197.846 3186.081 3178.431 3175.592 3169.057 3159.350 3168.332 3173.056 3181.248 3188.552 3192.909 3176.418 3158.906 3139.775 3122.053 3108.015 3101.672 3095.457
3251.205 3264.464 3272.245 3290.238 3307.658 3333.697 3346.322 3357.989 3361.850 3354.624 3346.010 3333.886 3338.524 3361.805 3373.388 3381.822 3390.331 3402.894 3403.622 3397.020 3395.260 3399.503 3412.443 3426.432 3433.142 3436.360 3439.192 3426.731 3414.071 3411.749 3406.080 3404.468 3403.612 3414.452 3434.338 3431.332 3395.797 3369.159 3334.600 3296.600 3267.389 3260.647 3278.903 3276.323 3260.236 3249.339 3222.985 3217.248 3207.616 3184.306 3184.290 3188.177 3198.231 3213.017 3200.410 3184.173 3167.004 3147.520 3130.650 3123.568 3121.964 3118.944
3368.498 3376.627 3379.734 3386.108 3418.318 3451.995 3477.141 3499.862 3507.038 3494.827 3485.018 3471.592 3462.722 3473.214 3490.209 3507.744 3522.670 3533.953 3536.128 3534.566 3534.630 3537.643 3540.623 3544.823 3553.112 3560.713 3569.455 3577.684 3567.589 3550.651 3541.202 3531.898 3530.861 3532.108 3535.637 3536.713 3520.725 3479.608 3448.383 3416.470 3396.438 3382.893 3381.924 3363.875 3339.925 3289.230 3252.013 3220.774 3201.810 3179.730 3187.530 3206.186 3248.798 3252.373 3240.585 3225.642 3202.465 3179.841 3159.610 3156.053 3154.665 3150.524
3494.633 3498.391 3500.831 3503.732 3530.162 3571.410 3610.576 3641.663 3641.710 3628.176 3616.864 3607.653 3593.471 3589.547 3601.890 3617.053 3637.102 3647.583 3653.870 3650.708 3650.936 3652.660 3654.982 3657.102 3660.647 3670.162 3685.080 3699.425 3698.667 3680.010 3662.107 3646.031 3643.328 3640.721 3635.786 3638.065 3639.941 3624.599 3593.721 3554.203 3513.808 3496.654 3481.309 3470.431 3453.708 3414.252 3348.788 3310.168 3272.840 3245.615 3246.085 3313.092 3331.685 3321.141 3310.440 3289.018 3261.266 3238.419 3216.797 3214.696 3211.110 3203.928
3613.294 3620.267 3623.115 3628.935 3645.453 3677.207 3712.382 3741.941 3757.410 3749.758 3732.000 3709.975 3700.331 3697.474 3701.024 3710.431 3723.119 3742.500 3761.805 3767.568 3768.445 3765.768 3768.180 3769.728 3769.840 3772.697 3781.082 3790.878 3794.226 3786.539 3765.632 3742.243 3730.754 3724.171 3720.722 3721.620 3726.642 3729.746 3715.068 3679.703 3635.502 3605.429 3590.016 3577.134 3563.149 3550.820 3518.603 3497.825 3461.784 3413.967 3385.692 3422.498 3414.832 3404.631 3381.845 3350.531 3318.929 3288.792 3263.886 3255.897 3252.781 3251.858
3728.329 3733.069 3740.454 3755.523 3778.726 3797.655 3820.157 3846.643 3862.828 3868.089 3866.458 3862.448 3863.656 3864.007 3801.498 3807.734 3813.949 3830.960 3846.300 3851.849 3852.482 3849.948 3851.774 3852.533 3852.427 3852.052 3854.349 3859.397 3861.322 3858.929 3846.348 3864.438 3844.429 3830.968 3822.752 3814.499 3806.228 3796.783 3786.886 3766.889 3736.079 3701.727 3680.087 3672.071 3665.949 3657.512 3651.804 3634.820 3612.083 3577.063 3537.322 3515.444 3513.133 3497.017 3462.948 3432.982 3410.877 3375.155 3345.229 3328.839 3327.430 3319.109
3843.189 3847.850 3861.763 3878.369 3862.444 3870.738 3879.322 3887.850 3890.778 3891.617 3891.229 3888.838 3888.064 3885.650 3882.164 3871.709 3873.316 3875.260 3877.879 3881.609 3880.500 3881.607 3884.559 3882.798 3876.756 3872.680 3871.101 3872.090 3879.517 3882.997 3883.946 3880.586 3879.643 3878.636 3875.226 3870.970 3864.975 3857.308 3872.020 3859.955 3831.936 3791.739 3750.603 3742.811 3744.463 3744.324 3742.719 3737.051 3719.352 3691.763 3654.092 3615.405 3608.281 3594.128 3575.514 3559.454 3540.524 3500.763 3464.324 3441.630 3430.858 3407.695
3888.086 3890.890 3894.007 3890.995 3887.984 3883.101 3881.540 3880.189 3877.752 3878.383 3876.496 3872.435 3868.401 3860.454 3848.897 3837.721 3834.167 3838.474 3844.090 3849.238 3853.678 3857.398 3857.413 3851.946 3843.517 3835.968 3834.303 3841.176 3846.915 3853.427 3854.294 3852.892 3850.392 3850.136 3846.854 3847.047 3854.102 3868.828 3871.554 3877.413 3876.535 3859.870 3829.722 3841.047 3821.054 3826.987 3822.320 3810.890 3789.480 3765.066 3733.637 3702.822 3683.756 3676.297 3670.397 3663.325 3649.231 3610.034 3575.495 3546.545 3526.473 3500.975
3873.168 3880.220 3881.290 3874.246 3865.680 3858.463 3851.051 3848.717 3848.156 3847.908 3848.414 3843.130 3833.840 3816.852 3805.285 3794.226 3788.290 3784.523 3787.994 3799.229 3811.386 3816.423 3807.149 3798.696 3786.885 3778.812 3779.255 3780.296 3789.791 3806.608 3814.114 3814.893 3808.415 3801.920 3795.243 3792.154 3798.556 3813.824 3830.547 3846.111 3855.210 3862.882 3869.941 3868.332 3870.993 3872.412 3870.184 3873.055 3855.177 3831.106 3802.170 3776.571 3750.427 3746.523 3746.479 3742.855 3740.645 3707.689 3671.129 3636.914 3610.112 3583.529
3845.819 3847.785 3843.716 3837.359 3827.394 3816.408 3806.746 3799.177 3800.220 3802.595 3804.273 3797.024 3781.709 3763.942 3750.498 3736.666 3732.757 3726.894 3719.288 3729.413 3749.118 3756.488 3740.433 3729.564 3714.384 3707.797 3703.805 3704.582 3713.498 3735.954 3759.996 3762.053 3751.086 3740.188 3735.424 3732.171 3736.751 3753.419 3774.153 3790.162 3800.520 3805.786 3813.499 3822.809 3836.973 3851.672 3863.891 3868.485 3877.054 3872.645 3859.580 3852.154 3827.808 3813.379 3805.584 3801.444 3794.501 3770.576 3741.090 3713.423 3686.873 3663.267
3809.497 3805.621 3799.576 3792.614 3772.104 3759.761 3746.952 3732.146 3728.346 3723.656 3724.816 3713.400 3705.470 3689.061 3673.798 3658.262 3645.015 3639.335 3632.685 3631.070 3644.560 3652.997 3643.479 3633.802 3623.154 3618.632 3615.272 3617.735 3628.154 3647.689 3665.973 3674.342 3666.957 3665.574 3665.503 3663.860 3670.068 3680.789 3698.626 3720.865 3739.654 3749.409 3756.168 3765.261 3779.551 3793.517 3807.700 3825.514 3848.352 3864.359 3874.251 3874.655 3873.424 3865.372 3867.912 3857.077 3844.597 3824.405 3799.157 3771.882 3745.654 3728.210
3767.943 3762.011 3756.482 3733.984 3679.148 3658.246 3639.494 3623.443 3616.883 3608.611 3592.680 3584.147 3579.763 3581.980 3568.125 3550.762 3533.196 3528.384 3524.907 3507.644 3503.104 3503.668 3519.895 3513.863 3512.611 3514.516 3512.130 3513.405 3526.125 3533.795 3539.201 3545.889 3550.604 3561.042 3568.975 3579.038 3595.989 3606.677 3621.780 3641.874 3667.258 3682.485 3691.769 3701.940 3716.992 3732.922 3750.406 3772.537 3798.336 3814.581 3825.615 3837.350 3850.714 3865.728 3871.145 3879.608 3877.737 3873.683 3849.546 3820.233 3799.445 3781.807
3702.956 3700.967 3690.899 3636.357 3595.856 3562.302 3545.389 3522.052 3508.783 3492.666 3454.530 3437.340 3437.115 3452.185 3448.896 3433.798 3422.094 3412.828 3403.579 3385.950 3367.222 3373.343 3391.874 3392.898 3396.308 3404.213 3403.700 3396.938 3394.097 3406.008 3411.338 3422.391 3439.919 3444.649 3460.911 3494.405 3506.941 3521.630 3539.634 3559.649 3581.344 3603.524 3617.210 3632.019 3650.083 3666.377 3686.301 3708.492 3737.639 3758.732 3772.870 3783.424 3793.930 3809.091 3829.782 3849.061 3867.439 3877.123 3878.417 3865.616 3848.044 3828.422
3600.341 3594.447 3565.696 3513.769 3478.587 3455.644 3434.293 3411.741 3388.388 3351.389 3317.064 3295.620 3311.783 3323.346 3335.332 3324.221 3313.723 3304.364 3286.476 3269.787 3253.419 3264.533 3273.215 3292.375 3299.317 3303.235 3309.139 3307.618 3296.643 3291.212 3299.043 3308.646 3320.359 3341.681 3376.847 3401.145 3418.895 3438.820 3456.925 3477.681 3500.020 3522.184 3538.580 3556.298 3574.197 3594.458 3613.012 3635.278 3662.958 3688.636 3704.357 3719.291 3732.513 3751.585 3775.189 3797.988 3823.194 3844.903 3858.545 3871.569 3875.708 3870.078
3480.787 3459.294 3412.276 3371.211 3351.213 3338.994 3316.480 3296.210 3267.846 3234.529 3213.562 3193.547 3204.450 3215.238 3235.856 3227.528 3221.132 3218.500 3203.412 3190.355 3174.021 3180.377 3192.631 3216.256 3222.295 3226.432 3235.837 3235.014 3230.185 3212.248 3218.678 3229.153 3243.461 3274.133 3296.186 3318.029 3339.131 3357.796 3378.550 3400.002 3422.197 3447.757 3466.500 3484.690 3505.403 3523.793 3537.404 3552.897 3576.170 3596.783 3617.559 3639.633 3654.148 3678.456 3708.849 3739.375 3773.794 3798.390 3813.779 3826.073 3837.941 3857.728
3331.838 3280.157 3246.031 3226.759 3226.870 3215.748 3197.106 3179.262 3160.986 3140.134 3122.309 3097.989 3104.085 3120.553 3138.182 3140.142 3141.641 3140.609 3131.713 3118.530 3105.081 3108.922 3126.133 3144.176 3154.315 3162.036 3169.709 3169.282 3159.440 3149.066 3153.428 3168.360 3183.923 3200.738 3220.557 3240.472 3259.946 3281.450 3303.050 3324.882 3348.623 3374.266 3394.474 3417.008 3440.266 3455.732 3463.443 3470.181 3488.645 3503.788 3524.782 3546.936 3564.558 3591.305 3625.633 3667.115 3707.075 3747.369 3765.526 3778.986 3789.150 3804.695
3214.822 3182.887 3155.561 3150.204 3136.307 3124.600 3111.673 3092.772 3077.772 3064.309 3044.128 3035.236 3043.292 3057.335 3065.880 3073.299 3071.699 3069.832 3064.646 3050.999 3047.226 3057.384 3072.579 3086.197 3097.762 3104.574 3109.511 3106.261 3096.802 3093.644 3101.426 3116.394 3129.203 3143.085 3162.669 3181.510 3201.790 3222.894 3243.515 3266.515 3290.220 3314.803 3340.508 3361.470 3378.623 3385.967 3393.985 3392.181 3401.658 3416.205 3431.881 3453.136 3476.550 3501.294 3540.021 3580.699 3620.650 3660.684 3696.560 3716.750 3733.834 3753.512
3152.309 3123.976 3096.644 3072.401 3061.823 3057.305 3046.118 3030.733 3020.974 3006.717 2998.011 3005.180 3007.011 3015.463 3013.948 3015.379 3013.416 3013.227 3011.444 3005.781 3017.981 3024.496 3037.792 3047.703 3057.324 3062.934 3066.277 3067.232 3062.840 3068.438 3073.988 3087.010 3097.411 3109.949 3128.744 3144.360 3161.826 3182.451 3203.752 3225.845 3249.744 3275.962 3298.794 3314.774 3319.799 3327.254 3326.938 3314.073 3323.241 3333.970 3342.717 3362.063 3381.563 3400.828 3437.780 3482.583 3530.877 3568.558 3614.048 3642.048 3667.090 3689.020
3071.916 3043.730 3017.097 2998.145 2994.662 2984.687 2975.462 2965.071 2952.683 2947.035 2954.270 2952.571 2950.386 2948.666 2951.835 2955.756 2955.763 2955.184 2958.462 2969.599 2974.124 2979.539 2988.339 2999.523 3011.297 3014.795 3018.945 3023.429 3029.095 3031.683 3034.794 3044.677 3055.889 3067.513 3082.543 3099.224 3116.791 3137.919 3160.124 3183.985 3209.380 3235.830 3256.512 3263.581 3271.695 3271.691 3262.767 3254.934 3256.322 3266.418 3271.296 3286.281 3306.710 3314.697 3351.012 3398.757 3439.110 3474.878 3509.934 3553.524 3581.380 3607.228
3011.628 2983.797 2964.042 2950.716 2940.949 2931.076 2921.254 2909.670 2903.804 2905.742 2903.634 2901.988 2899.958 2903.300 2907.287 2912.122 2912.731 2914.173 2917.421 2921.963 2928.756 2938.298 2949.074 2961.420 2977.129 2982.179 2986.849 2992.836 2995.598 2998.858 3002.550 3013.022 3024.370 3035.664 3051.833 3069.000 3086.989 3108.597 3133.714 3163.067 3189.268 3215.281 3239.048 3247.670 3250.396 3247.670 3239.532 3224.043 3219.674 3227.316 3226.512 3234.254 3250.697 3256.505 3279.385 3316.845 3342.450 3376.282 3415.377 3469.452 3499.277 3531.449
2945.069 2926.630 2912.537 2894.574 2881.566 2871.407 2863.686 2859.620 2859.865 2857.888 2856.956 2856.022 2854.042 2855.503 2860.038 2864.144 2866.979 2870.207 2874.893 2881.923 2891.134 2899.168 2910.987 2925.818 2941.372 2948.770 2954.362 2960.528 2965.113 2969.329 2972.678 2982.020 2993.300 3002.784 3019.220 3037.394 3056.479 3081.419 3110.517 3140.617 3166.527 3191.543 3218.116 3221.353 3221.923 3221.078 3205.144 3189.685 3180.763 3181.163 3181.295 3180.910 3189.638 3198.673 3214.942 3234.785 3260.180 3294.419 3342.157 3387.548 3421.867 3451.239
