tests/3D/Borden05m_nopit_001/output_maps/psiliqL0018N0031.asc
ncols         160
nrows         34
xllcorner     620200.000000
yllcorner     5168000.000000
cellsize      0.500000
NODATA_value  -9999.0
[rows 0 to 27 of 34, columns 62 to 123 of 160]
-9999.000 -9999.000 -9999.000 -9999.000 -9999.000 -9999.000 -9999.000 -9999.000 -9999.000 -9999.000 -9999.000 -9999.000 -9999.000 -9999.000 -9999.000 -9999.000 -9999.000 -9999.000 -9999.000 -9999.000 -9999.000 -9999.000 -9999.000 -9999.000 -9999.000 -9999.000 -9999.000 -9999.000 -9999.000 -9999.000 -9999.000 -9999.000 -9999.000 -9999.000 -9999.000 -9999.000 -9999.000 -9999.000 -9999.000 -9999.000 -9999.000 -9999.000 -9999.000 -9999.000 -9999.000 -9999.000 -9999.000 -9999.000 -9999.000 -9999.000 -9999.000 -9999.000 -9999.000 -9999.000 -9999.000 -9999.000 -9999.000 -9999.000 -9999.000 -9999.000 -9999.000 -9999.000
1785.030 1776.149 1766.764 1758.434 1754.233 1753.072 1752.111 1751.479 1756.431 1764.314 1771.815 1778.745 1781.045 1783.340 1785.327 1785.621 1784.340 1781.032 1777.653 1774.203 1772.567 1764.729 1753.421 1744.786 1742.039 1746.353 1750.771 1753.267 1758.881 1769.513 1780.285 1788.904 1801.131 1807.506 1812.834 1815.807 1811.929 1808.677 1804.984 1799.626 1788.656 -9999.000 -9999.000 -9999.000 -9999.000 -9999.000 -9999.000 -9999.000 -9999.000 -9999.000 -9999.000 -9999.000 -9999.000 -9999.000 -9999.000 -9999.000 -9999.000 -9999.000 -9999.000 -9999.000 -9999.000 -9999.000
1765.061 1760.280 1751.515 1746.127 1740.506 1738.153 1738.005 1737.824 1741.597 1751.828 1759.586 1764.135 1766.563 1769.131 1768.226 1767.490 1767.104 1764.126 1760.601 1757.147 1755.267 1756.032 1748.390 1742.665 1739.026 1736.844 1739.442 1741.964 1745.849 1755.260 1763.382 1771.550 1786.285 1799.113 1804.672 1802.327 1797.695 1794.111 1787.357 1777.224 1767.155 1758.039 1751.546 1746.315 1740.594 1747.005 1754.327 1764.193 1773.691 1785.817 1798.069 -9999.000 -9999.000 -9999.000 -9999.000 -9999.000 -9999.000 -9999.000 -9999.000 -9999.000 -9999.000 -9999.000
1744.924 1747.642 1744.010 1739.063 1732.744 1741.561 1742.483 1743.221 1746.255 1748.688 1752.402 1754.861 1760.049 1768.871 1771.464 1771.809 1771.773 1769.758 1766.480 1764.517 1761.659 1756.347 1754.892 1754.844 1754.118 1758.691 1760.183 1762.393 1756.238 1760.200 1766.505 1773.492 1779.753 1786.369 1789.971 1786.922 1786.875 1778.793 1765.348 1755.015 1747.198 1746.340 1743.480 1735.865 1723.046 1730.873 1746.869 1751.744 1754.960 1766.527 1778.884 1789.300 1791.991 1791.719 1791.415 1788.684 1774.889 1760.233 1745.315 1726.703 -9999.000 -9999.000
1751.816 1749.839 1746.310 1743.049 1754.350 1762.933 1764.211 1766.626 1770.117 1769.854 1758.187 1755.745 1763.434 1773.287 1778.614 1778.617 1778.240 1775.393 1774.177 1773.727 1771.562 1771.692 1773.635 1772.541 1776.394 1781.891 1784.929 1778.193 1769.453 1770.941 1779.075 1787.721 1795.291 1805.923 1817.249 1817.007 1812.173 1803.782 1791.108 1768.531 1750.229 1739.724 1732.625 1725.760 1727.251 1723.903 1736.444 1738.420 1740.742 1748.781 1759.212 1769.705 1775.799 1775.271 1774.679 1772.284 1762.808 1748.109 1733.350 1716.266 1690.287 1661.672
1752.624 1751.958 1753.530 1764.010 1776.418 1789.051 1791.004 1792.854 1791.789 1783.109 1772.685 1769.152 1783.070 1799.163 1806.993 1806.944 1804.615 1809.821 1808.833 1807.801 1803.366 1804.747 1804.570 1812.568 1820.048 1827.356 1825.712 1813.655 1802.016 1801.176 1805.109 1809.940 1816.846 1827.256 1837.024 1832.450 1826.582 1818.208 1791.482 1766.839 1751.687 1752.539 1753.481 1749.294 1747.064 1745.185 1739.754 1739.922 1739.422 1739.239 1751.511 1764.415 1768.013 1761.676 1757.905 1755.714 1747.516 1736.326 1720.827 1703.898 1684.653 1656.549
1786.877 1788.373 1794.979 1806.269 1821.153 1843.471 1844.379 1845.989 1846.798 1834.747 1821.963 1811.108 1830.211 1840.424 1848.191 1847.996 1855.729 1864.849 1860.494 1853.023 1841.990 1847.837 1857.394 1872.237 1879.252 1883.524 1881.049 1869.031 1863.036 1862.804 1866.722 1865.840 1872.104 1882.029 1897.327 1896.985 1890.791 1870.134 1834.202 1802.809 1786.316 1794.885 1789.274 1783.393 1781.746 1769.612 1760.786 1762.333 1753.854 1748.687 1760.926 1767.593 1769.274 1762.223 1767.556 1760.424 1740.908 1724.043 1709.076 1694.733 1678.567 1671.984
1809.576 1815.160 1824.498 1842.041 1862.093 1883.502 1887.385 1886.267 1895.343 1888.430 1878.368 1870.234 1884.865 1895.830 1906.612 1914.478 1926.785 1937.578 1925.276 1911.334 1904.113 1909.783 1931.328 1950.159 1954.951 1955.314 1956.849 1945.656 1939.855 1934.555 1931.633 1927.261 1924.296 1945.335 1964.000 1963.447 1941.724 1919.256 1883.067 1846.694 1818.805 1824.434 1822.572 1824.198 1812.145 1799.166 1787.219 1781.242 1773.922 1762.204 1769.518 1774.768 1784.043 1792.456 1794.900 1778.471 1761.040 1741.846 1723.681 1709.521 1703.846 1698.089
1887.286 1899.367 1905.939 1921.431 1941.832 1970.166 1987.013 2002.276 2005.885 1997.704 1988.747 1975.941 1976.424 1995.597 2007.038 2016.444 2025.957 2038.139 2041.531 2037.241 2036.143 2039.599 2048.820 2059.568 2066.089 2070.485 2074.886 2067.761 2056.752 2052.162 2044.889 2040.489 2038.929 2045.170 2060.154 2058.290 2029.312 2003.581 1971.863 1935.916 1906.928 1895.255 1907.429 1901.108 1885.070 1870.418 1840.413 1829.586 1817.371 1791.574 1789.829 1796.632 1808.494 1820.524 1806.651 1790.383 1772.593 1752.638 1734.426 1727.530 1726.033 1722.988
2004.769 2011.570 2014.982 2021.382 2052.697 2085.972 2112.530 2135.261 2142.704 2131.378 2121.466 2108.848 2099.550 2106.026 2121.090 2137.725 2152.754 2163.763 2166.697 2165.313 2165.450 2167.748 2170.608 2173.953 2180.790 2188.034 2197.409 2207.205 2199.752 2183.188 2172.288 2160.688 2157.633 2157.621 2158.473 2159.372 2149.020 2114.746 2086.392 2055.818 2032.081 2015.621 2008.519 1991.097 1969.563 1923.497 1886.306 1854.674 1832.463 1808.202 1811.181 1832.832 1869.161 1867.880 1856.264 1840.342 1816.543 1793.088 1770.806 1765.741 1763.644 1758.875
2126.842 2131.120 2134.495 2139.185 2162.488 2200.379 2237.259 2266.660 2268.494 2257.157 2246.262 2236.290 2224.129 2220.432 2229.895 2242.438 2259.882 2270.710 2278.818 2277.070 2277.373 2278.282 2280.357 2282.213 2284.740 2292.668 2305.629 2318.055 2318.394 2303.070 2285.968 2269.468 2264.468 2260.231 2255.185 2256.619 2258.297 2248.317 2221.853 2185.780 2145.641 2124.497 2107.145 2096.302 2081.420 2051.648 1996.454 1964.377 1930.245 1900.765 1891.119 1943.969 1952.672 1942.177 1929.391 1906.766 1879.955 1855.951 1832.396 1826.991 1822.590 1815.140
2240.476 2247.090 2251.386 2259.153 2275.077 2301.390 2332.052 2359.198 2375.179 2369.594 2354.833 2335.653 2328.579 2326.598 2329.154 2336.776 2346.582 2363.449 2380.512 2385.970 2386.741 2384.209 2386.367 2387.617 2387.670 2389.427 2395.617 2403.742 2406.621 2400.727 2382.954 2361.826 2349.019 2341.551 2337.770 2337.284 2340.462 2341.943 2329.606 2299.065 2259.803 2229.143 2211.154 2197.648 2185.069 2174.688 2151.332 2133.601 2102.276 2058.784 2028.070 2045.918 2037.678 2027.060 2003.949 1974.424 1946.423 1915.766 1888.548 1875.918 1871.139 1867.801
2348.967 2353.338 2361.688 2376.556 2396.790 2412.366 2431.101 2454.058 2467.799 2473.136 2472.584 2470.178 2471.705 2471.932 2430.829 2435.143 2439.413 2450.615 2461.607 2465.415 2465.831 2464.162 2465.530 2466.029 2466.061 2465.703 2466.637 2469.959 2471.225 2469.646 2460.642 2469.970 2451.975 2439.633 2432.029 2424.307 2416.136 2406.962 2397.652 2380.523 2352.953 2320.389 2296.655 2287.570 2282.038 2275.519 2270.849 2255.955 2235.213 2204.146 2166.768 2139.589 2134.017 2118.457 2088.553 2063.097 2044.403 2010.055 1978.809 1959.003 1953.991 1941.666
2451.067 2455.516 2468.109 2482.457 2472.775 2478.237 2483.889 2489.505 2491.434 2491.986 2491.731 2489.462 2488.953 2487.007 2482.898 2473.090 2474.626 2476.302 2478.835 2482.418 2481.185 2482.173 2485.086 2483.491 2477.824 2474.070 2472.502 2473.169 2480.362 2483.604 2484.444 2482.474 2481.695 2481.027 2478.776 2475.968 2472.012 2466.955 2475.026 2464.444 2439.817 2404.696 2368.210 2357.693 2356.602 2357.347 2355.588 2350.340 2333.144 2307.030 2271.716 2234.820 2223.843 2210.786 2196.111 2183.003 2166.607 2129.358 2093.386 2068.472 2054.258 2030.067
2490.358 2492.826 2494.708 2491.577 2488.351 2483.654 2482.318 2481.046 2478.686 2479.347 2477.470 2473.569 2469.919 2462.968 2452.038 2440.877 2437.966 2442.431 2447.665 2452.294 2455.969 2459.422 2460.062 2455.088 2447.119 2439.953 2438.166 2444.728 2450.294 2455.997 2456.729 2455.351 2453.165 2453.189 2450.421 2450.781 2457.382 2471.025 2475.440 2479.286 2478.694 2467.704 2447.833 2448.454 2429.214 2433.965 2429.667 2418.711 2398.343 2375.260 2346.067 2317.526 2296.545 2289.075 2283.904 2277.556 2266.136 2230.492 2197.109 2167.379 2145.426 2120.110
2474.480 2481.384 2482.625 2475.770 2467.575 2460.726 2453.902 2451.835 2450.974 2450.581 2450.929 2445.785 2437.561 2421.838 2410.492 2399.514 2393.635 2391.013 2395.348 2405.652 2416.187 2420.934 2413.244 2405.498 2394.530 2386.587 2386.921 2388.639 2397.710 2412.623 2418.294 2418.950 2413.272 2407.928 2401.688 2399.149 2405.587 2420.293 2435.741 2449.809 2458.084 2465.319 2471.826 2473.192 2474.919 2475.824 2474.323 2474.809 2458.810 2437.169 2411.796 2387.863 2362.450 2357.209 2356.097 2352.339 2350.192 2320.534 2285.869 2252.716 2225.529 2199.445
2448.165 2450.788 2447.340 2441.040 2431.285 2420.721 2411.380 2404.890 2405.942 2408.309 2409.686 2403.185 2388.783 2371.718 2358.651 2345.106 2341.333 2336.209 2330.690 2341.014 2359.034 2365.669 2351.274 2341.134 2326.718 2319.790 2316.357 2317.523 2326.567 2347.202 2368.187 2369.617 2359.341 2349.165 2344.229 2341.144 2346.433 2363.348 2382.963 2397.696 2407.148 2412.285 2419.891 2428.983 2441.670 2455.095 2466.263 2472.824 2478.543 2475.584 2466.918 2456.670 2434.999 2421.421 2412.824 2408.063 2400.534 2378.490 2350.828 2324.241 2297.969 2275.323
2412.902 2410.015 2404.365 2397.775 2381.288 2369.611 2357.857 2344.272 2341.128 2337.830 2339.616 2328.785 2319.954 2302.834 2287.913 2272.734 2261.391 2255.854 2249.835 2251.540 2266.040 2274.761 2263.261 2253.357 2241.618 2236.241 2232.920 2234.988 2245.149 2265.830 2284.001 2291.270 2283.356 2279.572 2277.860 2276.075 2281.442 2293.563 2311.731 2332.411 2348.903 2357.826 2364.605 2373.750 2387.554 2400.931 2414.391 2431.157 2451.731 2466.382 2475.524 2477.627 2476.726 2471.322 2470.290 2460.222 2448.721 2430.414 2406.576 2380.025 2354.151 2336.829
2373.037 2367.259 2361.818 2343.987 2294.900 2276.426 2258.969 2244.147 2238.756 2231.642 2220.737 2212.423 2207.296 2204.949 2190.689 2173.781 2157.408 2152.668 2149.022 2136.527 2137.149 2139.159 2148.687 2142.002 2138.284 2137.942 2135.438 2137.645 2150.642 2160.342 2168.016 2174.022 2174.917 2182.745 2189.002 2194.966 2210.403 2221.710 2237.248 2257.102 2280.503 2293.783 2302.470 2312.373 2327.009 2342.603 2359.305 2380.770 2404.998 2420.265 2430.688 2441.942 2454.285 2468.085 2474.951 2481.377 2479.980 2475.337 2453.379 2426.763 2406.243 2388.656
2313.775 2311.676 2303.288 2257.078 2216.683 2184.879 2168.328 2146.770 2135.521 2123.036 2092.281 2077.474 2074.759 2084.857 2078.661 2063.067 2050.562 2042.315 2034.797 2020.035 2006.872 2012.281 2027.335 2025.423 2026.073 2031.824 2030.553 2025.483 2026.922 2039.787 2046.175 2055.984 2069.514 2073.283 2084.782 2113.242 2125.385 2139.283 2157.333 2177.252 2198.414 2218.513 2231.042 2244.859 2262.445 2278.201 2297.734 2319.739 2347.601 2366.984 2380.434 2390.790 2401.182 2415.897 2435.299 2452.716 2469.369 2479.292 2479.905 2471.205 2452.170 2434.010
2219.995 2214.509 2192.065 2144.627 2108.060 2082.799 2062.336 2040.290 2020.714 1990.336 1958.806 1939.067 1950.161 1959.972 1966.485 1954.428 1943.291 1934.020 1918.808 1903.234 1889.727 1899.527 1908.096 1921.344 1926.334 1929.992 1933.920 1932.411 1924.710 1924.604 1932.422 1941.744 1951.997 1968.165 1999.014 2022.182 2038.398 2057.438 2075.432 2096.053 2118.019 2138.686 2153.860 2170.966 2188.615 2208.305 2227.216 2249.991 2277.516 2301.450 2316.102 2329.810 2342.650 2360.951 2383.410 2404.953 2428.440 2448.838 2461.019 2473.200 2478.927 2474.818
2109.730 2094.313 2054.697 2014.607 1988.390 1971.609 1949.537 1928.942 1902.878 1872.141 1849.540 1830.545 1839.941 1849.261 1865.358 1855.684 1847.286 1843.220 1828.725 1815.570 1800.511 1807.575 1818.522 1838.542 1843.423 1847.024 1854.903 1853.727 1849.906 1836.494 1843.587 1853.341 1866.440 1894.340 1916.640 1938.384 1958.245 1976.452 1996.730 2018.110 2039.982 2064.118 2081.928 2099.370 2119.381 2137.792 2153.052 2170.628 2194.530 2215.352 2234.548 2254.936 2269.209 2292.488 2321.299 2349.380 2381.487 2403.977 2418.737 2430.853 2442.720 2460.921
1972.705 1930.329 1898.309 1872.567 1865.004 1851.516 1831.994 1813.469 1794.805 1772.366 1752.972 1729.670 1735.124 1749.886 1765.917 1764.176 1763.342 1761.515 1751.695 1738.527 1725.206 1728.989 1745.044 1762.317 1770.868 1777.843 1785.264 1784.930 1776.473 1766.863 1771.495 1785.389 1800.558 1818.784 1839.059 1859.044 1877.984 1898.928 1920.313 1941.934 1965.371 1990.231 2009.085 2030.894 2053.569 2070.059 2079.199 2088.907 2109.316 2125.182 2145.569 2166.735 2183.253 2209.740 2242.647 2282.093 2320.234 2356.643 2372.902 2385.759 2395.881 2411.346
1850.818 1820.046 1792.312 1781.924 1766.674 1752.869 1738.248 1719.248 1702.814 1687.296 1666.849 1653.839 1660.883 1674.747 1684.994 1690.204 1688.119 1685.854 1679.639 1666.150 1659.165 1668.442 1683.673 1697.861 1708.569 1715.202 1720.603 1717.495 1708.525 1703.701 1711.289 1726.098 1739.484 1754.590 1774.458 1793.839 1813.996 1834.988 1855.664 1878.604 1902.211 1926.395 1950.908 1972.028 1990.601 1999.022 2007.922 2010.173 2022.156 2037.540 2054.468 2075.493 2097.920 2123.646 2161.807 2201.228 2239.485 2277.180 2308.103 2326.781 2342.556 2361.833
1777.994 1749.597 1721.856 1698.109 1685.048 1678.573 1666.264 1649.577 1638.483 1623.395 1610.505 1614.173 1616.923 1627.108 1627.309 1628.504 1626.180 1625.662 1622.647 1614.434 1623.878 1630.930 1644.906 1655.219 1664.644 1670.486 1674.127 1674.368 1668.732 1672.987 1679.122 1692.646 1703.446 1716.905 1736.257 1752.285 1770.190 1790.880 1812.205 1834.453 1858.278 1884.194 1907.065 1924.119 1930.739 1939.183 1941.435 1931.767 1942.647 1954.570 1965.367 1985.159 2005.058 2027.107 2064.061 2107.467 2153.396 2190.224 2231.845 2256.724 2279.973 2301.418
1693.399 1665.095 1637.814 1616.900 1611.147 1601.119 1591.124 1579.678 1566.917 1558.461 1562.488 1560.632 1559.319 1559.248 1562.397 1565.754 1565.366 1564.591 1566.716 1575.474 1579.863 1585.313 1594.836 1605.930 1616.967 1620.653 1624.767 1628.484 1632.999 1635.483 1639.056 1649.471 1660.761 1672.922 1688.555 1705.275 1723.085 1744.301 1766.222 1789.713 1815.086 1841.156 1861.314 1869.280 1877.932 1879.464 1872.399 1866.043 1870.043 1880.759 1888.025 1904.774 1925.310 1937.865 1976.315 2023.243 2064.606 2099.822 2134.400 2172.454 2199.020 2223.553
1628.207 1600.168 1577.976 1562.781 1553.034 1543.182 1533.238 1520.996 1513.151 1513.345 1511.219 1509.446 1507.682 1511.074 1514.925 1519.506 1519.681 1520.648 1523.595 1527.987 1534.283 1543.567 1554.324 1566.380 1581.364 1586.096 1590.659 1596.328 1598.954 1602.072 1605.946 1616.708 1628.074 1639.704 1656.036 1673.185 1691.424 1713.024 1737.960 1766.938 1792.942 1818.659 1841.293 1849.907 1853.249 1850.972 1843.893 1829.904 1827.097 1836.082 1837.086 1847.139 1865.042 1873.668 1901.932 1942.016 1969.712 2003.563 2040.947 2090.546 2118.638 2149.754
1559.524 1538.803 1522.994 1504.636 1492.006 1481.839 1473.282 1467.388 1466.460 1464.069 1462.741 1461.682 1459.934 1461.842 1466.225 1470.325 1472.749 1475.687 1479.581 1486.123 1495.166 1503.434 1515.232 1529.878 1544.996 1551.745 1557.205 1563.040 1567.252 1571.379 1574.938 1584.645 1596.032 1606.279 1623.012 1641.145 1659.918 1684.983 1714.053 1743.728 1769.335 1794.256 1819.674 1822.950 1823.831 1823.056 1808.330 1792.997 1785.598 1787.048 1787.526 1790.858 1801.020 1811.299 1832.510 1855.999 1883.116 1917.748 1964.284 2009.218 2041.465 2070.962
