tests/3D/Borden05m_nopit_001/output_maps/psiliqL0023N0031.asc
ncols         160
nrows         34
xllcorner     620200.000000
yllcorner     5168000.000000
cellsize      0.500000
NODATA_value  -9999.0
[rows 0 to 27 of 34, columns 62 to 123 of 160]
-9999.000 -9999.000 -9999.000 -9999.000 -9999.000 -9999.000 -9999.000 -9999.000 -9999.000 -9999.000 -9999.000 -9999.000 -9999.000 -9999.000 -9999.000 -9999.000 -9999.000 -9999.000 -9999.000 -9999.000 -9999.000 -9999.000 -9999.000 -9999.000 -9999.000 -9999.000 -9999.000 -9999.000 -9999.000 -9999.000 -9999.000 -9999.000 -9999.000 -9999.000 -9999.000 -9999.000 -9999.000 -9999.000 -9999.000 -9999.000 -9999.000 -9999.000 -9999.000 -9999.000 -9999.000 -9999.000 -9999.000 -9999.000 -9999.000 -9999.000 -9999.000 -9999.000 -9999.000 -9999.000 -9999.000 -9999.000 -9999.000 -9999.000 -9999.000 -9999.000 -9999.000 -9999.000
2784.108 2775.438 2766.080 2758.024 2753.812 2752.624 2751.712 2751.049 2755.909 2763.860 2771.391 2778.247 2780.580 2782.870 2784.738 2784.958 2783.733 2780.437 2777.048 2773.608 2771.908 2764.355 2753.148 2744.707 2741.989 2746.207 2750.570 2753.039 2758.373 2768.843 2779.501 2788.094 2800.532 2807.310 2812.652 2815.391 2811.455 2808.204 2804.347 2798.506 2787.460 -9999.000 -9999.000 -9999.000 -9999.000 -9999.000 -9999.000 -9999.000 -9999.000 -9999.000 -9999.000 -9999.000 -9999.000 -9999.000 -9999.000 -9999.000 -9999.000 -9999.000 -9999.000 -9999.000 -9999.000 -9999.000
2764.214 2759.739 2751.113 2745.859 2740.287 2737.706 2737.606 2737.415 2741.066 2751.575 2759.303 2763.807 2766.316 2769.010 2767.640 2766.831 2766.502 2763.532 2759.994 2756.551 2754.656 2755.830 2748.198 2742.286 2738.471 2735.791 2738.470 2741.094 2745.414 2754.667 2762.649 2770.695 2785.711 2798.768 2804.423 2801.971 2797.387 2793.680 2786.534 2776.027 2766.016 2757.527 2751.294 2746.006 2739.873 2746.315 2754.004 2763.543 2772.579 2784.671 2796.930 -9999.000 -9999.000 -9999.000 -9999.000 -9999.000 -9999.000 -9999.000 -9999.000 -9999.000 -9999.000 -9999.000
2744.104 2747.265 2743.835 2738.916 2731.616 2741.125 2742.028 2742.673 2745.731 2747.746 2752.277 2754.646 2759.863 2768.719 2771.388 2771.731 2771.689 2769.639 2766.325 2764.313 2761.449 2756.118 2754.412 2754.143 2753.040 2757.289 2758.790 2761.437 2755.703 2759.959 2766.237 2773.220 2779.026 2785.359 2788.308 2785.135 2785.523 2777.319 2763.792 2753.808 2746.261 2746.128 2743.253 2735.487 2722.146 2730.317 2746.423 2751.270 2754.108 2765.384 2777.713 2788.222 2791.265 2790.976 2790.643 2787.776 2773.942 2759.236 2744.170 2725.503 -9999.000 -9999.000
2751.774 2749.801 2746.191 2742.148 2752.806 2761.119 2762.374 2764.710 2768.405 2768.767 2757.541 2755.292 2762.646 2772.302 2777.445 2777.490 2777.052 2773.617 2772.376 2772.023 2770.037 2769.712 2771.364 2769.387 2772.634 2778.090 2781.290 2775.512 2766.991 2768.967 2777.315 2786.274 2793.871 2804.227 2815.230 2815.351 2810.766 2802.361 2789.894 2767.464 2749.726 2738.993 2731.390 2724.330 2726.814 2722.671 2736.063 2737.966 2740.449 2748.061 2758.452 2769.069 2775.252 2774.620 2773.905 2771.434 2761.867 2747.105 2732.260 2714.818 2688.403 2659.581
2751.592 2750.649 2751.426 2760.691 2772.595 2784.219 2786.090 2787.823 2786.541 2778.527 2768.121 2765.072 2778.500 2794.912 2802.687 2802.290 2798.640 2802.462 2802.128 2802.024 2798.236 2799.165 2797.545 2803.884 2811.460 2819.161 2817.689 2805.430 2793.366 2793.026 2797.935 2804.115 2811.462 2821.728 2831.116 2826.444 2821.090 2813.426 2787.493 2764.211 2749.693 2750.304 2751.213 2746.953 2744.930 2743.741 2739.218 2739.476 2738.815 2738.626 2750.911 2764.063 2767.640 2761.066 2757.114 2754.864 2746.861 2735.445 2719.714 2702.672 2683.093 2654.972
2782.983 2783.697 2789.713 2800.305 2813.718 2835.524 2835.420 2836.208 2835.609 2822.975 2809.887 2799.556 2820.467 2831.144 2838.469 2836.721 2842.748 2851.516 2847.622 2840.873 2829.177 2834.841 2842.430 2857.430 2865.000 2869.890 2866.097 2852.913 2846.446 2847.328 2852.858 2853.294 2861.076 2870.292 2885.379 2884.464 2880.144 2860.058 2823.552 2793.571 2779.617 2790.034 2784.476 2778.347 2777.742 2766.367 2758.641 2760.881 2752.724 2747.932 2760.450 2767.313 2768.813 2761.265 2766.442 2759.545 2739.212 2722.516 2707.822 2693.478 2676.638 2670.419
2796.967 2801.582 2811.346 2828.763 2847.405 2867.781 2868.331 2863.740 2873.114 2866.126 2855.556 2847.787 2866.626 2877.009 2887.402 2893.889 2906.369 2916.904 2901.953 2886.052 2876.827 2883.323 2907.370 2928.413 2933.198 2932.745 2932.963 2919.207 2914.017 2909.911 2909.044 2905.779 2903.518 2927.254 2947.736 2947.428 2925.880 2903.312 2865.073 2827.920 2802.338 2812.626 2809.903 2812.640 2801.880 2789.762 2780.877 2777.134 2770.366 2760.075 2768.571 2773.434 2781.924 2789.532 2793.328 2776.841 2759.336 2740.170 2722.304 2708.212 2702.039 2695.934
2861.514 2874.436 2881.872 2899.150 2917.422 2944.116 2957.948 2970.642 2974.431 2966.932 2958.220 2945.901 2949.352 2971.459 2983.001 2991.713 3000.509 3012.962 3014.451 3008.509 3006.938 3010.956 3022.833 3035.896 3042.551 3046.105 3049.384 3038.447 3026.259 3023.287 3017.159 3014.749 3013.690 3023.214 3041.698 3039.016 3005.352 2978.970 2945.220 2907.803 2878.652 2870.497 2887.010 2883.355 2867.276 2855.300 2827.896 2820.696 2810.317 2786.287 2785.766 2790.474 2801.033 2815.017 2802.034 2785.772 2768.409 2748.772 2731.499 2724.450 2722.855 2719.806
2978.861 2986.611 2989.805 2996.186 3028.140 3061.702 3087.252 3109.976 3117.228 3105.269 3095.431 3082.236 3073.243 3082.588 3099.031 3116.309 3131.264 3142.469 3144.860 3143.349 3143.433 3146.241 3149.187 3153.142 3161.015 3168.514 3177.436 3186.112 3176.771 3159.938 3150.073 3140.112 3138.497 3139.382 3142.144 3143.168 3128.788 3089.623 3059.215 3027.680 3006.586 2992.203 2989.477 2971.601 2948.335 2898.955 2861.738 2830.378 2810.476 2787.763 2794.174 2813.673 2854.476 2856.649 2844.894 2829.654 2806.281 2783.400 2762.561 2758.552 2756.938 2752.593
3103.836 3107.742 3110.449 3113.861 3139.398 3179.687 3218.199 3248.805 3249.362 3236.456 3225.263 3215.834 3202.230 3198.371 3209.890 3224.305 3243.609 3254.189 3260.996 3258.238 3258.487 3259.978 3262.229 3264.272 3267.526 3276.587 3290.945 3304.741 3304.296 3286.590 3268.914 3252.715 3249.355 3246.279 3241.311 3243.346 3245.163 3231.350 3201.729 3163.192 3122.865 3104.566 3088.643 3077.768 3061.564 3024.867 2962.329 2925.569 2889.144 2861.263 2858.830 2921.778 2937.531 2926.984 2915.670 2893.886 2866.382 2843.184 2820.986 2817.916 2814.072 2806.787
3221.060 3227.930 3231.192 3237.568 3253.916 3284.116 3318.002 3346.871 3362.487 3355.425 3338.523 3317.311 3308.401 3305.794 3309.060 3317.957 3329.821 3348.484 3367.148 3372.824 3373.670 3371.034 3373.372 3374.835 3374.929 3377.472 3385.229 3394.546 3397.760 3390.583 3370.571 3347.826 3335.959 3329.120 3325.575 3326.074 3330.567 3333.204 3319.191 3285.200 3242.406 3212.159 3196.004 3182.937 3169.347 3157.566 3127.872 3107.954 3073.249 3026.655 2997.670 3029.044 3021.198 3010.860 2987.962 2957.139 2926.543 2896.234 2870.641 2861.300 2857.680 2856.038
3334.226 3338.860 3346.521 3361.532 3383.887 3401.858 3423.284 3448.761 3464.248 3469.531 3468.208 3464.656 3465.955 3466.270 3409.877 3415.564 3421.223 3436.574 3450.671 3455.723 3456.294 3454.006 3455.700 3456.385 3456.318 3455.947 3457.853 3462.407 3464.143 3461.981 3450.421 3466.006 3446.570 3433.427 3425.383 3417.280 3409.034 3399.663 3389.930 3370.748 3340.859 3307.012 3284.767 3276.438 3270.477 3262.579 3257.158 3240.760 3218.581 3184.677 3145.596 3122.187 3118.927 3102.950 3070.050 3041.350 3020.195 2984.839 2954.508 2937.112 2934.642 2925.143
3445.440 3450.040 3463.576 3479.537 3465.396 3472.881 3480.626 3488.322 3490.965 3491.721 3491.372 3489.016 3488.317 3486.037 3482.373 3472.102 3473.689 3475.556 3478.150 3481.838 3480.693 3481.766 3484.706 3482.992 3477.056 3473.071 3471.495 3472.391 3479.750 3483.160 3484.077 3481.112 3480.214 3479.302 3476.221 3472.375 3466.960 3460.035 3472.845 3461.199 3434.144 3395.392 3355.577 3346.999 3347.859 3347.963 3346.304 3340.744 3323.175 3295.993 3258.980 3220.786 3212.543 3198.682 3181.170 3165.928 3147.695 3108.623 3072.285 3048.924 3037.132 3013.639
3488.735 3491.443 3494.207 3491.161 3488.089 3483.259 3481.762 3480.433 3478.018 3478.658 3476.774 3472.758 3468.834 3461.172 3449.794 3438.621 3435.251 3439.603 3445.110 3450.109 3454.330 3457.973 3458.166 3452.839 3444.541 3437.101 3435.400 3442.183 3447.872 3454.151 3454.978 3453.581 3451.169 3450.990 3447.853 3448.091 3455.013 3469.425 3472.629 3477.908 3477.107 3462.057 3434.838 3443.096 3423.310 3428.895 3424.322 3413.015 3391.889 3367.839 3337.032 3306.848 3287.214 3279.729 3274.012 3267.119 3253.759 3215.546 3181.302 3152.092 3131.443 3105.954
3473.543 3480.552 3481.671 3474.682 3466.221 3459.109 3451.865 3449.607 3448.961 3448.671 3449.132 3443.888 3434.902 3418.276 3406.771 3395.736 3389.816 3386.375 3390.093 3401.062 3412.754 3417.709 3408.886 3400.635 3389.064 3381.028 3381.439 3382.672 3392.045 3408.316 3415.296 3416.038 3409.787 3403.618 3397.063 3394.129 3400.538 3415.641 3431.995 3447.127 3455.984 3463.525 3470.418 3469.651 3472.036 3473.297 3471.265 3473.442 3456.086 3432.692 3404.755 3379.612 3353.655 3349.344 3348.968 3345.276 3343.051 3311.003 3274.945 3240.993 3214.036 3187.550
3446.490 3448.643 3444.751 3438.411 3428.506 3417.640 3408.070 3400.809 3401.855 3404.227 3405.819 3398.784 3383.730 3366.163 3352.826 3339.076 3335.206 3329.554 3322.544 3332.725 3351.948 3359.108 3343.526 3332.866 3317.903 3311.218 3307.384 3308.271 3317.223 3339.157 3362.324 3364.200 3353.428 3342.734 3337.919 3334.710 3339.489 3356.223 3376.633 3392.272 3402.365 3407.588 3415.262 3424.501 3438.233 3452.557 3464.463 3469.605 3477.344 3473.331 3461.504 3453.250 3429.644 3415.432 3407.378 3403.029 3395.884 3372.458 3343.451 3316.048 3289.529 3266.145
3410.470 3406.876 3400.944 3394.089 3374.727 3362.575 3350.068 3335.611 3331.998 3327.705 3329.044 3317.795 3309.608 3292.995 3277.830 3262.395 3249.692 3244.053 3237.583 3236.916 3250.694 3259.212 3249.128 3239.384 3228.425 3223.657 3220.307 3222.656 3233.000 3252.862 3271.112 3279.164 3271.626 3269.555 3269.012 3267.325 3273.289 3284.406 3302.332 3324.120 3342.247 3351.757 3358.514 3367.612 3381.753 3395.539 3409.502 3427.002 3449.176 3464.777 3474.434 3475.301 3474.138 3466.815 3468.303 3457.653 3445.415 3425.720 3400.830 3373.714 3347.534 3330.069
3369.398 3363.511 3358.006 3336.842 3283.648 3263.440 3245.058 3229.358 3223.132 3215.191 3200.696 3192.225 3187.628 3188.541 3174.571 3157.337 3140.112 3135.320 3131.795 3115.894 3112.828 3113.805 3128.118 3121.898 3119.941 3121.203 3118.783 3120.323 3133.121 3141.369 3147.422 3153.913 3157.534 3167.224 3174.675 3183.564 3200.078 3210.938 3226.161 3246.181 3270.992 3285.654 3294.760 3304.844 3319.766 3335.588 3352.835 3374.760 3400.092 3416.038 3426.876 3438.449 3451.495 3466.131 3471.930 3479.774 3477.999 3473.732 3450.170 3421.576 3400.808 3383.123
3306.047 3304.026 3294.439 3242.277 3201.806 3168.752 3151.943 3129.114 3116.422 3101.342 3065.315 3048.806 3047.870 3061.519 3057.399 3042.159 3030.227 3021.251 3012.496 2995.686 2978.548 2984.465 3002.002 3002.187 3004.807 3012.096 3011.366 3005.086 3003.467 3015.649 3021.279 3031.975 3048.358 3052.812 3067.709 3099.762 3112.181 3126.640 3144.652 3164.634 3186.169 3207.747 3221.094 3235.609 3253.525 3269.653 3289.450 3311.572 3340.333 3360.918 3374.835 3385.307 3395.752 3410.754 3431.041 3449.751 3467.593 3477.298 3478.347 3466.663 3448.613 3429.344
3205.957 3200.179 3173.230 3122.586 3087.008 3063.402 3042.305 3019.898 2997.624 2962.516 2928.989 2908.032 2922.747 2933.810 2944.231 2932.850 2922.170 2912.835 2895.712 2879.341 2863.790 2874.528 2883.177 2900.648 2907.031 2910.874 2916.213 2914.694 2904.653 2900.742 2908.568 2918.088 2929.382 2949.229 2983.158 3007.130 3024.437 3044.105 3062.173 3082.884 3105.110 3126.838 3142.876 3160.409 3178.225 3198.309 3216.950 3239.344 3266.961 3292.119 3307.511 3322.067 3335.150 3353.968 3377.208 3399.607 3424.277 3445.562 3458.734 3471.457 3475.987 3470.722
3089.057 3069.299 3024.396 2983.610 2961.835 2948.312 2925.924 2905.562 2877.855 2845.275 2823.841 2804.117 2814.590 2824.958 2844.284 2835.571 2828.603 2825.561 2810.642 2797.557 2781.587 2788.145 2800.024 2822.619 2828.327 2832.309 2841.277 2840.353 2835.810 2819.165 2825.783 2836.050 2850.010 2879.887 2902.008 2923.819 2944.563 2963.092 2983.704 3005.130 3027.226 3052.371 3070.837 3088.803 3109.304 3127.686 3141.753 3157.823 3181.255 3201.906 3222.205 3243.769 3258.183 3282.162 3312.064 3341.848 3375.559 3399.502 3414.653 3426.835 3438.635 3457.897
2943.514 2894.492 2860.967 2839.847 2837.765 2825.967 2807.073 2789.035 2770.648 2749.343 2731.069 2707.040 2712.952 2728.933 2746.106 2747.008 2747.840 2746.581 2737.420 2724.241 2710.828 2714.653 2731.533 2749.355 2759.040 2766.547 2774.147 2773.746 2764.298 2754.140 2758.578 2773.212 2788.660 2805.875 2825.822 2845.753 2865.071 2886.409 2907.943 2929.708 2953.355 2978.766 2998.578 3020.894 3043.973 3059.717 3067.821 3075.389 3094.388 3109.714 3130.509 3152.350 3169.624 3196.260 3230.141 3270.996 3310.386 3349.515 3367.070 3380.292 3390.373 3405.818
2825.107 2793.504 2766.061 2759.267 2744.983 2732.677 2719.266 2700.336 2684.926 2670.876 2650.619 2640.550 2648.317 2662.309 2671.340 2678.128 2676.389 2674.408 2668.928 2655.326 2650.635 2660.541 2675.745 2689.526 2700.845 2707.605 2712.673 2709.463 2700.143 2696.507 2704.232 2719.152 2732.125 2746.354 2766.015 2785.007 2805.248 2826.315 2846.947 2869.924 2893.593 2918.054 2943.409 2964.404 2981.951 2989.588 2997.842 2997.178 3007.350 3022.111 3038.118 3059.277 3082.374 3107.361 3145.883 3186.155 3225.569 3264.877 3299.274 3318.963 3335.598 3355.081
2759.648 2731.296 2703.847 2679.746 2668.459 2663.381 2651.873 2636.116 2625.976 2611.482 2601.580 2607.748 2609.842 2618.789 2617.764 2619.127 2617.062 2616.779 2614.643 2608.251 2619.663 2626.332 2639.821 2649.847 2659.410 2665.086 2668.513 2669.264 2664.515 2669.728 2675.443 2688.607 2699.119 2711.918 2730.869 2746.599 2764.187 2784.826 2806.128 2828.259 2852.130 2878.253 2901.086 2917.362 2922.830 2930.553 2930.954 2918.984 2928.620 2939.665 2948.970 2968.412 2987.990 3008.011 3044.920 3089.273 3136.837 3174.214 3218.532 3245.567 3270.018 3291.725
2678.054 2649.834 2623.016 2603.503 2599.372 2589.381 2579.936 2569.244 2556.750 2550.299 2556.617 2554.874 2552.937 2551.689 2554.851 2558.612 2558.505 2557.870 2560.818 2571.275 2575.761 2581.185 2590.192 2601.350 2612.912 2616.463 2620.602 2624.866 2630.202 2632.758 2636.000 2646.033 2657.265 2669.040 2684.239 2700.928 2718.560 2739.709 2761.827 2785.576 2810.958 2837.291 2857.813 2865.127 2873.383 2873.802 2865.393 2857.963 2860.075 2870.323 2875.856 2891.312 2911.736 2920.987 2957.866 3005.327 3045.912 3081.460 3116.309 3158.241 3185.646 3211.029
2616.365 2588.475 2568.023 2554.163 2544.402 2534.535 2524.678 2512.905 2506.474 2507.914 2505.801 2504.118 2502.164 2505.520 2509.468 2514.230 2514.715 2516.021 2519.183 2523.682 2530.333 2539.801 2550.570 2562.833 2578.334 2583.293 2587.931 2593.827 2596.548 2599.766 2603.508 2614.062 2625.413 2636.800 2653.013 2670.171 2688.227 2709.828 2734.889 2764.128 2790.266 2816.185 2839.619 2848.228 2851.116 2848.504 2840.652 2825.572 2821.627 2829.628 2829.312 2837.682 2854.506 2861.077 2885.449 2923.606 2949.750 2983.523 3022.057 3074.774 3104.018 3135.795
2549.199 2530.108 2515.525 2497.449 2484.548 2474.387 2466.427 2461.839 2461.749 2459.654 2458.608 2457.638 2455.725 2457.313 2461.805 2465.909 2468.626 2471.771 2476.230 2483.121 2492.283 2500.384 2512.196 2526.974 2542.403 2549.615 2555.168 2561.238 2565.715 2569.905 2573.313 2582.757 2594.065 2603.765 2620.283 2638.441 2657.433 2682.404 2711.489 2741.461 2767.277 2792.257 2818.491 2821.727 2822.374 2821.534 2805.928 2790.486 2781.977 2782.652 2782.853 2783.498 2792.599 2801.948 2819.581 2840.413 2866.240 2900.526 2947.847 2993.026 3026.664 3055.976
