tests/3D/Borden05m_nopit_001/output_maps/psiliqL0004N0014.asc
ncols         160
nrows         34
xllcorner     620200.000000
yllcorner     5168000.000000
cellsize      0.500000
NODATA_value  -9999.0
[rows 0 to 26 of 34, columns 62 to 123 of 160]
-9999.000 -9999.000 -9999.000 -9999.000 -9999.000 -9999.000 -9999.000 -9999.000 -9999.000 -9999.000 -9999.000 -9999.000 -9999.000 -9999.000 -9999.000 -9999.000 -9999.000 -9999.000 -9999.000 -9999.000 -9999.000 -9999.000 -9999.000 -9999.000 -9999.000 -9999.000 -9999.000 -9999.000 -9999.000 -9999.000 -9999.000 -9999.000 -9999.000 -9999.000 -9999.000 -9999.000 -9999.000 -9999.000 -9999.000 -9999.000 -9999.000 -9999.000 -9999.000 -9999.000 -9999.000 -9999.000 -9999.000 -9999.000 -9999.000 -9999.000 -9999.000 -9999.000 -9999.000 -9999.000 -9999.000 -9999.000 -9999.000 -9999.000 -9999.000 -9999.000 -9999.000 -9999.000
-802.582 -812.008 -821.465 -830.505 -834.676 -835.769 -836.854 -837.407 -832.217 -824.510 -817.087 -809.965 -807.751 -805.442 -803.145 -802.663 -804.087 -807.425 -810.777 -814.255 -815.722 -824.301 -835.870 -845.008 -847.825 -843.265 -838.702 -836.135 -829.795 -818.743 -807.675 -798.988 -787.305 -781.970 -776.678 -773.094 -776.820 -780.070 -783.337 -787.440 -798.208 -9999.000 -9999.000 -9999.000 -9999.000 -9999.000 -9999.000 -9999.000 -9999.000 -9999.000 -9999.000 -9999.000 -9999.000 -9999.000 -9999.000 -9999.000 -9999.000 -9999.000 -9999.000 -9999.000 -9999.000 -9999.000
-822.743 -828.320 -837.444 -843.179 -848.924 -850.689 -850.964 -851.115 -847.028 -837.518 -829.681 -825.016 -822.797 -820.553 -820.254 -820.802 -821.336 -824.335 -827.827 -831.305 -833.147 -833.442 -841.111 -846.351 -849.531 -850.425 -848.036 -845.775 -843.017 -833.194 -824.710 -816.223 -802.212 -789.977 -784.666 -786.728 -791.482 -794.745 -800.478 -809.639 -819.852 -830.582 -837.743 -842.818 -847.463 -841.119 -834.737 -824.012 -813.302 -801.075 -788.833 -9999.000 -9999.000 -9999.000 -9999.000 -9999.000 -9999.000 -9999.000 -9999.000 -9999.000 -9999.000 -9999.000
-842.950 -841.381 -845.539 -850.556 -854.334 -847.308 -846.340 -845.360 -842.388 -838.874 -837.274 -834.584 -829.470 -820.737 -818.338 -817.988 -818.009 -819.933 -823.117 -824.952 -827.793 -833.055 -833.862 -833.337 -833.088 -827.674 -826.203 -825.124 -832.368 -829.166 -822.789 -815.789 -808.349 -801.000 -795.701 -798.425 -799.597 -807.360 -820.588 -831.820 -840.329 -843.059 -845.870 -853.086 -864.543 -857.594 -841.871 -836.913 -832.703 -820.364 -807.915 -797.713 -795.902 -796.101 -796.302 -798.644 -812.306 -826.798 -841.302 -859.746 -9999.000 -9999.000
-838.075 -840.064 -843.383 -844.619 -831.650 -822.369 -821.032 -818.411 -815.448 -817.330 -830.141 -833.080 -824.527 -814.158 -808.358 -808.464 -808.681 -810.005 -811.158 -811.857 -814.487 -813.178 -810.479 -809.287 -803.863 -798.258 -795.640 -804.854 -814.160 -813.936 -806.353 -798.518 -791.015 -779.665 -767.500 -768.680 -774.153 -782.504 -795.711 -818.664 -838.421 -848.326 -854.111 -860.461 -861.532 -862.808 -852.463 -850.280 -848.361 -839.197 -828.639 -818.444 -812.552 -812.781 -813.022 -815.187 -824.394 -838.888 -853.384 -869.500 -894.282 -922.299
-834.704 -834.654 -831.021 -817.395 -803.680 -788.432 -786.270 -784.113 -784.617 -795.024 -805.492 -810.279 -795.093 -779.827 -771.854 -771.002 -769.907 -761.119 -763.797 -767.235 -773.344 -770.794 -767.232 -754.935 -747.704 -741.411 -743.502 -755.034 -765.571 -767.706 -766.298 -764.960 -759.191 -748.407 -737.648 -741.969 -749.162 -759.373 -788.146 -816.306 -833.095 -831.611 -830.574 -834.561 -837.318 -840.971 -848.740 -848.789 -848.855 -849.004 -836.741 -824.452 -820.772 -826.466 -829.733 -831.736 -840.402 -850.963 -865.815 -882.403 -900.725 -928.722
-793.038 -789.514 -781.379 -768.286 -749.588 -725.944 -722.415 -718.676 -714.221 -724.765 -736.758 -748.971 -734.552 -725.541 -716.629 -712.800 -700.648 -690.616 -696.166 -705.506 -714.819 -708.499 -693.846 -679.408 -673.827 -671.159 -670.214 -679.212 -683.984 -687.102 -687.354 -691.649 -689.312 -677.550 -661.703 -660.555 -671.599 -693.726 -728.169 -763.213 -786.273 -782.479 -788.222 -793.449 -797.783 -811.869 -823.527 -823.759 -833.052 -839.169 -827.627 -821.443 -819.261 -824.993 -819.217 -826.919 -844.275 -861.533 -877.159 -891.444 -905.803 -913.268
-747.767 -739.674 -731.437 -713.570 -689.866 -665.779 -653.266 -645.388 -637.085 -643.803 -652.549 -661.629 -657.896 -645.420 -633.633 -622.195 -610.336 -598.874 -604.315 -613.181 -615.211 -611.680 -596.615 -583.512 -578.702 -576.222 -571.277 -575.829 -583.212 -591.600 -599.844 -607.082 -611.864 -597.808 -583.847 -585.030 -607.201 -629.401 -660.276 -694.622 -728.477 -734.904 -734.528 -735.765 -751.152 -766.346 -786.208 -797.951 -806.679 -822.070 -817.788 -811.508 -800.162 -789.628 -790.647 -806.880 -824.074 -843.287 -862.170 -876.448 -880.767 -885.550
-635.965 -626.062 -621.727 -610.861 -584.945 -552.365 -527.707 -505.790 -502.650 -512.595 -522.188 -536.254 -543.458 -531.885 -520.704 -509.500 -498.129 -486.649 -478.329 -478.340 -478.212 -476.210 -473.868 -469.114 -462.939 -456.361 -449.055 -446.304 -454.254 -463.035 -473.269 -482.820 -485.675 -487.934 -482.009 -481.748 -498.583 -522.624 -549.068 -581.199 -609.756 -630.529 -629.580 -642.796 -658.710 -680.274 -716.997 -737.197 -754.143 -784.487 -789.370 -777.108 -761.829 -754.821 -770.950 -787.186 -806.025 -826.746 -847.328 -853.760 -854.925 -857.879
-518.130 -513.786 -509.809 -503.361 -473.701 -441.170 -412.001 -389.251 -381.312 -391.002 -401.104 -412.227 -422.314 -423.268 -411.776 -396.806 -381.584 -371.082 -366.742 -367.796 -367.522 -366.545 -363.906 -362.139 -357.985 -351.397 -340.847 -328.150 -330.708 -346.577 -360.153 -375.993 -382.774 -385.105 -389.195 -388.611 -388.524 -410.122 -433.147 -461.222 -491.791 -513.621 -532.039 -548.268 -565.298 -602.761 -639.862 -672.171 -700.335 -728.573 -734.444 -707.178 -682.393 -692.570 -703.772 -721.403 -746.242 -771.114 -797.060 -804.779 -808.039 -813.816
-403.571 -398.331 -393.225 -385.226 -367.710 -336.026 -303.376 -277.094 -271.954 -279.227 -289.350 -300.730 -309.149 -312.427 -308.290 -300.594 -287.970 -276.497 -265.020 -264.151 -263.707 -264.303 -262.684 -261.313 -260.664 -255.669 -246.326 -237.445 -235.072 -244.224 -259.837 -277.114 -286.353 -293.596 -298.837 -298.951 -297.627 -297.668 -315.945 -345.625 -385.264 -413.760 -434.792 -445.534 -456.968 -468.779 -504.924 -524.838 -552.998 -586.580 -614.864 -588.121 -597.622 -607.925 -624.459 -649.193 -674.134 -700.140 -727.126 -738.483 -744.225 -751.989
-299.236 -293.287 -286.311 -274.944 -260.117 -243.870 -221.555 -198.876 -181.946 -183.708 -192.924 -206.838 -209.159 -209.518 -208.800 -204.480 -200.004 -187.786 -174.870 -169.976 -169.398 -171.660 -169.970 -169.267 -169.323 -169.597 -167.465 -162.424 -160.408 -162.979 -174.946 -191.884 -207.121 -216.213 -220.598 -223.630 -223.847 -225.351 -233.336 -254.924 -285.021 -316.733 -339.450 -354.071 -364.001 -370.725 -377.632 -389.661 -412.190 -447.595 -482.730 -499.858 -509.051 -520.327 -543.908 -569.986 -591.176 -622.633 -653.958 -674.989 -682.644 -690.240
-202.851 -199.162 -189.028 -174.532 -159.789 -150.416 -138.650 -122.222 -113.001 -107.526 -106.081 -105.517 -103.402 -103.403 -104.905 -104.144 -103.471 -103.015 -100.063 -99.477 -99.460 -99.528 -99.002 -98.982 -98.694 -99.016 -100.599 -100.464 -100.414 -100.479 -102.861 -109.734 -123.994 -134.253 -140.714 -147.438 -155.409 -164.063 -172.262 -184.060 -205.605 -234.823 -262.387 -273.404 -277.793 -280.708 -283.394 -294.350 -311.315 -334.971 -367.870 -404.736 -416.218 -430.609 -452.651 -469.600 -481.803 -513.412 -546.891 -572.797 -584.239 -603.719
-124.359 -120.302 -110.148 -99.981 -98.112 -97.889 -97.659 -97.430 -97.351 -97.329 -97.339 -99.379 -99.400 -100.477 -105.738 -114.349 -112.943 -111.762 -109.386 -106.074 -107.535 -106.766 -103.923 -105.207 -110.177 -113.332 -114.874 -114.800 -108.032 -105.225 -104.578 -103.969 -104.434 -104.463 -104.557 -104.674 -104.839 -105.049 -109.243 -117.055 -135.376 -161.069 -188.908 -204.418 -210.531 -208.092 -210.072 -214.465 -230.636 -253.906 -284.727 -318.164 -336.117 -346.984 -354.197 -361.652 -373.150 -405.509 -440.352 -469.098 -489.384 -515.168
-95.438 -93.592 -93.995 -97.346 -100.969 -105.323 -106.241 -107.367 -109.583 -108.866 -110.726 -114.329 -117.269 -122.378 -132.147 -143.278 -144.999 -140.241 -135.711 -132.041 -129.781 -126.820 -125.020 -129.079 -136.195 -142.646 -144.657 -138.664 -133.411 -129.199 -128.710 -130.033 -131.630 -131.075 -132.878 -132.195 -126.414 -114.756 -107.196 -107.046 -107.077 -107.533 -108.352 -127.484 -145.278 -142.655 -146.205 -156.203 -174.549 -195.051 -219.964 -244.135 -268.475 -275.783 -279.409 -284.203 -290.432 -319.200 -350.114 -380.939 -406.007 -430.594
-113.093 -106.461 -104.905 -111.410 -118.919 -125.088 -130.824 -132.395 -133.811 -134.470 -134.417 -139.299 -145.552 -158.932 -169.869 -180.696 -186.470 -186.970 -181.038 -172.455 -164.918 -160.705 -165.460 -171.896 -181.302 -189.003 -188.865 -185.889 -177.596 -166.198 -163.915 -163.477 -167.662 -170.864 -176.281 -177.787 -171.265 -157.577 -144.465 -133.137 -126.354 -119.892 -114.364 -107.447 -107.396 -107.382 -107.470 -111.315 -123.746 -140.778 -159.426 -180.121 -203.998 -211.519 -214.404 -218.183 -219.947 -243.155 -273.886 -304.615 -332.036 -356.704
-137.494 -133.656 -135.955 -142.149 -151.516 -161.299 -170.044 -174.539 -173.469 -171.119 -170.295 -175.414 -188.126 -203.891 -216.261 -229.273 -232.794 -236.552 -238.206 -227.512 -212.609 -207.332 -218.652 -227.440 -240.440 -247.993 -250.388 -248.498 -239.209 -221.937 -206.598 -206.320 -215.305 -224.133 -229.370 -232.126 -225.505 -208.110 -190.540 -178.139 -170.329 -165.392 -157.940 -149.203 -139.193 -128.065 -118.770 -108.489 -107.954 -108.121 -108.525 -123.844 -140.401 -152.215 -162.090 -167.764 -176.099 -194.308 -218.149 -242.211 -267.374 -287.619
-170.797 -171.855 -176.776 -182.675 -191.721 -202.164 -211.967 -223.293 -225.224 -225.944 -223.003 -232.749 -243.248 -261.682 -275.969 -290.487 -298.307 -303.578 -308.428 -300.578 -284.208 -274.960 -290.125 -300.447 -314.201 -321.154 -324.397 -323.056 -313.366 -290.557 -272.589 -267.343 -276.222 -284.434 -289.165 -291.195 -287.361 -272.624 -253.815 -235.990 -223.708 -216.283 -209.418 -200.121 -187.158 -174.804 -162.609 -147.698 -131.221 -118.973 -111.092 -105.705 -105.833 -106.161 -113.595 -122.012 -131.428 -145.910 -166.721 -191.411 -216.010 -232.419
-207.540 -213.032 -218.309 -227.506 -265.957 -279.938 -295.000 -307.547 -310.778 -315.749 -317.354 -325.262 -331.763 -342.555 -357.563 -373.629 -387.792 -392.398 -396.355 -400.029 -389.855 -385.169 -388.032 -395.921 -404.197 -408.691 -411.412 -407.475 -393.957 -380.496 -368.615 -363.861 -370.021 -367.007 -363.835 -365.434 -352.776 -340.296 -323.922 -304.477 -284.706 -274.980 -267.341 -257.872 -243.938 -228.888 -213.554 -193.234 -171.817 -158.245 -148.824 -138.310 -127.695 -115.961 -106.212 -103.322 -103.578 -108.990 -126.534 -147.685 -167.139 -183.969
-256.210 -258.511 -263.793 -294.588 -334.786 -363.354 -379.232 -397.502 -405.011 -410.776 -427.876 -438.273 -445.598 -444.697 -456.269 -472.780 -486.767 -493.127 -497.443 -506.898 -509.765 -505.670 -497.046 -504.386 -508.839 -507.070 -509.740 -511.673 -502.309 -487.674 -479.317 -471.800 -465.655 -463.650 -460.946 -441.781 -430.340 -417.878 -399.713 -379.937 -359.718 -343.417 -332.970 -320.919 -304.141 -289.293 -270.387 -248.622 -223.029 -206.684 -194.362 -184.208 -173.850 -159.773 -142.552 -128.352 -114.629 -103.960 -104.241 -104.924 -126.143 -140.986
-333.644 -338.376 -349.152 -388.285 -427.416 -456.964 -475.783 -496.893 -509.480 -527.610 -553.970 -570.554 -568.836 -562.268 -565.878 -579.683 -592.003 -601.110 -611.370 -624.878 -633.093 -625.720 -617.361 -615.046 -613.663 -610.482 -610.207 -611.688 -613.325 -603.574 -595.773 -586.960 -579.396 -572.751 -549.871 -528.773 -515.372 -497.943 -480.124 -459.714 -438.396 -420.449 -407.475 -391.430 -374.165 -355.438 -335.757 -311.917 -284.549 -263.689 -250.844 -239.206 -226.867 -209.779 -189.221 -169.770 -149.209 -130.935 -121.099 -110.058 -100.910 -101.631
-426.724 -430.901 -456.823 -495.110 -532.831 -558.053 -579.307 -600.502 -622.313 -648.275 -673.897 -691.007 -684.399 -677.793 -670.058 -682.222 -694.325 -701.042 -714.439 -727.771 -740.471 -732.097 -723.564 -710.211 -707.470 -704.858 -699.798 -701.620 -703.570 -708.605 -700.277 -691.850 -680.975 -658.188 -635.417 -613.839 -596.251 -578.865 -559.438 -538.152 -516.837 -495.285 -479.142 -463.014 -444.221 -425.676 -407.251 -385.693 -360.477 -339.094 -322.619 -305.120 -291.036 -269.391 -243.247 -219.425 -191.333 -172.430 -158.458 -146.240 -133.885 -118.067
-541.691 -566.852 -594.978 -632.689 -654.446 -672.310 -693.461 -713.248 -732.627 -758.002 -780.299 -801.719 -797.449 -785.845 -772.769 -781.358 -786.505 -789.803 -801.330 -814.471 -827.551 -823.877 -809.956 -794.105 -788.491 -782.892 -775.932 -776.089 -781.978 -790.168 -785.029 -773.048 -758.597 -737.747 -716.613 -696.479 -678.507 -658.572 -637.555 -616.289 -593.374 -569.912 -553.506 -532.969 -511.293 -492.814 -480.917 -465.583 -441.421 -424.036 -404.561 -384.973 -370.204 -343.868 -313.241 -277.220 -242.121 -212.549 -199.370 -187.143 -176.563 -160.674
-672.588 -701.210 -729.698 -749.392 -767.146 -784.831 -802.588 -821.770 -840.858 -860.176 -881.115 -901.742 -896.572 -883.038 -869.642 -868.518 -871.500 -874.499 -882.618 -895.811 -908.738 -901.089 -885.792 -870.546 -861.419 -855.115 -848.851 -851.692 -859.751 -867.650 -860.415 -845.892 -831.427 -814.044 -793.636 -773.238 -753.288 -732.479 -711.673 -688.808 -665.340 -641.849 -619.484 -598.006 -576.727 -566.221 -555.580 -545.698 -528.924 -511.810 -492.351 -471.498 -450.593 -422.706 -385.194 -347.659 -312.063 -278.214 -255.915 -239.436 -225.443 -206.268
-764.488 -793.003 -821.501 -844.330 -861.985 -872.081 -886.463 -905.561 -919.126 -935.750 -956.382 -959.187 -954.739 -941.345 -937.970 -937.211 -940.203 -941.327 -946.620 -959.550 -955.203 -947.155 -931.919 -920.861 -911.795 -905.523 -901.327 -902.401 -910.333 -908.557 -901.333 -886.872 -875.324 -860.146 -839.750 -822.942 -804.206 -783.371 -761.973 -739.405 -715.678 -690.274 -667.277 -648.170 -638.525 -628.162 -621.052 -624.682 -610.486 -596.178 -581.377 -560.511 -539.572 -512.013 -474.640 -433.343 -391.249 -355.379 -320.235 -300.342 -279.577 -258.172
-856.858 -885.379 -913.858 -938.404 -948.355 -958.481 -969.901 -983.298 -996.748 -1010.398 -1012.306 -1014.453 -1014.152 -1011.172 -1008.060 -1005.745 -1006.865 -1007.999 -1008.009 -1003.651 -999.511 -993.994 -983.131 -972.203 -962.526 -958.490 -954.437 -952.137 -949.747 -947.448 -943.015 -931.606 -920.162 -906.995 -890.232 -873.424 -855.143 -833.740 -812.317 -789.478 -764.106 -738.695 -719.454 -709.764 -700.045 -695.585 -699.109 -702.614 -693.638 -681.604 -669.720 -649.466 -628.441 -607.087 -564.273 -518.364 -474.560 -439.702 -405.243 -376.529 -351.304 -328.028
-931.123 -959.546 -986.245 -1004.898 -1014.610 -1024.421 -1034.592 -1048.050 -1059.555 -1062.587 -1064.746 -1066.756 -1068.027 -1064.541 -1060.940 -1056.830 -1057.456 -1057.369 -1054.975 -1050.863 -1045.484 -1036.674 -1025.952 -1014.430 -1000.783 -996.638 -992.269 -987.184 -984.804 -981.942 -977.727 -966.419 -955.010 -942.747 -926.099 -908.968 -890.247 -868.637 -844.012 -815.692 -790.016 -764.802 -744.213 -735.551 -730.999 -732.363 -737.384 -748.481 -748.262 -736.625 -732.084 -717.523 -696.644 -682.472 -643.851 -598.433 -566.295 -531.729 -496.707 -454.461 -428.471 -398.017
