tests/3D/Borden05m_nopit_001/output_maps/psiliqL0021N0017.asc
ncols         160
nrows         34
xllcorner     620200.000000
yllcorner     5168000.000000
cellsize      0.500000
NODATA_value  -9999.0
[rows 0 to 27 of 34, columns 62 to 123 of 160]
-9999.000 -9999.000 -9999.000 -9999.000 -9999.000 -9999.000 -9999.000 -9999.000 -9999.000 -9999.000 -9999.000 -9999.000 -9999.000 -9999.000 -9999.000 -9999.000 -9999.000 -9999.000 -9999.000 -9999.000 -9999.000 -9999.000 -9999.000 -9999.000 -9999.000 -9999.000 -9999.000 -9999.000 -9999.000 -9999.000 -9999.000 -9999.000 -9999.000 -9999.000 -9999.000 -9999.000 -9999.000 -9999.000 -9999.000 -9999.000 -9999.000 -9999.000 -9999.000 -9999.000 -9999.000 -9999.000 -9999.000 -9999.000 -9999.000 -9999.000 -9999.000 -9999.000 -9999.000 -9999.000 -9999.000 -9999.000 -9999.000 -9999.000 -9999.000 -9999.000 -9999.000 -9999.000
2384.477 2375.723 2366.354 2358.189 2353.981 2352.804 2351.872 2351.222 2356.119 2364.043 2371.562 2378.448 2380.768 2383.060 2384.976 2385.226 2383.979 2380.679 2377.294 2373.850 2372.177 2364.511 2353.264 2344.746 2342.018 2346.276 2350.662 2353.143 2358.591 2369.127 2379.834 2388.439 2400.795 2407.415 2412.755 2415.592 2411.683 2408.436 2404.649 2399.006 2387.994 -9999.000 -9999.000 -9999.000 -9999.000 -9999.000 -9999.000 -9999.000 -9999.000 -9999.000 -9999.000 -9999.000 -9999.000 -9999.000 -9999.000 -9999.000 -9999.000 -9999.000 -9999.000 -9999.000 -9999.000 -9999.000
2364.553 2359.955 2351.274 2345.967 2340.375 2337.885 2337.766 2337.579 2341.279 2351.677 2359.417 2363.939 2366.417 2369.061 2367.877 2367.097 2366.746 2363.773 2360.241 2356.794 2354.906 2355.917 2348.282 2342.445 2338.702 2336.222 2338.870 2341.455 2345.603 2354.921 2362.961 2371.059 2385.965 2398.933 2404.554 2402.148 2397.549 2393.896 2386.912 2376.559 2366.532 2357.802 2351.475 2346.220 2340.262 2346.703 2354.257 2363.939 2373.173 2385.291 2397.558 -9999.000 -9999.000 -9999.000 -9999.000 -9999.000 -9999.000 -9999.000 -9999.000 -9999.000 -9999.000 -9999.000
2344.432 2347.416 2343.905 2338.975 2332.068 2341.300 2342.211 2342.893 2345.942 2348.124 2352.328 2354.733 2359.939 2368.782 2371.421 2371.765 2371.725 2369.690 2366.391 2364.400 2361.538 2356.215 2354.611 2354.431 2353.480 2357.860 2359.359 2361.833 2355.932 2360.072 2366.363 2373.351 2379.341 2385.791 2389.004 2385.885 2386.103 2377.953 2364.465 2354.347 2346.699 2346.285 2343.425 2335.729 2322.608 2330.653 2346.727 2351.599 2354.602 2366.009 2378.367 2388.864 2391.792 2391.534 2391.239 2388.453 2374.662 2360.003 2345.021 2326.396 -9999.000 -9999.000
2351.791 2349.817 2346.239 2342.509 2353.424 2361.845 2363.109 2365.477 2369.091 2369.203 2357.800 2355.474 2362.963 2372.698 2377.915 2377.944 2377.531 2374.331 2373.100 2372.709 2370.652 2370.510 2372.280 2370.657 2374.147 2379.621 2382.758 2376.598 2367.991 2369.774 2378.039 2386.875 2394.464 2404.935 2416.070 2416.050 2411.370 2402.976 2390.431 2367.949 2349.993 2339.360 2331.968 2324.996 2327.094 2323.281 2336.345 2338.291 2340.725 2348.525 2358.950 2369.541 2375.712 2375.146 2374.507 2372.094 2362.591 2347.883 2333.103 2315.838 2289.646 2260.951
2352.005 2351.173 2352.268 2362.019 2374.125 2386.152 2388.056 2389.836 2388.641 2380.361 2369.948 2366.705 2380.330 2396.614 2404.412 2404.155 2401.033 2405.409 2404.814 2404.340 2400.294 2401.404 2400.362 2407.366 2414.905 2422.450 2420.911 2408.734 2396.842 2396.304 2400.825 2406.469 2413.642 2423.969 2433.513 2428.885 2423.330 2415.387 2389.143 2365.324 2350.559 2351.275 2352.207 2347.987 2345.893 2344.441 2339.567 2339.805 2339.224 2339.055 2351.355 2364.430 2368.040 2361.586 2357.733 2355.535 2347.484 2336.189 2320.585 2303.624 2284.221 2256.149
2384.541 2385.568 2391.820 2402.691 2416.693 2438.703 2439.004 2440.121 2440.085 2427.685 2414.719 2404.178 2424.367 2434.858 2442.360 2441.234 2447.944 2456.853 2452.775 2445.738 2434.308 2440.046 2448.423 2463.361 2470.710 2475.355 2472.090 2459.375 2453.098 2453.538 2458.425 2458.337 2465.515 2475.018 2490.194 2489.513 2484.448 2464.139 2427.870 2397.331 2382.369 2392.056 2386.487 2380.468 2379.458 2367.793 2359.641 2361.621 2353.352 2348.428 2360.856 2367.664 2369.261 2361.938 2367.205 2360.244 2340.269 2323.540 2308.771 2294.466 2277.936 2271.615
2402.011 2407.014 2416.607 2434.074 2453.281 2474.070 2475.953 2472.751 2482.006 2475.049 2464.682 2456.767 2473.923 2484.540 2495.088 2502.128 2514.538 2525.178 2511.287 2496.170 2487.747 2493.914 2516.961 2537.120 2541.909 2541.784 2542.531 2529.802 2524.370 2519.789 2518.102 2514.398 2511.858 2534.520 2554.279 2553.878 2532.266 2509.744 2472.331 2435.498 2409.002 2417.436 2415.068 2417.372 2406.108 2393.659 2383.565 2378.945 2371.975 2361.134 2369.180 2374.221 2383.052 2391.009 2394.295 2377.862 2360.421 2341.280 2323.332 2309.252 2303.321 2297.399
2471.823 2484.409 2491.499 2508.063 2527.186 2554.537 2569.575 2583.297 2587.014 2579.242 2570.432 2557.919 2560.182 2581.116 2592.618 2601.609 2610.691 2623.037 2625.288 2620.007 2618.626 2622.420 2633.236 2645.374 2651.977 2655.869 2659.599 2650.189 2638.474 2634.858 2628.275 2625.072 2623.817 2632.031 2649.120 2646.771 2614.987 2588.872 2555.942 2519.122 2490.045 2480.493 2495.282 2490.573 2474.524 2461.493 2433.065 2424.433 2413.339 2388.624 2387.637 2393.209 2404.317 2417.550 2404.243 2388.013 2370.516 2350.791 2333.182 2326.237 2324.726 2321.725
2589.225 2596.595 2599.876 2606.265 2637.963 2671.411 2697.364 2720.091 2727.419 2715.714 2705.847 2692.882 2683.768 2691.965 2707.857 2724.878 2739.863 2750.991 2753.600 2752.140 2752.246 2754.851 2757.764 2761.476 2768.936 2776.335 2785.440 2794.566 2785.983 2769.260 2758.984 2748.371 2746.184 2746.715 2748.718 2749.697 2736.935 2699.733 2670.155 2639.014 2616.872 2601.669 2597.205 2579.524 2556.966 2508.929 2471.740 2440.291 2419.487 2396.178 2401.243 2421.631 2460.675 2461.499 2449.835 2434.359 2410.856 2387.787 2366.416 2362.030 2360.271 2355.806
2713.039 2717.093 2720.068 2723.991 2748.634 2787.964 2825.824 2855.948 2857.016 2844.737 2833.664 2824.018 2810.992 2807.198 2817.895 2831.561 2850.122 2860.801 2868.130 2865.776 2866.048 2867.307 2869.489 2871.459 2874.423 2883.033 2896.834 2910.084 2909.955 2893.205 2875.762 2859.446 2855.435 2851.899 2846.905 2848.706 2850.474 2838.202 2809.852 2772.310 2732.070 2712.645 2696.163 2685.316 2669.657 2635.749 2576.168 2541.303 2505.819 2477.325 2472.035 2530.975 2543.941 2533.451 2521.587 2499.508 2472.325 2448.850 2426.158 2422.206 2418.191 2410.895
2828.827 2835.595 2839.270 2846.203 2862.381 2891.026 2923.623 2951.803 2967.565 2961.094 2945.049 2924.650 2916.474 2914.118 2917.100 2925.488 2936.529 2954.474 2972.499 2978.088 2978.905 2976.312 2978.579 2979.959 2980.038 2982.268 2989.400 2998.243 3001.326 2994.665 2975.552 2953.458 2941.219 2934.134 2930.500 2930.612 2934.586 2936.768 2923.435 2890.835 2849.465 2819.066 2802.193 2788.966 2775.798 2764.597 2737.460 2718.442 2685.115 2639.791 2610.145 2636.143 2628.177 2617.767 2594.826 2564.568 2535.059 2504.662 2478.473 2467.873 2463.849 2461.589
2940.123 2944.652 2952.588 2967.542 2989.049 3006.062 3026.412 3050.881 3065.670 3070.974 3069.960 3066.867 3068.257 3068.537 3018.261 3023.399 3028.503 3042.195 3055.051 3059.606 3060.116 3058.077 3059.642 3060.253 3060.228 3059.864 3061.383 3065.447 3066.998 3065.073 3054.538 3067.625 3048.770 3035.953 3028.091 3020.147 3011.939 3002.655 2993.102 2974.752 2945.804 2912.484 2889.659 2881.046 2875.276 2867.951 2862.855 2847.085 2825.511 2792.773 2754.409 2729.530 2725.386 2709.621 2677.967 2650.616 2630.499 2595.605 2564.968 2546.672 2543.251 2532.691
3047.691 3052.231 3065.390 3080.705 3068.348 3075.024 3081.932 3088.797 3091.154 3091.829 3091.517 3089.196 3088.574 3086.428 3082.586 3072.500 3074.068 3075.859 3078.429 3082.076 3080.897 3081.937 3084.867 3083.203 3077.376 3073.485 3071.915 3072.721 3080.018 3083.364 3084.254 3081.691 3080.846 3080.037 3077.294 3073.871 3069.048 3062.879 3073.805 3062.597 3036.526 2999.242 2960.776 2951.441 2951.543 2951.927 2950.254 2944.849 2927.461 2900.742 2864.448 2826.815 2817.525 2804.035 2787.712 2773.382 2755.946 2717.668 2681.546 2657.634 2644.950 2621.254
3089.385 3091.996 3094.408 3091.328 3088.195 3083.418 3081.985 3080.679 3078.287 3078.935 3077.054 3073.084 3069.270 3061.893 3050.694 3039.527 3036.341 3040.738 3046.137 3050.989 3054.993 3058.561 3058.934 3053.750 3045.585 3038.257 3036.524 3043.221 3048.864 3054.916 3055.709 3054.324 3052.007 3051.916 3048.933 3049.227 3056.030 3070.145 3073.844 3078.563 3077.860 3064.450 3040.189 3045.413 3025.869 3031.146 3026.712 3015.578 2994.790 2971.167 2941.049 2911.569 2891.448 2884.025 2878.587 2871.978 2859.464 2822.352 2788.531 2759.195 2738.110 2712.780
3073.918 3080.885 3082.053 3075.118 3066.763 3059.756 3052.681 3050.499 3049.767 3049.437 3049.852 3044.649 3035.968 3019.703 3008.263 2997.251 2991.348 2988.235 2992.201 3002.904 3014.135 3019.007 3010.639 3002.591 2991.264 2983.266 2983.649 2985.079 2994.334 3010.065 3016.526 3017.238 3011.222 3005.389 2998.967 2996.199 3002.628 3017.583 3033.587 3048.306 3056.946 3064.382 3071.141 3071.249 3073.395 3074.542 3072.755 3074.290 3057.515 3034.866 3008.002 2983.395 2957.713 2953.093 2952.491 2948.846 2946.732 2915.723 2880.312 2846.772 2819.823 2793.599
3047.160 3049.502 3045.787 3039.463 3029.618 3018.873 3009.395 3002.443 3003.491 3005.861 3007.367 3000.546 2985.753 2968.388 2955.159 2941.492 2937.661 2932.220 2925.808 2936.047 2954.790 2961.741 2946.635 2936.184 2921.442 2914.662 2910.991 2911.992 2920.984 2942.402 2964.700 2966.402 2955.834 2945.354 2940.497 2937.346 2942.339 2959.156 2979.260 2994.551 3004.403 3009.610 3017.278 3026.482 3039.822 3053.816 3065.460 3071.208 3078.180 3074.636 3064.125 3055.132 3032.362 3018.474 3010.278 3005.847 2998.636 2975.859 2947.490 2920.522 2894.214 2871.244
3011.443 3008.132 3002.313 2995.564 2977.352 2965.390 2953.185 2939.076 2935.651 2931.757 2933.274 2922.193 2913.748 2896.933 2881.866 2866.534 2854.375 2848.778 2842.489 2842.772 2856.840 2865.440 2854.791 2844.984 2833.715 2828.705 2825.370 2827.609 2837.883 2858.076 2876.298 2884.042 2876.359 2873.609 2872.605 2870.888 2876.623 2888.152 2906.188 2927.547 2945.037 2954.330 2961.118 2970.259 2984.293 2997.947 3011.744 3028.990 3050.570 3065.840 3075.348 3076.771 3075.782 3069.302 3069.866 3059.539 3047.695 3028.662 3004.307 2977.538 2951.610 2934.337
2970.854 2965.010 2959.531 2939.700 2888.150 2868.635 2850.623 2835.275 2829.383 2821.772 2808.714 2800.306 2795.498 2795.107 2781.021 2763.918 2747.034 2742.264 2738.691 2724.153 2722.563 2723.954 2736.355 2729.950 2727.291 2727.913 2725.462 2727.271 2740.152 2748.984 2755.690 2761.992 2764.528 2773.479 2780.460 2788.187 2804.280 2815.331 2830.692 2850.660 2874.924 2889.053 2898.013 2908.050 2922.886 2938.650 2955.715 2977.498 3002.436 3018.164 3028.894 3040.407 3053.245 3067.629 3073.945 3081.322 3079.806 3075.508 3052.714 3025.049 3004.526 2987.035
2909.139 2907.087 2897.979 2848.198 2807.757 2775.204 2758.498 2736.177 2724.063 2710.021 2676.103 2660.275 2658.627 2670.857 2665.906 2650.526 2638.364 2629.681 2621.422 2605.431 2589.884 2595.599 2612.145 2611.492 2613.326 2620.001 2619.057 2613.264 2612.871 2625.330 2631.268 2641.613 2656.861 2661.047 2674.592 2705.216 2717.535 2731.780 2749.820 2769.792 2791.195 2812.201 2825.243 2839.505 2857.318 2873.330 2893.060 2915.178 2943.628 2963.788 2977.581 2988.076 2998.578 3013.552 3033.583 3051.882 3069.367 3079.288 3080.304 3069.964 3051.684 3033.031
2811.573 2805.911 2780.764 2731.403 2695.429 2671.162 2650.318 2628.056 2606.861 2573.645 2540.917 2520.448 2533.715 2544.277 2553.135 2541.484 2530.622 2521.313 2504.955 2488.904 2474.171 2484.535 2493.154 2508.936 2514.764 2518.535 2523.312 2521.799 2512.698 2510.312 2518.139 2527.585 2538.468 2556.849 2589.554 2613.213 2630.093 2649.521 2667.572 2688.262 2710.401 2731.724 2747.439 2764.827 2782.606 2802.566 2821.354 2843.944 2871.574 2896.300 2911.460 2925.750 2938.816 2957.520 2980.549 3002.721 3027.043 3048.113 3061.040 3073.712 3078.898 3074.289
2697.326 2679.305 2636.517 2596.009 2572.458 2557.631 2535.370 2514.915 2487.865 2456.022 2434.122 2414.690 2424.732 2434.681 2452.716 2443.619 2436.080 2432.629 2417.880 2404.768 2389.163 2395.924 2407.432 2428.998 2434.377 2438.209 2446.743 2445.721 2441.470 2426.121 2432.933 2443.000 2456.621 2485.714 2507.913 2529.706 2550.106 2568.517 2589.009 2610.431 2632.455 2657.216 2675.442 2693.224 2713.559 2731.986 2746.570 2763.286 2786.957 2807.734 2827.657 2848.825 2863.267 2887.061 2916.633 2945.855 2979.058 3002.565 3017.723 3030.055 3042.075 3061.121
2555.191 2508.827 2475.904 2452.935 2448.661 2436.187 2417.042 2398.809 2380.312 2358.553 2339.831 2316.093 2321.823 2337.316 2354.033 2353.878 2354.044 2352.558 2343.135 2329.961 2316.586 2320.394 2336.946 2354.550 2363.783 2371.079 2378.609 2378.238 2369.189 2359.254 2363.774 2378.116 2393.457 2411.083 2431.168 2451.129 2470.306 2491.498 2512.984 2534.707 2558.286 2583.497 2602.948 2625.087 2648.034 2664.111 2672.667 2681.136 2700.750 2716.350 2737.047 2758.694 2775.751 2802.424 2836.024 2876.439 2915.466 2953.661 2970.866 2984.129 2994.431 3010.108
2435.392 2404.121 2376.562 2368.330 2353.660 2340.754 2326.859 2307.902 2292.082 2277.445 2257.113 2245.867 2253.345 2267.286 2276.804 2282.961 2281.084 2278.991 2273.217 2259.661 2254.053 2263.709 2278.925 2292.869 2303.946 2310.657 2315.861 2312.694 2303.516 2299.409 2307.083 2321.963 2335.106 2349.692 2369.444 2388.599 2408.816 2429.864 2450.526 2473.503 2497.164 2521.534 2546.574 2567.645 2585.632 2593.616 2602.167 2602.713 2613.660 2628.729 2645.170 2666.350 2689.266 2714.645 2753.134 2793.189 2832.281 2871.100 2904.283 2923.760 2940.264 2959.898
2366.986 2338.617 2311.051 2287.092 2275.095 2269.459 2257.631 2241.501 2230.980 2216.248 2205.151 2210.320 2212.676 2222.119 2221.585 2222.881 2220.712 2220.336 2217.849 2210.730 2221.355 2228.178 2241.863 2252.005 2261.515 2267.259 2270.774 2271.323 2266.222 2271.055 2276.942 2290.254 2300.887 2313.956 2333.075 2348.932 2366.656 2387.326 2408.650 2430.842 2454.712 2480.771 2503.642 2520.254 2526.212 2534.258 2535.437 2524.431 2534.615 2546.070 2556.037 2575.693 2595.485 2616.415 2653.452 2697.551 2744.601 2781.917 2825.333 2851.703 2875.890 2897.733
2284.192 2255.939 2228.936 2208.862 2204.082 2194.077 2184.412 2173.418 2160.818 2153.565 2158.967 2157.179 2155.492 2154.715 2157.872 2161.471 2161.252 2160.562 2163.182 2172.960 2177.408 2182.843 2192.058 2203.191 2214.545 2218.152 2222.283 2226.330 2231.340 2233.871 2237.249 2247.440 2258.700 2270.635 2286.015 2302.724 2320.437 2341.623 2363.676 2387.335 2412.731 2438.977 2459.376 2466.976 2475.419 2476.317 2468.484 2461.526 2464.444 2474.936 2481.227 2497.274 2517.828 2528.497 2566.114 2613.485 2654.521 2690.094 2725.011 2765.589 2792.878 2818.163
2221.102 2193.152 2172.005 2157.610 2147.855 2137.994 2128.103 2116.142 2109.146 2110.088 2107.969 2106.251 2104.373 2107.744 2111.653 2116.343 2116.705 2117.875 2120.952 2125.409 2131.919 2141.314 2152.080 2164.261 2179.557 2184.427 2189.037 2194.844 2197.530 2200.712 2204.510 2215.151 2226.513 2238.003 2254.271 2271.433 2289.572 2311.183 2336.206 2365.356 2391.456 2417.314 2440.450 2449.086 2452.184 2449.739 2442.234 2427.634 2424.193 2432.645 2432.920 2442.038 2459.376 2466.865 2492.901 2531.952 2558.854 2592.814 2631.062 2682.729 2711.728 2743.482
2153.329 2133.586 2118.513 2100.324 2087.532 2077.369 2069.170 2064.059 2063.634 2061.421 2060.263 2059.257 2057.410 2059.127 2063.575 2067.678 2070.278 2073.341 2077.575 2084.327 2093.442 2101.610 2113.418 2128.145 2143.451 2150.479 2155.997 2161.976 2166.350 2170.517 2173.989 2183.543 2194.887 2204.812 2221.423 2239.579 2258.492 2283.511 2312.602 2342.470 2368.219 2393.195 2419.124 2422.401 2423.170 2422.389 2407.173 2391.817 2383.801 2384.842 2385.218 2387.010 2396.618 2406.432 2425.603 2447.618 2474.098 2508.674 2555.854 2601.126 2634.422 2664.044
