tests/3D/Borden05m_nopit_001/output_maps/psiliqL0021N0008.asc
ncols         160
nrows         34
xllcorner     620200.000000
yllcorner     5168000.000000
cellsize      0.500000
NODATA_value  -9999.0
[rows 0 to 27 of 34, columns 62 to 123 of 160]
-9999.000 -9999.000 -9999.000 -9999.000 -9999.000 -9999.000 -9999.000 -9999.000 -9999.000 -9999.000 -9999.000 -9999.000 -9999.000 -9999.000 -9999.000 -9999.000 -9999.000 -9999.000 -9999.000 -9999.000 -9999.000 -9999.000 -9999.000 -9999.000 -9999.000 -9999.000 -9999.000 -9999.000 -9999.000 -9999.000 -9999.000 -9999.000 -9999.000 -9999.000 -9999.000 -9999.000 -9999.000 -9999.000 -9999.000 -9999.000 -9999.000 -9999.000 -9999.000 -9999.000 -9999.000 -9999.000 -9999.000 -9999.000 -9999.000 -9999.000 -9999.000 -9999.000 -9999.000 -9999.000 -9999.000 -9999.000 -9999.000 -9999.000 -9999.000 -9999.000 -9999.000 -9999.000
2384.478 2375.723 2366.354 2358.189 2353.982 2352.804 2351.873 2351.222 2356.119 2364.044 2371.562 2378.449 2380.769 2383.061 2384.977 2385.227 2383.981 2380.681 2377.296 2373.853 2372.180 2364.514 2353.269 2344.752 2342.024 2346.283 2350.671 2353.153 2358.603 2369.141 2379.850 2388.458 2400.817 2407.440 2412.784 2415.625 2411.720 2408.479 2404.697 2399.059 2388.052 -9999.000 -9999.000 -9999.000 -9999.000 -9999.000 -9999.000 -9999.000 -9999.000 -9999.000 -9999.000 -9999.000 -9999.000 -9999.000 -9999.000 -9999.000 -9999.000 -9999.000 -9999.000 -9999.000 -9999.000 -9999.000
2364.553 2359.956 2351.275 2345.967 2340.375 2337.885 2337.767 2337.580 2341.280 2351.678 2359.418 2363.940 2366.417 2369.062 2367.878 2367.099 2366.747 2363.775 2360.243 2356.797 2354.909 2355.921 2348.286 2342.451 2338.708 2336.230 2338.879 2341.465 2345.615 2354.935 2362.977 2371.078 2385.987 2398.958 2404.582 2402.181 2397.587 2393.939 2386.961 2376.615 2366.596 2357.878 2351.563 2346.321 2340.377 2346.833 2354.402 2364.102 2373.353 2385.488 2397.767 -9999.000 -9999.000 -9999.000 -9999.000 -9999.000 -9999.000 -9999.000 -9999.000 -9999.000 -9999.000 -9999.000
2344.433 2347.417 2343.906 2338.975 2332.068 2341.300 2342.211 2342.893 2345.942 2348.124 2352.329 2354.734 2359.940 2368.783 2371.422 2371.766 2371.727 2369.692 2366.393 2364.402 2361.541 2356.219 2354.616 2354.437 2353.487 2357.868 2359.368 2361.843 2355.944 2360.087 2366.380 2373.370 2379.364 2385.817 2389.034 2385.919 2386.142 2377.998 2364.516 2354.405 2346.766 2346.363 2343.515 2335.832 2322.725 2330.784 2346.875 2351.764 2354.786 2366.213 2378.594 2389.126 2392.087 2391.863 2391.602 2388.851 2375.096 2360.473 2345.525 2326.925 -9999.000 -9999.000
2351.791 2349.817 2346.240 2342.509 2353.425 2361.846 2363.110 2365.478 2369.092 2369.203 2357.801 2355.475 2362.964 2372.699 2377.916 2377.945 2377.532 2374.333 2373.103 2372.712 2370.656 2370.514 2372.284 2370.663 2374.154 2379.628 2382.767 2376.609 2368.004 2369.789 2378.056 2386.895 2394.487 2404.961 2416.101 2416.085 2411.410 2403.022 2390.484 2368.011 2350.063 2339.441 2332.060 2325.101 2327.214 2323.416 2336.497 2338.462 2340.915 2348.737 2359.189 2369.809 2376.012 2375.481 2374.876 2372.499 2363.033 2348.364 2333.623 2316.402 2290.274 2261.637
2352.006 2351.173 2352.268 2362.020 2374.125 2386.153 2388.057 2389.837 2388.642 2380.362 2369.949 2366.706 2380.331 2396.616 2404.413 2404.156 2401.035 2405.411 2404.817 2404.343 2400.297 2401.408 2400.367 2407.372 2414.911 2422.458 2420.920 2408.745 2396.855 2396.319 2400.843 2406.489 2413.666 2423.997 2433.545 2428.921 2423.372 2415.436 2389.199 2365.388 2350.633 2351.360 2352.304 2348.097 2346.017 2344.581 2339.725 2339.982 2339.423 2339.278 2351.604 2364.709 2368.351 2361.931 2358.114 2355.953 2347.941 2336.688 2321.127 2304.214 2284.866 2256.850
2384.541 2385.568 2391.820 2402.691 2416.693 2438.704 2439.005 2440.122 2440.086 2427.685 2414.720 2404.179 2424.368 2434.859 2442.362 2441.236 2447.946 2456.855 2452.778 2445.741 2434.312 2440.050 2448.428 2463.367 2470.718 2475.363 2472.100 2459.386 2453.112 2453.553 2458.444 2458.358 2465.540 2475.047 2490.227 2489.551 2484.493 2464.191 2427.928 2397.399 2382.446 2392.145 2386.588 2380.583 2379.589 2367.940 2359.807 2361.807 2353.561 2348.663 2361.118 2367.956 2369.586 2362.299 2367.603 2360.681 2340.748 2324.063 2309.341 2295.086 2278.610 2272.344
2402.011 2407.014 2416.607 2434.075 2453.281 2474.070 2475.954 2472.752 2482.007 2475.049 2464.683 2456.768 2473.924 2484.541 2495.089 2502.129 2514.540 2525.180 2511.289 2496.173 2487.751 2493.918 2516.966 2537.127 2541.916 2541.793 2542.541 2529.814 2524.384 2519.805 2518.121 2514.420 2511.884 2534.550 2554.314 2553.919 2532.312 2509.798 2472.394 2435.570 2409.084 2417.529 2415.175 2417.493 2406.246 2393.815 2383.741 2379.143 2372.197 2361.382 2369.457 2374.531 2383.396 2391.390 2394.715 2378.325 2360.927 2341.833 2323.936 2309.908 2304.033 2298.169
2471.823 2484.409 2491.499 2508.064 2527.187 2554.537 2569.575 2583.297 2587.014 2579.243 2570.433 2557.920 2560.183 2581.118 2592.620 2601.610 2610.693 2623.039 2625.291 2620.011 2618.630 2622.425 2633.242 2645.381 2651.985 2655.878 2659.610 2650.201 2638.489 2634.875 2628.295 2625.096 2623.844 2632.063 2649.157 2646.814 2615.037 2588.929 2556.008 2519.197 2490.132 2480.592 2495.395 2490.702 2474.671 2461.659 2433.252 2424.643 2413.576 2388.889 2387.933 2393.540 2404.684 2417.957 2404.692 2388.507 2371.057 2351.382 2333.827 2326.939 2325.487 2322.547
2589.225 2596.595 2599.876 2606.265 2637.964 2671.411 2697.364 2720.091 2727.420 2715.715 2705.847 2692.883 2683.769 2691.966 2707.859 2724.880 2739.866 2750.993 2753.603 2752.143 2752.250 2754.856 2757.769 2761.483 2768.945 2776.344 2785.451 2794.579 2785.998 2769.278 2759.006 2748.396 2746.213 2746.749 2748.757 2749.743 2736.988 2699.794 2670.225 2639.094 2616.965 2601.775 2597.326 2579.662 2557.123 2509.106 2471.940 2440.516 2419.741 2396.462 2401.561 2421.985 2461.069 2461.936 2450.317 2434.890 2411.438 2388.424 2367.111 2362.786 2361.091 2356.692
2713.039 2717.093 2720.068 2723.991 2748.635 2787.965 2825.825 2855.948 2857.016 2844.738 2833.665 2824.019 2810.993 2807.199 2817.897 2831.563 2850.124 2860.804 2868.133 2865.780 2866.052 2867.312 2869.495 2871.466 2874.432 2883.043 2896.846 2910.098 2909.972 2893.224 2875.785 2859.473 2855.465 2851.935 2846.947 2848.754 2850.530 2838.267 2809.927 2772.397 2732.169 2712.758 2696.293 2685.464 2669.825 2635.939 2576.383 2541.546 2506.091 2477.631 2472.378 2531.358 2544.367 2533.923 2522.109 2500.083 2472.956 2449.542 2426.913 2423.026 2419.082 2411.857
2828.827 2835.595 2839.271 2846.203 2862.382 2891.027 2923.623 2951.803 2967.566 2961.094 2945.049 2924.651 2916.475 2914.120 2917.102 2925.489 2936.531 2954.477 2972.502 2978.092 2978.910 2976.317 2978.586 2979.966 2980.047 2982.279 2989.412 2998.258 3001.343 2994.685 2975.576 2953.485 2941.251 2934.172 2930.544 2930.663 2934.645 2936.837 2923.515 2890.927 2849.571 2819.187 2802.331 2789.124 2775.978 2764.801 2737.692 2718.703 2685.410 2640.122 2610.516 2636.557 2628.638 2618.279 2595.393 2565.193 2535.746 2505.415 2479.297 2468.769 2464.821 2462.641
2940.123 2944.652 2952.588 2967.542 2989.049 3006.062 3026.412 3050.881 3065.670 3070.975 3069.961 3066.868 3068.258 3068.539 3018.262 3023.401 3028.505 3042.198 3055.054 3059.610 3060.120 3058.082 3059.648 3060.261 3060.237 3059.875 3061.396 3065.462 3067.016 3065.094 3054.563 3067.654 3048.804 3035.992 3028.137 3020.201 3012.001 3002.728 2993.186 2974.850 2945.915 2912.613 2889.806 2881.214 2875.468 2868.170 2863.104 2847.367 2825.828 2793.131 2754.810 2729.979 2725.886 2710.177 2678.584 2651.298 2631.250 2596.430 2565.870 2547.655 2544.319 2533.847
3047.691 3052.231 3065.390 3080.706 3068.348 3075.024 3081.933 3088.797 3091.154 3091.829 3091.518 3089.197 3088.575 3086.429 3082.588 3072.502 3074.070 3075.862 3078.433 3082.080 3080.902 3081.942 3084.874 3083.211 3077.386 3073.497 3071.928 3072.737 3080.036 3083.386 3084.279 3081.721 3080.881 3080.078 3077.343 3073.927 3069.113 3062.956 3073.893 3062.699 3036.645 2999.378 2960.932 2951.620 2951.747 2952.160 2950.520 2945.150 2927.802 2901.126 2864.880 2827.300 2818.067 2804.640 2788.384 2774.126 2756.767 2718.570 2682.535 2658.715 2646.126 2622.529
3089.385 3091.997 3094.408 3091.329 3088.195 3083.418 3081.985 3080.680 3078.287 3078.936 3077.055 3073.085 3069.271 3061.894 3050.696 3039.529 3036.343 3040.741 3046.141 3050.993 3054.998 3058.567 3058.941 3053.758 3045.595 3038.268 3036.537 3043.237 3048.883 3054.938 3055.735 3054.355 3052.044 3051.959 3048.983 3049.286 3056.098 3070.224 3073.936 3078.670 3077.984 3064.593 3040.354 3045.602 3026.085 3031.394 3026.994 3015.899 2995.154 2971.578 2941.513 2912.091 2892.033 2884.679 2879.316 2872.787 2860.359 2823.339 2789.615 2760.382 2739.404 2714.186
3073.918 3080.886 3082.054 3075.118 3066.764 3059.757 3052.681 3050.500 3049.768 3049.437 3049.853 3044.650 3035.969 3019.705 3008.264 2997.253 2991.350 2988.238 2992.204 3002.908 3014.139 3019.013 3010.646 3002.600 2991.274 2983.278 2983.663 2985.095 2994.353 3010.088 3016.553 3017.270 3011.259 3005.433 2999.019 2996.259 3002.699 3017.665 3033.682 3048.417 3057.075 3064.531 3071.312 3071.447 3073.623 3074.803 3073.052 3074.629 3057.901 3035.304 3008.497 2983.953 2958.341 2953.797 2953.277 2949.721 2947.703 2916.797 2881.496 2848.072 2821.244 2795.147
3047.161 3049.502 3045.787 3039.463 3029.618 3018.873 3009.395 3002.443 3003.491 3005.862 3007.368 3000.547 2985.754 2968.389 2955.161 2941.494 2937.663 2932.223 2925.811 2936.051 2954.794 2961.747 2946.642 2936.193 2921.452 2914.673 2911.005 2912.008 2921.003 2942.425 2964.728 2966.435 2955.872 2945.399 2940.550 2937.408 2942.411 2959.240 2979.358 2994.666 3004.536 3009.764 3017.456 3026.687 3040.059 3054.088 3065.772 3071.564 3078.586 3075.098 3064.648 3055.724 3033.030 3019.225 3011.120 3006.788 2999.684 2977.021 2948.776 2921.938 2895.768 2872.943
3011.444 3008.133 3002.313 2995.564 2977.353 2965.391 2953.185 2939.077 2935.651 2931.757 2933.275 2922.194 2913.749 2896.934 2881.868 2866.536 2854.378 2848.781 2842.493 2842.776 2856.845 2865.445 2854.798 2844.993 2833.725 2828.717 2825.384 2827.625 2837.903 2858.099 2876.326 2884.074 2876.398 2873.654 2872.659 2870.951 2876.696 2888.238 2906.288 2927.664 2945.173 2954.488 2961.301 2970.471 2984.537 2998.228 3012.067 3029.360 3050.993 3066.322 3075.896 3077.393 3076.486 3070.096 3070.760 3060.542 3048.816 3029.910 3005.692 2979.070 2953.297 2936.189
2970.854 2965.011 2959.532 2939.701 2888.150 2868.636 2850.624 2835.275 2829.383 2821.773 2808.715 2800.307 2795.499 2795.108 2781.022 2763.920 2747.037 2742.267 2738.694 2724.157 2722.568 2723.960 2736.362 2729.959 2727.301 2727.925 2725.476 2727.288 2740.172 2749.008 2755.718 2762.025 2764.567 2773.525 2780.514 2788.251 2804.355 2815.418 2830.794 2850.779 2875.063 2889.214 2898.200 2908.266 2923.136 2938.938 2956.047 2977.879 3002.872 3018.663 3029.464 3041.055 3053.981 3068.462 3074.885 3082.380 3080.993 3076.835 3054.193 3026.690 3006.341 2989.036
2909.139 2907.087 2897.979 2848.198 2807.758 2775.204 2758.498 2736.178 2724.063 2710.022 2676.104 2660.276 2658.629 2670.858 2665.908 2650.528 2638.367 2629.684 2621.425 2605.435 2589.889 2595.605 2612.151 2611.500 2613.336 2620.013 2619.071 2613.281 2612.891 2625.353 2631.296 2641.647 2656.900 2661.093 2674.646 2705.280 2717.610 2731.869 2749.924 2769.912 2791.335 2812.364 2825.433 2839.725 2857.572 2873.624 2893.399 2915.568 2944.076 2964.300 2978.166 2988.744 2999.339 3014.416 3034.561 3052.987 3070.611 3080.684 3081.865 3071.705 3053.618 3035.172
2811.573 2805.912 2780.764 2731.403 2695.430 2671.162 2650.319 2628.056 2606.862 2573.646 2540.918 2520.449 2533.716 2544.278 2553.137 2541.486 2530.624 2521.316 2504.958 2488.908 2474.176 2484.541 2493.160 2508.945 2514.774 2518.547 2523.326 2521.816 2512.717 2510.336 2518.167 2527.618 2538.507 2556.895 2589.608 2613.277 2630.168 2649.610 2667.676 2688.384 2710.543 2731.889 2747.631 2765.050 2782.863 2802.864 2821.697 2844.340 2872.029 2896.822 2912.057 2926.433 2939.596 2958.407 2981.557 3003.862 3028.333 3049.566 3062.671 3075.538 3080.935 3076.554
2697.327 2679.305 2636.517 2596.010 2572.458 2557.632 2535.371 2514.915 2487.866 2456.023 2434.123 2414.691 2424.733 2434.682 2452.718 2443.621 2436.082 2432.632 2417.883 2404.772 2389.168 2395.930 2407.439 2429.006 2434.387 2438.220 2446.757 2445.738 2441.490 2426.145 2432.961 2443.033 2456.660 2485.760 2507.968 2529.770 2550.182 2568.606 2589.113 2610.553 2632.597 2657.381 2675.635 2693.448 2713.818 2732.286 2746.916 2763.685 2787.417 2808.262 2828.263 2849.518 2864.060 2887.964 2917.662 2947.024 2980.382 3004.061 3019.408 3031.949 3044.196 3063.488
2555.191 2508.827 2475.905 2452.936 2448.662 2436.188 2417.043 2398.810 2380.313 2358.554 2339.832 2316.094 2321.824 2337.318 2354.034 2353.880 2354.047 2352.561 2343.138 2329.965 2316.591 2320.400 2336.953 2354.558 2363.792 2371.090 2378.623 2378.254 2369.209 2359.277 2363.802 2378.149 2393.496 2411.130 2431.223 2451.194 2470.381 2491.587 2513.089 2534.829 2558.429 2583.663 2603.142 2625.312 2648.294 2664.412 2673.016 2681.538 2701.212 2716.881 2737.657 2759.393 2776.551 2803.338 2837.066 2877.625 2916.813 2955.186 2972.590 2986.072 2996.613 3012.552
2435.392 2404.121 2376.562 2368.330 2353.661 2340.755 2326.860 2307.902 2292.083 2277.446 2257.113 2245.868 2253.346 2267.288 2276.806 2282.963 2281.086 2278.993 2273.220 2259.665 2254.058 2263.714 2278.931 2292.877 2303.955 2310.668 2315.874 2312.710 2303.536 2299.432 2307.111 2321.996 2335.145 2349.738 2369.498 2388.663 2408.892 2429.953 2450.630 2473.625 2497.307 2521.700 2546.768 2567.870 2585.893 2593.918 2602.517 2603.116 2614.124 2629.262 2645.782 2667.052 2690.069 2715.563 2754.182 2794.384 2833.640 2872.642 2906.028 2925.731 2942.486 2962.394
2366.987 2338.617 2311.051 2287.092 2275.095 2269.459 2257.631 2241.502 2230.980 2216.249 2205.152 2210.321 2212.677 2222.120 2221.586 2222.883 2220.714 2220.338 2217.852 2210.733 2221.360 2228.184 2241.870 2252.013 2261.525 2267.270 2270.787 2271.339 2266.242 2271.078 2276.970 2290.287 2300.926 2314.002 2333.129 2348.996 2366.731 2387.415 2408.755 2430.965 2454.854 2480.938 2503.836 2520.480 2526.474 2534.560 2535.786 2524.834 2535.079 2546.603 2556.649 2576.396 2596.289 2617.334 2654.501 2698.748 2745.963 2783.465 2827.087 2853.687 2878.130 2900.255
2284.192 2255.939 2228.936 2208.863 2204.082 2194.077 2184.412 2173.419 2160.818 2153.566 2158.968 2157.179 2155.493 2154.716 2157.873 2161.473 2161.255 2160.565 2163.185 2172.964 2177.412 2182.849 2192.064 2203.199 2214.555 2218.163 2222.297 2226.347 2231.360 2233.894 2237.277 2247.472 2258.739 2270.681 2286.069 2302.788 2320.512 2341.712 2363.780 2387.457 2412.873 2439.144 2459.570 2467.202 2475.681 2476.619 2468.833 2461.929 2464.907 2475.469 2481.839 2497.976 2518.631 2529.414 2567.161 2614.679 2655.881 2691.638 2726.764 2767.573 2795.119 2820.689
2221.102 2193.152 2172.005 2157.611 2147.855 2137.994 2128.103 2116.143 2109.146 2110.088 2107.970 2106.251 2104.374 2107.745 2111.655 2116.345 2116.707 2117.878 2120.955 2125.413 2131.923 2141.320 2152.086 2164.269 2179.566 2184.438 2189.050 2194.860 2197.549 2200.734 2204.537 2215.184 2226.552 2238.049 2254.324 2271.497 2289.646 2311.271 2336.310 2365.477 2391.599 2417.480 2440.643 2449.311 2452.446 2450.042 2442.583 2428.036 2424.656 2433.177 2433.531 2442.737 2460.177 2467.780 2493.945 2533.141 2560.208 2594.351 2632.806 2684.703 2713.958 2745.997
2153.329 2133.586 2118.513 2100.324 2087.532 2077.369 2069.170 2064.060 2063.635 2061.421 2060.263 2059.258 2057.411 2059.128 2063.577 2067.680 2070.280 2073.344 2077.578 2084.330 2093.446 2101.616 2113.425 2128.152 2143.460 2150.490 2156.011 2161.992 2166.369 2170.540 2174.016 2183.575 2194.925 2204.857 2221.476 2239.641 2258.566 2283.598 2312.705 2342.591 2368.361 2393.361 2419.317 2422.626 2423.431 2422.691 2407.521 2392.219 2384.263 2385.373 2385.827 2387.707 2397.415 2407.343 2426.643 2448.801 2475.443 2510.202 2557.585 2603.085 2636.634 2666.536
