tests/3D/Borden05m_nopit_001/output_maps/psiliqL0019N0038.asc
ncols         160
nrows         34
xllcorner     620200.000000
yllcorner     5168000.000000
cellsize      0.500000
NODATA_value  -9999.0
[rows 0 to 27 of 34, columns 62 to 123 of 160]
-9999.000 -9999.000 -9999.000 -9999.000 -9999.000 -9999.000 -9999.000 -9999.000 -9999.000 -9999.000 -9999.000 -9999.000 -9999.000 -9999.000 -9999.000 -9999.000 -9999.000 -9999.000 -9999.000 -9999.000 -9999.000 -9999.000 -9999.000 -9999.000 -9999.000 -9999.000 -9999.000 -9999.000 -9999.000 -9999.000 -9999.000 -9999.000 -9999.000 -9999.000 -9999.000 -9999.000 -9999.000 -9999.000 -9999.000 -9999.000 -9999.000 -9999.000 -9999.000 -9999.000 -9999.000 -9999.000 -9999.000 -9999.000 -9999.000 -9999.000 -9999.000 -9999.000 -9999.000 -9999.000 -9999.000 -9999.000 -9999.000 -9999.000 -9999.000 -9999.000 -9999.000 -9999.000
1984.846 1976.007 1966.627 1958.352 1954.149 1952.982 1952.031 1951.393 1956.326 1964.223 1971.730 1978.645 1980.951 1983.245 1985.208 1985.487 1984.217 1980.912 1977.531 1974.082 1972.433 1964.652 1953.364 1944.767 1942.025 1946.319 1950.726 1953.216 1958.774 1969.372 1980.120 1988.733 2001.001 2007.455 2012.785 2015.710 2011.818 2008.565 2004.837 1999.380 1988.394 -9999.000 -9999.000 -9999.000 -9999.000 -9999.000 -9999.000 -9999.000 -9999.000 -9999.000 -9999.000 -9999.000 -9999.000 -9999.000 -9999.000 -9999.000 -9999.000 -9999.000 -9999.000 -9999.000 -9999.000 -9999.000
1964.892 1960.171 1951.434 1946.073 1940.462 1938.063 1937.925 1937.742 1941.490 1951.777 1959.529 1964.068 1966.513 1969.106 1968.108 1967.357 1966.982 1964.006 1960.478 1957.026 1955.143 1955.989 1948.349 1942.586 1938.911 1936.629 1939.243 1941.784 1945.756 1955.135 1963.227 1971.370 1986.160 1999.033 2004.609 2002.241 1997.618 1994.007 1987.173 1976.962 1966.902 1957.908 1951.462 1946.216 1940.408 1946.821 1954.211 1964.006 1973.407 1985.520 1997.770 -9999.000 -9999.000 -9999.000 -9999.000 -9999.000 -9999.000 -9999.000 -9999.000 -9999.000 -9999.000 -9999.000
1944.760 1947.567 1943.974 1939.033 1932.518 1941.474 1942.391 1943.111 1946.150 1948.499 1952.376 1954.817 1960.011 1968.839 1971.448 1971.792 1971.755 1969.733 1966.447 1964.475 1961.615 1956.299 1954.793 1954.701 1953.898 1958.406 1959.900 1962.196 1956.124 1960.145 1966.443 1973.429 1979.597 1986.155 1989.625 1986.550 1986.588 1978.480 1965.016 1954.750 1946.984 1946.268 1943.401 1935.751 1922.824 1930.715 1946.728 1951.591 1954.726 1966.229 1978.573 1988.996 1991.747 1991.461 1991.140 1988.371 1974.556 1959.879 1944.919 1926.287 -9999.000 -9999.000
1951.808 1949.831 1946.286 1942.868 1954.041 1962.570 1963.843 1966.243 1969.774 1969.636 1958.057 1955.654 1963.275 1973.089 1978.379 1978.390 1978.001 1975.037 1973.815 1973.384 1971.254 1971.293 1973.178 1971.907 1975.638 1981.126 1984.196 1977.651 1968.954 1970.539 1978.715 1987.422 1994.996 2005.572 2016.832 2016.660 2011.874 2003.478 1990.843 1968.293 1950.101 1939.547 1932.343 1925.435 1927.120 1923.608 1936.314 1938.270 1940.617 1948.564 1958.979 1969.487 1975.588 1975.029 1974.402 1971.980 1962.473 1947.749 1932.959 1915.788 1889.701 1861.024
1952.418 1951.696 1953.109 1963.346 1975.653 1988.085 1990.021 1991.848 1990.739 1982.192 1971.772 1968.335 1982.155 1998.312 2006.131 2006.012 2003.419 2008.347 2007.490 2006.644 2002.338 2003.628 2003.162 2010.828 2018.326 2025.713 2024.102 2012.004 2000.279 1999.538 2003.665 2008.765 2015.758 2026.138 2035.828 2031.233 2025.466 2017.231 1990.661 1966.288 1951.259 1952.059 1952.991 1948.785 1946.592 1944.846 1939.590 1939.771 1939.231 1939.039 1951.305 1964.250 1967.833 1961.438 1957.619 1955.404 1947.232 1935.984 1920.424 1903.456 1884.125 1855.999
1986.098 1987.438 1993.926 2005.076 2019.666 2041.882 2042.587 2044.033 2044.560 2032.392 2019.547 2008.797 2028.262 2038.567 2046.245 2045.740 2053.132 2062.181 2057.918 2050.591 2039.425 2045.235 2054.398 2069.272 2076.397 2080.792 2078.053 2065.801 2059.711 2059.701 2063.940 2063.320 2069.887 2079.668 2094.922 2094.464 2088.642 2068.098 2032.048 2000.934 1984.945 1993.881 1988.276 1982.341 1980.897 1968.909 1960.297 1961.976 1953.555 1948.454 1960.740 1967.436 1969.071 1961.909 1967.199 1960.101 1940.409 1923.563 1908.634 1894.274 1877.955 1871.426
2007.054 2012.444 2021.867 2039.385 2059.155 2080.357 2083.574 2081.761 2090.896 2083.968 2073.805 2065.744 2081.216 2092.065 2102.768 2110.359 2122.700 2133.442 2120.609 2106.276 2098.653 2104.488 2126.533 2145.806 2150.595 2150.795 2152.066 2140.360 2134.680 2129.618 2127.105 2122.953 2120.128 2141.705 2160.731 2160.225 2138.535 2116.045 2079.442 2042.910 2015.479 2022.036 2019.997 2021.840 2010.041 1997.228 1985.886 1980.349 1973.132 1961.691 1969.232 1974.394 1983.501 1991.741 1994.443 1977.988 1960.528 1941.325 1923.202 1909.038 1903.244 1897.399
2082.131 2094.381 2101.125 2116.975 2136.950 2164.955 2181.200 2195.949 2199.594 2191.549 2182.641 2169.933 2171.009 2190.768 2202.230 2211.497 2220.866 2233.102 2236.113 2231.492 2230.299 2233.867 2243.619 2254.830 2261.377 2265.603 2269.779 2261.891 2250.646 2246.378 2239.333 2235.329 2233.868 2240.764 2256.446 2254.416 2224.499 2198.634 2166.507 2130.263 2101.238 2090.264 2103.302 2097.508 2081.457 2067.333 2037.841 2027.732 2015.875 1990.422 1988.912 1995.285 2006.875 2019.282 2005.574 1989.292 1971.572 1951.664 1933.622 1926.675 1925.140 1922.073
2199.587 2206.578 2209.946 2216.343 2247.785 2281.118 2307.474 2330.203 2337.608 2326.155 2316.258 2303.525 2294.288 2301.337 2316.677 2333.440 2348.454 2359.502 2362.327 2360.918 2361.043 2363.443 2366.320 2369.786 2376.830 2384.124 2393.408 2402.979 2395.148 2378.528 2367.834 2356.561 2353.792 2353.957 2355.189 2356.111 2344.950 2309.695 2280.927 2250.158 2226.945 2210.895 2204.663 2187.145 2165.258 2118.523 2081.318 2049.733 2027.974 2004.012 2007.667 2028.875 2066.086 2065.482 2053.823 2038.021 2014.290 1990.932 1968.919 1964.044 1962.022 1957.316
2322.241 2326.444 2329.686 2334.120 2357.869 2396.240 2433.447 2463.089 2464.667 2453.016 2442.061 2432.198 2419.748 2416.019 2425.893 2438.810 2456.626 2467.404 2475.251 2473.301 2473.593 2474.618 2476.727 2478.620 2481.292 2489.446 2502.685 2515.385 2515.566 2499.764 2482.546 2466.104 2461.431 2457.424 2452.391 2453.942 2455.645 2444.896 2417.797 2381.226 2341.046 2320.465 2303.394 2292.538 2277.385 2246.220 2189.549 2156.526 2121.925 2092.754 2084.539 2139.394 2149.493 2138.972 2126.464 2103.989 2077.021 2053.158 2029.853 2024.892 2020.579 2013.137
2436.593 2443.258 2447.347 2454.835 2470.844 2497.935 2529.242 2556.732 2572.640 2566.759 2551.570 2531.984 2524.542 2522.436 2525.134 2533.010 2543.228 2560.454 2577.837 2583.338 2584.124 2581.571 2583.764 2585.056 2585.116 2587.030 2593.532 2601.895 2604.840 2598.688 2580.466 2559.012 2546.391 2539.047 2535.311 2535.019 2538.457 2540.165 2527.489 2496.255 2456.281 2425.698 2408.070 2394.644 2381.855 2371.186 2346.553 2328.375 2296.362 2252.238 2221.856 2242.395 2234.217 2223.638 2200.551 2170.747 2142.205 2111.596 2084.679 2072.682 2068.108 2065.082
2546.019 2550.442 2558.654 2573.551 2594.209 2610.264 2629.537 2652.998 2667.089 2672.414 2671.708 2669.073 2670.554 2670.798 2626.637 2631.226 2635.773 2647.805 2659.418 2663.474 2663.921 2662.127 2663.560 2664.096 2664.107 2663.745 2664.873 2668.440 2669.799 2668.102 2658.585 2669.163 2650.878 2638.373 2630.679 2622.878 2614.688 2605.471 2596.072 2578.528 2550.489 2517.662 2494.219 2485.278 2479.652 2472.847 2468.018 2452.811 2431.770 2400.121 2362.388 2335.947 2330.819 2315.156 2284.633 2258.505 2239.295 2204.721 2173.631 2154.278 2149.746 2137.954
2649.941 2654.420 2667.202 2681.872 2671.299 2677.165 2683.236 2689.268 2691.339 2691.932 2691.658 2689.372 2688.824 2686.812 2682.792 2672.891 2674.437 2676.151 2678.696 2682.299 2681.083 2682.088 2685.005 2683.386 2677.665 2673.863 2672.293 2673.004 2680.230 2683.504 2684.358 2682.187 2681.382 2680.663 2678.243 2675.224 2670.973 2665.538 2674.553 2663.753 2638.634 2602.781 2565.622 2555.484 2554.774 2555.382 2553.631 2548.308 2531.024 2504.682 2469.011 2431.837 2421.387 2408.148 2392.882 2379.323 2362.532 2324.890 2288.815 2264.179 2250.416 2226.329
2690.033 2692.549 2694.607 2691.494 2688.299 2683.574 2682.206 2680.923 2678.552 2679.209 2677.330 2673.406 2669.701 2662.607 2651.588 2640.424 2637.421 2641.863 2647.152 2651.854 2655.638 2659.128 2659.679 2654.633 2646.597 2639.376 2637.605 2644.210 2649.800 2655.616 2656.365 2654.982 2652.748 2652.729 2649.885 2650.217 2656.879 2670.671 2674.839 2678.966 2678.327 2666.518 2645.169 2647.309 2627.950 2632.857 2628.492 2617.452 2596.917 2573.624 2544.091 2515.201 2494.467 2486.970 2481.665 2475.179 2463.341 2427.151 2393.561 2363.898 2342.168 2316.777
2674.292 2681.217 2682.434 2675.552 2667.304 2660.402 2653.494 2651.389 2650.571 2650.199 2650.569 2645.405 2637.028 2621.125 2609.747 2598.757 2592.869 2590.084 2594.295 2604.731 2615.497 2620.285 2612.369 2604.521 2593.431 2585.468 2585.817 2587.437 2596.567 2611.750 2617.681 2618.352 2612.558 2607.046 2600.740 2598.118 2604.547 2619.328 2634.952 2649.227 2657.612 2664.901 2671.477 2672.407 2674.255 2675.219 2673.599 2674.409 2658.122 2636.113 2610.207 2586.010 2560.464 2555.383 2554.389 2550.613 2548.417 2518.244 2483.262 2449.908 2422.723 2396.512
2647.830 2650.359 2646.822 2640.514 2630.729 2620.104 2610.718 2604.074 2605.124 2607.492 2608.912 2602.304 2587.772 2570.606 2557.485 2543.899 2540.106 2534.876 2529.059 2539.354 2557.613 2564.353 2549.720 2539.476 2524.949 2518.069 2514.555 2515.664 2524.688 2545.582 2567.001 2568.518 2558.141 2547.858 2542.944 2539.831 2545.014 2561.888 2581.657 2596.565 2606.138 2611.285 2618.896 2628.007 2640.892 2654.484 2665.786 2672.048 2678.153 2674.964 2665.644 2655.771 2633.687 2619.953 2611.433 2606.720 2599.230 2576.869 2548.895 2522.098 2495.727 2472.880
2612.416 2609.387 2603.680 2597.038 2579.975 2568.204 2556.299 2542.540 2539.301 2535.805 2537.501 2526.586 2517.884 2500.865 2485.895 2470.665 2459.049 2453.492 2447.382 2448.613 2462.968 2471.647 2460.430 2450.557 2438.973 2433.718 2430.390 2432.513 2442.709 2463.225 2481.410 2488.833 2480.993 2477.548 2476.067 2474.298 2479.781 2491.696 2509.810 2530.706 2547.518 2556.550 2563.315 2572.441 2586.300 2599.746 2613.292 2630.189 2651.064 2665.884 2675.106 2676.937 2675.954 2670.135 2669.573 2659.351 2647.661 2629.033 2604.935 2578.220 2552.228 2534.818
2572.309 2566.509 2561.055 2542.558 2492.649 2473.829 2456.187 2441.189 2435.630 2428.351 2416.728 2408.383 2403.362 2401.666 2387.464 2370.491 2353.947 2349.197 2345.575 2332.398 2332.282 2334.084 2344.569 2337.976 2334.610 2334.588 2332.099 2334.172 2347.128 2356.536 2363.884 2369.985 2371.423 2379.621 2386.114 2392.659 2408.307 2419.520 2434.990 2454.871 2478.546 2492.094 2500.856 2510.785 2525.466 2541.092 2557.887 2579.426 2603.856 2619.237 2629.718 2641.009 2653.462 2667.395 2674.011 2680.680 2679.163 2674.546 2652.214 2625.145 2604.514 2586.840
2512.229 2510.146 2501.518 2454.117 2413.707 2381.653 2365.051 2343.238 2331.701 2318.697 2286.887 2271.740 2269.380 2280.188 2274.407 2258.884 2246.493 2238.100 2230.334 2215.162 2201.204 2206.714 2222.265 2220.771 2221.815 2227.872 2226.708 2221.395 2222.222 2234.948 2241.183 2251.168 2265.266 2269.169 2281.344 2310.519 2322.714 2336.719 2354.756 2374.681 2395.910 2416.297 2428.980 2442.926 2460.565 2476.382 2495.951 2517.962 2545.983 2565.584 2579.101 2589.452 2599.822 2614.559 2634.098 2651.730 2668.572 2678.399 2679.042 2669.683 2650.777 2632.322
2417.188 2411.643 2388.298 2340.219 2303.849 2278.919 2258.330 2236.211 2216.096 2184.771 2152.842 2132.859 2144.677 2154.738 2162.033 2150.111 2139.065 2129.781 2114.186 2098.453 2084.537 2094.524 2103.108 2117.200 2122.468 2126.163 2130.371 2128.859 2120.689 2119.821 2127.638 2136.998 2147.457 2164.358 2195.820 2219.146 2235.576 2254.736 2272.740 2293.372 2315.383 2336.253 2351.591 2368.772 2386.441 2406.195 2425.036 2447.717 2475.239 2499.394 2514.167 2528.015 2540.869 2559.235 2581.809 2603.476 2627.149 2647.668 2659.986 2672.207 2677.621 2673.202
2305.596 2289.310 2248.636 2208.407 2183.079 2166.949 2144.814 2124.266 2097.873 2066.767 2044.400 2025.258 2034.870 2044.399 2061.142 2051.660 2043.548 2039.687 2025.106 2011.965 1996.724 2003.685 2014.819 2035.353 2040.399 2044.075 2052.171 2051.045 2047.078 2033.018 2040.014 2049.868 2063.137 2091.431 2113.691 2135.445 2155.478 2173.745 2194.084 2215.468 2237.377 2261.707 2279.638 2297.174 2317.270 2335.661 2350.666 2367.921 2391.708 2412.472 2431.860 2452.452 2466.718 2490.098 2519.083 2547.457 2579.830 2602.550 2617.322 2629.380 2641.155 2659.483
2166.867 2123.161 2090.840 2066.023 2059.556 2046.406 2027.010 2008.582 1989.974 1967.761 1948.591 1925.143 1930.689 1945.695 1961.954 1960.741 1960.240 1958.526 1948.838 1935.667 1922.328 1926.118 1942.338 1959.720 1968.497 1975.578 1983.034 1982.686 1974.029 1964.308 1968.900 1982.939 1998.162 2016.183 2036.390 2056.361 2075.372 2096.390 2117.800 2139.443 2162.914 2187.876 2206.913 2228.812 2251.555 2267.881 2276.798 2286.059 2306.164 2321.897 2342.338 2363.606 2380.240 2406.716 2439.772 2479.449 2517.783 2554.673 2571.122 2583.975 2594.006 2609.376
2045.676 2014.737 1987.062 1977.393 1962.336 1948.830 1934.451 1915.465 1899.236 1884.012 1863.603 1851.181 1858.369 1872.258 1882.262 1887.787 1885.771 1883.564 1877.495 1863.983 1857.456 1866.859 1882.084 1896.190 1907.019 1913.677 1919.010 1915.881 1906.840 1902.252 1909.866 1924.695 1937.996 1952.924 1972.748 1992.048 2012.217 2033.219 2053.881 2076.823 2100.435 2124.666 2149.338 2170.422 2188.777 2197.027 2205.781 2207.430 2219.029 2234.264 2250.979 2271.999 2294.523 2320.060 2358.246 2397.785 2436.215 2474.167 2505.712 2524.513 2540.372 2559.594
1974.325 1945.937 1918.254 1894.437 1881.730 1875.534 1863.386 1846.884 1835.981 1821.012 1808.719 1812.888 1815.506 1825.443 1825.399 1826.627 1824.355 1823.884 1821.044 1813.195 1823.033 1830.008 1843.886 1854.141 1863.593 1869.400 1872.998 1873.340 1867.880 1872.325 1878.375 1891.824 1902.565 1915.890 1935.159 1951.123 1968.961 1989.636 2010.951 2033.169 2056.996 2082.946 2105.800 2122.687 2129.064 2137.350 2139.215 2129.067 2139.678 2151.400 2161.871 2181.559 2201.358 2222.959 2259.857 2303.399 2349.595 2386.466 2428.551 2453.779 2477.177 2498.574
1890.330 1862.043 1834.855 1814.220 1808.792 1798.771 1788.886 1777.591 1764.884 1756.829 1761.313 1759.480 1758.042 1757.736 1760.887 1764.325 1763.992 1763.245 1765.534 1774.632 1779.040 1784.485 1793.904 1805.010 1816.152 1819.809 1823.928 1827.753 1832.431 1834.928 1838.433 1848.770 1860.046 1872.128 1887.671 1904.381 1922.152 1943.350 1965.305 1988.841 2014.209 2040.324 2060.545 2068.370 2076.930 2078.225 2070.875 2064.285 2067.886 2078.485 2085.375 2101.834 2122.311 2134.163 2172.251 2219.232 2260.379 2295.594 2330.149 2368.894 2395.534 2420.134
1825.838 1797.829 1775.985 1761.057 1751.307 1741.452 1731.526 1719.377 1711.816 1712.259 1710.135 1708.380 1706.577 1709.963 1713.833 1718.449 1718.687 1719.721 1722.711 1727.124 1733.490 1742.811 1753.570 1765.667 1780.754 1785.530 1790.107 1795.821 1798.465 1801.601 1805.447 1816.166 1827.527 1839.105 1855.411 1872.558 1890.757 1912.353 1937.308 1966.332 1992.356 2018.105 2040.890 2049.493 2052.731 2050.373 2043.123 2028.897 2025.842 2034.606 2035.317 2045.002 2062.652 2070.826 2098.264 2137.909 2165.235 2199.001 2236.539 2286.676 2314.903 2346.046
1757.458 1737.064 1721.500 1703.198 1690.514 1680.349 1671.911 1666.278 1665.517 1663.185 1661.914 1660.872 1659.092 1660.936 1665.340 1669.441 1671.923 1674.902 1678.909 1685.521 1694.587 1702.821 1714.621 1729.293 1744.473 1751.314 1756.792 1762.672 1766.937 1771.075 1774.602 1784.255 1795.623 1805.759 1822.446 1840.581 1859.393 1884.435 1913.503 1943.232 1968.874 1993.798 2019.370 2022.627 2023.449 2022.647 2007.729 1992.356 1984.714 1985.985 1986.379 1989.142 1999.056 2009.108 2029.557 2052.461 2079.260 2113.755 2160.371 2205.268 2237.698 2267.053
