tests/3D/Borden05m_nopit_001/output_maps/psiliqL0026N0023.asc
ncols         160
nrows         34
xllcorner     620200.000000
yllcorner     5168000.000000
cellsize      0.500000
NODATA_value  -9999.0
[rows 0 to 27 of 34, columns 62 to 123 of 160]
-9999.000 -9999.000 -9999.000 -9999.000 -9999.000 -9999.000 -9999.000 -9999.000 -9999.000 -9999.000 -9999.000 -9999.000 -9999.000 -9999.000 -9999.000 -9999.000 -9999.000 -9999.000 -9999.000 -9999.000 -9999.000 -9999.000 -9999.000 -9999.000 -9999.000 -9999.000 -9999.000 -9999.000 -9999.000 -9999.000 -9999.000 -9999.000 -9999.000 -9999.000 -9999.000 -9999.000 -9999.000 -9999.000 -9999.000 -9999.000 -9999.000 -9999.000 -9999.000 -9999.000 -9999.000 -9999.000 -9999.000 -9999.000 -9999.000 -9999.000 -9999.000 -9999.000 -9999.000 -9999.000 -9999.000 -9999.000 -9999.000 -9999.000 -9999.000 -9999.000 -9999.000 -9999.000
3383.555 3375.011 3365.670 3357.779 3353.560 3352.356 3351.473 3350.792 3355.597 3363.589 3371.137 3377.950 3380.303 3382.590 3384.385 3384.563 3383.371 3380.083 3376.687 3373.254 3371.516 3364.135 3352.990 3344.666 3341.965 3346.127 3350.458 3352.911 3358.079 3368.453 3379.045 3387.624 3400.190 3407.212 3412.566 3415.167 3411.199 3407.952 3404.000 3397.873 3386.784 -9999.000 -9999.000 -9999.000 -9999.000 -9999.000 -9999.000 -9999.000 -9999.000 -9999.000 -9999.000 -9999.000 -9999.000 -9999.000 -9999.000 -9999.000 -9999.000 -9999.000 -9999.000 -9999.000 -9999.000 -9999.000
3363.705 3359.414 3350.872 3345.699 3340.155 3337.438 3337.368 3337.169 3340.748 3351.424 3359.134 3363.611 3366.169 3368.939 3367.290 3366.438 3366.143 3363.179 3359.633 3356.196 3354.293 3355.713 3348.088 3342.065 3338.144 3335.167 3337.896 3340.581 3345.164 3354.324 3362.223 3370.198 3385.384 3398.581 3404.297 3401.782 3397.231 3393.454 3386.076 3375.348 3365.377 3357.271 3351.203 3345.889 3339.517 3345.986 3353.904 3363.257 3372.026 3384.107 3396.380 -9999.000 -9999.000 -9999.000 -9999.000 -9999.000 -9999.000 -9999.000 -9999.000 -9999.000 -9999.000 -9999.000
3343.612 3347.039 3343.731 3338.828 3330.939 3340.863 3341.756 3342.345 3345.417 3347.182 3352.203 3354.519 3359.753 3368.630 3371.344 3371.686 3371.641 3369.571 3366.235 3364.194 3361.326 3355.984 3354.130 3353.728 3352.401 3356.456 3357.963 3360.873 3355.393 3359.827 3366.090 3373.073 3378.608 3384.774 3387.333 3384.088 3384.740 3376.468 3362.896 3353.125 3345.746 3346.055 3343.177 3335.328 3321.683 3330.068 3346.250 3351.092 3353.714 3364.827 3377.153 3387.739 3391.013 3390.734 3390.406 3387.478 3373.644 3358.931 3343.797 3325.114 -9999.000 -9999.000
3351.749 3349.779 3346.121 3341.608 3351.880 3360.031 3361.272 3363.561 3367.379 3368.115 3357.155 3355.021 3362.175 3371.711 3376.746 3376.816 3376.341 3372.554 3371.298 3371.004 3369.126 3368.529 3370.007 3367.501 3370.384 3375.816 3379.116 3373.913 3365.525 3367.795 3376.273 3385.422 3393.037 3403.231 3414.043 3414.385 3409.951 3401.542 3389.203 3366.867 3349.474 3338.610 3330.711 3323.542 3326.631 3322.019 3335.934 3337.803 3340.395 3347.764 3358.145 3368.856 3375.111 3374.437 3373.670 3371.177 3361.579 3346.802 3331.931 3314.304 3287.670 3258.762
3350.974 3349.864 3350.164 3358.701 3370.302 3381.320 3383.143 3384.804 3383.393 3375.779 3365.383 3362.625 3375.759 3392.363 3400.105 3399.500 3395.057 3398.050 3398.107 3398.562 3395.162 3395.821 3393.335 3398.680 3406.314 3414.251 3412.885 3400.506 3388.188 3388.150 3393.646 3400.638 3408.251 3418.433 3427.595 3422.869 3417.826 3410.593 3385.139 3362.679 3348.547 3349.020 3349.917 3345.621 3343.732 3342.966 3338.998 3339.323 3338.578 3338.400 3350.708 3364.026 3367.611 3360.916 3356.877 3354.615 3346.754 3335.228 3319.386 3302.308 3282.565 3254.470
3380.647 3380.891 3386.553 3396.728 3409.257 3430.756 3430.045 3430.339 3428.896 3415.913 3402.642 3392.626 3414.622 3425.578 3432.638 3429.958 3434.962 3443.519 3439.902 3433.586 3421.493 3427.048 3433.457 3448.552 3456.455 3461.718 3457.134 3443.252 3436.503 3438.057 3444.555 3445.784 3454.479 3463.273 3478.236 3476.981 3473.789 3454.048 3417.204 3388.076 3375.650 3387.183 3381.666 3375.396 3375.425 3364.516 3357.460 3360.130 3352.180 3347.627 3360.329 3367.330 3368.741 3360.917 3366.022 3359.290 3338.494 3321.928 3307.427 3293.116 3275.906 3269.945
3389.402 3393.436 3403.454 3420.797 3438.593 3458.348 3456.900 3450.224 3459.778 3452.745 3441.870 3434.320 3455.684 3465.717 3475.877 3481.538 3494.121 3504.503 3487.963 3470.886 3460.459 3467.451 3493.001 3515.371 3520.153 3519.211 3518.641 3503.348 3498.527 3495.138 3495.506 3492.908 3491.071 3516.429 3538.005 3537.847 3516.408 3493.784 3454.321 3416.705 3392.514 3405.604 3402.373 3405.785 3395.811 3384.220 3377.185 3374.795 3368.373 3358.955 3368.178 3372.829 3380.868 3388.016 3392.649 3376.152 3358.632 3339.512 3321.858 3307.841 3301.406 3295.131
3446.051 3459.478 3467.432 3485.782 3502.776 3528.487 3540.509 3551.662 3555.560 3548.469 3539.905 3527.879 3533.110 3556.978 3568.581 3576.876 3585.242 3597.859 3598.206 3591.274 3589.420 3593.775 3607.247 3621.699 3628.436 3631.485 3634.093 3620.870 3607.975 3605.977 3600.537 3599.324 3598.568 3610.065 3630.652 3627.483 3591.012 3564.245 3529.279 3490.987 3461.745 3455.708 3474.833 3472.789 3456.695 3446.336 3420.505 3415.496 3406.235 3383.282 3383.514 3386.987 3396.785 3411.968 3399.544 3383.314 3366.237 3346.824 3330.150 3323.046 3321.431 3318.420
3563.317 3571.635 3574.699 3581.069 3613.407 3647.141 3672.086 3694.806 3701.943 3689.606 3679.812 3666.270 3657.461 3668.526 3685.798 3703.461 3718.372 3729.695 3731.761 3730.174 3730.227 3733.343 3736.340 3740.662 3749.158 3756.810 3765.462 3773.468 3762.995 3746.004 3736.762 3727.786 3727.038 3728.465 3732.376 3733.478 3716.686 3674.591 3642.957 3610.852 3591.350 3578.223 3578.130 3559.992 3535.698 3484.343 3447.124 3415.942 3397.443 3375.677 3384.168 3402.397 3445.910 3450.182 3438.372 3423.572 3400.488 3377.987 3358.052 3354.716 3353.434 3349.389
3690.032 3693.715 3696.022 3698.667 3725.544 3767.272 3806.764 3838.092 3837.883 3824.036 3812.665 3803.562 3789.091 3785.135 3797.889 3813.427 3833.848 3844.279 3850.306 3846.942 3847.160 3849.000 3851.358 3853.515 3857.205 3866.947 3882.145 3896.764 3895.850 3876.717 3858.700 3842.684 3840.309 3837.935 3833.017 3835.416 3837.322 3821.213 3789.705 3749.696 3709.265 3692.681 3677.624 3666.742 3649.757 3608.918 3541.989 3502.435 3464.652 3437.751 3439.668 3508.700 3528.708 3518.160 3507.760 3486.514 3458.631 3435.954 3414.613 3412.989 3409.526 3402.388
3809.411 3816.435 3819.076 3824.618 3841.221 3873.752 3909.572 3939.476 3954.872 3946.924 3928.738 3906.306 3896.296 3893.314 3897.005 3906.667 3919.767 3939.507 3959.132 3964.940 3965.832 3963.134 3965.582 3967.172 3967.293 3970.308 3979.007 3989.041 3992.456 3984.513 3963.158 3939.447 3928.146 3921.689 3918.289 3919.384 3924.670 3928.006 3912.994 3876.941 3832.035 3802.046 3787.002 3774.210 3760.025 3747.419 3713.938 3692.726 3656.013 3607.579 3579.655 3619.172 3611.591 3601.453 3578.716 3547.151 3515.038 3484.980 3460.410 3453.090 3450.217 3449.646
3925.381 3930.173 3937.421 3952.518 3976.145 3995.553 4018.593 4045.584 4062.117 4067.368 4065.583 4061.344 4062.507 4062.875 3997.308 4003.818 4010.311 4028.153 4044.113 4049.911 4050.575 4047.918 4049.809 4050.605 4050.480 4050.102 4052.594 4057.888 4059.908 4057.398 4044.307 4063.649 4043.352 4029.731 4021.428 4013.100 4004.814 3995.332 3985.351 3964.945 3933.673 3899.066 3877.725 3869.863 3863.658 3854.948 3849.093 3831.812 3808.792 3773.208 3733.133 3712.015 3710.173 3693.981 3659.319 3628.714 3606.125 3570.213 3540.480 3524.586 3523.698 3515.956
4042.064 4046.755 4060.856 4077.785 4060.968 4069.667 4078.669 4087.613 4090.685 4091.564 4091.158 4088.749 4087.937 4085.456 4082.059 4071.511 4073.129 4075.111 4077.742 4081.494 4080.403 4081.527 4084.484 4082.699 4076.604 4072.482 4070.901 4071.936 4079.397 4082.911 4083.876 4080.317 4079.351 4078.296 4074.720 4070.258 4063.972 4055.932 4071.594 4059.317 4030.815 3989.893 3948.093 3940.691 3942.736 3942.472 3940.891 3935.164 3917.395 3889.596 3851.592 3812.651 3806.081 3791.774 3772.601 3756.124 3736.837 3696.722 3660.223 3637.853 3627.580 3604.572
4087.762 4090.613 4093.907 4090.912 4087.932 4083.022 4081.428 4080.067 4077.618 4078.245 4076.357 4072.273 4068.184 4060.095 4048.449 4037.270 4033.624 4037.909 4043.580 4048.802 4053.351 4057.110 4057.035 4051.497 4043.003 4035.399 4033.752 4040.669 4046.433 4053.060 4053.947 4052.541 4049.997 4049.701 4046.346 4046.516 4053.636 4068.517 4071.002 4077.149 4076.231 4058.756 4027.141 4039.995 4019.896 4025.998 4021.280 4009.783 3988.227 3963.624 3931.878 3900.741 3881.952 3874.498 3868.497 3861.326 3846.855 3807.157 3772.458 3743.628 3723.832 3698.317
4072.981 4080.053 4081.099 4074.029 4065.409 4058.140 4050.644 4048.271 4047.754 4047.526 4048.055 4042.750 4033.308 4016.140 4004.541 3993.471 3987.527 3983.596 3986.944 3998.312 4010.700 4015.779 4006.278 3997.724 3985.794 3977.702 3978.161 3979.105 3988.661 4005.749 4013.518 4014.314 4007.722 4001.063 3994.324 3991.157 3997.555 4012.903 4029.809 4045.587 4054.804 4062.539 4069.677 4067.644 4070.440 4071.933 4069.603 4072.816 4054.671 4030.255 4000.812 3974.977 3948.732 3945.022 3945.135 3941.534 3939.320 3905.899 3869.075 3834.715 3807.977 3781.332
4045.484 4047.357 4043.198 4036.833 4026.838 4015.792 4006.084 3998.361 3999.403 4001.779 4003.499 3996.144 3980.699 3962.831 3949.333 3935.460 3931.532 3925.564 3917.660 3927.756 3947.702 3955.177 3938.884 3927.912 3912.623 3906.084 3902.012 3902.734 3911.631 3934.348 3958.827 3960.974 3949.908 3938.907 3934.168 3930.892 3935.371 3952.003 3972.898 3989.090 3999.577 4004.863 4012.592 4021.935 4036.310 4051.193 4063.563 4067.877 4076.855 4072.241 4058.549 4051.529 4026.803 4012.256 4004.579 4000.532 3993.677 3969.490 3939.749 3911.936 3885.355 3861.621
4009.011 4004.993 3998.892 3991.877 3970.792 3958.354 3945.395 3930.414 3926.520 3921.631 3922.702 3911.202 3903.401 3887.093 3871.782 3856.195 3842.675 3836.975 3830.235 3828.146 3841.491 3849.888 3840.654 3831.009 3820.517 3816.116 3812.751 3815.271 3825.727 3845.099 3863.399 3871.925 3864.616 3863.576 3863.740 3862.118 3868.446 3878.968 3896.757 3919.220 3938.338 3948.212 3954.970 3964.056 3978.416 3992.468 4006.755 4024.720 4047.884 4064.087 4074.088 4074.251 4072.975 4064.549 4067.603 4056.662 4044.047 4023.590 3998.148 3970.777 3944.507 3927.055
3967.216 3961.262 3955.719 3932.555 3876.898 3855.648 3836.712 3820.485 3813.759 3805.321 3788.672 3780.107 3775.829 3778.698 3764.902 3747.474 3729.737 3724.915 3721.462 3703.518 3698.240 3698.598 3715.783 3709.843 3708.944 3711.170 3708.801 3709.943 3722.624 3730.004 3735.085 3741.872 3747.132 3757.943 3766.117 3776.765 3793.933 3804.533 3819.574 3839.703 3865.372 3880.877 3890.247 3900.457 3915.570 3931.549 3949.147 3971.374 3997.399 4013.786 4024.910 4036.716 4050.229 4065.420 4070.633 4079.390 4077.456 4073.491 4049.050 4019.359 3998.540 3980.904
3901.411 3899.437 3889.130 3833.397 3792.881 3759.077 3742.112 3718.521 3704.963 3688.327 3649.137 3631.606 3631.738 3647.518 3644.644 3629.617 3618.028 3608.616 3599.120 3581.080 3561.558 3567.781 3586.809 3588.252 3592.056 3600.269 3599.865 3592.861 3589.409 3601.184 3606.362 3617.594 3635.693 3640.561 3657.503 3691.717 3704.310 3719.112 3737.110 3757.140 3778.912 3801.390 3815.242 3830.193 3848.327 3864.700 3884.681 3906.900 3936.232 3957.572 3971.811 3982.396 3992.921 4008.149 4029.028 4048.577 4067.206 4076.860 4078.258 4064.878 4047.522 4027.700
3797.534 3791.581 3761.929 3709.361 3674.377 3651.765 3630.287 3607.663 3583.770 3545.825 3511.101 3489.413 3506.300 3518.114 3530.881 3519.906 3509.500 3500.127 3481.858 3465.009 3448.233 3459.534 3468.233 3488.237 3495.457 3499.413 3505.600 3504.077 3492.634 3486.443 3494.276 3503.919 3515.842 3537.900 3573.683 3598.143 3616.112 3636.164 3654.286 3675.061 3697.455 3719.834 3736.406 3754.212 3772.149 3792.493 3810.997 3833.192 3860.897 3886.827 3902.704 3917.815 3931.095 3950.281 3974.052 3997.034 4022.491 4044.392 4058.249 4071.399 4075.319 4069.479
3676.653 3654.291 3606.215 3565.012 3545.902 3534.334 3511.758 3491.534 3462.842 3429.156 3408.422 3388.262 3399.380 3410.377 3431.641 3423.506 3417.396 3414.969 3399.796 3386.753 3370.237 3376.492 3388.932 3413.072 3419.278 3423.491 3433.114 3432.342 3427.368 3408.785 3415.121 3425.700 3440.180 3471.248 3493.266 3515.125 3536.404 3555.135 3575.958 3597.420 3619.664 3645.428 3664.305 3682.603 3703.419 3721.807 3735.184 3750.382 3773.568 3794.154 3815.158 3837.476 3852.030 3876.489 3907.113 3937.992 3972.747 3997.649 4013.133 4025.459 4037.334 4057.355
3526.000 3472.989 3438.563 3420.216 3421.422 3410.638 3392.122 3374.375 3356.155 3335.530 3317.928 3293.463 3299.650 3316.363 3334.220 3336.709 3338.541 3337.623 3328.858 3315.674 3302.206 3306.056 3323.432 3341.585 3351.951 3359.779 3367.488 3367.048 3357.008 3346.525 3350.849 3365.929 3381.549 3398.163 3417.917 3437.822 3457.373 3478.958 3500.589 3522.452 3546.237 3571.993 3592.397 3615.035 3638.378 3653.700 3661.209 3667.526 3685.714 3700.757 3721.842 3744.140 3761.925 3788.713 3823.249 3865.028 3905.253 3946.108 3964.542 3978.096 3988.273 4003.836
3409.680 3377.578 3350.311 3345.672 3331.969 3320.561 3307.877 3288.989 3274.195 3261.025 3240.883 3232.578 3240.779 3254.848 3263.150 3270.884 3269.354 3267.544 3262.504 3248.834 3245.521 3255.805 3270.995 3284.532 3296.218 3303.056 3307.927 3304.657 3295.128 3292.208 3300.019 3315.009 3327.737 3341.444 3360.988 3379.752 3400.050 3421.170 3441.785 3464.795 3488.514 3513.156 3539.032 3559.973 3576.926 3584.117 3592.012 3589.631 3598.754 3613.184 3628.686 3649.979 3673.537 3698.147 3736.961 3777.825 3818.024 3858.399 3894.990 3915.403 3932.683 3952.426
3348.640 3320.316 3293.042 3268.729 3258.505 3254.267 3243.239 3228.041 3218.473 3204.335 3196.227 3203.895 3205.595 3213.799 3212.039 3213.504 3211.593 3211.451 3209.844 3204.545 3217.139 3223.577 3236.776 3246.630 3256.278 3261.856 3265.156 3266.214 3261.999 3267.790 3273.256 3286.207 3296.551 3308.958 3327.674 3343.231 3360.635 3381.252 3402.550 3424.622 3448.533 3474.795 3497.623 3513.451 3518.250 3525.567 3524.886 3511.567 3520.494 3531.057 3539.515 3558.803 3578.250 3597.124 3634.082 3679.092 3727.732 3765.543 3811.594 3840.049 3865.357 3887.366
3268.847 3240.678 3214.137 3195.466 3192.307 3182.339 3173.224 3162.984 3150.650 3145.403 3153.096 3151.420 3149.110 3147.154 3150.326 3154.328 3154.391 3153.840 3157.283 3168.760 3173.305 3178.714 3187.411 3198.609 3210.487 3213.959 3218.114 3222.708 3228.538 3231.141 3234.187 3243.995 3255.196 3266.743 3281.687 3298.364 3315.895 3337.012 3359.259 3383.173 3408.573 3435.078 3455.836 3462.779 3470.819 3470.597 3461.411 3453.370 3454.388 3464.400 3468.942 3483.680 3504.100 3511.440 3547.458 3595.328 3635.546 3671.402 3706.537 3750.928 3778.980 3805.027
3209.260 3181.459 3162.051 3148.992 3139.223 3129.347 3119.543 3108.052 3102.468 3104.656 3102.550 3100.923 3098.854 3102.189 3106.196 3111.067 3111.738 3113.248 3116.539 3121.103 3127.967 3137.546 3148.324 3160.712 3176.524 3181.620 3186.305 3192.339 3195.119 3198.400 3202.066 3212.497 3223.843 3235.089 3251.235 3268.406 3286.359 3307.969 3333.114 3362.520 3388.751 3414.808 3438.738 3447.363 3450.003 3447.216 3438.929 3423.229 3418.641 3426.095 3425.038 3432.456 3448.697 3454.110 3476.229 3513.322 3538.638 3572.479 3611.830 3666.557 3696.643 3728.980
3143.004 3124.891 3111.043 3093.137 3080.074 3069.916 3062.315 3058.510 3058.923 3057.005 3056.130 3055.213 3053.201 3054.598 3059.155 3063.261 3066.155 3069.425 3074.223 3081.324 3090.558 3098.559 3110.381 3125.239 3140.855 3148.346 3153.957 3160.170 3164.808 3169.037 3172.357 3181.647 3192.912 3202.288 3218.682 3236.862 3255.992 3280.914 3310.018 3340.179 3366.134 3391.165 3417.905 3421.137 3421.666 3420.813 3404.709 3389.236 3380.100 3380.355 3380.442 3379.532 3388.062 3396.928 3412.499 3431.831 3456.991 3491.185 3539.109 3584.579 3619.210 3648.580
