tests/3D/Borden05m_nopit_001/output_maps/psiliqL0028N0028.asc
ncols         160
nrows         34
xllcorner     620200.000000
yllcorner     5168000.000000
cellsize      0.500000
NODATA_value  -9999.0
[rows 0 to 27 of 34, columns 62 to 123 of 160]
-9999.000 -9999.000 -9999.000 -9999.000 -9999.000 -9999.000 -9999.000 -9999.000 -9999.000 -9999.000 -9999.000 -9999.000 -9999.000 -9999.000 -9999.000 -9999.000 -9999.000 -9999.000 -9999.000 -9999.000 -9999.000 -9999.000 -9999.000 -9999.000 -9999.000 -9999.000 -9999.000 -9999.000 -9999.000 -9999.000 -9999.000 -9999.000 -9999.000 -9999.000 -9999.000 -9999.000 -9999.000 -9999.000 -9999.000 -9999.000 -9999.000 -9999.000 -9999.000 -9999.000 -9999.000 -9999.000 -9999.000 -9999.000 -9999.000 -9999.000 -9999.000 -9999.000 -9999.000 -9999.000 -9999.000 -9999.000 -9999.000 -9999.000 -9999.000 -9999.000 -9999.000 -9999.000
3783.186 3774.726 3765.397 3757.615 3753.392 3752.177 3751.313 3750.619 3755.388 3763.407 3770.967 3777.750 3780.116 3782.401 3784.149 3784.297 3783.127 3779.844 3776.444 3773.015 3771.250 3763.984 3752.879 3744.633 3741.942 3746.066 3750.374 3752.816 3757.872 3768.180 3778.726 3787.294 3799.944 3807.126 3812.485 3814.991 3810.999 3807.751 3803.733 3797.411 3786.291 -9999.000 -9999.000 -9999.000 -9999.000 -9999.000 -9999.000 -9999.000 -9999.000 -9999.000 -9999.000 -9999.000 -9999.000 -9999.000 -9999.000 -9999.000 -9999.000 -9999.000 -9999.000 -9999.000 -9999.000 -9999.000
3763.366 3759.198 3750.711 3745.592 3740.067 3737.259 3737.208 3737.005 3740.536 3751.323 3759.020 3763.480 3766.070 3768.889 3767.054 3766.173 3765.901 3762.940 3759.389 3755.956 3754.047 3755.630 3748.009 3741.911 3737.919 3734.743 3737.504 3740.229 3744.986 3754.081 3761.925 3769.850 3785.147 3798.435 3804.189 3801.630 3797.097 3793.270 3785.733 3774.855 3764.905 3757.048 3751.082 3745.743 3739.203 3745.682 3753.745 3762.965 3771.545 3783.610 3795.884 -9999.000 -9999.000 -9999.000 -9999.000 -9999.000 -9999.000 -9999.000 -9999.000 -9999.000 -9999.000 -9999.000
3743.283 3746.888 3743.661 3738.769 3730.488 3740.688 3741.574 3742.125 3745.208 3746.805 3752.152 3754.432 3759.678 3768.569 3771.313 3771.654 3771.606 3769.522 3766.171 3764.111 3761.240 3755.890 3753.936 3753.446 3751.967 3755.892 3757.402 3760.487 3755.174 3759.725 3765.977 3772.957 3778.310 3784.363 3786.659 3783.363 3784.188 3775.866 3762.260 3752.627 3745.354 3745.951 3743.065 3735.154 3721.297 3729.817 3746.041 3750.868 3753.337 3764.330 3776.642 3787.260 3790.670 3790.380 3790.036 3787.048 3773.195 3758.457 3743.261 3724.553 -9999.000 -9999.000
3751.732 3749.764 3746.073 3741.248 3751.262 3759.306 3760.537 3762.794 3766.694 3767.680 3756.896 3754.839 3761.860 3771.316 3776.278 3776.365 3775.865 3771.843 3770.577 3770.321 3768.515 3767.735 3769.096 3766.237 3768.878 3774.293 3777.657 3772.837 3764.535 3767.001 3775.563 3784.837 3792.462 3802.544 3813.226 3813.712 3809.377 3800.961 3788.704 3766.425 3749.255 3738.298 3730.195 3722.946 3726.429 3721.497 3735.750 3737.586 3740.240 3747.434 3757.796 3768.552 3774.838 3774.119 3773.298 3770.770 3761.131 3746.324 3731.414 3713.640 3686.825 3657.830
3750.561 3749.341 3749.323 3757.373 3768.773 3779.386 3781.177 3782.792 3781.293 3773.946 3763.557 3760.992 3773.931 3790.662 3798.382 3797.638 3792.666 3795.105 3795.424 3796.250 3793.109 3793.586 3790.523 3795.203 3802.876 3810.970 3809.672 3797.211 3784.723 3784.885 3790.771 3798.301 3806.090 3816.214 3825.222 3820.456 3815.617 3808.667 3783.529 3761.611 3747.732 3748.106 3748.987 3744.659 3742.851 3742.358 3738.750 3739.108 3738.296 3738.112 3750.420 3763.833 3767.406 3760.612 3756.495 3754.205 3746.418 3734.796 3718.857 3701.729 3681.848 3653.741
3779.089 3779.020 3784.446 3794.342 3806.282 3827.576 3826.461 3826.426 3824.419 3811.204 3797.811 3788.004 3810.724 3821.865 3828.749 3825.447 3829.768 3838.184 3834.752 3828.725 3816.366 3821.848 3827.470 3842.627 3850.751 3856.262 3851.149 3836.800 3829.862 3831.861 3839.003 3840.759 3850.059 3858.569 3873.447 3871.961 3869.518 3850.004 3812.928 3784.363 3772.951 3785.220 3779.723 3773.351 3773.795 3763.186 3756.567 3759.511 3751.686 3747.280 3760.089 3767.164 3768.497 3760.470 3765.508 3758.866 3737.737 3721.234 3706.838 3692.521 3675.037 3669.217
3784.358 3788.005 3798.193 3815.486 3832.717 3852.060 3849.278 3841.213 3850.886 3843.823 3832.744 3825.341 3848.388 3858.188 3868.192 3873.301 3885.954 3896.232 3878.632 3860.771 3849.542 3856.865 3883.415 3906.670 3911.449 3910.180 3909.082 3892.764 3888.186 3885.274 3886.464 3884.308 3882.751 3909.187 3931.489 3931.428 3910.057 3887.391 3847.106 3809.177 3785.906 3800.858 3797.281 3801.133 3791.673 3780.424 3774.610 3773.111 3766.906 3758.055 3767.746 3772.238 3779.958 3786.778 3791.947 3775.422 3757.867 3738.754 3721.214 3707.219 3700.581 3694.161
3835.742 3849.505 3857.805 3876.870 3893.012 3918.067 3928.883 3939.008 3942.978 3936.160 3927.694 3915.862 3922.280 3947.322 3958.965 3966.983 3975.061 3987.787 3987.373 3979.779 3977.736 3982.316 3996.850 4012.227 4019.017 4021.729 4023.888 4009.140 3995.772 3994.421 3989.438 3989.020 3988.464 4001.272 4023.258 4019.760 3981.413 3954.384 3918.604 3879.721 3850.412 3845.780 3866.638 3865.657 3849.544 3840.252 3815.458 3811.896 3803.365 3781.114 3781.831 3784.461 3793.732 3809.692 3797.618 3781.386 3764.474 3745.183 3728.879 3721.709 3720.049 3717.032
3952.953 3961.651 3964.628 3970.991 4003.584 4037.433 4061.974 4084.691 4091.752 4079.162 4069.397 4055.625 4046.937 4059.150 4076.973 4094.894 4109.775 4121.176 4123.025 4121.387 4121.418 4124.738 4127.769 4132.334 4141.245 4148.998 4157.468 4165.025 4153.796 4136.697 4127.868 4119.547 4119.374 4121.158 4125.832 4126.982 4108.577 4064.524 4032.066 3999.575 3981.128 3968.829 3970.483 3952.160 3927.170 3874.486 3837.252 3806.175 3788.596 3767.444 3777.302 3794.665 3839.961 3845.609 3833.738 3819.205 3796.285 3774.007 3754.645 3751.725 3750.631 3746.751
4080.829 4084.364 4086.403 4088.537 4116.308 4158.994 4199.140 4230.950 4230.230 4215.755 4204.265 4195.380 4180.331 4176.310 4189.887 4206.172 4227.338 4237.669 4243.176 4239.408 4239.603 4241.676 4244.104 4246.336 4250.315 4260.510 4276.266 4291.433 4290.204 4270.117 4251.870 4235.973 4234.254 4232.343 4227.454 4230.092 4232.051 4214.408 4181.634 4140.637 4100.129 4084.680 4070.190 4059.292 4041.774 3998.161 3928.290 3886.857 3848.153 3821.886 3826.682 3899.747 3922.569 3911.994 3902.176 3881.260 3853.093 3830.732 3809.928 3809.231 3805.986 3798.909
4201.644 4208.771 4210.999 4215.984 4232.756 4266.842 4303.951 4334.545 4349.795 4341.256 4322.214 4298.969 4288.224 4284.991 4288.967 4299.139 4313.061 4333.519 4353.785 4359.679 4360.601 4357.861 4360.381 4362.056 4362.193 4365.521 4374.846 4385.356 4388.905 4380.448 4358.196 4333.837 4322.911 4316.704 4313.396 4314.885 4320.694 4324.490 4308.806 4271.369 4225.047 4195.220 4180.907 4168.286 4153.692 4140.521 4104.499 4082.407 4044.337 3994.656 3967.416 4012.337 4004.906 3994.873 3972.214 3940.122 3906.964 3877.037 3853.111 3847.100 3844.685 3844.786
4319.484 4324.382 4331.353 4346.508 4370.983 4391.349 4415.466 4443.465 4460.696 4465.926 4463.833 4459.134 4460.206 4460.609 4388.927 4395.985 4403.034 4422.535 4439.737 4446.032 4446.758 4443.853 4445.874 4446.744 4446.579 4446.195 4449.075 4454.861 4457.069 4454.324 4440.210 4462.053 4441.179 4427.236 4418.755 4410.272 4401.955 4392.390 4382.237 4361.007 4328.804 4293.681 4272.931 4265.367 4258.985 4249.718 4243.557 4225.668 4202.066 4165.341 4124.576 4104.959 4104.033 4087.666 4051.797 4019.886 3996.303 3959.980 3930.604 3915.667 3915.788 3909.171
4439.813 4444.565 4459.042 4476.617 4458.016 4467.524 4477.364 4487.140 4490.497 4491.458 4491.014 4488.570 4487.682 4485.067 4481.848 4471.115 4472.753 4474.811 4477.466 4481.260 4480.203 4481.361 4484.329 4482.496 4476.293 4472.078 4470.493 4471.619 4479.145 4482.726 4483.720 4479.762 4478.746 4477.592 4473.683 4468.804 4461.930 4453.141 4470.696 4457.990 4428.513 4386.134 4342.998 4336.367 4339.187 4338.660 4337.112 4331.253 4313.327 4285.093 4246.400 4206.931 4201.444 4186.806 4166.487 4149.146 4129.114 4088.260 4051.605 4029.848 4020.535 3997.800
4487.112 4490.060 4493.706 4490.746 4487.827 4482.864 4481.206 4479.821 4477.351 4477.969 4476.078 4471.948 4467.750 4459.376 4447.550 4436.367 4432.537 4436.776 4442.556 4447.926 4452.693 4456.528 4456.273 4450.594 4441.968 4434.253 4432.641 4439.645 4445.457 4452.314 4453.237 4451.823 4449.187 4448.808 4445.303 4445.422 4452.667 4467.853 4469.851 4476.568 4475.561 4456.458 4421.899 4437.802 4417.478 4423.907 4419.072 4407.426 4385.558 4360.559 4328.157 4296.352 4278.089 4270.618 4264.386 4256.985 4241.724 4200.986 4165.932 4137.298 4118.014 4092.422
4472.606 4479.721 4480.718 4473.593 4464.868 4457.493 4449.829 4447.380 4446.948 4446.761 4447.336 4441.991 4432.244 4414.714 4403.052 4391.958 4385.998 4381.739 4384.841 4396.474 4409.325 4414.486 4404.532 4395.775 4383.603 4375.474 4375.962 4376.712 4386.388 4404.018 4412.310 4413.139 4406.316 4399.325 4392.458 4389.131 4395.514 4411.018 4428.283 4444.483 4453.928 4461.781 4469.069 4466.176 4469.228 4470.856 4468.305 4472.185 4453.488 4428.359 4397.879 4371.548 4345.072 4341.719 4342.111 4338.522 4336.261 4301.868 4264.472 4229.779 4203.120 4176.302
4444.814 4446.498 4442.162 4435.781 4425.726 4414.559 4404.759 4396.729 4397.767 4400.146 4401.952 4394.383 4378.677 4360.608 4347.002 4333.047 4329.080 4322.901 4314.399 4324.438 4344.865 4352.550 4335.782 4324.601 4309.093 4302.650 4298.417 4299.027 4307.886 4331.122 4356.472 4358.796 4347.531 4336.321 4331.628 4328.300 4332.572 4349.129 4370.338 4386.889 4397.628 4402.943 4410.693 4420.089 4434.875 4450.109 4462.765 4466.502 4476.277 4471.229 4456.259 4450.022 4424.507 4409.689 4402.212 4398.312 4391.592 4366.833 4336.536 4308.378 4281.681 4257.637
4408.038 4403.738 4397.524 4390.402 4368.168 4355.539 4342.278 4326.949 4322.868 4317.580 4318.473 4306.805 4299.262 4283.157 4267.748 4252.058 4237.994 4232.253 4225.333 4222.294 4235.351 4243.666 4234.997 4225.416 4215.236 4211.078 4207.701 4210.332 4220.861 4239.903 4258.235 4267.072 4259.911 4259.555 4260.184 4258.600 4265.164 4275.281 4292.970 4315.873 4335.639 4345.743 4352.486 4361.547 4376.035 4390.241 4404.721 4422.968 4446.760 4463.330 4473.522 4473.175 4471.777 4462.564 4466.605 4455.411 4442.479 4421.444 4395.558 4367.937 4341.523 4323.992
4365.760 4359.762 4354.194 4329.696 4272.397 4250.454 4231.147 4214.569 4207.509 4198.740 4180.655 4172.027 4167.961 4172.135 4158.453 4140.895 4122.817 4117.974 4114.569 4095.263 4088.510 4088.454 4107.552 4101.798 4101.603 4104.469 4102.134 4103.009 4115.608 4122.407 4126.839 4133.818 4140.167 4151.721 4160.371 4172.187 4189.782 4200.200 4215.112 4235.304 4261.532 4277.585 4287.116 4297.392 4312.612 4328.673 4346.479 4368.880 4395.334 4411.978 4423.252 4435.169 4448.944 4464.449 4469.212 4478.512 4476.401 4472.560 4447.449 4416.939 4395.992 4378.289
4298.320 4296.377 4285.590 4227.476 4186.930 4152.626 4135.558 4111.459 4097.323 4079.649 4038.350 4020.138 4020.982 4038.182 4036.138 4021.253 4009.892 4000.189 3990.198 3971.339 3950.227 3956.652 3976.673 3978.954 3983.546 3992.373 3992.185 3984.696 3980.020 3991.521 3996.395 4007.980 4027.220 4032.359 4050.659 4086.308 4099.008 4114.032 4132.012 4152.063 4173.979 4197.044 4211.217 4226.441 4244.699 4261.212 4281.289 4303.543 4333.223 4355.029 4369.439 4380.052 4390.578 4405.899 4427.108 4447.147 4466.222 4475.759 4477.299 4462.691 4445.695 4425.393
4191.918 4185.849 4154.395 4100.544 4065.956 4044.006 4022.275 3999.506 3974.533 3934.697 3899.174 3876.999 3895.334 3907.649 3921.979 3911.273 3901.050 3891.652 3872.618 3855.450 3837.856 3849.532 3858.263 3879.956 3887.733 3891.762 3898.512 3896.985 3884.605 3876.891 3884.726 3894.448 3906.785 3930.313 3967.326 3992.105 4010.508 4030.809 4048.957 4069.765 4092.257 4115.056 4131.968 4149.938 4167.934 4188.428 4206.814 4228.846 4256.575 4282.980 4299.137 4314.569 4327.926 4347.296 4371.353 4394.650 4420.548 4442.770 4456.987 4470.316 4473.716 4467.373
4068.383 4044.285 3994.095 3952.613 3935.280 3925.015 3902.312 3882.181 3852.832 3818.409 3798.142 3777.690 3789.239 3800.656 3823.211 3815.460 3809.922 3807.905 3792.562 3779.545 3762.666 3768.718 3781.531 3806.700 3813.235 3817.601 3827.659 3826.987 3821.724 3801.846 3807.991 3818.774 3833.598 3865.454 3887.399 3909.283 3930.913 3949.769 3970.723 3992.200 4014.528 4040.691 4059.826 4078.327 4099.331 4117.700 4130.591 4145.175 4168.161 4188.664 4210.095 4232.865 4247.456 4272.170 4303.206 4334.736 4370.101 4395.548 4411.150 4423.460 4435.264 4455.661
3914.324 3858.654 3823.626 3807.127 3810.526 3800.418 3782.153 3764.602 3746.491 3726.320 3709.167 3684.411 3690.781 3707.981 3726.295 3729.841 3732.339 3731.648 3723.147 3709.958 3696.453 3700.320 3718.025 3736.397 3747.217 3755.256 3763.036 3762.569 3752.132 3741.429 3745.674 3761.049 3776.779 3792.987 3812.608 3832.489 3852.190 3873.929 3895.617 3917.533 3941.399 3967.371 3988.152 4010.987 4034.485 4049.501 4056.586 4062.037 4079.650 4094.463 4115.696 4138.248 4156.315 4183.141 4218.041 4260.355 4301.047 4342.954 4361.867 4375.523 4385.636 4401.139
3799.395 3766.961 3739.811 3736.609 3723.293 3712.484 3700.284 3681.424 3667.039 3654.457 3634.390 3627.262 3635.752 3649.872 3657.687 3666.053 3664.661 3662.964 3658.219 3644.503 3642.107 3652.642 3667.822 3681.195 3693.125 3700.014 3704.751 3701.440 3691.769 3689.324 3697.189 3712.223 3724.783 3738.138 3757.597 3776.203 3796.533 3817.681 3838.275 3861.295 3885.036 3909.784 3935.992 3956.877 3973.412 3980.283 3987.911 3984.354 3992.742 4006.911 4022.030 4043.361 4067.169 4091.462 4130.396 4171.573 4212.204 4253.189 4291.132 4311.905 4329.481 4349.251
3741.301 3712.996 3685.839 3661.383 3651.870 3648.190 3637.483 3622.656 3613.470 3599.569 3592.657 3601.324 3602.763 3610.471 3608.221 3609.753 3607.945 3607.896 3606.641 3602.071 3615.451 3621.736 3634.739 3644.478 3654.182 3659.693 3662.907 3664.167 3660.307 3666.479 3671.777 3684.583 3694.811 3706.951 3725.505 3740.941 3758.217 3778.810 3800.096 3822.118 3846.043 3872.384 3895.192 3910.703 3915.035 3922.056 3920.627 3906.378 3914.797 3924.997 3932.846 3951.979 3971.281 3989.323 4026.242 4071.606 4120.870 4158.869 4205.962 4235.238 4260.980 4283.041
3662.709 3634.573 3608.218 3590.107 3587.597 3577.644 3568.749 3558.810 3546.583 3542.137 3550.747 3549.116 3546.556 3544.130 3547.307 3551.470 3551.646 3551.150 3554.923 3567.080 3571.662 3577.061 3585.551 3596.774 3608.862 3612.279 3616.444 3621.256 3627.414 3630.045 3632.957 3642.611 3653.788 3665.179 3679.948 3696.610 3714.069 3735.155 3757.479 3781.492 3806.892 3833.499 3854.398 3861.074 3868.949 3868.275 3858.544 3850.065 3850.319 3860.132 3863.968 3878.176 3898.535 3904.536 3939.906 3987.966 4027.846 4063.806 4099.017 4144.922 4173.267 4199.604
3604.523 3576.781 3558.070 3545.545 3535.770 3525.887 3516.118 3504.815 3499.797 3502.483 3500.382 3498.791 3496.647 3499.967 3504.012 3508.956 3509.750 3511.396 3514.772 3519.380 3526.385 3536.037 3546.821 3559.291 3575.309 3580.495 3585.210 3591.333 3594.151 3597.471 3601.084 3611.430 3622.769 3633.916 3650.013 3667.186 3685.064 3706.671 3731.863 3761.371 3787.652 3813.785 3838.031 3846.649 3849.101 3846.174 3837.570 3821.425 3816.373 3823.423 3821.826 3828.558 3844.354 3848.928 3869.472 3905.775 3930.446 3964.231 4004.012 4059.954 4090.463 4123.022
3538.874 3521.413 3508.056 3490.262 3477.091 3466.935 3459.573 3456.290 3457.038 3455.239 3454.476 3453.595 3451.516 3452.785 3457.386 3461.493 3464.505 3467.857 3472.881 3480.121 3489.403 3497.337 3509.164 3524.075 3539.815 3547.491 3553.138 3559.445 3564.188 3568.441 3571.700 3580.883 3592.117 3601.271 3617.578 3635.766 3654.982 3679.864 3708.971 3739.248 3765.282 3790.333 3817.395 3820.606 3821.035 3820.150 3803.687 3788.163 3778.574 3778.509 3778.475 3776.478 3784.570 3793.049 3807.172 3825.423 3850.047 3884.080 3932.293 3977.832 4012.988 4042.247
