tests/3D/Borden05m_nopit_001/output_maps/psiliqL0006N0010.asc
ncols         160
nrows         34
xllcorner     620200.000000
yllcorner     5168000.000000
cellsize      0.500000
NODATA_value  -9999.0
[rows 0 to 27 of 34, columns 64 to 127 of 160]
-9999.000 -9999.000 -9999.000 -9999.000 -9999.000 -9999.000 -9999.000 -9999.000 -9999.000 -9999.000 -9999.000 -9999.000 -9999.000 -9999.000 -9999.000 -9999.000 -9999.000 -9999.000 -9999.000 -9999.000 -9999.000 -9999.000 -9999.000 -9999.000 -9999.000 -9999.000 -9999.000 -9999.000 -9999.000 -9999.000 -9999.000 -9999.000 -9999.000 -9999.000 -9999.000 -9999.000 -9999.000 -9999.000 -9999.000 -9999.000 -9999.000 -9999.000 -9999.000 -9999.000 -9999.000 -9999.000 -9999.000 -9999.000 -9999.000 -9999.000 -9999.000 -9999.000 -9999.000 -9999.000 -9999.000 -9999.000 -9999.000 -9999.000 -9999.000 -9999.000 -9999.000 -9999.000 -9999.000 -9999.000
-606.612 -615.593 -619.767 -620.865 -621.940 -622.500 -617.330 -609.607 -602.178 -595.072 -592.851 -590.543 -588.271 -587.805 -589.217 -592.553 -595.906 -599.383 -600.864 -609.381 -620.928 -630.024 -632.835 -628.296 -623.744 -621.182 -614.903 -603.885 -592.842 -584.160 -572.431 -567.010 -561.714 -558.180 -561.918 -565.167 -568.469 -572.675 -583.459 -9999.000 -9999.000 -9999.000 -9999.000 -9999.000 -9999.000 -9999.000 -9999.000 -9999.000 -9999.000 -9999.000 -9999.000 -9999.000 -9999.000 -9999.000 -9999.000 -9999.000 -9999.000 -9999.000 -9999.000 -9999.000 -9999.000 -9999.000 -9999.000 -9999.000
-622.531 -628.237 -633.971 -635.785 -636.049 -636.203 -632.142 -622.572 -614.742 -610.086 -607.850 -605.579 -605.380 -605.944 -606.465 -609.463 -612.957 -616.433 -618.278 -618.485 -626.151 -631.432 -634.649 -635.651 -633.244 -630.961 -628.109 -618.320 -609.865 -601.405 -587.333 -575.048 -569.716 -571.801 -576.544 -579.833 -585.650 -594.890 -605.090 -615.684 -622.787 -627.874 -632.605 -626.253 -619.790 -609.134 -598.521 -586.299 -574.054 -9999.000 -9999.000 -9999.000 -9999.000 -9999.000 -9999.000 -9999.000 -9999.000 -9999.000 -9999.000 -9999.000 -9999.000 -9999.000 -9999.000 -9999.000
-630.576 -635.588 -639.577 -632.402 -631.438 -630.478 -627.500 -624.076 -622.301 -619.630 -614.510 -605.769 -603.354 -603.005 -603.027 -604.958 -608.150 -609.996 -612.838 -618.104 -618.965 -618.487 -618.319 -612.974 -611.501 -610.329 -617.482 -614.216 -607.844 -600.845 -593.503 -586.214 -581.056 -583.806 -584.883 -592.672 -605.917 -617.073 -625.524 -628.096 -630.909 -638.156 -649.723 -642.699 -626.950 -621.996 -617.865 -605.586 -593.141 -582.913 -581.022 -581.221 -581.423 -583.789 -597.454 -611.951 -626.481 -644.932 -9999.000 -9999.000 -9999.000 -9999.000 -9999.000 -9999.000
-628.409 -629.813 -616.982 -607.759 -606.427 -603.823 -600.816 -602.563 -615.280 -618.177 -609.696 -599.370 -593.610 -593.706 -593.936 -595.387 -596.545 -597.223 -599.815 -598.603 -595.967 -594.964 -589.671 -584.074 -581.421 -590.430 -599.688 -599.359 -591.730 -583.827 -576.318 -565.027 -552.931 -554.032 -559.451 -567.805 -580.966 -603.887 -623.522 -633.475 -639.366 -645.758 -646.613 -648.058 -637.528 -635.359 -633.402 -624.327 -613.775 -603.549 -597.633 -597.880 -598.142 -600.319 -609.540 -624.041 -638.549 -654.734 -679.598 -707.649 -735.030 -735.669 -711.835 -688.015
-616.474 -603.109 -589.502 -574.471 -572.327 -570.195 -570.746 -581.009 -591.473 -596.156 -581.075 -565.741 -557.779 -557.002 -556.192 -547.701 -550.239 -553.477 -559.447 -556.993 -553.742 -541.801 -534.550 -528.172 -530.226 -541.801 -552.429 -554.456 -552.839 -551.210 -545.346 -534.592 -523.915 -528.256 -535.338 -545.396 -573.998 -601.864 -618.516 -617.083 -616.052 -620.053 -622.763 -626.266 -633.838 -633.865 -633.963 -634.111 -621.841 -609.495 -605.815 -611.555 -614.856 -616.866 -625.484 -636.087 -650.982 -667.586 -685.969 -713.959 -721.257 -728.743 -706.704 -682.863
-567.512 -554.568 -536.187 -512.653 -509.342 -505.779 -501.626 -512.296 -524.355 -536.454 -521.647 -512.536 -503.719 -500.224 -488.439 -478.483 -483.933 -493.118 -502.574 -496.293 -482.062 -467.591 -461.891 -459.089 -458.428 -467.677 -472.550 -475.427 -475.333 -479.344 -476.680 -465.070 -449.268 -448.244 -458.884 -480.887 -515.452 -550.192 -572.705 -568.513 -574.243 -579.522 -583.630 -597.551 -608.970 -609.051 -618.272 -624.305 -612.699 -606.469 -604.321 -610.155 -604.408 -612.053 -629.578 -646.792 -662.352 -676.629 -691.123 -698.499 -707.694 -715.085 -702.650 -682.295
-519.265 -501.425 -478.023 -454.159 -442.362 -435.231 -426.864 -433.598 -442.454 -451.455 -446.817 -434.467 -422.763 -411.621 -399.725 -388.319 -394.329 -403.616 -406.077 -402.369 -386.765 -373.187 -368.379 -366.074 -361.411 -366.514 -373.765 -381.897 -389.699 -396.698 -401.329 -386.692 -372.341 -373.470 -395.603 -417.824 -449.139 -483.651 -517.009 -522.434 -522.241 -523.238 -538.345 -553.352 -572.553 -583.813 -592.419 -607.500 -602.960 -596.759 -585.578 -575.211 -575.933 -592.172 -609.376 -628.575 -647.385 -661.639 -666.055 -670.902 -680.196 -686.287 -680.149 -666.207
-411.902 -400.651 -375.193 -342.966 -318.956 -297.591 -294.412 -304.211 -313.751 -327.713 -334.278 -322.074 -310.872 -299.817 -288.600 -277.062 -269.150 -269.517 -269.491 -267.368 -264.455 -259.202 -252.999 -246.602 -239.537 -237.605 -245.809 -254.242 -264.230 -273.353 -276.099 -277.652 -270.974 -270.889 -288.731 -312.911 -339.791 -372.237 -400.828 -420.843 -418.960 -431.601 -447.522 -468.508 -504.669 -524.086 -540.634 -570.595 -575.211 -563.395 -548.391 -540.957 -556.889 -573.116 -591.857 -612.500 -632.871 -639.326 -640.502 -643.445 -649.060 -651.611 -647.219 -634.494
-300.222 -293.778 -263.981 -231.387 -202.435 -179.687 -171.790 -181.615 -191.701 -202.949 -212.970 -213.307 -201.519 -186.410 -171.204 -160.660 -156.436 -157.518 -157.255 -156.169 -153.511 -151.613 -147.236 -140.593 -130.140 -117.684 -120.647 -136.574 -149.928 -165.415 -171.886 -174.024 -177.703 -177.092 -177.871 -200.520 -223.986 -252.267 -282.266 -303.649 -321.125 -337.450 -354.850 -393.022 -430.126 -462.373 -490.037 -517.938 -523.066 -496.259 -470.508 -479.936 -491.161 -508.638 -533.376 -558.116 -583.742 -591.222 -594.367 -600.040 -606.429 -612.629 -618.688 -616.321
-183.395 -175.670 -157.674 -125.475 -92.474 -65.933 -61.068 -68.678 -78.864 -90.128 -98.857 -102.170 -97.591 -89.493 -76.468 -65.049 -53.851 -53.200 -52.767 -53.238 -51.581 -50.170 -49.364 -44.125 -34.481 -25.306 -23.101 -32.765 -48.501 -65.713 -74.600 -81.592 -86.816 -86.801 -85.445 -86.311 -105.266 -135.476 -175.155 -203.039 -223.763 -234.512 -246.230 -259.528 -297.250 -318.167 -346.816 -380.048 -406.776 -377.860 -385.842 -396.149 -412.359 -436.901 -461.981 -487.803 -514.484 -525.327 -530.936 -538.651 -545.061 -553.869 -564.557 -569.111
-75.653 -64.585 -49.667 -32.584 -9.576 13.474 30.325 28.245 18.570 4.219 1.503 1.009 1.880 6.474 11.393 23.997 37.257 42.198 42.792 40.509 42.238 42.986 42.940 42.835 45.305 50.602 52.691 49.844 37.396 20.111 5.076 -3.879 -8.213 -11.032 -10.965 -12.220 -20.564 -42.895 -73.752 -105.376 -127.699 -142.225 -152.373 -159.397 -167.665 -180.164 -203.419 -239.492 -274.253 -288.471 -297.577 -308.788 -332.316 -358.661 -380.396 -411.760 -442.718 -463.026 -470.418 -477.633 -486.734 -498.620 -510.042 -517.756
22.711 37.238 52.437 62.325 74.670 91.639 101.236 106.699 107.978 108.296 110.362 110.380 105.591 106.647 107.619 108.967 112.586 113.440 113.491 113.290 113.886 113.946 114.214 113.890 112.516 112.916 113.068 112.879 109.948 104.421 89.853 79.422 72.869 66.064 58.079 49.384 41.096 28.859 6.815 -22.681 -49.926 -60.780 -65.260 -68.470 -71.315 -82.594 -99.869 -124.139 -157.407 -193.466 -204.452 -218.933 -241.620 -259.267 -271.997 -303.814 -337.078 -362.445 -373.325 -392.174 -411.098 -426.839 -445.044 -462.418
103.877 114.391 115.302 115.959 116.640 117.316 117.548 117.614 117.584 115.525 115.464 114.315 109.150 100.439 101.856 103.078 105.468 108.802 107.361 108.148 110.997 109.688 104.661 101.456 99.913 100.037 106.841 109.686 110.350 110.746 110.257 110.177 109.907 109.569 109.093 108.484 105.313 97.275 78.434 51.963 23.410 8.318 2.629 4.936 2.983 -1.472 -17.724 -41.229 -72.427 -106.155 -123.525 -134.568 -142.392 -150.306 -162.201 -194.962 -229.894 -258.310 -278.074 -303.699 -324.366 -343.301 -364.891 -383.628
120.898 117.565 113.975 109.592 108.640 107.501 105.273 105.986 104.124 100.497 97.498 92.237 82.371 71.237 69.418 74.151 78.740 82.490 84.868 87.870 89.574 85.440 78.253 71.743 69.752 75.793 81.073 85.410 85.921 84.594 82.950 83.464 81.583 82.242 88.094 99.922 107.226 107.689 107.617 106.293 103.901 86.417 68.512 71.324 67.724 57.660 39.157 18.449 -6.817 -31.350 -55.413 -62.726 -66.466 -71.375 -78.023 -107.370 -138.496 -169.232 -194.035 -218.677 -241.599 -262.973 -284.430 -306.994
109.890 103.356 95.790 89.565 83.739 82.126 80.756 80.120 80.197 75.294 68.876 55.302 44.331 33.492 27.709 27.033 32.833 41.559 49.345 53.602 48.604 42.060 32.524 24.804 24.959 27.832 36.190 47.881 50.446 50.904 46.597 43.219 37.736 36.147 42.666 56.443 69.754 81.316 88.230 94.764 100.383 106.851 107.053 107.155 106.966 103.498 90.789 73.392 54.204 33.256 9.265 1.954 -0.757 -4.507 -6.278 -30.024 -61.108 -92.067 -119.488 -144.281 -165.912 -187.440 -210.608 -234.963
78.489 72.286 62.887 53.039 44.244 39.584 40.652 43.004 43.873 38.640 25.788 9.915 -2.513 -15.569 -19.111 -22.982 -24.957 -14.293 0.868 6.258 -5.317 -14.216 -27.334 -34.835 -37.315 -35.485 -26.216 -8.663 7.146 7.521 -1.570 -10.509 -15.720 -18.500 -11.987 5.373 23.118 35.719 43.673 48.636 56.111 64.889 75.136 86.471 95.940 105.934 106.923 106.549 105.487 90.618 73.669 61.743 52.014 46.457 38.228 19.728 -4.425 -28.710 -53.996 -74.463 -91.509 -113.882 -138.428 -162.802
37.489 31.532 21.868 11.323 1.359 -10.155 -12.187 -13.120 -10.275 -20.112 -30.472 -48.797 -63.137 -77.710 -85.822 -91.115 -96.061 -88.722 -72.507 -63.303 -78.163 -88.450 -102.037 -108.859 -112.108 -110.706 -100.976 -78.343 -60.357 -54.942 -63.740 -71.583 -76.063 -78.071 -74.107 -59.584 -40.824 -22.756 -10.118 -2.561 4.306 13.603 26.651 39.107 51.429 66.519 83.364 95.842 103.862 109.014 108.863 108.161 101.310 92.812 83.281 68.539 47.526 22.715 -1.975 -18.449 -34.221 -48.762 -72.377 -101.161
-4.129 -14.042 -53.377 -67.730 -82.991 -95.726 -99.137 -104.286 -106.663 -114.604 -120.992 -131.082 -146.028 -162.164 -176.511 -181.128 -185.058 -189.465 -180.084 -175.619 -177.454 -185.243 -193.140 -197.289 -199.991 -196.198 -182.722 -169.574 -158.041 -153.183 -158.756 -155.341 -151.912 -152.881 -139.991 -127.606 -111.299 -91.816 -71.739 -61.712 -53.979 -44.465 -30.460 -15.348 0.121 20.564 42.247 55.994 65.537 76.155 86.963 98.924 108.496 111.747 111.470 106.201 88.371 66.847 47.380 30.561 16.842 4.757 -12.128 -44.100
-50.696 -82.770 -122.985 -151.821 -167.755 -186.298 -194.117 -200.440 -218.674 -229.437 -236.379 -234.714 -245.840 -262.275 -276.139 -282.655 -287.237 -297.133 -300.854 -296.649 -287.492 -294.381 -298.410 -296.310 -298.864 -301.057 -292.350 -277.862 -269.668 -261.959 -255.201 -253.048 -249.613 -229.675 -218.175 -205.592 -187.434 -167.643 -147.342 -130.723 -120.098 -107.894 -91.041 -76.107 -57.132 -35.323 -9.510 7.124 19.579 29.796 40.211 54.405 71.882 86.430 100.484 111.187 111.083 109.846 88.923 73.926 59.672 51.792 32.613 6.848
-138.201 -178.023 -216.942 -246.134 -265.090 -286.277 -299.444 -318.591 -345.380 -362.226 -359.729 -352.892 -355.662 -369.322 -381.544 -390.664 -401.336 -415.015 -423.669 -416.094 -407.717 -404.495 -402.812 -399.592 -399.013 -400.495 -402.636 -393.702 -385.899 -377.043 -369.254 -361.818 -338.276 -317.004 -303.368 -285.804 -267.969 -247.539 -226.164 -207.989 -194.828 -178.690 -161.388 -142.573 -122.947 -99.181 -71.778 -50.635 -37.607 -25.757 -13.324 3.935 24.738 44.461 65.373 83.938 94.088 105.356 114.364 113.519 98.549 86.880 72.029 51.645
-248.338 -286.774 -323.540 -348.061 -369.384 -390.529 -412.692 -439.051 -464.422 -481.689 -474.849 -468.018 -459.589 -471.546 -483.341 -489.838 -503.326 -516.644 -529.540 -521.274 -512.541 -498.634 -495.715 -493.020 -487.726 -489.494 -491.598 -497.328 -489.102 -480.565 -469.504 -446.290 -423.557 -401.964 -384.186 -366.730 -347.230 -325.934 -304.570 -282.801 -266.517 -250.276 -231.377 -212.837 -194.668 -173.432 -148.314 -126.962 -110.242 -92.478 -78.344 -56.506 -30.054 -5.768 22.791 42.127 56.305 68.666 81.148 97.350 108.794 108.482 105.690 84.226
-388.006 -424.724 -445.303 -462.803 -483.819 -503.501 -522.821 -547.952 -570.008 -591.584 -587.216 -575.350 -562.028 -570.049 -574.838 -578.013 -589.399 -602.542 -615.642 -611.958 -597.860 -581.891 -576.033 -570.319 -563.321 -563.492 -569.594 -577.901 -572.804 -560.662 -546.151 -525.518 -504.454 -484.330 -466.275 -446.255 -425.205 -403.906 -380.945 -357.364 -340.750 -320.104 -298.342 -280.023 -268.349 -253.476 -229.618 -212.349 -192.786 -173.052 -158.121 -131.745 -100.880 -64.481 -28.993 1.305 14.893 27.343 38.074 54.147 72.974 89.581 103.156 104.004
-520.342 -539.264 -556.809 -574.173 -591.669 -610.836 -629.703 -648.706 -669.605 -689.599 -684.274 -670.712 -657.577 -656.114 -659.022 -661.960 -669.920 -683.137 -695.572 -687.787 -672.495 -657.337 -648.079 -641.747 -635.555 -638.417 -646.551 -654.194 -646.929 -632.382 -618.005 -600.810 -580.445 -560.130 -540.161 -519.335 -498.536 -475.662 -452.179 -428.625 -406.078 -384.625 -363.565 -353.226 -342.722 -333.466 -317.083 -300.106 -280.849 -259.974 -238.931 -211.207 -173.616 -135.883 -99.992 -65.702 -42.542 -25.709 -11.364 8.079 28.322 45.031 59.132 71.314
-610.373 -633.278 -650.552 -660.347 -674.557 -693.455 -706.814 -723.312 -743.300 -745.568 -741.261 -728.133 -725.022 -724.227 -727.163 -728.237 -733.341 -745.879 -741.109 -733.144 -718.012 -707.015 -697.919 -691.683 -687.532 -688.496 -696.237 -694.255 -687.121 -672.737 -661.250 -646.213 -625.902 -609.158 -590.489 -569.663 -548.268 -525.723 -501.985 -476.533 -453.541 -434.600 -425.198 -414.986 -408.271 -412.390 -398.457 -384.335 -369.855 -349.067 -328.207 -301.102 -263.759 -222.271 -179.824 -143.823 -108.053 -87.639 -66.505 -44.857 -22.568 -2.114 14.020 26.400
-702.039 -726.284 -735.887 -746.005 -757.306 -770.541 -783.934 -797.153 -798.568 -800.691 -800.524 -797.797 -794.682 -792.281 -793.339 -794.444 -794.276 -789.554 -785.392 -779.880 -769.128 -758.187 -748.396 -744.390 -740.331 -737.913 -735.346 -733.032 -728.668 -717.342 -705.909 -692.824 -676.153 -659.352 -641.108 -619.718 -598.251 -575.354 -549.978 -524.508 -505.185 -495.631 -485.993 -481.767 -485.575 -489.304 -480.726 -468.785 -457.265 -437.282 -416.278 -395.635 -353.183 -307.202 -263.601 -228.694 -194.186 -164.650 -139.246 -115.755 -86.034 -60.898 -35.535 -19.316
-773.385 -791.751 -801.465 -811.280 -821.432 -834.789 -845.990 -848.755 -850.911 -852.901 -854.213 -850.735 -847.113 -842.964 -843.523 -843.363 -840.923 -836.788 -831.333 -822.483 -811.759 -800.191 -786.433 -782.239 -777.854 -772.720 -770.319 -767.436 -763.247 -751.984 -740.578 -728.366 -711.743 -694.609 -675.926 -654.314 -629.660 -601.283 -575.575 -550.315 -529.550 -520.886 -516.426 -517.857 -523.039 -534.362 -534.379 -522.945 -518.677 -504.466 -483.808 -470.065 -432.277 -387.290 -355.517 -321.024 -285.819 -242.952 -216.759 -186.195 -155.215 -124.997 -95.229 -79.423
-834.267 -853.296 -865.284 -875.462 -885.438 -894.433 -897.351 -900.445 -902.443 -903.714 -905.068 -902.402 -898.276 -894.185 -892.459 -890.012 -887.458 -881.745 -872.986 -864.320 -852.555 -838.222 -823.841 -818.190 -812.950 -807.673 -804.086 -800.105 -796.184 -785.848 -774.272 -762.719 -745.468 -727.388 -709.125 -683.823 -654.775 -625.786 -600.654 -575.850 -552.340 -548.936 -547.456 -548.028 -560.605 -575.608 -580.286 -576.892 -575.635 -565.768 -552.900 -540.187 -510.203 -480.070 -449.488 -413.560 -368.352 -323.372 -293.633 -262.712 -231.843 -203.544 -180.369 -161.094
