tests/3D/Borden05m_nopit_001/output_maps/psiliqL0022N0005.asc
ncols         160
nrows         34
xllcorner     620200.000000
yllcorner     5168000.000000
cellsize      0.500000
NODATA_value  -9999.0
[rows 0 to 27 of 34, columns 0 to 61 of 160]
-9999.000 -9999.000 -9999.000 -9999.000 -9999.000 -9999.000 -9999.000 -9999.000 -9999.000 -9999.000 -9999.000 -9999.000 -9999.000 -9999.000 -9999.000 -9999.000 -9999.000 -9999.000 -9999.000 -9999.000 -9999.000 -9999.000 -9999.000 -9999.000 -9999.000 -9999.000 -9999.000 -9999.000 -9999.000 -9999.000 -9999.000 -9999.000 -9999.000 -9999.000 -9999.000 -9999.000 -9999.000 -9999.000 -9999.000 -9999.000 -9999.000 -9999.000 -9999.000 -9999.000 -9999.000 -9999.000 -9999.000 -9999.000 -9999.000 -9999.000 -9999.000 -9999.000 -9999.000 -9999.000 -9999.000 -9999.000 -9999.000 -9999.000 -9999.000 -9999.000 -9999.000 -9999.000
-9999.000 -9999.000 -9999.000 -9999.000 -9999.000 -9999.000 -9999.000 -9999.000 -9999.000 -9999.000 -9999.000 -9999.000 -9999.000 -9999.000 -9999.000 -9999.000 -9999.000 -9999.000 -9999.000 -9999.000 -9999.000 -9999.000 -9999.000 -9999.000 -9999.000 -9999.000 -9999.000 -9999.000 -9999.000 -9999.000 -9999.000 -9999.000 -9999.000 -9999.000 -9999.000 -9999.000 -9999.000 -9999.000 -9999.000 -9999.000 -9999.000 -9999.000 -9999.000 -9999.000 -9999.000 -9999.000 -9999.000 -9999.000 -9999.000 -9999.000 -9999.000 -9999.000 -9999.000 -9999.000 -9999.000 -9999.000 -9999.000 -9999.000 -9999.000 2599.303 2593.928 2588.981
-9999.000 -9999.000 -9999.000 -9999.000 -9999.000 -9999.000 -9999.000 -9999.000 -9999.000 -9999.000 -9999.000 -9999.000 -9999.000 -9999.000 -9999.000 -9999.000 -9999.000 -9999.000 -9999.000 -9999.000 -9999.000 -9999.000 -9999.000 -9999.000 -9999.000 -9999.000 -9999.000 -9999.000 -9999.000 -9999.000 -9999.000 -9999.000 -9999.000 -9999.000 -9999.000 -9999.000 -9999.000 -9999.000 -9999.000 -9999.000 -9999.000 -9999.000 -9999.000 -9999.000 -9999.000 -9999.000 -9999.000 2474.132 2456.847 2442.619 2438.383 2459.550 2482.380 2505.844 2526.044 2544.054 2562.420 2582.942 2586.036 2574.540 2569.490 2566.249
-9999.000 -9999.000 -9999.000 -9999.000 -9999.000 -9999.000 -9999.000 -9999.000 -9999.000 -9999.000 -9999.000 -9999.000 -9999.000 -9999.000 -9999.000 -9999.000 -9999.000 -9999.000 -9999.000 -9999.000 -9999.000 -9999.000 -9999.000 -9999.000 -9999.000 -9999.000 -9999.000 -9999.000 -9999.000 -9999.000 -9999.000 -9999.000 -9999.000 -9999.000 -9999.000 -9999.000 -9999.000 -9999.000 -9999.000 -9999.000 2524.386 2530.181 2530.180 2519.946 2508.450 2494.995 2474.431 2457.084 2443.375 2441.082 2443.311 2446.334 2467.161 2491.970 2511.437 2527.182 2546.135 2566.282 2568.798 2558.322 2550.349 2543.969
-9999.000 -9999.000 -9999.000 -9999.000 -9999.000 -9999.000 -9999.000 -9999.000 -9999.000 -9999.000 -9999.000 -9999.000 -9999.000 -9999.000 -9999.000 -9999.000 -9999.000 -9999.000 -9999.000 -9999.000 -9999.000 -9999.000 -9999.000 -9999.000 -9999.000 -9999.000 -9999.000 -9999.000 -9999.000 -9999.000 -9999.000 -9999.000 -9999.000 -9999.000 2432.887 2449.779 2467.489 2485.722 2502.353 2509.110 2514.827 2520.093 2515.367 2510.624 2498.758 2478.011 2458.423 2445.157 2443.625 2440.896 2444.295 2455.782 2471.994 2486.861 2507.026 2530.715 2539.427 2550.089 2552.527 2547.339 2549.120 2550.676
-9999.000 -9999.000 -9999.000 -9999.000 -9999.000 -9999.000 -9999.000 -9999.000 -9999.000 -9999.000 -9999.000 -9999.000 -9999.000 -9999.000 -9999.000 -9999.000 -9999.000 -9999.000 -9999.000 -9999.000 -9999.000 -9999.000 -9999.000 -9999.000 -9999.000 -9999.000 -9999.000 -9999.000 2439.188 2433.101 2427.989 2426.162 2424.461 2423.192 2429.698 2440.799 2457.783 2479.402 2492.256 2499.193 2505.726 2505.870 2499.878 2497.719 2497.787 2484.982 2472.489 2460.766 2449.305 2446.166 2454.742 2468.408 2484.050 2498.109 2512.797 2518.506 2537.695 2557.720 2563.892 2557.669 2553.304 2551.375
-9999.000 -9999.000 -9999.000 -9999.000 -9999.000 -9999.000 -9999.000 -9999.000 -9999.000 -9999.000 -9999.000 -9999.000 -9999.000 -9999.000 -9999.000 -9999.000 -9999.000 -9999.000 -9999.000 -9999.000 -9999.000 -9999.000 -9999.000 2410.089 2415.091 2421.371 2428.707 2429.394 2425.671 2419.976 2416.889 2415.098 2412.608 2416.737 2423.642 2436.317 2451.245 2472.909 2480.746 2485.044 2496.150 2499.071 2505.761 2509.176 2506.784 2502.488 2487.698 2476.179 2478.529 2482.390 2488.503 2495.986 2508.667 2522.062 2537.108 2554.915 2574.236 2593.886 2607.281 2600.913 2592.981 2583.747
-9999.000 -9999.000 -9999.000 -9999.000 -9999.000 -9999.000 -9999.000 -9999.000 -9999.000 -9999.000 -9999.000 -9999.000 -9999.000 -9999.000 -9999.000 -9999.000 -9999.000 -9999.000 -9999.000 2385.928 2386.795 2387.994 2392.571 2392.882 2394.495 2400.999 2408.685 2411.051 2408.607 2407.083 2408.003 2410.105 2414.017 2424.102 2436.945 2450.223 2462.580 2482.511 2496.195 2508.062 2522.720 2522.064 2517.581 2515.098 2514.395 2512.509 2511.808 2511.093 2516.355 2517.329 2520.733 2528.925 2539.723 2555.663 2572.751 2589.555 2603.761 2620.032 2636.565 2628.561 2617.930 2602.139
-9999.000 -9999.000 -9999.000 -9999.000 -9999.000 -9999.000 -9999.000 -9999.000 -9999.000 -9999.000 -9999.000 -9999.000 -9999.000 -9999.000 -9999.000 -9999.000 2357.347 2358.973 2361.072 2366.338 2369.529 2373.176 2379.792 2380.843 2383.911 2390.479 2394.487 2403.013 2410.635 2417.061 2422.144 2423.774 2429.625 2437.935 2448.406 2461.570 2480.904 2503.124 2517.813 2533.372 2549.409 2548.899 2546.314 2545.771 2543.825 2545.651 2559.797 2562.604 2558.230 2568.836 2580.048 2582.358 2588.259 2606.437 2627.706 2644.407 2667.537 2684.567 2705.529 2699.072 2677.656 2663.839
-9999.000 -9999.000 -9999.000 -9999.000 -9999.000 -9999.000 -9999.000 -9999.000 -9999.000 -9999.000 -9999.000 -9999.000 -9999.000 2309.449 2313.256 2322.979 2333.473 2336.043 2340.432 2346.545 2358.243 2361.361 2366.842 2373.504 2385.194 2393.026 2401.056 2411.865 2418.977 2424.919 2430.350 2432.925 2443.698 2456.752 2470.173 2488.208 2508.684 2526.343 2543.805 2558.555 2569.507 2567.099 2564.940 2565.839 2570.168 2583.112 2598.945 2600.849 2611.910 2631.783 2641.679 2649.071 2654.659 2666.940 2686.871 2716.891 2749.752 2774.316 2785.249 2793.902 2781.772 2780.389
-9999.000 -9999.000 -9999.000 -9999.000 -9999.000 -9999.000 -9999.000 -9999.000 -9999.000 -9999.000 2281.267 2282.771 2278.784 2276.495 2281.659 2293.491 2307.306 2312.671 2323.981 2344.589 2362.302 2364.739 2377.653 2386.947 2392.641 2401.514 2413.174 2424.108 2438.518 2448.935 2457.108 2472.891 2487.210 2501.759 2517.398 2535.966 2551.590 2575.146 2598.996 2607.437 2624.581 2628.747 2623.692 2621.136 2628.798 2640.079 2655.501 2672.247 2690.260 2711.802 2723.123 2735.122 2743.392 2753.072 2767.154 2805.100 2847.169 2876.043 2894.555 2907.430 2905.739 2907.326
-9999.000 -9999.000 -9999.000 -9999.000 -9999.000 -9999.000 -9999.000 -9999.000 2257.175 2264.741 2269.958 2266.307 2261.276 2255.476 2269.204 2284.086 2299.255 2316.562 2331.416 2348.728 2362.074 2376.185 2394.984 2404.734 2414.271 2427.884 2439.555 2453.543 2472.578 2480.442 2491.761 2510.016 2524.863 2540.220 2556.638 2571.758 2592.258 2621.610 2649.607 2666.256 2691.086 2708.635 2703.302 2701.684 2702.671 2725.013 2750.647 2778.556 2798.152 2821.425 2848.603 2865.916 2874.550 2885.056 2898.231 2918.880 2950.361 2978.862 3008.604 3024.101 3027.539 3025.520
-9999.000 -9999.000 -9999.000 -9999.000 -9999.000 -9999.000 2229.785 2253.795 2268.454 2259.551 2246.243 2240.919 2234.731 2262.181 2283.546 2299.919 2315.682 2332.161 2347.325 2356.109 2385.810 2403.187 2414.404 2427.806 2440.676 2453.495 2468.435 2488.694 2505.932 2528.765 2546.466 2563.665 2586.214 2602.400 2618.007 2631.329 2658.156 2691.659 2724.904 2749.016 2772.662 2802.098 2803.150 2805.081 2807.447 2828.714 2860.183 2888.691 2919.793 2949.566 2976.035 2986.003 2994.502 3003.938 3015.808 3025.801 3040.198 3067.185 3094.944 3117.638 3132.512 3133.655
-9999.000 -9999.000 -9999.000 -9999.000 2197.815 2218.354 2236.983 2266.688 2288.197 2282.475 2286.830 2284.679 2280.187 2283.730 2290.354 2306.671 2324.312 2342.223 2356.330 2384.713 2428.830 2439.780 2457.729 2486.235 2496.411 2509.048 2523.001 2542.501 2562.062 2589.486 2625.016 2654.916 2675.776 2694.285 2712.093 2728.846 2761.333 2796.396 2830.454 2861.086 2887.385 2911.697 2919.237 2924.030 2933.509 2949.078 2970.015 2996.222 3027.671 3058.571 3081.475 3091.368 3096.763 3105.875 3113.708 3123.288 3133.793 3151.020 3172.752 3204.658 3226.666 3237.626
-9999.000 -9999.000 -9999.000 2145.647 2184.310 2222.858 2248.369 2278.086 2309.474 2310.132 2317.832 2318.361 2318.204 2323.410 2327.157 2342.337 2358.134 2374.826 2394.713 2427.558 2456.916 2477.131 2504.364 2522.387 2536.265 2548.278 2564.774 2584.233 2619.603 2649.996 2695.146 2744.254 2775.895 2795.128 2815.426 2840.823 2863.971 2899.784 2932.333 2963.135 2992.363 3014.094 3028.821 3033.516 3042.052 3047.975 3061.018 3081.192 3102.357 3131.321 3159.282 3185.621 3199.647 3209.640 3225.656 3242.251 3255.264 3269.386 3252.040 3271.079 3280.823 3285.379
-9999.000 -9999.000 2097.877 2136.581 2168.537 2215.952 2268.213 2302.154 2341.011 2360.493 2363.657 2375.152 2386.138 2387.814 2397.396 2409.971 2428.565 2434.869 2451.956 2471.133 2510.733 2546.591 2549.805 2590.482 2619.509 2648.039 2665.926 2690.490 2725.127 2759.657 2803.200 2850.695 2884.429 2911.585 2925.923 2944.064 2963.556 2987.272 3021.241 3046.727 3078.075 3102.490 3121.804 3124.042 3126.824 3141.960 3167.821 3195.814 3222.156 3248.275 3239.857 3258.178 3266.336 3270.887 3278.044 3282.947 3285.309 3283.919 3282.652 3276.422 3270.479 3269.743
-9999.000 -9999.000 2068.834 2114.554 2150.708 2211.076 2294.228 2328.453 2368.215 2412.331 2426.250 2446.944 2445.661 2440.385 2458.177 2473.492 2488.908 2494.205 2488.421 2539.401 2591.460 2623.105 2642.359 2712.605 2759.822 2779.165 2792.406 2810.935 2830.626 2868.651 2908.769 2960.217 3000.292 3028.711 3042.271 3060.033 3078.302 3092.985 3111.030 3153.518 3184.689 3212.495 3241.477 3261.586 3269.182 3273.103 3253.058 3268.316 3278.664 3283.127 3284.824 3281.161 3280.525 3281.271 3282.203 3276.969 3270.149 3263.345 3258.190 3251.792 3246.479 3244.749
-9999.000 1977.158 2029.370 2080.479 2145.911 2208.577 2285.388 2360.809 2422.025 2470.525 2495.226 2493.363 2504.692 2533.874 2553.325 2571.340 2573.826 2580.034 2562.521 2611.364 2650.257 2706.010 2805.869 2860.813 2914.586 2911.315 2900.854 2907.156 2924.421 2967.722 3039.838 3090.588 3149.499 3193.317 3208.312 3214.406 3231.511 3250.829 3213.438 3247.865 3263.540 3276.619 3283.005 3284.808 3285.815 3285.628 3282.073 3275.284 3267.274 3261.555 3257.407 3252.905 3255.331 3258.637 3259.067 3252.420 3244.755 3237.211 3229.748 3222.983 3216.952 3212.822
-9999.000 1939.721 1997.639 2066.714 2134.778 2188.380 2277.215 2433.287 2490.654 2526.229 2535.834 2526.360 2588.611 2647.783 2673.180 2715.481 2701.733 2686.490 2656.363 2681.949 2721.897 2790.853 2947.371 3031.560 3072.593 3080.437 3082.464 3108.747 3148.576 3190.200 3229.654 3209.090 3248.665 3267.952 3271.982 3272.547 3276.874 3275.711 3273.867 3269.604 3264.579 3264.715 3269.061 3268.874 3265.996 3262.760 3257.151 3249.724 3244.436 3239.824 3237.142 3234.259 3232.454 3232.033 3227.465 3222.324 3213.246 3203.577 3194.169 3183.980 3173.722 3167.585
-9999.000 1902.934 1976.276 2035.923 2087.933 2186.230 2313.430 2452.509 2545.352 2578.276 2569.911 2614.477 2713.062 2812.080 2861.230 2881.476 2867.924 2827.968 2814.617 2856.090 2921.720 3028.000 3146.437 3234.971 3248.255 3250.943 3212.827 3233.336 3252.345 3254.601 3255.493 3261.482 3266.405 3269.159 3267.651 3264.773 3260.024 3251.958 3247.116 3243.568 3239.889 3238.940 3241.103 3242.669 3239.954 3236.107 3231.648 3226.063 3219.852 3213.190 3209.047 3204.938 3202.871 3197.684 3194.025 3188.372 3172.769 3158.752 3144.908 3132.631 3120.278 3105.570
-9999.000 1787.535 1880.942 1925.927 2013.343 2195.785 2322.603 2464.251 2619.892 2644.412 2697.462 2826.100 2936.648 3011.327 3041.669 3075.526 3099.444 3116.115 3150.053 3057.606 3126.899 3207.320 3243.081 3258.589 3264.848 3265.144 3255.798 3235.515 3224.889 3218.145 3219.747 3226.954 3231.831 3236.780 3234.529 3235.381 3236.078 3232.757 3228.845 3220.339 3212.601 3206.240 3203.475 3208.334 3203.641 3201.060 3195.031 3186.853 3178.139 3170.809 3163.084 3156.621 3154.352 3149.336 3148.209 3139.374 3109.642 3089.459 3072.835 3054.732 3029.905 3010.437
-9999.000 1706.537 1780.237 1849.396 1968.523 2131.222 2236.927 2395.888 2622.295 2748.295 2894.388 2975.285 3043.493 3089.368 3141.180 3188.483 3212.469 3221.829 3197.028 3213.562 3173.616 3163.030 3179.457 3206.695 3221.858 3225.587 3217.432 3207.751 3200.526 3199.401 3197.501 3194.268 3190.922 3187.788 3184.645 3187.236 3192.247 3185.503 3175.880 3166.930 3158.845 3149.990 3144.240 3140.058 3139.982 3140.163 3132.729 3122.461 3111.899 3103.839 3096.686 3092.020 3089.592 3084.860 3076.083 3063.256 3035.832 3010.190 2987.994 2958.379 2914.768 2901.178
-9999.000 1593.589 1722.093 1803.769 1906.430 2036.641 2146.588 2300.213 2434.031 2666.541 2810.280 2968.779 3012.792 3075.807 3124.883 3193.206 3190.086 3158.322 3117.945 3101.240 3109.234 3117.349 3126.281 3141.618 3158.518 3168.018 3171.756 3165.106 3151.061 3139.615 3129.956 3117.583 3108.968 3106.911 3109.809 3118.795 3119.880 3110.708 3097.096 3079.740 3064.795 3053.509 3051.276 3053.632 3054.455 3050.702 3044.755 3034.332 3022.043 3010.151 3004.168 2999.747 2992.826 2982.396 2971.211 2958.839 2935.356 2916.096 2893.006 2852.850 2810.380 2772.406
-9999.000 -9999.000 1639.473 1748.216 1845.516 1958.970 2055.163 2179.524 2320.598 2492.419 2606.291 2765.665 2849.991 2892.216 2929.394 2982.494 3003.720 3029.203 3018.585 3026.547 3034.085 3038.508 3044.252 3051.110 3061.840 3071.202 3080.213 3077.470 3068.491 3049.153 3025.385 3006.999 2997.122 2988.705 2999.811 3011.899 3007.306 3000.569 2988.311 2972.459 2959.913 2946.023 2942.580 2942.735 2943.281 2940.950 2937.998 2925.758 2913.630 2903.433 2899.245 2893.809 2889.989 2880.294 2869.887 2859.397 2840.496 2818.273 2792.303 2752.215 2713.647 2674.101
-9999.000 -9999.000 1552.204 1657.173 1762.427 1880.276 1967.987 2000.796 2140.009 2245.208 2348.963 2452.908 2541.895 2606.075 2640.445 2699.996 2748.921 2764.852 2796.472 2840.502 2870.409 2904.402 2924.634 2934.275 2946.529 2960.012 2967.516 2953.386 2942.228 2925.438 2902.983 2877.774 2864.941 2863.496 2863.681 2866.478 2859.637 2850.665 2836.492 2822.241 2810.007 2800.483 2796.890 2792.220 2790.411 2787.834 2785.896 2779.900 2771.039 2765.823 2758.021 2753.965 2752.849 2749.085 2742.814 2740.033 2728.629 2704.338 2677.571 2649.167 2616.712 2592.844
-9999.000 -9999.000 -9999.000 1602.702 1684.116 1730.980 1822.978 1863.206 1885.865 1974.966 2084.526 2210.046 2273.203 2324.447 2377.912 2418.059 2463.660 2504.296 2552.667 2624.223 2670.927 2717.016 2762.291 2784.812 2798.583 2814.635 2815.601 2806.847 2798.219 2783.521 2759.226 2736.705 2729.074 2735.225 2732.176 2727.937 2721.903 2720.014 2712.999 2702.929 2691.283 2687.378 2683.900 2678.155 2673.051 2669.023 2665.793 2663.710 2658.205 2650.890 2648.868 2648.737 2646.317 2645.064 2640.985 2634.484 2628.917 2601.956 2579.118 2561.461 2534.523 2505.376
-9999.000 -9999.000 -9999.000 -9999.000 -9999.000 1571.165 1675.733 1774.517 1823.708 1859.981 1926.210 2026.832 2064.690 2116.097 2175.659 2223.480 2281.243 2340.194 2412.622 2453.231 2512.681 2547.605 2588.428 2634.011 2647.488 2658.770 2668.610 2660.174 2651.950 2642.094 2618.630 2611.510 2612.849 2613.113 2612.992 2608.825 2604.226 2599.172 2596.594 2584.704 2578.689 2576.703 2572.916 2569.190 2564.289 2561.012 2558.403 2557.919 2550.873 2549.782 2555.208 2553.478 2551.592 2550.762 2545.104 2537.486 2529.960 2508.830 2494.228 2484.673 2454.406 2433.732
-9999.000 -9999.000 -9999.000 -9999.000 -9999.000 -9999.000 1533.988 1631.155 1700.276 1770.900 1849.036 1906.135 1928.756 1959.285 2005.035 2073.561 2154.779 2219.013 2263.967 2305.783 2352.699 2393.707 2429.229 2472.402 2491.142 2500.026 2515.168 2511.610 2504.039 2499.486 2494.691 2502.820 2497.480 2497.072 2495.795 2495.261 2489.177 2483.782 2480.598 2478.680 2478.576 2473.873 2470.196 2466.508 2461.874 2457.552 2454.903 2452.942 2452.319 2458.212 2459.452 2459.853 2458.506 2455.969 2448.713 2439.765 2431.950 2422.316 2412.497 2401.326 2384.336 2370.148
