tests/3D/Borden05m_nopit_001/output_maps/psiliqL0029N0022.asc
ncols         160
nrows         34
xllcorner     620200.000000
yllcorner     5168000.000000
cellsize      0.500000
NODATA_value  -9999.0
[rows 0 to 27 of 34, columns 62 to 123 of 160]
-9999.000 -9999.000 -9999.000 -9999.000 -9999.000 -9999.000 -9999.000 -9999.000 -9999.000 -9999.000 -9999.000 -9999.000 -9999.000 -9999.000 -9999.000 -9999.000 -9999.000 -9999.000 -9999.000 -9999.000 -9999.000 -9999.000 -9999.000 -9999.000 -9999.000 -9999.000 -9999.000 -9999.000 -9999.000 -9999.000 -9999.000 -9999.000 -9999.000 -9999.000 -9999.000 -9999.000 -9999.000 -9999.000 -9999.000 -9999.000 -9999.000 -9999.000 -9999.000 -9999.000 -9999.000 -9999.000 -9999.000 -9999.000 -9999.000 -9999.000 -9999.000 -9999.000 -9999.000 -9999.000 -9999.000 -9999.000 -9999.000 -9999.000 -9999.000 -9999.000 -9999.000 -9999.000
3983.002 3974.584 3965.260 3957.533 3953.308 3952.088 3951.233 3950.534 3955.284 3963.317 3970.883 3977.651 3980.024 3982.308 3984.032 3984.166 3983.008 3979.727 3976.325 3972.899 3971.121 3963.913 3952.828 3944.621 3941.937 3946.043 3950.340 3952.778 3957.779 3968.056 3978.580 3987.145 3999.838 4007.102 4012.466 4014.928 4010.927 4007.681 4003.634 3997.218 3986.084 -9999.000 -9999.000 -9999.000 -9999.000 -9999.000 -9999.000 -9999.000 -9999.000 -9999.000 -9999.000 -9999.000 -9999.000 -9999.000 -9999.000 -9999.000 -9999.000 -9999.000 -9999.000 -9999.000 -9999.000 -9999.000
3963.197 3959.090 3950.631 3945.538 3940.023 3937.170 3937.129 3936.924 3940.430 3951.273 3958.964 3963.415 3966.022 3968.866 3966.938 3966.043 3965.783 3962.823 3959.270 3955.839 3953.928 3955.593 3947.975 3941.840 3937.813 3934.538 3937.316 3940.063 3944.907 3953.973 3961.789 3969.692 3985.046 3998.382 4004.157 4001.579 3997.058 3993.209 3985.597 3974.647 3964.713 3956.987 3951.079 3945.735 3939.120 3945.611 3953.755 3962.917 3971.413 3983.480 3995.761 -9999.000 -9999.000 -9999.000 -9999.000 -9999.000 -9999.000 -9999.000 -9999.000 -9999.000 -9999.000 -9999.000
3943.119 3946.813 3943.627 3938.740 3930.262 3940.602 3941.483 3942.016 3945.103 3946.617 3952.128 3954.390 3959.642 3968.539 3971.299 3971.640 3971.591 3969.500 3966.143 3964.073 3961.201 3955.848 3953.844 3953.310 3951.757 3955.617 3957.130 3960.303 3955.076 3959.687 3965.934 3972.916 3978.179 3984.177 3986.344 3983.026 3983.941 3975.597 3961.978 3952.419 3945.204 3945.952 3943.068 3935.133 3921.178 3929.774 3946.027 3950.858 3953.259 3964.203 3976.521 3987.174 3990.671 3990.393 3990.060 3987.062 3973.219 3958.489 3943.280 3924.574 -9999.000 -9999.000
3951.724 3949.757 3946.050 3941.068 3950.953 3958.943 3960.170 3962.411 3966.352 3967.463 3956.767 3954.749 3961.703 3971.120 3976.045 3976.141 3975.629 3971.489 3970.219 3969.982 3968.213 3967.342 3968.646 3965.611 3968.131 3973.538 3976.936 3972.308 3964.052 3966.616 3975.222 3984.561 3992.193 4002.222 4012.841 4013.402 4009.119 4000.703 3988.491 3966.246 3949.194 3938.196 3929.998 3922.716 3926.404 3921.321 3935.752 3937.582 3940.277 3947.397 3957.763 3968.558 3974.878 3974.154 3973.324 3970.799 3961.160 3946.360 3931.452 3913.630 3886.761 3857.754
3950.354 3949.080 3948.902 3956.710 3968.008 3978.420 3980.195 3981.786 3980.244 3973.030 3962.645 3960.177 3973.018 3989.813 3997.522 3996.709 3991.472 3993.635 3994.085 3995.097 3992.086 3992.474 3989.123 3993.471 4001.164 4009.337 4008.074 3995.574 3983.003 3983.265 3989.348 3997.150 4005.028 4015.125 4024.060 4019.277 4014.544 4007.739 3982.763 3961.121 3947.373 3947.704 3948.585 3944.249 3942.489 3942.142 3938.724 3939.109 3938.275 3938.101 3950.425 3963.901 3967.485 3960.660 3956.525 3954.241 3946.512 3934.866 3918.902 3901.776 3881.857 3853.775
3978.311 3978.085 3983.393 3993.150 4004.795 4025.987 4024.669 4024.471 4022.182 4008.850 3995.397 3985.695 4008.777 4020.010 4026.806 4023.194 4027.174 4035.520 4032.180 4026.298 4013.806 4019.252 4024.481 4039.670 4047.906 4053.541 4048.165 4033.585 4026.554 4028.776 4036.242 4038.264 4047.869 4056.239 4071.078 4069.480 4067.414 4048.017 4010.831 3982.553 3971.654 3984.298 3978.817 3972.402 3973.062 3962.613 3956.223 3959.315 3951.565 3947.246 3960.124 3967.253 3968.566 3960.457 3965.482 3958.905 3937.634 3921.187 3906.869 3892.578 3874.987 3869.269
3981.836 3985.290 3995.563 4012.830 4029.780 4048.916 4045.468 4036.708 4046.441 4039.363 4028.183 4020.853 4044.741 4054.425 4064.352 4069.185 4081.873 4092.099 4073.970 4055.718 4044.088 4051.577 4078.628 4102.326 4107.104 4105.672 4104.312 4087.483 4083.028 4080.357 4081.958 4080.026 4078.612 4105.589 4128.257 4128.248 4106.916 4084.233 4043.542 4005.462 3982.657 3998.546 3994.803 3998.885 3989.691 3978.623 3973.431 3972.389 3966.306 3957.753 3967.694 3972.124 3979.704 3986.381 3991.840 3975.323 3957.776 3938.692 3921.237 3907.283 3900.574 3894.114
4030.588 4044.520 4052.992 4072.414 4088.130 4112.857 4123.070 4132.681 4136.688 4130.006 4121.589 4109.855 4116.867 4142.496 4154.159 4162.038 4169.974 4182.753 4181.960 4174.036 4171.898 4176.591 4191.657 4207.498 4214.315 4216.860 4218.796 4203.286 4189.683 4188.657 4183.905 4183.886 4183.433 4196.901 4219.589 4215.931 4176.649 4149.494 4113.311 4074.140 4044.804 4040.880 4062.613 4062.173 4046.060 4037.312 4013.049 4010.224 4002.072 3980.188 3981.165 3983.392 3992.420 4008.790 3996.915 3980.706 3963.903 3944.701 3928.612 3921.441 3919.791 3916.806
4147.772 4156.660 4159.593 4165.952 4198.673 4232.579 4256.919 4279.635 4286.658 4273.941 4264.191 4250.304 4241.677 4254.464 4272.563 4290.612 4305.479 4316.919 4318.660 4316.997 4317.018 4320.440 4323.490 4328.177 4337.296 4345.101 4353.481 4360.816 4349.210 4332.059 4323.439 4315.447 4315.564 4317.530 4322.589 4323.767 4304.560 4259.533 4226.669 4193.991 4176.077 4164.200 4166.737 4148.331 4123.004 4069.666 4032.439 4001.427 3984.323 3963.495 3974.056 3991.006 4037.217 4043.576 4031.699 4017.327 3994.518 3972.383 3953.338 3950.660 3949.697 3945.936
4276.228 4279.689 4281.594 4283.473 4311.691 4354.856 4395.329 4427.379 4426.405 4411.616 4400.066 4391.290 4375.952 4371.899 4385.887 4402.548 4424.086 4434.367 4439.614 4435.644 4435.829 4438.019 4440.483 4442.753 4446.879 4457.301 4473.337 4488.780 4487.395 4466.834 4448.473 4432.639 4431.249 4429.573 4424.703 4427.464 4429.455 4411.049 4377.649 4336.165 4295.625 4280.752 4266.556 4255.659 4237.886 4192.899 4121.570 4079.214 4040.065 4014.134 4020.391 4095.495 4119.747 4109.184 4099.684 4078.963 4050.686 4028.516 4008.015 4007.821 4004.722 3997.716
4397.761 4404.940 4406.960 4411.668 4428.524 4463.388 4501.142 4532.080 4547.257 4538.423 4518.953 4495.301 4484.190 4480.832 4484.949 4495.376 4509.711 4530.529 4551.115 4557.053 4557.990 4555.230 4557.787 4559.505 4559.652 4563.137 4572.777 4583.527 4587.144 4578.431 4555.734 4531.053 4520.318 4514.240 4510.982 4512.671 4518.747 4522.779 4506.764 4468.643 4421.622 4391.885 4377.946 4365.422 4350.636 4337.196 4299.919 4277.404 4238.673 4188.388 4161.513 4209.160 4201.830 4191.878 4169.288 4136.964 4103.319 4073.494 4049.930 4044.613 4042.470 4042.952
4516.536 4521.486 4528.320 4543.504 4568.403 4589.248 4613.903 4642.406 4659.987 4665.206 4662.958 4658.031 4659.057 4659.478 4584.738 4592.071 4599.398 4619.729 4637.552 4644.097 4644.854 4641.826 4643.912 4644.820 4644.636 4644.251 4647.327 4653.361 4655.663 4652.804 4638.181 4661.277 4640.117 4626.017 4617.452 4608.896 4600.567 4590.969 4580.736 4559.101 4526.441 4491.069 4470.626 4463.223 4456.766 4447.235 4440.937 4422.763 4398.889 4361.615 4320.530 4301.689 4301.250 4284.826 4248.386 4215.858 4191.818 4155.329 4126.176 4111.762 4112.436 4106.431
4638.688 4643.470 4658.136 4676.034 4656.541 4666.453 4676.711 4686.904 4690.404 4691.406 4690.943 4688.481 4687.556 4684.874 4681.745 4670.919 4672.568 4674.665 4677.332 4681.147 4680.109 4681.284 4684.258 4682.402 4676.146 4671.886 4670.300 4671.473 4679.034 4682.650 4683.661 4679.507 4678.470 4677.270 4673.198 4668.115 4660.954 4651.797 4670.305 4657.393 4627.437 4584.340 4540.547 4534.314 4537.536 4536.893 4535.379 4529.474 4511.491 4483.063 4444.052 4404.348 4399.435 4384.664 4363.810 4346.076 4325.714 4284.535 4247.851 4226.450 4217.671 4195.127
4686.788 4689.783 4693.606 4690.663 4687.775 4682.786 4681.095 4679.699 4677.218 4677.832 4675.940 4671.787 4667.534 4659.018 4647.103 4635.917 4631.996 4636.213 4642.047 4647.492 4652.369 4656.242 4655.899 4650.150 4641.460 4633.691 4632.096 4639.146 4644.984 4651.958 4652.903 4651.487 4648.808 4648.392 4644.816 4644.915 4652.229 4667.574 4669.336 4676.345 4675.305 4655.397 4619.379 4636.820 4616.398 4623.008 4618.133 4606.434 4584.433 4559.262 4526.560 4494.453 4476.488 4469.045 4462.738 4455.265 4439.657 4398.450 4363.270 4334.793 4315.823 4290.254
4672.419 4679.554 4680.527 4673.376 4664.597 4657.170 4649.423 4646.935 4646.546 4646.380 4646.978 4641.612 4631.714 4614.002 4602.309 4591.204 4585.236 4580.814 4583.792 4595.559 4608.642 4613.846 4603.665 4594.808 4582.517 4574.370 4574.875 4575.529 4585.267 4603.171 4611.726 4612.575 4605.640 4598.487 4591.561 4588.159 4594.541 4610.130 4627.582 4644.001 4653.571 4661.494 4668.869 4665.561 4668.757 4670.471 4667.830 4672.065 4653.117 4627.660 4596.693 4570.147 4543.593 4540.459 4541.036 4537.499 4535.268 4500.445 4462.822 4428.025 4401.473 4374.637
4644.479 4646.070 4641.645 4635.256 4625.171 4613.943 4604.097 4595.913 4596.950 4599.331 4601.179 4593.504 4577.667 4559.499 4545.839 4531.843 4527.856 4521.572 4512.773 4522.784 4543.452 4551.242 4534.238 4522.953 4507.336 4500.944 4496.632 4497.188 4506.030 4529.527 4555.316 4557.731 4546.370 4535.060 4530.395 4527.046 4531.221 4547.748 4569.122 4585.861 4596.736 4602.077 4609.852 4619.289 4634.298 4649.727 4662.547 4666.019 4676.220 4670.985 4655.409 4649.600 4623.730 4608.821 4601.492 4597.718 4591.122 4566.139 4535.629 4507.369 4480.687 4456.566
4607.551 4603.110 4596.840 4589.665 4566.856 4554.132 4540.721 4525.217 4521.042 4515.556 4516.359 4504.608 4497.194 4481.191 4465.733 4449.992 4435.657 4429.896 4422.885 4419.373 4432.285 4440.560 4432.176 4422.628 4412.604 4408.569 4405.188 4407.877 4418.444 4437.324 4455.673 4464.670 4457.587 4457.577 4458.444 4456.883 4463.572 4473.493 4491.142 4514.273 4534.375 4544.606 4551.355 4560.419 4574.989 4589.293 4603.891 4622.304 4646.439 4663.224 4673.547 4672.984 4671.568 4662.009 4666.597 4655.332 4642.304 4621.046 4595.011 4567.342 4540.938 4523.453
4565.033 4559.013 4553.432 4528.267 4470.147 4447.857 4428.365 4411.611 4404.385 4395.451 4376.647 4367.988 4364.029 4368.855 4355.231 4337.608 4319.360 4314.507 4311.126 4291.140 4283.649 4283.387 4303.443 4297.783 4297.941 4301.129 4298.812 4299.555 4312.116 4318.627 4322.736 4329.815 4336.713 4348.642 4357.535 4369.940 4387.756 4398.091 4412.947 4433.179 4459.698 4476.038 4485.664 4495.990 4511.281 4527.405 4545.338 4567.852 4594.551 4611.358 4622.744 4634.757 4648.709 4664.422 4669.016 4678.649 4676.516 4672.810 4647.443 4616.606 4595.685 4578.044
4496.774 4494.847 4483.820 4424.516 4383.955 4349.402 4332.281 4307.928 4293.503 4275.311 4232.958 4214.406 4215.605 4233.516 4231.887 4217.073 4205.827 4195.979 4185.741 4166.473 4144.566 4151.093 4171.611 4174.312 4179.300 4188.436 4188.357 4180.628 4175.342 4186.708 4191.433 4203.197 4223.011 4228.291 4247.274 4283.646 4296.407 4311.549 4329.528 4349.600 4371.601 4394.971 4409.320 4424.697 4443.037 4459.641 4479.791 4502.090 4531.974 4554.048 4568.583 4579.254 4589.830 4605.251 4626.684 4647.033 4666.404 4675.959 4677.655 4662.524 4645.805 4625.367
4389.111 4382.983 4350.628 4296.136 4261.746 4240.127 4218.269 4195.428 4169.916 4129.133 4093.211 4070.793 4089.852 4102.418 4117.530 4106.959 4096.828 4087.418 4068.001 4050.674 4032.672 4044.536 4053.284 4075.822 4083.879 4087.946 4094.980 4093.452 4080.606 4072.133 4079.972 4089.736 4102.284 4126.552 4164.185 4189.129 4207.756 4228.189 4246.359 4267.193 4289.747 4312.769 4329.865 4347.935 4365.980 4386.571 4404.924 4426.902 4454.676 4481.355 4497.692 4513.330 4526.777 4546.295 4570.558 4594.082 4620.277 4642.743 4657.230 4670.746 4673.991 4667.507
4264.248 4239.283 4188.035 4146.413 4129.969 4120.356 4097.590 4077.506 4047.828 4013.036 3993.002 3972.405 3984.170 3995.796 4018.998 4011.439 4006.188 4004.375 3988.948 3975.946 3958.885 3964.836 3977.836 4003.521 4010.223 4014.666 4024.943 4024.322 4018.917 3998.395 4004.446 4015.335 4030.334 4062.590 4084.503 4106.405 4128.217 4147.144 4168.172 4189.666 4212.049 4238.425 4257.703 4276.324 4297.442 4315.824 4328.497 4342.804 4365.724 4386.223 4407.909 4430.952 4445.614 4470.516 4501.822 4533.751 4569.500 4595.308 4611.065 4623.471 4635.350 4656.054
4108.486 4051.487 4016.158 4000.584 4005.079 3995.308 3977.169 3959.715 3941.661 3921.716 3904.787 3879.886 3886.347 3903.792 3922.334 3926.409 3929.240 3928.663 3920.294 3907.104 3893.581 3897.457 3915.327 3933.810 3944.858 3953.005 3960.822 3960.342 3949.709 3938.898 3943.107 3958.633 3974.422 3990.432 4009.991 4029.866 4049.647 4071.472 4093.197 4115.151 4139.068 4165.161 4186.147 4209.098 4232.694 4247.580 4254.480 4259.527 4276.886 4291.624 4312.974 4335.701 4353.964 4380.869 4416.019 4458.676 4499.685 4542.210 4561.462 4575.279 4585.477 4601.077
3994.253 3961.653 3934.561 3932.078 3918.955 3908.446 3896.487 3877.643 3863.462 3851.174 3831.145 3824.605 3833.240 3847.386 3854.958 3863.639 3862.317 3860.677 3856.079 3842.341 3840.404 3851.066 3866.241 3879.533 3891.587 3898.502 3903.174 3899.844 3890.105 3887.899 3895.794 3910.853 3923.333 3936.516 3955.939 3974.472 3994.824 4015.993 4036.586 4059.622 4083.385 4108.200 4134.590 4155.465 4171.812 4178.545 4186.067 4181.952 4190.006 4204.084 4219.056 4240.454 4264.443 4288.641 4327.705 4369.115 4410.049 4451.434 4490.157 4511.224 4529.071 4548.987
3937.632 3909.336 3882.237 3857.711 3848.552 3845.152 3834.605 3819.965 3810.970 3797.187 3790.873 3800.040 3801.348 3808.808 3806.313 3807.879 3806.123 3806.122 3805.042 3800.837 3814.612 3820.820 3833.727 3843.409 3853.142 3858.620 3861.793 3863.157 3859.475 3865.842 3871.058 3883.794 3893.967 3905.980 3924.458 3939.839 3957.056 3977.646 3998.935 4020.942 4044.887 4071.281 4094.094 4109.464 4113.584 4120.481 4118.703 4104.021 4112.220 4122.279 4129.866 4148.972 4168.258 4185.949 4222.918 4268.539 4318.204 4356.394 4404.115 4433.919 4460.006 4482.230
3859.640 3831.521 3805.258 3787.428 3785.242 3775.297 3766.512 3756.724 3744.550 3740.505 3749.573 3747.965 3745.281 3742.619 3745.799 3750.043 3750.276 3749.808 3753.746 3766.243 3770.845 3776.239 3784.627 3795.863 3808.058 3811.449 3815.619 3820.543 3826.867 3829.514 3832.362 3841.942 3853.110 3864.428 3879.114 3895.775 3913.204 3934.283 3956.654 3980.728 4006.139 4032.810 4053.795 4060.356 4068.170 4067.294 4057.317 4048.650 4048.556 4058.309 4061.838 4075.831 4096.217 4101.613 4136.730 4184.966 4224.768 4260.878 4296.237 4343.018 4371.640 4398.264
3802.155 3774.443 3756.079 3743.821 3734.044 3724.158 3714.407 3703.198 3698.462 3701.398 3699.299 3697.727 3695.544 3698.858 3702.922 3707.902 3708.759 3710.473 3713.892 3718.522 3725.599 3735.288 3746.075 3758.587 3774.709 3779.942 3784.673 3790.843 3793.682 3797.024 3800.613 3810.920 3822.259 3833.361 3849.438 3866.617 3884.465 3906.078 3931.303 3960.872 3987.189 4013.375 4037.794 4046.426 4048.806 4045.832 4037.097 4020.761 4015.511 4022.399 4020.577 4027.017 4042.647 4046.868 4066.697 4102.685 4127.125 4160.982 4201.090 4257.760 4288.613 4321.425
3736.810 3719.674 3706.562 3688.825 3675.600 3665.445 3658.202 3655.181 3656.096 3654.357 3653.650 3652.787 3650.676 3651.881 3656.503 3660.612 3663.682 3667.076 3672.214 3679.524 3688.830 3696.731 3708.562 3723.500 3739.303 3747.072 3752.740 3759.095 3763.892 3768.160 3771.391 3780.524 3791.745 3800.793 3817.061 3835.259 3854.524 3879.394 3908.512 3938.856 3964.943 3990.017 4017.256 4020.475 4020.875 4019.998 4003.382 3987.863 3978.083 3977.898 3977.848 3975.359 3983.290 3991.640 4005.113 4022.904 4047.351 4081.404 4129.874 4175.570 4211.122 4240.470
