tests/3D/Borden05m_nopit_001/output_maps/psiliqL0015N0020.asc
ncols         160
nrows         34
xllcorner     620200.000000
yllcorner     5168000.000000
cellsize      0.500000
NODATA_value  -9999.0
[rows 0 to 27 of 34, columns 63 to 125 of 160]
-9999.000 -9999.000 -9999.000 -9999.000 -9999.000 -9999.000 -9999.000 -9999.000 -9999.000 -9999.000 -9999.000 -9999.000 -9999.000 -9999.000 -9999.000 -9999.000 -9999.000 -9999.000 -9999.000 -9999.000 -9999.000 -9999.000 -9999.000 -9999.000 -9999.000 -9999.000 -9999.000 -9999.000 -9999.000 -9999.000 -9999.000 -9999.000 -9999.000 -9999.000 -9999.000 -9999.000 -9999.000 -9999.000 -9999.000 -9999.000 -9999.000 -9999.000 -9999.000 -9999.000 -9999.000 -9999.000 -9999.000 -9999.000 -9999.000 -9999.000 -9999.000 -9999.000 -9999.000 -9999.000 -9999.000 -9999.000 -9999.000 -9999.000 -9999.000 -9999.000 -9999.000 -9999.000 -9999.000
1176.576 1167.174 1158.680 1154.486 1153.341 1152.351 1151.737 1156.745 1164.587 1172.070 1179.045 1181.325 1183.624 1185.682 1186.020 1184.706 1181.391 1178.019 1174.562 1172.966 1164.957 1153.589 1144.837 1142.075 1146.446 1150.899 1153.412 1159.195 1169.925 1180.767 1189.403 1201.505 1207.641 1212.962 1216.079 1212.238 1208.989 1205.396 1200.331 1189.410 -9999.000 -9999.000 -9999.000 -9999.000 -9999.000 -9999.000 -9999.000 -9999.000 -9999.000 -9999.000 -9999.000 -9999.000 -9999.000 -9999.000 -9999.000 -9999.000 -9999.000 -9999.000 -9999.000 -9999.000 -9999.000 -9999.000 -9999.000
1160.604 1151.756 1146.288 1140.639 1138.421 1138.244 1138.070 1141.916 1151.980 1159.756 1164.332 1166.712 1169.206 1168.579 1167.887 1167.467 1164.484 1160.967 1157.508 1155.637 1156.157 1148.509 1142.897 1139.365 1137.481 1140.032 1142.494 1146.119 1155.627 1163.833 1172.077 1186.646 1199.338 1204.841 1202.563 1197.905 1194.398 1187.883 1177.977 1167.878 1158.394 1151.750 1146.560 1141.094 1147.495 1154.605 1164.676 1174.461 1186.617 1198.871 -9999.000 -9999.000 -9999.000 -9999.000 -9999.000 -9999.000 -9999.000 -9999.000 -9999.000 -9999.000 -9999.000 -9999.000 -9999.000
1147.869 1144.114 1139.151 1133.421 1141.824 1142.756 1143.550 1146.570 1149.253 1152.478 1154.990 1160.161 1168.963 1171.511 1171.857 1171.825 1169.831 1166.575 1164.643 1161.789 1156.489 1155.184 1155.270 1154.769 1159.538 1161.026 1162.975 1156.568 1160.355 1166.678 1173.670 1180.205 1186.992 1190.989 1188.018 1187.712 1179.706 1166.314 1155.776 1147.802 1146.515 1143.671 1136.153 1123.655 1131.284 1147.223 1152.123 1155.576 1167.330 1179.717 1190.095 1192.595 1192.351 1192.084 1189.456 1175.706 1161.102 1146.293 1127.731 -9999.000 -9999.000 -9999.000 -9999.000
1149.862 1146.381 1143.589 1155.277 1164.021 1165.313 1167.776 1171.145 1170.507 1158.575 1156.018 1163.907 1173.880 1179.317 1179.295 1178.955 1176.461 1175.259 1174.752 1172.480 1172.884 1175.002 1174.438 1178.655 1184.178 1187.120 1179.811 1170.941 1172.136 1180.144 1188.603 1196.159 1206.960 1218.482 1218.024 1213.045 1204.665 1191.870 1169.210 1150.574 1140.213 1133.423 1126.682 1127.585 1124.723 1136.761 1138.792 1141.027 1149.335 1159.805 1170.240 1176.298 1175.852 1175.354 1173.026 1163.626 1148.990 1134.308 1117.467 1091.793 1063.341 1037.366 1035.794
1152.743 1154.792 1166.001 1178.712 1191.951 1193.952 1195.874 1194.939 1185.859 1175.425 1171.601 1185.813 1201.714 1209.578 1209.738 1208.202 1214.238 1212.859 1211.270 1206.448 1208.100 1208.789 1217.784 1225.207 1232.280 1230.533 1218.599 1207.216 1206.077 1209.426 1213.450 1220.094 1230.592 1240.592 1236.078 1229.906 1221.108 1193.911 1168.458 1152.929 1153.932 1154.901 1150.766 1148.419 1146.135 1140.169 1140.294 1139.902 1139.735 1152.015 1164.787 1168.416 1162.240 1158.599 1156.465 1148.174 1137.146 1121.815 1104.984 1085.977 1057.922 1051.603 1042.756
1191.179 1198.140 1209.847 1225.615 1248.240 1249.755 1251.859 1253.512 1241.810 1229.210 1218.041 1236.058 1245.993 1254.025 1254.763 1263.520 1272.851 1268.220 1260.316 1249.682 1255.639 1266.377 1281.126 1287.810 1291.711 1290.029 1278.712 1273.001 1272.102 1275.055 1273.384 1278.740 1289.092 1304.519 1304.524 1297.209 1276.215 1240.631 1208.395 1190.385 1197.853 1192.215 1186.491 1184.227 1171.648 1162.173 1163.315 1154.656 1149.277 1161.365 1167.931 1169.740 1163.007 1168.456 1161.207 1142.207 1125.268 1110.166 1095.858 1080.132 1073.368 1064.175 1056.254
1223.307 1232.390 1250.007 1270.906 1292.935 1298.818 1299.783 1308.680 1301.813 1292.055 1283.703 1295.809 1307.125 1318.139 1326.833 1339.037 1349.985 1339.273 1326.507 1320.489 1325.664 1345.708 1363.213 1368.009 1368.864 1371.189 1361.536 1355.370 1349.355 1345.201 1340.167 1336.783 1356.206 1373.783 1373.086 1351.262 1328.860 1293.905 1258.005 1228.738 1231.579 1230.240 1231.208 1218.390 1204.904 1191.131 1183.826 1176.189 1163.629 1170.252 1175.751 1185.519 1194.436 1196.092 1179.724 1162.364 1143.184 1124.872 1110.704 1105.365 1099.856 1090.014 1083.329
1314.326 1320.379 1334.800 1356.479 1385.796 1404.453 1421.258 1424.758 1416.168 1407.064 1393.966 1392.668 1410.081 1421.462 1431.285 1441.228 1453.248 1457.782 1454.484 1453.670 1456.790 1464.418 1473.778 1480.219 1485.121 1490.196 1485.360 1475.061 1469.501 1461.543 1455.952 1454.093 1458.367 1471.255 1469.886 1443.723 1418.386 1387.894 1352.835 1323.951 1310.175 1319.754 1311.841 1295.839 1279.593 1248.039 1235.049 1221.747 1194.907 1192.446 1200.526 1213.193 1224.073 1209.692 1193.448 1175.432 1155.319 1136.577 1129.809 1128.411 1125.409 1119.278 1116.606
1426.546 1430.088 1436.500 1467.431 1500.534 1527.697 1550.432 1557.990 1547.043 1537.088 1524.816 1515.336 1520.090 1534.327 1550.576 1565.651 1576.542 1579.802 1578.495 1578.664 1580.656 1583.466 1586.446 1592.662 1599.755 1609.403 1619.872 1613.555 1597.152 1585.634 1573.054 1569.137 1568.590 1568.299 1569.128 1561.197 1529.863 1502.747 1472.756 1447.441 1429.741 1420.024 1402.884 1382.401 1338.335 1301.173 1269.393 1245.813 1220.641 1221.583 1244.547 1278.215 1274.888 1263.384 1247.082 1223.061 1199.297 1176.187 1170.529 1168.185 1163.205 1156.804 1151.560
1545.147 1548.923 1554.380 1576.342 1612.795 1648.695 1677.374 1679.973 1669.578 1658.862 1648.564 1637.271 1633.671 1641.900 1653.320 1669.648 1680.625 1689.514 1688.373 1688.709 1689.270 1691.240 1692.984 1695.077 1702.326 1714.450 1726.056 1726.867 1712.975 1696.219 1679.540 1673.560 1668.629 1663.540 1664.618 1666.217 1658.543 1633.980 1599.392 1559.373 1536.531 1518.333 1507.519 1493.443 1467.840 1417.067 1387.818 1355.079 1324.661 1310.709 1357.524 1362.024 1351.590 1337.952 1314.856 1288.498 1264.051 1239.722 1232.962 1228.273 1220.774 1214.816 1206.833
1658.586 1663.503 1672.103 1687.773 1711.755 1740.484 1766.594 1782.796 1778.096 1764.620 1746.660 1740.687 1739.082 1741.212 1748.070 1756.641 1772.432 1788.534 1793.862 1794.589 1792.120 1794.170 1795.294 1795.322 1796.610 1801.861 1809.273 1811.953 1806.830 1790.404 1770.248 1756.880 1749.039 1745.120 1744.047 1746.442 1747.235 1735.911 1707.448 1670.314 1639.415 1620.337 1606.579 1594.621 1585.096 1565.560 1549.160 1519.883 1478.275 1446.550 1456.309 1447.863 1437.108 1413.906 1385.198 1358.795 1327.974 1299.828 1285.275 1279.855 1275.555 1269.267 1258.668
1762.026 1770.789 1785.570 1804.533 1818.672 1835.793 1857.237 1869.931 1875.300 1875.211 1873.493 1875.156 1875.330 1843.402 1846.893 1850.330 1859.043 1868.173 1871.235 1871.559 1870.261 1871.435 1871.824 1871.916 1871.567 1871.919 1874.504 1875.490 1874.263 1866.795 1872.372 1855.244 1843.387 1836.051 1828.564 1820.442 1811.393 1802.346 1786.457 1760.288 1728.504 1703.888 1694.362 1689.103 1683.428 1679.228 1665.257 1645.401 1616.062 1579.734 1550.324 1543.398 1528.125 1500.060 1476.593 1459.423 1425.731 1393.990 1372.796 1366.319 1352.363 1336.639 1322.573
1858.801 1870.830 1884.209 1877.203 1881.452 1885.848 1890.216 1891.716 1892.145 1891.947 1889.732 1889.335 1887.592 1883.216 1873.685 1875.191 1876.753 1879.250 1882.771 1881.485 1882.423 1885.320 1883.798 1878.294 1874.679 1873.119 1873.649 1880.746 1883.888 1884.686 1883.315 1882.611 1882.094 1880.346 1878.165 1875.092 1871.162 1876.397 1866.463 1843.303 1810.372 1775.896 1764.230 1761.985 1763.134 1761.335 1756.298 1739.351 1713.907 1679.644 1643.561 1630.983 1618.450 1605.523 1593.745 1578.505 1542.408 1506.718 1480.938 1465.342 1440.806 1421.281 1403.449
1893.656 1895.009 1891.827 1888.509 1883.891 1882.652 1881.414 1879.088 1879.762 1877.888 1874.057 1870.571 1864.048 1853.387 1842.233 1839.598 1844.131 1849.202 1853.610 1856.957 1860.296 1861.206 1856.445 1848.674 1841.675 1839.837 1846.269 1851.764 1857.123 1857.801 1856.438 1854.390 1854.541 1851.999 1852.438 1858.854 1872.042 1877.191 1880.188 1879.733 1871.191 1855.742 1851.797 1832.903 1837.174 1833.062 1822.343 1802.457 1779.986 1751.797 1724.281 1702.535 1695.120 1690.329 1684.364 1674.169 1640.134 1607.339 1577.375 1554.722 1529.597 1506.652 1485.579
1881.883 1883.197 1876.424 1868.387 1861.696 1855.124 1853.172 1852.183 1851.729 1852.008 1846.925 1839.157 1823.978 1812.726 1801.784 1795.929 1793.800 1798.504 1808.410 1818.251 1822.875 1815.866 1808.424 1797.819 1789.932 1790.222 1792.233 1801.125 1815.226 1820.114 1820.721 1815.392 1810.547 1804.501 1802.205 1808.667 1823.143 1838.055 1851.496 1859.433 1866.497 1872.787 1875.451 1876.802 1877.514 1876.357 1875.857 1860.702 1840.147 1816.351 1793.186 1768.148 1762.401 1760.905 1757.169 1755.139 1726.990 1693.245 1660.660 1633.432 1607.691 1584.297 1562.245
1852.076 1848.893 1842.618 1832.953 1822.570 1813.367 1807.340 1808.396 1810.759 1812.008 1805.827 1791.817 1775.053 1762.148 1748.727 1745.012 1740.205 1735.582 1745.992 1763.290 1769.611 1755.929 1746.103 1732.016 1724.944 1721.753 1723.087 1732.190 1752.048 1771.727 1772.892 1762.917 1753.056 1748.054 1745.049 1750.651 1767.682 1786.830 1801.030 1810.109 1815.209 1822.790 1831.811 1843.891 1856.800 1867.551 1874.994 1879.532 1877.243 1870.515 1859.119 1838.659 1825.521 1816.660 1811.722 1804.039 1782.909 1756.147 1730.153 1704.138 1682.055 1663.097 1637.837
1811.899 1806.417 1799.988 1785.224 1773.834 1762.532 1749.470 1746.607 1743.907 1745.960 1735.380 1726.163 1708.739 1693.965 1678.939 1668.413 1662.938 1657.190 1660.319 1675.253 1684.096 1671.748 1661.747 1649.542 1643.801 1640.500 1642.400 1652.453 1673.629 1691.755 1698.558 1690.423 1685.616 1683.207 1681.369 1686.386 1699.118 1717.440 1737.465 1752.990 1761.574 1768.384 1777.576 1791.198 1804.354 1817.540 1833.898 1853.547 1867.666 1876.545 1879.440 1878.752 1874.561 1872.087 1862.444 1851.469 1834.089 1810.985 1784.887 1759.321 1742.220 1725.359 1707.675
1769.508 1764.105 1748.275 1701.651 1684.219 1667.316 1653.022 1648.131 1641.513 1632.763 1624.544 1619.098 1614.795 1600.362 1583.649 1567.788 1563.080 1559.362 1548.911 1551.746 1554.376 1561.034 1554.071 1549.298 1547.996 1545.442 1548.051 1561.171 1571.743 1580.394 1586.112 1585.375 1592.091 1597.636 1601.852 1616.649 1628.233 1643.970 1663.736 1686.303 1698.768 1707.222 1717.035 1731.521 1747.005 1763.408 1784.630 1808.232 1823.135 1833.356 1844.473 1856.454 1869.818 1877.399 1883.058 1881.978 1877.213 1856.328 1831.026 1810.792 1793.414 1779.024 1764.927
1716.266 1708.597 1665.958 1625.609 1594.555 1578.160 1557.364 1546.981 1536.053 1508.462 1494.677 1490.893 1498.861 1491.420 1475.614 1462.766 1454.956 1448.180 1434.648 1423.870 1428.976 1442.541 1439.372 1438.841 1443.670 1442.076 1437.734 1441.011 1454.287 1461.133 1470.414 1482.235 1485.599 1495.063 1521.374 1533.359 1546.929 1565.011 1584.902 1605.853 1625.081 1637.136 1650.555 1667.965 1683.524 1702.928 1724.898 1752.260 1770.967 1784.186 1794.530 1804.954 1819.567 1838.517 1855.248 1871.287 1881.449 1881.924 1875.150 1855.675 1838.344 1823.976 1815.048
1623.107 1603.366 1557.853 1520.691 1494.437 1474.355 1452.526 1434.570 1407.029 1376.696 1357.688 1366.611 1375.670 1379.838 1367.377 1355.966 1346.733 1332.669 1317.574 1305.293 1314.532 1323.052 1333.768 1337.924 1341.472 1344.555 1343.054 1336.759 1338.938 1346.754 1355.960 1365.593 1379.558 1408.564 1431.256 1446.824 1465.496 1483.455 1504.034 1525.857 1545.901 1560.575 1577.446 1595.017 1614.497 1633.601 1656.640 1684.150 1707.397 1721.657 1734.917 1747.677 1765.744 1787.819 1808.943 1831.826 1851.810 1863.528 1875.530 1882.135 1878.899 1866.363 1853.334
1509.321 1472.878 1433.206 1404.324 1385.587 1363.704 1342.971 1317.892 1288.261 1264.961 1246.402 1255.153 1263.844 1278.005 1267.754 1258.497 1253.818 1239.577 1226.382 1211.870 1219.238 1229.626 1248.102 1252.489 1255.861 1263.088 1261.764 1258.378 1246.908 1254.289 1263.738 1276.324 1303.043 1325.455 1347.164 1366.503 1384.525 1404.611 1425.976 1447.727 1471.272 1488.705 1505.852 1525.593 1544.048 1560.057 1578.571 1602.797 1623.769 1642.358 1662.103 1676.362 1699.301 1727.546 1754.706 1785.964 1807.706 1822.372 1834.605 1846.686 1864.442 1874.568 1876.484
1351.832 1320.714 1292.199 1281.348 1266.846 1246.947 1228.129 1209.300 1186.181 1166.114 1143.248 1148.429 1162.459 1177.806 1174.478 1172.646 1170.478 1160.263 1147.101 1133.837 1137.595 1153.157 1170.101 1177.972 1184.629 1191.945 1191.653 1183.792 1174.513 1179.265 1192.717 1207.722 1226.559 1247.037 1267.060 1285.781 1306.496 1327.801 1349.347 1372.669 1397.214 1415.511 1437.036 1459.491 1476.455 1486.249 1497.277 1518.574 1534.812 1555.009 1575.834 1591.971 1618.453 1650.868 1689.575 1727.085 1761.996 1777.627 1790.431 1800.763 1816.446 1835.987 1854.477
1235.971 1208.063 1195.519 1179.689 1164.985 1149.638 1130.595 1113.547 1097.149 1076.588 1061.814 1068.423 1082.211 1093.188 1097.451 1095.158 1092.724 1086.068 1072.649 1064.287 1073.188 1088.434 1102.868 1113.211 1119.768 1125.370 1122.325 1113.568 1108.034 1115.542 1130.286 1143.925 1159.562 1179.558 1199.178 1219.292 1240.246 1260.958 1283.888 1307.470 1331.502 1355.527 1376.740 1395.953 1404.871 1414.190 1418.225 1431.337 1447.142 1464.679 1485.687 1507.788 1534.041 1572.084 1611.103 1648.792 1685.658 1714.655 1732.903 1748.360 1767.733 1788.079 1805.107
1160.578 1132.662 1109.128 1095.002 1087.688 1074.899 1057.654 1045.987 1030.543 1015.860 1018.029 1021.172 1032.101 1033.037 1034.131 1031.653 1030.995 1027.452 1018.147 1026.411 1033.694 1047.963 1058.449 1067.791 1073.733 1077.504 1077.443 1071.276 1074.958 1081.347 1095.090 1106.066 1119.927 1139.524 1155.737 1173.838 1194.567 1215.915 1238.244 1262.053 1287.860 1310.769 1328.310 1335.643 1344.547 1347.940 1339.689 1351.357 1363.854 1375.602 1395.667 1415.833 1439.186 1476.265 1519.214 1564.290 1600.936 1641.103 1664.876 1687.610 1709.134 1732.538 1754.054
1074.252 1046.694 1024.938 1018.212 1008.162 997.837 985.939 973.019 963.360 966.011 964.088 963.149 963.785 966.925 970.041 969.484 968.626 970.257 977.995 982.328 987.794 997.628 1008.684 1019.407 1023.175 1027.276 1030.666 1034.690 1037.132 1040.907 1051.554 1062.882 1075.280 1091.178 1107.922 1125.845 1147.110 1168.922 1192.268 1217.649 1243.574 1263.530 1271.907 1280.819 1283.044 1276.816 1271.139 1276.313 1287.357 1295.718 1313.305 1333.983 1348.605 1388.095 1434.817 1476.777 1511.943 1546.527 1582.446 1608.728 1632.996 1663.526 1689.994
1007.184 983.948 967.952 958.213 948.371 938.374 925.850 917.158 916.605 914.471 912.643 910.993 914.408 918.201 922.672 922.663 923.426 926.245 930.572 936.656 945.832 956.580 968.514 983.189 987.786 992.305 997.840 1000.411 1003.471 1007.426 1018.316 1029.695 1041.475 1057.883 1075.032 1093.387 1114.995 1139.864 1168.696 1194.632 1220.241 1242.412 1251.049 1254.684 1252.634 1246.048 1232.749 1230.664 1240.288 1242.137 1253.263 1271.886 1281.829 1312.524 1353.877 1382.634 1416.680 1453.543 1501.469 1529.091 1560.065 1590.202 1620.011
944.020 927.475 908.948 896.480 886.311 877.395 870.718 869.287 866.719 865.222 864.109 862.461 864.560 868.879 872.977 875.224 878.038 881.594 887.927 896.899 905.268 917.058 931.625 946.558 953.030 958.436 964.131 968.187 972.278 975.931 985.799 997.235 1007.815 1024.682 1042.805 1061.453 1086.582 1115.651 1145.160 1170.653 1195.552 1220.497 1223.815 1224.860 1224.148 1209.981 1194.747 1188.054 1190.015 1190.712 1195.718 1206.589 1217.509 1240.963 1266.156 1294.175 1329.161 1375.395 1420.375 1452.011 1481.875 1511.193 1536.804
