tests/3D/Borden05m_nopit_001/output_maps/psiliqL0015N0003.asc
ncols         160
nrows         34
xllcorner     620200.000000
yllcorner     5168000.000000
cellsize      0.500000
NODATA_value  -9999.0
[rows 0 to 27 of 34, columns 0 to 62 of 160]
-9999.000 -9999.000 -9999.000 -9999.000 -9999.000 -9999.000 -9999.000 -9999.000 -9999.000 -9999.000 -9999.000 -9999.000 -9999.000 -9999.000 -9999.000 -9999.000 -9999.000 -9999.000 -9999.000 -9999.000 -9999.000 -9999.000 -9999.000 -9999.000 -9999.000 -9999.000 -9999.000 -9999.000 -9999.000 -9999.000 -9999.000 -9999.000 -9999.000 -9999.000 -9999.000 -9999.000 -9999.000 -9999.000 -9999.000 -9999.000 -9999.000 -9999.000 -9999.000 -9999.000 -9999.000 -9999.000 -9999.000 -9999.000 -9999.000 -9999.000 -9999.000 -9999.000 -9999.000 -9999.000 -9999.000 -9999.000 -9999.000 -9999.000 -9999.000 -9999.000 -9999.000 -9999.000 -9999.000
-9999.000 -9999.000 -9999.000 -9999.000 -9999.000 -9999.000 -9999.000 -9999.000 -9999.000 -9999.000 -9999.000 -9999.000 -9999.000 -9999.000 -9999.000 -9999.000 -9999.000 -9999.000 -9999.000 -9999.000 -9999.000 -9999.000 -9999.000 -9999.000 -9999.000 -9999.000 -9999.000 -9999.000 -9999.000 -9999.000 -9999.000 -9999.000 -9999.000 -9999.000 -9999.000 -9999.000 -9999.000 -9999.000 -9999.000 -9999.000 -9999.000 -9999.000 -9999.000 -9999.000 -9999.000 -9999.000 -9999.000 -9999.000 -9999.000 -9999.000 -9999.000 -9999.000 -9999.000 -9999.000 -9999.000 -9999.000 -9999.000 -9999.000 -9999.000 1201.270 1195.777 1190.541 1185.585
-9999.000 -9999.000 -9999.000 -9999.000 -9999.000 -9999.000 -9999.000 -9999.000 -9999.000 -9999.000 -9999.000 -9999.000 -9999.000 -9999.000 -9999.000 -9999.000 -9999.000 -9999.000 -9999.000 -9999.000 -9999.000 -9999.000 -9999.000 -9999.000 -9999.000 -9999.000 -9999.000 -9999.000 -9999.000 -9999.000 -9999.000 -9999.000 -9999.000 -9999.000 -9999.000 -9999.000 -9999.000 -9999.000 -9999.000 -9999.000 -9999.000 -9999.000 -9999.000 -9999.000 -9999.000 -9999.000 -9999.000 1075.872 1058.460 1042.879 1039.842 1061.662 1084.480 1107.731 1127.759 1145.797 1164.208 1184.057 1187.178 1176.045 1171.079 1167.714 1165.571
-9999.000 -9999.000 -9999.000 -9999.000 -9999.000 -9999.000 -9999.000 -9999.000 -9999.000 -9999.000 -9999.000 -9999.000 -9999.000 -9999.000 -9999.000 -9999.000 -9999.000 -9999.000 -9999.000 -9999.000 -9999.000 -9999.000 -9999.000 -9999.000 -9999.000 -9999.000 -9999.000 -9999.000 -9999.000 -9999.000 -9999.000 -9999.000 -9999.000 -9999.000 -9999.000 -9999.000 -9999.000 -9999.000 -9999.000 -9999.000 1124.732 1130.477 1131.212 1120.560 1109.070 1096.405 1076.174 1058.570 1043.837 1041.125 1043.367 1047.585 1069.297 1093.483 1112.603 1128.870 1147.605 1167.393 1169.951 1159.182 1150.858 1145.386 1145.418
-9999.000 -9999.000 -9999.000 -9999.000 -9999.000 -9999.000 -9999.000 -9999.000 -9999.000 -9999.000 -9999.000 -9999.000 -9999.000 -9999.000 -9999.000 -9999.000 -9999.000 -9999.000 -9999.000 -9999.000 -9999.000 -9999.000 -9999.000 -9999.000 -9999.000 -9999.000 -9999.000 -9999.000 -9999.000 -9999.000 -9999.000 -9999.000 -9999.000 -9999.000 1033.800 1050.916 1068.614 1086.629 1102.992 1109.478 1115.172 1120.596 1116.105 1111.174 1099.463 1079.755 1060.018 1046.135 1043.879 1041.026 1044.717 1056.790 1072.901 1088.221 1108.388 1131.362 1139.941 1151.010 1153.529 1148.224 1149.400 1150.722 1151.843
-9999.000 -9999.000 -9999.000 -9999.000 -9999.000 -9999.000 -9999.000 -9999.000 -9999.000 -9999.000 -9999.000 -9999.000 -9999.000 -9999.000 -9999.000 -9999.000 -9999.000 -9999.000 -9999.000 -9999.000 -9999.000 -9999.000 -9999.000 -9999.000 -9999.000 -9999.000 -9999.000 -9999.000 1039.781 1033.685 1028.390 1026.545 1024.857 1023.427 1030.011 1041.571 1059.010 1080.265 1092.798 1099.588 1105.887 1106.170 1100.595 1098.203 1098.112 1085.717 1073.506 1062.036 1050.879 1048.504 1057.286 1070.665 1086.063 1100.018 1114.523 1123.516 1140.325 1160.609 1167.592 1161.190 1155.907 1152.961 1153.244
-9999.000 -9999.000 -9999.000 -9999.000 -9999.000 -9999.000 -9999.000 -9999.000 -9999.000 -9999.000 -9999.000 -9999.000 -9999.000 -9999.000 -9999.000 -9999.000 -9999.000 -9999.000 -9999.000 -9999.000 -9999.000 -9999.000 -9999.000 1011.106 1016.571 1022.799 1029.952 1030.561 1026.387 1020.526 1017.182 1015.279 1013.037 1017.050 1024.498 1037.438 1052.575 1073.858 1081.756 1086.963 1098.454 1100.707 1106.077 1109.482 1107.079 1103.349 1089.783 1079.400 1083.197 1087.894 1093.718 1100.708 1113.013 1126.989 1142.817 1161.433 1181.294 1200.284 1214.769 1208.284 1199.733 1189.285 1189.214
-9999.000 -9999.000 -9999.000 -9999.000 -9999.000 -9999.000 -9999.000 -9999.000 -9999.000 -9999.000 -9999.000 -9999.000 -9999.000 -9999.000 -9999.000 -9999.000 -9999.000 -9999.000 -9999.000 986.961 987.697 988.637 993.043 993.566 995.345 1001.920 1009.627 1011.619 1009.412 1007.574 1008.558 1010.675 1014.426 1024.941 1037.979 1051.350 1064.256 1084.235 1098.045 1110.569 1125.572 1124.134 1119.269 1116.539 1116.005 1114.993 1117.369 1118.508 1123.509 1126.486 1131.188 1139.115 1149.210 1165.694 1183.599 1201.330 1217.197 1233.860 1250.679 1244.425 1233.138 1218.752 1217.142
-9999.000 -9999.000 -9999.000 -9999.000 -9999.000 -9999.000 -9999.000 -9999.000 -9999.000 -9999.000 -9999.000 -9999.000 -9999.000 -9999.000 -9999.000 -9999.000 958.820 960.448 962.384 967.523 970.158 973.758 980.279 981.110 984.359 990.948 995.205 1003.432 1010.857 1017.445 1022.638 1024.473 1030.939 1039.569 1050.372 1064.386 1084.554 1106.451 1121.392 1136.931 1152.765 1152.144 1149.769 1149.551 1148.503 1152.931 1168.535 1172.446 1171.390 1185.458 1197.477 1200.603 1206.371 1223.499 1244.868 1265.136 1291.246 1309.625 1329.262 1327.580 1309.166 1299.320 1302.750
-9999.000 -9999.000 -9999.000 -9999.000 -9999.000 -9999.000 -9999.000 -9999.000 -9999.000 -9999.000 -9999.000 -9999.000 -9999.000 913.130 917.002 926.255 935.336 937.526 941.440 947.087 958.766 961.825 967.413 974.290 985.509 993.360 1001.674 1012.623 1020.066 1026.272 1032.170 1036.419 1048.275 1062.068 1076.276 1094.877 1115.247 1133.926 1152.479 1166.605 1178.457 1178.412 1175.788 1176.436 1182.069 1196.951 1213.567 1219.894 1235.295 1255.978 1267.080 1276.299 1282.595 1293.716 1312.407 1343.611 1376.516 1401.618 1413.918 1424.850 1417.479 1417.446 1420.315
-9999.000 -9999.000 -9999.000 -9999.000 -9999.000 -9999.000 -9999.000 -9999.000 -9999.000 -9999.000 881.617 883.595 879.751 878.913 883.600 895.211 908.428 914.343 925.301 945.534 962.589 965.240 978.796 988.052 993.813 1003.236 1015.244 1026.817 1042.267 1053.353 1063.321 1081.075 1095.862 1110.651 1126.551 1144.852 1162.310 1188.216 1212.798 1223.138 1242.821 1251.137 1246.211 1244.166 1250.987 1264.436 1282.913 1303.416 1322.544 1345.285 1359.930 1371.950 1380.304 1390.160 1403.393 1436.324 1474.806 1503.050 1524.089 1537.350 1538.116 1539.308 1540.647
-9999.000 -9999.000 -9999.000 -9999.000 -9999.000 -9999.000 -9999.000 -9999.000 857.797 864.853 870.495 867.008 861.954 857.302 870.391 885.464 900.713 917.505 932.554 949.729 963.841 978.815 997.395 1007.749 1018.011 1031.923 1044.109 1059.570 1079.151 1089.862 1104.393 1123.630 1139.938 1155.668 1172.039 1187.647 1211.047 1241.522 1270.368 1289.834 1314.812 1334.801 1331.390 1331.270 1333.095 1356.004 1382.480 1410.286 1432.559 1457.083 1483.950 1499.650 1507.950 1518.118 1530.835 1547.481 1573.857 1601.297 1629.975 1646.701 1652.468 1651.516 1652.127
-9999.000 -9999.000 -9999.000 -9999.000 -9999.000 -9999.000 831.555 855.457 869.973 861.487 850.726 846.264 841.287 864.129 885.132 901.372 917.205 933.685 948.968 960.370 992.362 1008.612 1021.171 1037.256 1050.066 1062.845 1078.333 1099.549 1118.947 1145.819 1168.608 1189.499 1212.785 1229.520 1245.300 1260.238 1287.962 1321.604 1354.598 1379.822 1403.658 1431.271 1435.222 1438.073 1442.272 1460.693 1489.634 1517.195 1548.128 1577.536 1601.922 1611.514 1619.670 1628.759 1639.985 1650.017 1662.671 1687.059 1712.627 1735.375 1750.588 1753.274 1757.813
-9999.000 -9999.000 -9999.000 -9999.000 799.141 819.748 839.214 869.297 891.135 885.345 890.994 889.999 886.908 889.558 895.325 912.011 929.187 946.526 962.478 995.112 1037.187 1050.312 1071.994 1101.477 1112.731 1125.609 1139.385 1159.657 1183.070 1212.980 1252.658 1285.798 1307.746 1326.867 1344.352 1362.356 1392.512 1426.166 1459.145 1489.584 1515.916 1538.530 1547.931 1552.974 1562.130 1576.003 1594.905 1619.646 1648.447 1678.035 1700.733 1712.057 1717.890 1726.577 1734.997 1745.073 1755.428 1770.537 1790.059 1817.443 1836.320 1846.312 1854.444
-9999.000 -9999.000 -9999.000 749.933 788.342 825.791 852.134 882.236 913.409 916.760 924.420 927.693 930.694 937.406 943.959 959.159 973.441 987.388 1007.088 1041.051 1072.922 1099.127 1127.763 1150.876 1168.143 1180.863 1196.273 1216.744 1252.574 1285.610 1331.192 1379.661 1411.805 1431.737 1449.884 1473.094 1494.095 1526.447 1557.540 1587.077 1615.358 1636.877 1652.577 1657.566 1664.792 1671.105 1685.027 1704.336 1724.123 1750.957 1777.357 1800.365 1812.804 1821.396 1835.998 1850.795 1862.311 1874.932 1868.640 1880.064 1885.910 1888.644 1891.333
-9999.000 -9999.000 703.035 740.673 774.263 823.748 875.860 909.205 948.691 970.752 975.567 990.303 1003.855 1008.449 1021.214 1035.607 1050.735 1054.778 1068.654 1095.092 1140.360 1181.131 1197.099 1243.178 1272.230 1296.152 1310.260 1333.010 1364.252 1400.835 1444.201 1489.149 1522.773 1549.451 1561.994 1577.579 1596.254 1616.652 1647.165 1672.669 1701.173 1724.434 1743.562 1747.974 1750.943 1764.824 1787.449 1811.649 1834.562 1856.821 1858.451 1869.571 1874.466 1877.197 1881.491 1884.433 1885.850 1885.016 1883.368 1877.474 1871.780 1871.135 1875.043
-9999.000 -9999.000 676.201 720.881 760.445 825.806 904.633 940.276 981.293 1024.923 1040.866 1062.298 1070.545 1076.224 1096.014 1114.712 1123.825 1127.091 1122.825 1173.673 1226.664 1270.903 1311.099 1372.947 1413.754 1426.575 1435.352 1451.957 1472.136 1510.335 1552.450 1600.207 1639.036 1665.771 1678.187 1692.984 1709.705 1724.019 1740.127 1776.819 1802.014 1825.741 1850.734 1869.204 1876.046 1878.398 1866.371 1875.526 1881.735 1884.413 1885.279 1881.805 1881.063 1881.691 1882.634 1877.658 1871.194 1864.763 1859.906 1853.584 1848.208 1846.682 1849.172
-9999.000 587.479 639.410 692.096 760.166 826.243 907.733 985.578 1040.355 1084.779 1110.348 1118.178 1149.311 1186.609 1207.859 1229.860 1228.940 1230.124 1215.749 1259.015 1302.502 1369.555 1471.622 1522.436 1562.812 1560.930 1552.445 1561.058 1580.593 1619.765 1682.367 1725.521 1774.760 1811.358 1823.436 1827.580 1842.467 1859.758 1843.675 1865.107 1874.512 1882.360 1884.340 1885.421 1886.025 1885.913 1882.572 1876.151 1868.409 1862.893 1858.885 1854.383 1856.791 1860.063 1860.881 1854.292 1846.794 1839.447 1832.261 1825.702 1819.947 1816.090 1814.363
-9999.000 551.909 611.055 681.945 752.055 818.088 919.101 1060.192 1110.969 1144.533 1162.521 1178.640 1249.915 1309.786 1338.161 1377.221 1367.096 1352.250 1333.670 1360.742 1403.699 1470.740 1606.171 1684.316 1708.900 1716.671 1720.671 1744.109 1777.602 1810.668 1840.669 1836.630 1861.192 1872.764 1875.182 1875.520 1878.117 1877.419 1874.949 1870.978 1866.172 1866.262 1870.177 1869.941 1867.202 1864.208 1858.755 1851.319 1845.886 1841.303 1838.582 1835.624 1834.077 1834.180 1830.088 1824.907 1816.216 1806.954 1798.066 1788.364 1778.581 1773.079 1775.221
-9999.000 521.925 592.974 655.806 719.368 831.726 955.638 1088.145 1177.039 1210.010 1226.719 1288.562 1381.998 1470.860 1516.034 1535.754 1531.883 1505.857 1503.754 1542.635 1601.320 1686.993 1773.710 1845.531 1855.725 1857.338 1834.468 1846.774 1858.179 1859.533 1860.068 1862.925 1867.603 1870.040 1868.635 1865.784 1861.151 1853.303 1848.398 1845.081 1841.566 1840.984 1843.434 1844.558 1842.025 1838.264 1833.837 1828.242 1822.200 1815.710 1811.869 1808.011 1806.063 1801.479 1797.583 1792.128 1778.382 1765.356 1752.241 1740.591 1728.975 1716.382 1718.413
-9999.000 421.801 510.046 564.081 676.726 849.615 973.910 1120.035 1261.607 1294.731 1362.405 1474.952 1572.489 1638.793 1672.222 1707.384 1730.674 1748.834 1778.556 1729.908 1781.512 1834.532 1855.989 1865.293 1865.681 1865.859 1857.391 1837.986 1827.550 1820.827 1822.416 1829.501 1834.723 1839.952 1837.794 1838.293 1838.315 1834.831 1831.108 1822.976 1815.437 1809.660 1807.754 1812.897 1808.137 1805.188 1799.447 1791.724 1783.420 1776.169 1768.863 1762.577 1760.247 1755.222 1754.210 1746.497 1719.273 1700.652 1685.181 1668.828 1648.211 1629.359 1628.420
-9999.000 340.982 417.422 505.422 641.890 804.506 930.944 1094.217 1297.657 1407.985 1525.685 1590.763 1656.020 1708.781 1763.468 1803.458 1822.826 1828.442 1813.561 1820.854 1785.618 1775.819 1790.467 1814.585 1826.499 1829.665 1821.020 1810.483 1803.328 1802.201 1800.769 1798.973 1796.970 1794.625 1791.480 1793.426 1797.924 1791.826 1783.320 1775.238 1767.908 1759.690 1754.292 1750.927 1750.081 1750.114 1743.026 1733.149 1723.096 1715.432 1708.352 1703.400 1701.391 1697.064 1689.766 1678.310 1651.815 1626.770 1605.757 1579.956 1541.625 1528.875 1522.136
-9999.000 242.022 363.228 456.341 576.670 711.977 835.729 995.800 1139.275 1352.857 1502.420 1604.455 1639.275 1691.268 1743.382 1803.840 1803.204 1770.830 1735.127 1717.532 1720.293 1726.962 1737.037 1753.799 1769.447 1777.923 1779.558 1771.880 1758.121 1748.385 1741.170 1731.002 1723.717 1722.391 1723.373 1730.649 1732.696 1723.757 1711.014 1695.152 1681.337 1670.938 1668.322 1669.967 1670.325 1667.101 1660.913 1651.059 1639.290 1628.283 1621.785 1617.209 1611.108 1602.010 1591.971 1580.671 1557.006 1536.994 1514.904 1479.578 1438.784 1406.036 1390.220
-9999.000 -9999.000 287.664 398.314 505.526 626.994 740.002 879.978 1025.931 1201.179 1312.199 1437.195 1503.783 1543.210 1586.013 1634.809 1649.289 1665.086 1646.179 1647.837 1651.487 1654.441 1661.008 1669.754 1680.900 1689.521 1696.500 1693.867 1684.627 1667.272 1646.735 1631.040 1622.205 1615.199 1624.615 1635.940 1632.896 1626.454 1614.843 1599.600 1587.088 1573.786 1570.352 1570.889 1571.325 1568.922 1565.199 1553.247 1541.303 1530.532 1526.007 1520.818 1516.521 1506.937 1496.761 1485.790 1465.762 1443.744 1419.450 1381.529 1343.129 1304.141 1266.246
-9999.000 -9999.000 203.286 311.676 425.452 547.825 646.401 717.930 866.521 978.001 1077.082 1169.889 1246.569 1303.937 1341.499 1396.946 1433.901 1445.867 1463.164 1490.637 1513.358 1538.421 1554.085 1564.117 1576.014 1587.927 1595.542 1583.276 1572.317 1556.015 1535.170 1512.400 1500.701 1497.590 1499.689 1504.603 1499.050 1490.011 1476.284 1461.445 1449.105 1438.502 1434.854 1431.668 1430.635 1428.252 1425.846 1418.480 1408.496 1402.098 1394.841 1390.107 1388.330 1383.227 1375.877 1371.740 1357.913 1334.559 1308.959 1279.469 1244.956 1218.467 1189.003
-9999.000 -9999.000 -9999.000 247.737 338.134 405.904 500.759 560.248 621.899 723.276 827.872 937.632 999.194 1048.692 1098.536 1141.396 1179.488 1207.890 1238.585 1296.570 1332.604 1372.094 1408.827 1426.499 1439.950 1454.782 1456.825 1447.872 1438.824 1423.989 1401.056 1378.959 1369.405 1373.295 1371.666 1370.475 1364.814 1361.641 1352.879 1341.837 1329.850 1323.643 1320.065 1315.125 1311.191 1307.530 1304.344 1300.490 1293.947 1286.318 1282.313 1281.143 1278.594 1276.035 1271.120 1264.750 1257.198 1231.478 1208.235 1187.065 1158.738 1129.086 1102.606
-9999.000 -9999.000 -9999.000 -9999.000 -9999.000 251.383 353.780 448.882 512.173 566.221 641.194 740.123 783.014 832.894 888.680 933.448 980.242 1028.101 1086.817 1126.439 1177.505 1210.699 1247.465 1284.539 1297.677 1309.498 1317.199 1308.613 1300.155 1288.745 1265.966 1252.994 1251.805 1252.124 1252.215 1249.175 1244.504 1239.552 1235.241 1223.119 1214.842 1211.530 1207.794 1204.086 1199.657 1196.387 1193.566 1191.931 1184.464 1180.933 1184.201 1182.251 1180.211 1178.777 1173.035 1165.924 1158.236 1135.994 1118.553 1106.612 1076.228 1052.431 1035.313
-9999.000 -9999.000 -9999.000 -9999.000 -9999.000 -9999.000 210.097 304.357 376.574 449.848 530.150 594.145 621.154 659.523 707.385 768.428 837.092 890.476 933.160 974.342 1018.584 1056.217 1091.030 1129.566 1145.861 1155.516 1168.573 1162.914 1154.924 1148.596 1137.019 1139.600 1134.144 1133.948 1133.113 1132.729 1127.174 1121.806 1117.767 1112.092 1109.766 1104.684 1100.894 1097.165 1092.869 1089.015 1086.466 1084.330 1081.388 1085.083 1085.987 1085.460 1083.784 1081.397 1074.784 1066.243 1058.382 1045.838 1034.190 1021.736 1001.178 984.857 965.719
