tests/3D/Borden05m_nopit_001/output_maps/psiliqL0023N0019.asc
ncols         160
nrows         34
xllcorner     620200.000000
yllcorner     5168000.000000
cellsize      0.500000
NODATA_value  -9999.0
[rows 0 to 27 of 34, columns 62 to 123 of 160]
-9999.000 -9999.000 -9999.000 -9999.000 -9999.000 -9999.000 -9999.000 -9999.000 -9999.000 -9999.000 -9999.000 -9999.000 -9999.000 -9999.000 -9999.000 -9999.000 -9999.000 -9999.000 -9999.000 -9999.000 -9999.000 -9999.000 -9999.000 -9999.000 -9999.000 -9999.000 -9999.000 -9999.000 -9999.000 -9999.000 -9999.000 -9999.000 -9999.000 -9999.000 -9999.000 -9999.000 -9999.000 -9999.000 -9999.000 -9999.000 -9999.000 -9999.000 -9999.000 -9999.000 -9999.000 -9999.000 -9999.000 -9999.000 -9999.000 -9999.000 -9999.000 -9999.000 -9999.000 -9999.000 -9999.000 -9999.000 -9999.000 -9999.000 -9999.000 -9999.000 -9999.000 -9999.000
2784.108 2775.438 2766.081 2758.025 2753.813 2752.625 2751.712 2751.050 2755.910 2763.861 2771.392 2778.249 2780.582 2782.872 2784.740 2784.961 2783.736 2780.441 2777.052 2773.612 2771.912 2764.361 2753.155 2744.715 2741.997 2746.217 2750.581 2753.051 2758.387 2768.858 2779.519 2788.114 2800.554 2807.334 2812.680 2815.423 2811.490 2808.243 2804.391 2798.554 2787.511 -9999.000 -9999.000 -9999.000 -9999.000 -9999.000 -9999.000 -9999.000 -9999.000 -9999.000 -9999.000 -9999.000 -9999.000 -9999.000 -9999.000 -9999.000 -9999.000 -9999.000 -9999.000 -9999.000 -9999.000 -9999.000
2764.214 2759.739 2751.114 2745.860 2740.287 2737.706 2737.607 2737.415 2741.067 2751.576 2759.304 2763.808 2766.318 2769.012 2767.642 2766.833 2766.505 2763.535 2759.998 2756.555 2754.661 2755.835 2748.204 2742.293 2738.479 2735.801 2738.481 2741.106 2745.428 2754.683 2762.667 2770.715 2785.733 2798.793 2804.452 2802.002 2797.423 2793.720 2786.578 2776.076 2766.071 2757.591 2751.368 2746.089 2739.966 2746.418 2754.118 2763.669 2772.716 2784.820 2797.089 -9999.000 -9999.000 -9999.000 -9999.000 -9999.000 -9999.000 -9999.000 -9999.000 -9999.000 -9999.000 -9999.000
2744.104 2747.265 2743.836 2738.916 2731.616 2741.125 2742.029 2742.674 2745.732 2747.747 2752.278 2754.647 2759.865 2768.721 2771.390 2771.733 2771.692 2769.643 2766.328 2764.318 2761.453 2756.123 2754.419 2754.150 2753.049 2757.299 2758.801 2761.449 2755.717 2759.975 2766.255 2773.240 2779.049 2785.385 2788.336 2785.167 2785.559 2777.360 2763.838 2753.859 2746.319 2746.194 2743.327 2735.571 2722.240 2730.421 2746.538 2751.398 2754.249 2765.539 2777.884 2788.417 2791.483 2791.217 2790.908 2788.065 2774.257 2759.576 2744.533 2725.885 -9999.000 -9999.000
2751.774 2749.802 2746.192 2742.149 2752.807 2761.120 2762.374 2764.711 2768.406 2768.768 2757.542 2755.293 2762.648 2772.303 2777.448 2777.493 2777.055 2773.621 2772.380 2772.027 2770.042 2769.718 2771.371 2769.395 2772.642 2778.099 2781.301 2775.525 2767.005 2768.983 2777.333 2786.295 2793.894 2804.254 2815.260 2815.385 2810.803 2802.403 2789.941 2767.518 2749.787 2739.062 2731.467 2724.416 2726.911 2722.778 2736.183 2738.098 2740.595 2748.222 2758.631 2769.269 2775.474 2774.865 2774.175 2771.729 2762.188 2747.452 2732.635 2715.225 2688.856 2660.075
2751.593 2750.650 2751.427 2760.692 2772.596 2784.219 2786.091 2787.824 2786.542 2778.528 2768.122 2765.073 2778.502 2794.914 2802.689 2802.293 2798.643 2802.465 2802.131 2802.029 2798.242 2799.171 2797.552 2803.892 2811.469 2819.171 2817.701 2805.443 2793.381 2793.043 2797.954 2804.137 2811.487 2821.756 2831.147 2826.479 2821.129 2813.471 2787.543 2764.267 2749.756 2750.375 2751.293 2747.042 2745.030 2743.853 2739.342 2739.614 2738.968 2738.796 2751.098 2764.271 2767.871 2761.320 2757.393 2755.169 2747.194 2735.806 2720.106 2703.098 2683.559 2655.476
2782.983 2783.697 2789.713 2800.306 2813.718 2835.524 2835.421 2836.209 2835.610 2822.976 2809.888 2799.557 2820.469 2831.146 2838.471 2836.724 2842.751 2851.519 2847.626 2840.877 2829.182 2834.847 2842.437 2857.438 2865.009 2869.901 2866.108 2852.926 2846.461 2847.346 2852.878 2853.317 2861.101 2870.321 2885.412 2884.501 2880.185 2860.104 2823.605 2793.630 2779.683 2790.108 2784.560 2778.441 2777.847 2766.484 2758.771 2761.027 2752.885 2748.110 2760.647 2767.533 2769.055 2761.532 2766.734 2759.865 2739.561 2722.897 2708.235 2693.926 2677.124 2670.946
2796.967 2801.583 2811.346 2828.763 2847.406 2867.781 2868.332 2863.740 2873.115 2866.127 2855.557 2847.788 2866.628 2877.011 2887.404 2893.892 2906.372 2916.908 2901.957 2886.057 2876.832 2883.329 2907.377 2928.421 2933.207 2932.755 2932.975 2919.221 2914.033 2909.929 2909.064 2905.803 2903.544 2927.284 2947.771 2947.467 2925.924 2903.361 2865.128 2827.982 2802.408 2812.705 2809.992 2812.739 2801.991 2789.886 2781.015 2777.288 2770.537 2760.265 2768.782 2773.667 2782.181 2789.814 2793.639 2777.180 2759.707 2740.574 2722.743 2708.688 2702.555 2696.490
2861.514 2874.436 2881.872 2899.151 2917.422 2944.117 2957.949 2970.643 2974.432 2966.933 2958.221 2945.903 2949.353 2971.461 2983.003 2991.716 3000.512 3012.966 3014.455 3008.514 3006.944 3010.962 3022.841 3035.905 3042.561 3046.116 3049.397 3038.462 3026.275 3023.306 3017.180 3014.774 3013.718 3023.246 3041.734 3039.057 3005.398 2979.022 2945.278 2907.869 2878.727 2870.581 2887.104 2883.461 2867.395 2855.433 2828.043 2820.861 2810.500 2786.490 2785.991 2790.723 2801.307 2815.320 2802.366 2786.136 2768.806 2749.206 2731.970 2724.961 2723.407 2720.401
2978.861 2986.611 2989.805 2996.187 3028.141 3061.703 3087.253 3109.977 3117.229 3105.271 3095.433 3082.238 3073.245 3082.590 3099.034 3116.311 3131.267 3142.473 3144.864 3143.354 3143.438 3146.248 3149.195 3153.150 3161.026 3168.525 3177.449 3186.127 3176.788 3159.958 3150.096 3140.138 3138.526 3139.416 3142.182 3143.211 3128.836 3089.678 3059.277 3027.751 3006.665 2992.292 2989.577 2971.714 2948.461 2899.097 2861.896 2830.554 2810.673 2787.981 2794.416 2813.941 2854.772 2856.975 2845.253 2830.047 2806.711 2783.868 2763.071 2759.104 2757.536 2753.237
3103.836 3107.742 3110.449 3113.862 3139.398 3179.687 3218.200 3248.806 3249.363 3236.457 3225.264 3215.836 3202.231 3198.373 3209.893 3224.308 3243.613 3254.193 3261.000 3258.243 3258.493 3259.985 3262.237 3264.282 3267.536 3276.599 3290.959 3304.757 3304.314 3286.610 3268.938 3252.742 3249.385 3246.315 3241.351 3243.391 3245.214 3231.408 3201.795 3163.266 3122.950 3104.661 3088.750 3077.889 3061.700 3025.019 2962.499 2925.759 2889.355 2861.499 2859.092 2922.068 2937.851 2927.338 2916.059 2894.313 2866.849 2843.694 2821.541 2818.519 2814.724 2807.490
3221.061 3227.931 3231.193 3237.569 3253.917 3284.116 3318.003 3346.872 3362.488 3355.426 3338.525 3317.312 3308.403 3305.796 3309.062 3317.960 3329.824 3348.488 3367.152 3372.829 3373.676 3371.041 3373.381 3374.844 3374.940 3377.484 3385.243 3394.563 3397.779 3390.605 3370.595 3347.854 3335.991 3329.157 3325.617 3326.122 3330.621 3333.265 3319.261 3285.279 3242.495 3212.260 3196.119 3183.066 3169.492 3157.729 3128.054 3108.158 3073.478 3026.910 2997.953 3029.358 3021.546 3011.245 2988.385 2957.604 2927.053 2896.791 2871.249 2861.960 2858.395 2856.809
3334.226 3338.860 3346.521 3361.532 3383.887 3401.858 3423.284 3448.762 3464.249 3469.532 3468.209 3464.658 3465.957 3466.272 3409.880 3415.567 3421.226 3436.578 3450.676 3455.728 3456.300 3454.014 3455.709 3456.394 3456.329 3455.959 3457.868 3462.424 3464.163 3462.004 3450.447 3466.035 3446.604 3433.465 3425.427 3417.330 3409.090 3399.727 3390.003 3370.831 3340.953 3307.119 3284.888 3276.575 3270.632 3262.753 3257.354 3240.980 3218.827 3184.951 3145.902 3122.528 3119.305 3103.369 3070.512 3041.859 3020.753 2985.451 2955.174 2937.838 2935.428 2925.994
3445.440 3450.041 3463.576 3479.537 3465.396 3472.881 3480.627 3488.323 3490.966 3491.723 3491.373 3489.017 3488.319 3486.039 3482.375 3472.105 3473.693 3475.560 3478.155 3481.844 3480.699 3481.773 3484.714 3483.002 3477.068 3473.084 3471.510 3472.408 3479.770 3483.183 3484.103 3481.142 3480.249 3479.341 3476.266 3472.427 3467.019 3460.102 3472.922 3461.287 3434.244 3395.505 3355.705 3347.144 3348.023 3348.148 3346.513 3340.979 3323.439 3296.288 3259.310 3221.154 3212.952 3199.135 3181.672 3166.483 3148.306 3109.292 3073.018 3049.722 3038.000 3014.578
3488.736 3491.443 3494.207 3491.162 3488.090 3483.260 3481.762 3480.434 3478.019 3478.659 3476.775 3472.760 3468.836 3461.174 3449.796 3438.624 3435.254 3439.607 3445.114 3450.115 3454.336 3457.981 3458.175 3452.849 3444.553 3437.114 3435.416 3442.201 3447.892 3454.174 3455.005 3453.612 3451.204 3451.031 3447.899 3448.144 3455.074 3469.495 3472.709 3477.999 3477.211 3462.175 3434.973 3443.249 3423.483 3429.091 3424.543 3413.264 3392.170 3368.154 3337.385 3307.243 3287.655 3280.219 3274.556 3267.722 3254.424 3216.277 3182.104 3152.969 3132.397 3106.991
3473.543 3480.553 3481.672 3474.682 3466.222 3459.110 3451.866 3449.608 3448.962 3448.672 3449.134 3443.889 3434.904 3418.278 3406.774 3395.739 3389.820 3386.380 3390.098 3401.067 3412.761 3417.716 3408.895 3400.645 3389.076 3381.041 3381.454 3382.690 3392.065 3408.340 3415.324 3416.069 3409.823 3403.660 3397.111 3394.183 3400.600 3415.713 3432.077 3447.221 3456.092 3463.647 3470.558 3469.810 3472.217 3473.502 3471.498 3473.704 3456.383 3433.027 3405.131 3380.034 3354.127 3349.871 3349.554 3345.927 3343.772 3311.797 3275.820 3241.951 3215.084 3188.689
3446.490 3448.644 3444.751 3438.411 3428.506 3417.641 3408.070 3400.810 3401.856 3404.228 3405.820 3398.785 3383.732 3366.165 3352.829 3339.079 3335.209 3329.558 3322.549 3332.731 3351.955 3359.116 3343.535 3332.876 3317.915 3311.231 3307.400 3308.289 3317.243 3339.181 3362.352 3364.232 3353.465 3342.776 3337.967 3334.766 3339.553 3356.297 3376.717 3392.369 3402.475 3407.714 3415.406 3424.666 3438.421 3452.771 3464.705 3469.880 3477.655 3473.683 3461.900 3453.696 3430.145 3415.993 3408.005 3403.727 3396.658 3373.316 3344.398 3317.090 3290.670 3267.393
3410.470 3406.877 3400.945 3394.089 3374.728 3362.576 3350.069 3335.611 3331.999 3327.706 3329.045 3317.796 3309.610 3292.997 3277.833 3262.399 3249.695 3244.057 3237.588 3236.922 3250.701 3259.219 3249.136 3239.394 3228.436 3223.670 3220.323 3222.674 3233.021 3252.885 3271.139 3279.196 3271.663 3269.597 3269.060 3267.381 3273.354 3284.480 3302.418 3324.218 3342.359 3351.885 3358.661 3367.781 3381.946 3395.759 3409.753 3427.287 3449.500 3465.144 3474.849 3475.769 3474.666 3467.407 3468.967 3458.395 3446.243 3426.639 3401.848 3374.837 3348.770 3331.423
3369.399 3363.511 3358.007 3336.842 3283.649 3263.440 3245.059 3229.359 3223.133 3215.192 3200.697 3192.227 3187.630 3188.543 3174.573 3157.340 3140.115 3135.324 3131.799 3115.899 3112.834 3113.812 3128.126 3121.908 3119.953 3121.216 3118.798 3120.340 3133.141 3141.393 3147.449 3153.945 3157.570 3167.266 3174.724 3183.620 3200.143 3211.013 3226.247 3246.280 3271.105 3285.785 3294.910 3305.016 3319.963 3335.813 3353.092 3375.053 3400.426 3416.418 3427.306 3438.936 3452.045 3466.752 3472.627 3480.556 3478.873 3474.708 3451.254 3422.777 3402.134 3384.582
3306.048 3304.027 3294.439 3242.277 3201.807 3168.753 3151.944 3129.115 3116.423 3101.344 3065.317 3048.808 3047.872 3061.521 3057.401 3042.162 3030.230 3021.255 3012.501 2995.691 2978.554 2984.472 3002.011 3002.196 3004.818 3012.109 3011.381 3005.103 3003.487 3015.672 3021.306 3032.006 3048.395 3052.853 3067.757 3099.818 3112.246 3126.715 3144.738 3164.733 3186.284 3207.879 3221.245 3235.783 3253.725 3269.882 3289.712 3311.871 3340.675 3361.306 3375.278 3385.810 3396.321 3411.398 3431.768 3450.567 3468.509 3478.324 3479.491 3467.934 3450.022 3430.899
3205.957 3200.179 3173.230 3122.586 3087.008 3063.403 3042.306 3019.899 2997.625 2962.517 2928.991 2908.034 2922.749 2933.812 2944.234 2932.853 2922.173 2912.839 2895.716 2879.346 2863.796 2874.535 2883.186 2900.657 2907.042 2910.887 2916.228 2914.711 2904.673 2900.765 2908.595 2918.119 2929.418 2949.271 2983.207 3007.186 3024.502 3044.180 3062.260 3082.984 3105.225 3126.970 3143.028 3160.584 3178.426 3198.540 3217.215 3239.648 3267.308 3292.515 3307.962 3322.581 3335.733 3354.630 3377.956 3400.452 3425.228 3446.630 3459.929 3472.791 3477.469 3472.366
3089.057 3069.299 3024.396 2983.610 2961.835 2948.312 2925.925 2905.562 2877.856 2845.276 2823.842 2804.118 2814.591 2824.960 2844.287 2835.574 2828.606 2825.565 2810.647 2797.562 2781.593 2788.151 2800.032 2822.628 2828.338 2832.322 2841.292 2840.370 2835.830 2819.188 2825.809 2836.081 2850.046 2879.928 2902.055 2923.875 2944.627 2963.166 2983.790 3005.229 3027.340 3052.503 3070.990 3088.978 3109.506 3127.918 3142.019 3158.128 3181.605 3202.306 3222.662 3244.290 3258.777 3282.837 3312.830 3342.715 3376.538 3400.603 3415.890 3428.219 3440.180 3459.614
2943.515 2894.492 2860.968 2839.847 2837.766 2825.968 2807.074 2789.036 2770.649 2749.344 2731.070 2707.042 2712.954 2728.935 2746.108 2747.011 2747.843 2746.584 2737.424 2724.246 2710.834 2714.659 2731.541 2749.364 2759.050 2766.559 2774.161 2773.762 2764.317 2754.163 2758.604 2773.242 2788.695 2805.916 2825.869 2845.808 2865.134 2886.483 2908.028 2929.806 2953.469 2978.897 2998.730 3021.069 3044.174 3059.949 3068.087 3075.695 3094.739 3110.116 3130.969 3152.876 3170.224 3196.943 3230.918 3271.878 3311.384 3350.642 3368.338 3381.716 3391.966 3407.595
2825.107 2793.504 2766.062 2759.267 2744.984 2732.677 2719.266 2700.337 2684.927 2670.877 2650.621 2640.552 2648.319 2662.311 2671.342 2678.130 2676.392 2674.412 2668.932 2655.330 2650.640 2660.547 2675.753 2689.535 2700.855 2707.617 2712.688 2709.480 2700.162 2696.529 2704.258 2719.182 2732.159 2746.394 2766.062 2785.061 2805.311 2826.388 2847.031 2870.021 2893.706 2918.185 2943.560 2964.579 2982.152 2989.819 2998.108 2997.483 3007.701 3022.514 3038.580 3059.805 3082.977 3108.048 3146.667 3187.045 3226.579 3266.019 3300.564 3320.414 3337.226 3356.901
2759.648 2731.297 2703.848 2679.747 2668.459 2663.382 2651.874 2636.117 2625.977 2611.483 2601.582 2607.750 2609.844 2618.791 2617.767 2619.130 2617.065 2616.782 2614.647 2608.256 2619.669 2626.338 2639.829 2649.855 2659.421 2665.098 2668.527 2669.280 2664.534 2669.750 2675.469 2688.636 2699.153 2711.958 2730.915 2746.653 2764.249 2784.898 2806.212 2828.356 2852.242 2878.383 2901.236 2917.535 2923.030 2930.784 2931.219 2919.289 2928.970 2940.067 2949.431 2968.940 2988.594 3008.700 3045.705 3090.167 3137.852 3175.365 3219.833 3247.034 3271.667 3293.573
2678.054 2649.834 2623.016 2603.504 2599.372 2589.382 2579.937 2569.245 2556.751 2550.300 2556.618 2554.875 2552.939 2551.691 2554.854 2558.614 2558.508 2557.873 2560.822 2571.280 2575.767 2581.192 2590.199 2601.358 2612.922 2616.475 2620.616 2624.882 2630.220 2632.780 2636.025 2646.063 2657.299 2669.079 2684.285 2700.981 2718.621 2739.780 2761.910 2785.672 2811.069 2837.420 2857.962 2865.300 2873.582 2874.031 2865.657 2858.266 2860.424 2870.724 2876.315 2891.838 2912.338 2921.675 2958.651 3006.220 3046.928 3082.612 3117.614 3159.714 3187.304 3212.890
2616.365 2588.475 2568.023 2554.163 2544.402 2534.535 2524.679 2512.906 2506.475 2507.915 2505.802 2504.120 2502.165 2505.522 2509.470 2514.233 2514.718 2516.025 2519.187 2523.687 2530.338 2539.807 2550.578 2562.842 2578.344 2583.304 2587.945 2593.842 2596.566 2599.787 2603.533 2614.090 2625.446 2636.838 2653.058 2670.223 2688.288 2709.899 2734.971 2764.223 2790.376 2816.313 2839.767 2848.399 2851.314 2848.732 2840.914 2825.874 2821.975 2830.027 2829.769 2838.206 2855.105 2861.763 2886.231 2924.497 2950.763 2984.673 3023.359 3076.246 3105.676 3137.658
2549.199 2530.108 2515.525 2497.449 2484.549 2474.388 2466.428 2461.840 2461.750 2459.655 2458.610 2457.639 2455.727 2457.315 2461.807 2465.911 2468.629 2471.775 2476.234 2483.126 2492.288 2500.390 2512.203 2526.983 2542.413 2549.626 2555.182 2561.254 2565.733 2569.926 2573.337 2582.785 2594.098 2603.803 2620.327 2638.493 2657.493 2682.474 2711.570 2741.555 2767.387 2792.385 2818.638 2821.897 2822.571 2821.761 2806.190 2790.787 2782.323 2783.049 2783.309 2784.020 2793.196 2802.629 2820.359 2841.299 2867.249 2901.670 2949.143 2994.491 3028.315 3057.830
