tests/3D/Borden05m_nopit_001/output_maps/psiliqL0011N0033.asc
ncols         160
nrows         34
xllcorner     620200.000000
yllcorner     5168000.000000
cellsize      0.500000
NODATA_value  -9999.0
[rows 0 to 28 of 34, columns 65 to 129 of 160]
-9999.000 -9999.000 -9999.000 -9999.000 -9999.000 -9999.000 -9999.000 -9999.000 -9999.000 -9999.000 -9999.000 -9999.000 -9999.000 -9999.000 -9999.000 -9999.000 -9999.000 -9999.000 -9999.000 -9999.000 -9999.000 -9999.000 -9999.000 -9999.000 -9999.000 -9999.000 -9999.000 -9999.000 -9999.000 -9999.000 -9999.000 -9999.000 -9999.000 -9999.000 -9999.000 -9999.000 -9999.000 -9999.000 -9999.000 -9999.000 -9999.000 -9999.000 -9999.000 -9999.000 -9999.000 -9999.000 -9999.000 -9999.000 -9999.000 -9999.000 -9999.000 -9999.000 -9999.000 -9999.000 -9999.000 -9999.000 -9999.000 -9999.000 -9999.000 -9999.000 -9999.000 -9999.000 -9999.000 -9999.000 -9999.000
359.008 354.823 353.698 352.671 352.081 357.162 364.950 372.409 379.443 381.696 383.999 386.153 386.548 385.190 381.866 378.502 375.036 373.491 365.253 353.804 344.897 342.112 346.558 351.055 353.590 359.596 370.454 381.386 390.042 401.975 407.787 413.095 416.398 412.602 409.351 405.887 401.207 390.346 -9999.000 -9999.000 -9999.000 -9999.000 -9999.000 -9999.000 -9999.000 -9999.000 -9999.000 -9999.000 -9999.000 -9999.000 -9999.000 -9999.000 -9999.000 -9999.000 -9999.000 -9999.000 -9999.000 -9999.000 -9999.000 -9999.000 -9999.000 -9999.000 -9999.000 -9999.000 -9999.000
346.502 340.814 338.779 338.562 338.398 342.340 352.181 359.982 364.594 366.909 369.302 369.047 368.413 367.947 364.958 361.451 357.983 356.124 356.316 348.659 343.196 339.806 338.319 340.804 343.185 346.461 356.094 364.412 372.752 387.096 399.603 405.027 402.835 398.137 394.726 388.523 378.915 368.767 358.777 351.922 346.774 341.633 348.007 354.819 365.148 375.299 387.479 399.724 -9999.000 -9999.000 -9999.000 -9999.000 -9999.000 -9999.000 -9999.000 -9999.000 -9999.000 -9999.000 -9999.000 -9999.000 -9999.000 -9999.000 -9999.000 -9999.000 -9999.000
339.269 334.323 342.172 343.119 343.988 346.989 350.006 352.577 355.161 360.309 369.083 371.571 371.918 371.890 369.925 366.698 364.804 361.955 356.670 355.565 355.827 355.627 360.655 362.136 363.734 356.990 360.541 366.885 373.879 380.777 387.789 392.307 389.434 388.778 380.868 367.540 356.720 348.528 346.657 343.823 336.422 324.338 331.689 347.536 352.454 356.205 368.188 380.592 390.888 393.100 392.863 392.611 390.086 376.358 361.785 347.086 328.562 -9999.000 -9999.000 -9999.000 -9999.000 -9999.000 -9999.000 -9999.000 -9999.000
344.309 356.512 365.472 366.782 369.309 372.514 371.376 359.091 356.380 364.536 374.668 380.250 380.195 379.905 377.880 376.698 376.113 373.697 374.465 376.816 376.958 381.659 387.215 390.026 381.950 372.904 373.708 381.545 389.751 397.285 408.305 420.084 419.334 414.155 405.785 392.822 370.041 350.951 340.770 334.380 327.791 327.897 325.667 337.019 339.105 341.207 349.852 360.349 370.677 376.659 376.288 375.882 373.606 364.270 349.677 335.055 318.490 293.156 264.867 238.240 237.064 260.845 284.589 -9999.000 -9999.000
368.656 381.770 395.817 397.883 399.899 399.137 389.524 379.076 374.865 389.468 405.114 413.022 413.460 412.981 420.123 418.222 415.889 410.549 412.562 414.406 424.728 432.073 438.832 436.946 425.173 414.129 412.589 415.157 418.099 424.390 435.002 445.305 440.867 434.282 424.914 397.081 370.537 354.498 355.691 356.683 352.603 350.087 347.247 340.550 340.599 340.331 340.163 352.428 364.996 368.635 362.641 359.138 357.043 348.586 337.730 322.575 305.826 287.079 259.034 252.253 243.993 266.007 289.785 310.716 335.143
414.618 431.564 454.598 456.923 459.684 462.463 451.227 438.870 427.282 443.853 453.416 461.801 463.782 473.903 483.516 478.515 470.033 459.930 466.033 478.344 492.968 499.208 502.612 501.986 491.600 486.266 484.474 486.137 483.410 487.550 498.468 514.061 514.524 505.708 484.256 449.128 415.760 395.716 401.703 396.019 390.490 387.389 374.198 363.839 364.422 355.500 349.816 361.676 368.077 370.025 363.682 369.249 361.804 343.449 326.365 311.035 296.717 281.524 274.462 265.244 257.532 270.164 290.308 310.209 334.913
460.629 482.656 505.512 514.060 517.805 526.463 519.655 510.304 501.659 510.399 522.181 533.506 543.303 555.368 566.522 557.929 546.731 542.315 546.829 564.871 580.606 585.406 586.914 590.292 582.688 576.032 569.062 563.262 557.340 553.392 570.656 586.777 585.882 563.916 541.592 508.274 472.996 441.881 440.992 440.337 440.414 426.557 412.378 396.150 387.054 378.970 365.263 370.934 376.736 387.125 396.679 397.246 380.917 363.606 344.395 325.834 311.602 306.653 301.415 291.792 285.342 291.706 305.726 320.398 332.319
552.625 576.007 606.635 627.705 646.565 649.920 640.786 631.485 617.997 614.325 629.390 640.691 651.068 661.585 673.388 679.444 677.466 677.031 679.700 685.203 692.711 699.044 704.619 710.590 708.803 699.447 692.590 683.716 676.531 674.270 675.915 686.001 685.284 662.868 638.049 609.181 575.295 546.538 529.944 536.048 525.997 510.023 491.632 457.993 442.096 427.320 399.061 395.615 405.362 419.065 428.373 413.274 397.016 378.652 358.275 338.773 332.118 330.791 327.784 321.852 319.200 324.182 337.437 340.466 351.192
656.656 687.076 719.949 747.919 770.659 778.371 767.929 757.914 746.104 736.380 738.839 751.972 767.708 782.841 793.575 797.269 796.063 796.274 797.857 800.598 803.089 808.476 815.364 825.374 836.737 831.929 815.740 803.392 789.499 784.428 783.161 781.340 782.067 777.355 749.931 724.455 695.230 667.798 648.431 635.210 618.429 599.326 557.906 520.758 488.756 463.323 436.906 435.095 459.773 489.853 483.754 472.353 455.498 431.129 406.899 382.627 376.117 373.379 368.052 361.619 355.906 351.019 354.564 357.547 369.432
774.639 794.813 829.349 863.942 891.658 895.278 886.138 875.661 864.927 854.789 851.319 857.902 867.825 882.663 893.840 903.768 903.435 903.813 903.909 905.737 907.330 908.842 915.183 926.188 936.696 938.134 926.145 909.846 892.925 885.631 879.768 874.613 875.208 876.692 872.081 850.040 817.419 777.546 752.424 733.078 722.284 709.260 689.190 644.285 618.777 587.865 556.160 536.431 575.158 574.010 563.607 548.782 525.006 499.193 474.096 448.674 440.038 434.897 427.261 421.057 412.659 402.433 398.763 393.576 391.431
889.370 904.701 925.573 951.724 976.455 992.949 989.430 977.666 961.333 956.828 955.723 957.286 963.123 970.048 984.401 999.222 1004.375 1005.042 1002.655 1004.559 1005.513 1005.507 1006.165 1010.160 1016.617 1019.029 1014.929 1000.293 981.428 967.305 958.957 954.847 952.981 954.321 954.184 944.195 918.489 884.175 852.940 832.389 818.272 807.116 798.703 784.229 769.569 742.988 703.854 670.738 669.666 660.896 649.906 626.523 598.844 574.507 543.402 513.947 496.757 490.403 484.742 477.136 465.905 455.286 448.727 435.409 427.821
997.589 1014.855 1027.078 1042.046 1061.473 1072.772 1078.183 1078.710 1077.910 1079.754 1079.858 1060.161 1062.554 1064.879 1070.273 1076.918 1078.985 1079.184 1078.380 1079.292 1079.532 1079.702 1079.362 1078.934 1080.532 1081.140 1080.378 1074.951 1075.520 1059.542 1048.323 1041.334 1034.148 1026.081 1017.184 1008.470 994.217 969.896 939.131 913.316 903.177 898.251 893.668 890.058 877.278 858.561 831.483 796.507 764.070 755.283 740.331 714.651 693.766 678.554 645.661 613.183 590.054 581.540 565.319 548.090 533.204 516.120 499.983 483.225 466.838
1086.544 1083.106 1085.736 1088.458 1091.161 1092.090 1092.356 1092.233 1090.088 1089.842 1088.366 1083.634 1074.473 1075.938 1077.346 1079.794 1083.230 1081.874 1082.743 1085.617 1084.190 1078.899 1075.467 1073.913 1074.258 1081.219 1084.225 1084.959 1084.380 1083.769 1083.444 1082.355 1080.998 1079.087 1076.645 1078.081 1068.991 1047.764 1017.730 985.907 972.678 968.859 970.507 968.613 963.810 947.145 922.543 889.626 854.566 839.787 827.881 817.205 807.117 793.334 758.687 723.283 696.257 678.723 653.629 633.516 615.108 593.649 575.392 556.311 533.317
1092.159 1088.719 1084.206 1083.096 1081.903 1079.621 1080.313 1078.444 1074.704 1071.438 1065.483 1055.180 1044.035 1041.767 1046.390 1051.243 1055.354 1058.263 1061.449 1062.716 1058.236 1050.727 1043.947 1042.037 1048.291 1053.686 1058.581 1059.180 1057.829 1055.959 1056.267 1054.017 1054.548 1060.701 1073.267 1079.376 1081.217 1080.920 1075.615 1066.032 1055.963 1037.490 1041.076 1037.165 1026.707 1007.407 985.688 958.771 932.548 909.702 902.274 897.894 892.338 883.675 851.683 819.570 789.187 765.494 740.510 717.494 696.199 674.562 652.276 628.493 604.715
1077.294 1069.470 1062.988 1056.752 1054.953 1053.792 1053.256 1053.444 1048.442 1041.282 1026.826 1015.701 1004.805 998.982 997.507 1002.705 1012.078 1020.992 1025.450 1019.346 1012.307 1002.183 994.370 994.597 996.993 1005.642 1018.653 1022.491 1023.027 1018.154 1013.964 1008.165 1006.180 1012.659 1026.809 1040.988 1053.567 1061.028 1067.835 1073.801 1078.156 1078.962 1079.368 1078.613 1076.736 1062.640 1043.460 1021.686 999.458 974.822 968.297 966.174 962.348 960.347 934.085 901.437 869.483 842.068 816.655 793.951 772.030 748.744 724.147 700.225 673.043
1044.721 1035.176 1025.034 1016.015 1010.604 1011.665 1014.023 1015.101 1009.347 995.859 979.496 966.806 953.549 949.912 945.526 942.096 952.620 968.954 974.854 962.121 952.712 939.060 931.793 928.920 930.476 939.651 958.467 976.398 977.203 967.622 958.171 953.068 950.157 956.161 973.329 991.832 1005.297 1013.852 1018.870 1026.381 1035.267 1046.491 1058.657 1068.792 1077.342 1080.232 1078.751 1074.516 1061.485 1042.529 1029.851 1020.505 1015.187 1007.147 987.078 961.355 935.986 910.150 888.646 870.403 846.296 821.104 796.559 767.289 735.462
1002.937 990.472 979.462 968.763 956.399 953.910 952.006 954.416 944.172 934.439 916.608 902.030 887.208 877.769 872.376 866.989 872.015 887.525 896.531 883.050 872.919 860.090 853.860 850.581 852.254 862.159 883.989 902.049 908.222 899.784 893.604 890.255 888.333 892.867 906.395 924.902 944.030 958.237 966.338 973.150 982.362 995.693 1008.498 1021.252 1036.992 1055.325 1068.645 1077.069 1080.905 1080.373 1077.659 1073.106 1063.862 1053.409 1037.074 1014.749 989.049 963.678 946.654 930.071 913.587 887.723 858.748 829.218 796.501
953.991 910.652 894.607 878.445 864.853 860.629 854.673 848.795 840.701 834.831 827.919 813.255 796.802 781.623 776.956 773.141 765.414 771.199 774.655 777.485 770.149 763.966 761.380 758.758 761.899 775.177 786.907 796.855 802.182 799.261 804.484 809.070 810.942 824.872 836.807 852.789 872.413 893.841 905.188 913.293 922.943 937.180 952.458 968.396 989.216 1011.897 1026.215 1036.056 1046.865 1058.224 1070.850 1079.212 1083.655 1082.793 1077.639 1057.950 1034.144 1014.027 996.650 982.295 968.816 949.933 915.919 885.978 854.727
877.799 837.510 807.456 791.268 771.487 762.260 753.408 730.034 717.610 712.404 717.530 708.428 692.339 679.032 671.805 666.018 654.124 646.526 651.225 662.803 657.957 655.848 659.446 657.418 654.043 659.765 673.585 681.036 689.605 699.141 701.954 708.696 732.129 743.888 757.004 775.110 794.943 815.585 833.619 845.008 857.853 874.980 890.219 909.384 931.229 957.833 975.537 988.333 998.529 1008.846 1023.155 1041.313 1056.918 1071.904 1082.134 1082.148 1077.647 1057.268 1040.711 1026.084 1017.286 996.381 968.021 939.006 908.105
775.486 737.532 709.954 690.380 668.840 653.042 629.284 600.548 582.515 588.541 596.599 597.640 584.638 572.861 563.679 551.143 536.686 526.040 534.528 542.983 550.321 553.361 556.760 558.713 557.219 552.795 558.017 565.824 574.869 583.668 594.686 621.225 643.271 657.962 676.126 694.020 714.520 736.127 755.312 769.284 785.801 803.222 822.366 841.663 864.979 892.380 914.608 928.231 940.758 953.260 970.836 992.198 1012.534 1034.357 1053.509 1064.304 1075.732 1083.151 1080.689 1066.716 1053.912 1036.778 1014.388 984.101 956.050
658.003 625.568 604.224 582.594 561.675 537.910 509.754 485.520 467.544 475.433 483.285 494.863 483.842 473.442 467.943 454.041 440.791 427.007 434.778 444.420 460.836 464.560 467.626 473.981 472.456 469.646 460.761 468.521 477.556 489.452 514.587 537.139 558.791 577.420 595.179 614.992 636.315 657.879 680.609 697.506 714.223 733.559 752.021 768.965 788.659 813.232 834.308 851.974 870.730 884.816 907.123 934.406 960.099 989.952 1010.400 1024.608 1036.633 1048.599 1065.328 1075.679 1076.170 1070.853 1048.665 1026.543 999.660
518.374 503.139 487.286 466.883 447.676 428.626 404.599 383.636 361.351 366.166 379.221 393.654 388.211 385.046 382.424 371.681 358.528 345.337 349.061 363.962 380.466 387.430 393.661 400.832 400.593 393.524 384.681 389.587 402.446 417.226 436.868 457.606 477.670 496.084 516.479 537.661 559.085 582.232 606.329 623.850 644.959 667.079 684.626 695.233 707.954 730.356 746.999 766.837 787.081 802.565 828.865 860.420 897.900 934.293 966.894 981.340 993.687 1003.871 1019.372 1038.194 1055.381 1069.236 1068.099 1063.935 1047.137
413.645 397.042 381.139 364.823 345.725 327.856 310.284 289.571 272.444 278.475 292.160 304.110 307.111 304.541 301.879 294.635 281.307 271.109 279.506 294.773 309.532 319.385 325.840 331.708 328.744 320.266 313.780 321.177 335.830 349.798 366.134 386.293 406.221 426.264 447.154 467.897 490.792 514.318 538.121 561.464 582.767 602.790 612.323 622.145 628.496 643.039 659.319 677.567 698.437 719.963 746.757 784.446 822.702 859.362 894.817 920.894 938.176 952.763 971.769 991.629 1008.015 1021.464 1033.438 1043.917 1048.131
323.818 308.274 299.841 286.412 268.421 255.992 240.073 222.999 223.168 226.835 238.755 240.672 241.631 238.946 238.100 233.854 223.091 229.780 237.370 252.028 262.744 271.974 278.048 281.989 281.520 274.642 277.556 284.280 298.309 309.513 323.901 343.816 360.264 378.616 399.382 420.743 443.160 466.927 492.560 515.492 533.647 541.891 551.360 556.222 549.798 562.447 575.627 588.547 608.866 629.259 654.196 691.263 733.391 777.081 813.192 851.086 872.997 894.609 915.735 938.134 958.608 974.844 986.513 987.411 992.312
235.655 227.632 217.551 206.786 194.286 181.152 169.889 170.708 168.694 168.254 169.832 172.961 175.754 174.971 174.002 174.973 181.352 185.607 191.093 201.341 212.344 222.647 226.521 230.602 233.553 236.920 239.303 243.341 254.293 265.665 278.370 294.612 311.378 329.441 350.756 372.405 395.540 420.909 446.617 466.273 475.164 484.383 487.487 482.323 477.493 484.163 495.565 505.294 523.894 544.637 561.872 602.582 648.832 691.359 726.192 760.476 793.193 818.681 842.122 871.730 896.959 922.770 938.215 943.429 947.441
174.846 165.119 155.288 145.222 132.322 122.500 120.949 118.806 116.904 115.407 118.850 122.566 126.892 126.634 127.125 129.774 134.014 139.814 148.843 159.580 171.348 185.609 190.024 194.482 199.835 202.329 205.308 209.366 220.423 231.811 243.783 260.285 277.423 295.920 317.524 342.289 370.908 396.731 422.172 443.695 452.329 456.318 454.525 448.548 436.110 434.922 445.320 448.207 460.662 480.126 491.688 525.468 568.328 598.288 632.349 668.238 713.604 740.228 770.578 800.558 829.898 858.491 873.353 880.793 889.323
114.697 102.446 92.272 82.879 75.156 73.056 70.250 68.527 67.343 65.828 68.183 72.414 76.509 78.521 81.170 84.274 90.327 99.202 107.705 119.483 133.945 148.628 154.730 160.060 165.566 169.409 173.450 177.222 187.299 198.796 209.812 226.849 244.948 263.418 288.618 317.671 346.937 372.259 397.104 421.390 424.731 425.955 425.287 411.813 396.656 390.839 393.406 394.309 401.449 413.151 424.794 451.086 478.378 507.398 542.628 588.195 632.940 663.420 693.386 722.936 749.170 769.992 787.995 801.501 815.255
61.811 47.476 38.554 34.791 33.107 29.825 30.548 31.742 30.487 27.021 26.578 31.399 35.209 37.782 41.042 51.230 61.017 68.554 75.620 88.053 102.350 117.699 127.405 133.426 142.473 149.691 153.770 156.418 165.333 175.584 180.645 196.494 214.808 242.225 272.649 302.423 333.191 359.505 384.482 406.947 407.181 407.262 406.601 390.872 375.372 357.867 361.039 362.362 350.313 362.780 374.506 391.268 418.003 442.530 479.559 523.588 557.522 587.447 617.117 644.871 665.878 685.146 700.268 717.411 731.200
