tests/3D/Borden05m_nopit_001/output_maps/psiliqL0012N0020.asc
ncols         160
nrows         34
xllcorner     620200.000000
yllcorner     5168000.000000
cellsize      0.500000
NODATA_value  -9999.0
[rows 0 to 28 of 34, columns 64 to 127 of 160]
-9999.000 -9999.000 -9999.000 -9999.000 -9999.000 -9999.000 -9999.000 -9999.000 -9999.000 -9999.000 -9999.000 -9999.000 -9999.000 -9999.000 -9999.000 -9999.000 -9999.000 -9999.000 -9999.000 -9999.000 -9999.000 -9999.000 -9999.000 -9999.000 -9999.000 -9999.000 -9999.000 -9999.000 -9999.000 -9999.000 -9999.000 -9999.000 -9999.000 -9999.000 -9999.000 -9999.000 -9999.000 -9999.000 -9999.000 -9999.000 -9999.000 -9999.000 -9999.000 -9999.000 -9999.000 -9999.000 -9999.000 -9999.000 -9999.000 -9999.000 -9999.000 -9999.000 -9999.000 -9999.000 -9999.000 -9999.000 -9999.000 -9999.000 -9999.000 -9999.000 -9999.000 -9999.000 -9999.000 -9999.000
567.585 558.926 554.739 553.609 552.591 551.995 557.058 564.859 572.324 579.344 581.603 583.905 586.036 586.417 585.070 581.748 578.382 574.919 573.362 565.181 553.752 544.884 542.105 546.533 551.020 553.549 559.500 570.327 581.237 589.888 601.864 607.758 613.071 616.329 612.522 609.273 605.779 601.004 590.129 -9999.000 -9999.000 -9999.000 -9999.000 -9999.000 -9999.000 -9999.000 -9999.000 -9999.000 -9999.000 -9999.000 -9999.000 -9999.000 -9999.000 -9999.000 -9999.000 -9999.000 -9999.000 -9999.000 -9999.000 -9999.000 -9999.000 -9999.000 -9999.000 -9999.000
551.997 546.449 540.770 538.690 538.483 538.316 542.234 552.131 559.926 564.529 566.860 569.278 568.931 568.282 567.828 564.840 561.331 557.866 556.004 556.278 548.624 543.123 539.698 538.113 540.614 543.016 546.380 555.982 564.273 572.590 586.990 599.545 604.990 602.778 598.091 594.657 588.378 578.697 568.564 558.703 551.904 546.749 541.530 547.915 554.805 565.073 575.137 587.315 599.565 -9999.000 -9999.000 -9999.000 -9999.000 -9999.000 -9999.000 -9999.000 -9999.000 -9999.000 -9999.000 -9999.000 -9999.000 -9999.000 -9999.000 -9999.000
544.219 539.240 534.098 542.085 543.028 543.878 546.884 549.818 552.553 555.119 560.272 569.053 571.556 571.904 571.875 569.903 566.668 564.765 561.915 556.626 555.472 555.690 555.416 560.379 561.862 563.548 556.889 560.500 566.839 573.833 580.641 587.598 591.987 589.091 588.524 580.591 567.249 556.502 548.366 546.644 543.810 536.384 524.200 531.624 547.498 552.416 556.097 568.027 580.432 590.758 593.050 592.821 592.574 590.032 576.309 561.740 547.025 528.500 -9999.000 -9999.000 -9999.000 -9999.000 -9999.000 -9999.000
546.452 544.130 556.204 565.110 566.415 568.926 572.172 571.159 558.962 556.290 564.379 574.472 580.018 579.971 579.668 577.527 576.340 575.775 573.394 574.071 576.365 576.330 580.911 586.459 589.303 581.419 572.418 573.321 581.201 589.471 597.011 607.978 619.693 619.018 613.890 605.519 592.600 569.851 550.878 540.654 534.167 527.544 527.853 525.469 536.996 539.073 541.213 549.779 560.275 570.638 576.647 576.266 575.846 573.567 564.226 549.634 535.011 518.393 492.996 464.683 438.235 436.976 460.777 484.530
556.055 567.992 581.006 594.851 596.900 598.893 598.088 588.608 578.164 574.050 588.555 604.265 612.161 612.530 611.787 618.653 616.882 614.736 609.526 611.448 613.004 622.995 630.359 637.198 635.347 623.534 612.406 610.967 613.731 616.944 623.325 633.909 644.137 639.682 633.202 623.978 596.306 570.037 554.128 555.276 556.266 552.175 549.705 547.009 540.499 540.572 540.278 540.116 552.391 565.018 568.662 562.632 559.104 557.009 548.606 537.720 522.537 505.784 486.990 458.959 452.310 443.920 465.964 489.764
601.300 613.425 630.077 653.009 655.131 657.728 660.226 648.873 636.456 624.972 641.905 651.561 659.858 661.528 671.309 680.851 675.943 667.606 657.370 663.436 675.355 690.010 696.362 699.891 699.001 688.383 682.955 681.387 683.374 680.911 685.357 696.134 711.688 712.037 703.598 682.262 647.022 613.940 594.407 600.768 595.098 589.524 586.636 573.603 563.470 564.198 555.347 549.746 561.669 568.120 570.042 563.611 569.158 561.773 543.269 526.236 510.979 496.681 481.372 474.402 465.208 457.462 470.168 490.304
640.281 657.974 679.719 702.368 710.250 713.300 722.017 715.195 705.743 697.170 706.752 718.418 729.665 739.187 751.286 762.389 753.266 741.677 736.861 741.540 760.083 776.261 781.061 782.405 785.521 777.406 770.872 764.142 758.755 753.056 749.250 767.055 783.542 782.698 760.770 738.428 704.703 669.272 638.621 638.668 637.846 638.150 624.557 610.556 594.947 586.304 578.338 564.925 570.842 576.576 586.819 596.224 597.074 580.747 563.437 544.248 525.765 511.567 506.539 501.252 491.592 485.103 491.548 505.617
734.820 748.169 771.125 801.426 821.892 840.238 843.630 834.632 825.380 811.990 808.912 824.564 835.884 846.123 856.497 868.354 874.030 871.722 871.193 873.975 880.010 887.981 894.342 899.749 905.497 902.948 893.357 886.826 878.182 871.396 869.237 871.541 882.329 881.451 858.101 833.154 803.883 769.707 740.921 725.035 732.012 722.499 706.524 688.674 655.562 640.398 625.998 598.101 594.909 604.249 617.703 627.415 612.508 596.266 578.002 557.706 538.410 531.745 530.419 527.432 521.470 518.832 523.971 537.371
845.195 851.617 882.165 915.096 942.863 965.603 973.276 962.708 952.708 940.783 931.120 934.153 947.562 963.426 978.545 989.319 992.904 991.674 991.874 993.560 996.318 998.932 1004.527 1011.467 1021.388 1032.528 1027.344 1011.102 998.963 985.400 980.619 979.534 978.097 978.852 973.338 944.939 919.056 889.642 862.743 843.797 831.456 814.590 795.148 753.072 715.928 683.988 659.026 632.929 631.816 656.075 687.064 681.670 670.257 653.554 629.286 605.189 581.224 574.945 572.325 567.104 560.701 555.126 550.518 554.344
963.351 969.574 990.196 1025.211 1060.131 1088.087 1091.452 1081.999 1071.462 1060.837 1050.410 1046.908 1053.903 1064.200 1079.411 1090.538 1100.207 1099.672 1100.040 1100.252 1102.116 1103.748 1105.406 1111.975 1123.260 1134.044 1135.327 1122.863 1106.451 1089.592 1082.629 1077.001 1071.865 1072.583 1074.099 1068.726 1046.057 1012.948 973.043 948.495 929.441 918.648 905.367 883.921 837.557 811.122 779.762 748.389 730.114 770.876 771.152 760.755 746.242 722.651 696.719 671.802 646.672 638.525 633.518 625.938 619.818 611.547 601.459 598.015
1075.619 1085.054 1100.470 1122.119 1148.914 1173.990 1190.411 1186.597 1174.405 1157.666 1152.793 1151.564 1153.269 1159.361 1166.698 1181.411 1196.553 1201.750 1202.432 1200.025 1201.966 1202.964 1202.966 1203.783 1208.093 1214.790 1217.270 1212.916 1197.834 1178.648 1164.716 1156.497 1152.438 1150.773 1152.380 1152.480 1142.162 1115.771 1080.757 1049.610 1029.434 1015.414 1004.065 995.382 979.652 964.567 937.322 897.581 864.825 866.474 857.799 846.884 823.563 795.644 770.810 739.796 710.689 694.181 688.084 682.788 675.537 664.491 654.089 647.819
1179.889 1194.584 1212.275 1224.977 1240.483 1260.415 1272.062 1277.462 1277.836 1276.806 1278.605 1278.727 1255.972 1258.641 1261.244 1267.468 1274.735 1277.050 1277.282 1276.354 1277.333 1277.610 1277.761 1277.421 1277.189 1279.035 1279.739 1278.862 1272.927 1274.750 1258.487 1247.111 1240.038 1232.781 1224.704 1215.773 1206.981 1192.324 1167.547 1136.534 1111.026 1101.049 1096.049 1091.204 1087.457 1074.392 1055.403 1027.773 992.473 960.808 952.503 937.490 911.233 889.724 874.045 840.975 808.705 786.085 778.107 762.479 745.655 731.004 714.211 698.392
1273.550 1285.961 1281.631 1284.665 1287.806 1290.926 1291.997 1292.304 1292.162 1290.000 1289.717 1288.174 1283.531 1274.278 1275.754 1277.200 1279.661 1283.118 1281.780 1282.667 1285.548 1284.098 1278.754 1275.278 1273.723 1274.116 1281.113 1284.154 1284.906 1284.132 1283.500 1283.130 1281.880 1280.320 1278.124 1275.315 1277.706 1268.411 1246.708 1215.958 1183.481 1170.652 1167.238 1168.773 1166.917 1162.070 1145.351 1120.555 1087.319 1052.022 1037.815 1025.775 1014.561 1004.077 989.956 954.973 919.525 892.839 875.819 850.895 830.962 812.732 791.374 773.291
1295.309 1292.076 1288.667 1284.128 1282.986 1281.781 1279.488 1280.176 1278.306 1274.543 1271.222 1265.125 1254.733 1243.586 1241.227 1245.827 1250.736 1254.921 1257.940 1261.165 1262.344 1257.794 1250.220 1243.387 1241.496 1247.795 1253.217 1258.230 1258.851 1257.499 1255.588 1255.860 1253.540 1254.052 1260.276 1273.003 1278.878 1281.015 1280.687 1274.582 1263.542 1255.016 1236.451 1240.223 1236.278 1225.773 1206.345 1184.459 1157.247 1130.725 1108.180 1100.785 1096.333 1090.709 1081.696 1049.226 1016.976 986.732 963.333 938.350 915.389 894.189 872.595 850.452
1283.770 1277.077 1269.200 1262.666 1256.346 1254.509 1253.390 1252.875 1253.085 1248.064 1240.752 1226.116 1214.959 1204.051 1198.221 1196.582 1201.657 1211.164 1220.310 1224.810 1218.481 1211.342 1201.098 1193.268 1193.511 1195.813 1204.524 1217.810 1221.912 1222.468 1217.484 1213.134 1207.277 1205.218 1211.697 1225.935 1240.304 1253.106 1260.695 1267.576 1273.635 1277.579 1278.537 1279.036 1278.199 1276.687 1262.349 1242.850 1220.598 1198.166 1173.462 1167.168 1165.241 1161.480 1159.514 1132.825 1099.946 1067.879 1040.555 1015.105 992.275 970.367 947.153 922.602
1250.447 1244.196 1234.621 1224.419 1215.354 1209.788 1210.848 1213.208 1214.329 1208.468 1194.849 1178.387 1165.643 1152.345 1148.689 1144.197 1140.470 1150.965 1167.541 1173.547 1160.577 1151.065 1137.305 1130.088 1127.136 1128.638 1137.797 1156.875 1175.245 1176.142 1166.465 1156.915 1151.841 1148.911 1154.819 1171.959 1190.630 1204.287 1212.982 1218.032 1225.572 1234.505 1245.960 1258.329 1268.639 1276.935 1280.263 1278.610 1273.783 1261.196 1241.903 1229.153 1219.975 1214.803 1206.906 1186.629 1160.704 1135.239 1109.419 1087.833 1069.473 1045.139 1019.941 995.486
1208.470 1202.200 1189.160 1178.056 1167.206 1154.667 1152.085 1149.982 1152.303 1141.975 1132.371 1114.642 1100.015 1085.142 1075.432 1070.018 1064.541 1069.093 1084.460 1093.425 1080.228 1070.130 1057.458 1051.352 1048.068 1049.799 1059.743 1081.411 1099.489 1105.821 1097.462 1091.628 1088.518 1086.621 1091.280 1104.615 1123.083 1142.443 1156.989 1165.221 1172.045 1181.267 1194.688 1207.600 1220.484 1236.404 1255.094 1268.646 1277.219 1280.860 1280.334 1277.299 1273.321 1264.037 1253.518 1236.990 1214.544 1188.822 1163.484 1146.524 1129.959 1113.260 1087.124 1058.296
1166.392 1152.562 1108.403 1092.010 1075.663 1061.896 1057.505 1051.384 1044.788 1036.663 1030.899 1024.639 1010.033 993.515 978.166 973.488 969.699 961.290 966.338 969.589 973.376 966.133 960.304 958.039 955.435 958.444 971.684 983.127 992.752 998.179 995.806 1001.405 1006.234 1008.696 1022.847 1034.700 1050.627 1070.295 1092.016 1103.653 1111.858 1121.564 1135.880 1151.229 1167.306 1188.254 1211.195 1225.693 1235.668 1246.599 1258.161 1271.028 1279.255 1284.070 1283.228 1278.252 1258.351 1234.266 1214.221 1196.951 1182.699 1169.182 1150.154 1116.007
1113.907 1074.839 1034.535 1004.231 987.992 967.957 958.441 949.070 924.641 911.878 907.027 912.864 904.177 888.159 874.967 867.594 861.560 849.257 840.864 845.666 857.741 853.315 851.600 855.507 853.588 849.973 855.085 868.770 876.072 884.820 894.930 897.883 905.309 929.464 941.284 954.519 972.624 992.479 1013.208 1031.550 1043.117 1056.119 1073.334 1088.672 1107.921 1129.824 1156.649 1174.639 1187.581 1197.860 1208.257 1222.702 1241.126 1257.087 1272.420 1282.725 1282.955 1277.995 1257.961 1241.339 1226.915 1218.231 1197.309 1168.793
1014.667 971.078 933.322 906.075 886.374 864.762 848.424 823.720 794.586 776.309 783.059 791.367 793.190 780.323 768.639 759.444 746.526 731.910 720.855 729.531 738.003 746.186 749.505 752.943 755.179 753.684 748.793 753.256 761.067 770.154 779.163 790.920 818.079 840.290 855.204 873.500 891.415 911.942 933.610 953.020 967.178 983.796 1001.270 1020.517 1039.787 1063.060 1090.519 1113.038 1126.860 1139.619 1152.240 1170.003 1191.615 1212.231 1234.410 1253.872 1265.010 1276.705 1284.055 1281.548 1268.095 1255.409 1238.200 1215.845
891.058 851.804 820.257 799.565 777.872 756.999 732.906 704.381 680.381 662.259 670.363 678.426 690.649 679.821 669.707 664.413 650.427 637.190 623.224 630.896 640.724 657.656 661.546 664.689 671.263 669.789 666.836 657.306 664.973 674.113 686.183 711.717 734.236 755.906 774.716 792.545 812.432 833.771 855.389 878.331 895.372 912.209 931.660 950.137 966.867 986.291 1010.805 1031.889 1049.825 1068.874 1083.059 1105.589 1133.189 1159.336 1189.639 1210.520 1224.965 1237.178 1249.322 1266.473 1276.950 1277.996 1272.602 1250.765
743.118 711.831 697.692 682.176 661.899 642.790 623.795 599.995 579.256 556.826 561.732 575.031 589.693 584.779 581.947 579.439 568.828 555.673 542.464 546.197 561.264 577.878 585.069 591.407 598.615 598.364 591.098 582.147 587.015 600.025 614.862 634.306 654.981 675.038 693.532 714.011 735.229 756.689 779.887 804.104 821.828 843.052 865.269 882.685 893.107 905.426 927.578 944.150 964.115 984.547 1000.247 1026.655 1058.501 1096.377 1133.151 1166.447 1181.318 1193.926 1204.309 1220.037 1239.239 1256.974 1271.368 1270.372
623.814 609.114 592.704 577.101 561.027 541.942 524.279 507.001 486.326 469.787 475.962 489.674 501.380 504.697 502.196 499.592 492.494 479.144 469.405 477.929 493.190 507.869 517.845 524.326 530.128 527.145 518.598 512.351 519.777 534.454 548.342 564.505 584.626 604.480 624.544 645.454 666.194 689.103 712.650 736.517 760.040 781.331 801.164 810.556 820.270 826.062 840.270 856.459 874.562 895.506 917.223 943.940 981.788 1020.320 1057.339 1093.263 1120.205 1137.880 1152.857 1172.148 1192.347 1209.135 1222.979 1235.508
543.467 520.145 504.956 496.803 483.534 465.730 453.491 437.691 421.214 421.883 425.420 437.092 438.764 439.757 437.124 436.325 432.255 421.857 428.939 436.453 451.014 461.673 470.932 476.973 480.872 480.506 473.807 476.914 483.555 497.515 508.663 522.921 542.759 559.151 577.443 598.204 619.567 641.967 665.751 691.435 714.370 732.381 740.409 749.750 754.260 747.398 759.823 772.858 785.515 805.807 826.186 850.779 887.913 930.323 974.452 1010.808 1049.399 1071.927 1093.994 1115.420 1138.298 1159.290 1176.127 1188.313
455.573 432.976 425.277 415.204 404.549 392.199 379.119 368.257 369.534 367.543 366.978 368.321 371.453 374.327 373.600 372.659 373.795 380.514 384.789 390.270 400.415 411.432 421.840 425.688 429.775 432.836 436.368 438.767 442.741 453.618 464.981 477.611 493.769 510.532 528.563 549.870 571.564 594.757 620.135 645.904 665.643 674.416 683.569 686.467 681.051 676.027 682.343 693.679 703.095 721.475 742.241 758.871 799.333 845.769 888.238 923.252 957.729 991.387 1017.239 1041.082 1071.150 1096.951 1123.482 1139.494
389.920 373.123 363.392 353.559 343.510 330.705 321.164 319.864 317.722 315.839 314.304 317.740 321.475 325.838 325.642 326.201 328.893 333.155 339.026 348.092 358.832 370.642 385.007 389.468 393.941 399.341 401.855 404.855 408.889 419.905 431.293 443.219 459.699 476.843 495.308 516.917 541.712 570.389 596.246 621.736 643.429 652.073 655.984 654.140 648.024 635.388 633.995 644.222 646.877 659.031 678.322 689.524 722.585 765.130 794.863 829.008 865.246 911.377 938.399 969.083 999.315 1029.023 1058.019 1073.455
331.957 313.260 300.954 290.782 281.508 274.047 272.114 269.368 267.701 266.535 264.987 267.278 271.531 275.626 277.697 280.388 283.605 289.728 298.628 307.097 318.879 333.367 348.114 354.308 359.658 365.212 369.109 373.163 376.907 386.933 398.416 409.325 426.322 444.430 462.947 488.134 517.195 546.526 571.896 596.762 621.220 624.565 625.754 625.087 611.453 596.293 590.276 592.714 593.591 600.228 611.757 623.261 648.893 675.718 704.555 739.804 785.633 830.548 861.449 891.546 921.225 947.524 968.459 986.926
278.731 260.618 246.238 237.492 233.943 232.383 229.187 230.036 231.284 229.997 226.455 225.924 230.740 234.529 237.117 240.507 250.828 260.666 268.193 275.221 287.619 301.915 317.312 327.121 333.177 342.279 349.551 353.627 356.252 365.134 375.331 380.282 396.030 414.381 441.797 472.234 502.018 532.845 559.232 584.245 606.873 607.144 607.240 606.581 590.780 575.247 557.608 560.857 561.979 549.489 561.926 573.600 590.012 616.601 640.883 677.673 721.567 755.315 785.398 815.113 842.989 864.035 883.160 898.222
