tests/3D/Borden05m_nopit_001/output_maps/psiliqL0009N0024.asc
ncols         160
nrows         34
xllcorner     620200.000000
yllcorner     5168000.000000
cellsize      0.500000
NODATA_value  -9999.0
[rows 0 to 28 of 34, columns 65 to 129 of 160]
-9999.000 -9999.000 -9999.000 -9999.000 -9999.000 -9999.000 -9999.000 -9999.000 -9999.000 -9999.000 -9999.000 -9999.000 -9999.000 -9999.000 -9999.000 -9999.000 -9999.000 -9999.000 -9999.000 -9999.000 -9999.000 -9999.000 -9999.000 -9999.000 -9999.000 -9999.000 -9999.000 -9999.000 -9999.000 -9999.000 -9999.000 -9999.000 -9999.000 -9999.000 -9999.000 -9999.000 -9999.000 -9999.000 -9999.000 -9999.000 -9999.000 -9999.000 -9999.000 -9999.000 -9999.000 -9999.000 -9999.000 -9999.000 -9999.000 -9999.000 -9999.000 -9999.000 -9999.000 -9999.000 -9999.000 -9999.000 -9999.000 -9999.000 -9999.000 -9999.000 -9999.000 -9999.000 -9999.000 -9999.000 -9999.000
-40.828 -45.009 -46.123 -47.169 -47.747 -42.629 -34.868 -27.421 -20.358 -18.118 -15.813 -13.610 -13.186 -14.566 -17.895 -21.255 -24.725 -26.243 -34.596 -46.085 -55.070 -57.865 -53.380 -48.860 -46.315 -40.196 -29.272 -18.294 -9.628 2.222 7.874 13.178 16.577 12.805 9.555 6.158 1.673 -9.156 -9999.000 -9999.000 -9999.000 -9999.000 -9999.000 -9999.000 -9999.000 -9999.000 -9999.000 -9999.000 -9999.000 -9999.000 -9999.000 -9999.000 -9999.000 -9999.000 -9999.000 -9999.000 -9999.000 -9999.000 -9999.000 -9999.000 -9999.000 -9999.000 -9999.000 -9999.000 -9999.000
-53.391 -59.098 -61.042 -61.278 -61.438 -57.447 -47.717 -39.904 -35.275 -32.992 -30.649 -30.717 -31.323 -31.811 -34.804 -38.306 -41.777 -43.630 -43.601 -51.262 -56.650 -59.969 -61.257 -58.804 -56.463 -53.361 -43.663 -35.289 -26.899 -12.666 -0.250 5.137 2.990 -1.727 -5.087 -11.130 -20.587 -30.755 -40.992 -47.947 -53.068 -58.040 -51.673 -45.003 -34.538 -24.196 -11.997 0.249 -9999.000 -9999.000 -9999.000 -9999.000 -9999.000 -9999.000 -9999.000 -9999.000 -9999.000 -9999.000 -9999.000 -9999.000 -9999.000 -9999.000 -9999.000 -9999.000 -9999.000
-60.672 -65.225 -57.653 -56.699 -55.793 -52.801 -49.617 -47.372 -44.753 -39.617 -30.856 -28.398 -28.050 -28.075 -30.027 -33.239 -35.113 -37.959 -43.236 -44.241 -43.890 -43.939 -38.781 -37.303 -35.880 -42.791 -39.356 -33.001 -26.005 -18.924 -11.798 -7.016 -9.838 -10.667 -18.526 -31.820 -42.776 -51.074 -53.231 -56.055 -63.392 -75.262 -68.044 -52.236 -47.301 -43.392 -31.286 -18.863 -8.591 -6.507 -6.725 -6.953 -9.410 -23.108 -37.647 -52.272 -70.763 -9999.000 -9999.000 -9999.000 -9999.000 -9999.000 -9999.000 -9999.000 -9999.000
-55.330 -42.870 -33.802 -32.483 -29.924 -26.801 -28.188 -40.651 -43.438 -35.148 -24.937 -19.282 -19.354 -19.619 -21.408 -22.580 -23.203 -25.692 -24.741 -22.273 -21.778 -16.834 -11.261 -8.515 -16.973 -26.106 -25.496 -17.744 -9.662 -2.138 8.994 20.903 20.010 14.733 6.370 -6.673 -29.511 -48.823 -58.909 -65.094 -71.599 -71.887 -73.793 -62.777 -60.655 -58.611 -49.787 -39.266 -28.976 -23.018 -23.335 -23.679 -25.910 -35.195 -49.747 -64.316 -80.715 -105.836 -134.003 -160.917 -161.864 -138.068 -114.306 -9999.000 -9999.000
-30.017 -16.700 -2.249 -0.152 1.912 1.237 -8.643 -19.098 -23.502 -8.703 6.815 14.745 15.322 15.372 23.068 20.905 18.201 12.603 14.797 17.218 28.204 35.511 42.114 40.160 28.468 17.595 15.855 18.034 20.438 26.554 37.224 47.681 43.284 36.496 26.845 -1.302 -28.388 -44.677 -43.384 -42.375 -46.421 -49.015 -52.126 -59.180 -59.160 -59.357 -59.514 -47.245 -34.764 -31.106 -36.992 -40.409 -42.466 -50.985 -61.732 -76.773 -93.450 -112.031 -140.031 -147.007 -154.939 -132.922 -109.135 -88.131 -63.494
17.003 34.538 57.777 60.507 63.597 66.940 55.936 43.701 31.903 47.751 57.128 65.691 68.293 79.097 88.850 83.665 74.895 65.058 71.234 84.333 98.894 104.912 108.070 107.972 98.053 92.908 90.671 91.691 88.437 91.972 103.174 118.854 119.548 109.984 88.307 53.411 19.482 -1.574 3.678 -2.024 -7.448 -10.961 -24.450 -35.242 -34.929 -43.972 -49.797 -38.038 -31.704 -29.671 -35.802 -30.157 -37.681 -55.692 -72.824 -88.240 -102.529 -117.421 -124.596 -133.790 -141.360 -128.814 -108.598 -88.547 -63.692
65.940 88.531 111.801 121.682 126.816 135.354 128.577 119.429 110.638 117.695 129.711 141.191 151.540 163.535 174.793 167.259 156.846 153.232 157.415 174.457 189.308 194.111 195.946 199.851 193.274 186.374 178.927 172.307 165.943 161.715 177.902 193.297 192.307 170.274 147.992 115.497 80.535 48.500 45.752 45.447 45.085 30.717 16.200 -1.245 -11.226 -19.522 -33.790 -28.580 -22.612 -11.894 -2.003 -1.961 -18.250 -35.512 -54.714 -73.371 -87.604 -92.325 -97.392 -106.870 -113.165 -106.895 -92.914 -78.477 -66.231
161.537 185.771 217.055 239.331 259.219 262.502 253.095 243.696 230.014 225.155 239.046 250.306 260.962 271.766 283.460 290.278 288.961 288.715 291.160 295.601 302.184 308.464 314.376 320.796 320.535 311.652 304.149 294.818 286.838 284.378 284.712 293.400 293.013 272.474 247.918 219.866 186.572 157.885 139.889 144.262 133.150 117.200 97.746 63.075 45.738 30.238 1.284 -2.639 7.960 22.199 30.741 15.305 -0.935 -19.449 -39.931 -59.785 -66.351 -67.610 -70.584 -76.380 -78.987 -74.245 -61.206 -58.325 -47.434
266.734 296.899 329.657 358.030 380.774 388.562 378.373 368.329 356.749 346.904 348.215 360.797 376.275 391.438 402.095 406.006 404.851 405.084 406.463 409.170 411.418 416.390 423.178 433.370 445.182 441.131 425.049 412.289 397.743 392.098 390.474 387.891 388.570 385.473 360.009 335.358 306.521 278.037 257.845 242.879 226.287 207.884 167.798 130.671 98.571 72.226 45.204 42.035 67.588 95.893 88.431 77.107 60.003 35.489 11.058 -13.763 -20.666 -23.565 -29.028 -35.438 -41.347 -46.712 -43.647 -40.792 -29.077
384.768 404.049 437.627 471.566 498.800 502.931 494.419 484.061 473.110 463.550 460.144 465.905 475.079 489.174 500.450 510.899 510.970 511.371 511.234 512.992 514.510 515.733 521.622 532.068 542.030 543.783 532.748 516.680 499.640 491.693 485.367 480.184 480.541 481.973 478.900 458.125 426.494 386.702 360.449 340.539 329.765 317.278 299.989 258.032 234.409 204.428 172.099 149.500 184.206 180.256 169.895 154.505 130.417 104.911 79.523 53.593 44.059 38.732 31.069 24.787 16.227 5.817 1.790 -3.931 -6.564
498.004 513.166 532.483 557.344 581.386 598.027 595.098 584.191 568.671 564.900 564.046 565.325 570.652 576.754 590.390 604.570 609.636 610.273 607.929 609.761 610.631 610.608 610.954 614.323 620.304 622.583 618.998 605.259 587.042 572.546 563.949 559.747 557.490 558.308 557.713 548.400 524.079 491.185 459.791 438.515 424.232 413.491 405.649 393.722 379.951 354.737 316.863 283.074 276.612 267.707 256.629 233.188 206.058 182.791 151.582 121.514 103.049 96.273 89.979 81.764 70.270 59.328 52.302 38.672 30.600
603.599 620.017 631.282 645.174 663.593 674.193 679.625 680.461 680.119 682.055 682.124 668.543 670.387 672.157 675.891 681.295 682.864 683.003 682.446 683.229 683.394 683.605 683.271 682.455 683.562 683.983 683.456 679.053 677.121 661.721 650.826 644.016 636.986 628.953 620.138 611.599 598.173 574.787 544.544 518.143 507.711 502.968 498.950 495.654 483.491 465.368 439.446 405.175 371.256 361.571 346.815 322.365 302.812 288.623 256.174 223.374 199.328 189.846 172.547 154.621 139.384 121.839 105.195 88.287 71.137
687.712 686.058 687.879 689.763 691.635 692.278 692.462 692.377 690.267 690.097 688.756 683.846 674.870 676.315 677.647 680.071 683.465 682.074 682.909 685.773 684.395 679.212 675.873 674.323 674.578 681.475 684.414 685.120 684.941 684.380 684.155 683.402 682.463 681.140 679.450 678.996 670.337 650.089 621.516 591.035 577.041 572.454 574.371 572.453 567.792 551.297 527.146 494.938 460.428 444.589 433.041 423.537 414.344 401.340 367.473 332.270 304.680 286.237 260.926 240.585 221.958 200.439 181.978 162.711 139.409
692.326 688.824 684.365 683.319 682.149 679.889 680.589 678.723 675.030 671.873 666.202 656.079 644.939 642.855 647.523 652.268 656.231 658.922 662.032 663.479 659.141 651.764 645.095 643.152 649.318 654.666 659.332 659.895 658.554 656.776 657.169 655.070 655.653 661.682 673.945 680.543 681.819 681.614 677.941 671.307 658.195 639.953 643.220 639.434 629.136 610.161 588.855 562.614 537.083 513.737 506.355 502.236 496.946 489.113 458.212 426.514 395.999 371.861 347.026 324.055 302.732 281.169 258.766 234.921 211.080
677.730 670.012 663.635 657.567 655.845 654.598 654.020 654.163 649.202 642.347 628.253 617.191 606.318 600.511 599.364 604.809 613.917 622.368 626.744 621.094 614.258 604.375 596.600 596.798 599.389 607.919 620.389 623.704 624.208 619.567 615.710 610.041 608.218 614.713 628.709 642.532 654.693 661.929 668.622 674.445 679.664 680.220 680.499 679.973 677.440 663.910 645.458 624.739 603.032 578.653 571.798 569.428 565.628 563.718 538.486 506.481 474.943 447.537 422.391 400.139 378.391 355.164 330.674 306.745 279.518
645.773 636.288 626.267 617.340 612.237 613.301 615.656 616.649 611.108 597.881 581.720 569.137 555.962 552.364 548.189 545.357 555.938 571.791 577.482 565.224 556.024 542.592 535.229 532.518 534.186 543.400 561.697 578.758 579.386 570.007 560.766 555.619 552.761 558.974 576.220 594.412 607.521 615.828 620.822 628.316 637.156 647.976 659.798 669.656 678.794 680.899 679.868 676.928 663.136 644.994 632.614 623.099 617.672 609.543 590.105 565.013 540.078 514.462 493.384 475.638 452.252 427.341 402.886 373.801 342.111
604.412 593.096 582.277 571.879 559.864 557.563 556.057 558.645 548.568 538.578 520.545 506.065 491.345 482.450 477.098 471.892 477.867 493.667 502.754 488.707 478.512 465.373 458.900 455.633 457.196 467.029 489.189 507.218 513.081 504.495 497.633 493.821 491.864 496.164 510.100 528.710 547.403 560.965 568.841 575.674 584.918 598.130 610.788 623.360 638.828 656.545 669.513 677.763 682.131 681.744 679.843 674.333 665.380 655.289 639.588 617.779 592.416 567.295 550.472 534.202 518.503 493.557 464.664 435.530 403.324
556.849 515.153 499.802 484.010 470.769 466.879 461.254 456.813 448.781 442.699 434.483 419.703 403.381 388.543 383.896 380.035 373.669 380.930 384.800 385.716 378.195 371.309 368.082 365.427 368.836 382.195 394.508 405.106 410.241 406.232 410.715 414.826 415.534 429.037 441.157 457.273 476.839 497.712 508.517 516.468 526.060 540.199 555.404 571.144 591.804 614.069 628.144 637.854 648.574 659.694 672.033 680.875 684.811 684.169 678.945 659.990 637.086 617.197 600.007 585.869 572.921 554.813 521.580 492.067 461.375
483.719 443.461 413.906 397.823 378.550 369.901 362.086 340.821 329.078 323.160 326.866 316.934 300.703 287.168 280.232 274.939 263.866 257.858 262.355 272.939 267.256 264.359 267.343 265.099 262.210 269.156 283.251 291.007 299.224 307.621 310.164 315.550 337.549 349.203 362.101 380.229 400.045 420.548 438.002 449.078 461.659 478.672 493.783 512.865 534.689 560.961 578.216 590.862 601.053 611.395 625.640 643.500 658.650 673.231 683.628 683.564 680.366 659.720 643.753 629.224 620.741 600.465 573.065 544.637 514.411
384.303 345.953 317.713 298.392 276.997 262.278 240.412 212.475 194.929 199.507 207.064 206.542 193.270 181.311 172.154 160.383 146.246 136.417 144.530 152.953 158.603 161.086 164.413 165.802 164.313 160.826 167.571 175.378 184.345 192.730 202.280 227.590 249.319 263.578 281.497 299.368 319.840 341.353 360.125 373.766 390.128 407.500 426.509 445.939 469.434 496.830 518.605 531.972 544.208 556.663 574.089 595.198 615.257 636.679 655.560 666.056 677.379 685.405 683.554 669.109 656.696 640.404 618.709 589.285 561.848
270.402 236.190 213.543 192.039 171.028 147.919 120.501 95.800 78.115 85.574 93.007 103.293 91.889 80.916 75.007 61.276 47.998 34.578 42.553 51.822 67.209 70.603 73.517 79.437 77.812 75.293 67.702 75.654 84.486 96.039 120.387 143.014 164.642 182.923 200.559 220.245 241.558 263.041 285.378 302.026 318.549 337.707 356.202 373.650 393.976 418.771 439.956 457.227 475.565 489.654 511.745 538.658 563.740 593.030 612.985 627.139 639.256 651.382 667.839 678.572 678.652 674.269 652.240 631.257 605.218
131.462 114.035 97.506 76.852 57.450 38.289 13.809 -7.602 -29.596 -24.965 -12.398 1.580 -4.921 -8.752 -11.601 -22.607 -35.757 -48.910 -45.202 -30.630 -14.346 -7.835 -1.816 5.285 5.074 -1.598 -10.221 -5.236 7.330 22.000 42.050 62.922 83.011 101.279 121.521 142.650 164.024 187.096 210.982 228.133 249.054 271.030 288.896 299.942 313.548 336.550 353.450 373.174 393.205 408.453 434.767 466.011 503.010 538.990 570.602 584.643 596.974 607.319 622.989 641.740 658.602 672.233 671.768 668.315 651.530
22.708 5.718 -10.783 -27.584 -46.711 -64.989 -83.148 -103.937 -122.240 -116.499 -102.864 -90.428 -88.058 -90.766 -93.541 -101.079 -114.362 -125.477 -117.331 -102.054 -87.131 -77.521 -71.116 -65.115 -68.038 -76.373 -83.334 -75.990 -61.380 -47.244 -30.554 -10.310 9.778 29.792 50.657 71.423 94.311 117.821 141.522 164.540 185.907 206.358 216.223 226.328 233.874 249.174 265.743 284.408 305.281 326.608 353.777 391.411 429.426 465.730 500.656 525.475 542.500 556.908 576.009 595.938 612.353 625.944 637.847 648.523 654.467
-68.837 -85.090 -94.082 -107.832 -126.194 -139.005 -155.161 -173.432 -174.262 -170.332 -157.917 -155.510 -154.618 -157.406 -158.345 -162.943 -174.434 -168.532 -160.788 -145.936 -135.104 -125.929 -119.788 -115.760 -116.432 -123.664 -121.131 -114.239 -100.063 -88.742 -74.088 -54.009 -37.439 -18.955 1.836 23.213 45.684 69.440 95.000 117.958 136.437 145.159 154.935 160.560 155.084 168.263 181.832 195.395 215.909 236.496 262.323 299.501 341.357 384.516 420.546 457.517 478.741 500.066 521.297 543.531 563.864 579.901 591.670 593.134 598.738
-158.987 -167.658 -177.754 -188.739 -201.540 -214.781 -226.846 -226.944 -229.002 -229.193 -227.143 -224.020 -221.388 -222.284 -223.308 -222.667 -216.967 -212.751 -207.254 -196.799 -185.821 -175.728 -171.799 -167.726 -164.993 -161.954 -159.599 -155.427 -144.320 -132.922 -120.061 -103.642 -86.861 -68.723 -47.376 -25.800 -2.761 22.613 48.225 67.746 76.911 86.304 89.872 85.268 80.893 88.349 99.974 110.441 129.609 150.460 169.093 210.520 256.663 299.628 334.477 368.826 400.193 425.575 448.930 478.445 503.467 528.903 544.427 549.852 554.302
-221.706 -231.429 -241.252 -251.354 -264.441 -274.829 -276.878 -279.027 -280.964 -282.386 -278.928 -275.251 -270.997 -271.379 -271.023 -268.460 -264.263 -258.604 -249.649 -238.916 -227.230 -213.175 -208.851 -204.422 -199.158 -196.702 -193.762 -189.649 -178.507 -167.110 -155.039 -138.487 -121.349 -102.775 -81.167 -56.446 -27.924 -2.147 23.222 44.437 53.085 57.270 55.630 49.984 38.008 37.306 48.133 51.591 64.769 84.723 97.178 132.600 176.331 207.033 241.271 276.874 321.202 347.611 377.985 408.274 437.824 466.699 481.680 489.312 498.104
-282.428 -294.571 -304.747 -314.379 -322.624 -325.060 -327.983 -329.819 -331.039 -332.488 -330.005 -325.817 -321.724 -319.829 -317.263 -314.385 -308.471 -299.643 -291.073 -279.300 -264.891 -250.331 -244.414 -239.120 -233.708 -229.970 -225.953 -222.118 -211.935 -200.404 -189.167 -172.040 -153.947 -135.562 -110.319 -81.268 -52.114 -26.868 -2.037 21.933 25.303 26.636 26.011 12.911 -2.178 -7.522 -4.609 -3.554 4.712 16.897 28.982 56.785 85.234 114.884 150.390 195.808 240.654 270.819 301.152 331.193 358.186 379.834 398.149 411.773 426.048
-335.801 -350.045 -359.321 -363.514 -365.446 -368.896 -368.426 -367.342 -368.534 -371.843 -372.113 -367.280 -363.426 -360.885 -357.883 -347.963 -338.276 -330.716 -323.575 -311.072 -296.770 -281.516 -272.015 -266.061 -257.123 -250.008 -245.919 -243.223 -234.237 -223.871 -218.584 -202.523 -184.272 -156.842 -126.430 -96.661 -65.990 -39.803 -14.874 7.294 7.488 7.578 6.958 -8.575 -23.948 -41.113 -38.012 -36.188 -47.241 -34.578 -22.594 -4.949 22.292 47.560 85.358 129.998 164.711 194.795 224.941 253.121 274.848 295.346 311.722 329.341 344.151
