tests/3D/Borden05m_nopit_001/output_maps/psiliqL0015N0035.asc
ncols         160
nrows         34
xllcorner     620200.000000
yllcorner     5168000.000000
cellsize      0.500000
NODATA_value  -9999.0
[rows 0 to 27 of 34, columns 63 to 125 of 160]
-9999.000 -9999.000 -9999.000 -9999.000 -9999.000 -9999.000 -9999.000 -9999.000 -9999.000 -9999.000 -9999.000 -9999.000 -9999.000 -9999.000 -9999.000 -9999.000 -9999.000 -9999.000 -9999.000 -9999.000 -9999.000 -9999.000 -9999.000 -9999.000 -9999.000 -9999.000 -9999.000 -9999.000 -9999.000 -9999.000 -9999.000 -9999.000 -9999.000 -9999.000 -9999.000 -9999.000 -9999.000 -9999.000 -9999.000 -9999.000 -9999.000 -9999.000 -9999.000 -9999.000 -9999.000 -9999.000 -9999.000 -9999.000 -9999.000 -9999.000 -9999.000 -9999.000 -9999.000 -9999.000 -9999.000 -9999.000 -9999.000 -9999.000 -9999.000 -9999.000 -9999.000 -9999.000 -9999.000
1176.576 1167.174 1158.680 1154.486 1153.340 1152.351 1151.737 1156.744 1164.586 1172.069 1179.044 1181.324 1183.622 1185.681 1186.018 1184.704 1181.389 1178.016 1174.559 1172.962 1164.952 1153.584 1144.832 1142.069 1146.439 1150.891 1153.403 1159.185 1169.913 1180.753 1189.387 1201.488 1207.621 1212.940 1216.054 1212.210 1208.958 1205.362 1200.293 1189.370 -9999.000 -9999.000 -9999.000 -9999.000 -9999.000 -9999.000 -9999.000 -9999.000 -9999.000 -9999.000 -9999.000 -9999.000 -9999.000 -9999.000 -9999.000 -9999.000 -9999.000 -9999.000 -9999.000 -9999.000 -9999.000 -9999.000 -9999.000
1160.604 1151.756 1146.288 1140.638 1138.421 1138.243 1138.070 1141.915 1151.979 1159.755 1164.331 1166.711 1169.204 1168.578 1167.885 1167.465 1164.482 1160.964 1157.505 1155.634 1156.153 1148.504 1142.891 1139.359 1137.474 1140.023 1142.485 1146.108 1155.614 1163.820 1172.061 1186.628 1199.318 1204.818 1202.538 1197.877 1194.366 1187.848 1177.938 1167.834 1158.342 1151.691 1146.494 1141.019 1147.412 1154.513 1164.575 1174.350 1186.496 1198.743 -9999.000 -9999.000 -9999.000 -9999.000 -9999.000 -9999.000 -9999.000 -9999.000 -9999.000 -9999.000 -9999.000 -9999.000 -9999.000
1147.868 1144.114 1139.151 1133.421 1141.823 1142.755 1143.549 1146.569 1149.252 1152.477 1154.989 1160.160 1168.961 1171.509 1171.855 1171.823 1169.829 1166.572 1164.639 1161.785 1156.484 1155.179 1155.264 1154.763 1159.531 1161.018 1162.965 1156.557 1160.343 1166.664 1173.654 1180.187 1186.972 1190.966 1187.992 1187.683 1179.674 1166.278 1155.735 1147.756 1146.462 1143.611 1136.085 1123.579 1131.200 1147.130 1152.020 1155.463 1167.205 1179.578 1189.937 1192.417 1192.155 1191.867 1189.219 1175.446 1160.820 1145.989 1127.410 -9999.000 -9999.000 -9999.000 -9999.000
1149.861 1146.381 1143.589 1155.277 1164.021 1165.313 1167.776 1171.144 1170.506 1158.574 1156.017 1163.906 1173.879 1179.315 1179.293 1178.953 1176.458 1175.256 1174.749 1172.476 1172.879 1174.997 1174.432 1178.649 1184.171 1187.111 1179.801 1170.929 1172.123 1180.130 1188.587 1196.140 1206.938 1218.458 1217.997 1213.014 1204.631 1191.832 1169.166 1150.525 1140.158 1133.360 1126.612 1127.507 1124.636 1136.664 1138.685 1140.909 1149.204 1159.659 1170.077 1176.117 1175.651 1175.133 1172.783 1163.360 1148.700 1133.993 1117.122 1091.406 1062.917 1036.908 1035.303
1152.742 1154.792 1166.001 1178.712 1191.951 1193.952 1195.873 1194.938 1185.858 1175.424 1171.600 1185.812 1201.713 1209.576 1209.736 1208.200 1214.235 1212.856 1211.266 1206.444 1208.095 1208.784 1217.778 1225.199 1232.272 1230.524 1218.588 1207.204 1206.063 1209.411 1213.432 1220.074 1230.570 1240.566 1236.050 1229.874 1221.072 1193.871 1168.412 1152.878 1153.874 1154.836 1150.692 1148.337 1146.044 1140.067 1140.182 1139.777 1139.597 1151.861 1164.617 1168.227 1162.031 1158.369 1156.212 1147.897 1136.843 1121.484 1104.622 1085.579 1057.487 1051.134 1042.253
1191.179 1198.140 1209.847 1225.615 1248.240 1249.755 1251.858 1253.512 1241.809 1229.209 1218.039 1236.057 1245.991 1254.023 1254.761 1263.518 1272.848 1268.216 1260.312 1249.678 1255.634 1266.371 1281.120 1287.803 1291.702 1290.020 1278.701 1272.988 1272.087 1275.038 1273.365 1278.718 1289.068 1304.492 1304.493 1297.175 1276.176 1240.587 1208.346 1190.330 1197.790 1192.146 1186.413 1184.140 1171.550 1162.065 1163.195 1154.523 1149.130 1161.201 1167.749 1169.539 1162.785 1168.213 1160.939 1141.914 1124.947 1109.816 1095.474 1079.714 1072.913 1063.686 1055.729
1223.307 1232.390 1250.007 1270.905 1292.935 1298.817 1299.783 1308.680 1301.812 1292.054 1283.701 1295.808 1307.123 1318.137 1326.831 1339.034 1349.982 1339.269 1326.503 1320.484 1325.658 1345.702 1363.206 1368.001 1368.855 1371.179 1361.524 1355.356 1349.340 1345.184 1340.147 1336.760 1356.180 1373.754 1373.053 1351.225 1328.818 1293.857 1257.952 1228.678 1231.512 1230.165 1231.125 1218.296 1204.799 1191.014 1183.696 1176.045 1163.470 1170.075 1175.555 1185.303 1194.198 1195.830 1179.437 1162.049 1142.840 1124.496 1110.295 1104.920 1099.374 1089.495 1082.772
1314.325 1320.379 1334.800 1356.478 1385.795 1404.452 1421.257 1424.757 1416.167 1407.063 1393.965 1392.667 1410.079 1421.460 1431.282 1441.226 1453.245 1457.779 1454.479 1453.665 1456.784 1464.411 1473.770 1480.211 1485.111 1490.185 1485.347 1475.046 1469.484 1461.524 1455.930 1454.069 1458.339 1471.223 1469.850 1443.683 1418.341 1387.843 1352.777 1323.886 1310.102 1319.672 1311.749 1295.736 1279.478 1247.912 1234.908 1221.590 1194.733 1192.254 1200.312 1212.957 1223.813 1209.407 1193.135 1175.090 1154.945 1136.170 1129.366 1127.931 1124.890 1118.719 1116.006
1426.545 1430.088 1436.499 1467.431 1500.533 1527.696 1550.431 1557.989 1547.042 1537.086 1524.814 1515.334 1520.088 1534.325 1550.574 1565.648 1576.539 1579.798 1578.491 1578.659 1580.650 1583.459 1586.438 1592.653 1599.745 1609.391 1619.858 1613.539 1597.134 1585.613 1573.030 1569.110 1568.559 1568.264 1569.088 1561.152 1529.813 1502.690 1472.693 1447.370 1429.661 1419.934 1402.784 1382.288 1338.210 1301.033 1269.238 1245.640 1220.449 1221.370 1244.311 1277.955 1274.601 1263.069 1246.738 1222.684 1198.886 1175.739 1170.043 1167.658 1162.636 1156.192 1150.905
1545.146 1548.923 1554.379 1576.341 1612.795 1648.694 1677.373 1679.972 1669.577 1658.861 1648.562 1637.269 1633.669 1641.898 1653.317 1669.645 1680.622 1689.510 1688.368 1688.703 1689.263 1691.232 1692.975 1695.067 1702.315 1714.437 1726.041 1726.850 1712.955 1696.197 1679.515 1673.531 1668.596 1663.502 1664.575 1666.169 1658.489 1633.918 1599.322 1559.295 1536.443 1518.234 1507.408 1493.319 1467.701 1416.911 1387.644 1354.886 1324.446 1310.472 1357.262 1361.735 1351.270 1337.601 1314.472 1288.078 1263.593 1239.224 1232.421 1227.688 1220.142 1214.137 1206.106
1658.585 1663.503 1672.103 1687.773 1711.754 1740.483 1766.593 1782.795 1778.095 1764.618 1746.659 1740.685 1739.080 1741.210 1748.067 1756.638 1772.428 1788.530 1793.857 1794.583 1792.113 1794.162 1795.285 1795.312 1796.598 1801.847 1809.257 1811.935 1806.809 1790.380 1770.221 1756.849 1749.003 1745.079 1744.001 1746.390 1747.176 1735.843 1707.372 1670.228 1639.318 1620.228 1606.456 1594.483 1584.941 1565.386 1548.966 1519.667 1478.036 1446.284 1456.015 1447.538 1436.750 1413.511 1384.766 1358.322 1327.459 1299.267 1284.667 1279.197 1274.846 1268.504 1257.851
1762.025 1770.788 1785.570 1804.532 1818.671 1835.792 1857.236 1869.930 1875.298 1875.209 1873.491 1875.154 1875.328 1843.399 1846.890 1850.327 1859.039 1868.168 1871.229 1871.553 1870.254 1871.427 1871.814 1871.905 1871.554 1871.904 1874.487 1875.470 1874.241 1866.769 1872.343 1855.211 1843.349 1836.008 1828.514 1820.386 1811.329 1802.273 1786.374 1760.194 1728.397 1703.768 1694.227 1688.951 1683.257 1679.036 1665.041 1645.160 1615.794 1579.436 1549.994 1543.032 1527.721 1499.615 1476.104 1458.888 1425.147 1393.355 1372.106 1365.574 1351.559 1335.775 1321.646
1858.801 1870.829 1884.208 1877.203 1881.451 1885.847 1890.215 1891.715 1892.144 1891.945 1889.730 1889.333 1887.589 1883.213 1873.682 1875.188 1876.749 1879.245 1882.765 1881.479 1882.416 1885.312 1883.789 1878.282 1874.666 1873.104 1873.632 1880.726 1883.865 1884.659 1883.285 1882.577 1882.055 1880.301 1878.113 1875.032 1871.094 1876.320 1866.374 1843.202 1810.258 1775.767 1764.083 1761.819 1762.946 1761.123 1756.060 1739.084 1713.609 1679.312 1643.191 1630.572 1617.995 1605.020 1593.191 1577.897 1541.744 1505.994 1480.152 1464.491 1439.888 1420.293 1402.390
1893.655 1895.008 1891.826 1888.509 1883.890 1882.651 1881.413 1879.087 1879.761 1877.887 1874.055 1870.569 1864.045 1853.384 1842.230 1839.594 1844.126 1849.198 1853.604 1856.951 1860.289 1861.198 1856.435 1848.663 1841.662 1839.822 1846.251 1851.744 1857.100 1857.774 1856.407 1854.355 1854.500 1851.953 1852.384 1858.792 1871.971 1877.110 1880.095 1879.627 1871.070 1855.604 1851.640 1832.725 1836.971 1832.833 1822.084 1802.166 1779.658 1751.431 1723.871 1702.078 1694.611 1689.765 1683.739 1673.482 1639.380 1606.515 1576.477 1553.749 1528.544 1505.518 1484.361
1881.883 1883.197 1876.423 1868.387 1861.695 1855.123 1853.171 1852.181 1851.727 1852.006 1846.923 1839.155 1823.976 1812.724 1801.781 1795.926 1793.795 1798.500 1808.405 1818.245 1822.868 1815.858 1808.414 1797.807 1789.919 1790.207 1792.216 1801.105 1815.202 1820.087 1820.690 1815.357 1810.506 1804.454 1802.151 1808.604 1823.070 1837.972 1851.400 1859.323 1866.372 1872.643 1875.286 1876.614 1877.300 1876.113 1875.580 1860.389 1839.794 1815.952 1792.739 1767.645 1761.840 1760.279 1756.475 1754.370 1726.143 1692.314 1659.642 1632.322 1606.488 1582.994 1560.842
1852.075 1848.893 1842.618 1832.953 1822.569 1813.367 1807.339 1808.395 1810.758 1812.007 1805.826 1791.815 1775.051 1762.145 1748.724 1745.009 1740.201 1735.577 1745.987 1763.284 1769.604 1755.921 1746.094 1732.005 1724.931 1721.738 1723.070 1732.170 1752.025 1771.700 1772.861 1762.882 1753.016 1748.007 1744.995 1750.588 1767.610 1786.746 1800.933 1809.998 1815.081 1822.642 1831.641 1843.697 1856.576 1867.296 1874.703 1879.201 1876.867 1870.090 1858.638 1838.118 1824.912 1815.978 1810.960 1803.191 1781.969 1755.109 1729.010 1702.887 1680.688 1661.612 1636.229
1811.898 1806.417 1799.987 1785.223 1773.833 1762.531 1749.469 1746.606 1743.906 1745.958 1735.379 1726.161 1708.737 1693.963 1678.936 1668.409 1662.934 1657.186 1660.314 1675.247 1684.089 1671.740 1661.738 1649.532 1643.789 1640.486 1642.384 1652.434 1673.607 1691.729 1698.528 1690.389 1685.576 1683.161 1681.316 1686.324 1699.046 1717.357 1737.369 1752.878 1761.445 1768.234 1777.404 1791.000 1804.126 1817.277 1833.597 1853.203 1867.274 1876.099 1878.933 1878.177 1873.912 1871.355 1861.623 1850.550 1833.064 1809.845 1783.626 1757.929 1740.691 1723.686 1705.853
1769.508 1764.105 1748.274 1701.651 1684.218 1667.316 1653.021 1648.130 1641.512 1632.762 1624.542 1619.096 1614.793 1600.359 1583.646 1567.785 1563.076 1559.358 1548.906 1551.740 1554.370 1561.027 1554.062 1549.288 1547.984 1545.429 1548.035 1561.153 1571.722 1580.369 1586.084 1585.342 1592.052 1597.592 1601.800 1616.589 1628.163 1643.889 1663.641 1686.193 1698.640 1707.074 1716.864 1731.323 1746.775 1763.143 1784.325 1807.881 1822.732 1832.895 1843.947 1855.855 1869.137 1876.629 1882.187 1880.998 1876.113 1855.099 1829.655 1809.271 1791.731 1777.170 1762.892
1716.266 1708.597 1665.958 1625.609 1594.554 1578.160 1557.363 1546.981 1536.052 1508.461 1494.675 1490.892 1498.859 1491.418 1475.611 1462.763 1454.953 1448.176 1434.643 1423.865 1428.970 1442.534 1439.364 1438.831 1443.659 1442.063 1437.719 1440.993 1454.266 1461.110 1470.386 1482.203 1485.561 1495.020 1521.323 1533.300 1546.860 1564.931 1584.810 1605.746 1624.956 1636.991 1650.386 1667.769 1683.297 1702.665 1724.594 1751.907 1770.561 1783.719 1793.994 1804.340 1818.866 1837.718 1854.340 1870.258 1880.289 1880.618 1873.687 1854.039 1836.524 1821.957 1812.819
1623.107 1603.366 1557.852 1520.691 1494.437 1474.355 1452.526 1434.569 1407.028 1376.695 1357.687 1366.609 1375.669 1379.836 1367.374 1355.963 1346.730 1332.665 1317.570 1305.288 1314.526 1323.045 1333.760 1337.914 1341.461 1344.542 1343.039 1336.742 1338.919 1346.731 1355.933 1365.562 1379.522 1408.522 1431.208 1446.767 1465.430 1483.378 1503.944 1525.752 1545.779 1560.433 1577.281 1594.825 1614.274 1633.342 1656.340 1683.802 1706.994 1721.192 1734.380 1747.059 1765.033 1787.005 1808.012 1830.765 1850.605 1862.165 1873.991 1880.408 1876.963 1864.204 1850.931
1509.321 1472.877 1433.205 1404.323 1385.587 1363.704 1342.970 1317.891 1288.260 1264.960 1246.401 1255.151 1263.842 1278.003 1267.751 1258.495 1253.815 1239.574 1226.378 1211.865 1219.232 1229.620 1248.095 1252.480 1255.851 1263.076 1261.750 1258.362 1246.889 1254.267 1263.712 1276.294 1303.008 1325.414 1347.117 1366.448 1384.461 1404.536 1425.889 1447.625 1471.154 1488.567 1505.692 1525.407 1543.832 1559.805 1578.278 1602.456 1623.374 1641.900 1661.572 1675.748 1698.592 1726.729 1753.767 1784.886 1806.476 1820.970 1833.016 1844.888 1862.417 1872.294 1873.940
1351.831 1320.713 1292.198 1281.348 1266.846 1246.946 1228.129 1209.300 1186.180 1166.113 1143.247 1148.428 1162.458 1177.804 1174.476 1172.643 1170.475 1160.260 1147.098 1133.833 1137.590 1153.150 1170.093 1177.964 1184.619 1191.933 1191.640 1183.777 1174.495 1179.243 1192.692 1207.693 1226.525 1246.997 1267.014 1285.727 1306.433 1327.728 1349.262 1372.570 1397.099 1415.377 1436.880 1459.310 1476.244 1486.004 1496.992 1518.243 1534.427 1554.563 1575.315 1591.370 1617.755 1650.060 1688.641 1726.008 1760.758 1776.210 1788.813 1798.923 1814.360 1833.632 1851.826
1235.971 1208.063 1195.519 1179.689 1164.985 1149.637 1130.595 1113.546 1097.148 1076.587 1061.812 1068.422 1082.209 1093.186 1097.449 1095.156 1092.722 1086.065 1072.645 1064.283 1073.183 1088.428 1102.861 1113.202 1119.759 1125.359 1122.312 1113.553 1108.016 1115.521 1130.262 1143.897 1159.529 1179.520 1199.134 1219.240 1240.185 1260.887 1283.805 1307.374 1331.390 1355.396 1376.589 1395.776 1404.666 1413.951 1417.949 1431.016 1446.769 1464.245 1485.184 1507.202 1533.361 1571.293 1610.187 1647.731 1684.434 1713.245 1731.285 1746.508 1765.622 1785.680 1802.392
1160.578 1132.661 1109.127 1095.002 1087.688 1074.899 1057.653 1045.986 1030.542 1015.859 1018.028 1021.171 1032.099 1033.035 1034.129 1031.650 1030.992 1027.449 1018.143 1026.406 1033.689 1047.957 1058.442 1067.783 1073.724 1077.493 1077.430 1071.261 1074.941 1081.327 1095.067 1106.039 1119.895 1139.487 1155.693 1173.787 1194.507 1215.846 1238.163 1261.959 1287.749 1310.642 1328.161 1335.471 1344.346 1347.707 1339.418 1351.044 1363.491 1375.180 1395.178 1415.265 1438.525 1475.498 1518.323 1563.257 1599.739 1639.720 1663.280 1685.777 1707.032 1730.136 1751.318
1074.252 1046.693 1024.938 1018.212 1008.161 997.836 985.938 973.018 963.359 966.011 964.087 963.148 963.784 966.924 970.040 969.482 968.624 970.254 977.992 982.324 987.789 997.623 1008.677 1019.399 1023.165 1027.265 1030.653 1034.675 1037.115 1040.887 1051.531 1062.855 1075.248 1091.141 1107.879 1125.795 1147.052 1168.853 1192.188 1217.556 1243.467 1263.404 1271.762 1280.650 1282.848 1276.588 1270.875 1276.007 1287.002 1295.306 1312.829 1333.430 1347.964 1387.351 1433.953 1475.775 1510.782 1545.183 1580.894 1606.937 1630.936 1661.161 1687.287
1007.184 983.948 967.952 958.213 948.370 938.374 925.850 917.158 916.604 914.470 912.642 910.992 914.406 918.199 922.671 922.660 923.423 926.242 930.569 936.652 945.827 956.575 968.507 983.182 987.777 992.294 997.828 1000.397 1003.454 1007.406 1018.294 1029.669 1041.444 1057.847 1074.990 1093.337 1114.937 1139.797 1168.618 1194.541 1220.135 1242.289 1250.906 1254.518 1252.441 1245.825 1232.490 1230.364 1239.940 1241.735 1252.797 1271.346 1281.204 1311.801 1353.039 1381.664 1415.556 1452.245 1499.967 1527.359 1558.067 1587.904 1617.373
944.020 927.475 908.948 896.480 886.310 877.395 870.717 869.286 866.718 865.221 864.108 862.460 864.559 868.877 872.975 875.222 878.036 881.592 887.924 896.895 905.263 917.052 931.619 946.551 953.022 958.426 964.119 968.173 972.262 975.912 985.777 997.209 1007.785 1024.647 1042.764 1061.405 1086.526 1115.585 1145.083 1170.564 1195.448 1220.376 1223.674 1224.696 1223.959 1209.761 1194.492 1187.759 1189.674 1190.316 1195.261 1206.060 1216.898 1240.256 1265.340 1293.232 1328.072 1374.137 1418.925 1450.338 1479.949 1508.978 1534.261
