tests/3D/Borden05m_nopit_001/output_maps/psiliqL0016N0005.asc
ncols         160
nrows         34
xllcorner     620200.000000
yllcorner     5168000.000000
cellsize      0.500000
NODATA_value  -9999.0
[rows 0 to 27 of 34, columns 0 to 62 of 160]
-9999.000 -9999.000 -9999.000 -9999.000 -9999.000 -9999.000 -9999.000 -9999.000 -9999.000 -9999.000 -9999.000 -9999.000 -9999.000 -9999.000 -9999.000 -9999.000 -9999.000 -9999.000 -9999.000 -9999.000 -9999.000 -9999.000 -9999.000 -9999.000 -9999.000 -9999.000 -9999.000 -9999.000 -9999.000 -9999.000 -9999.000 -9999.000 -9999.000 -9999.000 -9999.000 -9999.000 -9999.000 -9999.000 -9999.000 -9999.000 -9999.000 -9999.000 -9999.000 -9999.000 -9999.000 -9999.000 -9999.000 -9999.000 -9999.000 -9999.000 -9999.000 -9999.000 -9999.000 -9999.000 -9999.000 -9999.000 -9999.000 -9999.000 -9999.000 -9999.000 -9999.000 -9999.000 -9999.000
-9999.000 -9999.000 -9999.000 -9999.000 -9999.000 -9999.000 -9999.000 -9999.000 -9999.000 -9999.000 -9999.000 -9999.000 -9999.000 -9999.000 -9999.000 -9999.000 -9999.000 -9999.000 -9999.000 -9999.000 -9999.000 -9999.000 -9999.000 -9999.000 -9999.000 -9999.000 -9999.000 -9999.000 -9999.000 -9999.000 -9999.000 -9999.000 -9999.000 -9999.000 -9999.000 -9999.000 -9999.000 -9999.000 -9999.000 -9999.000 -9999.000 -9999.000 -9999.000 -9999.000 -9999.000 -9999.000 -9999.000 -9999.000 -9999.000 -9999.000 -9999.000 -9999.000 -9999.000 -9999.000 -9999.000 -9999.000 -9999.000 -9999.000 -9999.000 1400.989 1395.513 1390.318 1385.400
-9999.000 -9999.000 -9999.000 -9999.000 -9999.000 -9999.000 -9999.000 -9999.000 -9999.000 -9999.000 -9999.000 -9999.000 -9999.000 -9999.000 -9999.000 -9999.000 -9999.000 -9999.000 -9999.000 -9999.000 -9999.000 -9999.000 -9999.000 -9999.000 -9999.000 -9999.000 -9999.000 -9999.000 -9999.000 -9999.000 -9999.000 -9999.000 -9999.000 -9999.000 -9999.000 -9999.000 -9999.000 -9999.000 -9999.000 -9999.000 -9999.000 -9999.000 -9999.000 -9999.000 -9999.000 -9999.000 -9999.000 1275.623 1258.229 1242.842 1239.634 1261.360 1284.180 1307.461 1327.513 1345.548 1363.952 1383.898 1387.014 1375.829 1370.851 1367.504 1365.401
-9999.000 -9999.000 -9999.000 -9999.000 -9999.000 -9999.000 -9999.000 -9999.000 -9999.000 -9999.000 -9999.000 -9999.000 -9999.000 -9999.000 -9999.000 -9999.000 -9999.000 -9999.000 -9999.000 -9999.000 -9999.000 -9999.000 -9999.000 -9999.000 -9999.000 -9999.000 -9999.000 -9999.000 -9999.000 -9999.000 -9999.000 -9999.000 -9999.000 -9999.000 -9999.000 -9999.000 -9999.000 -9999.000 -9999.000 -9999.000 1324.682 1330.434 1331.065 1320.472 1308.981 1296.204 1275.925 1258.358 1243.771 1241.119 1243.359 1247.406 1268.991 1293.266 1312.436 1328.628 1347.395 1367.234 1369.786 1359.058 1350.785 1345.183 1345.253
-9999.000 -9999.000 -9999.000 -9999.000 -9999.000 -9999.000 -9999.000 -9999.000 -9999.000 -9999.000 -9999.000 -9999.000 -9999.000 -9999.000 -9999.000 -9999.000 -9999.000 -9999.000 -9999.000 -9999.000 -9999.000 -9999.000 -9999.000 -9999.000 -9999.000 -9999.000 -9999.000 -9999.000 -9999.000 -9999.000 -9999.000 -9999.000 -9999.000 -9999.000 1233.670 1250.753 1268.453 1286.499 1302.901 1309.426 1315.123 1320.524 1315.999 1311.096 1299.362 1279.506 1259.790 1245.995 1243.843 1241.007 1244.657 1256.646 1272.771 1288.026 1308.193 1331.269 1339.867 1350.878 1353.385 1348.097 1349.360 1350.715 1351.834
-9999.000 -9999.000 -9999.000 -9999.000 -9999.000 -9999.000 -9999.000 -9999.000 -9999.000 -9999.000 -9999.000 -9999.000 -9999.000 -9999.000 -9999.000 -9999.000 -9999.000 -9999.000 -9999.000 -9999.000 -9999.000 -9999.000 -9999.000 -9999.000 -9999.000 -9999.000 -9999.000 -9999.000 1239.696 1233.601 1228.332 1226.490 1224.800 1223.394 1229.966 1241.461 1258.834 1280.142 1292.720 1299.531 1305.864 1306.127 1300.492 1298.134 1298.066 1285.612 1273.360 1261.854 1250.654 1248.170 1256.922 1270.342 1285.775 1299.745 1314.276 1322.800 1339.949 1360.196 1367.063 1360.687 1355.534 1352.734 1353.038
-9999.000 -9999.000 -9999.000 -9999.000 -9999.000 -9999.000 -9999.000 -9999.000 -9999.000 -9999.000 -9999.000 -9999.000 -9999.000 -9999.000 -9999.000 -9999.000 -9999.000 -9999.000 -9999.000 -9999.000 -9999.000 -9999.000 -9999.000 1210.960 1216.359 1222.594 1229.774 1230.394 1226.285 1220.447 1217.140 1215.253 1212.975 1217.005 1224.375 1237.278 1252.385 1273.722 1281.611 1286.688 1298.125 1300.473 1306.032 1309.438 1307.036 1303.226 1289.485 1278.940 1282.530 1287.108 1292.973 1300.033 1312.392 1326.285 1342.002 1360.502 1380.286 1399.369 1413.699 1407.231 1398.768 1388.493 1388.435
-9999.000 -9999.000 -9999.000 -9999.000 -9999.000 -9999.000 -9999.000 -9999.000 -9999.000 -9999.000 -9999.000 -9999.000 -9999.000 -9999.000 -9999.000 -9999.000 -9999.000 -9999.000 -9999.000 1186.813 1187.568 1188.545 1192.975 1193.468 1195.224 1201.788 1209.493 1211.537 1209.297 1207.504 1208.479 1210.594 1214.368 1224.821 1237.831 1251.189 1264.017 1283.988 1297.781 1310.211 1325.164 1323.839 1319.027 1316.333 1315.775 1314.638 1316.574 1317.448 1322.487 1325.177 1329.694 1337.659 1347.854 1364.261 1382.049 1399.647 1415.277 1431.884 1448.663 1442.158 1430.965 1416.378 1414.620
-9999.000 -9999.000 -9999.000 -9999.000 -9999.000 -9999.000 -9999.000 -9999.000 -9999.000 -9999.000 -9999.000 -9999.000 -9999.000 -9999.000 -9999.000 -9999.000 1158.610 1160.237 1162.196 1167.354 1170.068 1173.675 1180.210 1181.071 1184.294 1190.881 1195.102 1203.372 1210.825 1217.390 1222.568 1224.373 1230.751 1239.336 1250.091 1263.984 1284.033 1305.975 1320.880 1336.423 1352.286 1351.680 1349.275 1349.011 1347.835 1351.891 1367.286 1371.040 1369.510 1383.083 1394.987 1397.997 1403.784 1421.061 1442.416 1462.175 1487.859 1506.045 1525.871 1523.507 1504.665 1494.251 1497.595
-9999.000 -9999.000 -9999.000 -9999.000 -9999.000 -9999.000 -9999.000 -9999.000 -9999.000 -9999.000 -9999.000 -9999.000 -9999.000 1112.604 1116.467 1125.787 1135.070 1137.314 1141.295 1147.009 1158.691 1161.759 1167.331 1174.178 1185.464 1193.312 1201.585 1212.515 1219.910 1226.078 1231.910 1235.920 1247.621 1261.308 1275.404 1293.924 1314.309 1332.843 1351.240 1365.455 1377.178 1376.795 1374.239 1374.922 1380.369 1394.974 1411.478 1417.173 1431.954 1452.522 1463.451 1472.409 1478.604 1489.891 1508.759 1539.794 1572.692 1597.717 1609.822 1620.428 1612.378 1612.152 1615.133
-9999.000 -9999.000 -9999.000 -9999.000 -9999.000 -9999.000 -9999.000 -9999.000 -9999.000 -9999.000 1081.567 1083.477 1079.613 1078.568 1083.322 1094.965 1108.267 1114.104 1125.112 1145.399 1162.548 1165.168 1178.633 1187.894 1193.645 1202.990 1214.948 1226.430 1241.731 1252.722 1262.433 1279.906 1294.626 1309.381 1325.243 1343.582 1360.779 1386.349 1410.826 1420.895 1440.215 1447.938 1442.994 1440.875 1447.817 1460.956 1478.997 1498.964 1517.932 1540.502 1554.672 1566.688 1575.030 1584.861 1598.216 1631.863 1670.858 1699.191 1719.870 1733.076 1733.490 1734.739 1736.046
-9999.000 -9999.000 -9999.000 -9999.000 -9999.000 -9999.000 -9999.000 -9999.000 1057.708 1064.837 1070.418 1066.908 1061.857 1057.041 1070.221 1085.267 1100.505 1117.370 1132.391 1149.586 1163.588 1178.439 1197.050 1207.318 1217.476 1231.345 1243.459 1258.709 1278.212 1288.516 1302.588 1321.685 1337.784 1353.461 1369.839 1385.377 1408.363 1438.678 1467.402 1486.465 1511.422 1531.063 1527.377 1527.044 1528.749 1551.577 1577.933 1605.753 1627.644 1651.989 1678.900 1694.831 1703.179 1713.395 1726.177 1743.395 1770.500 1798.092 1826.922 1843.472 1848.906 1847.802 1848.244
-9999.000 -9999.000 -9999.000 -9999.000 -9999.000 -9999.000 1031.302 1055.220 1069.755 1061.210 1050.085 1045.500 1040.350 1063.851 1084.905 1101.164 1116.987 1133.467 1148.733 1159.761 1191.426 1207.837 1220.204 1235.906 1248.724 1261.509 1276.919 1297.998 1317.088 1343.383 1365.444 1385.809 1408.989 1425.646 1441.401 1456.108 1483.704 1517.326 1550.356 1575.421 1599.230 1627.104 1630.640 1633.360 1637.297 1656.124 1685.427 1713.122 1744.080 1773.540 1798.223 1807.869 1816.074 1825.213 1836.531 1846.557 1859.460 1884.220 1910.100 1932.841 1948.005 1950.471 1954.865
-9999.000 -9999.000 -9999.000 -9999.000 998.951 1019.549 1038.895 1068.924 1090.715 1084.935 1090.399 1089.239 1085.948 1088.725 1094.615 1111.248 1128.491 1145.911 1161.600 1193.626 1235.993 1248.808 1269.956 1299.300 1310.399 1323.243 1337.044 1357.206 1380.069 1409.624 1448.709 1481.386 1503.179 1522.213 1539.744 1557.569 1588.058 1621.913 1655.046 1685.512 1711.840 1734.697 1743.831 1748.839 1758.041 1772.157 1791.349 1816.299 1845.479 1875.254 1897.982 1909.102 1914.872 1923.620 1931.956 1941.960 1952.337 1967.748 1987.587 2015.616 2034.941 2045.071 2053.318
-9999.000 -9999.000 -9999.000 949.320 987.766 1025.372 1051.596 1081.643 1112.846 1115.813 1123.478 1126.360 1128.910 1135.406 1141.558 1156.755 1171.254 1185.593 1205.320 1239.123 1270.635 1295.984 1324.420 1346.806 1363.589 1376.208 1391.773 1412.100 1447.864 1480.522 1526.042 1574.603 1606.675 1626.507 1644.961 1668.484 1689.791 1722.638 1753.939 1783.657 1812.073 1833.622 1849.183 1854.130 1861.543 1867.801 1881.597 1901.029 1921.013 1948.152 1974.775 1998.258 2010.925 2019.717 2034.520 2049.574 2061.304 2074.140 2066.269 2078.780 2085.183 2088.177 2091.008
-9999.000 -9999.000 902.298 940.088 973.444 1022.634 1074.767 1108.197 1147.593 1169.286 1173.865 1188.139 1201.324 1205.501 1217.811 1231.945 1247.568 1251.934 1266.268 1291.669 1336.128 1376.196 1390.343 1435.650 1464.698 1489.278 1503.926 1526.936 1558.663 1594.952 1638.343 1683.656 1717.295 1744.042 1756.841 1772.791 1791.583 1812.454 1843.461 1868.963 1897.873 1921.299 1940.454 1944.555 1947.497 1961.558 1984.645 2009.386 2032.790 2055.600 2055.794 2067.944 2073.304 2076.295 2080.998 2084.220 2085.772 2084.859 2083.265 2077.323 2071.594 2070.936 2074.856
-9999.000 -9999.000 875.148 919.977 959.054 1023.701 1103.146 1138.587 1179.425 1223.124 1238.778 1260.105 1266.990 1271.104 1290.609 1308.823 1318.837 1322.393 1317.910 1368.777 1421.635 1464.075 1501.279 1564.327 1606.049 1619.802 1629.217 1646.097 1666.206 1704.380 1746.210 1794.494 1833.501 1860.476 1873.056 1888.277 1905.219 1919.586 1935.970 1973.490 1999.538 2023.849 2049.412 2068.116 2075.065 2077.642 2064.469 2074.496 2081.296 2084.229 2085.214 2081.713 2080.986 2081.630 2082.572 2077.559 2071.044 2064.560 2059.661 2053.328 2047.960 2046.405 2048.836
-9999.000 786.005 837.976 890.436 958.130 1023.719 1104.541 1182.039 1237.736 1282.742 1308.188 1314.633 1342.937 1379.075 1400.068 1421.500 1421.067 1422.968 1408.145 1452.207 1495.038 1560.477 1662.229 1713.633 1755.922 1753.842 1745.074 1753.357 1772.568 1812.330 1876.291 1920.531 1971.151 2008.781 2021.275 2025.698 2040.901 2058.482 2039.356 2062.644 2072.944 2081.539 2084.149 2085.333 2085.995 2085.872 2082.501 2076.027 2068.246 2062.702 2058.674 2054.172 2056.582 2059.859 2060.621 2054.025 2046.502 2039.127 2031.902 2025.314 2019.519 2015.623 2013.876
-9999.000 750.168 809.138 879.769 949.587 1013.844 1113.117 1256.348 1308.066 1341.918 1358.708 1371.172 1441.157 1500.928 1528.877 1568.401 1557.758 1542.856 1522.626 1549.485 1592.013 1659.328 1797.771 1876.780 1903.713 1911.494 1915.213 1939.057 1973.455 2007.744 2039.095 2032.695 2059.402 2072.076 2074.725 2075.095 2077.939 2077.175 2074.794 2070.782 2065.944 2066.040 2070.017 2069.788 2067.029 2064.001 2058.526 2051.091 2045.679 2041.091 2038.376 2035.429 2033.845 2033.874 2029.713 2024.538 2015.791 2006.472 1997.509 1987.738 1977.887 1972.294 1974.493
-9999.000 719.212 790.588 852.965 914.877 1025.227 1149.609 1283.054 1372.512 1405.476 1418.604 1477.979 1572.150 1662.463 1708.205 1728.000 1722.746 1694.730 1691.020 1730.271 1789.948 1878.565 1969.814 2044.022 2054.658 2056.424 2031.376 2044.854 2057.346 2058.828 2059.415 2062.719 2067.432 2069.914 2068.494 2065.640 2060.990 2053.111 2048.215 2044.865 2041.326 2040.692 2043.101 2044.287 2041.729 2037.956 2033.524 2027.931 2021.864 2015.350 2011.465 2007.572 2005.607 2000.936 1997.075 1991.591 1977.580 1964.412 1951.193 1939.453 1927.732 1914.837 1916.867
-9999.000 616.906 705.888 758.630 867.671 1041.925 1166.580 1312.065 1455.648 1487.542 1553.128 1667.973 1767.369 1834.869 1867.857 1902.832 1926.213 1944.159 1974.484 1919.579 1973.710 2030.645 2054.145 2064.335 2065.562 2065.757 2057.163 2037.632 2027.169 2020.444 2022.035 2029.137 2034.309 2039.499 2037.327 2037.877 2037.995 2034.534 2030.784 2022.599 2015.031 2009.172 2007.142 2012.245 2007.494 2004.598 1998.816 1991.028 1982.665 1975.403 1968.037 1961.726 1959.405 1954.381 1953.353 1945.479 1917.897 1899.053 1883.417 1866.814 1845.596 1826.656 1825.612
-9999.000 536.061 612.110 697.418 831.409 994.036 1117.513 1280.170 1486.891 1599.458 1721.214 1788.552 1854.230 1906.008 1960.284 2001.318 2021.346 2027.497 2011.199 2019.812 1983.903 1973.991 1988.894 2013.458 2025.836 2029.082 2020.507 2010.092 2002.928 2001.801 2000.302 1998.301 1996.105 1993.648 1990.503 1992.541 1997.113 1990.923 1982.257 1974.051 1966.613 1958.304 1952.856 1949.374 1948.639 1948.692 1941.555 1931.622 1921.496 1913.776 1906.685 1901.774 1899.705 1895.320 1887.811 1876.159 1849.532 1824.401 1803.219 1776.873 1737.788 1724.918 1718.001
-9999.000 435.103 557.352 648.831 766.636 901.214 1022.995 1182.144 1324.240 1540.526 1689.257 1799.359 1835.492 1889.059 1940.739 2002.321 2001.330 1969.043 1932.673 1915.205 1918.713 1925.588 1935.500 1952.059 1967.886 1976.508 1978.443 1970.912 1957.112 1947.132 1939.567 1929.085 1921.610 1920.179 1921.435 1928.955 1930.865 1921.893 1909.025 1892.950 1878.974 1868.448 1865.887 1867.634 1868.058 1864.758 1858.605 1848.669 1836.826 1825.692 1819.268 1814.714 1808.496 1799.207 1789.005 1777.552 1753.913 1734.008 1711.776 1675.759 1634.726 1601.232 1584.382
-9999.000 -9999.000 480.780 591.157 696.953 817.277 927.882 1065.628 1210.883 1385.642 1497.069 1626.977 1696.098 1735.925 1777.924 1827.335 1842.779 1859.960 1842.237 1844.795 1849.001 1852.165 1858.614 1867.091 1878.177 1886.904 1894.173 1891.524 1882.321 1864.683 1843.685 1827.605 1818.622 1811.414 1821.071 1832.505 1829.240 1822.756 1811.052 1795.722 1783.206 1769.820 1766.385 1766.867 1767.318 1764.926 1761.313 1749.320 1737.349 1726.661 1722.184 1716.959 1712.731 1703.130 1692.921 1682.020 1662.152 1640.105 1615.572 1577.342 1538.917 1499.849 1461.104
-9999.000 -9999.000 395.989 503.890 616.449 738.175 835.199 901.196 1048.448 1159.030 1258.779 1353.178 1431.615 1489.957 1527.063 1583.096 1621.761 1634.294 1653.636 1683.475 1707.222 1733.561 1749.877 1759.854 1771.801 1783.939 1791.538 1779.006 1768.018 1751.647 1730.572 1707.454 1695.592 1692.719 1694.545 1699.156 1693.420 1684.390 1670.599 1655.844 1643.519 1633.070 1629.430 1626.032 1624.888 1622.478 1620.139 1612.968 1603.144 1596.916 1589.580 1584.944 1583.261 1578.350 1571.153 1567.210 1553.730 1530.242 1504.475 1475.140 1440.921 1414.806 1385.333
-9999.000 -9999.000 -9999.000 441.303 530.417 595.200 689.647 746.385 802.466 902.089 1007.394 1119.405 1181.195 1230.943 1281.303 1323.776 1362.941 1393.091 1426.310 1486.235 1523.793 1564.225 1602.179 1620.544 1634.040 1649.046 1650.935 1642.011 1633.023 1618.208 1595.080 1572.923 1563.643 1567.856 1566.024 1564.398 1558.684 1555.694 1547.182 1536.279 1524.340 1518.462 1514.898 1509.843 1505.742 1502.029 1498.837 1495.235 1488.841 1481.257 1477.535 1476.513 1473.983 1471.610 1466.815 1460.426 1453.158 1427.261 1404.075 1383.407 1355.279 1325.698 1299.537
-9999.000 -9999.000 -9999.000 -9999.000 -9999.000 439.923 542.630 638.259 699.535 751.044 824.767 923.939 966.111 1016.209 1072.534 1117.738 1166.099 1215.543 1276.218 1315.981 1368.244 1401.686 1439.031 1477.320 1490.507 1502.251 1510.257 1501.693 1493.268 1482.080 1459.204 1447.068 1446.240 1446.551 1446.612 1443.411 1438.750 1433.783 1429.719 1417.631 1409.677 1406.555 1402.811 1399.101 1394.605 1391.333 1388.543 1387.072 1379.665 1376.483 1380.059 1378.140 1376.123 1374.775 1369.045 1361.861 1354.196 1332.114 1315.078 1303.478 1273.110 1249.760 1232.944
-9999.000 -9999.000 -9999.000 -9999.000 -9999.000 -9999.000 399.224 493.899 565.674 638.570 718.562 781.572 807.954 845.203 892.763 954.876 1025.333 1080.267 1123.276 1164.548 1209.171 1247.287 1282.201 1321.399 1338.044 1347.588 1360.943 1355.585 1347.654 1341.580 1330.972 1334.345 1328.907 1328.680 1327.782 1327.376 1321.746 1316.374 1312.457 1307.319 1305.310 1300.282 1296.508 1292.785 1288.441 1284.520 1281.957 1279.845 1277.235 1281.244 1282.197 1281.802 1280.172 1277.765 1271.060 1262.461 1254.606 1242.477 1231.091 1218.820 1198.772 1182.755 1163.654
