tests/3D/Borden05m_nopit_001/output_maps/psiliqL0011N0026.asc
ncols         160
nrows         34
xllcorner     620200.000000
yllcorner     5168000.000000
cellsize      0.500000
NODATA_value  -9999.0
[rows 0 to 28 of 34, columns 65 to 129 of 160]
-9999.000 -9999.000 -9999.000 -9999.000 -9999.000 -9999.000 -9999.000 -9999.000 -9999.000 -9999.000 -9999.000 -9999.000 -9999.000 -9999.000 -9999.000 -9999.000 -9999.000 -9999.000 -9999.000 -9999.000 -9999.000 -9999.000 -9999.000 -9999.000 -9999.000 -9999.000 -9999.000 -9999.000 -9999.000 -9999.000 -9999.000 -9999.000 -9999.000 -9999.000 -9999.000 -9999.000 -9999.000 -9999.000 -9999.000 -9999.000 -9999.000 -9999.000 -9999.000 -9999.000 -9999.000 -9999.000 -9999.000 -9999.000 -9999.000 -9999.000 -9999.000 -9999.000 -9999.000 -9999.000 -9999.000 -9999.000 -9999.000 -9999.000 -9999.000 -9999.000 -9999.000 -9999.000 -9999.000 -9999.000 -9999.000
359.008 354.823 353.698 352.671 352.081 357.162 364.950 372.409 379.443 381.696 383.999 386.154 386.549 385.191 381.867 378.503 375.037 373.493 365.254 353.805 344.898 342.114 346.560 351.058 353.592 359.599 370.458 381.390 390.046 401.980 407.792 413.101 416.406 412.610 409.360 405.897 401.218 390.358 -9999.000 -9999.000 -9999.000 -9999.000 -9999.000 -9999.000 -9999.000 -9999.000 -9999.000 -9999.000 -9999.000 -9999.000 -9999.000 -9999.000 -9999.000 -9999.000 -9999.000 -9999.000 -9999.000 -9999.000 -9999.000 -9999.000 -9999.000 -9999.000 -9999.000 -9999.000 -9999.000
346.502 340.814 338.779 338.562 338.398 342.340 352.182 359.982 364.594 366.909 369.302 369.048 368.413 367.948 364.958 361.451 357.984 356.125 356.317 348.661 343.198 339.807 338.321 340.806 343.188 346.464 356.098 364.416 372.757 387.101 399.609 405.034 402.843 398.145 394.735 388.533 378.926 368.780 358.793 351.940 346.794 341.655 348.032 354.846 365.178 375.333 387.515 399.762 -9999.000 -9999.000 -9999.000 -9999.000 -9999.000 -9999.000 -9999.000 -9999.000 -9999.000 -9999.000 -9999.000 -9999.000 -9999.000 -9999.000 -9999.000 -9999.000 -9999.000
339.269 334.324 342.173 343.119 343.988 346.989 350.006 352.578 355.161 360.309 369.083 371.571 371.919 371.891 369.926 366.698 364.805 361.956 356.671 355.566 355.828 355.629 360.657 362.138 363.736 356.993 360.545 366.889 373.884 380.782 387.795 392.314 389.442 388.787 380.878 367.550 356.733 348.542 346.673 343.841 336.442 324.361 331.714 347.564 352.485 356.239 368.225 380.634 390.936 393.154 392.923 392.677 390.159 376.438 361.873 347.181 328.663 -9999.000 -9999.000 -9999.000 -9999.000 -9999.000 -9999.000 -9999.000 -9999.000
344.310 356.513 365.472 366.782 369.309 372.514 371.377 359.091 356.380 364.536 374.668 380.251 380.195 379.905 377.881 376.699 376.114 373.698 374.466 376.817 376.960 381.661 387.217 390.028 381.953 372.907 373.712 381.549 389.756 397.291 408.311 420.091 419.342 414.164 405.795 392.833 370.054 350.966 340.786 334.398 327.812 327.920 325.693 337.048 339.137 341.243 349.892 360.393 370.727 376.714 376.349 375.949 373.681 364.352 349.767 335.154 318.601 293.283 265.008 238.393 237.229 261.021 284.772 -9999.000 -9999.000
368.656 381.770 395.818 397.883 399.899 399.137 389.524 379.076 374.865 389.469 405.114 413.022 413.460 412.982 420.124 418.223 415.890 410.551 412.564 414.407 424.730 432.075 438.835 436.949 425.176 414.133 412.593 415.161 418.105 424.396 435.009 445.313 440.876 434.292 424.925 397.094 370.551 354.514 355.709 356.703 352.625 350.112 347.275 340.581 340.633 340.369 340.205 352.474 365.048 368.693 362.705 359.208 357.121 348.672 337.825 322.681 305.944 287.210 259.178 252.410 244.162 266.188 289.976 310.920 335.357
414.618 431.564 454.598 456.923 459.684 462.464 451.227 438.871 427.282 443.853 453.416 461.802 463.782 473.904 483.517 478.516 470.035 459.932 466.034 478.346 492.970 499.210 502.615 501.989 491.603 486.270 484.478 486.142 483.415 487.557 498.475 514.070 514.533 505.718 484.268 449.141 415.775 395.733 401.722 396.040 390.514 387.415 374.228 363.872 364.459 355.541 349.862 361.726 368.133 370.087 363.751 369.325 361.887 343.541 326.466 311.147 296.842 281.662 274.613 265.408 257.710 270.353 290.508 310.419 335.134
460.629 482.656 505.512 514.060 517.805 526.463 519.655 510.305 501.659 510.400 522.182 533.507 543.304 555.369 566.523 557.930 546.732 542.317 546.830 564.873 580.608 585.409 586.917 590.295 582.692 576.036 569.067 563.268 557.347 553.400 570.665 586.786 585.893 563.928 541.605 508.289 473.013 441.899 441.013 440.361 440.440 426.586 412.411 396.187 387.094 379.015 365.313 370.990 376.797 387.193 396.754 397.328 381.007 363.706 344.504 325.955 311.735 306.799 301.575 291.965 285.529 291.905 305.936 320.619 332.552
552.625 576.007 606.635 627.705 646.565 649.920 640.786 631.485 617.998 614.326 629.391 640.691 651.069 661.586 673.389 679.445 677.468 677.032 679.702 685.205 692.713 699.047 704.622 710.594 708.807 699.452 692.596 683.722 676.538 674.278 675.924 686.012 685.296 662.881 638.064 609.198 575.314 546.559 529.968 536.074 526.026 510.056 491.669 458.033 442.142 427.370 399.117 395.676 405.431 419.140 428.456 413.365 397.117 378.762 358.395 338.904 332.262 330.948 327.955 322.037 319.398 324.393 337.661 340.703 351.443
656.656 687.076 719.950 747.919 770.660 778.371 767.929 757.915 746.105 736.381 738.840 751.973 767.708 782.842 793.576 797.271 796.065 796.276 797.859 800.600 803.092 808.479 815.368 825.378 836.742 831.935 815.746 803.399 789.508 784.438 783.172 781.352 782.081 777.371 749.949 724.475 695.252 667.822 648.458 635.240 618.463 599.363 557.947 520.805 488.808 463.380 436.970 435.165 459.850 489.938 483.848 472.456 455.612 431.253 407.034 382.774 376.277 373.552 368.239 361.821 356.123 351.251 354.811 357.810 369.710
774.639 794.813 829.349 863.943 891.658 895.278 886.139 875.661 864.928 854.790 851.319 857.903 867.826 882.665 893.841 903.770 903.436 903.816 903.911 905.740 907.333 908.845 915.187 926.193 936.702 938.141 926.152 909.855 892.934 885.642 879.780 874.627 875.224 876.710 872.102 850.062 817.444 777.574 752.455 733.113 722.323 709.303 689.239 644.339 618.836 587.931 556.233 536.511 575.247 574.108 563.715 548.900 525.135 499.335 474.250 448.842 440.220 435.094 427.473 421.286 412.904 402.695 399.042 393.873 391.746
889.371 904.701 925.574 951.724 976.455 992.949 989.430 977.667 961.334 956.828 955.724 957.287 963.124 970.049 984.403 999.224 1004.377 1005.044 1002.658 1004.562 1005.517 1005.511 1006.170 1010.166 1016.624 1019.036 1014.937 1000.302 981.438 967.317 958.971 954.863 952.999 954.341 954.207 944.222 918.518 884.208 852.976 832.429 818.318 807.167 798.760 784.292 769.640 743.066 703.940 670.832 669.770 661.010 650.031 626.660 598.994 574.671 543.580 514.140 496.966 490.629 484.985 477.398 466.186 455.587 449.048 435.750 428.183
997.589 1014.855 1027.079 1042.047 1061.474 1072.772 1078.183 1078.711 1077.910 1079.755 1079.859 1060.162 1062.555 1064.881 1070.274 1076.920 1078.987 1079.187 1078.383 1079.296 1079.535 1079.706 1079.367 1078.940 1080.539 1081.148 1080.387 1074.962 1075.532 1059.555 1048.338 1041.351 1034.168 1026.104 1017.209 1008.499 994.249 969.933 939.173 913.363 903.229 898.310 893.735 890.133 877.361 858.653 831.584 796.618 764.193 755.418 740.480 714.813 693.943 678.748 645.871 613.410 590.299 581.804 565.603 548.394 533.530 516.467 500.354 483.620 467.257
1086.544 1083.107 1085.736 1088.458 1091.162 1092.090 1092.356 1092.233 1090.089 1089.843 1088.367 1083.635 1074.474 1075.940 1077.348 1079.796 1083.232 1081.876 1082.746 1085.621 1084.194 1078.904 1075.472 1073.919 1074.265 1081.228 1084.234 1084.969 1084.393 1083.783 1083.460 1082.374 1081.019 1079.111 1076.673 1078.113 1069.026 1047.805 1017.777 985.960 972.737 968.927 970.582 968.698 963.906 947.252 922.661 889.757 854.711 839.947 828.057 817.399 807.330 793.565 758.938 723.554 696.548 679.036 653.963 633.874 615.491 594.058 575.826 556.772 533.805
1092.159 1088.719 1084.207 1083.097 1081.904 1079.621 1080.313 1078.445 1074.705 1071.439 1065.484 1055.181 1044.036 1041.768 1046.391 1051.245 1055.356 1058.266 1061.452 1062.720 1058.240 1050.731 1043.952 1042.043 1048.298 1053.694 1058.591 1059.191 1057.842 1055.973 1056.284 1054.036 1054.570 1060.726 1073.296 1079.409 1081.255 1080.964 1075.665 1066.089 1056.028 1037.564 1041.160 1037.260 1026.814 1007.527 985.823 958.921 932.716 909.888 902.481 898.123 892.591 883.951 851.983 819.895 789.538 765.869 740.912 717.924 696.658 675.049 652.793 629.041 605.293
1077.295 1069.470 1062.989 1056.753 1054.954 1053.793 1053.256 1053.444 1048.443 1041.283 1026.827 1015.702 1004.806 998.983 997.508 1002.706 1012.080 1020.994 1025.453 1019.349 1012.311 1002.187 994.375 994.603 997.000 1005.650 1018.663 1022.502 1023.039 1018.168 1013.980 1008.184 1006.202 1012.684 1026.838 1041.022 1053.607 1061.073 1067.887 1073.861 1078.224 1079.040 1079.458 1078.715 1076.852 1062.772 1043.609 1021.853 999.646 975.033 968.532 966.436 962.639 960.668 934.438 901.822 869.901 842.519 817.140 794.471 772.585 749.335 724.772 700.886 673.739
1044.722 1035.177 1025.035 1016.016 1010.604 1011.666 1014.024 1015.102 1009.348 995.859 979.497 966.807 953.550 949.913 945.527 942.097 952.622 968.956 974.857 962.124 952.715 939.064 931.798 928.926 930.482 939.659 958.476 976.408 977.215 967.636 958.187 953.087 950.178 956.185 973.358 991.866 1005.336 1013.898 1018.923 1026.442 1035.337 1046.572 1058.750 1068.899 1077.464 1080.371 1078.911 1074.697 1061.690 1042.760 1030.111 1020.796 1015.512 1007.509 987.479 961.798 936.472 910.681 889.224 871.027 846.966 821.820 797.321 768.094 736.312
1002.937 990.472 979.463 968.763 956.399 953.910 952.007 954.416 944.172 934.439 916.609 902.031 887.209 877.770 872.377 866.990 872.017 887.528 896.533 883.052 872.922 860.094 853.865 850.586 852.260 862.166 883.997 902.058 908.233 899.797 893.618 890.273 888.354 892.890 906.423 924.934 944.068 958.281 966.389 973.210 982.432 995.775 1008.592 1021.362 1037.118 1055.470 1068.811 1077.259 1081.121 1080.619 1077.938 1073.421 1064.216 1053.807 1037.517 1015.244 989.598 964.284 947.319 930.799 914.378 888.579 859.667 830.199 797.542
953.991 910.653 894.608 878.445 864.853 860.629 854.674 848.796 840.702 834.832 827.920 813.256 796.803 781.624 776.957 773.143 765.415 771.201 774.657 777.487 770.152 763.970 761.384 758.762 761.904 775.183 786.915 796.863 802.192 799.272 804.498 809.086 810.961 824.894 836.833 852.819 872.449 893.883 905.237 913.351 923.011 937.259 952.551 968.504 989.342 1012.043 1026.384 1036.251 1047.089 1058.479 1071.143 1079.544 1084.032 1083.219 1078.119 1058.487 1034.745 1014.697 997.394 983.116 969.720 950.923 916.998 887.146 855.985
877.799 837.510 807.456 791.269 771.488 762.261 753.408 730.034 717.611 712.404 717.531 708.429 692.339 679.033 671.806 666.019 654.125 646.528 651.227 662.805 657.959 655.851 659.450 657.422 654.048 659.771 673.592 681.044 689.615 699.152 701.967 708.711 732.146 743.908 757.028 775.138 794.976 815.624 833.665 845.062 857.917 875.055 890.308 909.489 931.352 957.977 975.705 988.527 998.754 1009.106 1023.455 1041.657 1057.310 1072.351 1082.640 1082.721 1078.292 1057.992 1041.520 1026.987 1018.288 997.492 969.246 940.353 909.575
775.486 737.533 709.954 690.380 668.840 653.042 629.284 600.549 582.515 588.542 596.599 597.640 584.638 572.862 563.680 551.144 536.688 526.041 534.530 542.985 550.323 553.364 556.764 558.717 557.223 552.800 558.023 565.831 574.878 583.678 594.698 621.238 643.287 657.980 676.149 694.046 714.550 736.163 755.355 769.335 785.860 803.292 822.450 841.761 865.095 892.517 914.769 928.419 940.979 953.517 971.136 992.544 1012.934 1034.816 1054.034 1064.901 1076.410 1083.917 1081.552 1067.684 1054.997 1037.989 1015.738 985.599 957.707
658.004 625.568 604.224 582.594 561.675 537.910 509.754 485.520 467.544 475.433 483.286 494.863 483.843 473.443 467.944 454.042 440.792 427.008 434.780 444.422 460.839 464.563 467.630 473.985 472.460 469.651 460.767 468.528 477.564 489.461 514.598 537.152 558.806 577.437 595.200 615.017 636.344 657.913 680.648 697.553 714.279 733.624 752.098 769.056 788.767 813.359 834.459 852.152 870.940 885.064 907.414 934.747 960.497 990.414 1010.933 1025.220 1037.333 1049.395 1066.231 1076.701 1077.321 1072.148 1050.117 1028.167 1001.469
518.374 503.139 487.286 466.883 447.676 428.626 404.600 383.636 361.352 366.166 379.221 393.655 388.212 385.047 382.425 371.682 358.529 345.338 349.063 363.964 380.468 387.432 393.664 400.836 400.598 393.529 384.687 389.593 402.454 417.235 436.879 457.618 477.684 496.101 516.499 537.684 559.112 582.265 606.366 623.894 645.012 667.140 684.698 695.318 708.054 730.474 747.138 767.003 787.277 802.797 829.140 860.746 898.285 934.745 967.422 981.952 994.395 1004.683 1020.301 1039.251 1056.582 1070.594 1069.632 1065.660 1049.070
413.645 397.042 381.139 364.823 345.725 327.856 310.284 289.571 272.444 278.475 292.161 304.110 307.111 304.541 301.880 294.636 281.308 271.110 279.508 294.774 309.534 319.388 325.843 331.711 328.747 320.271 313.785 321.183 335.837 349.807 366.144 386.304 406.235 426.280 447.173 467.919 490.818 514.349 538.157 561.506 582.816 602.848 612.391 622.225 628.590 643.149 659.449 677.720 698.618 720.178 747.013 784.750 823.064 859.793 895.325 921.491 938.872 953.573 972.703 992.703 1009.244 1022.866 1035.030 1045.720 1050.162
323.818 308.274 299.841 286.412 268.422 255.992 240.073 222.999 223.168 226.836 238.755 240.672 241.631 238.947 238.101 233.855 223.092 229.781 237.372 252.029 262.745 271.976 278.051 281.992 281.523 274.646 277.562 284.286 298.316 309.522 323.910 343.827 360.277 378.631 399.400 420.765 443.186 466.957 492.595 515.533 533.695 541.947 551.426 556.299 549.888 562.551 575.750 588.691 609.036 629.459 654.433 691.546 733.727 777.482 813.668 851.650 873.663 895.391 916.650 939.197 959.839 976.260 988.137 989.264 994.417
235.655 227.632 217.551 206.786 194.286 181.152 169.889 170.708 168.694 168.254 169.833 172.961 175.755 174.972 174.003 174.974 181.353 185.608 191.095 201.342 212.346 222.649 226.524 230.605 233.557 236.924 239.308 243.347 254.300 265.673 278.379 294.623 311.391 329.456 350.774 372.426 395.565 420.938 446.651 466.313 475.210 484.438 487.551 482.397 477.579 484.263 495.682 505.432 524.055 544.826 562.096 602.846 649.144 691.730 726.633 760.999 793.813 819.416 842.989 872.751 898.154 924.162 939.829 945.292 949.578
174.846 165.119 155.289 145.222 132.323 122.500 120.950 118.806 116.905 115.407 118.850 122.566 126.892 126.635 127.126 129.774 134.015 139.815 148.844 159.582 171.350 185.611 190.026 194.485 199.839 202.332 205.312 209.372 220.429 231.819 243.792 260.295 277.436 295.935 317.541 342.309 370.932 396.759 422.205 443.734 452.374 456.370 454.587 448.620 436.193 435.020 445.433 448.340 460.817 480.307 491.901 525.718 568.623 598.634 632.758 668.722 714.177 740.906 771.382 801.510 831.023 859.814 874.905 882.605 891.429
114.697 102.446 92.272 82.879 75.157 73.056 70.250 68.528 67.343 65.828 68.183 72.414 76.509 78.521 81.170 84.274 90.328 99.204 107.706 119.485 133.946 148.630 154.732 160.063 165.569 169.413 173.454 177.227 187.305 198.804 209.821 226.860 244.961 263.433 288.636 317.691 346.961 372.286 397.136 421.427 424.775 426.007 425.347 411.883 396.737 390.933 393.516 394.437 401.599 413.326 424.999 451.326 478.659 507.727 543.014 588.649 633.474 664.049 694.127 723.811 750.204 771.214 789.435 803.198 817.250
61.811 47.476 38.554 34.791 33.107 29.826 30.548 31.742 30.487 27.022 26.578 31.400 35.210 37.783 41.043 51.230 61.018 68.556 75.621 88.054 102.352 117.701 127.407 133.429 142.476 149.695 153.775 156.423 165.339 175.592 180.654 196.504 214.820 242.239 272.666 302.442 333.215 359.532 384.513 406.984 407.224 407.312 406.659 390.940 375.451 357.959 361.146 362.487 350.459 362.951 374.705 391.500 418.274 442.847 479.929 524.020 558.028 588.038 617.809 645.682 666.831 686.264 701.583 718.960 733.029
