tests/3D/Borden05m_nopit_001/output_maps/psiliqL0013N0016.asc
ncols         160
nrows         34
xllcorner     620200.000000
yllcorner     5168000.000000
cellsize      0.500000
NODATA_value  -9999.0
[rows 0 to 27 of 34, columns 64 to 127 of 160]
-9999.000 -9999.000 -9999.000 -9999.000 -9999.000 -9999.000 -9999.000 -9999.000 -9999.000 -9999.000 -9999.000 -9999.000 -9999.000 -9999.000 -9999.000 -9999.000 -9999.000 -9999.000 -9999.000 -9999.000 -9999.000 -9999.000 -9999.000 -9999.000 -9999.000 -9999.000 -9999.000 -9999.000 -9999.000 -9999.000 -9999.000 -9999.000 -9999.000 -9999.000 -9999.000 -9999.000 -9999.000 -9999.000 -9999.000 -9999.000 -9999.000 -9999.000 -9999.000 -9999.000 -9999.000 -9999.000 -9999.000 -9999.000 -9999.000 -9999.000 -9999.000 -9999.000 -9999.000 -9999.000 -9999.000 -9999.000 -9999.000 -9999.000 -9999.000 -9999.000 -9999.000 -9999.000 -9999.000 -9999.000
767.448 758.844 754.655 753.520 752.511 751.909 756.953 764.769 772.240 779.244 781.511 783.812 785.918 786.285 784.949 781.630 778.262 774.801 773.231 765.107 753.699 744.870 742.097 746.506 750.982 753.506 759.401 770.196 781.084 789.730 801.749 807.724 813.040 816.252 812.435 809.186 805.660 800.789 789.900 -9999.000 -9999.000 -9999.000 -9999.000 -9999.000 -9999.000 -9999.000 -9999.000 -9999.000 -9999.000 -9999.000 -9999.000 -9999.000 -9999.000 -9999.000 -9999.000 -9999.000 -9999.000 -9999.000 -9999.000 -9999.000 -9999.000 -9999.000 -9999.000 -9999.000
751.917 746.395 740.727 738.600 738.403 738.234 742.128 752.081 759.870 764.463 766.811 769.254 768.814 768.151 767.708 764.722 761.210 757.747 755.883 756.239 748.587 743.049 739.589 737.904 740.422 742.845 746.295 755.867 764.130 772.423 786.880 799.481 804.946 802.713 798.036 794.579 788.222 778.467 768.347 758.614 751.869 746.704 741.405 747.797 754.763 764.968 774.942 787.114 799.368 -9999.000 -9999.000 -9999.000 -9999.000 -9999.000 -9999.000 -9999.000 -9999.000 -9999.000 -9999.000 -9999.000 -9999.000 -9999.000 -9999.000 -9999.000
744.184 739.210 733.872 741.998 742.938 743.769 746.780 749.630 752.528 755.076 760.235 769.023 771.542 771.889 771.859 769.879 766.638 764.725 761.874 756.582 755.377 755.551 755.202 760.101 761.585 763.359 756.785 760.455 766.789 773.783 780.500 787.401 791.660 788.740 788.261 780.305 766.947 756.271 748.191 746.615 743.780 736.325 724.039 731.534 747.432 752.346 755.954 767.828 780.231 790.579 792.946 792.717 792.468 789.904 776.178 761.604 746.863 728.331 -9999.000 -9999.000 -9999.000 -9999.000 -9999.000 -9999.000
746.429 743.950 755.895 764.747 766.048 768.543 771.830 770.942 758.833 756.200 764.222 774.275 779.784 779.746 779.431 777.172 775.980 775.435 773.090 773.676 775.912 775.701 780.161 785.701 788.577 780.886 771.928 772.929 780.852 789.186 796.732 807.644 819.295 818.694 813.616 805.243 792.367 769.649 750.789 740.522 733.936 727.275 727.785 725.243 736.943 739.008 741.183 749.667 760.157 770.549 776.579 776.182 775.741 773.452 764.098 749.498 734.862 718.178 692.699 664.348 638.066 636.711 660.520 684.272
755.634 767.329 780.241 793.885 795.918 797.887 797.038 787.692 777.251 773.234 787.641 803.415 811.301 811.600 810.593 817.182 815.542 813.581 808.501 810.333 811.600 821.259 828.643 835.561 833.745 821.891 810.679 809.340 812.300 815.784 822.253 832.809 842.962 838.488 832.112 823.031 795.519 769.522 753.742 754.843 755.828 751.725 749.298 746.742 740.416 740.509 740.186 740.027 752.307 764.987 768.631 762.557 758.997 756.896 748.537 737.611 722.386 705.616 686.760 658.729 652.199 643.666 665.725 689.535
800.247 812.232 828.590 851.419 853.339 855.772 857.988 846.519 834.041 822.662 839.956 849.705 857.914 859.273 868.713 878.185 873.369 865.177 854.809 860.838 872.364 887.051 893.513 897.166 896.013 885.162 879.640 878.295 880.605 878.407 883.157 893.793 909.305 909.541 901.477 880.257 844.903 812.105 793.081 799.812 794.155 788.534 785.856 772.977 763.066 763.935 755.152 749.629 761.612 768.105 769.994 763.468 768.989 761.656 742.994 726.000 710.803 696.511 681.072 674.179 664.995 657.201 669.968 690.085
837.651 855.318 876.781 899.224 906.439 908.794 917.572 910.734 901.180 892.681 903.105 914.654 925.824 935.069 947.204 958.255 948.602 936.621 931.404 936.249 955.293 971.913 976.712 977.894 980.746 972.119 965.708 959.217 954.242 948.765 945.100 963.446 980.296 979.503 957.610 935.249 901.116 865.530 835.343 836.323 835.331 835.858 822.526 808.700 793.706 785.512 777.660 764.535 770.692 776.353 786.443 795.691 796.817 780.482 763.164 743.986 725.569 711.391 706.268 700.917 691.207 684.663 691.175 705.284
930.006 943.713 966.243 996.216 1016.079 1033.912 1037.339 1028.477 1019.275 1005.983 1003.498 1019.736 1031.077 1041.178 1051.408 1063.320 1068.615 1065.977 1065.353 1068.248 1074.814 1083.249 1089.637 1094.875 1100.399 1097.089 1087.262 1081.055 1072.640 1066.254 1064.196 1067.157 1078.646 1077.605 1053.319 1028.244 998.567 964.098 935.282 920.101 927.947 918.971 902.989 885.677 853.088 838.653 824.622 797.083 794.140 803.065 816.262 826.370 811.645 795.410 777.237 757.011 737.909 731.220 729.880 726.899 720.891 718.253 723.534 737.065
1040.159 1046.578 1077.254 1110.242 1137.808 1160.546 1168.181 1157.487 1147.502 1135.461 1125.859 1129.466 1143.151 1159.143 1174.247 1185.061 1188.538 1187.282 1187.472 1189.260 1192.036 1194.772 1200.574 1207.566 1217.396 1228.313 1222.752 1206.457 1194.525 1181.291 1176.799 1175.894 1174.840 1175.621 1169.303 1139.927 1113.635 1084.030 1057.661 1039.133 1027.669 1010.715 990.929 948.193 911.047 879.165 854.668 828.884 828.461 852.295 884.184 879.486 868.050 851.490 827.313 803.336 779.666 773.604 771.087 765.958 759.567 754.114 749.770 753.862
1158.542 1164.509 1185.578 1221.073 1256.319 1284.516 1287.626 1277.859 1267.262 1256.746 1246.031 1242.496 1249.902 1260.574 1276.157 1287.235 1296.644 1295.906 1296.264 1296.593 1298.493 1300.162 1301.966 1308.762 1320.327 1331.386 1332.512 1319.572 1303.047 1286.248 1279.614 1274.219 1269.100 1269.940 1271.485 1265.347 1242.048 1208.448 1168.508 1144.531 1125.766 1114.969 1101.427 1078.599 1030.769 1003.401 971.587 940.537 923.710 966.496 968.188 957.786 943.573 920.157 894.092 869.342 844.491 836.817 831.928 824.387 818.334 810.172 800.206 796.969
1271.581 1280.737 1296.238 1318.664 1346.104 1371.525 1387.873 1383.763 1371.144 1353.998 1348.758 1347.404 1349.250 1355.598 1363.347 1378.419 1393.881 1399.122 1399.819 1397.392 1399.370 1400.410 1400.421 1401.395 1406.020 1412.955 1415.503 1410.893 1395.364 1375.856 1362.113 1354.021 1350.010 1348.544 1350.416 1350.749 1340.097 1313.018 1277.300 1246.239 1226.432 1212.503 1200.955 1191.997 1175.003 1159.485 1131.569 1091.212 1058.806 1063.166 1054.576 1043.724 1020.452 992.281 966.935 935.997 907.222 891.378 885.521 880.570 873.655 862.773 852.566 846.563
1376.856 1391.580 1409.694 1422.876 1438.920 1459.356 1471.352 1476.742 1476.961 1475.702 1477.456 1477.596 1451.783 1454.725 1457.607 1464.661 1472.549 1475.113 1475.376 1474.325 1475.369 1475.684 1475.816 1475.473 1475.436 1477.529 1478.328 1477.335 1470.890 1473.965 1457.415 1445.881 1438.722 1431.389 1423.300 1414.332 1405.457 1390.392 1365.154 1333.888 1308.681 1298.859 1293.778 1288.661 1284.770 1271.409 1252.138 1223.946 1188.311 1157.407 1149.571 1134.482 1107.633 1085.484 1069.321 1036.056 1003.977 981.846 974.384 959.329 942.889 928.449 911.925 896.397
1472.643 1485.377 1480.155 1483.594 1487.153 1490.689 1491.903 1492.251 1492.091 1489.911 1489.590 1487.980 1483.427 1474.081 1475.567 1477.052 1479.525 1483.004 1481.684 1482.588 1485.474 1484.001 1478.604 1475.082 1473.526 1473.965 1480.996 1484.072 1484.840 1483.868 1483.214 1482.796 1481.382 1479.617 1477.130 1473.950 1477.293 1467.787 1445.603 1414.130 1380.991 1368.555 1365.537 1366.949 1365.119 1360.217 1343.430 1318.427 1284.858 1249.310 1235.657 1223.465 1211.694 1200.793 1186.314 1150.975 1115.462 1089.094 1072.566 1047.790 1028.012 1009.934 988.650 970.714
1495.209 1491.993 1488.614 1484.049 1482.875 1481.659 1479.355 1480.038 1478.167 1474.382 1471.006 1464.767 1454.285 1443.136 1440.685 1445.263 1450.226 1454.485 1457.614 1460.878 1461.967 1457.347 1449.708 1442.820 1440.947 1447.291 1452.738 1457.868 1458.508 1457.154 1455.199 1455.432 1453.040 1453.530 1459.820 1472.703 1478.339 1480.767 1480.400 1473.488 1460.984 1453.990 1435.322 1439.268 1435.276 1424.708 1405.138 1383.068 1355.541 1328.701 1306.436 1299.049 1294.501 1288.781 1279.392 1246.419 1214.006 1183.874 1160.744 1135.735 1112.802 1091.666 1070.087 1048.056
1483.579 1476.859 1468.929 1462.343 1455.939 1454.063 1452.988 1452.493 1452.726 1447.684 1440.221 1425.404 1414.215 1403.296 1397.458 1395.656 1400.607 1410.247 1419.625 1424.167 1417.611 1410.372 1400.008 1392.159 1392.419 1394.624 1403.397 1416.955 1421.320 1421.895 1416.797 1412.283 1406.365 1404.229 1410.705 1425.025 1439.579 1452.598 1460.307 1467.254 1473.396 1476.920 1478.016 1478.595 1477.660 1476.496 1461.897 1442.059 1419.306 1396.645 1371.847 1365.753 1363.990 1360.259 1358.295 1331.142 1297.997 1265.781 1238.514 1212.993 1190.001 1168.072 1144.894 1120.356
1449.929 1443.670 1434.065 1423.803 1414.692 1408.972 1410.031 1412.392 1413.555 1407.588 1393.839 1377.276 1364.478 1351.139 1347.464 1342.867 1338.842 1349.309 1366.125 1372.237 1359.030 1349.413 1335.545 1328.376 1325.346 1326.792 1335.933 1355.272 1374.079 1375.067 1365.293 1355.640 1350.592 1347.639 1353.447 1370.554 1389.388 1403.229 1412.057 1417.129 1424.689 1433.658 1445.329 1457.887 1468.355 1476.378 1480.123 1478.272 1472.828 1460.656 1440.994 1428.136 1419.088 1414.020 1406.221 1385.689 1359.515 1333.904 1308.051 1286.332 1267.806 1243.197 1217.947 1193.538
1407.786 1401.463 1387.848 1376.648 1365.648 1352.935 1350.259 1347.957 1350.189 1339.777 1330.302 1312.675 1297.999 1283.075 1273.093 1267.659 1262.092 1266.170 1281.392 1290.317 1277.403 1267.338 1254.822 1248.838 1245.549 1247.337 1257.318 1278.823 1296.918 1303.408 1295.125 1289.635 1286.760 1284.885 1289.666 1302.803 1321.225 1340.811 1355.688 1364.043 1370.868 1380.087 1393.584 1406.587 1419.583 1435.661 1454.685 1468.442 1477.136 1480.548 1479.990 1476.596 1473.146 1463.773 1453.135 1436.358 1413.731 1387.923 1362.549 1345.585 1328.964 1311.981 1285.505 1256.760
1365.630 1351.133 1306.152 1289.413 1272.881 1258.938 1254.380 1248.094 1240.780 1232.623 1226.965 1221.358 1206.810 1190.227 1174.707 1170.020 1166.254 1157.165 1161.476 1164.519 1169.264 1162.115 1156.638 1154.695 1152.108 1154.984 1168.184 1179.338 1188.639 1194.164 1192.338 1198.311 1203.380 1206.429 1220.798 1232.563 1248.431 1268.135 1290.143 1302.061 1310.355 1320.104 1334.485 1349.889 1366.086 1387.138 1410.315 1424.966 1435.042 1446.057 1457.784 1470.844 1478.888 1484.018 1483.135 1478.271 1458.087 1433.644 1413.587 1396.335 1382.093 1368.441 1349.170 1314.792
1312.137 1271.879 1231.560 1201.006 1184.715 1164.426 1154.621 1144.731 1119.248 1106.144 1101.649 1108.196 1099.925 1083.978 1070.901 1063.383 1057.101 1044.388 1035.201 1040.104 1052.676 1048.669 1047.350 1051.564 1049.754 1045.897 1050.398 1063.948 1071.098 1080.025 1090.707 1093.798 1101.905 1126.781 1138.658 1152.007 1170.108 1189.979 1210.786 1229.428 1241.164 1254.312 1271.600 1287.022 1306.333 1328.272 1355.291 1373.538 1386.593 1396.917 1407.350 1421.881 1440.515 1456.771 1472.382 1482.687 1483.050 1477.542 1457.754 1440.962 1426.626 1417.935 1396.867 1368.061
1210.900 1166.669 1129.112 1102.196 1082.368 1060.683 1043.806 1018.157 988.623 970.102 977.577 986.135 988.740 976.008 964.415 955.207 941.908 927.133 915.669 924.533 933.021 942.049 945.647 949.122 951.641 950.144 944.786 948.488 956.302 965.429 974.648 987.142 1014.918 1037.292 1052.426 1070.850 1088.782 1109.330 1131.054 1150.680 1165.016 1181.725 1199.239 1218.573 1237.799 1261.006 1288.497 1311.276 1325.265 1338.215 1350.910 1368.806 1390.609 1411.436 1433.897 1453.585 1464.973 1476.834 1484.006 1481.333 1468.268 1455.557 1438.117 1415.630
1084.998 1045.605 1014.946 994.906 973.149 952.323 927.902 899.008 875.241 856.974 865.294 873.566 886.435 875.799 865.971 860.882 846.811 833.588 819.441 827.011 837.027 854.473 858.529 861.749 868.541 867.118 864.021 853.845 861.417 870.661 882.905 908.834 931.320 953.004 971.993 989.888 1009.845 1031.196 1052.862 1076.010 1093.187 1110.133 1129.688 1148.167 1164.667 1183.799 1208.232 1229.295 1247.469 1266.773 1281.010 1303.709 1331.561 1358.089 1388.760 1409.985 1424.566 1436.855 1449.056 1466.494 1476.949 1478.388 1472.738 1451.059
935.650 905.287 892.244 877.066 856.915 837.903 818.963 795.391 774.876 752.300 757.298 770.841 785.731 781.346 778.847 776.453 765.974 752.817 739.589 743.331 758.563 775.287 782.706 789.150 796.395 796.130 788.667 779.607 784.437 797.595 812.490 831.732 852.343 872.391 890.962 911.522 932.772 954.264 977.507 1001.838 1019.758 1041.089 1063.392 1080.666 1090.888 1102.788 1124.668 1141.144 1161.205 1181.790 1197.662 1224.126 1256.199 1294.395 1331.465 1365.358 1380.548 1393.296 1403.745 1419.551 1438.971 1457.073 1471.809 1470.736
818.564 804.582 788.366 773.063 757.231 738.160 720.702 703.717 683.080 667.129 673.449 687.186 698.649 702.282 699.851 697.303 690.353 676.980 667.700 676.350 691.606 706.204 716.302 722.809 728.545 725.541 716.925 710.916 718.370 733.071 746.877 762.866 782.946 802.724 822.807 843.734 864.467 887.386 910.949 934.875 958.570 979.841 999.474 1008.716 1018.307 1023.525 1037.380 1053.456 1071.387 1092.373 1114.243 1140.834 1178.782 1217.518 1254.809 1291.106 1318.798 1336.740 1351.964 1371.381 1391.741 1408.734 1422.756 1435.602
739.865 716.473 701.638 693.765 680.656 663.038 650.990 635.308 619.430 620.599 624.004 635.429 636.855 637.882 635.300 634.549 630.655 620.621 628.097 635.535 649.998 660.600 669.887 675.895 679.752 679.488 672.967 676.266 682.824 696.712 707.805 721.931 741.690 758.024 776.255 797.007 818.368 840.747 864.543 890.272 913.203 931.063 938.866 948.069 952.216 944.901 957.085 969.955 982.326 1002.561 1022.892 1047.098 1084.247 1126.875 1171.366 1207.872 1247.052 1270.069 1292.445 1314.003 1337.171 1358.468 1375.670 1388.112
652.613 630.296 622.922 612.857 602.312 590.113 577.086 566.625 568.360 566.391 565.702 566.809 569.944 572.899 572.228 571.315 572.616 579.675 583.969 589.446 599.487 610.517 621.031 624.853 628.945 632.116 635.812 638.226 642.134 652.936 664.288 676.842 692.915 709.673 727.670 748.965 770.701 793.948 819.330 845.156 864.972 873.618 882.698 885.378 879.700 874.468 880.415 891.667 900.747 918.881 939.639 955.625 995.793 1042.360 1084.701 1119.816 1154.387 1188.868 1214.944 1239.025 1269.358 1295.511 1322.513 1338.815
587.930 571.399 561.666 551.830 541.798 529.087 519.829 518.777 516.639 514.774 513.201 516.629 520.384 524.783 524.649 525.277 528.011 532.295 538.237 547.339 558.083 569.934 584.403 588.909 593.398 598.844 601.377 604.398 608.406 619.381 630.767 642.645 659.103 676.250 694.680 716.291 741.113 769.845 795.732 821.265 843.122 851.769 855.595 853.689 847.425 834.576 832.964 843.003 845.405 857.234 876.322 887.128 919.429 961.610 991.056 1025.214 1061.714 1108.506 1135.803 1166.671 1196.975 1226.838 1255.991 1271.721
530.463 511.823 499.463 489.292 480.137 472.937 471.172 468.485 466.875 465.726 464.145 466.372 470.647 474.743 476.873 479.605 482.935 489.129 498.052 506.488 518.273 532.788 547.597 553.884 559.253 564.855 568.805 572.872 576.586 586.560 598.029 608.829 625.784 643.899 662.461 687.631 716.697 746.091 771.505 796.386 821.011 824.352 825.499 824.824 811.020 795.845 789.613 791.905 792.737 798.847 810.176 821.508 846.441 872.753 901.354 936.558 982.571 1027.566 1058.780 1088.879 1118.530 1144.708 1165.535 1184.208
