tests/3D/Borden05m_nopit_001/output_maps/thetasurfN0006.asc
ncols         160
nrows         34
xllcorner     620200.000000
yllcorner     5168000.000000
cellsize      0.500000
NODATA_value  -9999.0
[rows 0 to 32 of 34, columns 74 to 147 of 160]
-9999.000 -9999.000 -9999.000 -9999.000 -9999.000 -9999.000 -9999.000 -9999.000 -9999.000 -9999.000 -9999.000 -9999.000 -9999.000 -9999.000 -9999.000 -9999.000 -9999.000 -9999.000 -9999.000 -9999.000 -9999.000 -9999.000 -9999.000 -9999.000 -9999.000 -9999.000 -9999.000 -9999.000 -9999.000 -9999.000 -9999.000 -9999.000 -9999.000 -9999.000 -9999.000 -9999.000 -9999.000 -9999.000 -9999.000 -9999.000 -9999.000 -9999.000 -9999.000 -9999.000 -9999.000 -9999.000 -9999.000 -9999.000 -9999.000 -9999.000 -9999.000 -9999.000 -9999.000 -9999.000 -9999.000 -9999.000 -9999.000 -9999.000 -9999.000 -9999.000 -9999.000 -9999.000 -9999.000 -9999.000 -9999.000 -9999.000 -9999.000 -9999.000 -9999.000 -9999.000 -9999.000 -9999.000 -9999.000 -9999.000
0.086 0.086 0.086 0.086 0.086 0.086 0.085 0.085 0.085 0.084 0.083 0.082 0.082 0.083 0.083 0.083 0.084 0.085 0.086 0.087 0.088 0.089 0.089 0.090 0.089 0.089 0.088 0.088 0.087 -9999.000 -9999.000 -9999.000 -9999.000 -9999.000 -9999.000 -9999.000 -9999.000 -9999.000 -9999.000 -9999.000 -9999.000 -9999.000 -9999.000 -9999.000 -9999.000 -9999.000 -9999.000 -9999.000 -9999.000 -9999.000 -9999.000 -9999.000 -9999.000 -9999.000 -9999.000 -9999.000 -9999.000 -9999.000 -9999.000 -9999.000 -9999.000 -9999.000 -9999.000 -9999.000 -9999.000 -9999.000 -9999.000 -9999.000 -9999.000 -9999.000 -9999.000 -9999.000 -9999.000 -9999.000
0.084 0.085 0.085 0.085 0.084 0.084 0.084 0.084 0.083 0.083 0.083 0.082 0.082 0.082 0.082 0.082 0.083 0.083 0.084 0.085 0.086 0.088 0.088 0.088 0.087 0.087 0.086 0.086 0.085 0.084 0.083 0.083 0.082 0.083 0.083 0.084 0.085 0.086 0.088 -9999.000 -9999.000 -9999.000 -9999.000 -9999.000 -9999.000 -9999.000 -9999.000 -9999.000 -9999.000 -9999.000 -9999.000 -9999.000 -9999.000 -9999.000 -9999.000 -9999.000 -9999.000 -9999.000 -9999.000 -9999.000 -9999.000 -9999.000 -9999.000 -9999.000 -9999.000 -9999.000 -9999.000 -9999.000 -9999.000 -9999.000 -9999.000 -9999.000 -9999.000 -9999.000
0.084 0.085 0.085 0.085 0.085 0.085 0.084 0.084 0.084 0.083 0.083 0.083 0.083 0.084 0.084 0.084 0.083 0.084 0.084 0.085 0.086 0.086 0.087 0.087 0.087 0.086 0.085 0.084 0.083 0.083 0.082 0.082 0.081 0.081 0.083 0.083 0.083 0.085 0.086 0.087 0.087 0.087 0.087 0.087 0.085 0.084 0.083 0.081 -9999.000 -9999.000 -9999.000 -9999.000 -9999.000 -9999.000 -9999.000 -9999.000 -9999.000 -9999.000 -9999.000 -9999.000 -9999.000 -9999.000 -9999.000 -9999.000 -9999.000 -9999.000 -9999.000 -9999.000 -9999.000 -9999.000 -9999.000 -9999.000 -9999.000 -9999.000
0.084 0.085 0.086 0.086 0.086 0.086 0.085 0.085 0.085 0.085 0.085 0.086 0.086 0.087 0.087 0.086 0.085 0.085 0.086 0.087 0.088 0.089 0.090 0.090 0.089 0.088 0.087 0.085 0.083 0.082 0.082 0.081 0.081 0.081 0.082 0.082 0.082 0.083 0.084 0.085 0.085 0.085 0.085 0.085 0.084 0.083 0.082 0.081 0.079 0.078 0.076 0.076 0.077 0.079 -9999.000 -9999.000 -9999.000 -9999.000 -9999.000 -9999.000 -9999.000 -9999.000 -9999.000 -9999.000 -9999.000 -9999.000 -9999.000 -9999.000 -9999.000 -9999.000 -9999.000 -9999.000 -9999.000 -9999.000
0.087 0.089 0.090 0.090 0.090 0.091 0.091 0.090 0.090 0.090 0.090 0.092 0.093 0.094 0.094 0.092 0.091 0.090 0.091 0.091 0.091 0.093 0.095 0.094 0.093 0.091 0.088 0.085 0.083 0.084 0.084 0.083 0.083 0.083 0.082 0.082 0.082 0.082 0.083 0.084 0.085 0.084 0.084 0.084 0.083 0.082 0.081 0.080 0.079 0.077 0.077 0.077 0.078 0.079 0.080 0.082 0.084 0.087 -9999.000 -9999.000 -9999.000 -9999.000 -9999.000 -9999.000 -9999.000 -9999.000 -9999.000 -9999.000 -9999.000 -9999.000 -9999.000 -9999.000 -9999.000 -9999.000
0.095 0.097 0.098 0.099 0.101 0.103 0.102 0.100 0.098 0.100 0.103 0.106 0.107 0.108 0.108 0.106 0.105 0.104 0.104 0.103 0.103 0.106 0.110 0.110 0.107 0.102 0.096 0.091 0.088 0.089 0.088 0.087 0.087 0.085 0.084 0.084 0.083 0.083 0.084 0.084 0.085 0.084 0.085 0.084 0.083 0.081 0.080 0.079 0.078 0.078 0.078 0.077 0.078 0.079 0.080 0.082 0.084 0.087 0.090 0.092 0.094 0.096 -9999.000 -9999.000 -9999.000 -9999.000 -9999.000 -9999.000 -9999.000 -9999.000 -9999.000 -9999.000 -9999.000 -9999.000
0.111 0.114 0.118 0.122 0.126 0.130 0.128 0.125 0.124 0.125 0.131 0.136 0.138 0.139 0.141 0.139 0.136 0.133 0.129 0.127 0.125 0.130 0.136 0.135 0.126 0.119 0.110 0.102 0.096 0.095 0.095 0.095 0.093 0.091 0.088 0.087 0.086 0.084 0.085 0.085 0.087 0.088 0.088 0.086 0.084 0.083 0.081 0.080 0.080 0.080 0.079 0.079 0.079 0.080 0.081 0.082 0.084 0.087 0.089 0.091 0.093 0.095 0.096 0.095 0.094 0.092 -9999.000 -9999.000 -9999.000 -9999.000 -9999.000 -9999.000 -9999.000 -9999.000
0.155 0.161 0.168 0.174 0.182 0.190 0.195 0.196 0.196 0.197 0.199 0.202 0.206 0.211 0.217 0.220 0.214 0.207 0.199 0.192 0.190 0.188 0.192 0.192 0.181 0.166 0.152 0.137 0.126 0.119 0.119 0.115 0.111 0.105 0.098 0.095 0.092 0.088 0.088 0.089 0.091 0.092 0.090 0.088 0.086 0.084 0.082 0.082 0.082 0.081 0.081 0.081 0.081 0.082 0.082 0.083 0.085 0.086 0.088 0.090 0.092 0.094 0.093 0.093 0.091 0.090 0.089 0.087 0.086 0.084 -9999.000 -9999.000 -9999.000 -9999.000
0.238 0.237 0.247 0.259 0.271 0.279 0.283 0.282 0.282 0.283 0.285 0.286 0.289 0.294 0.302 0.310 0.309 0.298 0.288 0.275 0.270 0.268 0.265 0.265 0.265 0.248 0.230 0.208 0.186 0.172 0.161 0.152 0.144 0.128 0.116 0.108 0.101 0.096 0.095 0.100 0.105 0.103 0.100 0.097 0.093 0.090 0.087 0.086 0.086 0.085 0.085 0.084 0.083 0.084 0.084 0.085 0.086 0.087 0.089 0.090 0.091 0.092 0.091 0.090 0.089 0.088 0.087 0.086 0.084 0.083 0.082 0.083 0.084 -9999.000
0.322 0.320 0.322 0.327 0.333 0.338 0.343 0.344 0.344 0.344 0.344 0.345 0.345 0.347 0.350 0.352 0.353 0.351 0.345 0.338 0.334 0.330 0.327 0.327 0.328 0.328 0.318 0.298 0.268 0.245 0.228 0.219 0.211 0.202 0.178 0.166 0.151 0.135 0.124 0.134 0.130 0.126 0.121 0.113 0.107 0.101 0.096 0.094 0.094 0.092 0.092 0.090 0.089 0.088 0.088 0.087 0.088 0.089 0.090 0.091 0.092 0.091 0.091 0.090 0.088 0.086 0.085 0.084 0.083 0.083 0.082 0.083 0.084 0.085
0.359 0.359 0.360 0.360 0.361 0.363 0.365 0.365 0.365 0.365 0.365 0.365 0.365 0.365 0.365 0.366 0.366 0.366 0.365 0.362 0.360 0.358 0.357 0.356 0.356 0.356 0.354 0.347 0.335 0.317 0.302 0.292 0.284 0.279 0.274 0.265 0.247 0.219 0.193 0.180 0.174 0.167 0.154 0.142 0.133 0.121 0.112 0.107 0.105 0.103 0.101 0.099 0.097 0.096 0.093 0.092 0.093 0.093 0.093 0.094 0.093 0.092 0.091 0.089 0.087 0.085 0.084 0.084 0.083 0.082 0.082 0.082 0.083 0.085
0.369 0.369 0.369 0.369 0.369 0.369 0.369 0.369 0.369 0.369 0.369 0.369 0.369 0.369 0.369 0.369 0.369 0.369 0.369 0.369 0.368 0.368 0.367 0.367 0.366 0.366 0.365 0.363 0.360 0.353 0.344 0.340 0.338 0.336 0.335 0.330 0.320 0.306 0.282 0.252 0.242 0.231 0.214 0.201 0.193 0.172 0.153 0.141 0.135 0.128 0.121 0.116 0.111 0.106 0.103 0.099 0.098 0.098 0.097 0.096 0.095 0.093 0.090 0.088 0.086 0.086 0.085 0.084 0.083 0.083 0.082 0.082 0.083 0.084
0.369 0.369 0.369 0.369 0.369 0.369 0.369 0.369 0.369 0.369 0.369 0.369 0.369 0.369 0.369 0.369 0.369 0.369 0.369 0.369 0.369 0.369 0.369 0.369 0.369 0.369 0.369 0.369 0.368 0.366 0.363 0.360 0.359 0.359 0.359 0.358 0.354 0.347 0.334 0.316 0.304 0.297 0.292 0.286 0.278 0.252 0.224 0.202 0.187 0.170 0.158 0.148 0.138 0.131 0.123 0.116 0.113 0.111 0.106 0.103 0.101 0.097 0.093 0.091 0.088 0.086 0.085 0.085 0.084 0.083 0.083 0.083 0.083 0.084
0.369 0.368 0.368 0.367 0.367 0.367 0.368 0.368 0.368 0.368 0.368 0.368 0.368 0.367 0.367 0.368 0.368 0.368 0.368 0.368 0.368 0.368 0.368 0.368 0.368 0.369 0.369 0.369 0.369 0.369 0.369 0.368 0.367 0.367 0.367 0.366 0.365 0.362 0.357 0.350 0.342 0.338 0.337 0.335 0.332 0.316 0.295 0.271 0.251 0.231 0.213 0.197 0.182 0.168 0.154 0.143 0.133 0.124 0.117 0.111 0.106 0.101 0.097 0.093 0.091 0.089 0.088 0.087 0.086 0.084 0.084 0.084 0.084 0.084
0.367 0.366 0.365 0.364 0.363 0.363 0.364 0.365 0.366 0.366 0.365 0.365 0.364 0.363 0.363 0.363 0.364 0.365 0.366 0.366 0.365 0.365 0.364 0.364 0.365 0.366 0.367 0.368 0.368 0.368 0.369 0.369 0.369 0.369 0.369 0.369 0.368 0.367 0.366 0.364 0.360 0.359 0.358 0.357 0.357 0.351 0.339 0.324 0.307 0.290 0.273 0.256 0.237 0.218 0.200 0.181 0.162 0.149 0.138 0.128 0.120 0.114 0.106 0.102 0.099 0.096 0.093 0.092 0.090 0.087 0.085 0.085 0.085 0.086
0.363 0.360 0.358 0.355 0.354 0.353 0.352 0.355 0.358 0.360 0.357 0.355 0.351 0.349 0.348 0.349 0.352 0.356 0.360 0.360 0.358 0.356 0.355 0.354 0.356 0.359 0.362 0.364 0.365 0.365 0.366 0.367 0.368 0.368 0.369 0.369 0.369 0.369 0.369 0.368 0.367 0.367 0.366 0.365 0.364 0.362 0.357 0.351 0.342 0.333 0.324 0.311 0.294 0.276 0.252 0.227 0.203 0.185 0.169 0.156 0.144 0.132 0.122 0.113 0.108 0.105 0.101 0.097 0.093 0.090 0.087 0.087 0.087 0.087
0.351 0.344 0.338 0.332 0.328 0.325 0.322 0.326 0.335 0.339 0.332 0.326 0.319 0.314 0.312 0.313 0.319 0.332 0.340 0.342 0.338 0.334 0.332 0.331 0.333 0.340 0.347 0.353 0.356 0.358 0.359 0.361 0.363 0.364 0.366 0.367 0.368 0.369 0.369 0.369 0.369 0.369 0.369 0.368 0.368 0.367 0.365 0.362 0.358 0.354 0.349 0.344 0.335 0.319 0.300 0.277 0.252 0.230 0.211 0.193 0.180 0.164 0.150 0.138 0.130 0.125 0.119 0.113 0.107 0.101 0.096 0.093 0.092 0.090
0.308 0.300 0.289 0.277 0.266 0.262 0.259 0.256 0.265 0.269 0.266 0.259 0.253 0.249 0.247 0.250 0.261 0.272 0.281 0.285 0.280 0.282 0.284 0.283 0.292 0.301 0.312 0.324 0.334 0.339 0.342 0.346 0.350 0.355 0.358 0.362 0.365 0.366 0.367 0.368 0.368 0.369 0.369 0.369 0.369 0.369 0.368 0.367 0.365 0.364 0.362 0.359 0.356 0.346 0.334 0.318 0.300 0.279 0.264 0.250 0.234 0.217 0.198 0.182 0.168 0.158 0.147 0.136 0.127 0.117 0.108 0.103 0.100 0.097
0.220 0.220 0.211 0.199 0.189 0.185 0.182 0.176 0.175 0.177 0.182 0.178 0.175 0.176 0.174 0.173 0.179 0.189 0.195 0.200 0.204 0.206 0.207 0.222 0.231 0.241 0.256 0.272 0.287 0.299 0.306 0.314 0.324 0.332 0.341 0.349 0.356 0.360 0.362 0.363 0.365 0.366 0.367 0.368 0.369 0.369 0.369 0.369 0.368 0.368 0.367 0.366 0.364 0.360 0.354 0.345 0.333 0.323 0.316 0.305 0.290 0.274 0.258 0.239 0.221 0.204 0.188 0.173 0.160 0.144 0.130 0.120 0.109 0.105
0.143 0.146 0.144 0.138 0.132 0.129 0.125 0.121 0.118 0.121 0.123 0.124 0.124 0.125 0.125 0.125 0.124 0.128 0.131 0.135 0.138 0.140 0.151 0.162 0.170 0.181 0.193 0.208 0.224 0.239 0.249 0.262 0.276 0.290 0.304 0.320 0.334 0.343 0.348 0.352 0.355 0.359 0.363 0.365 0.367 0.368 0.368 0.369 0.369 0.369 0.369 0.368 0.367 0.366 0.363 0.359 0.353 0.348 0.343 0.340 0.331 0.320 0.310 0.294 0.278 0.261 0.243 0.226 0.209 0.188 0.170 0.154 0.136 0.121
0.105 0.106 0.108 0.105 0.103 0.101 0.099 0.096 0.094 0.096 0.097 0.099 0.100 0.100 0.101 0.101 0.101 0.100 0.101 0.103 0.105 0.111 0.117 0.124 0.130 0.137 0.146 0.157 0.169 0.183 0.194 0.205 0.220 0.234 0.249 0.267 0.287 0.302 0.313 0.324 0.331 0.341 0.351 0.357 0.362 0.365 0.366 0.367 0.368 0.369 0.369 0.369 0.369 0.368 0.367 0.365 0.363 0.360 0.358 0.357 0.354 0.348 0.342 0.334 0.324 0.313 0.299 0.283 0.265 0.243 0.219 0.198 0.170 0.147
0.087 0.088 0.090 0.089 0.088 0.088 0.087 0.085 0.084 0.084 0.086 0.087 0.088 0.089 0.089 0.089 0.089 0.088 0.088 0.090 0.092 0.095 0.098 0.102 0.106 0.111 0.116 0.123 0.132 0.141 0.149 0.160 0.172 0.184 0.192 0.204 0.222 0.236 0.252 0.268 0.279 0.299 0.319 0.338 0.351 0.359 0.361 0.363 0.364 0.366 0.368 0.368 0.369 0.369 0.369 0.368 0.367 0.366 0.365 0.363 0.362 0.360 0.356 0.351 0.346 0.340 0.334 0.325 0.310 0.290 0.268 0.244 -9999.000 -9999.000
0.079 0.080 0.081 0.081 0.081 0.080 0.080 0.079 0.078 0.079 0.080 0.081 0.081 0.082 0.082 0.082 0.081 0.081 0.081 0.082 0.084 0.085 0.087 0.090 0.092 0.095 0.099 0.103 0.109 0.115 0.122 0.130 0.138 0.143 0.148 0.153 0.162 0.172 0.185 0.200 0.215 0.237 0.268 0.297 0.320 0.338 0.347 0.352 0.356 0.360 0.363 0.365 0.367 0.367 0.368 0.369 0.369 0.368 0.368 0.367 0.366 0.364 0.361 0.359 0.356 0.353 0.351 0.347 0.338 0.323 -9999.000 -9999.000 -9999.000 -9999.000
0.076 0.077 0.077 0.077 0.077 0.077 0.076 0.076 0.076 0.076 0.077 0.078 0.078 0.078 0.079 0.079 0.078 0.078 0.079 0.080 0.080 0.081 0.083 0.084 0.086 0.088 0.091 0.094 0.098 0.103 0.108 0.113 0.116 0.119 0.122 0.120 0.125 0.131 0.137 0.146 0.157 0.172 0.197 0.229 0.263 0.291 0.315 0.327 0.337 0.346 0.353 0.358 0.361 0.363 0.364 0.365 0.366 0.368 0.368 0.368 0.367 0.366 0.363 0.360 0.358 0.358 0.357 0.356 0.350 -9999.000 -9999.000 -9999.000 -9999.000 -9999.000
0.074 0.074 0.074 0.074 0.074 0.074 0.074 0.074 0.074 0.075 0.075 0.075 0.076 0.076 0.076 0.076 0.076 0.076 0.077 0.077 0.078 0.078 0.079 0.080 0.082 0.083 0.085 0.088 0.091 0.094 0.097 0.099 0.101 0.102 0.101 0.101 0.102 0.105 0.108 0.113 0.119 0.127 0.144 0.169 0.198 0.224 0.252 0.275 0.294 0.310 0.328 0.340 0.350 0.354 0.356 0.358 0.359 0.362 0.365 0.367 0.367 0.366 0.364 0.359 0.355 0.359 0.358 -9999.000 -9999.000 -9999.000 -9999.000 -9999.000 -9999.000 -9999.000
0.072 0.073 0.073 0.073 0.073 0.073 0.073 0.073 0.073 0.073 0.074 0.074 0.074 0.074 0.075 0.075 0.075 0.075 0.075 0.076 0.076 0.077 0.077 0.078 0.079 0.081 0.083 0.085 0.088 0.091 0.093 0.095 0.096 0.095 0.095 0.093 0.093 0.095 0.095 0.098 0.102 0.105 0.115 0.130 0.143 0.161 0.182 0.212 0.233 0.257 0.282 0.305 0.324 0.332 0.337 0.342 0.348 0.353 0.358 0.362 0.363 0.363 0.361 0.357 0.346 -9999.000 -9999.000 -9999.000 -9999.000 -9999.000 -9999.000 -9999.000 -9999.000 -9999.000
0.071 0.071 0.072 0.072 0.072 0.072 0.072 0.072 0.072 0.072 0.073 0.073 0.073 0.073 0.074 0.074 0.074 0.074 0.074 0.074 0.075 0.075 0.076 0.077 0.077 0.079 0.081 0.083 0.085 0.088 0.090 0.091 0.091 0.091 0.089 0.088 0.087 0.088 0.088 0.089 0.091 0.092 0.097 0.103 0.110 0.120 0.137 0.159 0.176 0.197 0.221 0.244 0.263 0.279 0.290 0.303 0.316 0.330 0.343 0.353 0.357 0.358 0.355 0.354 -9999.000 -9999.000 -9999.000 -9999.000 -9999.000 -9999.000 -9999.000 -9999.000 -9999.000 -9999.000
0.071 0.071 0.071 0.071 0.071 0.071 0.071 0.071 0.071 0.072 0.072 0.072 0.072 0.073 0.073 0.073 0.073 0.073 0.073 0.074 0.074 0.074 0.075 0.075 0.076 0.078 0.080 0.082 0.084 0.086 0.088 0.089 0.089 0.088 0.087 0.085 0.084 0.084 0.084 0.083 0.085 0.086 0.088 0.091 0.095 0.102 0.113 0.125 0.136 0.151 0.166 0.181 0.197 0.211 0.226 0.241 0.258 0.286 0.310 0.332 0.345 0.351 -9999.000 -9999.000 -9999.000 -9999.000 -9999.000 -9999.000 -9999.000 -9999.000 -9999.000 -9999.000 -9999.000 -9999.000
0.070 0.070 0.070 0.070 0.070 0.071 0.071 0.071 0.071 0.071 0.071 0.072 0.072 0.072 0.072 0.073 0.073 0.073 0.073 0.073 0.073 0.073 0.074 0.075 0.076 0.077 0.079 0.081 0.083 0.085 0.087 0.087 0.088 0.088 0.086 0.084 0.082 0.082 0.081 0.080 0.081 0.082 0.083 0.086 0.088 0.093 0.098 0.104 0.111 0.119 0.129 0.138 0.144 0.148 0.158 0.168 0.186 0.224 0.254 0.289 -9999.000 -9999.000 -9999.000 -9999.000 -9999.000 -9999.000 -9999.000 -9999.000 -9999.000 -9999.000 -9999.000 -9999.000 -9999.000 -9999.000
0.070 0.070 0.070 0.070 0.070 0.070 0.070 0.071 0.071 0.071 0.071 0.071 0.071 0.072 0.072 0.072 0.073 0.073 0.073 0.073 0.073 0.073 0.073 0.074 0.075 0.077 0.079 0.081 0.083 0.085 0.086 0.087 0.087 0.087 0.086 0.084 0.082 0.081 0.080 0.079 0.079 0.080 0.080 0.082 0.084 0.087 0.091 0.096 0.099 0.103 0.106 0.108 0.110 0.112 0.116 0.119 0.132 0.158 0.191 -9999.000 -9999.000 -9999.000 -9999.000 -9999.000 -9999.000 -9999.000 -9999.000 -9999.000 -9999.000 -9999.000 -9999.000 -9999.000 -9999.000 -9999.000
0.070 0.070 0.070 0.070 0.070 0.070 0.070 0.071 0.071 0.071 0.071 0.071 0.071 0.072 0.072 0.072 0.072 0.072 0.073 0.073 0.073 0.073 0.073 0.074 0.075 0.077 0.079 0.081 0.083 0.085 0.087 0.087 0.087 0.087 0.086 0.084 0.082 0.080 0.079 0.079 0.079 0.079 0.080 0.081 0.083 0.085 0.088 0.092 0.094 0.095 0.097 0.098 0.100 0.098 0.097 0.098 0.106 -9999.000 -9999.000 -9999.000 -9999.000 -9999.000 -9999.000 -9999.000 -9999.000 -9999.000 -9999.000 -9999.000 -9999.000 -9999.000 -9999.000 -9999.000 -9999.000 -9999.000
0.070 0.070 0.070 0.070 0.070 0.070 0.070 0.071 0.071 0.071 0.071 0.071 0.071 0.072 0.072 0.072 0.072 0.072 0.072 0.072 0.073 0.073 0.073 0.074 0.075 0.077 0.079 -9999.000 -9999.000 -9999.000 -9999.000 -9999.000 -9999.000 -9999.000 -9999.000 -9999.000 -9999.000 -9999.000 -9999.000 -9999.000 -9999.000 -9999.000 -9999.000 -9999.000 -9999.000 -9999.000 -9999.000 -9999.000 -9999.000 -9999.000 -9999.000 -9999.000 -9999.000 -9999.000 -9999.000 -9999.000 -9999.000 -9999.000 -9999.000 -9999.000 -9999.000 -9999.000 -9999.000 -9999.000 -9999.000 -9999.000 -9999.000 -9999.000 -9999.000 -9999.000 -9999.000 -9999.000 -9999.000 -9999.000
