tests/3D/Borden05m_nopit_001/output_maps/watertableN0011.asc
ncols         160
nrows         34
xllcorner     620200.000000
yllcorner     5168000.000000
cellsize      0.500000
NODATA_value  -9999.0
[rows 0 to 28 of 34, columns 65 to 129 of 160]
-9999.000 -9999.000 -9999.000 -9999.000 -9999.000 -9999.000 -9999.000 -9999.000 -9999.000 -9999.000 -9999.000 -9999.000 -9999.000 -9999.000 -9999.000 -9999.000 -9999.000 -9999.000 -9999.000 -9999.000 -9999.000 -9999.000 -9999.000 -9999.000 -9999.000 -9999.000 -9999.000 -9999.000 -9999.000 -9999.000 -9999.000 -9999.000 -9999.000 -9999.000 -9999.000 -9999.000 -9999.000 -9999.000 -9999.000 -9999.000 -9999.000 -9999.000 -9999.000 -9999.000 -9999.000 -9999.000 -9999.000 -9999.000 -9999.000 -9999.000 -9999.000 -9999.000 -9999.000 -9999.000 -9999.000 -9999.000 -9999.000 -9999.000 -9999.000 -9999.000 -9999.000 -9999.000 -9999.000 -9999.000 -9999.000
900.000 900.000 900.000 900.000 900.000 900.000 900.000 900.000 900.000 900.000 900.000 900.000 900.000 900.000 900.000 900.000 900.000 900.000 900.000 900.000 955.072 957.865 900.000 900.000 900.000 900.000 900.000 900.000 900.000 897.770 892.116 886.811 883.406 887.178 890.427 893.823 898.308 900.000 -9999.000 -9999.000 -9999.000 -9999.000 -9999.000 -9999.000 -9999.000 -9999.000 -9999.000 -9999.000 -9999.000 -9999.000 -9999.000 -9999.000 -9999.000 -9999.000 -9999.000 -9999.000 -9999.000 -9999.000 -9999.000 -9999.000 -9999.000 -9999.000 -9999.000 -9999.000 -9999.000
900.000 959.111 961.069 961.303 961.463 957.478 900.000 900.000 900.000 900.000 900.000 900.000 900.000 900.000 900.000 900.000 900.000 900.000 900.000 900.000 956.669 960.000 961.318 958.858 956.508 900.000 900.000 900.000 900.000 900.000 900.000 894.852 896.999 900.000 900.000 900.000 900.000 900.000 900.000 900.000 900.000 958.043 900.000 900.000 900.000 900.000 900.000 899.686 -9999.000 -9999.000 -9999.000 -9999.000 -9999.000 -9999.000 -9999.000 -9999.000 -9999.000 -9999.000 -9999.000 -9999.000 -9999.000 -9999.000 -9999.000 -9999.000 -9999.000
960.681 965.299 957.678 956.725 955.823 900.000 900.000 900.000 900.000 900.000 900.000 900.000 900.000 900.000 900.000 900.000 900.000 900.000 900.000 900.000 900.000 900.000 900.000 900.000 900.000 900.000 900.000 900.000 900.000 900.000 900.000 900.000 900.000 900.000 900.000 900.000 900.000 900.000 900.000 956.038 963.381 975.290 968.037 900.000 900.000 900.000 900.000 900.000 900.000 900.000 900.000 900.000 900.000 900.000 900.000 900.000 970.660 -9999.000 -9999.000 -9999.000 -9999.000 -9999.000 -9999.000 -9999.000 -9999.000
955.380 900.000 900.000 900.000 900.000 900.000 900.000 900.000 900.000 900.000 900.000 900.000 900.000 900.000 900.000 900.000 900.000 900.000 900.000 900.000 900.000 900.000 900.000 900.000 900.000 900.000 900.000 900.000 900.000 900.000 890.982 879.045 879.946 885.233 893.606 900.000 900.000 900.000 958.925 965.142 971.666 971.877 973.838 962.749 960.625 958.564 900.000 900.000 900.000 900.000 900.000 900.000 900.000 900.000 900.000 964.203 980.630 1005.815 1034.055 1060.890 1061.901 1038.027 1014.194 -9999.000 -9999.000
900.000 900.000 900.000 900.000 898.078 898.757 900.000 900.000 900.000 900.000 893.156 885.191 884.606 884.535 876.761 878.953 881.692 887.330 885.118 882.658 871.546 864.179 857.535 859.512 871.292 882.247 884.009 881.830 879.435 873.294 862.559 852.025 856.442 863.289 873.010 900.000 900.000 900.000 900.000 900.000 900.000 900.000 900.000 959.158 959.126 959.325 959.475 900.000 900.000 900.000 900.000 900.000 900.000 900.000 961.611 976.662 993.351 1011.977 1040.015 1046.907 1054.944 1032.844 1008.972 987.901 963.232
882.895 865.203 841.760 838.946 835.775 832.303 843.398 855.764 867.724 851.779 842.336 833.664 830.928 819.862 809.948 815.243 824.182 834.096 827.827 814.384 799.618 793.568 790.433 790.385 800.337 805.520 807.898 807.013 810.431 806.993 795.590 779.697 778.923 788.817 810.777 845.994 880.314 900.000 896.275 900.000 900.000 900.000 900.000 900.000 900.000 900.000 900.000 900.000 900.000 900.000 900.000 900.000 900.000 955.620 972.747 988.141 1002.430 1017.403 1024.532 1033.721 1041.321 1028.681 1008.408 988.319 963.419
833.172 810.149 786.413 775.954 770.261 761.568 768.490 777.782 786.821 780.118 767.801 756.043 700.000 700.000 700.000 700.000 700.000 700.000 700.000 700.000 700.000 700.000 699.526 695.254 700.000 700.000 700.000 700.000 700.000 700.000 700.000 700.000 700.000 700.000 700.000 782.364 817.898 850.658 853.668 853.933 854.346 868.917 883.593 900.000 900.000 900.000 900.000 900.000 900.000 900.000 900.000 900.000 900.000 900.000 954.608 973.250 987.473 992.225 997.313 1006.819 1013.139 1006.788 992.727 978.179 965.948
700.000 700.000 677.139 653.504 632.313 628.973 638.869 648.630 662.862 668.580 655.041 643.528 632.420 621.136 609.218 601.642 602.490 602.598 600.252 596.510 590.487 584.097 577.764 570.804 569.780 578.539 586.801 596.765 605.574 608.247 608.883 601.068 601.211 620.817 645.804 674.089 700.000 700.000 756.522 700.000 764.396 780.623 800.693 836.057 853.777 869.464 898.617 900.000 891.876 877.506 868.946 884.467 900.000 900.000 900.000 959.723 966.294 967.539 970.498 976.305 978.894 974.057 960.918 957.981 900.000
626.372 595.626 562.143 500.000 500.000 500.000 500.000 500.000 500.000 500.000 500.000 500.000 500.000 499.964 489.156 484.929 486.055 485.795 484.601 481.871 479.835 475.206 468.392 457.792 445.219 448.485 464.825 478.334 493.890 500.000 500.000 500.000 500.000 500.000 500.000 500.000 584.570 614.650 635.929 652.357 669.158 687.545 700.000 765.958 798.885 826.051 853.743 857.116 830.955 802.525 810.395 821.820 839.145 863.921 888.594 900.000 900.000 900.000 900.000 900.000 900.000 900.000 900.000 900.000 900.000
500.000 486.401 453.126 419.271 392.131 387.259 395.129 405.556 417.010 426.070 429.475 424.583 416.146 402.733 391.142 325.000 325.000 325.000 325.000 325.000 325.000 325.000 325.000 325.000 325.000 325.000 325.000 325.000 391.833 400.745 407.747 413.038 412.969 411.583 412.801 432.429 463.607 500.000 500.000 500.000 563.941 576.219 591.671 632.755 656.018 686.689 700.000 700.000 700.000 700.000 700.000 700.000 767.639 793.380 819.159 845.476 855.200 860.570 868.275 874.587 883.195 893.658 897.685 900.000 900.000
391.009 325.000 325.000 325.000 311.358 294.285 296.349 306.122 320.702 323.466 323.969 323.082 318.402 313.413 300.639 287.238 282.240 281.641 283.951 282.207 281.457 281.506 281.647 279.220 273.929 271.839 274.646 287.136 304.605 319.858 325.000 325.000 325.000 325.000 325.000 325.000 325.000 400.060 432.199 454.666 469.351 479.811 487.178 496.699 500.000 500.000 572.453 607.868 618.442 627.587 638.902 662.755 690.024 700.000 700.000 775.890 795.011 801.966 808.467 816.878 828.509 839.573 846.690 860.419 868.549
287.194 271.878 262.013 200.000 200.000 200.000 200.000 200.000 200.000 200.000 200.000 200.000 200.000 200.000 200.000 200.000 200.000 200.000 200.000 200.000 200.000 200.000 200.000 200.000 200.000 200.000 200.000 200.000 200.000 200.000 200.000 200.000 258.472 266.509 275.256 283.589 295.861 318.106 325.000 325.000 386.470 391.030 394.375 397.313 408.878 426.570 451.617 485.829 500.000 500.000 500.000 571.217 590.081 603.806 636.755 670.583 695.696 700.000 700.000 700.000 758.008 775.910 792.865 809.958 827.391
200.000 200.000 200.000 200.000 200.000 200.000 200.000 200.000 200.000 200.000 200.000 200.000 200.000 200.000 200.000 200.000 200.000 200.000 200.000 200.000 200.000 200.000 200.000 200.000 200.000 200.000 200.000 200.000 200.000 200.000 200.000 200.000 200.000 200.000 200.000 200.000 200.000 200.000 272.557 301.299 316.601 322.358 320.029 322.002 325.000 325.000 325.000 398.382 432.690 449.967 461.252 469.593 477.966 490.385 500.000 559.945 588.580 608.065 633.957 654.768 673.802 695.661 700.000 700.000 757.764
200.000 200.000 200.000 200.000 200.000 200.000 200.000 200.000 200.000 200.000 200.000 200.000 200.000 255.393 200.000 200.000 200.000 200.000 200.000 200.000 200.000 200.000 200.000 255.056 200.000 200.000 200.000 200.000 200.000 200.000 200.000 200.000 200.000 200.000 200.000 200.000 200.000 200.000 200.000 200.000 200.000 256.096 200.000 256.932 267.032 285.612 306.438 325.000 325.000 380.969 388.357 392.174 397.178 404.057 434.071 465.813 496.976 500.000 500.000 570.261 591.910 613.715 636.502 660.692 684.862
200.000 200.000 200.000 200.000 200.000 200.000 200.000 200.000 200.000 255.940 269.500 280.503 291.381 297.185 297.841 291.994 283.250 275.485 271.224 276.183 282.735 292.297 300.058 299.904 297.002 288.605 276.913 274.403 273.949 278.242 281.596 287.091 288.674 282.121 268.299 254.990 200.000 200.000 200.000 200.000 200.000 200.000 200.000 200.000 200.000 200.000 200.000 270.449 291.506 315.695 323.078 325.000 325.000 325.000 325.000 386.871 418.271 446.018 471.194 493.272 500.000 500.000 563.383 587.637 615.245
200.000 261.938 271.797 280.609 285.254 284.181 281.820 280.956 286.189 299.081 315.030 325.000 325.000 325.000 325.000 325.000 325.000 324.126 318.700 325.000 325.000 325.000 325.000 325.000 325.000 325.000 325.000 317.813 317.439 325.000 325.000 325.000 325.000 325.000 319.592 301.739 289.092 281.124 276.144 268.640 259.833 200.000 200.000 200.000 200.000 200.000 200.000 200.000 200.000 200.000 262.949 272.773 278.386 286.678 305.242 325.000 325.000 325.000 400.318 417.640 440.457 465.395 490.103 500.000 500.000
293.351 302.987 313.596 323.631 325.000 325.000 325.000 325.000 325.000 325.000 325.000 388.780 403.521 411.838 417.203 422.253 415.039 398.637 389.303 404.283 414.703 428.401 435.246 438.540 437.088 427.218 404.372 386.145 380.616 389.497 397.308 401.743 403.761 399.718 385.137 325.000 325.000 325.000 325.000 320.676 311.324 298.208 285.698 273.341 258.232 200.000 200.000 200.000 200.000 200.000 200.000 200.000 200.000 200.000 256.259 277.325 302.273 325.000 325.000 325.000 325.000 398.429 427.567 456.629 488.735
325.000 325.000 393.621 409.162 422.163 425.711 431.031 433.845 441.967 448.419 458.269 473.420 489.875 500.000 500.000 500.000 500.000 500.000 500.000 500.000 500.000 500.000 500.000 500.000 500.000 500.000 497.853 486.363 481.326 486.564 482.790 479.120 479.645 466.452 453.996 437.548 417.832 397.431 387.222 325.000 325.000 325.000 325.000 324.896 304.335 282.575 268.806 259.260 200.000 200.000 200.000 200.000 200.000 200.000 200.000 200.000 257.976 277.542 294.464 308.276 320.448 325.000 325.000 399.056 429.389
409.014 449.842 479.309 495.550 500.000 500.000 500.000 500.000 561.209 567.910 565.323 576.180 592.875 606.870 613.737 618.788 629.548 634.624 630.137 619.964 626.383 629.893 627.272 629.709 632.324 624.371 609.734 601.552 593.402 585.715 583.336 578.947 557.812 500.000 500.000 500.000 494.787 474.171 457.148 446.309 433.907 416.868 401.774 382.624 325.000 325.000 317.862 305.348 295.087 284.628 270.387 200.000 200.000 200.000 200.000 200.000 200.000 200.000 200.000 265.322 273.243 292.504 318.447 325.000 325.000
500.000 500.000 576.002 595.508 617.237 631.522 652.708 680.994 698.827 694.869 687.372 688.757 700.000 700.000 700.000 700.000 700.000 759.949 700.000 700.000 700.000 700.000 700.000 700.000 700.000 700.000 700.000 700.000 700.000 700.000 693.799 668.723 646.846 632.662 614.664 596.568 575.842 500.000 500.000 500.000 500.000 488.089 469.022 449.235 425.265 397.564 325.000 325.000 325.000 325.000 321.099 300.185 280.399 259.480 200.000 200.000 200.000 200.000 200.000 200.000 200.000 200.000 273.469 301.395 325.000
620.948 657.366 681.363 700.000 700.000 700.000 776.172 801.672 819.764 812.200 804.675 794.482 806.225 817.543 823.643 837.594 851.120 864.753 856.602 847.199 831.700 828.311 825.381 819.461 821.127 823.624 831.095 822.965 814.016 802.342 777.831 700.000 700.000 700.000 696.693 676.810 655.219 633.505 611.163 594.507 577.952 558.738 500.000 500.000 500.000 475.329 453.718 436.652 418.562 404.267 382.156 325.000 325.000 302.181 282.819 268.632 256.261 200.000 200.000 200.000 200.000 200.000 200.000 259.828 284.205
764.091 782.772 799.938 821.184 841.111 860.763 885.865 900.000 900.000 900.000 900.000 898.388 900.000 900.000 900.000 900.000 900.000 900.000 900.000 900.000 900.000 900.000 900.000 894.651 894.863 900.000 900.000 900.000 892.569 877.722 857.385 836.215 815.848 797.370 776.907 755.526 700.000 700.000 686.508 669.370 648.340 626.237 607.956 596.449 581.964 558.118 500.000 500.000 500.000 485.363 458.615 427.238 390.295 325.000 323.804 310.166 297.687 286.934 270.818 200.000 200.000 200.000 200.000 200.000 200.000
876.765 894.155 900.000 900.000 900.000 966.172 984.535 1005.651 1023.886 1017.981 1004.159 991.679 989.134 991.843 994.623 1002.173 1015.612 1026.555 1018.263 1002.867 987.860 978.121 971.657 965.631 968.583 977.012 983.930 976.521 961.798 900.000 900.000 900.000 890.113 869.920 848.870 827.913 804.820 781.104 757.227 700.000 700.000 691.741 681.597 671.224 662.874 646.872 629.839 610.557 589.309 567.768 500.000 500.000 463.068 426.521 391.650 325.000 325.000 325.000 317.114 296.787 280.052 265.953 200.000 200.000 200.000
970.124 986.526 995.533 1009.406 1027.916 1040.766 1057.032 1074.993 1075.388 1071.546 1059.241 1057.008 1056.081 1058.854 1059.763 1064.257 1075.518 1069.244 1061.529 1046.679 1035.831 1026.588 1020.435 1016.409 1017.025 1024.181 1021.520 1014.652 1000.458 989.115 974.444 900.000 900.000 900.000 898.123 876.611 853.990 830.082 804.374 781.264 762.553 700.000 700.000 700.000 700.000 700.000 700.000 700.000 680.076 658.987 632.062 594.020 500.000 500.000 471.327 434.690 413.839 392.416 325.000 325.000 325.000 311.297 298.925 296.106 288.815
1061.145 1069.655 1079.865 1090.874 1100.000 1100.000 1100.000 1100.000 1100.000 1100.000 1100.000 1100.000 1100.000 1100.000 1100.000 1100.000 1100.000 1100.000 1100.000 1097.715 1086.673 1076.440 1072.518 1068.424 1065.588 1062.403 1060.028 1055.895 1044.808 1033.377 1020.514 1004.074 987.219 969.010 900.000 900.000 900.000 877.247 851.532 831.950 822.690 813.208 809.506 814.000 818.294 810.579 798.755 787.941 768.314 700.000 700.000 684.968 637.964 593.797 558.175 500.000 492.297 466.452 442.594 412.448 386.976 325.000 325.000 325.000 325.000
1100.000 1100.000 1100.000 1100.000 1166.598 1176.677 1178.390 1180.546 1182.469 1183.952 1180.485 1176.761 1172.434 1172.732 1172.282 1169.649 1165.404 1159.628 1100.000 1100.000 1100.000 1100.000 1100.000 1100.000 1099.653 1097.171 1094.203 1090.105 1078.971 1067.545 1055.477 1038.890 1021.696 1003.080 981.398 956.586 900.000 900.000 876.667 855.426 846.750 842.519 844.128 849.731 861.683 862.319 851.353 847.765 834.326 814.030 801.169 764.677 700.000 687.992 652.856 616.625 572.175 500.000 500.000 482.933 452.300 422.141 406.163 397.352 387.017
1184.472 1196.784 1207.035 1216.549 1224.424 1226.598 1229.438 1231.188 1232.383 1233.893 1231.506 1227.264 1223.151 1221.153 1218.509 1215.441 1209.398 1200.508 1191.962 1180.148 1165.660 1100.000 1100.000 1100.000 1100.000 1100.000 1100.000 1100.000 1100.000 1100.000 1089.630 1072.496 1054.346 1035.876 1010.576 981.443 900.000 900.000 900.000 877.980 874.594 873.240 873.850 886.942 900.000 900.000 900.000 900.000 894.988 882.644 870.368 842.011 812.858 782.468 700.000 699.901 654.113 623.526 592.268 561.106 500.000 500.000 489.904 475.147 458.935
1237.817 1252.227 1261.240 1265.061 1266.773 1270.079 1269.373 1268.185 1269.438 1272.901 1273.334 1268.496 1264.669 1262.090 1258.845 1248.665 1238.873 1231.317 1224.224 1211.750 1197.420 1182.064 1172.404 1166.395 1157.375 1100.000 1100.000 1100.000 1100.000 1100.000 1100.000 1100.000 1084.669 1057.177 1026.685 996.841 966.079 900.000 900.000 892.641 892.437 892.336 892.941 900.000 900.000 900.000 900.000 900.000 900.000 900.000 900.000 900.000 876.997 851.308 812.818 767.301 700.000 700.000 669.838 640.734 617.897 595.784 577.654 558.671 500.000
