tests/3D/Borden05m_nopit_001/output_maps/watertableN0038.asc
ncols         160
nrows         34
xllcorner     620200.000000
yllcorner     5168000.000000
cellsize      0.500000
NODATA_value  -9999.0
[rows 0 to 28 of 34, columns 65 to 129 of 160]
-9999.000 -9999.000 -9999.000 -9999.000 -9999.000 -9999.000 -9999.000 -9999.000 -9999.000 -9999.000 -9999.000 -9999.000 -9999.000 -9999.000 -9999.000 -9999.000 -9999.000 -9999.000 -9999.000 -9999.000 -9999.000 -9999.000 -9999.000 -9999.000 -9999.000 -9999.000 -9999.000 -9999.000 -9999.000 -9999.000 -9999.000 -9999.000 -9999.000 -9999.000 -9999.000 -9999.000 -9999.000 -9999.000 -9999.000 -9999.000 -9999.000 -9999.000 -9999.000 -9999.000 -9999.000 -9999.000 -9999.000 -9999.000 -9999.000 -9999.000 -9999.000 -9999.000 -9999.000 -9999.000 -9999.000 -9999.000 -9999.000 -9999.000 -9999.000 -9999.000 -9999.000 -9999.000 -9999.000 -9999.000 -9999.000
900.000 900.000 900.000 900.000 900.000 900.000 900.000 900.000 900.000 900.000 900.000 900.000 900.000 900.000 900.000 900.000 900.000 900.000 900.000 900.000 955.077 957.871 900.000 900.000 900.000 900.000 900.000 900.000 900.000 897.784 892.132 886.829 883.427 887.201 890.453 893.852 898.341 900.000 -9999.000 -9999.000 -9999.000 -9999.000 -9999.000 -9999.000 -9999.000 -9999.000 -9999.000 -9999.000 -9999.000 -9999.000 -9999.000 -9999.000 -9999.000 -9999.000 -9999.000 -9999.000 -9999.000 -9999.000 -9999.000 -9999.000 -9999.000 -9999.000 -9999.000 -9999.000 -9999.000
900.000 959.111 961.070 961.303 961.464 957.478 900.000 900.000 900.000 900.000 900.000 900.000 900.000 900.000 900.000 900.000 900.000 900.000 900.000 900.000 956.674 960.006 961.324 958.865 956.516 900.000 900.000 900.000 900.000 900.000 900.000 894.871 897.020 900.000 900.000 900.000 900.000 900.000 900.000 900.000 900.000 958.118 900.000 900.000 900.000 900.000 900.000 899.807 -9999.000 -9999.000 -9999.000 -9999.000 -9999.000 -9999.000 -9999.000 -9999.000 -9999.000 -9999.000 -9999.000 -9999.000 -9999.000 -9999.000 -9999.000 -9999.000 -9999.000
960.681 965.299 957.678 956.725 955.824 900.000 900.000 900.000 900.000 900.000 900.000 900.000 900.000 900.000 900.000 900.000 900.000 900.000 900.000 900.000 900.000 900.000 900.000 900.000 900.000 900.000 900.000 900.000 900.000 900.000 900.000 900.000 900.000 900.000 900.000 900.000 900.000 900.000 900.000 956.097 963.449 975.368 968.123 900.000 900.000 900.000 900.000 900.000 900.000 900.000 900.000 900.000 900.000 900.000 900.000 900.000 971.023 -9999.000 -9999.000 -9999.000 -9999.000 -9999.000 -9999.000 -9999.000 -9999.000
955.380 900.000 900.000 900.000 900.000 900.000 900.000 900.000 900.000 900.000 900.000 900.000 900.000 900.000 900.000 900.000 900.000 900.000 900.000 900.000 900.000 900.000 900.000 900.000 900.000 900.000 900.000 900.000 900.000 900.000 891.000 879.065 879.968 885.259 893.635 900.000 900.000 900.000 958.979 965.205 971.737 971.957 973.928 962.849 960.735 958.687 900.000 900.000 900.000 900.000 900.000 900.000 900.000 900.000 900.000 964.556 981.029 1006.276 1034.569 1061.451 1062.508 1038.677 1014.873 -9999.000 -9999.000
900.000 900.000 900.000 900.000 898.079 898.757 900.000 900.000 900.000 900.000 893.157 885.192 884.607 884.536 876.763 878.955 881.694 887.333 885.122 882.662 871.551 864.184 857.541 859.519 871.301 882.256 884.020 881.843 879.450 873.311 862.578 852.046 856.467 863.317 873.041 900.000 900.000 900.000 900.000 900.000 900.000 900.000 900.000 959.262 959.243 959.455 959.619 900.000 900.000 900.000 900.000 900.000 900.000 900.000 961.948 977.044 993.781 1012.459 1040.550 1047.484 1055.573 1033.522 1009.695 988.672 964.018
882.895 865.203 841.760 838.947 835.775 832.303 843.398 855.765 867.725 851.780 842.337 833.665 830.929 819.864 809.950 815.245 824.185 834.099 827.831 814.389 799.623 793.574 790.440 790.393 800.345 805.530 807.910 807.027 810.447 807.011 795.610 779.719 778.948 788.846 810.810 846.033 880.359 900.000 896.332 900.000 900.000 900.000 900.000 900.000 900.000 900.000 900.000 900.000 900.000 900.000 900.000 900.000 900.000 955.940 973.112 988.555 1002.893 1017.918 1025.094 1034.334 1041.988 1029.401 1009.172 989.118 964.232
833.173 810.149 786.414 775.955 770.262 761.569 768.490 777.783 786.822 780.119 767.802 756.044 700.000 700.000 700.000 700.000 700.000 700.000 700.000 700.000 700.000 700.000 699.533 695.262 700.000 700.000 700.000 700.000 700.000 700.000 700.000 700.000 700.000 700.000 700.000 782.405 817.947 850.714 853.731 854.003 854.425 869.007 883.694 900.000 900.000 900.000 900.000 900.000 900.000 900.000 900.000 900.000 900.000 900.000 954.992 973.686 987.962 992.764 997.904 1007.467 1013.845 1007.545 993.526 979.011 966.806
700.000 700.000 677.139 653.505 632.313 628.974 638.870 648.631 662.863 668.581 655.042 643.529 632.421 621.138 609.220 601.644 602.493 602.601 600.256 596.515 590.492 584.103 577.771 570.813 569.790 578.551 586.814 596.780 605.591 608.267 608.906 601.093 601.240 620.850 645.843 674.133 700.000 700.000 756.589 700.000 764.480 780.718 800.801 836.182 853.916 869.620 898.794 900.000 892.095 877.747 869.211 884.762 900.000 900.000 900.000 960.189 966.810 968.104 971.116 976.981 979.627 974.840 961.740 958.847 900.000
626.372 595.627 562.143 500.000 500.000 500.000 500.000 500.000 500.000 500.000 500.000 500.000 500.000 499.966 489.158 484.932 486.058 485.799 484.606 481.876 479.841 475.213 468.401 457.802 445.231 448.499 464.840 478.351 493.909 500.000 500.000 500.000 500.000 500.000 500.000 500.000 584.624 614.712 635.999 652.436 669.248 687.647 700.000 766.096 799.043 826.230 853.945 857.341 831.200 802.789 810.689 822.147 839.508 864.326 889.043 900.000 900.000 900.000 900.000 900.000 900.000 900.000 900.000 900.000 900.000
500.000 486.401 453.127 419.271 392.132 387.259 395.130 405.557 417.011 426.072 429.476 424.585 416.148 402.736 391.145 325.000 325.000 325.000 325.000 325.000 325.000 325.000 325.000 325.000 325.000 325.000 325.000 325.000 391.859 400.775 407.781 413.077 413.013 411.633 412.857 432.490 463.674 500.000 500.000 500.000 564.041 576.332 591.799 632.905 656.188 686.882 700.000 700.000 700.000 700.000 700.000 700.000 768.038 793.828 819.659 846.032 855.806 861.229 868.992 875.364 884.036 894.565 898.655 900.000 900.000
391.010 325.000 325.000 325.000 311.359 294.286 296.350 306.124 320.704 323.468 323.972 323.084 318.405 313.416 300.643 287.243 282.246 281.648 283.959 282.216 281.468 281.519 281.662 279.238 273.950 271.863 274.674 287.167 304.640 319.897 325.000 325.000 325.000 325.000 325.000 325.000 325.000 400.157 432.303 454.779 469.476 479.950 487.334 496.874 500.000 500.000 572.693 608.136 618.732 627.908 639.258 663.154 690.472 700.000 700.000 776.512 795.696 802.712 809.277 817.758 829.464 840.607 847.799 861.611 869.820
287.195 271.879 262.014 200.000 200.000 200.000 200.000 200.000 200.000 200.000 200.000 200.000 200.000 200.000 200.000 200.000 200.000 200.000 200.000 200.000 200.000 200.000 200.000 200.000 200.000 200.000 200.000 200.000 200.000 200.000 200.000 200.000 258.543 266.590 275.349 283.693 295.977 318.235 325.000 325.000 386.641 391.222 394.590 397.554 409.141 426.854 451.921 486.154 500.000 500.000 500.000 571.684 590.600 604.375 637.385 671.281 696.461 700.000 700.000 700.000 759.073 777.070 794.126 811.326 828.867
200.000 200.000 200.000 200.000 200.000 200.000 200.000 200.000 200.000 200.000 200.000 200.000 200.000 200.000 200.000 200.000 200.000 200.000 200.000 200.000 200.000 200.000 200.000 200.000 200.000 200.000 200.000 200.000 200.000 200.000 200.000 200.000 200.000 200.000 200.000 200.000 200.000 200.000 272.731 301.495 316.822 322.608 320.312 322.321 325.000 325.000 325.000 398.828 433.164 450.473 461.802 470.196 478.623 491.092 500.000 560.760 589.458 609.007 634.982 655.881 675.010 696.975 700.000 700.000 759.420
200.000 200.000 200.000 200.000 200.000 200.000 200.000 200.000 200.000 200.000 200.000 200.000 200.000 255.398 200.000 200.000 200.000 200.000 200.000 200.000 200.000 200.000 200.000 255.076 200.000 200.000 200.000 200.000 200.000 200.000 200.000 200.000 200.000 200.000 200.000 200.000 200.000 200.000 200.000 200.000 200.000 256.388 200.000 257.311 267.460 286.093 306.972 325.000 325.000 381.671 389.127 393.022 398.103 405.049 435.111 466.888 498.092 500.000 500.000 571.584 593.330 615.242 638.145 662.464 686.773
200.000 200.000 200.000 200.000 200.000 200.000 200.000 200.000 200.000 255.942 269.502 280.506 291.384 297.189 297.846 291.999 283.256 275.493 271.233 276.194 282.747 292.311 300.074 299.923 297.024 288.631 276.944 274.440 273.992 278.291 281.654 287.158 288.752 282.214 268.407 255.118 200.000 200.000 200.000 200.000 200.000 200.000 200.000 200.000 200.000 200.000 200.000 271.148 292.292 316.577 324.064 325.000 325.000 325.000 325.000 388.379 419.832 447.623 472.854 495.004 500.000 500.000 565.383 589.758 617.512
200.000 261.939 271.798 280.610 285.255 284.183 281.821 280.958 286.191 299.083 315.032 325.000 325.000 325.000 325.000 325.000 325.000 324.132 318.708 325.000 325.000 325.000 325.000 325.000 325.000 325.000 325.000 317.845 317.477 325.000 325.000 325.000 325.000 325.000 319.692 301.859 289.235 281.294 276.345 268.876 260.111 200.000 200.000 200.000 200.000 200.000 200.000 200.000 200.000 200.000 264.085 274.054 279.824 288.280 307.016 325.000 325.000 381.819 402.664 420.089 442.991 467.993 492.760 500.000 500.000
293.352 302.988 313.597 323.631 325.000 325.000 325.000 325.000 325.000 325.000 325.000 388.782 403.524 411.840 417.206 422.256 415.043 398.642 389.308 404.290 414.711 428.410 435.256 438.552 437.102 427.235 404.393 386.170 380.646 389.532 397.348 401.790 403.817 399.785 385.220 325.000 325.000 325.000 325.000 320.896 311.588 298.523 286.074 273.785 258.753 200.000 200.000 200.000 200.000 200.000 200.000 200.000 200.000 200.000 258.283 279.595 304.801 325.000 325.000 325.000 325.000 402.102 431.331 460.442 492.609
325.000 325.000 393.622 409.162 422.164 425.712 431.031 433.846 441.968 448.420 458.270 473.422 489.876 500.000 500.000 500.000 500.000 500.000 500.000 500.000 500.000 500.000 500.000 500.000 500.000 500.000 497.869 486.384 481.349 486.592 482.822 479.158 479.690 466.506 454.063 437.630 417.934 397.556 387.375 325.000 325.000 325.000 325.000 325.000 304.838 283.174 269.514 260.089 200.000 200.000 200.000 200.000 200.000 200.000 200.000 200.000 260.804 280.726 298.026 312.230 324.800 325.000 325.000 404.412 434.913
409.014 449.842 479.310 495.550 500.000 500.000 500.000 500.000 561.209 567.911 565.324 576.182 592.877 606.872 613.739 618.791 629.551 634.627 630.141 619.969 626.389 629.900 627.281 629.719 632.336 624.385 609.749 601.570 593.424 585.741 583.365 578.983 557.853 500.000 500.000 500.000 494.870 474.272 457.271 446.460 434.092 417.098 402.061 382.983 325.000 325.000 318.530 306.148 296.039 285.753 271.707 200.000 200.000 200.000 200.000 200.000 200.000 200.000 254.881 269.728 278.191 298.053 324.649 325.000 382.824
500.000 500.000 576.003 595.509 617.237 631.523 652.709 680.995 698.828 694.870 687.374 688.758 700.000 700.000 700.000 700.000 700.000 759.953 700.000 700.000 700.000 700.000 700.000 700.000 700.000 700.000 700.000 700.000 700.000 700.000 693.829 668.758 646.886 632.709 614.719 596.633 575.918 500.000 500.000 500.000 500.000 488.277 469.254 449.524 425.630 398.026 325.000 325.000 325.000 325.000 322.373 301.709 282.198 261.578 200.000 200.000 200.000 200.000 200.000 200.000 200.000 259.130 280.428 309.319 325.000
620.948 657.367 681.364 700.000 700.000 700.000 776.173 801.673 819.765 812.201 804.677 794.484 806.226 817.545 823.645 837.597 851.123 864.757 856.606 847.204 831.706 828.318 825.389 819.471 821.138 823.638 831.112 822.984 814.038 802.369 777.861 700.000 700.000 700.000 696.748 676.874 655.294 633.592 611.265 594.627 578.094 558.906 500.000 500.000 500.000 475.698 454.176 437.223 419.275 405.161 383.280 325.000 325.000 304.250 285.265 271.493 259.578 200.000 200.000 200.000 200.000 200.000 200.000 268.439 294.106
764.091 782.772 799.938 821.185 841.112 860.764 885.866 900.000 900.000 900.000 900.000 898.389 900.000 900.000 900.000 900.000 900.000 900.000 900.000 900.000 900.000 900.000 900.000 894.661 894.875 900.000 900.000 900.000 892.591 877.748 857.415 836.250 815.890 797.418 776.963 755.592 700.000 700.000 686.610 669.489 648.479 626.399 608.146 596.675 582.235 558.439 500.000 500.000 500.000 486.079 459.521 428.407 391.802 325.000 325.000 312.971 301.014 290.837 275.350 257.213 200.000 200.000 200.000 200.000 200.000
876.765 894.155 900.000 900.000 900.000 966.172 984.536 1005.652 1023.887 1017.982 1004.160 991.681 989.135 991.845 994.625 1002.175 1015.615 1026.559 1018.268 1002.872 987.866 978.128 971.665 965.641 968.595 977.026 983.947 976.541 961.821 900.000 900.000 900.000 890.155 869.968 848.927 827.979 804.898 781.194 757.331 700.000 700.000 691.902 681.786 671.446 663.137 647.182 630.206 610.991 589.825 568.389 500.000 500.000 464.286 428.103 393.682 325.000 325.000 325.000 321.624 302.098 286.249 273.149 262.173 200.000 200.000
970.125 986.526 995.534 1009.406 1027.916 1040.766 1057.033 1074.994 1075.389 1071.547 1059.242 1057.009 1056.082 1058.855 1059.765 1064.259 1075.521 1069.248 1061.533 1046.684 1035.837 1026.595 1020.443 1016.419 1017.036 1024.195 1021.536 1014.671 1000.481 989.142 974.475 900.000 900.000 900.000 898.180 876.676 854.067 830.171 804.478 781.384 762.692 700.000 700.000 700.000 700.000 700.000 700.000 700.000 680.580 659.582 632.771 594.866 500.000 500.000 472.952 436.770 416.485 395.753 325.000 325.000 325.000 318.577 307.510 306.194 300.592
1061.146 1069.655 1079.865 1090.874 1100.000 1100.000 1100.000 1100.000 1100.000 1100.000 1100.000 1100.000 1100.000 1100.000 1100.000 1100.000 1100.000 1100.000 1100.000 1097.720 1086.679 1076.447 1072.526 1068.433 1065.599 1062.416 1060.044 1055.914 1044.831 1033.403 1020.546 1004.111 987.262 969.060 900.000 900.000 900.000 877.335 851.636 832.070 822.832 813.374 809.700 814.230 818.565 810.896 799.125 788.375 768.819 700.000 700.000 685.782 638.916 594.926 559.543 500.000 494.400 469.120 446.013 416.835 392.521 325.000 325.000 325.000 325.000
1100.000 1100.000 1100.000 1100.000 1166.598 1176.677 1178.390 1180.547 1182.470 1183.953 1180.486 1176.762 1172.435 1172.734 1172.284 1169.652 1165.407 1159.632 1100.000 1100.000 1100.000 1100.000 1100.000 1100.000 1099.664 1097.184 1094.219 1090.123 1078.993 1067.571 1055.508 1038.927 1021.739 1003.131 981.457 956.654 900.000 900.000 876.768 855.543 846.889 842.681 844.319 849.955 861.948 862.631 851.718 848.196 834.831 814.619 801.863 765.480 700.000 689.085 654.142 618.146 573.979 500.000 500.000 486.424 456.792 427.912 413.459 406.491 398.420
1184.473 1196.785 1207.035 1216.549 1224.424 1226.599 1229.438 1231.188 1232.383 1233.894 1231.507 1227.265 1223.152 1221.154 1218.512 1215.443 1209.401 1200.511 1191.966 1180.154 1165.666 1100.000 1100.000 1100.000 1100.000 1100.000 1100.000 1100.000 1100.000 1100.000 1089.660 1072.531 1054.388 1035.927 1010.635 981.511 900.000 900.000 900.000 878.096 874.730 873.400 874.036 887.162 900.000 900.000 900.000 900.000 895.489 883.230 871.057 842.818 813.798 783.559 700.000 700.000 655.811 625.534 594.669 564.021 500.000 500.000 495.612 482.404 468.292
1237.818 1252.228 1261.240 1265.061 1266.773 1270.079 1269.374 1268.186 1269.439 1272.902 1273.335 1268.497 1264.670 1262.092 1258.847 1248.667 1238.876 1231.321 1224.228 1211.755 1197.426 1182.072 1172.412 1166.405 1157.386 1100.000 1100.000 1100.000 1100.000 1100.000 1100.000 1100.000 1084.710 1057.226 1026.743 996.909 966.157 900.000 900.000 892.755 892.571 892.493 893.125 900.000 900.000 900.000 900.000 900.000 900.000 900.000 900.000 900.000 877.922 852.393 814.075 768.737 700.000 700.000 672.113 643.417 621.102 599.649 582.374 564.499 500.000
