tests/3D/Borden05m_nopit_001/output_maps/watertableN0005.asc
ncols         160
nrows         34
xllcorner     620200.000000
yllcorner     5168000.000000
cellsize      0.500000
NODATA_value  -9999.0
[rows 0 to 28 of 34, columns 65 to 129 of 160]
-9999.000 -9999.000 -9999.000 -9999.000 -9999.000 -9999.000 -9999.000 -9999.000 -9999.000 -9999.000 -9999.000 -9999.000 -9999.000 -9999.000 -9999.000 -9999.000 -9999.000 -9999.000 -9999.000 -9999.000 -9999.000 -9999.000 -9999.000 -9999.000 -9999.000 -9999.000 -9999.000 -9999.000 -9999.000 -9999.000 -9999.000 -9999.000 -9999.000 -9999.000 -9999.000 -9999.000 -9999.000 -9999.000 -9999.000 -9999.000 -9999.000 -9999.000 -9999.000 -9999.000 -9999.000 -9999.000 -9999.000 -9999.000 -9999.000 -9999.000 -9999.000 -9999.000 -9999.000 -9999.000 -9999.000 -9999.000 -9999.000 -9999.000 -9999.000 -9999.000 -9999.000 -9999.000 -9999.000 -9999.000 -9999.000
900.000 900.000 900.000 900.000 900.000 900.000 900.000 900.000 900.000 900.000 900.000 900.000 900.000 900.000 900.000 900.000 900.000 900.000 900.000 900.000 955.072 957.865 900.000 900.000 900.000 900.000 900.000 900.000 900.000 897.768 892.114 886.808 883.403 887.174 890.422 893.817 898.302 900.000 -9999.000 -9999.000 -9999.000 -9999.000 -9999.000 -9999.000 -9999.000 -9999.000 -9999.000 -9999.000 -9999.000 -9999.000 -9999.000 -9999.000 -9999.000 -9999.000 -9999.000 -9999.000 -9999.000 -9999.000 -9999.000 -9999.000 -9999.000 -9999.000 -9999.000 -9999.000 -9999.000
900.000 959.110 961.069 961.302 961.463 957.478 900.000 900.000 900.000 900.000 900.000 900.000 900.000 900.000 900.000 900.000 900.000 900.000 900.000 900.000 956.669 960.000 961.318 958.857 956.507 900.000 900.000 900.000 900.000 900.000 900.000 894.849 896.995 900.000 900.000 900.000 900.000 900.000 900.000 900.000 900.000 958.025 900.000 900.000 900.000 900.000 900.000 899.648 -9999.000 -9999.000 -9999.000 -9999.000 -9999.000 -9999.000 -9999.000 -9999.000 -9999.000 -9999.000 -9999.000 -9999.000 -9999.000 -9999.000 -9999.000 -9999.000 -9999.000
960.681 965.299 957.678 956.724 955.823 900.000 900.000 900.000 900.000 900.000 900.000 900.000 900.000 900.000 900.000 900.000 900.000 900.000 900.000 900.000 900.000 900.000 900.000 900.000 900.000 900.000 900.000 900.000 900.000 900.000 900.000 900.000 900.000 900.000 900.000 900.000 900.000 900.000 900.000 956.025 963.365 975.272 968.016 900.000 900.000 900.000 900.000 900.000 900.000 900.000 900.000 900.000 900.000 900.000 900.000 900.000 970.531 -9999.000 -9999.000 -9999.000 -9999.000 -9999.000 -9999.000 -9999.000 -9999.000
955.380 900.000 900.000 900.000 900.000 900.000 900.000 900.000 900.000 900.000 900.000 900.000 900.000 900.000 900.000 900.000 900.000 900.000 900.000 900.000 900.000 900.000 900.000 900.000 900.000 900.000 900.000 900.000 900.000 900.000 890.979 879.041 879.942 885.229 893.600 900.000 900.000 900.000 958.913 965.129 971.649 971.858 973.815 962.723 960.595 958.529 900.000 900.000 900.000 900.000 900.000 900.000 900.000 900.000 900.000 964.077 980.492 1005.659 1033.880 1060.690 1061.682 1037.796 1013.952 -9999.000 -9999.000
900.000 900.000 900.000 900.000 898.078 898.757 900.000 900.000 900.000 900.000 893.156 885.191 884.606 884.534 876.760 878.952 881.692 887.330 885.118 882.658 871.546 864.178 857.534 859.511 871.291 882.245 884.008 881.828 879.433 873.292 862.557 852.021 856.438 863.284 873.004 900.000 900.000 900.000 900.000 900.000 900.000 900.000 900.000 959.130 959.094 959.287 959.431 900.000 900.000 900.000 900.000 900.000 900.000 900.000 961.489 976.529 993.204 1011.814 1039.831 1046.703 1054.717 1032.600 1008.703 987.588 962.883
882.895 865.203 841.760 838.946 835.775 832.303 843.398 855.764 867.724 851.779 842.336 833.664 830.928 819.862 809.948 815.242 824.182 834.096 827.826 814.384 799.617 793.567 790.433 790.385 800.336 805.518 807.896 807.012 810.429 806.990 795.587 779.693 778.919 788.812 810.771 845.987 880.304 900.000 896.262 900.000 900.000 900.000 900.000 900.000 900.000 900.000 900.000 900.000 900.000 900.000 900.000 900.000 900.000 955.501 972.615 987.996 1002.269 1017.225 1024.336 1033.505 1041.080 1028.417 1008.115 987.989 963.055
833.172 810.149 786.413 775.954 770.261 761.568 768.490 777.782 786.821 780.118 767.801 756.043 700.000 700.000 700.000 700.000 700.000 700.000 700.000 700.000 700.000 700.000 699.525 695.253 700.000 700.000 700.000 700.000 700.000 700.000 700.000 700.000 700.000 700.000 700.000 782.356 817.889 850.646 853.654 853.917 854.327 868.895 883.566 900.000 900.000 900.000 900.000 900.000 900.000 900.000 900.000 900.000 900.000 900.000 954.464 973.090 987.296 992.030 997.099 1006.582 1012.876 1006.498 992.405 977.822 965.555
700.000 700.000 677.139 653.504 632.313 628.973 638.869 648.630 662.862 668.579 655.041 643.528 632.420 621.136 609.217 601.641 602.489 602.597 600.252 596.510 590.486 584.096 577.763 570.804 569.779 578.538 586.799 596.763 605.571 608.244 608.880 601.064 601.207 620.812 645.798 674.081 700.000 700.000 756.508 700.000 764.376 780.600 800.666 836.025 853.738 869.419 898.561 900.000 891.804 877.425 868.856 884.363 900.000 900.000 900.000 959.543 966.095 967.320 970.256 976.037 978.599 973.732 960.564 957.591 900.000
626.371 595.626 562.143 500.000 500.000 500.000 500.000 500.000 500.000 500.000 500.000 500.000 500.000 499.964 489.155 484.928 486.055 485.795 484.601 481.871 479.834 475.205 468.391 457.791 445.218 448.484 464.823 478.332 493.887 500.000 500.000 500.000 500.000 500.000 500.000 500.000 584.560 614.638 635.914 652.340 669.138 687.521 700.000 765.922 798.842 826.001 853.683 857.047 830.879 802.442 810.300 821.711 839.021 863.778 888.428 900.000 900.000 900.000 900.000 900.000 900.000 900.000 900.000 900.000 900.000
500.000 486.401 453.126 419.271 392.131 387.259 395.129 405.556 417.010 426.070 429.474 424.583 416.146 402.733 391.141 325.000 325.000 325.000 325.000 325.000 325.000 325.000 325.000 325.000 325.000 325.000 325.000 325.000 391.830 400.742 407.743 413.034 412.964 411.577 412.794 432.420 463.597 500.000 500.000 500.000 563.920 576.194 591.641 632.718 655.975 686.637 700.000 700.000 700.000 700.000 700.000 700.000 767.504 793.226 818.984 845.277 854.979 860.325 868.002 874.285 882.861 893.287 897.280 900.000 900.000
391.009 325.000 325.000 325.000 311.358 294.285 296.348 306.122 320.702 323.466 323.969 323.081 318.401 313.412 300.638 287.238 282.239 281.640 283.950 282.206 281.456 281.505 281.646 279.219 273.927 271.837 274.644 287.133 304.601 319.854 325.000 325.000 325.000 325.000 325.000 325.000 325.000 400.045 432.182 454.646 469.328 479.783 487.146 496.662 500.000 500.000 572.392 607.795 618.359 627.493 638.794 662.629 689.877 700.000 700.000 775.667 794.762 801.692 808.165 816.547 828.144 839.174 846.257 859.948 868.041
287.194 271.878 262.013 200.000 200.000 200.000 200.000 200.000 200.000 200.000 200.000 200.000 200.000 200.000 200.000 200.000 200.000 200.000 200.000 200.000 200.000 200.000 200.000 200.000 200.000 200.000 200.000 200.000 200.000 200.000 200.000 200.000 258.462 266.497 275.243 283.573 295.843 318.086 325.000 325.000 386.442 390.997 394.336 397.269 408.827 426.512 451.551 485.752 500.000 500.000 500.000 571.079 589.923 603.627 636.548 670.347 695.429 700.000 700.000 700.000 757.596 775.455 792.368 809.419 826.809
200.000 200.000 200.000 200.000 200.000 200.000 200.000 200.000 200.000 200.000 200.000 200.000 200.000 200.000 200.000 200.000 200.000 200.000 200.000 200.000 200.000 200.000 200.000 200.000 200.000 200.000 200.000 200.000 200.000 200.000 200.000 200.000 200.000 200.000 200.000 200.000 200.000 200.000 272.526 301.263 316.560 322.311 319.974 321.937 325.000 325.000 325.000 398.287 432.584 449.848 461.117 469.439 477.793 490.191 500.000 559.692 588.296 607.748 633.599 654.369 673.359 695.169 700.000 700.000 757.100
200.000 200.000 200.000 200.000 200.000 200.000 200.000 200.000 200.000 200.000 200.000 200.000 200.000 255.393 200.000 200.000 200.000 200.000 200.000 200.000 200.000 200.000 200.000 255.054 200.000 200.000 200.000 200.000 200.000 200.000 200.000 200.000 200.000 200.000 200.000 200.000 200.000 200.000 200.000 200.000 200.000 256.031 200.000 256.841 266.927 285.496 306.311 325.000 325.000 380.810 388.179 391.975 396.955 403.813 433.804 465.520 496.653 500.000 500.000 569.820 591.421 613.173 635.903 660.032 684.136
200.000 200.000 200.000 200.000 200.000 200.000 200.000 200.000 200.000 255.940 269.500 280.503 291.380 297.184 297.841 291.994 283.249 275.485 271.224 276.182 282.734 292.296 300.056 299.902 297.000 288.603 276.910 274.400 273.944 278.236 281.589 287.083 288.664 282.108 268.282 254.968 200.000 200.000 200.000 200.000 200.000 200.000 200.000 200.000 200.000 200.000 200.000 270.256 291.293 315.459 322.814 325.000 325.000 325.000 325.000 386.479 417.863 445.583 470.722 492.756 500.000 500.000 562.702 586.891 614.423
200.000 261.938 271.797 280.609 285.254 284.181 281.820 280.956 286.189 299.081 315.030 325.000 325.000 325.000 325.000 325.000 325.000 324.126 318.700 325.000 325.000 325.000 325.000 325.000 325.000 325.000 325.000 317.810 317.436 325.000 325.000 325.000 325.000 325.000 319.578 301.721 289.068 281.094 276.106 268.592 259.773 200.000 200.000 200.000 200.000 200.000 200.000 200.000 200.000 200.000 262.585 272.355 277.913 286.154 304.680 325.000 325.000 325.000 399.684 416.972 439.747 464.638 489.294 500.000 500.000
293.351 302.987 313.596 323.631 325.000 325.000 325.000 325.000 325.000 325.000 325.000 388.780 403.521 411.837 417.203 422.253 415.039 398.636 389.302 404.283 414.703 428.400 435.245 438.539 437.087 427.217 404.370 386.143 380.613 389.493 397.303 401.737 403.754 399.709 385.126 325.000 325.000 325.000 325.000 320.637 311.274 298.143 285.614 273.232 258.094 200.000 200.000 200.000 200.000 200.000 200.000 200.000 200.000 200.000 255.511 276.509 301.403 325.000 325.000 325.000 325.000 397.370 426.490 455.513 487.546
325.000 325.000 393.621 409.162 422.163 425.711 431.031 433.845 441.967 448.419 458.269 473.420 489.875 500.000 500.000 500.000 500.000 500.000 500.000 500.000 500.000 500.000 500.000 500.000 500.000 500.000 497.851 486.361 481.323 486.560 482.785 479.114 479.638 466.443 453.986 437.535 417.816 397.411 387.197 325.000 325.000 325.000 325.000 324.807 304.217 282.421 268.609 259.012 200.000 200.000 200.000 200.000 200.000 200.000 200.000 200.000 256.852 276.302 293.109 306.810 318.888 325.000 325.000 397.445 427.759
409.013 449.842 479.309 495.550 500.000 500.000 500.000 500.000 561.209 567.910 565.323 576.180 592.875 606.870 613.737 618.788 629.547 634.623 630.136 619.963 626.383 629.892 627.271 629.708 632.323 624.369 609.731 601.549 593.399 585.711 583.331 578.941 557.805 500.000 500.000 500.000 494.771 474.151 457.125 446.280 433.872 416.824 401.719 382.553 325.000 325.000 317.701 305.139 294.820 284.287 269.954 200.000 200.000 200.000 200.000 200.000 200.000 200.000 200.000 263.443 271.163 290.243 316.055 325.000 325.000
500.000 500.000 576.002 595.508 617.237 631.522 652.708 680.994 698.827 694.869 687.372 688.756 700.000 700.000 700.000 700.000 700.000 759.949 700.000 700.000 700.000 700.000 700.000 700.000 700.000 700.000 700.000 700.000 700.000 700.000 693.793 668.717 646.839 632.652 614.653 596.554 575.825 500.000 500.000 500.000 500.000 488.046 468.970 449.172 425.187 397.466 325.000 325.000 325.000 325.000 320.738 299.708 279.778 258.692 200.000 200.000 200.000 200.000 200.000 200.000 200.000 200.000 270.369 297.979 323.988
620.947 657.366 681.363 700.000 700.000 700.000 776.172 801.672 819.764 812.200 804.675 794.482 806.224 817.543 823.643 837.594 851.120 864.752 856.601 847.198 831.700 828.310 825.380 819.460 821.125 823.622 831.093 822.962 814.012 802.338 777.826 700.000 700.000 700.000 696.681 676.795 655.201 633.483 611.137 594.476 577.915 558.694 500.000 500.000 500.000 475.238 453.607 436.516 418.393 404.053 381.877 325.000 325.000 301.493 281.927 267.514 254.892 200.000 200.000 200.000 200.000 200.000 200.000 255.705 279.479
764.091 782.772 799.938 821.184 841.111 860.763 885.865 900.000 900.000 900.000 900.000 898.388 900.000 900.000 900.000 900.000 900.000 900.000 900.000 900.000 900.000 900.000 900.000 894.650 894.861 900.000 900.000 900.000 892.565 877.717 857.379 836.208 815.839 797.359 776.894 755.510 700.000 700.000 686.481 669.337 648.302 626.191 607.902 596.384 581.886 558.025 500.000 500.000 500.000 485.170 458.377 426.937 389.899 325.000 323.074 309.208 296.459 285.388 268.904 200.000 200.000 200.000 200.000 200.000 200.000
876.765 894.155 900.000 900.000 900.000 966.172 984.535 1005.651 1023.886 1017.981 1004.159 991.679 989.134 991.843 994.623 1002.172 1015.612 1026.554 1018.263 1002.866 987.860 978.120 971.656 965.630 968.581 977.010 983.927 976.518 961.794 900.000 900.000 900.000 890.104 869.909 848.856 827.896 804.801 781.080 757.198 700.000 700.000 691.693 681.540 671.155 662.791 646.774 629.724 610.420 589.148 567.576 500.000 500.000 462.734 426.098 391.098 325.000 325.000 325.000 315.441 294.639 277.363 262.659 200.000 200.000 200.000
970.124 986.526 995.533 1009.406 1027.916 1040.766 1057.032 1074.993 1075.388 1071.546 1059.241 1057.008 1056.081 1058.853 1059.763 1064.256 1075.517 1069.244 1061.528 1046.679 1035.831 1026.587 1020.433 1016.408 1017.023 1024.179 1021.517 1014.648 1000.454 989.110 974.438 900.000 900.000 900.000 898.109 876.593 853.970 830.057 804.345 781.229 762.512 700.000 700.000 700.000 700.000 700.000 700.000 700.000 679.906 658.786 631.825 593.744 500.000 500.000 470.863 434.118 413.106 391.456 325.000 325.000 325.000 308.309 295.145 291.394 283.001
1061.145 1069.655 1079.864 1090.874 1100.000 1100.000 1100.000 1100.000 1100.000 1100.000 1100.000 1100.000 1100.000 1100.000 1100.000 1100.000 1100.000 1100.000 1100.000 1097.714 1086.672 1076.439 1072.517 1068.422 1065.586 1062.401 1060.025 1055.891 1044.804 1033.372 1020.508 1004.066 987.209 968.998 900.000 900.000 900.000 877.221 851.502 831.914 822.647 813.157 809.445 813.926 818.205 810.472 798.627 787.789 768.134 700.000 700.000 684.681 637.636 593.417 557.729 500.000 491.663 465.672 441.606 411.158 385.243 325.000 325.000 325.000 325.000
1100.000 1100.000 1100.000 1100.000 1166.598 1176.676 1178.390 1180.546 1182.469 1183.952 1180.485 1176.760 1172.434 1172.732 1172.282 1169.649 1165.404 1159.627 1100.000 1100.000 1100.000 1100.000 1100.000 1100.000 1099.651 1097.169 1094.200 1090.101 1078.967 1067.540 1055.470 1038.882 1021.686 1003.068 981.383 956.568 900.000 900.000 876.636 855.390 846.707 842.467 844.066 849.656 861.591 862.210 851.224 847.612 834.145 813.817 800.914 764.379 700.000 687.597 652.397 616.092 571.565 500.000 500.000 481.872 450.968 420.419 403.893 394.334 382.927
1184.472 1196.784 1207.035 1216.549 1224.424 1226.598 1229.438 1231.188 1232.383 1233.893 1231.506 1227.263 1223.150 1221.152 1218.509 1215.440 1209.398 1200.507 1191.961 1180.148 1165.659 1100.000 1100.000 1100.000 1100.000 1100.000 1100.000 1100.000 1100.000 1100.000 1089.624 1072.488 1054.336 1035.864 1010.561 981.425 900.000 900.000 900.000 877.943 874.549 873.187 873.785 886.863 900.000 900.000 900.000 900.000 894.797 882.421 870.106 841.709 812.503 782.050 700.000 699.356 653.494 622.807 591.429 560.119 500.000 500.000 488.114 472.875 455.954
1237.817 1252.227 1261.240 1265.061 1266.773 1270.078 1269.373 1268.185 1269.438 1272.901 1273.334 1268.495 1264.669 1262.090 1258.845 1248.664 1238.872 1231.317 1224.223 1211.749 1197.419 1182.064 1172.403 1166.394 1157.373 1100.000 1100.000 1100.000 1100.000 1100.000 1100.000 1100.000 1084.659 1057.165 1026.670 996.823 966.057 900.000 900.000 892.602 892.391 892.280 892.875 900.000 900.000 900.000 900.000 900.000 900.000 900.000 900.000 900.000 876.635 850.890 812.335 766.744 700.000 700.000 668.996 639.758 616.752 594.429 576.025 556.687 500.000
