tests/3D/Borden05m_nopit_001/output_maps/watertableN0001.asc
ncols         160
nrows         34
xllcorner     620200.000000
yllcorner     5168000.000000
cellsize      0.500000
NODATA_value  -9999.0
[rows 0 to 28 of 34, columns 65 to 129 of 160]
-9999.000 -9999.000 -9999.000 -9999.000 -9999.000 -9999.000 -9999.000 -9999.000 -9999.000 -9999.000 -9999.000 -9999.000 -9999.000 -9999.000 -9999.000 -9999.000 -9999.000 -9999.000 -9999.000 -9999.000 -9999.000 -9999.000 -9999.000 -9999.000 -9999.000 -9999.000 -9999.000 -9999.000 -9999.000 -9999.000 -9999.000 -9999.000 -9999.000 -9999.000 -9999.000 -9999.000 -9999.000 -9999.000 -9999.000 -9999.000 -9999.000 -9999.000 -9999.000 -9999.000 -9999.000 -9999.000 -9999.000 -9999.000 -9999.000 -9999.000 -9999.000 -9999.000 -9999.000 -9999.000 -9999.000 -9999.000 -9999.000 -9999.000 -9999.000 -9999.000 -9999.000 -9999.000 -9999.000 -9999.000 -9999.000
900.000 900.000 900.000 900.000 900.000 900.000 900.000 900.000 900.000 900.000 900.000 900.000 900.000 900.000 900.000 900.000 900.000 900.000 900.000 900.000 955.071 957.864 900.000 900.000 900.000 900.000 900.000 900.000 900.000 897.767 892.113 886.807 883.402 887.173 890.422 893.817 898.301 900.000 -9999.000 -9999.000 -9999.000 -9999.000 -9999.000 -9999.000 -9999.000 -9999.000 -9999.000 -9999.000 -9999.000 -9999.000 -9999.000 -9999.000 -9999.000 -9999.000 -9999.000 -9999.000 -9999.000 -9999.000 -9999.000 -9999.000 -9999.000 -9999.000 -9999.000 -9999.000 -9999.000
900.000 959.110 961.068 961.302 961.462 957.477 900.000 900.000 900.000 900.000 900.000 900.000 900.000 900.000 900.000 900.000 900.000 900.000 900.000 900.000 956.668 959.999 961.317 958.856 956.506 900.000 900.000 900.000 900.000 900.000 900.000 894.849 896.994 900.000 900.000 900.000 900.000 900.000 900.000 900.000 900.000 958.023 900.000 900.000 900.000 900.000 900.000 899.642 -9999.000 -9999.000 -9999.000 -9999.000 -9999.000 -9999.000 -9999.000 -9999.000 -9999.000 -9999.000 -9999.000 -9999.000 -9999.000 -9999.000 -9999.000 -9999.000 -9999.000
960.680 965.298 957.677 956.724 955.822 900.000 900.000 900.000 900.000 900.000 900.000 900.000 900.000 900.000 900.000 900.000 900.000 900.000 900.000 900.000 900.000 900.000 900.000 900.000 900.000 900.000 900.000 900.000 900.000 900.000 900.000 900.000 900.000 900.000 900.000 900.000 900.000 900.000 900.000 956.023 963.363 975.269 968.013 900.000 900.000 900.000 900.000 900.000 900.000 900.000 900.000 900.000 900.000 900.000 900.000 900.000 970.492 -9999.000 -9999.000 -9999.000 -9999.000 -9999.000 -9999.000 -9999.000 -9999.000
955.379 900.000 900.000 900.000 900.000 900.000 900.000 900.000 900.000 900.000 900.000 900.000 900.000 900.000 900.000 900.000 900.000 900.000 900.000 900.000 900.000 900.000 900.000 900.000 900.000 900.000 900.000 900.000 900.000 900.000 890.979 879.041 879.941 885.228 893.599 900.000 900.000 900.000 958.912 965.127 971.647 971.855 973.812 962.720 960.590 958.524 900.000 900.000 900.000 900.000 900.000 900.000 900.000 900.000 900.000 964.039 980.446 1005.599 1033.804 1060.596 1061.573 1037.679 1013.831 -9999.000 -9999.000
900.000 900.000 900.000 900.000 898.078 898.756 900.000 900.000 900.000 900.000 893.155 885.190 884.605 884.534 876.760 878.952 881.691 887.330 885.118 882.657 871.545 864.178 857.534 859.511 871.291 882.245 884.007 881.828 879.433 873.291 862.556 852.021 856.438 863.283 873.003 900.000 900.000 900.000 900.000 900.000 900.000 900.000 900.000 959.126 959.089 959.281 959.423 900.000 900.000 900.000 900.000 900.000 900.000 900.000 961.454 976.486 993.152 1011.749 1039.749 1046.607 1054.603 1032.475 1008.565 987.424 962.696
882.894 865.202 841.759 838.946 835.774 832.302 843.397 855.764 867.723 851.778 842.336 833.663 830.927 819.861 809.947 815.242 824.182 834.095 827.826 814.383 799.617 793.567 790.432 790.384 800.335 805.518 807.896 807.011 810.429 806.990 795.587 779.693 778.918 788.812 810.770 845.986 880.303 900.000 896.260 900.000 900.000 900.000 900.000 900.000 900.000 900.000 900.000 900.000 900.000 900.000 900.000 900.000 900.000 955.466 972.573 987.946 1002.209 1017.151 1024.248 1033.400 1040.956 1028.277 1007.958 987.811 962.854
833.172 810.148 786.413 775.954 770.261 761.568 768.489 777.782 786.821 780.117 767.800 756.042 700.000 700.000 700.000 700.000 700.000 700.000 700.000 700.000 700.000 700.000 699.525 695.253 700.000 700.000 700.000 700.000 700.000 700.000 700.000 700.000 700.000 700.000 700.000 782.355 817.888 850.645 853.653 853.914 854.325 868.892 883.562 900.000 900.000 900.000 900.000 900.000 900.000 900.000 900.000 900.000 900.000 900.000 954.417 973.033 987.227 991.948 997.002 1006.467 1012.740 1006.342 992.228 977.622 965.325
700.000 700.000 677.139 653.504 632.312 628.973 638.869 648.630 662.862 668.579 655.040 643.528 632.419 621.136 609.217 601.641 602.489 602.597 600.251 596.509 590.486 584.096 577.763 570.803 569.779 578.538 586.799 596.763 605.571 608.244 608.880 601.064 601.207 620.811 645.797 674.080 700.000 700.000 756.506 700.000 764.374 780.596 800.662 836.019 853.731 869.410 898.550 900.000 891.786 877.404 868.830 884.330 900.000 900.000 900.000 959.474 966.013 967.223 970.142 975.904 978.443 973.554 960.362 957.358 900.000
626.371 595.626 562.142 500.000 500.000 500.000 500.000 500.000 500.000 500.000 500.000 500.000 500.000 499.963 489.155 484.928 486.054 485.794 484.600 481.870 479.834 475.205 468.391 457.791 445.218 448.484 464.823 478.332 493.887 500.000 500.000 500.000 500.000 500.000 500.000 500.000 584.559 614.637 635.913 652.338 669.135 687.517 700.000 765.916 798.834 825.991 853.669 857.030 830.859 802.419 810.271 821.675 838.976 863.722 888.360 900.000 900.000 900.000 900.000 900.000 900.000 900.000 900.000 900.000 900.000
500.000 486.400 453.126 419.271 392.131 387.258 395.129 405.556 417.009 426.070 429.474 424.583 416.145 402.733 391.141 325.000 325.000 325.000 325.000 325.000 325.000 325.000 325.000 325.000 325.000 325.000 325.000 325.000 391.830 400.742 407.743 413.034 412.964 411.577 412.794 432.420 463.596 500.000 500.000 500.000 563.917 576.190 591.637 632.712 655.967 686.626 700.000 700.000 700.000 700.000 700.000 700.000 767.454 793.164 818.908 845.182 854.865 860.189 867.841 874.096 882.638 893.027 896.980 900.000 900.000
391.009 325.000 325.000 325.000 311.357 294.285 296.348 306.122 320.702 323.466 323.969 323.081 318.401 313.412 300.638 287.238 282.239 281.640 283.950 282.206 281.456 281.505 281.645 279.219 273.927 271.837 274.644 287.133 304.601 319.853 325.000 325.000 325.000 325.000 325.000 325.000 325.000 400.044 432.180 454.644 469.325 479.779 487.141 496.655 500.000 500.000 572.377 607.776 618.336 627.464 638.758 662.584 689.819 700.000 700.000 775.559 794.630 801.536 807.981 816.329 827.888 838.874 845.911 859.545 867.581
287.194 271.877 262.013 200.000 200.000 200.000 200.000 200.000 200.000 200.000 200.000 200.000 200.000 200.000 200.000 200.000 200.000 200.000 200.000 200.000 200.000 200.000 200.000 200.000 200.000 200.000 200.000 200.000 200.000 200.000 200.000 200.000 258.461 266.497 275.242 283.572 295.842 318.085 325.000 325.000 386.438 390.993 394.331 397.262 408.818 426.500 451.536 485.733 500.000 500.000 500.000 571.029 589.860 603.550 636.451 670.226 695.280 700.000 700.000 700.000 757.299 775.108 791.963 808.950 826.267
200.000 200.000 200.000 200.000 200.000 200.000 200.000 200.000 200.000 200.000 200.000 200.000 200.000 200.000 200.000 200.000 200.000 200.000 200.000 200.000 200.000 200.000 200.000 200.000 200.000 200.000 200.000 200.000 200.000 200.000 200.000 200.000 200.000 200.000 200.000 200.000 200.000 200.000 272.523 301.260 316.556 322.305 319.967 321.929 325.000 325.000 325.000 398.266 432.556 449.812 461.073 469.384 477.725 490.108 500.000 559.561 588.134 607.553 633.361 654.082 673.017 694.762 700.000 700.000 756.465
200.000 200.000 200.000 200.000 200.000 200.000 200.000 200.000 200.000 200.000 200.000 200.000 200.000 255.393 200.000 200.000 200.000 200.000 200.000 200.000 200.000 200.000 200.000 255.053 200.000 200.000 200.000 200.000 200.000 200.000 200.000 200.000 200.000 200.000 200.000 200.000 200.000 200.000 200.000 200.000 200.000 256.023 200.000 256.828 266.911 285.476 306.288 325.000 325.000 380.768 388.127 391.911 396.877 403.718 433.686 465.374 496.474 500.000 500.000 569.498 591.035 612.713 635.359 659.392 683.389
200.000 200.000 200.000 200.000 200.000 200.000 200.000 200.000 200.000 255.940 269.500 280.503 291.380 297.184 297.841 291.993 283.249 275.484 271.224 276.182 282.734 292.296 300.056 299.902 297.000 288.603 276.910 274.400 273.944 278.236 281.589 287.082 288.663 282.108 268.280 254.967 200.000 200.000 200.000 200.000 200.000 200.000 200.000 200.000 200.000 200.000 200.000 270.217 291.246 315.403 322.745 325.000 325.000 325.000 325.000 386.308 417.655 445.331 470.416 492.388 500.000 500.000 562.077 586.155 613.560
200.000 261.937 271.797 280.608 285.254 284.181 281.820 280.956 286.189 299.081 315.030 325.000 325.000 325.000 325.000 325.000 325.000 324.126 318.700 325.000 325.000 325.000 325.000 325.000 325.000 325.000 325.000 317.810 317.436 325.000 325.000 325.000 325.000 325.000 319.577 301.720 289.066 281.092 276.103 268.587 259.766 200.000 200.000 200.000 200.000 200.000 200.000 200.000 200.000 200.000 262.484 272.231 277.763 285.977 304.478 325.000 325.000 325.000 399.321 416.543 439.233 464.026 488.570 500.000 500.000
293.351 302.987 313.596 323.631 325.000 325.000 325.000 325.000 325.000 325.000 325.000 388.780 403.521 411.837 417.203 422.253 415.039 398.636 389.302 404.283 414.703 428.400 435.245 438.539 437.087 427.216 404.370 386.143 380.613 389.493 397.303 401.737 403.753 399.708 385.125 325.000 325.000 325.000 325.000 320.633 311.268 298.135 285.603 273.216 258.070 200.000 200.000 200.000 200.000 200.000 200.000 200.000 200.000 200.000 255.211 276.172 301.030 325.000 325.000 325.000 325.000 396.626 425.621 454.492 486.340
325.000 325.000 393.621 409.162 422.163 425.711 431.030 433.844 441.967 448.419 458.268 473.420 489.874 500.000 500.000 500.000 500.000 500.000 500.000 500.000 500.000 500.000 500.000 500.000 500.000 500.000 497.850 486.361 481.322 486.560 482.785 479.114 479.637 466.442 453.985 437.534 417.814 397.409 387.194 325.000 325.000 325.000 325.000 324.793 304.197 282.392 268.568 258.956 200.000 200.000 200.000 200.000 200.000 200.000 200.000 200.000 256.306 275.682 292.405 306.010 317.981 325.000 325.000 396.168 426.282
409.013 449.842 479.309 495.549 500.000 500.000 500.000 500.000 561.208 567.910 565.323 576.180 592.875 606.870 613.736 618.788 629.547 634.623 630.136 619.963 626.382 629.892 627.271 629.708 632.323 624.369 609.731 601.549 593.399 585.711 583.330 578.941 557.804 500.000 500.000 500.000 494.769 474.149 457.121 446.276 433.866 416.816 401.708 382.539 325.000 325.000 317.667 305.092 294.754 284.195 269.824 200.000 200.000 200.000 200.000 200.000 200.000 200.000 200.000 262.260 269.805 288.733 314.419 325.000 325.000
500.000 500.000 576.002 595.508 617.236 631.522 652.708 680.994 698.827 694.868 687.372 688.756 700.000 700.000 700.000 700.000 700.000 759.948 700.000 700.000 700.000 700.000 700.000 700.000 700.000 700.000 700.000 700.000 700.000 700.000 693.793 668.716 646.838 632.651 614.651 596.552 575.823 500.000 500.000 500.000 500.000 488.038 468.959 449.157 425.168 397.441 325.000 325.000 325.000 325.000 320.629 299.553 279.555 258.372 200.000 200.000 200.000 200.000 200.000 200.000 200.000 200.000 267.939 295.315 321.070
620.947 657.366 681.363 700.000 700.000 700.000 776.172 801.672 819.764 812.199 804.675 794.482 806.224 817.542 823.643 837.594 851.120 864.752 856.601 847.198 831.699 828.310 825.380 819.459 821.125 823.622 831.093 822.961 814.012 802.337 777.825 700.000 700.000 700.000 696.679 676.793 655.198 633.480 611.133 594.471 577.908 558.684 500.000 500.000 500.000 475.211 453.573 436.472 418.336 403.977 381.777 325.000 325.000 301.227 281.545 266.978 200.000 200.000 200.000 200.000 200.000 200.000 200.000 200.000 275.083
764.090 782.771 799.937 821.184 841.111 860.763 885.865 900.000 900.000 900.000 900.000 898.387 900.000 900.000 900.000 900.000 900.000 900.000 900.000 900.000 900.000 900.000 900.000 894.650 894.861 900.000 900.000 900.000 892.564 877.716 857.378 836.207 815.838 797.358 776.893 755.508 700.000 700.000 686.476 669.331 648.294 626.181 607.889 596.366 581.864 557.996 500.000 500.000 500.000 485.089 458.274 426.805 389.728 325.000 322.760 308.769 295.846 284.529 267.696 200.000 200.000 200.000 200.000 200.000 200.000
876.765 894.154 900.000 900.000 900.000 966.172 984.535 1005.651 1023.886 1017.980 1004.159 991.679 989.133 991.842 994.623 1002.172 1015.611 1026.554 1018.262 1002.866 987.859 978.120 971.655 965.630 968.581 977.010 983.927 976.517 961.794 900.000 900.000 900.000 890.103 869.907 848.854 827.894 804.798 781.076 757.193 700.000 700.000 691.682 681.525 671.136 662.767 646.742 629.682 610.367 589.080 567.489 500.000 500.000 462.559 425.876 390.812 325.000 325.000 325.000 314.461 293.242 275.387 259.925 200.000 200.000 200.000
970.124 986.525 995.533 1009.406 1027.915 1040.765 1057.032 1074.992 1075.388 1071.546 1059.241 1057.007 1056.080 1058.853 1059.763 1064.256 1075.517 1069.243 1061.528 1046.678 1035.830 1026.587 1020.433 1016.408 1017.023 1024.179 1021.517 1014.648 1000.454 989.109 974.437 900.000 900.000 900.000 898.107 876.591 853.967 830.053 804.340 781.222 762.503 700.000 700.000 700.000 700.000 700.000 700.000 700.000 679.832 658.690 631.703 593.591 500.000 500.000 470.570 433.753 412.635 390.842 325.000 325.000 323.604 306.099 292.056 287.113 277.032
1061.145 1069.655 1079.864 1090.873 1100.000 1100.000 1100.000 1100.000 1100.000 1100.000 1100.000 1100.000 1100.000 1100.000 1100.000 1100.000 1100.000 1100.000 1100.000 1097.714 1086.672 1076.439 1072.516 1068.422 1065.585 1062.400 1060.025 1055.891 1044.803 1033.371 1020.507 1004.065 987.208 968.997 900.000 900.000 900.000 877.216 851.496 831.907 822.637 813.144 809.428 813.904 818.175 810.435 798.579 787.726 768.054 700.000 700.000 684.514 637.431 593.167 557.417 500.000 491.178 465.059 440.824 410.159 383.932 325.000 325.000 325.000 322.574
1100.000 1100.000 1100.000 1100.000 1166.597 1176.676 1178.389 1180.546 1182.468 1183.952 1180.485 1176.760 1172.433 1172.732 1172.281 1169.648 1165.403 1159.627 1100.000 1100.000 1100.000 1100.000 1100.000 1100.000 1099.651 1097.168 1094.200 1090.101 1078.966 1067.539 1055.470 1038.881 1021.685 1003.067 981.381 956.565 900.000 900.000 876.630 855.382 846.697 842.454 844.049 849.633 861.561 862.170 851.173 847.545 834.060 813.710 800.775 764.205 700.000 687.324 652.057 615.671 571.056 500.000 500.000 480.888 449.738 418.867 401.870 391.635 325.000
1184.472 1196.784 1207.034 1216.548 1224.423 1226.598 1229.437 1231.187 1232.382 1233.893 1231.506 1227.263 1223.150 1221.152 1218.509 1215.440 1209.398 1200.507 1191.961 1180.147 1165.659 1100.000 1100.000 1100.000 1100.000 1100.000 1100.000 1100.000 1100.000 1100.000 1089.623 1072.486 1054.335 1035.863 1010.559 981.422 900.000 900.000 900.000 877.935 874.539 873.173 873.767 886.839 900.000 900.000 900.000 900.000 894.707 882.305 869.957 841.522 812.270 781.758 700.000 698.907 652.953 622.140 590.608 559.111 500.000 500.000 486.163 470.382 452.716
1237.817 1252.227 1261.239 1265.060 1266.772 1270.078 1269.372 1268.184 1269.437 1272.900 1273.334 1268.495 1264.668 1262.090 1258.845 1248.664 1238.872 1231.317 1224.223 1211.749 1197.419 1182.063 1172.402 1166.394 1157.372 1100.000 1100.000 1100.000 1100.000 1100.000 1100.000 1100.000 1084.657 1057.163 1026.668 996.820 966.053 900.000 900.000 892.594 892.380 892.266 892.856 900.000 900.000 900.000 900.000 900.000 900.000 900.000 900.000 900.000 876.387 850.580 811.958 766.286 700.000 699.452 668.138 638.713 615.468 592.851 574.069 500.000 500.000
