tests/3D/PSQL_test/output_maps/HNN0004.asc
ncols         295
nrows         180
xllcorner     627200.000000
yllcorner     5109000.000000
cellsize      200.000000
NODATA_value  -9999.0
[rows 64 to 95 of 180, columns 72 to 143 of 295]
11.817 11.259 10.869 11.148 11.925 12.245 12.156 11.778 11.892 12.579 12.791 12.794 12.748 12.734 12.746 12.739 12.716 12.687 12.656 12.585 12.406 11.664 11.084 10.968 10.735 11.083 12.344 12.593 10.923 11.507 13.574 14.852 14.583 14.774 14.532 14.086 13.932 14.041 13.903 13.640 13.580 13.585 14.980 15.519 15.174 15.077 14.586 14.771 15.052 15.288 15.237 15.145 15.003 14.837 14.636 14.403 13.946 12.956 12.707 12.574 11.477 9.722 9.700 11.381 11.727 11.758 12.156 12.685 12.711 12.731 12.741 12.700
11.598 11.506 11.192 11.437 11.831 12.125 12.331 12.589 12.881 12.947 12.902 12.829 12.855 12.813 12.840 12.831 12.800 12.770 12.778 12.721 12.238 11.219 10.953 10.847 10.754 11.798 12.843 13.442 11.463 11.556 12.740 14.564 14.725 15.099 14.996 14.489 14.047 14.601 14.321 14.401 13.954 14.222 15.045 15.281 15.246 15.338 15.189 15.340 15.469 15.527 15.482 15.510 15.396 14.987 14.295 13.870 13.671 13.198 12.852 12.564 10.329 8.371 10.482 12.481 11.904 11.996 12.224 12.494 12.750 12.813 12.756 12.297
11.871 12.343 12.364 12.709 12.792 12.785 12.851 12.990 12.972 12.858 12.820 12.835 12.895 12.878 12.907 12.893 12.850 12.816 12.726 12.550 12.073 11.339 11.294 11.099 11.202 12.408 12.064 12.087 11.734 11.523 12.547 14.508 15.258 15.437 15.399 15.135 14.799 14.867 14.175 14.260 13.536 14.175 15.570 15.915 15.846 15.722 15.439 15.504 15.620 15.624 15.526 15.475 14.919 14.216 13.896 14.012 13.633 12.532 12.207 11.914 9.052 8.439 12.420 11.907 11.327 11.921 11.799 12.196 12.410 12.759 12.824 12.468
12.789 13.031 13.147 13.127 13.108 13.097 13.032 12.805 12.649 12.812 12.863 12.962 12.924 12.927 12.998 12.848 12.752 12.525 12.303 12.467 12.400 11.803 11.736 11.727 12.211 13.325 12.031 10.233 10.711 12.587 14.156 14.870 15.388 15.700 15.644 15.419 15.221 15.204 14.286 13.301 14.215 15.394 15.285 15.629 15.909 15.832 15.646 15.478 15.323 15.228 15.358 15.170 14.789 14.380 14.168 14.391 13.272 11.604 11.667 11.142 8.542 9.994 11.782 12.108 11.475 11.582 11.916 11.657 11.664 12.117 12.489 12.227
13.258 13.206 13.214 13.167 13.102 12.938 12.688 12.542 12.818 13.130 13.219 13.251 12.980 12.948 12.974 12.728 12.697 12.523 12.476 12.854 12.806 12.349 12.178 12.182 12.163 12.623 12.994 12.297 11.605 13.101 15.039 14.735 15.063 15.614 15.964 15.478 15.388 15.036 13.788 12.986 14.723 15.784 14.442 15.525 15.542 15.758 15.848 15.595 14.538 14.431 14.559 14.844 14.974 14.310 14.199 14.395 13.219 11.845 11.826 10.756 8.910 12.394 10.645 12.861 11.195 11.887 11.967 11.926 11.671 11.745 11.476 11.749
13.173 13.099 13.182 13.187 12.870 12.629 12.607 12.887 13.284 13.415 13.445 13.306 13.101 13.011 13.056 12.860 12.902 12.835 12.981 13.178 13.197 12.863 12.525 12.268 11.859 11.901 12.838 14.242 14.772 13.747 13.809 15.092 14.758 15.525 16.036 15.826 15.462 14.651 13.502 13.145 15.314 15.340 13.719 13.861 14.158 14.668 15.297 15.433 14.256 13.300 14.133 14.014 14.851 13.370 12.291 12.337 11.973 11.351 10.466 9.196 9.896 12.706 10.612 13.409 11.295 12.000 11.996 11.719 11.922 11.824 11.294 11.202
12.804 12.903 13.153 13.125 12.840 12.704 13.012 13.313 13.457 13.441 13.503 13.375 13.243 13.023 13.262 12.974 13.154 13.149 13.307 13.410 13.467 13.319 12.717 12.203 11.499 11.855 12.726 14.363 15.636 15.460 14.196 15.023 15.003 15.675 15.877 16.170 15.447 14.875 13.984 15.539 17.163 16.845 15.948 16.569 15.896 15.394 16.050 15.460 13.984 12.847 13.151 13.469 12.928 12.493 12.193 12.087 10.245 8.870 8.583 9.754 12.545 11.518 10.992 13.381 11.777 12.255 12.218 12.336 12.591 12.236 11.639 11.795
12.906 13.082 13.304 13.337 13.147 13.406 13.665 13.773 13.705 13.614 13.608 13.509 13.420 13.245 13.475 12.926 12.907 13.404 13.496 13.588 13.724 13.674 13.360 12.589 11.771 12.023 12.324 14.306 16.045 16.237 15.313 15.150 15.495 16.002 15.739 16.159 15.204 14.662 15.560 16.120 16.106 16.867 15.652 15.414 15.650 15.284 15.428 14.929 13.336 12.634 12.649 13.340 12.062 11.013 11.381 10.995 9.543 8.995 10.191 12.931 12.129 10.988 11.881 13.370 12.112 12.330 12.439 12.609 12.774 12.840 12.922 12.606
13.349 13.519 13.553 13.490 13.334 13.771 13.859 13.802 13.886 13.777 13.657 13.573 13.530 13.160 13.520 13.042 12.825 13.336 13.703 13.860 13.728 13.753 13.336 12.812 13.018 12.383 10.836 12.814 16.232 16.367 15.756 15.573 15.846 15.871 15.903 15.596 15.461 15.629 16.896 16.726 15.631 15.625 15.143 15.779 15.856 14.748 14.021 14.034 13.936 13.093 13.351 12.954 13.474 13.407 11.026 9.665 9.676 11.080 13.006 11.440 11.192 11.348 12.939 12.981 12.264 12.416 12.479 12.776 12.823 12.882 12.677 12.584
13.487 13.671 13.483 13.680 13.628 13.935 13.857 13.732 13.798 13.686 13.667 13.660 13.526 13.004 13.631 13.167 12.964 13.212 13.976 13.985 13.880 13.468 13.008 12.104 12.313 13.316 12.319 11.455 15.334 16.476 16.293 16.398 16.423 16.297 16.328 15.494 15.913 17.376 16.487 16.592 16.720 16.529 16.268 16.473 16.243 14.455 13.180 13.631 13.989 13.614 13.962 13.431 13.126 12.028 9.571 9.631 11.215 13.088 11.620 10.812 10.999 11.603 13.064 11.954 12.048 12.526 12.529 12.908 12.853 12.763 12.717 12.545
13.878 13.878 13.591 13.998 13.792 14.097 13.969 13.629 13.853 13.735 13.888 13.878 13.308 13.015 13.757 13.241 13.174 13.476 13.995 14.383 14.099 13.579 13.342 12.481 11.680 11.461 13.006 12.771 14.231 16.935 16.584 16.468 16.229 16.474 16.503 16.111 16.652 15.989 16.278 16.848 16.940 16.842 16.829 16.614 16.121 13.679 11.915 13.217 13.177 13.460 13.561 12.516 11.221 9.658 9.295 11.443 13.110 12.058 11.774 11.544 11.273 12.170 12.980 11.299 11.559 12.331 12.606 12.865 12.808 12.714 12.864 12.726
14.095 14.103 13.859 14.011 13.542 13.922 14.172 13.797 13.881 13.754 14.176 13.910 13.316 13.162 13.827 13.026 12.989 13.741 13.934 14.350 14.404 13.752 13.369 12.069 10.928 13.606 12.675 14.361 15.156 16.224 16.399 15.905 15.186 14.935 16.054 17.032 16.671 16.720 16.971 16.730 15.844 15.471 16.184 16.046 14.185 12.113 11.318 11.995 12.310 12.350 12.433 10.788 10.576 10.184 10.800 12.955 12.261 11.862 12.176 11.940 11.541 12.965 13.081 10.981 11.139 12.215 12.550 12.859 12.788 12.679 12.853 12.892
14.257 14.204 13.473 13.526 13.208 14.063 14.544 14.158 14.037 13.976 14.473 13.845 13.459 13.097 13.781 13.030 12.926 13.958 14.050 14.287 14.282 13.866 13.867 12.732 10.725 14.116 15.775 14.674 15.948 15.693 15.862 15.873 17.261 16.138 16.952 16.836 16.887 16.894 16.485 14.643 13.065 12.964 13.981 15.274 12.594 10.852 11.975 12.628 12.884 12.588 11.977 11.099 11.033 10.790 12.273 12.931 11.676 12.057 12.180 12.101 11.332 12.724 13.562 10.891 10.492 11.478 12.203 12.750 12.679 12.635 12.887 12.848
14.745 14.394 13.650 13.416 13.655 14.580 14.666 14.685 14.453 14.576 14.663 13.900 13.645 13.259 13.749 13.647 13.181 13.673 14.271 14.588 14.446 13.703 13.817 13.074 11.835 13.679 15.811 17.115 15.770 16.140 16.269 15.333 17.834 16.086 16.636 16.963 17.037 16.913 16.199 14.147 13.743 13.990 12.923 15.623 12.532 10.328 12.524 13.634 12.879 13.136 12.316 11.457 11.172 11.818 13.301 11.940 11.852 12.334 12.431 12.142 11.402 13.245 14.158 11.899 11.118 11.045 11.636 13.035 13.015 12.627 12.925 12.900
14.793 14.438 14.058 13.716 14.283 14.657 14.689 14.689 14.650 14.962 14.880 14.154 13.696 13.874 14.045 14.092 13.613 12.932 14.082 14.914 14.815 14.081 13.931 13.636 12.783 13.788 14.990 17.345 16.317 16.741 16.455 15.926 17.916 16.101 17.009 17.154 17.124 16.998 16.264 13.394 12.187 14.066 12.480 11.585 11.743 9.803 12.776 13.045 12.654 12.582 11.838 11.291 11.934 13.296 12.586 11.487 11.876 12.322 12.484 12.121 11.900 14.201 14.648 13.036 12.647 11.731 11.026 12.465 12.797 12.728 13.016 12.987
14.786 14.448 14.186 14.093 14.964 14.581 14.749 14.405 14.842 15.207 14.919 14.276 13.407 14.295 14.109 14.106 14.297 12.517 13.851 14.843 14.988 14.771 14.180 13.647 12.962 13.841 14.987 17.354 16.279 16.928 15.695 16.875 17.317 16.372 17.161 17.311 17.245 17.115 17.126 16.002 11.364 10.558 13.256 10.370 10.262 10.706 12.751 12.886 12.156 11.950 11.567 11.908 13.358 12.607 11.255 11.155 11.614 12.139 12.033 11.769 12.850 15.020 14.432 13.185 13.170 12.849 11.581 11.484 12.057 12.488 12.992 13.062
15.289 14.769 14.874 14.965 14.713 14.978 14.739 14.920 15.218 15.252 14.870 14.344 13.733 14.392 14.385 14.019 14.587 11.833 13.199 14.928 14.988 15.172 14.906 13.795 12.675 13.121 14.266 17.806 16.056 17.058 15.709 17.927 16.206 16.661 17.183 17.187 17.300 17.262 17.079 15.849 12.743 10.106 11.690 14.043 12.984 12.756 13.150 12.649 12.551 12.899 12.687 12.668 13.217 11.226 11.415 11.741 12.105 11.925 11.674 12.455 14.610 15.196 14.083 12.950 13.149 13.419 12.798 12.284 11.243 11.504 12.731 13.105
15.422 14.771 15.457 15.428 14.518 14.785 14.799 15.244 15.305 15.303 14.905 14.544 14.419 14.820 14.810 14.099 14.397 11.452 12.587 14.858 15.045 15.286 15.416 14.368 13.072 13.162 13.355 16.966 15.738 16.075 16.810 17.870 16.350 16.846 17.300 17.266 17.248 17.362 16.597 14.633 13.809 12.068 11.298 13.170 14.287 14.167 13.415 13.012 13.514 12.972 12.474 12.477 13.116 10.556 11.629 12.737 12.627 12.089 12.678 14.456 15.582 15.138 14.023 12.828 13.184 13.658 13.451 13.463 11.608 10.771 12.458 13.085
15.142 14.921 15.996 15.268 14.966 14.637 15.338 14.911 15.186 15.263 14.831 14.595 14.714 15.006 15.095 14.498 14.338 11.687 13.096 14.867 15.217 15.474 15.677 14.784 13.243 12.983 12.841 15.509 16.312 15.405 17.076 17.763 17.105 17.107 17.294 17.330 17.208 17.046 15.732 13.012 13.439 13.425 12.415 13.301 14.056 13.693 13.529 13.390 12.851 12.725 11.576 11.919 13.521 9.598 10.151 12.626 12.855 12.892 14.514 15.754 15.769 15.197 13.963 12.891 13.195 13.748 13.900 13.825 11.553 10.229 12.219 13.028
15.290 15.492 16.509 15.475 15.497 15.638 15.814 14.704 15.149 15.138 14.742 14.580 14.802 15.032 15.315 15.063 14.412 12.851 13.638 14.888 15.515 15.638 15.470 14.949 13.033 12.293 12.720 14.859 17.982 17.056 17.294 17.478 17.555 17.347 17.414 17.316 16.969 16.759 17.012 13.310 12.001 12.721 13.319 14.152 14.212 13.516 13.671 13.878 14.017 13.459 11.354 11.884 13.585 9.564 8.679 12.770 14.013 14.024 15.140 15.826 15.749 15.248 13.723 12.858 13.598 13.904 14.205 14.233 11.570 9.952 12.173 13.024
15.566 16.204 17.182 16.243 16.287 16.957 15.940 15.148 15.234 14.891 14.593 14.675 14.806 15.129 15.138 15.014 13.541 13.649 13.966 14.178 14.989 15.072 13.890 12.937 12.207 11.440 12.984 16.143 18.346 16.388 17.281 17.871 17.714 17.553 17.413 17.004 16.552 17.895 15.552 12.135 12.070 13.218 13.902 14.528 14.453 13.942 14.356 14.681 14.562 12.808 11.344 12.139 13.652 10.402 8.038 11.262 14.507 14.633 15.527 15.869 15.662 14.947 13.715 13.242 13.881 14.080 14.438 14.455 11.432 9.831 12.102 13.008
16.418 17.156 17.375 17.256 17.366 17.012 16.026 15.852 15.623 14.655 14.433 14.543 14.887 15.055 13.994 13.629 12.484 13.311 13.965 13.657 14.742 14.295 12.846 11.853 11.683 12.320 14.403 18.386 16.915 16.938 17.932 18.079 17.853 17.193 16.223 15.560 16.642 17.258 13.471 12.777 13.588 14.352 14.329 14.508 14.307 14.056 14.387 14.552 13.790 11.820 11.432 13.034 13.217 10.385 8.561 10.569 14.430 15.314 15.832 15.840 15.516 14.666 13.866 13.693 14.328 14.262 14.509 14.515 11.520 9.720 11.942 12.994
17.668 17.278 17.166 17.223 16.796 16.220 15.696 15.481 15.423 14.847 14.384 14.446 15.221 14.109 12.980 13.184 12.170 13.616 14.793 14.331 13.747 13.920 13.598 12.947 13.057 14.152 16.747 18.119 16.890 18.001 18.023 17.522 16.531 16.078 17.402 18.312 18.365 16.101 13.226 13.319 14.400 14.628 14.470 14.110 13.528 13.263 13.656 13.468 12.231 11.546 12.498 13.768 12.095 10.439 9.508 10.481 14.102 15.736 15.862 15.806 15.536 14.695 13.922 14.070 14.516 14.390 14.658 14.782 11.780 9.776 11.881 13.017
18.409 17.455 17.351 17.227 16.626 16.013 15.829 15.778 15.548 14.869 14.481 14.936 15.342 12.995 13.234 13.061 12.126 14.275 13.935 14.217 13.336 14.928 14.991 14.499 15.173 16.565 18.486 17.599 18.154 18.116 17.827 16.313 16.694 17.539 18.155 17.940 16.680 15.360 13.680 13.708 14.409 14.790 14.516 13.778 12.738 12.276 12.721 12.678 12.347 12.812 13.749 13.082 11.321 10.465 9.431 10.554 14.310 15.962 15.850 15.730 15.199 14.466 13.995 14.276 14.595 14.612 14.722 14.713 11.753 9.790 12.012 13.133
17.457 16.978 17.466 17.252 16.453 15.881 16.105 16.167 15.811 14.895 14.893 15.604 14.183 12.550 12.934 11.581 11.678 13.642 13.272 13.471 14.326 15.148 17.299 17.171 17.477 18.846 17.511 18.321 18.368 18.176 17.826 17.641 18.622 18.435 17.882 17.387 16.497 14.908 14.343 13.969 14.389 14.632 14.278 13.622 12.629 11.961 12.794 13.566 13.690 13.840 13.713 12.453 10.729 9.765 9.278 11.461 15.369 15.808 15.704 15.543 14.697 14.240 14.360 14.434 14.655 14.720 14.791 14.718 11.761 9.967 11.924 13.087
16.531 16.536 16.739 16.628 15.658 15.853 16.297 16.202 15.640 14.804 15.041 15.569 13.361 13.665 13.097 12.133 14.107 17.598 18.052 16.885 15.486 16.047 17.905 17.335 18.172 18.322 18.483 18.114 17.700 17.748 17.389 18.501 17.600 17.862 18.382 16.028 15.621 14.858 14.641 14.493 14.102 14.520 14.270 13.751 12.711 11.650 12.696 14.032 14.140 13.956 13.444 12.006 10.199 8.962 9.649 13.657 16.248 15.614 15.429 15.220 14.331 14.289 14.580 14.545 14.638 14.804 14.845 14.767 12.272 10.040 11.590 13.031
16.787 16.941 17.332 16.937 16.201 16.365 16.402 16.138 15.651 15.175 15.365 15.229 13.984 15.459 13.611 12.985 13.840 13.788 13.882 15.323 17.289 17.912 18.094 16.404 17.914 17.276 17.918 17.656 17.233 17.394 18.159 18.457 15.277 15.927 15.258 13.329 13.311 13.103 14.011 14.454 13.896 14.897 14.760 14.174 12.261 11.441 13.150 14.198 13.948 13.649 12.997 10.989 8.801 8.330 11.669 16.393 16.390 15.570 15.289 14.896 14.064 14.273 14.579 14.566 14.708 14.880 14.893 14.819 12.968 10.142 11.079 12.930
17.324 17.303 17.453 17.211 16.522 16.695 16.382 16.302 15.909 15.573 15.695 15.341 13.898 15.925 15.267 13.559 13.436 13.660 13.541 12.700 13.985 16.457 17.849 16.305 18.679 18.312 18.880 18.738 18.236 17.159 16.548 16.339 13.881 15.409 15.095 13.727 13.730 13.955 13.938 13.827 14.294 15.035 15.021 14.096 11.680 11.479 13.935 14.041 13.877 13.739 12.867 10.133 8.507 10.442 16.239 16.167 15.740 15.522 15.141 14.491 13.741 14.043 14.503 14.510 14.724 14.901 14.938 14.783 13.458 10.611 10.662 12.850
17.580 17.769 17.785 17.100 16.646 16.973 16.528 16.163 16.082 15.966 15.789 15.627 13.788 15.418 15.757 16.026 16.461 16.665 15.440 14.796 14.878 15.603 17.065 16.985 18.066 18.767 18.266 17.777 16.469 15.196 14.783 14.436 14.688 14.947 16.298 15.054 14.627 14.264 14.129 14.486 15.190 14.715 14.270 13.103 11.264 12.707 14.352 14.260 14.334 14.170 13.066 9.924 9.458 14.271 16.181 15.139 15.638 15.772 15.056 14.210 13.759 14.212 14.507 14.440 14.518 14.673 14.914 14.446 13.046 10.916 10.815 12.956
17.614 17.852 17.873 17.176 16.960 17.292 16.839 16.258 16.285 16.156 15.780 15.895 13.433 14.477 15.401 14.057 13.596 13.340 12.099 13.908 16.146 15.008 16.842 18.073 18.564 19.118 18.411 17.833 17.492 17.280 16.010 15.636 14.491 14.345 15.616 15.143 14.449 13.986 13.696 13.687 13.683 13.131 12.925 13.065 12.414 13.724 14.450 14.391 14.342 14.010 12.594 9.638 10.894 16.031 15.480 15.368 15.471 14.976 14.449 14.088 13.746 13.964 14.548 14.476 14.091 14.103 14.205 13.464 12.599 11.743 11.534 13.084
17.804 17.842 17.792 17.382 17.211 17.366 16.860 16.592 16.587 16.196 15.756 16.213 13.453 13.684 14.704 14.059 13.536 12.684 12.804 15.356 17.775 14.919 16.462 18.438 18.252 18.631 18.097 17.527 17.010 17.152 14.555 14.147 14.546 14.504 15.429 15.591 14.947 14.355 13.819 13.628 13.521 13.387 13.974 14.297 13.873 13.890 14.394 14.304 13.838 13.415 11.623 9.572 13.364 16.176 15.174 14.818 14.608 14.359 14.215 14.328 14.112 14.115 14.647 14.482 13.879 13.962 13.298 12.962 13.028 12.862 11.979 12.991
17.898 17.709 17.824 17.594 17.456 17.515 17.059 16.962 16.900 16.097 15.657 16.331 13.455 13.725 14.172 13.067 15.421 16.566 15.366 17.090 15.480 15.794 14.938 17.970 17.747 18.761 17.825 16.904 16.633 17.146 13.555 12.521 16.039 16.357 16.465 16.295 15.955 14.915 13.657 13.362 14.477 15.107 14.853 14.760 14.717 14.083 14.239 13.454 12.696 13.073 11.172 10.745 15.631 15.889 15.389 15.112 15.107 15.156 15.138 15.186 14.810 14.353 14.373 14.199 14.116 13.880 13.718 13.266 13.367 12.992 12.466 13.109
