tests/3D/PSQL_test/output_maps/HNN0009.asc
ncols         295
nrows         180
xllcorner     627200.000000
yllcorner     5109000.000000
cellsize      200.000000
NODATA_value  -9999.0
[rows 99 to 131 of 180, columns 148 to 221 of 295]
9.584 9.427 9.030 8.903 8.628 8.792 8.409 7.760 7.393 7.340 7.313 7.407 7.791 8.128 8.246 8.246 7.892 7.676 7.759 7.853 7.980 8.134 8.096 7.848 7.828 7.970 7.881 7.907 7.998 8.245 7.873 7.919 8.006 7.986 7.295 7.535 8.083 8.744 8.099 6.616 6.555 7.016 6.624 6.250 5.815 5.764 4.932 4.996 5.511 5.701 5.271 5.059 4.414 4.359 3.883 3.827 3.853 4.046 4.044 3.743 3.606 3.456 3.648 4.121 4.173 3.749 4.176 4.658 4.689 4.719 4.743 4.771 4.804 4.832
9.512 9.362 9.371 8.969 9.003 8.830 8.360 7.883 7.422 7.332 7.259 7.525 7.850 8.135 8.274 7.971 7.519 7.613 7.846 8.022 8.152 8.077 7.917 7.660 7.709 7.710 7.659 8.157 8.065 7.906 8.273 7.979 7.870 7.603 7.356 8.167 8.867 9.238 7.955 6.982 7.022 7.373 7.633 7.687 6.982 5.895 4.901 4.355 4.639 5.378 5.514 4.981 4.512 3.959 3.765 3.902 3.479 3.195 2.976 2.747 2.555 2.838 3.049 3.398 3.747 4.155 4.551 4.627 4.661 4.685 4.719 4.746 4.772 4.817
9.894 9.773 9.440 9.308 9.077 8.747 8.348 8.014 7.636 7.324 7.302 7.379 7.737 7.999 8.163 7.597 7.622 7.679 7.901 8.003 7.868 7.754 7.691 7.597 7.883 7.821 7.725 7.873 7.966 7.630 8.081 8.354 7.786 7.469 7.896 9.283 8.927 8.247 7.310 7.170 7.071 7.221 7.747 7.872 7.644 6.996 5.583 4.665 5.011 5.075 5.049 4.799 4.588 4.267 4.048 3.919 3.763 3.771 3.705 3.610 3.553 3.703 3.903 4.236 4.402 4.506 4.547 4.589 4.612 4.651 4.684 4.716 4.766 4.794
9.691 9.596 9.445 9.318 9.003 8.601 8.210 8.064 7.652 7.332 7.324 7.383 7.779 8.068 7.884 7.529 7.546 7.799 8.048 7.899 7.426 7.563 7.557 7.606 8.060 7.981 7.884 8.238 7.833 7.792 8.068 8.164 8.156 8.047 8.927 8.641 7.416 7.556 7.337 7.386 7.222 7.503 7.875 7.816 7.640 7.068 5.276 4.618 5.264 4.960 4.686 4.893 4.649 4.400 4.250 4.289 4.327 4.318 4.305 4.295 4.299 4.317 4.339 4.364 4.417 4.461 4.498 4.546 4.583 4.607 4.645 4.696 4.745 4.771
9.381 9.422 9.119 9.221 9.005 8.686 8.242 7.872 7.461 7.317 7.287 7.401 7.920 7.946 7.457 7.608 7.531 7.923 8.209 7.578 7.240 7.598 7.797 7.971 8.228 8.092 8.078 8.411 8.383 8.124 8.073 8.058 8.133 8.421 9.486 6.983 6.958 7.148 7.417 7.342 7.312 7.609 7.800 7.740 7.315 5.831 4.416 4.311 4.672 4.255 4.258 4.757 4.701 4.532 4.414 4.345 4.264 4.229 4.212 4.207 4.214 4.237 4.262 4.313 4.359 4.404 4.452 4.497 4.536 4.570 4.626 4.677 4.720 4.755
9.135 8.973 8.851 8.754 8.786 8.563 8.216 8.021 7.506 7.311 7.226 7.582 7.806 7.751 7.789 7.627 7.995 8.427 8.384 7.652 7.317 7.866 8.239 8.390 8.542 8.466 8.317 8.646 8.833 8.612 8.434 8.437 8.383 9.081 8.712 6.103 6.324 7.184 7.589 7.665 7.401 7.785 7.804 7.706 6.724 4.995 4.189 4.184 4.170 4.090 4.569 4.670 4.564 4.427 4.343 4.252 4.176 4.141 4.123 4.123 4.136 4.154 4.183 4.233 4.297 4.343 4.403 4.458 4.495 4.549 4.599 4.649 4.691 4.731
9.312 8.970 8.574 8.626 8.572 8.253 8.023 7.772 7.499 7.313 7.204 7.564 7.391 7.699 7.581 7.960 8.445 8.616 8.382 7.699 7.449 7.904 8.312 8.641 8.826 8.741 8.527 8.857 9.181 8.982 8.852 8.927 8.935 9.626 7.267 5.599 6.259 7.451 7.509 7.725 7.435 7.806 7.740 7.637 5.869 4.202 3.923 3.747 4.068 4.493 4.594 4.530 4.407 4.327 4.232 4.145 4.085 4.049 4.028 4.028 4.046 4.070 4.106 4.171 4.228 4.294 4.355 4.412 4.456 4.525 4.576 4.623 4.665 4.722
9.536 9.161 8.875 8.350 8.846 8.636 8.273 7.931 7.486 7.314 7.236 7.247 7.631 7.707 7.829 8.282 8.561 8.330 8.067 7.614 7.427 7.966 8.271 8.808 9.125 8.886 8.650 9.012 9.301 9.249 8.933 9.084 9.498 8.922 6.824 5.529 6.392 7.749 7.300 7.515 7.524 7.738 7.642 7.396 5.272 3.697 3.592 4.001 4.480 4.552 4.486 4.405 4.314 4.222 4.125 4.054 4.001 3.955 3.936 3.933 3.953 3.988 4.032 4.104 4.169 4.237 4.304 4.366 4.443 4.498 4.550 4.596 4.655 4.705
9.617 9.278 8.715 8.421 8.365 8.296 8.188 7.795 7.491 7.304 7.252 7.303 7.626 7.857 8.080 8.382 8.259 7.913 8.061 7.798 7.524 8.071 8.364 8.851 9.240 9.078 8.875 9.149 9.349 9.435 9.081 9.072 9.319 7.722 6.664 5.969 6.610 7.896 7.594 7.376 7.355 7.524 7.435 6.741 4.930 3.559 3.828 4.345 4.540 4.497 4.411 4.324 4.233 4.145 4.060 3.982 3.919 3.867 3.856 3.853 3.870 3.907 3.963 4.036 4.115 4.182 4.264 4.348 4.406 4.462 4.523 4.587 4.641 4.676
8.987 9.338 9.002 8.657 8.067 7.857 7.862 7.743 7.528 7.320 7.253 7.308 7.583 7.729 7.980 8.050 7.987 8.038 8.485 8.152 7.529 8.669 9.158 9.144 9.313 9.138 8.915 9.136 9.433 9.597 8.853 8.170 9.030 7.315 6.960 6.567 6.993 7.787 7.682 7.151 7.094 7.078 6.759 5.889 4.540 3.539 3.793 4.414 4.550 4.464 4.378 4.285 4.188 4.087 4.001 3.921 3.845 3.801 3.775 3.773 3.794 3.842 3.908 3.976 4.060 4.149 4.235 4.309 4.375 4.453 4.518 4.565 4.545 4.566
8.532 8.545 8.320 8.248 8.112 7.963 7.614 7.693 7.366 7.383 7.369 7.332 7.444 7.579 7.679 7.909 8.216 8.367 8.709 8.394 7.917 9.756 9.059 8.133 9.237 9.419 9.197 9.500 9.675 9.045 8.487 7.088 8.429 7.350 7.404 7.402 7.141 7.357 7.697 6.935 6.925 7.043 6.305 5.246 3.912 3.594 3.975 4.597 4.543 4.446 4.348 4.250 4.153 4.049 3.958 3.866 3.789 3.736 3.703 3.705 3.736 3.787 3.858 3.947 4.033 4.121 4.200 4.304 4.395 4.465 4.490 4.355 4.576 4.873
8.485 8.297 8.295 8.346 8.372 8.156 8.197 8.053 7.513 7.349 7.369 7.316 7.361 7.455 7.580 8.317 8.707 8.795 9.116 9.220 8.411 9.084 8.112 6.737 8.252 9.178 8.798 8.507 8.075 8.003 7.616 7.165 7.206 7.955 8.382 7.857 7.106 7.078 7.103 6.582 6.845 6.429 4.761 3.897 3.417 3.895 4.577 4.625 4.530 4.432 4.337 4.235 4.135 4.031 3.928 3.837 3.755 3.700 3.665 3.652 3.670 3.728 3.819 3.910 3.995 4.113 4.198 4.277 4.297 4.315 4.293 4.667 5.154 5.440
8.782 8.358 8.437 8.690 8.905 8.650 8.447 7.792 7.393 7.350 7.423 6.843 7.333 7.697 7.615 8.267 9.127 9.168 9.626 9.544 8.670 8.194 7.832 6.253 7.407 7.153 6.413 6.236 5.907 5.856 6.524 7.449 7.697 8.775 8.858 8.127 7.014 6.957 7.301 5.735 6.566 5.674 3.543 3.203 4.234 4.697 4.732 4.622 4.526 4.427 4.336 4.229 4.127 4.023 3.918 3.830 3.762 3.654 3.401 3.156 3.157 3.284 3.333 3.299 3.338 3.528 3.762 3.904 4.208 4.545 4.810 5.155 5.492 5.665
9.402 9.172 9.039 8.361 8.105 7.750 7.720 7.427 7.389 7.301 7.100 6.470 7.922 8.839 7.684 7.911 9.680 9.240 9.433 8.493 7.724 7.060 7.534 6.166 6.809 5.501 5.211 5.467 5.860 6.477 7.381 7.580 7.835 8.665 8.866 7.262 6.422 7.241 7.518 5.201 5.749 5.082 3.399 4.573 4.836 4.806 4.731 4.631 4.530 4.437 4.342 4.240 4.136 4.037 3.934 3.842 3.635 3.027 2.920 2.961 3.043 3.177 3.802 3.724 3.550 3.537 3.582 4.179 5.016 5.153 5.273 5.588 5.677 5.610
9.203 9.026 8.567 7.957 7.764 7.684 7.587 7.500 7.759 7.577 7.249 6.409 8.293 7.583 6.365 6.043 6.926 6.907 7.240 5.867 5.896 6.495 7.572 6.661 7.213 6.794 7.200 7.374 7.959 8.233 7.881 7.171 8.047 8.511 7.590 6.820 6.731 7.519 7.227 5.088 4.480 4.355 4.263 4.978 4.912 4.828 4.741 4.652 4.552 4.456 4.363 4.260 4.163 4.065 3.974 3.828 3.163 3.026 3.201 3.518 3.746 3.905 4.297 4.884 5.105 5.025 5.036 5.448 5.582 5.310 5.596 5.687 5.751 5.817
8.804 8.415 8.223 7.903 7.819 7.865 7.855 7.903 8.206 7.952 7.412 7.159 6.795 6.552 6.389 5.817 5.688 6.097 6.022 5.573 6.114 6.529 7.111 7.056 7.787 8.088 8.275 8.385 8.324 7.732 7.530 7.677 8.754 6.848 6.185 6.660 7.240 7.301 6.279 4.523 3.777 4.637 5.093 5.044 4.925 4.846 4.762 4.674 4.582 4.483 4.389 4.296 4.203 4.120 4.017 3.457 2.904 3.222 3.810 4.296 4.326 4.007 4.567 5.069 5.571 5.846 5.656 5.779 5.741 5.757 5.764 5.875 5.806 5.936
8.712 8.350 8.067 8.366 8.177 8.496 8.183 8.053 8.329 8.046 7.541 6.842 7.270 7.205 6.603 6.372 5.857 6.032 5.753 5.828 6.269 5.820 5.622 5.805 6.880 7.966 7.791 8.294 7.926 7.560 8.444 8.275 8.064 6.747 6.860 6.958 7.563 7.077 5.224 3.979 3.809 5.125 5.152 5.044 4.947 4.870 4.792 4.703 4.615 4.529 4.433 4.343 4.263 4.173 3.806 3.063 3.168 3.619 4.497 5.289 4.896 4.451 4.395 4.839 5.615 5.917 5.782 5.848 5.732 5.943 5.991 5.772 5.861 5.918
8.856 8.358 8.249 8.348 8.866 8.855 8.550 8.341 8.449 8.422 8.109 6.792 7.232 7.163 7.112 6.945 6.520 5.935 6.254 6.502 6.559 6.352 5.557 4.945 5.379 6.511 7.522 8.372 8.143 8.149 8.500 7.512 7.475 7.218 7.189 7.536 7.564 6.656 4.466 3.661 4.769 5.215 5.136 5.049 4.973 4.904 4.828 4.746 4.662 4.576 4.489 4.414 4.327 4.075 3.568 3.188 3.562 4.438 5.355 5.886 5.591 5.355 5.248 5.191 5.601 5.713 5.912 6.126 5.994 6.107 6.203 5.888 5.991 5.983
8.792 8.299 8.466 8.699 9.141 8.899 8.911 8.784 8.526 8.345 8.293 7.486 6.998 7.001 7.239 6.954 6.888 6.815 6.750 6.682 6.622 6.589 6.507 6.238 5.021 5.216 6.340 7.499 7.694 7.722 7.599 7.409 7.416 7.575 7.683 7.741 7.253 5.561 3.849 4.002 5.209 5.218 5.147 5.071 5.007 4.941 4.867 4.795 4.715 4.634 4.550 4.460 4.205 3.769 3.371 3.491 4.283 5.333 5.975 6.143 5.985 5.951 6.074 5.858 5.378 5.749 6.147 6.105 6.113 6.083 6.171 5.994 6.024 6.252
8.526 8.663 8.567 8.961 9.369 9.242 9.309 9.230 8.720 8.108 8.471 7.715 6.539 6.524 7.104 7.254 6.873 6.780 6.796 6.745 6.685 6.603 6.536 6.474 5.879 4.602 5.059 6.298 7.675 7.864 7.564 7.360 7.659 8.214 8.169 7.488 7.133 4.990 3.200 5.059 5.305 5.245 5.175 5.106 5.039 4.982 4.923 4.842 4.658 4.341 4.309 4.358 3.961 4.229 4.079 3.998 5.276 6.106 6.288 6.258 6.123 6.112 6.167 5.695 5.391 6.140 6.103 5.987 5.924 5.895 6.029 6.278 6.207 6.191
8.745 8.742 9.184 9.340 9.598 9.430 9.618 9.483 8.737 8.489 9.006 8.945 6.790 6.804 6.872 7.581 7.157 6.948 6.675 6.735 6.684 6.616 6.556 6.496 6.427 5.875 4.258 5.208 7.064 8.147 7.582 7.615 7.375 6.751 6.004 6.507 6.728 4.626 4.083 5.405 5.345 5.274 5.211 5.143 5.079 5.037 4.954 4.563 3.609 4.282 3.966 4.099 4.593 5.460 4.728 4.435 5.755 6.391 6.435 6.408 6.250 6.180 6.063 5.753 5.926 6.306 6.023 5.999 6.004 6.279 6.428 6.480 6.609 6.092
8.720 8.820 9.228 9.474 9.889 9.591 9.713 9.382 8.910 8.617 8.998 9.480 7.336 7.014 7.110 7.908 7.601 7.076 6.721 6.541 6.691 6.623 6.557 6.510 6.450 6.393 5.374 4.654 5.408 6.461 7.570 7.442 6.300 4.701 4.646 5.543 6.044 5.102 4.830 5.445 5.372 5.309 5.244 5.182 5.132 5.067 4.861 3.921 4.443 5.323 5.255 5.368 5.766 6.052 5.501 4.645 5.459 6.541 6.595 6.568 6.343 6.094 6.100 6.301 6.257 6.318 6.145 6.112 6.313 6.492 6.492 6.452 6.339 6.333
8.886 9.211 8.857 9.158 9.694 9.789 9.823 9.308 8.892 8.681 9.084 9.606 7.489 7.398 7.651 8.265 8.049 7.802 7.137 5.946 6.648 6.624 6.571 6.511 6.464 6.392 6.223 5.165 4.599 4.680 5.343 5.711 4.885 4.813 5.445 5.364 5.063 4.982 5.244 5.473 5.401 5.340 5.279 5.224 5.182 5.108 4.707 4.050 5.342 6.799 6.275 6.473 6.417 6.398 6.103 4.888 5.129 6.612 6.729 6.705 6.345 6.109 6.452 6.465 6.256 6.313 6.454 5.971 6.459 6.441 6.485 6.556 6.373 6.565
9.037 9.038 9.069 9.297 9.632 9.952 9.851 9.273 8.752 8.657 9.378 9.735 7.657 7.769 8.176 8.536 8.565 8.444 7.956 6.061 6.397 6.639 6.579 6.520 6.460 6.394 6.316 6.216 5.717 4.814 4.478 4.708 5.323 5.678 5.682 5.396 5.390 5.466 5.553 5.502 5.432 5.367 5.314 5.258 5.223 5.148 4.657 4.262 5.746 6.982 6.659 6.218 6.015 5.805 5.717 5.284 5.365 6.656 6.855 6.808 6.329 6.469 6.652 6.541 6.555 6.414 6.677 6.044 6.285 6.999 6.999 7.038 7.237 7.687
8.805 9.091 9.442 9.556 9.760 9.956 9.783 9.189 8.601 8.616 9.426 9.757 7.938 7.927 8.293 8.744 8.769 8.669 8.548 6.358 5.916 6.644 6.580 6.522 6.470 6.411 6.346 6.275 6.228 6.160 6.063 5.985 6.019 5.905 5.838 5.913 5.720 5.671 5.609 5.544 5.469 5.401 5.349 5.297 5.260 5.173 4.700 4.114 6.032 6.931 6.751 6.222 5.688 5.312 5.214 5.505 5.948 6.805 7.035 6.770 6.602 6.783 6.737 6.755 6.900 6.814 6.690 6.591 6.135 7.257 7.523 7.566 7.672 7.930
9.042 9.318 9.415 9.637 9.897 9.896 9.612 9.035 8.607 8.697 9.343 9.597 7.677 7.293 7.643 8.523 8.808 8.851 8.651 6.335 5.685 6.613 6.591 6.532 6.473 6.415 6.358 6.300 6.235 6.182 6.123 6.062 5.993 5.935 5.881 5.836 5.758 5.695 5.639 5.570 5.497 5.436 5.386 5.346 5.309 5.206 4.715 3.985 5.968 6.995 6.858 6.856 6.594 6.476 6.624 6.770 7.016 6.994 6.894 6.958 6.952 6.955 6.874 6.969 7.054 7.049 6.852 6.971 6.852 6.903 7.474 7.799 7.795 7.722
9.511 9.397 9.447 9.798 9.904 9.769 9.575 9.124 8.566 8.791 9.335 9.948 8.647 7.524 7.135 7.940 8.790 9.004 8.810 6.471 5.492 6.577 6.607 6.542 6.484 6.426 6.369 6.318 6.267 6.196 6.138 6.079 6.013 5.954 5.900 5.841 5.776 5.723 5.670 5.608 5.536 5.477 5.429 5.386 5.345 5.231 4.585 3.945 5.999 7.018 7.163 6.734 6.453 6.793 7.245 7.198 6.872 6.681 6.860 7.207 7.140 7.118 7.112 7.149 7.166 7.187 7.264 7.286 7.422 7.154 7.086 7.835 7.833 7.636
9.749 9.665 9.698 9.780 9.760 9.694 9.578 8.916 8.434 8.880 9.532 10.433 9.863 8.796 6.883 6.060 7.319 8.292 8.487 6.587 5.196 6.301 6.601 6.558 6.501 6.438 6.387 6.331 6.280 6.217 6.159 6.100 6.030 5.978 5.926 5.868 5.805 5.747 5.695 5.642 5.578 5.519 5.473 5.420 5.393 5.251 4.365 4.172 6.101 6.950 6.925 7.178 6.446 6.550 6.855 6.599 6.610 6.951 6.978 7.115 7.170 7.160 7.284 7.322 7.296 7.324 7.434 7.484 7.479 7.473 6.975 7.796 7.865 7.447
9.776 10.011 9.896 9.815 9.693 9.639 9.128 8.213 8.586 9.440 9.849 10.592 10.203 9.603 8.631 6.595 6.531 7.904 8.263 7.239 5.850 5.904 6.522 6.559 6.502 6.449 6.393 6.337 6.288 6.232 6.181 6.131 6.060 5.997 5.940 5.889 5.839 5.776 5.720 5.669 5.613 5.562 5.517 5.456 5.426 5.275 4.403 4.484 6.021 7.471 6.873 7.102 7.073 6.580 6.368 6.426 6.837 6.966 7.068 7.174 7.157 7.246 7.395 7.392 7.497 7.514 7.524 7.613 7.523 7.553 7.335 7.703 8.070 7.411
10.082 9.904 9.869 9.900 9.859 9.359 8.705 8.513 9.617 10.223 10.107 10.549 10.728 10.640 10.584 9.228 7.540 7.685 7.916 8.124 6.963 6.013 6.425 6.633 6.509 6.462 6.406 6.357 6.308 6.253 6.204 6.154 6.091 6.022 5.961 5.911 5.861 5.806 5.751 5.697 5.648 5.610 5.549 5.524 5.442 5.372 4.963 4.420 5.415 7.435 7.462 7.025 7.335 7.245 7.175 7.281 7.212 7.179 7.195 7.098 7.079 7.368 7.509 7.485 7.558 7.697 7.677 7.787 7.730 7.741 7.743 7.653 8.230 7.799
10.201 9.926 9.744 9.880 9.663 9.125 8.954 9.310 10.257 10.538 10.313 10.476 10.901 10.730 10.690 10.470 7.924 6.701 7.809 8.353 8.166 7.156 6.105 6.288 6.501 6.467 6.419 6.371 6.323 6.268 6.220 6.165 6.117 6.055 6.000 5.939 5.890 5.836 5.777 5.735 5.688 5.641 5.605 5.562 5.467 5.688 5.516 5.031 5.386 6.245 7.332 7.479 7.284 7.364 7.127 7.154 7.296 7.307 7.192 7.050 7.229 7.518 7.644 7.636 7.559 7.731 7.804 7.893 7.980 8.011 8.050 7.863 8.185 7.873
10.347 10.040 9.757 9.697 9.264 9.061 9.354 9.862 10.450 10.743 10.561 10.449 10.878 10.763 10.738 10.732 8.140 6.323 7.846 8.389 8.726 8.088 6.315 5.930 6.444 6.486 6.426 6.378 6.337 6.284 6.237 6.183 6.135 6.081 6.034 5.985 5.919 5.867 5.814 5.768 5.717 5.670 5.590 5.607 5.726 5.895 6.064 5.983 5.997 6.057 6.629 7.598 7.502 7.453 7.413 7.582 7.429 7.390 7.392 7.277 7.365 7.724 7.808 7.763 7.607 7.754 7.888 7.983 8.099 8.106 8.139 8.061 8.215 8.052
10.330 10.054 9.788 9.547 9.490 9.560 9.979 10.296 10.720 10.913 10.735 10.342 10.744 10.792 10.704 10.645 8.744 6.510 7.920 8.396 9.015 8.500 6.103 5.343 5.770 6.328 6.422 6.392 6.346 6.299 6.253 6.207 6.154 6.101 6.061 6.021 5.949 5.898 5.846 5.801 5.747 5.655 5.783 5.990 5.695 6.247 6.429 6.460 6.558 6.709 6.863 7.566 7.726 7.693 7.599 7.539 7.430 7.538 7.620 7.569 7.516 7.644 7.825 7.812 7.783 7.803 7.920 8.135 8.180 8.189 8.205 8.183 8.269 8.237
