tests/3D/PSQL_test/output_maps/HNN0007.asc
ncols         295
nrows         180
xllcorner     627200.000000
yllcorner     5109000.000000
cellsize      200.000000
NODATA_value  -9999.0
[rows 64 to 95 of 180, columns 213 to 283 of 295]
15.261 15.776 15.465 15.630 15.943 15.114 13.285 12.859 12.576 12.136 12.274 11.778 11.935 11.973 11.996 12.030 12.017 12.041 12.079 12.141 12.195 12.211 12.264 12.330 12.296 12.371 12.483 12.636 12.830 12.762 12.805 13.963 14.792 14.918 15.313 15.688 15.565 15.781 15.606 15.439 15.783 16.015 16.685 17.808 17.921 17.975 17.304 17.192 17.149 16.680 15.351 15.468 16.937 17.369 17.194 17.030 16.846 17.179 17.457 17.580 17.548 17.478 17.017 17.224 17.820 17.205 16.795 16.526 16.406 16.669 17.109
14.733 14.945 14.561 14.482 14.224 12.877 12.474 12.813 12.507 11.871 11.904 11.852 11.898 11.908 11.929 11.950 11.971 11.981 12.017 12.065 12.100 12.138 12.191 12.191 12.265 12.302 12.411 12.596 12.817 12.969 13.239 14.042 14.767 15.041 15.779 15.719 15.421 15.576 15.272 15.132 15.494 15.742 16.513 17.416 17.622 17.690 17.079 16.746 15.706 14.815 14.875 16.446 17.245 16.588 15.862 15.843 15.999 16.690 16.898 17.204 17.156 17.244 17.342 17.430 17.793 17.507 17.055 16.650 16.293 16.025 16.512
14.187 13.517 13.167 13.164 12.796 12.705 12.722 13.107 12.671 11.694 11.759 11.836 11.860 11.842 11.861 11.893 11.913 11.933 11.979 11.976 12.008 12.142 12.140 12.115 12.198 12.295 12.301 12.408 12.566 12.883 12.957 13.887 14.546 14.778 15.004 15.349 15.027 15.097 14.986 14.687 15.105 14.993 15.354 15.901 15.820 15.567 15.210 15.010 14.788 15.572 16.729 17.204 16.870 15.942 16.117 17.389 17.652 17.302 16.493 16.710 16.678 16.608 16.686 17.224 17.571 17.674 17.392 17.093 16.949 16.405 15.952
14.620 14.315 14.034 13.994 13.461 13.200 13.047 12.984 12.201 11.354 11.749 11.780 11.783 11.800 11.818 11.824 11.854 11.873 11.916 11.923 11.953 12.010 12.030 12.038 12.082 12.121 12.175 12.082 12.843 13.383 13.590 13.682 13.448 14.257 15.358 15.208 14.799 15.089 14.924 14.596 14.346 13.371 13.230 13.508 13.531 13.658 14.101 15.116 16.295 16.962 17.039 16.956 16.800 16.409 16.546 16.996 17.055 17.801 16.886 16.559 16.787 17.073 17.274 17.266 17.498 17.669 17.632 17.363 17.341 16.731 15.264
15.089 15.084 14.945 14.184 13.763 13.262 13.049 12.705 11.851 11.570 11.727 11.728 11.718 11.770 11.749 11.766 11.795 11.812 11.853 11.869 11.910 11.917 11.935 11.940 11.968 11.997 11.867 12.125 13.425 13.891 13.923 14.046 14.193 14.008 14.958 15.051 15.522 15.908 15.223 14.889 14.425 14.050 13.871 14.259 14.442 15.304 16.367 16.757 16.756 16.535 16.480 16.761 16.825 16.822 16.839 17.208 16.788 16.642 17.709 17.054 17.243 17.623 17.713 17.584 17.534 17.603 17.727 17.514 17.371 17.245 15.483
14.913 14.817 14.738 14.010 13.603 13.002 12.816 12.100 11.553 11.625 11.665 11.688 11.665 11.667 11.681 11.695 11.711 11.750 11.779 11.817 11.919 11.835 11.852 11.879 11.881 11.842 11.434 12.564 13.639 14.060 14.288 14.358 14.688 14.235 14.013 14.455 14.819 15.454 15.719 15.764 15.825 16.038 15.972 16.149 16.372 16.255 16.247 16.176 16.180 16.068 16.008 16.134 16.457 16.541 16.305 16.900 17.061 16.407 17.378 18.003 17.704 17.735 17.726 17.664 17.656 17.633 17.644 17.591 17.388 17.434 16.507
14.718 14.345 14.079 13.565 13.007 12.699 12.464 11.526 11.626 11.614 11.614 11.636 11.624 11.636 11.613 11.638 11.651 11.665 11.715 11.742 11.753 11.768 11.793 11.830 11.761 11.454 12.074 13.392 14.042 14.280 14.354 14.427 13.985 12.861 13.103 13.683 13.364 14.006 14.774 13.718 13.518 14.404 15.478 15.644 16.004 15.894 15.659 16.039 16.259 15.978 15.451 15.721 15.693 15.927 15.831 16.284 16.695 17.094 16.834 17.837 17.857 17.720 17.635 17.749 17.792 17.695 17.442 17.344 17.303 17.429 17.342
14.809 14.123 13.761 13.036 12.462 12.292 11.795 11.408 11.551 11.567 11.576 11.573 11.571 11.593 11.568 11.580 11.640 11.616 11.676 11.676 11.677 11.700 11.723 11.715 11.478 11.982 12.824 13.655 14.239 14.259 14.192 13.458 12.360 12.056 13.553 14.300 14.124 13.743 15.161 13.529 15.091 14.996 14.887 14.710 15.475 15.812 15.537 15.765 15.879 15.620 15.105 15.786 15.797 15.746 15.401 15.859 15.975 16.522 16.973 17.386 17.973 17.851 17.692 17.757 17.791 17.541 17.431 17.460 17.457 17.675 17.948
14.500 13.911 13.499 12.848 12.129 11.985 11.295 11.486 11.497 11.517 11.525 11.509 11.506 11.491 11.501 11.510 11.568 11.566 11.613 11.600 11.610 11.620 11.635 11.509 11.343 12.417 13.319 13.769 14.229 13.555 12.753 12.051 11.848 13.254 14.949 15.184 14.978 14.074 15.374 13.801 15.967 15.659 14.988 14.865 15.260 15.930 15.675 15.466 15.046 15.187 15.378 15.715 15.969 15.790 16.026 16.756 16.959 16.970 16.987 17.457 18.071 18.019 17.709 17.703 17.864 17.708 17.705 17.874 18.022 17.942 16.963
14.326 13.242 12.996 12.514 11.877 11.511 11.463 11.439 11.436 11.455 11.463 11.470 11.465 11.449 11.457 11.465 11.483 11.541 11.514 11.523 11.544 11.533 11.418 11.159 11.930 12.776 13.388 13.558 13.526 12.718 12.727 13.227 12.905 13.922 14.814 14.411 14.701 14.354 16.006 14.412 15.797 15.462 14.493 14.621 14.696 15.599 15.893 14.656 14.941 15.686 15.788 15.685 16.793 16.943 17.062 17.707 17.975 17.830 17.579 17.828 18.100 18.164 18.029 17.687 17.829 17.835 18.077 17.903 17.506 16.409 15.873
14.028 12.638 12.555 11.907 11.317 11.439 11.393 11.393 11.386 11.417 11.400 11.418 11.412 11.395 11.401 11.408 11.462 11.445 11.452 11.436 11.447 11.411 11.344 11.498 12.671 13.625 13.544 13.879 13.661 13.559 14.018 14.618 13.101 13.338 15.427 14.157 13.756 14.198 16.011 14.709 14.969 15.201 14.588 14.356 14.120 14.263 15.660 14.053 15.046 16.200 16.123 16.393 17.820 17.933 17.858 18.092 18.122 18.166 18.087 18.161 17.901 17.872 17.559 16.998 17.159 16.938 16.992 16.847 16.224 15.703 16.046
13.728 12.376 11.675 11.882 11.392 11.334 11.351 11.356 11.348 11.365 11.359 11.377 11.357 11.341 11.346 11.361 11.404 11.362 11.379 11.353 10.982 10.802 10.794 11.694 13.254 13.958 14.222 14.138 14.342 14.401 14.374 13.972 12.248 14.085 17.084 15.032 13.695 14.374 15.711 14.757 14.227 14.355 14.629 14.777 14.048 12.830 14.705 14.603 14.922 16.450 16.884 17.369 17.984 18.018 18.174 18.199 18.158 18.130 18.115 18.090 17.529 17.678 17.318 17.150 17.386 17.148 16.708 16.466 16.234 16.510 16.543
13.392 11.409 11.438 11.473 11.308 11.296 11.281 11.284 11.287 11.302 11.306 11.323 11.317 11.296 11.291 11.330 11.322 11.313 11.245 10.625 10.618 11.176 12.099 12.334 13.688 13.364 13.048 13.139 13.446 13.615 13.836 13.275 13.053 16.242 17.175 15.393 14.162 15.129 15.619 14.289 14.036 13.900 14.581 15.471 15.023 13.180 13.636 14.905 15.443 17.140 17.782 17.612 17.965 18.107 18.178 18.176 18.149 18.140 18.136 17.935 17.476 17.417 17.370 17.447 17.273 17.326 17.244 17.111 16.913 16.929 16.694
12.777 11.207 11.354 11.305 11.227 11.230 11.234 11.235 11.249 11.240 11.254 11.269 11.273 11.278 11.258 11.285 11.253 11.129 10.287 10.571 11.861 13.072 13.947 13.921 12.458 11.071 11.258 11.890 12.174 12.720 13.340 13.399 15.074 17.243 16.877 15.508 14.682 15.708 15.506 14.247 14.940 14.585 14.278 15.921 16.626 14.756 14.124 14.960 16.628 17.583 17.498 17.114 17.719 18.155 18.154 18.083 18.014 17.950 17.960 17.449 17.114 17.112 17.532 17.521 17.312 17.248 17.115 16.914 16.933 16.850 16.690
12.111 11.190 11.119 11.134 11.183 11.185 11.174 11.164 11.175 11.201 11.203 11.205 11.207 11.175 11.202 11.193 11.122 10.201 10.545 11.731 12.668 12.587 12.694 12.606 10.881 10.624 12.199 12.303 11.269 11.768 12.889 13.540 15.843 16.919 16.757 15.969 15.186 15.878 15.133 14.157 15.430 15.175 14.466 15.964 17.486 16.398 15.567 15.840 16.822 17.536 17.227 16.688 16.744 17.371 17.758 17.948 17.640 17.460 17.109 16.749 16.950 17.294 17.535 17.501 17.378 17.355 17.205 16.890 17.065 16.997 16.845
11.466 11.308 11.027 11.087 11.126 11.114 11.102 11.103 11.104 11.103 11.128 11.140 11.141 11.131 11.144 11.108 10.673 10.388 11.307 12.574 12.399 11.660 11.966 11.654 11.343 12.256 13.716 12.483 12.124 13.288 13.686 13.656 15.063 14.845 16.177 16.162 15.526 15.464 14.587 13.917 14.842 15.278 15.143 15.764 17.440 17.459 16.780 16.686 16.165 16.671 17.270 16.536 15.795 15.894 16.477 17.288 17.223 17.198 17.010 16.846 17.202 17.374 17.426 17.321 17.313 17.285 16.935 16.720 17.072 17.145 16.932
11.692 11.430 10.885 11.084 11.076 11.075 11.064 11.054 11.042 11.052 11.064 11.121 11.121 11.111 11.121 10.975 10.780 11.080 11.532 12.357 13.340 13.061 13.247 13.045 13.814 13.852 14.539 14.376 14.503 15.717 15.561 16.320 17.093 15.101 15.356 15.814 15.381 14.938 14.320 13.876 14.675 15.609 15.400 15.863 17.549 18.185 17.732 17.059 16.053 15.953 16.430 16.936 16.323 15.893 15.957 16.593 17.037 17.157 17.225 17.094 17.170 17.072 17.021 17.080 17.088 17.055 16.463 16.694 16.959 17.093 16.858
11.806 11.295 10.904 11.127 11.085 11.040 11.050 11.027 11.025 11.059 11.058 11.069 11.082 11.035 11.061 10.828 11.076 11.592 10.757 12.037 13.823 13.606 13.807 14.373 14.756 13.801 14.098 15.972 16.181 16.815 17.269 17.481 17.245 16.549 16.024 15.588 15.023 14.567 14.488 14.204 14.811 15.791 16.193 16.946 18.111 18.335 17.974 17.549 16.642 16.186 15.562 16.088 16.841 16.319 16.367 16.789 16.917 17.110 16.995 17.045 16.993 16.782 16.669 16.668 16.842 16.672 16.383 16.786 16.866 17.021 16.840
11.482 10.837 11.070 11.090 11.036 10.989 10.989 10.977 10.999 11.009 11.043 11.030 11.040 11.003 11.040 10.872 11.215 11.651 9.850 12.378 15.423 14.409 14.016 14.905 16.030 14.790 15.153 16.869 16.797 17.244 17.054 16.503 16.968 17.305 16.717 15.787 15.209 14.860 14.554 14.177 15.150 16.918 17.589 17.962 18.340 18.114 18.033 17.783 17.068 16.558 15.974 15.554 16.420 16.433 16.052 16.703 16.672 16.590 16.606 16.624 16.754 16.521 16.524 16.326 16.268 16.088 16.461 16.814 16.843 16.906 16.808
10.814 10.316 11.171 11.063 11.032 10.939 10.939 10.938 10.959 10.946 10.968 10.978 10.953 10.967 11.023 10.936 11.436 11.880 10.651 12.320 15.066 14.724 13.920 12.988 13.416 14.117 15.156 15.995 15.961 16.087 15.663 16.081 16.871 16.904 16.753 16.584 16.369 15.888 15.276 15.494 17.111 18.020 18.085 18.076 17.953 17.783 17.818 17.707 16.626 16.158 15.967 16.082 16.102 16.539 15.767 16.110 16.392 16.226 16.066 16.181 16.445 16.257 16.535 16.355 16.018 16.025 16.428 16.664 16.763 16.846 16.820
10.573 9.368 11.043 10.991 10.920 10.878 10.911 10.875 10.896 10.906 10.916 10.914 10.912 10.894 10.879 10.903 11.527 12.124 11.731 12.641 13.918 13.880 14.818 14.981 14.090 13.609 13.072 13.382 14.136 15.298 15.688 16.312 16.574 16.356 16.473 17.277 17.098 16.675 16.769 17.730 17.986 17.958 17.947 17.727 17.413 17.417 17.360 17.374 16.685 15.983 15.770 16.198 16.438 16.250 16.354 15.755 15.883 15.781 15.630 15.885 16.247 16.210 16.448 16.119 16.026 16.225 16.121 16.343 16.691 16.783 16.645
10.515 9.467 10.616 10.885 10.853 10.829 10.838 10.824 10.822 10.841 10.875 10.861 10.836 10.848 10.915 10.881 11.782 12.598 12.107 12.546 12.442 12.545 12.595 13.039 14.431 15.607 15.628 15.688 14.830 14.984 15.804 16.275 16.148 15.574 16.176 16.981 17.164 17.168 17.325 17.668 17.670 17.679 17.672 17.245 17.069 17.142 17.085 16.974 16.787 15.709 15.162 15.810 16.330 16.379 16.218 16.107 15.629 15.458 15.658 15.614 15.870 16.093 16.213 15.843 16.051 16.077 15.852 16.263 16.840 16.626 16.399
10.117 9.477 10.383 10.796 10.783 10.779 10.787 10.762 10.760 10.780 10.789 10.809 10.771 10.811 10.901 11.084 11.651 12.259 11.772 12.581 11.241 11.931 13.246 13.742 14.158 13.668 13.733 14.904 15.950 16.039 16.009 16.122 15.847 15.392 16.165 16.738 17.038 17.260 17.309 17.593 17.642 17.522 17.261 16.919 16.963 17.010 16.704 16.219 16.004 15.368 14.827 15.571 16.041 16.179 16.219 16.249 16.111 15.892 15.775 15.659 15.698 15.917 16.077 15.933 16.152 15.982 15.843 16.130 16.699 16.458 16.441
9.889 9.266 10.357 10.735 10.744 10.729 10.726 10.734 10.743 10.751 10.760 10.757 10.718 10.736 10.826 10.988 11.584 11.622 11.475 12.686 10.237 11.674 15.210 14.501 14.752 15.165 15.560 15.562 15.306 15.901 16.152 16.051 15.618 15.301 16.259 16.692 16.894 17.027 17.043 17.396 17.405 17.288 16.990 16.589 16.722 16.729 16.110 15.679 15.443 15.384 15.194 15.196 15.658 15.895 16.117 16.296 16.110 15.712 15.861 15.785 15.747 15.891 16.154 16.037 16.127 15.820 15.888 16.345 16.650 16.517 16.282
10.006 8.952 10.406 10.674 10.672 10.669 10.687 10.695 10.703 10.689 10.686 10.683 10.677 10.738 10.701 10.763 11.276 11.122 11.303 13.120 9.994 11.487 16.241 15.706 15.692 16.417 16.603 16.303 15.973 15.772 16.063 15.993 15.748 15.476 16.067 16.395 16.534 16.516 16.710 17.317 17.442 16.770 16.348 16.337 16.501 16.429 15.908 15.261 14.947 14.932 14.794 14.332 14.936 15.228 15.734 16.012 15.998 15.509 15.733 15.804 15.648 15.928 15.983 15.868 15.879 15.448 15.616 16.184 16.561 16.674 16.415
9.457 8.872 10.250 10.648 10.633 10.619 10.637 10.657 10.653 10.661 10.636 10.621 10.637 10.650 10.494 10.346 10.870 10.739 11.472 13.048 10.177 11.605 16.142 16.644 15.403 14.637 14.461 14.753 15.544 16.089 16.132 15.967 16.111 15.859 15.710 15.927 15.960 16.417 17.102 17.514 17.499 16.504 15.894 15.847 16.372 16.202 15.682 15.529 15.494 15.457 14.754 14.012 14.720 14.477 14.695 15.334 15.880 15.438 15.307 15.485 15.317 15.782 15.695 15.612 15.584 15.231 14.912 15.554 15.882 15.880 16.196
9.051 8.720 10.024 10.587 10.583 10.580 10.586 10.607 10.604 10.612 10.597 10.593 10.608 10.624 10.500 10.378 10.660 10.601 11.446 12.745 10.797 12.253 14.654 13.630 12.927 12.873 12.976 13.158 14.068 15.210 15.679 15.916 16.051 15.912 15.572 15.605 15.912 16.603 17.117 17.385 16.951 16.262 15.753 15.882 16.432 16.278 16.069 15.911 15.330 14.948 14.767 14.492 14.960 14.824 14.201 14.665 15.254 14.621 14.305 14.582 14.368 14.812 14.922 15.109 15.420 15.405 14.931 14.793 14.654 14.227 14.305
8.653 8.587 9.773 10.547 10.522 10.541 10.560 10.568 10.565 10.573 10.558 10.531 10.557 10.572 10.448 10.418 10.838 10.433 10.940 11.850 11.309 13.062 13.231 12.134 12.214 13.278 14.154 14.447 14.829 14.569 14.731 15.652 16.090 16.050 15.857 15.746 16.073 16.813 17.067 16.956 16.469 16.175 16.041 16.403 16.397 15.906 15.460 15.328 15.312 14.672 14.486 14.298 14.184 14.974 14.387 14.487 14.303 13.632 13.579 13.804 13.563 13.645 13.469 13.988 14.421 14.644 14.720 14.894 14.903 14.452 13.721
8.655 8.492 9.656 10.497 10.494 10.502 10.510 10.497 10.505 10.524 10.530 10.481 10.516 10.509 10.213 9.906 11.267 11.157 11.158 12.050 12.027 13.639 13.337 13.064 13.406 14.000 14.468 14.525 14.811 14.381 14.402 14.960 15.719 16.125 16.154 16.223 16.323 16.600 16.718 16.448 16.391 16.372 16.482 16.564 16.667 16.592 16.518 16.361 15.489 14.758 14.005 13.717 13.674 14.480 14.654 14.596 14.048 13.501 13.316 13.505 13.328 13.193 13.330 13.631 13.846 13.782 13.761 14.286 14.733 14.313 14.081
9.202 8.721 9.600 10.447 10.444 10.453 10.472 10.459 10.445 10.463 10.480 10.431 10.457 10.455 9.956 10.177 11.609 11.663 11.658 12.954 13.431 14.087 13.310 13.199 13.617 14.409 14.646 13.923 14.031 13.873 14.203 14.744 15.694 16.284 16.379 16.386 16.032 16.075 16.434 16.499 16.522 16.504 16.496 16.442 16.353 15.906 15.295 14.964 13.895 14.005 13.823 13.983 13.926 14.238 14.440 13.777 13.525 13.253 13.877 14.416 14.146 13.880 13.888 13.984 13.979 13.958 13.518 13.156 13.017 13.440 13.996
9.512 9.580 9.641 10.396 10.395 10.415 10.424 10.421 10.407 10.424 10.387 10.403 10.419 10.362 9.777 10.073 12.133 11.975 12.278 13.786 14.303 13.804 13.033 13.607 14.277 14.263 14.048 13.350 13.450 13.785 14.523 15.190 15.981 16.330 16.370 16.188 15.973 16.032 16.409 16.560 16.406 16.342 16.391 15.928 14.932 13.641 12.973 13.188 13.476 14.142 14.343 14.488 14.258 13.865 14.401 14.121 13.809 14.518 14.382 14.079 14.212 14.616 14.791 14.840 14.639 14.575 14.431 14.045 13.956 14.203 14.467
9.801 9.852 9.915 10.387 10.357 10.356 10.354 10.362 10.358 10.365 10.349 10.366 10.360 10.324 9.778 10.006 11.289 11.755 12.385 13.955 14.104 13.216 13.214 14.129 13.645 13.647 13.761 13.068 13.393 13.845 14.690 15.564 16.087 16.281 16.271 16.220 16.144 16.090 16.400 16.495 16.118 15.584 15.186 14.436 13.588 13.051 12.783 12.893 13.593 14.375 14.594 14.715 14.736 14.117 13.856 14.192 14.473 14.172 13.392 13.268 12.362 12.324 13.218 13.980 14.571 14.906 14.955 15.019 15.069 15.097 15.073
