tests/3D/PSQL_test/output_maps/HNN0014.asc
ncols         295
nrows         180
xllcorner     627200.000000
yllcorner     5109000.000000
cellsize      200.000000
NODATA_value  -9999.0
[rows 66 to 98 of 180, columns 148 to 221 of 295]
10.013 9.914 9.769 9.707 9.619 9.237 9.115 8.657 8.657 8.761 9.334 9.392 9.467 9.578 9.704 9.846 10.078 10.208 10.234 10.274 10.456 10.912 10.845 10.820 10.886 10.902 10.887 10.834 10.932 11.023 11.007 10.890 10.759 11.085 11.154 11.022 11.070 11.224 11.222 11.152 11.194 11.233 11.274 11.313 11.429 11.578 11.592 11.520 11.532 11.461 11.493 11.446 11.477 11.589 11.661 11.707 11.836 9.901 7.706 8.507 9.077 9.356 9.874 9.818 9.557 9.517 9.079 8.763 8.509 8.161 7.940 8.143 8.536 8.350
9.877 9.896 9.779 9.693 9.686 9.297 9.174 8.883 8.819 8.642 9.224 9.143 9.307 9.509 9.664 9.830 9.978 10.084 10.199 10.253 10.576 10.770 10.710 10.827 10.905 10.902 10.811 10.777 10.902 11.013 11.000 10.870 10.787 11.008 11.073 11.006 11.102 11.096 11.030 11.075 11.158 11.202 11.235 11.229 11.316 11.479 11.544 11.574 11.548 11.517 11.548 11.542 11.471 11.503 11.556 11.548 11.001 7.838 7.686 8.620 8.875 9.252 9.674 9.533 9.522 9.489 9.124 8.838 8.736 8.544 8.499 8.552 8.584 8.173
9.593 9.685 9.799 9.649 9.688 9.340 9.098 8.726 8.671 8.616 8.770 9.031 9.220 9.408 9.582 9.687 9.860 10.128 10.161 10.384 10.634 10.511 10.593 10.790 10.844 10.827 10.650 10.826 10.962 11.004 10.967 10.843 10.791 10.825 10.874 10.878 11.067 10.853 10.694 11.051 11.163 11.190 11.103 10.990 11.033 10.934 11.126 11.462 11.520 11.483 11.516 11.481 11.477 11.567 11.602 11.629 9.786 7.705 8.726 8.895 9.026 9.782 9.922 9.870 9.774 9.682 9.562 9.343 8.994 8.838 8.665 8.629 8.461 8.080
9.234 9.318 9.770 9.575 9.590 9.384 9.275 9.058 8.632 8.635 8.533 8.853 9.197 9.326 9.479 9.602 9.745 10.133 10.359 10.516 10.515 10.498 10.487 10.690 10.842 10.839 10.784 10.938 10.926 10.926 10.898 10.803 10.827 10.844 10.802 10.972 10.830 10.641 10.246 10.708 10.539 10.418 10.071 9.934 9.849 9.736 9.996 10.797 11.192 11.241 11.429 11.465 11.494 11.461 11.579 11.519 8.909 7.951 8.528 8.911 9.878 10.280 9.993 9.756 9.659 9.456 9.234 9.204 8.914 8.779 8.578 8.525 8.177 8.024
9.025 8.837 9.582 9.479 9.516 9.376 9.330 9.305 8.933 8.571 8.568 8.598 9.058 9.319 9.391 9.557 9.581 10.059 10.401 10.479 10.306 10.361 10.531 10.671 10.850 10.896 10.863 10.902 10.855 10.823 10.828 10.792 10.780 10.820 10.827 10.435 10.172 10.377 10.090 9.637 9.557 9.261 9.108 9.507 10.138 10.316 10.308 10.285 10.419 10.654 11.167 11.430 11.464 11.455 11.642 10.688 8.317 8.146 8.694 9.379 10.325 10.288 9.895 9.634 9.494 9.196 9.032 8.937 8.712 8.501 8.446 8.333 7.951 8.097
8.902 8.814 9.339 9.356 9.374 9.366 9.303 9.305 9.204 8.584 8.647 8.635 9.015 9.348 9.375 9.498 9.461 9.838 10.356 10.249 10.172 10.226 10.533 10.760 10.822 10.864 10.852 10.882 10.815 10.818 10.806 10.746 10.713 10.756 10.528 9.856 10.090 10.141 9.871 9.409 9.465 9.963 10.256 10.287 10.521 10.379 10.915 11.142 10.809 10.316 10.410 10.910 11.264 11.311 11.652 9.679 8.109 8.268 8.922 9.453 10.303 10.222 9.648 9.278 9.320 9.237 8.935 8.829 8.494 8.291 8.260 8.039 7.966 8.071
8.871 8.899 9.001 9.266 9.127 9.320 9.299 9.280 9.303 8.626 8.737 8.701 8.963 9.333 9.415 9.459 9.515 9.758 10.244 10.183 10.097 10.208 10.629 10.707 10.631 10.734 10.805 10.820 10.752 10.787 10.754 10.701 10.648 10.327 10.188 10.027 10.172 9.907 10.069 10.453 10.632 10.037 8.694 9.175 10.134 10.467 10.636 10.694 10.905 10.913 10.750 10.857 10.929 11.062 10.791 8.251 8.350 8.297 9.080 9.504 10.034 10.061 9.776 9.256 9.292 9.061 8.825 8.702 8.425 8.163 8.126 7.881 8.022 8.039
9.143 8.870 8.783 8.812 8.712 8.998 9.212 9.243 9.439 8.818 8.824 8.814 9.029 9.212 9.297 9.376 9.564 9.677 9.957 10.145 10.058 10.254 10.467 10.493 10.624 10.725 10.735 10.584 10.646 10.726 10.686 10.755 10.423 10.218 10.044 10.286 10.499 10.391 10.706 10.594 9.916 9.368 9.465 10.548 11.073 11.107 11.015 10.897 10.644 10.304 10.430 10.868 10.989 11.014 10.178 7.586 8.719 8.900 9.427 9.635 9.863 9.895 9.550 9.331 9.235 8.949 8.501 8.479 8.265 8.020 7.950 7.986 7.996 8.002
8.823 9.026 8.714 8.683 8.634 8.587 8.918 9.162 9.337 8.827 8.625 8.758 8.971 9.102 9.258 9.305 9.333 9.646 9.634 9.865 10.071 10.241 10.418 10.630 10.735 10.808 10.581 10.374 10.623 10.541 10.722 10.524 10.351 10.692 10.433 10.007 9.559 9.421 9.882 10.550 9.781 9.511 9.970 10.755 10.936 10.882 10.628 10.760 10.727 10.426 10.404 10.504 10.684 11.119 9.990 7.163 8.281 9.634 9.936 9.427 9.502 9.987 9.647 9.472 9.226 8.767 8.193 8.263 8.014 7.816 7.953 7.957 7.966 7.969
8.860 9.009 8.673 8.596 8.653 8.675 8.833 9.166 9.148 8.874 8.536 8.758 8.966 9.107 9.183 9.284 9.235 9.558 9.430 9.715 10.074 10.209 10.309 10.607 10.744 10.685 10.231 10.325 10.486 10.665 10.752 10.345 10.163 10.361 10.045 9.550 9.676 10.269 10.349 10.369 10.185 9.338 9.826 10.560 10.471 10.390 10.356 10.658 10.636 10.516 10.528 10.548 10.719 11.478 9.456 7.602 8.257 9.719 10.097 9.152 9.213 9.938 9.745 9.416 9.218 8.575 7.958 7.870 8.038 7.894 7.913 7.930 7.939 7.942
9.018 9.306 9.207 8.963 8.771 8.711 8.781 9.061 9.144 8.812 8.725 8.632 8.952 9.135 9.147 9.156 9.281 9.193 9.304 9.571 10.076 10.164 10.203 10.527 10.667 10.520 10.013 10.137 10.290 10.589 10.468 10.100 9.970 10.147 10.495 10.311 10.419 10.691 10.713 10.249 10.659 9.567 9.519 10.360 10.286 10.177 10.234 10.364 10.403 10.292 10.461 11.221 11.556 10.499 8.632 8.244 9.226 10.006 10.091 9.035 8.943 10.002 9.687 9.295 9.252 8.361 7.486 7.765 7.899 7.872 7.889 7.891 7.898 7.905
9.319 9.236 9.306 9.201 8.971 8.653 8.625 8.978 9.030 8.706 8.555 8.789 8.995 9.116 9.121 9.102 9.281 9.153 9.120 9.479 10.040 10.033 10.102 10.369 10.450 10.238 9.955 10.139 10.262 10.528 10.113 10.035 9.621 10.036 10.471 10.473 10.644 10.707 10.613 10.249 9.970 10.568 9.696 9.520 9.701 10.108 10.672 10.881 10.839 10.775 11.533 10.830 9.660 8.901 8.131 8.776 10.027 10.286 10.212 9.024 8.813 9.914 9.710 9.233 9.016 8.031 7.396 7.738 7.839 7.842 7.853 7.861 7.868 7.879
9.456 9.445 9.423 9.303 9.234 8.609 8.626 8.978 8.790 8.424 8.834 8.937 9.057 9.104 9.101 9.115 9.228 9.057 9.048 9.495 9.840 9.897 10.153 10.313 10.248 10.184 9.877 9.982 9.977 9.974 10.104 10.014 9.777 10.090 10.423 10.509 10.585 10.527 10.071 10.060 9.532 9.750 10.500 9.904 9.344 9.336 9.723 10.096 10.916 11.441 9.092 8.043 8.795 8.762 8.412 9.356 10.252 10.404 10.620 9.416 8.492 9.762 9.709 9.238 8.705 7.673 7.436 7.651 7.774 7.817 7.824 7.826 7.828 7.837
9.445 9.545 9.516 9.466 9.460 9.147 8.967 8.943 8.298 8.758 8.539 8.845 9.043 9.075 9.073 9.072 9.042 9.071 9.157 9.361 9.468 9.701 10.195 10.206 10.089 10.102 9.844 9.897 9.773 9.772 9.608 9.895 10.067 10.278 10.447 10.336 10.197 10.040 9.678 9.867 9.791 9.158 9.868 10.324 10.350 10.068 9.993 9.780 10.282 9.645 7.091 7.836 8.558 9.224 9.536 10.144 10.364 10.343 10.611 10.499 8.697 8.568 9.244 8.953 8.235 7.412 7.548 7.618 7.754 7.784 7.785 7.786 7.793 7.799
9.423 9.500 9.502 9.528 9.610 9.399 8.982 8.892 8.704 8.455 8.475 8.701 9.024 9.042 9.023 8.874 9.028 9.039 8.926 9.194 9.365 9.637 10.199 9.971 9.802 9.751 9.596 9.830 9.914 9.691 9.841 10.023 10.138 10.397 10.307 9.885 9.704 9.663 9.912 10.107 10.197 9.550 9.371 9.479 9.624 10.375 10.216 10.045 11.134 9.294 7.715 9.381 9.627 9.683 10.155 10.541 10.474 10.407 10.269 9.920 10.254 9.738 9.545 8.324 7.374 7.632 7.632 7.566 7.748 7.752 7.758 7.760 7.762 7.763
9.423 9.443 9.475 9.612 9.697 9.381 8.975 8.951 8.730 8.366 8.399 8.583 8.996 9.019 8.958 8.794 8.898 9.051 8.960 9.095 9.191 9.662 10.126 9.509 9.417 9.530 9.497 9.392 9.396 9.513 10.112 10.308 10.374 10.491 10.074 9.503 9.472 9.418 9.670 9.873 9.949 10.014 9.116 9.005 9.181 9.661 9.950 10.801 10.841 8.859 8.614 9.578 10.417 10.116 9.557 9.887 10.512 10.108 8.497 7.826 7.642 7.768 9.209 8.346 7.381 7.666 7.568 7.588 7.754 7.745 7.734 7.744 7.741 7.746
9.407 9.407 9.417 9.555 9.720 9.396 8.868 8.846 8.726 8.678 8.413 8.745 8.985 8.943 8.911 8.792 8.941 8.967 9.023 9.061 9.147 9.565 9.897 9.099 9.040 9.096 9.215 9.252 9.421 9.604 9.877 10.140 10.348 10.449 9.938 9.537 9.800 10.032 10.094 10.048 9.983 10.379 9.859 9.747 10.581 10.834 11.132 11.012 9.353 8.736 8.947 10.018 10.107 10.305 10.409 10.369 10.246 9.496 8.616 9.013 9.088 8.566 8.134 8.089 7.896 7.447 7.376 7.684 7.728 7.715 7.702 7.709 7.710 7.725
9.399 9.403 9.442 9.483 9.568 9.397 8.828 8.760 8.566 8.432 8.485 8.874 8.961 8.862 8.631 8.884 9.007 9.012 9.110 9.053 9.170 9.554 9.535 8.933 8.869 9.004 9.914 10.037 10.047 10.004 9.838 9.736 9.971 10.416 10.136 9.728 9.469 9.743 9.975 10.142 10.661 11.209 11.206 10.746 9.867 9.032 9.215 9.571 9.345 9.927 9.992 10.374 10.282 10.340 10.279 10.300 10.408 9.968 8.479 7.450 6.982 7.497 8.697 8.429 8.017 7.086 7.114 7.737 7.707 7.702 7.672 7.679 7.685 7.699
9.409 9.399 9.431 9.435 9.432 9.352 8.806 8.714 8.412 8.262 8.382 8.890 8.913 8.807 8.637 8.839 8.976 8.979 9.032 8.919 9.203 9.334 9.085 8.998 8.484 9.145 10.057 10.148 10.068 10.041 9.773 9.761 10.081 10.004 9.797 10.080 10.169 9.890 9.425 9.556 10.966 9.644 8.435 8.350 8.343 8.623 9.265 10.054 10.332 10.657 10.273 10.071 10.271 10.337 10.165 9.973 9.739 9.564 9.186 8.405 7.300 6.255 7.065 7.631 7.578 6.586 6.449 7.658 7.667 7.645 7.637 7.657 7.650 7.664
9.435 9.425 9.443 9.374 9.281 9.138 8.706 8.642 8.389 8.251 8.285 8.834 8.864 8.662 8.686 8.814 8.917 8.955 8.943 8.867 9.290 9.052 8.771 8.418 8.815 9.503 9.875 10.121 10.144 9.930 9.757 9.798 9.917 9.458 9.371 9.530 9.337 9.652 9.425 10.011 10.294 8.159 8.239 9.027 9.448 9.865 10.056 10.593 10.874 10.746 10.383 9.934 10.083 10.477 10.483 10.351 10.180 10.104 10.145 10.072 9.189 7.134 7.207 8.407 8.387 6.598 6.308 7.404 7.614 7.609 7.607 7.618 7.619 7.625
9.417 9.417 9.414 9.285 9.108 8.960 8.710 8.532 8.333 8.331 8.303 8.799 8.757 8.473 8.505 8.761 8.714 8.857 8.924 8.891 9.110 8.804 8.515 8.895 9.574 9.883 10.020 10.176 10.212 9.946 10.005 10.114 10.160 9.817 9.560 9.824 9.796 9.735 9.909 11.062 9.385 8.796 9.854 9.963 10.199 10.352 9.890 10.078 10.776 10.703 10.535 10.097 9.890 10.442 10.673 10.684 10.653 10.555 10.624 10.582 10.418 8.953 8.769 9.411 8.271 6.352 6.266 7.256 7.569 7.571 7.577 7.588 7.585 7.590
9.390 9.390 9.341 9.170 8.872 8.813 8.683 8.344 8.108 8.352 8.377 8.772 8.648 8.337 8.471 8.456 8.439 8.633 8.861 8.916 8.851 8.755 8.827 9.595 9.825 9.976 10.084 10.326 10.200 9.952 10.082 10.192 10.365 10.521 10.458 10.123 9.962 9.862 10.508 10.596 9.658 9.482 9.792 10.439 10.265 10.370 9.723 9.060 10.705 10.778 10.675 10.390 9.665 10.107 10.614 10.620 10.627 10.612 10.659 10.677 10.105 8.550 8.557 9.225 8.300 6.204 6.174 7.251 7.534 7.546 7.547 7.553 7.564 7.574
9.317 9.340 9.242 9.072 8.722 8.381 8.534 8.090 8.090 8.257 8.296 8.607 8.576 8.333 8.314 8.345 8.614 8.738 8.881 9.030 9.054 8.897 8.732 9.284 9.790 10.032 10.131 10.317 10.246 10.005 10.131 10.425 10.298 9.543 9.287 10.258 10.837 10.724 11.040 10.599 9.851 9.231 8.734 8.849 10.117 9.853 9.137 7.594 9.899 10.805 10.682 10.259 9.450 10.052 10.568 10.568 10.565 10.512 10.453 10.393 9.903 8.809 8.970 9.150 7.890 6.241 6.041 7.289 7.499 7.506 7.513 7.528 7.539 7.550
9.318 9.242 9.143 8.979 8.750 8.412 8.309 8.196 8.108 8.125 8.070 8.273 8.634 8.273 8.410 8.667 8.858 8.932 8.966 9.010 9.053 9.032 8.805 8.727 9.578 10.029 10.177 10.349 10.287 10.227 10.217 9.998 8.900 8.526 7.987 8.096 8.401 8.768 9.651 10.909 10.741 10.281 9.434 7.940 9.401 9.504 8.905 6.741 8.510 10.020 9.645 9.419 9.586 10.325 10.512 10.463 10.259 9.934 9.808 9.933 10.093 9.762 9.282 9.071 7.922 5.972 5.926 7.187 7.478 7.480 7.483 7.498 7.514 7.521
9.282 9.237 9.061 8.833 8.809 8.574 8.285 8.419 8.059 8.106 8.066 8.076 8.685 8.453 8.274 8.770 8.907 8.871 8.961 9.016 9.053 9.119 9.073 8.589 9.220 10.014 9.868 9.691 9.859 9.670 9.155 8.856 9.157 9.509 8.942 8.986 9.368 9.591 9.883 10.919 9.337 8.188 7.935 8.011 8.836 9.772 9.807 7.227 7.539 8.101 9.155 9.537 9.859 10.069 10.002 9.930 9.892 10.010 10.144 10.297 10.352 10.282 9.754 9.320 7.837 5.748 5.779 7.035 7.443 7.450 7.457 7.468 7.485 7.492
9.260 9.205 8.969 8.737 8.732 8.732 8.685 8.398 8.165 8.073 8.067 8.178 8.424 8.228 8.512 8.814 8.784 8.851 8.980 9.040 9.163 9.290 9.112 8.987 9.271 9.635 9.206 8.954 8.919 8.699 8.603 9.335 10.289 9.993 9.798 9.712 9.380 8.535 9.665 10.381 8.489 8.219 8.824 9.132 9.526 9.841 10.037 8.448 8.267 8.607 9.242 9.281 9.487 9.654 9.903 10.123 10.274 10.310 10.268 10.301 10.321 10.295 10.008 9.278 7.394 5.553 5.637 6.865 7.416 7.415 7.431 7.448 7.460 7.468
9.224 9.193 8.966 8.693 8.655 8.702 8.566 8.296 8.206 8.078 8.079 8.248 8.219 8.326 8.549 8.610 8.767 8.780 8.974 9.144 9.174 9.353 9.290 9.267 9.322 9.496 9.824 9.780 9.482 9.781 9.958 9.666 9.115 9.173 9.266 9.047 8.694 8.175 10.361 9.329 8.252 8.549 9.855 9.819 9.824 9.600 10.059 9.414 9.350 9.558 9.394 9.637 10.024 10.221 10.240 10.229 10.231 10.203 10.184 10.213 10.229 10.203 10.245 9.585 7.245 5.618 5.550 6.786 7.385 7.393 7.406 7.419 7.423 7.435
9.245 9.140 8.935 8.616 8.556 8.660 8.503 8.275 8.238 8.184 8.063 8.068 8.232 8.133 8.329 8.676 8.760 8.795 9.052 9.171 9.069 9.230 9.419 9.422 9.456 9.613 9.681 9.815 9.541 9.587 9.914 9.577 9.136 9.879 10.162 9.177 8.399 8.262 10.383 8.326 8.186 8.837 9.505 8.954 8.642 9.056 9.399 9.208 9.001 9.750 10.072 10.131 10.133 10.131 10.143 10.159 10.171 10.186 10.175 10.192 10.214 10.162 10.207 8.525 6.765 5.975 5.712 6.753 7.353 7.362 7.376 7.394 7.398 7.403
9.237 9.155 8.970 8.514 8.439 8.658 8.478 8.237 8.218 8.193 8.084 7.989 8.126 8.174 8.472 8.785 8.802 8.870 9.127 8.985 8.843 9.050 9.200 9.127 9.233 9.067 9.072 9.594 9.104 8.988 9.922 9.985 9.245 9.416 9.350 8.538 8.436 8.529 11.045 7.588 7.551 7.934 7.572 7.520 8.049 8.425 8.881 8.715 8.435 9.221 9.730 9.989 10.079 10.072 10.098 10.122 10.124 10.136 10.150 10.169 10.190 10.098 9.481 7.739 6.491 5.959 6.265 6.779 7.321 7.332 7.351 7.365 7.374 7.380
9.254 9.129 8.978 8.481 8.302 8.499 8.421 8.221 8.180 8.151 8.110 7.894 8.187 8.355 8.564 8.745 8.805 8.993 9.001 8.807 8.765 8.834 8.957 8.945 9.022 8.971 9.059 8.990 8.429 8.422 9.084 9.201 9.699 10.052 9.573 8.564 8.667 7.911 10.848 6.937 6.801 7.175 8.434 9.303 9.485 9.431 9.209 8.887 7.922 7.935 9.410 10.047 10.068 10.041 10.037 10.095 10.130 10.104 10.121 10.136 10.169 9.992 8.951 7.559 6.496 6.180 6.528 6.916 7.305 7.305 7.317 7.327 7.342 7.352
9.239 9.141 8.962 8.641 8.367 8.207 8.270 8.106 8.128 8.117 8.010 7.968 8.073 8.439 8.627 8.756 8.857 8.972 8.829 8.675 8.719 8.704 8.760 8.995 8.957 8.757 8.746 8.835 8.704 8.465 9.044 9.051 9.276 8.949 8.866 8.731 8.570 9.366 9.406 6.765 7.162 7.868 9.137 9.538 9.575 9.219 8.998 9.034 7.883 7.037 8.234 9.767 9.914 10.002 10.044 10.037 9.951 9.838 9.782 10.017 10.125 9.875 9.012 7.441 6.228 6.245 6.518 6.815 7.264 7.265 7.286 7.299 7.315 7.330
9.235 9.106 8.912 8.479 8.334 8.298 8.372 8.163 7.979 8.084 8.025 7.967 8.290 8.484 8.663 8.782 8.822 8.645 8.558 8.648 8.677 8.509 8.500 8.938 8.813 8.524 8.623 8.877 8.683 9.006 9.753 10.389 9.713 8.991 9.253 8.361 8.052 10.350 8.961 8.151 8.718 7.988 7.887 8.434 9.085 9.006 7.878 8.616 8.298 6.666 6.792 8.173 8.865 9.610 9.994 9.887 9.480 9.426 8.951 9.361 10.022 9.248 8.057 7.490 6.418 6.296 6.465 6.805 7.228 7.229 7.251 7.265 7.292 7.304
9.136 9.026 8.930 8.774 8.630 8.586 8.441 8.083 8.019 7.936 7.875 7.968 8.153 8.541 8.633 8.741 8.656 8.476 8.345 8.521 8.550 8.504 8.655 8.907 8.959 8.968 8.875 8.760 8.704 9.525 10.090 9.938 9.728 9.234 8.994 8.260 8.606 9.379 7.084 6.252 7.018 7.394 7.028 7.071 7.676 8.096 7.025 7.591 8.471 7.091 6.262 7.146 7.447 8.711 8.245 7.347 7.792 8.471 8.391 8.377 9.435 7.983 6.798 7.224 6.946 6.101 6.182 7.004 7.204 7.211 7.226 7.236 7.251 7.270
