tests/3D/PSQL_test/output_maps/HNN0003.asc
ncols         295
nrows         180
xllcorner     627200.000000
yllcorner     5109000.000000
cellsize      200.000000
NODATA_value  -9999.0
[rows 32 to 63 of 180, columns 148 to 221 of 295]
7.436 7.557 7.562 7.877 8.316 8.222 8.085 8.022 7.628 7.757 7.916 8.136 8.769 9.070 9.122 9.153 9.222 9.344 9.343 9.421 9.498 9.548 9.448 9.568 9.761 9.835 9.912 9.962 9.956 9.932 9.958 9.687 9.386 9.646 9.224 9.720 10.031 9.971 10.111 10.488 10.613 10.647 10.690 10.806 10.831 10.882 10.940 11.019 10.143 10.464 10.330 9.911 10.331 11.508 11.587 11.450 11.240 11.182 11.505 11.656 12.446 12.163 11.763 10.697 8.532 9.122 10.228 9.027 8.208 9.260 10.016 10.092 10.080 9.956
7.458 7.550 7.578 7.503 7.979 7.703 7.726 7.673 7.591 8.270 8.418 8.814 8.926 9.100 9.156 9.209 9.278 9.346 9.360 9.431 9.490 9.500 9.488 9.635 9.768 9.843 9.905 9.948 9.933 9.940 10.003 9.533 9.321 9.496 9.003 9.640 10.124 10.173 10.160 10.425 10.673 10.700 10.755 10.826 10.904 10.942 11.074 11.151 10.233 10.516 10.574 10.387 10.082 11.289 11.623 11.380 11.413 11.429 11.530 11.415 12.532 12.225 11.406 9.715 8.722 9.662 9.568 8.610 8.479 10.005 9.828 9.444 9.604 9.946
7.963 7.464 7.583 7.588 7.869 7.616 7.643 7.566 7.906 8.348 8.678 8.878 8.998 9.114 9.190 9.254 9.288 9.244 9.338 9.436 9.470 9.463 9.526 9.628 9.759 9.824 9.888 9.914 9.918 9.941 10.083 9.010 9.292 9.079 8.752 9.511 10.142 10.238 10.339 10.488 10.622 10.735 10.828 10.910 10.996 11.079 11.193 11.275 10.514 10.627 10.644 10.695 10.004 11.049 11.562 11.297 11.377 11.646 11.684 11.658 12.679 12.351 10.438 8.574 8.987 9.490 10.426 9.918 9.578 9.550 9.417 9.476 9.655 10.033
8.168 7.893 7.547 7.612 7.626 7.642 7.741 8.174 8.397 8.430 8.680 8.925 9.002 9.170 9.222 9.267 9.247 9.289 9.349 9.406 9.442 9.460 9.568 9.676 9.714 9.753 9.803 9.806 9.813 9.772 9.641 8.930 9.624 8.671 8.813 9.641 10.255 10.386 10.518 10.602 10.662 10.756 10.916 11.009 11.103 11.177 11.251 11.369 10.804 10.692 10.911 10.899 10.149 10.990 11.728 11.526 11.586 11.643 11.908 12.050 12.464 11.921 9.971 9.000 9.605 9.975 10.105 8.967 8.691 9.127 9.580 9.318 9.595 9.852
8.358 8.060 7.557 7.627 7.640 7.648 7.709 8.280 8.358 8.463 8.671 8.907 9.104 9.182 9.232 9.231 9.254 9.307 9.332 9.381 9.474 9.508 9.382 9.601 9.654 9.660 9.660 9.635 9.246 9.006 9.244 9.614 9.286 8.347 8.867 9.831 10.340 10.453 10.556 10.651 10.694 10.833 10.981 11.053 11.121 11.248 11.326 11.440 11.103 10.972 11.132 11.005 10.279 10.807 11.804 11.912 11.696 11.499 11.619 12.059 12.480 11.853 10.644 9.779 8.823 9.223 9.752 9.318 8.964 9.473 9.599 8.886 9.512 9.619
7.769 7.537 7.595 7.637 7.650 7.661 7.636 7.956 8.387 8.407 8.661 8.863 9.138 9.196 9.222 9.093 9.223 9.262 9.283 9.331 9.563 9.409 9.160 9.330 9.426 9.107 8.924 9.188 9.466 9.579 9.425 8.797 8.352 8.681 9.437 10.099 10.429 10.576 10.673 10.801 10.759 10.879 11.023 11.133 11.207 11.316 11.385 11.486 11.465 11.283 11.365 11.246 10.561 11.034 11.788 11.896 11.690 11.752 11.681 11.829 12.449 11.703 11.373 10.339 8.748 9.390 10.152 9.987 9.408 9.763 9.305 8.610 9.596 9.536
8.185 8.182 7.577 7.647 7.659 7.672 7.627 8.111 8.329 8.393 8.745 8.879 9.136 9.158 9.030 9.253 9.167 9.047 9.190 9.271 9.145 9.290 9.263 9.155 9.259 9.348 9.378 9.616 9.450 8.714 8.601 8.981 9.418 9.824 10.231 10.483 10.590 10.571 10.641 10.764 10.675 10.780 10.931 11.124 11.239 11.355 11.434 11.560 11.685 11.424 11.543 11.417 10.723 11.437 12.020 12.152 12.266 12.378 12.352 12.057 11.962 11.902 12.334 12.314 10.117 10.429 11.526 11.518 10.699 10.369 9.070 8.285 9.617 9.667
8.381 7.770 7.604 7.652 7.669 7.681 7.664 7.875 8.234 8.395 8.690 8.788 9.070 8.814 9.136 9.259 8.794 8.656 9.198 9.374 9.233 9.140 9.270 9.247 9.461 9.524 9.175 9.333 9.296 8.997 9.656 9.898 10.151 10.437 10.381 10.389 10.505 10.429 10.494 10.690 10.750 10.847 10.977 11.050 11.175 11.345 11.443 11.521 11.617 11.461 11.523 11.411 11.175 11.499 12.223 12.422 12.708 12.751 12.835 12.544 11.748 12.099 12.501 12.211 9.955 10.795 11.845 12.297 11.061 10.186 8.655 8.111 9.385 9.545
8.576 8.148 7.708 7.648 7.678 7.690 7.691 7.638 8.133 8.296 8.510 8.698 8.629 8.967 9.154 9.165 8.884 8.784 9.090 9.194 9.014 8.955 9.087 8.914 9.181 9.522 9.714 9.824 9.654 9.271 9.640 10.062 10.158 10.056 10.176 10.200 10.320 10.350 10.514 10.811 10.907 10.962 11.061 11.094 11.210 11.326 11.397 11.310 11.497 11.505 11.402 11.617 11.537 11.540 12.127 12.556 12.852 12.930 13.138 12.081 10.310 11.012 10.479 9.910 9.531 10.031 10.546 11.025 10.368 10.020 8.891 8.466 9.262 9.538
8.720 8.401 7.896 7.653 7.683 7.699 7.692 8.166 8.232 8.305 8.421 8.625 8.838 8.966 8.854 8.751 9.033 9.060 9.284 9.494 9.532 9.571 9.696 9.636 9.378 9.572 9.780 9.778 9.735 9.265 8.926 9.009 9.270 9.694 9.768 10.081 10.411 10.569 10.723 10.894 10.970 11.057 11.115 11.138 11.239 11.311 11.294 11.218 11.501 11.747 11.820 12.015 12.099 12.080 12.426 12.887 13.129 13.173 13.417 11.217 10.128 10.747 9.619 9.220 9.313 9.623 9.796 9.832 9.645 9.642 9.637 9.294 9.313 9.620
8.804 8.589 8.291 7.847 7.687 7.709 7.709 7.689 7.839 8.291 8.496 8.660 8.818 8.821 8.655 9.066 9.251 9.351 9.448 9.576 9.613 9.619 9.694 9.810 9.725 9.724 9.768 9.612 9.392 9.356 9.840 9.639 9.415 9.353 9.344 9.905 10.556 10.713 10.787 10.933 11.023 11.095 11.153 11.154 11.190 11.278 11.217 11.213 11.645 12.070 12.199 12.399 12.537 12.639 12.848 13.082 13.309 13.381 13.406 10.901 10.572 10.526 8.774 9.889 9.528 9.008 8.910 8.920 8.734 8.645 8.921 9.587 9.973 9.930
8.874 8.703 7.979 7.617 7.696 7.718 7.724 7.911 8.197 8.356 8.479 8.652 8.776 8.420 8.764 9.137 9.267 9.260 9.374 9.575 9.588 9.612 9.755 9.846 9.892 9.782 9.837 9.547 9.602 9.152 8.837 8.847 9.700 9.720 9.238 9.193 9.760 10.413 10.724 10.935 11.100 11.122 11.149 11.174 11.161 11.212 11.115 11.032 11.573 12.145 12.373 12.452 12.460 12.565 12.732 12.787 13.031 13.353 13.430 10.991 9.908 10.311 9.797 9.056 9.486 9.834 9.868 8.982 8.600 8.742 8.922 9.395 9.903 9.830
8.966 8.768 8.296 7.824 7.706 7.727 7.736 7.719 7.732 8.317 8.516 8.568 8.294 8.574 8.775 9.198 9.296 9.316 9.374 9.481 9.449 9.651 9.799 9.884 9.934 9.752 9.855 9.415 9.774 10.098 9.939 9.318 9.289 10.014 9.915 9.311 9.000 9.380 10.207 10.779 10.951 11.063 11.123 11.148 11.084 11.133 10.950 10.899 11.597 12.248 12.382 12.321 12.422 12.307 12.506 12.749 12.958 12.886 13.148 11.774 9.046 10.411 11.232 10.243 9.218 8.905 9.601 9.896 9.576 9.104 9.099 9.280 9.550 9.841
8.938 8.771 7.974 7.791 7.696 7.731 7.746 7.756 7.701 8.247 8.428 7.903 8.564 8.934 9.022 9.131 9.226 9.328 9.446 9.456 9.452 9.700 9.836 9.953 9.948 9.795 9.892 9.365 9.495 10.179 10.374 10.365 9.959 9.410 9.816 10.190 9.586 9.088 9.343 10.250 10.740 10.988 11.080 11.035 11.053 11.037 10.786 10.810 11.681 12.284 12.137 12.144 12.353 12.254 12.467 12.880 12.425 12.176 12.514 12.845 9.481 9.401 9.793 9.877 9.431 9.220 9.361 9.813 10.127 9.582 9.749 9.607 9.463 9.950
8.868 8.796 8.315 8.014 7.899 7.703 7.754 7.765 7.757 7.809 8.146 8.319 8.825 9.204 9.263 9.261 9.397 9.508 9.520 9.491 9.525 9.722 9.905 9.965 9.827 9.835 9.884 9.499 9.556 10.169 10.343 10.407 10.381 9.969 9.271 9.521 10.251 9.654 9.204 9.571 10.430 10.838 10.844 10.892 10.963 10.952 10.778 10.968 11.725 11.707 11.633 11.742 11.913 12.300 12.731 12.191 11.887 12.191 12.271 13.392 11.521 9.717 8.042 8.398 8.824 9.151 10.171 9.813 9.179 8.843 9.525 9.193 9.173 8.921
8.626 8.731 8.762 8.578 8.195 7.662 7.706 7.763 7.774 7.899 8.358 8.274 9.055 9.211 9.362 9.415 9.473 9.535 9.564 9.559 9.639 9.832 9.928 9.804 9.801 9.895 9.837 9.633 9.762 10.186 10.312 10.378 10.392 10.469 10.365 9.549 9.519 10.335 9.832 9.327 9.758 10.245 10.499 10.684 10.876 11.065 11.167 11.006 11.188 10.799 10.882 11.169 11.496 11.801 11.902 11.480 12.066 11.881 12.482 13.291 13.216 12.298 8.678 7.387 7.639 8.694 10.041 9.952 9.152 8.765 8.657 8.872 8.743 8.199
8.581 8.546 8.591 8.682 8.715 8.309 8.209 7.725 7.782 7.972 8.251 8.269 8.986 9.254 9.389 9.510 9.511 9.554 9.612 9.701 9.749 9.847 9.803 9.783 9.860 9.769 9.784 9.847 9.980 10.221 10.312 10.374 10.423 10.519 10.641 10.495 9.630 9.805 10.372 9.691 9.807 9.949 9.782 10.498 11.014 11.231 10.774 10.230 10.499 10.200 10.005 10.031 10.864 10.749 10.767 11.427 11.391 11.893 12.655 12.542 12.886 13.398 10.917 8.633 7.612 9.217 10.331 9.989 9.357 9.282 9.075 8.631 8.599 8.321
8.775 8.602 8.587 8.674 8.448 8.391 8.175 8.037 7.799 7.908 8.152 8.510 9.047 9.325 9.448 9.562 9.596 9.631 9.704 9.734 9.721 9.797 9.749 9.776 9.686 9.881 9.955 10.045 10.144 10.252 10.351 10.421 10.444 10.499 10.616 10.716 10.526 9.943 9.986 10.380 10.145 9.578 9.530 10.374 10.825 10.714 10.242 9.848 9.951 10.273 10.457 10.209 10.468 10.245 11.011 11.521 11.098 12.217 12.086 12.282 12.622 13.217 11.433 8.715 7.707 9.978 10.427 9.816 9.590 10.008 10.177 9.661 9.200 9.366
8.968 8.685 8.642 8.700 8.562 8.516 8.334 7.960 7.808 7.969 8.206 8.562 8.969 9.344 9.504 9.587 9.618 9.660 9.679 9.669 9.660 9.740 9.789 9.563 9.814 10.069 10.122 10.141 10.174 10.242 10.362 10.401 10.422 10.493 10.605 10.650 10.671 10.499 10.279 10.082 10.413 9.633 9.534 9.704 10.258 10.426 10.251 10.188 10.261 10.596 10.601 10.590 10.725 11.152 11.328 11.384 11.985 11.954 12.029 12.132 12.887 12.305 12.277 10.529 7.846 9.912 11.013 9.333 9.608 9.992 10.307 9.832 9.312 9.294
9.075 8.782 8.672 8.673 8.572 8.508 8.324 7.934 7.816 8.005 8.222 8.462 8.992 9.379 9.560 9.585 9.570 9.620 9.688 9.679 9.680 9.746 9.729 9.657 9.918 10.056 10.127 10.139 10.169 10.243 10.306 10.336 10.366 10.478 10.560 10.647 10.669 10.690 10.680 10.182 10.115 10.399 9.877 9.695 9.741 10.128 10.387 10.430 10.616 10.512 10.670 11.075 10.933 10.989 11.785 11.685 11.379 11.820 11.887 12.457 12.260 11.802 12.372 12.632 9.070 9.961 10.382 8.901 9.506 9.901 10.218 9.976 9.503 8.814
9.059 8.736 8.648 8.646 8.593 8.407 8.202 7.836 7.877 7.759 8.121 8.875 9.319 9.491 9.532 9.515 9.525 9.612 9.669 9.652 9.628 9.697 9.759 9.818 9.950 9.999 10.084 10.167 10.209 10.244 10.259 10.300 10.385 10.468 10.543 10.642 10.687 10.697 10.709 10.556 10.053 10.149 10.545 10.094 9.816 10.121 10.534 10.645 10.651 10.490 10.544 10.817 11.234 11.323 10.696 10.684 11.020 11.252 12.245 12.169 11.329 11.906 12.192 13.003 10.835 9.942 9.100 8.698 9.494 9.917 10.350 10.111 9.445 8.553
9.071 8.748 8.668 8.628 8.525 8.296 8.050 7.744 6.964 7.678 8.218 9.135 9.306 9.394 9.508 9.539 9.596 9.646 9.642 9.647 9.582 9.665 9.812 9.869 9.967 9.999 10.138 10.198 10.215 10.251 10.288 10.338 10.371 10.503 10.562 10.598 10.700 10.703 10.715 10.798 10.666 10.097 10.374 10.550 10.609 10.677 10.643 10.638 10.603 10.503 9.891 10.076 10.928 10.547 10.912 11.171 11.035 11.186 11.973 11.437 11.671 12.042 11.964 12.875 10.416 9.290 8.707 8.665 9.428 10.307 10.430 10.072 9.155 7.913
9.007 8.740 8.642 8.623 8.400 8.127 7.920 7.663 7.876 7.968 8.713 8.998 8.976 9.389 9.519 9.516 9.625 9.630 9.626 9.622 9.520 9.651 9.813 9.877 9.955 10.031 10.142 10.179 10.197 10.247 10.294 10.336 10.411 10.488 10.529 10.582 10.705 10.719 10.764 10.844 10.876 10.271 10.170 10.464 10.454 10.371 10.621 10.677 10.679 10.813 10.359 9.970 10.304 11.016 11.050 11.524 11.153 10.524 11.069 11.197 11.864 11.521 12.295 12.132 9.965 9.454 9.003 9.122 9.731 10.462 10.431 9.786 8.781 7.652
9.105 8.775 8.503 8.493 8.259 7.994 7.676 7.546 7.782 7.986 8.368 8.347 9.119 9.429 9.451 9.533 9.622 9.607 9.578 9.574 9.446 9.674 9.843 9.904 9.940 9.996 10.103 10.142 10.178 10.237 10.312 10.336 10.364 10.438 10.483 10.565 10.673 10.734 10.797 10.842 10.884 10.576 10.010 10.549 10.643 10.462 10.023 9.954 9.769 9.923 10.629 11.007 10.776 10.346 11.211 11.283 10.533 10.297 10.752 11.399 11.252 11.164 12.715 11.140 9.896 9.460 9.568 9.448 9.924 10.567 10.394 9.528 8.634 7.661
9.203 8.834 8.599 8.250 8.081 7.855 7.355 6.535 7.223 7.747 8.234 8.918 9.291 9.024 9.382 9.468 9.601 9.585 9.561 9.485 9.422 9.680 9.851 9.916 9.964 10.003 10.029 10.102 10.157 10.260 10.323 10.311 10.330 10.402 10.453 10.556 10.651 10.720 10.793 10.857 10.908 10.982 10.385 10.521 10.732 10.983 10.585 10.084 9.867 10.172 9.977 10.329 10.993 10.675 10.316 10.653 11.144 11.268 11.540 11.272 10.811 11.581 12.491 10.296 10.008 9.590 9.948 9.762 10.064 10.707 10.425 9.540 8.782 7.756
9.148 8.839 8.638 8.275 8.062 7.826 7.053 6.778 6.598 7.522 8.604 8.907 8.797 8.954 9.265 9.504 9.627 9.542 9.553 9.472 9.459 9.675 9.835 9.916 9.988 9.887 9.767 9.881 9.940 9.991 10.169 10.234 10.273 10.350 10.384 10.497 10.621 10.666 10.775 10.850 10.910 11.085 10.893 10.470 10.619 10.867 10.735 10.742 10.631 10.828 10.317 10.287 10.102 10.874 11.149 10.834 10.486 10.698 10.855 10.573 10.789 12.514 11.483 10.193 10.301 9.856 10.045 10.081 10.146 10.518 10.406 9.851 8.971 7.860
9.053 8.793 8.620 8.322 8.042 7.937 7.478 6.798 6.717 7.129 7.954 8.493 8.529 8.515 9.279 9.554 9.562 9.409 9.510 9.420 9.320 9.454 9.653 9.757 9.619 9.486 9.501 9.501 9.329 9.282 9.624 9.966 10.219 10.356 10.289 10.458 10.594 10.620 10.750 10.828 10.895 11.043 11.093 10.695 10.418 10.643 10.821 10.378 10.720 11.394 11.116 10.493 10.050 9.822 10.697 10.120 10.131 10.511 10.711 10.843 11.616 12.639 10.488 10.194 10.337 9.821 10.041 10.035 9.682 10.103 10.343 10.294 9.328 8.221
9.079 8.764 8.523 8.485 7.985 7.985 7.726 6.963 6.564 6.740 7.679 8.213 8.440 8.409 9.176 9.480 9.422 9.132 9.307 9.251 9.485 9.564 9.561 9.583 9.701 9.767 9.791 9.922 9.960 9.898 9.678 9.664 10.105 10.374 10.390 10.437 10.580 10.627 10.712 10.834 10.879 10.999 11.206 11.199 11.124 10.726 10.995 10.473 10.233 11.289 11.919 11.823 11.375 10.419 11.273 10.459 11.158 11.995 11.993 11.954 12.774 11.313 10.040 10.415 9.891 9.423 9.977 9.593 9.462 10.314 10.493 10.406 9.378 8.084
9.171 8.949 8.638 8.532 8.152 7.983 7.885 7.146 6.771 6.628 7.726 8.170 8.344 8.438 8.765 9.389 9.051 8.940 9.315 9.440 9.552 9.712 9.700 9.736 9.657 9.488 9.635 9.729 9.623 9.674 9.926 9.852 9.785 9.943 10.265 10.469 10.556 10.635 10.735 10.817 10.865 11.012 11.185 11.247 11.367 11.231 11.145 10.782 10.471 11.234 11.824 12.043 11.908 11.055 11.246 11.231 11.117 11.755 12.129 12.172 11.175 10.041 9.936 9.629 9.189 9.157 9.640 9.420 9.841 10.531 10.559 10.401 9.239 7.676
9.052 8.832 8.687 8.238 8.103 7.933 7.845 7.150 6.657 7.137 7.821 8.276 8.362 8.490 8.585 8.992 8.935 9.128 9.338 9.523 9.682 9.779 9.764 9.753 9.811 9.906 9.991 10.127 10.145 10.123 9.922 10.121 10.036 9.672 10.150 10.446 10.589 10.638 10.731 10.837 10.936 11.029 11.140 11.247 11.399 11.371 11.175 11.200 10.760 10.969 11.579 11.999 12.062 11.822 11.397 11.675 11.550 11.635 11.905 10.454 9.773 9.158 8.985 8.745 8.754 9.322 9.747 9.815 10.094 10.458 10.489 10.270 9.213 7.352
9.028 8.967 8.629 8.511 8.102 7.927 7.548 6.994 6.667 7.283 7.915 8.216 8.320 8.465 8.717 9.005 9.001 9.282 9.476 9.530 9.633 9.784 9.886 9.896 9.932 9.985 10.038 10.163 10.224 10.250 10.268 10.194 10.076 9.906 10.107 10.340 10.595 10.679 10.764 10.846 10.902 10.956 11.169 11.324 11.426 11.393 11.244 11.323 11.155 10.915 11.371 11.846 12.014 12.097 11.993 11.699 11.837 11.750 11.907 9.918 9.755 8.773 8.521 9.418 9.404 9.990 10.179 10.111 10.215 10.455 10.423 10.081 9.001 7.179
8.942 8.928 8.599 8.443 8.097 8.125 7.335 6.475 6.957 7.457 7.939 8.132 8.296 8.436 8.722 8.793 8.994 9.370 9.538 9.567 9.650 9.810 9.886 9.883 9.912 9.969 10.058 10.111 10.193 10.245 10.278 10.344 10.226 10.121 10.178 10.364 10.608 10.683 10.773 10.821 10.888 11.001 11.184 11.351 11.427 11.475 11.507 11.281 11.409 10.933 11.343 11.799 11.975 12.050 12.130 12.163 12.027 11.797 11.572 8.851 9.006 8.347 8.939 9.692 9.775 10.117 10.360 10.156 10.211 10.468 10.386 9.654 8.229 6.865
