tests/3D/PSQL_test/output_maps/snowdepthN0015.asc
ncols         295
nrows         180
xllcorner     627200.000000
yllcorner     5109000.000000
cellsize      200.000000
NODATA_value  -9999.0
[rows 145 to 173 of 180, columns 0 to 66 of 295]
-9999.000 285.885 278.182 264.957 265.555 278.911 292.745 272.778 278.720 277.484 303.836 322.926 319.059 304.836 276.375 270.582 287.453 290.661 283.417 277.155 274.704 264.552 250.670 254.153 237.627 232.708 251.355 257.085 273.247 273.291 259.064 266.786 268.797 261.565 255.754 240.697 240.199 246.237 251.966 233.726 249.229 246.245 252.684 248.459 228.414 219.090 218.795 238.534 243.307 239.955 234.057 239.696 235.541 211.541 209.269 220.851 222.934 220.175 218.065 218.076 210.636 220.685 235.552 236.585 230.101 239.384 208.824
-9999.000 274.074 260.321 258.100 265.930 263.059 270.873 273.849 283.156 272.722 266.120 266.689 292.922 326.878 312.722 280.353 273.380 273.680 274.344 270.124 268.539 260.844 254.156 268.291 251.878 228.638 238.202 254.757 268.329 265.420 258.095 250.819 249.055 245.560 247.233 237.673 235.421 234.899 243.616 238.865 252.777 252.203 252.838 262.520 238.763 228.571 218.588 237.650 243.542 239.260 240.020 232.922 221.508 212.400 210.350 218.345 217.457 212.683 224.290 225.424 220.694 230.942 235.824 233.768 229.969 242.791 206.507
-9999.000 268.926 257.481 254.825 254.272 259.678 265.454 257.845 270.532 278.219 272.878 262.738 260.871 277.298 292.975 291.837 299.518 288.064 276.675 266.712 262.986 252.668 249.888 268.953 273.184 239.510 239.103 266.457 258.962 237.183 232.896 235.906 240.705 229.487 225.954 226.028 216.784 219.343 224.555 232.524 243.391 245.742 247.353 271.910 247.484 226.532 215.887 238.094 240.324 233.145 230.944 222.456 222.985 222.392 217.283 225.510 227.712 226.175 232.412 229.310 226.171 237.806 241.567 235.654 229.866 243.644 203.814
-9999.000 254.833 248.959 237.732 244.593 253.823 261.303 246.427 250.814 250.148 259.772 259.240 258.079 266.642 275.871 267.956 270.390 286.973 287.239 271.001 276.355 261.724 242.717 250.695 280.052 250.478 244.094 255.007 232.289 219.746 214.570 212.750 205.073 190.014 195.971 200.741 195.254 204.094 211.767 220.744 228.233 237.922 237.060 266.447 254.463 219.738 211.420 242.039 236.068 234.374 239.282 235.035 232.035 228.071 221.187 228.771 228.609 231.857 234.075 225.931 223.397 241.399 239.915 237.944 228.884 244.638 201.562
-9999.000 238.732 242.578 236.401 240.427 234.740 237.539 242.169 245.667 243.900 248.482 257.312 255.776 260.462 280.709 262.002 257.369 259.384 277.138 283.013 291.093 272.344 241.895 235.149 268.698 251.973 242.532 230.182 217.482 229.258 227.575 206.882 191.370 194.957 201.478 206.157 215.003 223.753 227.952 225.152 229.728 235.460 231.181 251.991 246.769 210.824 217.999 244.140 231.407 236.869 239.706 239.686 236.342 235.657 232.112 235.144 232.458 234.474 236.064 225.144 225.137 247.992 238.723 240.393 237.321 237.095 194.494
-9999.000 231.290 238.082 238.674 233.119 227.168 228.195 232.700 240.282 243.663 242.247 242.333 238.862 239.335 258.374 267.929 265.337 259.021 248.967 251.858 263.389 264.069 237.265 227.136 252.358 250.459 241.498 219.121 218.262 222.365 208.429 197.777 208.626 225.669 231.972 238.793 240.796 240.522 237.568 235.013 238.985 236.876 225.613 235.643 228.976 214.141 235.216 239.869 231.565 237.768 239.123 234.483 232.313 236.672 237.408 241.311 231.286 234.436 237.544 229.002 230.190 249.507 238.944 242.101 244.329 216.766 191.827
-9999.000 232.300 232.876 233.646 228.875 226.902 226.374 220.849 225.234 230.548 227.422 224.868 229.066 231.468 234.650 246.327 244.349 242.140 228.666 222.154 215.076 209.801 219.339 224.684 235.018 243.493 228.591 209.796 211.682 199.270 189.542 202.260 226.753 250.540 255.662 252.341 248.620 246.727 243.337 242.453 247.818 242.217 227.876 228.022 224.016 226.470 246.817 236.243 233.735 237.589 236.943 228.042 233.129 242.429 245.546 243.409 231.092 231.349 234.074 233.288 228.948 250.170 237.993 243.726 244.657 201.162 197.660
-9999.000 244.565 240.742 235.685 228.675 217.350 208.468 204.772 204.836 206.065 212.784 221.070 227.372 228.790 227.698 222.215 219.625 224.748 225.251 217.952 206.676 190.843 182.439 188.708 205.698 219.669 212.856 208.885 217.373 217.484 229.204 247.886 257.879 249.111 244.691 230.696 236.889 248.716 248.381 249.358 249.949 247.382 242.051 239.532 237.585 247.531 242.224 236.303 232.209 238.483 236.729 230.486 244.665 252.445 252.910 251.616 242.744 235.976 237.989 237.948 235.479 254.341 240.527 246.535 233.894 189.962 207.743
-9999.000 241.423 234.658 223.309 208.585 201.979 198.497 194.660 193.980 194.540 202.325 205.421 207.414 212.720 214.523 218.197 213.685 208.944 207.240 209.580 201.195 190.973 190.846 195.725 205.962 222.666 233.727 241.523 251.106 255.320 253.758 245.536 231.707 217.156 235.228 227.852 223.619 231.132 246.710 250.413 251.096 250.820 250.681 250.793 251.053 245.608 240.266 241.701 237.064 242.223 242.544 241.044 252.900 258.045 258.355 256.695 248.653 238.009 242.342 243.275 247.776 261.172 246.824 244.017 218.133 188.142 221.261
-9999.000 250.899 233.324 216.894 208.401 211.609 214.063 218.309 223.774 224.483 215.897 205.785 200.171 196.454 197.898 198.727 197.475 194.706 192.879 195.006 197.340 210.216 233.729 245.840 253.923 256.072 253.306 241.939 236.627 228.831 221.303 216.797 204.657 219.962 252.754 250.974 230.004 226.718 241.309 249.458 251.628 252.402 252.962 252.964 251.458 247.994 238.984 240.716 242.570 246.313 247.798 249.579 260.658 261.746 261.157 258.952 250.879 242.028 248.925 248.941 251.162 257.161 260.080 248.858 209.403 188.527 228.157
-9999.000 248.616 254.508 252.190 252.589 255.426 254.254 255.054 255.502 253.794 251.111 245.638 232.369 220.251 210.890 208.750 210.964 217.759 226.645 239.834 252.524 254.659 243.819 233.378 224.287 222.480 224.207 228.041 225.726 225.595 222.637 219.092 219.728 249.873 256.033 254.265 228.382 224.100 233.020 245.385 252.555 252.987 253.591 253.387 252.818 246.651 238.378 239.585 241.350 246.195 251.292 254.387 257.476 254.583 258.202 258.446 252.162 255.816 258.287 253.099 242.459 234.619 235.577 244.145 220.037 194.479 231.535
-9999.000 206.205 202.233 205.589 222.613 243.213 247.672 248.936 250.494 251.473 254.807 257.237 258.734 259.948 260.401 260.164 257.673 253.724 245.573 228.083 207.809 196.227 191.457 189.595 192.979 212.717 229.979 233.760 229.504 228.771 225.254 222.816 238.920 262.338 252.164 248.033 232.697 217.142 224.415 239.919 252.675 253.563 254.272 253.856 253.640 247.973 237.436 240.268 241.452 244.559 253.675 257.037 252.669 246.903 249.260 255.034 254.339 260.288 252.457 236.981 232.051 232.801 233.432 242.658 232.805 202.760 237.319
-9999.000 213.106 209.899 206.243 210.854 218.343 222.791 225.314 223.366 225.592 229.829 232.225 229.763 218.041 205.417 206.065 214.875 219.121 207.169 193.995 192.826 196.108 196.862 198.930 210.072 221.561 228.323 231.382 228.455 220.405 221.211 237.453 264.252 273.648 268.325 268.790 240.537 223.589 218.042 231.030 250.428 253.918 253.650 254.534 253.584 249.998 239.323 239.513 240.618 241.759 255.474 261.064 254.461 241.613 245.712 252.626 241.208 235.748 227.263 227.959 229.311 235.137 238.839 243.898 245.728 218.169 242.130
-9999.000 246.773 241.036 230.491 231.450 225.103 207.284 197.447 205.076 215.970 220.999 218.246 203.003 189.906 189.361 203.025 215.528 237.341 229.626 225.969 225.657 228.457 230.379 243.532 250.949 244.602 239.384 246.328 244.509 247.315 255.987 273.960 282.765 273.751 276.918 275.936 249.489 234.141 227.385 226.698 244.604 254.215 254.293 254.010 253.490 250.795 243.726 236.996 239.837 245.090 254.020 262.330 255.452 242.109 249.812 242.734 233.011 235.748 235.401 234.975 239.361 240.117 238.233 238.688 258.291 232.573 242.487
-9999.000 265.504 256.688 243.503 249.116 245.512 217.934 203.683 202.331 209.627 215.278 205.999 190.702 202.360 225.932 233.967 233.613 255.162 238.292 223.659 221.208 226.977 245.634 255.544 252.358 249.418 253.682 258.717 264.669 282.054 288.540 293.453 286.459 270.245 266.009 265.062 247.934 241.918 237.778 233.717 244.950 250.408 253.956 253.706 252.955 251.272 244.426 236.565 239.009 248.778 250.675 255.113 251.903 242.852 247.492 244.049 241.076 243.454 245.227 243.928 242.121 254.913 252.214 235.946 257.846 240.505 227.032
-9999.000 267.644 266.846 250.269 250.034 243.108 219.724 227.064 216.752 210.646 212.438 210.104 217.772 241.320 254.711 239.568 241.223 265.200 234.867 224.223 237.112 255.785 264.850 259.237 245.559 252.042 261.827 276.311 283.722 293.576 292.859 293.982 287.882 271.236 263.704 259.572 247.714 245.505 240.385 235.551 238.584 244.044 252.657 252.673 251.965 250.741 245.609 236.787 242.854 249.645 247.816 252.679 252.731 251.496 256.366 256.985 254.569 252.089 253.846 250.362 243.729 249.257 251.321 245.306 250.340 260.111 240.946
-9999.000 284.432 282.071 262.725 252.488 245.894 232.290 256.446 239.411 228.454 230.530 242.701 273.448 292.275 269.418 249.943 261.852 275.562 238.090 233.512 268.490 296.884 291.259 277.170 273.587 271.238 275.143 283.720 291.715 295.439 292.004 296.751 282.367 266.769 269.846 267.442 253.015 244.311 241.937 240.682 235.232 237.074 248.298 251.677 250.845 250.122 244.968 240.802 248.902 249.358 248.441 247.380 256.176 258.538 261.360 267.313 260.821 251.721 244.231 245.021 246.258 244.787 254.083 255.519 262.599 267.713 258.788
-9999.000 290.695 291.394 280.561 265.374 255.406 247.390 268.647 271.827 260.195 274.629 297.747 290.757 257.006 242.028 250.444 277.891 269.186 237.543 246.320 284.748 303.569 290.983 280.369 303.405 285.175 286.302 282.808 294.168 304.547 299.438 321.493 278.733 268.209 274.266 270.754 259.319 257.870 254.054 248.655 241.672 232.470 240.463 250.561 249.770 249.034 245.590 245.534 248.962 248.258 244.104 243.990 253.455 261.983 268.665 263.601 255.012 234.986 238.924 247.030 252.011 253.752 261.560 271.244 269.379 262.114 249.883
-9999.000 293.058 287.308 283.689 273.095 259.164 260.114 288.312 311.963 288.277 274.342 265.518 245.914 241.146 254.901 279.088 269.349 243.908 243.590 270.842 293.070 303.670 297.441 306.927 302.016 300.774 305.225 295.836 296.164 305.960 307.074 321.835 284.458 268.235 274.483 270.782 263.504 267.481 256.712 243.265 246.108 236.664 237.450 248.474 247.865 247.128 248.681 242.502 250.739 251.831 244.512 245.397 250.691 261.711 263.355 260.219 242.328 239.849 250.485 257.322 261.459 263.998 270.112 270.954 262.588 256.955 256.768
-9999.000 294.114 286.060 282.182 271.204 264.175 285.075 309.105 282.158 245.611 241.274 243.852 245.490 261.126 278.918 277.306 255.755 248.677 262.672 287.975 297.525 299.409 293.905 317.081 303.679 299.770 309.407 307.250 292.624 291.532 308.079 318.875 288.507 270.937 271.160 270.340 265.588 266.762 252.879 241.097 245.418 237.408 235.837 246.913 246.636 247.917 246.816 242.020 247.182 248.106 243.229 243.492 245.963 251.621 257.207 248.470 241.905 244.239 249.681 251.914 267.044 273.665 277.280 270.033 258.253 253.140 240.573
-9999.000 292.943 278.601 267.560 255.342 263.950 297.426 285.505 256.187 241.182 248.268 257.343 269.620 282.371 279.485 275.454 270.075 262.626 285.995 294.585 303.762 304.356 294.368 305.028 320.088 302.081 314.395 310.134 297.647 289.119 303.383 309.074 291.320 273.129 267.814 268.112 269.114 263.517 249.181 248.485 250.419 235.908 231.288 244.259 245.425 244.432 245.663 243.064 245.935 245.343 235.599 246.438 254.730 252.479 248.436 244.426 242.747 241.372 250.315 257.346 274.906 278.333 266.026 253.236 240.896 237.089 237.872
-9999.000 290.339 271.288 250.877 261.583 302.860 273.598 248.718 243.284 246.139 268.458 280.021 276.450 256.552 249.564 267.882 282.014 269.193 264.784 305.585 304.436 307.856 299.185 294.913 319.202 309.077 307.715 309.849 321.537 305.872 290.188 292.323 285.887 271.638 264.155 263.889 267.066 257.529 244.780 251.834 253.038 236.876 229.598 243.344 244.103 242.553 243.780 240.405 249.347 241.858 230.912 241.257 246.351 240.218 241.563 247.763 242.808 237.793 254.928 270.440 281.094 264.577 243.006 233.967 231.110 236.387 239.955
-9999.000 285.348 268.058 249.948 285.034 310.235 245.176 236.550 248.802 267.023 281.170 264.315 230.749 215.626 235.573 260.142 287.361 284.710 257.458 296.717 304.711 307.721 304.200 296.643 297.670 314.706 300.916 310.728 325.079 314.932 297.454 291.721 280.761 273.024 268.391 261.232 258.555 254.649 249.542 249.179 247.780 234.405 233.400 243.518 242.423 241.330 241.277 236.751 244.123 245.592 234.326 237.655 246.861 247.961 248.690 251.584 248.344 241.381 254.080 276.335 276.294 256.390 240.790 243.556 251.293 248.267 229.777
-9999.000 270.902 264.547 257.764 314.680 274.571 244.105 244.479 265.069 282.394 260.141 232.692 211.830 233.281 254.230 261.467 287.723 289.540 268.284 282.626 306.930 299.762 306.247 294.640 286.955 312.605 315.922 313.755 321.633 286.375 271.971 274.017 272.847 271.351 272.677 265.614 260.494 256.105 248.068 245.908 241.947 233.037 231.490 240.848 240.987 240.246 238.590 234.726 239.735 244.702 238.336 233.072 243.270 248.160 252.306 262.899 259.501 250.920 258.314 282.900 268.449 240.938 238.575 256.458 255.293 229.392 211.351
-9999.000 264.225 257.755 276.445 310.690 263.899 259.085 254.659 282.487 281.300 242.200 223.905 242.047 293.652 264.868 263.505 285.661 293.258 284.802 272.093 314.772 290.533 308.453 295.977 283.425 294.192 329.757 304.517 267.223 269.554 271.356 275.469 280.550 267.612 257.942 257.024 258.838 260.973 250.807 241.911 235.675 231.992 233.922 237.734 239.752 239.392 236.409 233.748 238.807 241.800 236.515 239.159 246.371 246.042 248.773 260.015 258.936 254.296 266.296 285.455 252.360 226.207 238.596 261.654 235.172 209.730 199.031
-9999.000 259.114 247.334 277.297 267.034 252.399 243.334 249.826 291.702 271.388 243.821 261.132 308.961 293.329 275.717 274.463 289.438 298.368 294.456 269.738 307.261 295.607 302.444 303.543 286.774 288.513 317.432 270.731 261.773 291.114 288.748 289.838 293.843 275.146 256.340 255.110 247.957 242.187 236.983 240.519 234.988 228.646 232.809 236.439 238.576 237.826 234.651 233.152 239.171 241.000 236.922 246.414 253.819 243.666 240.723 247.015 250.656 254.762 269.206 282.136 241.336 226.768 248.249 257.675 218.699 190.673 200.827
-9999.000 241.993 264.299 304.709 282.270 269.735 235.107 247.515 292.413 275.637 252.225 284.466 314.991 289.594 281.258 280.874 290.142 296.838 296.182 274.148 295.901 306.304 296.819 304.138 293.834 301.066 318.937 279.898 280.746 300.726 294.433 290.399 288.431 270.951 256.355 247.960 241.690 242.499 241.113 241.729 240.673 230.205 230.521 236.673 237.174 236.228 233.358 233.111 238.748 237.931 237.748 246.118 254.925 250.294 243.863 246.190 256.469 254.537 261.803 279.784 237.896 225.379 255.488 246.812 211.119 192.513 228.165
-9999.000 295.082 333.254 281.615 262.447 263.353 253.708 262.512 291.835 281.224 256.518 278.271 318.410 296.891 287.442 280.564 287.000 297.548 294.987 284.471 288.037 310.328 285.556 287.437 297.435 309.275 315.542 292.870 280.791 289.136 291.911 286.653 284.913 260.090 257.543 259.814 251.995 240.093 233.807 231.269 234.666 234.982 231.289 235.938 236.173 234.091 233.065 236.672 236.861 234.834 237.953 239.812 243.530 245.380 249.174 253.186 260.941 265.130 266.874 274.196 239.913 224.614 258.118 232.460 210.402 215.519 223.099
-9999.000 313.965 307.992 277.473 283.232 283.881 266.736 271.123 291.767 287.920 259.359 269.394 316.219 295.648 289.835 282.050 288.075 293.914 297.207 300.554 283.144 303.974 306.527 290.258 295.559 301.911 313.325 297.267 296.754 301.982 305.748 293.211 269.318 247.029 251.095 261.635 256.376 247.435 242.554 228.645 225.950 231.746 233.696 235.048 235.214 230.684 233.963 238.195 232.010 235.230 235.847 231.413 238.622 252.027 256.531 258.602 264.361 275.797 270.663 262.492 242.973 228.886 257.267 220.389 205.515 248.004 248.149
