tests/3D/PSQL_test/output_maps/snowdepthN0034.asc
ncols         295
nrows         180
xllcorner     627200.000000
yllcorner     5109000.000000
cellsize      200.000000
NODATA_value  -9999.0
[rows 0 to 28 of 180, columns 134 to 200 of 295]
-9999.000 -9999.000 -9999.000 -9999.000 -9999.000 -9999.000 -9999.000 -9999.000 -9999.000 -9999.000 -9999.000 -9999.000 -9999.000 -9999.000 -9999.000 -9999.000 -9999.000 -9999.000 -9999.000 -9999.000 -9999.000 -9999.000 -9999.000 -9999.000 -9999.000 -9999.000 -9999.000 -9999.000 -9999.000 -9999.000 -9999.000 -9999.000 -9999.000 -9999.000 -9999.000 -9999.000 -9999.000 -9999.000 -9999.000 -9999.000 -9999.000 -9999.000 -9999.000 -9999.000 -9999.000 -9999.000 -9999.000 -9999.000 -9999.000 -9999.000 -9999.000 -9999.000 -9999.000 -9999.000 -9999.000 -9999.000 -9999.000 -9999.000 -9999.000 -9999.000 -9999.000 -9999.000 -9999.000 -9999.000 -9999.000 -9999.000 -9999.000
166.314 167.950 169.037 169.494 170.175 169.948 167.481 167.606 170.568 173.768 170.474 166.420 164.591 170.046 171.713 166.528 169.076 175.658 177.416 178.273 178.928 178.722 182.289 182.866 176.463 183.800 175.380 164.154 162.833 164.713 168.920 176.103 179.871 181.038 181.869 178.052 177.989 175.395 177.229 178.169 177.317 175.275 174.361 171.358 177.131 179.052 178.683 180.166 180.763 182.241 184.860 184.724 184.165 185.837 187.718 187.830 188.525 189.133 190.365 191.694 191.195 181.424 185.061 196.184 197.003 194.908 196.540
167.149 165.924 167.824 169.567 168.689 168.906 168.281 167.225 171.186 174.037 169.930 166.065 168.162 169.552 162.816 167.479 174.198 177.870 178.086 177.724 179.379 180.532 181.591 179.722 182.441 185.281 170.072 169.843 168.854 169.898 174.433 179.473 180.900 181.449 182.538 177.451 176.190 177.613 178.022 177.912 177.521 175.506 174.290 174.112 177.161 177.718 178.394 178.608 179.701 183.335 185.520 185.009 183.276 185.920 187.548 187.816 188.586 189.379 190.403 191.532 189.468 182.533 185.765 195.295 197.648 195.330 197.074
155.024 157.160 162.762 167.763 166.776 164.532 169.735 169.178 168.313 172.024 168.852 163.204 168.945 163.362 163.172 173.923 176.016 176.349 175.331 173.959 176.740 175.949 174.570 177.167 189.675 176.795 171.690 173.536 172.278 174.260 178.636 180.607 181.533 181.111 177.935 174.752 175.250 177.589 177.832 177.763 177.559 175.048 174.926 173.213 175.402 179.175 179.064 177.476 179.397 184.960 185.566 185.249 184.719 186.077 187.004 187.557 188.419 189.602 190.173 190.845 188.366 183.916 187.701 194.396 198.287 196.553 196.587
151.250 152.934 160.582 168.094 169.891 165.218 167.446 170.242 165.978 168.298 166.862 162.386 167.217 157.118 167.835 174.647 177.282 176.161 173.645 172.604 171.434 167.058 168.571 182.402 183.590 166.493 170.387 172.843 175.384 177.114 179.816 180.993 181.290 179.689 175.657 176.295 175.967 177.196 177.328 177.361 177.309 175.298 175.478 174.780 178.004 179.095 178.925 177.823 180.350 185.680 185.479 185.581 186.096 186.532 186.953 187.036 187.874 189.343 189.674 190.147 187.279 186.434 190.948 193.935 196.942 197.230 194.004
159.493 154.036 161.524 170.234 170.754 170.255 167.309 165.194 166.360 167.678 165.902 164.586 161.172 159.117 171.954 173.983 175.205 177.558 175.997 171.201 167.617 166.278 177.109 188.077 171.416 162.881 170.678 175.415 178.360 178.158 179.269 180.398 181.012 179.444 175.427 176.744 177.351 176.367 176.191 176.820 176.130 174.860 173.293 174.981 178.029 178.855 177.810 177.835 183.234 185.536 185.670 186.321 186.441 186.313 186.795 186.935 187.662 188.540 189.411 190.178 187.245 187.484 192.933 194.720 195.885 197.231 191.935
158.646 157.229 161.916 166.777 169.577 170.100 167.494 161.167 166.565 168.351 165.417 167.447 159.533 163.627 172.279 173.679 171.372 175.325 176.806 169.764 166.348 176.545 189.088 177.282 161.497 160.891 170.111 176.734 179.376 179.024 178.739 179.075 179.520 177.486 172.618 176.608 177.085 175.388 174.444 176.014 174.332 173.038 176.242 174.533 177.595 178.582 175.856 179.914 183.827 185.078 186.043 186.514 186.505 186.402 186.195 186.879 187.689 188.482 189.529 190.603 187.292 188.281 193.863 194.889 195.069 196.425 189.934
158.259 159.400 165.285 167.091 169.056 170.828 167.304 160.325 165.624 167.805 164.426 164.177 160.914 166.296 171.183 173.670 169.473 172.081 173.523 164.698 173.093 191.800 185.684 169.268 158.382 161.332 168.850 176.674 178.302 178.466 178.205 178.446 177.435 174.014 174.212 176.200 175.451 173.326 171.954 172.122 172.235 173.449 172.992 174.253 176.666 178.307 177.093 182.157 183.833 185.245 186.243 186.242 186.423 186.066 185.932 186.891 188.151 188.520 189.767 190.465 187.284 188.962 193.696 194.951 195.687 194.227 189.517
154.669 156.997 166.500 167.406 168.511 170.603 168.416 161.967 164.518 165.324 164.635 160.553 160.915 164.089 170.660 172.428 168.340 167.859 165.640 164.716 186.668 182.689 171.430 168.556 160.256 162.635 169.122 176.533 177.504 179.016 178.676 176.897 175.729 174.973 175.823 175.632 175.853 172.616 168.676 169.151 169.341 169.921 171.034 172.669 175.908 176.254 178.340 180.581 182.662 185.507 186.128 186.066 186.020 185.657 186.112 186.615 188.127 189.212 190.534 190.521 188.841 190.089 193.512 194.802 195.872 190.612 188.513
154.863 155.649 166.588 167.573 167.805 170.387 169.037 164.676 160.348 163.945 161.892 161.484 162.705 161.321 170.796 171.954 164.178 160.297 160.836 176.029 190.777 167.645 163.705 158.500 156.903 163.220 168.448 175.740 177.518 178.843 178.269 175.100 175.340 175.457 174.981 174.798 174.103 171.204 167.772 169.652 169.060 167.914 165.830 171.918 172.577 174.317 178.322 180.773 181.067 185.312 185.951 186.040 185.399 185.833 186.235 186.873 188.709 189.387 190.549 190.668 190.211 191.789 193.188 193.227 192.651 188.154 191.849
156.118 157.085 166.666 165.918 164.924 169.326 168.043 164.464 159.861 163.132 159.537 161.723 163.094 161.897 170.194 170.724 159.567 157.237 167.454 189.167 176.387 161.270 165.771 169.816 168.538 167.015 170.496 175.700 177.676 178.015 177.193 174.732 174.493 174.888 174.205 173.762 171.582 166.665 169.500 164.971 163.484 165.912 169.836 175.739 176.828 176.865 180.072 180.376 182.765 185.919 185.836 185.894 185.129 185.427 186.299 187.339 188.588 189.694 190.460 190.220 190.722 192.304 192.880 191.127 188.152 189.971 193.851
154.710 160.913 165.892 163.038 161.915 167.231 167.243 162.694 157.305 162.791 156.742 162.121 163.551 161.925 167.078 163.948 155.778 160.271 181.913 188.495 166.157 167.020 174.055 172.799 167.020 169.351 175.270 176.884 177.231 177.474 175.192 172.371 173.361 174.294 173.221 171.588 169.969 167.365 164.800 163.742 168.931 173.455 175.110 178.938 181.251 182.309 183.550 184.320 185.977 185.981 185.405 185.744 185.140 185.953 186.753 187.317 188.924 189.590 190.256 190.022 190.543 192.976 194.247 191.975 189.801 191.955 191.740
152.788 162.662 170.433 161.114 161.721 166.479 166.718 161.569 157.384 162.021 155.818 163.220 163.520 160.693 163.530 160.172 154.949 167.513 191.443 179.351 169.652 174.862 175.306 166.018 160.306 170.635 176.056 175.536 176.077 175.736 173.585 173.092 173.251 173.690 172.297 168.504 169.555 167.775 164.833 171.427 176.369 178.415 178.676 180.495 182.769 184.048 184.146 185.334 186.334 185.304 185.063 185.489 185.150 185.937 186.686 187.688 188.877 189.924 189.992 189.577 190.608 193.453 194.188 190.899 189.795 190.457 189.132
156.253 167.218 174.539 162.167 160.868 165.453 166.531 162.825 160.341 160.829 155.842 164.188 161.196 155.480 159.820 159.183 162.104 177.605 188.916 183.978 174.137 174.342 165.698 157.037 163.056 173.093 174.999 175.146 174.805 174.591 173.520 172.634 172.530 171.675 168.876 166.713 166.895 166.087 168.884 175.064 177.484 179.258 180.150 181.455 183.672 184.604 184.943 185.870 186.127 184.842 185.387 185.355 185.164 186.001 186.666 187.747 189.238 189.706 189.103 189.187 191.079 193.509 193.421 188.173 187.638 189.724 187.680
162.019 167.393 174.112 165.293 161.184 164.553 167.039 162.581 160.592 160.396 155.830 163.604 155.919 150.287 160.068 170.782 176.392 178.423 182.927 189.190 172.747 167.046 155.432 156.007 168.512 174.952 174.804 174.783 175.044 173.959 173.472 170.333 170.673 166.951 165.104 166.482 166.172 164.352 168.548 175.473 178.653 180.242 181.140 182.132 184.191 184.912 185.294 186.065 185.232 184.720 185.451 185.376 185.451 186.452 187.195 187.613 188.973 188.987 188.181 189.617 191.440 193.679 190.493 187.008 190.812 191.480 191.061
161.930 163.996 169.508 166.616 165.904 166.282 166.635 162.487 160.001 159.204 154.815 159.578 152.036 151.618 169.210 179.169 174.972 173.857 180.007 186.436 166.955 158.942 148.909 159.134 172.260 175.106 174.377 174.236 173.725 173.392 171.774 168.682 165.331 166.330 166.002 163.079 166.423 169.072 170.774 176.049 179.406 180.200 181.467 182.859 184.210 185.118 185.769 185.779 184.706 184.977 185.263 185.569 185.706 186.710 187.579 187.737 188.549 188.469 188.513 190.499 192.884 191.385 186.254 190.437 191.585 190.199 189.409
161.049 164.992 164.776 164.540 168.235 167.831 165.715 159.078 159.410 158.625 153.294 156.045 151.384 159.658 172.270 174.506 170.656 166.324 177.203 180.387 155.613 149.789 152.378 167.098 175.346 175.066 174.110 173.422 172.435 171.843 169.184 167.034 165.079 163.612 164.794 169.032 172.785 175.231 175.560 176.966 178.943 180.390 181.841 182.888 184.669 185.374 185.689 184.933 184.838 185.037 185.452 185.847 185.912 186.928 187.411 187.267 187.815 188.667 189.688 191.144 190.519 183.314 182.135 187.332 190.257 192.707 192.007
156.452 164.387 166.225 166.808 168.917 169.834 167.009 160.545 158.841 158.352 153.152 155.803 154.504 164.545 166.779 167.655 169.222 163.750 180.788 174.555 154.319 153.488 161.774 172.856 175.544 173.994 174.140 173.395 171.321 169.010 168.463 167.279 164.530 164.765 171.551 172.267 173.271 176.091 177.851 177.801 180.707 182.282 182.484 183.402 184.731 185.444 185.577 184.975 184.766 185.419 185.964 185.961 185.712 186.084 186.593 187.176 188.993 189.809 186.241 182.503 179.635 179.230 188.052 188.012 188.645 188.802 189.625
156.335 160.492 166.912 168.180 168.001 169.125 168.489 160.945 157.185 158.720 155.951 156.712 157.628 166.390 167.223 168.660 161.901 167.172 181.578 168.067 153.031 158.849 167.079 174.430 174.758 172.730 172.788 172.471 170.218 167.878 165.184 164.925 164.555 170.954 173.864 172.886 173.720 178.151 178.453 178.769 182.343 183.476 182.989 184.428 185.081 185.448 185.467 184.871 185.349 185.609 185.495 185.214 185.337 185.570 185.992 187.031 188.746 184.754 181.304 181.078 185.142 189.091 183.630 184.251 188.599 189.367 187.089
160.625 157.660 164.283 167.298 167.197 167.351 168.449 162.070 156.032 162.416 156.881 156.236 160.138 168.555 169.792 167.462 160.494 164.621 176.791 160.469 154.407 163.284 170.018 174.875 173.219 171.155 171.518 169.213 167.592 169.015 169.042 166.428 166.106 170.426 173.954 173.716 176.533 178.804 179.019 180.098 182.133 182.758 183.278 184.689 185.236 185.445 185.481 184.970 184.287 184.768 184.955 185.003 185.011 185.882 186.758 186.873 185.092 185.186 187.378 187.416 186.482 183.215 181.079 185.963 184.980 186.464 188.729
158.899 159.238 160.060 163.431 166.455 168.078 168.678 165.372 156.157 159.334 157.667 156.664 159.474 168.928 170.437 167.543 164.328 160.776 174.017 156.245 160.582 168.400 173.877 173.779 171.058 170.097 169.828 164.286 161.484 168.713 170.827 171.059 169.683 172.033 174.033 175.468 177.581 178.477 179.253 181.996 182.388 182.481 183.305 185.105 185.587 185.704 185.738 183.867 184.366 184.454 184.791 184.695 185.128 186.532 186.171 185.772 186.540 186.727 184.627 185.289 186.707 187.308 187.718 191.978 191.278 191.200 189.432
158.705 158.981 158.852 158.350 164.672 167.220 168.151 167.973 160.943 157.444 158.024 153.218 155.624 163.113 167.939 166.953 165.068 165.362 172.039 157.666 165.563 171.504 175.222 173.012 170.053 171.513 170.327 162.492 164.731 165.491 169.523 170.805 169.895 172.116 174.881 177.002 178.012 177.405 180.456 181.909 182.416 182.283 183.411 184.729 185.395 185.781 185.195 183.076 183.832 184.325 184.471 184.564 185.829 186.746 186.019 186.548 186.217 183.388 184.418 187.041 189.344 189.385 189.260 192.049 193.018 194.409 192.374
161.323 159.409 157.509 158.964 160.131 162.606 166.543 168.545 166.523 156.178 156.592 155.544 151.602 156.103 161.971 164.640 161.052 169.868 166.212 159.614 168.668 173.897 175.385 171.950 171.507 172.355 171.799 165.114 165.037 164.669 168.689 169.927 170.260 172.938 176.144 177.048 177.168 178.201 180.204 181.793 182.202 182.815 183.765 184.409 185.392 185.534 183.899 182.470 183.574 184.212 184.372 184.984 186.391 186.412 186.370 186.195 185.414 185.403 187.392 189.682 189.627 189.525 190.268 192.613 192.703 192.751 195.627
165.542 161.608 157.031 156.053 156.469 158.106 163.959 166.520 169.481 164.814 154.706 156.323 155.452 153.544 159.790 164.491 161.356 170.624 164.820 164.721 172.213 175.035 174.623 171.649 172.586 173.082 172.926 165.896 161.582 165.294 166.700 168.858 170.408 173.768 175.837 174.576 175.609 178.170 180.254 181.101 181.983 183.116 184.070 184.536 185.147 184.853 182.723 183.190 184.310 184.615 184.809 184.757 186.272 185.666 185.774 185.921 184.728 186.606 189.595 190.708 190.971 190.874 192.060 193.048 192.601 191.902 196.167
160.941 162.574 163.084 157.961 155.587 157.331 160.798 163.437 165.403 165.036 158.320 160.716 157.152 156.175 162.249 164.580 164.998 169.723 166.989 169.444 172.847 174.734 173.476 171.931 172.792 172.922 172.955 167.050 161.902 163.446 164.776 167.957 170.476 173.322 173.853 174.009 175.938 179.518 180.593 181.100 182.072 183.140 184.118 184.809 184.996 185.047 182.601 183.510 184.008 184.429 184.390 183.796 185.654 186.350 185.600 185.687 183.819 183.905 186.721 189.152 190.124 191.691 193.536 193.616 192.620 192.174 195.641
153.489 152.519 155.747 160.217 156.360 155.327 156.392 161.233 163.539 160.050 155.236 159.453 162.397 165.204 164.614 164.725 165.731 165.170 167.168 170.044 172.345 173.222 172.263 171.966 172.227 172.301 171.589 166.521 161.493 163.769 165.016 168.917 169.973 171.628 171.139 175.241 178.913 180.057 180.603 181.378 182.187 183.241 183.492 184.701 185.172 184.844 182.001 181.945 183.630 182.671 183.869 184.488 185.242 185.309 184.056 185.009 185.552 185.335 186.091 186.139 187.598 190.024 192.430 192.973 192.266 193.545 196.358
153.074 154.862 154.874 157.892 153.521 154.485 156.367 156.969 158.694 155.490 158.745 161.413 159.165 158.170 163.061 164.434 165.055 163.552 169.440 169.218 170.866 172.257 171.643 171.320 170.736 167.678 165.227 163.860 163.190 164.125 164.541 167.996 170.724 171.737 174.855 178.437 180.100 179.460 180.166 181.906 182.960 183.234 183.563 184.214 185.042 184.573 182.116 181.238 181.912 181.669 184.274 186.193 185.390 183.469 180.049 181.076 179.249 180.434 187.051 188.996 184.229 181.027 183.389 189.157 190.239 192.804 196.017
151.952 149.772 150.527 152.053 149.353 153.053 152.728 154.976 157.998 153.700 154.165 152.575 152.734 156.760 162.221 163.644 161.646 164.975 167.629 166.841 169.903 171.534 170.697 170.026 167.912 161.007 158.170 160.275 160.774 162.532 165.544 166.177 172.268 176.500 179.155 180.104 179.650 178.768 181.967 182.742 182.996 183.217 183.548 184.298 184.814 184.363 181.293 180.403 180.207 180.278 184.662 186.003 184.787 182.675 182.459 185.186 186.217 188.004 186.172 183.486 187.601 189.516 184.890 182.352 184.139 190.873 195.745
150.517 147.939 152.776 156.950 156.598 153.898 151.190 151.389 151.694 150.689 149.047 152.734 155.759 157.510 155.171 158.576 159.697 160.946 163.912 165.593 169.153 169.469 167.367 162.421 160.545 162.447 158.012 162.301 158.637 161.475 166.822 169.195 174.416 178.839 180.578 180.014 179.071 180.204 182.811 183.237 183.356 184.032 184.249 185.008 184.683 184.116 180.016 181.212 176.912 182.512 184.932 183.851 181.403 180.859 182.544 186.080 188.652 189.362 189.598 184.793 176.900 178.992 188.863 184.730 177.872 187.050 195.023
