tests/3D/PSQL_test/output_maps/snowdepthN0033.asc
ncols         295
nrows         180
xllcorner     627200.000000
yllcorner     5109000.000000
cellsize      200.000000
NODATA_value  -9999.0
[rows 87 to 115 of 180, columns 0 to 66 of 295]
-9999.000 206.575 196.858 186.285 182.107 184.666 186.813 192.029 199.071 204.341 209.786 208.466 200.432 192.933 190.993 189.585 191.536 193.334 198.324 202.065 201.548 205.833 199.009 196.827 217.888 209.138 215.882 217.973 217.145 219.866 224.119 201.548 186.202 185.634 202.704 215.043 191.806 178.998 184.286 202.898 209.526 193.216 196.172 196.338 213.707 204.721 200.871 214.927 220.603 209.513 204.967 220.451 217.506 224.374 230.987 230.882 228.845 224.785 217.464 217.774 225.763 222.664 234.855 225.904 229.235 235.583 228.238
-9999.000 197.550 188.905 182.675 186.277 190.406 193.105 201.799 208.746 210.177 204.177 190.965 180.405 177.923 182.871 194.659 199.573 196.863 203.821 202.769 203.887 214.813 202.429 196.395 217.183 208.503 210.113 216.511 215.807 219.436 214.432 198.875 193.011 191.089 205.925 216.345 190.201 165.836 171.621 205.276 222.974 204.982 197.143 206.414 219.247 202.111 202.496 216.287 223.310 208.445 198.078 214.684 221.029 217.935 228.183 229.143 225.438 220.106 218.494 225.123 233.726 231.427 235.832 232.950 228.726 239.071 231.951
-9999.000 188.011 184.745 184.959 190.454 196.557 201.618 210.105 208.895 197.778 183.604 177.802 177.325 180.705 190.011 204.819 215.078 198.850 201.692 211.008 221.003 220.294 202.412 210.398 218.365 206.771 205.824 211.913 216.636 217.001 203.030 201.552 193.430 186.845 203.789 215.950 185.225 157.853 167.628 227.385 214.329 194.690 197.524 220.401 211.515 197.073 203.109 222.272 225.715 204.278 194.691 212.734 235.054 221.571 227.254 231.353 232.002 229.659 227.141 230.491 232.805 236.702 233.892 239.467 228.092 241.328 236.483
-9999.000 190.119 190.291 187.630 193.795 202.067 209.247 207.591 192.937 181.122 178.999 180.069 179.452 187.764 200.828 207.665 219.222 201.699 190.819 212.226 227.461 203.518 205.918 221.682 216.355 205.372 202.300 207.510 218.599 210.898 203.244 203.269 191.896 182.953 205.252 211.532 171.397 156.585 176.798 232.208 201.871 199.795 212.274 213.587 198.913 193.478 212.590 227.905 225.780 204.445 200.434 212.201 240.137 232.177 234.478 231.758 226.132 229.875 232.237 235.173 232.371 240.823 233.885 244.806 229.736 243.191 238.801
-9999.000 191.918 194.587 192.253 202.441 209.471 208.939 190.343 179.986 177.736 183.142 189.072 192.722 202.868 210.952 201.791 216.108 208.850 188.398 207.868 224.328 197.726 216.616 220.204 212.534 210.377 203.938 207.679 217.980 204.304 196.020 197.682 187.923 187.378 210.544 203.642 157.582 158.861 185.198 222.655 192.489 199.086 208.058 188.002 177.709 188.883 221.273 223.929 221.024 216.857 205.393 211.680 244.843 239.779 232.804 210.568 207.128 227.537 232.844 238.206 235.425 243.506 238.837 247.762 234.037 244.247 239.944
-9999.000 198.222 199.974 203.295 209.522 211.221 195.679 178.146 182.059 190.295 200.506 204.568 208.567 215.064 216.746 197.711 211.814 216.334 188.429 204.876 223.628 201.596 218.559 214.066 215.730 217.631 207.801 207.690 227.990 195.576 190.462 194.715 186.226 191.006 214.841 199.001 150.252 161.098 190.355 220.676 189.969 198.905 198.227 182.199 178.958 200.282 213.118 224.856 221.180 228.860 207.963 208.529 241.277 231.963 216.712 219.917 237.500 238.594 236.586 237.791 242.238 243.975 243.400 246.582 241.196 244.660 240.410
-9999.000 207.918 207.407 208.767 211.458 204.549 180.632 177.738 192.106 201.830 208.950 209.907 208.724 213.924 214.760 193.235 201.764 215.996 190.285 203.676 226.066 210.281 211.216 204.667 210.199 209.132 205.559 214.400 235.528 198.315 193.282 191.200 182.382 192.088 213.326 191.358 145.374 162.456 195.857 225.721 191.421 199.004 205.185 196.639 200.958 219.210 204.552 232.508 228.552 234.110 212.907 209.160 245.998 241.508 233.262 249.919 239.962 234.084 234.433 236.453 247.286 236.734 242.472 240.403 242.688 244.475 244.564
-9999.000 210.787 209.214 211.034 209.452 190.897 179.516 189.365 198.194 206.384 210.286 208.877 208.794 213.009 216.202 197.639 202.265 211.717 189.545 209.632 224.965 223.421 212.675 201.840 200.469 204.548 202.646 209.350 222.155 202.280 196.745 190.470 186.257 193.407 207.057 176.195 148.213 166.935 192.751 222.958 199.235 215.203 225.424 207.109 220.096 225.350 201.475 234.046 226.708 223.376 220.047 226.654 241.223 236.519 242.557 250.909 236.218 229.768 234.712 244.668 240.897 231.883 251.162 245.322 252.220 254.874 253.143
-9999.000 204.970 208.012 212.189 206.085 192.622 190.263 199.020 201.103 208.757 211.821 210.509 210.200 219.841 221.449 204.997 210.991 207.518 191.635 218.537 221.236 226.665 213.541 202.319 203.592 212.172 203.689 211.285 204.504 198.177 195.487 195.640 193.174 202.293 203.309 171.888 161.076 179.068 199.440 239.195 204.934 225.853 233.073 213.384 225.595 221.599 198.325 236.078 222.070 228.780 225.385 227.092 237.683 230.136 245.816 247.759 236.530 232.464 239.137 241.918 235.785 252.872 248.104 239.090 243.362 243.731 240.221
-9999.000 198.335 208.755 210.543 201.798 194.692 196.210 201.317 205.013 211.124 212.562 214.544 213.248 223.072 216.918 209.226 203.837 196.375 199.472 227.179 221.765 224.362 210.568 205.574 221.973 216.418 204.560 229.069 207.371 201.199 191.986 193.899 198.429 216.525 204.083 176.724 177.557 192.820 201.957 242.024 194.921 229.186 230.462 207.186 224.545 222.105 194.365 238.379 227.646 236.136 236.691 237.149 230.171 225.673 253.685 241.238 246.461 239.160 237.600 242.470 255.365 242.882 225.324 224.752 233.345 238.597 238.115
-9999.000 197.681 211.534 206.133 191.237 188.380 198.075 208.323 207.796 206.963 207.139 214.694 215.142 229.196 219.510 212.622 208.435 203.161 211.674 221.550 220.054 214.931 206.262 206.546 209.680 203.777 207.023 239.404 205.637 208.174 197.969 195.016 201.176 224.292 193.089 178.686 187.099 196.079 213.026 234.291 195.454 228.558 224.088 197.265 219.959 221.226 195.631 234.506 235.981 239.496 231.287 233.669 234.995 250.862 249.002 241.118 247.641 249.925 252.883 254.394 238.786 223.812 223.912 234.256 242.541 246.718 248.177
-9999.000 202.022 212.300 202.229 185.662 186.389 199.663 206.905 205.058 200.927 203.952 213.735 220.431 222.896 228.123 222.489 228.288 223.579 223.989 217.732 216.893 215.035 208.943 198.150 192.808 211.554 227.976 208.818 195.731 198.737 190.258 190.177 214.476 219.132 185.727 183.866 191.582 198.563 227.574 229.850 199.050 225.722 218.868 188.303 221.924 219.332 198.432 237.021 234.502 235.242 236.004 239.571 231.478 244.788 253.916 238.039 232.419 238.940 242.686 233.312 227.628 229.425 237.905 251.638 255.236 255.840 250.934
-9999.000 203.772 211.357 196.716 185.113 185.444 187.876 179.669 182.771 200.595 210.267 211.483 216.463 210.029 223.283 220.519 231.294 222.213 226.700 220.607 222.121 224.949 223.068 210.898 219.558 245.419 202.453 187.199 189.891 187.874 188.194 201.101 228.670 208.791 189.127 187.775 187.522 201.170 234.072 220.480 206.059 224.051 217.726 186.939 230.308 222.025 205.115 245.656 240.165 226.081 222.240 239.781 240.961 238.054 260.113 239.030 219.329 236.243 245.399 233.030 234.074 241.019 252.692 255.093 251.380 250.802 241.826
-9999.000 204.605 209.481 191.540 178.129 173.640 157.503 162.384 164.362 186.364 215.164 211.177 202.060 204.901 215.896 210.060 219.760 215.563 218.108 218.179 217.664 225.561 231.515 219.250 229.565 224.566 188.654 183.161 186.199 193.244 205.323 222.960 224.308 198.899 183.292 186.260 189.848 222.742 245.262 225.165 212.010 218.292 225.068 197.778 237.850 220.415 209.674 245.762 231.334 213.819 228.545 218.637 221.330 251.326 252.568 239.646 235.660 235.228 236.309 229.548 240.723 253.796 256.401 248.691 244.842 241.683 230.740
-9999.000 203.472 208.897 194.344 180.093 175.815 163.724 182.769 202.088 205.228 223.280 220.042 186.261 212.392 222.411 213.938 217.365 214.477 215.632 223.165 218.012 226.038 226.919 223.143 242.519 216.571 192.491 189.687 200.330 216.087 215.974 212.369 214.355 197.144 180.204 193.334 197.500 233.447 242.843 236.803 226.976 224.188 234.234 208.110 244.519 221.484 218.782 241.711 232.988 213.071 234.882 232.481 235.565 245.732 237.525 235.062 245.106 242.855 235.489 234.588 239.661 252.032 251.528 244.018 256.547 249.251 241.569
-9999.000 197.943 201.004 193.717 195.821 183.023 161.582 181.188 237.562 214.031 225.487 220.772 188.664 208.891 232.827 209.816 209.909 217.166 219.115 226.100 218.666 216.419 214.751 232.856 237.013 200.626 196.258 200.747 218.455 215.555 194.100 195.907 209.710 208.278 184.913 191.947 197.541 231.392 233.689 234.118 231.162 230.054 239.723 220.049 243.648 228.820 216.018 240.683 242.114 222.872 212.855 244.376 252.855 232.324 229.107 244.911 255.905 250.812 240.504 244.726 245.348 251.663 246.122 252.159 265.809 255.725 257.061
-9999.000 185.209 189.358 185.361 202.840 210.800 166.855 163.346 227.572 222.626 224.180 214.502 205.523 203.138 217.272 196.276 188.776 209.238 217.289 219.398 213.298 214.609 230.510 228.409 204.849 187.740 199.931 215.194 228.849 202.485 204.702 206.269 215.006 208.290 198.683 196.362 192.510 234.267 240.276 235.101 230.836 232.166 244.181 228.132 237.731 241.371 216.596 241.522 242.631 231.548 218.111 241.707 254.165 236.468 232.121 240.773 255.484 254.406 249.134 249.761 251.628 253.775 244.759 263.568 260.919 260.680 264.148
-9999.000 179.530 190.191 197.929 214.633 222.888 185.966 170.816 209.975 229.374 216.672 212.782 216.449 212.236 193.886 214.520 210.338 211.439 209.357 223.651 237.484 244.359 224.099 193.010 185.390 192.939 218.307 232.528 200.222 206.451 216.832 220.638 222.707 217.734 216.421 204.068 190.067 230.732 250.806 239.453 231.592 228.471 242.208 230.350 233.110 246.055 216.223 242.315 233.238 234.071 233.945 247.466 257.714 242.187 236.068 238.562 249.252 253.646 254.501 253.369 249.351 241.195 258.227 263.319 263.160 264.622 267.408
-9999.000 186.551 202.304 223.929 222.537 226.006 195.058 175.859 183.638 208.281 193.312 200.891 215.857 209.799 184.453 212.821 232.147 221.225 223.063 240.405 212.532 214.862 208.060 187.138 188.259 218.837 234.577 209.961 189.072 222.182 214.309 225.101 230.136 226.581 225.329 206.882 192.073 233.401 248.201 242.410 234.693 229.003 237.882 229.896 238.061 247.419 227.045 239.850 231.254 241.525 250.706 256.655 254.273 245.639 238.530 236.750 247.688 256.680 255.412 246.803 246.901 263.922 263.218 260.610 267.512 267.746 269.102
-9999.000 197.818 215.600 222.194 222.519 218.541 196.367 180.827 172.358 194.270 201.322 193.593 196.902 184.343 192.259 245.670 246.371 246.342 240.178 224.981 198.254 203.391 204.309 188.387 198.967 235.068 220.672 192.107 199.342 226.496 216.284 222.208 223.966 224.261 218.708 210.541 199.404 233.336 242.919 236.327 229.343 234.471 236.159 237.554 255.045 247.030 246.443 245.227 255.478 257.110 254.072 241.513 233.453 239.914 246.910 247.848 243.755 235.707 235.378 249.910 260.826 258.944 257.665 263.675 268.246 269.273 269.817
-9999.000 202.006 206.783 223.425 225.418 216.018 195.627 187.504 182.641 184.850 223.734 231.820 201.078 199.561 247.272 232.179 215.117 214.820 212.597 205.237 202.253 197.728 197.702 200.263 221.473 234.318 210.527 183.485 216.249 225.982 221.607 225.309 225.839 225.778 217.263 221.542 212.212 233.693 255.083 253.661 243.287 243.364 239.574 252.822 243.313 244.626 253.855 254.860 247.986 241.406 243.021 238.380 235.170 235.782 246.113 256.343 261.925 264.215 265.966 258.821 250.458 253.281 263.279 267.888 268.084 270.008 270.323
-9999.000 191.432 200.756 226.612 228.189 220.195 197.251 197.643 202.007 198.080 205.475 226.086 222.600 246.195 238.630 236.152 241.751 245.347 241.043 234.798 228.545 209.129 203.632 221.403 228.891 226.472 209.322 184.132 219.532 227.552 215.520 223.401 228.854 222.267 212.409 222.919 227.224 251.398 233.735 220.027 229.572 247.018 254.384 246.862 234.757 245.036 242.913 244.347 243.298 249.040 251.908 243.315 237.899 234.072 225.400 224.598 223.704 217.789 224.561 246.267 251.194 256.089 263.981 266.251 266.159 270.449 272.705
-9999.000 198.320 199.874 222.594 226.182 218.559 200.147 203.168 214.759 216.241 222.940 217.818 199.374 240.184 241.408 238.679 241.572 242.582 237.596 233.815 228.532 215.303 217.973 217.990 202.983 208.853 221.001 189.389 202.096 237.643 220.536 231.748 233.758 214.704 211.866 224.510 240.918 248.452 237.338 236.020 239.299 231.753 231.551 245.986 239.746 245.707 252.254 251.526 252.268 253.121 252.741 245.554 241.646 243.901 237.880 223.843 210.842 204.074 202.844 213.486 229.248 246.145 256.863 256.620 258.630 268.009 273.895
-9999.000 208.625 201.818 215.819 221.263 219.952 205.508 205.238 216.257 214.753 229.189 229.233 198.330 233.492 244.520 234.132 231.080 233.145 233.469 233.315 229.742 224.011 228.746 198.855 187.695 199.562 226.115 195.082 195.544 252.113 229.352 245.363 240.421 214.779 224.795 234.927 243.921 233.325 237.379 237.445 246.030 242.543 227.782 227.256 244.314 252.394 245.306 244.983 248.567 248.547 245.573 248.134 245.740 241.621 236.958 225.179 219.214 215.613 212.362 212.336 214.637 220.592 226.968 234.799 248.876 260.382 268.899
-9999.000 215.063 203.374 204.013 214.924 217.525 210.860 205.903 211.650 216.546 231.318 231.442 194.626 236.950 226.957 223.547 230.217 238.179 240.396 240.026 234.624 220.522 214.877 202.273 208.793 194.681 214.876 195.903 205.954 246.785 235.800 245.588 237.317 215.997 238.451 254.748 255.089 237.497 232.982 228.201 225.109 220.200 214.223 210.433 222.119 240.109 247.238 239.402 244.467 236.693 234.974 248.059 246.270 240.493 227.961 217.492 231.660 235.237 232.095 227.126 217.776 217.783 223.807 233.860 242.966 249.043 256.974
-9999.000 225.385 212.628 203.886 209.087 217.488 218.833 206.575 209.562 225.968 232.134 223.308 190.726 223.955 207.727 195.444 210.618 235.265 238.346 229.169 211.670 198.256 197.945 193.271 206.430 190.564 200.630 195.064 213.229 229.759 232.911 231.903 222.145 231.600 255.341 238.005 232.856 235.438 226.590 218.527 210.714 213.450 216.791 217.694 210.698 208.375 246.254 247.038 248.514 238.678 229.260 236.404 245.248 242.679 232.235 222.111 231.890 247.820 250.836 243.896 233.822 230.219 232.354 240.016 243.553 244.330 245.093
-9999.000 228.648 223.790 218.565 218.329 223.174 225.167 203.347 204.467 220.289 223.121 213.120 191.118 214.751 218.461 185.170 180.837 192.705 201.444 205.389 212.366 223.497 227.201 229.165 252.470 229.210 236.688 229.605 231.598 242.075 230.792 230.129 236.442 255.028 240.049 226.315 220.626 214.519 211.490 219.009 215.739 212.752 238.617 225.155 196.585 193.478 248.555 248.562 243.484 239.605 236.188 228.165 236.137 238.837 235.927 233.934 236.476 243.686 245.436 241.960 244.645 250.886 250.036 248.505 249.537 249.094 244.687
-9999.000 232.695 227.523 218.752 218.076 221.952 214.349 195.519 196.277 203.989 202.517 196.390 199.208 229.027 260.062 229.406 213.403 215.416 222.383 233.321 244.615 249.215 250.295 240.396 220.657 215.317 228.583 227.064 206.854 243.143 248.968 233.341 251.988 230.624 232.289 228.797 223.546 220.671 215.979 215.402 218.277 217.372 242.419 204.148 197.373 203.581 253.474 239.709 237.955 236.734 242.523 236.739 222.919 228.178 235.884 241.330 245.437 239.808 233.269 225.266 236.433 245.889 252.819 255.138 255.577 255.004 251.580
-9999.000 230.419 225.307 223.325 222.243 222.367 206.785 198.688 203.812 201.270 199.704 213.389 249.908 241.509 235.807 239.255 240.321 247.667 252.207 251.778 244.798 245.935 248.384 239.730 240.147 244.942 244.420 247.160 223.330 209.277 230.052 253.680 241.595 215.387 228.350 225.423 223.735 222.724 219.591 215.265 210.223 220.940 235.477 200.616 214.092 223.158 238.920 231.660 236.682 242.671 247.762 242.975 225.630 219.026 233.766 244.318 236.899 224.716 218.035 209.555 220.414 225.767 237.433 248.216 253.737 255.363 254.908
