tests/3D/PSQL_test/output_maps/snowdepthN0039.asc
ncols         295
nrows         180
xllcorner     627200.000000
yllcorner     5109000.000000
cellsize      200.000000
NODATA_value  -9999.0
[rows 150 to 179 of 180, columns 201 to 267 of 295]
151.977 154.589 136.030 134.451 138.182 133.758 134.792 146.966 152.246 147.419 145.574 144.184 133.601 129.864 127.038 122.988 128.092 126.671 135.448 134.309 127.173 132.555 127.982 116.922 116.112 121.468 122.084 130.580 135.605 137.609 142.107 146.106 142.610 141.761 150.974 155.007 152.680 151.403 151.321 150.298 156.424 153.663 142.243 139.566 141.878 145.289 153.831 150.721 145.568 149.665 157.919 156.616 156.600 159.142 150.642 147.177 144.316 145.237 150.599 155.008 160.682 170.499 175.137 167.008 161.015 155.707 159.374
153.519 156.109 148.450 130.767 133.055 129.694 133.627 146.800 148.920 144.614 141.300 138.001 131.447 130.248 129.458 121.709 124.600 125.173 140.710 129.077 129.192 119.275 119.835 115.572 117.794 123.205 131.207 132.966 135.638 135.583 145.227 150.799 146.689 142.321 151.378 155.864 154.543 154.832 162.271 165.349 168.910 155.842 141.964 140.784 146.156 151.369 151.481 152.751 154.774 151.357 155.015 157.605 159.757 154.348 147.538 149.711 150.693 153.630 161.134 159.144 161.226 169.719 174.088 175.677 175.263 170.356 166.205
149.450 139.831 148.710 131.578 130.249 126.442 128.288 139.914 139.822 143.472 143.419 140.721 132.446 128.973 123.186 122.037 123.591 128.400 138.275 134.592 124.803 119.722 114.256 115.051 126.578 136.814 136.686 136.326 133.364 137.818 148.968 154.063 154.410 146.672 150.637 153.907 152.865 158.145 165.274 166.017 158.727 147.571 140.913 144.022 149.933 156.286 155.807 157.730 158.555 156.608 157.706 159.173 158.270 152.935 153.199 157.774 151.814 147.212 154.001 156.067 159.900 166.413 166.544 167.355 170.079 175.311 177.202
137.143 134.071 133.561 135.437 128.585 127.278 128.780 135.337 137.704 140.007 138.901 136.065 133.903 124.318 122.292 120.576 126.646 131.428 128.421 123.120 120.712 117.055 114.389 122.669 140.642 144.402 141.763 136.766 138.239 145.903 150.262 154.875 157.979 154.605 151.946 150.068 149.205 155.108 165.289 156.877 145.323 140.139 140.184 146.956 155.633 157.966 157.190 160.681 159.535 158.527 157.458 157.348 159.177 156.903 155.447 159.331 155.532 152.429 153.861 152.816 160.005 164.285 165.482 166.566 167.184 168.852 175.154
133.017 134.252 129.688 129.512 132.153 123.943 131.388 137.218 138.650 138.584 127.175 119.441 121.837 110.527 112.099 122.447 123.258 130.785 124.374 115.744 113.903 107.137 117.945 139.174 144.115 143.154 141.525 141.854 141.533 143.224 146.309 155.903 157.235 158.074 155.484 156.538 151.715 154.361 159.498 147.041 140.658 140.496 144.560 153.219 158.888 160.459 160.719 160.220 158.938 155.874 154.974 157.197 161.041 162.562 160.861 159.313 156.806 159.385 163.944 157.678 160.115 166.148 167.317 166.788 166.799 165.229 169.539
131.445 130.173 125.482 125.251 126.616 121.731 128.203 129.278 129.444 128.128 109.601 102.993 113.472 108.762 110.242 116.367 126.370 119.614 117.861 115.277 112.252 114.087 134.113 151.158 144.072 141.209 148.678 149.054 140.449 142.281 149.808 159.767 158.048 158.169 155.746 160.337 159.714 163.146 154.486 142.533 143.339 147.663 154.315 159.107 159.975 159.628 160.545 159.937 154.182 154.973 155.792 158.122 159.756 163.257 163.296 157.781 152.812 157.783 165.637 167.583 166.050 171.448 172.058 173.209 169.759 165.250 164.034
109.100 114.871 108.659 110.191 110.512 108.830 123.926 112.254 112.529 119.686 106.427 109.874 116.463 115.767 119.267 114.549 122.979 112.796 111.779 113.258 118.166 132.891 150.332 149.054 142.279 141.220 151.920 154.113 146.249 150.559 157.462 164.096 161.107 161.410 161.070 164.951 165.071 162.868 150.679 146.260 150.554 155.702 159.899 159.708 158.444 158.750 159.287 155.589 152.804 156.449 155.486 157.477 159.110 161.877 164.718 156.713 151.319 157.640 166.848 166.987 163.986 163.299 162.468 162.984 170.978 174.865 169.858
107.731 108.644 109.291 112.644 110.321 108.871 109.577 117.556 111.168 111.086 112.808 113.553 116.992 120.616 129.758 123.813 112.701 113.734 112.531 121.952 134.199 147.755 146.075 145.301 136.507 140.523 149.896 152.492 157.024 149.019 152.243 163.970 164.438 163.837 163.869 162.952 160.923 154.588 151.844 149.939 156.440 160.433 158.351 156.952 157.812 157.656 154.435 148.447 148.095 152.424 150.696 155.961 155.618 156.147 164.933 156.982 154.268 159.515 164.890 169.893 168.551 164.798 163.450 165.091 165.007 169.324 171.352
114.222 116.122 112.836 118.043 114.882 111.414 120.173 121.493 114.086 115.324 118.064 117.071 127.362 127.796 136.036 128.305 119.057 123.219 130.139 140.116 146.620 147.516 148.817 140.065 130.718 138.231 153.374 153.522 157.495 157.551 150.453 158.699 166.223 165.897 164.241 160.345 156.758 153.830 153.175 154.422 160.297 160.535 154.709 157.093 161.243 161.132 155.453 148.743 148.878 149.406 148.816 156.990 155.123 152.135 163.889 161.948 154.553 159.271 163.459 165.331 165.154 164.743 166.073 172.516 171.841 170.064 171.086
114.729 116.962 120.269 122.993 128.384 130.062 136.994 139.319 132.591 124.241 125.564 125.936 135.143 137.373 142.737 132.088 128.105 135.841 141.564 146.344 147.376 149.513 147.073 135.332 125.108 141.527 159.628 163.900 158.723 161.837 156.658 155.511 163.829 162.726 160.827 159.048 155.207 153.568 153.319 158.379 160.605 159.334 154.521 158.817 162.245 160.283 155.480 149.305 152.029 148.793 151.845 162.129 157.630 152.308 161.556 166.433 157.228 160.039 162.671 163.133 161.550 166.125 168.363 172.300 178.259 176.194 178.375
122.644 121.928 125.873 130.862 133.922 139.403 140.684 144.372 137.223 130.355 134.877 136.843 138.448 141.759 141.374 136.060 134.465 137.500 141.354 144.291 147.593 149.667 146.186 130.807 123.740 151.386 163.842 164.148 164.632 162.499 162.096 158.041 163.664 161.602 160.213 159.673 156.369 156.058 158.663 160.436 158.444 154.635 155.597 159.376 158.574 158.206 156.715 147.303 148.112 150.058 159.300 165.688 161.411 157.186 160.875 167.193 161.925 160.580 163.870 163.357 162.499 166.534 169.044 167.873 175.070 180.467 176.706
130.128 135.080 143.211 143.211 141.197 142.642 143.245 147.486 139.503 139.800 142.398 141.769 141.873 141.845 143.199 141.062 135.164 134.031 143.031 145.282 146.187 147.584 147.903 133.993 122.948 155.310 163.933 163.674 164.299 164.629 164.037 160.868 164.564 161.521 160.357 158.872 156.556 159.725 160.313 158.250 156.825 155.419 156.515 158.143 160.470 160.813 158.629 150.702 145.258 157.344 168.948 163.113 161.262 164.604 165.239 166.949 169.077 159.834 162.612 161.675 160.411 161.785 166.863 167.579 169.542 164.480 162.892
139.507 146.466 151.741 150.005 145.436 146.328 146.637 152.211 146.381 143.788 144.844 143.947 140.248 143.210 145.071 147.927 145.399 136.479 138.319 145.913 145.531 142.685 148.370 137.014 128.965 158.475 163.596 162.949 163.580 164.842 164.272 164.096 164.340 159.491 157.888 157.075 158.007 160.743 159.053 158.092 158.377 156.205 158.469 159.658 161.390 161.042 157.443 153.250 144.688 162.009 171.282 157.617 161.951 167.265 165.793 163.901 170.638 165.293 162.889 162.497 164.821 166.982 166.819 175.689 170.998 160.527 162.499
152.898 154.760 155.315 154.772 149.259 150.120 151.039 153.116 150.704 145.886 145.596 144.533 140.059 144.760 147.740 149.970 153.136 136.497 132.913 143.086 145.556 145.534 143.965 133.926 135.662 161.420 162.762 162.343 163.102 164.636 164.094 164.630 159.101 155.161 155.496 158.566 160.694 160.879 158.530 157.221 157.859 156.502 157.622 158.339 159.105 160.548 158.555 150.557 145.729 164.485 168.598 155.159 164.066 165.918 163.545 160.102 165.392 172.169 166.544 160.370 159.764 165.451 169.995 179.378 170.538 163.583 161.546
160.809 160.185 158.364 156.450 152.540 152.531 151.016 151.839 155.271 146.941 145.801 147.794 142.863 144.479 148.422 151.005 158.848 141.214 129.285 136.958 146.124 145.894 140.822 129.727 146.891 162.881 162.308 161.488 163.080 165.080 163.342 160.849 155.689 156.242 158.492 160.848 160.917 160.132 158.669 156.620 156.586 157.041 155.296 157.217 155.541 160.669 159.289 148.266 149.520 171.303 171.527 159.665 166.592 169.277 166.170 161.942 162.956 168.479 173.679 160.507 153.580 155.028 160.700 174.025 171.107 166.504 168.534
161.781 162.381 160.923 155.269 153.612 154.116 153.325 154.102 157.550 147.981 148.369 149.571 146.915 144.790 149.987 155.670 164.081 152.808 134.811 133.407 145.592 144.899 136.615 131.078 151.101 161.479 161.503 159.743 162.576 164.155 161.354 158.736 157.548 159.487 161.333 160.963 160.818 160.417 158.532 154.983 155.771 154.138 151.076 153.185 151.872 152.160 151.836 151.548 162.182 179.067 172.619 166.860 175.881 176.902 174.449 168.240 164.407 161.295 167.260 174.108 163.011 153.775 153.658 161.493 165.713 166.001 166.641
161.306 162.067 160.710 153.535 155.383 155.967 153.236 156.205 157.469 149.945 150.350 151.443 149.054 145.132 150.672 157.068 160.200 158.081 147.666 137.858 138.859 147.352 133.900 127.252 146.957 160.365 160.735 159.401 160.788 159.619 157.177 158.437 159.733 161.682 161.693 160.681 161.719 160.588 156.341 153.212 151.544 151.126 150.227 152.177 152.694 149.328 154.643 163.531 175.963 178.969 167.392 163.837 170.235 173.587 175.322 174.494 175.892 171.029 167.626 167.616 174.704 164.483 156.505 162.271 163.793 161.784 161.890
160.609 162.331 159.448 153.524 157.785 155.611 153.200 155.690 157.773 153.096 150.192 153.179 150.668 150.078 154.429 158.275 158.764 158.493 156.729 152.169 143.092 145.317 141.848 127.067 142.015 160.642 161.158 159.047 160.644 158.091 159.156 161.665 162.214 162.177 161.742 161.193 160.906 160.383 155.245 154.059 153.985 156.673 157.929 160.738 159.722 158.225 167.065 177.212 180.006 170.395 160.935 157.626 166.652 168.381 172.256 169.215 171.252 174.754 176.060 171.533 168.114 174.004 162.606 165.780 171.076 164.435 160.939
160.488 162.839 157.376 155.779 157.224 155.892 156.383 159.064 160.756 155.608 149.848 153.750 152.294 154.453 157.276 159.089 157.970 155.036 153.157 151.001 147.761 147.734 146.399 129.990 141.116 161.211 160.699 158.900 159.519 160.766 162.093 161.553 161.545 162.211 162.157 161.040 160.149 159.049 157.800 155.995 155.368 161.770 158.700 155.739 154.499 152.164 165.284 181.753 170.682 164.425 155.909 153.769 162.954 162.279 168.423 161.500 161.129 165.696 170.405 175.864 169.202 170.287 171.366 161.397 160.045 157.680 158.342
161.315 163.310 155.789 158.316 156.802 157.935 160.959 162.009 162.143 156.934 152.681 154.264 154.855 157.739 158.842 158.205 154.345 150.239 147.884 148.894 146.731 150.581 146.430 136.646 144.688 160.716 160.126 159.584 160.550 161.632 160.517 160.379 164.323 161.977 162.858 161.202 158.690 159.225 161.436 159.443 156.012 161.060 157.459 151.858 150.270 146.515 163.198 180.218 165.607 159.368 153.789 153.228 160.777 158.121 165.919 157.229 154.878 153.485 156.269 162.579 172.267 171.978 170.450 162.442 143.377 137.215 146.456
161.124 161.036 159.556 159.033 158.064 160.468 162.624 162.195 162.187 158.321 157.093 156.473 156.642 158.842 159.422 156.800 154.029 150.625 149.717 150.259 151.008 146.341 143.846 146.425 153.950 160.463 160.715 159.994 161.957 161.702 159.656 163.360 162.560 162.289 163.124 161.309 159.838 161.981 161.249 160.805 159.939 162.044 158.435 151.893 150.662 149.896 167.195 175.392 165.066 157.082 156.189 155.156 167.733 157.226 157.209 153.299 160.656 159.982 156.698 153.476 161.799 167.880 160.631 154.371 147.951 153.852 163.359
162.451 161.068 160.236 159.441 159.956 162.176 163.566 162.339 161.938 160.378 159.053 157.893 158.954 161.260 157.698 155.498 151.928 150.380 150.397 150.650 148.939 147.210 154.405 158.663 158.806 160.435 161.055 160.162 162.757 162.283 161.350 163.344 162.023 163.217 163.030 162.309 160.770 162.779 162.021 162.107 165.230 163.395 155.565 150.934 150.128 159.553 172.137 161.832 168.848 163.989 160.512 152.135 163.818 158.262 151.389 155.538 162.427 165.993 160.002 150.525 148.686 149.683 146.087 148.633 154.572 165.474 161.398
162.779 162.870 161.971 161.353 162.143 163.945 164.034 163.364 161.512 161.709 160.848 160.115 161.096 162.227 154.585 152.099 152.118 151.612 147.838 146.474 147.648 152.849 155.266 157.030 159.510 160.162 161.481 162.043 162.776 162.515 162.314 163.224 163.821 163.515 162.847 161.480 161.437 162.980 162.012 161.179 165.600 163.433 154.249 151.904 161.686 164.900 164.436 152.194 156.258 172.066 160.971 150.290 156.319 161.485 159.956 161.384 159.374 162.071 155.769 151.248 144.977 144.625 143.667 147.973 164.228 159.083 158.703
163.113 162.135 163.223 163.673 163.891 163.827 163.629 164.041 163.030 162.472 162.193 162.125 162.478 162.075 152.507 152.245 152.499 151.757 148.859 147.316 152.465 154.877 154.558 157.192 159.132 162.132 163.307 162.489 162.014 162.143 163.144 163.275 163.570 164.147 163.209 161.846 162.081 162.872 161.721 160.740 163.407 160.761 150.011 153.870 171.455 158.911 146.626 151.391 155.569 160.009 150.797 151.680 155.489 158.970 163.504 163.942 161.922 162.291 157.690 155.867 151.571 147.486 150.288 160.046 163.351 157.660 156.586
163.983 162.224 162.622 165.393 164.155 164.087 163.536 163.313 163.580 163.953 162.774 162.643 163.681 160.160 152.194 151.627 153.023 152.848 152.437 147.967 149.492 149.011 148.828 157.563 161.569 162.744 162.119 162.242 162.619 162.539 163.464 163.164 163.480 164.235 163.210 161.647 162.464 164.568 163.810 159.725 157.422 154.886 151.399 165.164 171.474 152.925 143.132 148.949 152.215 149.693 143.712 150.409 152.413 154.817 163.254 164.591 163.669 162.596 156.315 153.532 154.613 158.632 164.738 164.673 157.694 157.324 158.002
162.728 161.924 162.988 164.876 163.802 163.703 162.974 162.157 162.326 163.630 163.642 163.110 163.842 158.682 151.740 151.305 153.380 153.102 150.779 146.409 142.770 143.928 144.693 157.052 162.570 163.428 162.670 162.358 162.918 163.595 163.522 162.706 163.875 163.083 162.038 159.819 162.454 164.867 165.005 160.587 151.963 150.030 160.794 173.753 164.361 149.256 149.159 149.041 144.378 141.032 149.371 158.758 155.217 157.633 163.074 163.382 161.553 155.742 152.918 157.804 162.051 164.049 162.803 160.501 156.184 154.436 159.361
162.187 160.329 160.489 163.095 163.149 162.590 162.614 161.471 161.708 163.127 163.671 163.122 163.931 154.987 150.880 150.961 153.355 152.680 148.955 147.329 142.636 137.561 147.534 160.665 162.834 162.501 162.458 162.267 163.246 163.704 163.261 162.705 163.870 162.562 160.876 160.107 163.309 164.170 162.662 156.962 150.406 156.239 169.150 173.465 155.808 150.260 157.964 159.259 151.632 153.254 158.970 164.948 161.736 162.053 162.962 161.401 155.877 152.765 159.060 163.155 159.548 162.538 163.540 163.712 159.106 154.350 160.673
162.451 161.575 160.280 161.243 161.987 160.768 161.168 161.273 161.410 163.580 163.925 163.648 161.576 150.738 150.474 153.089 152.914 152.620 149.079 147.205 137.537 136.370 156.773 162.256 162.148 162.360 162.238 162.089 163.490 163.865 163.349 163.198 162.926 162.758 158.965 160.179 162.153 161.153 160.519 155.779 155.516 163.409 172.454 164.102 153.446 155.744 161.885 165.279 161.251 158.696 158.867 162.671 161.135 162.132 161.820 158.224 156.274 161.494 161.137 158.818 158.667 163.613 164.846 164.317 162.580 158.098 159.644
161.544 161.231 158.747 156.646 157.272 157.617 159.846 160.183 161.379 163.690 164.491 161.902 155.807 151.150 151.933 152.925 152.753 152.075 148.007 145.014 131.824 145.560 161.257 162.242 162.237 162.479 161.241 161.488 162.837 163.271 162.228 162.921 162.978 162.623 159.032 158.997 160.610 162.702 162.181 157.208 158.571 171.755 172.211 164.124 160.591 163.310 161.381 162.416 162.017 161.374 160.372 160.864 158.157 157.600 158.041 156.294 160.815 155.838 154.200 157.991 158.969 160.710 163.883 161.472 163.522 164.169 163.806
-9999.000 -9999.000 -9999.000 -9999.000 -9999.000 -9999.000 -9999.000 -9999.000 -9999.000 -9999.000 -9999.000 -9999.000 -9999.000 -9999.000 -9999.000 -9999.000 -9999.000 -9999.000 -9999.000 -9999.000 -9999.000 -9999.000 -9999.000 -9999.000 -9999.000 -9999.000 -9999.000 -9999.000 -9999.000 -9999.000 -9999.000 -9999.000 -9999.000 -9999.000 -9999.000 -9999.000 -9999.000 -9999.000 -9999.000 -9999.000 -9999.000 -9999.000 -9999.000 -9999.000 -9999.000 -9999.000 -9999.000 -9999.000 -9999.000 -9999.000 -9999.000 -9999.000 -9999.000 -9999.000 -9999.000 -9999.000 -9999.000 -9999.000 -9999.000 -9999.000 -9999.000 -9999.000 -9999.000 -9999.000 -9999.000 -9999.000 -9999.000
