tests/3D/PSQL_test/output_maps/snowdepthN0010.asc
ncols         295
nrows         180
xllcorner     627200.000000
yllcorner     5109000.000000
cellsize      200.000000
NODATA_value  -9999.0
[rows 90 to 119 of 180, columns 0 to 66 of 295]
-9999.000 171.369 169.786 166.139 170.683 177.904 183.829 182.093 168.975 158.947 158.441 160.473 161.372 170.893 184.622 190.886 201.168 184.721 176.528 200.689 217.678 190.555 191.019 206.004 200.641 190.478 189.066 196.120 208.514 199.328 190.292 188.411 174.905 163.308 182.519 188.490 151.716 141.283 164.352 222.958 189.279 184.764 195.402 196.440 182.485 179.026 200.046 216.540 213.330 193.340 191.459 205.750 237.129 227.345 229.544 226.145 219.700 224.646 226.596 229.938 225.399 234.584 227.755 241.157 222.387 236.721 231.836
-9999.000 171.109 173.106 169.196 177.690 184.165 183.521 166.829 158.502 158.060 164.429 171.902 176.798 188.325 197.153 185.931 198.617 191.841 173.890 196.265 214.546 184.314 201.581 205.174 198.209 197.292 192.230 197.938 209.527 194.246 183.369 182.562 171.132 167.659 188.248 181.408 140.123 145.444 173.319 214.104 180.441 185.009 192.437 172.785 164.341 176.364 211.584 212.138 209.342 207.224 196.839 206.159 243.534 236.707 228.795 204.710 201.540 224.721 228.309 234.697 229.761 238.224 233.887 244.888 227.725 238.347 233.966
-9999.000 175.943 176.991 179.138 184.584 185.933 171.297 156.853 162.287 172.417 184.051 188.719 194.111 201.865 204.103 182.656 195.467 199.623 173.789 193.281 213.734 188.360 204.506 200.092 202.934 205.511 196.878 199.025 222.172 185.928 178.371 180.286 169.717 170.873 193.097 177.790 134.538 148.864 180.293 213.614 179.338 186.425 184.760 170.812 168.891 191.405 203.696 214.460 211.596 220.743 199.638 203.398 239.672 228.654 212.743 217.982 237.664 237.293 233.941 234.158 238.317 239.419 239.809 243.436 236.117 239.805 235.771
-9999.000 184.464 183.477 184.115 186.294 179.577 157.990 157.945 174.110 185.110 193.577 195.447 195.281 201.759 203.346 179.529 186.110 199.658 175.539 192.388 217.059 197.707 198.043 192.098 198.211 197.762 195.544 206.243 231.119 189.146 181.686 177.211 166.005 172.881 192.325 170.955 130.479 150.956 186.916 220.574 182.055 188.503 194.689 187.483 193.171 213.858 195.947 224.116 221.256 227.290 205.215 204.247 246.812 241.502 233.365 252.533 239.874 232.369 231.363 232.572 243.437 232.160 239.969 236.784 239.054 240.595 241.298
-9999.000 187.268 185.392 186.103 184.681 167.631 159.255 170.447 180.930 191.056 196.165 195.561 196.758 202.376 206.150 186.030 188.286 197.307 175.772 199.178 215.363 212.819 201.947 191.606 190.603 195.286 194.596 202.032 215.748 193.753 186.412 177.799 171.323 175.408 187.351 158.190 134.507 156.677 185.020 218.632 192.496 207.447 218.105 199.494 215.679 221.412 193.201 226.521 220.778 216.726 214.067 222.867 240.214 235.659 244.438 253.968 236.441 227.377 231.313 241.538 236.929 228.053 251.409 243.416 250.654 252.733 251.387
-9999.000 181.931 183.719 187.449 182.157 170.599 170.325 180.907 185.045 194.359 198.776 198.742 199.481 211.195 213.285 193.526 198.074 194.137 179.922 210.167 212.094 216.527 203.557 193.889 196.256 205.226 196.527 207.364 199.274 190.620 185.863 183.764 178.499 185.504 185.600 156.981 149.177 170.361 193.263 238.479 199.412 219.515 226.740 207.453 222.031 218.017 191.043 229.751 216.269 224.984 221.882 223.810 236.498 228.768 248.524 250.987 236.564 230.689 236.389 239.301 232.842 253.479 247.762 236.455 240.386 240.673 236.572
-9999.000 175.921 184.373 186.055 178.695 172.655 176.847 183.834 189.562 197.304 200.156 204.109 204.083 215.556 208.594 198.913 192.637 185.299 189.498 220.534 213.030 215.308 201.940 198.366 218.193 211.154 198.565 228.186 202.902 194.413 182.661 182.225 184.927 201.493 188.770 163.671 167.425 185.073 196.365 242.163 188.450 222.852 224.663 201.121 222.471 220.251 187.571 233.016 222.904 233.644 235.224 237.717 229.801 224.988 258.533 242.437 247.438 238.267 235.697 241.272 257.082 241.916 220.856 219.201 228.048 233.875 232.391
-9999.000 174.647 187.413 182.133 169.361 168.437 179.007 190.936 192.212 192.915 194.915 204.283 206.414 224.009 212.436 203.778 199.659 194.204 204.356 214.799 212.032 206.648 198.353 200.576 204.906 200.415 203.344 240.196 201.232 202.398 189.754 184.367 188.445 209.003 179.733 167.523 178.558 189.133 209.891 233.687 189.337 222.387 217.601 191.886 217.836 219.862 189.828 229.973 231.968 236.872 228.814 232.960 236.159 256.229 253.114 242.796 250.043 252.534 254.505 256.780 237.321 219.462 218.076 227.997 236.531 241.477 243.016
-9999.000 179.142 188.704 179.412 164.948 168.358 183.567 190.608 189.663 187.522 193.276 204.931 212.532 215.942 223.157 215.927 222.879 217.471 219.257 211.571 210.196 208.778 203.181 193.611 188.935 210.615 228.790 206.108 190.212 191.714 181.246 178.941 201.031 205.450 174.075 174.734 184.923 193.873 226.094 229.061 194.001 219.847 212.501 183.150 221.421 218.740 193.249 234.308 232.412 232.282 234.313 239.732 231.686 248.567 259.724 240.662 232.442 238.366 242.202 230.679 223.477 224.618 232.348 245.771 249.517 250.208 244.930
-9999.000 181.235 188.261 174.847 165.729 168.469 172.949 165.522 169.299 188.539 199.659 203.167 209.728 203.376 219.283 214.546 226.172 216.561 223.440 215.844 217.482 220.672 219.080 207.965 219.701 249.635 200.321 182.152 183.107 178.916 177.374 188.194 215.657 196.511 178.398 179.886 181.588 197.841 235.245 218.699 201.400 218.859 212.034 182.347 231.269 222.106 201.336 244.730 239.464 224.085 220.728 240.365 242.612 240.388 268.121 242.156 218.424 235.064 244.959 229.521 229.691 236.112 247.766 250.108 246.100 247.384 234.757
-9999.000 182.661 187.267 170.869 160.431 158.417 144.802 151.216 153.859 175.986 206.273 202.835 195.989 200.000 212.788 204.744 214.404 210.524 214.961 214.982 213.858 222.863 229.554 217.019 230.261 224.693 184.523 177.161 178.051 183.012 193.002 209.629 211.383 187.141 173.559 179.250 185.466 222.968 248.792 224.758 208.723 214.124 221.325 194.118 240.413 220.512 206.042 245.091 229.267 212.626 230.422 218.590 221.410 256.577 258.574 243.002 237.367 234.893 234.786 225.118 236.052 248.975 252.069 244.635 241.381 238.101 223.730
-9999.000 182.604 187.677 174.579 163.902 162.781 153.145 176.092 196.314 198.715 216.674 212.597 180.092 210.084 220.945 210.717 213.641 211.112 213.240 222.688 215.850 224.834 225.304 221.847 245.248 215.206 187.796 182.650 191.019 205.608 204.160 199.664 202.082 185.866 172.527 188.251 193.916 235.177 245.607 238.180 226.539 222.146 232.513 206.079 248.742 221.349 216.211 241.277 231.607 211.942 238.123 235.650 240.681 251.053 239.885 236.229 247.147 244.125 234.111 231.399 235.301 247.700 247.337 240.947 255.911 248.130 237.209
-9999.000 178.520 181.312 175.021 179.244 169.749 150.099 174.411 236.316 208.102 219.528 213.963 182.374 206.561 233.680 207.452 207.532 215.727 218.106 226.933 217.947 215.331 213.554 234.108 239.419 197.729 191.171 193.563 210.594 205.838 184.346 185.555 199.581 198.162 176.591 187.284 195.516 234.045 235.937 235.849 232.062 229.595 239.845 219.315 247.748 230.347 214.174 241.435 242.526 222.461 213.208 251.613 260.707 235.401 230.185 246.754 259.354 253.343 239.401 243.558 243.699 249.397 242.942 251.736 265.857 253.862 254.204
-9999.000 168.097 172.214 169.838 188.240 195.766 155.010 153.613 224.822 218.082 218.695 208.716 201.002 199.971 217.547 194.341 185.517 208.402 217.729 221.016 214.007 215.356 233.693 229.660 202.945 183.137 194.085 208.433 221.145 195.008 198.450 198.386 207.042 199.926 192.174 191.776 189.837 238.291 244.610 238.292 232.591 232.482 245.634 228.893 240.563 246.095 216.288 242.661 243.782 232.648 219.340 247.711 262.490 240.297 234.193 242.369 258.687 257.215 250.469 250.040 250.804 251.398 243.219 264.112 260.439 259.396 261.970
-9999.000 165.166 175.254 184.923 202.688 210.733 173.331 161.580 204.458 226.349 211.597 208.549 213.853 210.487 191.417 216.955 211.935 212.877 210.591 227.029 242.973 250.412 226.390 190.572 180.575 186.826 211.883 226.208 192.983 202.012 211.792 215.254 216.968 212.294 212.126 200.436 187.435 233.910 257.967 243.618 233.568 228.947 243.992 231.829 236.226 252.240 216.231 244.547 234.353 236.129 237.115 254.306 266.205 247.272 238.729 240.514 251.574 256.088 255.938 254.297 248.555 240.021 259.703 264.135 263.068 263.884 265.765
-9999.000 174.590 190.160 213.701 211.069 213.711 182.968 166.948 177.309 205.503 188.597 197.543 214.405 208.516 180.947 215.319 237.537 224.970 227.075 247.819 214.564 215.718 207.775 183.440 182.707 213.025 229.254 204.134 183.307 220.954 210.340 221.098 226.398 223.286 222.608 203.917 190.599 237.756 254.864 247.565 238.289 230.797 240.049 231.802 242.229 254.834 228.855 242.679 233.472 246.396 257.483 265.356 262.678 251.453 242.012 238.252 249.256 257.863 257.526 247.275 247.392 267.176 265.363 261.070 267.488 267.474 267.890
-9999.000 188.692 205.911 211.658 210.496 206.526 185.207 171.748 164.815 191.961 199.557 190.988 195.093 180.772 191.410 254.260 254.925 254.816 247.469 230.338 197.982 202.657 202.433 184.408 192.608 230.362 215.128 187.009 196.579 226.625 213.757 219.235 220.733 221.507 216.557 209.144 198.856 238.738 249.593 241.646 233.027 237.599 239.382 241.661 263.324 253.430 251.551 250.246 263.536 264.821 261.689 246.308 236.634 244.164 251.535 251.471 245.704 236.095 235.873 253.224 264.343 260.744 258.511 264.363 268.196 268.944 269.178
-9999.000 194.237 197.426 212.787 215.383 205.413 185.724 180.060 176.644 180.285 226.480 235.763 201.070 199.342 256.102 237.706 217.974 217.375 214.754 206.180 202.395 195.838 194.143 194.853 215.678 229.533 205.281 178.767 216.896 226.871 220.994 223.955 224.811 224.473 216.417 222.362 213.399 239.427 264.930 263.506 250.638 248.864 244.866 261.167 248.850 250.119 260.812 262.236 254.308 245.707 248.060 242.020 237.706 238.100 250.065 262.133 267.218 270.613 272.665 264.269 252.859 254.796 264.350 268.494 268.003 269.553 269.368
-9999.000 183.720 190.373 216.140 218.884 210.398 188.917 191.259 197.766 195.489 205.517 229.467 226.511 255.210 245.303 241.551 247.451 251.249 245.984 237.877 229.954 207.507 199.539 216.908 224.093 221.408 204.585 180.402 221.162 229.369 215.707 223.367 229.442 222.197 212.435 224.949 230.622 260.629 239.342 223.131 233.568 254.286 263.776 254.024 238.372 249.442 247.328 249.587 247.945 253.754 257.548 247.116 239.264 234.906 224.981 224.283 223.384 216.788 224.735 249.664 254.340 258.388 264.968 267.074 266.217 270.098 271.968
-9999.000 190.982 190.440 212.480 216.715 209.196 192.175 197.714 211.775 215.074 223.429 218.906 199.165 247.666 248.834 245.288 248.378 248.905 242.321 236.882 229.881 214.273 215.367 213.775 197.915 204.165 217.930 186.144 202.135 243.045 222.763 234.047 236.686 215.288 214.280 227.923 248.094 256.262 242.492 240.161 243.317 234.980 235.504 253.223 244.715 250.128 257.776 256.966 257.869 258.619 258.295 249.690 243.245 244.812 237.203 221.229 207.394 200.065 199.021 211.157 227.798 246.743 257.807 256.922 257.602 266.966 273.278
-9999.000 202.179 193.848 206.168 212.494 211.960 197.588 200.235 213.284 213.614 230.745 231.284 198.843 239.883 253.331 240.030 235.929 237.661 237.202 235.890 231.473 223.131 227.600 196.075 184.599 197.195 224.647 192.554 194.864 261.070 232.604 250.825 244.561 217.078 229.913 241.111 252.866 238.926 243.059 241.965 251.391 247.053 230.264 229.851 250.272 259.492 250.573 249.438 253.739 253.804 248.834 251.676 248.612 242.589 236.392 221.439 213.984 209.711 206.399 207.411 209.757 216.095 223.031 231.177 246.410 258.116 267.657
-9999.000 209.955 196.868 195.145 206.898 210.710 204.421 201.432 209.147 215.978 233.672 234.827 194.785 244.985 232.401 227.380 233.805 242.416 244.611 243.589 236.827 220.332 214.192 201.997 209.843 193.152 213.928 194.094 207.279 254.378 240.456 251.267 242.079 219.352 246.707 265.925 266.702 244.553 238.176 231.499 227.246 220.590 213.891 209.808 223.326 244.786 254.484 244.191 250.714 240.678 236.753 251.080 249.085 241.018 225.734 211.863 225.690 228.984 225.643 220.997 210.617 211.014 217.252 228.037 237.954 245.494 253.677
-9999.000 222.245 207.826 197.687 202.611 211.902 214.081 202.659 207.428 226.808 234.715 225.902 189.825 229.914 210.365 194.795 212.620 239.270 242.608 232.008 212.673 198.046 197.395 193.259 208.903 189.024 200.531 194.600 216.891 234.650 237.586 236.132 226.028 237.577 267.205 245.842 239.495 242.929 231.414 220.712 210.395 211.450 214.175 215.638 209.612 209.690 253.967 254.654 256.243 243.574 231.410 237.560 246.941 243.675 230.453 217.374 225.570 241.267 244.366 237.725 225.770 221.720 224.196 233.018 236.979 238.296 239.639
-9999.000 226.578 221.185 214.629 214.073 219.687 221.745 199.998 203.430 221.130 225.566 215.842 187.169 217.886 223.451 181.599 176.069 192.408 203.167 207.377 215.490 228.276 231.706 235.164 263.307 235.095 242.456 233.377 238.644 250.450 236.468 235.733 244.386 266.348 247.937 231.420 224.199 217.272 213.226 220.630 215.816 210.175 237.472 223.228 194.598 193.673 257.740 257.372 250.316 244.563 239.743 229.087 236.243 238.534 234.221 230.580 232.133 238.389 240.321 235.445 236.537 241.863 240.879 239.952 241.357 241.146 237.500
-9999.000 232.688 226.195 216.296 215.368 219.693 210.863 192.298 195.156 204.881 203.378 197.166 200.599 237.182 275.071 237.749 217.040 219.654 228.060 240.171 253.552 258.220 259.497 247.816 224.715 218.352 232.066 230.346 209.862 252.437 258.959 240.526 263.257 237.047 237.726 233.530 226.274 222.664 216.800 215.504 217.497 215.441 240.958 200.933 196.274 205.044 264.097 246.592 244.004 241.688 246.849 239.432 221.836 225.571 233.393 238.184 241.618 234.998 228.110 217.384 228.555 237.124 243.667 245.743 246.330 246.310 242.379
-9999.000 230.404 225.126 223.234 221.533 221.697 204.730 197.448 203.860 202.067 200.245 215.889 262.163 251.941 245.357 249.525 249.848 258.138 262.763 262.410 253.860 254.093 256.957 245.697 245.619 251.070 249.991 252.933 226.315 212.469 236.953 265.946 251.443 219.984 232.867 228.595 225.735 223.644 218.936 213.609 207.132 218.229 233.187 198.527 215.324 226.823 245.771 236.507 241.239 247.131 252.695 246.664 225.977 216.147 230.017 241.685 233.519 220.733 213.861 202.608 212.835 217.284 228.926 239.046 244.612 245.999 244.530
-9999.000 226.601 237.712 240.274 238.815 238.690 227.803 218.043 228.639 205.020 225.372 271.480 252.843 247.211 240.346 240.487 247.471 253.981 260.119 264.830 257.967 250.628 244.309 231.217 241.248 252.510 252.438 247.917 241.642 207.070 189.566 229.260 239.252 228.989 226.959 227.166 231.025 225.268 220.992 210.111 200.737 217.584 213.096 207.354 213.807 224.486 250.823 258.466 253.572 251.181 248.885 241.905 232.990 228.457 224.313 229.703 218.099 221.184 217.390 204.241 207.394 212.092 221.295 235.424 240.086 238.346 236.159
-9999.000 245.868 246.637 246.780 245.772 243.369 233.231 225.482 228.368 217.138 225.697 268.246 243.981 256.920 251.737 237.242 230.195 232.030 237.505 246.287 260.411 263.408 265.295 247.379 245.153 253.351 242.169 219.042 221.799 211.714 183.152 218.930 240.900 244.726 237.993 217.775 220.412 221.545 218.134 201.396 198.575 215.462 198.771 216.949 226.901 231.150 247.619 259.637 251.207 249.528 245.480 239.212 241.492 231.376 219.627 219.649 232.433 257.071 250.604 240.819 233.504 221.923 229.077 240.163 244.215 239.068 227.281
-9999.000 247.729 248.069 246.141 239.649 226.918 220.495 226.863 227.239 217.005 230.438 271.874 246.130 242.969 250.197 253.951 253.172 252.904 246.678 230.264 221.083 226.288 236.886 247.687 251.288 248.234 235.518 219.744 230.895 233.106 188.711 220.498 231.134 228.527 242.061 231.535 195.631 209.009 208.976 189.116 200.521 203.643 188.666 215.300 226.534 226.778 239.050 254.705 265.303 247.874 237.887 232.955 248.019 258.476 255.988 254.528 255.724 249.422 238.720 235.566 231.672 225.717 233.515 239.912 244.229 238.921 226.290
-9999.000 248.255 247.713 242.014 230.462 222.486 226.841 223.574 208.262 226.951 258.660 262.660 257.923 249.151 246.154 251.387 252.794 257.248 251.923 248.979 245.887 243.828 244.023 241.865 235.532 234.227 240.299 227.341 226.997 244.394 198.118 234.343 231.810 226.390 227.405 243.195 197.785 187.750 198.147 187.861 211.015 200.743 185.434 210.093 224.168 230.754 234.034 233.241 254.866 216.845 217.553 212.396 217.443 221.002 226.884 237.328 245.610 247.105 238.533 236.390 236.212 235.278 236.146 237.471 240.212 235.520 226.787
