tests/3D/PSQL_test/output_maps/snowdepthN0003.asc
ncols         295
nrows         180
xllcorner     627200.000000
yllcorner     5109000.000000
cellsize      200.000000
NODATA_value  -9999.0
[rows 128 to 159 of 180, columns 216 to 287 of 295]
23.201 23.106 22.839 22.748 24.565 22.898 21.132 20.335 21.341 20.829 19.686 20.537 19.733 17.120 16.888 16.053 15.081 13.427 14.867 13.012 12.875 13.110 14.522 12.259 12.718 12.097 11.622 13.496 14.807 15.076 15.649 16.343 16.982 17.030 17.669 18.747 19.446 19.296 17.417 17.175 17.464 17.949 17.625 17.117 18.492 19.844 20.371 19.888 20.466 21.982 22.072 22.467 22.459 21.840 22.253 23.648 25.255 27.757 25.883 24.923 24.723 24.151 25.008 25.429 26.346 26.808 26.140 26.376 26.696 24.897 30.007 27.617
23.876 23.825 23.727 23.124 24.163 22.878 21.295 20.441 20.920 20.749 19.932 19.665 20.078 17.625 16.071 14.417 13.800 12.848 13.522 12.555 12.029 11.931 13.997 12.330 11.497 12.417 12.989 14.329 16.032 15.987 15.982 16.683 16.862 17.003 18.042 19.038 19.841 19.806 17.677 17.460 17.700 17.632 18.213 17.269 18.298 19.344 19.850 20.185 20.522 20.262 20.499 21.868 22.265 21.957 22.063 23.112 24.002 26.893 28.084 26.099 24.697 24.798 25.552 25.854 26.718 26.968 27.092 26.743 26.413 26.889 29.750 25.710
24.055 23.874 23.801 23.392 23.882 23.161 21.688 20.802 20.480 20.160 20.025 19.437 19.662 18.172 15.946 14.490 12.577 13.314 14.088 13.187 13.304 12.544 11.969 13.465 12.474 13.919 14.840 15.511 16.392 16.249 15.893 16.633 17.159 17.108 17.974 19.034 20.029 20.318 18.157 17.876 17.588 16.959 18.195 18.214 17.947 18.443 18.917 19.773 19.795 19.464 19.642 21.324 22.447 22.197 22.445 23.459 24.436 25.314 27.130 28.049 25.911 25.302 25.817 26.576 27.104 27.062 26.831 25.919 27.359 29.894 28.514 25.853
24.087 23.957 23.801 23.578 23.853 23.594 22.231 20.798 19.994 19.824 19.816 19.391 19.172 18.309 16.127 13.977 13.046 12.440 14.458 15.902 15.640 14.735 14.272 15.211 15.586 15.734 15.607 16.039 16.938 17.236 16.520 16.899 17.704 17.884 18.157 18.716 19.956 21.051 19.115 18.734 18.758 17.203 17.817 18.918 18.488 18.288 18.603 19.382 20.789 21.288 21.315 20.904 21.321 23.030 23.649 23.901 23.944 24.460 25.504 27.507 28.207 25.640 25.621 26.853 27.547 27.759 26.368 25.705 29.342 28.069 26.414 26.379
23.886 23.598 23.692 23.618 23.748 24.073 23.276 21.413 19.715 19.852 19.336 19.026 17.961 18.231 16.548 13.425 12.012 12.583 14.283 17.410 18.320 17.317 16.916 16.761 17.042 16.841 16.613 17.332 18.149 18.476 17.602 17.776 18.044 18.010 18.592 18.970 19.680 21.264 20.355 19.838 19.645 17.245 16.963 18.835 19.011 18.737 19.120 19.268 20.063 19.974 19.338 19.502 22.610 24.304 23.653 23.976 24.019 23.928 25.534 27.006 29.009 27.800 26.892 26.936 26.836 26.713 25.925 27.278 29.624 26.390 26.396 26.749
23.755 23.362 23.041 23.128 23.464 22.984 23.428 22.853 20.595 20.224 19.823 18.627 17.824 17.260 16.411 13.229 11.659 12.885 15.031 16.828 18.066 17.988 18.166 17.857 17.934 17.760 17.565 18.130 18.818 19.237 18.364 18.005 18.040 17.826 18.311 19.549 19.878 21.118 21.346 20.585 19.902 17.382 16.589 18.255 19.159 18.439 18.471 19.011 19.931 19.602 20.150 22.739 24.954 23.892 23.465 24.437 23.852 24.371 26.200 25.555 25.993 28.563 28.370 28.374 26.385 24.622 24.970 28.322 29.243 26.291 26.193 26.074
23.644 22.414 22.324 22.567 22.688 21.305 21.549 23.100 22.116 21.039 20.538 19.091 17.892 16.967 15.499 12.678 11.820 12.828 14.635 16.462 16.892 17.906 18.520 18.699 18.795 18.937 18.531 18.720 19.714 20.572 19.580 18.833 18.830 19.343 19.678 20.176 20.624 20.924 21.912 21.465 20.494 18.383 17.094 17.590 19.614 18.061 17.848 20.862 21.602 20.927 23.355 24.779 23.120 23.221 22.422 23.514 23.651 23.827 23.885 24.276 24.423 26.132 27.177 27.311 27.590 28.193 28.945 30.625 27.676 26.169 26.125 25.397
23.715 21.917 22.215 21.504 21.408 21.415 21.362 22.712 23.132 21.838 20.472 18.759 17.533 16.476 15.004 13.113 11.880 12.920 14.160 15.517 16.474 17.519 18.294 18.897 19.329 19.614 19.565 19.763 20.555 21.956 21.381 19.858 19.811 20.520 20.916 20.506 20.987 20.931 21.646 22.080 21.700 19.358 18.101 17.710 19.117 18.876 17.854 20.009 20.137 20.686 23.518 22.401 22.247 22.802 21.705 23.590 25.017 23.302 22.950 23.361 24.191 25.253 26.505 26.495 26.646 26.810 27.273 30.717 26.253 26.527 25.434 24.436
23.849 22.051 21.580 21.755 20.664 20.766 20.410 21.601 22.819 21.210 19.133 18.035 16.654 15.705 14.499 11.625 11.647 12.683 14.311 15.751 16.643 17.735 18.424 19.114 19.745 20.037 19.964 20.395 21.019 22.312 22.707 21.982 21.503 21.941 22.056 21.272 21.105 20.880 21.634 22.773 22.656 20.369 18.606 18.310 19.132 20.072 19.056 19.006 19.136 21.131 21.132 20.567 21.903 21.945 21.364 23.474 23.407 23.372 23.575 23.440 24.322 25.400 26.032 25.498 25.595 26.164 26.784 30.268 26.326 26.305 24.814 23.622
23.400 23.291 21.160 20.776 20.898 20.878 19.997 20.290 21.679 20.270 18.487 17.821 15.793 14.403 13.189 12.990 11.656 12.958 14.300 15.434 16.586 17.692 18.581 19.230 19.441 20.232 20.244 20.250 21.070 21.895 22.260 23.106 23.346 22.825 23.168 22.883 22.611 21.968 22.537 23.770 22.916 20.917 19.042 18.703 19.167 20.380 20.213 19.458 19.482 21.657 20.463 21.027 22.047 21.583 21.037 21.495 23.189 24.147 24.475 24.704 24.674 25.142 25.279 24.623 25.453 27.051 29.236 30.368 26.371 25.245 23.956 24.297
21.710 23.780 22.401 20.301 20.178 20.789 20.068 19.337 19.901 19.802 18.652 18.114 15.807 13.353 11.502 11.666 12.615 13.531 14.489 15.823 16.931 16.999 17.951 18.519 18.533 19.460 19.550 19.363 20.840 21.661 21.251 21.514 23.535 23.059 23.147 23.051 23.186 22.895 23.189 24.071 22.965 21.280 19.453 19.163 19.829 20.574 20.631 19.806 20.102 21.374 21.674 21.966 22.182 22.490 22.765 23.343 22.825 22.551 24.426 25.158 25.360 26.072 25.949 25.292 26.241 26.483 28.954 29.775 26.217 24.043 24.090 26.430
19.466 20.876 23.282 22.177 20.358 19.402 19.545 18.520 18.061 18.724 19.038 17.721 15.919 13.895 13.014 11.738 12.717 13.955 14.888 16.738 16.655 16.503 16.849 17.663 17.464 17.681 18.275 18.803 20.844 21.365 20.423 20.005 22.286 22.837 22.511 22.694 22.780 22.590 23.246 24.355 22.929 21.424 19.761 19.157 20.211 20.963 20.875 20.646 20.916 21.369 21.559 20.010 20.730 20.202 21.192 23.222 22.911 22.305 24.677 24.901 24.961 25.004 24.936 24.722 25.840 26.013 28.976 29.154 25.221 23.686 25.259 27.258
19.068 19.186 20.114 22.644 20.941 18.599 18.235 17.877 17.450 17.648 18.136 16.404 14.987 14.285 12.500 12.431 12.616 12.831 13.986 14.150 13.757 14.750 15.710 16.382 17.031 17.446 17.709 18.529 19.883 21.103 20.461 19.709 22.056 22.468 21.904 22.252 22.343 22.350 23.070 24.508 22.350 20.901 19.773 19.388 20.401 21.135 20.789 20.810 21.264 21.551 20.726 19.758 21.988 22.293 22.627 22.675 24.064 23.883 24.166 24.147 24.008 24.418 23.947 23.476 25.071 25.687 29.189 29.114 24.851 24.381 27.326 26.192
19.330 19.485 19.652 21.738 20.999 18.420 16.694 16.505 16.793 16.464 16.982 15.384 13.913 12.314 11.581 12.170 12.338 12.541 12.982 13.321 13.603 14.336 14.794 15.895 16.363 17.085 17.155 17.460 18.625 20.414 19.988 18.940 21.795 21.757 21.365 21.543 22.060 22.061 23.307 24.377 21.866 20.230 19.504 19.485 20.751 20.768 20.235 21.198 21.311 21.770 21.308 20.478 21.568 23.760 25.583 23.646 23.218 24.524 25.129 25.239 25.498 25.555 24.290 22.797 23.582 23.848 26.821 28.509 24.967 25.747 27.787 25.393
18.892 18.755 19.675 20.059 19.060 17.550 16.038 15.848 14.659 15.602 15.447 14.818 12.358 11.282 11.184 12.158 12.666 13.246 13.915 13.867 14.262 14.295 14.446 15.725 15.712 15.956 16.682 16.719 17.911 19.222 18.970 18.518 21.349 21.069 21.041 20.799 21.644 21.978 23.605 22.994 20.422 19.846 19.110 19.889 21.161 19.766 19.956 22.185 21.999 21.714 21.572 21.679 22.407 22.303 23.239 25.404 23.004 23.149 24.801 25.434 25.700 25.842 25.820 24.637 23.927 23.708 25.887 30.018 26.276 26.290 27.116 25.742
18.866 18.133 17.843 17.917 16.495 16.450 15.751 15.545 14.522 14.481 13.976 12.897 11.552 11.001 10.937 12.514 13.567 15.006 16.356 16.281 16.472 15.796 15.222 15.419 15.617 16.844 16.986 17.093 17.817 18.426 18.278 18.850 21.050 20.684 21.129 20.407 21.250 22.268 23.865 20.798 19.091 19.569 19.513 20.898 20.449 19.409 20.647 22.783 22.316 21.721 21.110 21.240 22.314 23.680 22.567 23.353 25.638 24.127 24.392 25.740 25.384 24.911 24.953 26.750 25.807 24.229 24.943 29.322 29.055 26.824 27.915 28.066
17.794 17.484 16.789 16.890 16.168 15.965 15.623 15.900 15.472 13.023 12.963 12.720 11.518 10.875 12.080 13.147 14.567 16.397 16.844 17.686 18.207 17.908 16.739 15.742 15.797 16.324 16.808 17.214 18.210 18.234 18.197 18.781 19.293 20.430 20.525 20.438 21.533 22.721 22.617 19.374 18.830 19.752 20.967 21.069 19.667 19.479 21.442 22.761 22.253 21.776 21.221 21.366 21.999 22.946 23.962 22.631 25.408 27.106 24.789 25.863 24.458 24.779 26.309 25.720 27.311 25.550 24.962 26.575 29.190 29.769 28.361 27.919
17.090 16.811 16.091 16.063 16.154 16.308 16.017 14.062 13.522 13.246 12.913 12.817 12.101 11.793 13.382 15.202 16.296 17.060 17.108 18.133 19.061 19.624 18.785 17.630 17.092 15.905 17.136 17.272 18.514 18.264 17.592 17.610 18.957 19.577 19.813 21.355 22.277 22.501 21.143 18.619 19.138 20.893 20.955 19.948 19.536 20.228 21.726 22.527 21.983 22.491 21.069 21.773 24.128 23.074 24.184 24.274 25.087 26.961 26.339 25.159 25.546 24.267 26.910 26.198 26.066 27.435 26.450 27.036 27.976 28.745 27.682 26.743
17.410 17.365 16.391 15.380 16.214 16.273 16.076 15.348 14.757 14.517 14.610 12.932 11.614 12.980 15.041 16.036 17.156 17.542 17.794 18.332 19.078 20.937 20.382 19.075 18.202 16.977 16.976 17.362 17.859 18.005 18.239 18.830 19.080 18.642 20.487 22.527 22.580 22.072 20.343 19.239 20.467 21.017 19.648 19.759 20.437 21.133 22.274 23.175 21.809 23.567 21.571 21.546 25.107 25.973 24.309 24.907 25.923 26.098 26.930 25.413 26.292 25.418 24.409 28.649 25.587 27.836 27.762 27.604 27.164 26.767 26.919 30.817
15.809 16.373 15.861 15.107 16.142 16.156 15.882 14.241 14.911 13.790 13.067 12.577 10.892 13.290 15.017 16.102 17.344 18.109 18.181 18.209 19.078 21.298 21.082 19.795 18.575 16.746 16.569 16.179 16.663 17.732 19.168 19.338 18.795 18.325 20.588 22.048 22.013 21.302 20.196 20.185 21.319 20.060 19.878 20.659 21.317 21.605 22.476 23.824 21.166 23.192 22.827 21.893 23.497 26.306 26.326 25.114 25.295 25.667 25.932 27.118 25.891 26.917 23.741 28.127 27.328 27.166 28.057 26.506 25.637 27.631 29.680 30.788
15.044 15.094 14.370 15.123 15.950 15.276 15.116 13.610 13.585 13.234 10.948 10.813 11.386 12.417 14.530 15.933 17.736 18.711 18.350 18.396 19.768 21.167 21.198 20.451 19.793 17.957 17.067 16.512 16.356 17.554 18.653 18.933 18.196 18.382 20.342 21.625 21.696 20.768 20.252 21.056 20.791 19.789 19.728 20.682 21.227 21.635 22.413 24.279 22.057 22.402 23.910 23.481 23.075 23.783 26.159 27.174 26.844 25.694 25.022 27.103 25.673 26.772 25.913 26.199 29.724 26.983 28.286 26.878 26.510 29.648 29.808 27.400
14.238 14.655 13.081 15.287 14.142 13.346 13.516 13.429 12.564 11.969 12.043 12.530 13.329 14.806 15.623 16.726 17.746 18.685 19.052 19.955 21.024 21.098 20.929 20.924 20.640 20.760 19.400 18.158 17.632 17.750 18.759 19.363 18.730 18.877 20.385 21.567 21.496 20.642 20.886 20.909 20.162 19.759 19.926 21.191 21.778 22.653 24.223 25.410 23.174 22.790 23.092 24.425 24.819 24.049 24.217 25.159 25.760 26.247 25.794 26.284 24.903 25.937 27.406 26.653 29.572 28.402 28.376 27.780 28.108 28.354 26.696 26.473
12.744 13.048 12.297 14.048 13.893 12.443 13.596 12.884 10.927 10.532 11.547 11.895 13.871 15.339 16.634 17.862 18.815 18.838 19.123 20.757 21.457 21.283 21.284 21.302 21.158 22.493 21.841 19.632 18.782 18.659 18.737 19.399 19.158 19.331 20.315 21.564 21.323 21.039 21.212 20.232 20.020 19.867 20.342 21.579 22.725 24.007 25.904 26.678 24.863 23.649 22.678 23.181 24.684 25.395 25.133 25.248 24.885 25.110 26.340 28.490 25.763 24.304 26.324 28.206 28.861 28.922 27.198 28.412 30.050 27.246 25.735 26.452
11.976 11.943 12.209 15.125 12.869 12.801 11.308 11.340 10.346 11.451 12.219 13.789 14.695 16.195 16.816 18.959 19.723 19.504 19.342 21.001 21.832 21.860 22.172 23.554 24.118 24.833 22.666 19.756 19.020 19.361 19.761 19.687 20.073 20.370 20.470 21.108 21.207 21.311 20.597 19.973 20.648 21.126 21.970 23.446 23.963 24.350 26.065 26.797 26.919 26.607 25.598 24.749 24.748 24.945 25.520 25.815 25.726 24.638 24.886 26.964 28.718 25.763 25.569 28.321 28.471 28.699 29.893 29.966 27.120 25.799 26.042 26.377
11.598 11.666 12.734 14.515 13.904 12.134 11.105 10.130 11.226 13.502 15.152 14.607 15.838 16.212 17.912 19.732 20.449 20.455 20.068 21.075 21.833 21.844 22.871 24.268 24.554 23.261 21.117 19.584 19.566 19.962 20.721 20.526 21.089 20.877 20.767 21.017 21.263 21.204 20.694 21.096 22.307 21.696 21.374 22.783 23.148 24.118 25.466 25.454 25.616 26.137 27.076 27.142 25.821 25.444 25.356 25.987 26.311 25.728 25.616 25.528 27.019 30.136 26.629 27.905 28.881 30.162 29.288 26.350 25.230 25.414 26.316 26.663
11.115 12.230 13.093 12.734 12.139 11.580 10.505 11.116 12.820 16.321 16.622 16.400 16.383 17.812 19.252 20.060 20.868 21.117 21.056 21.044 20.970 21.265 22.625 24.251 22.868 20.882 19.740 19.336 19.905 20.783 20.732 20.904 21.559 21.139 21.031 20.895 20.943 21.490 21.382 21.725 22.355 21.861 21.887 22.366 22.504 24.102 24.836 25.034 25.212 25.541 25.997 26.883 26.527 25.605 24.739 24.504 24.382 25.320 26.558 25.470 25.524 31.347 28.263 30.284 30.366 29.528 27.146 25.535 25.484 26.289 27.156 27.402
11.622 11.681 12.957 12.039 10.596 9.946 9.778 12.556 16.102 16.732 16.934 17.188 17.716 18.318 18.791 19.722 21.385 21.231 21.427 21.134 21.681 21.447 22.217 23.328 20.931 19.671 19.425 19.675 20.572 21.342 21.461 21.551 21.472 21.063 20.763 20.771 21.367 21.579 21.928 21.856 22.197 21.925 22.580 23.379 23.143 23.930 24.832 25.068 25.170 25.372 25.216 26.112 27.868 27.480 26.501 25.809 24.546 24.199 24.743 24.526 27.487 30.820 27.140 29.037 30.167 28.512 26.682 26.593 27.591 27.478 27.246 27.633
10.646 12.191 11.316 10.892 10.239 10.479 11.886 15.679 18.468 16.953 17.700 19.142 19.315 18.540 19.134 20.494 22.196 21.622 21.657 21.493 22.338 22.381 23.382 22.080 19.931 19.680 20.088 20.765 21.236 21.331 21.295 21.516 21.247 20.489 21.096 21.073 21.640 21.703 22.127 22.257 21.593 21.472 22.549 23.902 24.126 24.501 25.184 25.301 25.335 25.627 25.173 25.464 26.411 26.180 25.968 26.679 26.573 27.598 27.609 28.559 31.111 29.011 26.794 28.937 29.229 29.502 26.088 27.322 27.951 27.342 26.736 26.698
9.797 11.454 9.590 9.549 10.561 11.693 14.997 18.520 17.729 17.357 18.268 19.978 20.111 19.574 20.631 21.845 23.154 22.240 22.289 22.556 23.246 23.357 23.233 21.036 20.122 20.418 20.871 21.386 21.236 21.069 21.077 21.022 20.742 20.628 21.151 21.154 21.817 21.897 22.068 22.481 21.556 21.359 22.782 24.374 24.297 23.910 23.948 23.801 23.946 25.271 25.979 26.056 26.313 25.816 25.300 26.277 27.255 30.024 30.555 29.363 28.368 28.034 26.603 28.515 28.176 29.145 28.245 28.016 28.122 28.002 26.881 25.774
11.901 9.608 10.267 10.625 12.397 14.582 17.521 16.609 17.380 17.219 18.501 20.054 20.175 20.792 20.437 21.233 23.206 22.998 22.721 23.058 23.050 22.663 21.649 21.037 20.365 21.017 21.423 21.136 21.044 21.252 21.211 20.708 19.887 19.956 20.849 20.693 21.783 21.633 21.408 22.565 21.660 21.930 23.145 24.228 25.102 24.952 24.569 24.470 24.838 24.604 25.305 25.655 25.336 24.938 25.341 26.562 28.558 28.903 26.336 26.120 26.209 27.151 25.517 26.636 26.941 28.111 29.674 28.407 27.576 27.858 27.151 26.257
12.656 10.764 12.117 13.456 15.527 16.618 16.809 17.296 16.569 16.573 18.377 20.945 20.766 21.128 21.363 20.831 22.349 23.490 23.315 23.019 22.440 21.878 21.119 20.966 20.707 21.508 21.482 20.709 21.504 21.955 21.979 21.230 20.400 20.605 20.748 20.770 22.352 21.900 21.069 22.512 22.424 22.101 23.191 24.106 24.627 24.523 24.837 25.330 26.700 26.113 25.788 25.913 25.624 25.655 27.402 29.114 29.344 26.481 25.962 26.484 26.619 26.853 24.716 26.163 26.630 27.210 28.126 28.703 27.646 28.812 27.289 26.508
13.265 12.409 13.749 15.344 16.773 16.637 17.406 16.917 16.449 16.232 19.104 22.019 22.770 21.646 21.817 21.545 21.708 23.136 22.880 22.350 21.974 21.329 20.882 20.733 21.235 21.512 21.275 20.749 21.850 22.273 22.018 21.502 20.903 21.399 20.989 21.703 23.489 22.506 21.326 22.408 23.147 22.452 23.233 23.899 23.910 24.082 25.218 25.835 27.002 27.697 27.176 27.668 27.665 27.047 27.433 26.205 26.397 25.901 26.305 26.095 26.217 26.037 24.886 26.448 26.155 25.977 26.944 29.567 30.834 27.874 25.916 25.333
