tests/3D/PSQL_test/output_maps/snowdepthN0008.asc
ncols         295
nrows         180
xllcorner     627200.000000
yllcorner     5109000.000000
cellsize      200.000000
NODATA_value  -9999.0
[rows 150 to 179 of 180, columns 201 to 267 of 295]
110.315 112.147 96.979 95.438 98.689 95.290 96.836 106.762 111.236 107.624 106.977 105.377 96.639 93.717 91.514 88.014 91.710 89.532 97.195 96.177 90.250 95.256 91.390 82.504 81.381 85.563 86.306 93.667 97.565 99.055 102.601 106.176 104.686 105.084 113.001 116.424 114.984 114.321 114.210 113.465 120.001 116.828 106.293 103.077 103.900 105.591 110.943 108.816 108.604 112.972 119.480 118.252 117.336 118.699 112.552 110.531 108.807 110.396 116.294 121.711 127.875 137.447 141.378 132.233 126.165 121.193 124.034
111.597 113.823 106.759 93.087 94.414 92.928 96.736 106.409 108.002 104.507 102.834 100.201 94.769 93.520 92.852 86.371 88.131 88.799 100.915 92.088 91.967 84.471 84.852 80.274 82.871 87.048 93.556 95.277 97.648 97.763 105.549 109.807 108.060 106.008 114.014 117.932 117.491 118.538 124.988 127.938 131.633 120.803 106.808 104.360 107.511 110.737 111.050 112.472 114.676 113.998 117.231 118.184 119.176 114.950 110.581 113.280 114.927 118.323 125.645 127.939 129.677 138.235 141.997 142.724 141.100 135.812 131.572
108.080 101.154 107.481 93.938 92.315 89.442 92.669 101.394 101.274 103.961 103.878 101.663 94.992 92.138 87.690 86.248 87.116 91.384 99.203 96.521 88.381 84.253 79.048 81.166 90.057 97.774 97.434 98.111 95.832 100.064 109.080 112.876 113.147 109.941 114.374 117.805 117.260 121.944 128.866 130.167 123.713 113.277 106.186 107.447 110.871 115.879 115.077 117.470 117.096 116.534 117.664 118.871 118.164 114.786 115.986 121.784 117.963 115.396 122.260 124.071 128.501 135.264 135.271 136.147 138.682 143.375 143.640
98.733 95.517 96.729 97.409 91.201 90.192 92.498 97.326 99.245 101.073 100.189 98.058 95.927 88.573 86.575 84.824 89.662 93.843 91.753 87.902 85.596 81.491 80.502 87.183 101.432 103.693 101.568 98.332 100.464 106.559 110.443 114.417 116.210 115.639 114.767 113.898 114.347 120.624 128.864 121.956 112.038 106.756 105.594 109.902 115.448 116.291 116.603 119.786 118.166 117.425 116.602 116.717 119.319 118.422 119.305 122.495 119.750 118.789 120.713 120.733 128.586 132.400 133.440 134.388 135.756 137.915 142.310
95.360 96.103 93.041 92.845 94.038 87.248 94.215 98.383 99.621 99.594 91.292 85.711 87.044 78.167 79.050 86.864 87.303 93.348 88.238 81.494 79.104 74.258 83.936 99.901 104.074 102.774 101.384 102.283 102.837 104.102 108.035 116.310 116.154 117.575 115.587 117.768 115.877 119.138 124.304 112.509 106.798 106.233 108.452 114.268 118.655 119.334 119.724 119.489 117.854 115.605 115.354 117.930 119.583 121.344 120.661 121.757 119.618 122.433 126.362 124.387 127.998 132.744 133.927 134.208 135.022 134.004 138.111
94.284 93.078 89.178 89.277 89.891 85.800 91.486 92.607 92.973 91.632 77.678 71.700 79.872 76.341 76.444 82.113 89.750 84.831 83.190 80.636 78.293 80.892 96.144 108.921 104.051 101.904 107.566 108.369 102.596 104.654 111.351 120.028 117.573 118.271 116.650 120.885 120.966 125.478 118.759 108.103 107.816 110.820 115.173 118.221 118.846 118.739 119.697 118.606 114.157 116.404 116.380 118.848 119.340 121.945 122.516 118.520 116.920 121.662 128.448 129.820 131.469 134.798 135.365 135.420 136.567 133.823 134.853
77.226 81.370 76.491 77.737 77.970 76.769 88.600 78.842 79.991 84.809 73.770 75.739 81.356 80.904 83.449 78.607 86.639 77.628 76.783 79.325 83.356 95.405 109.200 107.935 102.489 102.448 110.759 111.843 107.778 112.156 118.185 124.643 120.518 121.292 121.890 125.388 125.807 124.848 114.081 110.089 112.563 115.885 118.933 118.210 117.136 117.234 117.088 115.306 113.919 116.456 116.093 118.955 119.545 121.200 123.729 117.966 115.967 122.598 130.594 130.089 127.918 127.819 126.895 127.580 134.594 138.246 138.347
74.449 75.639 75.542 77.965 76.295 74.361 74.110 81.445 76.033 76.044 78.292 79.208 81.807 84.780 92.296 87.019 77.374 79.186 78.719 86.450 95.904 106.654 105.663 105.199 98.964 102.471 110.100 111.288 114.788 111.752 115.101 124.939 124.128 123.223 124.746 124.549 122.511 117.613 114.652 112.120 116.447 119.032 117.547 116.441 117.318 117.054 114.369 109.748 109.797 113.887 112.780 117.890 117.372 117.068 124.004 118.405 118.757 124.504 129.737 134.006 132.981 130.680 129.810 131.471 130.506 134.259 136.123
79.329 80.619 78.221 82.314 79.974 77.586 84.894 85.560 79.605 80.365 82.265 81.960 90.115 90.437 97.133 90.785 82.435 87.061 92.489 100.382 105.428 106.584 107.401 100.926 94.574 101.172 114.079 113.224 115.864 117.418 113.417 120.727 126.510 125.800 124.681 121.812 118.899 115.643 114.903 114.757 119.314 119.365 114.961 118.115 120.692 120.719 116.450 111.209 111.753 112.367 112.190 119.860 117.896 114.451 123.220 122.441 119.715 124.714 129.096 131.528 130.733 131.846 134.052 140.763 137.876 136.228 136.982
79.788 81.598 84.177 86.237 90.339 91.933 97.580 98.985 93.972 87.145 88.232 88.878 96.466 97.943 102.065 93.521 90.195 96.446 101.330 105.971 106.258 108.021 106.366 97.811 90.493 104.388 119.584 123.126 117.776 119.594 117.683 117.813 124.837 123.712 121.480 119.956 116.863 115.003 114.680 117.867 119.485 118.151 114.803 119.850 121.984 120.468 117.328 113.199 115.168 112.694 115.924 125.234 120.560 115.181 121.974 126.186 121.832 125.130 128.222 127.889 128.194 133.659 136.549 142.226 145.713 143.092 145.609
86.350 86.105 89.085 92.827 94.955 99.033 100.436 103.181 97.488 92.035 95.913 97.458 98.842 101.362 100.900 96.814 95.608 97.708 100.531 103.364 106.583 108.104 105.450 94.466 89.787 113.340 123.384 123.826 123.864 121.399 121.132 119.383 124.493 122.126 120.598 119.651 116.784 115.992 117.549 118.643 116.941 114.793 116.126 119.594 119.568 119.410 118.236 112.179 113.455 114.881 123.743 129.129 124.732 120.056 121.854 126.635 124.828 124.887 128.504 128.509 131.229 135.862 137.886 138.134 145.387 150.080 146.656
92.414 96.302 102.606 102.365 100.659 101.625 102.641 105.696 99.455 99.454 101.608 101.425 101.769 101.711 102.751 100.833 96.402 95.467 101.942 103.964 105.856 107.088 106.577 96.710 89.576 116.990 123.011 123.455 123.846 123.716 122.650 121.311 124.784 121.534 120.432 118.834 116.246 118.201 118.636 117.301 116.597 116.149 117.484 119.093 121.381 122.609 120.901 115.135 112.199 123.417 133.739 127.375 124.946 126.547 126.415 127.541 129.361 125.042 128.771 128.969 128.868 130.511 136.142 137.334 140.497 135.748 133.644
99.769 104.984 109.199 107.641 104.085 104.650 105.562 110.400 104.850 102.710 103.671 103.302 100.716 102.972 104.582 106.899 104.785 97.640 98.608 104.356 104.228 102.811 107.336 99.099 94.495 119.166 122.653 122.809 123.173 124.164 123.407 123.514 124.275 119.797 118.034 117.234 116.973 118.972 117.870 117.631 118.381 117.410 120.052 121.448 123.053 121.402 121.654 118.193 112.694 128.668 136.825 122.873 125.105 128.525 127.668 125.237 130.227 128.970 128.168 128.674 129.260 132.946 135.436 142.705 140.148 131.141 132.631
110.573 112.000 112.232 112.215 107.293 107.970 109.004 111.288 108.186 104.492 104.379 103.802 100.779 104.525 106.908 109.168 111.446 98.137 94.409 102.061 104.256 105.203 104.730 97.001 99.829 121.390 121.856 121.897 122.807 124.010 123.678 124.531 119.710 116.191 115.671 117.657 118.869 118.682 117.423 117.190 118.032 117.666 119.621 120.623 122.218 123.122 122.186 116.211 113.786 132.997 134.548 120.707 127.316 128.881 126.540 122.681 126.581 131.886 130.355 127.104 128.505 134.032 136.720 146.404 137.330 131.455 130.509
117.991 117.277 115.491 113.852 110.116 109.973 108.998 110.371 112.686 105.422 104.627 106.218 103.014 104.938 107.941 110.789 116.721 102.351 92.101 97.270 104.612 105.825 101.147 93.862 108.595 122.172 121.260 121.108 122.622 124.192 122.361 120.749 116.136 116.316 117.384 119.136 118.819 118.635 117.759 116.858 117.443 118.408 117.555 119.625 119.323 124.030 122.247 114.144 117.830 139.498 137.782 125.515 130.470 132.677 129.667 125.104 125.313 129.464 133.498 126.412 122.329 124.746 130.841 141.519 137.341 131.620 133.109
119.175 119.533 118.033 112.916 111.206 111.218 110.834 112.070 114.798 106.454 106.418 107.959 106.275 105.355 109.847 114.771 122.383 111.810 97.037 94.749 103.429 105.176 98.724 96.979 112.615 120.912 120.686 119.844 122.485 123.408 120.586 118.797 117.176 118.148 119.433 119.023 118.922 119.128 117.964 115.817 117.215 116.149 114.281 116.645 115.523 117.396 117.233 118.014 130.026 146.667 140.816 134.051 140.200 141.355 138.407 131.693 127.536 124.185 128.376 134.006 128.788 122.510 123.824 131.259 133.739 131.762 130.810
118.730 119.170 118.175 111.536 112.706 112.877 111.105 114.108 114.602 107.782 107.910 109.393 107.771 105.298 111.058 116.388 119.693 117.023 107.188 98.873 98.791 105.097 97.552 93.648 109.492 119.658 119.753 119.295 121.017 119.610 117.329 117.738 118.422 119.551 119.607 118.915 120.276 119.458 116.691 114.752 114.028 114.371 114.328 116.771 117.863 115.933 121.465 129.638 142.985 146.417 135.663 131.252 136.459 139.935 140.653 139.940 139.542 133.810 130.129 129.515 134.616 130.358 124.951 130.313 131.005 128.946 127.618
118.456 119.653 117.164 111.427 114.442 112.403 110.723 113.638 114.972 110.642 107.939 110.801 109.023 109.284 113.668 117.032 117.795 117.135 115.455 110.233 102.747 104.061 102.310 92.464 104.978 119.427 119.718 118.896 120.058 117.629 117.952 119.837 119.905 119.813 119.688 119.602 120.098 119.505 116.373 116.500 117.082 120.401 121.864 125.456 125.667 125.292 134.876 143.831 146.682 138.732 128.972 125.370 132.145 135.187 137.403 134.437 136.708 138.831 139.429 134.048 130.331 134.353 128.854 132.239 135.409 128.988 126.160
117.220 120.086 115.734 113.005 114.084 113.117 113.635 116.636 117.785 113.268 107.772 111.291 110.480 112.720 115.874 117.598 116.852 114.228 112.500 110.169 107.582 106.091 105.202 94.103 104.023 119.898 118.964 118.457 118.794 119.126 119.839 119.267 119.178 119.819 120.045 119.771 119.307 118.879 118.516 118.471 119.448 125.147 124.598 123.167 123.252 122.602 135.214 149.551 138.070 130.717 124.374 120.617 129.141 129.558 133.565 127.003 128.278 132.214 136.064 140.339 132.082 131.656 134.005 127.869 127.576 123.428 122.781
118.604 120.553 113.796 114.999 114.078 115.615 118.150 119.285 119.282 114.543 110.210 111.645 112.331 115.298 116.813 116.402 113.137 110.165 108.046 108.572 106.389 109.020 105.508 98.167 106.478 119.180 118.305 118.412 119.065 119.694 118.581 119.238 122.520 120.229 120.473 119.175 118.151 119.532 121.715 121.887 120.015 125.289 122.403 119.195 119.119 117.408 133.045 148.165 134.021 126.578 120.274 119.181 125.306 125.118 130.444 121.543 121.789 120.994 124.415 129.516 136.562 133.995 131.784 125.906 111.456 106.210 113.243
118.493 118.544 116.998 115.918 115.816 117.917 119.841 119.596 119.433 115.964 113.916 113.954 113.847 116.285 116.592 115.077 112.453 109.625 108.552 109.153 109.250 105.086 103.356 105.383 113.348 118.782 118.490 118.347 119.718 119.671 118.154 122.069 121.168 120.221 120.971 119.701 119.183 121.678 122.223 122.545 122.791 125.154 122.622 118.617 118.063 119.182 137.082 143.424 133.216 124.420 121.463 118.894 128.140 123.604 122.907 118.242 124.714 125.099 122.948 120.934 128.132 132.515 125.874 117.462 112.712 116.605 124.484
119.292 117.786 116.193 116.349 117.698 119.548 120.792 118.848 119.250 117.576 115.618 115.054 116.567 118.409 114.791 113.235 110.521 109.122 109.250 109.260 107.802 106.473 112.167 116.020 117.227 118.387 118.545 117.987 120.797 120.212 119.849 121.836 120.343 120.919 121.002 120.753 120.216 122.612 121.834 123.063 126.049 124.510 119.464 116.849 117.446 127.533 140.638 132.100 136.965 129.853 123.937 116.028 124.818 122.869 117.150 119.931 125.076 129.358 123.338 117.553 116.755 116.249 112.918 113.412 116.591 125.025 122.229
119.766 119.854 119.001 118.275 119.527 121.236 121.378 120.504 118.546 118.733 118.029 117.581 118.675 119.593 112.493 110.250 110.079 109.574 106.904 106.004 106.648 111.261 113.707 115.701 117.211 117.818 119.003 119.717 120.851 120.409 120.728 121.533 121.452 121.174 121.061 120.401 121.085 122.677 122.087 122.948 127.140 124.997 118.494 117.776 127.890 133.630 131.806 119.643 125.829 138.485 127.960 114.799 118.208 123.445 122.818 123.289 122.731 124.661 119.497 116.743 112.189 111.275 110.045 112.911 122.942 120.160 120.869
119.944 119.256 120.787 120.647 120.912 121.185 121.032 121.448 120.024 119.429 119.405 119.452 120.134 119.860 111.014 110.385 110.130 109.641 107.166 106.308 110.379 112.997 112.380 114.997 117.137 119.865 121.050 120.149 120.149 120.337 121.378 121.359 121.648 121.886 121.115 120.586 121.349 122.582 122.330 122.689 125.169 121.879 114.769 119.973 137.437 126.049 116.116 119.054 122.986 128.217 118.225 116.867 118.870 120.583 124.015 125.154 123.906 123.872 119.930 119.131 115.804 112.547 113.896 119.965 122.545 119.627 119.773
120.903 119.142 120.390 122.562 121.324 121.272 121.083 120.893 120.871 121.070 119.868 120.063 121.062 118.267 110.824 110.025 110.610 110.576 110.097 107.373 109.297 108.484 109.493 115.897 119.233 120.333 120.057 120.064 120.225 120.287 121.452 121.180 121.513 122.022 121.039 120.542 121.500 123.735 123.762 121.498 120.154 118.152 116.037 129.986 135.575 119.545 111.541 116.559 120.193 117.430 111.590 115.976 116.729 117.058 123.029 125.056 124.676 123.497 118.105 116.113 116.875 119.088 123.586 122.752 118.454 119.321 120.224
120.082 119.977 121.305 122.368 121.327 121.258 120.424 119.874 120.104 121.033 120.796 120.468 121.071 116.608 110.308 109.646 111.077 110.846 109.160 105.546 103.804 103.803 104.776 115.942 120.280 121.065 120.146 120.158 120.675 121.313 121.434 120.843 121.849 121.150 120.057 119.405 121.474 124.043 124.286 121.283 114.565 114.590 124.557 137.841 128.939 114.588 114.735 115.363 112.996 108.761 115.189 121.318 117.930 119.218 122.562 123.704 122.562 117.878 114.605 117.826 120.913 122.386 121.297 119.729 117.097 116.562 121.130
119.342 118.586 119.006 120.955 120.652 119.993 120.088 118.849 119.566 120.607 120.934 120.573 121.193 113.429 109.788 109.220 111.113 110.526 107.636 106.141 103.267 99.500 107.544 118.722 120.649 120.301 120.032 120.037 121.084 121.412 120.782 120.516 121.533 120.074 118.826 118.730 122.331 123.343 122.503 118.432 114.010 119.939 132.081 136.486 120.925 114.596 119.903 120.762 116.917 117.863 122.037 126.111 122.351 121.815 121.940 121.839 117.293 114.313 118.184 120.730 118.848 121.718 122.677 123.467 120.714 117.738 123.495
119.211 118.946 118.440 119.582 119.829 118.538 118.881 118.284 119.036 120.851 121.014 120.893 119.476 109.852 109.262 110.886 110.771 110.572 107.759 106.121 98.745 98.566 115.118 120.050 119.964 119.920 119.858 120.032 121.123 121.411 120.429 120.848 120.617 120.171 117.722 119.397 121.137 120.611 120.948 118.053 118.985 126.825 136.088 128.467 118.236 118.452 123.033 125.020 122.515 120.894 121.060 124.517 122.071 122.040 121.447 118.020 116.545 119.173 118.699 116.340 117.855 122.787 124.385 124.280 123.218 122.022 125.070
119.041 118.266 117.033 115.257 116.011 115.959 117.603 117.025 119.205 121.050 121.709 119.991 114.421 110.024 110.119 110.937 110.655 110.083 106.954 104.467 95.048 106.231 119.180 119.697 119.674 120.011 119.248 119.590 121.035 120.432 119.287 119.825 120.155 119.882 117.568 119.048 120.438 122.437 122.679 119.272 121.711 133.953 134.507 126.994 123.553 124.191 122.470 122.713 122.030 121.907 121.089 122.454 119.334 118.338 118.125 116.446 118.268 115.001 114.126 117.215 118.190 119.706 122.222 122.519 124.177 124.583 126.175
-9999.000 -9999.000 -9999.000 -9999.000 -9999.000 -9999.000 -9999.000 -9999.000 -9999.000 -9999.000 -9999.000 -9999.000 -9999.000 -9999.000 -9999.000 -9999.000 -9999.000 -9999.000 -9999.000 -9999.000 -9999.000 -9999.000 -9999.000 -9999.000 -9999.000 -9999.000 -9999.000 -9999.000 -9999.000 -9999.000 -9999.000 -9999.000 -9999.000 -9999.000 -9999.000 -9999.000 -9999.000 -9999.000 -9999.000 -9999.000 -9999.000 -9999.000 -9999.000 -9999.000 -9999.000 -9999.000 -9999.000 -9999.000 -9999.000 -9999.000 -9999.000 -9999.000 -9999.000 -9999.000 -9999.000 -9999.000 -9999.000 -9999.000 -9999.000 -9999.000 -9999.000 -9999.000 -9999.000 -9999.000 -9999.000 -9999.000 -9999.000
