tests/3D/PSQL_test/output_maps/snowdepthN0024.asc
ncols         295
nrows         180
xllcorner     627200.000000
yllcorner     5109000.000000
cellsize      200.000000
NODATA_value  -9999.0
[rows 0 to 28 of 180, columns 134 to 200 of 295]
-9999.000 -9999.000 -9999.000 -9999.000 -9999.000 -9999.000 -9999.000 -9999.000 -9999.000 -9999.000 -9999.000 -9999.000 -9999.000 -9999.000 -9999.000 -9999.000 -9999.000 -9999.000 -9999.000 -9999.000 -9999.000 -9999.000 -9999.000 -9999.000 -9999.000 -9999.000 -9999.000 -9999.000 -9999.000 -9999.000 -9999.000 -9999.000 -9999.000 -9999.000 -9999.000 -9999.000 -9999.000 -9999.000 -9999.000 -9999.000 -9999.000 -9999.000 -9999.000 -9999.000 -9999.000 -9999.000 -9999.000 -9999.000 -9999.000 -9999.000 -9999.000 -9999.000 -9999.000 -9999.000 -9999.000 -9999.000 -9999.000 -9999.000 -9999.000 -9999.000 -9999.000 -9999.000 -9999.000 -9999.000 -9999.000 -9999.000 -9999.000
178.123 179.785 180.821 181.251 181.759 181.613 178.899 179.164 182.514 186.163 182.378 177.819 175.488 181.388 183.141 177.678 180.799 188.147 190.176 191.257 192.100 191.985 196.075 196.749 189.790 198.263 188.812 176.165 174.554 176.489 180.905 188.646 192.764 193.901 194.837 190.350 190.252 187.227 189.134 190.144 189.128 186.928 185.745 182.434 189.049 191.210 190.841 192.511 193.175 194.952 198.022 197.904 197.424 199.393 201.576 201.750 202.588 203.319 204.771 206.330 205.786 195.034 199.440 211.958 212.888 210.466 212.241
179.032 177.578 179.547 181.383 180.254 180.235 179.607 178.601 183.108 186.361 181.638 177.276 179.419 180.712 173.676 178.913 186.408 190.588 190.861 190.574 192.562 193.940 195.205 193.227 196.496 199.749 182.603 182.296 181.067 181.970 186.851 192.301 193.811 194.254 195.567 189.756 188.127 189.595 189.983 189.812 189.334 187.165 185.657 185.567 189.038 189.528 190.313 190.682 192.127 196.335 198.763 198.179 196.383 199.490 201.315 201.672 202.603 203.563 204.764 206.087 203.821 196.261 200.172 210.925 213.665 210.938 212.884
165.892 168.142 174.093 179.401 178.233 175.641 181.064 180.723 179.770 184.016 180.400 173.924 180.039 174.041 174.218 186.260 188.607 188.968 187.933 186.483 189.672 188.872 187.518 190.543 204.669 190.150 184.276 186.222 184.614 186.662 191.379 193.475 194.426 193.924 190.288 186.643 186.994 189.509 189.730 189.621 189.434 186.553 186.353 184.456 186.925 191.294 191.154 189.510 191.826 198.150 198.803 198.442 197.974 199.567 200.639 201.346 202.391 203.786 204.474 205.304 202.607 197.835 202.322 209.931 214.413 212.378 212.359
161.870 163.593 171.798 179.950 181.813 176.550 178.695 181.696 177.047 179.693 178.085 172.964 178.075 167.393 179.361 187.049 190.069 188.888 186.130 185.212 184.011 179.219 181.024 196.565 197.900 178.569 182.677 185.194 187.941 189.716 192.591 193.832 194.072 192.276 187.522 188.203 187.710 189.015 189.137 189.197 189.129 186.886 186.972 186.295 189.955 191.168 190.987 189.932 192.932 198.977 198.691 198.838 199.487 200.033 200.570 200.750 201.767 203.462 203.899 204.521 201.440 200.753 205.933 209.348 212.833 213.181 209.440
171.254 164.883 172.917 182.357 182.772 182.112 178.725 176.061 177.236 178.878 176.930 175.184 171.395 169.628 183.978 186.310 187.841 190.586 188.919 183.753 179.919 178.553 190.747 203.026 184.271 174.518 182.841 187.893 191.085 190.729 191.843 193.086 193.666 191.939 187.305 188.595 189.205 188.070 187.825 188.584 187.819 186.388 184.591 186.523 189.941 190.830 189.789 190.026 196.216 198.782 198.926 199.728 199.839 199.760 200.370 200.562 201.498 202.563 203.624 204.554 201.393 201.938 208.108 210.188 211.593 213.175 207.104
170.159 168.424 173.374 178.514 181.407 181.841 178.855 171.740 177.392 179.539 176.255 178.339 169.821 174.537 184.276 185.929 183.531 188.126 189.896 182.265 178.659 190.225 204.327 190.915 173.105 172.255 182.140 189.293 192.096 191.637 191.161 191.437 191.958 189.748 184.087 188.394 188.890 186.977 185.846 187.674 185.788 184.316 187.904 185.922 189.471 190.563 187.650 192.414 196.775 198.254 199.403 199.919 199.897 199.831 199.674 200.545 201.526 202.487 203.761 205.019 201.444 202.813 209.131 210.358 210.603 212.253 204.802
169.682 170.759 177.067 178.874 180.833 182.642 178.614 170.747 176.264 178.856 175.013 174.727 171.412 177.506 183.069 185.987 181.442 184.617 186.341 176.718 186.281 207.441 200.501 181.956 169.542 172.579 180.607 189.123 190.841 190.848 190.448 190.626 189.572 185.694 185.745 187.896 187.018 184.646 183.079 183.274 183.396 184.713 184.217 185.641 188.472 190.298 189.129 194.936 196.774 198.473 199.600 199.589 199.791 199.446 199.396 200.555 202.037 202.528 203.996 204.843 201.428 203.549 208.913 210.325 211.281 209.665 204.274
165.759 168.118 178.406 179.235 180.236 182.420 179.856 172.572 175.155 176.003 175.296 170.806 171.401 175.181 182.621 184.620 180.306 179.999 177.704 176.840 201.597 197.067 184.317 181.083 171.604 173.983 180.800 188.857 189.761 191.361 190.963 188.885 187.512 186.615 187.488 187.217 187.448 183.826 179.513 180.049 180.271 181.046 182.075 183.851 187.482 187.969 190.479 193.072 195.555 198.800 199.463 199.359 199.327 199.022 199.611 200.267 202.054 203.321 204.910 204.906 203.171 204.677 208.677 210.133 211.463 205.545 202.966
165.976 166.628 178.490 179.416 179.450 182.132 180.519 175.526 170.596 174.526 172.221 171.937 173.443 172.215 182.872 184.236 175.805 171.702 172.436 189.619 206.246 180.171 175.560 169.667 167.744 174.521 179.968 187.844 189.658 191.112 190.466 186.789 186.978 187.075 186.507 186.257 185.472 182.266 178.528 180.800 180.097 178.609 176.375 183.236 183.870 185.891 190.384 193.160 193.610 198.541 199.238 199.318 198.625 199.230 199.754 200.578 202.712 203.533 204.923 205.082 204.683 206.558 208.268 208.365 207.779 202.689 206.584
167.320 168.186 178.562 177.600 176.244 180.895 179.371 175.265 170.076 173.726 169.630 172.202 173.889 172.898 182.238 182.959 170.827 168.445 180.022 204.495 190.011 172.867 177.718 181.823 180.235 178.522 182.080 187.647 189.753 190.093 189.201 186.391 185.996 186.395 185.601 185.092 182.683 177.280 180.624 175.666 173.748 176.438 180.949 187.533 188.828 188.945 192.685 192.916 195.724 199.226 199.106 199.135 198.325 198.777 199.827 201.087 202.556 203.875 204.807 204.577 205.243 207.094 207.795 205.843 202.535 204.490 208.784
165.635 172.371 177.603 174.335 172.831 178.505 178.405 173.252 167.214 173.456 166.575 172.649 174.416 172.916 178.810 175.536 166.719 172.004 196.466 203.803 178.525 179.245 186.789 185.353 178.674 180.825 187.208 188.897 189.177 189.468 186.900 183.676 184.688 185.690 184.496 182.682 180.900 178.450 175.333 174.071 179.917 184.927 186.792 191.198 193.813 195.037 196.511 197.427 199.348 199.333 198.594 198.954 198.333 199.364 200.326 201.054 202.936 203.741 204.547 204.324 205.016 207.832 209.293 206.685 204.199 206.614 206.406
163.348 174.084 182.593 172.126 172.470 177.501 177.691 171.940 167.265 172.645 165.563 173.844 174.364 171.558 174.911 171.460 165.866 180.102 207.128 193.413 182.306 187.930 188.309 177.769 171.172 182.250 188.011 187.312 187.866 187.478 185.019 184.413 184.538 185.015 183.472 179.311 180.528 178.682 175.270 182.589 188.109 190.463 190.845 192.961 195.563 197.061 197.191 198.600 199.718 198.558 198.158 198.640 198.340 199.340 200.238 201.452 202.871 204.107 204.216 203.829 205.088 208.382 209.212 205.472 204.107 204.841 203.507
166.902 178.823 187.118 173.240 171.532 176.289 177.403 173.258 170.536 171.337 165.625 174.891 171.798 165.874 170.869 170.370 173.819 191.443 204.164 198.556 187.333 187.414 177.592 167.733 174.021 184.814 186.793 186.848 186.371 186.111 184.887 183.866 183.726 182.776 179.685 177.439 177.941 176.624 179.753 186.679 189.415 191.449 192.505 194.074 196.646 197.704 198.097 199.184 199.480 197.976 198.503 198.489 198.351 199.412 200.209 201.519 203.270 203.832 203.193 203.406 205.604 208.415 208.320 202.453 201.582 203.924 201.692
173.096 178.927 186.569 176.648 171.883 175.277 177.928 172.971 170.837 170.861 165.600 174.262 166.088 160.210 171.336 183.392 189.820 192.156 197.261 204.443 185.760 179.237 166.136 166.497 179.927 186.817 186.494 186.379 186.621 185.346 184.804 181.319 181.678 177.600 175.822 177.571 176.840 174.809 179.360 187.146 190.741 192.587 193.651 194.838 197.239 198.051 198.498 199.393 198.429 197.769 198.575 198.546 198.707 199.913 200.824 201.348 202.938 202.978 202.175 203.866 206.009 208.598 204.971 200.997 205.087 205.833 205.410
172.670 175.071 181.308 178.026 177.032 177.211 177.495 172.879 170.213 169.557 164.492 169.866 161.903 161.832 181.500 192.715 188.061 186.919 193.964 201.219 179.286 170.176 158.857 169.769 183.899 186.921 185.987 185.737 185.116 184.720 182.906 179.489 175.905 177.251 177.037 173.365 177.003 179.927 181.824 187.818 191.561 192.531 194.037 195.669 197.255 198.296 199.042 199.058 197.813 198.018 198.362 198.775 199.011 200.169 201.184 201.466 202.449 202.416 202.578 204.891 207.641 205.978 200.175 204.673 206.031 204.500 203.651
171.578 176.068 175.840 175.503 179.508 178.890 176.482 169.097 169.762 168.834 162.815 166.017 161.260 170.656 184.813 187.384 183.030 178.445 190.702 194.380 166.508 159.892 162.436 178.348 187.220 186.801 185.626 184.791 183.642 182.982 180.094 177.720 176.029 174.426 175.252 179.848 184.013 186.823 187.202 188.829 191.078 192.718 194.443 195.699 197.781 198.581 198.938 198.071 197.893 198.076 198.618 199.083 199.204 200.429 200.971 200.909 201.621 202.655 203.897 205.648 204.956 196.892 195.420 201.114 204.636 207.366 206.664
166.433 175.223 177.171 177.785 180.100 181.085 177.895 170.725 168.970 168.703 162.644 165.726 164.678 175.946 178.471 179.496 181.222 175.469 194.657 187.671 164.965 163.804 172.635 184.531 187.393 185.578 185.627 184.754 182.408 179.885 179.281 178.041 175.461 175.161 182.625 183.399 184.567 187.803 189.812 189.823 193.243 194.995 195.188 196.276 197.830 198.650 198.803 198.085 197.758 198.569 199.194 199.195 198.953 199.429 200.094 200.842 202.983 203.977 200.010 195.913 192.759 192.109 201.766 201.804 202.645 202.900 203.995
166.156 170.851 177.863 179.217 179.003 180.269 179.511 171.163 167.158 169.216 165.661 166.679 167.949 177.766 178.741 180.318 173.055 179.290 195.405 180.319 163.433 169.578 178.323 186.181 186.437 184.090 184.085 183.683 181.175 178.667 176.048 175.949 175.150 181.972 185.251 184.091 185.110 190.142 190.479 190.960 195.043 196.310 195.788 197.515 198.227 198.647 198.660 197.938 198.460 198.781 198.639 198.286 198.488 198.853 199.403 200.659 202.673 198.183 194.329 194.036 198.526 202.825 196.910 197.768 202.580 203.465 201.129
171.173 167.614 174.902 178.189 178.056 178.213 179.413 172.387 165.977 173.033 166.664 166.035 170.522 179.909 181.271 178.851 171.507 176.339 189.880 171.745 164.736 174.299 181.389 186.581 184.710 182.294 182.629 180.081 178.298 180.074 179.960 177.249 176.745 181.386 185.272 185.051 188.311 190.852 191.131 192.409 194.745 195.491 196.193 197.797 198.408 198.644 198.669 198.090 197.206 197.772 197.963 198.024 198.122 199.170 200.224 200.460 198.523 198.470 200.832 200.937 200.019 196.515 194.356 199.883 198.765 200.362 202.959
168.985 169.557 170.226 173.915 177.222 179.006 179.657 176.005 165.993 170.081 167.582 166.421 169.647 180.154 181.765 178.928 175.534 171.799 186.721 166.794 171.356 179.670 185.510 185.329 182.228 181.062 180.747 174.655 171.993 179.586 181.910 182.137 180.617 183.150 185.372 187.060 189.447 190.458 191.448 194.589 195.004 195.177 196.217 198.272 198.819 198.944 198.992 196.783 197.294 197.368 197.745 197.669 198.259 199.888 199.545 199.092 199.801 200.076 197.910 198.797 200.442 201.176 201.759 206.650 205.875 205.970 203.757
168.753 169.457 169.026 168.434 175.269 178.047 179.058 178.854 171.121 167.784 168.483 162.620 165.301 173.601 179.000 178.086 176.145 176.724 184.250 168.178 176.631 182.893 186.913 184.416 181.036 182.605 181.327 172.938 175.711 176.325 180.479 181.884 180.843 183.314 186.381 188.784 189.920 189.308 192.834 194.430 195.030 194.917 196.272 197.825 198.585 199.028 198.365 195.903 196.667 197.193 197.383 197.534 199.039 200.097 199.168 199.850 199.613 196.574 197.827 200.787 203.428 203.515 203.492 206.730 207.867 209.533 207.236
171.607 169.537 168.105 169.081 170.277 173.013 177.295 179.481 177.239 165.926 166.932 165.580 160.855 165.812 172.313 175.313 171.571 181.632 177.574 170.042 179.769 185.400 187.066 183.185 182.611 183.544 182.909 175.561 175.883 175.559 179.589 180.924 181.203 184.216 187.788 188.829 188.976 190.196 192.494 194.298 194.802 195.562 196.664 197.416 198.587 198.743 196.896 195.165 196.282 197.061 197.279 198.050 199.659 199.668 199.662 199.548 198.748 198.872 201.227 203.855 203.814 203.739 204.642 207.370 207.521 207.725 210.983
176.252 171.946 167.118 166.657 166.467 168.160 174.469 177.286 180.486 175.339 164.331 167.012 165.402 163.021 169.794 175.011 171.768 182.329 175.746 175.385 183.492 186.614 186.159 182.771 183.784 184.328 184.236 176.425 172.173 176.256 177.522 179.737 181.334 185.127 187.429 185.937 187.190 190.153 192.505 193.509 194.558 195.888 197.012 197.542 198.267 197.925 195.479 195.857 197.174 197.528 197.778 197.806 199.522 198.727 198.999 199.189 198.050 200.270 203.705 205.017 205.373 205.353 206.747 207.905 207.450 206.862 211.745
171.185 173.031 173.618 168.277 166.250 167.373 171.116 173.931 176.019 175.586 168.272 171.410 167.782 166.362 172.475 175.062 175.677 180.985 177.894 180.448 184.122 186.258 184.831 183.072 184.104 184.247 184.265 177.676 172.382 174.425 175.549 178.861 181.444 184.551 185.132 185.382 187.619 191.665 192.876 193.501 194.656 195.909 197.061 197.863 198.053 198.134 195.324 196.249 196.834 197.310 197.235 196.499 198.782 199.595 198.783 198.948 197.013 197.292 200.472 203.249 204.435 206.299 208.429 208.556 207.564 207.197 211.187
163.130 162.139 165.662 170.593 166.854 165.457 166.409 171.676 174.086 170.222 165.573 170.280 173.074 175.837 175.159 175.179 176.336 175.785 177.912 181.012 183.543 184.582 183.517 183.187 183.486 183.555 182.775 177.115 171.985 174.731 175.556 179.745 180.883 182.676 182.156 186.891 190.962 192.245 192.878 193.797 194.758 196.011 196.319 197.738 198.272 197.866 194.644 194.361 196.396 195.204 196.756 197.508 198.262 198.313 196.958 198.108 198.707 198.551 199.609 199.914 201.612 204.438 207.197 207.855 207.234 208.772 212.022
163.186 165.439 165.464 168.606 163.994 165.095 166.843 166.949 168.869 165.395 169.338 172.078 169.607 168.537 173.612 174.938 175.528 173.940 180.345 180.121 181.903 183.499 182.825 182.488 181.861 178.493 175.724 174.204 173.997 174.933 175.121 178.673 181.719 182.878 186.395 190.413 192.273 191.578 192.444 194.417 195.659 195.974 196.372 197.144 198.115 197.549 194.774 193.640 194.278 194.248 197.256 199.422 198.505 196.455 192.803 194.046 192.026 193.465 200.712 202.840 197.740 194.269 197.036 203.596 204.975 207.926 211.646
161.969 159.272 159.798 161.431 158.522 162.569 162.766 165.423 168.732 164.183 164.692 162.924 163.096 167.129 172.704 174.224 172.171 175.513 178.489 177.601 180.849 182.721 181.814 181.098 178.762 171.286 168.429 170.717 171.698 172.983 176.054 176.676 183.490 188.245 191.229 192.274 191.768 190.856 194.576 195.403 195.711 195.962 196.346 197.219 197.808 197.286 193.830 192.596 192.391 192.656 197.678 199.229 197.872 195.636 195.542 198.693 199.862 201.965 199.958 196.833 201.297 203.443 198.522 195.868 198.111 205.853 211.365
159.810 156.903 162.218 166.758 166.351 163.354 160.415 160.626 161.151 160.203 158.470 163.089 166.388 168.108 165.382 168.919 170.231 171.375 174.556 176.368 180.139 180.485 178.162 172.641 170.808 172.989 168.765 173.247 169.152 171.665 177.392 180.035 185.934 190.867 192.827 192.161 191.145 192.524 195.510 195.977 196.136 196.937 197.166 198.064 197.662 196.980 192.375 193.442 188.827 195.343 198.001 196.871 194.272 193.798 195.744 199.783 202.703 203.530 203.839 198.558 189.775 192.033 202.835 198.420 191.121 201.568 210.585
