tests/3D/PSQL_test/output_maps/snowdepthN0028.asc
ncols         295
nrows         180
xllcorner     627200.000000
yllcorner     5109000.000000
cellsize      200.000000
NODATA_value  -9999.0
[rows 58 to 86 of 180, columns 134 to 200 of 295]
177.623 178.511 176.180 176.554 177.949 179.324 178.341 177.744 177.532 176.241 175.998 175.764 175.414 174.891 173.167 170.813 169.361 166.251 164.092 162.861 155.517 145.561 144.356 147.446 159.520 166.222 167.129 164.829 172.518 176.784 176.984 173.448 174.065 173.309 172.422 175.338 178.639 180.439 178.017 174.882 175.106 175.127 171.900 171.076 176.628 182.123 185.918 187.870 186.373 188.388 190.269 190.136 191.615 192.340 192.741 194.468 194.843 188.394 183.699 187.935 190.537 182.019 185.641 194.703 189.959 181.010 173.439
183.249 185.585 182.667 173.933 171.672 178.549 177.615 177.212 176.548 175.952 176.574 176.430 175.120 174.457 173.493 170.552 168.740 167.886 163.566 163.724 159.458 147.470 142.614 142.713 156.840 164.534 166.529 163.858 169.940 174.883 173.863 170.727 172.919 171.842 173.274 175.420 176.105 176.736 177.770 178.127 179.455 181.546 181.890 180.542 176.822 176.778 183.684 187.742 187.667 188.072 189.771 190.002 190.820 192.194 192.358 193.454 195.997 195.518 193.995 187.696 192.565 183.684 178.029 192.739 201.437 199.670 192.767
184.151 189.213 183.463 174.335 169.045 176.220 177.728 176.676 176.022 175.625 176.534 177.225 176.126 174.781 174.403 172.089 169.798 168.301 164.848 163.672 161.811 150.080 145.707 141.520 157.915 164.345 165.990 165.421 166.642 172.652 169.931 170.375 171.596 173.645 175.798 178.628 177.385 178.258 177.261 174.653 177.298 178.714 176.639 177.136 181.000 179.635 178.232 180.682 185.297 188.264 189.128 189.877 190.865 191.615 191.793 193.355 195.441 195.912 197.362 194.919 194.022 188.184 181.238 191.566 199.749 202.731 200.561
169.298 179.444 178.315 171.863 171.828 175.119 176.851 174.722 175.073 174.524 175.600 177.530 177.085 174.699 173.387 171.415 169.989 165.999 164.657 162.904 161.342 150.358 143.992 149.232 159.777 165.370 166.067 166.737 166.751 170.306 170.624 171.049 171.435 174.669 177.758 179.787 179.690 179.397 180.288 181.927 183.215 185.334 185.330 184.604 180.990 184.213 182.591 175.878 183.218 187.614 189.436 189.690 190.586 191.609 192.501 193.303 194.452 195.524 197.419 196.762 194.063 194.188 185.848 188.114 195.864 201.816 202.576
168.494 160.782 158.490 164.183 173.577 176.740 174.968 173.561 173.658 173.130 173.691 177.272 177.840 175.103 173.075 172.482 169.595 168.164 164.486 162.729 156.828 148.132 143.826 151.763 161.359 164.844 165.692 166.480 168.333 170.851 170.545 171.951 173.050 174.506 176.634 179.752 181.611 181.603 182.103 183.005 183.768 185.682 186.398 186.541 186.484 184.910 182.935 179.564 182.432 185.542 189.145 189.942 190.738 191.465 191.721 191.881 194.277 196.332 197.415 196.714 193.890 195.654 192.499 187.409 193.072 199.598 201.710
159.469 156.868 150.683 158.461 171.934 177.574 174.983 172.488 172.987 172.124 172.085 175.979 177.685 176.184 172.511 172.180 169.391 167.607 164.820 164.733 152.677 140.319 147.709 154.497 161.734 163.918 165.339 166.021 168.487 169.107 169.862 172.742 173.662 174.797 176.755 180.080 181.197 181.023 181.508 182.478 183.862 184.561 185.651 186.202 186.405 187.122 185.057 182.963 183.445 185.608 189.064 189.756 190.598 190.786 191.098 192.072 194.173 196.335 197.048 197.200 197.186 193.820 196.446 187.801 192.998 198.681 200.857
139.427 157.976 161.057 160.232 167.423 174.975 174.179 172.443 171.375 170.178 169.571 172.644 175.102 175.678 172.490 171.798 168.585 166.736 165.157 162.726 150.717 146.830 139.465 153.936 159.320 162.489 164.278 165.304 167.208 169.348 171.395 174.066 174.085 175.330 177.144 179.196 180.878 180.554 180.919 182.251 183.550 183.436 185.010 185.561 186.053 186.483 184.630 183.910 186.183 186.976 188.411 189.175 189.584 190.024 191.101 192.521 193.419 195.964 196.306 197.639 198.720 195.616 196.696 189.711 194.102 198.048 200.014
146.769 170.098 164.802 167.031 165.754 170.614 173.023 172.753 171.069 167.472 166.747 169.370 172.429 174.328 172.795 171.101 168.422 166.930 165.041 157.875 151.242 144.855 147.294 152.646 160.507 161.696 163.093 164.071 166.301 168.279 172.378 174.451 174.733 174.060 176.495 179.498 180.828 180.313 180.947 182.189 182.980 182.977 184.624 185.746 185.364 185.314 184.204 187.803 188.631 187.169 187.036 189.288 190.295 190.656 191.514 192.420 193.352 195.359 196.522 198.643 198.478 196.082 196.756 193.195 195.238 198.156 199.612
170.137 167.443 158.436 162.094 164.836 165.155 167.272 171.811 171.605 168.195 164.026 167.073 171.013 172.605 172.348 170.809 168.339 167.149 165.580 158.109 155.504 142.920 139.298 147.619 159.033 160.012 161.814 164.006 166.003 168.201 171.590 173.505 173.848 173.954 175.549 181.452 180.726 180.158 181.023 181.678 181.522 181.613 184.059 185.562 185.538 184.088 182.609 188.319 189.346 187.558 188.715 191.331 191.423 190.516 191.433 192.238 193.045 193.984 195.936 198.257 198.328 197.158 196.994 195.905 196.660 195.956 196.465
164.198 171.641 161.674 158.939 163.381 163.124 161.829 164.512 167.821 165.782 162.679 164.165 166.720 169.547 170.873 170.900 168.821 167.248 167.002 160.048 156.565 150.675 144.034 143.824 157.605 154.261 159.310 163.103 165.544 168.248 170.325 171.872 173.502 174.157 177.420 179.882 179.225 180.344 181.272 181.405 180.668 180.878 183.597 185.817 185.492 183.886 183.152 187.385 188.350 187.533 189.251 189.331 188.349 189.359 190.939 191.869 192.516 192.722 194.275 196.894 197.813 198.242 197.547 197.022 197.406 197.241 196.226
151.498 182.451 158.232 164.746 162.861 162.899 162.978 163.285 159.380 161.160 156.002 156.637 157.877 162.968 166.448 167.907 169.473 166.832 167.346 161.157 155.122 145.242 141.381 140.363 147.307 152.029 157.637 161.617 164.438 166.309 169.054 172.746 173.450 175.747 178.728 177.495 177.691 179.825 180.609 180.517 178.446 182.781 184.982 185.851 184.958 183.554 183.128 184.025 184.789 185.478 188.752 185.085 183.130 189.162 191.143 191.672 190.460 188.997 189.835 188.278 191.295 196.614 197.305 196.800 197.340 196.785 196.742
151.656 189.352 160.168 167.353 165.129 159.808 163.064 163.052 158.126 156.607 153.022 155.536 155.999 158.012 160.719 161.978 169.510 165.932 166.042 161.952 159.193 155.080 144.418 139.689 139.030 150.044 157.207 160.059 163.172 165.130 167.399 173.017 175.985 177.787 177.655 177.312 176.696 178.642 181.956 181.724 181.840 184.862 184.187 184.558 183.905 182.918 183.570 183.968 183.725 187.064 184.987 180.814 176.179 183.809 181.301 179.523 173.773 172.037 170.681 168.648 173.215 186.180 192.192 193.155 196.167 196.786 197.262
157.406 188.773 167.231 172.037 169.683 168.434 169.349 165.385 160.174 160.755 161.358 161.254 157.942 152.994 155.913 152.029 166.630 164.687 165.008 161.778 160.298 159.744 152.147 142.867 137.677 144.057 153.930 159.946 161.740 164.644 165.082 172.083 176.745 177.478 175.812 175.383 177.031 178.515 182.418 183.184 182.938 184.041 183.037 182.554 182.640 182.478 182.638 183.743 184.370 178.658 173.683 176.729 173.245 165.691 164.567 159.959 156.836 164.121 173.947 176.853 177.284 177.309 179.874 184.009 192.304 196.580 197.154
169.335 188.368 171.659 173.210 172.684 172.761 171.774 171.601 172.347 169.887 169.541 167.198 157.505 153.422 149.413 151.070 162.861 162.402 162.457 161.982 159.904 160.016 158.153 144.303 140.325 144.271 153.976 160.882 161.324 163.877 163.271 169.013 176.338 174.971 174.091 173.527 177.173 180.539 181.885 182.720 182.673 183.515 182.014 181.548 182.213 181.412 181.620 182.882 179.410 167.910 169.947 173.118 168.121 160.667 162.262 169.488 173.996 175.900 179.829 178.169 186.976 190.192 185.499 178.343 180.358 188.385 194.133
182.877 183.194 173.525 174.638 173.187 175.223 173.812 172.286 170.199 169.547 169.100 168.200 166.168 157.565 150.457 150.474 156.204 161.081 156.955 161.339 160.240 159.845 160.545 145.954 144.049 145.042 152.764 160.856 162.396 163.457 164.311 168.060 175.256 174.297 173.013 173.469 178.391 179.689 178.262 180.806 181.746 182.479 180.536 180.780 180.694 180.109 180.730 175.349 172.847 169.773 170.033 168.524 169.414 175.733 178.443 169.880 149.946 159.659 175.505 180.799 183.743 184.461 187.298 187.364 185.379 187.618 189.009
183.947 169.554 170.635 175.899 173.896 177.379 175.330 171.377 170.165 169.168 168.081 167.022 163.481 161.203 159.240 149.157 149.247 152.286 147.834 155.674 159.144 159.257 163.596 151.551 147.037 147.535 154.274 158.373 160.230 162.277 165.341 167.125 171.299 173.890 172.677 174.523 177.453 177.803 178.987 179.999 180.706 177.801 178.422 179.467 179.124 181.597 175.585 171.175 169.195 172.230 176.356 174.715 178.887 177.443 169.083 161.620 164.522 182.183 190.536 191.216 189.990 188.230 184.075 178.843 181.027 187.860 189.977
182.100 160.410 164.002 173.671 175.379 177.207 175.315 171.454 171.386 169.768 168.761 168.066 165.323 158.048 149.566 154.645 144.939 143.814 142.897 143.761 152.602 158.062 161.692 152.205 142.070 146.629 152.095 155.603 159.647 160.830 161.633 166.789 166.451 169.926 173.099 174.657 176.760 178.607 180.870 181.945 177.644 175.472 178.411 177.553 180.046 176.904 174.068 178.794 175.886 169.851 161.933 161.031 168.737 177.856 166.683 163.666 172.268 185.559 188.606 188.141 184.300 186.729 185.898 181.414 181.230 182.799 185.638
182.750 155.885 158.179 172.104 175.234 178.163 175.847 172.598 172.480 171.021 169.595 168.976 167.958 159.557 151.877 156.312 149.016 145.882 144.930 143.847 150.924 158.372 157.261 152.858 139.368 147.028 152.033 155.574 157.905 160.373 159.755 165.511 163.217 167.745 173.117 174.556 175.181 178.545 180.856 180.053 173.111 175.450 176.762 178.825 180.568 173.614 173.430 174.207 168.666 162.398 165.423 175.963 177.386 175.964 173.973 161.642 170.821 182.738 181.769 180.884 180.563 185.674 185.099 183.219 183.685 183.962 186.818
187.768 153.775 149.318 162.355 171.373 177.489 175.303 172.860 174.367 170.989 170.129 169.727 169.117 164.785 156.810 163.435 161.190 155.856 150.855 145.599 148.889 156.494 157.205 150.721 144.940 143.598 151.997 156.453 156.653 157.376 160.459 158.812 161.393 165.701 173.327 174.574 173.942 177.690 179.479 177.311 170.699 173.573 174.242 178.077 175.918 171.654 168.856 172.446 178.473 175.869 178.338 183.099 183.671 175.711 181.439 165.006 166.095 180.009 179.519 178.063 179.174 181.370 182.029 180.060 183.140 195.410 200.640
194.417 166.347 156.891 156.108 163.970 181.796 181.031 173.155 175.062 172.166 170.368 170.726 169.858 167.632 164.280 161.965 163.402 161.061 156.699 148.103 142.594 155.096 155.739 147.903 139.544 149.136 153.152 156.087 155.968 155.896 160.336 157.787 158.470 164.539 172.977 172.971 173.228 176.324 177.140 173.663 170.954 173.534 174.186 177.411 171.763 171.664 163.967 170.048 178.214 179.012 182.309 183.566 182.481 177.150 171.821 181.013 168.002 166.480 170.079 177.381 186.681 190.332 189.632 188.523 200.638 189.370 170.157
199.788 180.411 176.206 164.702 155.707 174.287 177.343 174.289 176.314 173.410 171.363 171.245 170.003 168.109 167.369 166.994 166.453 163.720 162.691 149.931 146.387 153.239 151.557 137.595 150.189 152.449 154.872 155.953 155.708 156.283 159.349 155.545 157.358 164.859 170.193 170.943 173.958 176.271 175.131 173.746 169.958 171.440 170.098 169.699 172.998 170.144 165.640 171.350 177.967 179.917 181.629 181.192 174.426 174.957 166.235 169.105 180.812 172.209 164.232 164.732 171.547 177.820 191.159 199.573 161.518 143.318 155.497
196.927 182.205 182.780 178.882 162.534 161.408 167.615 170.970 175.926 174.306 172.822 171.772 169.619 168.498 167.392 168.958 168.285 167.261 166.961 161.534 156.937 155.313 136.232 146.691 142.065 150.756 154.827 155.474 155.293 155.344 154.459 156.259 159.431 162.758 164.408 167.994 174.952 175.303 173.646 173.365 169.565 170.273 168.220 168.315 165.217 167.114 171.146 175.519 178.649 177.408 175.886 174.067 168.676 172.836 171.788 161.063 171.785 179.101 179.689 176.028 175.444 172.201 181.006 170.653 127.944 138.536 150.974
192.316 179.060 182.550 186.060 178.292 171.597 157.669 158.777 172.135 174.248 173.705 172.634 170.033 168.362 167.277 168.502 168.344 168.561 169.795 166.007 157.638 154.057 149.703 138.888 140.469 148.059 154.774 154.855 154.400 149.921 154.828 155.003 154.208 160.121 162.953 167.143 175.393 172.221 169.292 168.319 165.957 169.414 170.573 166.270 166.662 169.769 173.325 178.338 177.090 171.055 169.010 168.773 173.638 177.001 179.273 168.575 164.891 166.628 169.348 181.390 179.178 176.830 194.524 164.768 137.086 163.212 166.631
191.311 177.408 182.833 188.921 186.535 186.652 162.224 149.949 169.024 173.918 173.822 173.045 170.521 168.327 167.635 167.839 168.163 170.341 171.573 166.037 158.065 155.067 149.818 138.060 137.647 145.329 154.306 154.519 153.164 147.465 151.571 155.097 153.822 158.532 160.169 167.663 174.967 164.984 163.502 164.944 164.238 162.539 162.759 163.797 170.965 175.381 178.170 180.518 174.226 165.807 166.108 165.852 170.457 173.886 175.647 176.995 161.562 159.665 162.945 170.460 175.136 189.374 190.045 157.521 152.345 167.105 179.187
190.285 177.902 182.891 190.014 192.033 190.903 161.314 143.206 166.333 173.462 173.875 173.523 171.710 168.967 167.697 167.453 167.466 169.630 172.068 166.595 156.459 153.001 149.158 146.792 138.825 150.100 154.101 153.068 151.924 148.010 152.696 153.095 155.771 157.523 159.603 166.403 171.566 158.610 155.143 158.172 159.892 159.424 161.030 163.220 168.792 173.301 177.110 179.739 172.638 167.270 172.494 176.928 178.336 177.730 176.710 183.350 175.006 173.039 186.738 190.307 195.044 193.147 165.564 155.098 157.177 174.008 174.727
187.252 177.631 187.718 191.701 195.654 195.563 161.181 139.530 165.965 173.986 173.822 173.394 172.370 169.685 167.875 167.674 168.171 168.630 169.911 166.803 155.823 151.190 146.083 138.967 142.722 152.414 153.693 151.710 143.520 152.335 154.501 154.642 157.976 157.411 160.139 166.507 165.876 155.145 154.481 156.227 169.607 170.753 171.285 171.361 169.832 169.087 173.166 179.942 175.195 170.074 167.043 172.299 176.492 179.630 188.262 197.074 197.016 189.650 175.278 161.006 163.581 169.824 165.009 173.994 173.944 179.312 177.232
187.195 182.577 191.174 193.818 198.253 198.054 159.267 138.016 165.168 174.263 173.503 173.257 172.142 169.671 168.353 167.917 168.267 168.108 167.834 166.249 155.593 150.179 143.443 133.635 142.805 152.533 152.748 150.377 144.005 151.687 153.836 153.991 155.923 154.722 160.823 162.990 158.712 154.233 148.567 159.084 171.172 173.233 173.259 173.692 169.533 170.511 176.020 173.711 171.528 175.938 177.634 173.965 167.116 170.150 193.444 172.019 151.391 149.487 149.281 153.098 163.597 177.020 180.853 185.559 179.104 175.031 177.598
189.582 188.371 196.320 195.681 198.875 198.430 160.145 136.410 163.481 174.631 174.595 173.899 172.106 169.749 169.078 168.657 168.730 167.307 165.303 162.610 152.667 148.333 142.479 133.337 140.143 151.379 151.907 146.347 146.384 150.577 152.484 153.483 153.259 153.584 162.459 157.753 148.100 147.551 153.987 163.859 168.594 174.590 175.552 172.808 170.859 172.102 174.505 166.417 165.056 168.541 165.318 170.746 167.462 177.875 182.606 145.958 146.957 159.942 167.057 172.699 176.169 184.940 189.548 187.377 181.314 173.450 175.126
190.007 192.871 198.466 197.031 200.427 201.308 163.357 137.087 163.015 174.832 176.079 174.089 172.026 171.015 169.042 168.795 168.518 165.950 161.894 158.397 151.461 145.793 139.992 136.045 139.792 150.912 150.044 140.847 142.368 149.973 148.790 151.883 153.023 153.299 158.762 150.184 149.748 155.771 165.895 169.035 172.354 176.132 177.355 173.907 175.689 177.940 179.132 173.845 169.771 173.918 174.057 173.215 176.029 195.123 167.510 156.453 172.962 174.315 178.519 180.223 173.053 177.332 188.429 187.095 184.390 176.809 172.760
