tests/3D/PSQL_test/output_maps/SWEDENSITYN0032.asc
ncols         295
nrows         180
xllcorner     627200.000000
yllcorner     5109000.000000
cellsize      200.000000
NODATA_value  -9999.0
[rows 87 to 115 of 180, columns 67 to 133 of 295]
124.362 124.315 125.207 123.249 123.137 123.488 123.680 124.687 125.361 125.698 126.313 127.539 128.627 129.456 129.498 130.557 132.455 133.749 130.469 128.116 126.778 123.834 123.095 124.456 124.837 121.206 119.452 120.149 118.288 117.257 118.042 119.265 120.246 121.171 121.377 121.646 120.049 118.782 119.682 121.461 122.045 121.262 119.404 120.506 123.019 125.472 127.056 128.318 129.042 130.303 132.302 134.452 134.756 136.308 138.746 140.514 139.956 136.200 132.530 129.041 125.382 126.585 127.843 128.299 128.914 129.134 129.392
124.208 124.691 124.570 122.782 123.646 123.173 123.650 124.645 125.243 125.174 126.014 127.784 128.736 129.172 129.703 131.528 132.914 132.220 127.965 126.769 124.618 121.239 121.380 120.874 120.950 122.031 119.656 119.822 119.372 118.600 119.078 119.298 120.894 120.842 121.242 121.136 119.284 120.221 120.658 120.759 120.360 120.944 122.554 122.338 123.781 125.689 127.253 128.256 129.210 130.111 132.350 136.068 137.621 138.476 139.599 139.847 137.876 133.816 129.943 125.975 124.491 126.513 127.386 128.144 128.580 128.988 129.953
124.162 124.592 124.053 123.307 123.211 123.229 124.299 125.131 124.957 125.390 127.099 128.267 128.921 129.228 129.790 131.713 133.145 129.233 127.540 125.225 121.907 120.744 121.981 122.356 121.053 120.396 119.940 120.624 119.704 119.209 119.310 120.642 120.186 119.932 120.429 120.366 120.442 120.185 120.596 119.717 119.511 120.143 120.665 123.492 124.760 126.370 127.996 129.093 130.215 130.783 132.145 136.019 138.681 139.044 138.899 138.773 135.961 131.732 126.564 121.597 124.362 126.456 126.647 127.808 128.355 128.963 130.442
123.920 124.506 124.122 123.820 123.237 123.839 125.298 126.671 126.525 126.650 127.997 128.533 129.080 129.499 130.321 132.050 132.535 128.213 128.569 126.018 121.695 121.113 120.306 120.757 119.768 120.213 120.214 120.312 118.171 117.731 118.557 119.899 118.336 118.333 119.467 119.349 119.296 118.305 120.969 118.167 118.023 120.717 121.475 123.950 124.346 126.647 128.801 129.903 130.317 130.538 132.556 137.468 138.826 138.351 138.012 136.771 133.439 128.875 122.135 121.468 126.115 126.351 126.466 127.560 128.310 128.974 130.633
123.520 123.549 123.685 124.249 123.942 124.475 125.286 126.522 126.707 127.426 128.276 129.310 129.860 130.188 131.029 132.090 132.339 128.960 129.409 128.370 125.492 124.016 123.892 123.355 120.622 118.452 118.785 119.821 117.747 117.750 118.497 118.981 119.121 118.371 117.736 119.377 117.333 116.636 122.068 120.919 121.093 122.692 124.320 125.120 126.337 127.987 129.340 130.248 130.179 129.695 134.010 138.219 137.875 137.025 136.164 135.077 130.876 123.428 119.398 125.031 125.660 126.365 127.195 127.764 128.409 129.164 131.267
122.742 122.261 122.710 123.312 123.687 124.400 125.630 126.123 126.153 127.265 128.314 128.336 129.144 130.176 131.000 131.609 132.556 127.927 128.117 128.346 128.144 127.662 127.566 125.465 122.766 121.566 120.574 119.788 118.419 118.476 118.617 119.198 119.519 119.279 118.432 119.297 119.760 118.643 122.321 123.039 123.237 124.044 125.392 126.654 127.977 129.270 129.879 130.169 129.953 131.415 135.470 137.966 137.284 136.681 136.218 133.846 129.178 121.401 124.442 126.055 126.212 127.261 127.573 127.690 128.467 129.938 131.785
122.371 122.752 122.882 123.492 123.998 124.626 125.723 126.195 126.247 127.379 128.383 128.335 129.117 130.109 130.829 131.118 132.688 128.078 126.543 125.618 124.662 123.685 122.781 121.427 121.053 122.427 118.338 119.066 119.411 119.189 119.452 119.163 119.373 120.052 121.058 121.153 122.224 120.316 122.373 123.915 124.299 124.830 125.918 127.162 128.978 128.896 128.176 131.164 131.223 133.480 136.681 137.834 137.186 136.891 135.883 133.231 128.143 123.600 126.663 126.565 127.004 127.563 127.543 128.125 129.135 130.108 131.920
122.567 122.452 123.152 123.786 124.142 124.827 125.786 126.508 126.820 127.636 128.478 128.593 129.419 129.973 130.229 131.085 132.590 128.250 125.883 124.963 122.060 120.172 120.341 116.210 117.908 123.401 119.226 117.786 119.396 118.722 118.622 118.454 118.714 119.351 120.600 119.636 122.616 123.455 124.262 125.256 125.694 126.342 127.604 128.510 130.189 131.508 132.335 133.381 134.368 135.229 136.325 137.603 137.327 135.986 134.418 131.747 126.375 125.178 127.836 127.331 127.809 128.114 128.600 129.293 130.097 131.198 133.257
122.165 122.514 123.390 123.733 124.056 124.514 125.439 126.473 126.871 127.848 128.338 128.588 129.404 129.736 129.602 130.789 132.585 128.521 125.935 124.780 121.306 119.864 119.435 119.082 118.359 120.881 121.078 117.033 118.677 117.740 117.652 117.697 117.534 118.417 119.833 116.769 121.861 125.930 127.181 127.518 127.491 127.640 127.867 128.607 130.008 133.141 133.715 134.253 134.724 134.921 135.234 137.189 135.929 133.864 132.255 129.656 124.999 127.095 128.064 128.610 129.316 129.821 130.494 131.366 132.160 132.183 132.653
123.557 123.286 123.326 123.672 124.235 124.641 125.119 125.930 126.831 127.862 128.267 128.615 129.497 129.501 129.313 130.863 132.360 128.223 124.988 124.788 121.473 119.424 119.716 117.078 117.037 117.588 122.753 118.783 117.738 116.747 117.757 117.745 117.037 118.395 118.632 118.052 121.456 124.864 126.470 127.153 127.464 127.943 128.003 127.773 129.248 133.103 134.047 134.086 134.970 135.558 135.304 136.830 133.884 131.437 131.716 128.942 125.595 128.298 128.422 128.629 129.751 130.784 131.028 131.271 131.350 131.679 132.292
125.119 124.596 124.261 124.097 124.243 124.568 125.314 125.943 127.006 127.570 128.251 128.744 129.031 129.474 129.399 130.833 132.047 128.845 126.460 125.172 123.078 121.003 117.828 116.000 117.159 110.860 119.259 119.837 120.681 118.088 117.545 117.687 117.345 117.824 118.603 120.440 122.716 124.302 125.199 126.363 126.013 127.954 128.456 128.041 129.366 132.885 134.179 134.425 135.187 135.884 135.953 136.267 133.397 130.770 131.108 128.556 125.435 127.833 128.179 128.639 130.014 130.644 131.095 131.372 131.664 131.723 132.015
125.377 125.519 125.364 125.339 125.487 125.607 125.937 126.514 126.882 127.573 127.893 128.793 129.050 129.451 129.490 130.906 131.642 129.549 127.014 124.962 122.784 120.488 116.959 113.992 116.678 115.257 118.286 115.630 116.679 118.049 118.275 117.742 116.443 118.750 119.721 121.982 123.761 124.558 125.437 126.059 125.650 126.921 130.024 128.922 130.384 133.051 134.474 135.032 135.248 135.343 135.100 134.916 132.929 130.125 129.347 127.739 126.130 127.829 127.923 128.770 129.785 130.660 130.921 131.178 131.791 131.628 132.006
126.123 125.992 125.893 125.754 125.802 126.174 126.507 126.796 127.049 127.473 127.945 128.674 129.095 129.261 129.831 130.841 130.335 128.658 128.426 126.271 124.130 120.698 117.872 113.391 115.276 118.042 117.393 116.276 115.277 116.882 118.074 116.507 114.809 119.506 122.118 123.490 124.131 124.696 124.934 125.818 125.778 127.119 130.599 131.333 131.929 134.071 134.568 135.510 135.643 135.579 135.047 134.908 132.184 129.186 128.055 127.458 127.310 127.826 128.031 128.454 129.507 130.218 130.751 131.105 132.609 132.897 132.742
125.400 125.920 126.057 126.124 126.538 126.977 127.140 127.313 127.343 127.567 128.019 128.719 128.989 129.665 130.101 130.964 128.399 126.154 126.581 127.282 126.127 123.606 119.837 116.792 114.910 117.232 116.122 116.884 116.987 114.447 115.668 115.525 115.542 120.044 123.200 124.049 123.961 124.689 125.370 126.389 127.313 128.569 131.361 133.306 133.938 135.016 134.978 135.585 135.626 135.536 135.248 133.837 131.465 128.565 126.335 126.532 127.809 128.019 127.963 127.960 129.085 129.887 130.675 132.807 134.705 135.706 136.076
124.438 124.757 125.106 125.465 125.665 126.184 126.613 126.758 127.326 127.815 128.232 128.720 129.093 129.738 130.324 129.412 127.002 124.016 123.379 124.802 126.012 124.862 122.998 118.164 110.963 113.945 116.609 116.779 116.718 117.624 118.886 120.381 120.737 121.763 123.397 124.007 124.924 125.118 125.859 127.794 130.163 131.507 132.765 133.792 134.777 135.207 135.588 135.643 135.318 133.982 133.257 131.578 130.572 127.744 125.418 126.825 127.493 127.888 127.668 128.203 129.889 131.325 132.409 132.887 132.442 132.707 134.978
124.207 124.135 124.422 124.469 124.707 125.090 125.985 126.030 126.943 127.855 128.189 128.695 129.466 129.970 129.732 128.274 125.774 122.701 121.152 121.870 124.685 123.809 121.729 119.411 117.555 114.086 115.075 116.691 116.868 115.631 118.762 120.249 121.564 123.209 124.436 124.661 124.780 124.900 126.706 129.512 132.478 133.301 133.251 133.429 134.872 135.165 135.466 134.858 134.116 133.136 132.855 130.832 129.247 126.320 124.683 126.779 127.012 127.979 128.671 129.562 129.853 130.373 130.932 131.078 131.555 132.004 133.400
124.007 123.756 124.126 124.111 124.243 124.743 125.473 125.696 126.891 127.710 127.875 128.481 129.564 129.451 128.851 127.396 123.991 120.861 120.909 119.996 122.188 122.477 119.778 113.920 116.261 116.014 117.182 116.474 114.396 117.391 117.476 119.700 120.934 121.542 124.094 126.390 126.901 127.466 128.737 131.537 133.006 133.354 133.186 132.717 133.295 134.336 134.341 132.334 132.737 132.441 131.317 130.078 128.456 125.550 125.302 126.608 126.635 128.197 129.061 128.801 128.896 129.079 129.993 130.610 130.676 132.713 134.456
123.525 123.526 123.616 123.611 124.089 124.586 125.447 125.980 126.979 127.590 127.908 128.777 129.142 128.725 127.936 126.592 124.008 121.162 120.863 121.860 120.270 122.328 117.745 111.935 113.282 114.583 117.156 115.263 114.208 116.463 119.508 120.701 121.709 122.509 124.062 127.093 127.646 126.574 130.593 131.578 132.456 132.716 132.872 132.693 132.264 133.984 131.962 132.005 132.376 132.122 129.935 128.989 128.079 125.718 125.922 126.587 127.216 128.101 127.604 127.403 127.774 128.548 129.247 129.858 130.168 132.471 135.749
123.302 123.665 123.284 123.933 124.250 124.693 125.453 126.174 126.923 127.556 127.991 128.857 128.616 128.086 127.345 125.928 123.826 121.974 121.601 122.519 122.827 121.323 114.206 109.327 114.317 116.327 115.053 115.601 118.862 119.035 120.900 122.805 121.013 121.589 123.828 125.816 125.990 128.154 130.612 132.013 132.832 132.255 132.042 132.678 131.823 131.494 130.048 130.481 130.957 131.740 129.893 128.532 127.243 125.962 126.607 127.100 127.126 126.857 126.338 126.741 127.253 127.566 128.437 130.029 131.424 133.152 136.892
123.382 123.459 123.722 124.158 124.516 124.889 125.556 126.390 127.028 127.584 128.088 128.655 128.081 127.740 127.127 125.282 123.649 121.693 120.504 119.891 118.776 118.441 115.845 114.809 114.705 115.912 112.097 118.076 117.986 114.055 116.341 119.392 118.530 120.041 122.307 123.852 125.764 129.979 130.637 132.261 132.740 132.406 131.682 131.162 129.607 127.721 127.292 129.257 129.452 130.733 130.282 128.539 126.817 126.090 126.794 126.589 125.727 125.667 126.048 126.278 126.487 127.154 128.558 130.427 132.621 135.295 138.544
123.663 123.750 124.010 124.317 124.506 124.842 125.838 126.507 127.086 127.494 128.112 128.184 127.983 127.381 126.918 125.216 123.295 121.188 119.978 118.814 118.604 119.165 117.562 114.736 113.796 115.270 113.727 118.930 113.356 111.927 109.983 115.913 119.687 120.201 122.167 123.798 127.370 130.606 130.470 132.920 131.525 130.510 129.944 129.425 127.288 125.925 127.661 128.191 127.940 128.599 129.785 128.571 126.364 125.261 125.626 125.109 124.536 125.054 125.505 125.638 126.923 127.522 128.818 131.235 134.793 137.181 135.763
123.748 123.870 124.363 124.658 124.680 125.138 126.040 126.647 127.227 127.124 127.904 127.967 127.866 127.183 126.659 125.469 123.599 121.669 120.164 118.150 116.548 118.413 117.511 115.527 114.704 115.447 117.250 115.652 114.763 114.982 113.409 111.458 118.105 122.399 123.393 125.297 128.166 130.410 130.725 130.476 127.377 126.694 126.971 127.399 126.509 126.869 127.301 127.144 126.709 126.012 128.013 128.103 125.910 124.548 124.868 124.214 123.795 124.523 124.496 125.183 126.634 127.483 130.174 133.549 135.128 134.080 132.977
123.462 123.853 124.541 124.895 124.982 125.486 126.277 126.725 127.070 127.095 127.481 127.842 127.494 127.098 126.745 126.750 125.283 123.472 121.568 120.088 119.609 120.251 118.372 114.885 113.945 114.723 116.730 115.029 115.634 113.785 114.012 111.537 117.591 121.706 123.447 125.629 128.928 130.428 129.306 127.852 127.819 128.058 127.890 127.801 127.216 126.471 126.007 125.612 125.437 125.104 127.293 127.813 126.361 123.838 123.782 123.361 123.251 123.689 123.900 123.662 125.552 129.321 133.082 133.134 132.084 130.827 131.660
123.663 124.020 124.656 125.090 125.195 125.943 126.353 126.781 127.099 127.375 127.746 127.620 127.067 126.695 126.113 125.772 125.655 125.736 124.809 123.184 121.387 121.594 120.458 118.806 117.944 117.125 115.610 114.543 113.269 113.676 113.020 116.843 120.386 122.646 123.357 125.808 129.706 130.077 129.487 128.614 128.372 127.892 127.732 127.610 126.888 125.780 124.448 124.154 124.624 125.154 126.721 127.464 126.741 124.918 121.881 123.154 122.972 124.211 123.519 121.081 127.334 132.460 131.556 130.454 130.401 130.237 131.080
124.116 124.220 124.978 125.214 125.597 126.170 126.535 126.944 127.231 127.345 127.745 127.300 126.696 126.251 126.147 125.688 125.274 125.119 124.483 120.675 118.740 119.856 120.008 118.921 119.313 119.466 118.222 117.658 116.015 116.684 116.899 120.007 122.103 122.594 122.346 125.329 129.713 129.837 129.139 128.212 128.096 127.755 127.564 127.193 126.754 125.723 123.903 123.960 124.016 124.384 125.613 126.568 125.293 124.343 122.985 122.920 123.496 123.497 122.720 125.519 129.212 131.061 130.317 129.684 129.962 130.055 130.345
124.227 124.961 125.429 125.909 126.054 126.643 126.922 127.183 127.260 127.140 127.309 127.117 126.252 125.798 125.637 125.886 125.787 125.022 124.353 121.943 119.826 119.370 118.940 117.177 117.481 117.034 117.547 118.054 118.085 119.692 120.597 121.145 121.765 121.639 121.102 124.048 128.321 129.475 128.364 128.014 127.923 127.450 126.992 126.825 126.971 126.141 124.167 122.928 122.316 122.256 123.877 125.223 123.754 121.723 122.070 122.889 121.901 123.103 125.329 126.192 127.220 128.281 128.744 128.554 128.952 129.177 129.571
125.702 125.840 125.930 125.863 126.471 127.200 127.249 127.089 126.891 127.011 127.149 126.883 126.193 125.560 125.032 123.689 124.180 125.072 125.143 124.134 122.329 120.678 118.398 116.279 116.822 115.858 114.941 115.634 116.686 117.024 117.913 119.270 121.159 121.163 121.445 123.978 126.890 129.854 128.010 127.903 127.768 127.216 126.864 126.936 126.820 126.171 124.241 121.665 121.506 121.128 122.173 123.542 122.816 119.944 121.339 121.822 121.033 123.744 125.980 126.107 127.101 127.969 127.765 127.222 127.741 128.083 127.787
126.992 126.530 126.223 126.322 127.022 127.095 126.966 126.842 126.698 126.647 126.873 126.867 125.771 125.650 124.878 123.421 123.556 123.877 124.086 123.987 123.500 122.097 119.341 116.487 115.978 115.438 116.078 115.371 115.804 115.347 115.798 117.557 120.457 122.068 122.512 124.243 126.069 129.615 127.912 127.647 127.500 127.038 126.376 126.121 126.593 125.339 124.416 122.411 121.025 120.846 120.339 120.865 121.562 121.686 122.198 122.108 122.517 124.680 125.719 125.653 126.471 127.440 126.760 126.652 127.414 126.129 127.705
128.209 127.446 127.255 127.407 127.669 126.980 126.487 126.384 126.080 126.291 126.578 126.748 126.617 126.321 125.358 123.728 123.381 123.748 123.607 123.783 123.707 122.129 119.829 118.203 116.644 115.955 113.989 117.430 117.169 117.092 117.679 118.122 120.003 121.211 121.237 122.593 124.624 127.809 128.510 127.831 127.043 126.738 126.115 125.957 126.174 123.575 122.576 123.167 121.112 120.015 118.689 118.736 120.371 122.046 122.505 122.734 123.490 124.954 125.488 125.458 125.975 126.659 125.296 125.668 125.749 126.833 130.370
