tests/3D/PSQL_test/output_maps/SWEDENSITYN0044.asc
ncols         295
nrows         180
xllcorner     627200.000000
yllcorner     5109000.000000
cellsize      200.000000
NODATA_value  -9999.0
[rows 58 to 86 of 180, columns 67 to 133 of 295]
140.114 138.539 137.412 143.233 143.640 143.002 141.780 140.303 139.371 141.435 143.276 144.856 147.078 148.335 149.912 154.720 155.713 155.884 156.558 157.446 160.816 162.096 163.139 164.578 165.730 166.445 166.663 166.735 166.751 166.768 165.623 163.511 159.838 155.096 150.515 145.586 145.286 145.514 145.533 145.255 147.766 152.773 149.685 150.059 148.019 145.004 143.916 142.926 140.884 141.000 145.757 145.105 144.575 145.040 143.872 145.304 145.234 144.732 144.150 145.958 147.863 148.001 148.031 148.093 145.875 148.283 152.885
141.841 140.471 138.791 141.826 146.660 144.613 144.187 141.963 142.200 144.476 147.491 149.375 150.717 150.585 151.239 155.126 158.935 159.633 159.483 160.261 162.345 164.112 164.863 165.748 166.328 166.523 166.675 166.742 166.275 164.977 163.824 161.929 157.699 150.028 146.183 144.854 144.490 145.419 146.478 147.126 144.921 150.411 149.143 149.469 147.501 145.351 143.366 142.445 140.623 139.719 143.979 144.732 144.759 145.910 145.585 145.585 145.776 145.220 145.427 145.751 147.961 149.079 148.416 149.100 149.320 149.478 151.741
143.190 142.057 140.822 140.642 147.616 146.019 145.414 143.689 144.065 148.326 151.031 151.720 152.350 153.934 156.510 156.966 158.957 161.722 161.941 163.007 164.939 165.502 165.686 166.266 166.490 166.580 166.685 166.627 165.130 164.299 162.517 158.608 152.620 147.374 143.671 141.737 143.660 145.756 145.802 147.214 146.172 148.526 148.352 148.191 147.071 144.747 142.246 142.561 141.347 139.606 142.320 145.057 144.903 145.287 145.509 146.128 146.310 147.087 147.669 147.548 148.607 148.998 150.113 150.666 151.079 151.736 154.004
144.931 143.059 142.565 142.695 149.841 148.010 147.519 145.696 148.427 153.036 153.987 153.893 154.451 155.398 159.140 160.801 161.859 163.243 164.015 164.872 166.052 166.232 166.294 166.486 166.601 166.593 166.657 165.565 164.732 163.093 161.005 156.370 150.131 145.382 143.225 142.906 143.207 144.228 144.464 145.267 144.587 147.289 147.382 147.966 146.954 144.071 142.071 142.543 141.772 139.164 139.649 144.982 146.163 145.218 144.870 145.688 145.767 145.450 145.487 146.301 146.776 147.382 150.259 151.321 152.834 154.361 155.939
147.443 146.320 144.719 145.361 151.845 150.112 150.137 149.897 152.417 155.440 156.782 156.478 156.124 159.103 160.835 162.497 163.906 164.699 165.212 166.022 166.307 166.485 166.365 166.520 166.528 166.266 166.066 164.919 163.575 161.584 159.165 156.715 152.315 146.581 143.910 143.397 143.487 143.374 142.303 142.231 143.279 144.745 145.681 145.476 146.128 144.314 143.517 142.868 142.690 141.175 139.753 143.105 144.856 143.992 143.576 145.009 145.723 144.686 144.633 144.715 144.960 144.165 146.367 150.767 154.105 156.540 158.738
150.220 148.317 147.178 148.017 153.084 152.849 152.520 152.645 155.344 157.809 159.901 160.166 159.326 160.458 162.370 164.848 165.749 165.970 166.172 166.252 166.281 166.303 166.279 166.346 166.118 166.017 165.068 163.016 161.065 158.418 154.690 155.134 151.871 144.745 140.680 141.686 143.324 142.497 141.362 141.013 142.341 143.272 144.681 142.859 143.493 142.947 141.802 142.677 142.600 142.841 142.040 141.803 143.352 143.926 143.445 143.627 143.762 144.049 143.815 144.188 144.985 144.429 144.065 147.075 149.190 152.333 154.754
152.877 150.366 149.849 151.032 152.767 156.600 155.691 156.731 159.084 160.426 161.314 161.888 162.213 163.675 165.181 165.605 165.741 165.876 165.923 165.931 166.066 166.119 165.854 165.458 165.315 164.965 163.342 160.245 157.120 153.246 149.864 149.744 152.311 143.374 144.145 143.432 142.687 142.107 141.136 140.463 141.063 142.563 142.904 141.353 141.262 140.748 139.873 140.601 141.353 141.563 141.518 140.562 142.054 142.882 143.300 143.886 143.576 143.343 143.197 144.048 146.820 147.249 146.779 149.015 151.273 151.911 153.606
155.380 153.645 153.531 155.209 156.267 159.266 160.305 160.451 161.783 162.412 162.637 163.201 164.179 165.238 165.007 165.064 165.178 164.854 165.434 165.598 165.935 165.810 165.431 164.999 164.763 163.838 161.427 156.726 152.787 148.397 147.040 147.497 152.746 145.047 142.370 143.263 141.882 141.029 140.844 140.090 139.877 140.822 143.407 141.727 139.601 138.717 138.564 139.401 140.040 140.165 140.593 141.452 142.049 142.868 142.856 144.248 144.342 144.060 144.997 144.642 146.475 148.453 148.846 149.992 150.931 149.960 151.147
158.749 157.458 158.233 159.386 160.369 162.034 162.527 163.682 164.560 164.771 164.752 164.960 165.212 165.106 164.656 164.499 164.398 164.608 164.873 165.331 165.381 165.219 164.875 164.406 163.772 162.499 158.412 154.278 149.513 144.955 145.185 145.160 148.338 145.111 139.882 139.686 141.393 140.874 140.447 140.008 140.463 139.353 141.938 140.968 137.802 135.990 136.363 138.093 139.992 141.176 141.265 141.521 143.089 143.892 143.634 143.920 144.062 143.771 144.290 146.100 147.562 147.482 148.983 151.240 152.399 149.173 155.541
160.770 160.766 161.020 161.974 163.305 164.273 164.519 164.997 165.060 165.240 165.273 165.187 164.981 164.139 163.703 163.679 163.784 164.113 164.772 164.889 164.890 164.340 163.893 162.801 161.909 160.356 158.154 153.585 149.441 144.535 143.412 140.614 138.386 140.751 141.155 143.349 143.157 141.987 141.099 140.200 139.971 140.673 140.886 139.816 136.721 133.710 134.355 136.842 139.143 141.115 141.325 141.834 142.521 142.480 144.700 144.338 144.409 144.895 145.565 145.688 146.512 147.476 148.668 153.018 155.454 149.023 165.323
163.230 163.398 163.866 164.558 164.930 165.013 165.044 164.450 164.821 164.865 164.496 163.952 162.928 162.268 163.169 163.151 163.276 163.858 164.499 164.548 163.635 163.427 162.545 160.253 159.640 159.853 156.060 154.252 150.755 148.500 143.687 140.329 136.325 134.914 138.726 143.263 142.046 142.459 141.238 140.397 139.271 140.533 139.812 136.958 133.692 134.089 134.701 135.337 138.202 138.387 139.685 141.880 141.702 140.796 144.530 145.185 145.618 145.792 146.139 146.973 147.852 147.163 147.029 150.076 152.585 156.999 169.417
164.605 164.768 164.829 164.755 164.715 164.640 164.461 164.306 164.210 164.028 162.918 161.868 161.440 161.644 162.428 161.536 162.102 162.491 163.543 164.005 162.854 161.640 161.642 159.678 158.426 157.959 157.624 153.911 150.537 145.840 141.748 140.159 139.498 138.492 136.228 138.769 141.867 141.366 141.195 141.008 139.335 140.127 138.512 133.899 131.378 133.167 132.664 133.813 133.914 134.231 136.732 138.270 139.954 139.418 140.813 145.982 147.106 145.840 145.121 147.350 149.197 149.119 148.846 150.645 151.664 163.036 168.660
164.184 164.049 163.812 163.748 163.407 163.122 162.708 162.662 163.176 161.024 159.973 159.583 159.627 160.283 161.775 161.121 160.744 161.519 161.651 164.322 162.159 159.840 158.297 158.296 157.053 156.592 156.979 154.126 150.275 144.685 141.305 139.000 138.326 139.187 137.731 137.063 140.319 139.777 140.930 139.841 139.481 138.877 137.010 135.829 132.184 134.468 133.962 132.968 134.561 134.456 135.824 137.206 137.518 138.480 141.547 144.292 149.777 146.818 145.444 147.655 150.871 150.877 144.728 150.872 160.827 168.792 164.698
161.535 161.695 161.136 160.787 160.235 160.168 160.141 160.301 161.832 159.206 158.682 158.778 159.069 159.830 159.532 159.611 159.934 160.090 160.504 163.004 162.564 159.053 157.146 156.465 156.549 155.505 154.500 154.255 150.532 146.363 143.120 140.618 137.716 138.705 138.366 138.204 139.194 138.932 140.183 139.531 139.291 136.649 135.272 135.873 137.727 136.883 135.430 134.941 136.776 136.975 137.606 139.799 138.691 137.833 140.847 144.186 148.852 149.461 149.011 150.822 149.399 153.553 158.995 163.910 167.940 164.219 160.542
159.032 160.037 159.729 159.498 158.957 158.813 158.735 158.894 160.725 157.770 157.652 157.813 158.191 159.178 158.419 158.368 158.356 158.676 159.594 163.039 161.821 158.438 156.039 154.971 155.957 155.679 152.813 151.420 148.959 146.634 144.796 137.991 137.734 138.363 138.240 138.742 137.928 137.600 139.115 140.028 139.094 135.145 134.278 135.473 138.008 138.312 137.096 136.238 138.327 138.674 138.120 139.374 140.827 140.309 141.322 143.991 146.431 151.720 152.795 151.954 154.080 155.693 164.190 168.525 164.532 160.039 157.393
157.220 157.202 157.251 156.696 156.240 156.668 156.432 157.410 159.066 156.595 156.294 156.182 156.152 159.178 156.483 156.281 156.110 156.696 158.811 162.231 160.598 158.544 155.894 154.532 154.072 153.999 152.033 147.948 143.829 141.728 144.409 140.113 136.190 137.640 137.901 138.625 137.920 138.528 138.437 138.716 138.098 136.773 136.657 136.732 137.660 138.911 138.551 139.075 139.283 139.350 138.103 139.250 143.422 142.894 143.244 145.677 145.257 147.294 150.489 149.860 160.126 164.447 167.979 163.856 158.588 155.482 153.707
154.874 155.183 154.963 154.550 154.147 154.788 154.623 154.711 157.489 155.425 154.507 154.109 154.801 156.994 154.755 154.350 154.323 156.467 158.675 162.026 159.778 157.896 156.336 155.061 152.841 152.885 151.214 147.020 143.971 137.719 135.236 139.869 137.378 136.774 138.559 139.140 138.100 137.345 137.953 138.255 138.025 138.020 138.122 138.772 138.918 137.840 138.514 138.211 138.846 138.524 136.896 137.450 144.389 144.999 145.833 146.214 146.623 146.645 149.021 155.574 163.312 167.498 164.577 160.162 157.676 152.401 150.483
152.975 152.864 153.107 153.141 153.244 153.329 153.055 153.735 156.185 154.683 152.650 152.420 152.539 155.216 153.853 153.449 153.356 155.626 157.307 161.304 159.968 155.538 154.515 154.038 153.066 150.989 149.257 147.110 143.338 134.845 134.776 134.004 139.877 139.038 139.509 138.364 135.694 133.941 135.109 136.494 137.949 139.152 139.369 138.470 138.407 138.739 139.385 139.732 139.416 137.188 135.933 136.574 143.575 146.633 147.809 144.972 147.943 151.674 154.841 159.746 166.515 164.432 160.305 159.548 156.604 153.551 150.973
150.664 150.845 151.379 151.341 151.251 151.316 150.845 152.669 153.204 151.242 150.680 151.045 152.905 153.083 151.720 151.597 152.604 154.375 156.000 160.449 159.550 154.488 153.310 151.519 152.072 151.679 148.001 145.869 142.303 136.242 137.547 136.639 134.305 139.508 138.834 137.474 136.976 134.774 133.807 135.648 138.264 138.718 139.944 139.728 137.758 137.188 137.930 138.830 139.248 138.069 137.097 142.711 144.313 150.302 152.740 149.533 151.534 155.781 160.426 164.435 166.088 160.783 158.851 157.012 155.154 151.311 148.542
149.242 149.383 149.960 149.845 149.839 149.544 149.789 149.011 150.086 148.658 149.266 151.210 152.002 151.188 150.565 150.505 151.489 152.842 154.761 158.460 158.707 155.548 153.340 151.577 150.115 150.775 148.125 146.123 143.226 138.177 138.036 138.979 136.067 138.021 136.983 137.275 137.126 136.206 135.526 138.030 138.505 138.178 138.716 137.964 137.971 139.120 140.698 140.570 140.765 134.316 137.217 147.758 147.590 149.391 153.946 156.580 155.707 159.502 163.181 166.950 163.321 158.465 156.968 154.031 152.486 147.479 146.185
148.292 148.554 148.477 148.605 148.834 148.498 147.872 147.228 147.791 147.173 147.745 150.615 150.114 149.777 149.485 149.632 150.511 152.201 156.667 157.012 156.934 157.809 152.672 149.926 150.044 149.971 148.019 144.335 141.320 138.762 136.802 136.558 137.581 137.847 139.514 137.232 135.910 136.213 135.540 138.140 138.743 138.100 138.204 136.681 133.990 135.730 141.586 141.866 136.802 135.023 137.295 148.878 150.631 151.581 153.289 156.227 160.556 162.560 165.663 164.512 161.330 157.906 153.886 151.906 148.759 145.733 147.218
147.529 147.284 146.843 146.706 146.608 147.080 145.834 144.393 144.976 145.176 147.258 148.726 147.070 148.165 149.051 149.779 150.585 152.156 156.696 154.719 155.109 157.179 152.586 148.503 148.811 147.900 148.044 145.878 144.211 140.545 134.795 133.947 136.139 136.346 137.643 135.051 134.800 136.007 136.528 138.304 138.130 138.360 139.411 138.297 134.923 126.291 134.613 144.053 141.760 137.370 142.064 149.323 153.607 155.636 155.936 158.729 162.801 165.848 164.439 159.916 157.111 154.858 152.295 148.777 145.718 144.209 147.722
146.125 145.731 145.254 144.775 145.422 146.614 144.093 143.156 143.202 144.458 147.243 146.486 145.844 147.151 148.191 149.156 150.646 151.984 155.566 152.862 152.594 157.006 153.509 147.246 147.863 146.815 147.096 147.052 143.406 140.455 137.768 136.214 136.424 135.756 137.351 134.380 134.909 135.416 137.748 139.170 139.489 138.690 138.420 139.141 137.581 133.119 131.038 141.614 148.378 149.082 151.273 152.917 154.149 159.058 160.307 162.124 163.540 166.065 159.463 155.633 153.121 149.740 147.720 143.948 142.795 145.580 146.138
144.700 144.081 143.519 143.914 144.731 145.274 143.337 142.791 142.305 143.166 145.931 143.763 144.755 146.456 147.915 148.679 150.017 152.022 155.187 153.502 151.814 155.938 150.890 145.814 146.518 145.262 145.169 145.408 143.643 139.548 137.157 134.138 135.195 133.865 135.299 136.336 137.202 135.486 138.452 138.847 139.013 138.690 137.813 136.906 137.144 138.125 136.140 140.388 146.826 150.437 152.178 153.436 156.959 158.853 159.255 160.278 163.407 165.486 158.888 152.886 151.481 149.036 144.233 141.554 143.241 146.532 146.461
142.925 142.085 142.621 143.694 144.021 142.977 141.557 141.938 141.210 142.869 142.679 142.080 143.609 145.871 147.418 148.297 150.521 153.203 154.976 152.504 151.516 154.229 148.063 144.805 144.900 144.101 143.733 144.995 142.965 138.814 135.781 133.139 133.468 131.916 131.774 134.379 137.207 137.142 137.296 138.301 138.377 137.918 136.863 134.309 133.708 137.898 140.402 140.005 146.068 149.187 150.830 153.830 155.263 155.270 153.598 155.992 161.915 165.938 159.686 147.640 147.240 146.480 144.331 143.239 145.543 145.805 146.278
141.356 141.374 142.221 143.614 141.281 141.037 140.806 141.302 139.953 142.747 141.467 141.590 142.656 145.047 146.613 147.914 150.227 152.319 155.203 152.114 152.923 152.318 147.257 144.813 143.822 143.013 142.702 144.016 143.164 137.542 132.600 130.731 132.050 133.818 132.027 134.280 136.539 136.731 136.996 137.724 137.487 136.563 135.545 134.027 130.152 133.118 140.441 144.523 146.983 147.999 149.180 152.390 152.294 152.654 152.281 154.899 160.840 165.701 160.221 140.458 144.896 145.327 145.197 145.938 146.395 146.080 145.882
139.705 140.051 141.519 142.058 140.074 139.198 139.921 140.675 140.422 141.612 141.498 141.697 142.551 144.130 145.438 147.781 150.647 153.258 155.217 152.770 152.556 148.497 145.976 144.180 141.265 141.061 140.584 140.691 138.883 135.691 128.050 127.144 132.181 134.035 133.717 136.017 136.355 136.651 136.678 136.675 135.650 134.755 135.764 134.315 131.131 135.759 140.719 144.095 146.665 147.268 148.650 151.276 153.199 153.030 152.633 155.817 161.796 165.678 160.742 146.054 142.260 145.383 145.212 145.385 145.773 145.626 146.146
138.645 138.777 141.241 141.356 137.941 138.360 139.281 140.876 140.848 141.599 142.511 142.636 143.752 143.819 145.477 148.140 150.650 153.863 154.990 151.166 147.197 144.291 141.579 143.366 139.117 138.197 137.576 135.235 130.206 129.963 126.881 129.603 133.809 133.687 135.807 136.984 136.950 136.193 135.859 133.924 132.928 132.866 134.429 131.892 134.841 139.387 141.287 143.258 145.409 147.567 149.601 151.982 153.652 152.827 154.807 158.132 163.948 164.498 158.042 142.615 141.901 144.002 143.976 144.696 145.521 145.009 145.832
139.770 139.045 141.252 139.840 137.408 138.409 138.963 140.291 141.768 142.493 142.825 143.546 144.432 145.229 146.299 148.410 151.145 154.726 152.810 146.637 144.572 139.973 138.925 141.661 139.078 136.239 133.879 132.892 129.790 127.398 130.057 131.401 133.500 135.310 135.387 136.263 135.756 133.178 132.910 133.416 134.049 135.049 133.543 131.922 135.735 139.563 141.956 143.762 145.191 146.975 149.883 152.986 153.728 154.294 156.987 162.525 165.269 161.312 153.998 145.310 140.530 142.671 144.203 144.218 144.963 145.262 144.402
