tests/3D/PSQL_test/output_maps/SWEDENSITYN0031.asc
ncols         295
nrows         180
xllcorner     627200.000000
yllcorner     5109000.000000
cellsize      200.000000
NODATA_value  -9999.0
[rows 29 to 57 of 180, columns 201 to 267 of 295]
129.966 130.248 130.453 129.147 128.133 127.517 127.141 126.627 126.597 126.805 127.361 125.575 127.828 131.092 130.275 131.823 132.118 132.220 135.622 140.016 142.216 143.764 148.264 149.477 155.822 162.814 165.372 167.222 168.317 168.717 169.149 169.382 169.318 169.241 169.161 168.969 167.015 164.086 162.462 163.612 166.404 165.805 168.124 168.265 168.204 168.122 168.131 168.069 168.070 168.020 168.064 168.036 168.047 167.932 165.985 152.888 140.081 132.004 134.286 135.236 134.341 133.023 137.938 137.769 132.662 133.296 133.461
129.753 129.655 130.697 129.423 128.186 127.231 126.473 126.451 126.345 126.533 126.939 125.042 126.379 129.234 132.567 134.744 133.899 133.590 136.970 140.674 142.599 144.243 147.905 149.070 150.588 162.083 165.645 167.478 168.072 168.724 169.213 169.478 169.385 169.295 169.219 169.053 166.457 162.547 158.225 162.322 160.792 167.303 168.293 168.326 168.271 168.249 168.236 168.074 168.048 168.156 168.148 168.149 168.161 168.195 166.493 158.044 142.672 134.853 134.086 135.222 135.136 134.636 134.748 139.217 133.756 133.709 133.380
129.267 129.319 130.347 129.210 127.729 126.681 126.043 125.988 125.788 127.015 126.499 124.228 125.858 129.336 131.331 133.840 137.891 138.376 140.329 141.377 143.512 145.139 147.629 149.032 148.892 161.663 165.032 166.913 168.048 168.969 169.410 169.544 169.453 169.360 169.274 169.151 166.859 159.228 153.010 149.162 155.211 166.251 168.453 168.411 168.258 168.368 168.357 168.224 168.174 168.159 168.152 168.182 168.192 168.318 166.862 157.553 145.999 137.196 134.930 134.713 135.131 134.892 133.973 137.078 137.825 136.625 136.068
128.941 128.902 129.731 129.391 127.627 126.867 125.812 125.534 125.503 126.373 125.958 127.378 128.528 129.893 130.676 133.675 138.294 141.852 144.051 145.412 146.424 146.623 148.700 148.730 150.785 157.625 164.319 167.674 168.803 169.508 169.663 169.610 169.519 169.428 169.332 169.249 168.395 161.706 156.576 152.793 155.644 165.738 168.221 168.472 168.332 168.315 168.282 168.279 168.258 168.274 168.268 168.271 168.310 168.368 166.336 159.436 148.441 140.687 135.034 133.586 134.820 134.982 134.420 134.463 135.944 134.768 134.122
128.538 128.549 128.983 128.900 127.781 126.834 125.634 125.275 125.329 125.405 124.367 127.128 131.534 131.462 130.923 135.459 140.349 140.250 140.280 142.024 143.459 144.716 148.323 148.964 149.982 157.841 165.809 168.193 169.173 169.745 169.760 169.673 169.584 169.494 169.404 169.314 168.742 162.057 158.310 153.721 154.283 159.304 164.751 168.165 168.430 168.414 168.349 168.348 168.353 168.341 168.339 168.371 168.416 168.476 166.764 161.548 151.306 140.920 136.743 133.477 134.816 134.661 134.488 133.869 135.431 134.286 134.701
127.648 127.565 127.936 127.494 128.216 126.589 125.541 125.142 125.475 123.946 126.015 127.492 131.118 135.305 135.857 137.910 137.454 136.919 137.683 140.357 142.197 143.774 148.107 148.955 150.187 156.208 161.870 167.279 169.408 169.908 169.825 169.738 169.649 169.560 169.503 169.385 168.979 164.874 157.351 151.299 151.278 151.956 153.362 167.541 168.488 168.446 168.412 168.412 168.391 168.405 168.374 168.379 168.420 168.434 167.223 162.280 152.333 142.723 136.011 134.715 134.448 134.882 134.700 134.250 134.432 134.762 134.295
126.866 126.860 126.761 126.560 126.782 127.427 126.162 126.088 125.851 124.146 127.445 130.271 132.835 132.739 131.643 133.337 134.155 134.385 136.129 139.019 141.390 143.637 147.388 149.197 148.945 149.066 156.921 166.318 169.353 169.973 169.921 169.802 169.714 169.626 169.569 169.452 169.137 165.210 155.070 152.293 152.301 151.333 155.248 167.424 168.532 168.518 168.482 168.623 168.632 168.593 168.619 168.625 168.666 168.549 166.995 161.633 152.312 142.353 138.327 136.249 134.596 134.711 134.410 134.625 134.414 134.427 133.885
126.173 126.235 126.188 126.128 125.327 125.802 126.204 126.168 125.847 126.602 127.132 126.716 130.482 130.436 129.967 130.776 132.078 132.202 134.656 137.860 140.491 143.047 147.371 149.311 149.312 148.173 156.661 164.679 169.217 169.980 169.988 169.868 169.809 169.722 169.635 169.516 169.122 163.252 157.744 153.695 150.091 149.363 161.098 167.790 168.600 168.695 168.684 168.655 168.660 168.648 168.646 168.680 168.726 168.690 167.318 160.844 149.030 140.382 136.642 136.345 134.928 134.785 134.425 134.568 134.171 134.022 134.333
125.691 125.627 125.235 124.938 124.297 124.206 125.028 124.963 125.302 125.926 124.789 125.155 128.317 128.644 128.169 128.505 129.941 130.582 133.566 137.007 139.359 142.447 147.275 149.459 149.410 148.714 152.661 163.547 169.306 170.109 170.056 169.967 169.908 169.788 169.699 169.608 169.290 164.982 161.635 154.138 150.143 149.568 159.937 167.252 168.771 168.748 168.707 168.674 168.677 168.664 168.689 168.725 168.743 168.601 166.221 160.059 148.803 140.202 134.995 135.009 135.340 134.894 134.543 134.607 133.883 133.807 134.021
124.937 125.083 124.620 124.241 124.224 123.700 123.733 124.622 125.386 126.521 125.548 123.804 127.549 129.045 128.347 127.908 129.303 129.288 132.753 136.970 139.074 142.233 147.404 150.164 149.513 150.087 154.261 161.312 169.283 170.147 170.094 170.036 169.976 169.886 169.823 169.699 169.541 167.599 162.110 154.432 150.597 148.407 158.333 166.858 168.791 168.735 168.715 168.706 168.680 168.692 168.692 168.701 168.748 168.328 164.016 152.978 146.054 139.547 135.298 135.131 135.740 135.000 134.925 134.371 133.640 133.571 133.671
124.737 124.677 124.294 124.068 124.056 123.362 122.994 123.262 125.024 126.320 125.106 124.745 127.787 129.170 128.382 127.888 129.018 129.179 133.288 137.678 139.864 142.359 147.440 150.640 149.759 151.436 154.236 163.832 169.408 169.988 170.159 170.106 170.047 169.985 169.857 169.764 169.693 168.845 162.423 153.860 151.254 150.798 161.932 168.233 168.784 168.765 168.715 168.701 168.672 168.682 168.681 168.692 168.716 168.184 160.371 150.972 143.466 136.618 135.181 135.958 135.816 135.246 135.024 134.394 133.807 133.692 133.803
124.631 124.031 123.720 123.619 123.648 123.270 121.833 123.339 124.916 124.967 124.986 125.496 128.837 128.775 128.071 128.641 129.390 131.059 134.296 138.061 141.545 144.747 149.222 151.649 155.787 158.751 163.805 167.483 169.101 169.770 170.168 170.175 170.085 169.990 169.895 169.799 169.760 169.189 166.214 156.263 152.606 161.327 166.216 168.701 168.825 168.761 168.704 168.685 168.650 168.659 168.682 168.669 168.693 167.869 160.584 147.926 144.888 138.436 135.901 136.111 136.091 135.492 135.222 134.435 133.953 133.940 134.223
124.210 123.546 123.356 123.228 123.147 123.093 121.320 123.716 125.712 126.765 127.468 126.958 129.946 129.770 128.734 129.227 130.356 131.550 133.842 137.652 140.529 142.517 147.259 153.375 158.598 161.769 165.166 168.006 169.089 169.703 170.291 170.247 170.155 170.057 169.961 169.864 169.763 169.608 167.795 162.509 160.316 166.081 168.741 168.865 168.826 168.778 168.656 168.654 168.640 168.619 168.645 168.660 168.544 166.431 152.447 144.566 142.885 143.882 138.871 136.151 136.302 135.825 135.399 134.631 134.234 134.232 134.680
124.305 123.856 123.385 123.154 123.105 122.844 121.391 123.840 124.088 126.321 130.570 130.602 130.674 131.684 130.568 131.112 132.121 133.692 135.608 137.945 139.989 141.764 146.743 153.478 159.405 162.541 163.141 167.956 169.483 169.945 170.405 170.317 170.225 170.127 170.030 169.930 169.795 169.733 168.496 164.051 164.440 168.249 168.924 168.910 168.819 168.731 168.655 168.644 168.596 168.569 168.563 168.571 167.692 161.026 146.994 141.771 139.403 140.417 141.056 138.266 136.085 136.267 135.705 134.960 134.593 134.594 135.152
124.388 124.107 123.588 123.295 123.013 122.683 121.745 123.126 125.299 126.668 128.872 132.041 134.978 135.723 133.915 133.979 135.617 136.621 137.944 139.010 140.400 143.131 147.919 154.047 161.153 163.312 163.945 169.170 170.150 170.449 170.494 170.395 170.263 170.199 170.100 169.996 169.857 169.743 169.644 166.752 164.589 166.135 168.845 168.889 168.811 168.741 168.650 168.572 168.483 168.448 168.467 168.334 163.847 151.578 144.664 140.134 138.808 139.072 139.439 138.979 137.179 136.547 136.160 135.638 135.329 135.310 135.510
124.942 124.547 124.251 123.382 122.898 123.105 121.683 121.389 127.128 127.906 127.444 129.071 131.777 135.701 138.693 138.637 138.607 140.689 141.346 141.857 142.868 144.644 149.137 154.607 163.000 164.592 166.190 170.271 170.540 170.581 170.584 170.483 170.369 170.305 170.202 170.065 169.923 169.777 169.538 169.234 167.476 165.239 168.120 168.917 168.837 168.751 168.589 168.442 168.678 168.609 168.626 168.154 163.389 150.662 142.274 138.963 139.417 139.217 139.321 139.210 138.322 137.539 137.034 136.700 136.112 136.193 135.968
125.830 124.764 124.229 123.622 123.472 123.935 123.009 122.955 124.346 126.850 129.229 129.639 131.436 134.964 138.842 139.942 143.065 144.549 144.970 145.471 144.888 145.991 149.977 157.227 164.149 165.402 169.454 170.472 170.598 170.669 170.639 170.571 170.462 170.384 170.275 170.137 169.992 169.843 169.613 169.440 169.318 169.089 168.939 168.991 168.842 168.634 168.764 168.597 168.509 168.455 168.468 168.347 164.243 146.477 140.775 138.898 139.599 139.247 139.224 139.496 138.921 138.704 138.282 138.049 136.375 136.757 136.786
124.926 124.797 124.270 124.748 125.189 123.801 123.486 122.315 121.683 121.363 127.164 130.110 134.571 134.997 136.892 137.565 141.547 144.741 149.955 150.112 148.866 147.901 152.424 161.689 165.279 167.692 169.805 170.128 170.479 170.660 170.731 170.630 170.554 170.444 170.324 170.216 170.067 169.916 169.652 169.486 169.487 169.305 169.124 169.020 168.778 168.830 168.608 168.449 168.264 168.290 168.303 167.919 163.430 150.750 139.894 139.897 140.065 139.697 139.857 140.482 140.238 139.941 140.175 139.800 139.485 139.452 138.552
124.789 124.449 124.915 126.402 124.475 123.692 123.634 124.362 123.019 119.829 122.023 126.162 130.177 135.414 134.731 135.336 137.392 141.456 144.944 149.616 156.820 155.404 156.309 162.825 165.791 167.958 168.998 169.796 170.279 170.557 170.759 170.790 170.651 170.540 170.422 170.295 170.118 169.995 169.758 169.589 169.554 169.314 169.199 168.954 168.669 168.716 168.449 168.217 168.085 168.002 167.997 166.690 160.911 149.246 142.468 141.423 141.189 141.061 141.250 141.741 142.698 141.941 142.173 141.821 141.723 141.623 140.917
125.341 124.692 126.763 125.457 124.489 124.261 124.103 124.650 124.063 121.952 120.497 124.259 131.744 133.160 132.708 134.554 136.795 138.346 140.403 143.729 147.550 160.496 162.750 162.870 166.459 168.037 168.915 169.698 170.167 170.484 170.795 170.857 170.752 170.673 170.524 170.365 170.173 170.052 169.845 169.645 169.605 169.423 169.202 168.955 168.922 168.651 168.415 168.056 167.748 167.798 167.386 163.019 148.104 145.718 144.883 143.595 142.277 142.584 142.800 144.773 145.843 143.606 142.502 142.278 143.294 143.527 142.626
126.678 127.203 128.270 125.200 124.749 124.721 125.609 124.285 123.958 123.024 123.715 125.810 131.670 131.000 131.372 133.575 135.718 137.759 137.938 142.470 145.139 148.007 162.825 166.367 167.274 168.331 168.749 169.408 170.067 170.487 170.824 170.926 170.856 170.780 170.632 170.474 170.306 170.206 169.942 169.741 169.592 169.545 169.255 168.981 168.948 168.592 168.246 167.801 167.451 167.202 164.702 150.752 146.058 145.637 146.264 151.192 149.957 150.844 149.694 147.144 148.159 147.369 146.848 147.517 146.381 146.249 145.996
130.092 128.809 127.058 126.076 125.909 126.428 125.089 124.461 124.163 125.148 123.188 124.427 129.620 129.412 130.122 133.487 135.954 138.182 139.415 142.255 145.600 150.570 162.900 167.336 167.548 168.485 168.906 169.470 170.072 170.459 170.922 171.058 170.990 170.887 170.776 170.623 170.491 170.321 170.124 169.790 169.703 169.596 169.314 169.025 168.972 168.607 168.147 167.593 166.929 166.600 156.187 149.608 149.414 152.777 150.876 147.462 145.151 144.434 144.224 143.999 143.797 143.553 142.396 142.166 143.862 141.510 142.996
128.615 127.602 127.024 126.230 127.354 125.949 125.125 124.719 124.918 126.510 125.540 124.056 127.459 128.398 130.270 133.367 135.965 138.410 139.792 142.163 145.347 151.969 164.345 165.288 165.960 168.043 169.169 169.789 170.247 170.755 171.058 171.158 171.063 170.965 170.860 170.777 170.618 170.451 170.240 169.973 169.829 169.692 169.390 169.090 168.799 168.813 168.327 167.637 166.848 165.527 161.722 155.168 151.607 148.019 146.246 146.919 145.977 145.157 144.299 143.720 142.843 143.138 141.411 140.776 142.537 141.974 140.496
128.846 128.067 128.224 128.856 126.465 125.965 125.673 125.275 126.199 126.715 126.046 124.253 125.883 127.414 130.822 133.578 136.838 138.619 140.182 141.736 144.889 153.693 164.949 168.143 169.061 169.883 170.073 170.392 170.798 171.068 171.307 171.285 171.201 171.144 171.008 170.899 170.747 170.590 170.423 170.106 169.970 169.678 169.493 169.222 168.637 164.413 167.396 165.028 163.699 162.552 150.081 145.464 145.444 145.585 145.991 145.389 144.164 142.669 141.765 140.844 139.709 139.639 139.719 138.272 139.970 140.348 137.887
130.169 130.356 130.399 127.684 126.303 126.111 126.349 127.248 127.946 126.082 125.963 124.905 126.123 128.028 131.178 135.373 138.039 139.298 140.793 141.752 146.718 157.588 165.171 167.608 169.754 170.667 170.838 171.025 171.243 171.502 171.489 171.402 171.337 171.217 171.092 170.991 170.789 170.731 170.608 170.344 170.127 169.908 169.306 167.086 163.288 164.438 165.149 164.691 163.759 160.013 147.372 147.472 147.499 146.621 145.047 143.085 141.692 140.142 139.837 139.910 137.683 136.682 136.664 136.297 137.440 138.054 136.427
132.029 131.048 130.043 128.753 127.269 126.453 127.736 128.448 126.698 125.866 125.490 125.796 127.096 129.457 132.134 135.676 137.931 139.337 140.354 142.971 148.957 159.546 164.852 168.059 170.136 170.972 171.203 171.416 171.745 171.707 171.633 171.553 171.463 171.331 171.229 171.107 170.982 170.876 170.794 170.607 170.412 170.121 167.597 163.060 163.966 165.817 162.428 162.798 163.016 156.058 148.800 148.658 147.333 145.101 143.492 141.796 140.503 138.775 137.732 136.948 136.377 135.422 134.482 133.798 134.368 136.181 135.595
130.948 129.759 129.458 130.075 127.912 128.330 129.694 128.143 126.297 126.259 125.361 126.092 128.189 130.539 132.725 135.766 138.189 139.022 140.222 143.752 150.072 162.344 166.819 168.575 170.178 171.132 171.616 171.907 171.845 171.809 171.739 171.634 171.552 171.496 171.403 171.303 171.177 171.045 170.945 170.808 170.592 170.145 168.349 166.795 165.940 164.412 160.751 162.278 161.992 154.951 149.977 148.824 145.429 143.858 141.951 140.266 137.906 136.108 134.379 133.816 133.276 132.834 131.480 128.782 130.582 132.611 133.612
132.486 130.631 131.747 132.084 131.453 131.241 129.496 127.437 126.514 126.325 126.292 127.166 129.203 131.537 133.207 136.288 137.967 138.723 140.096 143.015 149.274 160.753 166.631 169.049 170.532 171.361 171.837 172.032 172.033 171.909 171.843 171.744 171.703 171.622 171.506 171.417 171.356 171.228 171.067 170.969 170.799 169.603 168.205 167.586 165.702 164.131 160.363 160.689 159.601 156.080 151.549 147.990 144.880 143.489 141.409 138.460 137.054 134.376 132.149 131.851 131.107 129.909 128.853 128.031 127.768 128.939 131.323
133.697 133.616 132.240 130.476 129.907 129.091 128.113 126.303 126.695 126.076 126.902 128.795 130.155 132.505 134.155 136.387 138.146 138.960 140.758 143.465 148.730 158.830 165.600 169.026 170.785 171.631 172.174 172.154 172.127 172.068 171.976 171.913 171.817 171.714 171.637 171.589 171.506 171.383 171.286 171.142 170.977 170.340 168.525 167.024 165.769 164.965 161.146 161.222 159.078 156.414 152.465 149.803 147.256 144.616 141.325 138.949 136.838 134.201 132.373 132.697 132.024 130.720 130.362 130.032 129.574 129.345 130.904
