tests/3D/PSQL_test/output_maps/SWEDENSITYN0025.asc
ncols         295
nrows         180
xllcorner     627200.000000
yllcorner     5109000.000000
cellsize      200.000000
NODATA_value  -9999.0
[rows 116 to 144 of 180, columns 134 to 200 of 295]
124.026 124.664 126.764 128.120 129.340 131.268 134.365 138.679 140.236 142.154 145.255 147.118 152.703 159.474 162.085 166.092 166.256 164.049 160.691 160.516 162.612 163.086 158.028 152.831 149.070 156.759 161.074 167.061 169.912 169.747 169.499 169.997 168.541 169.088 169.315 169.787 169.614 168.103 160.143 142.774 138.676 136.886 135.258 132.698 131.992 133.483 131.497 133.389 135.955 140.371 136.504 138.150 140.443 168.870 174.418 174.977 175.331 173.968 174.148 174.293 175.345 175.564 176.782 177.048 177.320 177.527 177.703
122.875 124.472 126.793 128.021 130.367 132.730 134.572 136.717 139.151 140.909 144.331 150.665 150.651 162.088 163.074 166.787 164.239 161.448 157.770 160.125 157.732 157.029 154.285 147.085 143.116 145.229 154.429 164.574 167.642 170.219 170.713 170.859 170.837 170.919 171.047 171.124 171.285 171.257 169.236 146.268 139.532 138.091 135.756 133.965 133.501 135.904 134.493 136.015 137.748 142.147 140.342 138.507 150.703 172.812 172.274 175.159 174.210 173.932 174.054 174.188 174.354 175.405 175.618 176.828 177.077 177.251 177.346
122.017 124.108 127.775 129.962 130.889 131.596 131.774 133.722 137.098 140.237 144.420 145.301 151.029 161.428 165.812 164.163 163.043 158.831 155.192 155.846 152.859 151.694 148.473 141.737 138.158 137.406 144.755 160.883 167.004 168.098 169.884 170.766 170.883 171.005 171.131 171.366 171.516 171.600 171.528 168.420 146.431 139.767 138.698 137.764 136.270 139.729 137.771 138.597 138.631 138.339 148.124 140.939 173.409 174.495 174.910 172.249 174.106 174.374 173.974 174.073 174.183 174.387 176.322 176.386 176.574 175.937 174.563
120.977 122.897 125.439 126.368 127.447 129.535 130.697 133.118 136.167 141.189 140.121 144.366 149.781 157.454 164.199 163.319 156.706 155.364 152.642 154.185 150.173 148.858 145.031 139.520 136.467 134.791 139.341 147.713 166.034 166.244 167.567 168.889 170.792 170.931 171.064 171.186 171.281 171.595 171.674 171.713 169.591 142.998 139.802 139.059 138.270 145.730 138.306 137.479 137.587 141.291 142.901 157.082 173.647 174.563 174.854 172.130 172.361 174.220 174.418 174.436 174.088 175.746 175.297 164.991 171.505 173.109 166.589
120.592 121.529 122.971 124.393 126.127 128.674 130.308 132.977 138.020 136.616 137.036 140.344 146.831 157.164 163.374 163.784 156.888 153.761 150.383 152.518 149.381 147.246 142.198 138.764 135.178 133.976 137.875 143.857 162.358 163.537 165.196 166.528 168.055 170.960 171.080 171.198 171.318 171.370 171.700 171.785 171.507 161.638 143.640 139.024 139.173 151.827 139.029 149.562 157.235 150.684 149.302 157.768 173.483 174.546 174.779 174.903 172.248 174.048 174.143 174.385 175.663 172.934 152.067 150.263 155.374 160.562 158.993
120.200 121.172 122.654 123.876 125.240 128.287 130.679 135.248 133.558 133.261 134.394 137.303 143.063 148.669 158.462 160.620 162.983 156.785 151.649 150.463 148.505 146.137 140.647 137.726 133.951 133.420 137.242 142.363 156.240 159.250 161.133 161.934 161.852 169.554 171.218 171.234 171.307 171.409 171.465 171.849 171.872 171.511 166.588 150.753 143.143 145.305 161.676 168.650 168.442 166.552 167.455 170.349 174.089 174.469 174.722 174.852 172.130 172.261 172.288 174.238 175.073 168.995 147.314 146.101 153.781 155.014 155.293
119.472 121.213 123.373 124.978 125.941 128.769 132.448 133.004 131.106 132.224 133.883 136.221 139.403 146.322 153.818 162.375 160.163 155.628 151.528 148.703 148.126 145.675 140.166 136.225 133.608 132.826 136.149 141.002 149.956 154.071 155.673 156.693 154.328 166.876 171.057 171.221 171.316 171.423 171.535 171.764 172.036 172.079 171.450 171.677 170.026 169.956 170.510 172.354 172.293 173.102 173.248 172.853 174.157 174.405 174.636 174.787 171.881 172.177 172.137 174.084 174.465 167.289 149.574 147.797 150.714 152.435 152.142
119.089 123.829 127.407 128.629 130.107 131.585 132.466 129.852 130.665 131.399 133.067 135.721 138.841 143.818 152.969 161.997 155.120 153.792 150.488 148.232 147.317 144.068 139.447 135.691 133.037 132.765 135.258 139.865 145.278 148.949 151.280 152.963 150.254 158.626 171.074 171.228 171.354 171.462 171.546 171.742 171.932 172.166 172.245 172.433 172.689 172.721 172.399 173.016 173.387 172.844 173.753 173.854 174.042 174.232 174.507 174.693 174.804 172.012 171.933 174.075 174.321 168.733 148.645 151.975 145.398 145.290 143.854
123.329 126.353 122.876 121.922 123.817 125.463 127.814 128.325 129.771 130.429 132.685 136.192 139.768 142.714 150.261 159.208 156.617 152.494 149.319 147.465 145.493 142.120 137.359 134.225 132.045 131.200 133.657 135.903 141.086 144.260 147.143 147.726 146.383 153.536 169.730 171.454 171.365 171.472 171.590 171.796 171.945 172.096 172.291 172.430 172.649 172.850 172.987 173.122 173.252 173.309 173.608 173.827 173.972 174.193 174.424 174.596 174.663 174.750 174.773 172.161 173.395 165.280 143.995 148.211 145.872 142.501 140.915
124.868 121.873 121.850 122.741 124.108 125.546 127.076 128.103 129.220 131.132 134.412 138.393 140.538 144.424 148.875 158.463 155.965 150.937 148.641 146.331 143.470 140.034 136.247 132.890 131.151 129.883 129.322 131.224 136.037 140.398 143.657 144.513 143.485 148.029 168.472 171.347 171.346 171.480 171.605 171.809 171.955 172.064 172.177 172.430 172.646 172.839 172.976 173.106 173.233 173.406 173.607 173.750 173.887 174.065 174.295 174.463 174.562 174.660 174.702 172.054 172.589 161.472 142.116 145.001 147.859 143.866 141.102
120.778 119.967 121.739 122.782 124.117 125.632 127.130 128.156 129.412 131.947 136.209 139.347 142.091 145.146 150.491 155.729 151.411 150.122 147.621 143.987 141.819 138.841 134.669 131.637 129.983 129.433 129.533 131.132 130.146 136.080 138.839 141.074 141.092 144.478 166.902 170.934 171.340 171.458 171.578 171.820 171.925 172.071 172.180 172.379 172.588 172.796 172.962 173.052 173.178 173.341 173.544 173.710 173.840 173.972 174.164 174.327 174.420 174.543 174.565 172.034 171.566 152.822 140.619 142.428 144.776 146.831 141.807
117.932 119.889 121.161 122.626 124.014 125.838 127.184 128.664 131.250 133.867 136.925 140.033 143.651 148.474 154.648 151.109 149.204 146.269 144.480 142.234 139.859 136.125 132.244 130.994 129.517 128.984 129.044 129.329 126.944 126.909 133.559 134.262 138.702 140.913 154.505 169.354 171.381 171.385 171.687 171.829 171.972 172.116 172.222 172.376 172.530 172.685 172.897 173.031 173.192 173.314 173.434 173.625 173.786 173.908 174.068 174.190 174.274 174.457 174.464 173.348 170.906 147.613 139.858 139.838 140.841 144.985 145.577
118.579 119.506 121.190 122.615 124.138 125.710 127.400 129.283 132.851 135.907 138.301 141.410 144.247 148.794 151.108 151.762 147.118 144.046 141.721 140.244 136.500 132.670 130.847 131.149 129.428 128.683 128.350 128.858 128.489 127.289 129.146 132.372 138.259 141.693 147.848 166.519 169.687 170.738 171.695 171.837 171.977 172.079 172.182 172.326 172.469 172.621 172.822 172.974 173.163 173.279 173.395 173.550 173.705 173.859 173.973 174.013 174.199 174.168 174.282 173.394 170.835 158.613 140.822 139.049 139.971 141.653 144.616
118.891 119.912 121.604 122.404 124.158 126.124 128.064 130.394 133.617 136.606 139.735 143.406 144.881 145.881 149.285 151.008 145.499 143.408 140.311 137.557 133.935 132.179 130.926 130.858 129.632 128.548 128.185 129.164 128.467 128.102 127.428 132.459 138.968 143.060 149.002 155.651 167.093 170.679 171.660 171.882 171.981 172.080 172.181 172.323 172.458 172.661 172.786 172.910 173.021 173.212 173.324 173.475 173.664 173.733 173.840 173.947 173.980 173.953 173.716 171.473 170.778 162.447 144.664 140.230 139.017 141.017 142.597
120.280 120.263 121.964 123.065 124.561 126.948 129.035 131.195 134.829 137.197 140.275 143.696 144.348 144.976 149.217 148.277 143.409 141.268 138.304 135.142 132.587 131.178 130.368 130.174 129.627 128.448 128.135 128.374 128.677 128.215 126.427 132.109 138.496 142.530 148.696 147.581 155.263 169.484 171.768 171.847 172.025 172.123 172.181 172.319 172.451 172.645 172.766 172.864 172.930 173.023 173.251 173.399 173.544 173.646 173.786 173.848 173.866 173.368 171.741 170.395 169.319 164.970 154.352 147.582 143.283 141.150 142.836
122.234 122.679 122.911 124.004 125.276 127.999 129.688 131.362 135.157 138.071 140.500 142.978 143.762 147.029 150.249 146.351 142.992 139.592 135.836 133.574 131.794 130.817 129.986 130.036 129.829 128.441 127.747 127.780 128.534 128.490 126.609 131.090 137.017 140.357 146.209 141.239 153.348 167.016 171.034 171.818 171.984 172.122 172.218 172.313 172.438 172.577 172.737 172.839 172.878 172.920 173.178 173.322 173.464 173.562 173.695 173.668 172.092 170.861 172.108 169.206 168.431 166.178 160.333 151.359 144.385 142.678 141.811
124.494 124.859 124.210 125.169 126.635 128.533 129.516 132.828 136.472 139.676 141.025 144.079 147.458 146.479 148.545 145.302 142.502 138.663 136.135 133.590 132.102 130.727 129.881 129.500 129.919 128.233 127.096 126.988 128.527 129.288 127.956 130.533 136.105 140.211 144.274 139.642 140.887 145.105 166.816 168.305 172.051 172.120 172.213 172.307 172.424 172.557 172.722 172.821 172.859 172.925 173.146 173.203 173.421 173.516 173.408 172.515 170.590 170.240 168.950 169.269 166.962 165.478 156.974 150.511 144.564 142.167 142.185
126.814 127.011 125.635 125.895 127.252 128.981 130.942 134.809 138.325 141.608 144.900 143.063 144.286 145.627 146.989 144.616 141.743 139.068 135.868 133.510 132.105 130.679 129.348 129.077 128.921 127.826 126.898 126.523 126.694 128.233 128.121 130.345 136.276 139.482 140.932 138.392 138.936 140.552 146.162 165.693 171.987 172.122 172.257 172.348 172.471 172.597 172.709 172.806 172.839 172.941 173.034 173.168 173.300 173.027 172.558 170.744 170.130 169.259 167.561 165.949 165.564 161.796 149.729 144.751 142.417 143.906 144.567
128.543 129.110 127.587 127.892 129.056 130.925 132.836 135.184 140.051 143.009 140.336 140.960 142.651 143.735 146.025 142.255 141.089 140.004 135.486 133.090 131.502 130.394 129.069 128.582 127.854 127.058 126.270 125.855 126.172 126.888 127.375 130.899 135.902 138.918 140.455 138.681 138.516 141.936 145.065 168.852 171.985 172.122 172.171 172.389 172.515 172.586 172.694 172.789 172.848 172.917 173.005 173.094 173.221 172.562 172.217 171.074 169.760 169.287 167.506 164.702 162.881 158.491 149.208 144.521 146.020 146.441 146.136
129.328 131.277 130.795 130.402 130.188 132.303 134.607 136.688 142.273 140.788 138.443 139.724 141.687 143.466 144.699 141.678 140.305 138.969 135.280 132.584 131.289 129.802 128.524 127.830 127.421 126.839 125.714 125.704 125.755 126.213 127.340 130.486 136.004 138.961 140.607 138.321 137.274 138.784 155.522 171.225 171.954 172.082 172.255 172.384 172.506 172.572 172.681 172.774 172.803 172.894 172.936 172.979 173.144 172.458 172.524 170.880 170.154 169.045 166.945 165.060 160.464 157.657 151.716 149.524 149.605 149.153 146.516
130.097 132.322 133.720 134.306 135.476 136.802 138.454 140.487 139.817 136.858 137.780 139.541 141.280 143.944 144.442 140.573 138.806 137.572 135.763 131.997 130.300 129.077 127.810 127.376 127.156 126.464 126.122 125.524 125.470 125.452 126.916 130.462 135.895 138.388 139.775 137.907 136.494 142.129 168.421 171.723 171.876 172.085 172.210 172.338 172.442 172.610 172.667 172.758 172.812 172.872 172.951 172.907 173.148 173.063 172.608 171.043 169.302 168.648 165.530 161.014 155.871 155.487 153.556 150.866 149.375 147.367 145.667
131.663 133.980 135.537 136.506 137.523 138.283 137.308 137.176 137.317 135.821 137.817 139.402 140.823 142.886 140.708 141.731 137.407 137.725 136.694 132.049 129.914 128.659 127.162 126.614 126.752 125.996 125.972 125.202 125.119 125.637 126.988 130.947 135.785 137.904 139.924 137.419 137.489 158.310 171.288 171.910 171.927 172.132 172.253 172.375 172.483 172.596 172.686 172.773 172.824 172.892 173.008 173.002 173.035 173.107 172.976 169.785 168.305 167.316 159.892 149.809 150.130 149.589 149.880 150.181 148.665 144.832 142.651
133.904 133.586 134.620 135.632 136.601 134.836 134.107 134.144 135.077 135.893 137.409 138.630 141.095 141.409 139.394 141.268 137.745 137.793 136.969 134.163 129.392 128.349 126.598 126.113 126.284 125.360 125.591 125.450 124.684 125.722 127.999 132.565 136.386 137.829 139.812 138.762 140.619 160.381 171.633 171.931 172.148 172.223 172.297 172.373 172.468 172.580 172.672 172.729 172.841 172.832 172.864 172.935 173.005 173.071 172.116 168.797 166.694 163.861 155.051 146.556 145.253 145.482 147.326 148.250 148.038 144.636 140.857
133.235 133.010 132.021 132.071 132.606 133.097 133.158 133.211 133.889 135.594 137.510 138.977 141.961 138.524 138.443 138.919 139.442 138.788 137.198 135.438 130.327 127.825 126.529 125.769 125.555 124.979 124.634 125.168 125.843 129.926 132.409 135.180 136.790 137.226 139.109 141.270 145.268 164.994 171.750 171.952 172.111 172.226 172.257 172.329 172.408 172.513 172.616 172.745 172.737 172.783 172.801 172.869 172.935 172.954 171.773 167.950 161.502 153.001 147.655 142.582 140.572 140.888 142.993 146.540 144.978 143.549 140.573
131.389 129.943 129.694 130.753 131.619 132.111 132.634 132.894 132.897 135.079 136.436 138.527 139.720 137.267 137.206 138.287 137.449 136.908 136.138 135.291 132.315 129.347 127.213 125.830 125.603 125.474 124.555 125.384 129.114 132.532 135.195 135.537 136.712 136.821 137.487 138.857 141.938 167.325 171.628 171.918 171.990 172.147 172.260 172.288 172.357 172.451 172.549 172.635 172.689 172.738 172.782 172.846 172.824 171.744 169.372 165.289 157.703 149.409 144.834 141.384 138.990 138.304 140.778 142.724 145.098 141.021 139.711
129.339 129.057 129.596 130.897 131.599 131.985 132.707 132.259 132.023 134.437 135.153 137.809 137.538 136.634 136.625 137.214 136.912 136.810 135.326 135.358 133.121 129.118 126.916 125.765 125.837 125.555 124.723 126.142 131.179 134.459 135.317 135.429 136.271 137.017 136.892 139.467 143.612 168.439 171.711 171.884 172.039 172.109 172.220 172.204 172.314 172.388 172.583 172.575 172.640 172.690 172.735 172.666 171.905 169.574 166.493 163.100 152.444 148.862 144.107 140.074 138.432 137.258 138.621 140.263 142.548 140.782 139.237
128.626 129.171 129.683 130.666 131.208 132.143 132.747 131.875 132.247 133.777 135.233 136.621 136.488 135.961 135.537 135.551 135.167 134.478 134.333 134.859 133.920 129.711 127.019 126.881 126.282 126.011 126.143 129.038 133.436 134.994 135.213 135.481 136.441 136.924 136.201 137.538 142.648 168.133 171.752 171.934 172.045 172.113 172.137 172.034 172.270 172.336 172.424 172.513 172.590 172.535 172.505 172.384 170.065 168.429 165.439 159.886 153.073 150.230 144.815 139.180 137.110 136.376 136.290 138.061 139.983 140.002 139.135
128.574 129.328 129.388 130.933 131.610 132.404 132.191 132.414 132.184 133.493 134.912 136.371 135.818 134.167 133.868 133.684 132.839 132.451 133.690 133.743 134.413 130.459 127.848 127.004 127.173 125.991 128.058 131.431 134.466 134.957 135.212 135.684 136.743 136.161 137.122 140.934 143.374 170.671 171.814 171.942 172.051 172.075 172.141 172.206 172.227 172.332 172.363 172.451 172.402 171.326 170.895 170.384 168.237 167.312 163.662 158.865 149.284 146.855 143.312 138.416 136.534 135.382 135.563 137.788 137.748 139.200 140.418
127.764 129.247 130.296 131.626 132.433 132.428 132.027 132.356 131.998 133.464 135.163 135.223 135.428 133.090 133.179 132.314 131.776 131.648 132.961 133.113 134.525 131.945 128.233 126.734 126.690 127.123 129.595 133.244 134.696 134.928 135.222 135.367 136.620 136.279 137.815 142.697 146.795 171.111 171.844 171.951 172.015 172.080 172.143 172.164 172.227 172.289 172.356 172.441 172.394 170.535 169.814 168.715 166.983 165.444 163.763 158.620 150.259 145.663 141.192 137.716 135.849 134.690 134.814 137.812 137.424 139.769 140.945
