tests/3D/PSQL_test/output_maps/SWEDENSITYN0033.asc
ncols         295
nrows         180
xllcorner     627200.000000
yllcorner     5109000.000000
cellsize      200.000000
NODATA_value  -9999.0
[rows 58 to 86 of 180, columns 67 to 133 of 295]
123.773 124.290 124.745 128.048 126.619 126.135 125.347 125.069 124.751 126.188 127.198 128.296 129.687 130.963 132.305 134.007 133.896 134.429 135.298 135.799 138.195 139.482 140.865 142.686 144.095 145.011 145.312 145.442 145.531 145.745 144.338 142.448 139.754 137.091 134.517 131.261 130.877 130.968 130.935 130.283 131.813 135.037 132.260 131.934 130.388 128.506 127.670 127.568 127.145 127.645 130.723 129.941 129.306 128.633 128.023 127.941 127.855 127.622 127.603 128.796 129.404 130.029 130.523 130.927 130.947 132.533 134.765
125.085 125.593 125.405 127.550 128.929 127.170 127.243 126.571 126.806 128.213 129.500 130.680 131.278 131.412 132.432 135.132 136.574 136.483 136.546 137.676 140.089 141.974 142.817 144.028 144.794 145.079 145.313 145.428 144.972 143.325 142.032 140.027 137.412 133.900 131.811 130.796 129.979 130.169 130.741 131.176 130.129 133.450 132.414 131.742 130.311 128.659 127.162 127.093 126.681 126.640 129.564 129.727 128.231 128.835 128.178 128.082 127.998 127.794 128.363 129.250 130.669 130.142 130.409 131.052 131.385 131.820 133.981
126.083 126.382 126.069 126.968 130.948 128.487 128.126 127.508 128.290 130.443 131.630 132.469 132.926 133.468 134.364 135.012 136.759 138.953 139.198 140.795 143.162 143.498 143.777 144.672 144.947 145.111 145.301 145.321 143.252 142.380 140.252 137.796 134.808 132.063 130.079 128.978 129.352 129.584 130.245 131.088 130.643 132.296 132.033 131.705 130.133 128.377 126.580 126.582 126.801 126.426 128.392 130.180 127.967 128.716 128.696 128.846 129.105 129.364 130.009 130.540 131.936 132.015 131.351 131.813 132.199 133.025 134.857
127.335 127.141 127.271 128.017 132.565 129.963 129.673 129.024 130.759 132.454 132.902 133.309 133.971 134.464 136.450 137.728 139.164 140.695 141.613 142.759 144.303 144.450 144.579 144.889 145.087 145.104 145.215 143.796 142.847 140.825 138.849 135.992 132.906 130.599 129.562 128.923 129.117 129.218 129.059 129.928 129.655 131.471 131.320 131.716 130.030 127.846 126.447 126.545 126.860 125.852 126.699 130.188 128.259 128.542 128.645 129.019 129.301 129.503 130.084 131.093 131.519 131.981 133.760 134.418 134.463 134.611 135.927
128.982 128.495 128.614 129.568 133.624 131.500 131.625 131.485 132.917 134.558 135.076 134.621 134.889 136.142 137.905 139.786 141.435 142.429 143.023 144.187 144.465 144.798 144.642 144.900 144.870 144.489 144.435 143.065 141.389 139.269 138.036 136.180 132.538 130.535 129.765 128.607 128.843 129.034 128.654 128.817 128.356 129.610 130.294 130.192 130.581 127.772 126.405 126.598 126.803 126.526 126.227 128.540 129.255 128.091 128.352 128.977 129.424 129.097 129.349 129.769 130.081 129.910 131.455 134.099 136.322 138.024 139.623
130.798 130.014 129.913 131.101 134.358 132.746 132.563 132.696 134.453 136.091 137.147 137.041 136.554 137.529 139.786 142.783 143.687 143.938 144.234 144.373 144.441 144.492 144.513 144.659 144.344 144.273 143.320 140.892 139.078 137.387 135.574 136.113 134.171 130.219 127.590 127.841 128.746 128.320 127.903 127.836 128.305 128.969 129.485 128.112 128.700 128.346 126.804 126.407 126.753 126.945 127.116 127.771 128.895 128.119 128.137 128.224 128.393 128.654 128.898 129.161 129.768 129.745 129.948 131.895 133.279 135.399 137.151
132.620 131.181 131.072 132.106 133.718 135.192 133.871 134.513 136.013 137.229 138.238 138.949 139.554 141.385 142.862 143.320 143.513 143.761 143.859 143.868 144.075 144.181 143.850 143.341 143.231 142.919 141.037 138.342 136.727 134.677 132.923 133.086 134.657 129.360 127.876 127.171 128.341 127.873 127.146 127.341 127.342 128.541 128.584 127.133 127.120 126.814 126.217 126.317 126.614 127.280 127.116 126.766 127.723 127.970 127.974 128.038 128.003 128.077 128.161 128.764 129.567 129.841 130.426 131.924 133.840 134.915 136.375
133.831 132.494 132.679 133.515 134.349 136.417 137.240 137.601 139.091 139.817 139.933 140.546 141.679 142.924 142.618 142.702 142.932 142.486 143.331 143.534 143.761 143.628 143.143 142.557 142.304 141.481 138.938 136.082 134.171 132.090 131.545 131.946 135.114 130.625 128.947 127.101 127.432 127.212 126.788 126.933 126.935 127.270 128.553 126.733 126.452 126.112 124.995 125.541 125.864 126.029 126.320 126.970 127.459 127.614 127.603 127.956 128.017 128.132 128.097 128.684 129.771 130.835 131.498 132.876 134.144 133.602 137.980
135.171 134.452 135.034 136.020 137.142 139.130 139.690 141.198 142.121 142.348 142.334 142.578 142.885 142.784 142.233 142.068 141.845 142.061 142.539 143.141 143.225 143.049 142.520 141.990 141.242 140.113 136.943 134.772 132.426 130.491 130.075 130.315 132.031 130.357 127.375 126.659 126.601 126.754 126.644 126.541 127.011 126.461 128.457 126.511 125.002 124.057 124.240 124.941 125.391 126.225 126.428 126.776 127.537 127.771 127.674 127.987 127.968 127.798 128.140 128.497 129.847 130.630 130.699 131.860 132.927 133.699 140.450
137.435 137.640 138.023 139.111 140.585 141.543 141.751 142.370 142.487 142.762 142.812 142.779 142.662 141.649 140.654 140.706 140.790 141.054 142.324 142.481 142.574 141.932 141.541 140.407 139.642 138.549 136.816 134.020 131.782 129.774 129.361 127.833 127.290 128.005 127.639 126.712 126.785 126.883 126.411 126.479 126.530 126.954 127.333 126.304 123.755 122.469 122.953 124.194 126.008 126.509 126.668 126.800 127.206 127.558 127.687 127.958 127.948 128.575 129.230 130.779 131.396 130.727 131.765 135.069 135.864 135.932 146.382
140.288 140.497 141.126 141.946 142.289 142.403 142.506 141.633 141.691 141.882 142.055 141.323 140.317 139.982 139.986 140.017 140.053 140.662 141.881 141.956 140.967 140.520 139.804 138.512 138.326 138.673 135.842 134.258 132.197 130.436 128.698 126.750 124.778 124.253 126.309 129.364 127.132 126.321 126.261 125.951 125.953 126.883 126.469 124.979 122.909 122.168 122.823 123.786 125.717 125.938 126.342 126.684 126.738 126.415 129.091 127.427 128.482 129.036 128.630 129.186 130.386 130.490 131.435 133.952 135.269 139.084 150.128
141.748 142.012 142.142 142.083 141.852 141.696 141.398 141.060 140.940 141.030 140.226 139.525 139.320 139.359 139.718 139.415 139.782 140.164 140.876 141.321 139.684 139.257 139.097 137.787 137.447 137.269 136.491 134.068 132.012 129.583 127.208 126.165 125.781 125.406 124.410 126.249 128.273 126.390 126.002 125.939 125.608 126.547 125.355 122.563 121.249 121.454 121.403 122.743 122.916 123.131 124.843 125.983 126.277 125.494 126.804 130.182 128.349 129.178 128.853 130.745 130.461 130.746 131.574 133.117 134.947 142.899 148.587
141.063 140.860 140.771 140.771 140.494 140.333 140.137 139.807 139.985 138.994 138.463 138.224 138.245 138.533 139.376 138.834 138.942 139.457 139.612 141.194 139.252 138.272 137.659 137.556 136.776 136.341 136.243 134.000 131.815 128.720 126.749 125.086 124.856 125.572 125.036 124.984 126.944 126.600 126.025 125.911 125.431 125.815 124.635 122.469 120.943 122.278 122.160 121.727 122.738 122.903 124.034 124.819 125.261 125.489 125.881 128.458 130.698 128.097 127.756 130.518 132.270 131.919 132.439 135.973 140.030 149.150 144.122
139.029 139.192 138.869 138.727 138.404 138.443 138.471 138.569 139.343 137.716 137.634 137.665 137.910 138.320 138.212 138.185 138.433 138.582 138.843 140.212 139.504 137.328 136.847 136.670 136.478 135.545 135.349 134.560 131.650 128.508 126.161 124.565 124.096 125.181 125.058 125.328 126.302 125.497 126.559 125.394 124.835 124.197 123.409 123.614 122.712 121.970 121.843 121.961 123.178 123.379 124.096 125.103 124.859 125.505 127.083 128.762 131.562 130.378 130.345 131.582 131.903 135.425 138.176 143.622 147.161 143.378 140.786
137.999 138.289 138.032 137.917 137.659 137.612 137.528 137.767 138.674 136.832 136.963 137.129 137.531 138.093 137.552 137.501 137.554 137.788 138.149 140.362 139.021 136.832 135.988 135.737 135.909 135.458 134.288 133.801 132.353 131.156 128.592 124.893 122.699 124.817 124.875 125.912 125.065 124.793 126.351 125.389 124.431 122.621 122.598 123.073 124.241 123.078 122.182 122.646 124.333 124.482 124.544 124.830 125.592 126.003 127.523 129.483 130.833 134.397 134.268 133.201 134.221 136.543 143.194 147.935 143.920 140.108 138.479
136.533 136.554 136.603 136.326 136.112 136.374 136.303 136.943 137.781 135.874 136.341 136.352 136.128 137.949 136.308 136.361 136.338 136.610 137.714 139.979 138.522 137.034 135.217 134.850 135.139 134.904 133.422 131.570 129.446 128.261 129.907 127.111 122.395 123.762 124.755 125.256 124.715 124.937 125.430 125.325 124.089 122.813 122.735 123.057 124.170 124.755 124.369 124.636 125.204 125.404 124.607 125.690 127.465 127.225 128.245 130.018 130.762 131.718 132.093 133.410 139.726 143.425 147.130 143.283 139.562 137.537 136.261
135.326 135.496 135.346 135.151 135.067 135.450 135.406 135.401 137.250 135.809 135.338 135.138 135.527 136.681 135.317 135.371 135.374 136.046 137.323 139.498 137.661 136.677 135.866 134.679 134.286 134.390 133.126 130.820 128.626 125.622 124.324 126.750 125.225 122.380 124.777 125.162 124.527 124.657 125.176 125.395 124.326 123.379 123.575 124.144 124.681 124.540 124.735 124.875 125.036 124.986 123.667 125.435 128.062 128.231 129.289 130.251 130.217 130.724 132.733 136.955 142.179 146.513 143.644 139.964 138.246 135.104 134.254
134.384 134.338 134.500 134.573 134.659 134.580 134.493 134.775 136.390 135.377 134.269 134.365 134.302 135.959 134.434 134.556 134.534 135.690 136.679 139.178 137.526 135.277 135.156 135.391 134.174 133.486 132.403 131.008 127.984 123.417 122.702 123.020 126.275 124.885 124.285 124.383 122.795 122.445 123.299 124.333 124.405 124.740 124.778 124.553 124.655 123.776 124.063 124.281 124.357 123.344 123.165 125.062 129.380 129.582 130.340 129.872 131.320 133.099 135.384 139.754 145.285 143.885 140.595 139.916 137.314 134.297 132.844
133.195 133.329 133.447 133.490 133.503 133.569 133.296 134.224 134.581 133.391 133.314 133.637 134.285 134.378 133.552 133.753 134.145 135.152 135.981 138.544 137.088 134.372 134.207 133.633 134.113 133.659 131.502 130.133 127.723 123.560 122.542 123.959 122.595 126.261 125.121 123.565 122.127 122.031 122.256 123.374 124.692 125.185 125.225 124.468 123.145 123.110 124.423 123.512 125.017 124.317 125.246 127.452 129.893 132.810 132.929 131.817 133.356 135.637 138.231 142.501 144.583 140.004 138.759 137.704 136.149 133.472 131.795
132.556 132.676 132.961 132.878 132.991 132.875 132.698 132.039 132.613 131.932 132.604 133.387 133.945 133.501 133.251 133.166 133.599 134.378 135.271 137.788 137.321 134.744 133.855 133.289 132.912 133.137 131.313 130.027 128.054 124.313 122.823 123.579 123.221 125.182 124.181 124.137 122.436 122.429 122.569 123.960 124.823 124.632 125.096 124.885 125.341 126.239 127.280 124.770 125.767 123.775 125.945 130.677 131.068 132.185 134.800 135.194 134.961 137.685 141.331 145.540 141.514 138.372 137.633 135.855 134.887 131.791 130.742
132.102 132.221 132.240 132.080 132.226 132.046 131.658 131.013 131.297 131.090 131.515 133.231 133.170 132.885 132.850 132.842 133.177 133.772 135.738 136.626 136.673 135.886 133.210 132.418 132.574 132.750 131.010 129.011 127.241 125.226 124.334 123.987 123.968 124.816 124.850 123.766 122.789 122.750 122.690 124.251 124.848 124.556 124.787 124.157 123.033 124.611 127.728 127.153 122.244 123.111 126.502 132.082 132.254 132.887 134.467 135.826 138.251 140.236 143.577 142.676 139.555 137.073 135.786 134.625 132.854 131.002 130.881
131.375 131.234 131.015 130.944 130.894 130.939 130.139 129.344 129.737 130.002 131.146 132.442 131.291 131.774 132.266 132.627 132.899 133.602 136.727 135.141 135.576 136.089 132.199 131.376 132.201 131.799 131.582 129.525 127.507 124.667 122.597 122.148 123.179 123.764 124.936 122.680 122.372 122.691 123.333 124.625 124.429 124.470 125.140 124.439 123.045 117.706 124.695 129.701 127.919 124.744 128.358 132.434 134.384 134.625 135.099 137.150 140.793 143.931 142.666 139.098 136.983 135.707 134.030 132.431 130.791 129.691 130.956
130.599 130.396 129.853 129.658 130.127 130.510 129.053 128.584 128.750 129.174 131.210 130.697 130.357 131.251 131.767 132.292 132.890 133.579 135.792 133.972 134.255 136.897 132.664 130.367 131.296 130.944 131.172 130.332 127.968 125.220 123.147 122.075 122.956 123.380 124.743 122.276 121.982 122.272 123.774 124.861 124.931 124.629 124.686 124.782 123.189 120.798 121.962 128.646 132.577 132.107 132.602 133.610 134.379 137.107 138.974 139.976 141.175 144.220 137.984 136.188 134.770 133.135 132.139 130.343 128.926 129.762 130.622
129.725 129.264 128.858 129.217 129.840 129.853 128.117 127.710 127.782 128.448 130.370 129.027 129.801 130.805 131.518 132.025 132.782 133.823 135.111 134.175 133.553 136.204 131.706 129.245 130.516 130.088 130.237 130.676 128.480 125.476 123.175 121.486 121.827 121.877 122.904 123.637 123.035 122.483 124.406 124.968 125.085 124.895 124.442 124.325 124.853 125.129 124.578 127.671 131.258 133.581 134.210 134.528 136.493 138.459 138.618 139.121 141.349 143.434 136.676 134.514 134.227 132.956 130.152 128.785 129.422 130.171 130.311
128.355 127.754 128.197 128.975 129.005 128.171 127.048 126.920 126.894 128.210 128.206 127.744 128.813 130.298 131.246 131.745 132.865 134.060 134.967 133.732 133.461 135.191 130.468 128.766 129.722 129.176 129.344 130.413 128.770 125.869 123.137 120.275 120.149 120.390 120.479 122.342 123.319 123.454 124.221 124.870 124.847 124.595 124.017 122.835 122.595 125.235 126.007 127.143 130.752 132.844 133.730 135.395 136.324 136.164 135.258 136.373 140.101 143.508 137.671 131.778 132.089 131.724 129.738 129.256 129.958 130.229 130.183
127.028 127.043 127.689 128.869 127.067 126.583 126.422 126.344 125.832 128.146 126.858 127.196 128.108 129.752 130.748 131.411 132.741 133.960 134.969 133.513 134.099 133.617 130.484 128.971 128.793 128.694 128.556 129.579 128.877 125.161 122.211 120.039 119.251 120.661 120.464 121.889 123.434 123.623 123.934 124.438 124.640 123.843 123.121 122.420 119.970 122.635 126.768 129.222 131.404 132.227 132.756 134.703 134.687 134.978 134.679 135.760 139.363 143.363 138.417 129.311 130.444 131.033 130.372 130.080 130.343 130.307 130.096
125.873 126.043 127.274 127.541 125.675 125.275 125.859 126.161 126.153 127.299 127.011 127.038 127.848 129.165 129.958 131.230 132.611 133.845 135.036 133.569 134.050 131.621 130.156 129.317 127.344 127.296 126.963 126.938 125.900 124.050 119.381 117.187 119.965 120.812 120.528 122.388 123.336 123.533 123.922 124.261 123.608 123.074 122.810 121.279 120.449 123.991 127.254 129.608 131.402 131.745 132.614 134.176 135.104 135.107 134.116 136.084 139.689 143.073 139.112 131.998 128.455 130.590 130.056 129.927 130.292 130.230 130.332
125.138 125.170 126.606 126.168 124.178 124.466 125.316 126.222 126.462 126.899 127.132 127.029 128.176 128.962 129.397 131.006 132.409 134.200 135.014 132.891 130.753 129.065 127.542 128.808 125.878 125.246 124.779 123.545 120.458 119.895 117.566 118.129 120.633 120.346 122.011 123.211 123.536 123.312 123.601 122.395 121.680 121.644 122.043 120.820 123.023 125.820 127.596 129.077 130.608 131.547 132.790 134.189 135.053 134.371 134.889 136.988 141.541 142.118 137.556 131.335 127.508 129.350 129.580 129.984 130.278 130.172 130.730
125.434 125.105 126.531 125.138 123.423 124.508 124.869 125.911 126.654 126.980 127.188 127.586 128.319 129.020 129.527 130.863 132.575 134.902 133.410 129.977 128.819 126.478 125.533 127.533 125.750 123.973 122.288 121.701 119.718 117.532 119.327 119.852 120.271 121.440 122.632 123.289 122.944 121.727 121.496 121.686 121.713 121.810 121.231 120.966 123.617 126.248 127.848 129.217 130.220 130.953 132.401 133.999 134.412 134.339 136.064 140.080 142.353 139.178 135.125 130.807 128.392 128.209 129.201 129.496 130.061 129.907 130.202
