tests/3D/PSQL_test/output_maps/SWEDENSITYN0003.asc
ncols         295
nrows         180
xllcorner     627200.000000
yllcorner     5109000.000000
cellsize      200.000000
NODATA_value  -9999.0
[rows 93 to 123 of 180, columns 204 to 271 of 295]
120.424 119.708 119.383 118.793 118.064 119.858 119.348 119.975 130.509 141.241 160.406 174.810 174.378 174.112 173.749 173.290 173.091 172.887 172.417 171.946 172.015 171.473 171.118 169.709 156.569 147.845 141.367 130.850 125.509 119.708 115.187 116.515 118.735 119.891 118.842 119.409 115.221 110.977 107.362 104.171 101.627 98.535 98.133 97.117 96.132 95.744 94.541 94.051 94.617 94.964 95.679 96.281 96.933 97.548 96.903 98.484 98.492 102.165 104.977 108.251 112.584 116.461 121.297 122.842 120.962 121.841 126.210 130.532
120.262 119.638 119.076 118.413 117.769 119.199 119.664 126.952 135.902 151.599 160.413 175.032 174.740 174.447 173.978 173.589 173.280 173.054 172.559 172.513 172.031 171.558 171.629 169.224 156.108 144.704 138.166 128.179 122.738 120.627 119.570 121.288 123.623 124.927 121.952 117.419 113.267 108.815 105.396 101.929 100.208 98.246 97.844 97.395 97.583 97.551 96.258 95.419 95.113 95.574 95.832 96.353 97.121 98.811 99.904 102.889 102.300 105.328 107.884 110.621 113.822 116.999 121.869 127.609 127.960 127.277 131.932 131.989
120.007 119.438 118.727 118.228 117.703 118.786 121.419 129.000 137.864 153.413 163.618 173.765 174.781 174.717 174.388 174.061 173.641 173.303 172.879 172.636 172.134 171.818 171.691 170.152 157.422 147.712 139.253 131.277 125.518 123.521 124.205 126.786 128.411 123.072 118.126 115.499 112.068 106.108 103.252 100.133 98.801 97.693 97.462 97.525 98.030 97.795 96.519 95.589 95.389 95.855 97.829 97.098 97.563 101.484 105.409 107.711 108.853 109.353 110.311 111.843 114.548 115.979 119.166 123.619 128.636 132.316 130.398 123.651
121.341 120.767 119.684 118.319 118.136 118.266 119.837 125.986 138.070 153.925 163.544 175.683 175.351 175.271 174.730 174.358 173.906 173.462 173.285 172.667 172.321 172.430 171.836 169.830 160.078 150.986 138.269 129.597 125.585 126.796 129.353 132.553 127.252 120.767 117.028 113.731 109.684 105.352 101.399 98.208 97.297 97.027 97.133 97.221 97.836 97.861 96.384 95.619 95.499 95.745 98.245 101.792 102.527 104.607 106.260 112.790 113.771 113.322 113.184 114.641 116.480 117.727 120.010 123.661 130.094 133.597 129.615 122.744
122.390 125.222 122.751 119.612 118.410 119.585 124.798 127.782 141.169 154.687 162.669 176.551 175.834 175.725 175.162 174.761 174.089 173.704 173.419 172.780 172.591 172.589 171.973 171.192 155.812 147.396 137.416 131.835 133.084 135.609 135.611 129.160 126.681 123.588 118.909 113.461 108.747 103.461 99.978 97.227 95.840 95.679 96.544 97.532 98.184 97.626 96.322 95.339 94.468 95.163 98.302 103.196 108.789 110.659 110.657 111.785 114.629 118.504 116.488 117.670 121.078 121.797 123.415 128.036 133.471 131.119 126.880 124.264
123.339 129.013 128.554 123.898 119.320 119.081 131.377 136.764 141.426 152.097 169.121 176.463 176.059 175.824 175.403 175.071 174.645 174.127 173.633 173.152 173.031 172.471 172.012 170.493 154.291 143.687 138.777 141.377 138.914 133.046 128.275 126.122 124.247 120.178 114.411 111.468 107.124 102.277 99.298 97.115 95.885 95.423 97.118 98.156 99.001 97.496 96.361 95.158 94.342 95.916 98.111 102.020 108.444 111.873 116.492 116.223 116.241 119.153 120.039 121.997 125.581 127.357 128.996 133.358 131.931 125.677 120.851 119.490
138.078 135.624 134.794 127.920 123.061 127.474 138.134 146.955 151.187 165.437 177.886 176.833 176.563 176.103 175.735 175.283 174.746 174.293 173.755 173.512 173.281 172.610 172.218 169.517 153.642 144.067 144.715 142.530 134.442 129.816 127.436 125.192 121.252 117.215 112.012 107.606 105.966 101.456 98.210 97.326 96.605 96.022 97.838 99.171 99.370 97.585 96.672 95.870 95.310 95.201 98.090 101.906 106.503 107.468 113.819 120.654 122.194 120.402 123.821 122.876 129.991 132.444 133.205 130.728 127.826 122.297 117.021 113.131
160.043 158.718 159.931 156.158 156.379 155.943 162.186 168.605 173.321 177.855 177.947 177.302 176.806 176.480 175.981 175.580 175.189 174.447 174.057 173.772 173.250 172.736 172.232 166.763 156.555 155.622 144.509 138.405 133.756 131.581 129.008 124.415 119.825 114.714 109.267 105.176 102.955 99.967 97.164 97.442 97.820 97.358 98.594 100.742 98.973 98.282 97.437 96.675 96.132 96.731 97.822 100.329 103.861 105.123 111.576 117.705 121.947 126.432 127.249 125.637 129.812 133.135 129.988 127.920 123.420 121.242 116.465 112.141
178.796 180.200 180.466 180.474 180.667 179.189 180.120 179.570 179.411 178.770 178.274 177.671 177.407 176.861 176.406 175.963 175.177 174.761 174.440 173.849 173.382 172.847 172.232 161.302 150.495 150.258 146.643 141.616 136.791 132.056 130.329 124.444 118.657 112.369 107.281 104.154 100.723 97.798 97.185 97.689 99.194 98.270 99.239 101.693 99.845 99.046 98.332 97.552 97.521 97.616 100.199 101.292 105.037 108.634 113.851 119.865 126.958 130.393 131.782 132.954 132.254 128.912 127.971 124.847 124.301 120.511 117.003 112.538
181.490 181.849 181.858 181.865 181.695 181.350 181.012 180.691 179.866 179.257 178.792 178.126 177.638 177.415 176.916 176.161 175.422 175.059 174.801 174.101 173.503 172.942 167.851 156.719 149.393 147.884 144.985 139.390 133.313 128.575 125.986 122.894 116.466 110.397 106.172 103.076 99.569 97.727 97.420 98.074 99.907 99.536 99.583 101.970 101.182 99.761 98.789 97.703 97.911 100.896 102.574 104.343 109.649 111.538 116.437 121.611 131.212 132.807 130.807 129.706 126.833 128.434 124.304 121.377 119.958 120.091 117.219 113.737
182.448 182.759 182.786 182.706 182.517 182.132 181.824 181.013 180.411 179.837 179.220 178.673 178.216 177.859 177.058 176.347 175.744 175.253 174.785 174.152 173.520 167.326 158.513 153.887 149.776 146.930 143.488 138.178 132.129 126.103 120.058 116.280 116.091 109.132 105.352 101.287 98.522 97.277 95.807 97.411 99.211 101.231 100.742 102.609 101.807 99.982 98.942 98.238 99.401 103.939 105.402 108.711 113.805 117.311 119.674 123.357 129.280 130.825 124.300 124.554 122.021 127.044 125.425 119.407 115.587 115.480 113.474 113.672
183.333 183.581 183.626 183.457 183.163 182.928 182.590 181.894 181.026 180.489 179.728 179.035 178.696 178.015 177.354 176.693 176.137 175.607 174.927 174.269 169.248 159.206 153.754 151.435 146.984 144.489 142.143 136.657 129.513 126.116 120.194 114.018 109.311 108.036 102.455 99.235 97.265 96.907 95.794 96.409 97.952 100.307 102.562 104.253 102.035 100.416 99.179 98.502 99.808 104.807 110.179 112.772 117.670 122.679 125.456 125.915 133.527 128.781 122.917 118.513 117.767 123.298 126.133 119.399 115.293 112.165 109.045 108.040
184.218 184.426 184.498 184.331 184.012 183.729 183.330 182.399 181.747 180.931 180.208 179.551 179.155 178.239 177.617 177.014 176.508 175.672 174.689 173.824 165.122 156.332 149.826 145.729 143.246 141.307 137.749 133.228 125.898 121.230 117.612 111.969 107.086 104.177 101.742 98.738 97.198 96.887 96.395 96.204 97.189 99.407 103.012 105.339 102.647 101.033 100.027 98.719 101.108 105.213 110.914 117.021 120.107 124.450 132.820 130.737 133.396 126.970 121.203 116.706 114.880 119.174 124.018 119.740 115.424 111.853 107.924 103.873
184.931 185.275 185.281 185.204 184.865 184.448 183.978 183.050 182.323 181.546 180.817 180.116 179.135 178.522 177.939 177.389 176.583 175.801 174.427 169.436 163.624 153.995 148.067 145.216 140.268 135.572 132.040 125.412 120.135 115.317 111.405 108.528 105.267 101.793 100.134 98.486 97.678 96.677 96.129 96.019 96.432 98.943 102.953 106.424 105.508 103.704 100.801 99.717 101.054 105.942 112.033 119.175 123.457 128.695 133.257 126.939 125.914 121.145 118.490 113.918 111.516 115.455 120.647 121.649 115.790 113.322 108.305 104.499
185.671 186.065 185.843 185.768 185.573 185.196 184.584 183.751 182.844 182.179 181.217 180.180 179.601 179.031 178.312 177.456 176.713 175.542 171.904 165.980 157.439 152.162 147.181 141.504 136.104 131.226 126.100 117.402 113.682 111.860 107.480 104.286 102.857 100.363 98.973 99.525 98.458 97.575 97.069 96.557 96.151 99.109 102.576 105.401 108.167 104.921 102.464 101.835 103.613 107.185 110.527 119.167 126.053 131.452 129.233 121.924 120.079 115.364 112.399 109.829 108.780 113.137 116.991 119.781 116.824 113.010 109.738 105.213
186.330 186.436 186.514 186.441 186.215 185.687 184.994 184.369 183.471 182.466 181.463 180.710 180.007 179.041 178.284 177.481 176.626 174.085 167.186 162.332 156.956 150.792 144.891 138.220 131.353 126.516 122.728 114.713 109.726 108.386 104.980 101.972 100.314 98.757 97.865 98.536 99.224 98.825 98.418 97.561 96.650 99.230 103.034 105.871 108.566 106.058 104.633 105.794 107.391 109.924 111.636 118.414 126.284 133.311 127.845 122.572 118.868 113.880 110.339 108.002 106.505 110.637 113.743 115.562 118.083 113.851 110.642 105.575
186.772 187.015 187.206 187.048 186.623 186.134 185.459 184.497 183.638 182.748 181.966 180.637 179.452 178.634 177.935 177.015 169.309 164.751 162.337 157.972 155.268 150.008 141.458 134.602 126.447 121.295 116.007 110.883 107.988 106.053 103.311 99.820 98.401 97.545 97.225 97.787 99.262 101.101 100.896 100.585 99.195 100.479 104.083 106.789 110.136 105.818 107.316 111.377 112.081 114.519 115.633 120.091 128.500 133.283 127.058 122.380 118.048 113.188 109.452 106.932 105.179 106.415 109.882 111.895 114.633 115.218 111.826 108.162
187.019 187.290 187.495 187.690 187.604 186.999 185.928 185.001 184.198 182.737 181.832 180.477 179.176 177.802 175.475 166.411 161.363 159.529 156.015 154.317 150.795 143.656 137.924 130.262 122.742 115.981 112.446 108.855 106.342 104.418 101.437 99.092 97.855 97.164 96.609 96.469 97.818 99.607 103.079 104.462 104.369 103.521 105.864 110.555 109.180 106.548 107.613 112.074 117.745 118.689 120.297 123.697 131.496 132.614 125.780 120.751 116.413 112.808 108.865 106.302 104.360 103.132 105.438 109.066 111.296 114.448 110.944 108.643
186.765 187.396 187.874 187.716 187.179 186.298 185.208 184.442 183.538 182.682 181.408 178.263 171.489 167.722 164.716 160.992 158.825 156.857 153.802 150.273 144.338 138.505 133.448 126.351 119.207 114.201 109.396 106.666 105.412 103.566 101.241 99.245 97.419 96.831 96.517 95.972 96.576 98.296 101.092 104.636 107.801 107.971 108.407 111.335 111.624 107.998 109.075 112.564 116.564 122.657 126.040 127.641 133.287 131.444 126.996 122.999 118.036 113.487 109.286 106.512 103.312 101.211 103.097 106.336 109.151 111.641 112.365 108.775
187.057 186.527 173.736 166.993 164.938 170.465 166.355 162.952 160.774 160.535 166.841 163.327 158.401 162.181 160.242 155.663 154.181 152.577 148.857 144.422 139.471 132.763 127.152 121.882 115.904 110.264 107.369 105.772 104.286 103.047 100.766 99.304 97.829 97.539 95.774 95.195 94.920 96.988 99.397 101.964 105.062 109.119 112.069 112.248 115.377 110.079 111.270 115.395 119.810 122.983 127.462 133.235 129.181 124.106 121.954 118.288 118.112 115.905 111.818 107.186 103.758 99.507 100.787 102.862 106.008 108.801 111.695 108.474
183.313 164.757 154.447 149.240 149.227 151.976 167.359 153.879 147.795 147.182 150.626 153.479 154.731 161.387 154.715 152.699 148.901 144.719 140.313 137.114 132.432 126.047 123.171 117.714 112.037 107.578 105.624 104.518 102.927 102.309 101.934 100.790 99.400 98.529 96.224 94.945 94.878 95.449 97.208 100.686 103.614 106.913 112.192 116.387 114.361 112.051 113.541 115.964 121.474 129.054 132.085 128.094 126.585 124.760 118.473 113.422 110.794 109.947 109.981 108.230 103.535 99.719 98.022 100.183 104.005 106.974 109.628 110.033
172.501 153.689 140.625 137.533 137.348 148.249 153.131 156.579 145.430 144.381 148.147 150.985 154.862 153.832 150.750 146.967 141.819 137.465 134.388 130.751 123.761 120.448 117.868 113.917 109.007 106.206 104.486 102.908 101.515 102.302 104.622 103.006 101.375 99.191 97.326 96.167 95.357 96.773 96.494 100.172 103.175 106.374 111.741 117.080 117.833 115.727 115.232 117.076 123.619 132.121 127.826 123.024 120.604 121.414 119.076 112.806 109.103 106.882 104.923 104.380 104.279 100.426 97.925 98.567 102.577 105.744 107.192 106.054
155.013 141.986 134.789 130.162 132.537 138.632 143.226 147.771 145.504 142.654 145.649 151.284 155.374 150.143 145.867 141.127 135.578 132.148 128.767 121.612 117.177 113.954 111.880 110.517 106.741 104.575 103.049 101.326 100.746 101.225 103.599 106.526 104.935 100.987 100.401 98.899 98.272 98.878 98.027 99.921 102.914 106.484 110.803 115.476 118.092 120.469 117.548 117.673 122.526 129.763 128.940 122.207 117.389 116.515 115.945 114.132 110.366 105.494 102.689 100.632 99.478 101.388 98.574 98.323 101.035 104.335 104.061 102.118
144.379 134.642 128.984 127.910 128.445 132.463 133.975 135.549 139.286 143.304 150.459 148.586 148.313 146.308 142.503 135.349 129.413 126.062 120.856 116.876 112.936 109.324 106.955 105.528 104.168 103.720 101.534 100.600 100.620 102.131 103.658 105.939 107.324 103.682 103.130 102.666 101.752 101.852 99.783 100.686 103.388 106.511 109.875 113.405 117.097 124.052 120.653 122.059 125.702 132.831 127.422 121.351 116.112 114.761 112.728 110.662 109.268 105.408 102.161 99.455 97.480 99.110 98.333 97.328 99.174 101.912 99.918 97.993
135.529 130.721 127.692 126.837 127.942 130.325 131.517 131.658 137.652 143.857 146.996 145.536 143.757 139.933 142.141 134.854 125.918 120.804 116.650 112.498 110.382 106.430 103.672 103.910 103.924 102.750 101.657 101.053 100.771 102.907 105.099 105.687 109.175 106.761 105.583 105.871 104.489 103.841 101.951 102.388 106.107 107.657 110.051 112.881 117.500 124.093 125.941 124.239 129.086 131.400 126.123 120.927 116.598 115.247 113.294 109.553 107.445 105.743 103.567 100.964 98.157 97.627 98.441 96.480 97.015 99.032 97.940 95.458
130.149 126.791 126.804 126.795 127.849 129.932 130.747 132.315 139.166 146.325 142.954 140.267 139.859 135.597 131.341 133.453 125.085 118.985 113.005 108.742 106.122 103.776 101.985 103.167 103.615 102.939 102.752 103.391 102.824 102.720 104.382 108.380 109.392 109.082 108.746 109.277 108.184 105.428 104.740 106.012 108.885 110.762 111.852 113.318 116.753 120.442 125.039 129.921 132.270 131.385 129.053 123.210 119.961 117.712 113.972 110.605 107.605 106.437 104.301 101.618 98.262 97.518 97.358 96.237 95.320 96.127 94.289 93.175
128.620 127.021 126.801 126.746 128.096 130.289 131.661 135.063 141.879 142.566 138.177 134.808 131.867 128.966 127.085 125.056 126.667 118.494 111.406 107.247 104.520 102.295 102.147 102.767 103.150 103.518 103.829 104.776 104.643 103.872 104.822 107.426 110.764 111.027 111.314 111.376 109.880 108.202 106.712 109.615 112.126 113.044 113.914 114.734 117.534 118.244 123.664 131.852 129.909 125.682 129.633 127.752 123.148 119.260 115.054 110.876 108.341 106.534 104.250 101.812 99.070 97.631 96.340 96.176 94.254 94.261 92.729 90.964
128.730 125.538 125.817 125.715 127.199 130.080 133.732 137.654 138.244 139.902 135.533 129.217 127.167 126.146 124.136 120.767 119.626 119.011 111.112 106.647 104.577 101.199 102.371 103.042 103.033 106.159 106.325 107.195 107.965 106.323 105.430 106.875 109.720 114.393 113.101 113.394 111.869 108.408 108.621 111.840 114.632 114.299 115.771 117.333 119.612 122.600 128.926 130.759 124.719 119.604 122.406 128.492 125.606 120.607 114.563 109.926 107.969 106.566 104.429 102.225 99.454 97.449 96.225 94.975 94.957 93.342 91.344 90.354
129.387 125.132 125.575 125.297 126.391 130.732 135.696 134.338 133.211 134.995 134.213 127.885 120.905 121.545 119.283 115.908 114.249 111.393 110.211 106.433 104.515 100.744 102.781 102.219 102.828 106.438 108.832 108.767 110.375 108.812 106.214 106.980 108.718 113.544 117.282 116.838 114.049 110.755 111.504 114.250 116.992 117.788 118.518 121.288 122.805 124.991 132.846 126.265 121.482 116.194 117.190 123.716 126.242 120.193 114.844 110.692 108.176 106.884 105.706 103.971 100.740 96.945 95.251 93.628 93.804 92.953 91.634 90.561
129.761 124.832 124.876 123.697 126.683 132.021 131.982 131.015 128.522 129.335 131.968 127.595 118.241 116.000 116.094 112.866 109.614 107.701 107.332 106.227 104.488 101.230 102.623 102.807 102.941 106.103 110.427 113.858 113.256 111.943 108.709 107.107 108.305 111.146 116.312 120.462 118.269 114.824 115.038 116.319 119.761 122.991 123.190 124.405 128.533 131.561 132.282 123.981 117.517 112.997 112.839 119.663 125.691 122.465 116.207 113.964 111.953 109.610 107.392 104.175 99.419 96.279 94.005 92.759 92.959 92.079 91.499 90.554
129.024 123.327 122.685 123.763 128.401 129.685 129.312 128.263 125.504 125.575 126.035 128.607 118.413 113.626 112.703 111.855 109.146 107.221 108.575 107.577 105.928 101.643 101.987 103.321 104.547 106.789 111.824 116.388 117.992 116.306 111.686 108.685 109.344 111.119 115.440 120.291 122.768 120.707 118.815 119.607 121.192 129.012 131.614 132.111 130.451 130.762 123.221 119.113 115.564 110.830 111.084 116.849 124.777 122.467 119.742 116.626 115.385 113.167 108.470 105.468 100.392 95.778 93.319 91.789 91.779 90.707 89.358 89.724
