tests/3D/PSQL_test/output_maps/SWEDENSITYN0005.asc
ncols         295
nrows         180
xllcorner     627200.000000
yllcorner     5109000.000000
cellsize      200.000000
NODATA_value  -9999.0
[rows 30 to 59 of 180, columns 0 to 67 of 295]
-9999.000 78.946 80.404 82.851 84.183 84.739 86.155 86.872 88.870 90.530 91.901 93.350 96.291 100.198 99.828 96.191 93.534 91.125 89.090 86.811 85.353 83.554 81.688 80.664 78.833 76.766 77.212 77.949 78.120 78.178 77.801 78.612 79.609 80.287 80.295 80.747 81.900 82.452 82.751 82.760 83.223 84.072 85.603 85.987 86.624 87.895 89.609 91.272 93.715 95.706 94.651 92.394 90.234 88.148 85.796 83.912 83.089 82.605 81.617 83.269 83.155 81.859 81.984 83.818 86.900 89.899 94.651 98.313
-9999.000 79.773 81.211 82.416 83.709 85.138 86.814 88.111 89.371 91.758 93.452 94.209 96.482 99.797 99.811 96.728 94.274 91.709 89.727 87.310 85.746 83.800 82.188 80.478 78.850 77.131 76.571 78.077 78.880 79.052 79.249 79.475 80.467 81.086 81.745 81.868 82.234 83.322 83.903 83.713 84.609 85.217 86.514 87.335 87.741 88.792 90.428 92.400 94.656 94.686 93.557 90.756 88.958 87.920 86.651 85.613 84.565 83.691 82.515 81.265 80.517 79.540 81.982 84.549 86.974 89.926 94.415 98.087
-9999.000 80.079 82.030 83.748 83.944 84.744 86.293 88.148 89.711 91.897 93.311 94.236 97.095 99.501 100.100 97.015 93.631 91.910 90.034 87.228 85.278 83.232 81.515 80.192 78.474 77.099 77.088 78.581 79.649 79.868 80.176 80.920 81.382 82.294 82.825 83.130 83.155 83.703 84.261 85.431 86.156 86.698 87.836 88.840 89.267 90.856 91.904 93.868 94.805 93.671 91.660 88.695 87.321 85.928 84.867 85.243 83.845 83.377 82.975 81.923 80.023 79.243 81.529 84.401 86.447 90.225 93.765 96.148
-9999.000 79.781 81.158 82.945 83.974 84.527 85.621 87.536 89.435 91.821 93.252 94.371 97.243 100.015 100.260 97.257 94.517 91.895 89.641 87.509 85.138 83.030 81.787 80.812 79.471 78.279 77.705 79.102 79.836 80.374 80.850 82.038 82.637 83.487 83.966 84.282 84.616 84.956 85.380 86.670 87.086 87.907 88.767 90.639 90.513 91.852 93.539 93.993 93.785 91.234 89.334 87.480 84.773 83.073 82.020 83.968 83.183 81.367 81.274 81.521 79.742 79.451 81.090 83.922 87.308 89.015 90.488 91.941
-9999.000 79.540 79.620 81.326 83.211 85.111 87.100 88.158 89.740 91.230 93.571 95.189 97.535 99.944 101.928 98.836 94.550 92.102 90.138 87.289 85.578 83.782 82.897 82.181 81.039 79.526 78.686 78.748 79.772 80.617 81.612 82.679 83.368 84.412 85.240 85.911 86.414 86.994 87.467 87.790 88.740 89.537 90.511 91.609 91.974 92.221 92.149 92.605 91.971 90.118 88.127 86.099 84.704 82.940 81.563 81.869 81.377 79.972 78.457 79.708 80.293 79.615 80.902 82.948 86.338 86.986 87.851 88.212
-9999.000 81.914 80.954 80.744 82.974 84.622 86.186 87.860 89.003 90.746 92.553 94.078 96.568 99.694 101.988 101.126 95.240 92.952 90.430 87.941 86.777 85.788 84.538 83.672 81.839 80.719 79.391 78.297 79.735 80.686 81.673 82.482 82.973 83.620 84.768 86.016 87.443 88.852 89.321 89.738 89.861 89.832 89.391 89.305 88.413 88.264 88.793 89.773 90.888 89.517 87.443 84.829 83.189 82.341 80.835 80.352 78.472 77.825 78.671 79.364 80.900 81.467 80.989 82.000 84.156 85.331 86.001 86.144
-9999.000 82.532 82.048 80.928 82.832 84.082 85.500 87.064 88.355 90.423 92.192 93.890 96.419 100.108 102.047 101.742 96.611 93.628 90.566 88.788 88.653 86.658 85.906 84.476 82.823 81.146 79.846 78.459 78.873 79.877 81.039 81.688 81.980 82.663 83.709 84.624 85.946 87.148 88.221 88.555 88.958 88.018 87.248 86.399 85.887 87.405 88.681 89.275 89.891 88.475 87.074 84.420 82.132 80.146 79.810 79.286 78.992 77.526 78.901 79.850 80.552 81.883 82.705 82.260 83.518 84.057 84.235 84.677
-9999.000 83.007 82.749 81.879 82.988 83.932 85.423 86.981 88.592 90.142 91.673 93.789 96.126 99.859 102.235 102.036 97.702 94.603 91.629 90.897 89.806 87.921 86.191 84.481 82.872 80.972 79.682 78.643 77.878 79.009 80.002 80.411 80.867 81.330 82.044 82.672 84.299 86.382 87.431 87.473 86.860 84.785 84.734 83.949 84.982 86.904 87.794 88.084 87.912 85.286 83.035 82.731 82.127 80.822 79.849 79.424 78.786 77.129 78.456 79.485 79.613 81.295 82.590 83.287 83.882 83.927 84.029 83.078
-9999.000 83.200 83.272 82.955 83.144 84.089 85.636 87.173 89.052 90.282 91.678 93.644 96.064 99.285 102.529 102.565 98.215 95.632 93.488 91.019 89.266 87.263 85.506 83.976 82.585 81.225 80.118 79.605 78.765 77.178 77.635 78.363 78.758 79.268 80.442 81.934 84.382 86.292 86.421 86.228 84.970 82.582 82.322 83.148 84.674 86.343 87.424 87.281 86.710 84.095 82.172 80.968 80.367 80.381 79.845 79.591 78.094 77.141 77.380 78.066 78.288 80.166 82.274 83.614 83.750 83.450 82.785 81.664
-9999.000 84.293 83.920 83.963 83.309 84.249 85.607 87.452 89.057 90.001 91.543 93.289 97.517 100.155 103.147 102.467 98.077 94.764 92.468 90.443 88.597 86.978 85.286 83.982 82.723 81.619 81.075 80.705 80.016 78.104 76.272 76.606 76.714 78.949 81.049 82.525 84.313 85.448 85.396 85.050 83.559 81.470 80.843 82.206 84.076 86.052 86.870 86.646 85.763 84.521 82.552 81.413 80.088 79.981 79.356 78.504 76.912 78.214 78.748 79.412 79.438 80.722 81.981 82.896 83.392 82.874 81.057 79.757
-9999.000 86.297 85.713 85.559 84.894 84.829 85.628 87.439 89.187 90.671 92.720 94.938 98.515 101.178 103.777 102.057 98.400 95.123 92.515 90.372 88.674 87.102 85.598 84.449 83.331 82.912 82.531 81.884 80.485 78.808 77.168 75.303 77.141 79.860 81.438 82.634 83.369 84.168 84.514 83.510 82.245 80.034 79.608 81.646 83.122 84.636 85.844 85.898 84.374 82.991 82.001 81.062 79.937 78.490 77.931 76.238 75.849 78.380 79.730 79.838 79.799 80.565 81.774 82.581 82.236 81.234 79.424 78.597
-9999.000 86.712 86.944 87.124 86.773 86.987 87.137 87.707 89.617 91.917 94.182 95.924 99.317 102.349 103.949 101.986 97.946 94.953 93.351 91.547 90.031 88.423 86.730 85.795 85.001 84.170 83.378 82.460 80.949 79.279 77.438 75.925 77.895 79.617 81.567 82.959 83.646 83.671 83.415 81.617 80.366 78.992 78.197 80.867 82.174 83.604 84.221 82.149 81.241 81.240 80.484 79.546 79.207 79.039 77.968 76.765 76.105 77.944 78.929 79.540 79.529 80.646 81.721 81.728 80.566 80.475 79.409 79.210
-9999.000 87.352 87.535 87.966 88.187 88.629 89.078 89.201 89.998 92.043 94.776 96.830 100.237 103.285 104.620 102.462 98.171 95.674 93.252 90.727 88.941 88.304 87.181 86.349 85.313 84.438 83.512 81.956 80.776 79.465 77.903 76.128 77.724 79.293 80.722 81.682 82.729 82.692 81.812 79.213 76.580 76.752 77.244 79.476 81.273 81.975 81.848 81.680 79.577 78.302 77.595 77.599 77.110 76.755 77.885 77.569 76.313 76.810 78.167 79.254 80.510 80.836 80.821 80.118 78.831 78.869 78.729 80.464
-9999.000 88.001 88.655 89.085 90.181 90.423 90.997 91.443 91.735 92.805 95.704 97.665 100.673 103.918 104.850 101.047 97.735 95.681 93.942 90.789 88.707 86.998 85.693 85.544 84.849 83.834 82.589 80.451 79.581 78.563 77.349 76.487 77.966 79.462 80.298 80.769 79.887 79.153 79.204 77.384 77.036 78.115 77.549 77.123 78.428 78.873 80.036 79.636 78.951 76.481 75.702 76.375 76.869 77.833 78.736 78.134 76.632 77.490 77.769 80.011 80.828 80.693 79.955 79.360 77.982 79.241 80.266 81.501
-9999.000 89.270 89.653 90.929 91.635 92.028 92.713 93.456 93.745 94.252 96.735 98.667 101.810 104.760 104.326 100.244 97.336 94.534 93.054 90.659 88.548 86.798 85.102 83.865 82.810 82.120 80.791 79.288 78.370 76.360 75.851 76.498 77.124 78.373 78.734 78.104 76.738 77.552 77.579 77.623 78.265 79.122 78.969 77.868 76.644 77.304 77.801 77.926 77.857 76.458 76.904 77.571 78.740 78.725 79.306 78.132 76.454 76.543 78.196 78.799 79.826 79.227 78.309 77.950 78.824 78.745 80.175 81.271
-9999.000 90.289 91.056 91.685 91.840 92.543 94.134 95.312 95.640 95.630 97.449 100.006 102.706 105.449 104.278 99.844 96.477 94.454 93.060 90.414 88.661 87.022 85.929 84.809 83.030 80.951 79.336 78.246 76.989 76.406 76.479 77.070 77.346 76.802 76.754 76.154 77.323 78.844 78.872 78.685 79.302 79.446 79.522 79.095 77.905 77.870 78.403 79.112 78.819 77.283 77.172 78.538 79.622 80.029 79.447 77.736 75.965 76.855 78.147 78.510 77.767 76.610 76.113 78.615 80.299 80.102 79.711 81.460
-9999.000 92.063 92.628 93.519 93.618 93.507 95.060 96.318 96.889 97.562 99.264 101.594 103.913 105.631 103.819 100.208 96.832 94.962 93.317 91.630 89.749 88.121 86.900 86.156 84.409 82.191 80.193 78.454 77.389 78.101 78.283 77.864 77.599 75.899 76.231 77.252 77.900 79.780 79.980 80.003 80.254 80.494 80.269 80.066 78.792 79.469 79.960 80.081 79.522 78.878 78.109 79.417 80.465 80.443 79.719 78.075 76.473 76.804 77.649 77.274 76.113 77.787 77.043 78.778 80.878 81.696 81.672 81.997
-9999.000 93.902 94.153 95.132 96.004 95.073 95.087 96.997 98.329 99.713 101.150 102.695 104.753 105.852 104.824 100.923 98.050 96.342 94.280 92.916 90.706 89.563 88.765 87.447 85.092 83.383 81.110 79.324 77.929 78.823 79.447 78.315 77.715 76.089 77.149 78.366 79.535 80.310 80.486 81.230 81.039 80.999 80.768 80.670 79.517 80.229 80.723 80.778 80.269 79.582 78.825 80.658 81.170 80.513 80.416 78.888 77.788 78.282 78.558 77.777 76.219 77.932 79.123 78.594 81.308 82.087 82.148 83.240
-9999.000 95.921 96.140 97.347 97.601 97.257 97.294 98.639 99.859 100.887 102.823 103.752 105.786 106.180 105.716 102.509 100.024 98.072 96.462 93.464 91.576 90.726 89.976 87.762 85.463 82.985 80.883 79.345 79.209 79.538 79.462 79.023 77.991 76.157 77.444 78.779 80.127 81.138 81.414 81.818 81.691 81.536 81.301 81.243 80.552 80.833 81.477 81.394 80.750 79.359 79.838 81.664 81.894 81.505 80.781 79.479 79.494 79.907 79.565 78.659 76.922 77.623 78.920 79.796 80.920 81.336 82.465 83.903
-9999.000 98.389 98.575 98.887 99.027 99.594 99.557 100.260 101.217 102.835 104.009 103.787 105.997 106.424 105.711 103.970 101.355 100.361 96.551 94.044 92.650 93.084 90.161 88.312 85.496 83.298 81.518 79.220 79.839 80.422 80.435 79.766 78.045 77.449 77.969 78.781 80.474 81.473 81.936 82.419 82.431 82.456 82.083 82.181 81.604 81.730 82.195 82.266 81.365 80.043 81.333 82.290 82.424 81.648 80.987 79.185 80.408 80.453 79.982 79.243 78.897 78.150 78.780 80.299 81.024 81.466 82.317 84.540
-9999.000 99.017 99.534 100.202 100.545 100.444 101.059 101.846 102.113 100.631 99.950 102.729 105.358 106.510 105.635 104.657 102.872 101.568 98.218 96.487 95.767 93.036 91.390 89.464 86.809 83.664 81.638 81.124 81.140 80.803 80.639 79.806 78.203 78.889 79.687 80.147 80.600 81.740 82.337 82.681 83.266 83.412 83.187 83.215 82.470 82.571 83.052 82.858 81.220 81.071 82.390 83.033 83.063 82.125 81.128 80.369 81.258 81.087 81.210 79.966 80.153 79.452 79.716 79.148 80.459 81.430 82.800 83.534
-9999.000 99.388 99.910 100.509 100.779 100.312 101.111 99.517 97.657 96.437 98.098 99.956 104.020 106.606 106.183 105.514 103.904 102.879 100.199 99.063 96.946 93.823 90.147 87.733 85.309 83.639 83.126 82.320 82.293 80.923 80.783 78.762 78.231 79.191 80.311 80.660 81.409 81.785 82.800 83.448 84.036 84.249 83.926 83.998 83.497 83.258 83.875 83.298 81.459 81.900 83.325 83.930 83.538 82.483 81.355 81.798 81.843 81.570 81.587 80.734 80.566 80.376 80.553 80.749 79.706 81.489 82.238 81.575
-9999.000 97.396 97.172 97.929 98.431 98.397 97.803 96.169 94.393 93.903 95.754 98.263 102.050 105.220 106.749 106.588 105.554 104.106 102.528 99.912 97.113 92.833 90.724 89.303 87.107 85.601 84.826 84.572 82.900 81.847 79.876 78.883 78.426 79.953 80.932 81.165 82.098 82.469 83.182 84.177 84.624 85.031 84.697 85.134 84.860 84.826 84.812 83.093 82.019 82.685 84.171 84.936 84.323 82.384 81.815 82.324 82.699 82.527 82.035 81.760 81.763 80.980 81.629 81.468 79.915 80.022 81.540 80.595
-9999.000 92.750 93.604 93.596 93.292 93.582 94.636 92.977 91.898 91.135 93.100 95.593 99.477 102.834 104.905 106.804 105.880 104.989 103.932 101.816 98.859 95.699 93.063 89.712 87.290 87.663 87.622 86.170 84.166 81.647 80.227 79.318 79.172 79.710 81.288 81.707 82.471 83.334 84.149 84.737 85.448 86.096 85.734 86.122 86.530 86.916 85.330 83.627 82.690 83.525 84.668 85.736 84.898 82.933 82.225 82.814 83.225 83.643 82.551 82.626 82.658 81.748 82.361 81.982 80.161 80.302 81.158 82.267
-9999.000 89.466 90.933 90.558 90.572 92.073 92.867 91.254 89.797 89.031 91.175 93.967 97.542 101.022 103.583 105.958 106.501 106.016 105.280 103.326 101.243 97.137 93.151 90.170 88.220 89.319 89.838 86.470 84.634 83.777 82.612 81.401 80.844 80.119 81.510 82.303 83.130 84.061 84.899 85.453 86.430 86.948 86.928 86.723 88.059 88.059 86.173 84.497 83.575 84.177 85.251 86.358 85.342 83.539 82.453 83.204 84.213 84.140 82.624 83.458 83.940 82.782 83.480 82.694 80.890 81.423 82.375 83.840
-9999.000 86.772 88.039 88.070 88.209 89.616 89.761 88.120 87.255 87.670 90.267 92.810 95.753 98.434 101.506 104.594 106.330 106.699 105.950 104.791 102.178 97.907 93.365 91.100 90.646 91.464 90.310 88.703 87.809 86.786 86.044 83.700 82.734 80.924 81.919 82.825 83.669 84.542 85.378 86.105 87.157 88.143 88.350 87.697 88.700 89.276 87.179 85.847 84.487 85.065 86.026 87.164 86.151 83.780 83.352 84.839 85.930 85.082 83.324 84.222 85.687 84.327 84.690 82.841 82.055 82.655 83.511 84.651
-9999.000 84.689 85.145 84.821 86.021 87.451 88.613 85.994 85.474 86.876 88.956 91.094 93.367 96.276 99.499 102.066 105.236 106.295 106.929 106.291 104.446 100.329 96.230 93.823 94.191 93.074 91.639 90.326 89.015 87.917 86.605 84.694 83.402 81.896 82.351 83.223 84.467 84.936 85.766 86.673 87.314 88.464 89.960 89.358 89.446 90.460 88.257 86.891 85.560 85.736 86.806 87.905 86.565 84.717 84.825 86.383 87.526 85.900 84.579 85.840 87.482 86.392 86.024 83.741 84.046 84.960 84.708 85.501
-9999.000 83.271 82.443 82.806 85.109 87.386 88.209 85.984 85.042 86.372 88.615 90.362 92.786 96.029 97.443 100.405 103.656 105.863 107.447 107.191 106.252 102.049 99.562 96.588 95.351 94.201 94.113 91.634 90.420 88.632 87.579 85.720 84.087 82.887 82.569 83.447 84.763 85.608 86.376 86.995 87.817 88.500 89.772 91.414 90.918 91.348 89.449 87.731 86.544 87.058 87.779 88.593 87.309 85.704 86.448 88.143 88.268 86.326 85.780 86.863 88.910 88.537 86.287 85.046 85.906 86.785 86.678 86.558
-9999.000 81.197 81.919 82.985 84.873 87.027 87.798 86.728 85.269 86.228 88.169 90.003 91.971 93.452 95.471 98.502 101.526 104.784 106.677 107.775 107.242 105.179 101.581 99.915 98.248 96.902 96.229 93.440 91.138 89.661 88.195 86.398 85.396 84.258 82.890 83.718 85.079 86.213 87.033 87.474 88.222 88.789 89.733 91.294 92.939 92.458 89.988 88.329 87.648 88.878 89.387 89.478 87.413 86.672 88.473 90.426 89.453 87.059 86.894 88.607 90.234 88.655 86.503 86.838 88.161 89.165 89.063 88.222
-9999.000 80.751 81.856 83.739 85.395 86.338 87.347 86.564 85.390 85.901 87.331 88.689 90.630 92.871 94.942 97.267 99.850 102.957 106.300 107.754 107.586 106.199 103.824 101.951 99.622 99.626 97.166 94.320 92.218 90.998 89.523 87.609 85.670 84.505 83.349 83.962 85.302 86.247 87.135 88.137 88.866 89.188 90.108 91.805 93.063 93.449 90.998 89.320 88.668 89.869 90.741 89.845 88.302 87.604 89.835 92.507 90.515 88.512 89.052 90.310 92.521 89.301 88.431 89.041 90.642 91.260 91.996 90.738
