tests/3D/PSQL_test/output_maps/SWEDENSITYN0022.asc
ncols         295
nrows         180
xllcorner     627200.000000
yllcorner     5109000.000000
cellsize      200.000000
NODATA_value  -9999.0
[rows 145 to 173 of 180, columns 201 to 267 of 295]
139.132 138.537 139.962 137.687 133.988 134.081 134.951 138.093 136.268 135.230 133.228 130.849 130.545 129.693 131.500 135.138 140.082 142.254 141.120 141.693 142.127 142.329 146.937 149.082 150.167 151.528 151.477 155.368 153.169 144.958 141.308 139.512 138.306 136.034 131.960 130.084 128.645 128.428 130.857 131.450 135.162 136.083 137.399 133.217 131.834 129.949 128.566 128.192 127.655 124.512 123.191 122.340 121.568 121.203 122.542 124.835 126.962 127.075 124.901 123.420 121.710 120.741 120.298 121.981 121.623 119.257 116.970
139.032 139.451 141.323 139.135 134.867 135.354 138.740 139.427 135.116 132.340 131.659 132.014 130.440 129.441 130.292 133.959 137.777 141.268 144.153 142.441 142.368 142.366 143.541 145.046 145.684 145.304 149.893 157.810 146.526 142.183 140.286 138.292 136.821 135.177 131.996 129.189 127.642 127.632 129.625 129.530 131.071 132.128 134.072 136.405 134.927 133.255 131.551 129.000 126.039 123.479 123.188 122.860 122.418 122.864 124.155 127.168 126.864 124.822 122.935 121.826 120.735 119.436 118.788 120.359 121.750 119.319 116.987
138.843 138.836 139.424 142.154 136.193 137.947 142.319 137.837 133.587 131.521 131.535 131.615 130.557 129.309 130.757 135.969 139.430 141.706 144.844 142.551 142.510 142.433 146.337 144.622 147.263 148.329 150.628 160.374 145.084 142.457 139.510 136.429 134.874 133.796 131.262 128.805 127.138 127.251 127.715 126.715 128.170 128.640 129.975 132.492 135.322 132.252 130.094 128.673 125.882 123.898 123.819 123.628 123.753 124.419 126.013 127.589 125.963 123.299 121.913 120.897 119.777 118.616 117.876 118.491 121.290 120.093 117.539
137.877 139.180 141.404 143.986 138.548 140.452 143.638 136.987 133.440 131.789 131.847 131.653 131.810 131.033 133.346 139.216 142.329 145.833 144.466 142.676 143.356 143.443 148.326 148.496 148.631 159.902 161.594 155.784 148.867 142.978 139.035 134.824 132.905 131.102 128.858 127.457 126.736 126.166 126.048 124.442 124.298 124.533 126.254 128.540 130.875 134.520 132.614 130.255 127.275 125.209 124.909 124.724 124.904 126.010 127.838 127.020 124.738 122.706 120.927 119.468 117.911 117.276 116.576 117.046 119.111 120.742 118.821
137.705 136.761 140.145 146.718 142.651 144.899 141.633 136.857 134.718 133.353 132.444 131.641 133.131 134.630 135.441 142.143 143.471 150.669 143.630 146.298 148.602 148.901 149.013 151.516 154.888 156.202 150.978 145.451 141.534 139.688 137.241 134.863 131.451 128.933 127.218 126.320 125.588 124.468 123.869 123.472 122.000 122.405 123.648 125.891 128.506 130.905 133.307 129.858 127.754 126.334 125.765 125.671 126.272 127.914 127.641 125.544 123.895 121.747 119.857 118.268 116.788 115.862 115.821 116.846 117.803 118.663 119.294
137.545 136.399 138.759 144.469 147.542 147.181 139.435 136.538 135.536 135.079 133.015 132.781 135.209 139.051 141.018 146.984 148.871 154.713 147.402 147.341 154.119 148.451 149.687 160.098 162.971 156.949 153.449 144.450 140.830 137.292 134.797 133.394 131.054 128.273 126.469 125.711 124.295 122.760 122.103 121.823 120.997 121.024 122.512 124.770 127.681 130.172 132.876 131.733 129.081 127.016 126.600 126.532 127.479 128.154 126.444 124.426 122.619 120.845 119.433 117.839 116.449 115.796 115.645 116.035 116.457 116.518 117.113
137.380 135.780 136.608 140.674 149.473 146.674 138.690 138.032 136.516 137.821 136.627 136.652 138.044 142.651 143.889 152.732 156.608 154.339 144.489 151.556 152.213 158.248 158.497 162.827 152.719 149.659 144.779 141.901 138.206 135.400 132.329 132.164 130.572 127.738 125.949 124.908 123.414 122.171 120.891 120.739 120.610 120.665 122.336 124.834 127.476 129.306 130.713 129.010 130.031 127.496 127.018 127.649 128.301 127.414 125.396 123.467 121.819 119.888 118.684 117.561 116.736 115.875 115.841 116.027 115.826 115.453 115.663
137.916 139.885 136.684 140.896 148.326 152.851 141.799 139.151 139.807 139.119 139.095 139.166 142.943 146.124 151.543 157.414 158.165 151.804 146.085 147.275 154.168 160.545 163.009 152.266 143.381 141.825 143.545 139.559 136.540 132.634 130.740 130.232 130.516 127.902 125.871 124.652 123.167 121.898 121.318 120.832 120.770 121.469 122.935 125.445 127.872 129.371 129.644 128.262 129.505 129.385 128.825 128.471 127.607 126.263 124.340 123.212 122.030 120.356 118.970 118.635 116.933 116.389 116.452 116.470 116.004 115.522 115.321
140.156 144.056 140.998 141.675 148.957 155.351 145.791 144.924 143.711 142.567 141.693 142.920 144.100 150.143 156.134 161.265 155.185 151.438 152.220 152.842 156.130 162.625 152.317 144.688 139.994 140.195 139.705 137.949 133.382 131.013 129.684 128.818 129.449 128.673 126.868 125.749 123.282 121.797 121.472 121.462 121.701 122.690 124.330 126.857 128.217 130.172 128.775 128.014 128.975 128.487 128.156 127.746 127.043 126.318 124.544 124.242 123.733 121.735 120.675 118.758 117.542 117.516 117.461 117.433 116.453 115.853 115.385
145.109 147.330 148.676 149.379 149.179 159.210 148.252 146.665 145.098 143.874 145.201 148.591 147.916 157.589 163.306 157.716 157.738 152.022 154.738 161.956 164.268 158.286 143.164 139.847 140.102 138.910 136.842 135.226 133.085 130.885 128.442 127.193 128.124 128.580 127.467 125.957 124.473 122.821 121.725 122.349 123.720 125.097 126.671 128.389 128.730 128.616 128.245 128.392 129.233 127.855 127.144 125.931 126.746 126.461 125.808 124.478 122.981 121.888 121.467 119.952 118.452 118.578 118.383 117.627 116.912 116.195 114.696
147.633 150.012 153.864 153.097 152.924 159.801 152.598 150.420 148.893 148.928 155.885 163.498 161.587 165.349 165.795 162.096 155.299 157.814 160.810 163.910 156.583 144.320 139.160 137.407 139.483 135.124 133.461 133.263 130.676 128.020 126.869 126.190 126.885 127.574 125.906 125.401 124.905 123.429 123.145 123.853 125.807 127.296 128.410 129.228 129.243 129.190 128.605 129.048 128.112 126.129 126.153 125.062 125.216 125.747 125.430 124.413 122.480 120.916 120.492 120.814 120.061 119.473 119.255 118.661 117.629 116.383 114.945
159.164 156.134 162.469 162.984 163.129 163.212 151.730 161.418 157.779 152.534 164.299 165.977 163.695 162.673 158.118 164.604 159.109 164.628 164.090 157.620 148.568 140.761 137.404 139.332 136.878 133.144 132.095 132.629 129.791 127.078 126.292 125.543 126.316 127.000 125.370 125.046 124.564 123.638 124.482 125.919 127.405 128.929 129.310 129.235 128.672 128.584 128.671 127.956 126.337 125.752 124.911 123.518 123.687 125.050 125.551 123.683 121.893 120.524 119.892 119.477 118.901 117.798 117.198 116.891 117.319 117.267 116.359
166.282 166.415 166.594 165.607 166.151 166.460 165.967 163.787 165.942 165.946 165.559 163.633 160.789 157.402 150.325 153.375 164.084 161.522 155.213 146.410 142.649 139.290 141.129 138.872 134.693 131.346 129.580 130.581 130.771 128.138 126.350 125.491 125.701 126.394 125.789 125.291 125.002 125.411 125.615 127.303 128.737 129.338 129.196 127.841 127.239 126.966 126.761 126.147 125.350 123.870 123.188 122.034 122.362 123.916 125.318 123.549 121.638 120.636 119.720 119.007 118.017 116.968 115.789 114.985 115.534 115.886 115.962
164.489 163.041 163.386 159.292 160.600 159.371 149.404 150.397 156.730 160.379 161.043 160.245 151.707 151.862 147.462 149.612 159.976 149.699 145.326 141.863 140.979 140.969 140.072 138.838 133.661 129.679 128.042 127.985 129.188 129.546 127.030 125.747 125.346 125.447 125.931 125.953 125.748 126.842 126.751 128.842 129.222 129.435 128.598 126.459 126.654 126.300 125.522 123.602 122.486 122.095 121.434 120.391 120.893 122.310 124.498 123.678 121.800 120.636 119.756 118.984 117.973 116.490 115.431 114.492 114.634 114.499 114.691
161.809 159.025 155.627 154.788 152.267 150.551 146.329 145.799 146.970 156.125 155.484 153.764 147.041 146.419 143.416 147.512 151.958 147.138 143.005 140.760 141.280 140.028 140.452 136.964 131.801 128.161 127.719 126.880 127.541 129.038 127.912 126.378 125.538 125.656 126.348 126.914 127.213 127.932 128.615 129.394 129.533 129.123 127.887 126.313 125.989 125.507 124.557 122.452 121.225 120.443 119.131 119.357 120.136 121.266 123.163 123.694 122.330 121.007 120.295 119.194 117.336 116.191 115.289 114.048 113.769 113.752 113.648
150.329 147.654 144.297 144.149 147.071 146.033 144.730 143.138 144.787 151.311 147.894 147.617 145.636 143.453 142.940 142.529 142.860 146.453 145.812 142.687 140.746 140.007 140.780 136.247 129.862 127.015 127.732 127.384 127.046 127.767 128.452 126.861 126.070 126.449 127.038 127.597 128.303 129.226 130.419 130.206 129.547 128.071 126.622 126.217 125.348 123.788 123.390 121.689 119.108 118.294 117.725 118.297 119.021 120.553 122.387 123.284 122.158 120.771 119.852 118.309 116.969 116.142 115.630 114.656 113.399 113.150 113.218
143.238 140.523 138.694 139.482 142.005 144.298 142.215 140.523 142.713 144.590 144.568 145.411 143.661 141.429 138.882 137.554 138.233 140.768 143.074 143.163 140.958 139.961 138.703 136.305 130.198 127.016 128.086 127.472 127.512 127.327 128.114 127.206 126.503 126.948 127.604 127.920 129.254 130.300 130.272 129.141 127.969 126.774 125.881 124.838 124.372 123.003 121.938 120.760 118.291 116.667 116.569 117.749 119.212 120.838 121.360 121.936 122.685 120.802 119.825 118.859 117.744 116.943 115.684 115.140 114.102 113.676 114.184
137.442 137.359 137.256 137.886 139.273 141.962 140.385 138.242 139.922 142.450 143.292 144.367 142.978 138.864 137.303 134.530 134.092 136.094 141.612 143.313 142.815 141.530 136.597 135.184 129.508 127.596 128.316 127.830 127.853 127.471 127.787 127.314 126.794 127.131 128.246 128.756 129.974 130.520 129.863 128.700 127.768 126.591 124.888 124.019 122.892 123.357 121.066 119.819 117.229 115.994 116.056 117.096 119.243 120.745 120.381 121.239 122.536 121.674 120.637 120.000 118.838 117.312 116.577 115.648 115.213 115.113 115.609
134.758 134.615 135.628 135.657 137.105 140.045 139.442 138.153 138.498 139.739 142.224 143.682 140.874 136.840 135.370 132.777 132.117 133.791 138.148 142.741 142.900 139.692 137.875 134.273 129.445 128.044 128.625 128.543 128.074 127.651 127.644 126.800 127.352 127.837 129.136 129.986 130.607 130.573 129.714 128.325 127.291 126.051 124.791 123.473 121.994 120.933 120.884 118.677 116.694 115.094 115.414 116.950 118.560 118.968 119.171 120.081 121.096 121.934 121.074 119.501 117.572 116.869 116.041 115.463 116.249 116.797 117.314
133.552 133.796 134.427 135.171 136.491 138.879 139.813 137.433 136.084 137.752 141.777 141.557 139.733 135.905 133.917 131.546 130.134 131.021 134.929 140.737 143.158 139.687 138.578 132.814 128.918 128.769 129.427 128.752 127.923 127.644 128.125 127.578 128.544 129.301 130.483 130.700 130.656 129.639 128.908 127.761 126.341 125.168 123.939 122.506 121.434 119.992 119.596 117.512 115.356 114.975 114.914 115.887 117.576 117.901 118.004 118.730 119.925 120.917 121.608 120.421 118.445 117.186 115.953 115.762 116.329 117.321 119.037
133.557 133.327 133.232 134.732 136.457 138.627 137.788 136.442 135.536 137.576 140.773 140.571 138.754 135.660 132.522 130.895 129.740 129.864 132.832 137.972 142.962 140.668 136.959 131.260 129.421 129.452 129.743 128.990 127.901 127.664 128.442 128.635 129.298 130.630 130.727 130.679 129.923 129.497 128.500 127.021 125.507 124.327 122.561 121.090 120.252 118.218 117.519 116.242 114.744 114.869 114.857 115.872 117.083 117.350 117.411 118.068 118.887 119.531 120.815 121.369 120.236 118.467 117.111 116.445 116.815 117.334 119.433
133.883 133.540 132.835 135.021 136.828 137.745 137.676 135.505 135.555 137.152 138.977 139.751 138.491 135.784 132.281 131.234 130.236 130.605 132.339 135.285 139.626 142.968 138.205 133.521 129.984 130.172 130.269 129.456 128.444 128.313 129.005 129.843 130.594 130.739 130.721 130.328 129.135 129.047 127.658 126.057 124.372 122.634 121.101 119.438 118.065 116.667 115.221 115.269 114.991 115.086 115.165 116.296 117.444 117.558 117.621 117.968 117.979 118.418 119.177 119.943 121.287 119.989 118.565 118.076 118.256 118.313 119.207
133.720 133.233 133.138 135.630 136.559 137.411 136.412 134.925 134.534 134.819 137.510 138.919 137.421 135.116 133.214 131.965 131.704 131.727 132.184 133.319 136.136 140.943 141.836 135.722 131.447 130.673 130.797 129.835 129.302 129.769 130.597 130.661 130.770 130.744 130.722 129.968 129.382 128.494 126.912 125.026 123.208 121.803 120.328 119.016 117.475 115.586 114.557 114.694 114.890 115.212 115.717 116.951 118.445 118.161 117.776 118.550 118.440 119.097 118.957 118.990 119.650 121.540 119.998 119.211 119.442 120.019 120.530
134.268 133.161 133.102 136.077 136.578 135.058 134.124 133.524 133.610 133.462 137.243 138.370 136.828 134.767 133.534 132.643 132.194 132.510 133.363 134.562 136.148 138.587 142.234 136.501 131.546 130.660 131.286 130.570 130.262 130.717 130.997 130.509 130.285 130.233 130.662 129.972 129.113 127.854 126.671 125.075 123.097 121.939 120.682 118.907 117.515 115.614 114.490 114.379 114.682 116.171 116.166 118.210 119.304 119.107 118.281 119.415 119.296 119.167 119.051 118.644 119.290 120.615 121.447 120.137 119.322 119.794 121.360
133.565 132.616 134.479 136.405 134.889 133.786 133.338 133.145 133.165 133.338 136.364 137.151 135.646 134.868 134.130 133.468 134.348 134.279 136.015 136.060 138.500 139.677 140.715 136.773 132.047 131.298 131.901 131.541 131.399 131.336 130.950 129.611 128.701 129.858 130.463 130.268 128.921 127.547 126.116 125.116 123.456 121.961 122.007 120.006 118.428 116.125 114.236 114.413 114.586 115.801 117.749 119.085 120.876 119.908 119.226 120.671 120.547 120.367 119.008 119.304 119.458 120.193 120.990 121.731 120.857 121.542 122.309
134.444 133.930 134.558 135.430 133.791 133.181 132.675 133.104 133.145 133.661 135.647 135.053 134.561 134.056 134.626 134.753 134.928 136.410 138.120 138.462 139.975 140.449 136.508 135.433 132.444 131.899 132.367 132.119 131.315 131.294 130.464 129.093 129.389 130.365 130.162 129.765 128.340 127.404 126.677 125.678 124.646 123.513 122.529 120.433 118.333 116.060 114.856 114.840 115.677 116.326 117.929 120.231 122.503 120.806 120.007 121.342 122.813 121.645 121.235 120.524 120.091 120.022 120.281 121.959 123.459 125.350 125.711
133.729 134.530 134.871 134.441 133.195 132.489 132.043 133.132 133.247 133.700 134.925 134.090 133.082 132.453 133.670 135.303 136.775 138.281 138.533 139.791 139.901 136.097 133.589 133.058 132.949 132.816 132.434 131.773 130.505 131.185 130.297 129.667 130.242 130.463 130.029 129.430 128.517 127.515 127.029 125.467 124.760 124.139 122.100 120.070 117.976 116.198 115.919 115.752 115.510 117.471 118.743 119.722 122.332 122.422 122.078 123.021 123.605 121.999 122.746 121.904 120.940 120.495 121.753 122.280 125.411 126.515 124.258
133.614 133.173 132.402 133.219 132.673 132.013 132.047 131.906 133.337 133.319 133.608 133.132 132.428 131.894 133.475 135.787 137.967 138.735 141.007 142.109 137.879 135.961 134.939 134.028 133.048 132.193 131.696 131.455 130.801 131.075 130.423 130.249 130.200 130.395 130.098 129.511 128.323 127.569 126.591 125.217 124.512 123.367 121.417 119.433 118.014 116.755 115.996 117.619 117.168 117.372 117.348 119.726 122.217 124.345 124.259 124.890 124.329 123.048 124.186 124.031 123.084 122.867 123.696 124.291 127.052 125.579 123.369
133.648 133.511 132.201 132.217 132.428 132.368 132.351 131.882 132.467 132.931 133.147 132.670 132.084 131.537 133.570 135.774 138.025 139.041 141.720 139.867 136.350 136.195 134.967 133.194 132.288 131.222 130.989 131.549 131.324 131.007 130.329 130.470 130.219 130.014 130.399 129.492 128.551 127.732 126.920 125.474 124.776 123.960 121.516 119.042 118.322 118.446 117.204 118.781 119.414 117.899 118.472 120.186 121.908 124.129 125.715 125.671 125.430 124.657 125.665 125.650 125.396 125.528 126.017 127.566 127.119 124.917 123.675
