tests/3D/PSQL_test/output_maps/SWEDENSITYN0047.asc
ncols         295
nrows         180
xllcorner     627200.000000
yllcorner     5109000.000000
cellsize      200.000000
NODATA_value  -9999.0
[rows 58 to 86 of 180, columns 134 to 200 of 295]
158.051 161.220 160.628 162.789 166.083 166.904 167.531 168.511 168.772 169.577 169.950 170.061 170.193 170.480 170.630 171.236 171.721 172.394 173.669 174.122 174.451 177.320 177.638 173.003 172.604 172.070 172.386 171.409 168.747 169.232 168.953 169.413 169.964 169.223 167.738 166.944 166.611 166.177 165.826 166.564 166.235 165.765 165.501 164.605 164.446 164.823 163.732 163.299 163.149 161.170 160.861 159.805 158.935 158.194 157.771 156.567 154.820 153.751 151.963 154.314 156.481 156.143 152.099 151.198 148.088 147.669 146.139
156.483 158.673 160.416 161.744 165.872 167.315 168.204 168.803 169.284 169.915 169.815 169.855 170.414 170.653 170.820 171.293 172.175 172.071 173.760 174.254 174.569 176.197 178.319 175.903 173.627 173.379 172.815 171.778 169.226 169.477 169.071 170.648 170.805 170.608 169.836 168.899 167.772 167.232 168.236 168.764 167.164 165.499 165.685 166.993 166.369 164.374 163.573 162.949 160.425 161.950 160.153 159.587 159.104 158.017 157.919 156.604 155.559 154.821 153.743 151.783 154.730 157.084 153.728 152.530 151.097 149.582 148.247
159.244 160.149 160.864 163.095 164.989 167.792 168.546 169.120 169.760 170.292 169.847 169.610 169.969 170.497 170.577 171.076 171.961 172.052 173.264 174.343 174.437 175.382 177.910 177.278 174.090 173.848 173.329 172.380 170.788 169.738 170.728 171.948 170.188 168.663 168.175 167.937 168.968 168.411 167.433 165.068 163.937 163.138 162.600 163.046 164.257 166.133 164.132 163.872 162.127 160.701 160.220 159.735 158.531 157.991 157.134 156.595 156.324 155.567 154.731 153.244 154.578 155.425 152.263 154.053 152.558 151.914 150.720
160.616 160.857 161.255 163.337 165.425 167.966 168.917 169.907 170.318 170.765 170.090 169.491 169.750 170.346 170.959 171.311 171.708 172.925 173.422 174.521 174.718 175.767 178.209 175.340 174.365 173.575 173.387 172.806 172.204 171.516 172.011 171.123 170.000 168.801 168.506 167.977 167.162 166.529 166.203 165.388 165.409 164.507 163.851 162.218 162.405 163.295 166.224 163.668 162.121 160.865 159.883 159.090 158.515 157.895 156.775 156.405 155.561 155.053 154.719 154.116 154.319 155.629 155.041 154.420 152.893 152.432 151.907
164.075 162.584 162.903 164.589 166.855 167.951 168.998 170.371 170.944 171.253 170.268 169.472 169.607 170.093 170.902 171.222 171.964 172.214 173.489 174.488 174.904 176.749 178.006 175.286 174.739 173.851 173.603 173.037 172.176 171.719 171.683 170.677 170.014 168.890 168.498 167.844 167.519 167.298 166.881 166.437 165.710 165.063 164.656 164.528 163.657 162.326 164.129 162.304 162.689 160.563 159.678 158.653 158.298 157.872 156.895 156.100 155.271 154.655 154.605 154.244 152.060 153.832 156.180 154.325 153.829 152.862 152.415
163.911 166.474 165.752 167.444 168.231 168.714 169.407 170.771 171.345 171.525 170.618 169.742 169.741 169.733 171.126 171.198 172.099 172.366 173.745 173.629 174.531 178.084 177.060 175.075 174.850 174.114 173.674 173.098 172.525 172.394 171.486 170.672 170.046 169.277 168.470 167.816 167.729 167.522 166.954 166.497 165.953 165.548 164.958 164.767 164.111 163.534 162.345 161.940 161.629 161.008 160.454 159.591 158.675 157.786 156.905 155.818 155.532 154.645 154.429 153.596 152.699 152.095 155.749 154.740 154.274 153.041 152.633
163.434 168.822 169.940 170.751 169.413 169.492 170.034 171.086 171.650 172.131 171.038 170.192 170.038 170.218 171.184 171.397 172.292 172.921 173.680 173.660 175.795 177.394 178.303 175.680 175.830 174.705 173.993 173.406 172.490 171.736 170.784 170.562 170.200 168.890 168.589 168.314 167.851 167.847 167.190 166.814 166.389 166.280 165.323 165.040 164.301 163.460 162.202 160.328 160.576 161.810 159.532 158.827 158.606 157.811 156.691 156.206 155.296 154.541 153.892 153.451 153.674 152.162 155.093 153.856 153.940 153.370 152.732
167.643 172.212 172.768 174.259 171.157 170.281 171.003 171.569 171.874 173.413 172.105 170.842 170.794 170.795 171.234 171.522 172.431 173.575 173.433 175.258 176.549 177.780 177.402 175.841 175.316 175.130 174.476 173.780 172.678 171.762 170.608 170.625 170.252 169.571 168.587 168.134 168.076 167.937 167.369 167.024 166.693 166.134 165.150 164.795 164.432 163.634 161.191 160.720 161.277 160.373 158.949 158.005 158.125 157.583 156.792 156.138 155.138 154.774 153.765 153.524 153.731 152.755 155.034 153.646 154.747 153.092 152.782
172.465 167.132 167.640 171.213 175.036 171.779 171.395 171.795 172.123 172.650 174.139 171.754 171.649 171.333 171.425 171.892 172.697 173.660 173.270 175.488 175.866 177.683 178.658 176.552 175.548 175.484 174.690 173.808 172.789 171.770 170.942 170.661 170.374 169.392 168.426 167.622 168.124 167.997 167.502 167.238 167.131 166.308 165.312 164.481 164.492 163.741 162.325 160.883 160.647 159.837 158.528 159.200 158.888 158.164 157.231 156.311 155.807 155.072 154.521 153.832 153.585 152.771 153.818 154.775 154.078 153.870 153.493
168.793 165.572 166.042 169.370 172.497 175.410 174.013 172.358 171.997 172.669 174.755 172.216 171.909 171.817 171.890 172.068 172.747 173.760 173.526 174.497 175.750 176.341 178.277 177.206 175.672 176.744 175.002 173.996 173.009 171.996 171.449 171.312 170.343 169.128 168.469 168.048 168.523 167.929 167.758 167.593 166.975 165.389 164.987 164.146 164.946 163.870 162.791 161.637 161.452 160.845 160.040 159.725 159.593 158.075 157.285 156.798 156.471 155.698 154.834 154.361 154.083 153.406 153.736 153.329 154.540 154.600 154.486
165.086 164.617 165.465 168.349 170.147 172.323 175.498 175.124 174.578 173.139 175.765 174.418 173.457 172.657 172.567 172.913 172.802 173.896 173.591 174.421 176.298 177.536 178.348 178.306 176.892 176.887 175.625 174.345 173.244 172.522 171.266 170.434 169.955 169.158 168.791 169.041 168.546 167.604 167.313 167.061 166.435 164.665 165.357 164.647 165.057 164.215 163.693 162.988 162.732 161.129 160.199 161.113 158.926 158.240 157.719 157.391 157.117 156.287 155.752 155.384 155.205 154.290 154.202 153.224 152.608 152.122 151.811
164.001 163.682 163.507 167.383 168.653 171.699 172.662 173.636 176.277 176.612 177.265 176.790 176.629 174.638 173.537 173.689 172.653 174.099 174.236 174.638 175.530 176.037 177.358 178.672 178.371 176.551 176.001 174.995 173.734 172.461 171.014 169.880 169.512 169.209 169.233 169.201 168.439 167.342 166.622 166.676 165.106 165.270 165.815 165.327 165.471 164.871 164.276 163.769 162.423 161.127 159.724 162.997 158.894 159.055 158.311 157.717 157.698 156.282 155.280 156.160 155.161 155.182 155.454 154.147 152.818 152.205 151.793
162.124 163.296 162.650 166.168 167.657 169.517 171.143 172.258 173.294 172.639 172.797 173.552 175.976 177.024 175.795 176.056 173.063 174.152 174.518 175.176 175.737 175.716 176.468 177.563 178.926 177.130 176.576 175.458 174.325 172.648 171.185 169.346 169.534 169.223 169.745 169.043 168.022 167.392 166.902 166.452 166.516 165.860 166.092 166.224 166.145 165.534 164.775 163.347 162.924 160.636 162.510 162.324 160.778 160.491 159.854 157.731 160.485 158.417 159.451 159.900 158.140 156.990 155.981 154.518 153.865 153.078 150.817
159.489 161.118 161.852 165.622 167.823 169.279 171.261 171.789 171.860 173.145 173.365 173.288 174.942 176.700 177.568 176.459 173.712 174.875 175.191 175.570 175.904 176.135 175.703 177.260 178.709 177.382 176.327 175.131 174.918 173.225 171.877 169.790 169.606 169.992 170.272 168.506 167.972 167.213 167.178 166.922 166.815 166.326 166.540 167.103 166.327 166.185 164.694 163.958 162.741 163.090 165.998 162.511 163.618 163.609 162.133 163.433 163.018 157.664 157.046 155.122 155.102 156.271 157.707 155.567 153.935 153.515 152.268
158.898 159.052 161.785 164.597 167.705 169.488 170.382 171.594 173.000 173.230 173.577 173.663 173.866 175.299 177.161 177.300 175.374 174.965 176.417 175.730 175.825 176.149 175.384 176.994 178.226 177.635 176.539 175.180 174.744 173.401 172.178 170.485 169.920 170.665 170.389 168.567 167.839 167.525 167.402 166.963 167.053 166.456 167.123 167.441 167.044 166.732 165.050 165.052 165.096 165.073 166.995 164.489 165.663 166.291 166.473 161.889 154.807 152.248 151.899 152.520 152.750 152.788 154.056 153.789 155.274 153.388 152.440
155.503 156.795 161.370 164.612 167.466 169.137 169.868 170.859 172.339 173.279 173.928 174.299 175.027 175.138 175.576 177.629 177.113 176.052 177.110 175.870 176.098 175.981 175.028 176.076 177.766 177.516 176.571 176.053 175.392 173.873 172.170 171.478 170.529 170.558 170.284 168.723 168.732 168.888 168.230 168.018 167.167 167.212 167.497 167.748 167.404 166.500 166.501 167.001 166.016 167.891 168.556 167.688 165.491 165.584 160.829 155.338 152.348 154.290 156.200 155.353 154.339 152.803 151.954 150.248 149.550 150.515 150.829
152.642 153.215 159.825 163.988 167.047 168.568 168.979 170.368 171.632 172.439 173.453 173.825 174.534 175.532 177.385 176.928 178.093 178.377 178.352 177.823 176.762 176.324 175.465 175.913 178.388 177.562 177.048 176.673 175.624 174.730 173.555 172.188 172.275 171.019 170.088 169.391 168.656 167.317 166.661 167.058 167.613 168.682 168.169 168.621 167.323 167.050 168.237 167.801 169.203 168.640 163.266 159.920 160.104 163.907 161.835 158.527 156.333 156.445 155.666 154.142 152.772 151.511 150.984 150.062 147.952 147.793 147.838
151.418 151.335 156.820 162.370 165.800 167.399 168.248 169.174 170.658 171.744 173.305 173.770 173.845 173.574 176.979 176.291 176.686 177.240 177.928 178.352 176.859 176.377 176.661 176.303 178.715 177.529 177.147 176.836 176.316 175.360 174.621 172.646 173.159 170.556 170.286 169.680 168.384 167.927 167.677 167.102 168.112 169.274 168.325 167.751 167.358 167.685 169.719 166.687 164.895 161.903 161.437 160.459 159.455 162.290 161.418 156.551 154.634 155.341 153.576 151.589 150.400 150.117 149.356 148.533 147.653 146.662 146.759
149.626 147.668 153.171 159.129 162.985 166.001 167.042 168.366 169.691 171.155 172.827 173.504 173.761 173.179 176.359 175.063 175.389 176.117 176.717 177.954 177.356 176.509 176.454 176.824 178.208 178.089 177.169 176.788 176.755 176.438 175.291 175.228 172.561 170.928 170.202 169.722 168.634 168.017 167.917 167.310 168.694 170.026 168.493 168.262 167.342 169.210 168.201 164.396 163.543 162.805 161.621 161.477 159.897 159.275 161.530 156.934 156.304 155.953 151.314 149.749 148.259 147.450 146.805 147.095 146.870 147.358 147.795
148.787 147.060 149.623 153.251 159.002 164.316 164.678 167.753 169.577 170.884 172.693 173.370 173.627 173.709 175.015 175.754 175.370 175.643 175.619 176.943 178.546 176.563 176.644 177.235 178.836 177.206 177.155 176.902 176.934 176.804 175.920 176.061 172.891 171.337 170.366 170.363 169.217 168.430 168.346 168.304 170.013 169.836 168.781 168.275 168.841 171.137 168.351 166.300 164.689 162.986 162.222 161.602 160.155 156.680 157.798 159.657 155.313 155.093 152.978 149.338 148.594 147.259 146.420 146.315 148.073 148.271 147.272
148.529 148.768 151.053 152.165 157.400 163.662 166.352 168.040 169.503 170.778 172.274 172.961 173.486 174.081 174.450 174.277 174.258 175.090 174.047 175.729 177.396 177.281 176.614 179.180 177.283 177.151 177.063 176.957 176.986 176.842 176.182 176.600 173.775 171.631 170.888 170.840 169.589 169.350 169.106 168.926 170.815 170.150 168.877 168.588 170.450 168.536 167.090 165.420 164.197 163.010 161.967 160.272 157.942 155.549 153.549 155.969 157.948 154.112 153.039 151.067 150.227 149.330 148.948 147.111 144.038 144.342 148.587
148.986 149.071 152.092 153.985 154.179 160.221 164.618 167.825 169.403 170.716 171.923 172.586 173.339 173.985 174.595 173.836 173.966 174.283 173.776 173.008 175.496 176.383 179.035 178.011 178.183 177.220 177.086 177.032 177.045 176.997 177.071 176.480 173.724 172.725 172.406 170.793 169.805 169.720 169.936 169.606 171.179 171.267 171.976 171.883 169.733 166.621 164.632 163.735 163.921 162.355 160.225 157.954 155.420 152.999 151.307 150.923 154.510 155.288 154.597 151.695 152.390 151.116 148.751 144.342 136.124 149.301 151.224
147.520 148.189 152.174 154.591 155.966 157.018 160.310 165.950 169.247 171.199 172.133 172.592 173.341 174.088 174.829 174.107 174.102 173.592 173.075 173.369 175.285 176.690 176.915 178.837 178.328 177.321 177.084 177.124 177.116 177.592 176.954 176.933 176.018 173.725 172.258 170.379 170.046 170.317 170.763 170.159 171.824 171.711 170.981 168.872 166.424 166.341 164.203 162.834 161.953 159.603 156.746 155.126 153.259 153.938 151.474 149.086 150.679 150.820 149.770 151.671 149.932 148.979 150.139 145.981 145.997 153.748 158.823
147.755 148.425 152.505 155.382 157.734 159.639 157.202 163.437 168.435 171.025 172.062 172.435 172.973 173.938 174.632 174.392 173.938 172.861 172.646 173.087 174.806 176.810 177.132 178.687 178.899 177.589 177.155 177.179 177.212 177.939 177.288 177.055 176.854 174.041 172.579 170.530 170.296 170.539 171.474 173.333 173.456 171.969 171.133 168.836 167.148 166.096 164.604 162.376 160.674 156.598 153.945 152.070 150.933 151.041 150.239 147.788 147.838 147.424 146.169 148.425 148.911 149.612 149.367 146.071 149.077 153.093 159.325
147.258 148.557 152.474 155.574 158.047 158.459 155.717 160.768 167.884 170.626 171.922 172.406 172.721 173.563 174.543 174.624 174.116 172.984 172.433 172.855 174.719 176.949 177.395 177.809 178.624 177.087 177.239 177.284 177.417 177.846 177.281 177.276 176.612 175.085 172.781 170.966 170.388 170.674 176.791 170.253 168.914 167.218 165.917 165.412 164.292 163.681 163.649 163.040 161.215 155.367 152.924 151.383 149.821 148.655 148.145 147.932 146.253 146.199 147.121 148.604 149.634 149.431 149.131 148.440 152.760 156.431 157.634
147.194 148.975 152.603 155.224 158.126 157.572 153.399 159.503 167.381 170.157 171.787 172.486 172.673 173.274 174.448 174.604 174.092 173.554 173.134 173.165 174.988 177.096 177.546 178.923 178.112 177.236 177.296 177.312 178.576 177.171 177.174 177.133 176.324 175.414 172.955 171.882 170.701 174.672 172.699 167.957 167.746 166.801 165.607 164.356 162.701 159.633 159.283 160.601 160.452 159.078 155.637 153.632 152.558 149.457 148.640 149.549 149.897 149.669 147.717 147.928 150.340 148.156 150.617 153.356 154.565 157.677 158.751
147.670 150.008 153.346 155.208 157.516 157.400 153.099 158.101 166.997 169.966 171.454 172.439 172.741 173.470 174.213 174.549 174.246 174.045 173.819 173.722 175.146 177.237 177.718 179.401 177.680 177.376 177.399 177.484 178.546 177.194 177.292 177.230 176.856 176.119 173.386 172.230 171.726 177.266 171.049 168.766 167.267 165.746 164.103 162.001 160.937 158.698 157.644 159.675 156.304 157.187 156.508 156.501 153.360 148.757 150.145 147.557 146.244 148.416 148.323 151.244 153.890 153.284 154.341 154.607 154.077 155.603 157.400
148.503 151.112 153.303 154.661 157.032 156.366 152.066 156.609 166.296 169.608 171.339 171.900 172.656 173.456 174.007 174.425 174.331 174.626 174.892 174.320 176.438 177.449 177.949 179.468 177.961 177.490 177.457 177.976 178.031 177.464 177.451 177.331 177.302 176.541 173.663 174.841 178.320 172.059 168.363 167.740 166.612 164.246 162.951 160.962 158.179 156.840 155.545 154.999 154.579 152.503 152.063 151.858 150.752 149.577 148.573 148.609 150.721 153.309 152.216 155.781 155.713 156.105 155.278 154.546 153.761 154.108 156.223
147.721 150.430 153.543 154.583 156.596 156.168 151.153 156.865 165.961 169.390 170.788 171.667 172.767 173.224 174.169 174.402 174.389 174.733 175.622 176.134 177.025 177.711 178.423 179.307 178.244 177.511 177.487 178.727 178.353 177.394 177.464 177.336 177.344 177.019 175.568 177.694 170.693 168.944 168.734 167.115 165.299 163.951 162.647 160.127 157.967 156.678 155.162 152.375 151.282 151.893 150.578 149.233 149.534 151.303 148.639 149.881 154.597 155.668 156.193 157.888 157.101 152.999 153.984 153.910 153.320 153.161 154.344
