tests/3D/PSQL_test/output_maps/SWEDENSITYN0036.asc
ncols         295
nrows         180
xllcorner     627200.000000
yllcorner     5109000.000000
cellsize      200.000000
NODATA_value  -9999.0
[rows 116 to 144 of 180, columns 201 to 267 of 295]
180.909 177.783 172.217 152.758 149.583 148.039 148.767 148.221 150.297 151.005 151.926 154.940 158.257 165.365 164.499 164.446 162.885 159.643 153.258 149.497 147.434 144.109 142.344 140.358 138.599 137.671 137.532 137.621 137.790 136.855 136.670 136.588 136.888 137.697 139.143 140.000 137.639 137.525 137.162 136.858 137.192 136.543 136.749 138.096 139.971 141.764 143.734 146.010 150.939 148.753 149.600 152.500 160.938 154.131 148.789 145.473 144.977 143.676 142.451 141.574 139.348 137.866 136.574 136.317 137.037 136.688 136.268
178.708 174.484 155.577 149.088 148.974 148.592 148.435 148.787 149.915 151.125 150.649 153.558 158.906 162.745 161.522 160.155 156.812 158.807 152.638 147.344 144.560 142.218 139.994 139.161 137.293 136.885 137.617 138.057 137.531 137.029 136.639 136.498 137.300 138.522 138.789 141.299 139.679 138.971 139.071 138.453 138.399 137.584 137.423 139.433 140.684 142.172 143.644 146.307 150.997 153.668 151.628 156.821 160.094 153.004 148.651 145.823 145.041 143.838 141.927 141.000 139.930 138.570 137.117 136.414 136.499 136.683 135.764
174.156 164.503 149.074 148.249 148.061 148.489 148.479 148.860 149.849 150.729 150.703 154.598 161.475 158.889 156.595 155.957 153.223 150.617 152.099 147.074 143.425 140.074 138.402 137.332 136.679 136.722 137.341 137.901 137.643 137.427 137.563 137.436 137.625 138.067 140.329 141.456 141.283 140.919 141.233 140.759 139.328 138.994 139.306 141.049 142.564 143.267 144.080 146.253 148.842 152.678 158.472 161.976 160.370 156.852 150.260 148.075 146.545 144.022 142.268 141.072 140.540 139.069 137.434 136.095 136.370 136.124 135.545
168.336 166.161 148.926 148.112 148.617 148.611 148.571 148.901 150.047 150.670 152.379 157.065 158.752 154.932 152.655 150.807 149.471 148.550 147.322 148.325 142.738 139.089 138.051 137.160 136.709 136.836 137.202 137.509 137.637 137.579 138.126 138.155 138.210 138.563 139.727 141.974 142.305 142.490 142.649 141.879 141.143 140.395 141.494 143.238 143.946 144.516 144.969 146.955 147.507 151.302 160.987 158.465 153.104 157.949 155.377 150.317 147.534 144.451 142.401 141.495 140.565 139.089 137.608 136.366 136.130 135.655 135.460
168.279 161.464 151.926 147.546 147.844 148.153 148.065 148.357 149.765 152.083 154.845 155.242 156.577 153.314 149.331 148.324 147.990 146.723 144.724 143.917 143.191 139.231 137.933 137.152 136.333 136.762 137.450 137.055 138.499 138.761 139.237 139.807 139.183 139.414 139.587 141.038 143.953 143.381 143.620 142.841 141.343 141.373 142.907 144.787 144.700 145.803 146.980 148.532 150.549 157.044 159.637 152.247 148.062 149.817 155.710 152.903 148.338 144.095 141.924 141.349 140.628 139.243 137.878 136.330 135.665 135.306 134.761
165.267 163.348 156.715 147.024 147.582 148.136 147.948 147.804 150.157 153.619 152.816 151.906 153.083 152.754 148.203 144.734 145.085 143.845 141.935 140.651 139.315 139.607 138.198 137.151 136.147 136.950 137.108 136.744 138.239 140.109 140.095 141.201 140.473 139.756 140.053 140.526 143.086 145.676 145.462 143.822 142.301 142.822 144.332 146.428 147.176 147.773 149.743 151.118 153.394 163.185 154.447 149.342 145.769 146.122 150.317 153.842 148.031 144.304 142.255 141.192 140.631 139.814 138.593 136.629 135.043 134.341 134.051
161.709 159.959 155.836 147.709 147.191 147.802 147.051 147.806 151.311 151.559 150.771 149.271 149.720 151.352 147.875 142.822 142.607 142.756 140.926 139.281 139.030 139.277 138.532 137.091 136.330 136.943 137.369 136.845 137.745 140.407 142.574 142.432 141.771 140.460 140.477 140.696 141.764 144.797 147.798 146.497 144.335 144.742 145.894 148.378 151.057 151.446 153.016 158.397 161.945 162.539 151.189 146.600 143.858 143.574 147.149 152.846 149.245 145.346 143.941 142.761 141.618 140.522 138.387 135.388 134.324 133.582 133.489
151.165 150.312 149.877 148.394 146.444 146.619 146.918 149.154 150.274 149.922 149.375 148.214 147.912 147.986 148.949 142.695 141.615 141.671 141.166 139.911 139.139 139.746 139.040 137.456 136.079 136.824 137.239 137.625 138.294 140.615 143.739 144.887 143.730 141.658 140.859 141.269 142.048 144.336 147.911 150.052 148.393 147.276 148.190 149.359 157.765 162.042 162.927 161.703 160.527 151.384 147.881 145.136 142.684 142.740 145.078 151.540 150.130 148.158 146.062 145.040 143.243 140.917 138.708 135.519 133.610 132.938 132.806
147.773 147.162 147.363 147.554 146.362 146.762 148.209 148.345 149.060 148.178 147.885 147.756 146.825 146.005 146.193 145.374 141.719 141.223 140.800 141.184 139.560 139.515 140.715 138.224 136.512 136.629 136.823 138.310 138.763 140.584 143.386 147.715 146.083 143.348 142.021 142.461 143.378 144.490 145.797 150.434 154.843 152.503 152.241 153.687 160.436 157.652 159.226 156.870 152.615 148.984 145.485 142.642 141.377 141.297 143.632 147.786 148.925 146.265 145.806 145.219 142.478 139.733 137.238 134.436 133.244 132.089 131.900
147.644 147.883 147.649 147.691 148.596 148.993 147.159 148.433 148.281 147.176 146.831 146.787 145.643 144.906 144.315 145.572 143.462 141.298 140.257 140.523 141.520 140.239 141.875 140.368 138.039 137.606 137.651 138.491 140.639 141.317 143.484 147.491 149.569 145.190 144.040 144.485 145.064 145.576 146.465 147.854 152.686 161.527 163.981 164.739 163.122 156.673 152.069 149.471 148.184 144.982 143.150 141.222 140.741 140.596 143.130 146.713 149.375 146.211 143.633 142.887 141.997 138.983 136.065 133.558 131.933 131.706 131.023
149.140 147.367 147.415 149.741 150.687 148.523 147.752 149.097 147.436 146.585 146.119 145.228 145.156 144.272 143.898 143.787 144.614 140.861 139.966 140.023 140.859 142.959 142.964 141.996 139.707 138.821 138.371 138.920 142.306 143.597 144.613 148.682 152.711 147.892 145.700 146.850 146.993 147.767 149.923 149.908 153.086 164.977 163.340 154.520 152.158 149.767 148.188 146.009 144.741 141.880 141.056 140.192 140.337 140.719 143.390 146.280 149.330 145.524 141.843 141.192 141.107 139.134 135.989 133.441 131.725 131.240 131.123
150.667 150.233 151.743 152.974 150.802 149.632 150.534 148.669 146.895 146.587 145.379 144.189 144.251 143.468 142.795 142.388 143.680 141.021 139.679 139.702 139.194 141.007 143.938 144.350 142.292 140.768 140.362 140.603 143.312 146.835 147.325 150.358 155.027 150.350 150.048 150.035 150.479 150.154 152.899 154.522 158.637 164.831 156.962 156.733 151.253 147.265 145.464 143.876 142.638 140.634 139.938 139.646 139.711 140.666 143.431 144.812 147.997 144.803 141.929 140.652 139.297 138.334 135.830 133.049 131.695 131.387 131.263
156.260 155.809 155.243 154.163 152.072 151.267 148.867 147.120 146.557 146.183 145.029 144.066 143.513 143.068 141.982 141.968 141.538 141.977 139.818 139.071 139.230 139.505 142.214 144.718 144.722 143.532 142.097 141.948 144.599 148.562 151.144 152.704 159.329 153.555 156.570 156.190 155.965 153.682 160.091 161.523 164.784 160.917 151.199 148.695 150.375 149.251 145.103 143.758 142.257 140.336 139.206 138.923 138.546 139.907 142.418 144.288 147.003 145.799 142.773 140.401 139.149 137.654 135.791 133.298 132.235 131.755 131.638
155.594 153.313 152.809 151.677 151.607 149.963 147.588 145.614 145.301 145.272 145.392 143.731 143.127 142.517 141.753 141.344 141.229 141.410 140.236 139.211 139.563 140.221 142.377 144.112 145.521 145.571 143.634 143.421 145.358 149.235 155.422 157.979 164.829 162.268 165.100 166.339 165.892 158.758 164.394 165.356 157.344 152.480 148.121 145.643 145.311 148.037 146.307 143.824 141.497 139.781 138.910 138.532 138.153 138.859 141.649 143.274 144.885 146.593 143.010 140.587 139.316 137.850 136.205 134.565 133.518 133.174 133.056
154.517 151.596 150.695 151.739 150.048 149.637 147.477 145.471 144.544 144.830 145.088 144.036 142.332 141.867 141.396 141.058 141.250 141.278 141.010 140.151 140.055 140.985 142.312 143.816 145.213 147.677 146.275 145.070 145.988 150.048 154.442 164.650 163.386 158.041 157.894 155.794 159.513 162.674 154.753 154.737 149.836 147.777 144.837 143.465 143.055 143.848 145.507 144.628 141.919 139.679 138.761 137.781 137.506 138.332 140.631 141.414 142.250 145.517 144.407 141.847 140.103 138.353 136.808 136.469 135.826 134.812 134.520
152.388 151.741 152.188 149.705 148.476 148.515 147.632 146.438 145.168 144.837 144.104 143.493 142.511 141.480 140.910 140.913 140.931 141.156 141.046 140.122 139.997 139.924 140.619 142.638 144.379 146.257 148.741 147.318 147.868 150.914 155.371 163.331 164.588 154.415 151.010 150.546 151.665 152.213 149.395 148.470 147.349 144.742 142.518 140.815 140.122 141.108 142.179 142.678 142.630 140.221 138.609 137.404 137.377 137.416 139.331 138.639 140.260 143.313 145.296 143.663 142.071 140.048 139.068 138.688 139.098 138.020 136.416
153.437 153.195 149.689 148.414 147.963 147.915 147.628 146.657 145.960 144.486 143.314 142.900 142.634 141.372 140.778 141.045 141.508 141.037 140.764 140.171 139.644 139.963 139.256 141.589 143.747 145.531 146.788 150.522 149.794 151.379 156.089 166.709 162.561 154.152 149.195 148.249 149.275 148.525 147.566 145.767 144.876 142.011 139.728 139.217 138.461 139.344 140.346 140.989 141.123 141.066 139.277 137.491 137.115 137.017 137.877 137.844 138.990 142.180 144.889 144.183 142.948 141.444 140.380 138.569 136.835 135.023 133.939
154.735 152.074 149.355 147.964 147.526 146.947 147.043 146.677 145.673 143.569 143.047 142.473 142.039 141.858 141.717 141.132 140.958 141.612 140.799 140.401 139.781 139.326 139.567 140.785 142.650 143.461 144.596 147.347 151.481 152.563 156.681 168.130 159.754 153.482 150.518 148.997 148.709 146.436 145.154 143.434 142.554 141.050 138.924 137.690 136.838 136.917 138.544 139.269 137.844 138.251 138.847 137.798 136.511 136.452 136.670 136.553 137.317 140.003 142.917 144.193 141.132 138.832 136.876 135.803 134.737 132.901 132.754
154.836 151.041 148.934 147.882 147.767 147.319 146.467 145.649 145.764 144.288 142.594 141.956 141.493 141.114 141.686 141.508 141.649 142.679 140.448 140.375 141.648 140.653 140.759 140.604 141.678 142.359 143.697 146.313 149.894 153.990 159.716 167.933 161.104 155.593 151.635 150.744 147.479 145.381 143.931 142.464 141.249 139.693 137.582 136.214 135.657 135.739 136.595 137.128 136.260 136.402 137.320 137.923 136.135 136.040 135.579 135.332 135.958 137.776 140.774 143.788 141.680 138.100 136.507 136.231 133.486 132.971 133.450
154.373 150.816 148.643 147.798 147.306 146.559 145.686 145.790 145.689 146.028 143.064 141.900 141.105 141.041 141.202 140.727 141.263 143.599 141.580 141.175 142.963 141.628 140.683 140.524 140.650 141.580 143.533 146.262 150.362 154.189 159.235 168.610 162.090 157.916 154.256 150.752 147.633 145.213 143.265 142.013 140.485 138.936 137.231 135.908 135.285 134.830 135.383 135.459 135.560 135.458 136.129 137.421 136.146 135.310 134.811 134.482 134.728 136.558 139.270 142.677 142.817 138.244 136.789 136.102 133.594 133.122 133.250
152.355 147.935 147.296 146.980 145.988 145.543 145.759 145.331 145.149 145.681 145.827 143.356 141.192 140.751 140.848 140.758 140.838 143.169 144.074 143.202 143.916 142.360 140.618 140.604 140.371 142.062 143.939 147.290 152.119 155.614 165.632 169.245 163.193 157.781 153.315 149.808 146.945 144.616 142.941 141.551 140.431 138.652 136.886 135.990 135.152 135.167 134.025 133.930 134.838 134.901 135.077 135.929 135.390 134.048 134.080 133.880 134.334 136.049 138.537 141.427 143.211 140.599 138.978 136.459 134.501 134.130 134.495
150.859 146.831 147.244 147.004 146.792 146.429 146.208 145.570 145.376 145.908 147.442 145.250 142.419 141.354 140.963 141.167 140.808 141.146 143.448 145.668 146.047 143.547 141.869 140.955 141.395 143.446 145.540 149.589 154.397 159.617 164.092 169.024 162.463 158.220 154.136 150.439 146.845 144.373 142.914 141.604 140.278 139.085 137.187 136.245 135.571 134.934 133.941 133.929 134.964 134.821 134.954 135.251 134.745 133.486 133.665 133.885 134.302 135.727 138.254 141.069 142.969 141.599 139.785 136.936 136.235 136.423 137.186
149.385 146.592 146.968 146.469 145.435 146.156 146.032 145.467 145.720 145.759 147.732 147.269 144.508 143.333 142.548 140.369 140.510 140.474 141.569 143.458 146.282 145.766 142.897 142.186 142.210 144.964 147.045 150.576 157.264 166.746 169.221 165.899 161.165 157.674 154.061 151.211 148.649 145.298 144.080 142.220 140.253 139.784 137.870 136.759 136.154 135.122 133.854 133.751 134.816 135.001 135.372 135.342 134.589 133.656 133.644 133.738 134.181 135.506 137.754 140.309 142.225 142.075 140.446 137.740 137.427 139.211 138.787
148.812 147.761 147.315 146.112 145.052 145.476 146.038 145.551 145.078 144.850 145.720 148.839 147.514 145.896 143.737 141.901 140.269 140.304 141.142 142.331 144.400 147.912 145.615 144.833 145.053 146.108 147.940 151.255 157.463 162.486 169.136 165.410 160.206 156.676 152.644 151.903 150.032 147.835 145.201 143.743 142.080 141.169 138.688 137.075 137.186 136.569 134.774 134.537 134.810 135.526 135.676 135.462 134.630 133.512 133.399 133.402 133.967 135.566 137.991 140.697 141.691 141.936 141.487 140.099 140.231 139.037 136.027
149.987 149.299 147.690 146.194 145.312 144.967 146.663 145.556 145.049 144.553 145.528 147.017 149.514 148.320 145.854 144.544 142.538 141.646 141.463 142.166 143.633 148.042 149.796 148.657 148.442 147.985 150.194 154.673 157.143 165.389 167.423 166.418 164.517 158.617 157.246 157.644 153.572 150.456 148.564 147.230 145.131 142.087 139.191 138.009 137.793 138.540 135.984 135.354 135.390 136.011 136.399 135.701 134.301 133.504 133.355 133.357 134.524 135.726 138.133 140.993 141.691 140.851 140.339 140.703 139.682 138.166 134.942
150.885 149.797 148.960 147.078 145.589 145.490 147.108 145.452 144.477 144.559 145.050 146.278 147.872 150.640 148.745 146.317 144.916 144.212 142.322 142.472 143.479 147.396 152.994 151.822 152.166 151.411 153.975 157.605 163.590 168.738 168.037 167.349 166.410 165.197 164.099 162.712 159.314 155.762 151.790 149.459 145.469 142.841 140.928 139.781 138.648 139.518 136.449 135.870 135.948 137.214 136.794 135.634 134.544 133.274 133.332 133.285 134.655 136.642 138.626 141.610 141.459 139.482 138.316 139.379 139.200 138.060 135.171
152.641 152.046 150.616 147.772 145.107 145.546 147.331 146.100 144.494 144.065 144.170 144.096 145.024 147.378 150.747 149.578 147.612 144.089 143.335 143.032 145.011 149.069 154.139 158.593 155.548 155.827 156.062 163.027 168.783 170.663 167.279 164.806 160.429 156.787 155.673 153.883 154.801 157.536 155.709 152.659 149.299 146.490 143.558 140.905 140.485 140.915 137.324 136.825 136.663 138.924 136.853 135.722 134.569 133.930 133.140 133.502 135.208 137.378 140.190 141.946 140.258 137.863 137.495 138.302 138.587 137.116 136.865
152.874 153.408 150.608 147.746 146.809 146.290 146.805 148.300 145.375 143.833 144.282 143.882 144.113 147.002 149.390 151.660 149.193 146.803 145.762 147.305 148.027 153.157 156.773 160.606 160.037 159.856 163.161 167.636 171.322 170.320 164.619 160.125 155.042 151.879 150.239 148.265 147.887 149.289 152.590 155.579 151.146 148.755 146.404 143.544 143.177 141.852 138.660 137.811 138.287 139.931 137.114 136.018 134.564 134.341 133.363 135.163 136.860 138.855 141.464 141.098 138.225 136.713 136.849 138.219 137.190 135.448 134.102
152.703 152.700 152.930 149.267 147.425 146.438 147.703 149.358 146.365 145.255 143.974 144.379 144.208 145.939 147.568 151.245 153.206 150.941 149.688 152.387 154.381 156.406 156.714 157.244 165.565 166.164 166.481 169.489 171.001 165.009 161.119 157.083 153.445 151.284 147.728 145.703 144.655 145.256 146.955 150.564 153.568 151.875 148.304 146.532 145.736 141.742 139.862 138.827 140.192 139.900 137.259 136.012 134.957 134.460 134.519 136.834 138.863 140.981 141.468 139.432 136.936 135.938 135.888 137.588 136.340 134.151 132.528
