tests/3D/PSQL_test/output_maps/SWEDENSITYN0024.asc
ncols         295
nrows         180
xllcorner     627200.000000
yllcorner     5109000.000000
cellsize      200.000000
NODATA_value  -9999.0
[rows 0 to 28 of 180, columns 134 to 200 of 295]
-9999.000 -9999.000 -9999.000 -9999.000 -9999.000 -9999.000 -9999.000 -9999.000 -9999.000 -9999.000 -9999.000 -9999.000 -9999.000 -9999.000 -9999.000 -9999.000 -9999.000 -9999.000 -9999.000 -9999.000 -9999.000 -9999.000 -9999.000 -9999.000 -9999.000 -9999.000 -9999.000 -9999.000 -9999.000 -9999.000 -9999.000 -9999.000 -9999.000 -9999.000 -9999.000 -9999.000 -9999.000 -9999.000 -9999.000 -9999.000 -9999.000 -9999.000 -9999.000 -9999.000 -9999.000 -9999.000 -9999.000 -9999.000 -9999.000 -9999.000 -9999.000 -9999.000 -9999.000 -9999.000 -9999.000 -9999.000 -9999.000 -9999.000 -9999.000 -9999.000 -9999.000 -9999.000 -9999.000 -9999.000 -9999.000 -9999.000 -9999.000
128.915 130.114 131.388 131.917 133.829 132.803 132.592 131.447 130.666 130.039 130.734 131.353 134.118 134.962 135.773 133.286 130.498 130.268 129.617 128.623 127.741 126.833 126.072 125.829 124.314 122.905 122.486 123.020 124.319 125.719 127.442 129.453 129.941 131.087 130.957 132.529 132.735 133.908 134.946 135.229 135.934 135.883 138.172 137.495 134.922 134.458 134.025 133.800 133.457 132.377 131.568 131.272 130.257 129.498 128.908 128.559 128.122 127.753 127.268 126.937 126.803 125.365 123.517 123.642 123.630 124.048 124.325
129.030 129.774 130.744 131.434 132.601 134.870 134.226 132.571 131.428 130.831 131.932 132.591 134.069 136.422 132.564 131.650 131.277 130.402 130.071 129.122 128.012 127.306 126.676 125.792 124.518 123.824 124.558 124.933 125.945 127.630 129.019 130.129 130.647 131.779 131.059 131.928 133.722 134.602 135.246 135.648 136.180 136.128 138.607 136.065 135.324 136.208 135.623 134.265 132.428 131.487 131.524 131.592 130.502 129.460 129.393 128.967 128.469 127.954 127.585 127.320 126.931 125.458 123.888 123.657 123.368 123.801 124.101
126.222 127.352 129.524 131.301 131.879 132.745 135.549 132.859 132.733 131.651 132.250 134.325 136.666 134.749 131.248 130.067 129.818 129.806 129.006 128.111 127.604 126.902 125.534 124.576 124.104 124.332 125.583 126.382 127.647 129.028 130.089 130.753 131.285 131.477 131.991 132.886 134.524 135.220 135.622 135.939 136.163 136.840 138.337 138.332 136.909 134.993 134.606 133.582 132.116 131.430 131.582 131.623 130.740 130.144 129.847 129.198 128.625 128.129 127.786 127.350 126.768 125.293 124.070 123.500 123.237 123.586 123.916
123.919 125.818 128.396 129.699 130.606 131.410 134.064 134.637 134.152 133.158 133.313 135.042 137.669 132.976 131.195 130.160 129.380 128.805 128.187 126.543 125.704 124.947 123.888 123.740 123.718 124.947 126.726 128.047 128.826 129.891 130.809 131.267 131.819 131.906 133.919 134.102 135.311 135.769 135.991 136.362 136.501 136.694 138.133 136.113 135.457 135.326 134.724 133.317 131.944 131.232 131.680 131.389 130.890 130.420 129.917 129.268 128.709 128.354 127.874 127.239 126.419 124.982 124.376 123.862 123.510 123.384 124.023
122.430 124.919 127.663 129.365 130.551 131.370 132.372 135.245 136.586 134.408 134.230 137.798 137.044 132.455 130.904 130.151 128.726 127.723 127.091 125.728 124.314 123.060 122.611 123.028 123.217 125.337 127.668 129.484 130.051 130.991 131.776 131.809 132.347 132.171 133.564 135.039 135.579 136.129 136.802 136.627 136.612 137.018 139.340 136.003 135.963 135.526 134.366 132.693 131.538 131.484 131.493 130.974 131.006 130.622 130.069 129.741 128.903 128.315 127.734 127.239 126.469 124.953 124.542 124.147 123.723 123.407 123.996
123.317 124.977 127.426 129.454 131.071 132.144 132.989 134.161 138.051 135.057 135.402 138.798 135.108 132.855 131.388 130.481 128.856 127.467 126.496 124.766 122.847 121.885 122.116 122.733 123.521 125.694 128.206 129.945 130.912 131.381 132.279 132.960 132.759 132.316 134.594 135.492 135.792 136.254 137.844 136.860 137.317 139.435 137.016 137.512 135.784 135.212 134.216 132.237 132.091 131.618 131.108 131.037 131.094 130.818 130.246 129.446 128.909 128.385 127.669 127.302 126.457 125.077 124.717 124.393 123.999 123.433 124.245
123.771 125.778 127.739 129.298 130.996 132.132 133.255 134.963 138.612 135.957 138.248 137.748 134.085 132.484 131.017 129.889 128.677 126.697 125.738 124.046 122.326 121.936 121.922 122.419 124.714 126.857 129.330 130.732 131.348 132.380 133.183 133.853 133.286 134.028 135.591 136.074 136.714 137.006 138.452 137.654 137.679 138.380 138.139 136.998 135.416 134.781 133.254 131.958 132.119 131.323 131.169 131.219 131.188 130.875 130.114 129.464 128.941 128.381 127.875 127.432 126.487 125.249 124.866 124.717 124.230 123.885 124.586
122.818 125.424 127.767 129.150 130.906 131.933 133.044 134.569 137.299 138.568 140.071 136.725 134.176 131.606 129.949 129.541 127.667 126.043 124.451 122.766 122.085 122.592 122.992 123.066 124.709 127.184 130.217 131.550 132.591 133.093 133.218 134.073 134.729 135.371 135.971 136.741 136.903 137.546 139.954 140.123 140.462 141.141 139.121 138.115 136.704 135.396 133.488 132.810 131.677 131.135 131.225 131.454 131.277 130.621 130.000 129.298 128.618 128.236 127.621 127.413 126.516 125.675 125.028 124.851 124.390 124.360 125.410
122.781 125.365 127.826 129.138 130.917 132.246 133.216 134.745 136.938 139.925 139.302 135.309 133.658 130.823 129.064 128.356 126.632 124.743 123.054 122.073 122.128 122.179 124.283 124.572 126.175 128.101 130.867 132.298 133.510 133.569 133.604 135.064 135.773 136.128 136.600 137.356 137.728 137.693 140.163 141.556 141.174 138.836 137.007 134.921 135.829 134.706 134.087 133.572 132.577 131.333 131.399 131.506 131.363 130.511 129.931 129.120 128.557 128.125 127.636 127.325 126.544 125.882 125.293 124.949 124.532 124.880 126.248
123.287 125.625 127.902 128.940 131.105 132.741 133.613 135.029 136.670 141.029 138.144 135.220 133.416 130.399 128.761 127.619 125.254 122.911 121.776 121.698 122.077 123.391 125.345 128.133 129.422 129.799 132.079 133.530 134.138 134.320 134.183 134.946 136.393 136.840 137.445 137.880 137.802 139.895 141.490 141.959 138.538 137.637 134.901 134.118 133.331 132.731 131.512 132.009 131.200 131.232 131.412 131.652 131.326 130.493 129.908 129.192 128.679 128.228 127.730 127.329 126.627 126.273 125.928 125.646 125.565 126.136 126.692
124.686 126.243 128.718 129.639 132.013 133.454 134.433 135.794 137.937 141.491 138.051 135.020 133.121 130.476 128.508 126.764 124.053 121.892 121.129 121.280 121.996 124.163 126.479 126.717 128.525 132.027 133.231 133.988 134.842 134.544 134.964 136.184 137.240 137.548 137.903 138.839 138.947 142.510 141.212 137.474 135.373 134.974 134.509 133.272 132.877 132.507 131.934 131.434 130.937 131.049 131.635 131.736 131.346 130.472 129.946 129.236 128.757 128.335 127.914 127.509 126.789 126.384 126.196 126.372 126.748 126.896 126.407
126.586 128.294 129.049 130.441 133.301 134.909 135.557 136.758 140.153 141.929 138.007 135.073 133.258 130.469 128.231 126.083 123.232 121.675 121.440 121.673 123.126 124.697 125.524 126.808 129.327 131.920 133.700 134.759 135.173 135.232 136.134 136.990 137.938 138.185 138.271 139.901 140.658 141.237 137.420 136.235 135.373 134.803 133.896 132.993 132.381 131.971 131.772 131.169 131.024 131.186 131.948 131.869 131.365 130.511 130.025 129.339 128.820 128.381 128.142 127.467 126.766 126.284 126.265 126.359 127.276 127.308 126.334
129.111 130.858 129.533 130.733 133.259 135.815 136.687 137.775 140.349 142.091 137.190 135.192 133.363 129.929 127.691 125.621 123.342 121.737 121.929 122.317 123.060 124.167 125.638 127.736 130.924 133.109 134.147 135.080 136.112 136.388 136.959 137.721 138.489 138.632 138.648 141.101 142.948 139.869 136.723 135.785 135.020 134.213 133.604 132.658 131.951 131.756 131.602 131.137 131.049 131.595 132.045 131.854 131.382 130.488 130.066 129.318 128.844 128.575 128.177 127.342 126.838 126.458 126.421 126.207 127.940 127.902 127.493
130.872 131.609 130.065 131.030 133.141 136.065 137.176 138.594 140.736 142.164 137.307 134.996 132.211 128.678 126.143 124.807 123.556 123.092 123.015 122.029 123.152 124.385 125.869 128.743 131.815 133.534 134.859 135.746 136.273 137.400 137.361 139.003 138.900 139.916 141.961 143.210 141.170 141.031 137.010 135.546 134.620 133.815 133.205 132.520 131.810 131.697 131.509 131.189 131.443 131.979 132.024 131.662 131.172 130.483 129.990 129.450 129.076 128.875 128.054 127.485 126.941 126.503 126.630 127.143 128.372 128.377 128.074
133.878 132.454 131.045 131.728 133.475 135.483 136.863 137.699 141.273 142.337 137.262 134.766 131.643 127.512 125.993 125.409 124.807 123.922 123.022 122.637 123.034 124.266 126.720 130.429 133.061 134.035 135.212 136.180 136.976 137.344 137.949 138.982 140.938 142.078 143.209 140.632 137.670 137.219 136.720 135.172 134.725 133.888 132.982 132.302 131.831 131.567 131.344 131.278 131.657 132.259 132.031 131.537 130.998 130.600 130.254 129.691 129.152 128.625 127.819 127.238 126.890 126.731 126.991 128.318 127.810 127.581 127.327
134.893 133.358 133.154 133.730 134.261 135.864 136.790 139.750 142.118 142.461 137.575 134.615 130.848 127.937 126.686 126.017 126.455 124.378 123.550 123.025 123.851 125.800 128.872 132.003 133.743 134.656 135.855 136.813 137.942 138.166 139.762 140.178 143.254 143.477 140.566 138.252 137.206 136.377 135.460 134.606 134.082 133.792 133.043 132.315 131.695 131.512 131.442 131.634 132.032 132.307 131.748 131.538 131.156 130.455 130.412 129.772 129.067 128.494 127.795 127.123 126.929 126.938 127.975 128.716 127.034 127.299 126.721
136.261 134.845 135.460 135.774 135.691 135.885 136.865 138.138 141.863 143.081 137.802 134.907 131.072 128.883 128.344 127.825 127.813 125.344 124.245 123.970 125.097 127.721 130.755 133.277 134.160 135.056 136.240 136.893 138.124 139.458 139.546 140.881 143.628 138.625 138.304 138.643 136.904 135.841 135.073 133.988 132.658 132.607 132.839 132.223 131.833 131.558 131.502 131.834 132.446 131.850 131.694 131.627 131.342 130.866 130.227 129.501 128.853 128.310 128.002 127.429 127.088 128.479 129.824 129.168 128.296 127.759 126.659
139.553 135.995 136.371 136.684 136.813 136.261 136.975 137.977 142.100 143.584 138.569 135.349 132.468 130.738 130.245 130.250 128.249 125.162 125.190 124.802 126.358 129.168 132.020 133.961 134.884 136.012 136.907 137.621 138.586 140.300 142.902 144.008 141.492 137.806 138.600 137.920 136.172 135.124 135.016 133.715 132.766 132.663 132.479 131.655 131.706 131.592 131.625 131.960 132.012 131.835 131.923 132.109 131.669 130.962 130.357 129.638 129.070 129.118 129.156 129.431 129.682 130.327 129.157 128.015 128.357 128.293 126.759
141.964 138.998 137.221 137.498 137.830 137.969 137.863 137.930 142.963 141.955 140.395 136.849 134.006 132.766 132.756 131.418 128.249 126.160 126.044 125.957 128.528 130.694 133.367 134.733 135.143 136.739 137.874 138.355 139.124 141.309 140.664 141.762 141.059 139.066 138.038 136.999 135.534 135.229 134.679 133.912 133.221 132.825 131.985 131.681 131.620 131.567 131.649 131.709 132.566 132.287 132.393 132.305 131.672 131.077 130.483 129.785 129.371 130.441 130.900 130.443 129.691 128.688 127.110 126.677 126.771 127.187 126.815
140.292 142.233 138.312 138.280 138.516 138.308 138.211 138.292 141.931 144.740 141.273 138.472 135.630 134.187 134.541 131.477 130.130 128.323 126.570 128.353 130.427 132.883 134.445 135.151 136.242 138.015 138.742 139.115 143.883 140.546 140.548 140.309 139.866 138.021 137.457 136.554 135.785 135.005 134.162 133.263 133.402 132.853 132.004 131.543 131.445 131.462 131.369 132.121 132.535 132.715 132.658 132.383 131.604 131.107 130.645 130.681 131.595 131.106 129.953 128.922 128.487 128.094 127.271 126.571 126.346 125.434 126.859
138.945 142.998 141.909 141.629 139.027 138.603 138.530 138.710 139.233 143.669 144.185 140.364 137.754 135.793 134.639 133.084 131.888 129.553 128.371 130.177 132.217 134.465 135.245 135.778 137.533 138.798 139.448 141.979 143.819 142.199 140.710 140.640 139.770 137.985 137.212 136.123 135.774 135.106 133.606 133.728 133.424 133.064 132.263 131.732 131.571 131.437 131.491 132.095 132.794 132.953 132.681 132.276 131.593 131.307 131.995 131.319 130.454 129.641 128.907 128.693 128.348 127.993 127.224 126.540 126.255 125.617 125.680
139.849 140.554 144.600 141.360 140.266 140.122 138.951 138.819 138.755 141.071 145.567 144.552 141.003 137.696 136.123 135.134 133.295 130.132 130.282 132.667 134.497 135.777 135.520 136.589 138.180 138.984 138.792 139.903 142.708 143.287 141.062 140.820 139.224 137.852 136.893 136.140 135.884 134.961 134.177 133.717 133.298 132.673 132.258 132.038 131.503 131.497 131.710 132.613 133.490 132.965 132.596 131.956 131.626 131.705 131.379 130.766 130.232 129.282 128.351 128.015 127.747 127.464 126.982 126.495 126.153 125.334 125.095
138.895 140.068 143.028 145.871 142.923 142.047 139.942 139.574 138.575 138.597 141.706 147.196 143.876 141.512 138.678 136.865 134.345 131.479 132.746 134.993 136.510 136.233 136.144 137.710 138.518 138.715 138.635 139.378 143.559 143.381 141.711 140.832 138.794 137.681 137.164 137.912 135.975 135.023 134.474 133.889 133.282 132.712 132.243 132.128 131.844 131.924 132.342 133.287 132.927 132.783 132.470 131.880 131.636 132.338 131.354 131.013 129.750 128.899 128.378 127.931 127.498 126.889 126.482 126.185 125.845 124.933 124.413
140.074 140.320 140.808 143.082 146.734 142.692 141.446 140.638 139.836 139.046 141.301 144.050 146.182 144.077 139.803 137.604 135.257 134.104 134.876 136.515 137.479 136.524 137.024 138.223 138.689 138.847 138.684 139.199 142.559 144.824 142.554 141.396 139.559 138.353 138.352 136.610 135.784 134.734 134.485 133.936 133.257 132.736 132.247 132.049 132.078 131.956 132.474 133.236 132.939 132.851 133.083 133.412 132.001 131.693 131.513 130.851 129.903 128.601 128.365 128.055 127.393 126.691 126.343 126.095 125.383 124.745 124.147
142.272 143.131 142.838 141.792 145.327 144.935 143.594 141.853 141.230 141.180 145.668 145.622 143.071 140.935 140.753 138.867 137.047 136.161 136.934 138.103 137.927 137.660 137.934 138.741 139.012 138.921 139.087 139.631 143.347 144.381 141.419 139.799 139.591 138.553 137.634 135.335 135.105 134.859 134.527 133.998 133.445 132.883 132.596 132.066 131.965 132.164 132.575 134.121 133.074 133.729 132.234 131.820 132.364 132.410 132.091 131.416 131.445 130.911 129.435 127.705 127.282 126.615 126.236 125.916 125.141 124.306 123.993
146.405 146.556 146.911 145.377 147.595 147.987 145.508 142.479 142.008 143.770 144.572 143.361 143.574 143.923 141.832 140.711 138.890 140.640 138.484 139.467 138.461 138.408 138.705 139.258 139.522 139.626 140.505 140.445 144.062 143.296 141.719 139.093 137.272 136.629 135.574 135.386 135.076 134.870 134.082 133.624 133.201 133.082 132.774 132.355 132.040 132.264 132.517 133.739 134.475 132.700 131.923 131.679 131.825 131.096 129.978 129.236 129.119 128.238 129.196 129.601 127.920 127.196 126.308 125.723 124.954 124.342 123.902
147.006 144.683 142.361 141.447 142.735 142.563 147.117 148.093 146.131 148.146 148.245 148.212 148.240 144.898 142.064 141.698 142.612 140.718 139.780 141.178 139.210 138.964 139.417 139.705 140.307 142.097 143.925 143.665 146.390 142.458 140.759 138.639 136.231 135.674 135.109 135.129 135.135 134.400 132.991 133.321 133.067 132.989 132.826 132.478 132.335 132.467 132.754 134.461 134.308 132.824 131.966 131.508 131.361 130.613 129.554 128.782 128.640 127.879 127.625 128.442 129.409 129.386 127.588 126.327 124.972 123.906 123.716
142.137 139.681 138.110 137.916 138.372 139.764 141.094 141.110 143.325 144.798 147.426 148.222 148.340 145.963 145.234 143.670 144.302 142.884 142.291 141.986 140.086 140.253 140.142 140.579 142.362 142.651 148.138 145.434 145.663 141.698 139.371 137.203 135.815 135.286 134.842 135.277 134.874 133.691 133.068 133.082 132.827 132.385 132.460 132.111 132.303 132.698 132.792 134.937 133.613 131.551 131.774 131.157 130.248 129.273 128.772 128.095 127.801 127.767 127.245 126.639 126.355 126.901 128.598 127.043 124.734 123.714 123.343
