tests/3D/PSQL_test/output_maps/SWEN0047.asc
ncols         295
nrows         180
xllcorner     627200.000000
yllcorner     5109000.000000
cellsize      200.000000
NODATA_value  -9999.0
[rows 96 to 127 of 180, columns 71 to 141 of 295]
32.791 32.607 32.079 32.211 32.321 32.816 32.954 32.510 32.846 32.647 30.853 30.909 32.509 26.446 26.043 27.228 23.649 24.304 26.601 25.881 27.321 21.601 29.898 26.134 26.946 27.400 30.328 30.684 28.122 28.044 26.979 22.474 23.142 27.253 28.666 29.658 29.453 29.097 29.020 25.821 24.287 28.089 29.656 29.194 29.098 29.339 28.951 29.164 25.417 24.893 26.546 22.064 22.016 29.027 28.319 27.586 27.827 28.534 28.550 28.488 28.367 27.793 27.020 26.423 26.695 27.235 26.555 25.748 25.710 24.808 23.925
31.738 32.121 32.449 32.402 32.508 33.102 33.028 32.808 33.226 32.805 31.196 31.422 32.650 28.130 26.467 27.016 25.573 24.758 22.757 23.817 28.483 21.282 25.310 27.646 29.759 27.992 28.598 30.021 25.763 26.005 24.692 24.601 27.149 28.430 28.911 29.454 27.563 27.014 27.842 26.639 24.326 27.966 29.493 29.325 29.319 29.525 29.235 28.894 25.202 25.214 27.010 22.424 23.645 28.959 28.110 27.461 27.862 28.569 28.582 28.360 28.205 28.058 26.883 26.449 26.551 26.967 26.034 24.841 25.310 25.554 25.020
32.537 32.330 32.658 32.932 33.133 33.290 33.073 33.077 33.450 32.964 31.717 32.051 32.533 29.856 27.846 27.114 26.002 24.833 22.010 22.718 29.502 26.781 26.022 24.612 24.872 27.218 29.489 30.089 23.856 24.797 25.380 26.737 28.760 28.866 28.785 28.883 26.386 24.575 26.977 26.433 25.534 28.189 29.240 29.440 29.659 29.616 29.301 28.761 25.513 24.121 25.970 23.728 25.838 28.997 28.008 27.496 27.894 28.426 28.037 27.256 26.846 26.608 26.159 25.430 25.573 25.710 24.988 24.713 25.475 26.186 26.578
33.399 33.378 33.477 33.665 33.694 33.485 33.126 33.356 33.613 33.103 32.351 32.924 31.383 29.728 30.098 28.707 26.420 23.783 21.639 20.712 24.589 32.014 28.141 26.007 27.954 29.457 31.083 27.920 22.444 23.840 27.398 28.704 28.619 27.893 27.096 26.505 25.597 23.649 26.516 27.174 26.852 28.706 29.572 29.617 29.723 29.578 29.563 28.794 25.566 23.556 24.686 25.428 28.164 29.090 28.322 27.527 27.783 27.869 27.003 25.706 25.626 25.561 25.039 24.961 26.379 26.646 25.428 25.081 25.454 25.916 26.331
34.224 34.366 34.492 34.378 33.998 33.681 33.440 33.629 33.578 33.043 33.103 33.054 29.438 27.537 28.643 30.741 30.177 26.387 23.360 21.184 22.755 28.571 29.642 30.931 30.343 24.912 23.392 22.562 22.105 24.574 28.849 29.327 28.025 26.704 25.492 24.475 24.408 24.960 26.796 28.762 28.826 29.589 29.750 29.768 29.734 29.443 28.772 27.450 25.616 22.954 23.219 26.864 29.135 29.175 28.474 27.022 26.774 26.912 26.242 26.562 27.771 28.044 27.758 27.797 27.934 27.021 25.232 25.297 25.605 26.064 25.813
32.934 33.219 33.659 33.573 33.873 33.986 33.744 33.597 33.443 33.489 33.658 31.983 28.389 25.902 26.835 27.990 30.693 29.644 27.305 21.246 20.729 25.001 30.641 30.357 28.338 26.223 25.826 27.241 25.683 26.208 28.253 28.387 27.844 26.197 24.588 24.520 26.222 28.070 28.903 29.246 29.715 29.973 29.927 29.919 29.196 28.503 27.577 26.227 25.404 21.971 22.925 28.565 28.943 28.876 27.809 26.447 26.808 27.465 27.848 27.320 26.130 25.387 26.564 27.615 27.669 26.364 25.901 26.761 26.126 25.105 25.478
32.833 32.811 33.685 33.326 32.889 34.279 33.925 33.517 33.804 34.003 32.903 31.082 27.184 24.052 26.580 26.440 29.352 29.235 25.715 22.942 23.229 23.550 29.097 30.587 27.572 26.626 25.555 27.291 27.473 27.647 28.053 27.737 26.876 25.033 23.971 25.776 29.112 30.358 30.143 29.005 29.428 29.905 29.742 28.653 28.098 28.240 27.810 26.516 25.178 21.659 24.205 29.044 28.269 28.206 28.143 27.940 27.396 26.775 26.707 27.027 27.140 26.105 26.018 25.926 24.190 23.530 24.259 25.945 27.358 26.178 25.172
33.754 33.418 33.938 33.248 32.933 33.936 34.105 33.537 34.119 33.679 32.382 30.716 26.201 24.518 27.339 27.509 25.640 28.479 23.914 21.780 23.295 26.116 29.110 31.887 26.150 26.347 27.165 27.335 27.268 26.019 26.516 28.248 27.927 25.689 26.190 28.724 30.088 30.452 30.320 29.222 28.274 29.156 28.273 27.474 28.184 28.121 27.060 26.307 25.211 22.708 26.807 29.162 27.836 28.094 28.672 27.815 27.058 26.600 27.124 27.568 25.036 23.575 23.494 23.700 24.376 25.299 26.146 26.249 26.174 26.843 25.764
34.158 33.501 33.599 33.475 33.477 34.133 33.521 34.185 34.264 33.165 31.908 30.567 27.002 26.144 28.679 32.541 29.511 29.338 21.916 20.501 23.745 27.147 31.738 28.345 23.735 24.737 25.969 27.920 27.565 26.042 26.263 28.946 29.258 26.034 28.014 30.155 30.350 30.163 30.160 30.080 28.712 28.740 27.139 28.129 28.888 28.511 26.661 26.602 25.774 24.309 28.464 28.784 28.333 28.536 27.572 27.142 27.081 27.207 27.148 26.079 23.703 22.695 24.055 26.095 27.790 27.165 26.051 26.413 26.448 26.171 26.441
33.494 33.134 33.213 34.008 34.105 34.125 33.795 34.721 34.123 33.282 32.011 30.655 28.424 27.264 29.331 31.871 32.653 29.390 21.080 21.852 27.613 31.005 28.769 24.938 28.775 27.621 28.041 30.422 26.470 24.100 26.000 27.602 27.002 26.058 29.092 30.298 30.718 30.454 30.132 29.825 28.761 26.245 25.371 27.359 28.291 28.847 27.372 27.301 26.557 26.246 29.356 29.286 28.630 27.663 27.417 27.532 27.470 26.438 24.687 24.057 23.694 23.011 24.845 28.055 26.825 26.224 24.881 24.699 26.346 26.289 26.370
34.179 33.558 33.449 33.730 34.402 34.286 34.232 34.841 34.003 33.529 32.306 30.726 29.130 27.659 28.494 28.622 27.540 25.667 24.053 25.426 28.791 32.244 24.370 27.849 27.737 22.572 21.240 26.287 27.383 24.125 25.400 24.997 24.255 28.410 29.658 29.830 30.717 30.341 30.263 29.218 25.831 23.618 24.825 26.944 27.552 28.585 28.517 27.117 26.345 27.389 29.227 28.727 27.573 27.507 28.392 27.891 26.518 25.029 23.564 23.493 23.981 25.199 27.133 26.731 26.707 26.261 24.351 23.455 25.155 25.791 25.608
34.529 33.589 33.806 34.159 34.843 34.603 34.417 34.879 34.210 33.606 32.574 31.041 29.481 28.058 28.538 28.381 30.642 32.503 29.627 26.535 27.065 31.700 24.775 30.623 24.575 23.744 21.299 23.582 24.216 24.155 24.082 23.290 25.285 29.931 29.533 30.336 28.165 26.620 27.082 26.753 24.366 26.083 27.279 27.651 26.898 26.574 28.208 27.348 25.589 26.770 28.255 27.477 27.407 28.046 27.980 25.920 25.370 24.234 22.968 23.500 25.765 27.834 25.631 25.108 26.758 25.892 24.409 22.441 23.988 25.776 25.698
34.525 33.719 34.227 34.573 35.142 34.683 34.410 34.944 34.380 33.659 33.309 31.795 29.813 28.419 27.934 25.642 26.613 27.474 26.677 25.496 26.749 31.605 29.565 27.354 27.533 30.095 24.052 20.416 21.580 25.871 24.805 25.064 27.626 30.252 29.379 27.075 24.355 25.237 25.777 26.537 26.457 28.965 28.360 27.888 26.680 25.558 27.004 27.797 25.613 26.075 27.942 27.302 27.972 27.735 26.468 24.346 24.296 23.045 23.595 26.323 27.022 24.760 24.472 25.655 26.013 25.706 24.441 22.012 23.258 24.180 24.202
34.570 34.099 34.632 34.755 35.290 34.968 34.695 34.979 34.183 33.691 33.490 32.987 31.848 29.950 28.288 25.675 26.271 29.292 26.707 25.181 25.427 27.632 31.344 30.169 32.026 26.578 23.337 21.267 21.621 25.574 25.168 25.737 29.241 30.741 29.260 27.409 28.047 29.170 29.413 29.326 28.732 28.994 27.988 26.776 26.703 26.873 27.470 28.695 27.106 25.577 26.973 27.325 28.750 27.579 26.491 22.180 21.098 23.678 27.404 26.570 24.612 24.038 25.775 26.350 25.381 25.524 23.961 22.110 23.915 24.189 22.726
34.508 34.472 34.767 34.761 35.234 34.892 34.750 34.740 33.918 33.553 33.346 32.826 32.958 33.185 32.076 29.604 28.585 30.567 30.189 28.477 28.055 27.330 26.576 26.812 25.383 24.189 22.581 21.692 25.016 26.236 24.516 25.120 30.284 31.143 30.240 29.863 30.051 29.959 30.218 29.906 29.417 28.293 27.578 26.796 27.859 27.577 27.903 29.009 28.303 25.572 24.979 28.945 28.484 27.605 25.287 19.290 20.391 27.988 27.637 25.508 25.198 26.315 26.659 26.388 25.882 26.216 25.027 24.166 25.635 24.638 23.008
34.220 34.441 35.393 35.277 35.171 34.822 35.171 34.247 33.586 33.540 33.628 33.424 33.241 33.186 31.702 27.486 28.014 31.234 30.677 29.600 30.998 31.506 30.550 30.787 26.387 25.290 24.497 25.769 28.560 26.860 23.462 23.746 30.312 30.892 29.970 29.889 30.204 30.229 30.246 30.049 30.066 28.701 27.821 29.043 27.671 26.658 27.295 28.403 27.150 26.131 25.539 29.532 27.506 26.822 23.267 20.812 24.065 26.767 26.510 26.675 26.815 27.477 26.690 26.208 25.692 25.821 25.037 25.635 26.528 24.965 23.761
34.634 34.969 35.272 35.245 34.923 35.242 34.956 34.196 33.373 33.343 32.991 33.129 33.231 33.295 32.739 29.367 27.004 28.792 29.219 29.083 29.723 28.539 29.941 31.292 28.471 29.352 29.684 29.147 29.072 27.467 23.100 23.038 28.691 30.827 29.854 30.195 30.454 30.255 30.271 30.445 30.487 29.384 26.893 27.765 27.009 24.748 25.834 27.462 25.424 23.556 25.006 28.305 25.966 24.539 25.049 24.721 24.385 25.155 25.864 26.482 26.833 27.327 26.510 25.069 24.200 23.827 23.734 25.100 25.487 24.730 24.571
34.536 35.187 35.166 35.518 35.223 35.131 34.945 33.981 33.137 33.451 32.576 31.544 31.604 33.160 33.474 31.923 30.006 28.775 26.058 25.930 29.965 29.360 28.987 26.521 26.070 24.594 24.865 26.770 29.089 28.276 24.214 24.838 28.000 31.209 29.713 30.463 30.577 30.387 30.394 30.541 30.512 29.686 27.164 25.194 28.678 25.083 25.000 26.559 24.852 24.519 28.394 28.919 24.628 24.269 27.427 26.527 26.468 27.043 26.563 26.498 27.045 26.788 23.180 21.508 22.713 24.614 25.920 26.489 25.892 25.422 25.327
35.299 35.628 35.110 34.772 34.644 34.732 34.670 34.161 33.709 33.803 32.323 31.726 33.289 32.214 32.058 32.245 32.251 30.604 27.089 24.835 27.819 28.003 32.062 29.135 28.775 27.865 26.581 25.831 27.591 28.019 25.593 25.836 26.955 31.045 29.735 30.368 30.599 30.302 29.968 30.323 30.239 28.774 28.087 25.799 27.046 27.438 23.445 23.386 24.884 28.489 28.861 26.790 25.199 27.108 28.309 27.186 26.920 27.796 26.791 27.489 27.758 24.140 20.539 23.400 25.880 26.230 25.959 24.753 24.130 24.474 24.952
35.338 34.605 34.414 34.474 34.495 34.485 34.337 34.478 34.392 33.847 32.261 30.171 32.143 33.686 33.340 33.189 32.756 30.816 28.657 26.961 28.411 25.340 27.289 32.171 31.204 29.407 27.474 25.846 26.711 27.789 25.273 24.521 25.126 28.432 30.485 30.390 30.296 30.322 29.989 30.737 30.260 26.800 26.723 27.594 26.021 27.673 25.621 24.066 27.014 29.324 28.599 28.033 27.397 28.396 28.742 28.106 27.339 27.259 26.375 27.142 24.498 21.987 23.793 25.808 23.677 24.148 26.025 25.733 24.455 24.049 24.801
33.800 33.790 34.512 34.861 34.760 34.447 33.953 33.946 34.296 34.267 32.759 31.623 32.284 32.477 32.772 33.075 32.617 31.213 29.468 29.080 29.947 26.716 24.529 30.656 28.526 26.663 26.602 24.473 26.411 29.034 26.266 25.855 25.459 26.612 29.936 30.513 30.055 30.343 30.545 30.759 29.683 24.464 24.392 26.132 28.894 26.232 29.795 29.380 28.912 28.368 28.298 28.394 28.326 28.831 29.098 28.566 26.955 26.440 27.921 25.108 22.701 23.889 26.140 26.312 25.799 26.146 26.845 25.532 24.726 24.114 25.167
32.397 33.789 34.060 33.991 34.045 34.072 33.533 32.516 32.588 33.786 33.014 32.367 33.143 32.736 32.598 32.600 32.036 31.388 29.715 29.051 30.391 29.590 24.535 26.222 31.622 27.305 27.214 24.857 27.873 30.559 27.447 27.900 27.816 26.927 29.788 30.652 30.335 30.657 30.827 30.780 28.706 21.269 21.219 24.008 24.876 27.475 29.701 30.010 28.285 27.210 27.769 28.415 29.040 29.368 29.119 27.016 25.036 26.674 27.776 23.085 25.062 25.763 25.223 25.660 24.300 25.485 25.859 25.753 26.277 25.145 24.732
31.991 33.274 32.402 31.872 32.271 33.363 32.906 31.971 30.622 32.168 33.677 33.091 33.407 33.360 33.229 32.694 32.007 32.032 30.636 27.912 29.713 30.694 25.961 22.486 29.511 26.023 23.426 26.191 30.510 31.104 28.249 28.877 28.789 26.356 29.255 31.070 30.765 30.885 30.921 30.704 27.167 19.688 20.839 27.873 23.956 23.889 26.454 28.875 27.511 26.277 27.589 28.436 29.755 28.993 26.430 23.933 25.315 25.772 24.356 24.589 27.314 25.786 24.979 23.528 22.838 24.981 26.833 26.179 25.904 25.181 24.299
31.336 32.293 32.252 32.832 32.563 32.685 32.592 32.678 31.532 30.676 32.532 32.578 32.456 32.637 32.779 32.397 31.810 32.407 31.738 29.027 26.494 27.050 27.267 24.064 25.427 29.416 21.034 27.700 31.665 31.416 28.741 28.886 29.981 26.658 27.917 31.137 30.933 30.954 30.938 30.495 24.585 20.527 22.725 26.955 30.177 29.617 29.855 28.566 25.250 26.296 28.000 29.446 28.388 27.405 25.435 27.264 27.585 25.272 24.101 26.388 27.857 27.277 24.160 23.542 21.896 22.461 23.319 23.832 25.747 25.668 24.296
30.929 31.684 31.885 32.884 34.175 33.411 33.327 33.747 33.403 32.190 32.619 32.340 32.227 32.437 32.607 32.491 32.371 32.697 32.488 32.269 31.142 29.323 29.725 28.332 25.078 30.447 21.454 28.245 31.670 31.505 29.611 28.427 29.633 26.373 26.579 30.967 30.608 30.857 30.955 29.975 22.503 20.533 22.718 27.221 30.090 27.759 27.469 25.912 25.553 28.273 29.224 28.135 26.367 26.999 27.741 29.118 24.780 26.292 26.463 27.776 27.360 26.707 24.172 24.690 23.202 23.135 24.239 24.152 25.084 24.752 24.311
31.076 31.558 31.761 32.162 33.769 33.565 33.814 34.105 33.818 33.332 33.522 33.232 32.901 33.017 33.090 32.795 32.683 32.755 32.559 32.448 31.631 27.953 29.234 29.590 27.695 29.419 23.071 30.060 31.833 31.639 30.642 28.670 28.588 25.765 25.365 29.900 29.311 29.742 30.202 29.225 23.253 20.140 21.643 30.030 28.267 29.231 28.845 27.193 27.983 29.648 29.138 25.919 26.851 28.502 29.712 26.882 26.600 28.082 28.172 28.389 28.318 26.511 25.022 25.954 25.661 25.841 25.777 24.187 23.792 24.506 26.567
31.224 30.940 31.413 32.258 33.766 34.187 34.089 34.022 33.935 33.561 33.449 33.495 33.068 33.224 33.239 32.753 32.650 32.801 32.534 32.332 32.010 29.068 28.705 29.128 30.355 28.166 25.622 31.430 31.906 31.696 31.338 29.913 28.822 25.104 26.594 29.924 29.991 30.051 29.671 29.236 25.856 21.320 19.654 29.699 27.867 29.645 28.695 27.657 28.881 29.829 29.022 26.701 29.461 28.197 28.451 27.891 28.000 28.255 28.602 29.332 28.333 26.080 25.788 23.581 21.262 21.547 22.140 22.393 23.507 27.330 26.785
32.216 31.435 32.148 33.838 34.077 33.868 34.071 34.375 34.469 34.421 34.046 34.016 33.755 33.887 33.787 33.457 33.643 33.587 32.668 32.404 32.301 31.013 28.405 26.184 29.027 29.645 27.501 31.429 31.792 31.742 31.672 31.429 28.826 24.085 28.658 30.722 30.905 30.817 30.564 30.383 27.955 23.182 19.676 29.098 28.093 29.775 29.459 28.462 28.568 29.482 29.169 27.391 29.710 26.566 28.886 28.548 28.179 27.776 26.728 25.738 24.339 23.995 23.343 20.609 22.905 27.206 25.703 25.137 25.298 25.895 25.691
31.911 32.124 32.956 33.916 34.135 34.270 34.295 34.389 34.229 34.089 34.151 33.713 33.807 33.914 33.696 33.666 33.426 33.240 33.140 32.943 32.840 32.836 32.014 28.880 26.747 30.975 29.100 31.194 31.677 31.700 31.734 31.586 28.366 24.093 29.668 30.830 30.984 30.960 30.971 30.845 28.405 22.102 20.110 29.593 28.110 29.419 29.823 29.843 28.909 28.836 29.525 27.188 28.904 25.297 27.421 27.744 27.680 26.812 25.547 25.744 24.906 23.707 22.724 24.456 27.798 22.885 20.488 20.068 20.708 23.501 26.556
31.078 32.736 34.158 34.619 34.528 34.404 34.343 34.345 33.921 33.615 34.113 34.130 34.079 34.033 33.741 33.647 33.324 32.907 32.682 32.303 32.051 32.736 32.734 32.197 30.527 31.061 32.143 31.521 31.626 31.586 31.713 31.590 28.608 24.447 29.674 30.737 30.750 30.569 30.827 30.900 28.623 22.865 21.300 26.781 30.109 28.812 28.740 28.994 28.918 28.691 29.868 26.501 29.671 25.049 26.065 27.167 27.879 27.249 26.547 27.112 26.635 26.568 27.655 27.581 23.564 25.902 26.072 25.547 26.150 27.192 27.264
31.815 34.376 34.681 34.533 33.900 33.265 33.367 33.954 33.235 33.467 34.218 34.055 33.751 33.578 33.491 33.563 33.308 32.767 31.709 30.060 28.878 31.242 32.639 32.323 32.101 32.243 32.693 32.277 32.067 31.463 31.738 31.289 29.474 25.794 29.852 29.613 29.531 29.271 30.390 30.911 29.371 24.589 24.172 27.054 29.225 28.642 27.557 29.153 28.774 28.362 30.066 26.513 29.687 23.843 26.778 27.958 28.389 25.904 25.576 25.771 23.785 22.787 21.035 21.692 25.243 26.966 26.087 26.021 26.372 26.480 25.314
31.535 30.977 30.374 30.335 30.581 31.589 32.220 32.937 32.690 32.799 33.207 32.980 32.574 32.664 32.577 32.324 31.479 30.722 29.332 28.945 25.875 28.194 32.157 32.198 32.102 32.155 32.458 32.282 31.757 31.770 31.507 30.967 29.672 27.546 30.706 27.635 29.350 28.005 29.874 30.695 30.103 23.915 25.177 28.806 26.733 30.400 28.579 29.808 28.618 26.904 29.228 25.452 29.105 24.168 28.531 28.732 25.436 22.332 22.258 21.895 20.409 21.101 21.403 23.941 26.843 25.695 25.875 25.810 25.957 25.405 24.041
