tests/3D/PSQL_test/output_maps/SWEN0014.asc
ncols         295
nrows         180
xllcorner     627200.000000
yllcorner     5109000.000000
cellsize      200.000000
NODATA_value  -9999.0
[rows 32 to 63 of 180, columns 213 to 283 of 295]
19.785 22.187 20.090 19.004 22.041 24.148 24.518 24.654 24.760 24.549 24.588 24.673 22.949 21.266 21.777 22.279 22.065 21.852 21.834 21.879 21.929 21.983 22.036 22.057 20.478 20.758 23.210 24.849 21.635 20.223 21.950 22.599 22.661 22.671 22.695 22.694 22.706 22.693 22.695 22.690 22.659 22.581 21.711 20.373 19.556 18.477 18.955 23.075 25.818 25.767 25.083 23.417 24.107 23.756 24.529 25.010 25.100 24.869 25.074 25.329 25.456 25.596 25.541 25.572 25.466 24.653 24.382 24.634 24.499 24.955 25.354
21.522 21.314 19.274 19.847 23.930 23.506 22.633 23.152 24.041 24.017 24.379 24.735 23.178 21.271 21.031 21.899 21.951 21.813 21.831 21.888 21.941 21.996 22.052 22.106 20.983 20.966 23.002 24.735 23.277 20.402 20.221 21.950 22.688 22.701 22.748 22.749 22.742 22.752 22.753 22.727 22.694 22.613 22.007 20.922 20.024 19.146 18.639 22.258 25.694 25.890 25.807 25.005 24.867 25.084 25.515 25.250 25.031 25.014 25.445 25.683 25.539 25.525 25.563 25.498 25.018 24.116 24.658 25.252 25.161 25.482 25.473
21.063 23.904 22.986 22.638 22.465 22.074 22.307 23.045 24.094 23.637 24.093 24.802 23.626 21.367 20.398 21.345 21.698 21.775 21.842 21.898 21.954 22.010 22.048 22.125 21.568 20.389 22.023 24.744 24.854 23.492 20.467 20.511 22.745 22.781 22.812 22.815 22.831 22.820 22.842 22.836 22.801 22.672 22.221 21.318 20.302 19.096 19.644 22.079 24.874 25.845 25.864 25.875 25.664 25.643 25.481 25.378 25.267 25.337 25.756 25.737 25.505 25.547 25.626 25.393 24.818 24.423 25.107 25.620 25.453 25.384 25.374
22.378 22.596 20.102 19.855 20.908 21.863 21.662 22.723 23.552 23.332 24.034 24.847 24.589 22.579 20.220 20.463 21.492 21.778 21.830 21.907 21.966 22.025 22.065 22.145 21.642 20.387 22.189 24.632 25.210 24.436 19.911 20.442 22.805 22.830 22.865 22.893 22.891 22.920 22.900 22.893 22.857 22.737 22.101 21.056 20.367 19.175 21.054 22.607 24.176 25.727 25.921 25.976 25.901 25.796 25.662 25.638 25.548 25.450 25.757 25.736 25.306 25.510 25.603 25.337 24.835 24.573 25.432 25.477 25.183 25.084 25.244
20.323 21.325 20.366 19.858 21.155 21.414 20.451 22.343 22.893 22.827 23.918 24.887 24.974 23.665 20.248 20.080 21.263 21.822 21.836 21.916 21.956 22.019 22.081 22.166 21.483 20.936 22.848 24.158 25.271 23.786 19.181 21.169 22.858 22.927 22.946 22.976 22.977 22.989 22.991 22.962 22.921 22.826 21.794 21.027 20.347 19.025 21.181 23.322 24.564 25.628 26.012 26.009 25.819 25.882 25.890 25.733 25.801 25.555 25.655 25.726 25.239 25.465 25.511 25.273 24.963 24.587 25.305 25.120 25.194 25.093 24.985
20.065 21.558 21.115 20.129 21.159 20.434 19.651 22.349 22.548 22.260 23.658 24.855 24.969 24.170 21.170 19.569 20.681 21.784 21.839 21.901 21.947 22.032 22.098 22.170 21.674 21.349 22.310 23.477 25.127 23.495 19.582 21.573 22.883 22.991 23.036 23.073 23.078 23.093 23.074 23.043 23.017 22.825 21.443 20.681 20.428 18.773 20.432 24.503 25.634 25.771 26.032 25.952 25.740 25.882 25.928 25.897 25.789 25.583 25.482 25.708 25.432 25.409 25.464 25.445 25.083 24.601 25.050 25.032 25.204 25.101 24.994
21.759 24.051 23.804 22.254 22.068 19.633 18.796 22.354 22.767 22.062 23.351 24.821 24.929 24.103 21.958 19.856 20.405 21.804 21.859 21.909 21.955 22.024 22.076 22.169 22.079 21.122 21.502 23.349 25.162 23.808 20.196 21.890 22.969 23.105 23.138 23.161 23.192 23.189 23.190 23.178 23.128 22.612 20.775 20.854 20.385 18.842 21.058 25.423 26.130 25.906 26.042 25.748 25.709 26.031 25.929 25.895 25.768 25.737 25.583 25.621 25.454 25.504 25.325 25.304 25.194 25.078 25.403 25.386 25.295 25.199 25.187
22.388 24.601 25.083 22.844 21.630 18.776 18.501 21.930 22.546 22.064 23.194 24.421 24.106 23.033 21.558 20.246 21.000 21.904 21.851 21.912 21.962 22.013 22.111 22.189 22.234 21.296 20.551 22.688 25.079 22.322 20.058 21.969 23.107 23.188 23.251 23.280 23.315 23.313 23.315 23.303 23.269 22.110 20.352 21.564 20.607 19.945 23.128 25.814 26.016 25.965 25.984 25.620 25.827 26.071 25.745 25.773 25.797 25.705 25.532 25.420 25.392 25.588 25.422 25.130 25.208 25.434 25.539 25.396 25.133 25.118 24.904
21.309 22.209 22.821 21.831 21.402 19.636 19.379 21.709 22.689 22.596 23.095 23.843 23.358 22.626 21.294 21.247 22.144 22.051 21.891 21.912 21.985 22.065 22.146 22.227 22.267 22.051 20.478 21.984 23.779 20.637 21.350 22.817 23.212 23.297 23.366 23.405 23.449 23.454 23.438 23.441 23.389 21.483 19.344 21.558 22.698 21.129 22.492 25.018 25.826 25.946 25.968 25.665 25.934 26.044 25.779 25.862 25.875 25.789 25.553 25.350 25.410 25.664 25.512 24.805 25.017 25.511 25.350 24.844 23.996 23.817 23.453
20.832 21.095 20.877 20.651 20.923 21.191 20.973 21.712 22.730 22.283 22.285 23.037 23.684 23.552 22.188 22.008 22.410 22.089 21.832 21.912 21.988 22.072 22.155 22.242 22.331 22.304 21.206 22.247 23.058 20.941 22.600 23.202 23.314 23.387 23.516 23.545 23.574 23.604 23.588 23.568 23.259 20.171 18.823 21.015 24.179 25.086 22.941 23.638 25.437 26.000 25.857 25.609 25.905 25.983 25.877 25.943 25.900 25.752 25.402 25.458 25.509 25.678 25.277 24.102 24.387 23.894 23.145 22.505 23.303 24.929 25.426
19.801 19.822 19.570 19.312 19.334 20.180 21.908 23.139 23.316 22.098 21.678 22.707 23.651 23.860 22.527 21.607 22.135 22.020 21.822 21.910 21.991 22.076 22.161 22.253 22.369 22.401 21.887 22.915 24.056 22.123 23.073 23.298 23.413 23.526 23.624 23.665 23.727 23.762 23.770 23.636 22.018 19.487 19.495 21.250 24.196 24.992 25.474 24.056 24.920 25.965 25.809 25.542 25.690 25.812 25.905 25.969 25.812 25.704 25.216 25.632 25.523 24.617 24.446 23.014 21.394 20.859 22.307 24.476 25.398 23.099 22.884
22.384 22.603 20.370 19.591 20.155 20.697 21.908 23.140 23.120 22.053 21.832 22.667 23.347 23.589 22.070 20.806 21.864 21.803 21.823 21.903 22.009 22.076 22.165 22.260 22.383 22.489 22.072 22.466 24.520 23.619 22.824 23.395 23.513 23.615 23.731 23.832 23.925 23.970 23.957 23.572 21.514 20.268 20.628 22.199 25.514 26.166 26.078 25.567 25.271 25.593 25.641 25.338 25.400 25.566 25.787 25.564 25.418 25.268 25.231 25.300 25.159 22.866 23.442 23.783 25.146 25.392 24.637 23.517 21.815 21.800 23.980
19.797 21.994 23.172 22.455 21.392 21.578 22.027 22.657 23.378 22.814 22.187 22.468 22.934 22.960 21.338 21.062 21.796 21.796 21.815 21.894 21.981 22.049 22.142 22.262 22.391 22.526 22.602 22.228 22.878 24.126 23.413 23.441 23.580 23.702 23.875 24.033 24.202 24.275 24.265 23.716 20.950 19.796 20.544 23.563 26.406 26.801 26.729 26.519 25.929 25.508 25.305 25.100 25.304 25.481 25.312 24.874 24.964 24.326 24.447 24.086 24.375 22.659 25.395 23.609 22.359 20.601 20.584 21.595 22.501 23.663 25.031
20.321 21.323 22.993 23.813 22.902 23.387 23.068 22.890 23.775 23.447 22.139 22.149 22.611 22.312 21.010 21.679 21.796 21.778 21.815 21.880 21.970 22.041 22.135 22.259 22.392 22.529 22.643 22.767 22.684 22.713 23.220 23.469 23.649 23.873 24.149 24.323 24.428 24.491 24.485 24.085 20.656 18.809 20.655 25.078 26.763 26.690 26.596 26.278 25.823 25.511 25.185 24.494 24.253 24.368 24.481 24.431 24.839 23.997 22.981 22.040 22.473 24.026 24.747 21.432 23.008 23.918 24.646 25.187 25.166 25.147 25.440
20.817 22.963 22.618 21.366 21.049 22.866 23.932 23.950 22.902 22.993 22.186 22.281 22.584 22.140 21.803 22.014 21.856 21.809 21.794 21.882 21.953 22.045 22.143 22.250 22.384 22.526 22.665 22.828 22.979 23.155 23.364 23.510 23.766 24.098 24.325 24.497 24.678 24.692 24.689 24.217 21.564 18.952 21.046 25.745 26.168 26.089 25.864 25.485 25.120 25.056 25.122 24.610 24.025 23.970 24.318 24.592 24.783 24.498 24.400 24.638 25.165 25.501 23.827 21.685 21.902 22.780 23.360 23.704 24.177 24.834 25.374
18.949 22.775 22.416 20.882 20.403 20.574 21.442 22.817 23.665 23.309 23.151 22.794 22.640 22.538 22.437 22.208 22.011 21.888 21.800 21.817 21.929 22.023 22.123 22.232 22.391 22.513 22.634 22.801 22.978 23.199 23.351 23.611 23.889 24.239 24.498 24.718 24.841 24.914 24.870 22.831 20.671 20.660 23.191 25.563 25.622 25.529 25.423 25.003 24.880 25.136 25.679 25.626 25.339 24.886 24.720 24.824 25.019 25.304 25.438 23.930 23.713 24.032 25.222 24.295 22.367 21.881 22.759 23.703 23.856 24.585 25.129
20.304 22.769 21.998 21.118 21.379 21.170 20.372 20.548 21.116 22.095 23.378 23.290 22.885 22.789 22.655 22.296 22.070 21.937 21.812 21.808 21.902 21.973 22.096 22.227 22.387 22.511 22.611 22.804 22.981 23.165 23.381 23.633 24.049 24.323 24.570 24.835 25.005 25.006 24.059 20.208 20.508 24.293 26.451 24.621 23.505 23.400 24.165 24.897 25.205 24.932 25.048 24.990 25.025 24.958 24.797 25.003 25.378 25.435 24.234 23.366 24.067 23.298 23.065 24.851 25.631 24.392 23.360 22.945 23.683 24.831 25.299
21.725 22.376 21.323 21.347 22.650 23.393 22.308 21.783 22.357 20.873 21.780 22.867 23.189 23.098 22.772 22.440 22.157 21.964 21.802 21.793 21.867 21.941 22.063 22.194 22.333 22.436 22.573 22.767 22.926 23.106 23.367 23.639 24.053 24.386 24.659 24.906 25.055 24.682 21.528 20.993 25.129 26.409 26.027 25.984 26.212 26.193 26.153 26.287 26.031 25.944 26.086 26.038 26.027 25.912 25.825 25.470 25.036 25.489 24.937 22.714 22.249 24.648 24.164 22.826 23.941 25.696 24.059 22.072 22.501 24.154 25.296
21.031 22.934 20.074 21.338 22.640 23.698 22.887 22.001 22.323 20.483 21.220 23.073 23.262 22.996 22.704 22.424 22.180 22.006 21.765 21.734 21.808 21.900 22.001 22.131 22.249 22.392 22.559 22.759 22.874 23.093 23.350 23.617 24.043 24.393 24.695 24.932 25.088 24.334 23.034 24.317 26.172 26.256 26.448 26.052 25.605 25.393 25.307 25.497 25.418 25.074 24.579 24.523 24.858 24.892 24.321 23.834 24.010 24.593 25.668 24.035 22.008 22.442 24.610 24.844 22.797 24.077 25.624 23.331 21.815 22.259 24.559
20.534 21.510 19.246 21.091 22.433 23.533 23.226 22.411 21.227 20.139 21.563 23.375 23.378 22.936 22.499 22.308 22.101 21.845 21.703 21.691 21.784 21.876 21.974 22.060 22.195 22.336 22.501 22.652 22.805 23.041 23.309 23.581 23.708 23.939 24.404 24.579 24.616 23.746 22.605 24.426 25.279 25.176 25.683 26.151 26.227 26.166 26.005 25.607 25.301 25.215 24.923 25.033 25.171 25.134 24.725 25.107 25.630 25.054 25.283 25.348 23.114 21.970 21.941 24.837 25.148 22.975 24.634 25.420 23.307 21.551 23.080
20.012 18.931 18.951 21.081 22.617 23.820 23.538 22.212 20.504 20.032 21.646 22.574 21.923 21.795 22.027 21.971 21.779 21.660 21.573 21.622 21.714 21.784 21.899 22.002 22.132 22.271 22.411 22.574 22.716 22.972 23.173 22.944 22.411 24.201 24.244 24.592 24.817 22.873 21.745 24.018 25.656 26.337 26.343 25.854 25.263 24.905 25.025 24.650 24.060 23.580 23.722 24.301 23.991 23.915 24.123 24.725 25.210 25.163 25.097 25.822 24.637 23.072 21.441 21.907 25.238 24.649 22.947 24.964 25.236 22.891 22.668
18.900 18.335 18.940 21.303 23.631 24.077 23.502 21.542 19.854 20.581 21.939 22.211 21.966 21.780 21.739 21.624 21.540 21.449 21.492 21.572 21.638 21.747 21.859 21.958 22.124 22.198 22.315 22.521 22.620 22.749 22.354 22.518 24.183 24.890 24.630 24.802 25.028 22.800 23.584 26.472 26.629 26.454 25.989 25.463 24.970 24.783 24.894 24.655 24.103 23.625 23.347 23.702 23.438 23.783 24.446 24.853 24.942 24.616 24.857 25.450 25.751 24.609 22.609 20.890 22.338 24.768 25.083 24.462 25.683 24.558 24.542
19.449 19.192 20.029 21.956 23.901 24.061 22.806 20.774 19.984 21.118 22.280 22.130 21.767 21.596 21.540 21.423 21.288 21.346 21.419 21.494 21.578 21.685 21.773 21.887 22.006 22.114 22.206 22.359 22.523 22.475 23.074 24.534 25.153 24.847 25.090 25.177 24.943 23.349 24.779 26.347 26.082 25.706 25.433 25.131 24.600 24.222 23.786 23.506 23.652 23.992 22.866 21.575 21.523 23.561 24.583 25.098 25.172 24.122 24.705 25.272 25.548 25.508 24.955 22.572 21.624 21.844 22.722 24.715 25.592 24.909 24.661
19.711 20.509 20.778 22.353 24.141 23.913 22.200 20.484 20.187 20.991 21.980 22.136 21.760 21.507 21.289 21.169 21.243 21.293 21.362 21.454 21.532 21.597 21.680 21.768 21.882 22.004 22.111 22.238 22.397 22.308 23.166 24.021 24.597 24.575 25.210 25.270 25.047 24.241 25.074 25.678 25.493 25.653 25.095 24.209 23.618 22.399 21.548 21.214 21.158 21.105 19.592 18.920 18.231 20.061 22.633 24.511 25.262 24.427 24.542 25.254 25.220 25.188 25.678 25.229 24.056 24.034 24.320 24.824 23.975 23.066 22.431
20.220 21.445 21.467 22.721 24.350 23.895 22.190 20.744 20.205 20.846 21.674 21.967 21.646 21.315 21.157 21.103 21.128 21.233 21.301 21.390 21.442 21.523 21.624 21.707 21.776 21.889 22.028 22.127 22.239 22.577 23.636 24.057 24.415 24.467 25.199 25.413 25.322 24.911 24.841 25.088 25.405 25.563 24.692 24.407 24.186 22.580 22.525 23.174 22.658 21.605 21.289 22.266 20.649 20.324 22.137 24.324 25.124 24.837 25.050 25.504 25.471 25.358 25.412 25.635 25.611 25.339 25.391 24.565 22.452 23.434 24.238
20.946 21.865 22.297 22.885 23.980 23.876 22.931 21.195 20.224 20.692 21.503 21.589 21.411 21.205 20.965 21.026 21.069 21.130 21.215 21.282 21.370 21.465 21.543 21.602 21.684 21.789 21.879 22.013 22.133 22.094 23.253 24.018 24.393 24.406 24.997 25.284 25.311 25.009 24.673 25.136 25.430 25.000 24.239 24.302 23.903 22.004 23.597 25.641 25.080 24.728 25.242 25.810 25.762 23.057 22.346 23.954 24.711 24.812 25.343 25.682 25.525 25.047 24.525 24.501 24.973 25.574 25.304 25.113 23.060 21.746 22.832
20.930 22.056 22.280 21.893 23.232 23.987 23.974 21.891 20.313 20.386 21.099 21.496 20.795 20.947 20.885 20.950 20.986 21.086 21.147 21.211 21.276 21.364 21.418 21.513 21.609 21.707 21.785 21.889 21.994 21.808 23.004 23.880 24.305 24.406 24.736 25.029 24.957 24.320 23.711 24.344 24.683 24.437 24.292 24.179 22.953 21.131 23.530 25.336 24.874 25.109 26.012 25.906 25.720 24.001 22.544 23.924 24.539 24.786 25.220 25.459 25.257 24.531 23.720 22.732 22.920 24.300 25.616 25.270 23.940 21.735 21.723
20.427 22.038 21.416 21.873 23.938 24.466 24.283 22.056 20.254 20.040 21.008 21.737 20.946 20.654 20.859 20.888 20.962 21.018 21.056 21.137 21.199 21.282 21.347 21.421 21.512 21.604 21.733 21.851 21.925 21.851 22.722 23.670 23.818 24.181 24.658 24.801 24.368 23.484 23.416 23.989 24.052 23.491 22.653 22.673 21.371 20.787 23.866 25.001 25.095 25.800 26.118 25.858 25.296 23.962 23.160 24.541 24.789 25.225 25.291 24.946 24.919 24.218 23.336 22.923 22.904 23.279 25.103 25.548 24.233 21.958 21.472
20.158 21.597 21.397 22.826 24.519 24.663 24.336 21.795 19.887 20.099 21.180 21.600 20.871 20.576 20.776 20.846 20.897 20.930 20.984 21.041 21.119 21.179 21.260 21.344 21.452 21.477 21.604 21.671 21.754 21.864 22.437 23.304 23.586 23.994 24.544 24.425 23.419 23.289 23.807 23.749 23.641 22.590 21.347 21.326 21.028 21.800 24.511 25.644 25.982 25.884 25.621 25.289 24.887 23.155 23.125 24.787 25.494 25.464 24.564 23.922 24.370 24.197 23.124 24.710 23.280 23.448 24.251 25.489 25.055 23.566 22.593
20.877 22.198 22.601 23.556 24.456 24.546 24.078 21.759 19.532 20.160 21.334 21.432 20.552 20.607 20.718 20.763 20.829 20.859 20.889 20.963 21.059 21.094 21.171 21.248 21.307 21.426 21.487 21.547 21.616 21.848 22.238 22.563 23.463 24.035 24.276 23.524 22.710 23.458 23.720 22.850 22.766 22.311 21.798 22.976 23.171 23.946 25.608 26.083 25.859 25.411 24.907 24.117 22.936 22.239 23.853 25.489 25.836 25.574 25.234 25.299 25.185 24.729 23.662 25.588 23.448 24.101 23.929 24.622 25.564 24.930 24.180
22.717 23.387 23.409 23.899 24.543 24.482 23.759 21.459 19.661 20.353 21.425 21.025 20.340 20.552 20.632 20.696 20.761 20.787 20.815 20.905 20.976 21.067 21.079 21.151 21.245 21.339 21.436 21.519 21.611 21.786 21.774 22.358 23.463 23.922 23.684 22.905 22.975 23.802 23.576 22.864 22.934 23.145 23.547 24.898 25.380 25.356 25.786 25.683 25.572 25.354 24.422 22.920 22.226 23.279 24.869 25.369 25.253 25.130 25.001 25.271 25.623 25.229 24.283 25.602 24.249 24.636 24.620 24.606 25.269 25.473 25.001
23.192 23.899 23.639 23.959 24.614 24.433 22.815 20.617 19.694 20.336 21.281 21.024 20.295 20.471 20.549 20.630 20.671 20.674 20.739 20.804 20.889 20.919 20.969 21.078 21.146 21.170 21.290 21.524 21.733 21.745 21.305 22.408 23.534 23.773 23.510 23.357 23.521 23.934 23.700 23.236 23.679 23.674 23.853 25.206 25.409 25.391 25.263 25.004 25.103 25.190 23.691 22.437 23.457 24.853 25.437 25.487 25.529 25.506 25.344 25.153 25.304 25.018 24.112 25.327 24.864 24.737 24.834 24.821 24.913 25.521 25.355
