tests/3D/PSQL_test/output_maps/SWEN0029.asc
ncols         295
nrows         180
xllcorner     627200.000000
yllcorner     5109000.000000
cellsize      200.000000
NODATA_value  -9999.0
[rows 96 to 127 of 180, columns 0 to 70 of 295]
-9999.000 26.291 28.166 28.458 26.919 25.706 25.491 25.962 26.196 26.815 26.833 26.852 26.476 27.734 26.911 26.103 25.427 24.396 24.688 28.273 27.737 28.196 26.035 25.071 26.947 26.340 24.865 27.595 24.935 24.406 23.533 24.169 25.052 27.965 26.153 22.047 21.728 23.442 24.404 29.485 23.555 28.634 28.695 25.210 27.079 26.659 23.514 29.948 27.984 28.983 28.889 28.601 27.614 26.950 30.442 29.126 30.028 29.114 29.012 29.680 31.322 29.680 27.438 27.518 28.876 29.616 29.683 29.525 29.567 30.211 30.759
-9999.000 26.319 28.544 27.726 25.245 24.493 25.747 26.991 26.635 26.242 26.041 26.882 26.708 28.289 27.128 26.358 25.699 24.969 25.974 27.416 27.433 26.695 25.330 25.094 25.378 24.319 24.894 28.873 24.692 25.266 24.177 24.201 25.356 29.249 24.299 22.078 22.790 23.794 25.582 28.428 23.593 28.525 27.864 23.731 26.401 26.460 23.560 29.207 29.286 29.638 28.194 28.274 28.143 29.856 29.938 29.027 29.985 30.246 31.025 31.049 29.114 27.206 27.573 29.189 30.481 31.046 31.263 31.188 30.580 30.428 30.249
-9999.000 26.923 28.573 26.956 24.233 23.968 25.543 26.641 26.248 25.347 25.369 26.517 27.457 27.646 28.099 27.529 28.271 27.572 27.425 26.686 26.710 26.303 25.368 23.714 22.802 24.915 27.072 24.962 23.537 24.172 23.283 23.627 27.462 28.207 23.085 22.451 23.151 23.826 27.511 27.757 23.948 28.046 27.056 22.418 26.447 25.979 23.926 29.271 28.688 28.944 28.848 29.112 27.761 29.295 30.510 28.265 27.891 29.121 29.630 28.446 27.787 28.158 29.681 31.728 32.228 32.290 31.596 31.543 31.467 31.360 31.224
-9999.000 27.126 28.352 25.979 23.978 23.705 23.719 22.518 22.848 25.125 26.311 26.118 26.566 25.689 27.190 27.205 28.727 27.427 27.627 26.921 27.140 27.531 27.191 25.163 25.944 29.310 23.826 22.245 22.935 22.964 23.314 25.391 29.615 26.461 23.439 22.818 22.513 23.867 28.123 26.473 24.896 27.696 26.857 22.098 27.450 26.292 24.614 30.464 29.403 27.333 26.646 29.170 29.093 28.377 31.055 28.349 26.037 28.789 30.097 28.560 28.918 30.109 31.774 32.120 31.590 31.434 30.485 32.424 32.501 32.377 32.304
-9999.000 27.152 27.927 25.057 22.815 21.863 19.392 19.407 19.794 22.886 26.757 26.140 24.417 24.701 25.980 25.516 26.884 26.264 26.293 26.316 26.340 27.384 28.222 26.407 27.465 26.691 22.246 21.933 22.636 23.936 25.908 28.775 28.932 24.939 22.477 22.509 22.541 26.418 29.522 26.984 25.510 26.604 27.583 23.516 28.505 26.064 25.264 30.531 28.208 25.472 26.962 25.930 26.307 30.208 30.179 28.431 28.063 28.423 28.781 28.165 30.102 31.944 32.248 31.217 30.451 29.922 28.752 31.544 32.665 33.010 33.048
-9999.000 26.817 27.675 25.329 22.835 21.883 19.787 21.907 24.368 24.924 27.674 27.358 22.321 25.259 26.666 25.786 26.280 25.837 25.859 26.566 26.142 27.228 27.442 26.872 29.290 25.789 22.935 22.964 24.812 27.264 27.496 27.120 27.362 24.678 21.808 23.205 23.564 27.966 29.350 28.588 27.296 27.125 28.753 24.821 29.342 26.372 26.430 29.814 28.451 25.221 27.758 27.359 27.452 29.127 28.388 28.259 29.676 29.407 28.637 28.774 29.829 31.616 31.517 30.270 31.685 30.772 30.004 31.223 31.696 32.116 32.320
-9999.000 25.795 26.254 25.104 25.119 22.871 19.434 21.594 29.063 26.154 27.993 27.387 22.669 24.762 27.943 25.061 25.081 25.865 26.124 26.807 25.935 25.714 25.486 27.852 28.344 23.876 23.597 24.525 27.261 27.088 24.020 24.350 26.280 26.070 22.531 22.900 23.265 27.398 27.854 28.097 27.756 27.813 29.371 26.283 29.237 27.167 25.917 29.311 29.684 26.696 25.019 28.569 29.939 27.343 27.187 29.796 31.349 30.570 29.418 30.184 30.340 31.492 30.666 31.207 32.869 31.711 32.027 32.738 32.449 32.382 32.271
-9999.000 23.734 24.314 23.473 25.866 27.116 20.553 19.459 27.688 27.201 27.725 26.223 24.762 24.226 25.585 22.744 21.768 24.596 25.661 25.693 24.937 25.218 27.117 27.146 24.185 22.300 24.232 26.617 28.888 24.895 24.931 25.505 26.779 25.842 24.176 23.582 22.618 27.636 28.601 27.934 27.577 28.046 29.852 27.308 28.428 28.682 25.669 29.491 29.588 27.753 25.674 28.397 29.997 27.903 27.509 29.076 31.336 31.183 30.476 30.810 31.290 31.607 30.168 32.472 32.311 32.360 32.925 33.379 33.343 33.340 33.292
-9999.000 22.540 24.060 24.890 27.131 28.541 23.236 20.592 25.491 28.036 26.448 25.787 26.042 25.332 22.426 24.579 24.028 24.611 24.349 25.966 27.830 28.828 26.278 22.609 21.959 23.311 27.053 29.280 24.600 24.927 26.513 27.216 27.651 26.844 26.410 24.538 22.294 27.237 29.819 28.514 27.604 27.442 29.556 27.563 27.626 29.219 25.687 29.380 28.142 28.017 27.868 29.246 30.672 28.653 28.068 28.676 30.399 31.129 31.419 31.341 30.899 29.619 31.619 32.391 32.590 32.814 33.329 33.861 33.985 34.063 34.005
-9999.000 23.181 25.402 28.322 28.337 29.064 24.424 21.319 22.014 24.761 23.020 23.948 25.833 24.832 21.070 24.323 26.823 25.691 25.725 27.833 24.703 25.273 24.469 21.958 22.653 27.051 29.479 25.700 22.760 26.738 26.043 27.649 28.546 27.909 27.558 24.857 22.313 27.480 29.576 28.865 27.838 27.238 28.715 27.359 28.286 29.244 27.066 28.896 27.483 28.689 29.988 30.485 30.070 29.117 28.349 28.478 30.280 31.607 31.481 30.221 30.198 32.182 32.279 32.095 33.060 33.089 33.514 34.031 34.228 34.089 33.432
-9999.000 24.363 26.958 28.103 28.475 27.860 24.453 22.022 20.283 22.705 23.360 22.417 23.079 21.075 21.787 28.377 28.529 28.553 27.837 25.774 22.587 23.880 24.203 22.323 24.249 29.477 27.313 23.086 23.748 27.203 26.076 27.052 27.504 27.343 26.458 25.167 23.354 27.285 28.678 27.807 26.969 27.918 28.180 28.243 30.423 29.418 29.640 29.428 30.495 30.857 30.285 28.703 27.637 28.489 29.667 29.989 29.555 28.548 28.452 30.270 31.791 31.732 31.641 32.597 33.176 33.330 33.475 33.927 34.044 33.854 33.832
-9999.000 24.663 25.690 28.370 28.602 27.224 24.195 22.697 21.720 21.390 26.086 27.167 23.100 22.474 28.631 27.049 24.942 24.964 24.710 23.858 23.574 23.284 23.623 24.255 27.480 29.379 25.722 21.746 25.519 27.012 26.588 27.293 27.327 27.367 25.981 26.275 24.932 27.306 30.146 29.868 28.636 29.022 28.393 30.026 29.054 29.285 30.484 30.570 29.687 28.926 29.025 28.503 28.150 28.272 29.687 31.055 31.852 31.904 32.090 31.495 30.506 31.115 32.536 33.080 33.162 33.528 33.597 33.732 33.972 34.042 34.432
-9999.000 23.241 24.964 28.859 28.947 27.759 24.218 23.946 24.253 23.380 23.999 26.362 25.674 28.388 27.801 27.653 28.686 29.190 28.626 27.921 27.208 24.814 24.546 27.280 28.517 28.237 25.483 21.757 25.807 27.037 25.591 26.866 27.559 26.705 25.171 26.295 26.815 29.606 27.370 25.657 27.005 29.331 30.143 29.314 27.923 29.594 29.215 29.296 29.214 30.201 30.528 29.329 28.840 28.283 27.093 26.930 26.769 25.967 26.765 29.672 30.527 31.495 32.672 32.932 32.978 33.588 33.878 33.819 33.946 34.294 34.775
-9999.000 24.147 24.721 28.177 28.656 27.454 24.522 24.547 25.862 25.873 26.579 25.670 22.828 27.805 28.146 27.852 28.338 28.629 28.086 27.775 27.234 25.647 26.404 26.662 24.619 25.472 26.968 22.473 23.505 28.055 25.887 27.746 27.972 25.437 24.612 26.314 28.308 29.510 28.200 28.249 28.830 27.537 27.364 29.175 28.545 29.738 30.707 30.581 30.672 30.831 30.642 29.686 29.444 29.928 29.297 27.220 25.485 24.582 24.360 25.591 27.734 30.090 31.555 31.626 32.074 33.387 34.061 33.848 33.682 34.197 34.905
-9999.000 25.497 24.742 27.072 27.790 27.479 25.346 24.838 26.116 25.655 27.227 27.240 22.839 26.892 28.318 27.141 26.959 27.384 27.597 27.802 27.457 27.071 27.872 23.713 22.087 23.761 27.604 23.161 22.521 29.818 27.112 29.492 28.822 25.173 26.037 27.501 28.501 27.361 28.033 28.274 29.675 29.218 27.138 26.948 29.248 30.485 29.541 29.622 30.113 30.080 29.899 30.283 29.958 29.564 29.086 27.757 27.051 26.590 26.099 25.921 26.102 26.963 27.810 28.945 31.016 32.489 33.518 33.670 33.295 34.141 34.846
-9999.000 26.224 24.764 25.304 26.719 26.943 25.864 24.861 25.407 25.688 27.441 27.276 22.200 27.122 26.264 26.049 27.180 28.407 28.709 28.854 28.190 26.427 25.711 23.733 24.375 22.810 25.805 23.180 23.862 29.252 28.122 29.515 28.197 25.189 27.691 29.907 29.878 27.803 27.417 26.998 26.800 26.335 25.554 25.010 26.494 28.809 29.541 28.570 29.218 28.317 28.409 30.400 30.100 29.547 27.882 26.895 29.114 29.706 29.203 28.349 27.049 26.920 27.761 29.171 30.468 31.195 32.105 33.259 33.167 33.855 34.390
-9999.000 27.448 25.812 24.806 25.603 26.764 26.785 24.884 24.912 26.857 27.637 26.226 21.533 25.280 23.248 21.945 24.503 27.968 28.458 27.276 24.874 23.071 23.093 22.437 23.775 21.795 23.509 22.867 24.494 26.902 27.570 27.401 25.995 27.023 29.888 27.744 27.125 27.388 26.470 25.707 25.165 25.789 26.385 26.436 25.349 24.478 29.224 29.461 29.695 28.521 27.444 28.904 30.224 29.878 28.589 27.439 29.296 31.673 32.044 31.103 29.740 29.203 29.414 30.373 30.840 30.839 30.830 31.768 32.797 34.032 34.268
-9999.000 27.804 27.129 26.540 26.562 27.195 27.576 24.349 24.077 25.982 26.229 24.708 20.848 23.575 24.201 19.775 19.783 21.992 23.340 23.686 24.609 25.741 26.508 26.533 29.363 26.584 27.882 27.095 26.663 28.321 26.950 26.966 27.449 29.979 28.119 26.377 25.874 25.067 24.803 25.992 25.757 25.794 29.795 27.667 23.432 22.414 29.379 29.450 29.016 28.711 28.373 27.510 28.983 29.485 29.209 29.119 29.666 30.984 31.280 30.870 31.501 32.349 32.172 31.831 31.894 31.757 31.136 31.107 32.748 33.977 33.874
-9999.000 28.127 27.519 26.343 26.357 26.819 25.935 23.165 22.862 23.511 23.217 22.242 22.258 25.587 29.468 25.629 23.656 24.284 25.432 26.913 28.569 29.382 29.554 28.181 25.573 25.047 27.082 26.883 23.910 28.342 29.235 27.210 29.420 26.822 27.315 26.885 26.424 26.197 25.687 25.724 26.309 26.351 30.451 24.698 23.428 23.811 29.933 28.334 28.190 28.265 29.337 28.647 27.039 28.163 29.364 30.354 31.129 30.301 29.254 28.419 30.213 31.587 32.631 32.918 32.925 32.780 32.299 31.954 32.119 32.788 33.034
-9999.000 27.844 26.981 26.586 26.608 26.630 24.656 22.873 23.821 22.570 22.254 23.580 28.539 27.419 26.602 27.060 27.487 28.659 29.342 29.368 28.596 29.013 29.351 28.372 28.556 29.339 29.367 29.930 26.456 24.263 26.513 29.408 27.893 24.961 26.869 26.656 26.687 26.719 26.500 26.007 25.483 27.113 29.432 24.053 25.355 26.262 28.254 27.408 28.382 29.398 30.199 29.561 27.269 26.814 29.304 30.824 29.725 27.795 26.779 25.957 27.641 28.627 30.441 31.957 32.741 32.926 32.953 32.673 32.031 32.319 33.003
-9999.000 26.778 28.053 28.487 28.382 28.405 27.083 25.249 26.029 23.228 24.478 29.489 27.951 27.433 26.397 26.419 27.315 28.245 29.074 29.690 29.025 28.346 27.660 26.366 28.075 29.260 29.174 28.808 28.519 23.971 21.610 25.506 26.823 26.100 26.378 26.903 27.622 27.207 27.004 26.012 25.186 27.792 26.648 25.298 25.632 26.509 29.334 30.356 29.888 29.680 29.602 28.978 28.437 28.063 27.917 28.936 27.326 27.161 26.691 25.530 26.310 27.076 28.913 31.023 31.813 31.677 31.828 33.013 32.658 32.868 33.035
-9999.000 28.796 29.141 29.098 29.122 28.892 27.491 26.259 26.041 24.178 24.773 29.301 26.829 28.618 28.202 26.444 25.725 26.003 26.744 27.612 29.053 29.553 29.647 27.901 28.109 29.172 28.160 25.712 26.500 25.193 21.259 24.655 27.300 27.956 27.356 25.617 26.447 26.980 27.010 25.163 25.482 27.996 24.954 26.686 27.463 27.505 28.982 30.153 29.265 29.159 28.859 28.527 29.199 28.240 27.064 27.155 28.522 31.011 30.479 29.524 28.988 28.101 29.710 31.462 32.172 31.460 30.475 32.377 32.907 32.451 31.231
-9999.000 29.142 29.166 28.962 28.294 26.689 25.534 26.043 25.818 24.200 25.085 29.251 26.853 26.877 28.064 28.824 28.970 28.995 28.326 26.311 25.024 25.597 26.863 28.109 28.630 28.498 27.400 25.999 28.041 28.247 22.350 25.259 26.614 26.386 28.192 26.933 23.510 25.680 25.991 23.915 26.312 26.603 23.667 26.412 27.448 27.003 27.980 29.489 30.576 28.752 27.974 27.807 29.811 30.867 30.871 30.599 31.139 30.543 29.290 29.190 28.855 28.734 30.162 31.402 32.114 31.522 30.240 31.454 32.760 31.753 29.591
-9999.000 29.024 28.963 28.294 26.700 25.534 25.809 25.303 23.281 25.074 28.155 28.481 28.204 27.323 27.547 28.280 28.608 29.239 28.796 28.942 28.560 28.262 28.111 27.761 27.159 27.182 28.023 26.769 27.251 29.917 23.716 27.086 27.107 26.652 26.920 28.414 23.517 23.205 25.136 24.239 28.160 26.592 23.660 26.123 27.433 27.698 27.735 27.308 29.366 25.490 25.846 25.604 26.797 27.126 27.708 28.703 30.062 30.435 29.569 29.668 29.958 30.068 30.523 31.080 31.651 31.157 30.410 31.036 32.401 31.327 28.810
-9999.000 27.971 27.649 26.700 26.271 26.292 26.076 23.596 23.299 28.458 28.325 27.499 29.475 28.412 27.762 27.191 27.423 28.018 27.047 28.067 29.005 29.029 29.176 28.946 28.525 28.706 28.729 26.790 26.319 29.446 25.266 27.103 27.123 27.144 26.438 25.658 25.679 23.211 24.219 24.862 29.912 26.062 23.315 25.255 26.140 28.306 29.906 28.572 29.881 24.519 26.082 27.924 30.303 30.712 29.494 27.698 28.248 30.331 29.970 30.360 30.306 30.403 30.918 31.019 31.114 30.627 29.982 30.785 32.172 31.054 28.815
-9999.000 25.481 25.755 26.033 25.809 26.076 25.586 25.344 29.254 26.857 26.870 28.057 27.738 28.867 29.614 26.546 23.806 26.095 26.367 27.712 27.337 26.444 26.706 27.812 28.209 28.878 28.594 26.060 26.331 28.651 26.376 27.567 27.586 26.682 25.925 24.483 24.509 25.425 24.223 24.243 30.350 23.954 22.612 23.997 26.133 29.618 29.986 29.797 29.843 25.422 27.353 29.698 30.240 30.562 29.239 28.731 27.664 27.740 29.845 30.077 29.663 30.386 31.157 30.695 30.494 29.887 29.345 30.854 31.945 30.291 28.311
-9999.000 23.202 24.140 25.542 26.064 26.566 27.617 29.444 26.166 25.155 26.684 27.741 25.758 25.770 26.296 29.670 24.452 22.877 23.874 27.331 29.288 29.676 28.357 27.429 27.233 27.253 26.813 25.541 27.088 29.130 27.352 28.000 28.212 27.180 26.964 26.741 25.120 24.842 24.235 25.168 29.995 23.287 22.605 25.241 28.248 28.832 29.337 30.092 29.678 27.030 27.779 28.840 29.687 29.276 27.946 29.205 29.591 27.870 27.934 29.079 29.518 30.716 31.130 30.369 29.973 29.076 29.135 31.223 31.622 29.470 27.818
-9999.000 20.095 20.486 22.277 23.279 23.299 25.883 26.846 25.677 26.674 27.553 28.276 28.149 27.629 25.003 24.750 28.075 26.645 22.581 22.941 24.848 26.494 29.136 29.936 29.520 29.542 28.802 27.536 28.686 29.959 28.727 27.612 27.410 27.856 28.453 27.679 26.250 24.223 23.913 26.554 28.543 23.284 22.951 25.807 26.885 27.386 27.854 29.017 29.875 28.896 29.093 28.590 28.623 28.259 27.147 27.675 29.643 29.833 29.427 29.316 30.007 30.742 30.884 30.185 29.607 28.433 29.138 31.236 31.203 28.587 27.603
-9999.000 24.167 23.269 21.950 20.523 21.284 22.686 21.326 25.438 28.692 29.454 29.549 29.509 28.811 27.059 25.053 24.491 27.946 28.152 26.950 26.497 25.745 27.868 29.053 28.628 29.465 29.592 28.350 28.547 30.193 30.156 29.954 29.894 29.986 29.263 26.764 23.231 23.577 24.559 26.298 26.569 22.586 23.288 27.101 27.350 26.366 27.376 29.293 29.308 29.611 30.518 29.654 27.489 28.386 26.810 26.580 29.380 30.726 30.580 30.388 30.529 30.581 30.443 30.142 29.593 28.471 29.136 31.074 30.703 27.642 26.848
-9999.000 29.498 29.403 28.818 26.829 27.274 20.958 19.062 25.980 27.939 29.110 29.347 29.280 29.634 29.431 28.754 27.125 25.413 26.481 28.204 29.013 27.245 27.041 27.506 27.930 29.489 29.806 28.880 28.900 29.683 28.935 28.449 28.966 29.525 28.485 25.996 23.242 25.160 28.527 28.881 26.311 22.227 22.588 27.089 28.389 26.068 28.007 29.539 28.610 28.036 28.049 29.829 27.421 28.104 27.228 27.492 28.770 29.604 30.303 30.673 30.678 30.495 30.371 30.090 29.410 28.709 29.310 30.798 29.999 26.069 25.473
-9999.000 29.275 28.928 27.989 26.853 28.204 23.707 19.458 22.425 22.797 24.402 26.567 28.047 29.337 29.623 29.651 29.515 28.004 27.208 27.656 28.596 29.548 28.475 27.092 26.377 26.137 27.380 28.407 28.425 28.257 28.634 29.399 29.650 29.289 28.124 26.540 24.240 24.251 25.759 29.474 27.964 22.581 22.584 26.046 26.576 26.583 29.614 27.982 26.332 26.068 26.073 28.003 29.101 27.814 27.380 28.642 29.461 29.341 29.881 30.346 30.434 30.332 30.364 30.133 29.390 28.911 29.288 30.441 29.335 24.969 24.334
-9999.000 28.125 28.952 28.617 26.877 25.443 27.737 26.011 23.446 22.477 22.156 23.518 24.768 27.320 28.313 28.340 29.109 29.861 29.594 28.604 27.499 26.601 26.623 28.856 30.090 28.897 27.626 28.250 28.074 28.469 29.279 29.293 28.853 29.683 28.701 25.746 24.254 24.577 24.268 27.077 29.349 23.616 22.220 24.576 24.255 27.296 30.137 29.186 27.942 27.730 26.287 25.463 28.146 28.705 26.813 28.887 29.605 29.220 29.749 30.135 30.154 30.175 30.266 30.140 29.207 28.343 28.928 30.150 28.964 23.824 24.162
