tests/3D/PSQL_test/output_maps/SWEN0045.asc
ncols         295
nrows         180
xllcorner     627200.000000
yllcorner     5109000.000000
cellsize      200.000000
NODATA_value  -9999.0
[rows 32 to 63 of 180, columns 71 to 141 of 295]
19.292 22.033 21.039 20.347 19.362 19.307 18.770 17.106 19.435 23.543 21.411 19.549 18.024 17.443 19.435 20.068 19.615 19.821 20.809 20.996 21.169 20.999 21.182 20.832 20.453 20.269 20.285 19.879 20.135 23.261 21.002 18.344 18.389 18.685 18.731 19.520 19.809 20.740 20.792 20.178 20.458 20.946 21.971 21.653 22.077 23.953 22.489 21.018 20.347 20.533 21.730 22.605 22.763 23.335 23.767 23.389 23.008 22.642 21.825 21.012 20.572 21.355 22.673 23.080 22.750 22.738 23.996 24.464 24.562 24.740 24.563
20.449 23.103 20.522 19.533 18.713 19.687 20.341 18.341 19.088 22.806 22.991 19.466 17.343 17.582 20.258 20.234 19.319 19.764 20.792 21.167 21.509 21.167 20.990 20.996 21.854 19.776 19.340 20.040 21.436 22.117 20.336 18.734 18.244 20.465 20.287 20.332 20.371 21.261 21.869 20.947 21.200 22.019 21.887 22.294 22.166 23.557 23.341 22.052 21.906 22.412 22.990 23.485 23.774 23.856 23.084 22.968 23.113 21.625 20.061 20.099 19.619 19.905 21.339 22.542 22.209 23.660 24.468 24.069 24.103 24.414 24.261
19.776 20.528 19.687 19.645 18.561 19.318 20.017 19.249 19.470 21.207 23.840 21.134 17.194 16.255 18.238 19.250 19.227 19.926 21.159 21.336 20.954 21.149 21.328 21.851 21.522 18.712 18.969 21.388 21.923 19.288 18.815 19.594 20.548 20.362 19.465 20.885 20.706 20.750 21.610 22.025 21.301 22.116 22.827 22.027 21.880 22.464 23.024 23.168 23.270 23.477 23.573 24.012 23.416 22.138 21.309 22.055 21.155 18.772 18.240 19.365 19.913 19.943 20.223 21.827 22.249 23.822 23.322 23.353 24.032 24.450 24.270
22.894 19.563 18.963 19.211 18.892 19.690 19.401 19.114 19.343 20.049 22.825 23.801 20.188 16.996 17.552 18.629 19.858 20.934 21.858 21.849 20.915 21.487 22.321 22.179 20.915 18.843 19.605 22.510 21.550 19.651 19.446 20.192 22.028 21.124 18.800 19.615 22.672 21.282 21.319 21.757 21.603 21.646 22.772 22.794 22.793 22.853 23.323 23.496 23.368 23.711 24.016 23.119 20.738 19.950 20.021 20.532 19.587 18.251 19.640 20.416 20.682 21.166 20.740 21.868 23.444 23.979 22.345 22.183 24.070 24.488 24.061
23.257 21.160 20.185 19.896 19.287 19.812 20.307 19.747 19.443 19.441 21.653 23.817 23.783 20.527 18.523 19.033 20.237 20.673 21.279 21.271 21.650 22.627 22.484 22.002 20.850 19.226 20.652 22.354 21.306 20.250 20.288 20.764 21.610 21.241 19.926 19.714 22.127 22.825 20.545 20.102 21.069 21.537 22.351 22.727 23.031 23.483 23.481 23.379 22.859 23.378 22.659 20.552 18.973 19.287 19.829 19.858 20.133 20.159 20.667 20.927 20.953 21.639 21.237 22.105 23.876 23.904 22.188 21.598 23.740 24.060 23.674
21.982 21.061 21.465 21.423 20.229 20.438 20.403 20.135 20.371 20.583 22.532 23.658 23.856 23.986 22.231 21.267 21.041 20.590 20.351 21.420 22.927 21.976 22.477 22.148 20.551 20.099 21.211 22.335 21.637 19.911 19.928 20.655 21.124 20.711 20.037 21.213 21.863 22.445 22.651 22.398 22.313 22.023 22.195 21.882 22.274 22.554 22.937 23.220 23.499 22.376 20.381 18.457 17.928 19.335 20.371 20.150 20.420 20.918 19.456 20.255 21.440 22.278 22.308 22.524 22.364 23.101 22.421 21.850 23.343 23.989 24.102
21.687 20.957 20.913 21.554 20.596 20.562 19.502 18.934 20.462 22.139 22.948 21.468 21.781 23.441 25.004 23.839 22.977 22.493 21.952 22.638 22.932 22.118 22.291 21.929 20.680 20.912 21.934 22.471 21.958 20.739 20.045 21.430 21.027 20.826 20.386 21.532 22.695 22.000 22.630 23.492 22.796 22.164 22.208 22.568 23.079 23.147 23.340 23.563 22.657 20.647 19.827 18.804 19.091 21.087 21.110 19.693 19.977 20.247 18.386 21.006 23.157 23.187 22.539 21.563 21.372 22.978 23.172 22.493 23.380 24.147 24.490
22.246 20.593 21.028 20.999 19.131 18.820 19.075 20.130 23.180 22.634 19.762 18.939 18.906 20.426 22.294 24.188 24.408 23.803 22.886 22.183 21.673 21.665 21.295 20.898 19.810 20.479 20.696 20.273 20.504 20.521 19.868 21.181 21.205 21.026 20.631 21.282 21.308 20.495 21.559 22.739 23.097 23.267 23.187 23.188 23.533 23.644 23.362 22.756 21.710 20.578 21.074 20.403 20.425 21.572 20.465 18.931 19.761 19.772 19.807 23.861 23.769 22.555 21.579 21.386 22.056 23.022 23.526 23.073 23.573 24.427 24.410
21.484 20.700 21.626 20.876 19.540 21.052 22.539 23.796 21.643 18.539 18.803 19.338 19.033 19.005 19.785 21.637 23.619 24.646 24.293 23.172 21.776 21.555 21.356 20.825 19.927 20.819 20.825 19.453 19.469 19.729 19.745 20.682 22.060 21.540 20.960 20.984 20.791 20.560 21.799 22.984 23.579 23.648 23.290 23.531 23.702 23.495 23.446 22.952 21.886 21.109 21.352 20.698 20.233 20.739 20.521 20.541 22.477 23.021 23.891 24.797 23.688 22.018 21.402 21.650 22.494 23.391 23.568 23.279 23.757 24.639 24.429
20.596 20.286 20.796 21.004 23.118 24.030 21.845 21.350 19.258 19.776 21.490 20.755 20.241 19.682 20.427 21.119 21.543 22.870 24.437 24.496 22.987 21.480 21.481 21.909 21.495 21.720 21.291 20.586 20.355 19.845 19.616 20.579 21.639 21.461 21.071 21.295 21.825 22.483 23.324 23.522 23.624 23.511 23.426 23.827 23.616 23.818 23.764 22.783 20.926 19.732 20.254 20.273 20.036 20.554 20.572 22.688 24.737 24.837 24.906 24.640 23.740 21.640 21.218 21.690 22.537 23.585 23.456 22.976 23.795 24.643 24.494
19.872 19.561 20.637 22.497 24.323 20.806 19.982 20.736 19.921 21.649 21.623 21.598 21.575 20.838 21.509 21.259 20.999 21.438 22.061 23.590 24.928 23.428 21.158 20.932 20.696 19.677 19.124 20.198 20.710 20.217 20.219 21.423 21.866 22.148 22.515 22.458 23.032 23.539 23.715 23.646 23.531 23.467 23.844 23.645 23.679 23.991 22.642 20.740 19.775 20.044 21.474 21.048 20.592 20.839 21.542 24.061 24.872 24.882 24.734 24.455 23.351 21.464 21.260 21.734 22.579 23.629 23.796 22.833 23.671 24.681 24.627
20.532 20.238 23.057 24.963 21.912 20.648 20.086 20.856 21.332 22.829 21.514 21.493 21.705 21.679 21.887 21.405 21.135 21.348 21.092 21.538 23.270 25.015 23.077 20.301 19.225 18.646 18.939 20.008 20.311 20.555 21.679 22.608 22.879 23.369 23.828 23.867 24.112 24.213 24.322 24.288 24.218 23.962 23.782 23.608 23.843 23.723 22.084 20.810 21.503 22.332 23.213 22.173 20.885 21.582 23.283 24.728 24.856 24.695 24.488 23.678 22.716 21.730 21.302 21.777 22.994 24.090 23.839 22.682 23.520 24.650 24.446
21.437 23.013 25.229 22.945 21.309 21.762 21.502 21.215 22.147 23.509 21.394 21.376 21.827 22.253 22.846 22.424 22.184 22.370 22.550 21.897 21.651 22.867 24.879 24.608 23.001 22.247 22.249 22.035 21.762 22.577 23.580 24.030 24.180 24.391 24.595 24.558 24.457 24.452 24.487 24.519 24.463 24.066 23.755 23.974 23.730 23.187 22.537 21.977 22.924 23.264 23.578 22.617 20.192 21.413 24.271 24.895 24.866 24.317 24.533 24.355 23.293 21.994 21.799 22.834 23.844 24.259 23.418 22.108 23.681 24.710 24.667
22.513 24.550 22.449 20.931 21.417 21.631 22.540 21.813 22.483 23.077 21.262 21.720 22.391 22.372 22.566 22.337 22.733 22.704 23.063 21.572 20.023 20.277 21.274 22.777 23.770 24.381 25.063 25.120 24.563 24.130 24.305 24.444 24.665 24.810 24.728 24.484 24.360 24.520 24.603 24.553 24.029 23.877 23.964 23.482 22.905 22.317 22.337 22.972 23.719 23.333 23.500 22.484 19.719 21.689 24.831 24.997 25.075 24.144 24.164 24.421 23.177 21.825 22.860 24.140 24.025 23.903 22.929 21.928 23.583 24.713 24.802
24.224 23.245 20.238 21.032 22.709 22.236 22.875 22.177 23.024 22.790 21.376 22.312 23.132 22.911 22.892 22.669 22.860 22.835 22.166 21.215 19.864 19.275 19.260 19.820 19.530 20.083 21.599 23.232 24.762 24.911 24.489 24.357 24.632 24.844 24.760 24.498 24.612 24.708 24.533 24.301 24.208 24.043 24.227 24.013 23.196 22.824 22.636 22.439 23.073 23.468 23.302 21.723 20.034 22.567 24.950 25.058 25.163 24.328 24.093 24.564 23.049 21.868 23.432 24.308 24.197 23.796 22.968 21.964 23.452 24.663 24.732
24.511 22.927 20.895 23.086 24.838 23.819 24.761 24.589 24.704 23.516 22.220 23.074 23.636 23.233 23.216 23.392 23.376 23.360 22.741 22.511 21.567 20.787 20.495 21.268 22.427 22.835 22.820 22.806 23.995 25.001 24.882 24.785 24.494 24.564 24.587 24.766 24.699 24.385 24.405 24.224 24.149 23.872 23.945 24.109 23.817 23.483 23.122 23.142 22.958 22.761 22.778 22.347 21.395 23.943 25.060 25.196 25.190 24.775 24.268 24.159 22.912 22.340 23.792 24.093 23.969 24.257 23.366 22.217 23.164 24.517 24.782
24.312 24.063 23.234 25.724 25.469 24.784 25.936 24.403 23.852 24.506 24.327 23.963 23.940 23.355 23.338 23.703 23.685 24.186 24.475 24.458 23.799 23.604 23.933 24.663 24.641 23.704 22.929 22.912 23.975 25.044 24.978 24.916 24.892 24.835 24.804 24.763 24.697 24.784 24.640 24.270 23.498 22.934 22.530 23.355 24.647 23.186 23.201 23.599 23.796 23.250 22.851 22.631 23.065 25.021 25.897 25.235 25.094 24.831 24.557 23.786 23.143 23.160 23.682 23.533 23.549 24.297 23.889 22.866 23.231 24.347 24.795
23.278 24.967 24.756 25.511 24.788 25.767 25.843 23.409 22.957 23.360 23.922 25.018 24.718 24.218 24.366 24.656 24.781 25.369 25.831 24.987 23.547 22.706 22.680 23.284 23.267 22.628 21.912 22.930 24.658 25.207 25.207 25.127 24.990 24.923 24.168 23.641 24.210 24.958 24.884 23.931 22.810 22.387 22.168 22.631 23.979 24.319 23.077 23.673 23.500 23.701 23.886 23.889 24.820 25.653 25.961 25.886 25.740 24.704 24.112 23.520 23.534 23.547 23.723 23.405 23.421 24.209 24.077 23.453 23.605 24.397 24.818
24.545 25.627 25.068 25.212 25.001 25.939 23.765 22.871 22.847 22.827 23.011 23.635 24.528 24.668 24.798 25.191 25.042 24.590 23.701 22.630 21.893 21.870 22.560 23.392 23.373 22.505 22.422 24.264 25.118 25.292 25.218 25.313 25.219 24.881 23.367 22.882 23.478 24.339 24.638 23.858 22.230 22.007 22.255 22.493 21.778 25.070 23.347 23.744 23.170 23.379 24.449 24.882 25.136 25.717 25.944 26.014 25.914 25.165 24.925 24.311 24.051 24.336 24.076 23.783 23.284 23.471 23.651 23.821 24.256 24.683 24.904
26.095 26.470 26.307 27.280 25.952 24.497 23.582 23.317 22.951 22.465 23.357 23.120 23.317 23.296 23.058 23.675 23.854 23.435 22.530 22.250 22.708 22.685 22.886 23.293 22.847 22.358 23.819 25.380 25.346 25.301 25.225 25.245 25.169 24.919 23.859 24.296 24.297 23.386 23.181 23.183 21.581 21.341 22.570 23.229 21.616 23.410 23.612 23.817 23.999 23.246 23.245 24.355 25.532 26.040 25.965 25.971 25.922 25.349 25.108 24.705 23.794 24.108 23.812 23.127 23.133 23.507 23.518 23.525 24.273 24.708 24.885
27.243 27.534 27.477 25.274 22.460 22.971 24.160 23.675 23.874 23.851 24.276 23.463 22.990 23.197 22.475 22.929 23.137 22.892 22.386 22.600 23.250 23.442 23.206 23.181 22.883 23.554 25.244 25.627 25.636 25.629 25.588 25.342 25.052 24.819 24.175 24.225 24.705 22.857 20.867 20.306 20.585 22.177 24.076 24.737 22.885 23.077 23.296 22.422 23.312 22.419 21.939 24.578 26.133 26.059 26.136 26.030 25.856 25.701 25.789 25.166 24.610 24.292 23.690 22.137 22.147 24.037 24.592 23.384 23.710 24.726 24.947
24.444 25.640 26.415 24.132 23.095 23.068 23.570 24.689 24.667 23.748 23.222 24.994 24.569 23.750 22.830 23.255 23.463 23.652 23.625 23.594 24.161 24.137 23.087 23.349 24.201 25.404 25.761 25.752 25.743 25.683 25.617 25.091 24.087 23.776 24.149 24.491 24.323 23.582 22.496 21.500 22.013 24.332 25.096 25.351 24.502 23.363 23.567 22.253 23.168 22.248 22.712 25.754 26.124 26.043 25.917 25.650 25.754 25.841 26.099 25.920 25.458 24.957 23.582 21.474 21.480 24.077 25.153 24.235 23.418 24.666 25.003
24.088 24.529 25.906 25.125 23.226 23.945 24.171 23.906 24.347 23.860 23.088 24.497 25.803 24.229 23.242 23.928 24.184 24.353 24.135 23.907 24.077 23.432 23.453 24.712 25.555 25.853 25.878 25.856 25.776 25.763 25.309 23.776 22.823 23.267 24.755 25.437 24.243 23.669 23.469 23.678 24.595 24.900 24.746 25.309 25.304 23.455 24.714 22.786 24.558 24.027 25.145 26.289 26.288 26.202 25.392 25.807 26.143 26.034 26.186 26.154 25.900 25.003 23.209 22.033 21.268 23.446 25.007 24.672 23.961 24.707 25.034
23.435 23.406 24.382 25.443 24.098 23.830 24.964 24.263 22.972 23.216 24.191 24.400 25.210 25.161 24.719 25.084 25.419 25.022 24.582 23.585 23.106 23.179 24.523 25.687 25.931 25.992 25.989 25.909 25.712 25.381 24.087 22.197 22.446 22.917 23.978 25.129 24.151 22.894 23.558 24.513 25.753 25.132 24.492 24.971 25.379 23.925 25.893 22.848 24.939 25.216 26.180 26.259 26.269 26.170 25.788 25.879 26.036 25.873 25.859 26.206 25.776 25.048 24.058 22.074 21.546 22.483 24.582 24.933 24.703 24.861 25.146
23.810 23.517 23.753 25.147 24.679 24.183 23.917 24.382 24.116 23.329 23.565 24.736 25.325 25.280 26.252 26.362 25.862 25.289 24.632 23.628 23.327 24.464 25.593 26.108 26.239 26.226 26.195 25.926 25.491 24.422 22.785 21.231 22.293 23.012 23.458 23.218 24.588 21.998 24.602 25.495 25.612 25.064 24.390 24.728 25.321 23.795 26.299 23.359 25.153 25.773 26.330 26.169 26.178 26.092 25.929 25.925 26.162 25.836 25.499 25.818 24.293 23.911 24.281 23.058 22.098 22.800 24.190 24.862 25.008 25.082 25.260
24.427 24.150 24.371 24.344 22.717 22.091 23.237 24.254 25.148 25.116 24.629 24.137 24.805 25.570 26.515 25.846 25.222 25.317 24.513 24.119 24.794 26.010 26.440 26.474 26.329 26.289 26.091 25.420 24.341 23.125 21.325 19.839 21.594 22.621 23.102 22.093 24.495 23.512 25.318 25.821 24.834 24.289 24.276 24.799 24.621 23.222 26.047 24.424 25.074 25.720 25.920 25.926 26.239 26.166 25.809 25.800 25.987 25.891 25.678 25.424 23.962 23.739 23.099 22.140 22.131 22.834 24.760 24.776 25.166 25.188 25.285
24.540 24.004 24.233 23.685 21.598 21.580 22.478 23.595 25.042 25.442 24.740 24.671 24.177 24.843 25.229 24.066 24.073 24.722 24.983 25.574 26.300 26.641 26.642 26.604 26.565 26.229 25.575 24.645 22.995 21.422 19.926 19.927 21.965 22.726 23.650 22.945 22.910 26.200 24.933 25.531 24.564 23.762 24.532 25.473 23.935 22.329 25.304 25.001 25.291 25.547 26.000 26.467 26.301 25.646 24.421 24.234 24.919 25.484 25.602 25.484 24.207 23.153 23.559 24.138 24.490 24.477 24.791 25.311 25.138 25.134 25.229
25.126 23.834 25.079 24.064 22.018 22.609 23.728 24.208 24.436 24.157 24.113 25.213 25.359 24.335 23.832 23.196 24.116 25.643 26.264 26.535 26.758 26.799 26.757 26.665 26.378 25.967 25.242 24.231 22.264 20.331 20.013 20.920 23.079 24.380 25.563 25.820 23.479 25.179 25.179 25.474 24.643 23.836 23.602 25.679 24.929 22.639 24.916 25.369 25.203 26.154 26.384 26.144 25.445 24.662 24.102 24.097 24.646 24.455 24.264 24.256 24.244 23.195 23.174 24.879 25.434 25.151 24.146 24.388 25.143 25.171 25.209
25.691 23.958 25.194 23.632 21.809 23.567 25.306 25.913 25.666 24.226 23.657 24.394 24.807 24.879 24.754 24.590 25.799 26.705 26.849 26.835 26.930 26.906 26.858 26.531 26.425 25.912 24.950 23.186 21.188 20.569 21.217 22.407 23.855 25.361 25.650 26.150 24.972 25.588 25.848 25.833 24.720 23.692 22.980 25.618 25.880 23.181 23.831 26.048 25.414 26.687 26.674 26.279 26.091 25.498 25.203 25.040 25.604 25.016 23.269 22.790 22.778 22.272 22.979 25.070 25.922 25.327 24.170 23.894 25.140 25.275 25.187
26.597 24.849 24.827 22.870 22.516 24.186 25.161 25.797 25.541 24.312 24.222 23.926 24.451 25.771 26.131 26.423 26.949 27.093 27.056 27.082 27.043 27.015 26.844 26.676 26.039 25.551 24.923 23.299 21.603 21.933 23.067 24.538 26.088 26.789 25.586 25.411 24.490 25.023 25.936 26.270 24.975 23.307 23.286 25.825 26.536 24.120 22.500 26.310 25.618 26.724 26.577 26.502 26.550 26.040 25.408 25.540 25.388 24.733 24.521 24.505 23.274 22.048 21.769 23.223 24.607 24.593 24.015 24.085 25.042 25.319 25.018
27.060 25.891 25.638 24.371 24.308 25.260 25.228 24.970 24.937 24.340 24.321 24.959 25.920 26.543 26.961 27.043 27.268 27.197 27.214 27.158 27.119 27.121 26.806 26.274 25.582 25.225 25.277 24.626 22.585 22.886 23.410 25.066 26.909 27.224 26.592 25.938 24.566 24.549 25.268 25.412 25.688 23.607 23.806 25.765 26.902 26.006 23.962 25.565 26.275 26.524 26.510 26.319 26.535 26.109 25.459 24.981 24.620 22.917 21.868 23.548 24.340 24.125 23.484 23.665 22.069 21.877 22.939 24.624 25.369 25.259 25.233
26.978 25.751 25.000 24.449 24.655 26.021 26.360 25.401 24.462 23.595 24.661 26.156 27.165 27.404 27.437 27.454 27.420 27.379 27.323 27.217 27.225 27.095 26.206 25.166 24.733 23.768 23.770 25.583 24.002 21.153 22.082 25.364 27.239 27.097 26.534 26.193 25.998 26.144 25.344 24.376 24.548 24.526 24.098 25.695 26.995 26.497 25.916 25.157 26.239 26.425 26.701 26.196 26.071 25.924 25.511 25.496 25.482 24.273 22.451 22.425 22.654 22.629 21.836 22.530 22.179 21.131 22.420 24.449 25.535 25.320 25.174
