tests/3D/PSQL_test/output_maps/SWEN0012.asc
ncols         295
nrows         180
xllcorner     627200.000000
yllcorner     5109000.000000
cellsize      200.000000
NODATA_value  -9999.0
[rows 128 to 159 of 180, columns 213 to 283 of 295]
19.628 19.451 19.483 19.268 19.164 19.132 18.535 19.565 18.574 17.517 17.622 19.098 18.766 17.618 17.949 17.368 16.012 16.892 17.049 16.639 17.253 16.858 15.917 15.687 15.912 16.713 16.188 16.871 17.156 15.606 15.046 15.743 16.559 16.796 16.369 16.669 16.311 16.374 16.944 17.341 17.145 15.996 16.375 17.086 18.072 17.508 16.349 16.874 17.589 17.564 16.691 16.445 17.140 17.064 17.279 17.342 16.599 16.479 17.212 17.999 19.370 18.232 17.869 17.915 17.811 18.665 18.707 19.270 19.309 18.822 18.735
19.497 19.528 19.553 19.608 19.578 19.605 18.949 19.393 18.690 17.817 17.776 18.656 18.932 18.355 17.712 18.023 16.552 16.414 16.900 17.106 17.792 17.966 17.738 17.608 17.305 17.694 17.308 16.620 15.536 14.845 15.036 16.034 15.976 16.865 16.885 16.515 16.088 16.494 17.054 17.501 17.394 15.920 16.436 17.031 17.350 18.272 16.531 16.764 17.257 17.209 17.008 16.781 16.361 16.428 17.288 17.635 17.105 16.832 17.055 17.270 18.756 19.522 18.282 17.766 17.812 18.781 18.823 19.177 19.396 19.154 18.734
19.311 19.491 19.572 19.708 19.676 19.667 19.392 19.492 19.058 18.341 18.056 18.253 18.424 19.018 18.209 18.152 17.198 16.579 16.676 17.386 17.994 17.519 16.512 16.088 16.385 16.420 16.024 15.138 15.075 15.375 15.334 15.877 15.685 15.653 16.644 16.945 16.214 16.380 16.984 17.405 17.561 16.140 16.504 16.456 16.100 18.027 17.686 16.799 16.734 16.658 16.883 16.801 16.379 16.267 17.301 18.262 17.565 17.171 17.382 17.586 17.924 18.909 19.362 18.063 17.815 18.668 19.138 19.271 19.217 18.939 18.037
19.330 19.380 19.709 19.742 19.695 19.686 19.546 19.509 19.337 18.472 17.666 17.622 17.980 18.492 19.000 18.372 17.859 17.044 16.503 17.653 17.406 16.783 17.102 16.767 16.229 15.979 16.122 16.211 16.013 15.335 15.275 15.698 15.804 15.474 16.047 16.885 17.100 16.619 16.672 17.257 17.986 16.630 16.837 16.658 15.832 17.081 18.598 17.712 17.190 16.839 17.199 18.121 18.637 18.358 17.599 17.070 17.855 17.912 17.690 17.594 17.642 17.978 18.964 19.273 17.968 18.153 19.141 19.442 19.399 18.301 17.554
19.617 19.533 19.657 19.699 19.667 19.633 19.526 19.489 19.594 19.197 17.825 17.187 17.870 17.950 18.022 18.641 18.536 17.605 16.178 17.657 16.934 16.545 17.869 18.404 17.890 17.341 16.931 16.754 16.413 15.592 15.698 16.243 16.343 15.898 16.308 16.687 16.705 17.166 17.005 17.059 18.045 17.400 17.265 17.110 15.545 16.122 18.413 18.298 17.721 17.675 17.497 17.568 17.066 16.120 15.990 17.813 18.915 18.299 18.353 17.892 17.340 17.986 18.661 19.711 19.062 18.555 18.943 18.871 18.669 17.850 18.192
19.690 19.828 19.749 19.687 19.400 19.428 19.263 19.413 18.949 19.149 18.868 17.661 17.892 17.844 17.224 17.302 18.250 17.843 16.183 17.771 16.689 17.048 17.788 18.443 18.321 17.764 17.273 16.965 16.641 16.156 16.105 16.352 16.455 15.860 16.001 16.290 15.712 16.191 17.321 17.268 17.778 17.916 17.451 16.926 15.239 15.301 17.388 18.481 16.989 16.432 16.326 16.721 16.267 16.143 17.775 19.359 19.007 18.071 18.367 17.615 17.508 18.390 17.897 17.940 19.407 19.579 19.620 18.094 16.774 16.808 18.865
19.758 19.829 19.799 19.768 19.017 19.243 18.852 18.915 18.333 18.295 19.409 18.753 18.288 18.122 17.400 17.044 17.494 17.567 16.407 17.936 16.943 17.375 17.812 17.962 17.786 17.835 17.672 17.401 17.231 16.539 16.204 16.595 17.064 16.410 16.112 16.261 16.416 16.709 17.327 17.823 17.519 18.138 17.728 16.996 15.661 15.163 16.291 18.737 16.882 15.766 17.568 17.995 16.804 18.224 19.228 18.338 18.697 17.383 18.007 17.776 17.362 17.240 17.446 17.322 18.132 19.021 18.955 18.644 18.679 18.836 19.887
19.057 19.851 19.842 19.646 18.611 19.526 18.425 18.264 18.800 18.436 19.151 19.428 18.637 17.895 17.120 16.746 17.226 17.185 16.768 17.999 17.304 17.644 17.857 17.611 17.515 17.596 17.646 17.693 17.538 17.153 16.862 17.080 17.848 17.374 16.508 16.510 17.042 17.292 17.208 17.921 17.505 17.753 17.899 17.554 16.067 15.592 16.001 18.003 17.848 15.804 17.041 16.940 16.668 18.359 17.689 18.006 18.522 17.244 18.154 18.771 17.533 17.083 17.123 17.332 17.998 18.815 18.488 18.387 18.282 18.170 20.012
17.933 19.244 19.699 19.785 18.632 18.929 19.326 18.286 18.610 17.946 18.421 19.264 18.095 17.029 16.647 16.394 17.063 17.155 16.757 17.968 17.303 17.797 17.748 17.454 17.474 17.551 17.722 17.873 17.825 17.360 17.205 17.407 18.027 18.305 17.573 17.251 17.772 17.875 17.415 17.554 17.252 17.414 18.149 18.029 16.610 15.826 16.224 17.602 18.860 17.317 16.920 16.302 17.178 17.074 16.795 18.155 18.079 16.932 17.905 17.949 18.126 18.034 17.629 17.971 18.550 18.588 17.931 17.482 17.514 17.712 19.581
17.471 17.927 18.592 19.639 19.487 18.105 18.469 19.159 19.276 17.969 17.791 18.629 17.714 16.889 16.847 16.367 16.675 17.007 17.899 17.921 17.487 17.923 17.762 17.616 17.409 17.618 17.796 17.641 17.910 17.670 17.171 17.501 17.881 17.954 18.241 18.402 18.361 18.537 18.402 18.319 17.782 17.820 18.643 18.187 16.969 16.055 16.442 17.527 19.023 18.498 17.406 16.681 18.032 17.259 17.878 18.719 17.972 16.952 17.161 18.480 18.948 18.891 18.829 18.397 18.302 18.056 17.110 17.142 17.849 18.857 19.589
17.819 17.632 17.766 18.325 19.766 18.871 17.650 18.063 19.302 18.622 17.357 17.632 17.594 17.403 17.501 16.723 16.575 17.142 18.027 18.014 17.883 17.999 18.125 18.183 17.422 17.303 17.519 17.087 17.318 17.285 16.704 17.477 17.884 17.327 17.197 18.454 18.459 18.566 18.623 18.706 18.302 18.261 18.813 18.168 17.171 16.282 16.658 17.828 18.958 18.959 17.847 17.348 18.185 18.905 19.026 18.838 19.047 19.012 19.137 18.253 17.423 18.335 18.737 18.538 18.696 18.350 17.468 17.666 17.530 18.743 19.233
19.040 18.119 17.626 17.086 17.732 19.434 18.966 17.944 17.762 19.016 17.381 16.841 17.469 18.008 17.506 17.067 17.215 17.589 18.131 18.017 18.143 18.095 18.420 18.131 17.447 17.046 17.048 16.556 16.363 16.654 16.473 17.562 17.972 17.158 16.423 17.857 18.301 18.313 18.468 18.489 18.132 18.251 18.906 18.041 17.231 16.506 16.709 18.211 19.089 19.099 18.797 18.591 18.965 18.775 16.875 16.917 16.603 17.163 18.805 18.518 17.277 18.479 18.517 18.294 18.190 17.775 17.308 17.676 17.537 18.993 19.137
19.838 19.007 17.964 17.455 17.080 17.565 19.351 18.381 16.964 17.864 18.193 17.471 17.596 17.865 17.163 17.416 17.540 17.709 18.409 18.245 17.915 17.751 17.546 17.241 16.972 16.894 16.904 17.054 16.902 16.404 16.382 17.125 17.955 17.731 16.500 17.940 18.226 18.055 18.411 18.271 17.909 18.141 18.978 17.654 17.000 16.558 16.917 18.457 19.218 18.717 18.587 19.025 18.930 17.926 16.371 17.431 17.469 17.507 17.988 19.225 18.581 18.734 18.534 18.171 18.060 17.461 16.580 17.172 17.201 19.004 19.036
18.841 19.865 19.088 18.109 17.931 17.903 19.016 18.533 16.808 16.544 18.233 17.995 17.814 18.068 17.522 17.313 17.020 17.799 18.343 18.301 18.193 18.342 18.446 18.435 18.406 17.788 17.455 17.209 16.658 16.129 15.931 16.597 17.702 17.691 16.069 17.914 17.919 18.032 18.046 18.064 17.754 18.213 18.890 17.317 16.577 16.608 17.121 18.899 18.873 17.930 18.325 18.671 18.967 18.333 16.933 17.137 18.330 19.482 18.280 18.316 19.287 19.468 19.361 19.471 19.170 17.956 16.392 16.422 16.244 17.759 18.806
18.063 18.726 19.820 18.948 18.082 17.926 18.047 17.217 16.455 16.525 17.963 18.413 18.318 18.269 17.731 16.966 17.402 18.064 18.046 17.842 17.447 17.174 16.743 16.623 17.139 18.209 18.725 17.801 16.802 16.679 15.996 16.335 17.258 17.248 15.960 17.880 17.647 18.302 17.540 17.804 17.701 18.548 17.986 16.432 16.459 16.488 17.865 19.303 17.807 17.273 18.763 18.886 18.749 18.247 18.282 18.318 17.820 18.000 19.069 17.466 17.659 19.178 19.212 19.246 19.447 19.309 18.000 17.013 16.459 17.430 20.007
18.657 18.209 19.112 19.700 18.200 17.108 16.911 16.268 16.424 17.481 18.670 18.905 18.694 18.102 17.692 17.379 18.096 17.603 17.612 17.774 17.735 17.848 17.304 16.852 16.136 16.244 17.514 18.779 18.227 17.578 16.896 16.891 17.327 16.873 16.547 17.953 17.839 18.625 17.335 17.619 17.886 18.828 16.632 15.943 16.681 17.189 19.029 18.513 16.964 17.466 18.969 19.079 18.365 17.447 17.159 17.956 19.020 17.733 17.615 18.836 17.834 18.429 19.607 18.857 18.251 18.280 19.603 18.613 17.054 17.080 19.570
19.548 18.233 17.871 18.820 19.224 17.691 17.370 17.597 18.200 18.648 19.037 18.819 18.528 18.641 18.465 18.096 17.825 17.164 17.562 17.962 18.435 18.153 17.705 17.572 17.092 16.210 15.961 17.201 18.786 18.585 17.635 17.920 17.790 16.776 16.772 16.931 18.133 18.139 17.397 17.810 18.283 18.084 15.974 16.179 17.364 18.850 19.082 17.446 16.667 17.794 18.658 18.878 18.155 17.158 16.846 17.052 17.877 18.791 17.145 18.635 19.619 18.317 19.564 18.238 17.817 18.569 18.596 19.783 18.235 17.275 17.981
20.144 18.929 17.059 17.151 18.837 19.216 18.711 19.108 19.455 19.274 18.915 18.882 18.839 18.705 18.570 18.521 17.575 17.550 18.205 18.579 18.711 17.987 17.503 17.897 18.000 17.274 16.933 16.575 16.809 18.345 18.949 18.497 17.853 16.836 16.497 17.580 17.967 17.305 18.100 18.527 18.446 17.354 15.833 16.924 18.950 19.043 17.610 16.854 16.880 17.693 18.130 18.283 18.549 16.846 16.697 18.016 17.444 18.709 18.379 18.537 19.643 19.241 18.749 19.003 17.506 18.837 18.342 18.642 19.620 18.562 18.722
19.756 19.973 17.266 17.024 18.475 19.140 19.414 19.526 19.573 19.395 19.193 19.166 19.134 19.124 18.395 18.431 17.539 18.431 18.697 18.785 18.703 18.301 17.695 17.669 18.805 18.383 17.875 17.127 16.433 16.757 17.756 19.171 18.753 18.341 18.364 17.904 16.726 17.509 18.972 18.916 18.404 17.258 16.790 18.654 19.004 17.335 16.872 17.063 17.250 17.732 18.168 17.639 19.355 17.221 16.541 18.562 19.111 18.243 18.768 19.371 19.233 19.350 18.386 19.321 18.442 17.198 19.501 17.932 19.781 19.579 19.217
19.704 19.312 16.318 16.401 18.167 18.856 19.457 19.545 19.566 19.265 19.005 19.221 18.768 18.163 18.126 18.054 17.509 18.550 18.381 18.359 18.492 18.138 17.440 17.569 18.941 18.833 17.928 16.678 15.524 15.511 15.500 16.607 18.641 18.802 18.426 17.560 16.434 17.706 18.812 18.737 18.241 17.607 18.027 19.458 17.934 17.061 17.244 17.424 17.289 17.623 18.331 16.678 18.929 18.288 16.935 17.630 19.308 19.257 18.430 18.457 18.850 18.640 19.121 18.695 19.537 16.844 19.129 18.804 19.069 19.752 18.326
19.361 18.017 16.106 16.895 18.296 18.995 19.361 19.445 19.057 18.942 18.870 18.895 18.494 18.047 18.291 17.663 17.501 18.252 17.957 18.071 18.232 17.505 16.993 17.760 18.717 18.593 17.978 17.066 15.571 14.924 14.914 15.332 17.008 19.191 18.679 17.468 16.835 17.896 18.785 18.794 18.175 18.063 19.306 18.849 17.405 16.763 16.955 16.975 16.822 17.187 18.244 16.891 17.735 19.251 18.348 17.659 17.684 19.006 19.600 19.253 18.374 17.811 18.927 18.169 19.295 18.364 18.095 20.049 18.714 19.837 18.486
18.221 17.302 16.484 17.305 18.379 18.851 19.199 18.938 18.633 18.957 18.866 18.330 18.314 18.751 18.179 17.719 17.908 17.983 18.065 18.109 17.869 17.545 17.824 18.459 18.318 17.907 17.748 17.433 17.099 16.197 15.593 15.787 16.542 18.079 19.364 17.809 17.371 18.204 19.004 18.933 18.459 19.175 19.121 17.874 17.128 16.624 16.994 17.013 17.202 17.989 18.751 17.591 17.615 18.084 19.146 19.259 18.297 18.039 18.480 18.505 18.397 17.832 18.013 17.379 18.215 19.344 18.548 20.026 19.511 19.624 19.147
17.329 17.367 17.235 17.395 18.351 18.809 19.200 18.988 18.825 18.947 18.368 18.023 18.271 18.234 17.896 18.060 18.235 17.987 18.174 18.568 17.909 17.427 18.278 18.618 18.106 17.662 17.494 17.321 18.043 17.606 16.420 16.412 17.108 17.863 19.239 18.694 18.127 18.374 19.261 19.064 19.146 19.510 18.172 17.476 16.827 16.664 17.203 17.543 18.006 19.062 19.514 18.466 17.801 17.175 17.692 18.907 19.470 18.956 18.632 17.962 17.669 18.010 19.082 17.402 16.678 18.256 19.480 19.750 19.616 18.630 19.162
17.447 17.849 17.904 17.867 18.778 18.582 19.486 18.815 18.886 18.208 18.317 18.090 17.110 17.498 18.097 17.978 17.871 17.466 18.273 18.960 18.361 17.466 18.320 18.662 18.282 18.133 18.718 19.083 19.545 18.078 16.464 16.640 17.628 18.538 18.843 18.745 19.304 18.646 19.027 19.318 19.621 18.777 17.660 17.673 17.533 17.548 18.277 18.295 18.314 19.187 19.648 19.791 19.540 18.781 18.307 18.461 18.849 18.983 19.111 18.681 17.522 17.198 18.207 18.901 17.080 17.284 19.304 19.427 19.243 19.818 19.911
18.172 18.107 17.962 18.506 18.786 18.726 19.417 19.046 18.457 18.478 17.913 16.712 17.252 18.440 18.643 18.141 17.322 17.413 18.569 19.097 19.168 18.110 18.361 18.590 18.194 18.556 19.369 19.417 18.513 17.222 16.506 17.205 18.231 19.358 19.292 19.354 19.578 19.464 19.513 19.618 19.313 18.497 18.262 18.847 18.019 17.265 17.905 18.064 18.219 18.946 18.965 19.084 19.284 19.749 19.724 19.070 18.760 18.660 18.922 19.056 18.328 17.737 17.241 17.780 19.474 17.653 18.863 19.538 20.057 19.492 17.923
18.527 17.937 18.404 18.740 18.888 19.158 18.860 18.175 18.167 18.320 16.591 16.901 18.827 19.258 18.796 17.968 17.610 18.226 18.605 19.036 19.450 19.188 18.649 18.251 17.805 18.352 19.415 18.451 17.106 16.556 16.733 17.873 19.041 19.599 19.342 19.655 19.628 19.406 19.205 19.130 19.360 19.059 18.776 19.167 18.689 18.072 18.087 17.656 18.388 18.878 19.000 19.117 19.038 19.156 19.582 19.197 18.538 17.836 17.529 17.375 17.897 18.510 17.436 16.907 20.169 18.596 20.030 20.200 19.826 18.392 17.595
17.342 16.830 17.916 18.677 18.768 19.154 18.526 18.111 18.279 16.071 16.096 18.538 19.320 18.898 18.337 18.223 17.968 17.809 17.946 18.969 19.153 19.470 18.914 18.897 18.275 18.393 18.852 17.327 16.791 16.962 17.622 18.904 19.653 19.729 19.705 19.704 19.644 18.989 18.791 18.900 19.337 19.534 19.280 19.123 18.495 18.628 19.069 18.408 18.550 19.208 19.312 19.150 19.070 18.757 18.892 19.808 19.585 18.586 17.882 16.852 16.479 16.886 16.511 17.980 19.895 18.019 19.553 20.071 19.295 18.407 18.716
17.732 17.887 18.100 18.290 18.929 18.257 18.310 18.394 16.746 15.679 17.771 19.770 19.219 18.154 18.853 18.954 17.532 17.342 18.129 19.302 19.091 19.352 18.726 19.232 19.124 19.447 18.420 17.020 17.355 18.117 19.054 19.705 19.805 19.776 19.788 19.723 18.831 18.723 18.726 18.840 18.949 19.457 19.466 18.644 17.993 18.286 19.107 19.381 19.395 19.676 19.692 19.588 19.461 18.787 18.555 19.156 18.844 18.195 18.359 17.925 18.252 18.270 18.710 20.052 19.001 17.874 19.743 19.682 19.705 17.949 19.352
18.520 18.149 18.024 18.288 18.826 18.091 17.754 17.055 16.679 17.883 19.824 19.896 18.571 17.932 19.137 19.414 18.198 18.325 19.058 19.825 19.407 19.679 19.375 19.803 19.742 19.412 18.044 17.729 18.437 19.284 19.838 19.710 19.419 19.415 19.412 18.978 18.400 18.649 18.404 18.535 18.661 19.187 19.678 18.434 17.725 18.321 19.236 19.057 18.618 18.371 18.102 18.117 19.132 19.586 19.360 19.285 18.621 17.751 17.930 18.255 19.723 19.987 19.212 18.615 18.493 17.892 19.591 19.198 19.634 19.456 19.475
18.041 18.216 18.701 18.100 17.892 17.559 16.630 16.999 18.260 19.675 19.797 19.339 17.602 17.649 18.555 18.921 19.516 18.497 18.613 19.861 19.792 19.825 19.896 19.744 19.381 18.758 18.363 18.353 19.334 19.868 19.606 19.131 19.126 19.023 18.569 17.722 17.561 17.877 17.564 18.032 18.036 18.324 19.666 18.471 18.064 18.616 19.080 19.452 19.104 18.536 18.133 18.147 18.162 18.725 18.981 18.357 17.759 17.772 18.261 19.179 19.086 17.673 17.516 17.707 18.213 17.388 18.548 18.567 19.454 20.315 19.492
18.495 18.576 19.226 18.289 18.105 17.558 18.037 18.969 19.740 19.940 19.928 18.579 16.726 17.141 18.849 18.701 19.369 19.689 18.512 19.314 20.063 19.983 19.933 19.513 19.034 18.794 18.661 19.104 19.890 19.930 19.078 19.072 19.502 19.423 18.608 17.432 17.261 17.262 17.087 17.919 17.767 17.612 19.358 19.087 18.242 18.651 19.010 19.126 18.806 18.568 18.581 19.179 18.862 18.626 18.770 18.383 17.945 18.688 19.576 19.676 18.008 17.862 18.199 18.368 18.385 17.221 18.705 18.861 19.009 19.152 19.401
19.052 19.246 19.556 18.533 18.531 19.033 19.334 19.803 19.946 20.044 19.810 17.776 15.747 17.351 19.620 19.954 19.301 19.916 19.366 19.032 19.865 19.727 19.564 19.468 19.070 18.947 19.046 19.711 19.978 19.693 18.901 19.302 19.541 19.200 18.518 17.468 17.467 16.938 17.121 18.387 17.957 17.479 18.900 19.628 18.676 18.807 19.044 18.705 18.315 18.729 18.864 19.313 19.666 19.339 19.617 19.632 18.826 18.842 17.998 18.014 18.029 18.355 18.371 18.388 18.252 17.603 19.232 18.602 18.160 18.335 19.724
