tests/3D/PSQL_test/output_maps/SWEN0042.asc
ncols         295
nrows         180
xllcorner     627200.000000
yllcorner     5109000.000000
cellsize      200.000000
NODATA_value  -9999.0
[rows 96 to 127 of 180, columns 213 to 283 of 295]
15.773 15.277 13.924 14.578 14.511 14.590 14.594 14.606 14.663 14.623 14.733 14.744 14.594 14.663 13.950 15.338 16.946 18.923 22.090 23.275 21.675 22.111 23.601 22.926 22.249 22.880 22.555 21.166 20.943 21.603 22.909 23.991 24.433 24.656 24.670 24.746 24.607 24.357 24.696 24.818 24.021 22.560 21.357 19.656 20.458 21.868 22.681 23.115 22.528 23.142 23.125 23.176 23.466 23.244 22.186 22.457 23.277 21.843 21.848 22.887 22.966 21.474 21.267 21.547 22.642 23.345 23.220 22.928 23.437 23.723 23.529
15.889 15.243 13.767 14.447 14.384 14.456 14.478 14.586 14.604 14.582 14.685 14.635 14.528 14.599 13.585 15.661 17.960 20.680 21.771 21.305 22.761 23.676 23.316 22.987 22.441 22.130 21.742 20.883 20.882 21.944 23.295 24.350 24.481 24.374 24.388 24.614 24.420 24.287 24.520 24.747 23.584 21.498 20.604 21.555 21.795 21.928 23.453 23.906 23.840 23.052 22.397 21.911 21.755 21.414 21.466 23.338 22.555 22.293 23.480 22.403 24.205 24.108 22.801 22.284 22.640 23.551 22.866 22.691 23.445 24.221 23.521
15.579 13.689 13.914 14.421 14.388 14.392 14.377 14.398 14.455 14.506 14.548 14.461 14.528 14.539 13.417 15.276 20.162 22.232 21.587 22.402 22.778 22.758 23.101 22.853 21.260 20.822 21.476 20.822 21.045 22.605 23.841 24.341 24.352 23.761 24.076 24.495 24.111 24.214 24.312 24.648 23.517 21.650 20.052 21.497 23.203 23.381 22.648 23.189 23.925 23.505 22.591 21.563 21.420 21.921 23.111 22.827 21.201 21.802 22.499 23.270 24.209 25.098 24.817 23.379 23.554 24.026 23.437 23.458 22.925 24.488 23.513
12.451 12.784 14.265 14.289 14.319 14.318 14.343 14.398 14.387 14.445 14.405 14.353 14.458 14.371 13.697 16.246 20.123 21.326 21.730 21.976 23.206 23.492 23.322 22.363 20.988 20.533 21.615 21.411 21.200 23.286 24.363 24.133 23.979 23.186 24.087 24.315 24.036 24.139 24.159 24.330 23.818 22.183 20.728 21.852 21.461 20.815 23.459 23.258 22.974 23.216 23.513 22.170 22.780 23.270 23.158 22.169 21.714 22.314 23.046 22.891 23.274 24.448 24.951 23.679 24.266 21.555 21.580 22.277 21.853 23.643 23.137
12.910 13.949 14.207 14.244 14.219 14.243 14.249 14.250 14.377 14.374 14.331 14.364 14.397 14.116 14.213 17.451 18.576 20.603 21.811 22.234 23.141 22.962 22.401 21.755 20.706 20.701 21.747 21.549 21.745 23.965 24.327 23.979 23.903 23.113 24.089 23.942 24.043 23.976 23.996 24.019 23.625 22.971 22.145 22.878 22.014 20.023 21.669 22.637 21.952 21.704 22.667 23.201 23.330 23.134 23.002 23.464 22.836 22.322 23.649 24.466 24.494 24.626 24.197 24.223 23.343 21.048 22.009 22.463 21.598 23.102 23.308
13.932 14.043 14.117 14.071 14.112 14.125 14.149 14.278 14.276 14.232 14.288 14.293 14.295 13.924 14.802 19.117 20.009 20.105 20.974 22.079 23.156 22.943 21.626 20.653 20.183 21.077 21.871 21.866 23.138 24.333 23.809 23.898 23.987 23.299 24.080 23.667 23.878 23.982 24.151 23.942 22.714 22.232 21.482 21.087 20.896 20.218 20.230 20.707 22.433 22.881 23.099 23.629 23.515 23.067 23.464 23.913 23.594 22.676 23.054 24.113 24.454 25.096 23.745 23.773 21.710 21.736 23.184 23.388 21.806 23.930 23.634
13.886 13.907 14.024 14.043 13.952 13.977 14.082 14.199 14.167 14.090 14.189 14.201 13.719 14.320 16.613 20.035 20.965 20.916 21.002 21.431 21.866 21.365 21.223 20.594 20.356 21.424 21.614 22.324 23.726 24.198 23.535 23.818 23.906 23.453 23.927 23.686 23.796 24.047 24.235 23.061 21.561 21.387 20.302 19.847 20.831 21.085 20.577 21.475 23.272 23.006 22.510 23.224 24.042 23.371 23.204 23.456 23.772 23.827 23.690 23.954 23.797 24.551 23.996 23.255 21.446 21.701 22.969 22.807 21.549 23.588 23.612
13.753 13.822 13.856 13.850 13.826 13.955 14.043 14.084 14.083 14.085 14.128 13.628 14.146 16.467 18.437 20.158 21.042 21.197 20.938 21.296 21.686 21.390 21.185 20.974 20.296 20.734 21.349 22.857 23.733 24.043 23.116 23.123 23.822 23.372 23.766 23.603 23.712 23.962 24.151 22.205 20.864 20.895 19.754 19.788 20.294 21.352 21.415 22.376 22.607 22.200 22.273 22.903 23.944 23.287 22.601 23.716 22.992 22.675 23.394 23.267 23.130 23.642 23.673 23.221 21.869 23.271 24.328 23.151 21.522 22.437 23.588
13.639 13.742 13.811 13.740 13.803 13.860 13.908 13.942 13.961 14.024 13.856 14.018 16.364 18.490 19.346 20.614 21.352 21.209 20.635 21.165 21.643 20.929 20.916 20.905 20.682 20.667 22.018 23.575 23.965 24.089 23.566 22.637 22.786 22.929 23.756 23.198 23.532 23.804 24.016 21.769 20.110 20.830 20.640 20.886 20.826 20.739 21.551 22.843 21.683 21.709 23.025 22.911 22.532 24.081 21.783 23.235 23.428 22.634 22.086 22.321 22.736 22.765 23.482 23.185 22.853 24.603 25.093 24.449 23.154 22.615 23.214
13.561 13.645 13.693 13.632 13.763 13.793 13.816 13.784 13.881 14.034 13.636 14.958 17.354 19.783 21.006 21.319 21.163 20.668 19.660 19.693 20.222 19.982 20.197 21.048 21.431 21.786 22.977 23.787 23.954 23.990 23.822 22.947 21.572 21.936 23.661 22.585 22.740 23.252 23.866 21.687 19.798 19.838 21.006 21.313 20.748 22.079 23.331 22.720 20.929 21.443 22.816 23.316 21.598 24.179 22.799 22.755 22.689 22.590 23.146 22.661 21.903 21.933 23.445 23.919 24.206 24.908 24.940 24.530 23.790 23.159 22.814
13.409 13.478 13.539 13.692 13.677 13.684 13.684 13.768 13.816 13.901 14.571 15.426 18.150 20.324 20.928 21.111 21.049 19.507 18.125 18.964 19.698 19.684 20.364 21.186 22.072 23.147 23.586 23.571 23.689 23.822 23.874 23.090 21.105 21.116 23.316 22.635 21.883 22.668 23.291 21.600 20.190 19.519 20.488 21.255 21.553 22.824 21.815 20.950 20.227 20.995 21.873 23.116 21.347 23.306 23.945 22.658 22.536 21.629 22.201 22.974 23.010 23.373 24.333 24.565 24.843 24.877 24.838 24.505 23.606 23.308 23.338
13.267 13.402 13.553 13.552 13.545 13.567 13.665 13.710 13.749 14.248 15.484 17.458 18.974 20.220 20.635 20.589 21.027 19.381 18.398 20.126 20.557 20.319 21.140 21.682 22.460 23.653 23.860 23.555 23.312 23.299 23.517 23.098 21.017 21.216 22.526 23.479 22.116 22.434 21.835 20.936 21.173 20.150 19.471 20.867 22.596 21.844 21.919 22.011 21.321 21.572 22.368 23.336 21.713 22.507 24.210 23.525 22.747 21.723 21.318 22.000 23.299 24.360 24.946 24.895 24.933 24.969 24.725 24.580 24.153 24.054 24.346
13.219 13.362 13.411 13.437 13.559 13.588 13.597 13.381 13.566 15.312 16.690 18.138 19.258 19.935 19.880 20.165 20.277 19.150 19.134 21.515 21.679 21.099 21.808 22.409 23.015 23.572 23.551 23.582 22.929 22.427 22.275 22.660 20.922 21.119 21.828 23.555 22.584 22.335 20.401 20.217 21.088 20.931 19.396 20.071 22.725 20.899 21.643 21.968 21.836 22.745 23.351 23.639 21.663 22.100 23.154 24.377 23.251 22.047 21.007 21.541 22.583 23.602 24.461 25.014 24.952 24.818 24.412 24.217 24.683 24.515 24.659
13.169 13.223 13.459 13.643 13.697 13.531 12.850 14.377 15.884 16.653 18.086 18.543 18.793 19.491 19.447 19.320 19.610 19.353 20.268 22.143 22.275 21.420 22.219 23.168 23.519 23.593 23.179 22.965 23.040 22.052 20.644 20.628 20.821 20.630 21.722 23.325 23.114 22.370 20.926 20.312 20.711 20.980 19.523 20.034 22.413 20.687 21.574 21.792 21.759 22.682 23.289 23.876 22.178 21.458 22.103 23.690 24.156 22.537 21.859 21.349 21.968 22.945 24.227 24.708 24.920 24.911 24.487 24.315 25.071 24.863 24.899
13.185 13.267 13.389 13.295 13.188 13.525 15.267 17.381 18.185 18.976 19.081 18.833 19.250 19.574 19.229 19.342 20.034 20.672 21.788 22.787 22.636 22.187 22.818 23.476 23.641 23.608 23.248 22.286 21.979 22.369 21.937 20.536 20.527 20.528 21.922 22.692 23.078 22.120 21.194 21.579 21.149 20.588 20.016 20.967 21.878 20.527 21.181 21.363 21.712 22.463 23.100 23.519 23.216 21.610 22.056 22.807 24.348 23.491 23.265 22.170 21.298 22.559 24.088 23.891 23.799 24.210 24.358 24.497 24.996 24.977 25.014
11.561 11.944 12.583 13.925 15.298 16.348 17.619 18.622 19.058 19.457 19.569 19.407 19.823 19.833 19.030 19.310 20.221 21.412 22.636 23.167 22.933 22.668 23.065 23.404 23.538 23.523 23.339 22.445 21.240 20.856 21.683 22.573 21.945 21.331 22.084 21.999 22.241 21.863 20.906 21.302 21.504 20.827 21.053 22.316 21.415 21.422 22.223 21.891 21.343 21.565 22.301 22.520 23.822 22.131 21.817 22.251 23.657 24.212 23.762 23.125 21.478 22.343 23.093 23.594 23.009 22.872 23.710 24.472 24.851 25.011 25.050
13.205 12.739 15.007 18.084 18.100 18.330 19.369 19.459 18.983 19.218 19.576 19.319 19.620 19.723 19.292 19.028 20.402 22.200 23.050 23.289 23.326 23.132 22.905 23.047 23.083 23.178 23.387 22.775 21.474 20.566 20.539 21.062 21.683 21.819 22.085 22.333 22.234 21.743 20.974 20.566 20.742 21.525 22.064 21.939 21.531 20.939 21.072 22.041 22.577 22.111 21.707 21.395 23.470 22.746 21.370 21.831 22.778 24.442 24.049 23.654 22.621 22.497 23.381 22.773 21.621 21.872 23.385 24.550 24.829 24.990 25.029
19.408 18.707 20.039 20.236 18.821 19.614 19.690 19.609 19.401 19.701 19.390 18.647 19.493 20.205 19.505 19.719 21.537 22.821 23.005 23.314 23.631 22.887 22.118 22.336 22.524 22.581 23.098 23.045 22.428 21.330 20.426 20.767 20.383 20.743 22.289 22.188 21.985 22.142 21.196 19.839 20.361 22.077 21.586 21.820 22.013 21.111 21.388 21.461 21.345 21.955 22.354 21.346 22.477 24.016 22.099 21.789 22.737 23.958 24.273 24.398 23.911 23.721 23.203 20.876 20.913 21.632 23.514 24.694 24.929 25.019 25.009
22.559 21.198 20.984 20.709 20.449 20.133 20.002 19.837 20.272 20.011 18.409 18.240 19.013 19.728 19.941 20.571 22.298 22.894 22.964 23.397 22.977 22.933 21.918 21.221 21.495 21.592 21.682 21.765 22.094 21.919 20.495 20.815 20.065 19.861 21.923 22.296 21.242 22.225 21.527 19.481 21.294 21.548 21.127 21.691 22.049 21.722 21.278 22.223 22.299 21.720 21.611 22.523 22.587 24.031 23.010 21.750 23.006 23.212 22.481 23.325 24.349 24.234 22.500 20.373 20.403 21.825 23.775 24.916 24.909 25.042 25.082
22.591 21.597 21.145 20.526 20.875 20.735 19.960 20.172 20.038 18.945 18.224 18.742 19.237 19.469 20.139 21.501 22.663 22.961 23.267 23.453 22.501 22.199 22.726 21.164 20.742 20.859 20.232 20.359 21.002 21.923 21.053 20.688 20.310 20.112 21.114 22.098 21.613 21.045 21.500 19.657 21.580 20.007 20.108 22.206 22.423 22.125 22.072 21.541 21.587 22.315 22.077 22.616 23.624 23.694 23.764 21.903 22.968 22.028 21.279 21.114 22.192 24.294 23.306 20.351 20.385 21.590 22.253 24.287 25.015 24.931 24.915
21.549 21.489 22.019 21.139 21.329 21.590 20.372 20.300 19.926 18.984 19.708 20.155 20.365 20.766 21.672 22.892 23.238 23.342 23.575 23.184 22.205 22.012 22.341 22.390 21.036 21.131 20.534 20.638 21.064 21.688 20.926 20.383 20.839 20.820 20.968 20.501 21.756 20.489 20.725 19.725 21.223 19.801 19.817 22.117 23.012 22.561 22.286 21.945 21.704 22.109 22.487 23.784 23.807 23.738 23.959 22.226 22.783 21.606 21.662 21.718 21.567 22.754 24.320 21.495 21.088 21.571 21.608 22.840 24.748 24.963 24.761
21.368 22.330 21.923 21.725 21.468 21.406 20.597 20.137 20.366 19.929 20.151 20.574 20.766 22.432 23.270 23.650 23.557 23.428 23.042 22.806 22.166 22.105 21.757 22.639 21.750 21.222 20.812 20.892 21.264 21.314 20.138 19.900 20.848 21.232 20.958 20.008 21.143 21.756 20.781 20.263 21.151 19.451 19.817 21.304 22.113 21.993 22.165 22.689 22.543 22.063 21.819 23.261 24.029 23.845 23.852 22.969 22.432 21.577 22.204 22.443 21.946 22.193 24.447 22.480 22.522 22.566 21.599 22.058 24.186 24.988 24.939
22.407 22.124 21.465 20.986 20.564 20.667 21.382 20.574 19.927 19.926 20.974 21.343 22.156 23.487 23.259 23.607 23.535 23.065 22.616 22.671 22.712 21.783 21.567 22.584 22.299 21.600 21.364 21.260 21.164 21.069 19.657 19.955 20.848 21.317 21.306 20.943 20.798 20.892 20.206 20.825 21.151 21.022 19.542 20.160 21.048 21.209 21.648 22.634 22.846 22.318 21.780 22.758 23.890 23.810 23.658 23.729 22.718 21.547 22.357 22.588 21.519 21.781 24.274 22.274 21.923 22.545 21.584 21.622 23.790 24.880 24.802
22.846 21.555 21.141 20.846 21.472 21.685 21.530 21.877 19.471 19.699 21.701 22.451 23.371 23.479 23.323 23.291 22.906 22.404 22.224 22.166 22.578 22.278 21.527 22.120 22.245 22.036 22.037 21.695 21.701 21.360 20.092 20.638 21.324 21.372 21.147 21.125 20.673 19.492 20.623 19.879 20.504 21.464 21.659 20.295 20.229 20.539 21.684 22.696 22.802 22.417 21.911 22.453 23.461 23.711 23.711 23.866 23.478 22.601 23.505 23.036 21.499 21.761 24.403 22.060 21.484 22.344 21.778 21.605 23.634 24.866 24.539
22.584 21.652 21.107 21.502 21.857 21.536 20.989 20.383 20.170 20.156 22.029 22.312 23.638 23.182 23.445 22.603 22.026 22.123 21.928 22.011 22.204 22.913 21.917 21.091 21.981 21.871 21.702 21.299 21.726 21.145 20.160 20.928 21.189 20.870 20.473 20.260 19.173 19.209 20.384 19.032 20.361 20.106 21.818 21.364 19.928 20.144 21.640 22.758 22.867 22.514 22.040 21.966 22.782 23.331 23.601 23.840 23.341 23.289 24.193 23.423 21.482 21.741 24.056 22.605 21.469 22.515 22.372 22.599 24.141 24.902 24.432
22.144 22.439 20.353 21.351 21.182 20.999 20.804 19.951 20.171 21.725 22.605 22.316 23.671 23.091 23.541 22.202 21.197 21.971 21.608 21.854 21.779 22.645 22.646 21.059 20.796 21.942 21.569 20.322 20.788 20.663 20.238 20.497 19.818 19.780 19.582 19.152 18.982 19.995 19.009 18.877 20.663 19.952 20.329 22.144 19.664 20.125 21.234 22.074 22.503 22.352 21.693 21.049 22.026 22.711 23.491 23.741 23.541 23.612 24.113 24.033 21.670 21.090 22.872 23.993 21.671 21.922 22.357 23.108 24.002 24.931 24.515
22.016 22.882 20.393 20.392 22.365 22.226 21.914 22.070 23.095 23.665 23.340 22.175 23.501 23.182 23.378 22.198 20.417 20.578 21.095 21.206 20.957 21.535 22.780 21.900 20.418 20.661 22.039 19.930 19.521 20.349 20.608 19.768 18.610 17.912 18.532 18.850 19.732 19.049 17.926 19.007 20.915 20.611 19.227 22.534 20.382 20.171 20.745 20.828 21.227 21.692 20.949 19.973 21.300 22.551 23.565 23.639 23.305 23.598 23.859 24.018 22.406 21.297 21.563 24.411 22.262 21.911 22.153 23.098 23.453 24.708 24.754
22.891 22.386 22.078 19.753 22.790 23.396 23.311 23.217 23.643 23.289 22.751 21.358 22.696 23.348 22.752 22.056 20.817 19.952 21.274 21.697 20.515 20.501 22.111 21.889 21.233 20.646 21.237 21.527 19.069 18.888 19.889 19.473 18.945 19.114 19.491 20.021 19.374 18.371 18.664 19.235 21.025 20.895 18.587 21.568 21.881 21.658 22.498 22.038 21.248 21.397 20.535 19.496 20.689 22.076 23.357 23.435 22.908 23.114 23.314 23.614 23.178 22.090 21.340 23.860 23.679 22.297 21.737 22.569 22.792 23.903 24.916
23.252 22.428 22.703 22.136 21.629 23.048 23.728 23.674 23.030 22.527 22.512 20.591 20.963 22.796 22.101 21.589 21.370 20.375 20.117 22.091 20.919 20.028 21.438 21.340 21.520 21.784 21.135 20.900 20.944 18.488 17.790 18.431 19.821 20.399 19.498 19.056 18.952 18.923 19.102 19.431 21.022 20.890 19.028 21.125 22.413 21.978 22.650 22.468 21.114 20.228 19.647 19.244 20.250 21.544 22.749 23.206 23.033 22.968 23.039 23.241 23.303 22.081 21.330 23.201 24.018 23.842 23.040 22.184 22.223 23.000 24.180
23.298 23.297 23.199 23.676 22.461 21.827 23.592 23.515 23.053 22.109 22.530 21.203 20.781 21.838 22.112 20.475 20.830 20.969 19.910 20.996 21.326 19.913 21.373 21.348 21.523 21.536 21.529 20.987 19.965 19.128 18.959 20.016 19.760 19.423 19.241 19.181 18.707 18.429 18.953 19.820 21.902 21.051 19.662 21.320 22.827 21.257 21.561 21.674 21.460 20.225 19.408 19.482 20.463 21.540 22.741 23.523 23.154 22.670 23.030 23.360 23.017 22.258 21.740 23.193 23.663 22.990 23.765 23.934 22.783 22.823 23.205
23.435 23.513 23.508 23.420 23.416 21.317 23.302 23.380 22.300 22.831 23.036 21.760 20.799 21.339 21.974 19.839 20.024 20.795 20.342 20.202 21.999 20.070 20.891 20.911 21.086 21.050 20.432 20.490 19.076 19.564 19.516 20.112 19.629 19.257 19.452 19.676 19.018 19.099 19.925 20.954 22.317 20.791 20.259 21.346 22.811 20.406 20.912 22.108 21.936 20.839 19.645 19.483 20.462 22.060 23.616 23.960 23.392 23.093 23.533 24.062 23.012 22.070 21.935 21.984 24.000 23.831 24.104 24.047 24.305 23.623 23.203
23.637 23.470 23.546 23.162 23.359 22.212 22.894 23.749 21.840 21.287 22.950 23.136 21.397 20.784 21.835 20.293 19.592 20.991 20.905 20.343 21.950 20.356 19.821 19.510 20.127 20.738 19.794 19.609 19.419 20.072 19.351 20.285 20.951 20.807 20.801 20.824 20.321 20.238 21.168 21.715 21.932 20.522 20.815 21.530 22.835 20.998 20.752 22.124 22.227 21.571 20.102 19.489 21.083 22.664 23.003 22.677 21.937 22.347 23.024 24.130 23.653 21.676 21.527 21.147 22.589 23.940 23.755 24.040 23.848 23.623 23.201
