tests/3D/PSQL_test/output_maps/SWEN0022.asc
ncols         295
nrows         180
xllcorner     627200.000000
yllcorner     5109000.000000
cellsize      200.000000
NODATA_value  -9999.0
[rows 96 to 127 of 180, columns 142 to 212 of 295]
23.990 25.464 25.828 25.899 25.844 25.603 25.316 25.290 24.985 24.302 23.862 23.406 23.585 22.877 22.866 22.768 22.214 22.300 22.880 23.883 24.235 24.446 24.540 24.671 24.351 24.187 24.220 24.068 24.108 24.333 24.161 23.100 22.403 22.241 21.234 20.496 21.678 21.643 22.255 21.341 21.070 20.545 19.996 21.642 21.386 15.680 16.960 19.013 22.259 23.297 23.667 23.314 23.223 23.561 20.547 17.243 20.011 23.554 23.904 24.084 24.160 24.136 24.012 23.705 23.504 23.981 24.211 23.598 21.587 18.018 15.744
25.203 25.378 25.438 25.674 25.782 25.643 25.385 25.275 24.903 24.171 23.921 23.859 24.018 23.350 22.289 22.662 22.363 22.386 23.577 24.004 24.337 24.516 24.533 24.084 23.893 24.175 24.224 23.727 23.173 23.724 23.395 22.286 21.635 21.704 21.217 21.703 23.266 24.584 23.186 21.326 21.741 19.747 18.592 23.744 20.898 19.331 20.822 19.261 19.224 20.641 22.515 22.149 20.576 23.056 22.005 17.450 16.625 19.928 21.638 23.189 24.125 23.824 22.986 22.970 21.699 22.532 24.041 22.219 19.539 18.239 16.513
25.359 25.490 25.528 25.436 25.219 25.197 25.271 25.125 24.991 24.727 24.617 24.529 24.186 23.147 22.619 22.045 21.786 22.477 23.222 24.140 24.328 24.494 24.254 23.795 23.611 23.918 23.835 23.305 23.229 23.397 23.030 22.519 21.734 21.297 21.018 22.935 24.281 23.697 22.998 21.762 21.038 19.183 19.698 21.383 16.335 14.611 16.597 17.503 16.850 17.128 18.820 19.850 17.493 20.649 22.667 19.167 16.274 17.642 18.280 21.145 20.017 17.925 18.987 20.846 20.622 20.399 22.738 19.215 16.684 18.027 17.883
25.720 25.439 25.762 25.508 25.470 25.368 25.160 25.107 24.817 24.720 24.578 24.761 24.116 22.907 21.941 21.886 21.900 22.247 23.388 24.073 24.327 24.292 23.627 23.623 23.684 23.533 23.486 23.176 23.214 22.624 22.570 22.994 22.803 22.616 22.578 23.108 22.297 22.458 22.419 22.175 20.281 20.498 22.044 23.416 21.752 18.151 18.973 20.728 20.202 19.394 18.535 18.771 16.603 17.103 20.493 21.172 18.621 17.898 15.703 15.177 13.806 13.898 14.003 14.691 14.695 13.414 12.713 12.361 13.304 14.924 15.288
25.133 24.957 25.445 25.811 25.694 25.371 25.244 25.138 25.066 24.770 24.877 24.742 24.004 23.175 21.992 21.837 21.715 22.547 23.516 24.072 24.356 23.744 23.134 23.405 23.492 23.506 23.297 23.006 22.676 21.961 22.039 22.048 21.789 23.356 22.956 22.116 22.875 22.245 21.992 21.049 20.006 21.867 23.858 24.763 21.731 19.540 20.266 21.793 23.140 23.729 21.838 19.007 16.334 14.904 16.121 20.650 20.669 18.172 16.201 14.250 13.758 14.553 13.584 12.401 11.686 10.521 9.811 10.861 12.190 13.538 14.668
25.683 25.526 25.371 25.253 25.360 25.593 25.538 25.461 25.223 25.131 24.930 24.498 24.041 23.535 22.567 21.788 21.820 22.123 23.254 23.915 24.111 23.193 23.373 23.198 23.393 23.075 22.268 22.070 21.960 21.603 22.302 22.046 21.552 21.970 22.562 21.436 22.277 22.822 21.316 20.297 21.233 24.742 23.839 22.359 20.336 20.531 20.725 21.766 23.752 24.392 23.931 22.298 18.099 15.919 17.515 18.051 19.673 18.796 17.802 16.912 16.140 15.641 14.991 15.038 14.790 14.404 14.145 14.787 15.415 16.744 17.344
25.440 25.403 25.210 25.461 25.330 25.187 25.274 25.295 25.224 25.160 24.794 24.273 23.854 23.643 22.585 21.786 21.861 22.114 23.350 24.077 23.709 23.047 23.031 23.176 23.316 22.200 20.997 21.362 21.381 21.420 22.512 22.261 21.779 22.597 21.701 21.430 22.266 22.224 21.972 21.492 23.655 22.981 20.649 20.849 20.801 21.428 21.377 22.829 24.253 24.357 24.056 22.591 17.189 15.872 18.516 17.601 18.352 19.207 18.380 17.441 16.874 17.118 17.357 17.383 17.370 17.339 17.344 17.380 17.406 17.273 17.401
25.371 25.401 25.438 25.326 25.181 25.149 24.964 24.934 24.826 24.993 24.834 24.415 23.893 23.151 22.026 21.711 21.720 22.138 23.697 23.862 22.634 23.105 22.577 22.992 23.203 21.299 20.355 21.235 21.695 22.116 22.714 22.258 21.999 22.789 22.747 22.093 21.834 21.791 21.747 22.328 24.946 18.832 19.619 20.346 21.242 21.621 21.971 23.390 24.222 24.276 23.199 18.910 14.945 15.078 16.509 16.022 16.540 18.701 18.655 18.132 17.609 17.604 17.305 17.230 17.204 17.049 17.057 17.101 17.116 17.244 17.316
25.382 25.398 25.567 25.608 25.213 25.027 24.975 24.691 24.484 24.392 24.500 24.165 23.832 23.486 22.132 21.665 21.508 22.629 23.416 23.399 23.453 22.654 22.924 23.458 23.405 21.481 20.431 21.732 22.586 22.950 23.285 23.060 22.425 23.158 23.620 23.069 22.456 22.410 22.162 23.819 22.832 16.691 18.198 21.049 22.255 22.735 22.506 24.114 24.362 24.293 21.510 16.573 14.486 14.608 15.710 15.809 17.694 18.471 18.115 17.721 17.491 17.237 17.013 16.951 16.922 16.936 16.968 16.971 16.992 17.083 17.213
25.744 25.411 25.573 25.663 25.557 25.139 24.908 24.679 24.343 24.457 24.461 23.897 23.427 22.769 22.087 21.643 21.413 22.568 22.178 23.162 22.809 22.885 23.579 23.900 23.384 21.577 20.726 21.732 22.586 23.325 23.793 23.587 22.824 23.499 24.314 23.869 23.360 23.472 23.423 25.023 19.415 15.690 18.190 22.292 22.240 23.040 22.822 24.303 24.288 24.161 18.913 14.260 13.698 14.386 15.683 17.399 17.792 17.767 17.583 17.425 17.202 16.981 16.858 16.811 16.781 16.795 16.829 16.839 16.872 17.012 17.085
25.844 25.717 25.570 25.566 25.509 25.487 25.211 24.795 24.441 23.980 24.728 24.513 23.953 23.225 22.024 21.618 21.481 21.617 22.838 22.954 22.755 23.121 23.593 23.091 22.465 21.190 20.504 21.733 22.373 23.502 24.371 23.748 23.012 23.812 24.539 24.379 23.515 23.765 24.776 23.365 18.265 15.684 19.042 23.438 22.032 22.703 23.255 24.219 24.077 23.544 17.190 12.746 13.390 15.363 17.185 17.731 17.706 17.421 17.283 17.122 16.914 16.806 16.750 16.668 16.657 16.650 16.691 16.735 16.774 16.911 16.990
25.562 25.651 25.485 24.887 24.614 24.834 25.302 25.019 24.195 24.069 24.011 23.840 23.718 22.765 22.013 21.561 21.501 21.744 22.732 22.934 22.721 22.945 22.744 21.886 22.215 21.525 20.507 21.734 22.374 23.502 24.496 24.050 23.370 23.958 24.536 24.851 23.811 23.614 24.335 20.743 18.260 16.991 19.580 24.141 23.073 22.690 22.946 23.669 23.597 21.702 16.253 12.341 14.472 16.541 17.451 17.519 17.266 17.166 17.050 16.935 16.821 16.713 16.624 16.528 16.578 16.572 16.579 16.610 16.681 16.789 16.900
25.574 25.448 24.702 23.762 24.064 24.083 24.310 24.919 24.606 24.204 23.276 22.734 22.834 22.606 22.093 21.575 21.478 21.727 22.501 22.169 21.749 22.025 21.939 22.020 23.156 22.276 20.236 23.034 24.185 23.992 24.497 24.050 23.370 23.809 24.534 25.047 23.508 21.311 23.559 19.980 19.398 19.077 20.830 23.924 23.624 22.145 22.612 22.374 21.560 19.442 15.276 12.255 14.487 16.759 17.532 17.287 17.202 17.091 16.966 16.814 16.728 16.630 16.504 15.957 15.941 15.934 15.936 16.544 16.629 16.679 16.782
24.427 25.266 24.879 24.397 24.620 24.527 24.022 23.715 23.545 23.616 23.390 22.995 22.119 22.440 21.590 21.738 21.797 21.757 21.951 20.967 20.874 21.539 22.314 22.758 23.542 22.714 21.037 25.531 24.186 21.418 24.097 24.569 23.856 24.476 24.976 23.556 22.997 18.964 22.135 19.977 20.928 21.557 21.283 22.443 23.961 21.748 22.364 22.365 20.697 17.483 13.413 13.162 14.980 17.497 17.529 17.249 17.122 17.004 16.889 16.747 16.655 16.525 15.898 15.866 15.823 15.839 15.889 15.924 16.543 16.676 16.764
23.944 24.890 24.526 24.461 24.298 24.138 23.830 23.579 23.670 23.841 23.901 23.471 23.626 23.385 21.984 21.604 21.768 21.636 21.363 20.317 20.534 22.385 23.437 23.586 24.369 24.602 22.242 23.766 22.157 18.064 21.618 24.052 23.011 22.163 21.209 20.922 20.626 19.798 19.486 21.876 23.590 22.370 20.823 21.225 22.002 21.035 22.147 20.758 15.674 13.148 12.694 14.574 17.202 17.648 17.333 17.201 17.093 16.973 16.853 16.729 16.583 15.946 15.862 15.828 15.783 15.712 15.679 15.741 16.583 16.559 16.775
24.418 25.326 25.304 25.336 25.206 24.539 23.765 23.482 23.862 24.498 24.785 24.489 24.116 22.576 21.612 21.575 21.892 20.250 20.421 20.760 20.566 22.183 24.307 24.416 25.459 25.667 23.279 21.744 21.702 17.098 19.533 18.911 16.997 16.632 15.923 15.889 18.118 20.831 21.487 24.461 24.810 23.074 20.338 20.998 22.555 18.014 21.396 18.449 11.966 11.700 15.604 17.451 17.650 17.425 17.299 17.170 17.079 16.935 16.815 16.689 16.542 15.927 15.933 15.779 14.710 13.572 13.492 13.908 14.377 13.956 13.991
25.242 25.749 25.731 25.691 25.570 25.236 24.892 24.827 24.706 23.768 23.140 22.246 22.270 21.580 21.561 21.398 21.013 18.915 21.221 23.791 20.630 20.973 25.479 24.564 24.784 22.727 20.788 19.062 21.127 17.103 18.346 15.326 14.580 15.263 16.602 18.463 21.120 21.538 21.928 24.040 24.644 20.636 19.021 22.059 23.200 16.484 18.692 16.744 12.318 16.667 17.746 17.669 17.620 17.427 17.276 17.171 17.060 16.933 16.797 16.696 16.551 16.049 15.393 12.968 13.075 13.050 13.168 13.962 16.893 15.832 14.682
25.514 25.764 25.743 25.716 25.582 25.021 24.609 24.520 23.717 22.607 22.233 22.106 21.924 21.767 22.525 22.143 21.428 18.804 22.189 20.776 17.153 16.263 18.308 18.811 19.173 16.146 16.406 18.072 21.400 18.666 20.100 19.402 20.699 21.216 22.923 23.717 22.636 20.333 22.341 23.504 21.164 19.619 20.089 22.957 22.380 16.140 14.724 15.698 15.304 17.752 17.792 17.722 17.605 17.455 17.309 17.184 17.077 16.939 16.825 16.704 16.752 16.380 13.379 12.934 13.210 14.643 15.472 15.887 19.066 19.680 20.225
25.179 25.634 25.724 25.706 25.347 24.537 23.996 23.571 23.279 22.504 22.345 22.528 22.614 22.907 23.710 23.109 21.851 21.138 19.403 19.334 18.141 15.744 15.488 16.731 16.497 15.433 17.360 18.330 20.079 19.972 22.006 23.208 23.831 24.152 24.030 22.292 21.364 21.546 24.221 19.447 17.960 19.353 21.720 22.260 19.688 14.414 13.250 16.552 18.231 18.215 17.655 17.582 17.619 17.477 17.351 17.208 17.083 16.974 16.863 16.802 16.768 14.634 12.795 12.978 15.446 17.328 17.339 16.542 18.517 20.523 21.859
25.206 25.410 25.552 25.564 24.869 24.116 24.046 23.484 22.833 23.665 23.224 23.893 23.497 23.273 23.696 23.009 21.482 20.335 21.629 21.528 19.807 19.049 17.632 16.839 16.577 17.629 19.229 17.996 16.489 16.472 19.612 22.854 22.318 23.777 22.743 21.417 23.675 23.141 22.546 19.453 20.454 20.889 22.864 21.669 16.449 12.828 13.347 18.118 18.357 17.709 17.673 17.599 17.664 17.499 17.382 17.283 17.144 17.021 17.104 16.985 15.633 12.975 12.709 14.751 18.199 21.087 19.591 17.888 17.573 19.053 21.755
25.472 25.161 25.167 25.231 24.338 24.275 24.242 23.520 23.260 23.516 24.466 24.514 24.076 23.686 23.410 22.793 21.473 19.032 20.752 21.305 21.325 20.920 19.739 17.997 19.102 19.984 20.256 19.723 17.395 15.576 16.451 18.653 21.467 23.832 23.125 22.893 23.829 21.557 21.281 20.998 21.409 22.987 22.873 20.529 14.078 12.863 16.570 18.338 18.234 17.775 17.692 17.640 17.715 17.602 17.459 17.346 17.232 17.166 17.196 16.362 14.780 13.006 14.165 17.513 20.839 22.823 21.646 20.866 20.318 19.909 21.326
24.911 24.953 24.509 24.889 24.320 23.698 24.232 23.293 23.730 23.981 24.790 24.549 24.381 24.052 23.123 21.867 21.838 19.819 19.407 20.650 21.628 20.910 20.805 20.678 20.578 20.467 20.380 20.380 20.217 19.495 15.853 14.872 18.162 21.455 21.930 21.884 21.613 21.565 21.518 22.315 22.994 23.649 22.242 17.176 12.196 13.829 18.098 18.289 17.750 17.779 17.730 17.681 17.609 17.686 17.579 17.442 17.324 17.334 16.483 15.129 13.910 13.458 16.479 20.391 22.686 23.258 22.683 22.607 22.975 21.959 20.143
23.856 24.837 24.672 24.404 23.655 23.318 23.802 24.138 23.758 24.318 25.006 24.867 24.743 24.458 22.691 21.205 22.091 20.218 17.378 18.781 21.162 21.761 20.735 20.539 20.686 20.627 20.539 20.374 20.266 20.179 18.413 14.599 14.478 18.127 22.077 22.686 21.843 21.682 22.549 24.377 24.419 22.571 22.002 15.493 10.948 17.347 18.354 18.152 17.769 17.704 17.752 17.728 17.703 17.598 17.348 16.286 16.350 16.803 15.590 16.767 15.274 15.033 19.664 22.607 23.347 23.240 22.772 22.784 22.895 21.048 19.946
23.904 25.242 24.456 23.134 23.171 23.294 24.232 24.173 24.497 24.821 25.208 25.089 25.002 24.519 22.719 22.080 23.299 23.094 17.978 18.160 20.386 22.662 21.517 21.031 20.279 20.408 20.348 20.238 20.148 20.208 20.097 18.459 13.612 15.032 20.373 23.527 22.015 22.559 21.709 19.993 17.952 19.772 20.667 14.975 13.860 18.497 18.268 18.175 18.110 17.741 17.690 17.706 17.698 16.678 13.307 15.896 15.237 15.857 17.652 20.208 17.608 16.329 20.970 23.267 23.468 23.370 22.858 22.669 22.197 21.034 21.660
25.135 23.857 22.885 21.671 22.023 22.762 24.003 24.441 24.599 24.914 25.483 25.236 25.055 24.235 23.116 22.347 23.140 24.259 19.294 18.675 20.626 23.247 22.668 21.286 20.379 19.933 20.329 20.218 20.113 20.072 20.132 20.056 17.024 14.465 15.668 18.699 21.989 22.194 18.592 14.143 14.744 16.916 18.507 16.470 16.306 18.414 18.294 18.225 18.141 17.779 17.765 17.703 17.513 14.385 15.139 18.414 18.597 19.647 21.080 22.083 19.952 16.906 19.585 23.295 23.558 23.459 22.743 21.984 22.064 22.789 22.480
24.205 23.955 23.475 21.825 21.481 22.357 23.692 24.904 24.438 24.470 25.221 25.318 25.206 24.012 23.003 22.403 23.151 24.435 19.626 19.658 21.470 23.626 23.319 22.818 20.989 17.807 20.307 20.182 20.120 20.030 19.985 20.005 19.589 16.270 14.759 13.856 15.647 16.835 15.576 15.915 18.040 17.775 17.015 16.786 17.522 18.439 18.320 18.250 18.171 18.129 18.137 17.731 16.832 14.846 18.136 23.289 21.650 22.567 22.580 22.639 21.775 17.592 18.162 23.152 23.642 23.542 22.339 21.741 23.057 22.925 21.999
24.797 25.107 23.923 22.897 21.982 22.268 23.464 24.672 24.536 24.643 25.013 25.380 25.243 23.887 22.585 22.221 23.771 24.603 19.965 20.592 21.999 23.678 24.046 23.954 22.433 18.419 19.504 20.187 20.103 20.018 19.928 19.829 19.674 19.622 17.857 15.394 14.440 15.178 17.297 18.547 18.668 17.791 17.740 17.807 18.511 18.462 18.346 18.258 18.205 18.145 18.176 17.758 16.554 15.406 19.306 23.678 22.764 21.411 20.873 20.293 20.120 18.724 18.744 22.940 23.669 23.420 21.978 22.727 23.280 22.748 22.557
25.627 24.943 23.715 23.626 23.000 22.194 22.750 24.714 24.811 25.018 25.087 25.355 25.039 23.635 22.141 22.016 23.780 24.613 20.585 20.932 22.071 23.367 23.932 24.043 23.346 18.464 17.957 20.163 20.064 19.980 19.917 19.838 19.729 19.599 19.553 19.437 19.220 19.080 19.327 19.037 18.926 19.322 18.764 18.723 18.631 18.531 18.393 18.279 18.239 18.184 18.197 17.733 16.598 14.924 20.086 23.240 22.832 21.210 19.497 18.252 17.975 19.017 20.450 23.013 23.770 22.977 22.736 23.398 23.153 23.062 23.255
25.329 24.188 22.787 23.385 24.051 23.206 22.902 24.899 24.909 25.011 25.165 25.171 24.569 23.184 21.988 22.053 23.388 23.937 19.748 19.046 20.291 22.755 23.630 23.865 23.452 17.884 17.242 20.169 20.054 19.968 19.882 19.803 19.721 19.632 19.520 19.454 19.363 19.269 19.151 19.074 19.010 18.978 18.828 18.728 18.658 18.540 18.403 18.313 18.272 18.264 18.261 18.170 16.578 14.080 19.697 23.256 22.960 22.945 22.105 21.605 22.087 22.651 23.483 23.283 23.061 23.493 23.480 23.539 23.121 23.307 23.467
24.026 22.321 22.263 23.743 24.410 23.911 23.753 24.974 24.870 25.110 25.028 24.815 24.428 23.309 21.781 22.062 23.185 24.471 21.440 19.113 18.704 21.124 23.537 24.237 23.827 17.595 16.748 20.020 20.059 19.954 19.869 19.792 19.708 19.645 19.580 19.447 19.357 19.267 19.159 19.075 19.009 18.922 18.816 18.752 18.684 18.589 18.455 18.367 18.320 18.292 18.281 18.149 16.021 13.615 19.549 23.104 23.747 22.389 21.428 22.344 23.823 23.725 22.816 22.371 23.012 23.831 23.816 23.663 23.450 23.446 23.444
22.624 22.062 22.961 24.506 24.483 24.058 24.598 25.259 24.831 24.874 24.637 24.587 24.383 22.696 21.315 22.070 23.406 25.442 24.272 22.165 17.467 15.976 19.479 22.252 22.869 17.889 15.824 19.155 20.001 19.960 19.880 19.782 19.721 19.636 19.571 19.461 19.373 19.281 19.152 19.093 19.030 18.946 18.841 18.756 18.691 18.625 18.514 18.424 18.379 18.310 18.331 18.106 15.286 13.667 19.636 22.565 22.727 23.698 21.246 21.507 22.364 21.649 21.944 23.154 23.074 23.371 23.733 23.433 23.651 23.644 23.410
22.105 22.845 23.855 24.482 24.204 24.330 25.254 25.412 24.858 24.637 24.441 24.394 23.149 20.744 21.335 23.242 24.006 25.660 24.906 23.696 21.120 16.407 17.074 20.741 22.094 19.597 16.615 17.907 19.880 19.920 19.842 19.771 19.688 19.604 19.542 19.455 19.391 19.326 19.191 19.091 19.009 18.947 18.886 18.782 18.698 18.634 18.547 18.482 18.439 18.331 18.337 17.816 15.338 14.285 19.183 23.820 22.145 23.214 23.230 21.491 20.866 21.195 22.641 22.964 23.227 23.632 23.410 23.397 23.766 23.549 23.617
