tests/3D/PSQL_test/output_maps/SWEN0004.asc
ncols         295
nrows         180
xllcorner     627200.000000
yllcorner     5109000.000000
cellsize      200.000000
NODATA_value  -9999.0
[rows 136 to 169 of 180, columns 154 to 230 of 295]
4.508 4.544 4.612 4.804 4.865 4.866 4.866 4.949 4.849 4.395 3.815 3.582 4.239 4.740 4.829 4.861 4.196 2.546 1.953 2.500 2.633 2.621 2.617 2.614 2.614 2.611 2.616 2.612 2.612 2.612 2.613 2.626 2.609 2.624 2.652 2.767 3.067 3.358 3.487 3.704 4.039 4.147 4.253 4.383 4.438 4.471 4.471 4.330 4.473 4.860 4.966 4.973 4.996 4.995 4.993 4.971 4.918 4.697 4.334 4.442 4.761 4.867 4.880 4.587 4.652 4.740 4.476 4.546 4.374 4.480 4.675 4.380 4.112 4.010 3.915 3.981 3.890
4.308 4.508 4.544 4.826 4.882 4.866 4.898 4.969 4.758 4.266 3.756 3.700 4.421 4.778 4.836 4.877 3.497 2.035 2.100 2.607 2.622 2.610 2.606 2.602 2.603 2.604 2.604 2.600 2.601 2.601 2.597 2.606 2.611 2.609 2.555 2.856 3.152 3.377 3.576 3.971 4.092 4.232 4.330 4.391 4.399 4.500 4.546 4.361 4.624 4.982 4.986 4.988 4.995 4.975 4.967 4.950 4.819 4.880 4.480 4.313 4.420 4.578 4.829 4.784 4.437 4.518 4.677 4.697 4.369 4.317 4.511 4.280 4.071 4.052 3.860 3.812 3.746
3.974 4.392 4.508 4.847 4.865 4.827 4.956 4.805 4.125 3.698 3.640 3.975 4.651 4.779 4.802 4.568 3.267 2.241 2.313 2.610 2.594 2.594 2.595 2.596 2.596 2.597 2.597 2.598 2.589 2.598 2.603 2.603 2.603 2.600 2.585 2.884 3.333 3.442 3.598 4.042 4.264 4.292 4.316 4.442 4.420 4.437 4.588 4.546 4.792 4.988 4.941 4.948 4.962 4.975 4.967 4.953 4.808 4.869 4.764 4.384 4.333 4.361 4.492 4.839 4.612 4.306 4.399 4.692 4.518 4.202 4.260 4.243 4.188 4.193 3.921 3.697 3.609
3.866 4.124 4.351 4.703 4.865 4.926 4.827 4.172 3.578 3.517 4.025 4.546 4.853 4.840 4.686 4.420 3.133 2.256 2.405 2.600 2.592 2.588 2.593 2.593 2.594 2.594 2.595 2.586 2.595 2.596 2.600 2.600 2.599 2.573 2.548 2.892 3.532 3.762 3.892 4.230 4.488 4.406 4.373 4.428 4.562 4.480 4.615 4.776 4.852 4.887 4.842 4.948 4.951 4.968 4.936 4.948 4.818 4.693 4.860 4.670 4.439 4.314 4.176 4.328 4.737 4.615 4.359 4.307 4.578 4.200 4.061 4.205 4.326 4.168 3.985 3.838 3.811
4.172 4.024 4.218 4.578 4.882 4.912 4.543 3.637 3.637 4.263 4.826 4.913 4.902 4.912 4.723 4.314 3.088 2.062 2.492 2.599 2.599 2.590 2.586 2.591 2.591 2.592 2.592 2.592 2.593 2.593 2.593 2.593 2.576 2.591 2.751 3.021 3.699 4.019 4.221 4.379 4.693 4.720 4.436 4.539 4.580 4.590 4.805 4.883 4.790 4.791 4.736 4.847 4.906 4.922 4.844 4.917 4.874 4.656 4.723 4.808 4.622 4.383 4.254 4.157 4.270 4.697 4.455 4.104 4.286 4.322 4.160 4.188 4.257 4.030 3.969 3.918 3.780
4.391 3.919 4.172 4.611 4.865 4.826 4.171 3.454 3.918 4.754 4.953 4.946 4.921 4.936 4.815 4.165 2.800 1.964 2.529 2.596 2.588 2.588 2.584 2.593 2.589 2.589 2.581 2.590 2.590 2.590 2.590 2.593 2.603 2.798 3.064 3.507 3.982 4.156 4.210 4.372 4.706 4.870 4.533 4.477 4.655 4.666 4.920 4.799 4.733 4.681 4.607 4.794 4.882 4.912 4.773 4.859 4.898 4.700 4.579 4.579 4.765 4.609 4.401 4.353 4.341 4.605 4.481 4.058 3.952 4.241 4.215 4.158 4.227 4.020 3.851 3.659 3.666
4.611 3.919 4.171 4.643 4.846 4.642 3.865 3.636 4.389 4.934 4.965 4.935 4.932 4.937 4.795 4.178 2.783 2.024 2.554 2.585 2.581 2.582 2.586 2.604 2.587 2.587 2.587 2.587 2.586 2.594 2.595 2.555 2.760 2.972 3.443 3.733 4.032 4.135 4.031 4.270 4.717 4.881 4.716 4.613 4.685 4.826 4.875 4.696 4.691 4.613 4.546 4.737 4.887 4.879 4.741 4.656 4.898 4.817 4.601 4.391 4.544 4.732 4.535 4.362 4.336 4.360 4.154 3.964 3.906 4.141 4.098 4.166 4.139 3.997 3.655 3.576 3.611
4.846 4.074 4.123 4.642 4.936 4.390 3.808 4.121 4.801 4.963 4.964 4.922 4.930 4.952 4.445 3.959 2.741 1.842 2.573 2.579 2.575 2.579 2.580 2.580 2.584 2.580 2.585 2.585 2.588 2.678 2.711 2.707 3.000 3.158 3.627 3.808 4.114 4.244 4.108 4.289 4.652 4.891 4.810 4.809 4.888 4.838 4.758 4.726 4.739 4.601 4.536 4.702 4.878 4.763 4.733 4.491 4.693 4.863 4.863 4.524 4.411 4.573 4.663 4.342 4.120 4.076 3.886 3.908 4.053 4.217 4.153 4.113 3.974 3.812 3.637 3.583 3.523
4.967 4.349 4.024 4.430 4.803 4.261 3.917 4.574 4.921 4.963 4.962 4.921 4.907 4.828 4.021 3.504 2.683 1.990 2.576 2.573 2.573 2.573 2.573 2.578 2.578 2.578 2.578 2.578 2.577 2.765 2.855 2.956 3.386 3.563 3.667 3.836 3.978 4.176 4.149 4.387 4.676 4.938 4.729 4.831 4.917 4.716 4.746 4.766 4.782 4.639 4.473 4.695 4.870 4.612 4.658 4.411 4.366 4.535 4.823 4.727 4.406 4.294 4.432 4.481 4.163 4.107 4.105 4.184 4.219 4.298 4.222 3.952 3.960 3.908 3.675 3.534 3.644
4.865 4.779 4.216 4.073 4.170 4.216 4.260 4.800 4.932 4.949 4.965 4.949 4.799 4.449 3.512 2.636 2.356 2.298 2.566 2.566 2.566 2.566 2.571 2.575 2.575 2.575 2.575 2.575 2.583 2.634 2.949 3.153 3.535 3.568 3.877 3.799 3.792 3.987 4.129 4.576 4.861 4.941 4.571 4.748 4.891 4.748 4.788 4.742 4.765 4.683 4.372 4.658 4.703 4.443 4.573 4.545 4.647 4.671 4.770 4.860 4.563 4.110 4.079 4.359 4.354 4.273 4.337 4.399 4.342 4.104 4.047 4.012 3.959 3.927 3.834 3.680 3.813
4.756 4.864 4.910 4.347 3.969 4.121 4.574 4.907 4.949 4.948 4.960 4.891 4.386 3.752 2.954 2.224 2.484 2.525 2.568 2.564 2.564 2.564 2.569 2.573 2.573 2.573 2.569 2.573 2.575 2.582 2.959 3.165 3.510 3.679 3.921 3.750 3.870 4.188 4.483 4.818 4.944 4.769 4.458 4.779 4.844 4.761 4.801 4.716 4.717 4.618 4.357 4.584 4.425 4.383 4.541 4.344 4.531 4.772 4.810 4.755 4.805 4.150 4.065 4.326 4.363 4.306 4.398 4.407 4.359 4.257 4.195 4.165 4.168 3.906 3.717 3.775 4.090
4.673 4.672 4.754 4.800 4.608 4.428 4.697 4.919 4.955 4.947 4.963 4.666 3.840 3.281 2.331 2.078 2.498 2.556 2.562 2.562 2.562 2.562 2.562 2.567 2.567 2.571 2.567 2.575 2.583 2.647 2.964 3.155 3.524 3.746 3.920 3.764 4.093 4.437 4.743 4.910 4.810 4.490 4.452 4.709 4.803 4.771 4.808 4.725 4.726 4.642 4.323 4.497 4.304 4.444 4.220 4.269 4.714 4.873 4.853 4.732 4.635 3.914 3.856 4.201 4.265 4.280 4.387 4.388 4.315 4.122 4.212 4.039 3.881 3.830 3.553 3.795 4.102
4.673 4.642 4.468 4.304 4.557 4.771 4.724 4.918 4.966 4.946 4.889 4.256 3.474 2.848 2.114 2.425 2.563 2.556 2.560 2.560 2.556 2.556 2.560 2.560 2.564 2.564 2.564 2.571 2.580 2.673 2.827 3.094 3.591 3.884 3.992 3.866 4.174 4.611 4.827 4.779 4.513 4.302 4.501 4.586 4.693 4.759 4.792 4.780 4.630 4.343 4.311 4.417 4.356 4.346 4.116 4.421 4.710 4.832 4.824 4.639 4.314 3.836 3.887 4.106 4.139 4.260 4.347 4.225 4.190 4.039 4.038 3.944 3.566 3.561 3.615 3.712 4.009
4.756 4.728 4.541 4.120 3.915 4.634 4.480 4.604 4.937 4.889 4.423 3.651 3.093 2.378 2.394 2.518 2.558 2.558 2.554 2.554 2.554 2.558 2.562 2.558 2.562 2.566 2.567 2.549 2.722 2.832 3.001 3.346 3.682 3.910 4.051 4.121 4.350 4.696 4.775 4.617 4.310 4.490 4.607 4.624 4.634 4.750 4.743 4.771 4.669 4.176 4.240 4.308 4.261 4.211 4.275 4.596 4.657 4.719 4.711 4.356 4.093 3.874 3.875 4.070 3.994 4.245 4.099 3.979 4.040 4.016 3.858 3.791 3.831 3.824 3.824 3.984 4.064
4.755 4.728 4.575 4.168 3.633 4.027 4.196 3.787 4.299 4.498 3.702 3.053 2.538 2.316 2.414 2.550 2.556 2.556 2.552 2.552 2.551 2.577 2.578 2.556 2.564 2.563 2.554 2.723 2.848 2.963 3.362 3.645 3.867 4.005 4.224 4.367 4.358 4.621 4.737 4.277 4.199 4.530 4.579 4.577 4.614 4.746 4.714 4.696 4.757 4.158 4.067 4.217 4.071 4.148 4.535 4.701 4.542 4.471 4.395 4.079 3.999 3.891 3.743 3.911 3.905 4.125 4.078 3.920 4.041 3.888 3.559 3.508 3.682 3.721 3.919 4.076 4.130
4.729 4.753 4.304 3.634 3.451 3.700 4.163 3.614 3.602 4.005 3.293 2.455 2.161 2.361 2.525 2.554 2.554 2.554 2.554 2.550 2.554 2.554 2.563 2.558 2.562 2.565 2.653 2.792 2.996 3.123 3.676 3.893 4.054 4.180 4.326 4.323 4.411 4.497 4.490 4.091 4.233 4.369 4.491 4.538 4.590 4.714 4.697 4.736 4.805 4.525 3.968 4.036 3.957 4.136 4.532 4.573 4.447 4.355 4.243 4.035 3.967 3.931 3.739 3.825 3.861 4.260 3.954 3.957 3.644 3.658 3.458 3.565 3.688 3.915 3.978 4.083 4.042
4.802 4.843 3.693 3.058 3.527 3.903 3.988 3.748 3.355 3.764 2.999 1.964 2.317 2.533 2.547 2.552 2.552 2.552 2.552 2.552 2.552 2.552 2.556 2.556 2.548 2.573 2.765 2.957 3.088 3.458 3.843 4.037 4.208 4.285 4.359 4.389 4.573 4.402 4.338 4.262 4.230 4.241 4.357 4.398 4.580 4.623 4.741 4.587 4.307 4.545 3.992 3.927 3.871 3.935 4.323 4.312 4.430 4.425 4.326 4.022 3.903 3.769 3.729 3.765 3.926 4.188 4.076 3.826 3.630 3.402 3.483 3.765 4.089 4.065 4.098 3.982 4.085
4.754 4.822 3.389 2.849 3.720 3.932 3.849 3.628 2.920 3.176 2.468 2.112 2.534 2.546 2.546 2.550 2.546 2.546 2.550 2.572 2.555 2.550 2.554 2.553 2.551 2.665 2.841 3.072 3.359 3.563 3.940 4.134 4.373 4.429 4.417 4.459 4.470 4.253 4.203 4.205 4.083 4.125 4.121 4.354 4.584 4.525 4.593 4.189 4.035 4.100 4.127 3.875 3.923 3.915 4.116 4.198 4.279 4.242 4.145 4.048 3.777 3.755 3.661 3.892 4.017 3.939 3.783 3.697 3.504 3.453 3.649 4.247 4.336 4.243 4.106 4.114 4.275
4.641 4.777 3.325 2.776 3.635 3.615 3.688 3.442 2.876 2.634 2.335 2.457 2.542 2.544 2.544 2.544 2.544 2.544 2.549 2.553 2.553 2.544 2.547 2.551 2.645 2.798 2.918 3.374 3.515 3.705 3.953 4.194 4.459 4.429 4.385 4.397 4.219 4.065 4.050 3.988 3.985 4.025 4.118 4.293 4.482 4.521 4.187 4.018 4.059 3.939 3.938 3.988 3.762 3.989 4.159 4.203 4.201 3.850 3.631 3.681 3.367 3.405 3.741 3.758 3.998 3.816 3.503 3.395 3.022 3.504 4.182 4.352 4.298 4.213 4.218 4.201 4.172
4.640 4.799 3.451 2.777 3.494 3.459 3.413 3.492 2.880 2.436 2.524 2.549 2.542 2.538 2.542 2.542 2.543 2.543 2.547 2.547 2.542 2.547 2.545 2.623 2.782 2.881 3.052 3.467 3.630 3.823 4.061 4.359 4.502 4.314 4.204 4.165 4.134 4.119 3.921 3.793 3.913 4.038 4.117 4.323 4.453 4.060 3.849 3.972 3.944 3.843 3.838 3.863 3.691 3.928 3.938 3.933 3.877 3.356 2.931 3.435 3.122 3.126 3.530 3.881 3.643 3.572 3.459 3.354 3.379 4.024 4.541 4.348 4.205 4.405 4.429 4.106 4.058
4.699 4.725 3.632 3.124 3.570 3.447 3.368 2.858 2.456 2.497 2.560 2.553 2.540 2.540 2.541 2.541 2.541 2.541 2.545 2.541 2.545 2.545 2.539 2.666 2.888 3.007 3.046 3.380 3.626 3.828 4.158 4.507 4.376 4.134 4.068 4.097 4.076 3.906 3.579 3.518 3.864 4.036 4.039 4.093 3.857 3.593 3.456 3.305 3.500 3.115 3.331 3.342 3.131 3.784 3.384 3.434 3.636 3.011 3.091 3.492 3.472 3.581 3.368 3.716 3.164 3.128 3.396 3.505 3.983 4.550 4.511 4.259 4.190 4.483 4.545 4.257 4.284
4.574 4.345 3.448 3.448 3.629 3.430 3.515 3.298 2.413 2.480 2.550 2.538 2.543 2.547 2.543 2.552 2.548 2.535 2.539 2.543 2.543 2.537 2.573 2.801 2.936 3.005 3.064 3.492 3.771 3.951 4.381 4.402 4.245 3.902 3.719 3.546 3.700 3.494 3.416 3.383 3.668 3.910 3.873 3.751 3.551 3.314 2.976 3.020 3.072 3.069 3.171 3.104 3.024 3.015 3.487 3.096 3.097 3.349 3.392 3.505 3.631 3.905 3.733 3.149 3.388 3.385 3.613 3.996 4.459 4.403 4.391 4.073 4.133 4.342 4.424 4.560 4.319
4.539 4.213 3.058 3.256 3.800 3.490 3.528 3.462 2.652 2.369 2.556 2.536 2.541 2.541 2.541 2.537 2.537 2.537 2.546 2.546 2.541 2.540 2.694 2.886 2.913 2.948 3.077 3.476 3.801 4.237 4.215 3.838 3.770 3.354 3.124 3.398 3.357 3.392 3.012 3.362 3.460 3.712 3.438 3.061 3.014 2.980 3.121 3.377 3.437 3.335 3.515 3.416 3.314 3.575 3.619 3.402 3.436 3.518 3.505 3.833 3.849 4.067 3.823 3.522 3.666 3.857 4.183 4.394 4.439 4.475 4.204 3.877 4.009 4.405 4.368 4.521 4.593
4.638 4.425 2.988 3.055 3.855 3.592 3.777 3.705 2.635 2.162 2.550 2.534 2.535 2.535 2.540 2.536 2.536 2.540 2.548 2.548 2.553 2.545 2.761 2.878 2.907 3.009 3.016 3.395 3.998 4.006 3.573 3.374 3.324 3.015 3.087 2.912 2.900 3.004 3.075 3.069 3.502 3.414 2.915 2.981 3.130 3.368 3.324 3.393 3.473 3.607 3.697 3.840 3.879 4.077 4.134 3.928 3.738 3.790 3.805 4.031 4.090 4.253 3.909 3.831 4.024 4.214 4.413 4.420 4.498 4.422 4.055 3.678 4.053 4.580 4.656 4.501 4.641
4.637 4.117 3.124 3.383 3.799 3.594 3.896 3.990 2.650 2.022 2.541 2.533 2.533 2.538 2.538 2.534 2.538 2.542 2.555 2.555 2.558 2.569 2.792 2.867 2.919 2.999 2.966 3.570 3.821 3.338 2.990 3.025 2.802 2.958 3.027 2.934 2.923 3.078 2.798 2.923 2.881 3.056 2.890 3.104 3.444 3.612 3.712 3.628 3.590 3.703 3.859 3.960 4.128 4.181 4.299 4.059 3.893 4.007 4.069 4.118 4.217 4.198 4.026 3.972 4.067 4.180 4.291 4.429 4.494 4.375 3.904 3.574 4.321 4.711 4.705 4.684 4.631
4.213 3.747 3.568 3.800 3.854 3.625 3.832 3.794 2.492 2.007 2.530 2.532 2.527 2.532 2.536 2.537 2.541 2.549 2.558 2.567 2.565 2.655 2.763 2.857 2.870 2.895 3.061 3.730 3.381 2.823 2.786 2.942 2.918 3.038 3.315 3.295 3.339 3.412 3.287 2.871 3.092 3.106 3.343 3.551 3.721 3.783 3.824 3.832 4.007 4.286 4.271 4.187 4.219 4.271 4.407 4.135 4.132 4.221 4.217 4.226 4.230 4.285 4.196 4.017 3.963 4.226 4.308 4.391 4.445 4.428 3.990 3.575 4.446 4.713 4.692 4.705 4.687
3.914 3.321 3.256 3.568 3.907 3.797 3.887 3.174 2.209 2.194 2.533 2.530 2.530 2.530 2.535 2.535 2.543 2.552 2.565 2.574 2.579 2.701 2.740 2.752 2.804 2.856 3.055 3.570 3.009 2.815 2.913 3.074 3.502 3.607 3.817 3.830 3.843 3.893 3.781 3.573 3.481 3.537 3.578 3.710 3.948 4.024 4.067 4.146 4.360 4.530 4.479 4.338 4.347 4.393 4.597 4.366 4.264 4.301 4.282 4.177 4.289 4.340 4.388 4.293 4.033 4.084 4.317 4.311 4.253 4.424 4.064 3.734 4.549 4.709 4.685 4.696 4.707
4.425 3.746 3.256 3.383 3.626 3.683 3.831 2.826 1.783 2.394 2.536 2.524 2.529 2.529 2.538 2.542 2.550 2.559 2.568 2.581 2.588 2.596 2.665 2.648 2.689 2.645 2.941 3.509 3.027 2.864 3.505 3.756 3.939 3.818 3.902 4.098 4.297 4.360 4.037 3.763 3.679 3.668 3.977 4.070 4.242 4.278 4.367 4.537 4.593 4.622 4.621 4.445 4.488 4.536 4.624 4.505 4.344 4.327 4.296 4.179 4.325 4.397 4.444 4.501 4.012 3.915 4.216 4.305 4.355 4.333 3.962 3.930 4.648 4.693 4.687 4.690 4.707
4.665 3.688 3.055 2.985 3.316 3.795 3.784 2.921 2.160 2.406 2.534 2.527 2.527 2.527 2.536 2.544 2.554 2.557 2.570 2.579 2.596 2.600 2.603 2.629 2.643 2.691 2.726 3.131 3.096 2.763 3.669 3.852 3.870 3.892 3.970 4.276 4.458 4.453 4.136 3.972 3.886 3.859 4.428 4.469 4.469 4.561 4.711 4.807 4.782 4.723 4.672 4.542 4.572 4.525 4.567 4.640 4.373 4.331 4.398 4.272 4.320 4.409 4.446 4.604 4.101 3.779 4.015 4.313 4.375 4.181 3.811 4.225 4.710 4.704 4.666 4.673 4.710
4.116 3.055 2.915 3.052 3.740 4.169 3.898 2.802 2.250 2.273 2.529 2.521 2.526 2.526 2.530 2.552 2.552 2.560 2.573 2.582 2.595 2.607 2.607 2.628 2.644 2.657 2.700 3.116 2.674 2.901 3.638 3.672 3.824 3.992 4.076 4.348 4.461 4.370 4.282 4.177 3.981 3.891 4.522 4.620 4.675 4.807 4.829 4.846 4.857 4.796 4.620 4.580 4.616 4.587 4.614 4.710 4.405 4.402 4.467 4.408 4.327 4.450 4.560 4.778 4.403 3.940 3.917 4.257 4.336 4.064 3.891 4.398 4.692 4.697 4.623 4.663 4.680
3.689 3.055 3.122 3.566 4.247 4.331 4.229 3.489 2.357 2.293 2.404 2.513 2.524 2.524 2.537 2.541 2.550 2.559 2.572 2.585 2.597 2.606 2.618 2.635 2.652 2.659 2.654 2.872 2.644 2.997 3.481 3.877 3.937 3.958 4.085 4.290 4.402 4.365 4.384 4.281 4.075 4.112 4.427 4.542 4.562 4.758 4.813 4.826 4.840 4.780 4.562 4.639 4.661 4.589 4.674 4.695 4.445 4.469 4.526 4.464 4.321 4.481 4.631 4.701 4.620 4.330 4.045 4.071 4.319 4.023 3.800 4.300 4.681 4.688 4.625 4.636 4.576
3.963 3.383 3.253 4.060 4.525 4.451 4.596 3.986 2.571 2.622 2.485 2.453 2.523 2.523 2.531 2.540 2.549 2.562 2.575 2.583 2.600 2.608 2.621 2.634 2.646 2.659 2.661 2.643 2.807 3.050 3.566 3.780 3.742 3.885 4.056 4.241 4.373 4.436 4.449 4.439 4.393 4.287 4.372 4.488 4.506 4.746 4.791 4.805 4.844 4.746 4.561 4.699 4.629 4.547 4.639 4.686 4.517 4.451 4.583 4.493 4.464 4.605 4.689 4.701 4.679 4.636 4.464 4.208 4.277 4.200 3.783 4.191 4.695 4.710 4.627 4.638 4.579
4.207 3.568 3.381 4.333 4.654 4.579 4.655 4.484 3.428 2.685 2.416 2.320 2.521 2.521 2.534 2.543 2.552 2.560 2.573 2.586 2.599 2.611 2.624 2.637 2.649 2.645 2.647 2.788 2.886 3.093 3.642 3.854 3.768 3.963 4.078 4.169 4.453 4.503 4.489 4.569 4.553 4.338 4.400 4.466 4.468 4.759 4.796 4.761 4.851 4.681 4.626 4.678 4.615 4.621 4.727 4.774 4.591 4.434 4.595 4.535 4.592 4.694 4.735 4.684 4.598 4.551 4.478 4.398 4.369 4.313 3.856 4.152 4.707 4.702 4.645 4.640 4.675
4.013 3.567 3.625 4.414 4.760 4.683 4.669 4.798 4.362 3.264 2.490 2.245 2.495 2.520 2.533 2.542 2.550 2.559 2.572 2.584 2.597 2.614 2.627 2.618 2.639 2.647 2.611 2.851 2.975 3.064 3.721 3.735 3.739 4.016 4.073 4.151 4.431 4.520 4.550 4.549 4.576 4.433 4.476 4.457 4.493 4.734 4.783 4.794 4.841 4.623 4.704 4.643 4.685 4.778 4.818 4.819 4.636 4.511 4.581 4.586 4.690 4.735 4.706 4.592 4.470 4.412 4.432 4.378 4.479 4.325 4.020 4.268 4.708 4.703 4.688 4.703 4.721
