tests/3D/hillslope02_superslab/output_maps-METEOIO_OFF/psiliqL0050N0002.asc
ncols         104
nrows         10
xllcorner     -2.000000
yllcorner     0.000000
cellsize      1.000000
NODATA_value  -9999.0
-9999.000 -9999.000 -9999.000 -9999.000 -9999.000 -9999.000 -9999.000 -9999.000 -9999.000 -9999.000 -9999.000 -9999.000 -9999.000 -9999.000 -9999.000 -9999.000 -9999.000 -9999.000 -9999.000 -9999.000 -9999.000 -9999.000 -9999.000 -9999.000 -9999.000 -9999.000 -9999.000 -9999.000 -9999.000 -9999.000 -9999.000 -9999.000 -9999.000 -9999.000 -9999.000 -9999.000 -9999.000 -9999.000 -9999.000 -9999.000 -9999.000 -9999.000 -9999.000 -9999.000 -9999.000 -9999.000 -9999.000 -9999.000 -9999.000 -9999.000 -9999.000 -9999.000 -9999.000 -9999.000 -9999.000 -9999.000 -9999.000 -9999.000 -9999.000 -9999.000 -9999.000 -9999.000 -9999.000 -9999.000 -9999.000 -9999.000 -9999.000 -9999.000 -9999.000 -9999.000 -9999.000 -9999.000 -9999.000 -9999.000 -9999.000 -9999.000 -9999.000 -9999.000 -9999.000 -9999.000 -9999.000 -9999.000 -9999.000 -9999.000 -9999.000 -9999.000 -9999.000 -9999.000 -9999.000 -9999.000 -9999.000 -9999.000 -9999.000 -9999.000 -9999.000 -9999.000 -9999.000 -9999.000 -9999.000 -9999.000 -9999.000 -9999.000 -9999.000 -9999.000
-9999.000 -9999.000 -9999.000 -9999.000 -9999.000 -9999.000 -9999.000 -9999.000 -9999.000 -9999.000 -9999.000 -9999.000 -9999.000 -9999.000 -9999.000 -9999.000 -9999.000 -9999.000 -9999.000 -9999.000 -9999.000 -9999.000 -9999.000 -9999.000 -9999.000 -9999.000 -9999.000 -9999.000 -9999.000 -9999.000 -9999.000 -9999.000 -9999.000 -9999.000 -9999.000 -9999.000 -9999.000 -9999.000 -9999.000 -9999.000 -9999.000 -9999.000 -9999.000 -9999.000 -9999.000 -9999.000 -9999.000 -9999.000 -9999.000 -9999.000 -9999.000 -9999.000 -9999.000 -9999.000 -9999.000 -9999.000 -9999.000 -9999.000 -9999.000 -9999.000 -9999.000 -9999.000 -9999.000 -9999.000 -9999.000 -9999.000 -9999.000 -9999.000 -9999.000 -9999.000 -9999.000 -9999.000 -9999.000 -9999.000 -9999.000 -9999.000 -9999.000 -9999.000 -9999.000 -9999.000 -9999.000 -9999.000 -9999.000 -9999.000 -9999.000 -9999.000 -9999.000 -9999.000 -9999.000 -9999.000 -9999.000 -9999.000 -9999.000 -9999.000 -9999.000 -9999.000 -9999.000 -9999.000 -9999.000 -9999.000 -9999.000 -9999.000 -9999.000 -9999.000
-9999.000 -9999.000 -2493.951 -2499.567 -2499.898 -2499.966 -2499.989 -2499.996 -2499.999 -2500.000 -2500.000 -2500.000 -2500.000 -2500.000 -2500.000 -2500.000 -2500.000 -2500.000 -2500.000 -2500.000 -2500.000 -2500.000 -2500.000 -2500.000 -2500.000 -2500.000 -2500.001 -2500.003 -2500.008 -2500.018 -2500.038 -2500.069 -2500.108 -2500.148 -2500.137 -2500.031 -2499.982 -2499.929 -2499.896 -2499.956 -2499.990 -2500.006 -2500.013 -2500.014 -2500.012 -2500.009 -2500.007 -2500.005 -2500.004 -2500.003 -2500.002 -2500.003 -2500.000 -2500.000 -2500.000 -2500.000 -2500.000 -2500.000 -2500.000 -2500.000 -2500.000 -2500.000 -2500.000 -2500.000 -2500.000 -2500.000 -2500.000 -2500.000 -2500.000 -2500.000 -2500.000 -2500.000 -2500.000 -2500.000 -2500.000 -2500.000 -2500.000 -2500.000 -2500.000 -2500.000 -2500.000 -2500.000 -2500.000 -2500.000 -2500.000 -2500.000 -2500.000 -2500.001 -2500.001 -2500.001 -2500.001 -2500.002 -2500.002 -2500.003 -2500.004 -2500.005 -2500.007 -2500.009 -2500.012 -2500.020 -2500.187 -2505.266 -9999.000 -9999.000
-9999.000 -9999.000 -2493.951 -2499.567 -2499.898 -2499.966 -2499.989 -2499.996 -2499.999 -2500.000 -2500.000 -2500.000 -2500.000 -2500.000 -2500.000 -2500.000 -2500.000 -2500.000 -2500.000 -2500.000 -2500.000 -2500.000 -2500.000 -2500.000 -2500.000 -2500.000 -2500.001 -2500.003 -2500.008 -2500.018 -2500.038 -2500.069 -2500.108 -2500.148 -2500.137 -2500.031 -2499.982 -2499.929 -2499.896 -2499.956 -2499.990 -2500.006 -2500.013 -2500.014 -2500.012 -2500.009 -2500.007 -2500.005 -2500.004 -2500.003 -2500.002 -2500.003 -2500.000 -2500.000 -2500.000 -2500.000 -2500.000 -2500.000 -2500.000 -2500.000 -2500.000 -2500.000 -2500.000 -2500.000 -2500.000 -2500.000 -2500.000 -2500.000 -2500.000 -2500.000 -2500.000 -2500.000 -2500.000 -2500.000 -2500.000 -2500.000 -2500.000 -2500.000 -2500.000 -2500.000 -2500.000 -2500.000 -2500.000 -2500.000 -2500.000 -2500.000 -2500.000 -2500.001 -2500.001 -2500.001 -2500.001 -2500.002 -2500.002 -2500.003 -2500.004 -2500.005 -2500.007 -2500.009 -2500.012 -2500.020 -2500.187 -2505.266 -9999.000 -9999.000
-9999.000 -9999.000 -2493.951 -2499.567 -2499.898 -2499.966 -2499.989 -2499.996 -2499.999 -2500.000 -2500.000 -2500.000 -2500.000 -2500.000 -2500.000 -2500.000 -2500.000 -2500.000 -2500.000 -2500.000 -2500.000 -2500.000 -2500.000 -2500.000 -2500.000 -2500.000 -2500.001 -2500.003 -2500.008 -2500.018 -2500.038 -2500.069 -2500.108 -2500.148 -2500.137 -2500.031 -2499.982 -2499.929 -2499.896 -2499.956 -2499.990 -2500.006 -2500.013 -2500.014 -2500.012 -2500.009 -2500.007 -2500.005 -2500.004 -2500.003 -2500.002 -2500.003 -2500.000 -2500.000 -2500.000 -2500.000 -2500.000 -2500.000 -2500.000 -2500.000 -2500.000 -2500.000 -2500.000 -2500.000 -2500.000 -2500.000 -2500.000 -2500.000 -2500.000 -2500.000 -2500.000 -2500.000 -2500.000 -2500.000 -2500.000 -2500.000 -2500.000 -2500.000 -2500.000 -2500.000 -2500.000 -2500.000 -2500.000 -2500.000 -2500.000 -2500.000 -2500.000 -2500.001 -2500.001 -2500.001 -2500.001 -2500.002 -2500.002 -2500.003 -2500.004 -2500.005 -2500.007 -2500.009 -2500.012 -2500.020 -2500.187 -2505.266 -9999.000 -9999.000
-9999.000 -9999.000 -2493.951 -2499.567 -2499.898 -2499.966 -2499.989 -2499.996 -2499.999 -2500.000 -2500.000 -2500.000 -2500.000 -2500.000 -2500.000 -2500.000 -2500.000 -2500.000 -2500.000 -2500.000 -2500.000 -2500.000 -2500.000 -2500.000 -2500.000 -2500.000 -2500.001 -2500.003 -2500.008 -2500.018 -2500.038 -2500.069 -2500.108 -2500.148 -2500.137 -2500.031 -2499.982 -2499.929 -2499.896 -2499.956 -2499.990 -2500.006 -2500.013 -2500.014 -2500.012 -2500.009 -2500.007 -2500.005 -2500.004 -2500.003 -2500.002 -2500.003 -2500.000 -2500.000 -2500.000 -2500.000 -2500.000 -2500.000 -2500.000 -2500.000 -2500.000 -2500.000 -2500.000 -2500.000 -2500.000 -2500.000 -2500.000 -2500.000 -2500.000 -2500.000 -2500.000 -2500.000 -2500.000 -2500.000 -2500.000 -2500.000 -2500.000 -2500.000 -2500.000 -2500.000 -2500.000 -2500.000 -2500.000 -2500.000 -2500.000 -2500.000 -2500.000 -2500.001 -2500.001 -2500.001 -2500.001 -2500.002 -2500.002 -2500.003 -2500.004 -2500.005 -2500.007 -2500.009 -2500.012 -2500.020 -2500.187 -2505.266 -9999.000 -9999.000
-9999.000 -9999.000 -2493.951 -2499.567 -2499.898 -2499.966 -2499.989 -2499.996 -2499.999 -2500.000 -2500.000 -2500.000 -2500.000 -2500.000 -2500.000 -2500.000 -2500.000 -2500.000 -2500.000 -2500.000 -2500.000 -2500.000 -2500.000 -2500.000 -2500.000 -2500.000 -2500.001 -2500.003 -2500.008 -2500.018 -2500.038 -2500.069 -2500.108 -2500.148 -2500.137 -2500.031 -2499.982 -2499.929 -2499.896 -2499.956 -2499.990 -2500.006 -2500.013 -2500.014 -2500.012 -2500.009 -2500.007 -2500.005 -2500.004 -2500.003 -2500.002 -2500.003 -2500.000 -2500.000 -2500.000 -2500.000 -2500.000 -2500.000 -2500.000 -2500.000 -2500.000 -2500.000 -2500.000 -2500.000 -2500.000 -2500.000 -2500.000 -2500.000 -2500.000 -2500.000 -2500.000 -2500.000 -2500.000 -2500.000 -2500.000 -2500.000 -2500.000 -2500.000 -2500.000 -2500.000 -2500.000 -2500.000 -2500.000 -2500.000 -2500.000 -2500.000 -2500.000 -2500.001 -2500.001 -2500.001 -2500.001 -2500.002 -2500.002 -2500.003 -2500.004 -2500.005 -2500.007 -2500.009 -2500.012 -2500.020 -2500.187 -2505.266 -9999.000 -9999.000
-9999.000 -9999.000 -2493.951 -2499.567 -2499.898 -2499.966 -2499.989 -2499.996 -2499.999 -2500.000 -2500.000 -2500.000 -2500.000 -2500.000 -2500.000 -2500.000 -2500.000 -2500.000 -2500.000 -2500.000 -2500.000 -2500.000 -2500.000 -2500.000 -2500.000 -2500.000 -2500.001 -2500.003 -2500.008 -2500.018 -2500.038 -2500.069 -2500.108 -2500.148 -2500.137 -2500.031 -2499.982 -2499.929 -2499.896 -2499.956 -2499.990 -2500.006 -2500.013 -2500.014 -2500.012 -2500.009 -2500.007 -2500.005 -2500.004 -2500.003 -2500.002 -2500.003 -2500.000 -2500.000 -2500.000 -2500.000 -2500.000 -2500.000 -2500.000 -2500.000 -2500.000 -2500.000 -2500.000 -2500.000 -2500.000 -2500.000 -2500.000 -2500.000 -2500.000 -2500.000 -2500.000 -2500.000 -2500.000 -2500.000 -2500.000 -2500.000 -2500.000 -2500.000 -2500.000 -2500.000 -2500.000 -2500.000 -2500.000 -2500.000 -2500.000 -2500.000 -2500.000 -2500.001 -2500.001 -2500.001 -2500.001 -2500.002 -2500.002 -2500.003 -2500.004 -2500.005 -2500.007 -2500.009 -2500.012 -2500.020 -2500.187 -2505.266 -9999.000 -9999.000
-9999.000 -9999.000 -9999.000 -9999.000 -9999.000 -9999.000 -9999.000 -9999.000 -9999.000 -9999.000 -9999.000 -9999.000 -9999.000 -9999.000 -9999.000 -9999.000 -9999.000 -9999.000 -9999.000 -9999.000 -9999.000 -9999.000 -9999.000 -9999.000 -9999.000 -9999.000 -9999.000 -9999.000 -9999.000 -9999.000 -9999.000 -9999.000 -9999.000 -9999.000 -9999.000 -9999.000 -9999.000 -9999.000 -9999.000 -9999.000 -9999.000 -9999.000 -9999.000 -9999.000 -9999.000 -9999.000 -9999.000 -9999.000 -9999.000 -9999.000 -9999.000 -9999.000 -9999.000 -9999.000 -9999.000 -9999.000 -9999.000 -9999.000 -9999.000 -9999.000 -9999.000 -9999.000 -9999.000 -9999.000 -9999.000 -9999.000 -9999.000 -9999.000 -9999.000 -9999.000 -9999.000 -9999.000 -9999.000 -9999.000 -9999.000 -9999.000 -9999.000 -9999.000 -9999.000 -9999.000 -9999.000 -9999.000 -9999.000 -9999.000 -9999.000 -9999.000 -9999.000 -9999.000 -9999.000 -9999.000 -9999.000 -9999.000 -9999.000 -9999.000 -9999.000 -9999.000 -9999.000 -9999.000 -9999.000 -9999.000 -9999.000 -9999.000 -9999.000 -9999.000
-9999.000 -9999.000 -9999.000 -9999.000 -9999.000 -9999.000 -9999.000 -9999.000 -9999.000 -9999.000 -9999.000 -9999.000 -9999.000 -9999.000 -9999.000 -9999.000 -9999.000 -9999.000 -9999.000 -9999.000 -9999.000 -9999.000 -9999.000 -9999.000 -9999.000 -9999.000 -9999.000 -9999.000 -9999.000 -9999.000 -9999.000 -9999.000 -9999.000 -9999.000 -9999.000 -9999.000 -9999.000 -9999.000 -9999.000 -9999.000 -9999.000 -9999.000 -9999.000 -9999.000 -9999.000 -9999.000 -9999.000 -9999.000 -9999.000 -9999.000 -9999.000 -9999.000 -9999.000 -9999.000 -9999.000 -9999.000 -9999.000 -9999.000 -9999.000 -9999.000 -9999.000 -9999.000 -9999.000 -9999.000 -9999.000 -9999.000 -9999.000 -9999.000 -9999.000 -9999.000 -9999.000 -9999.000 -9999.000 -9999.000 -9999.000 -9999.000 -9999.000 -9999.000 -9999.000 -9999.000 -9999.000 -9999.000 -9999.000 -9999.000 -9999.000 -9999.000 -9999.000 -9999.000 -9999.000 -9999.000 -9999.000 -9999.000 -9999.000 -9999.000 -9999.000 -9999.000 -9999.000 -9999.000 -9999.000 -9999.000 -9999.000 -9999.000 -9999.000 -9999.000