tests/3D/hillslope02_superslab/output_maps-METEOIO_OFF/psiliqL0068N0002.asc
ncols         104
nrows         10
xllcorner     -2.000000
yllcorner     0.000000
cellsize      1.000000
NODATA_value  -9999.0
-9999.000 -9999.000 -9999.000 -9999.000 -9999.000 -9999.000 -9999.000 -9999.000 -9999.000 -9999.000 -9999.000 -9999.000 -9999.000 -9999.000 -9999.000 -9999.000 -9999.000 -9999.000 -9999.000 -9999.000 -9999.000 -9999.000 -9999.000 -9999.000 -9999.000 -9999.000 -9999.000 -9999.000 -9999.000 -9999.000 -9999.000 -9999.000 -9999.000 -9999.000 -9999.000 -9999.000 -9999.000 -9999.000 -9999.000 -9999.000 -9999.000 -9999.000 -9999.000 -9999.000 -9999.000 -9999.000 -9999.000 -9999.000 -9999.000 -9999.000 -9999.000 -9999.000 -9999.000 -9999.000 -9999.000 -9999.000 -9999.000 -9999.000 -9999.000 -9999.000 -9999.000 -9999.000 -9999.000 -9999.000 -9999.000 -9999.000 -9999.000 -9999.000 -9999.000 -9999.000 -9999.000 -9999.000 -9999.000 -9999.000 -9999.000 -9999.000 -9999.000 -9999.000 -9999.000 -9999.000 -9999.000 -9999.000 -9999.000 -9999.000 -9999.000 -9999.000 -9999.000 -9999.000 -9999.000 -9999.000 -9999.000 -9999.000 -9999.000 -9999.000 -9999.000 -9999.000 -9999.000 -9999.000 -9999.000 -9999.000 -9999.000 -9999.000 -9999.000 -9999.000
-9999.000 -9999.000 -9999.000 -9999.000 -9999.000 -9999.000 -9999.000 -9999.000 -9999.000 -9999.000 -9999.000 -9999.000 -9999.000 -9999.000 -9999.000 -9999.000 -9999.000 -9999.000 -9999.000 -9999.000 -9999.000 -9999.000 -9999.000 -9999.000 -9999.000 -9999.000 -9999.000 -9999.000 -9999.000 -9999.000 -9999.000 -9999.000 -9999.000 -9999.000 -9999.000 -9999.000 -9999.000 -9999.000 -9999.000 -9999.000 -9999.000 -9999.000 -9999.000 -9999.000 -9999.000 -9999.000 -9999.000 -9999.000 -9999.000 -9999.000 -9999.000 -9999.000 -9999.000 -9999.000 -9999.000 -9999.000 -9999.000 -9999.000 -9999.000 -9999.000 -9999.000 -9999.000 -9999.000 -9999.000 -9999.000 -9999.000 -9999.000 -9999.000 -9999.000 -9999.000 -9999.000 -9999.000 -9999.000 -9999.000 -9999.000 -9999.000 -9999.000 -9999.000 -9999.000 -9999.000 -9999.000 -9999.000 -9999.000 -9999.000 -9999.000 -9999.000 -9999.000 -9999.000 -9999.000 -9999.000 -9999.000 -9999.000 -9999.000 -9999.000 -9999.000 -9999.000 -9999.000 -9999.000 -9999.000 -9999.000 -9999.000 -9999.000 -9999.000 -9999.000
-9999.000 -9999.000 -1223.251 -1358.289 -1466.941 -1538.071 -1577.224 -1596.002 -1604.033 -1607.137 -1608.271 -1608.680 -1608.828 -1608.881 -1608.900 -1608.907 -1608.910 -1608.910 -1608.911 -1608.911 -1608.911 -1608.911 -1608.911 -1608.911 -1608.911 -1608.911 -1608.911 -1608.911 -1608.911 -1608.911 -1608.911 -1608.911 -1608.911 -1608.911 -1608.911 -1608.912 -1608.911 -1608.906 -1608.892 -1608.858 -1608.789 -1608.659 -1608.434 -1608.231 -1608.405 -1608.562 -1608.787 -1609.019 -1609.024 -1609.053 -1609.201 -1610.119 -1609.030 -1608.924 -1608.919 -1608.921 -1608.923 -1608.927 -1608.932 -1608.938 -1608.945 -1608.955 -1608.966 -1608.980 -1608.998 -1609.019 -1609.044 -1609.075 -1609.111 -1609.155 -1609.206 -1609.267 -1609.338 -1609.421 -1609.518 -1609.630 -1609.759 -1609.908 -1610.079 -1610.274 -1610.497 -1610.750 -1611.037 -1611.362 -1611.729 -1612.144 -1612.612 -1613.141 -1613.737 -1614.409 -1615.170 -1616.031 -1617.010 -1618.127 -1619.411 -1620.897 -1622.637 -1624.709 -1627.237 -1630.490 -1635.625 -1651.740 -9999.000 -9999.000
-9999.000 -9999.000 -1223.251 -1358.289 -1466.941 -1538.071 -1577.224 -1596.002 -1604.033 -1607.137 -1608.271 -1608.680 -1608.828 -1608.881 -1608.900 -1608.907 -1608.910 -1608.910 -1608.911 -1608.911 -1608.911 -1608.911 -1608.911 -1608.911 -1608.911 -1608.911 -1608.911 -1608.911 -1608.911 -1608.911 -1608.911 -1608.911 -1608.911 -1608.911 -1608.911 -1608.912 -1608.911 -1608.906 -1608.892 -1608.858 -1608.789 -1608.659 -1608.434 -1608.231 -1608.405 -1608.562 -1608.787 -1609.019 -1609.024 -1609.053 -1609.201 -1610.119 -1609.030 -1608.924 -1608.919 -1608.921 -1608.923 -1608.927 -1608.932 -1608.938 -1608.945 -1608.955 -1608.966 -1608.980 -1608.998 -1609.019 -1609.044 -1609.075 -1609.111 -1609.155 -1609.206 -1609.267 -1609.338 -1609.421 -1609.518 -1609.630 -1609.759 -1609.908 -1610.079 -1610.274 -1610.497 -1610.750 -1611.037 -1611.362 -1611.729 -1612.144 -1612.612 -1613.141 -1613.737 -1614.409 -1615.170 -1616.031 -1617.010 -1618.127 -1619.411 -1620.897 -1622.637 -1624.709 -1627.237 -1630.490 -1635.625 -1651.740 -9999.000 -9999.000
-9999.000 -9999.000 -1223.251 -1358.289 -1466.941 -1538.071 -1577.224 -1596.002 -1604.033 -1607.137 -1608.271 -1608.680 -1608.828 -1608.881 -1608.900 -1608.907 -1608.910 -1608.910 -1608.911 -1608.911 -1608.911 -1608.911 -1608.911 -1608.911 -1608.911 -1608.911 -1608.911 -1608.911 -1608.911 -1608.911 -1608.911 -1608.911 -1608.911 -1608.911 -1608.911 -1608.912 -1608.911 -1608.906 -1608.892 -1608.858 -1608.789 -1608.659 -1608.434 -1608.231 -1608.405 -1608.562 -1608.787 -1609.019 -1609.024 -1609.053 -1609.201 -1610.119 -1609.030 -1608.924 -1608.919 -1608.921 -1608.923 -1608.927 -1608.932 -1608.938 -1608.945 -1608.955 -1608.966 -1608.980 -1608.998 -1609.019 -1609.044 -1609.075 -1609.111 -1609.155 -1609.206 -1609.267 -1609.338 -1609.421 -1609.518 -1609.630 -1609.759 -1609.908 -1610.079 -1610.274 -1610.497 -1610.750 -1611.037 -1611.362 -1611.729 -1612.144 -1612.612 -1613.141 -1613.737 -1614.409 -1615.170 -1616.031 -1617.010 -1618.127 -1619.411 -1620.897 -1622.637 -1624.709 -1627.237 -1630.490 -1635.625 -1651.740 -9999.000 -9999.000
-9999.000 -9999.000 -1223.251 -1358.289 -1466.941 -1538.071 -1577.224 -1596.002 -1604.033 -1607.137 -1608.271 -1608.680 -1608.828 -1608.881 -1608.900 -1608.907 -1608.910 -1608.910 -1608.911 -1608.911 -1608.911 -1608.911 -1608.911 -1608.911 -1608.911 -1608.911 -1608.911 -1608.911 -1608.911 -1608.911 -1608.911 -1608.911 -1608.911 -1608.911 -1608.911 -1608.912 -1608.911 -1608.906 -1608.892 -1608.858 -1608.789 -1608.659 -1608.434 -1608.231 -1608.405 -1608.562 -1608.787 -1609.019 -1609.024 -1609.053 -1609.201 -1610.119 -1609.030 -1608.924 -1608.919 -1608.921 -1608.923 -1608.927 -1608.932 -1608.938 -1608.945 -1608.955 -1608.966 -1608.980 -1608.998 -1609.019 -1609.044 -1609.075 -1609.111 -1609.155 -1609.206 -1609.267 -1609.338 -1609.421 -1609.518 -1609.630 -1609.759 -1609.908 -1610.079 -1610.274 -1610.497 -1610.750 -1611.037 -1611.362 -1611.729 -1612.144 -1612.612 -1613.141 -1613.737 -1614.409 -1615.170 -1616.031 -1617.010 -1618.127 -1619.411 -1620.897 -1622.637 -1624.709 -1627.237 -1630.490 -1635.625 -1651.740 -9999.000 -9999.000
-9999.000 -9999.000 -1223.251 -1358.289 -1466.941 -1538.071 -1577.224 -1596.002 -1604.033 -1607.137 -1608.271 -1608.680 -1608.828 -1608.881 -1608.900 -1608.907 -1608.910 -1608.910 -1608.911 -1608.911 -1608.911 -1608.911 -1608.911 -1608.911 -1608.911 -1608.911 -1608.911 -1608.911 -1608.911 -1608.911 -1608.911 -1608.911 -1608.911 -1608.911 -1608.911 -1608.912 -1608.911 -1608.906 -1608.892 -1608.858 -1608.789 -1608.659 -1608.434 -1608.231 -1608.405 -1608.562 -1608.787 -1609.019 -1609.024 -1609.053 -1609.201 -1610.119 -1609.030 -1608.924 -1608.919 -1608.921 -1608.923 -1608.927 -1608.932 -1608.938 -1608.945 -1608.955 -1608.966 -1608.980 -1608.998 -1609.019 -1609.044 -1609.075 -1609.111 -1609.155 -1609.206 -1609.267 -1609.338 -1609.421 -1609.518 -1609.630 -1609.759 -1609.908 -1610.079 -1610.274 -1610.497 -1610.750 -1611.037 -1611.362 -1611.729 -1612.144 -1612.612 -1613.141 -1613.737 -1614.409 -1615.170 -1616.031 -1617.010 -1618.127 -1619.411 -1620.897 -1622.637 -1624.709 -1627.237 -1630.490 -1635.625 -1651.740 -9999.000 -9999.000
-9999.000 -9999.000 -1223.251 -1358.289 -1466.941 -1538.071 -1577.224 -1596.002 -1604.033 -1607.137 -1608.271 -1608.680 -1608.828 -1608.881 -1608.900 -1608.907 -1608.910 -1608.910 -1608.911 -1608.911 -1608.911 -1608.911 -1608.911 -1608.911 -1608.911 -1608.911 -1608.911 -1608.911 -1608.911 -1608.911 -1608.911 -1608.911 -1608.911 -1608.911 -1608.911 -1608.912 -1608.911 -1608.906 -1608.892 -1608.858 -1608.789 -1608.659 -1608.434 -1608.231 -1608.405 -1608.562 -1608.787 -1609.019 -1609.024 -1609.053 -1609.201 -1610.119 -1609.030 -1608.924 -1608.919 -1608.921 -1608.923 -1608.927 -1608.932 -1608.938 -1608.945 -1608.955 -1608.966 -1608.980 -1608.998 -1609.019 -1609.044 -1609.075 -1609.111 -1609.155 -1609.206 -1609.267 -1609.338 -1609.421 -1609.518 -1609.630 -1609.759 -1609.908 -1610.079 -1610.274 -1610.497 -1610.750 -1611.037 -1611.362 -1611.729 -1612.144 -1612.612 -1613.141 -1613.737 -1614.409 -1615.170 -1616.031 -1617.010 -1618.127 -1619.411 -1620.897 -1622.637 -1624.709 -1627.237 -1630.490 -1635.625 -1651.740 -9999.000 -9999.000
-9999.000 -9999.000 -9999.000 -9999.000 -9999.000 -9999.000 -9999.000 -9999.000 -9999.000 -9999.000 -9999.000 -9999.000 -9999.000 -9999.000 -9999.000 -9999.000 -9999.000 -9999.000 -9999.000 -9999.000 -9999.000 -9999.000 -9999.000 -9999.000 -9999.000 -9999.000 -9999.000 -9999.000 -9999.000 -9999.000 -9999.000 -9999.000 -9999.000 -9999.000 -9999.000 -9999.000 -9999.000 -9999.000 -9999.000 -9999.000 -9999.000 -9999.000 -9999.000 -9999.000 -9999.000 -9999.000 -9999.000 -9999.000 -9999.000 -9999.000 -9999.000 -9999.000 -9999.000 -9999.000 -9999.000 -9999.000 -9999.000 -9999.000 -9999.000 -9999.000 -9999.000 -9999.000 -9999.000 -9999.000 -9999.000 -9999.000 -9999.000 -9999.000 -9999.000 -9999.000 -9999.000 -9999.000 -9999.000 -9999.000 -9999.000 -9999.000 -9999.000 -9999.000 -9999.000 -9999.000 -9999.000 -9999.000 -9999.000 -9999.000 -9999.000 -9999.000 -9999.000 -9999.000 -9999.000 -9999.000 -9999.000 -9999.000 -9999.000 -9999.000 -9999.000 -9999.000 -9999.000 -9999.000 -9999.000 -9999.000 -9999.000 -9999.000 -9999.000 -9999.000
-9999.000 -9999.000 -9999.000 -9999.000 -9999.000 -9999.000 -9999.000 -9999.000 -9999.000 -9999.000 -9999.000 -9999.000 -9999.000 -9999.000 -9999.000 -9999.000 -9999.000 -9999.000 -9999.000 -9999.000 -9999.000 -9999.000 -9999.000 -9999.000 -9999.000 -9999.000 -9999.000 -9999.000 -9999.000 -9999.000 -9999.000 -9999.000 -9999.000 -9999.000 -9999.000 -9999.000 -9999.000 -9999.000 -9999.000 -9999.000 -9999.000 -9999.000 -9999.000 -9999.000 -9999.000 -9999.000 -9999.000 -9999.000 -9999.000 -9999.000 -9999.000 -9999.000 -9999.000 -9999.000 -9999.000 -9999.000 -9999.000 -9999.000 -9999.000 -9999.000 -9999.000 -9999.000 -9999.000 -9999.000 -9999.000 -9999.000 -9999.000 -9999.000 -9999.000 -9999.000 -9999.000 -9999.000 -9999.000 -9999.000 -9999.000 -9999.000 -9999.000 -9999.000 -9999.000 -9999.000 -9999.000 -9999.000 -9999.000 -9999.000 -9999.000 -9999.000 -9999.000 -9999.000 -9999.000 -9999.000 -9999.000 -9999.000 -9999.000 -9999.000 -9999.000 -9999.000 -9999.000 -9999.000 -9999.000 -9999.000 -9999.000 -9999.000 -9999.000 -9999.000