tests/3D/hillslope01/output-maps-METEOIO-OFF/psiliqL0068N0001.asc
ncols         104
nrows         10
xllcorner     -2.000000
yllcorner     0.000000
cellsize      1.000000
NODATA_value  -9999.0
-9999.000 -9999.000 -9999.000 -9999.000 -9999.000 -9999.000 -9999.000 -9999.000 -9999.000 -9999.000 -9999.000 -9999.000 -9999.000 -9999.000 -9999.000 -9999.000 -9999.000 -9999.000 -9999.000 -9999.000 -9999.000 -9999.000 -9999.000 -9999.000 -9999.000 -9999.000 -9999.000 -9999.000 -9999.000 -9999.000 -9999.000 -9999.000 -9999.000 -9999.000 -9999.000 -9999.000 -9999.000 -9999.000 -9999.000 -9999.000 -9999.000 -9999.000 -9999.000 -9999.000 -9999.000 -9999.000 -9999.000 -9999.000 -9999.000 -9999.000 -9999.000 -9999.000 -9999.000 -9999.000 -9999.000 -9999.000 -9999.000 -9999.000 -9999.000 -9999.000 -9999.000 -9999.000 -9999.000 -9999.000 -9999.000 -9999.000 -9999.000 -9999.000 -9999.000 -9999.000 -9999.000 -9999.000 -9999.000 -9999.000 -9999.000 -9999.000 -9999.000 -9999.000 -9999.000 -9999.000 -9999.000 -9999.000 -9999.000 -9999.000 -9999.000 -9999.000 -9999.000 -9999.000 -9999.000 -9999.000 -9999.000 -9999.000 -9999.000 -9999.000 -9999.000 -9999.000 -9999.000 -9999.000 -9999.000 -9999.000 -9999.000 -9999.000 -9999.000 -9999.000
-9999.000 -9999.000 -9999.000 -9999.000 -9999.000 -9999.000 -9999.000 -9999.000 -9999.000 -9999.000 -9999.000 -9999.000 -9999.000 -9999.000 -9999.000 -9999.000 -9999.000 -9999.000 -9999.000 -9999.000 -9999.000 -9999.000 -9999.000 -9999.000 -9999.000 -9999.000 -9999.000 -9999.000 -9999.000 -9999.000 -9999.000 -9999.000 -9999.000 -9999.000 -9999.000 -9999.000 -9999.000 -9999.000 -9999.000 -9999.000 -9999.000 -9999.000 -9999.000 -9999.000 -9999.000 -9999.000 -9999.000 -9999.000 -9999.000 -9999.000 -9999.000 -9999.000 -9999.000 -9999.000 -9999.000 -9999.000 -9999.000 -9999.000 -9999.000 -9999.000 -9999.000 -9999.000 -9999.000 -9999.000 -9999.000 -9999.000 -9999.000 -9999.000 -9999.000 -9999.000 -9999.000 -9999.000 -9999.000 -9999.000 -9999.000 -9999.000 -9999.000 -9999.000 -9999.000 -9999.000 -9999.000 -9999.000 -9999.000 -9999.000 -9999.000 -9999.000 -9999.000 -9999.000 -9999.000 -9999.000 -9999.000 -9999.000 -9999.000 -9999.000 -9999.000 -9999.000 -9999.000 -9999.000 -9999.000 -9999.000 -9999.000 -9999.000 -9999.000 -9999.000
-9999.000 -9999.000 2379.414 2290.444 2211.981 2143.286 2083.451 2031.570 1986.741 1948.130 1914.998 1886.661 1862.497 1841.924 1824.416 1809.530 1796.927 1786.297 1777.357 1769.857 1763.579 1758.332 1753.952 1750.302 1747.264 1744.737 1742.639 1740.898 1739.455 1738.261 1737.273 1736.456 1735.782 1735.225 1734.767 1734.389 1734.077 1733.821 1733.610 1733.435 1733.292 1733.173 1733.075 1732.992 1732.923 1732.864 1732.813 1732.767 1732.725 1732.685 1732.646 1732.606 1732.563 1732.516 1732.464 1732.405 1732.337 1732.257 1732.162 1732.051 1731.918 1731.760 1731.572 1731.347 1731.079 1730.759 1730.377 1729.921 1729.377 1728.730 1727.960 1727.043 1725.954 1724.661 1723.126 1721.307 1719.153 1716.605 1713.593 1710.037 1705.842 1700.900 1695.084 1688.250 1680.236 1670.872 1660.000 1647.446 1632.931 1616.099 1596.536 1573.794 1547.450 1517.163 1482.308 1442.160 1396.183 1343.516 1283.397 1214.743 1136.668 1048.109 -9999.000 -9999.000
-9999.000 -9999.000 2379.414 2290.444 2211.981 2143.286 2083.451 2031.570 1986.741 1948.130 1914.998 1886.661 1862.497 1841.924 1824.416 1809.530 1796.927 1786.297 1777.357 1769.857 1763.579 1758.332 1753.952 1750.302 1747.264 1744.737 1742.639 1740.898 1739.455 1738.261 1737.273 1736.456 1735.782 1735.225 1734.767 1734.389 1734.077 1733.821 1733.610 1733.435 1733.292 1733.173 1733.075 1732.992 1732.923 1732.864 1732.813 1732.767 1732.725 1732.685 1732.646 1732.606 1732.563 1732.516 1732.464 1732.405 1732.337 1732.257 1732.162 1732.051 1731.918 1731.760 1731.572 1731.347 1731.079 1730.759 1730.377 1729.921 1729.377 1728.730 1727.960 1727.043 1725.954 1724.661 1723.126 1721.307 1719.153 1716.605 1713.593 1710.037 1705.842 1700.900 1695.084 1688.250 1680.236 1670.872 1660.000 1647.446 1632.931 1616.099 1596.536 1573.794 1547.450 1517.163 1482.308 1442.160 1396.183 1343.516 1283.397 1214.743 1136.668 1048.109 -9999.000 -9999.000
-9999.000 -9999.000 2379.414 2290.444 2211.981 2143.286 2083.451 2031.570 1986.741 1948.130 1914.998 1886.661 1862.497 1841.924 1824.416 1809.530 1796.927 1786.297 1777.357 1769.857 1763.579 1758.332 1753.952 1750.302 1747.264 1744.737 1742.639 1740.898 1739.455 1738.261 1737.273 1736.456 1735.782 1735.225 1734.767 1734.389 1734.077 1733.821 1733.610 1733.435 1733.292 1733.173 1733.075 1732.992 1732.923 1732.864 1732.813 1732.767 1732.725 1732.685 1732.646 1732.606 1732.563 1732.516 1732.464 1732.405 1732.337 1732.257 1732.162 1732.051 1731.918 1731.760 1731.572 1731.347 1731.079 1730.759 1730.377 1729.921 1729.377 1728.730 1727.960 1727.043 1725.954 1724.661 1723.126 1721.307 1719.153 1716.605 1713.593 1710.037 1705.842 1700.900 1695.084 1688.250 1680.236 1670.872 1660.000 1647.446 1632.931 1616.099 1596.536 1573.794 1547.450 1517.163 1482.308 1442.160 1396.183 1343.516 1283.397 1214.743 1136.668 1048.109 -9999.000 -9999.000
-9999.000 -9999.000 2379.414 2290.444 2211.981 2143.286 2083.451 2031.570 1986.741 1948.130 1914.998 1886.661 1862.497 1841.924 1824.416 1809.530 1796.927 1786.297 1777.357 1769.857 1763.579 1758.332 1753.952 1750.302 1747.264 1744.737 1742.639 1740.898 1739.455 1738.261 1737.273 1736.456 1735.782 1735.225 1734.767 1734.389 1734.077 1733.821 1733.610 1733.435 1733.292 1733.173 1733.075 1732.992 1732.923 1732.864 1732.813 1732.767 1732.725 1732.685 1732.646 1732.606 1732.563 1732.516 1732.464 1732.405 1732.337 1732.257 1732.162 1732.051 1731.918 1731.760 1731.572 1731.347 1731.079 1730.759 1730.377 1729.921 1729.377 1728.730 1727.960 1727.043 1725.954 1724.661 1723.126 1721.307 1719.153 1716.605 1713.593 1710.037 1705.842 1700.900 1695.084 1688.250 1680.236 1670.872 1660.000 1647.446 1632.931 1616.099 1596.536 1573.794 1547.450 1517.163 1482.308 1442.160 1396.183 1343.516 1283.397 1214.743 1136.668 1048.109 -9999.000 -9999.000
-9999.000 -9999.000 2379.414 2290.444 2211.981 2143.286 2083.451 2031.570 1986.741 1948.130 1914.998 1886.661 1862.497 1841.924 1824.416 1809.530 1796.927 1786.297 1777.357 1769.857 1763.579 1758.332 1753.952 1750.302 1747.264 1744.737 1742.639 1740.898 1739.455 1738.261 1737.273 1736.456 1735.782 1735.225 1734.767 1734.389 1734.077 1733.821 1733.610 1733.435 1733.292 1733.173 1733.075 1732.992 1732.923 1732.864 1732.813 1732.767 1732.725 1732.685 1732.646 1732.606 1732.563 1732.516 1732.464 1732.405 1732.337 1732.257 1732.162 1732.051 1731.918 1731.760 1731.572 1731.347 1731.079 1730.759 1730.377 1729.921 1729.377 1728.730 1727.960 1727.043 1725.954 1724.661 1723.126 1721.307 1719.153 1716.605 1713.593 1710.037 1705.842 1700.900 1695.084 1688.250 1680.236 1670.872 1660.000 1647.446 1632.931 1616.099 1596.536 1573.794 1547.450 1517.163 1482.308 1442.160 1396.183 1343.516 1283.397 1214.743 1136.668 1048.109 -9999.000 -9999.000
-9999.000 -9999.000 2379.414 2290.444 2211.981 2143.286 2083.451 2031.570 1986.741 1948.130 1914.998 1886.661 1862.497 1841.924 1824.416 1809.530 1796.927 1786.297 1777.357 1769.857 1763.579 1758.332 1753.952 1750.302 1747.264 1744.737 1742.639 1740.898 1739.455 1738.261 1737.273 1736.456 1735.782 1735.225 1734.767 1734.389 1734.077 1733.821 1733.610 1733.435 1733.292 1733.173 1733.075 1732.992 1732.923 1732.864 1732.813 1732.767 1732.725 1732.685 1732.646 1732.606 1732.563 1732.516 1732.464 1732.405 1732.337 1732.257 1732.162 1732.051 1731.918 1731.760 1731.572 1731.347 1731.079 1730.759 1730.377 1729.921 1729.377 1728.730 1727.960 1727.043 1725.954 1724.661 1723.126 1721.307 1719.153 1716.605 1713.593 1710.037 1705.842 1700.900 1695.084 1688.250 1680.236 1670.872 1660.000 1647.446 1632.931 1616.099 1596.536 1573.794 1547.450 1517.163 1482.308 1442.160 1396.183 1343.516 1283.397 1214.743 1136.668 1048.109 -9999.000 -9999.000
-9999.000 -9999.000 -9999.000 -9999.000 -9999.000 -9999.000 -9999.000 -9999.000 -9999.000 -9999.000 -9999.000 -9999.000 -9999.000 -9999.000 -9999.000 -9999.000 -9999.000 -9999.000 -9999.000 -9999.000 -9999.000 -9999.000 -9999.000 -9999.000 -9999.000 -9999.000 -9999.000 -9999.000 -9999.000 -9999.000 -9999.000 -9999.000 -9999.000 -9999.000 -9999.000 -9999.000 -9999.000 -9999.000 -9999.000 -9999.000 -9999.000 -9999.000 -9999.000 -9999.000 -9999.000 -9999.000 -9999.000 -9999.000 -9999.000 -9999.000 -9999.000 -9999.000 -9999.000 -9999.000 -9999.000 -9999.000 -9999.000 -9999.000 -9999.000 -9999.000 -9999.000 -9999.000 -9999.000 -9999.000 -9999.000 -9999.000 -9999.000 -9999.000 -9999.000 -9999.000 -9999.000 -9999.000 -9999.000 -9999.000 -9999.000 -9999.000 -9999.000 -9999.000 -9999.000 -9999.000 -9999.000 -9999.000 -9999.000 -9999.000 -9999.000 -9999.000 -9999.000 -9999.000 -9999.000 -9999.000 -9999.000 -9999.000 -9999.000 -9999.000 -9999.000 -9999.000 -9999.000 -9999.000 -9999.000 -9999.000 -9999.000 -9999.000 -9999.000 -9999.000
-9999.000 -9999.000 -9999.000 -9999.000 -9999.000 -9999.000 -9999.000 -9999.000 -9999.000 -9999.000 -9999.000 -9999.000 -9999.000 -9999.000 -9999.000 -9999.000 -9999.000 -9999.000 -9999.000 -9999.000 -9999.000 -9999.000 -9999.000 -9999.000 -9999.000 -9999.000 -9999.000 -9999.000 -9999.000 -9999.000 -9999.000 -9999.000 -9999.000 -9999.000 -9999.000 -9999.000 -9999.000 -9999.000 -9999.000 -9999.000 -9999.000 -9999.000 -9999.000 -9999.000 -9999.000 -9999.000 -9999.000 -9999.000 -9999.000 -9999.000 -9999.000 -9999.000 -9999.000 -9999.000 -9999.000 -9999.000 -9999.000 -9999.000 -9999.000 -9999.000 -9999.000 -9999.000 -9999.000 -9999.000 -9999.000 -9999.000 -9999.000 -9999.000 -9999.000 -9999.000 -9999.000 -9999.000 -9999.000 -9999.000 -9999.000 -9999.000 -9999.000 -9999.000 -9999.000 -9999.000 -9999.000 -9999.000 -9999.000 -9999.000 -9999.000 -9999.000 -9999.000 -9999.000 -9999.000 -9999.000 -9999.000 -9999.000 -9999.000 -9999.000 -9999.000 -9999.000 -9999.000 -9999.000 -9999.000 -9999.000 -9999.000 -9999.000 -9999.000 -9999.000