tests/3D/hillslope01/output-maps-METEOIO-OFF/psiliqL0095N0001.asc
ncols         104
nrows         10
xllcorner     -2.000000
yllcorner     0.000000
cellsize      1.000000
NODATA_value  -9999.0
-9999.000 -9999.000 -9999.000 -9999.000 -9999.000 -9999.000 -9999.000 -9999.000 -9999.000 -9999.000 -9999.000 -9999.000 -9999.000 -9999.000 -9999.000 -9999.000 -9999.000 -9999.000 -9999.000 -9999.000 -9999.000 -9999.000 -9999.000 -9999.000 -9999.000 -9999.000 -9999.000 -9999.000 -9999.000 -9999.000 -9999.000 -9999.000 -9999.000 -9999.000 -9999.000 -9999.000 -9999.000 -9999.000 -9999.000 -9999.000 -9999.000 -9999.000 -9999.000 -9999.000 -9999.000 -9999.000 -9999.000 -9999.000 -9999.000 -9999.000 -9999.000 -9999.000 -9999.000 -9999.000 -9999.000 -9999.000 -9999.000 -9999.000 -9999.000 -9999.000 -9999.000 -9999.000 -9999.000 -9999.000 -9999.000 -9999.000 -9999.000 -9999.000 -9999.000 -9999.000 -9999.000 -9999.000 -9999.000 -9999.000 -9999.000 -9999.000 -9999.000 -9999.000 -9999.000 -9999.000 -9999.000 -9999.000 -9999.000 -9999.000 -9999.000 -9999.000 -9999.000 -9999.000 -9999.000 -9999.000 -9999.000 -9999.000 -9999.000 -9999.000 -9999.000 -9999.000 -9999.000 -9999.000 -9999.000 -9999.000 -9999.000 -9999.000 -9999.000 -9999.000
-9999.000 -9999.000 -9999.000 -9999.000 -9999.000 -9999.000 -9999.000 -9999.000 -9999.000 -9999.000 -9999.000 -9999.000 -9999.000 -9999.000 -9999.000 -9999.000 -9999.000 -9999.000 -9999.000 -9999.000 -9999.000 -9999.000 -9999.000 -9999.000 -9999.000 -9999.000 -9999.000 -9999.000 -9999.000 -9999.000 -9999.000 -9999.000 -9999.000 -9999.000 -9999.000 -9999.000 -9999.000 -9999.000 -9999.000 -9999.000 -9999.000 -9999.000 -9999.000 -9999.000 -9999.000 -9999.000 -9999.000 -9999.000 -9999.000 -9999.000 -9999.000 -9999.000 -9999.000 -9999.000 -9999.000 -9999.000 -9999.000 -9999.000 -9999.000 -9999.000 -9999.000 -9999.000 -9999.000 -9999.000 -9999.000 -9999.000 -9999.000 -9999.000 -9999.000 -9999.000 -9999.000 -9999.000 -9999.000 -9999.000 -9999.000 -9999.000 -9999.000 -9999.000 -9999.000 -9999.000 -9999.000 -9999.000 -9999.000 -9999.000 -9999.000 -9999.000 -9999.000 -9999.000 -9999.000 -9999.000 -9999.000 -9999.000 -9999.000 -9999.000 -9999.000 -9999.000 -9999.000 -9999.000 -9999.000 -9999.000 -9999.000 -9999.000 -9999.000 -9999.000
-9999.000 -9999.000 5102.540 5012.231 4931.380 4859.556 4796.183 4740.596 4692.090 4649.956 4613.504 4582.085 4555.090 4531.964 4512.201 4495.354 4481.030 4468.882 4458.607 4449.938 4442.640 4436.510 4431.370 4427.069 4423.475 4420.476 4417.977 4415.898 4414.170 4412.735 4411.546 4410.560 4409.744 4409.069 4408.512 4408.051 4407.671 4407.357 4407.099 4406.885 4406.708 4406.561 4406.440 4406.338 4406.252 4406.178 4406.115 4406.058 4406.006 4405.957 4405.909 4405.860 4405.808 4405.752 4405.690 4405.619 4405.537 4405.441 4405.329 4405.196 4405.039 4404.852 4404.629 4404.363 4404.047 4403.670 4403.221 4402.686 4402.050 4401.294 4400.395 4399.328 4398.062 4396.562 4394.786 4392.686 4390.205 4387.277 4383.827 4379.765 4374.991 4369.389 4362.828 4355.159 4346.216 4335.811 4323.731 4309.729 4293.516 4274.758 4253.077 4228.055 4199.236 4166.118 4128.144 4084.706 4035.150 3978.784 3914.896 3842.781 3761.805 3671.460 -9999.000 -9999.000
-9999.000 -9999.000 5102.540 5012.231 4931.380 4859.556 4796.183 4740.596 4692.090 4649.956 4613.504 4582.085 4555.090 4531.964 4512.201 4495.354 4481.030 4468.882 4458.607 4449.938 4442.640 4436.510 4431.370 4427.069 4423.475 4420.476 4417.977 4415.898 4414.170 4412.735 4411.546 4410.560 4409.744 4409.069 4408.512 4408.051 4407.671 4407.357 4407.099 4406.885 4406.708 4406.561 4406.440 4406.338 4406.252 4406.178 4406.115 4406.058 4406.006 4405.957 4405.909 4405.860 4405.808 4405.752 4405.690 4405.619 4405.537 4405.441 4405.329 4405.196 4405.039 4404.852 4404.629 4404.363 4404.047 4403.670 4403.221 4402.686 4402.050 4401.294 4400.395 4399.328 4398.062 4396.562 4394.786 4392.686 4390.205 4387.277 4383.827 4379.765 4374.991 4369.389 4362.828 4355.159 4346.216 4335.811 4323.731 4309.729 4293.516 4274.758 4253.077 4228.055 4199.236 4166.118 4128.144 4084.706 4035.150 3978.784 3914.896 3842.781 3761.805 3671.460 -9999.000 -9999.000
-9999.000 -9999.000 5102.540 5012.231 4931.380 4859.556 4796.183 4740.596 4692.090 4649.956 4613.504 4582.085 4555.090 4531.964 4512.201 4495.354 4481.030 4468.882 4458.607 4449.938 4442.640 4436.510 4431.370 4427.069 4423.475 4420.476 4417.977 4415.898 4414.170 4412.735 4411.546 4410.560 4409.744 4409.069 4408.512 4408.051 4407.671 4407.357 4407.099 4406.885 4406.708 4406.561 4406.440 4406.338 4406.252 4406.178 4406.115 4406.058 4406.006 4405.957 4405.909 4405.860 4405.808 4405.752 4405.690 4405.619 4405.537 4405.441 4405.329 4405.196 4405.039 4404.852 4404.629 4404.363 4404.047 4403.670 4403.221 4402.686 4402.050 4401.294 4400.395 4399.328 4398.062 4396.562 4394.786 4392.686 4390.205 4387.277 4383.827 4379.765 4374.991 4369.389 4362.828 4355.159 4346.216 4335.811 4323.731 4309.729 4293.516 4274.758 4253.077 4228.055 4199.236 4166.118 4128.144 4084.706 4035.150 3978.784 3914.896 3842.781 3761.805 3671.460 -9999.000 -9999.000
-9999.000 -9999.000 5102.540 5012.231 4931.380 4859.556 4796.183 4740.596 4692.090 4649.956 4613.504 4582.085 4555.090 4531.964 4512.201 4495.354 4481.030 4468.882 4458.607 4449.938 4442.640 4436.510 4431.370 4427.069 4423.475 4420.476 4417.977 4415.898 4414.170 4412.735 4411.546 4410.560 4409.744 4409.069 4408.512 4408.051 4407.671 4407.357 4407.099 4406.885 4406.708 4406.561 4406.440 4406.338 4406.252 4406.178 4406.115 4406.058 4406.006 4405.957 4405.909 4405.860 4405.808 4405.752 4405.690 4405.619 4405.537 4405.441 4405.329 4405.196 4405.039 4404.852 4404.629 4404.363 4404.047 4403.670 4403.221 4402.686 4402.050 4401.294 4400.395 4399.328 4398.062 4396.562 4394.786 4392.686 4390.205 4387.277 4383.827 4379.765 4374.991 4369.389 4362.828 4355.159 4346.216 4335.811 4323.731 4309.729 4293.516 4274.758 4253.077 4228.055 4199.236 4166.118 4128.144 4084.706 4035.150 3978.784 3914.896 3842.781 3761.805 3671.460 -9999.000 -9999.000
-9999.000 -9999.000 5102.540 5012.231 4931.380 4859.556 4796.183 4740.596 4692.090 4649.956 4613.504 4582.085 4555.090 4531.964 4512.201 4495.354 4481.030 4468.882 4458.607 4449.938 4442.640 4436.510 4431.370 4427.069 4423.475 4420.476 4417.977 4415.898 4414.170 4412.735 4411.546 4410.560 4409.744 4409.069 4408.512 4408.051 4407.671 4407.357 4407.099 4406.885 4406.708 4406.561 4406.440 4406.338 4406.252 4406.178 4406.115 4406.058 4406.006 4405.957 4405.909 4405.860 4405.808 4405.752 4405.690 4405.619 4405.537 4405.441 4405.329 4405.196 4405.039 4404.852 4404.629 4404.363 4404.047 4403.670 4403.221 4402.686 4402.050 4401.294 4400.395 4399.328 4398.062 4396.562 4394.786 4392.686 4390.205 4387.277 4383.827 4379.765 4374.991 4369.389 4362.828 4355.159 4346.216 4335.811 4323.731 4309.729 4293.516 4274.758 4253.077 4228.055 4199.236 4166.118 4128.144 4084.706 4035.150 3978.784 3914.896 3842.781 3761.805 3671.460 -9999.000 -9999.000
-9999.000 -9999.000 5102.540 5012.231 4931.380 4859.556 4796.183 4740.596 4692.090 4649.956 4613.504 4582.085 4555.090 4531.964 4512.201 4495.354 4481.030 4468.882 4458.607 4449.938 4442.640 4436.510 4431.370 4427.069 4423.475 4420.476 4417.977 4415.898 4414.170 4412.735 4411.546 4410.560 4409.744 4409.069 4408.512 4408.051 4407.671 4407.357 4407.099 4406.885 4406.708 4406.561 4406.440 4406.338 4406.252 4406.178 4406.115 4406.058 4406.006 4405.957 4405.909 4405.860 4405.808 4405.752 4405.690 4405.619 4405.537 4405.441 4405.329 4405.196 4405.039 4404.852 4404.629 4404.363 4404.047 4403.670 4403.221 4402.686 4402.050 4401.294 4400.395 4399.328 4398.062 4396.562 4394.786 4392.686 4390.205 4387.277 4383.827 4379.765 4374.991 4369.389 4362.828 4355.159 4346.216 4335.811 4323.731 4309.729 4293.516 4274.758 4253.077 4228.055 4199.236 4166.118 4128.144 4084.706 4035.150 3978.784 3914.896 3842.781 3761.805 3671.460 -9999.000 -9999.000
-9999.000 -9999.000 -9999.000 -9999.000 -9999.000 -9999.000 -9999.000 -9999.000 -9999.000 -9999.000 -9999.000 -9999.000 -9999.000 -9999.000 -9999.000 -9999.000 -9999.000 -9999.000 -9999.000 -9999.000 -9999.000 -9999.000 -9999.000 -9999.000 -9999.000 -9999.000 -9999.000 -9999.000 -9999.000 -9999.000 -9999.000 -9999.000 -9999.000 -9999.000 -9999.000 -9999.000 -9999.000 -9999.000 -9999.000 -9999.000 -9999.000 -9999.000 -9999.000 -9999.000 -9999.000 -9999.000 -9999.000 -9999.000 -9999.000 -9999.000 -9999.000 -9999.000 -9999.000 -9999.000 -9999.000 -9999.000 -9999.000 -9999.000 -9999.000 -9999.000 -9999.000 -9999.000 -9999.000 -9999.000 -9999.000 -9999.000 -9999.000 -9999.000 -9999.000 -9999.000 -9999.000 -9999.000 -9999.000 -9999.000 -9999.000 -9999.000 -9999.000 -9999.000 -9999.000 -9999.000 -9999.000 -9999.000 -9999.000 -9999.000 -9999.000 -9999.000 -9999.000 -9999.000 -9999.000 -9999.000 -9999.000 -9999.000 -9999.000 -9999.000 -9999.000 -9999.000 -9999.000 -9999.000 -9999.000 -9999.000 -9999.000 -9999.000 -9999.000 -9999.000
-9999.000 -9999.000 -9999.000 -9999.000 -9999.000 -9999.000 -9999.000 -9999.000 -9999.000 -9999.000 -9999.000 -9999.000 -9999.000 -9999.000 -9999.000 -9999.000 -9999.000 -9999.000 -9999.000 -9999.000 -9999.000 -9999.000 -9999.000 -9999.000 -9999.000 -9999.000 -9999.000 -9999.000 -9999.000 -9999.000 -9999.000 -9999.000 -9999.000 -9999.000 -9999.000 -9999.000 -9999.000 -9999.000 -9999.000 -9999.000 -9999.000 -9999.000 -9999.000 -9999.000 -9999.000 -9999.000 -9999.000 -9999.000 -9999.000 -9999.000 -9999.000 -9999.000 -9999.000 -9999.000 -9999.000 -9999.000 -9999.000 -9999.000 -9999.000 -9999.000 -9999.000 -9999.000 -9999.000 -9999.000 -9999.000 -9999.000 -9999.000 -9999.000 -9999.000 -9999.000 -9999.000 -9999.000 -9999.000 -9999.000 -9999.000 -9999.000 -9999.000 -9999.000 -9999.000 -9999.000 -9999.000 -9999.000 -9999.000 -9999.000 -9999.000 -9999.000 -9999.000 -9999.000 -9999.000 -9999.000 -9999.000 -9999.000 -9999.000 -9999.000 -9999.000 -9999.000 -9999.000 -9999.000 -9999.000 -9999.000 -9999.000 -9999.000 -9999.000 -9999.000