tests/3D/hillslope01/output-maps-METEOIO-OFF/psiliqL0079N0001.asc
ncols         104
nrows         10
xllcorner     -2.000000
yllcorner     0.000000
cellsize      1.000000
NODATA_value  -9999.0
-9999.000 -9999.000 -9999.000 -9999.000 -9999.000 -9999.000 -9999.000 -9999.000 -9999.000 -9999.000 -9999.000 -9999.000 -9999.000 -9999.000 -9999.000 -9999.000 -9999.000 -9999.000 -9999.000 -9999.000 -9999.000 -9999.000 -9999.000 -9999.000 -9999.000 -9999.000 -9999.000 -9999.000 -9999.000 -9999.000 -9999.000 -9999.000 -9999.000 -9999.000 -9999.000 -9999.000 -9999.000 -9999.000 -9999.000 -9999.000 -9999.000 -9999.000 -9999.000 -9999.000 -9999.000 -9999.000 -9999.000 -9999.000 -9999.000 -9999.000 -9999.000 -9999.000 -9999.000 -9999.000 -9999.000 -9999.000 -9999.000 -9999.000 -9999.000 -9999.000 -9999.000 -9999.000 -9999.000 -9999.000 -9999.000 -9999.000 -9999.000 -9999.000 -9999.000 -9999.000 -9999.000 -9999.000 -9999.000 -9999.000 -9999.000 -9999.000 -9999.000 -9999.000 -9999.000 -9999.000 -9999.000 -9999.000 -9999.000 -9999.000 -9999.000 -9999.000 -9999.000 -9999.000 -9999.000 -9999.000 -9999.000 -9999.000 -9999.000 -9999.000 -9999.000 -9999.000 -9999.000 -9999.000 -9999.000 -9999.000 -9999.000 -9999.000 -9999.000 -9999.000
-9999.000 -9999.000 -9999.000 -9999.000 -9999.000 -9999.000 -9999.000 -9999.000 -9999.000 -9999.000 -9999.000 -9999.000 -9999.000 -9999.000 -9999.000 -9999.000 -9999.000 -9999.000 -9999.000 -9999.000 -9999.000 -9999.000 -9999.000 -9999.000 -9999.000 -9999.000 -9999.000 -9999.000 -9999.000 -9999.000 -9999.000 -9999.000 -9999.000 -9999.000 -9999.000 -9999.000 -9999.000 -9999.000 -9999.000 -9999.000 -9999.000 -9999.000 -9999.000 -9999.000 -9999.000 -9999.000 -9999.000 -9999.000 -9999.000 -9999.000 -9999.000 -9999.000 -9999.000 -9999.000 -9999.000 -9999.000 -9999.000 -9999.000 -9999.000 -9999.000 -9999.000 -9999.000 -9999.000 -9999.000 -9999.000 -9999.000 -9999.000 -9999.000 -9999.000 -9999.000 -9999.000 -9999.000 -9999.000 -9999.000 -9999.000 -9999.000 -9999.000 -9999.000 -9999.000 -9999.000 -9999.000 -9999.000 -9999.000 -9999.000 -9999.000 -9999.000 -9999.000 -9999.000 -9999.000 -9999.000 -9999.000 -9999.000 -9999.000 -9999.000 -9999.000 -9999.000 -9999.000 -9999.000 -9999.000 -9999.000 -9999.000 -9999.000 -9999.000 -9999.000
-9999.000 -9999.000 3497.645 3407.854 3327.949 3257.380 3195.446 3141.381 3094.397 3053.733 3018.672 2988.546 2962.739 2940.684 2921.872 2905.859 2892.266 2880.762 2871.053 2862.880 2856.014 2850.258 2845.442 2841.417 2838.060 2835.262 2832.934 2830.999 2829.393 2828.061 2826.957 2826.044 2825.288 2824.664 2824.149 2823.724 2823.373 2823.084 2822.845 2822.648 2822.486 2822.351 2822.239 2822.146 2822.067 2822.000 2821.941 2821.889 2821.842 2821.797 2821.752 2821.707 2821.659 2821.607 2821.549 2821.483 2821.407 2821.318 2821.214 2821.090 2820.943 2820.768 2820.560 2820.312 2820.016 2819.664 2819.243 2818.742 2818.145 2817.435 2816.591 2815.588 2814.398 2812.986 2811.313 2809.332 2806.990 2804.224 2800.959 2797.112 2792.583 2787.260 2781.014 2773.698 2765.151 2755.194 2743.634 2730.245 2714.743 2696.791 2675.998 2651.944 2624.185 2592.252 2555.578 2513.531 2465.458 2410.625 2348.260 2277.538 2197.683 2107.991 -9999.000 -9999.000
-9999.000 -9999.000 3497.645 3407.854 3327.949 3257.380 3195.446 3141.381 3094.397 3053.733 3018.672 2988.546 2962.739 2940.684 2921.872 2905.859 2892.266 2880.762 2871.053 2862.880 2856.014 2850.258 2845.442 2841.417 2838.060 2835.262 2832.934 2830.999 2829.393 2828.061 2826.957 2826.044 2825.288 2824.664 2824.149 2823.724 2823.373 2823.084 2822.845 2822.648 2822.486 2822.351 2822.239 2822.146 2822.067 2822.000 2821.941 2821.889 2821.842 2821.797 2821.752 2821.707 2821.659 2821.607 2821.549 2821.483 2821.407 2821.318 2821.214 2821.090 2820.943 2820.768 2820.560 2820.312 2820.016 2819.664 2819.243 2818.742 2818.145 2817.435 2816.591 2815.588 2814.398 2812.986 2811.313 2809.332 2806.990 2804.224 2800.959 2797.112 2792.583 2787.260 2781.014 2773.698 2765.151 2755.194 2743.634 2730.245 2714.743 2696.791 2675.998 2651.944 2624.185 2592.252 2555.578 2513.531 2465.458 2410.625 2348.260 2277.538 2197.683 2107.991 -9999.000 -9999.000
-9999.000 -9999.000 3497.645 3407.854 3327.949 3257.380 3195.446 3141.381 3094.397 3053.733 3018.672 2988.546 2962.739 2940.684 2921.872 2905.859 2892.266 2880.762 2871.053 2862.880 2856.014 2850.258 2845.442 2841.417 2838.060 2835.262 2832.934 2830.999 2829.393 2828.061 2826.957 2826.044 2825.288 2824.664 2824.149 2823.724 2823.373 2823.084 2822.845 2822.648 2822.486 2822.351 2822.239 2822.146 2822.067 2822.000 2821.941 2821.889 2821.842 2821.797 2821.752 2821.707 2821.659 2821.607 2821.549 2821.483 2821.407 2821.318 2821.214 2821.090 2820.943 2820.768 2820.560 2820.312 2820.016 2819.664 2819.243 2818.742 2818.145 2817.435 2816.591 2815.588 2814.398 2812.986 2811.313 2809.332 2806.990 2804.224 2800.959 2797.112 2792.583 2787.260 2781.014 2773.698 2765.151 2755.194 2743.634 2730.245 2714.743 2696.791 2675.998 2651.944 2624.185 2592.252 2555.578 2513.531 2465.458 2410.625 2348.260 2277.538 2197.683 2107.991 -9999.000 -9999.000
-9999.000 -9999.000 3497.645 3407.854 3327.949 3257.380 3195.446 3141.381 3094.397 3053.733 3018.672 2988.546 2962.739 2940.684 2921.872 2905.859 2892.266 2880.762 2871.053 2862.880 2856.014 2850.258 2845.442 2841.417 2838.060 2835.262 2832.934 2830.999 2829.393 2828.061 2826.957 2826.044 2825.288 2824.664 2824.149 2823.724 2823.373 2823.084 2822.845 2822.648 2822.486 2822.351 2822.239 2822.146 2822.067 2822.000 2821.941 2821.889 2821.842 2821.797 2821.752 2821.707 2821.659 2821.607 2821.549 2821.483 2821.407 2821.318 2821.214 2821.090 2820.943 2820.768 2820.560 2820.312 2820.016 2819.664 2819.243 2818.742 2818.145 2817.435 2816.591 2815.588 2814.398 2812.986 2811.313 2809.332 2806.990 2804.224 2800.959 2797.112 2792.583 2787.260 2781.014 2773.698 2765.151 2755.194 2743.634 2730.245 2714.743 2696.791 2675.998 2651.944 2624.185 2592.252 2555.578 2513.531 2465.458 2410.625 2348.260 2277.538 2197.683 2107.991 -9999.000 -9999.000
-9999.000 -9999.000 3497.645 3407.854 3327.949 3257.380 3195.446 3141.381 3094.397 3053.733 3018.672 2988.546 2962.739 2940.684 2921.872 2905.859 2892.266 2880.762 2871.053 2862.880 2856.014 2850.258 2845.442 2841.417 2838.060 2835.262 2832.934 2830.999 2829.393 2828.061 2826.957 2826.044 2825.288 2824.664 2824.149 2823.724 2823.373 2823.084 2822.845 2822.648 2822.486 2822.351 2822.239 2822.146 2822.067 2822.000 2821.941 2821.889 2821.842 2821.797 2821.752 2821.707 2821.659 2821.607 2821.549 2821.483 2821.407 2821.318 2821.214 2821.090 2820.943 2820.768 2820.560 2820.312 2820.016 2819.664 2819.243 2818.742 2818.145 2817.435 2816.591 2815.588 2814.398 2812.986 2811.313 2809.332 2806.990 2804.224 2800.959 2797.112 2792.583 2787.260 2781.014 2773.698 2765.151 2755.194 2743.634 2730.245 2714.743 2696.791 2675.998 2651.944 2624.185 2592.252 2555.578 2513.531 2465.458 2410.625 2348.260 2277.538 2197.683 2107.991 -9999.000 -9999.000
-9999.000 -9999.000 3497.645 3407.854 3327.949 3257.380 3195.446 3141.381 3094.397 3053.733 3018.672 2988.546 2962.739 2940.684 2921.872 2905.859 2892.266 2880.762 2871.053 2862.880 2856.014 2850.258 2845.442 2841.417 2838.060 2835.262 2832.934 2830.999 2829.393 2828.061 2826.957 2826.044 2825.288 2824.664 2824.149 2823.724 2823.373 2823.084 2822.845 2822.648 2822.486 2822.351 2822.239 2822.146 2822.067 2822.000 2821.941 2821.889 2821.842 2821.797 2821.752 2821.707 2821.659 2821.607 2821.549 2821.483 2821.407 2821.318 2821.214 2821.090 2820.943 2820.768 2820.560 2820.312 2820.016 2819.664 2819.243 2818.742 2818.145 2817.435 2816.591 2815.588 2814.398 2812.986 2811.313 2809.332 2806.990 2804.224 2800.959 2797.112 2792.583 2787.260 2781.014 2773.698 2765.151 2755.194 2743.634 2730.245 2714.743 2696.791 2675.998 2651.944 2624.185 2592.252 2555.578 2513.531 2465.458 2410.625 2348.260 2277.538 2197.683 2107.991 -9999.000 -9999.000
-9999.000 -9999.000 -9999.000 -9999.000 -9999.000 -9999.000 -9999.000 -9999.000 -9999.000 -9999.000 -9999.000 -9999.000 -9999.000 -9999.000 -9999.000 -9999.000 -9999.000 -9999.000 -9999.000 -9999.000 -9999.000 -9999.000 -9999.000 -9999.000 -9999.000 -9999.000 -9999.000 -9999.000 -9999.000 -9999.000 -9999.000 -9999.000 -9999.000 -9999.000 -9999.000 -9999.000 -9999.000 -9999.000 -9999.000 -9999.000 -9999.000 -9999.000 -9999.000 -9999.000 -9999.000 -9999.000 -9999.000 -9999.000 -9999.000 -9999.000 -9999.000 -9999.000 -9999.000 -9999.000 -9999.000 -9999.000 -9999.000 -9999.000 -9999.000 -9999.000 -9999.000 -9999.000 -9999.000 -9999.000 -9999.000 -9999.000 -9999.000 -9999.000 -9999.000 -9999.000 -9999.000 -9999.000 -9999.000 -9999.000 -9999.000 -9999.000 -9999.000 -9999.000 -9999.000 -9999.000 -9999.000 -9999.000 -9999.000 -9999.000 -9999.000 -9999.000 -9999.000 -9999.000 -9999.000 -9999.000 -9999.000 -9999.000 -9999.000 -9999.000 -9999.000 -9999.000 -9999.000 -9999.000 -9999.000 -9999.000 -9999.000 -9999.000 -9999.000 -9999.000
-9999.000 -9999.000 -9999.000 -9999.000 -9999.000 -9999.000 -9999.000 -9999.000 -9999.000 -9999.000 -9999.000 -9999.000 -9999.000 -9999.000 -9999.000 -9999.000 -9999.000 -9999.000 -9999.000 -9999.000 -9999.000 -9999.000 -9999.000 -9999.000 -9999.000 -9999.000 -9999.000 -9999.000 -9999.000 -9999.000 -9999.000 -9999.000 -9999.000 -9999.000 -9999.000 -9999.000 -9999.000 -9999.000 -9999.000 -9999.000 -9999.000 -9999.000 -9999.000 -9999.000 -9999.000 -9999.000 -9999.000 -9999.000 -9999.000 -9999.000 -9999.000 -9999.000 -9999.000 -9999.000 -9999.000 -9999.000 -9999.000 -9999.000 -9999.000 -9999.000 -9999.000 -9999.000 -9999.000 -9999.000 -9999.000 -9999.000 -9999.000 -9999.000 -9999.000 -9999.000 -9999.000 -9999.000 -9999.000 -9999.000 -9999.000 -9999.000 -9999.000 -9999.000 -9999.000 -9999.000 -9999.000 -9999.000 -9999.000 -9999.000 -9999.000 -9999.000 -9999.000 -9999.000 -9999.000 -9999.000 -9999.000 -9999.000 -9999.000 -9999.000 -9999.000 -9999.000 -9999.000 -9999.000 -9999.000 -9999.000 -9999.000 -9999.000 -9999.000 -9999.000