tests/3D/hillslope01/output-maps-METEOIO-OFF/psiliqL0086N0001.asc
ncols         104
nrows         10
xllcorner     -2.000000
yllcorner     0.000000
cellsize      1.000000
NODATA_value  -9999.0
-9999.000 -9999.000 -9999.000 -9999.000 -9999.000 -9999.000 -9999.000 -9999.000 -9999.000 -9999.000 -9999.000 -9999.000 -9999.000 -9999.000 -9999.000 -9999.000 -9999.000 -9999.000 -9999.000 -9999.000 -9999.000 -9999.000 -9999.000 -9999.000 -9999.000 -9999.000 -9999.000 -9999.000 -9999.000 -9999.000 -9999.000 -9999.000 -9999.000 -9999.000 -9999.000 -9999.000 -9999.000 -9999.000 -9999.000 -9999.000 -9999.000 -9999.000 -9999.000 -9999.000 -9999.000 -9999.000 -9999.000 -9999.000 -9999.000 -9999.000 -9999.000 -9999.000 -9999.000 -9999.000 -9999.000 -9999.000 -9999.000 -9999.000 -9999.000 -9999.000 -9999.000 -9999.000 -9999.000 -9999.000 -9999.000 -9999.000 -9999.000 -9999.000 -9999.000 -9999.000 -9999.000 -9999.000 -9999.000 -9999.000 -9999.000 -9999.000 -9999.000 -9999.000 -9999.000 -9999.000 -9999.000 -9999.000 -9999.000 -9999.000 -9999.000 -9999.000 -9999.000 -9999.000 -9999.000 -9999.000 -9999.000 -9999.000 -9999.000 -9999.000 -9999.000 -9999.000 -9999.000 -9999.000 -9999.000 -9999.000 -9999.000 -9999.000 -9999.000 -9999.000
-9999.000 -9999.000 -9999.000 -9999.000 -9999.000 -9999.000 -9999.000 -9999.000 -9999.000 -9999.000 -9999.000 -9999.000 -9999.000 -9999.000 -9999.000 -9999.000 -9999.000 -9999.000 -9999.000 -9999.000 -9999.000 -9999.000 -9999.000 -9999.000 -9999.000 -9999.000 -9999.000 -9999.000 -9999.000 -9999.000 -9999.000 -9999.000 -9999.000 -9999.000 -9999.000 -9999.000 -9999.000 -9999.000 -9999.000 -9999.000 -9999.000 -9999.000 -9999.000 -9999.000 -9999.000 -9999.000 -9999.000 -9999.000 -9999.000 -9999.000 -9999.000 -9999.000 -9999.000 -9999.000 -9999.000 -9999.000 -9999.000 -9999.000 -9999.000 -9999.000 -9999.000 -9999.000 -9999.000 -9999.000 -9999.000 -9999.000 -9999.000 -9999.000 -9999.000 -9999.000 -9999.000 -9999.000 -9999.000 -9999.000 -9999.000 -9999.000 -9999.000 -9999.000 -9999.000 -9999.000 -9999.000 -9999.000 -9999.000 -9999.000 -9999.000 -9999.000 -9999.000 -9999.000 -9999.000 -9999.000 -9999.000 -9999.000 -9999.000 -9999.000 -9999.000 -9999.000 -9999.000 -9999.000 -9999.000 -9999.000 -9999.000 -9999.000 -9999.000 -9999.000
-9999.000 -9999.000 4202.854 4112.754 4032.287 3960.976 3898.194 3843.234 3795.358 3753.833 3717.959 3687.078 3660.578 3637.897 3618.531 3602.032 3588.014 3576.136 3566.097 3557.635 3550.518 3544.544 3539.540 3535.354 3531.859 3528.944 3526.517 3524.499 3522.822 3521.430 3520.276 3519.321 3518.530 3517.877 3517.337 3516.891 3516.523 3516.220 3515.970 3515.763 3515.592 3515.451 3515.333 3515.235 3515.152 3515.081 3515.019 3514.965 3514.915 3514.867 3514.821 3514.773 3514.723 3514.669 3514.608 3514.539 3514.460 3514.367 3514.258 3514.129 3513.976 3513.794 3513.577 3513.319 3513.011 3512.645 3512.207 3511.687 3511.067 3510.330 3509.454 3508.414 3507.180 3505.717 3503.984 3501.934 3499.511 3496.651 3493.278 3489.306 3484.634 3479.149 3472.719 3465.198 3456.421 3446.204 3434.342 3420.596 3404.679 3386.256 3364.945 3340.327 3311.952 3279.327 3241.893 3199.034 3150.093 3094.360 3031.096 2959.550 2879.024 2788.938 -9999.000 -9999.000
-9999.000 -9999.000 4202.854 4112.754 4032.287 3960.976 3898.194 3843.234 3795.358 3753.833 3717.959 3687.078 3660.578 3637.897 3618.531 3602.032 3588.014 3576.136 3566.097 3557.635 3550.518 3544.544 3539.540 3535.354 3531.859 3528.944 3526.517 3524.499 3522.822 3521.430 3520.276 3519.321 3518.530 3517.877 3517.337 3516.891 3516.523 3516.220 3515.970 3515.763 3515.592 3515.451 3515.333 3515.235 3515.152 3515.081 3515.019 3514.965 3514.915 3514.867 3514.821 3514.773 3514.723 3514.669 3514.608 3514.539 3514.460 3514.367 3514.258 3514.129 3513.976 3513.794 3513.577 3513.319 3513.011 3512.645 3512.207 3511.687 3511.067 3510.330 3509.454 3508.414 3507.180 3505.717 3503.984 3501.934 3499.511 3496.651 3493.278 3489.306 3484.634 3479.149 3472.719 3465.198 3456.421 3446.204 3434.342 3420.596 3404.679 3386.256 3364.945 3340.327 3311.952 3279.327 3241.893 3199.034 3150.093 3094.360 3031.096 2959.550 2879.024 2788.938 -9999.000 -9999.000
-9999.000 -9999.000 4202.854 4112.754 4032.287 3960.976 3898.194 3843.234 3795.358 3753.833 3717.959 3687.078 3660.578 3637.897 3618.531 3602.032 3588.014 3576.136 3566.097 3557.635 3550.518 3544.544 3539.540 3535.354 3531.859 3528.944 3526.517 3524.499 3522.822 3521.430 3520.276 3519.321 3518.530 3517.877 3517.337 3516.891 3516.523 3516.220 3515.970 3515.763 3515.592 3515.451 3515.333 3515.235 3515.152 3515.081 3515.019 3514.965 3514.915 3514.867 3514.821 3514.773 3514.723 3514.669 3514.608 3514.539 3514.460 3514.367 3514.258 3514.129 3513.976 3513.794 3513.577 3513.319 3513.011 3512.645 3512.207 3511.687 3511.067 3510.330 3509.454 3508.414 3507.180 3505.717 3503.984 3501.934 3499.511 3496.651 3493.278 3489.306 3484.634 3479.149 3472.719 3465.198 3456.421 3446.204 3434.342 3420.596 3404.679 3386.256 3364.945 3340.327 3311.952 3279.327 3241.893 3199.034 3150.093 3094.360 3031.096 2959.550 2879.024 2788.938 -9999.000 -9999.000
-9999.000 -9999.000 4202.854 4112.754 4032.287 3960.976 3898.194 3843.234 3795.358 3753.833 3717.959 3687.078 3660.578 3637.897 3618.531 3602.032 3588.014 3576.136 3566.097 3557.635 3550.518 3544.544 3539.540 3535.354 3531.859 3528.944 3526.517 3524.499 3522.822 3521.430 3520.276 3519.321 3518.530 3517.877 3517.337 3516.891 3516.523 3516.220 3515.970 3515.763 3515.592 3515.451 3515.333 3515.235 3515.152 3515.081 3515.019 3514.965 3514.915 3514.867 3514.821 3514.773 3514.723 3514.669 3514.608 3514.539 3514.460 3514.367 3514.258 3514.129 3513.976 3513.794 3513.577 3513.319 3513.011 3512.645 3512.207 3511.687 3511.067 3510.330 3509.454 3508.414 3507.180 3505.717 3503.984 3501.934 3499.511 3496.651 3493.278 3489.306 3484.634 3479.149 3472.719 3465.198 3456.421 3446.204 3434.342 3420.596 3404.679 3386.256 3364.945 3340.327 3311.952 3279.327 3241.893 3199.034 3150.093 3094.360 3031.096 2959.550 2879.024 2788.938 -9999.000 -9999.000
-9999.000 -9999.000 4202.854 4112.754 4032.287 3960.976 3898.194 3843.234 3795.358 3753.833 3717.959 3687.078 3660.578 3637.897 3618.531 3602.032 3588.014 3576.136 3566.097 3557.635 3550.518 3544.544 3539.540 3535.354 3531.859 3528.944 3526.517 3524.499 3522.822 3521.430 3520.276 3519.321 3518.530 3517.877 3517.337 3516.891 3516.523 3516.220 3515.970 3515.763 3515.592 3515.451 3515.333 3515.235 3515.152 3515.081 3515.019 3514.965 3514.915 3514.867 3514.821 3514.773 3514.723 3514.669 3514.608 3514.539 3514.460 3514.367 3514.258 3514.129 3513.976 3513.794 3513.577 3513.319 3513.011 3512.645 3512.207 3511.687 3511.067 3510.330 3509.454 3508.414 3507.180 3505.717 3503.984 3501.934 3499.511 3496.651 3493.278 3489.306 3484.634 3479.149 3472.719 3465.198 3456.421 3446.204 3434.342 3420.596 3404.679 3386.256 3364.945 3340.327 3311.952 3279.327 3241.893 3199.034 3150.093 3094.360 3031.096 2959.550 2879.024 2788.938 -9999.000 -9999.000
-9999.000 -9999.000 4202.854 4112.754 4032.287 3960.976 3898.194 3843.234 3795.358 3753.833 3717.959 3687.078 3660.578 3637.897 3618.531 3602.032 3588.014 3576.136 3566.097 3557.635 3550.518 3544.544 3539.540 3535.354 3531.859 3528.944 3526.517 3524.499 3522.822 3521.430 3520.276 3519.321 3518.530 3517.877 3517.337 3516.891 3516.523 3516.220 3515.970 3515.763 3515.592 3515.451 3515.333 3515.235 3515.152 3515.081 3515.019 3514.965 3514.915 3514.867 3514.821 3514.773 3514.723 3514.669 3514.608 3514.539 3514.460 3514.367 3514.258 3514.129 3513.976 3513.794 3513.577 3513.319 3513.011 3512.645 3512.207 3511.687 3511.067 3510.330 3509.454 3508.414 3507.180 3505.717 3503.984 3501.934 3499.511 3496.651 3493.278 3489.306 3484.634 3479.149 3472.719 3465.198 3456.421 3446.204 3434.342 3420.596 3404.679 3386.256 3364.945 3340.327 3311.952 3279.327 3241.893 3199.034 3150.093 3094.360 3031.096 2959.550 2879.024 2788.938 -9999.000 -9999.000
-9999.000 -9999.000 -9999.000 -9999.000 -9999.000 -9999.000 -9999.000 -9999.000 -9999.000 -9999.000 -9999.000 -9999.000 -9999.000 -9999.000 -9999.000 -9999.000 -9999.000 -9999.000 -9999.000 -9999.000 -9999.000 -9999.000 -9999.000 -9999.000 -9999.000 -9999.000 -9999.000 -9999.000 -9999.000 -9999.000 -9999.000 -9999.000 -9999.000 -9999.000 -9999.000 -9999.000 -9999.000 -9999.000 -9999.000 -9999.000 -9999.000 -9999.000 -9999.000 -9999.000 -9999.000 -9999.000 -9999.000 -9999.000 -9999.000 -9999.000 -9999.000 -9999.000 -9999.000 -9999.000 -9999.000 -9999.000 -9999.000 -9999.000 -9999.000 -9999.000 -9999.000 -9999.000 -9999.000 -9999.000 -9999.000 -9999.000 -9999.000 -9999.000 -9999.000 -9999.000 -9999.000 -9999.000 -9999.000 -9999.000 -9999.000 -9999.000 -9999.000 -9999.000 -9999.000 -9999.000 -9999.000 -9999.000 -9999.000 -9999.000 -9999.000 -9999.000 -9999.000 -9999.000 -9999.000 -9999.000 -9999.000 -9999.000 -9999.000 -9999.000 -9999.000 -9999.000 -9999.000 -9999.000 -9999.000 -9999.000 -9999.000 -9999.000 -9999.000 -9999.000
-9999.000 -9999.000 -9999.000 -9999.000 -9999.000 -9999.000 -9999.000 -9999.000 -9999.000 -9999.000 -9999.000 -9999.000 -9999.000 -9999.000 -9999.000 -9999.000 -9999.000 -9999.000 -9999.000 -9999.000 -9999.000 -9999.000 -9999.000 -9999.000 -9999.000 -9999.000 -9999.000 -9999.000 -9999.000 -9999.000 -9999.000 -9999.000 -9999.000 -9999.000 -9999.000 -9999.000 -9999.000 -9999.000 -9999.000 -9999.000 -9999.000 -9999.000 -9999.000 -9999.000 -9999.000 -9999.000 -9999.000 -9999.000 -9999.000 -9999.000 -9999.000 -9999.000 -9999.000 -9999.000 -9999.000 -9999.000 -9999.000 -9999.000 -9999.000 -9999.000 -9999.000 -9999.000 -9999.000 -9999.000 -9999.000 -9999.000 -9999.000 -9999.000 -9999.000 -9999.000 -9999.000 -9999.000 -9999.000 -9999.000 -9999.000 -9999.000 -9999.000 -9999.000 -9999.000 -9999.000 -9999.000 -9999.000 -9999.000 -9999.000 -9999.000 -9999.000 -9999.000 -9999.000 -9999.000 -9999.000 -9999.000 -9999.000 -9999.000 -9999.000 -9999.000 -9999.000 -9999.000 -9999.000 -9999.000 -9999.000 -9999.000 -9999.000 -9999.000 -9999.000