tests/3D/hillslope01/output-maps-METEOIO-OFF/psiliqL0041N0001.asc
ncols         104
nrows         10
xllcorner     -2.000000
yllcorner     0.000000
cellsize      1.000000
NODATA_value  -9999.0
-9999.000 -9999.000 -9999.000 -9999.000 -9999.000 -9999.000 -9999.000 -9999.000 -9999.000 -9999.000 -9999.000 -9999.000 -9999.000 -9999.000 -9999.000 -9999.000 -9999.000 -9999.000 -9999.000 -9999.000 -9999.000 -9999.000 -9999.000 -9999.000 -9999.000 -9999.000 -9999.000 -9999.000 -9999.000 -9999.000 -9999.000 -9999.000 -9999.000 -9999.000 -9999.000 -9999.000 -9999.000 -9999.000 -9999.000 -9999.000 -9999.000 -9999.000 -9999.000 -9999.000 -9999.000 -9999.000 -9999.000 -9999.000 -9999.000 -9999.000 -9999.000 -9999.000 -9999.000 -9999.000 -9999.000 -9999.000 -9999.000 -9999.000 -9999.000 -9999.000 -9999.000 -9999.000 -9999.000 -9999.000 -9999.000 -9999.000 -9999.000 -9999.000 -9999.000 -9999.000 -9999.000 -9999.000 -9999.000 -9999.000 -9999.000 -9999.000 -9999.000 -9999.000 -9999.000 -9999.000 -9999.000 -9999.000 -9999.000 -9999.000 -9999.000 -9999.000 -9999.000 -9999.000 -9999.000 -9999.000 -9999.000 -9999.000 -9999.000 -9999.000 -9999.000 -9999.000 -9999.000 -9999.000 -9999.000 -9999.000 -9999.000 -9999.000 -9999.000 -9999.000
-9999.000 -9999.000 -9999.000 -9999.000 -9999.000 -9999.000 -9999.000 -9999.000 -9999.000 -9999.000 -9999.000 -9999.000 -9999.000 -9999.000 -9999.000 -9999.000 -9999.000 -9999.000 -9999.000 -9999.000 -9999.000 -9999.000 -9999.000 -9999.000 -9999.000 -9999.000 -9999.000 -9999.000 -9999.000 -9999.000 -9999.000 -9999.000 -9999.000 -9999.000 -9999.000 -9999.000 -9999.000 -9999.000 -9999.000 -9999.000 -9999.000 -9999.000 -9999.000 -9999.000 -9999.000 -9999.000 -9999.000 -9999.000 -9999.000 -9999.000 -9999.000 -9999.000 -9999.000 -9999.000 -9999.000 -9999.000 -9999.000 -9999.000 -9999.000 -9999.000 -9999.000 -9999.000 -9999.000 -9999.000 -9999.000 -9999.000 -9999.000 -9999.000 -9999.000 -9999.000 -9999.000 -9999.000 -9999.000 -9999.000 -9999.000 -9999.000 -9999.000 -9999.000 -9999.000 -9999.000 -9999.000 -9999.000 -9999.000 -9999.000 -9999.000 -9999.000 -9999.000 -9999.000 -9999.000 -9999.000 -9999.000 -9999.000 -9999.000 -9999.000 -9999.000 -9999.000 -9999.000 -9999.000 -9999.000 -9999.000 -9999.000 -9999.000 -9999.000 -9999.000
-9999.000 -9999.000 -816.047 -908.387 -929.553 -935.759 -938.070 -939.108 -939.646 -939.953 -940.142 -940.267 -940.352 -940.412 -940.455 -940.487 -940.511 -940.529 -940.543 -940.554 -940.562 -940.569 -940.574 -940.578 -940.582 -940.584 -940.586 -940.588 -940.589 -940.590 -940.591 -940.592 -940.592 -940.592 -940.593 -940.593 -940.593 -940.593 -940.594 -940.594 -940.594 -940.594 -940.594 -940.594 -940.594 -940.594 -940.594 -940.594 -940.594 -940.594 -940.594 -940.594 -940.594 -940.594 -940.594 -940.594 -940.594 -940.594 -940.594 -940.594 -940.594 -940.594 -940.594 -940.594 -940.594 -940.594 -940.594 -940.594 -940.594 -940.594 -940.594 -940.594 -940.594 -940.594 -940.594 -940.594 -940.594 -940.594 -940.595 -940.595 -940.595 -940.595 -940.595 -940.596 -940.596 -940.596 -940.597 -940.598 -940.598 -940.599 -940.600 -940.602 -940.603 -940.605 -940.607 -940.610 -940.613 -940.616 -940.619 -940.623 -940.631 -941.256 -9999.000 -9999.000
-9999.000 -9999.000 -816.047 -908.387 -929.553 -935.759 -938.070 -939.108 -939.646 -939.953 -940.142 -940.267 -940.352 -940.412 -940.455 -940.487 -940.511 -940.529 -940.543 -940.554 -940.562 -940.569 -940.574 -940.578 -940.582 -940.584 -940.586 -940.588 -940.589 -940.590 -940.591 -940.592 -940.592 -940.592 -940.593 -940.593 -940.593 -940.593 -940.594 -940.594 -940.594 -940.594 -940.594 -940.594 -940.594 -940.594 -940.594 -940.594 -940.594 -940.594 -940.594 -940.594 -940.594 -940.594 -940.594 -940.594 -940.594 -940.594 -940.594 -940.594 -940.594 -940.594 -940.594 -940.594 -940.594 -940.594 -940.594 -940.594 -940.594 -940.594 -940.594 -940.594 -940.594 -940.594 -940.594 -940.594 -940.594 -940.594 -940.595 -940.595 -940.595 -940.595 -940.595 -940.596 -940.596 -940.596 -940.597 -940.598 -940.598 -940.599 -940.600 -940.602 -940.603 -940.605 -940.607 -940.610 -940.613 -940.616 -940.619 -940.623 -940.631 -941.256 -9999.000 -9999.000
-9999.000 -9999.000 -816.047 -908.387 -929.553 -935.759 -938.070 -939.108 -939.646 -939.953 -940.142 -940.267 -940.352 -940.412 -940.455 -940.487 -940.511 -940.529 -940.543 -940.554 -940.562 -940.569 -940.574 -940.578 -940.582 -940.584 -940.586 -940.588 -940.589 -940.590 -940.591 -940.592 -940.592 -940.592 -940.593 -940.593 -940.593 -940.593 -940.594 -940.594 -940.594 -940.594 -940.594 -940.594 -940.594 -940.594 -940.594 -940.594 -940.594 -940.594 -940.594 -940.594 -940.594 -940.594 -940.594 -940.594 -940.594 -940.594 -940.594 -940.594 -940.594 -940.594 -940.594 -940.594 -940.594 -940.594 -940.594 -940.594 -940.594 -940.594 -940.594 -940.594 -940.594 -940.594 -940.594 -940.594 -940.594 -940.594 -940.595 -940.595 -940.595 -940.595 -940.595 -940.596 -940.596 -940.596 -940.597 -940.598 -940.598 -940.599 -940.600 -940.602 -940.603 -940.605 -940.607 -940.610 -940.613 -940.616 -940.619 -940.623 -940.631 -941.256 -9999.000 -9999.000
-9999.000 -9999.000 -816.047 -908.387 -929.553 -935.759 -938.070 -939.108 -939.646 -939.953 -940.142 -940.267 -940.352 -940.412 -940.455 -940.487 -940.511 -940.529 -940.543 -940.554 -940.562 -940.569 -940.574 -940.578 -940.582 -940.584 -940.586 -940.588 -940.589 -940.590 -940.591 -940.592 -940.592 -940.592 -940.593 -940.593 -940.593 -940.593 -940.594 -940.594 -940.594 -940.594 -940.594 -940.594 -940.594 -940.594 -940.594 -940.594 -940.594 -940.594 -940.594 -940.594 -940.594 -940.594 -940.594 -940.594 -940.594 -940.594 -940.594 -940.594 -940.594 -940.594 -940.594 -940.594 -940.594 -940.594 -940.594 -940.594 -940.594 -940.594 -940.594 -940.594 -940.594 -940.594 -940.594 -940.594 -940.594 -940.594 -940.595 -940.595 -940.595 -940.595 -940.595 -940.596 -940.596 -940.596 -940.597 -940.598 -940.598 -940.599 -940.600 -940.602 -940.603 -940.605 -940.607 -940.610 -940.613 -940.616 -940.619 -940.623 -940.631 -941.256 -9999.000 -9999.000
-9999.000 -9999.000 -816.047 -908.387 -929.553 -935.759 -938.070 -939.108 -939.646 -939.953 -940.142 -940.267 -940.352 -940.412 -940.455 -940.487 -940.511 -940.529 -940.543 -940.554 -940.562 -940.569 -940.574 -940.578 -940.582 -940.584 -940.586 -940.588 -940.589 -940.590 -940.591 -940.592 -940.592 -940.592 -940.593 -940.593 -940.593 -940.593 -940.594 -940.594 -940.594 -940.594 -940.594 -940.594 -940.594 -940.594 -940.594 -940.594 -940.594 -940.594 -940.594 -940.594 -940.594 -940.594 -940.594 -940.594 -940.594 -940.594 -940.594 -940.594 -940.594 -940.594 -940.594 -940.594 -940.594 -940.594 -940.594 -940.594 -940.594 -940.594 -940.594 -940.594 -940.594 -940.594 -940.594 -940.594 -940.594 -940.594 -940.595 -940.595 -940.595 -940.595 -940.595 -940.596 -940.596 -940.596 -940.597 -940.598 -940.598 -940.599 -940.600 -940.602 -940.603 -940.605 -940.607 -940.610 -940.613 -940.616 -940.619 -940.623 -940.631 -941.256 -9999.000 -9999.000
-9999.000 -9999.000 -816.047 -908.387 -929.553 -935.759 -938.070 -939.108 -939.646 -939.953 -940.142 -940.267 -940.352 -940.412 -940.455 -940.487 -940.511 -940.529 -940.543 -940.554 -940.562 -940.569 -940.574 -940.578 -940.582 -940.584 -940.586 -940.588 -940.589 -940.590 -940.591 -940.592 -940.592 -940.592 -940.593 -940.593 -940.593 -940.593 -940.594 -940.594 -940.594 -940.594 -940.594 -940.594 -940.594 -940.594 -940.594 -940.594 -940.594 -940.594 -940.594 -940.594 -940.594 -940.594 -940.594 -940.594 -940.594 -940.594 -940.594 -940.594 -940.594 -940.594 -940.594 -940.594 -940.594 -940.594 -940.594 -940.594 -940.594 -940.594 -940.594 -940.594 -940.594 -940.594 -940.594 -940.594 -940.594 -940.594 -940.595 -940.595 -940.595 -940.595 -940.595 -940.596 -940.596 -940.596 -940.597 -940.598 -940.598 -940.599 -940.600 -940.602 -940.603 -940.605 -940.607 -940.610 -940.613 -940.616 -940.619 -940.623 -940.631 -941.256 -9999.000 -9999.000
-9999.000 -9999.000 -9999.000 -9999.000 -9999.000 -9999.000 -9999.000 -9999.000 -9999.000 -9999.000 -9999.000 -9999.000 -9999.000 -9999.000 -9999.000 -9999.000 -9999.000 -9999.000 -9999.000 -9999.000 -9999.000 -9999.000 -9999.000 -9999.000 -9999.000 -9999.000 -9999.000 -9999.000 -9999.000 -9999.000 -9999.000 -9999.000 -9999.000 -9999.000 -9999.000 -9999.000 -9999.000 -9999.000 -9999.000 -9999.000 -9999.000 -9999.000 -9999.000 -9999.000 -9999.000 -9999.000 -9999.000 -9999.000 -9999.000 -9999.000 -9999.000 -9999.000 -9999.000 -9999.000 -9999.000 -9999.000 -9999.000 -9999.000 -9999.000 -9999.000 -9999.000 -9999.000 -9999.000 -9999.000 -9999.000 -9999.000 -9999.000 -9999.000 -9999.000 -9999.000 -9999.000 -9999.000 -9999.000 -9999.000 -9999.000 -9999.000 -9999.000 -9999.000 -9999.000 -9999.000 -9999.000 -9999.000 -9999.000 -9999.000 -9999.000 -9999.000 -9999.000 -9999.000 -9999.000 -9999.000 -9999.000 -9999.000 -9999.000 -9999.000 -9999.000 -9999.000 -9999.000 -9999.000 -9999.000 -9999.000 -9999.000 -9999.000 -9999.000 -9999.000
-9999.000 -9999.000 -9999.000 -9999.000 -9999.000 -9999.000 -9999.000 -9999.000 -9999.000 -9999.000 -9999.000 -9999.000 -9999.000 -9999.000 -9999.000 -9999.000 -9999.000 -9999.000 -9999.000 -9999.000 -9999.000 -9999.000 -9999.000 -9999.000 -9999.000 -9999.000 -9999.000 -9999.000 -9999.000 -9999.000 -9999.000 -9999.000 -9999.000 -9999.000 -9999.000 -9999.000 -9999.000 -9999.000 -9999.000 -9999.000 -9999.000 -9999.000 -9999.000 -9999.000 -9999.000 -9999.000 -9999.000 -9999.000 -9999.000 -9999.000 -9999.000 -9999.000 -9999.000 -9999.000 -9999.000 -9999.000 -9999.000 -9999.000 -9999.000 -9999.000 -9999.000 -9999.000 -9999.000 -9999.000 -9999.000 -9999.000 -9999.000 -9999.000 -9999.000 -9999.000 -9999.000 -9999.000 -9999.000 -9999.000 -9999.000 -9999.000 -9999.000 -9999.000 -9999.000 -9999.000 -9999.000 -9999.000 -9999.000 -9999.000 -9999.000 -9999.000 -9999.000 -9999.000 -9999.000 -9999.000 -9999.000 -9999.000 -9999.000 -9999.000 -9999.000 -9999.000 -9999.000 -9999.000 -9999.000 -9999.000 -9999.000 -9999.000 -9999.000 -9999.000