tests/3D/hillslope01/output-maps-METEOIO-OFF/psiliqL0064N0001.asc
ncols         104
nrows         10
xllcorner     -2.000000
yllcorner     0.000000
cellsize      1.000000
NODATA_value  -9999.0
-9999.000 -9999.000 -9999.000 -9999.000 -9999.000 -9999.000 -9999.000 -9999.000 -9999.000 -9999.000 -9999.000 -9999.000 -9999.000 -9999.000 -9999.000 -9999.000 -9999.000 -9999.000 -9999.000 -9999.000 -9999.000 -9999.000 -9999.000 -9999.000 -9999.000 -9999.000 -9999.000 -9999.000 -9999.000 -9999.000 -9999.000 -9999.000 -9999.000 -9999.000 -9999.000 -9999.000 -9999.000 -9999.000 -9999.000 -9999.000 -9999.000 -9999.000 -9999.000 -9999.000 -9999.000 -9999.000 -9999.000 -9999.000 -9999.000 -9999.000 -9999.000 -9999.000 -9999.000 -9999.000 -9999.000 -9999.000 -9999.000 -9999.000 -9999.000 -9999.000 -9999.000 -9999.000 -9999.000 -9999.000 -9999.000 -9999.000 -9999.000 -9999.000 -9999.000 -9999.000 -9999.000 -9999.000 -9999.000 -9999.000 -9999.000 -9999.000 -9999.000 -9999.000 -9999.000 -9999.000 -9999.000 -9999.000 -9999.000 -9999.000 -9999.000 -9999.000 -9999.000 -9999.000 -9999.000 -9999.000 -9999.000 -9999.000 -9999.000 -9999.000 -9999.000 -9999.000 -9999.000 -9999.000 -9999.000 -9999.000 -9999.000 -9999.000 -9999.000 -9999.000
-9999.000 -9999.000 -9999.000 -9999.000 -9999.000 -9999.000 -9999.000 -9999.000 -9999.000 -9999.000 -9999.000 -9999.000 -9999.000 -9999.000 -9999.000 -9999.000 -9999.000 -9999.000 -9999.000 -9999.000 -9999.000 -9999.000 -9999.000 -9999.000 -9999.000 -9999.000 -9999.000 -9999.000 -9999.000 -9999.000 -9999.000 -9999.000 -9999.000 -9999.000 -9999.000 -9999.000 -9999.000 -9999.000 -9999.000 -9999.000 -9999.000 -9999.000 -9999.000 -9999.000 -9999.000 -9999.000 -9999.000 -9999.000 -9999.000 -9999.000 -9999.000 -9999.000 -9999.000 -9999.000 -9999.000 -9999.000 -9999.000 -9999.000 -9999.000 -9999.000 -9999.000 -9999.000 -9999.000 -9999.000 -9999.000 -9999.000 -9999.000 -9999.000 -9999.000 -9999.000 -9999.000 -9999.000 -9999.000 -9999.000 -9999.000 -9999.000 -9999.000 -9999.000 -9999.000 -9999.000 -9999.000 -9999.000 -9999.000 -9999.000 -9999.000 -9999.000 -9999.000 -9999.000 -9999.000 -9999.000 -9999.000 -9999.000 -9999.000 -9999.000 -9999.000 -9999.000 -9999.000 -9999.000 -9999.000 -9999.000 -9999.000 -9999.000 -9999.000 -9999.000
-9999.000 -9999.000 1969.585 1881.053 1803.320 1735.559 1676.745 1625.918 1582.113 1544.466 1512.238 1484.733 1461.338 1441.459 1424.554 1410.181 1398.032 1387.803 1379.217 1372.028 1366.020 1361.006 1356.827 1353.349 1350.456 1348.054 1346.060 1344.408 1343.040 1341.908 1340.972 1340.199 1339.562 1339.036 1338.603 1338.247 1337.953 1337.711 1337.513 1337.349 1337.214 1337.102 1337.010 1336.932 1336.867 1336.812 1336.764 1336.721 1336.682 1336.645 1336.608 1336.570 1336.529 1336.485 1336.436 1336.380 1336.315 1336.239 1336.149 1336.043 1335.917 1335.767 1335.587 1335.373 1335.117 1334.812 1334.447 1334.012 1333.493 1332.874 1332.137 1331.260 1330.218 1328.978 1327.507 1325.762 1323.695 1321.247 1318.351 1314.929 1310.888 1306.121 1300.504 1293.893 1286.123 1277.024 1266.458 1254.291 1240.238 1223.934 1204.948 1182.809 1157.091 1127.582 1093.596 1054.306 1009.335 957.685 898.681 831.036 753.897 665.995 -9999.000 -9999.000
-9999.000 -9999.000 1969.585 1881.053 1803.320 1735.559 1676.745 1625.918 1582.113 1544.466 1512.238 1484.733 1461.338 1441.459 1424.554 1410.181 1398.032 1387.803 1379.217 1372.028 1366.020 1361.006 1356.827 1353.349 1350.456 1348.054 1346.060 1344.408 1343.040 1341.908 1340.972 1340.199 1339.562 1339.036 1338.603 1338.247 1337.953 1337.711 1337.513 1337.349 1337.214 1337.102 1337.010 1336.932 1336.867 1336.812 1336.764 1336.721 1336.682 1336.645 1336.608 1336.570 1336.529 1336.485 1336.436 1336.380 1336.315 1336.239 1336.149 1336.043 1335.917 1335.767 1335.587 1335.373 1335.117 1334.812 1334.447 1334.012 1333.493 1332.874 1332.137 1331.260 1330.218 1328.978 1327.507 1325.762 1323.695 1321.247 1318.351 1314.929 1310.888 1306.121 1300.504 1293.893 1286.123 1277.024 1266.458 1254.291 1240.238 1223.934 1204.948 1182.809 1157.091 1127.582 1093.596 1054.306 1009.335 957.685 898.681 831.036 753.897 665.995 -9999.000 -9999.000
-9999.000 -9999.000 1969.585 1881.053 1803.320 1735.559 1676.745 1625.918 1582.113 1544.466 1512.238 1484.733 1461.338 1441.459 1424.554 1410.181 1398.032 1387.803 1379.217 1372.028 1366.020 1361.006 1356.827 1353.349 1350.456 1348.054 1346.060 1344.408 1343.040 1341.908 1340.972 1340.199 1339.562 1339.036 1338.603 1338.247 1337.953 1337.711 1337.513 1337.349 1337.214 1337.102 1337.010 1336.932 1336.867 1336.812 1336.764 1336.721 1336.682 1336.645 1336.608 1336.570 1336.529 1336.485 1336.436 1336.380 1336.315 1336.239 1336.149 1336.043 1335.917 1335.767 1335.587 1335.373 1335.117 1334.812 1334.447 1334.012 1333.493 1332.874 1332.137 1331.260 1330.218 1328.978 1327.507 1325.762 1323.695 1321.247 1318.351 1314.929 1310.888 1306.121 1300.504 1293.893 1286.123 1277.024 1266.458 1254.291 1240.238 1223.934 1204.948 1182.809 1157.091 1127.582 1093.596 1054.306 1009.335 957.685 898.681 831.036 753.897 665.995 -9999.000 -9999.000
-9999.000 -9999.000 1969.585 1881.053 1803.320 1735.559 1676.745 1625.918 1582.113 1544.466 1512.238 1484.733 1461.338 1441.459 1424.554 1410.181 1398.032 1387.803 1379.217 1372.028 1366.020 1361.006 1356.827 1353.349 1350.456 1348.054 1346.060 1344.408 1343.040 1341.908 1340.972 1340.199 1339.562 1339.036 1338.603 1338.247 1337.953 1337.711 1337.513 1337.349 1337.214 1337.102 1337.010 1336.932 1336.867 1336.812 1336.764 1336.721 1336.682 1336.645 1336.608 1336.570 1336.529 1336.485 1336.436 1336.380 1336.315 1336.239 1336.149 1336.043 1335.917 1335.767 1335.587 1335.373 1335.117 1334.812 1334.447 1334.012 1333.493 1332.874 1332.137 1331.260 1330.218 1328.978 1327.507 1325.762 1323.695 1321.247 1318.351 1314.929 1310.888 1306.121 1300.504 1293.893 1286.123 1277.024 1266.458 1254.291 1240.238 1223.934 1204.948 1182.809 1157.091 1127.582 1093.596 1054.306 1009.335 957.685 898.681 831.036 753.897 665.995 -9999.000 -9999.000
-9999.000 -9999.000 1969.585 1881.053 1803.320 1735.559 1676.745 1625.918 1582.113 1544.466 1512.238 1484.733 1461.338 1441.459 1424.554 1410.181 1398.032 1387.803 1379.217 1372.028 1366.020 1361.006 1356.827 1353.349 1350.456 1348.054 1346.060 1344.408 1343.040 1341.908 1340.972 1340.199 1339.562 1339.036 1338.603 1338.247 1337.953 1337.711 1337.513 1337.349 1337.214 1337.102 1337.010 1336.932 1336.867 1336.812 1336.764 1336.721 1336.682 1336.645 1336.608 1336.570 1336.529 1336.485 1336.436 1336.380 1336.315 1336.239 1336.149 1336.043 1335.917 1335.767 1335.587 1335.373 1335.117 1334.812 1334.447 1334.012 1333.493 1332.874 1332.137 1331.260 1330.218 1328.978 1327.507 1325.762 1323.695 1321.247 1318.351 1314.929 1310.888 1306.121 1300.504 1293.893 1286.123 1277.024 1266.458 1254.291 1240.238 1223.934 1204.948 1182.809 1157.091 1127.582 1093.596 1054.306 1009.335 957.685 898.681 831.036 753.897 665.995 -9999.000 -9999.000
-9999.000 -9999.000 1969.585 1881.053 1803.320 1735.559 1676.745 1625.918 1582.113 1544.466 1512.238 1484.733 1461.338 1441.459 1424.554 1410.181 1398.032 1387.803 1379.217 1372.028 1366.020 1361.006 1356.827 1353.349 1350.456 1348.054 1346.060 1344.408 1343.040 1341.908 1340.972 1340.199 1339.562 1339.036 1338.603 1338.247 1337.953 1337.711 1337.513 1337.349 1337.214 1337.102 1337.010 1336.932 1336.867 1336.812 1336.764 1336.721 1336.682 1336.645 1336.608 1336.570 1336.529 1336.485 1336.436 1336.380 1336.315 1336.239 1336.149 1336.043 1335.917 1335.767 1335.587 1335.373 1335.117 1334.812 1334.447 1334.012 1333.493 1332.874 1332.137 1331.260 1330.218 1328.978 1327.507 1325.762 1323.695 1321.247 1318.351 1314.929 1310.888 1306.121 1300.504 1293.893 1286.123 1277.024 1266.458 1254.291 1240.238 1223.934 1204.948 1182.809 1157.091 1127.582 1093.596 1054.306 1009.335 957.685 898.681 831.036 753.897 665.995 -9999.000 -9999.000
-9999.000 -9999.000 -9999.000 -9999.000 -9999.000 -9999.000 -9999.000 -9999.000 -9999.000 -9999.000 -9999.000 -9999.000 -9999.000 -9999.000 -9999.000 -9999.000 -9999.000 -9999.000 -9999.000 -9999.000 -9999.000 -9999.000 -9999.000 -9999.000 -9999.000 -9999.000 -9999.000 -9999.000 -9999.000 -9999.000 -9999.000 -9999.000 -9999.000 -9999.000 -9999.000 -9999.000 -9999.000 -9999.000 -9999.000 -9999.000 -9999.000 -9999.000 -9999.000 -9999.000 -9999.000 -9999.000 -9999.000 -9999.000 -9999.000 -9999.000 -9999.000 -9999.000 -9999.000 -9999.000 -9999.000 -9999.000 -9999.000 -9999.000 -9999.000 -9999.000 -9999.000 -9999.000 -9999.000 -9999.000 -9999.000 -9999.000 -9999.000 -9999.000 -9999.000 -9999.000 -9999.000 -9999.000 -9999.000 -9999.000 -9999.000 -9999.000 -9999.000 -9999.000 -9999.000 -9999.000 -9999.000 -9999.000 -9999.000 -9999.000 -9999.000 -9999.000 -9999.000 -9999.000 -9999.000 -9999.000 -9999.000 -9999.000 -9999.000 -9999.000 -9999.000 -9999.000 -9999.000 -9999.000 -9999.000 -9999.000 -9999.000 -9999.000 -9999.000 -9999.000
-9999.000 -9999.000 -9999.000 -9999.000 -9999.000 -9999.000 -9999.000 -9999.000 -9999.000 -9999.000 -9999.000 -9999.000 -9999.000 -9999.000 -9999.000 -9999.000 -9999.000 -9999.000 -9999.000 -9999.000 -9999.000 -9999.000 -9999.000 -9999.000 -9999.000 -9999.000 -9999.000 -9999.000 -9999.000 -9999.000 -9999.000 -9999.000 -9999.000 -9999.000 -9999.000 -9999.000 -9999.000 -9999.000 -9999.000 -9999.000 -9999.000 -9999.000 -9999.000 -9999.000 -9999.000 -9999.000 -9999.000 -9999.000 -9999.000 -9999.000 -9999.000 -9999.000 -9999.000 -9999.000 -9999.000 -9999.000 -9999.000 -9999.000 -9999.000 -9999.000 -9999.000 -9999.000 -9999.000 -9999.000 -9999.000 -9999.000 -9999.000 -9999.000 -9999.000 -9999.000 -9999.000 -9999.000 -9999.000 -9999.000 -9999.000 -9999.000 -9999.000 -9999.000 -9999.000 -9999.000 -9999.000 -9999.000 -9999.000 -9999.000 -9999.000 -9999.000 -9999.000 -9999.000 -9999.000 -9999.000 -9999.000 -9999.000 -9999.000 -9999.000 -9999.000 -9999.000 -9999.000 -9999.000 -9999.000 -9999.000 -9999.000 -9999.000 -9999.000 -9999.000