tests/3D/hillslope01/output-maps-METEOIO-OFF/psiliqL0065N0001.asc
ncols         104
nrows         10
xllcorner     -2.000000
yllcorner     0.000000
cellsize      1.000000
NODATA_value  -9999.0
-9999.000 -9999.000 -9999.000 -9999.000 -9999.000 -9999.000 -9999.000 -9999.000 -9999.000 -9999.000 -9999.000 -9999.000 -9999.000 -9999.000 -9999.000 -9999.000 -9999.000 -9999.000 -9999.000 -9999.000 -9999.000 -9999.000 -9999.000 -9999.000 -9999.000 -9999.000 -9999.000 -9999.000 -9999.000 -9999.000 -9999.000 -9999.000 -9999.000 -9999.000 -9999.000 -9999.000 -9999.000 -9999.000 -9999.000 -9999.000 -9999.000 -9999.000 -9999.000 -9999.000 -9999.000 -9999.000 -9999.000 -9999.000 -9999.000 -9999.000 -9999.000 -9999.000 -9999.000 -9999.000 -9999.000 -9999.000 -9999.000 -9999.000 -9999.000 -9999.000 -9999.000 -9999.000 -9999.000 -9999.000 -9999.000 -9999.000 -9999.000 -9999.000 -9999.000 -9999.000 -9999.000 -9999.000 -9999.000 -9999.000 -9999.000 -9999.000 -9999.000 -9999.000 -9999.000 -9999.000 -9999.000 -9999.000 -9999.000 -9999.000 -9999.000 -9999.000 -9999.000 -9999.000 -9999.000 -9999.000 -9999.000 -9999.000 -9999.000 -9999.000 -9999.000 -9999.000 -9999.000 -9999.000 -9999.000 -9999.000 -9999.000 -9999.000 -9999.000 -9999.000
-9999.000 -9999.000 -9999.000 -9999.000 -9999.000 -9999.000 -9999.000 -9999.000 -9999.000 -9999.000 -9999.000 -9999.000 -9999.000 -9999.000 -9999.000 -9999.000 -9999.000 -9999.000 -9999.000 -9999.000 -9999.000 -9999.000 -9999.000 -9999.000 -9999.000 -9999.000 -9999.000 -9999.000 -9999.000 -9999.000 -9999.000 -9999.000 -9999.000 -9999.000 -9999.000 -9999.000 -9999.000 -9999.000 -9999.000 -9999.000 -9999.000 -9999.000 -9999.000 -9999.000 -9999.000 -9999.000 -9999.000 -9999.000 -9999.000 -9999.000 -9999.000 -9999.000 -9999.000 -9999.000 -9999.000 -9999.000 -9999.000 -9999.000 -9999.000 -9999.000 -9999.000 -9999.000 -9999.000 -9999.000 -9999.000 -9999.000 -9999.000 -9999.000 -9999.000 -9999.000 -9999.000 -9999.000 -9999.000 -9999.000 -9999.000 -9999.000 -9999.000 -9999.000 -9999.000 -9999.000 -9999.000 -9999.000 -9999.000 -9999.000 -9999.000 -9999.000 -9999.000 -9999.000 -9999.000 -9999.000 -9999.000 -9999.000 -9999.000 -9999.000 -9999.000 -9999.000 -9999.000 -9999.000 -9999.000 -9999.000 -9999.000 -9999.000 -9999.000 -9999.000
-9999.000 -9999.000 2072.209 1983.558 1905.631 1837.622 1778.539 1727.435 1683.362 1645.462 1612.998 1585.276 1561.680 1541.619 1524.558 1510.052 1497.785 1487.451 1478.773 1471.503 1465.425 1460.350 1456.119 1452.596 1449.666 1447.231 1445.210 1443.535 1442.147 1440.999 1440.050 1439.266 1438.619 1438.085 1437.645 1437.283 1436.985 1436.739 1436.537 1436.371 1436.234 1436.120 1436.026 1435.948 1435.881 1435.825 1435.776 1435.733 1435.693 1435.655 1435.617 1435.579 1435.538 1435.493 1435.443 1435.386 1435.320 1435.243 1435.152 1435.045 1434.917 1434.765 1434.583 1434.366 1434.107 1433.798 1433.429 1432.988 1432.463 1431.837 1431.091 1430.204 1429.149 1427.895 1426.408 1424.644 1422.554 1420.080 1417.154 1413.696 1409.616 1404.803 1399.134 1392.465 1384.632 1375.464 1364.820 1352.551 1338.378 1321.935 1302.798 1280.502 1254.624 1224.910 1190.696 1151.185 1105.948 1054.033 994.733 926.823 849.433 761.349 -9999.000 -9999.000
-9999.000 -9999.000 2072.209 1983.558 1905.631 1837.622 1778.539 1727.435 1683.362 1645.462 1612.998 1585.276 1561.680 1541.619 1524.558 1510.052 1497.785 1487.451 1478.773 1471.503 1465.425 1460.350 1456.119 1452.596 1449.666 1447.231 1445.210 1443.535 1442.147 1440.999 1440.050 1439.266 1438.619 1438.085 1437.645 1437.283 1436.985 1436.739 1436.537 1436.371 1436.234 1436.120 1436.026 1435.948 1435.881 1435.825 1435.776 1435.733 1435.693 1435.655 1435.617 1435.579 1435.538 1435.493 1435.443 1435.386 1435.320 1435.243 1435.152 1435.045 1434.917 1434.765 1434.583 1434.366 1434.107 1433.798 1433.429 1432.988 1432.463 1431.837 1431.091 1430.204 1429.149 1427.895 1426.408 1424.644 1422.554 1420.080 1417.154 1413.696 1409.616 1404.803 1399.134 1392.465 1384.632 1375.464 1364.820 1352.551 1338.378 1321.935 1302.798 1280.502 1254.624 1224.910 1190.696 1151.185 1105.948 1054.033 994.733 926.823 849.433 761.349 -9999.000 -9999.000
-9999.000 -9999.000 2072.209 1983.558 1905.631 1837.622 1778.539 1727.435 1683.362 1645.462 1612.998 1585.276 1561.680 1541.619 1524.558 1510.052 1497.785 1487.451 1478.773 1471.503 1465.425 1460.350 1456.119 1452.596 1449.666 1447.231 1445.210 1443.535 1442.147 1440.999 1440.050 1439.266 1438.619 1438.085 1437.645 1437.283 1436.985 1436.739 1436.537 1436.371 1436.234 1436.120 1436.026 1435.948 1435.881 1435.825 1435.776 1435.733 1435.693 1435.655 1435.617 1435.579 1435.538 1435.493 1435.443 1435.386 1435.320 1435.243 1435.152 1435.045 1434.917 1434.765 1434.583 1434.366 1434.107 1433.798 1433.429 1432.988 1432.463 1431.837 1431.091 1430.204 1429.149 1427.895 1426.408 1424.644 1422.554 1420.080 1417.154 1413.696 1409.616 1404.803 1399.134 1392.465 1384.632 1375.464 1364.820 1352.551 1338.378 1321.935 1302.798 1280.502 1254.624 1224.910 1190.696 1151.185 1105.948 1054.033 994.733 926.823 849.433 761.349 -9999.000 -9999.000
-9999.000 -9999.000 2072.209 1983.558 1905.631 1837.622 1778.539 1727.435 1683.362 1645.462 1612.998 1585.276 1561.680 1541.619 1524.558 1510.052 1497.785 1487.451 1478.773 1471.503 1465.425 1460.350 1456.119 1452.596 1449.666 1447.231 1445.210 1443.535 1442.147 1440.999 1440.050 1439.266 1438.619 1438.085 1437.645 1437.283 1436.985 1436.739 1436.537 1436.371 1436.234 1436.120 1436.026 1435.948 1435.881 1435.825 1435.776 1435.733 1435.693 1435.655 1435.617 1435.579 1435.538 1435.493 1435.443 1435.386 1435.320 1435.243 1435.152 1435.045 1434.917 1434.765 1434.583 1434.366 1434.107 1433.798 1433.429 1432.988 1432.463 1431.837 1431.091 1430.204 1429.149 1427.895 1426.408 1424.644 1422.554 1420.080 1417.154 1413.696 1409.616 1404.803 1399.134 1392.465 1384.632 1375.464 1364.820 1352.551 1338.378 1321.935 1302.798 1280.502 1254.624 1224.910 1190.696 1151.185 1105.948 1054.033 994.733 926.823 849.433 761.349 -9999.000 -9999.000
-9999.000 -9999.000 2072.209 1983.558 1905.631 1837.622 1778.539 1727.435 1683.362 1645.462 1612.998 1585.276 1561.680 1541.619 1524.558 1510.052 1497.785 1487.451 1478.773 1471.503 1465.425 1460.350 1456.119 1452.596 1449.666 1447.231 1445.210 1443.535 1442.147 1440.999 1440.050 1439.266 1438.619 1438.085 1437.645 1437.283 1436.985 1436.739 1436.537 1436.371 1436.234 1436.120 1436.026 1435.948 1435.881 1435.825 1435.776 1435.733 1435.693 1435.655 1435.617 1435.579 1435.538 1435.493 1435.443 1435.386 1435.320 1435.243 1435.152 1435.045 1434.917 1434.765 1434.583 1434.366 1434.107 1433.798 1433.429 1432.988 1432.463 1431.837 1431.091 1430.204 1429.149 1427.895 1426.408 1424.644 1422.554 1420.080 1417.154 1413.696 1409.616 1404.803 1399.134 1392.465 1384.632 1375.464 1364.820 1352.551 1338.378 1321.935 1302.798 1280.502 1254.624 1224.910 1190.696 1151.185 1105.948 1054.033 994.733 926.823 849.433 761.349 -9999.000 -9999.000
-9999.000 -9999.000 2072.209 1983.558 1905.631 1837.622 1778.539 1727.435 1683.362 1645.462 1612.998 1585.276 1561.680 1541.619 1524.558 1510.052 1497.785 1487.451 1478.773 1471.503 1465.425 1460.350 1456.119 1452.596 1449.666 1447.231 1445.210 1443.535 1442.147 1440.999 1440.050 1439.266 1438.619 1438.085 1437.645 1437.283 1436.985 1436.739 1436.537 1436.371 1436.234 1436.120 1436.026 1435.948 1435.881 1435.825 1435.776 1435.733 1435.693 1435.655 1435.617 1435.579 1435.538 1435.493 1435.443 1435.386 1435.320 1435.243 1435.152 1435.045 1434.917 1434.765 1434.583 1434.366 1434.107 1433.798 1433.429 1432.988 1432.463 1431.837 1431.091 1430.204 1429.149 1427.895 1426.408 1424.644 1422.554 1420.080 1417.154 1413.696 1409.616 1404.803 1399.134 1392.465 1384.632 1375.464 1364.820 1352.551 1338.378 1321.935 1302.798 1280.502 1254.624 1224.910 1190.696 1151.185 1105.948 1054.033 994.733 926.823 849.433 761.349 -9999.000 -9999.000
-9999.000 -9999.000 -9999.000 -9999.000 -9999.000 -9999.000 -9999.000 -9999.000 -9999.000 -9999.000 -9999.000 -9999.000 -9999.000 -9999.000 -9999.000 -9999.000 -9999.000 -9999.000 -9999.000 -9999.000 -9999.000 -9999.000 -9999.000 -9999.000 -9999.000 -9999.000 -9999.000 -9999.000 -9999.000 -9999.000 -9999.000 -9999.000 -9999.000 -9999.000 -9999.000 -9999.000 -9999.000 -9999.000 -9999.000 -9999.000 -9999.000 -9999.000 -9999.000 -9999.000 -9999.000 -9999.000 -9999.000 -9999.000 -9999.000 -9999.000 -9999.000 -9999.000 -9999.000 -9999.000 -9999.000 -9999.000 -9999.000 -9999.000 -9999.000 -9999.000 -9999.000 -9999.000 -9999.000 -9999.000 -9999.000 -9999.000 -9999.000 -9999.000 -9999.000 -9999.000 -9999.000 -9999.000 -9999.000 -9999.000 -9999.000 -9999.000 -9999.000 -9999.000 -9999.000 -9999.000 -9999.000 -9999.000 -9999.000 -9999.000 -9999.000 -9999.000 -9999.000 -9999.000 -9999.000 -9999.000 -9999.000 -9999.000 -9999.000 -9999.000 -9999.000 -9999.000 -9999.000 -9999.000 -9999.000 -9999.000 -9999.000 -9999.000 -9999.000 -9999.000
-9999.000 -9999.000 -9999.000 -9999.000 -9999.000 -9999.000 -9999.000 -9999.000 -9999.000 -9999.000 -9999.000 -9999.000 -9999.000 -9999.000 -9999.000 -9999.000 -9999.000 -9999.000 -9999.000 -9999.000 -9999.000 -9999.000 -9999.000 -9999.000 -9999.000 -9999.000 -9999.000 -9999.000 -9999.000 -9999.000 -9999.000 -9999.000 -9999.000 -9999.000 -9999.000 -9999.000 -9999.000 -9999.000 -9999.000 -9999.000 -9999.000 -9999.000 -9999.000 -9999.000 -9999.000 -9999.000 -9999.000 -9999.000 -9999.000 -9999.000 -9999.000 -9999.000 -9999.000 -9999.000 -9999.000 -9999.000 -9999.000 -9999.000 -9999.000 -9999.000 -9999.000 -9999.000 -9999.000 -9999.000 -9999.000 -9999.000 -9999.000 -9999.000 -9999.000 -9999.000 -9999.000 -9999.000 -9999.000 -9999.000 -9999.000 -9999.000 -9999.000 -9999.000 -9999.000 -9999.000 -9999.000 -9999.000 -9999.000 -9999.000 -9999.000 -9999.000 -9999.000 -9999.000 -9999.000 -9999.000 -9999.000 -9999.000 -9999.000 -9999.000 -9999.000 -9999.000 -9999.000 -9999.000 -9999.000 -9999.000 -9999.000 -9999.000 -9999.000 -9999.000