tests/3D/hillslope01/output-maps-METEOIO-OFF/psiliqL0090N0001.asc
ncols         104
nrows         10
xllcorner     -2.000000
yllcorner     0.000000
cellsize      1.000000
NODATA_value  -9999.0
-9999.000 -9999.000 -9999.000 -9999.000 -9999.000 -9999.000 -9999.000 -9999.000 -9999.000 -9999.000 -9999.000 -9999.000 -9999.000 -9999.000 -9999.000 -9999.000 -9999.000 -9999.000 -9999.000 -9999.000 -9999.000 -9999.000 -9999.000 -9999.000 -9999.000 -9999.000 -9999.000 -9999.000 -9999.000 -9999.000 -9999.000 -9999.000 -9999.000 -9999.000 -9999.000 -9999.000 -9999.000 -9999.000 -9999.000 -9999.000 -9999.000 -9999.000 -9999.000 -9999.000 -9999.000 -9999.000 -9999.000 -9999.000 -9999.000 -9999.000 -9999.000 -9999.000 -9999.000 -9999.000 -9999.000 -9999.000 -9999.000 -9999.000 -9999.000 -9999.000 -9999.000 -9999.000 -9999.000 -9999.000 -9999.000 -9999.000 -9999.000 -9999.000 -9999.000 -9999.000 -9999.000 -9999.000 -9999.000 -9999.000 -9999.000 -9999.000 -9999.000 -9999.000 -9999.000 -9999.000 -9999.000 -9999.000 -9999.000 -9999.000 -9999.000 -9999.000 -9999.000 -9999.000 -9999.000 -9999.000 -9999.000 -9999.000 -9999.000 -9999.000 -9999.000 -9999.000 -9999.000 -9999.000 -9999.000 -9999.000 -9999.000 -9999.000 -9999.000 -9999.000
-9999.000 -9999.000 -9999.000 -9999.000 -9999.000 -9999.000 -9999.000 -9999.000 -9999.000 -9999.000 -9999.000 -9999.000 -9999.000 -9999.000 -9999.000 -9999.000 -9999.000 -9999.000 -9999.000 -9999.000 -9999.000 -9999.000 -9999.000 -9999.000 -9999.000 -9999.000 -9999.000 -9999.000 -9999.000 -9999.000 -9999.000 -9999.000 -9999.000 -9999.000 -9999.000 -9999.000 -9999.000 -9999.000 -9999.000 -9999.000 -9999.000 -9999.000 -9999.000 -9999.000 -9999.000 -9999.000 -9999.000 -9999.000 -9999.000 -9999.000 -9999.000 -9999.000 -9999.000 -9999.000 -9999.000 -9999.000 -9999.000 -9999.000 -9999.000 -9999.000 -9999.000 -9999.000 -9999.000 -9999.000 -9999.000 -9999.000 -9999.000 -9999.000 -9999.000 -9999.000 -9999.000 -9999.000 -9999.000 -9999.000 -9999.000 -9999.000 -9999.000 -9999.000 -9999.000 -9999.000 -9999.000 -9999.000 -9999.000 -9999.000 -9999.000 -9999.000 -9999.000 -9999.000 -9999.000 -9999.000 -9999.000 -9999.000 -9999.000 -9999.000 -9999.000 -9999.000 -9999.000 -9999.000 -9999.000 -9999.000 -9999.000 -9999.000 -9999.000 -9999.000
-9999.000 -9999.000 4603.677 4513.460 4432.778 4361.180 4298.068 4242.759 4194.532 4152.668 4116.473 4085.293 4058.517 4035.589 4016.002 3999.311 3985.123 3973.095 3962.925 3954.348 3947.130 3941.070 3935.990 3931.741 3928.190 3925.229 3922.763 3920.710 3919.005 3917.589 3916.416 3915.444 3914.639 3913.974 3913.424 3912.970 3912.595 3912.286 3912.031 3911.821 3911.647 3911.502 3911.382 3911.282 3911.197 3911.125 3911.062 3911.007 3910.956 3910.907 3910.860 3910.812 3910.761 3910.705 3910.644 3910.574 3910.493 3910.398 3910.288 3910.157 3910.001 3909.816 3909.596 3909.334 3909.021 3908.649 3908.205 3907.677 3907.048 3906.300 3905.411 3904.356 3903.105 3901.621 3899.865 3897.787 3895.332 3892.434 3889.018 3884.996 3880.267 3874.718 3868.215 3860.612 3851.742 3841.421 3829.438 3815.550 3799.469 3780.859 3759.343 3734.501 3705.879 3672.980 3635.246 3592.065 3542.782 3486.696 3423.084 3351.220 3270.441 3180.209 -9999.000 -9999.000
-9999.000 -9999.000 4603.677 4513.460 4432.778 4361.180 4298.068 4242.759 4194.532 4152.668 4116.473 4085.293 4058.517 4035.589 4016.002 3999.311 3985.123 3973.095 3962.925 3954.348 3947.130 3941.070 3935.990 3931.741 3928.190 3925.229 3922.763 3920.710 3919.005 3917.589 3916.416 3915.444 3914.639 3913.974 3913.424 3912.970 3912.595 3912.286 3912.031 3911.821 3911.647 3911.502 3911.382 3911.282 3911.197 3911.125 3911.062 3911.007 3910.956 3910.907 3910.860 3910.812 3910.761 3910.705 3910.644 3910.574 3910.493 3910.398 3910.288 3910.157 3910.001 3909.816 3909.596 3909.334 3909.021 3908.649 3908.205 3907.677 3907.048 3906.300 3905.411 3904.356 3903.105 3901.621 3899.865 3897.787 3895.332 3892.434 3889.018 3884.996 3880.267 3874.718 3868.215 3860.612 3851.742 3841.421 3829.438 3815.550 3799.469 3780.859 3759.343 3734.501 3705.879 3672.980 3635.246 3592.065 3542.782 3486.696 3423.084 3351.220 3270.441 3180.209 -9999.000 -9999.000
-9999.000 -9999.000 4603.677 4513.460 4432.778 4361.180 4298.068 4242.759 4194.532 4152.668 4116.473 4085.293 4058.517 4035.589 4016.002 3999.311 3985.123 3973.095 3962.925 3954.348 3947.130 3941.070 3935.990 3931.741 3928.190 3925.229 3922.763 3920.710 3919.005 3917.589 3916.416 3915.444 3914.639 3913.974 3913.424 3912.970 3912.595 3912.286 3912.031 3911.821 3911.647 3911.502 3911.382 3911.282 3911.197 3911.125 3911.062 3911.007 3910.956 3910.907 3910.860 3910.812 3910.761 3910.705 3910.644 3910.574 3910.493 3910.398 3910.288 3910.157 3910.001 3909.816 3909.596 3909.334 3909.021 3908.649 3908.205 3907.677 3907.048 3906.300 3905.411 3904.356 3903.105 3901.621 3899.865 3897.787 3895.332 3892.434 3889.018 3884.996 3880.267 3874.718 3868.215 3860.612 3851.742 3841.421 3829.438 3815.550 3799.469 3780.859 3759.343 3734.501 3705.879 3672.980 3635.246 3592.065 3542.782 3486.696 3423.084 3351.220 3270.441 3180.209 -9999.000 -9999.000
-9999.000 -9999.000 4603.677 4513.460 4432.778 4361.180 4298.068 4242.759 4194.532 4152.668 4116.473 4085.293 4058.517 4035.589 4016.002 3999.311 3985.123 3973.095 3962.925 3954.348 3947.130 3941.070 3935.990 3931.741 3928.190 3925.229 3922.763 3920.710 3919.005 3917.589 3916.416 3915.444 3914.639 3913.974 3913.424 3912.970 3912.595 3912.286 3912.031 3911.821 3911.647 3911.502 3911.382 3911.282 3911.197 3911.125 3911.062 3911.007 3910.956 3910.907 3910.860 3910.812 3910.761 3910.705 3910.644 3910.574 3910.493 3910.398 3910.288 3910.157 3910.001 3909.816 3909.596 3909.334 3909.021 3908.649 3908.205 3907.677 3907.048 3906.300 3905.411 3904.356 3903.105 3901.621 3899.865 3897.787 3895.332 3892.434 3889.018 3884.996 3880.267 3874.718 3868.215 3860.612 3851.742 3841.421 3829.438 3815.550 3799.469 3780.859 3759.343 3734.501 3705.879 3672.980 3635.246 3592.065 3542.782 3486.696 3423.084 3351.220 3270.441 3180.209 -9999.000 -9999.000
-9999.000 -9999.000 4603.677 4513.460 4432.778 4361.180 4298.068 4242.759 4194.532 4152.668 4116.473 4085.293 4058.517 4035.589 4016.002 3999.311 3985.123 3973.095 3962.925 3954.348 3947.130 3941.070 3935.990 3931.741 3928.190 3925.229 3922.763 3920.710 3919.005 3917.589 3916.416 3915.444 3914.639 3913.974 3913.424 3912.970 3912.595 3912.286 3912.031 3911.821 3911.647 3911.502 3911.382 3911.282 3911.197 3911.125 3911.062 3911.007 3910.956 3910.907 3910.860 3910.812 3910.761 3910.705 3910.644 3910.574 3910.493 3910.398 3910.288 3910.157 3910.001 3909.816 3909.596 3909.334 3909.021 3908.649 3908.205 3907.677 3907.048 3906.300 3905.411 3904.356 3903.105 3901.621 3899.865 3897.787 3895.332 3892.434 3889.018 3884.996 3880.267 3874.718 3868.215 3860.612 3851.742 3841.421 3829.438 3815.550 3799.469 3780.859 3759.343 3734.501 3705.879 3672.980 3635.246 3592.065 3542.782 3486.696 3423.084 3351.220 3270.441 3180.209 -9999.000 -9999.000
-9999.000 -9999.000 4603.677 4513.460 4432.778 4361.180 4298.068 4242.759 4194.532 4152.668 4116.473 4085.293 4058.517 4035.589 4016.002 3999.311 3985.123 3973.095 3962.925 3954.348 3947.130 3941.070 3935.990 3931.741 3928.190 3925.229 3922.763 3920.710 3919.005 3917.589 3916.416 3915.444 3914.639 3913.974 3913.424 3912.970 3912.595 3912.286 3912.031 3911.821 3911.647 3911.502 3911.382 3911.282 3911.197 3911.125 3911.062 3911.007 3910.956 3910.907 3910.860 3910.812 3910.761 3910.705 3910.644 3910.574 3910.493 3910.398 3910.288 3910.157 3910.001 3909.816 3909.596 3909.334 3909.021 3908.649 3908.205 3907.677 3907.048 3906.300 3905.411 3904.356 3903.105 3901.621 3899.865 3897.787 3895.332 3892.434 3889.018 3884.996 3880.267 3874.718 3868.215 3860.612 3851.742 3841.421 3829.438 3815.550 3799.469 3780.859 3759.343 3734.501 3705.879 3672.980 3635.246 3592.065 3542.782 3486.696 3423.084 3351.220 3270.441 3180.209 -9999.000 -9999.000
-9999.000 -9999.000 -9999.000 -9999.000 -9999.000 -9999.000 -9999.000 -9999.000 -9999.000 -9999.000 -9999.000 -9999.000 -9999.000 -9999.000 -9999.000 -9999.000 -9999.000 -9999.000 -9999.000 -9999.000 -9999.000 -9999.000 -9999.000 -9999.000 -9999.000 -9999.000 -9999.000 -9999.000 -9999.000 -9999.000 -9999.000 -9999.000 -9999.000 -9999.000 -9999.000 -9999.000 -9999.000 -9999.000 -9999.000 -9999.000 -9999.000 -9999.000 -9999.000 -9999.000 -9999.000 -9999.000 -9999.000 -9999.000 -9999.000 -9999.000 -9999.000 -9999.000 -9999.000 -9999.000 -9999.000 -9999.000 -9999.000 -9999.000 -9999.000 -9999.000 -9999.000 -9999.000 -9999.000 -9999.000 -9999.000 -9999.000 -9999.000 -9999.000 -9999.000 -9999.000 -9999.000 -9999.000 -9999.000 -9999.000 -9999.000 -9999.000 -9999.000 -9999.000 -9999.000 -9999.000 -9999.000 -9999.000 -9999.000 -9999.000 -9999.000 -9999.000 -9999.000 -9999.000 -9999.000 -9999.000 -9999.000 -9999.000 -9999.000 -9999.000 -9999.000 -9999.000 -9999.000 -9999.000 -9999.000 -9999.000 -9999.000 -9999.000 -9999.000 -9999.000
-9999.000 -9999.000 -9999.000 -9999.000 -9999.000 -9999.000 -9999.000 -9999.000 -9999.000 -9999.000 -9999.000 -9999.000 -9999.000 -9999.000 -9999.000 -9999.000 -9999.000 -9999.000 -9999.000 -9999.000 -9999.000 -9999.000 -9999.000 -9999.000 -9999.000 -9999.000 -9999.000 -9999.000 -9999.000 -9999.000 -9999.000 -9999.000 -9999.000 -9999.000 -9999.000 -9999.000 -9999.000 -9999.000 -9999.000 -9999.000 -9999.000 -9999.000 -9999.000 -9999.000 -9999.000 -9999.000 -9999.000 -9999.000 -9999.000 -9999.000 -9999.000 -9999.000 -9999.000 -9999.000 -9999.000 -9999.000 -9999.000 -9999.000 -9999.000 -9999.000 -9999.000 -9999.000 -9999.000 -9999.000 -9999.000 -9999.000 -9999.000 -9999.000 -9999.000 -9999.000 -9999.000 -9999.000 -9999.000 -9999.000 -9999.000 -9999.000 -9999.000 -9999.000 -9999.000 -9999.000 -9999.000 -9999.000 -9999.000 -9999.000 -9999.000 -9999.000 -9999.000 -9999.000 -9999.000 -9999.000 -9999.000 -9999.000 -9999.000 -9999.000 -9999.000 -9999.000 -9999.000 -9999.000 -9999.000 -9999.000 -9999.000 -9999.000 -9999.000 -9999.000