tests/3D/hillslope01/output-maps-METEOIO-OFF/psiliqL0099N0001.asc
ncols         104
nrows         10
xllcorner     -2.000000
yllcorner     0.000000
cellsize      1.000000
NODATA_value  -9999.0
-9999.000 -9999.000 -9999.000 -9999.000 -9999.000 -9999.000 -9999.000 -9999.000 -9999.000 -9999.000 -9999.000 -9999.000 -9999.000 -9999.000 -9999.000 -9999.000 -9999.000 -9999.000 -9999.000 -9999.000 -9999.000 -9999.000 -9999.000 -9999.000 -9999.000 -9999.000 -9999.000 -9999.000 -9999.000 -9999.000 -9999.000 -9999.000 -9999.000 -9999.000 -9999.000 -9999.000 -9999.000 -9999.000 -9999.000 -9999.000 -9999.000 -9999.000 -9999.000 -9999.000 -9999.000 -9999.000 -9999.000 -9999.000 -9999.000 -9999.000 -9999.000 -9999.000 -9999.000 -9999.000 -9999.000 -9999.000 -9999.000 -9999.000 -9999.000 -9999.000 -9999.000 -9999.000 -9999.000 -9999.000 -9999.000 -9999.000 -9999.000 -9999.000 -9999.000 -9999.000 -9999.000 -9999.000 -9999.000 -9999.000 -9999.000 -9999.000 -9999.000 -9999.000 -9999.000 -9999.000 -9999.000 -9999.000 -9999.000 -9999.000 -9999.000 -9999.000 -9999.000 -9999.000 -9999.000 -9999.000 -9999.000 -9999.000 -9999.000 -9999.000 -9999.000 -9999.000 -9999.000 -9999.000 -9999.000 -9999.000 -9999.000 -9999.000 -9999.000 -9999.000
-9999.000 -9999.000 -9999.000 -9999.000 -9999.000 -9999.000 -9999.000 -9999.000 -9999.000 -9999.000 -9999.000 -9999.000 -9999.000 -9999.000 -9999.000 -9999.000 -9999.000 -9999.000 -9999.000 -9999.000 -9999.000 -9999.000 -9999.000 -9999.000 -9999.000 -9999.000 -9999.000 -9999.000 -9999.000 -9999.000 -9999.000 -9999.000 -9999.000 -9999.000 -9999.000 -9999.000 -9999.000 -9999.000 -9999.000 -9999.000 -9999.000 -9999.000 -9999.000 -9999.000 -9999.000 -9999.000 -9999.000 -9999.000 -9999.000 -9999.000 -9999.000 -9999.000 -9999.000 -9999.000 -9999.000 -9999.000 -9999.000 -9999.000 -9999.000 -9999.000 -9999.000 -9999.000 -9999.000 -9999.000 -9999.000 -9999.000 -9999.000 -9999.000 -9999.000 -9999.000 -9999.000 -9999.000 -9999.000 -9999.000 -9999.000 -9999.000 -9999.000 -9999.000 -9999.000 -9999.000 -9999.000 -9999.000 -9999.000 -9999.000 -9999.000 -9999.000 -9999.000 -9999.000 -9999.000 -9999.000 -9999.000 -9999.000 -9999.000 -9999.000 -9999.000 -9999.000 -9999.000 -9999.000 -9999.000 -9999.000 -9999.000 -9999.000 -9999.000 -9999.000
-9999.000 -9999.000 5499.911 5409.571 5328.661 5256.759 5193.295 5137.612 5089.008 5046.779 5010.238 4978.735 4951.664 4928.468 4908.643 4891.742 4877.370 4865.180 4854.868 4846.167 4838.841 4832.686 4827.526 4823.206 4819.597 4816.585 4814.075 4811.986 4810.250 4808.809 4807.614 4806.623 4805.803 4805.125 4804.565 4804.102 4803.720 4803.405 4803.144 4802.929 4802.752 4802.605 4802.482 4802.380 4802.293 4802.219 4802.155 4802.098 4802.046 4801.997 4801.948 4801.899 4801.847 4801.791 4801.728 4801.657 4801.575 4801.479 4801.366 4801.232 4801.074 4800.886 4800.663 4800.396 4800.078 4799.700 4799.249 4798.712 4798.073 4797.313 4796.411 4795.340 4794.069 4792.564 4790.781 4788.673 4786.183 4783.245 4779.782 4775.706 4770.916 4765.296 4758.715 4751.023 4742.054 4731.619 4719.505 4705.463 4689.204 4670.394 4648.655 4623.570 4594.682 4561.487 4523.430 4479.902 4430.251 4373.787 4309.803 4237.602 4156.557 4066.174 -9999.000 -9999.000
-9999.000 -9999.000 5499.911 5409.571 5328.661 5256.759 5193.295 5137.612 5089.008 5046.779 5010.238 4978.735 4951.664 4928.468 4908.643 4891.742 4877.370 4865.180 4854.868 4846.167 4838.841 4832.686 4827.526 4823.206 4819.597 4816.585 4814.075 4811.986 4810.250 4808.809 4807.614 4806.623 4805.803 4805.125 4804.565 4804.102 4803.720 4803.405 4803.144 4802.929 4802.752 4802.605 4802.482 4802.380 4802.293 4802.219 4802.155 4802.098 4802.046 4801.997 4801.948 4801.899 4801.847 4801.791 4801.728 4801.657 4801.575 4801.479 4801.366 4801.232 4801.074 4800.886 4800.663 4800.396 4800.078 4799.700 4799.249 4798.712 4798.073 4797.313 4796.411 4795.340 4794.069 4792.564 4790.781 4788.673 4786.183 4783.245 4779.782 4775.706 4770.916 4765.296 4758.715 4751.023 4742.054 4731.619 4719.505 4705.463 4689.204 4670.394 4648.655 4623.570 4594.682 4561.487 4523.430 4479.902 4430.251 4373.787 4309.803 4237.602 4156.557 4066.174 -9999.000 -9999.000
-9999.000 -9999.000 5499.911 5409.571 5328.661 5256.759 5193.295 5137.612 5089.008 5046.779 5010.238 4978.735 4951.664 4928.468 4908.643 4891.742 4877.370 4865.180 4854.868 4846.167 4838.841 4832.686 4827.526 4823.206 4819.597 4816.585 4814.075 4811.986 4810.250 4808.809 4807.614 4806.623 4805.803 4805.125 4804.565 4804.102 4803.720 4803.405 4803.144 4802.929 4802.752 4802.605 4802.482 4802.380 4802.293 4802.219 4802.155 4802.098 4802.046 4801.997 4801.948 4801.899 4801.847 4801.791 4801.728 4801.657 4801.575 4801.479 4801.366 4801.232 4801.074 4800.886 4800.663 4800.396 4800.078 4799.700 4799.249 4798.712 4798.073 4797.313 4796.411 4795.340 4794.069 4792.564 4790.781 4788.673 4786.183 4783.245 4779.782 4775.706 4770.916 4765.296 4758.715 4751.023 4742.054 4731.619 4719.505 4705.463 4689.204 4670.394 4648.655 4623.570 4594.682 4561.487 4523.430 4479.902 4430.251 4373.787 4309.803 4237.602 4156.557 4066.174 -9999.000 -9999.000
-9999.000 -9999.000 5499.911 5409.571 5328.661 5256.759 5193.295 5137.612 5089.008 5046.779 5010.238 4978.735 4951.664 4928.468 4908.643 4891.742 4877.370 4865.180 4854.868 4846.167 4838.841 4832.686 4827.526 4823.206 4819.597 4816.585 4814.075 4811.986 4810.250 4808.809 4807.614 4806.623 4805.803 4805.125 4804.565 4804.102 4803.720 4803.405 4803.144 4802.929 4802.752 4802.605 4802.482 4802.380 4802.293 4802.219 4802.155 4802.098 4802.046 4801.997 4801.948 4801.899 4801.847 4801.791 4801.728 4801.657 4801.575 4801.479 4801.366 4801.232 4801.074 4800.886 4800.663 4800.396 4800.078 4799.700 4799.249 4798.712 4798.073 4797.313 4796.411 4795.340 4794.069 4792.564 4790.781 4788.673 4786.183 4783.245 4779.782 4775.706 4770.916 4765.296 4758.715 4751.023 4742.054 4731.619 4719.505 4705.463 4689.204 4670.394 4648.655 4623.570 4594.682 4561.487 4523.430 4479.902 4430.251 4373.787 4309.803 4237.602 4156.557 4066.174 -9999.000 -9999.000
-9999.000 -9999.000 5499.911 5409.571 5328.661 5256.759 5193.295 5137.612 5089.008 5046.779 5010.238 4978.735 4951.664 4928.468 4908.643 4891.742 4877.370 4865.180 4854.868 4846.167 4838.841 4832.686 4827.526 4823.206 4819.597 4816.585 4814.075 4811.986 4810.250 4808.809 4807.614 4806.623 4805.803 4805.125 4804.565 4804.102 4803.720 4803.405 4803.144 4802.929 4802.752 4802.605 4802.482 4802.380 4802.293 4802.219 4802.155 4802.098 4802.046 4801.997 4801.948 4801.899 4801.847 4801.791 4801.728 4801.657 4801.575 4801.479 4801.366 4801.232 4801.074 4800.886 4800.663 4800.396 4800.078 4799.700 4799.249 4798.712 4798.073 4797.313 4796.411 4795.340 4794.069 4792.564 4790.781 4788.673 4786.183 4783.245 4779.782 4775.706 4770.916 4765.296 4758.715 4751.023 4742.054 4731.619 4719.505 4705.463 4689.204 4670.394 4648.655 4623.570 4594.682 4561.487 4523.430 4479.902 4430.251 4373.787 4309.803 4237.602 4156.557 4066.174 -9999.000 -9999.000
-9999.000 -9999.000 5499.911 5409.571 5328.661 5256.759 5193.295 5137.612 5089.008 5046.779 5010.238 4978.735 4951.664 4928.468 4908.643 4891.742 4877.370 4865.180 4854.868 4846.167 4838.841 4832.686 4827.526 4823.206 4819.597 4816.585 4814.075 4811.986 4810.250 4808.809 4807.614 4806.623 4805.803 4805.125 4804.565 4804.102 4803.720 4803.405 4803.144 4802.929 4802.752 4802.605 4802.482 4802.380 4802.293 4802.219 4802.155 4802.098 4802.046 4801.997 4801.948 4801.899 4801.847 4801.791 4801.728 4801.657 4801.575 4801.479 4801.366 4801.232 4801.074 4800.886 4800.663 4800.396 4800.078 4799.700 4799.249 4798.712 4798.073 4797.313 4796.411 4795.340 4794.069 4792.564 4790.781 4788.673 4786.183 4783.245 4779.782 4775.706 4770.916 4765.296 4758.715 4751.023 4742.054 4731.619 4719.505 4705.463 4689.204 4670.394 4648.655 4623.570 4594.682 4561.487 4523.430 4479.902 4430.251 4373.787 4309.803 4237.602 4156.557 4066.174 -9999.000 -9999.000
-9999.000 -9999.000 -9999.000 -9999.000 -9999.000 -9999.000 -9999.000 -9999.000 -9999.000 -9999.000 -9999.000 -9999.000 -9999.000 -9999.000 -9999.000 -9999.000 -9999.000 -9999.000 -9999.000 -9999.000 -9999.000 -9999.000 -9999.000 -9999.000 -9999.000 -9999.000 -9999.000 -9999.000 -9999.000 -9999.000 -9999.000 -9999.000 -9999.000 -9999.000 -9999.000 -9999.000 -9999.000 -9999.000 -9999.000 -9999.000 -9999.000 -9999.000 -9999.000 -9999.000 -9999.000 -9999.000 -9999.000 -9999.000 -9999.000 -9999.000 -9999.000 -9999.000 -9999.000 -9999.000 -9999.000 -9999.000 -9999.000 -9999.000 -9999.000 -9999.000 -9999.000 -9999.000 -9999.000 -9999.000 -9999.000 -9999.000 -9999.000 -9999.000 -9999.000 -9999.000 -9999.000 -9999.000 -9999.000 -9999.000 -9999.000 -9999.000 -9999.000 -9999.000 -9999.000 -9999.000 -9999.000 -9999.000 -9999.000 -9999.000 -9999.000 -9999.000 -9999.000 -9999.000 -9999.000 -9999.000 -9999.000 -9999.000 -9999.000 -9999.000 -9999.000 -9999.000 -9999.000 -9999.000 -9999.000 -9999.000 -9999.000 -9999.000 -9999.000 -9999.000
-9999.000 -9999.000 -9999.000 -9999.000 -9999.000 -9999.000 -9999.000 -9999.000 -9999.000 -9999.000 -9999.000 -9999.000 -9999.000 -9999.000 -9999.000 -9999.000 -9999.000 -9999.000 -9999.000 -9999.000 -9999.000 -9999.000 -9999.000 -9999.000 -9999.000 -9999.000 -9999.000 -9999.000 -9999.000 -9999.000 -9999.000 -9999.000 -9999.000 -9999.000 -9999.000 -9999.000 -9999.000 -9999.000 -9999.000 -9999.000 -9999.000 -9999.000 -9999.000 -9999.000 -9999.000 -9999.000 -9999.000 -9999.000 -9999.000 -9999.000 -9999.000 -9999.000 -9999.000 -9999.000 -9999.000 -9999.000 -9999.000 -9999.000 -9999.000 -9999.000 -9999.000 -9999.000 -9999.000 -9999.000 -9999.000 -9999.000 -9999.000 -9999.000 -9999.000 -9999.000 -9999.000 -9999.000 -9999.000 -9999.000 -9999.000 -9999.000 -9999.000 -9999.000 -9999.000 -9999.000 -9999.000 -9999.000 -9999.000 -9999.000 -9999.000 -9999.000 -9999.000 -9999.000 -9999.000 -9999.000 -9999.000 -9999.000 -9999.000 -9999.000 -9999.000 -9999.000 -9999.000 -9999.000 -9999.000 -9999.000 -9999.000 -9999.000 -9999.000 -9999.000