tests/3D/hillslope01/output-maps-METEOIO-OFF/psiliqL0092N0001.asc
ncols         104
nrows         10
xllcorner     -2.000000
yllcorner     0.000000
cellsize      1.000000
NODATA_value  -9999.0
-9999.000 -9999.000 -9999.000 -9999.000 -9999.000 -9999.000 -9999.000 -9999.000 -9999.000 -9999.000 -9999.000 -9999.000 -9999.000 -9999.000 -9999.000 -9999.000 -9999.000 -9999.000 -9999.000 -9999.000 -9999.000 -9999.000 -9999.000 -9999.000 -9999.000 -9999.000 -9999.000 -9999.000 -9999.000 -9999.000 -9999.000 -9999.000 -9999.000 -9999.000 -9999.000 -9999.000 -9999.000 -9999.000 -9999.000 -9999.000 -9999.000 -9999.000 -9999.000 -9999.000 -9999.000 -9999.000 -9999.000 -9999.000 -9999.000 -9999.000 -9999.000 -9999.000 -9999.000 -9999.000 -9999.000 -9999.000 -9999.000 -9999.000 -9999.000 -9999.000 -9999.000 -9999.000 -9999.000 -9999.000 -9999.000 -9999.000 -9999.000 -9999.000 -9999.000 -9999.000 -9999.000 -9999.000 -9999.000 -9999.000 -9999.000 -9999.000 -9999.000 -9999.000 -9999.000 -9999.000 -9999.000 -9999.000 -9999.000 -9999.000 -9999.000 -9999.000 -9999.000 -9999.000 -9999.000 -9999.000 -9999.000 -9999.000 -9999.000 -9999.000 -9999.000 -9999.000 -9999.000 -9999.000 -9999.000 -9999.000 -9999.000 -9999.000 -9999.000 -9999.000
-9999.000 -9999.000 -9999.000 -9999.000 -9999.000 -9999.000 -9999.000 -9999.000 -9999.000 -9999.000 -9999.000 -9999.000 -9999.000 -9999.000 -9999.000 -9999.000 -9999.000 -9999.000 -9999.000 -9999.000 -9999.000 -9999.000 -9999.000 -9999.000 -9999.000 -9999.000 -9999.000 -9999.000 -9999.000 -9999.000 -9999.000 -9999.000 -9999.000 -9999.000 -9999.000 -9999.000 -9999.000 -9999.000 -9999.000 -9999.000 -9999.000 -9999.000 -9999.000 -9999.000 -9999.000 -9999.000 -9999.000 -9999.000 -9999.000 -9999.000 -9999.000 -9999.000 -9999.000 -9999.000 -9999.000 -9999.000 -9999.000 -9999.000 -9999.000 -9999.000 -9999.000 -9999.000 -9999.000 -9999.000 -9999.000 -9999.000 -9999.000 -9999.000 -9999.000 -9999.000 -9999.000 -9999.000 -9999.000 -9999.000 -9999.000 -9999.000 -9999.000 -9999.000 -9999.000 -9999.000 -9999.000 -9999.000 -9999.000 -9999.000 -9999.000 -9999.000 -9999.000 -9999.000 -9999.000 -9999.000 -9999.000 -9999.000 -9999.000 -9999.000 -9999.000 -9999.000 -9999.000 -9999.000 -9999.000 -9999.000 -9999.000 -9999.000 -9999.000 -9999.000
-9999.000 -9999.000 4803.509 4713.249 4632.486 4560.780 4497.544 4442.103 4393.743 4351.750 4315.434 4284.140 4257.261 4234.238 4214.567 4197.802 4183.549 4171.465 4161.245 4152.624 4145.368 4139.275 4134.167 4129.893 4126.322 4123.343 4120.861 4118.796 4117.080 4115.655 4114.474 4113.495 4112.685 4112.015 4111.462 4111.005 4110.628 4110.316 4110.059 4109.847 4109.672 4109.527 4109.406 4109.305 4109.220 4109.147 4109.083 4109.027 4108.976 4108.927 4108.879 4108.831 4108.780 4108.724 4108.662 4108.591 4108.510 4108.415 4108.304 4108.172 4108.015 4107.829 4107.608 4107.344 4107.030 4106.655 4106.209 4105.678 4105.045 4104.293 4103.400 4102.339 4101.081 4099.589 4097.824 4095.735 4093.268 4090.356 4086.923 4082.883 4078.133 4072.558 4066.028 4058.393 4049.489 4039.128 4027.099 4013.157 3997.013 3978.333 3956.738 3931.810 3903.095 3870.092 3832.244 3788.941 3739.528 3683.309 3619.565 3547.582 3466.709 3376.423 -9999.000 -9999.000
-9999.000 -9999.000 4803.509 4713.249 4632.486 4560.780 4497.544 4442.103 4393.743 4351.750 4315.434 4284.140 4257.261 4234.238 4214.567 4197.802 4183.549 4171.465 4161.245 4152.624 4145.368 4139.275 4134.167 4129.893 4126.322 4123.343 4120.861 4118.796 4117.080 4115.655 4114.474 4113.495 4112.685 4112.015 4111.462 4111.005 4110.628 4110.316 4110.059 4109.847 4109.672 4109.527 4109.406 4109.305 4109.220 4109.147 4109.083 4109.027 4108.976 4108.927 4108.879 4108.831 4108.780 4108.724 4108.662 4108.591 4108.510 4108.415 4108.304 4108.172 4108.015 4107.829 4107.608 4107.344 4107.030 4106.655 4106.209 4105.678 4105.045 4104.293 4103.400 4102.339 4101.081 4099.589 4097.824 4095.735 4093.268 4090.356 4086.923 4082.883 4078.133 4072.558 4066.028 4058.393 4049.489 4039.128 4027.099 4013.157 3997.013 3978.333 3956.738 3931.810 3903.095 3870.092 3832.244 3788.941 3739.528 3683.309 3619.565 3547.582 3466.709 3376.423 -9999.000 -9999.000
-9999.000 -9999.000 4803.509 4713.249 4632.486 4560.780 4497.544 4442.103 4393.743 4351.750 4315.434 4284.140 4257.261 4234.238 4214.567 4197.802 4183.549 4171.465 4161.245 4152.624 4145.368 4139.275 4134.167 4129.893 4126.322 4123.343 4120.861 4118.796 4117.080 4115.655 4114.474 4113.495 4112.685 4112.015 4111.462 4111.005 4110.628 4110.316 4110.059 4109.847 4109.672 4109.527 4109.406 4109.305 4109.220 4109.147 4109.083 4109.027 4108.976 4108.927 4108.879 4108.831 4108.780 4108.724 4108.662 4108.591 4108.510 4108.415 4108.304 4108.172 4108.015 4107.829 4107.608 4107.344 4107.030 4106.655 4106.209 4105.678 4105.045 4104.293 4103.400 4102.339 4101.081 4099.589 4097.824 4095.735 4093.268 4090.356 4086.923 4082.883 4078.133 4072.558 4066.028 4058.393 4049.489 4039.128 4027.099 4013.157 3997.013 3978.333 3956.738 3931.810 3903.095 3870.092 3832.244 3788.941 3739.528 3683.309 3619.565 3547.582 3466.709 3376.423 -9999.000 -9999.000
-9999.000 -9999.000 4803.509 4713.249 4632.486 4560.780 4497.544 4442.103 4393.743 4351.750 4315.434 4284.140 4257.261 4234.238 4214.567 4197.802 4183.549 4171.465 4161.245 4152.624 4145.368 4139.275 4134.167 4129.893 4126.322 4123.343 4120.861 4118.796 4117.080 4115.655 4114.474 4113.495 4112.685 4112.015 4111.462 4111.005 4110.628 4110.316 4110.059 4109.847 4109.672 4109.527 4109.406 4109.305 4109.220 4109.147 4109.083 4109.027 4108.976 4108.927 4108.879 4108.831 4108.780 4108.724 4108.662 4108.591 4108.510 4108.415 4108.304 4108.172 4108.015 4107.829 4107.608 4107.344 4107.030 4106.655 4106.209 4105.678 4105.045 4104.293 4103.400 4102.339 4101.081 4099.589 4097.824 4095.735 4093.268 4090.356 4086.923 4082.883 4078.133 4072.558 4066.028 4058.393 4049.489 4039.128 4027.099 4013.157 3997.013 3978.333 3956.738 3931.810 3903.095 3870.092 3832.244 3788.941 3739.528 3683.309 3619.565 3547.582 3466.709 3376.423 -9999.000 -9999.000
-9999.000 -9999.000 4803.509 4713.249 4632.486 4560.780 4497.544 4442.103 4393.743 4351.750 4315.434 4284.140 4257.261 4234.238 4214.567 4197.802 4183.549 4171.465 4161.245 4152.624 4145.368 4139.275 4134.167 4129.893 4126.322 4123.343 4120.861 4118.796 4117.080 4115.655 4114.474 4113.495 4112.685 4112.015 4111.462 4111.005 4110.628 4110.316 4110.059 4109.847 4109.672 4109.527 4109.406 4109.305 4109.220 4109.147 4109.083 4109.027 4108.976 4108.927 4108.879 4108.831 4108.780 4108.724 4108.662 4108.591 4108.510 4108.415 4108.304 4108.172 4108.015 4107.829 4107.608 4107.344 4107.030 4106.655 4106.209 4105.678 4105.045 4104.293 4103.400 4102.339 4101.081 4099.589 4097.824 4095.735 4093.268 4090.356 4086.923 4082.883 4078.133 4072.558 4066.028 4058.393 4049.489 4039.128 4027.099 4013.157 3997.013 3978.333 3956.738 3931.810 3903.095 3870.092 3832.244 3788.941 3739.528 3683.309 3619.565 3547.582 3466.709 3376.423 -9999.000 -9999.000
-9999.000 -9999.000 4803.509 4713.249 4632.486 4560.780 4497.544 4442.103 4393.743 4351.750 4315.434 4284.140 4257.261 4234.238 4214.567 4197.802 4183.549 4171.465 4161.245 4152.624 4145.368 4139.275 4134.167 4129.893 4126.322 4123.343 4120.861 4118.796 4117.080 4115.655 4114.474 4113.495 4112.685 4112.015 4111.462 4111.005 4110.628 4110.316 4110.059 4109.847 4109.672 4109.527 4109.406 4109.305 4109.220 4109.147 4109.083 4109.027 4108.976 4108.927 4108.879 4108.831 4108.780 4108.724 4108.662 4108.591 4108.510 4108.415 4108.304 4108.172 4108.015 4107.829 4107.608 4107.344 4107.030 4106.655 4106.209 4105.678 4105.045 4104.293 4103.400 4102.339 4101.081 4099.589 4097.824 4095.735 4093.268 4090.356 4086.923 4082.883 4078.133 4072.558 4066.028 4058.393 4049.489 4039.128 4027.099 4013.157 3997.013 3978.333 3956.738 3931.810 3903.095 3870.092 3832.244 3788.941 3739.528 3683.309 3619.565 3547.582 3466.709 3376.423 -9999.000 -9999.000
-9999.000 -9999.000 -9999.000 -9999.000 -9999.000 -9999.000 -9999.000 -9999.000 -9999.000 -9999.000 -9999.000 -9999.000 -9999.000 -9999.000 -9999.000 -9999.000 -9999.000 -9999.000 -9999.000 -9999.000 -9999.000 -9999.000 -9999.000 -9999.000 -9999.000 -9999.000 -9999.000 -9999.000 -9999.000 -9999.000 -9999.000 -9999.000 -9999.000 -9999.000 -9999.000 -9999.000 -9999.000 -9999.000 -9999.000 -9999.000 -9999.000 -9999.000 -9999.000 -9999.000 -9999.000 -9999.000 -9999.000 -9999.000 -9999.000 -9999.000 -9999.000 -9999.000 -9999.000 -9999.000 -9999.000 -9999.000 -9999.000 -9999.000 -9999.000 -9999.000 -9999.000 -9999.000 -9999.000 -9999.000 -9999.000 -9999.000 -9999.000 -9999.000 -9999.000 -9999.000 -9999.000 -9999.000 -9999.000 -9999.000 -9999.000 -9999.000 -9999.000 -9999.000 -9999.000 -9999.000 -9999.000 -9999.000 -9999.000 -9999.000 -9999.000 -9999.000 -9999.000 -9999.000 -9999.000 -9999.000 -9999.000 -9999.000 -9999.000 -9999.000 -9999.000 -9999.000 -9999.000 -9999.000 -9999.000 -9999.000 -9999.000 -9999.000 -9999.000 -9999.000
-9999.000 -9999.000 -9999.000 -9999.000 -9999.000 -9999.000 -9999.000 -9999.000 -9999.000 -9999.000 -9999.000 -9999.000 -9999.000 -9999.000 -9999.000 -9999.000 -9999.000 -9999.000 -9999.000 -9999.000 -9999.000 -9999.000 -9999.000 -9999.000 -9999.000 -9999.000 -9999.000 -9999.000 -9999.000 -9999.000 -9999.000 -9999.000 -9999.000 -9999.000 -9999.000 -9999.000 -9999.000 -9999.000 -9999.000 -9999.000 -9999.000 -9999.000 -9999.000 -9999.000 -9999.000 -9999.000 -9999.000 -9999.000 -9999.000 -9999.000 -9999.000 -9999.000 -9999.000 -9999.000 -9999.000 -9999.000 -9999.000 -9999.000 -9999.000 -9999.000 -9999.000 -9999.000 -9999.000 -9999.000 -9999.000 -9999.000 -9999.000 -9999.000 -9999.000 -9999.000 -9999.000 -9999.000 -9999.000 -9999.000 -9999.000 -9999.000 -9999.000 -9999.000 -9999.000 -9999.000 -9999.000 -9999.000 -9999.000 -9999.000 -9999.000 -9999.000 -9999.000 -9999.000 -9999.000 -9999.000 -9999.000 -9999.000 -9999.000 -9999.000 -9999.000 -9999.000 -9999.000 -9999.000 -9999.000 -9999.000 -9999.000 -9999.000 -9999.000 -9999.000