tests/3D/hillslope01/output-maps-METEOIO-OFF/psiliqL0071N0001.asc
ncols         104
nrows         10
xllcorner     -2.000000
yllcorner     0.000000
cellsize      1.000000
NODATA_value  -9999.0
-9999.000 -9999.000 -9999.000 -9999.000 -9999.000 -9999.000 -9999.000 -9999.000 -9999.000 -9999.000 -9999.000 -9999.000 -9999.000 -9999.000 -9999.000 -9999.000 -9999.000 -9999.000 -9999.000 -9999.000 -9999.000 -9999.000 -9999.000 -9999.000 -9999.000 -9999.000 -9999.000 -9999.000 -9999.000 -9999.000 -9999.000 -9999.000 -9999.000 -9999.000 -9999.000 -9999.000 -9999.000 -9999.000 -9999.000 -9999.000 -9999.000 -9999.000 -9999.000 -9999.000 -9999.000 -9999.000 -9999.000 -9999.000 -9999.000 -9999.000 -9999.000 -9999.000 -9999.000 -9999.000 -9999.000 -9999.000 -9999.000 -9999.000 -9999.000 -9999.000 -9999.000 -9999.000 -9999.000 -9999.000 -9999.000 -9999.000 -9999.000 -9999.000 -9999.000 -9999.000 -9999.000 -9999.000 -9999.000 -9999.000 -9999.000 -9999.000 -9999.000 -9999.000 -9999.000 -9999.000 -9999.000 -9999.000 -9999.000 -9999.000 -9999.000 -9999.000 -9999.000 -9999.000 -9999.000 -9999.000 -9999.000 -9999.000 -9999.000 -9999.000 -9999.000 -9999.000 -9999.000 -9999.000 -9999.000 -9999.000 -9999.000 -9999.000 -9999.000 -9999.000
-9999.000 -9999.000 -9999.000 -9999.000 -9999.000 -9999.000 -9999.000 -9999.000 -9999.000 -9999.000 -9999.000 -9999.000 -9999.000 -9999.000 -9999.000 -9999.000 -9999.000 -9999.000 -9999.000 -9999.000 -9999.000 -9999.000 -9999.000 -9999.000 -9999.000 -9999.000 -9999.000 -9999.000 -9999.000 -9999.000 -9999.000 -9999.000 -9999.000 -9999.000 -9999.000 -9999.000 -9999.000 -9999.000 -9999.000 -9999.000 -9999.000 -9999.000 -9999.000 -9999.000 -9999.000 -9999.000 -9999.000 -9999.000 -9999.000 -9999.000 -9999.000 -9999.000 -9999.000 -9999.000 -9999.000 -9999.000 -9999.000 -9999.000 -9999.000 -9999.000 -9999.000 -9999.000 -9999.000 -9999.000 -9999.000 -9999.000 -9999.000 -9999.000 -9999.000 -9999.000 -9999.000 -9999.000 -9999.000 -9999.000 -9999.000 -9999.000 -9999.000 -9999.000 -9999.000 -9999.000 -9999.000 -9999.000 -9999.000 -9999.000 -9999.000 -9999.000 -9999.000 -9999.000 -9999.000 -9999.000 -9999.000 -9999.000 -9999.000 -9999.000 -9999.000 -9999.000 -9999.000 -9999.000 -9999.000 -9999.000 -9999.000 -9999.000 -9999.000 -9999.000
-9999.000 -9999.000 2685.643 2596.399 2517.466 2448.165 2387.658 2335.081 2289.570 2250.312 2216.574 2187.676 2162.996 2141.958 2124.042 2108.806 2095.895 2084.993 2075.813 2068.103 2061.642 2056.236 2051.721 2047.954 2044.817 2042.206 2040.036 2038.235 2036.742 2035.505 2034.481 2033.634 2032.935 2032.357 2031.881 2031.488 2031.165 2030.898 2030.678 2030.497 2030.348 2030.224 2030.121 2030.036 2029.963 2029.902 2029.848 2029.801 2029.757 2029.716 2029.675 2029.633 2029.589 2029.541 2029.487 2029.425 2029.355 2029.272 2029.174 2029.059 2028.922 2028.759 2028.564 2028.332 2028.056 2027.725 2027.331 2026.861 2026.301 2025.635 2024.841 2023.898 2022.777 2021.447 2019.869 2018.000 2015.788 2013.172 2010.081 2006.434 2002.135 1997.074 1991.124 1984.139 1975.959 1966.413 1955.330 1942.515 1927.690 1910.505 1890.555 1867.404 1840.626 1809.820 1774.390 1733.652 1687.010 1633.660 1572.816 1503.497 1424.833 1335.882 -9999.000 -9999.000
-9999.000 -9999.000 2685.643 2596.399 2517.466 2448.165 2387.658 2335.081 2289.570 2250.312 2216.574 2187.676 2162.996 2141.958 2124.042 2108.806 2095.895 2084.993 2075.813 2068.103 2061.642 2056.236 2051.721 2047.954 2044.817 2042.206 2040.036 2038.235 2036.742 2035.505 2034.481 2033.634 2032.935 2032.357 2031.881 2031.488 2031.165 2030.898 2030.678 2030.497 2030.348 2030.224 2030.121 2030.036 2029.963 2029.902 2029.848 2029.801 2029.757 2029.716 2029.675 2029.633 2029.589 2029.541 2029.487 2029.425 2029.355 2029.272 2029.174 2029.059 2028.922 2028.759 2028.564 2028.332 2028.056 2027.725 2027.331 2026.861 2026.301 2025.635 2024.841 2023.898 2022.777 2021.447 2019.869 2018.000 2015.788 2013.172 2010.081 2006.434 2002.135 1997.074 1991.124 1984.139 1975.959 1966.413 1955.330 1942.515 1927.690 1910.505 1890.555 1867.404 1840.626 1809.820 1774.390 1733.652 1687.010 1633.660 1572.816 1503.497 1424.833 1335.882 -9999.000 -9999.000
-9999.000 -9999.000 2685.643 2596.399 2517.466 2448.165 2387.658 2335.081 2289.570 2250.312 2216.574 2187.676 2162.996 2141.958 2124.042 2108.806 2095.895 2084.993 2075.813 2068.103 2061.642 2056.236 2051.721 2047.954 2044.817 2042.206 2040.036 2038.235 2036.742 2035.505 2034.481 2033.634 2032.935 2032.357 2031.881 2031.488 2031.165 2030.898 2030.678 2030.497 2030.348 2030.224 2030.121 2030.036 2029.963 2029.902 2029.848 2029.801 2029.757 2029.716 2029.675 2029.633 2029.589 2029.541 2029.487 2029.425 2029.355 2029.272 2029.174 2029.059 2028.922 2028.759 2028.564 2028.332 2028.056 2027.725 2027.331 2026.861 2026.301 2025.635 2024.841 2023.898 2022.777 2021.447 2019.869 2018.000 2015.788 2013.172 2010.081 2006.434 2002.135 1997.074 1991.124 1984.139 1975.959 1966.413 1955.330 1942.515 1927.690 1910.505 1890.555 1867.404 1840.626 1809.820 1774.390 1733.652 1687.010 1633.660 1572.816 1503.497 1424.833 1335.882 -9999.000 -9999.000
-9999.000 -9999.000 2685.643 2596.399 2517.466 2448.165 2387.658 2335.081 2289.570 2250.312 2216.574 2187.676 2162.996 2141.958 2124.042 2108.806 2095.895 2084.993 2075.813 2068.103 2061.642 2056.236 2051.721 2047.954 2044.817 2042.206 2040.036 2038.235 2036.742 2035.505 2034.481 2033.634 2032.935 2032.357 2031.881 2031.488 2031.165 2030.898 2030.678 2030.497 2030.348 2030.224 2030.121 2030.036 2029.963 2029.902 2029.848 2029.801 2029.757 2029.716 2029.675 2029.633 2029.589 2029.541 2029.487 2029.425 2029.355 2029.272 2029.174 2029.059 2028.922 2028.759 2028.564 2028.332 2028.056 2027.725 2027.331 2026.861 2026.301 2025.635 2024.841 2023.898 2022.777 2021.447 2019.869 2018.000 2015.788 2013.172 2010.081 2006.434 2002.135 1997.074 1991.124 1984.139 1975.959 1966.413 1955.330 1942.515 1927.690 1910.505 1890.555 1867.404 1840.626 1809.820 1774.390 1733.652 1687.010 1633.660 1572.816 1503.497 1424.833 1335.882 -9999.000 -9999.000
-9999.000 -9999.000 2685.643 2596.399 2517.466 2448.165 2387.658 2335.081 2289.570 2250.312 2216.574 2187.676 2162.996 2141.958 2124.042 2108.806 2095.895 2084.993 2075.813 2068.103 2061.642 2056.236 2051.721 2047.954 2044.817 2042.206 2040.036 2038.235 2036.742 2035.505 2034.481 2033.634 2032.935 2032.357 2031.881 2031.488 2031.165 2030.898 2030.678 2030.497 2030.348 2030.224 2030.121 2030.036 2029.963 2029.902 2029.848 2029.801 2029.757 2029.716 2029.675 2029.633 2029.589 2029.541 2029.487 2029.425 2029.355 2029.272 2029.174 2029.059 2028.922 2028.759 2028.564 2028.332 2028.056 2027.725 2027.331 2026.861 2026.301 2025.635 2024.841 2023.898 2022.777 2021.447 2019.869 2018.000 2015.788 2013.172 2010.081 2006.434 2002.135 1997.074 1991.124 1984.139 1975.959 1966.413 1955.330 1942.515 1927.690 1910.505 1890.555 1867.404 1840.626 1809.820 1774.390 1733.652 1687.010 1633.660 1572.816 1503.497 1424.833 1335.882 -9999.000 -9999.000
-9999.000 -9999.000 2685.643 2596.399 2517.466 2448.165 2387.658 2335.081 2289.570 2250.312 2216.574 2187.676 2162.996 2141.958 2124.042 2108.806 2095.895 2084.993 2075.813 2068.103 2061.642 2056.236 2051.721 2047.954 2044.817 2042.206 2040.036 2038.235 2036.742 2035.505 2034.481 2033.634 2032.935 2032.357 2031.881 2031.488 2031.165 2030.898 2030.678 2030.497 2030.348 2030.224 2030.121 2030.036 2029.963 2029.902 2029.848 2029.801 2029.757 2029.716 2029.675 2029.633 2029.589 2029.541 2029.487 2029.425 2029.355 2029.272 2029.174 2029.059 2028.922 2028.759 2028.564 2028.332 2028.056 2027.725 2027.331 2026.861 2026.301 2025.635 2024.841 2023.898 2022.777 2021.447 2019.869 2018.000 2015.788 2013.172 2010.081 2006.434 2002.135 1997.074 1991.124 1984.139 1975.959 1966.413 1955.330 1942.515 1927.690 1910.505 1890.555 1867.404 1840.626 1809.820 1774.390 1733.652 1687.010 1633.660 1572.816 1503.497 1424.833 1335.882 -9999.000 -9999.000
-9999.000 -9999.000 -9999.000 -9999.000 -9999.000 -9999.000 -9999.000 -9999.000 -9999.000 -9999.000 -9999.000 -9999.000 -9999.000 -9999.000 -9999.000 -9999.000 -9999.000 -9999.000 -9999.000 -9999.000 -9999.000 -9999.000 -9999.000 -9999.000 -9999.000 -9999.000 -9999.000 -9999.000 -9999.000 -9999.000 -9999.000 -9999.000 -9999.000 -9999.000 -9999.000 -9999.000 -9999.000 -9999.000 -9999.000 -9999.000 -9999.000 -9999.000 -9999.000 -9999.000 -9999.000 -9999.000 -9999.000 -9999.000 -9999.000 -9999.000 -9999.000 -9999.000 -9999.000 -9999.000 -9999.000 -9999.000 -9999.000 -9999.000 -9999.000 -9999.000 -9999.000 -9999.000 -9999.000 -9999.000 -9999.000 -9999.000 -9999.000 -9999.000 -9999.000 -9999.000 -9999.000 -9999.000 -9999.000 -9999.000 -9999.000 -9999.000 -9999.000 -9999.000 -9999.000 -9999.000 -9999.000 -9999.000 -9999.000 -9999.000 -9999.000 -9999.000 -9999.000 -9999.000 -9999.000 -9999.000 -9999.000 -9999.000 -9999.000 -9999.000 -9999.000 -9999.000 -9999.000 -9999.000 -9999.000 -9999.000 -9999.000 -9999.000 -9999.000 -9999.000
-9999.000 -9999.000 -9999.000 -9999.000 -9999.000 -9999.000 -9999.000 -9999.000 -9999.000 -9999.000 -9999.000 -9999.000 -9999.000 -9999.000 -9999.000 -9999.000 -9999.000 -9999.000 -9999.000 -9999.000 -9999.000 -9999.000 -9999.000 -9999.000 -9999.000 -9999.000 -9999.000 -9999.000 -9999.000 -9999.000 -9999.000 -9999.000 -9999.000 -9999.000 -9999.000 -9999.000 -9999.000 -9999.000 -9999.000 -9999.000 -9999.000 -9999.000 -9999.000 -9999.000 -9999.000 -9999.000 -9999.000 -9999.000 -9999.000 -9999.000 -9999.000 -9999.000 -9999.000 -9999.000 -9999.000 -9999.000 -9999.000 -9999.000 -9999.000 -9999.000 -9999.000 -9999.000 -9999.000 -9999.000 -9999.000 -9999.000 -9999.000 -9999.000 -9999.000 -9999.000 -9999.000 -9999.000 -9999.000 -9999.000 -9999.000 -9999.000 -9999.000 -9999.000 -9999.000 -9999.000 -9999.000 -9999.000 -9999.000 -9999.000 -9999.000 -9999.000 -9999.000 -9999.000 -9999.000 -9999.000 -9999.000 -9999.000 -9999.000 -9999.000 -9999.000 -9999.000 -9999.000 -9999.000 -9999.000 -9999.000 -9999.000 -9999.000 -9999.000 -9999.000