examples/3D/Borden05m2ooo/output-maps-SE27XX/psiliqL0004N0003.asc
ncols         160
nrows         34
xllcorner     620200.000000
yllcorner     5168000.000000
cellsize      0.500000
NODATA_value  -9999.0
[rows 0 to 24 of 34, columns 0 to 55 of 160]
-9999.0 -9999.0 -9999.0 -9999.0 -9999.0 -9999.0 -9999.0 -9999.0 -9999.0 -9999.0 -9999.0 -9999.0 -9999.0 -9999.0 -9999.0 -9999.0 -9999.0 -9999.0 -9999.0 -9999.0 -9999.0 -9999.0 -9999.0 -9999.0 -9999.0 -9999.0 -9999.0 -9999.0 -9999.0 -9999.0 -9999.0 -9999.0 -9999.0 -9999.0 -9999.0 -9999.0 -9999.0 -9999.0 -9999.0 -9999.0 -9999.0 -9999.0 -9999.0 -9999.0 -9999.0 -9999.0 -9999.0 -9999.0 -9999.0 -9999.0 -9999.0 -9999.0 -9999.0 -9999.0 -9999.0 -9999.0
-9999.0 -9999.0 -9999.0 -9999.0 -9999.0 -9999.0 -9999.0 -9999.0 -9999.0 -9999.0 -9999.0 -9999.0 -9999.0 -9999.0 -9999.0 -9999.0 -9999.0 -9999.0 -9999.0 -9999.0 -9999.0 -9999.0 -9999.0 -9999.0 -9999.0 -9999.0 -9999.0 -9999.0 -9999.0 -9999.0 -9999.0 -9999.0 -9999.0 -9999.0 -9999.0 -9999.0 -9999.0 -9999.0 -9999.0 -9999.0 -9999.0 -9999.0 -9999.0 -9999.0 -9999.0 -9999.0 -9999.0 -9999.0 -9999.0 -9999.0 -9999.0 -9999.0 -9999.0 -9999.0 -9999.0 -9999.0
-9999.0 -9999.0 -9999.0 -9999.0 -9999.0 -9999.0 -9999.0 -9999.0 -9999.0 -9999.0 -9999.0 -9999.0 -9999.0 -9999.0 -9999.0 -9999.0 -9999.0 -9999.0 -9999.0 -9999.0 -9999.0 -9999.0 -9999.0 -9999.0 -9999.0 -9999.0 -9999.0 -9999.0 -9999.0 -9999.0 -9999.0 -9999.0 -9999.0 -9999.0 -9999.0 -9999.0 -9999.0 -9999.0 -9999.0 -9999.0 -9999.0 -9999.0 -9999.0 -9999.0 -9999.0 -9999.0 -9999.0 -603.757632 -611.717801 -621.346072 -623.971414 -612.953424 -607.401746 -602.129385 -598.284569 -594.676777
-9999.0 -9999.0 -9999.0 -9999.0 -9999.0 -9999.0 -9999.0 -9999.0 -9999.0 -9999.0 -9999.0 -9999.0 -9999.0 -9999.0 -9999.0 -9999.0 -9999.0 -9999.0 -9999.0 -9999.0 -9999.0 -9999.0 -9999.0 -9999.0 -9999.0 -9999.0 -9999.0 -9999.0 -9999.0 -9999.0 -9999.0 -9999.0 -9999.0 -9999.0 -9999.0 -9999.0 -9999.0 -9999.0 -9999.0 -9999.0 -601.505682 -597.974285 -595.365546 -600.570838 -603.257798 -603.684610 -609.775202 -616.592316 -623.596453 -621.871164 -621.666505 -625.853895 -617.774379 -610.999509 -607.959046 -605.287717
-9999.0 -9999.0 -9999.0 -9999.0 -9999.0 -9999.0 -9999.0 -9999.0 -9999.0 -9999.0 -9999.0 -9999.0 -9999.0 -9999.0 -9999.0 -9999.0 -9999.0 -9999.0 -9999.0 -9999.0 -9999.0 -9999.0 -9999.0 -9999.0 -9999.0 -9999.0 -9999.0 -9999.0 -9999.0 -9999.0 -9999.0 -9999.0 -9999.0 -9999.0 -621.781552 -614.602160 -610.936684 -607.372687 -602.633973 -603.546948 -604.300408 -601.177964 -603.939946 -604.418822 -608.305622 -615.514265 -622.924705 -627.283771 -623.557856 -624.945635 -624.750024 -620.867044 -617.988107 -616.348771 -610.694989 -602.360772
-9999.0 -9999.0 -9999.0 -9999.0 -9999.0 -9999.0 -9999.0 -9999.0 -9999.0 -9999.0 -9999.0 -9999.0 -9999.0 -9999.0 -9999.0 -9999.0 -9999.0 -9999.0 -9999.0 -9999.0 -9999.0 -9999.0 -9999.0 -9999.0 -9999.0 -9999.0 -9999.0 -9999.0 -611.901753 -614.637543 -616.775753 -616.736352 -617.713649 -621.275704 -621.941857 -620.768673 -616.497718 -610.014034 -608.458014 -608.754264 -607.997905 -609.249861 -613.190382 -613.693571 -609.719669 -614.131806 -616.633624 -619.774019 -626.805629 -628.543472 -624.323572 -620.077339 -616.238254 -614.718239 -613.411104 -612.683568
-9999.0 -9999.0 -9999.0 -9999.0 -9999.0 -9999.0 -9999.0 -9999.0 -9999.0 -9999.0 -9999.0 -9999.0 -9999.0 -9999.0 -9999.0 -9999.0 -9999.0 -9999.0 -9999.0 -9999.0 -9999.0 -9999.0 -9999.0 -617.373597 -614.855417 -613.741821 -611.462461 -612.474701 -617.507791 -620.928200 -622.457701 -623.688127 -626.496526 -626.671854 -626.428853 -624.140151 -622.157390 -615.284467 -617.744716 -619.312113 -613.667789 -614.747234 -611.282094 -607.472309 -608.433599 -607.916049 -615.426482 -621.197777 -615.499923 -613.048231 -612.993799 -613.821584 -611.375124 -608.144975 -604.178526 -597.980435
-9999.0 -9999.0 -9999.0 -9999.0 -9999.0 -9999.0 -9999.0 -9999.0 -9999.0 -9999.0 -9999.0 -9999.0 -9999.0 -9999.0 -9999.0 -9999.0 -9999.0 -9999.0 -9999.0 -618.067513 -618.779932 -620.194943 -619.493124 -624.245697 -626.239586 -624.614863 -621.748821 -623.197070 -626.087386 -628.601746 -628.277737 -627.879418 -628.342421 -624.234259 -620.753197 -619.202838 -619.348051 -613.775456 -611.700237 -608.437331 -601.067063 -605.406755 -609.962047 -612.394384 -612.630159 -613.923375 -609.658188 -608.332530 -607.684339 -607.810852 -607.371660 -605.918544 -604.693563 -598.249769 -592.068201 -586.618398
-9999.0 -9999.0 -9999.0 -9999.0 -9999.0 -9999.0 -9999.0 -9999.0 -9999.0 -9999.0 -9999.0 -9999.0 -9999.0 -9999.0 -9999.0 -9999.0 -619.569735 -619.937851 -621.690071 -624.473007 -626.969324 -626.923210 -624.725044 -628.337008 -629.450938 -628.406876 -629.861508 -627.736955 -625.518845 -622.968250 -621.750602 -624.246184 -623.524633 -623.520942 -623.337762 -621.472194 -615.237989 -609.369431 -607.483365 -603.233133 -596.447500 -599.808151 -601.424118 -601.281872 -603.426928 -601.178198 -591.484711 -592.478886 -596.019294 -585.954809 -580.436318 -581.705213 -582.019187 -575.147862 -565.117432 -552.687462
-9999.0 -9999.0 -9999.0 -9999.0 -9999.0 -9999.0 -9999.0 -9999.0 -9999.0 -9999.0 -9999.0 -9999.0 -9999.0 -621.693656 -621.973994 -621.237345 -625.586193 -629.195850 -631.345936 -634.324812 -629.960994 -632.757510 -633.492319 -632.583753 -628.650761 -628.299533 -627.604720 -624.994237 -625.443562 -626.273316 -627.087723 -629.085082 -625.601001 -622.041050 -619.335841 -614.239432 -609.972455 -606.345377 -600.672320 -598.882127 -595.019399 -595.986717 -599.726490 -600.479318 -597.218932 -587.996233 -580.613854 -577.570772 -565.663243 -553.229475 -546.821438 -539.211379 -535.054127 -529.228201 -516.401314 -483.532059
-9999.0 -9999.0 -9999.0 -9999.0 -9999.0 -9999.0 -9999.0 -9999.0 -9999.0 -9999.0 -629.735900 -627.256023 -631.003146 -637.933856 -640.891498 -639.002260 -637.000101 -639.484723 -639.098579 -631.296442 -626.929064 -633.470924 -628.472770 -628.099420 -630.715655 -629.664291 -627.374152 -626.601534 -621.701895 -621.064872 -620.530625 -612.883579 -610.364497 -607.706468 -604.266212 -600.453488 -596.815365 -585.398702 -575.613982 -574.578229 -562.232816 -554.698767 -560.216950 -562.205921 -560.033451 -550.852450 -536.071205 -515.585483 -495.348491 -466.960826 -440.443902 -421.886387 -407.877653 -391.714785 -372.377525 -345.337973
-9999.0 -9999.0 -9999.0 -9999.0 -9999.0 -9999.0 -9999.0 -9999.0 -640.403161 -636.224197 -633.603504 -636.834664 -641.276640 -649.371069 -646.010496 -642.705160 -640.357062 -637.017905 -635.256043 -633.654163 -634.938271 -632.050928 -626.955750 -627.778179 -626.921404 -623.497947 -622.895981 -619.625188 -614.813514 -615.963237 -612.955233 -608.225485 -604.032380 -600.221619 -595.822908 -592.596397 -580.848839 -565.684759 -549.938387 -536.371766 -517.776246 -496.096234 -495.541164 -491.654937 -486.600823 -457.079863 -416.747154 -376.328857 -347.357086 -325.772109 -303.507420 -290.496430 -281.252162 -269.391583 -254.577134 -241.259228
-9999.0 -9999.0 -9999.0 -9999.0 -9999.0 -9999.0 -647.193598 -637.569565 -632.984463 -643.271998 -651.581861 -654.464377 -659.558070 -648.304708 -638.767716 -636.697531 -635.021091 -633.069630 -633.537497 -638.919120 -624.764820 -627.683620 -629.751356 -625.108924 -624.850921 -623.910395 -620.681288 -614.066267 -610.416135 -598.213133 -588.980932 -580.877966 -570.842032 -564.307175 -557.578230 -549.699586 -530.507926 -502.224378 -465.906048 -427.717630 -391.424479 -358.844441 -347.129325 -341.364246 -335.125995 -322.675132 -299.486606 -273.593870 -243.485494 -214.815111 -193.377796 -183.338503 -173.958417 -163.051506 -149.701821 -135.199906
-9999.0 -9999.0 -9999.0 -9999.0 -642.697712 -640.342215 -641.687967 -633.281170 -627.558064 -639.693695 -635.258117 -637.433249 -641.573777 -646.511819 -652.439525 -647.576690 -644.566970 -642.379401 -642.632753 -628.468761 -616.333912 -622.396250 -616.061192 -604.697265 -606.062700 -604.195184 -602.743161 -596.898055 -587.110745 -574.798716 -550.388723 -527.861578 -510.980072 -492.120024 -472.465859 -444.934901 -403.985022 -360.904696 -331.505333 -304.620998 -278.561409 -256.596227 -241.941923 -234.123532 -224.403325 -212.453690 -195.805946 -171.441862 -143.110538 -109.047766 -84.069796 -69.143408 -60.925324 -50.879259 -38.688763 -21.025899
-9999.0 -9999.0 -9999.0 -649.144365 -639.531410 -635.663893 -639.410333 -637.191457 -629.860102 -636.229384 -637.268170 -638.300895 -638.886757 -638.586041 -638.886235 -635.925881 -634.980172 -636.345035 -633.802905 -624.691822 -619.589261 -611.963303 -605.544032 -596.796640 -589.563975 -586.219582 -581.844430 -572.045335 -549.903921 -523.844030 -478.839558 -417.062969 -371.453405 -346.388197 -331.791782 -312.969278 -293.380018 -264.296011 -235.805513 -208.292108 -180.112717 -156.089679 -134.252981 -121.466521 -113.392993 -105.777990 -90.203893 -67.802285 -42.829728 7.201998 34.554114 53.226509 63.949526 70.645522 83.880685 96.575797
-9999.0 -9999.0 -648.130341 -642.478316 -645.600133 -638.411500 -630.494238 -634.535245 -625.379419 -622.133597 -629.940510 -624.811438 -621.945362 -626.597916 -622.812523 -618.570278 -616.232051 -621.949240 -625.627613 -615.105571 -594.241764 -577.159312 -566.957923 -530.916933 -509.387260 -495.205085 -487.366347 -464.535060 -426.436038 -371.840657 -330.681659 -291.183443 -256.418621 -228.666614 -216.558218 -202.066113 -180.113170 -156.929022 -129.095068 -101.716271 -75.255333 -52.320010 -23.857733 11.648931 16.715626 28.258265 30.456552 66.272441 86.077761 104.998368 121.279578 122.199423 122.759007 122.776263 123.330427 123.458859
-9999.0 -9999.0 -654.615774 -645.343491 -650.903592 -636.573218 -623.140919 -633.385172 -628.495261 -615.201722 -617.503110 -615.144887 -615.760720 -614.263890 -607.956038 -596.957257 -601.456914 -603.211037 -614.246978 -585.069721 -559.045348 -516.604924 -442.174391 -377.780524 -343.062057 -336.444906 -332.451486 -319.571169 -298.907594 -259.749559 -212.812924 -163.231589 -122.447127 -95.433372 -82.079314 -68.007864 -45.667718 -3.369758 12.352663 41.465995 58.044892 60.678453 97.000630 116.120158 122.151824 122.473567 120.948766 122.530558 123.026238 123.210230 122.991577 119.776915 118.816216 119.389198 120.122907 115.746260
-9999.0 -657.664671 -652.729784 -651.916272 -642.368702 -644.041835 -632.033495 -615.816850 -614.179470 -607.398987 -605.737577 -611.834706 -583.779512 -560.043105 -550.707171 -531.615986 -538.233168 -543.650103 -554.802025 -526.958220 -475.687122 -372.833807 -278.812746 -228.506089 -196.832779 -191.339284 -193.878101 -180.322151 -155.767275 -119.168745 -61.388564 2.631973 40.873147 68.051956 76.494163 78.523531 91.325393 107.967312 122.630539 125.671791 126.482546 126.105722 123.155361 123.482947 123.845577 123.527707 120.456616 114.394530 106.625944 99.560365 95.096019 90.266186 92.384806 95.569426 96.284911 90.082296
-9999.0 -672.155291 -653.572477 -642.916638 -645.969526 -652.021497 -626.281217 -590.350281 -597.741528 -598.668629 -597.593895 -575.354815 -515.154271 -458.125602 -417.608806 -378.479406 -380.192903 -392.985240 -391.087479 -356.512298 -311.570251 -242.750142 -134.883927 -54.687222 -18.779953 -7.131787 0.897631 20.971317 46.111620 67.995569 88.077069 110.183787 114.241695 115.292287 115.618356 115.826294 115.985999 116.240819 113.013667 109.626402 105.242436 105.268243 108.760933 108.516611 105.945439 102.803701 95.396079 86.802398 78.363234 50.723846 41.955290 36.737205 34.449686 34.497144 30.218708 24.420088
-9999.0 -657.930088 -637.857464 -642.348153 -658.002203 -633.381501 -620.954559 -593.304261 -571.899871 -572.345289 -544.058550 -460.855047 -369.596147 -314.125163 -280.342109 -260.711525 -248.478360 -249.579434 -229.972792 -183.967375 -109.884375 -6.247836 39.834268 90.152773 99.309905 100.311961 99.273973 99.980835 100.758413 101.079352 101.369266 98.704651 104.578906 107.011282 105.820529 102.579629 96.268780 88.193598 82.916171 79.715565 75.556094 75.471091 79.155709 79.515296 76.137575 66.757763 40.856772 28.844188 18.642739 5.330787 -2.001832 -7.646269 -10.757649 -15.478056 -20.589537 -26.541718
-9999.0 -683.979360 -653.270466 -678.015470 -643.655734 -615.048041 -614.394214 -572.182709 -524.119628 -501.018445 -398.361442 -324.731665 -258.250600 -211.992837 -177.025456 -139.256334 -113.349831 -86.677167 -52.021133 -15.873918 76.381203 102.457746 106.349591 108.000121 100.625915 100.518612 89.997716 69.638129 59.182518 52.395542 52.718790 41.931738 67.349553 74.958893 72.468962 67.858957 43.128554 33.757276 28.632713 20.453407 12.884706 7.865965 7.154712 12.190527 5.901364 -0.957988 -12.720810 -23.892857 -34.849708 -45.335651 -54.550749 -62.309414 -65.947516 -71.903692 -73.481860 -80.153129
-9999.0 -704.137262 -680.797638 -664.972302 -635.811910 -615.122566 -594.356095 -550.112690 -457.765157 -370.128599 -304.880644 -270.324028 -218.054498 -160.925832 -103.885791 -73.020120 -56.406555 -49.503144 -39.784864 -28.328949 -26.051915 16.073421 33.152457 53.962216 58.470230 58.409745 20.632075 2.292548 -6.383487 -7.967233 -9.473638 -11.747119 -8.252749 -8.358899 -12.095953 -13.820330 -16.301448 -24.617309 -32.864992 -40.173984 -46.531052 -53.836124 -58.876067 -61.609391 -64.635168 -66.696568 -75.939939 -87.520293 -98.796974 -107.728282 -116.256426 -122.845282 -125.202608 -129.585699 -135.115948 -144.534955
-9999.0 -754.450704 -673.507185 -665.308086 -647.685541 -641.282620 -634.071100 -597.034722 -541.037704 -383.285375 -251.387413 -233.897571 -215.702118 -182.429274 -128.229099 -78.836169 -72.981019 -100.442665 -120.648934 -127.439329 -116.369354 -94.071552 -74.606351 -52.443331 -38.074674 -32.680471 -40.477519 -52.529301 -66.754518 -74.112764 -77.811401 -84.959888 -89.505973 -89.521737 -91.905150 -88.661875 -87.542114 -97.625273 -109.713294 -123.375142 -135.171571 -143.851032 -146.908671 -146.619071 -147.603239 -151.000989 -158.552969 -168.387143 -180.055454 -190.444221 -198.411925 -203.903426 -209.282922 -216.477770 -224.423441 -232.948763
-9999.0 -9999.0 -708.070911 -665.234593 -660.275742 -653.863297 -647.555620 -618.755723 -586.264300 -491.940795 -386.339973 -330.786818 -297.391685 -265.001896 -219.886181 -181.254780 -175.605140 -169.560701 -192.656060 -191.477465 -184.507108 -175.296348 -162.426773 -148.489541 -136.123911 -129.201592 -126.759453 -129.890836 -139.192167 -152.855823 -167.871729 -179.109744 -186.078379 -191.125900 -185.095516 -176.300032 -178.227380 -184.606722 -194.840088 -207.982170 -218.856630 -229.633616 -232.376339 -231.449262 -231.546821 -234.246017 -238.992237 -249.826543 -260.958112 -272.253397 -277.768226 -283.093979 -288.245585 -297.096063 -306.015568 -315.704384
-9999.0 -9999.0 -763.950982 -686.956520 -659.478828 -641.499260 -643.631769 -640.323894 -601.975882 -580.646251 -548.755371 -502.326520 -449.761931 -393.432335 -359.287939 -326.989544 -312.694852 -306.064206 -305.040973 -296.427354 -280.446499 -264.335332 -252.753420 -241.766881 -231.369953 -223.044814 -216.138292 -224.812799 -233.673977 -246.775049 -263.099041 -281.027383 -290.665220 -295.902172 -292.607605 -286.662427 -290.666910 -298.684484 -309.485287 -321.559166 -330.384918 -338.612045 -340.877791 -341.740120 -341.923045 -343.733059 -346.411412 -354.629845 -366.899772 -377.738931 -387.277705 -395.885535 -401.490218 -412.443005 -426.477341 -437.979774
