examples/3D/Borden05m2ooo/output-maps-SE27XX/psiliqL0026N0003.asc
ncols         160
nrows         34
xllcorner     620200.000000
yllcorner     5168000.000000
cellsize      0.500000
NODATA_value  -9999.0
[rows 0 to 24 of 34, columns 0 to 54 of 160]
-9999.0 -9999.0 -9999.0 -9999.0 -9999.0 -9999.0 -9999.0 -9999.0 -9999.0 -9999.0 -9999.0 -9999.0 -9999.0 -9999.0 -9999.0 -9999.0 -9999.0 -9999.0 -9999.0 -9999.0 -9999.0 -9999.0 -9999.0 -9999.0 -9999.0 -9999.0 -9999.0 -9999.0 -9999.0 -9999.0 -9999.0 -9999.0 -9999.0 -9999.0 -9999.0 -9999.0 -9999.0 -9999.0 -9999.0 -9999.0 -9999.0 -9999.0 -9999.0 -9999.0 -9999.0 -9999.0 -9999.0 -9999.0 -9999.0 -9999.0 -9999.0 -9999.0 -9999.0 -9999.0 -9999.0
-9999.0 -9999.0 -9999.0 -9999.0 -9999.0 -9999.0 -9999.0 -9999.0 -9999.0 -9999.0 -9999.0 -9999.0 -9999.0 -9999.0 -9999.0 -9999.0 -9999.0 -9999.0 -9999.0 -9999.0 -9999.0 -9999.0 -9999.0 -9999.0 -9999.0 -9999.0 -9999.0 -9999.0 -9999.0 -9999.0 -9999.0 -9999.0 -9999.0 -9999.0 -9999.0 -9999.0 -9999.0 -9999.0 -9999.0 -9999.0 -9999.0 -9999.0 -9999.0 -9999.0 -9999.0 -9999.0 -9999.0 -9999.0 -9999.0 -9999.0 -9999.0 -9999.0 -9999.0 -9999.0 -9999.0
-9999.0 -9999.0 -9999.0 -9999.0 -9999.0 -9999.0 -9999.0 -9999.0 -9999.0 -9999.0 -9999.0 -9999.0 -9999.0 -9999.0 -9999.0 -9999.0 -9999.0 -9999.0 -9999.0 -9999.0 -9999.0 -9999.0 -9999.0 -9999.0 -9999.0 -9999.0 -9999.0 -9999.0 -9999.0 -9999.0 -9999.0 -9999.0 -9999.0 -9999.0 -9999.0 -9999.0 -9999.0 -9999.0 -9999.0 -9999.0 -9999.0 -9999.0 -9999.0 -9999.0 -9999.0 -9999.0 -9999.0 3273.238880 3256.026593 3242.573643 3237.656409 3258.452993 3281.293617 3304.882784 3325.184182
-9999.0 -9999.0 -9999.0 -9999.0 -9999.0 -9999.0 -9999.0 -9999.0 -9999.0 -9999.0 -9999.0 -9999.0 -9999.0 -9999.0 -9999.0 -9999.0 -9999.0 -9999.0 -9999.0 -9999.0 -9999.0 -9999.0 -9999.0 -9999.0 -9999.0 -9999.0 -9999.0 -9999.0 -9999.0 -9999.0 -9999.0 -9999.0 -9999.0 -9999.0 -9999.0 -9999.0 -9999.0 -9999.0 -9999.0 -9999.0 3324.280565 3330.105425 3329.685922 3319.693401 3308.196289 3294.292907 3273.539149 3256.339399 3243.217720 3241.167142 3243.392645 3245.736028 3266.060059 3291.230176 3310.898325
-9999.0 -9999.0 -9999.0 -9999.0 -9999.0 -9999.0 -9999.0 -9999.0 -9999.0 -9999.0 -9999.0 -9999.0 -9999.0 -9999.0 -9999.0 -9999.0 -9999.0 -9999.0 -9999.0 -9999.0 -9999.0 -9999.0 -9999.0 -9999.0 -9999.0 -9999.0 -9999.0 -9999.0 -9999.0 -9999.0 -9999.0 -9999.0 -9999.0 -9999.0 3232.448198 3249.214803 3266.934022 3285.293068 3302.080708 3308.995434 3314.725746 3319.904537 3315.047138 3310.413303 3298.462108 3277.124703 3257.624821 3244.714197 3243.597561 3240.943544 3244.179168 3255.335879 3271.609205 3286.221424 3306.388857
-9999.0 -9999.0 -9999.0 -9999.0 -9999.0 -9999.0 -9999.0 -9999.0 -9999.0 -9999.0 -9999.0 -9999.0 -9999.0 -9999.0 -9999.0 -9999.0 -9999.0 -9999.0 -9999.0 -9999.0 -9999.0 -9999.0 -9999.0 -9999.0 -9999.0 -9999.0 -9999.0 -9999.0 3238.921413 3232.840824 3227.835928 3226.021567 3224.317606 3223.142256 3229.605584 3240.446498 3257.173794 3279.003630 3292.045324 3299.069650 3305.738158 3305.806877 3299.579872 3297.557382 3297.720594 3284.684644 3272.035197 3260.170822 3248.539833 3244.969843 3253.432900 3267.266703 3283.053848 3297.175999 3311.973528
-9999.0 -9999.0 -9999.0 -9999.0 -9999.0 -9999.0 -9999.0 -9999.0 -9999.0 -9999.0 -9999.0 -9999.0 -9999.0 -9999.0 -9999.0 -9999.0 -9999.0 -9999.0 -9999.0 -9999.0 -9999.0 -9999.0 -9999.0 3209.572240 3214.309850 3220.622167 3228.065276 3228.800008 3225.336871 3219.738805 3216.802582 3215.078299 3212.450266 3216.649052 3223.248296 3235.774335 3250.587234 3272.473640 3280.279833 3284.062723 3294.952296 3298.260126 3305.709259 3309.134781 3306.753719 3302.138709 3286.654524 3274.491853 3276.018931 3279.408627 3285.691792 3293.462450 3306.363884 3319.430665 3334.035172
-9999.0 -9999.0 -9999.0 -9999.0 -9999.0 -9999.0 -9999.0 -9999.0 -9999.0 -9999.0 -9999.0 -9999.0 -9999.0 -9999.0 -9999.0 -9999.0 -9999.0 -9999.0 -9999.0 3185.423993 3186.368323 3187.718969 3192.395753 3192.560213 3194.077803 3200.544916 3208.221674 3210.804172 3208.227893 3206.887969 3207.775049 3209.873181 3213.881315 3223.725459 3236.461954 3249.691962 3261.740539 3281.649239 3295.266361 3306.762889 3321.229309 3321.025979 3316.767775 3314.431678 3313.637452 3311.256829 3308.803559 3307.035931 3312.453986 3312.290299 3314.959176 3323.308284 3334.502546 3350.136991 3366.757520
-9999.0 -9999.0 -9999.0 -9999.0 -9999.0 -9999.0 -9999.0 -9999.0 -9999.0 -9999.0 -9999.0 -9999.0 -9999.0 -9999.0 -9999.0 -9999.0 3157.095238 3158.736565 3160.950642 3166.293254 3169.825529 3173.525691 3180.200791 3180.821686 3183.732647 3190.291403 3194.161311 3202.862065 3210.600559 3216.940078 3221.964049 3223.483379 3228.987751 3237.121538 3247.409773 3260.094000 3278.956793 3301.368863 3315.918320 3331.495375 3347.655579 3347.216983 3344.519125 3343.797295 3341.344484 3341.680097 3354.999563 3357.181436 3350.919560 3359.555649 3370.314019 3372.157226 3377.947124 3396.718685 3417.930664
-9999.0 -9999.0 -9999.0 -9999.0 -9999.0 -9999.0 -9999.0 -9999.0 -9999.0 -9999.0 -9999.0 -9999.0 -9999.0 3107.881127 3111.671129 3121.688402 3133.015822 3135.829999 3140.520323 3146.929365 3158.671844 3161.858208 3167.306993 3173.815459 3185.133326 3192.928151 3200.800898 3211.534953 3218.463462 3224.262030 3229.432648 3231.056847 3241.218198 3253.858582 3266.836609 3284.555508 3305.099636 3322.182235 3339.018611 3354.132311 3364.578604 3360.827610 3358.943002 3359.993287 3363.577875 3375.239694 3390.618768 3389.996142 3398.578773 3417.989528 3427.197545 3433.545714 3438.720277 3451.665259 3472.306241
-9999.0 -9999.0 -9999.0 -9999.0 -9999.0 -9999.0 -9999.0 -9999.0 -9999.0 -9999.0 3081.525579 3082.780667 3078.744122 3075.658687 3081.129600 3093.123826 3107.318271 3112.408229 3123.959319 3144.822829 3162.950797 3165.305993 3177.833757 3186.477249 3192.076463 3200.639354 3212.107356 3222.684404 3236.506890 3246.549567 3253.704417 3268.369968 3282.428528 3296.848428 3312.347635 3331.076822 3345.651373 3367.865647 3391.141791 3398.491022 3414.185798 3415.981738 3410.853112 3408.006361 3416.150020 3426.185298 3439.862145 3454.461530 3471.836358 3492.694357 3502.116840 3514.105129 3522.328155 3531.908586 3546.474907
-9999.0 -9999.0 -9999.0 -9999.0 -9999.0 -9999.0 -9999.0 -9999.0 3057.222382 3065.104128 3070.112016 3066.403216 3061.427045 3055.015746 3069.157052 3083.979302 3099.153239 3116.805738 3131.599809 3149.035121 3161.953938 3175.591925 3193.786147 3203.130895 3212.258391 3225.709287 3237.094580 3250.249657 3268.980937 3275.227148 3284.719639 3302.421966 3316.432652 3331.585879 3348.041100 3362.884913 3381.557519 3410.260390 3437.765060 3452.805031 3477.551829 3493.705418 3487.276351 3484.801697 3485.312183 3507.330855 3532.484344 3560.452257 3578.494641 3601.051547 3628.408083 3646.642419 3655.467571 3666.166773 3679.602883
-9999.0 -9999.0 -9999.0 -9999.0 -9999.0 -9999.0 3029.113884 3053.210254 3067.987222 3058.884277 3044.166109 3038.400095 3031.574717 3061.716851 3083.350141 3099.863846 3115.651708 3132.195849 3147.348109 3154.620112 3182.254481 3200.248002 3210.672401 3222.548158 3235.462532 3248.314240 3262.951552 3282.673768 3298.685319 3319.209683 3334.012534 3349.105363 3371.065952 3386.931432 3402.440271 3414.841361 3441.148516 3474.571293 3507.959378 3531.437553 3554.976051 3585.431910 3584.825475 3586.231310 3587.549657 3610.444190 3643.357127 3672.405762 3703.603026 3733.584888 3761.245569 3771.425138 3780.120844 3789.754797 3801.992626
-9999.0 -9999.0 -9999.0 -9999.0 2997.340434 3017.857714 3036.043475 3065.568950 3086.937037 3081.304822 3084.979822 3082.231807 3077.007156 3081.135316 3088.328729 3104.515385 3122.503449 3140.817179 3153.861036 3178.978615 3224.197406 3233.912130 3249.738807 3277.696484 3287.268480 3299.780224 3313.845661 3332.914701 3350.267866 3376.098272 3409.249909 3437.300159 3457.530964 3475.689822 3493.683875 3509.722877 3543.541582 3579.388249 3614.062220 3644.804236 3671.085440 3696.365267 3702.842907 3707.492059 3717.156684 3733.694808 3755.793810 3782.837522 3815.799191 3847.448589 3870.469861 3879.546004 3884.690651 3894.044670 3901.542714
-9999.0 -9999.0 -9999.0 2945.089141 2982.422620 3021.490842 3046.561150 3076.106003 3107.674337 3106.859666 3114.656158 3113.694466 3111.788655 3116.220626 3118.457854 3133.721673 3150.478586 3168.792608 3187.873561 3220.007123 3247.937176 3264.741744 3291.185428 3306.301893 3318.256030 3329.878450 3347.007813 3365.892692 3400.803979 3429.669889 3474.571963 3524.047059 3555.399826 3574.212690 3595.738829 3622.385087 3646.760437 3684.550151 3717.931488 3749.455972 3779.222381 3801.074899 3815.246226 3819.772652 3829.058151 3834.757594 3847.298924 3867.967056 3889.919526 3920.100657 3948.952439 3977.195108 3992.127547 4002.921425 4019.745612
-9999.0 -9999.0 2896.780631 2936.167612 2967.233139 3011.884880 3064.205394 3098.544102 3137.108050 3155.178802 3157.484901 3167.190103 3176.160709 3176.159943 3183.939001 3195.493766 3216.086280 3223.699011 3242.590967 3257.628017 3293.993808 3327.056990 3322.989046 3360.407634 3389.413375 3420.578153 3440.624756 3466.226899 3502.795581 3536.152897 3579.775699 3628.724430 3662.520148 3689.948978 3705.312865 3724.914519 3744.874240 3770.483826 3806.426787 3831.903636 3864.875837 3889.949944 3909.369766 3910.367317 3913.041908 3928.894739 3956.605215 3986.764999 4015.066917 4043.391266 4029.232078 4051.667701 4061.689952 4067.281615 4076.073687
-9999.0 -9999.0 2866.485534 2912.884025 2947.183116 3003.064000 3088.666606 3122.144819 3161.231131 3205.240843 3218.000810 3238.289293 3231.550382 3220.030317 3236.695849 3250.095877 3269.130430 3275.604350 3268.967513 3320.020740 3371.379457 3395.821426 3403.108087 3478.147359 3529.028375 3552.098617 3567.869529 3587.497292 3606.909306 3644.835287 3683.810903 3737.367898 3778.152981 3807.533470 3821.747801 3841.203775 3860.357031 3875.251224 3894.403905 3940.202629 3974.788328 4004.924857 4036.186570 4057.232857 4065.260051 4070.077042 4045.450207 4064.196246 4076.909023 4082.391966 4084.563618 4080.792608 4080.216655 4081.030011 4081.956064
-9999.0 2778.597616 2825.726178 2875.825476 2939.870663 2998.993604 3073.028506 3147.102153 3211.646776 3262.454454 3286.675233 3279.290244 3279.319141 3303.877892 3322.318939 3338.075027 3342.527707 3351.623320 3332.327117 3384.174247 3420.426036 3469.722467 3568.300152 3625.602483 3687.031382 3682.967302 3671.375595 3676.356956 3692.324892 3737.984666 3815.535856 3870.626410 3935.064660 3983.006839 3999.669965 4006.877454 4025.249651 4045.726098 3996.159723 4038.011952 4057.269399 4073.338241 4082.242716 4084.457509 4085.694489 4085.464145 4081.787725 4074.788249 4066.625040 4060.789253 4056.562750 4052.059882 4054.495994 4057.822473 4058.030357
-9999.0 2740.181359 2792.338758 2860.066628 2927.170101 2973.855094 3053.776061 3217.999334 3279.113360 3315.851025 3320.684605 3296.601532 3353.709187 3412.376398 3436.070038 3480.225272 3464.408704 3448.941772 3412.218983 3436.948771 3475.178230 3545.207359 3713.773053 3801.413677 3851.846428 3859.732402 3860.631774 3888.540266 3931.989177 3978.503328 4023.359586 3993.351797 4041.507124 4065.202352 4070.153884 4070.846991 4076.163517 4074.734873 4073.248695 4068.817530 4063.668589 4063.831402 4068.422786 4068.264627 4065.306393 4061.931645 4056.234244 4048.811915 4043.607199 4038.978636 4036.319571 4033.479066 4031.526707 4030.806206 4025.966545
-9999.0 2699.693885 2774.570379 2827.179974 2872.619488 2962.815577 3089.830770 3232.220006 3327.314165 3360.228806 3337.549832 3372.161015 3473.687614 3578.492960 3629.914572 3650.461872 3631.378364 3583.462801 3563.683599 3606.639045 3676.236180 3794.290658 3930.851815 4028.936162 4043.985911 4047.288129 4000.459621 4025.656478 4049.010767 4051.782146 4052.878736 4060.656605 4065.720080 4068.654940 4067.088045 4064.195219 4059.380206 4051.189236 4046.383572 4042.702646 4038.931186 4037.771745 4039.770891 4041.588923 4038.769995 4034.873596 4030.396145 4024.817897 4018.510645 4011.749083 4007.434502 4003.181125 4001.047090 3995.514872 3991.991189
-9999.0 2575.786276 2672.410297 2712.814973 2786.503614 2967.970713 3093.831474 3232.468299 3396.066695 3415.668263 3460.363540 3598.186440 3716.168650 3795.632446 3824.210493 3857.320863 3881.597411 3897.419311 3933.764780 3816.290198 3895.691266 3991.769546 4035.704834 4054.756765 4064.371258 4064.735506 4054.886903 4034.103399 4023.367713 4016.611481 4018.220740 4025.498507 4030.177493 4034.966597 4032.663259 4033.716297 4034.799482 4031.571978 4027.552302 4018.831395 4010.979797 4004.285116 4001.030262 4005.726820 4001.070960 3998.700325 3992.506987 3984.068752 3975.121640 3967.745119 3959.782106 3953.217498 3950.982879 3945.971883 3944.780215
-9999.0 2494.869694 2567.302082 2626.256957 2736.177337 2892.399492 2983.897726 3140.241278 3379.262351 3514.193490 3676.505092 3766.441125 3836.334560 3878.275088 3928.443929 3979.925095 4006.550904 4018.049627 3987.580547 4009.395774 3966.757546 3955.722615 3973.165517 4002.185395 4019.205318 4023.257145 4015.381913 4006.189206 3998.924743 3997.800891 3995.632897 3991.579141 3987.466002 3983.880148 3980.739963 3983.698554 3989.002027 3981.889954 3971.628496 3962.181944 3953.666810 3944.446723 3938.495580 3933.847136 3934.210671 3934.475915 3926.845167 3916.353803 3905.500772 3897.214930 3890.019214 3885.516754 3882.848945 3877.885419 3868.263612
-9999.0 2374.071814 2507.163347 2582.830598 2676.146228 2797.184347 2898.945253 3046.413577 3174.017106 3417.232484 3557.630711 3748.393191 3797.658071 3866.971490 3914.311839 3987.129478 3982.590132 3951.175069 3908.126352 3891.930213 3902.914373 3911.856090 3920.134688 3934.657487 3952.272719 3962.358135 3967.297482 3961.234861 3947.027125 3934.602915 3923.547276 3909.914785 3900.539383 3898.064465 3902.056960 3912.020344 3912.556189 3903.250986 3889.142409 3870.932818 3855.341874 3843.549368 3841.535971 3844.297212 3845.386361 3841.330665 3835.521858 3824.772851 3812.187684 3799.789484 3794.101513 3789.769237 3782.379247 3771.187587 3759.350684
-9999.0 -9999.0 2420.912202 2529.006122 2621.507616 2731.503183 2810.958285 2926.482817 3061.396257 3230.430011 3345.825841 3524.812553 3619.260456 3663.079995 3697.043198 3752.601303 3777.682373 3808.699621 3802.816645 3814.381660 3824.140171 3829.403491 3834.677859 3840.455831 3850.948499 3860.733389 3870.906449 3868.101123 3859.269821 3838.799163 3813.185042 3793.261759 3782.788181 3773.565267 3785.636921 3798.161543 3792.682842 3785.777701 3773.149471 3756.952068 3744.386821 3730.160275 3726.712138 3726.648620 3727.258313 3724.968026 3722.456337 3710.052835 3697.821329 3687.950991 3683.955834 3678.379020 3674.830138 3665.072434 3654.534309
-9999.0 -9999.0 2332.234047 2435.796775 2536.977409 2653.510627 2736.526377 2748.671898 2873.188536 2971.040155 3076.906195 3186.489237 3282.269938 3350.232014 3382.778915 3444.629378 3500.388535 3518.586034 3558.374210 3611.855369 3645.869275 3684.964589 3707.808079 3717.223841 3729.682561 3744.061539 3751.503157 3736.307993 3725.035926 3707.967380 3684.593714 3657.989833 3644.510025 3644.016945 3643.107934 3644.695437 3637.117538 3628.184677 3613.757655 3599.841573 3587.669444 3578.760626 3575.199120 3569.681247 3567.428757 3564.740333 3563.072585 3557.882541 3549.664667 3545.123138 3537.009237 3533.341050 3532.601681 3529.602647 3523.947338
