examples/3D/Borden05m2ooo/output-maps-SE27XX/psiliqL0005N0001.asc
ncols         160
nrows         34
xllcorner     620200.000000
yllcorner     5168000.000000
cellsize      0.500000
NODATA_value  -9999.0
[rows 0 to 24 of 34, columns 0 to 55 of 160]
-9999.0 -9999.0 -9999.0 -9999.0 -9999.0 -9999.0 -9999.0 -9999.0 -9999.0 -9999.0 -9999.0 -9999.0 -9999.0 -9999.0 -9999.0 -9999.0 -9999.0 -9999.0 -9999.0 -9999.0 -9999.0 -9999.0 -9999.0 -9999.0 -9999.0 -9999.0 -9999.0 -9999.0 -9999.0 -9999.0 -9999.0 -9999.0 -9999.0 -9999.0 -9999.0 -9999.0 -9999.0 -9999.0 -9999.0 -9999.0 -9999.0 -9999.0 -9999.0 -9999.0 -9999.0 -9999.0 -9999.0 -9999.0 -9999.0 -9999.0 -9999.0 -9999.0 -9999.0 -9999.0 -9999.0 -9999.0
-9999.0 -9999.0 -9999.0 -9999.0 -9999.0 -9999.0 -9999.0 -9999.0 -9999.0 -9999.0 -9999.0 -9999.0 -9999.0 -9999.0 -9999.0 -9999.0 -9999.0 -9999.0 -9999.0 -9999.0 -9999.0 -9999.0 -9999.0 -9999.0 -9999.0 -9999.0 -9999.0 -9999.0 -9999.0 -9999.0 -9999.0 -9999.0 -9999.0 -9999.0 -9999.0 -9999.0 -9999.0 -9999.0 -9999.0 -9999.0 -9999.0 -9999.0 -9999.0 -9999.0 -9999.0 -9999.0 -9999.0 -9999.0 -9999.0 -9999.0 -9999.0 -9999.0 -9999.0 -9999.0 -9999.0 -9999.0
-9999.0 -9999.0 -9999.0 -9999.0 -9999.0 -9999.0 -9999.0 -9999.0 -9999.0 -9999.0 -9999.0 -9999.0 -9999.0 -9999.0 -9999.0 -9999.0 -9999.0 -9999.0 -9999.0 -9999.0 -9999.0 -9999.0 -9999.0 -9999.0 -9999.0 -9999.0 -9999.0 -9999.0 -9999.0 -9999.0 -9999.0 -9999.0 -9999.0 -9999.0 -9999.0 -9999.0 -9999.0 -9999.0 -9999.0 -9999.0 -9999.0 -9999.0 -9999.0 -9999.0 -9999.0 -9999.0 -9999.0 -821.688265 -839.286511 -856.719680 -858.135244 -835.412261 -812.604803 -789.638756 -769.841360 -751.762075
-9999.0 -9999.0 -9999.0 -9999.0 -9999.0 -9999.0 -9999.0 -9999.0 -9999.0 -9999.0 -9999.0 -9999.0 -9999.0 -9999.0 -9999.0 -9999.0 -9999.0 -9999.0 -9999.0 -9999.0 -9999.0 -9999.0 -9999.0 -9999.0 -9999.0 -9999.0 -9999.0 -9999.0 -9999.0 -9999.0 -9999.0 -9999.0 -9999.0 -9999.0 -9999.0 -9999.0 -9999.0 -9999.0 -9999.0 -9999.0 -774.733253 -769.048428 -767.306120 -778.537335 -790.021139 -801.610235 -821.396668 -839.360121 -855.492835 -858.768927 -856.510849 -850.679999 -827.758113 -804.412056 -785.761595 -768.785246
-9999.0 -9999.0 -9999.0 -9999.0 -9999.0 -9999.0 -9999.0 -9999.0 -9999.0 -9999.0 -9999.0 -9999.0 -9999.0 -9999.0 -9999.0 -9999.0 -9999.0 -9999.0 -9999.0 -9999.0 -9999.0 -9999.0 -9999.0 -9999.0 -9999.0 -9999.0 -9999.0 -9999.0 -9999.0 -9999.0 -9999.0 -9999.0 -9999.0 -9999.0 -864.911632 -847.482776 -829.798302 -812.074784 -796.069544 -789.955834 -784.296670 -778.653085 -782.832285 -788.014763 -799.522423 -817.830681 -837.777384 -852.502756 -855.732856 -858.756586 -854.669058 -841.799021 -825.823441 -809.889091 -789.713877 -767.699339
-9999.0 -9999.0 -9999.0 -9999.0 -9999.0 -9999.0 -9999.0 -9999.0 -9999.0 -9999.0 -9999.0 -9999.0 -9999.0 -9999.0 -9999.0 -9999.0 -9999.0 -9999.0 -9999.0 -9999.0 -9999.0 -9999.0 -9999.0 -9999.0 -9999.0 -9999.0 -9999.0 -9999.0 -859.343291 -865.457414 -871.005095 -872.871708 -874.545204 -876.200426 -869.514785 -857.331527 -839.272762 -818.502654 -806.407216 -799.819005 -793.835910 -793.368576 -798.384650 -801.091632 -801.390604 -813.235008 -825.066729 -836.195843 -846.948266 -848.289405 -839.224567 -826.229553 -811.161476 -797.347208 -783.091645 -769.641839
-9999.0 -9999.0 -9999.0 -9999.0 -9999.0 -9999.0 -9999.0 -9999.0 -9999.0 -9999.0 -9999.0 -9999.0 -9999.0 -9999.0 -9999.0 -9999.0 -9999.0 -9999.0 -9999.0 -9999.0 -9999.0 -9999.0 -9999.0 -887.448230 -881.349567 -875.191410 -868.281045 -867.783333 -872.581393 -878.673843 -882.369368 -884.425404 -886.335739 -882.480475 -874.299333 -860.996483 -845.576506 -824.804443 -816.830000 -810.393643 -798.372038 -797.028702 -793.444505 -790.046095 -792.465924 -795.424651 -807.341476 -816.190983 -810.419591 -804.585676 -799.155690 -792.837946 -781.042163 -766.272231 -749.378840 -729.653441
-9999.0 -9999.0 -9999.0 -9999.0 -9999.0 -9999.0 -9999.0 -9999.0 -9999.0 -9999.0 -9999.0 -9999.0 -9999.0 -9999.0 -9999.0 -9999.0 -9999.0 -9999.0 -9999.0 -911.562422 -911.006256 -910.423786 -906.249008 -905.452280 -903.451032 -896.779486 -889.038402 -887.558929 -889.448111 -891.717209 -890.645988 -888.507844 -884.976499 -873.873284 -860.567810 -847.071669 -833.423917 -813.375293 -799.393032 -785.973883 -770.490373 -772.998248 -778.391278 -781.459750 -781.764019 -781.591067 -775.034318 -771.377058 -766.729188 -761.036232 -754.571462 -747.001300 -737.858426 -720.622640 -701.591054 -682.578775
-9999.0 -9999.0 -9999.0 -9999.0 -9999.0 -9999.0 -9999.0 -9999.0 -9999.0 -9999.0 -9999.0 -9999.0 -9999.0 -9999.0 -9999.0 -9999.0 -939.097324 -937.469589 -935.762976 -930.805683 -928.933394 -925.397632 -919.000689 -918.477826 -914.986828 -908.369475 -903.778836 -895.954373 -888.793706 -881.983362 -876.638231 -874.532976 -867.231370 -858.169304 -846.918822 -831.750547 -810.443857 -788.981572 -773.697823 -758.179565 -742.607853 -743.389549 -745.482104 -745.257900 -745.090067 -737.127675 -719.523325 -714.112748 -710.672557 -691.875080 -678.733415 -674.495281 -668.894883 -653.140515 -631.526148 -606.206097
-9999.0 -9999.0 -9999.0 -9999.0 -9999.0 -9999.0 -9999.0 -9999.0 -9999.0 -9999.0 -9999.0 -9999.0 -9999.0 -981.776674 -977.819761 -969.204399 -962.063019 -960.400186 -957.138977 -952.130512 -940.471497 -937.499782 -931.768055 -924.598807 -914.016453 -906.140661 -897.441921 -886.299887 -878.410089 -871.850750 -865.320095 -858.803543 -845.475769 -830.678526 -815.399973 -796.026365 -775.797638 -755.730164 -735.687114 -722.404140 -709.322499 -706.159791 -709.419396 -709.113070 -701.698876 -684.153448 -666.431655 -654.061181 -632.653616 -610.673331 -597.746539 -585.817785 -578.353676 -568.490279 -550.826712 -516.174621
-9999.0 -9999.0 -9999.0 -9999.0 -9999.0 -9999.0 -9999.0 -9999.0 -9999.0 -9999.0 -1017.825107 -1015.193850 -1018.857553 -1017.747160 -1013.717323 -1002.404734 -989.998506 -983.343939 -972.865359 -953.130798 -936.961523 -934.037336 -919.602894 -910.399220 -904.555013 -894.384299 -881.902807 -869.465408 -852.599353 -840.606653 -828.204878 -807.767144 -792.342905 -777.225553 -760.968918 -743.025178 -723.069918 -693.941661 -668.318776 -655.374733 -632.141808 -618.093101 -622.864625 -624.209765 -618.467466 -601.876476 -578.834475 -552.424308 -530.523866 -503.796949 -481.234575 -465.755229 -453.743304 -438.695956 -419.248690 -375.260522
-9999.0 -9999.0 -9999.0 -9999.0 -9999.0 -9999.0 -9999.0 -9999.0 -1041.299107 -1034.926187 -1028.700778 -1031.973684 -1037.070530 -1040.180815 -1027.956334 -1012.620889 -997.261468 -981.165424 -965.853521 -948.865304 -933.720889 -917.572633 -899.286169 -888.116823 -876.871550 -862.551532 -849.667229 -832.205794 -811.880009 -797.311690 -778.418757 -757.843733 -739.545723 -723.300272 -706.979653 -690.691439 -663.292433 -631.150314 -600.887103 -577.215934 -551.344849 -526.961426 -527.439308 -525.104292 -521.539808 -495.479692 -462.595281 -423.646618 -377.633137 -315.967969 -222.601837 -130.658385 -73.770372 -47.693555 -29.405098 -13.971334
-9999.0 -9999.0 -9999.0 -9999.0 -9999.0 -9999.0 -1065.992535 -1042.219046 -1027.889307 -1035.835941 -1043.153637 -1046.450293 -1049.789137 -1033.187715 -1012.661733 -996.602698 -980.673810 -964.194297 -948.756547 -933.813189 -898.693291 -883.982038 -869.609865 -849.879913 -837.153508 -824.428635 -808.195032 -785.675206 -763.340881 -730.966255 -701.245442 -675.299694 -650.935888 -633.360820 -617.212949 -599.868855 -570.362589 -535.274460 -500.088276 -468.807663 -436.311653 -397.647045 -380.470545 -369.316443 -352.343717 -313.441815 -211.796857 -85.224535 -26.763611 13.676935 49.360774 78.376289 102.448092 117.947898 128.780617 134.311013
-9999.0 -9999.0 -9999.0 -9999.0 -1098.984436 -1078.284927 -1057.696702 -1027.086656 -1004.792627 -1010.708322 -1003.294030 -1002.724962 -1003.923964 -1002.495343 -997.901626 -980.710989 -964.163449 -947.601521 -929.148180 -890.732204 -851.416379 -835.353382 -808.601375 -777.775290 -765.064797 -751.856616 -738.318328 -716.983415 -688.304281 -654.927727 -609.304497 -571.129116 -546.823436 -525.615986 -506.960533 -484.460180 -451.460590 -404.755568 -342.073815 -240.271685 -96.119742 -44.747307 -23.416097 -14.427232 -2.307849 16.332259 48.961020 93.810461 124.762463 142.675027 154.072202 161.506658 165.608308 169.868557 173.331599 177.171212
-9999.0 -9999.0 -9999.0 -1144.180668 -1106.094783 -1070.140619 -1042.695119 -1012.074547 -981.184370 -974.197626 -966.595830 -959.601314 -952.315008 -943.561438 -933.204399 -917.975851 -905.750310 -895.531805 -876.085043 -840.598618 -805.316631 -770.975273 -740.425869 -710.377028 -688.472544 -674.755825 -660.768278 -638.790927 -601.931064 -564.323749 -515.218792 -459.539345 -412.237287 -374.098257 -339.618615 -281.814624 -188.280768 -77.257925 -18.560684 31.261299 84.642131 115.623058 132.058661 135.017312 137.910337 141.188089 149.454597 159.380773 166.870505 176.275397 185.857662 193.497626 197.411133 199.463850 204.952538 213.248463
-9999.0 -9999.0 -1189.868798 -1153.669923 -1117.894943 -1065.598177 -1013.682275 -981.172394 -940.821853 -915.260799 -908.226615 -889.084546 -872.049685 -863.507155 -846.419354 -829.555425 -819.128534 -818.165056 -808.652242 -772.349775 -719.349034 -671.822585 -638.327302 -584.018551 -553.711209 -535.122666 -525.417179 -503.069587 -471.489599 -416.103998 -329.853756 -164.381654 -69.956190 -25.436769 -7.128621 15.345119 51.384681 88.840179 122.914145 142.631515 157.073027 167.407385 175.604061 177.890999 178.162662 183.232386 190.811063 198.526937 205.979412 218.185733 230.935728 231.251011 230.242783 230.372251 229.328819 229.707072
-9999.0 -9999.0 -1213.720643 -1170.433275 -1126.281471 -1054.127296 -981.153316 -943.632291 -900.912943 -857.926575 -839.247067 -816.813994 -795.641358 -775.097089 -752.584587 -729.274818 -728.721534 -728.212151 -730.432310 -679.665166 -625.084977 -562.137004 -483.680862 -415.426499 -360.466806 -349.918704 -341.969710 -304.839463 -215.353211 -88.776091 -13.474969 55.409144 106.988995 133.847854 140.954023 147.865264 157.469656 166.889856 173.924113 188.120930 194.406720 201.749988 213.956931 228.790068 233.545679 233.472294 230.461416 230.532536 229.488079 229.212122 228.927072 225.070119 224.551592 224.504615 225.890532 221.178238
-9999.0 -1298.401268 -1246.856174 -1192.056992 -1120.399899 -1049.730243 -961.887092 -880.738729 -834.711967 -795.816456 -769.074464 -748.103082 -690.028225 -641.535980 -617.577507 -589.573924 -595.106997 -600.823168 -610.969306 -574.029942 -519.513628 -406.011866 -121.015191 -43.100970 -10.444790 -7.561548 -11.944060 3.794734 39.101236 89.993123 141.264378 161.850507 181.838419 195.555491 198.773633 198.762581 206.259522 220.198645 231.975062 234.942315 234.017937 234.037821 228.908722 228.528467 229.143912 228.548849 226.181163 220.258204 213.499191 208.740342 205.552286 201.560300 204.070871 207.281443 209.160805 203.888574
-9999.0 -1331.484959 -1270.618106 -1197.252812 -1124.423416 -1041.558254 -923.996315 -803.160880 -761.390448 -730.564366 -701.198817 -650.223567 -565.349417 -497.966709 -455.985805 -406.915880 -411.499878 -429.717373 -431.331711 -383.021426 -251.198128 -82.267729 68.111447 141.606249 146.058657 151.143014 154.265150 164.803352 179.128071 192.245593 202.529276 219.167362 221.896994 221.453304 221.433160 221.252197 221.505895 221.580811 219.079601 215.792945 211.633631 211.702839 214.881563 214.660917 212.588770 210.501906 206.314511 201.350176 199.602153 198.484774 198.114222 197.242040 197.099397 198.260077 197.235715 196.037838
-9999.0 -1352.152636 -1284.075154 -1217.056261 -1137.925176 -1006.461289 -887.021661 -763.403856 -679.826969 -646.786847 -595.653441 -505.216181 -382.701079 -131.443956 -54.701517 -31.435237 -24.842409 -36.162984 -26.208087 11.003580 72.428665 142.602749 173.568789 203.757462 208.602265 208.899631 206.981242 208.693167 209.986919 210.143436 209.767469 208.008816 211.891288 213.600526 212.401932 209.824420 205.779203 199.782293 198.026600 197.725479 196.987545 197.614139 199.474984 199.929355 199.340782 198.436345 197.586408 196.517323 195.621222 194.228692 194.086316 193.399174 193.296800 191.968311 190.830698 190.222761
-9999.0 -1431.631897 -1350.267694 -1284.101177 -1137.163862 -977.194508 -856.396713 -704.113722 -581.249236 -535.662925 -434.591121 -211.065235 -25.880909 78.341413 122.683949 144.269113 153.786201 162.447385 174.369025 177.211606 199.386906 217.461230 218.415215 216.419673 208.177539 208.459017 203.079887 193.744318 190.571226 188.235056 189.596550 193.277987 195.887235 198.883467 197.640686 197.884195 197.713563 196.645398 196.526669 194.197089 192.100216 190.726194 190.849029 194.596973 192.557276 192.117841 191.231018 189.916714 188.398742 186.999323 185.252834 183.188072 182.513166 179.972320 180.406452 179.242893
-9999.0 -1512.234495 -1432.038816 -1318.455705 -1158.388112 -995.886173 -841.317193 -672.019995 -496.753767 -389.342362 -162.846289 -29.940477 83.105043 145.903876 176.034333 186.982654 195.450669 197.256484 197.741535 195.405647 180.496993 177.068194 182.672024 191.135610 193.237369 194.401623 190.640442 187.465007 186.820530 188.485467 189.017951 189.475023 189.433314 188.630465 186.983969 187.312534 189.437968 187.249301 184.952477 183.356536 182.225880 180.056271 178.464847 177.674031 177.498586 178.841576 177.250363 174.888548 172.687146 171.326638 169.017419 166.322884 164.186631 159.408760 154.238741 148.663430
-9999.0 -1592.242725 -1480.811185 -1372.195781 -1227.878233 -1085.707323 -943.248253 -774.394317 -617.366159 -408.373337 -83.590127 13.815654 85.924966 129.056396 157.656331 183.902904 188.023767 174.610543 164.923792 159.383121 160.932277 164.358186 168.282449 174.771506 179.479128 182.163626 182.493535 180.109721 175.773765 174.491580 174.614677 171.970098 169.468979 169.365891 168.349906 170.423607 170.882570 164.679159 157.465586 149.995514 144.241562 140.323495 139.478225 140.368274 140.741669 140.212881 138.292085 135.512227 131.647578 127.488976 121.512503 113.030259 96.545396 67.838038 40.722196 18.744017
-9999.0 -9999.0 -1546.899109 -1433.536019 -1312.926016 -1180.617458 -1044.815176 -883.626714 -731.019190 -549.612080 -423.131912 -229.272548 -81.090348 -21.387299 33.679807 91.465874 119.790505 135.916087 126.678626 128.454364 130.102124 130.859015 133.556969 137.077933 141.276964 144.321740 146.911212 146.857720 143.932972 138.313308 131.394719 124.853199 118.134574 110.772288 117.494358 124.955455 116.067276 95.607944 67.794995 42.607162 25.432400 11.060730 7.112815 7.907852 8.309819 6.304593 2.705839 -7.501551 -17.746323 -28.802682 -35.954782 -48.699438 -76.730074 -153.497928 -223.163555 -277.193033
-9999.0 -9999.0 -1627.382639 -1514.273870 -1388.843235 -1260.290021 -1147.086276 -1023.047802 -861.662709 -741.646963 -648.577846 -568.468433 -501.445714 -439.035439 -366.148672 -208.566117 -99.433746 -67.556217 -57.229813 -48.045255 -33.399839 -20.194769 -11.570461 -2.446607 8.367123 19.053187 27.222219 16.539067 6.081332 -8.429360 -25.852082 -45.828073 -60.182374 -75.550265 -67.751451 -59.978882 -77.447050 -130.461079 -211.491389 -276.227852 -315.379429 -344.730821 -353.917072 -356.915555 -357.667897 -362.755648 -370.278405 -388.400269 -408.848737 -423.026946 -433.755378 -442.648762 -447.672902 -457.720848 -469.327736 -477.356360
