examples/3D/Borden05m2ooo/output-maps-SE27XX/psiliqL0003N0004.asc
ncols         160
nrows         34
xllcorner     620200.000000
yllcorner     5168000.000000
cellsize      0.500000
NODATA_value  -9999.0
[rows 0 to 24 of 34, columns 0 to 55 of 160]
-9999.0 -9999.0 -9999.0 -9999.0 -9999.0 -9999.0 -9999.0 -9999.0 -9999.0 -9999.0 -9999.0 -9999.0 -9999.0 -9999.0 -9999.0 -9999.0 -9999.0 -9999.0 -9999.0 -9999.0 -9999.0 -9999.0 -9999.0 -9999.0 -9999.0 -9999.0 -9999.0 -9999.0 -9999.0 -9999.0 -9999.0 -9999.0 -9999.0 -9999.0 -9999.0 -9999.0 -9999.0 -9999.0 -9999.0 -9999.0 -9999.0 -9999.0 -9999.0 -9999.0 -9999.0 -9999.0 -9999.0 -9999.0 -9999.0 -9999.0 -9999.0 -9999.0 -9999.0 -9999.0 -9999.0 -9999.0
-9999.0 -9999.0 -9999.0 -9999.0 -9999.0 -9999.0 -9999.0 -9999.0 -9999.0 -9999.0 -9999.0 -9999.0 -9999.0 -9999.0 -9999.0 -9999.0 -9999.0 -9999.0 -9999.0 -9999.0 -9999.0 -9999.0 -9999.0 -9999.0 -9999.0 -9999.0 -9999.0 -9999.0 -9999.0 -9999.0 -9999.0 -9999.0 -9999.0 -9999.0 -9999.0 -9999.0 -9999.0 -9999.0 -9999.0 -9999.0 -9999.0 -9999.0 -9999.0 -9999.0 -9999.0 -9999.0 -9999.0 -9999.0 -9999.0 -9999.0 -9999.0 -9999.0 -9999.0 -9999.0 -9999.0 -9999.0
-9999.0 -9999.0 -9999.0 -9999.0 -9999.0 -9999.0 -9999.0 -9999.0 -9999.0 -9999.0 -9999.0 -9999.0 -9999.0 -9999.0 -9999.0 -9999.0 -9999.0 -9999.0 -9999.0 -9999.0 -9999.0 -9999.0 -9999.0 -9999.0 -9999.0 -9999.0 -9999.0 -9999.0 -9999.0 -9999.0 -9999.0 -9999.0 -9999.0 -9999.0 -9999.0 -9999.0 -9999.0 -9999.0 -9999.0 -9999.0 -9999.0 -9999.0 -9999.0 -9999.0 -9999.0 -9999.0 -9999.0 -599.052974 -602.939132 -607.575903 -608.828008 -603.590431 -601.040571 -598.611826 -596.874266 -595.233149
-9999.0 -9999.0 -9999.0 -9999.0 -9999.0 -9999.0 -9999.0 -9999.0 -9999.0 -9999.0 -9999.0 -9999.0 -9999.0 -9999.0 -9999.0 -9999.0 -9999.0 -9999.0 -9999.0 -9999.0 -9999.0 -9999.0 -9999.0 -9999.0 -9999.0 -9999.0 -9999.0 -9999.0 -9999.0 -9999.0 -9999.0 -9999.0 -9999.0 -9999.0 -9999.0 -9999.0 -9999.0 -9999.0 -9999.0 -9999.0 -598.530717 -596.752147 -595.364676 -597.980457 -599.221810 -599.266456 -602.151509 -605.395196 -608.695318 -607.805044 -607.721238 -609.830795 -606.103600 -602.994713 -601.704909 -600.578262
-9999.0 -9999.0 -9999.0 -9999.0 -9999.0 -9999.0 -9999.0 -9999.0 -9999.0 -9999.0 -9999.0 -9999.0 -9999.0 -9999.0 -9999.0 -9999.0 -9999.0 -9999.0 -9999.0 -9999.0 -9999.0 -9999.0 -9999.0 -9999.0 -9999.0 -9999.0 -9999.0 -9999.0 -9999.0 -9999.0 -9999.0 -9999.0 -9999.0 -9999.0 -607.696395 -604.308893 -602.659067 -601.059829 -598.809078 -599.375005 -599.852727 -598.289632 -599.681031 -599.848458 -601.701999 -605.107865 -608.539204 -610.500707 -608.648319 -609.302250 -609.249656 -607.473718 -606.241100 -605.621401 -603.038710 -599.049782
-9999.0 -9999.0 -9999.0 -9999.0 -9999.0 -9999.0 -9999.0 -9999.0 -9999.0 -9999.0 -9999.0 -9999.0 -9999.0 -9999.0 -9999.0 -9999.0 -9999.0 -9999.0 -9999.0 -9999.0 -9999.0 -9999.0 -9999.0 -9999.0 -9999.0 -9999.0 -9999.0 -9999.0 -602.843708 -604.160158 -605.176603 -605.135727 -605.600671 -607.346665 -607.731553 -607.277786 -605.349342 -602.325933 -601.687854 -601.926030 -601.620812 -602.268411 -604.204174 -604.432079 -602.396503 -604.481027 -605.571632 -606.988334 -610.311619 -611.121252 -609.172618 -607.246706 -605.529103 -604.951839 -604.499807 -604.287038
-9999.0 -9999.0 -9999.0 -9999.0 -9999.0 -9999.0 -9999.0 -9999.0 -9999.0 -9999.0 -9999.0 -9999.0 -9999.0 -9999.0 -9999.0 -9999.0 -9999.0 -9999.0 -9999.0 -9999.0 -9999.0 -9999.0 -9999.0 -605.314442 -604.103340 -603.606038 -602.522981 -603.037375 -605.524079 -607.153472 -607.869154 -608.450824 -609.793336 -609.912300 -609.864949 -608.879623 -608.075188 -604.908358 -606.239281 -607.089305 -604.413674 -604.991210 -603.298779 -601.388574 -601.860325 -601.531674 -605.175975 -607.915188 -605.122690 -603.951867 -603.999039 -604.513229 -603.447026 -602.013470 -600.227175 -597.300873
-9999.0 -9999.0 -9999.0 -9999.0 -9999.0 -9999.0 -9999.0 -9999.0 -9999.0 -9999.0 -9999.0 -9999.0 -9999.0 -9999.0 -9999.0 -9999.0 -9999.0 -9999.0 -9999.0 -605.457010 -605.813114 -606.520263 -606.204584 -608.538855 -609.519393 -608.787708 -607.453637 -608.182262 -609.562232 -610.759472 -610.609486 -610.432033 -610.691378 -608.797613 -607.219755 -606.593638 -606.817552 -604.276304 -603.405177 -601.919538 -598.303450 -600.551904 -602.823518 -604.023317 -604.127375 -604.774230 -602.648114 -601.992020 -601.725684 -601.850715 -601.708992 -601.086621 -600.627235 -597.550119 -594.601217 -592.015208
-9999.0 -9999.0 -9999.0 -9999.0 -9999.0 -9999.0 -9999.0 -9999.0 -9999.0 -9999.0 -9999.0 -9999.0 -9999.0 -9999.0 -9999.0 -9999.0 -605.989019 -606.177904 -607.047752 -608.441974 -609.672788 -609.674028 -608.655114 -610.405596 -610.963430 -610.513388 -611.251328 -610.302970 -609.295182 -608.109422 -607.558094 -608.795931 -608.502665 -608.589766 -608.615672 -607.862662 -605.012078 -602.329928 -601.586081 -599.625513 -596.291929 -598.076387 -598.884178 -598.801845 -599.921759 -598.846890 -593.946091 -594.572723 -596.510750 -591.340851 -588.521113 -589.328985 -589.649764 -586.141074 -580.822270 -573.861110
-9999.0 -9999.0 -9999.0 -9999.0 -9999.0 -9999.0 -9999.0 -9999.0 -9999.0 -9999.0 -9999.0 -9999.0 -9999.0 -606.723683 -606.881879 -606.574410 -608.757832 -610.504180 -611.549757 -613.006279 -611.010961 -612.360819 -612.754135 -612.373040 -610.581253 -610.480193 -610.216212 -609.047970 -609.338643 -609.798134 -610.244065 -611.248864 -609.689130 -608.107462 -606.949261 -604.649003 -602.774799 -601.215766 -598.578416 -597.890034 -596.069782 -596.615815 -598.551178 -598.957800 -597.357084 -592.693814 -588.963871 -587.466432 -580.958319 -573.925636 -570.232616 -565.656535 -563.171088 -559.649238 -551.322057 -527.806427
-9999.0 -9999.0 -9999.0 -9999.0 -9999.0 -9999.0 -9999.0 -9999.0 -9999.0 -9999.0 -610.453327 -609.268237 -611.027839 -614.266734 -615.660996 -614.852729 -613.995397 -615.182524 -615.077820 -611.545720 -609.573541 -612.725909 -610.439420 -610.332219 -611.636561 -611.213010 -610.217654 -609.958638 -607.724200 -607.526096 -607.379893 -603.780774 -602.701586 -601.551977 -600.017275 -598.318414 -596.729399 -591.059282 -586.088608 -585.801879 -579.062171 -574.742060 -578.003675 -579.143350 -577.980980 -572.698744 -563.799767 -550.597635 -536.507187 -515.577261 -495.215156 -480.569582 -469.192448 -455.837634 -440.388338 -416.947383
-9999.0 -9999.0 -9999.0 -9999.0 -9999.0 -9999.0 -9999.0 -9999.0 -615.317326 -613.409606 -612.203175 -613.700245 -615.718255 -619.372698 -617.924186 -616.496648 -615.504241 -614.055318 -613.323306 -612.681673 -613.400101 -612.137311 -609.849151 -610.337936 -610.016036 -608.487060 -608.321842 -606.887040 -604.718864 -605.445357 -604.143834 -602.030673 -600.147591 -598.440338 -596.420104 -595.027015 -589.109143 -581.102603 -572.245759 -564.143771 -552.322624 -537.174863 -536.715336 -533.809690 -530.114319 -507.764579 -476.217776 -443.550805 -418.664142 -396.638754 -373.016313 -359.410993 -350.043588 -338.376359 -324.018327 -311.024992
-9999.0 -9999.0 -9999.0 -9999.0 -9999.0 -9999.0 -618.273685 -613.985676 -611.903803 -616.632003 -620.314152 -621.553651 -623.764164 -618.910451 -614.660859 -613.795676 -613.106618 -612.291583 -612.606958 -615.213483 -608.736894 -610.285323 -611.394523 -609.316258 -609.328312 -609.019484 -607.631045 -604.623187 -603.080695 -597.209166 -592.718114 -588.710004 -583.501173 -580.060687 -576.389497 -571.935176 -560.301089 -541.371038 -514.594176 -485.068009 -455.688113 -428.714475 -418.800837 -413.433100 -406.754370 -393.747415 -369.965815 -343.988204 -313.480616 -284.164677 -261.111470 -250.084036 -240.353713 -229.413634 -216.128406 -201.580787
-9999.0 -9999.0 -9999.0 -9999.0 -616.110913 -615.110632 -615.799221 -612.036245 -609.418575 -615.109465 -613.048449 -614.049101 -615.931854 -618.197489 -620.906614 -618.819055 -617.567437 -616.686135 -616.918197 -610.529734 -604.991055 -608.133284 -605.263351 -599.869064 -600.755042 -599.989170 -599.467609 -596.758234 -591.974540 -585.756866 -572.147485 -558.451946 -547.496674 -534.136260 -519.506238 -498.328559 -465.836572 -430.628332 -402.737724 -375.168644 -348.878297 -327.334967 -312.660143 -303.927889 -293.202686 -280.527238 -263.529170 -239.648646 -212.794576 -181.274937 -151.111509 -134.275700 -125.648641 -115.502486 -103.269110 -85.464668
-9999.0 -9999.0 -9999.0 -618.819685 -614.588127 -612.945929 -614.796700 -613.915350 -610.638174 -613.643682 -614.161504 -614.643299 -614.913570 -614.806893 -614.985073 -613.717610 -613.397439 -614.167551 -613.155104 -609.132956 -607.015825 -603.581424 -600.747821 -596.604741 -593.065492 -591.506365 -589.405669 -584.313987 -571.876436 -555.932812 -524.414357 -476.518494 -439.053198 -417.463701 -403.060333 -383.551163 -363.786106 -334.495201 -304.920235 -276.652900 -248.243883 -224.094529 -201.903524 -187.976578 -179.092802 -170.335403 -153.744225 -134.205394 -113.824018 -82.772353 -24.919123 -5.464978 4.884748 11.729672 24.388674 37.081744
-9999.0 -9999.0 -618.219026 -615.775469 -617.284021 -614.173970 -610.706360 -612.793457 -608.687008 -607.259207 -611.061174 -608.698430 -607.405480 -609.700195 -607.985082 -606.057717 -605.068734 -607.953608 -609.911896 -605.119650 -595.078587 -586.466346 -581.058853 -559.786687 -545.865046 -536.068329 -530.418103 -513.249275 -483.944115 -439.942898 -401.426162 -361.038533 -325.929238 -297.860988 -285.311497 -270.295772 -247.745008 -223.787856 -194.475944 -166.965681 -140.779234 -115.477671 -88.410568 -46.046811 -41.368211 -29.053993 -10.985954 7.777790 25.893703 43.080825 60.627239 61.518123 61.684172 61.920094 61.969322 62.140801
-9999.0 -9999.0 -621.001445 -616.993932 -619.573061 -613.254896 -607.295035 -612.413064 -610.407334 -604.299179 -605.613783 -604.656881 -605.070805 -604.428479 -601.530555 -596.091762 -598.608390 -599.576523 -605.217849 -590.772350 -576.860957 -550.745706 -496.064668 -444.736563 -415.495591 -410.279916 -406.651107 -393.987306 -373.894686 -335.751286 -286.292554 -233.056731 -190.594865 -162.731138 -148.800018 -134.335998 -111.444266 -63.115078 -45.348839 -16.710056 -0.042148 18.174853 37.880231 55.370818 61.213159 61.343163 61.118684 61.319802 61.439927 61.515092 61.362459 58.116219 57.339906 57.814194 58.780457 54.101933
-9999.0 -622.107348 -620.045197 -619.799039 -615.655825 -616.630007 -611.490632 -604.217726 -603.943170 -601.026533 -600.513795 -603.811828 -589.621788 -576.722248 -571.565322 -559.986479 -564.339605 -567.719909 -574.513550 -557.684516 -522.053523 -440.287335 -349.225981 -306.628184 -288.219475 -288.517738 -293.056716 -280.363480 -254.196249 -211.064823 -138.756214 -55.474513 -17.665933 9.048218 17.257254 18.958963 31.371971 47.450304 62.662109 65.172952 65.421634 65.858262 61.461262 61.648106 61.687909 61.729878 58.613999 52.695391 44.123842 38.396689 34.546794 29.784014 32.182383 35.383108 36.732430 29.642562
-9999.0 -628.209991 -620.339644 -615.678902 -617.200941 -620.070208 -608.713979 -591.749239 -596.375596 -597.398939 -597.230401 -585.544274 -549.594041 -509.390362 -478.619169 -447.237245 -448.634781 -458.587453 -456.488992 -427.641170 -382.865806 -313.543083 -212.261152 -147.132119 -156.079063 -154.866228 -150.327148 -129.602915 -98.592969 -59.682558 22.276291 49.416858 53.175253 53.941745 54.196770 54.376439 54.624539 54.818421 51.581591 48.087863 42.263656 42.402214 46.915557 46.561836 42.591859 39.655345 34.021336 25.127460 -10.322804 -21.141012 -25.973584 -30.003216 -31.770798 -31.469486 -35.656530 -42.348773
-9999.0 -622.031136 -613.199868 -615.294431 -622.275411 -611.507070 -606.363101 -593.732726 -583.332177 -584.341587 -567.984814 -511.478772 -440.640651 -387.533775 -354.649533 -336.133167 -323.814093 -324.366892 -303.286487 -255.945634 -184.344093 -84.238861 -39.834716 4.080038 -33.489442 -52.447630 -60.085031 -60.106090 -54.507661 -41.797407 -15.915694 33.222793 40.420763 44.143273 42.083415 39.325770 34.964382 27.500355 22.043400 16.265080 -14.904540 -15.653271 11.667071 9.390380 -17.749555 -26.805497 -33.788591 -42.572407 -55.373031 -65.374584 -70.764457 -75.444925 -78.086072 -82.595194 -87.786569 -94.276698
-9999.0 -632.642762 -619.857942 -630.292640 -615.444850 -602.621775 -603.203857 -582.579833 -555.540229 -540.612185 -464.015271 -397.980825 -333.053453 -285.695715 -249.734625 -211.679671 -185.834839 -159.382459 -125.673010 -90.325269 -3.448465 39.813152 41.846473 40.969534 5.614515 -46.149896 -66.006274 -86.484947 -93.561286 -92.559590 -78.579095 -56.124999 -41.503171 -20.950652 -32.332278 -33.221989 -34.009001 -37.593499 -41.480462 -50.930796 -63.267117 -68.784630 -66.083643 -61.613054 -71.785196 -78.436556 -85.994528 -95.356240 -105.976138 -115.348875 -123.608823 -130.772765 -134.108523 -139.981981 -141.689069 -148.727285
-9999.0 -640.562878 -631.282093 -624.504783 -611.600256 -602.233586 -592.187843 -568.940351 -508.012948 -438.981574 -379.387069 -345.760254 -292.447631 -233.589489 -175.573595 -144.710472 -128.349202 -122.011802 -112.812505 -103.814706 -105.532885 -64.369349 -47.223363 -31.007517 -67.593911 -85.013628 -102.561291 -116.448968 -121.732960 -118.193296 -112.102968 -104.186353 -98.237997 -94.480277 -97.315517 -96.032916 -91.960912 -96.906751 -103.893541 -111.363831 -118.813864 -126.407177 -130.929489 -133.853531 -137.748585 -139.696849 -147.785047 -158.536268 -169.354300 -177.778695 -185.875204 -192.189826 -194.400456 -198.816948 -204.525761 -214.367627
-9999.0 -658.840132 -628.242580 -624.607360 -616.887063 -614.267414 -611.428437 -594.492326 -564.467119 -450.168632 -322.642417 -307.494772 -289.180881 -255.703676 -200.497750 -150.817781 -144.688453 -172.393683 -192.992660 -200.730537 -191.478372 -171.762384 -155.005676 -138.167007 -134.795549 -135.954052 -141.777615 -152.121225 -164.136925 -168.237698 -167.599996 -169.963152 -171.399537 -168.845412 -169.689888 -164.610721 -160.924790 -169.257548 -180.502396 -194.044999 -206.171602 -215.099936 -218.243080 -218.159656 -219.451614 -222.873111 -230.193746 -239.786825 -251.301145 -261.557187 -269.465485 -274.937223 -280.368989 -287.754651 -296.059052 -305.199341
-9999.0 -9999.0 -641.871082 -624.630737 -622.397488 -619.706264 -617.098564 -604.336538 -589.029197 -532.086866 -453.538282 -402.950250 -370.524349 -339.318912 -293.369958 -253.418765 -247.382402 -241.638579 -265.615850 -265.069790 -258.606656 -250.292502 -239.098504 -228.042888 -219.961205 -216.123501 -214.335939 -217.054028 -225.228979 -236.947496 -249.342534 -257.801241 -262.509847 -265.784285 -258.724944 -248.965015 -249.775983 -255.424303 -265.370395 -278.692310 -290.060378 -301.384843 -304.474274 -303.742743 -304.057258 -306.976634 -311.919247 -322.894171 -333.969716 -345.181664 -350.531595 -355.727169 -360.886891 -369.753528 -378.697685 -388.662531
-9999.0 -9999.0 -662.078591 -633.575555 -622.029322 -614.102977 -615.057621 -613.472127 -595.667710 -585.280106 -568.072883 -539.314602 -501.962190 -459.731287 -431.529240 -399.981417 -385.757531 -378.880389 -378.101825 -369.951056 -354.122523 -338.843858 -328.160914 -317.920499 -308.582353 -301.204567 -294.705951 -303.126619 -311.509868 -323.748368 -338.614356 -354.806216 -363.314256 -368.161166 -364.375858 -357.978065 -361.731706 -369.810788 -380.807864 -393.386029 -402.710346 -411.453705 -413.952232 -414.856349 -415.068163 -416.896810 -419.416708 -426.832982 -437.026318 -445.635053 -453.254469 -460.263079 -464.752707 -473.616281 -484.755981 -493.616179
