examples/3D/Borden05m2ooo/output-maps-SE27XX/psiliqL0011N0003.asc
ncols         160
nrows         34
xllcorner     620200.000000
yllcorner     5168000.000000
cellsize      0.500000
NODATA_value  -9999.0
[rows 0 to 24 of 34, columns 57 to 113 of 160]
-9999.0 -9999.0 -9999.0 -9999.0 -9999.0 -9999.0 -9999.0 -9999.0 -9999.0 -9999.0 -9999.0 -9999.0 -9999.0 -9999.0 -9999.0 -9999.0 -9999.0 -9999.0 -9999.0 -9999.0 -9999.0 -9999.0 -9999.0 -9999.0 -9999.0 -9999.0 -9999.0 -9999.0 -9999.0 -9999.0 -9999.0 -9999.0 -9999.0 -9999.0 -9999.0 -9999.0 -9999.0 -9999.0 -9999.0 -9999.0 -9999.0 -9999.0 -9999.0 -9999.0 -9999.0 -9999.0 -9999.0 -9999.0 -9999.0 -9999.0 -9999.0 -9999.0 -9999.0 -9999.0 -9999.0 -9999.0 -9999.0
-9999.0 -9999.0 419.534204 414.047206 408.795781 403.895418 394.969818 385.829782 377.432565 373.593346 372.832171 372.168450 371.934111 377.360381 385.479776 393.249485 400.573896 403.098501 405.657412 408.048075 408.654412 407.478222 404.304113 401.063406 397.699337 396.239518 388.064601 376.662352 367.796551 365.052521 369.531448 374.037596 376.551164 382.517236 393.327153 404.194446 412.759651 424.566026 430.187178 435.218780 438.148773 433.891880 430.132139 426.158561 421.031252 409.874815 -9999.0 -9999.0 -9999.0 -9999.0 -9999.0 -9999.0 -9999.0 -9999.0 -9999.0 -9999.0 -9999.0
402.645908 406.020488 394.973964 390.149392 386.908570 384.866299 379.959996 371.343096 366.147944 360.873064 359.267163 359.471464 359.704218 364.016904 374.199225 382.312126 387.220051 389.826300 392.505493 392.519878 392.128491 391.874463 389.060528 385.695570 382.346369 380.591755 380.879406 373.310096 367.928923 364.609118 363.168894 365.659042 367.998392 371.200140 380.750955 388.976163 397.205866 411.408079 423.710614 428.829339 426.206933 420.966377 416.938287 410.095823 399.895192 389.290735 379.104272 371.783322 366.065702 360.330870 366.137131 372.426260 382.288464 392.048316 403.936656 416.018141 -9999.0
387.379944 390.372848 379.681671 371.416916 366.769300 367.009215 369.520347 366.071039 361.610514 357.237120 365.675304 367.177019 368.542012 371.969241 375.341453 378.220409 381.109949 386.593763 395.727452 398.566517 399.237294 399.494808 397.764530 394.720332 392.976030 390.268276 385.137905 384.205642 384.641713 384.588940 389.707926 391.191438 392.699717 385.804610 389.196837 395.386273 402.221445 408.939994 415.713288 419.868286 416.449266 415.070977 406.300888 392.044639 380.322440 371.331547 368.788505 365.260874 357.142912 344.345809 351.022080 366.248158 370.603375 373.869931 385.473370 397.629534 407.870526
373.940526 377.159624 372.298167 373.582666 375.230044 376.868248 375.468630 372.731127 371.349769 384.428246 394.276640 396.396817 399.608644 403.345633 402.584417 390.583415 388.184279 396.749555 407.367927 413.454470 413.877368 414.017472 412.342862 411.411566 411.016830 408.795935 409.825703 412.504501 412.986637 417.975356 423.700645 426.512525 418.257987 408.932706 409.446932 417.015064 424.973571 432.269646 443.014815 454.356049 452.867714 446.633485 436.962844 422.564034 398.354802 377.971879 366.663321 359.236124 351.652445 350.797847 347.653320 358.157182 359.471282 360.893676 368.970964 379.012475 388.962170
389.997743 398.460805 392.761713 387.621832 384.737199 385.652537 386.215028 389.916611 403.318794 417.815932 433.276912 436.603909 439.637579 439.590913 430.389204 420.194881 416.288712 431.406539 447.741873 456.411860 457.603448 457.819321 465.521737 463.955915 461.834185 456.742079 459.178530 461.608524 472.570220 480.429641 487.482570 485.592327 473.516375 462.000538 459.950687 462.029498 464.538406 470.484241 480.777488 490.545553 485.066220 476.882023 465.484589 435.381494 406.596126 388.549222 388.020984 387.480439 381.955071 378.043646 373.858446 365.898716 364.806313 363.529552 362.497657 374.040358 385.970900
440.405694 457.103829 451.770016 443.804093 433.525733 434.400029 438.209729 447.150172 461.274429 480.395249 505.692695 510.003947 514.323422 518.148563 507.404937 495.237321 483.876796 501.050370 511.533896 521.035894 524.174219 535.398707 545.838812 541.227265 532.911549 523.082148 529.829670 543.116854 558.763471 565.778331 569.610128 569.009709 558.208683 552.200880 549.613411 550.474832 547.018154 550.640382 561.210285 576.207329 575.261295 564.070006 539.515968 500.921172 464.132111 441.023511 444.425320 436.454671 428.772677 423.559510 408.291817 395.979825 394.811158 384.345768 377.341627 388.111857 393.573759
491.848181 511.255208 507.800379 497.437183 485.021328 485.375917 494.013347 504.846020 525.202215 550.372575 576.492075 587.890639 593.811132 603.924462 597.780850 588.622565 580.157508 589.504180 602.406244 615.150364 626.431999 639.829259 651.931132 643.693767 632.601395 628.494153 633.737181 652.935110 669.843515 675.491606 677.455355 680.884929 672.850494 665.406047 657.438652 650.577375 643.678760 638.980136 655.789257 671.136584 668.475268 643.519338 617.307002 579.501894 539.599441 504.156826 499.576562 495.674871 492.620746 475.562545 458.180551 438.905885 427.087506 416.636452 400.912342 404.959915 409.426562
594.084165 616.349767 619.893820 604.919302 598.938624 604.532108 617.562737 625.366513 641.362551 668.333554 702.635937 726.873363 748.151724 753.087240 744.817961 735.900877 722.641268 719.435377 735.404479 747.811377 759.262596 770.634984 782.979221 789.270364 787.395041 787.171741 790.295227 796.465891 804.669554 811.517184 817.346131 823.283662 821.182387 811.286370 803.760717 794.119926 786.114423 783.021324 783.794872 792.756736 790.298297 765.321370 737.113344 704.065042 665.436209 631.827335 610.701192 612.700183 598.414790 577.976276 554.928272 516.741842 496.807583 478.512293 447.230901 441.410763 449.308303
711.552840 728.189495 743.195271 740.723637 743.445379 747.858769 755.374305 761.216637 769.971309 803.035699 838.684486 869.291549 894.266133 903.598323 894.147008 884.664144 873.177379 863.816942 866.835433 880.660280 897.061229 912.655758 923.590110 927.282995 926.036075 926.293460 928.053732 931.129224 933.967092 939.585506 946.578898 956.533896 967.733510 962.616741 945.979688 933.034631 918.321764 912.200837 909.743056 906.564581 905.669466 898.944119 868.952388 840.337216 807.510415 776.236413 752.980266 735.708277 714.504534 690.486012 643.598232 601.001992 563.930432 533.917604 503.463566 498.450380 520.744373
834.865344 860.296334 876.239554 880.614699 883.739572 887.349410 894.118321 900.199890 908.372097 930.360251 967.027245 1003.959432 1033.914232 1039.155616 1030.989098 1020.990805 1010.457057 1000.470107 997.304434 1004.247444 1014.586696 1029.675897 1040.884500 1050.700300 1050.205888 1050.475207 1050.508546 1052.479868 1054.239046 1055.810887 1062.212112 1073.158634 1083.618134 1084.904095 1072.637576 1055.793544 1037.940759 1029.297138 1021.929571 1015.309975 1014.432755 1014.301092 1007.791994 983.400231 947.975867 904.953668 876.531520 853.663027 839.018865 821.832636 797.405503 748.087473 718.249235 682.919131 646.839621 623.270712 659.130226
948.912380 979.353712 998.907044 1008.101462 1010.029448 1013.634518 1021.835119 1029.067789 1039.991675 1056.590772 1079.139353 1107.353595 1134.232106 1152.243505 1149.538612 1138.067689 1121.689729 1117.056025 1116.031978 1117.679457 1123.782796 1130.808013 1145.074946 1159.687386 1164.589145 1165.032731 1162.405954 1164.381153 1165.416869 1165.364762 1166.091414 1170.016472 1176.539004 1178.896096 1174.627928 1159.518544 1139.715762 1124.134030 1114.240028 1108.791410 1105.740107 1105.883086 1104.346714 1092.563270 1064.515613 1027.348454 993.073042 969.312466 951.744840 937.056154 925.145928 907.272198 889.156018 859.008980 816.369836 780.102892 776.238973
1049.075618 1075.310223 1099.832744 1117.041611 1122.784055 1130.201738 1135.965154 1146.432408 1161.847610 1179.839228 1193.192274 1209.528294 1230.314676 1242.545387 1248.422051 1249.042214 1248.078215 1249.636937 1249.505775 1229.589578 1231.854881 1234.002457 1239.134751 1245.481097 1247.256943 1247.211849 1246.186538 1247.060089 1247.315847 1247.487773 1247.210660 1246.773341 1248.406142 1248.976159 1248.093901 1242.350335 1242.298344 1225.399748 1213.208369 1205.405890 1197.554375 1188.843021 1179.138228 1169.218416 1153.136909 1126.309056 1092.851933 1064.148117 1050.865379 1042.868629 1035.376937 1028.936840 1013.225856 991.467712 961.471037 923.819518 888.829589
1145.641868 1165.302940 1191.302777 1209.576622 1220.582430 1229.829863 1235.224435 1247.181902 1259.615729 1256.436500 1259.469018 1262.680630 1265.857757 1267.075877 1267.389624 1267.082257 1264.560681 1263.787177 1261.684077 1256.271750 1246.526179 1247.500939 1248.481201 1250.553909 1253.668063 1252.046126 1252.698651 1255.458082 1254.007889 1248.774673 1245.432745 1243.927343 1244.306827 1251.259553 1254.208844 1254.805213 1253.971829 1253.009867 1252.360134 1251.090413 1249.713837 1247.876702 1245.426687 1246.493066 1236.514175 1213.863079 1182.094947 1148.138320 1132.329822 1126.053630 1125.445106 1121.300550 1114.005776 1094.542064 1067.208323 1031.722759 994.146358
1250.859306 1251.660046 1259.311215 1263.493211 1265.929437 1268.775067 1271.384685 1272.211676 1268.882257 1265.190747 1260.342342 1258.875181 1257.358661 1254.776328 1255.092970 1252.718467 1248.309712 1244.170165 1237.101076 1225.516445 1213.268916 1210.163824 1214.160751 1218.530033 1222.257489 1224.860374 1227.808054 1228.919163 1224.398081 1216.997530 1210.353400 1208.543060 1214.864542 1220.302063 1225.232456 1225.879134 1224.594875 1222.844525 1223.392006 1221.574964 1222.781753 1229.839445 1243.363224 1250.089507 1252.112423 1251.628002 1245.850982 1235.391989 1224.018077 1204.199087 1206.489084 1201.151646 1188.847058 1167.174706 1143.072404 1113.782840 1085.080504
1262.141188 1260.310468 1254.527725 1248.913538 1248.343793 1252.220594 1258.857752 1259.950656 1252.724884 1244.051178 1236.437548 1228.981841 1226.102588 1224.075937 1222.730187 1222.056793 1216.056440 1207.661584 1191.616765 1178.628720 1166.170697 1159.205722 1156.916956 1161.522472 1170.445971 1179.013455 1183.220716 1176.972614 1169.922867 1159.929321 1152.281218 1152.648271 1155.150963 1163.898051 1177.043521 1181.101176 1181.986551 1177.629456 1174.169186 1169.373934 1168.740772 1176.957730 1193.058990 1208.820551 1222.611608 1231.073552 1238.701078 1245.062731 1249.419551 1250.079551 1250.303449 1249.228615 1246.645809 1231.387466 1210.820683 1187.375829 1163.104038
1240.895670 1235.393278 1228.275555 1222.137625 1220.111991 1222.252264 1224.881850 1221.257445 1213.971516 1202.995785 1190.977516 1179.987378 1172.856381 1172.507661 1173.610221 1173.458985 1166.413646 1151.471686 1133.424268 1118.907543 1104.078510 1099.244971 1093.969333 1089.874145 1099.900359 1115.864821 1121.518422 1108.675544 1099.306525 1085.813988 1078.740389 1076.038502 1077.732718 1087.051428 1106.090697 1124.410168 1125.814089 1117.089398 1108.783145 1105.146005 1104.047906 1112.209810 1131.727850 1152.395399 1167.857338 1178.413361 1185.416988 1194.444039 1204.435326 1216.609280 1229.742297 1240.809127 1249.946794 1253.039970 1251.481276 1246.802318 1232.951264
1210.188121 1201.535119 1193.541086 1186.597982 1181.701194 1178.918955 1175.872962 1169.382740 1161.751900 1147.568538 1134.474127 1121.580737 1107.180412 1102.882149 1099.322643 1100.165550 1088.383885 1077.108728 1057.683314 1041.524979 1025.312314 1014.743858 1008.446770 1002.345037 1006.829615 1021.947320 1030.719219 1017.159428 1007.129812 994.509350 988.517517 985.453506 987.305985 997.400714 1019.552364 1038.163151 1045.188856 1037.940437 1033.297654 1031.824819 1032.068662 1038.993021 1055.029637 1075.989107 1097.534431 1114.211029 1124.778939 1133.749944 1144.850952 1160.024481 1174.824064 1189.700472 1207.239368 1227.077425 1241.679391 1250.975722 1255.327788
1168.955456 1158.514473 1147.229289 1135.971774 1129.179573 1129.476470 1122.241535 1115.262377 1100.395378 1055.139909 1036.952043 1018.508633 1002.673590 996.296274 988.274531 980.459738 970.578947 963.092853 954.675750 938.596787 920.848979 904.516396 898.852212 894.197635 885.801904 891.124152 894.332710 897.144015 889.989642 884.090015 881.803385 879.471729 882.888861 896.472668 908.664708 919.384636 925.872104 924.532172 931.779768 938.745339 943.210617 959.873440 974.557507 993.249036 1015.579306 1039.746366 1053.796634 1064.429925 1076.454205 1093.055906 1110.835377 1129.406250 1152.764771 1177.947394 1194.736401 1206.627391 1219.165539
1118.382212 1103.823258 1090.547754 1077.334977 1063.892048 1063.826635 1059.516295 1050.742408 1010.800382 968.335225 935.870998 917.101654 894.667211 882.780498 871.310618 845.442238 830.838270 823.830821 827.441724 816.883944 799.317476 784.558871 775.989164 769.029464 756.186570 747.961519 752.420286 764.082101 759.478741 757.703490 761.674322 760.021681 757.054949 763.325761 777.978888 786.634985 796.854751 808.527271 813.966304 823.764470 850.519263 865.638766 882.053171 903.393153 926.424874 950.234605 971.344261 985.649737 1001.270953 1021.113452 1039.085335 1061.042047 1085.691185 1115.174052 1135.804837 1151.338582 1164.175718
1045.032774 1028.286812 1010.755429 990.179661 969.095633 965.845873 957.981600 939.106692 893.445756 852.683741 821.984967 799.032322 773.990006 754.681418 727.461576 695.479853 674.753986 678.815624 685.322883 684.766535 669.925759 656.216699 645.200258 631.022843 615.221371 603.760736 612.093276 620.780456 628.474310 631.912332 635.745652 638.153430 637.202390 633.565728 640.061578 649.590828 660.825027 672.314730 686.626263 717.113393 743.411730 762.415640 784.860326 806.983295 831.659259 857.327280 880.357014 897.929629 917.827447 938.430136 960.598264 982.834108 1009.079791 1039.485755 1064.799472 1081.498740 1097.174974
962.367339 939.745485 913.427846 875.047927 859.397853 849.729070 836.624747 800.534298 757.527613 721.116324 695.531576 669.442345 644.015778 615.865716 583.613726 555.838656 535.154315 541.242648 547.760349 558.039448 545.440827 533.372220 526.314201 511.004365 496.622834 482.145683 489.785021 499.644932 516.447769 520.563763 524.047021 530.870042 529.878783 527.806223 520.003632 529.328465 540.410148 554.928753 583.433222 610.062874 636.313786 659.868486 682.797527 707.977232 734.742397 761.661689 789.479570 811.126670 832.257190 855.628434 877.722308 898.020335 920.949767 948.775226 973.175497 994.223839 1016.496789
861.320518 836.700313 800.341033 756.138519 721.689152 705.247652 667.225308 632.176940 594.777875 574.756845 554.402399 529.718155 506.518691 483.814605 456.515342 432.806947 408.417301 411.813664 423.866355 437.385564 430.893605 426.646642 422.998469 411.320547 397.411773 383.752575 387.365994 402.440683 419.255576 426.560096 433.160930 440.741238 440.958765 434.465814 426.440902 432.530944 446.991345 463.843867 486.121696 510.077390 533.888339 556.526710 581.648346 608.074529 635.203487 664.379676 694.578519 718.030651 744.803748 772.126164 794.273202 809.016345 825.653409 851.949616 872.502979 896.295955 920.622452
753.104115 725.444460 683.524577 639.374479 594.823207 554.892987 520.286336 487.460505 467.736745 447.260434 427.871686 408.404575 386.464309 366.065908 346.291308 323.736276 305.178473 310.200981 323.158553 334.477331 336.830561 333.600587 330.312229 322.504417 308.723402 298.251338 306.596401 321.988555 336.974891 347.098648 353.850793 360.044993 357.443243 349.414321 343.546084 351.818759 367.644988 383.114652 401.330603 423.781673 446.416234 469.586282 494.069027 518.921122 546.475422 575.181900 604.580333 633.774321 660.993467 686.718641 701.475508 716.147333 727.181090 746.487782 767.630096 790.827194 816.821215
624.522121 594.728208 559.346393 518.337825 485.433654 451.644892 419.323058 387.713514 361.393787 343.160729 332.371225 316.836145 296.961733 282.874754 265.515622 247.231349 246.462279 249.431668 260.826419 262.288043 262.816286 259.715243 258.486468 253.904225 242.881339 249.437953 257.026468 271.792421 282.683150 292.126409 298.438417 302.643839 302.475030 295.965205 299.370667 306.752130 321.639090 333.918719 349.634326 371.158482 389.506363 410.078240 433.424158 457.766374 483.602021 511.239247 541.167143 568.720939 591.672825 604.670133 618.736269 628.042048 626.077524 643.646600 662.205190 680.947484 707.581071
