examples/3D/Borden05m2ooo/output-maps-SE27XX/psiliqL0021N0003.asc
ncols         160
nrows         34
xllcorner     620200.000000
yllcorner     5168000.000000
cellsize      0.500000
NODATA_value  -9999.0
[rows 0 to 24 of 34, columns 55 to 109 of 160]
-9999.0 -9999.0 -9999.0 -9999.0 -9999.0 -9999.0 -9999.0 -9999.0 -9999.0 -9999.0 -9999.0 -9999.0 -9999.0 -9999.0 -9999.0 -9999.0 -9999.0 -9999.0 -9999.0 -9999.0 -9999.0 -9999.0 -9999.0 -9999.0 -9999.0 -9999.0 -9999.0 -9999.0 -9999.0 -9999.0 -9999.0 -9999.0 -9999.0 -9999.0 -9999.0 -9999.0 -9999.0 -9999.0 -9999.0 -9999.0 -9999.0 -9999.0 -9999.0 -9999.0 -9999.0 -9999.0 -9999.0 -9999.0 -9999.0 -9999.0 -9999.0 -9999.0 -9999.0 -9999.0 -9999.0
-9999.0 -9999.0 -9999.0 -9999.0 2434.953324 2429.769866 2425.165523 2420.984194 2412.975421 2404.233584 2396.698553 2393.127831 2392.584898 2392.283758 2392.252996 2397.748337 2406.232400 2414.245386 2421.529358 2424.103224 2426.709529 2428.946484 2429.511846 2428.576516 2425.609157 2422.655162 2419.466618 2417.992176 2410.491045 2399.374523 2390.945703 2388.256761 2392.498588 2396.816331 2399.196023 2404.480099 2414.769097 2425.109315 2433.074709 2444.793505 2450.794005 2455.490386 2457.643424 2453.025750 2449.090083 2444.708415 2438.641148 2427.362593 -9999.0 -9999.0 -9999.0 -9999.0 -9999.0 -9999.0 -9999.0
2379.989356 2399.034152 2419.925116 2423.340859 2411.848486 2407.068096 2404.236326 2402.863378 2398.848736 2390.799799 2386.152192 2381.222591 2379.382890 2379.916573 2380.377574 2384.712411 2395.717026 2403.998148 2409.000539 2411.932474 2414.942573 2414.091610 2413.628939 2413.574850 2410.868580 2407.550869 2404.313752 2402.619755 2403.799693 2396.301033 2390.559808 2386.858293 2384.354477 2386.911185 2389.414206 2393.407851 2402.486771 2410.194015 2417.836190 2432.041876 2444.373932 2449.326536 2446.196579 2440.830761 2436.413572 2428.782974 2418.044255 2407.666953 2398.898270 2391.986443 2385.899221 2378.989040 2384.434952 2391.007401 2399.766954
2364.822733 2384.548215 2405.366517 2408.419834 2398.230063 2390.651344 2384.951565 2385.840096 2389.497103 2386.701688 2382.503145 2376.307360 2386.207639 2387.810259 2389.193588 2392.946664 2395.833306 2400.636078 2403.547424 2409.181808 2418.348013 2421.308885 2421.974389 2422.240221 2420.479576 2417.416137 2415.647305 2412.991258 2407.850444 2406.397171 2406.327378 2405.429601 2409.782362 2411.144455 2413.571744 2407.519450 2411.418427 2417.376443 2423.904268 2429.465344 2435.328281 2437.840491 2433.920848 2433.255011 2424.164079 2409.851113 2399.018121 2390.677257 2389.573621 2385.865310 2377.205561 2363.040982 2370.012493 2385.033376 2388.913943
2371.565306 2381.168740 2392.699940 2395.879183 2391.324944 2393.696144 2395.943015 2397.822519 2396.656490 2393.918192 2391.033018 2402.754493 2411.885849 2413.918408 2417.057844 2421.445456 2422.386487 2411.623243 2409.821221 2417.726464 2427.728357 2433.266515 2433.631816 2433.542318 2430.637601 2429.672891 2429.526214 2427.693740 2427.752567 2429.693968 2428.202231 2431.780208 2437.314821 2440.609129 2434.081729 2425.234136 2426.770688 2434.793515 2443.531067 2450.715705 2460.577448 2470.948147 2470.023238 2464.315965 2454.800269 2441.089612 2417.399161 2398.403036 2386.644794 2378.109330 2369.998899 2370.903783 2365.875894 2377.755991 2378.585201
2364.953287 2384.845756 2405.841202 2413.064194 2407.720587 2404.121768 2402.958079 2404.295252 2404.423773 2406.509797 2417.276655 2430.444526 2443.877137 2446.819565 2449.446014 2448.910345 2440.978794 2431.095659 2428.399466 2442.592784 2459.740323 2468.021107 2468.149942 2465.378694 2470.078685 2469.771693 2469.557694 2465.749669 2467.080083 2466.230609 2473.393593 2481.032120 2488.609020 2487.031392 2474.631645 2462.495875 2461.692283 2465.908458 2471.211259 2477.876514 2487.518496 2496.202957 2490.545709 2483.810384 2474.549910 2446.822353 2421.181631 2405.056527 2404.240267 2403.731562 2398.178092 2394.696649 2391.837544 2385.602569 2384.573573
2408.210392 2428.976299 2450.258580 2465.138507 2459.938441 2453.050902 2444.756245 2445.879137 2448.046613 2455.467197 2467.525367 2482.733705 2505.995663 2507.374631 2509.378971 2510.024979 2498.370368 2486.055622 2476.095401 2496.844778 2507.870243 2515.668500 2514.881866 2521.952424 2531.190506 2527.395976 2520.607298 2509.409992 2515.384024 2523.980141 2539.087187 2546.522543 2551.144454 2547.739816 2534.814590 2528.318443 2528.517956 2533.072196 2532.533564 2539.115775 2547.857863 2562.092709 2560.277207 2553.896278 2532.133130 2494.334270 2461.943480 2444.892384 2453.132371 2445.788543 2437.636823 2434.906929 2421.576325 2411.832683 2412.363504
2452.731330 2468.959582 2486.943554 2504.877399 2498.459530 2489.049174 2474.743225 2473.521498 2479.814474 2490.710081 2509.482889 2529.957848 2551.944312 2554.922132 2552.597248 2562.313909 2556.602809 2547.009904 2539.702961 2557.380069 2568.366209 2578.766998 2586.069853 2598.825219 2609.782966 2596.149332 2581.257156 2573.061913 2579.450968 2602.707059 2623.022148 2627.867276 2627.638727 2628.035038 2615.047279 2609.435269 2604.786358 2602.792562 2598.598081 2595.397635 2617.244304 2635.989000 2634.352715 2611.305083 2587.283836 2548.625617 2510.035067 2481.529528 2488.062980 2483.740614 2484.098378 2470.877311 2456.453444 2444.321835 2437.340918
2519.435234 2544.843079 2563.677030 2585.544191 2581.199434 2561.669170 2549.857886 2554.187906 2568.166217 2576.617546 2594.503699 2614.858491 2643.247186 2659.416673 2674.296371 2680.179290 2672.138857 2663.795391 2651.800435 2654.581945 2676.156879 2689.550017 2699.216457 2708.710234 2721.358106 2723.847162 2718.741030 2717.540240 2721.518794 2732.447005 2744.675053 2751.303192 2754.934621 2756.923396 2747.094103 2735.389401 2733.118450 2726.420518 2722.728731 2720.772935 2728.075695 2744.066840 2740.398122 2707.020441 2678.909235 2642.695499 2604.050561 2572.964252 2561.303469 2574.044774 2567.649294 2549.586206 2534.432188 2503.901493 2493.029340
2603.705867 2638.431431 2664.837201 2679.282187 2690.292673 2680.567111 2680.965444 2685.998429 2694.792399 2699.442049 2707.096356 2739.783337 2772.775710 2799.661088 2823.520138 2832.017626 2820.919219 2811.593959 2799.128430 2790.486141 2799.206101 2815.845211 2833.382645 2848.721039 2860.071468 2862.783764 2861.315342 2861.529282 2864.329674 2867.259446 2871.016012 2878.554326 2886.073232 2824.867324 2830.506463 2825.327107 2878.274237 2867.644060 2856.488293 2853.574852 2853.197317 2854.093161 2853.768828 2839.480175 2800.473947 2768.964520 2737.335961 2713.319267 2695.843219 2688.745329 2667.205857 2642.482713 2592.242132 2553.213934 2519.543021
2706.211319 2749.999100 2779.315969 2800.218546 2815.047402 2815.438468 2818.563344 2821.200960 2826.665919 2830.966320 2836.100105 2861.743628 2828.234916 2862.914922 2893.321575 2894.687086 2882.622106 2871.720091 2862.231446 2849.354512 2845.739331 2856.654979 2870.536077 2889.288622 2900.113993 2907.466290 2904.100467 2904.473699 2906.879309 2908.104569 2910.049715 2913.091590 2921.715197 2932.089146 2945.199506 2945.205616 2931.969334 2915.635868 2899.277745 2895.096666 2891.323149 2886.009108 2887.409797 2888.684599 2875.873072 2850.413296 2881.253882 2839.125897 2817.455135 2798.530855 2785.181224 2768.516860 2732.142368 2668.537622 2631.259458
2831.062780 2863.935217 2822.479633 2849.179510 2865.257165 2869.494188 2868.063386 2868.056145 2875.199786 2879.219190 2886.394123 2901.705867 2927.063203 2959.796802 2988.240347 3004.218582 2997.912016 2981.994801 2961.706531 2953.639769 2951.397228 2954.498471 2963.004623 2974.159587 2992.201184 3009.603571 2987.400342 2988.247752 3012.994688 2987.933267 2987.885465 2987.951102 2990.203806 2997.271623 3006.123318 3009.246000 3004.133053 3013.085695 2991.623544 2979.260700 2972.002723 2968.145145 2967.969321 2971.584030 2973.342540 2959.778274 2931.280621 2889.417200 2858.350062 2840.892843 2830.499294 2885.222277 2871.737471 2841.899584 2820.436945
2869.105320 2883.910023 2907.626127 2935.335610 2957.310474 2972.488775 2974.164855 2978.116861 2982.906762 2991.078337 3005.516337 2998.552953 3014.061481 3034.424280 3058.935181 3073.756207 3079.077019 3078.072453 3074.984463 3076.387221 3076.684683 3026.407777 3031.570240 3036.698940 3050.422953 3063.260608 3066.403261 3066.927540 3066.300722 3066.482051 3067.039132 3067.028767 3066.680150 3068.211031 3072.283374 3073.839823 3071.989306 3062.909608 3076.044239 3057.181001 3044.352458 3036.473030 3028.501126 3020.252693 3010.951708 3002.826575 3012.797740 2984.202894 2950.516362 2928.281921 2919.345180 2916.519601 2908.537235 2902.681862 2886.167256
2964.959764 2975.971535 2993.280514 3014.301378 3016.317071 3036.400411 3047.226823 3056.084942 3060.653121 3073.838739 3089.134611 3075.322256 3081.936623 3088.851824 3095.719143 3098.075516 3098.747182 3098.431883 3096.108070 3095.484100 3093.339458 3089.500217 3079.418378 3080.989569 3082.784737 3085.358809 3088.975103 3087.802100 3088.885324 3091.791791 3090.139565 3084.328112 3080.451775 3078.894717 3079.713248 3087.019705 3090.376853 3091.314201 3088.765064 3087.934475 3087.140359 3084.409688 3080.992919 3076.169079 3069.993071 3080.975647 3071.231828 3045.202770 3009.419588 3000.253571 2991.310949 2991.032861 2990.921214 2988.739054 2982.828778
3052.028331 3064.912268 3078.893106 3063.124493 3079.594771 3088.724310 3093.026574 3096.565729 3099.171135 3101.572988 3098.481274 3095.298620 3090.505689 3089.055854 3087.730650 3085.316800 3085.944410 3084.043692 3080.057038 3076.229217 3068.876739 3057.668746 3046.492235 3043.297762 3047.687618 3053.080228 3057.927565 3061.929552 3065.500407 3065.879798 3060.706272 3052.554982 3045.241463 3043.524295 3050.237963 3055.898376 3061.970093 3062.786571 3061.429262 3059.144151 3059.086690 3056.137365 3056.463687 3063.293912 3077.430908 3081.109187 3085.878032 3085.188810 3071.866467 3049.142649 3054.420309 3034.865069 3040.127759 3035.680510 3024.576438
3090.487716 3092.746362 3091.459507 3090.150853 3083.933210 3078.017021 3077.276530 3081.226997 3088.161907 3089.292381 3082.317358 3073.958880 3066.908500 3059.787509 3057.560921 3056.784990 3056.413055 3056.790791 3051.554255 3042.918039 3028.122181 3016.695831 3005.650439 2999.716845 2996.575075 3000.513976 3011.200723 3022.422437 3027.289995 3018.920305 3010.879488 2999.563987 2991.585445 2991.990845 2993.447863 3002.737715 3018.512822 3025.026153 3025.794092 3019.839822 3014.075894 3007.729476 3005.038064 3011.543742 3026.518943 3040.979697 3055.671722 3064.362765 3071.851142 3078.699253 3078.857545 3081.013203 3082.210101 3080.476854 3082.071356
3084.540597 3077.776243 3071.020684 3065.893326 3059.481171 3054.162667 3052.416478 3054.497662 3056.777124 3052.995525 3046.676378 3038.302434 3027.509155 3017.928437 3010.874267 3011.827299 3014.110017 3015.539316 3008.685305 2995.335074 3006.184594 2993.472280 2979.649828 2975.598608 2969.973477 2963.413458 2973.538401 2992.198827 2999.101763 2983.982544 2973.546795 2958.847502 2952.137283 2948.566912 2949.700397 2958.858738 2980.481182 3003.026504 3005.026486 2994.811374 2984.738038 2980.247650 2977.564450 2983.006301 2999.428918 2989.666515 3003.473996 3013.407608 3018.736235 3026.522978 3035.786658 3047.586914 3061.594891 3073.337646 3079.189313
3060.176631 3052.553651 3045.003990 3037.535655 3030.825125 3026.373230 3022.235301 3020.276118 3016.837273 3010.921243 3005.584030 3016.307391 3004.665956 2991.877353 2977.184138 2973.199023 2968.784073 2969.833049 2958.349116 2949.651821 2933.641453 2918.517287 2906.354136 2893.964804 2888.114244 2881.618593 2881.725923 2895.675015 2904.200525 2893.537216 2883.742863 2872.528366 2867.610990 2864.408241 2866.831772 2877.343946 2897.815165 2916.379246 2924.536610 2917.338799 2915.075231 2910.995624 2909.698638 2916.021871 2928.071579 2945.641315 2967.548354 2985.598486 2995.527904 3002.898890 3011.723447 2995.231491 3007.413090 3021.341795 3038.707573
3030.146188 3022.669637 3013.026238 3003.627707 2995.003230 3014.522923 3008.744069 3010.593549 3004.050169 2997.839724 2977.424882 2926.396236 2909.791682 2891.051377 2874.896468 2868.229334 2859.896099 2846.179211 2837.226951 2831.971272 2831.355381 2820.417618 2868.731798 2850.958922 2845.369411 2841.112444 2826.045212 2824.083877 2825.226124 2837.496232 2831.094901 2828.552007 2829.399464 2827.294235 2829.586136 2843.095844 2852.716736 2860.406719 2867.901566 2871.838054 2882.292271 2822.339278 2827.192598 2844.017660 2855.898013 2872.074498 2892.844365 2914.230614 2929.010402 2938.750829 2949.464400 2963.880638 2980.264120 2997.975204 3019.511528
2999.210707 3013.320735 2999.766106 2985.435775 2972.748459 2960.929065 2945.864370 2947.104467 2944.214132 2934.373480 2887.054053 2849.391558 2883.431789 2864.771030 2840.283729 2825.933162 2809.560394 2773.746376 2756.285475 2753.199834 2764.232596 2758.479712 2743.864629 2731.096156 2721.666925 2712.742816 2696.211892 2680.269706 2685.739539 2702.195802 2701.564021 2703.545658 2710.490987 2709.928936 2704.652338 2704.948538 2718.276386 2725.281307 2736.923744 2753.686986 2759.447577 2773.774301 2806.554655 2821.362899 2838.256845 2859.041364 2881.504460 2834.364882 2852.720846 2866.758930 2881.969871 2896.934809 2913.660718 2934.242994 2957.116843
2978.616604 2949.851474 2929.334370 2912.290114 2897.071771 2872.004773 2851.623890 2849.011636 2842.365056 2819.427996 2831.167774 2793.057293 2768.154774 2745.348648 2720.846025 2697.194892 2660.325442 2625.731494 2603.661542 2615.531578 2624.898299 2632.774575 2620.433437 2608.811385 2598.761729 2581.753979 2565.178853 2550.072933 2560.224038 2568.774937 2584.621876 2590.640584 2594.716794 2599.912570 2598.954011 2590.560571 2589.088645 2598.039087 2608.853952 2621.348606 2641.544824 2677.664797 2703.896559 2723.417771 2745.682722 2766.890545 2790.395863 2814.185351 2838.415819 2857.144127 2877.210600 2826.077545 2843.458533 2863.309227 2886.920889
2904.769791 2876.812632 2850.498886 2830.990595 2863.517807 2818.287993 2801.930720 2791.428853 2770.834770 2725.700095 2684.169850 2656.999538 2640.161233 2615.775070 2593.135564 2563.995698 2530.836412 2507.405100 2486.500150 2495.226543 2504.019242 2521.070676 2511.127063 2502.805424 2498.650143 2483.293305 2469.701600 2453.758823 2460.339655 2471.804802 2493.469002 2499.055391 2503.202571 2512.171619 2511.708890 2508.168651 2493.703109 2501.626472 2513.066961 2528.391892 2559.191815 2582.860044 2606.850636 2629.781693 2650.941405 2675.970874 2700.665101 2725.705454 2753.920485 2775.433075 2796.183661 2818.343009 2839.714075 2857.337457 2876.786278
2860.374360 2835.034582 2813.597009 2788.488434 2747.806635 2702.926338 2661.431495 2636.735139 2587.703085 2552.189076 2527.191518 2521.411587 2507.038015 2485.828250 2465.449622 2444.526169 2421.168999 2400.985038 2375.890244 2380.410849 2394.851794 2410.656366 2409.697960 2409.156107 2407.049339 2397.101158 2383.519980 2369.866814 2373.531870 2390.077518 2407.794895 2417.246443 2424.865113 2432.825694 2432.999966 2424.627982 2415.525812 2421.070778 2436.712165 2454.066476 2473.471566 2495.381420 2517.637402 2539.287006 2563.008282 2586.784474 2611.308370 2637.891590 2667.902703 2690.902506 2716.362466 2742.666015 2762.048341 2773.809305 2785.237401
2750.751022 2729.842891 2705.499772 2677.255694 2633.733090 2592.889539 2551.400793 2505.810870 2471.883647 2441.368411 2431.017234 2414.479398 2399.670714 2383.903414 2363.235402 2345.993500 2329.992861 2308.351616 2295.893842 2302.294217 2315.295966 2323.998076 2329.445037 2326.944032 2324.311891 2318.095069 2304.202826 2298.377587 2307.948990 2323.189439 2337.258088 2348.555682 2355.582466 2361.196726 2358.541527 2349.994510 2346.652383 2355.237175 2371.145751 2385.392634 2401.393211 2422.867777 2444.538441 2467.160741 2490.788735 2514.010991 2539.760377 2566.211593 2593.117159 2621.135811 2645.313337 2668.063785 2679.574132 2691.445153 2695.234725
2618.273781 2604.711493 2578.515281 2549.767252 2519.578058 2484.770709 2458.289068 2425.959232 2395.397002 2365.903971 2340.065076 2326.244706 2318.821454 2305.253802 2287.588668 2275.751043 2259.787152 2247.535826 2251.665248 2253.091017 2261.716849 2260.462825 2261.136817 2258.431884 2257.604098 2254.753625 2247.368075 2257.854929 2264.668784 2278.411434 2288.682117 2298.408147 2304.460664 2308.363880 2309.390087 2304.868478 2310.403883 2317.116761 2331.369763 2343.046797 2357.369537 2377.911241 2395.324025 2414.974038 2438.310064 2462.169885 2487.114131 2513.769867 2542.575925 2568.315810 2587.752716 2596.246445 2607.276447 2611.613072 2603.852545
