examples/3D/Borden05m2ooo/output-maps-SE27XX/psiliqL0014N0003.asc
ncols         160
nrows         34
xllcorner     620200.000000
yllcorner     5168000.000000
cellsize      0.500000
NODATA_value  -9999.0
[rows 0 to 24 of 34, columns 56 to 111 of 160]
-9999.0 -9999.0 -9999.0 -9999.0 -9999.0 -9999.0 -9999.0 -9999.0 -9999.0 -9999.0 -9999.0 -9999.0 -9999.0 -9999.0 -9999.0 -9999.0 -9999.0 -9999.0 -9999.0 -9999.0 -9999.0 -9999.0 -9999.0 -9999.0 -9999.0 -9999.0 -9999.0 -9999.0 -9999.0 -9999.0 -9999.0 -9999.0 -9999.0 -9999.0 -9999.0 -9999.0 -9999.0 -9999.0 -9999.0 -9999.0 -9999.0 -9999.0 -9999.0 -9999.0 -9999.0 -9999.0 -9999.0 -9999.0 -9999.0 -9999.0 -9999.0 -9999.0 -9999.0 -9999.0 -9999.0 -9999.0
-9999.0 -9999.0 -9999.0 1026.676234 1021.298715 1016.274306 1011.623153 1002.981857 994.027563 985.963680 982.277878 981.650556 981.157434 981.036170 986.521626 994.778760 1002.650034 1010.002985 1012.614061 1015.231155 1017.610879 1018.237215 1017.162025 1014.067169 1010.892083 1007.601442 1006.163852 998.222187 986.938516 978.230782 975.519168 979.931080 984.375877 986.830773 992.563481 1003.178468 1013.851193 1022.249806 1034.011136 1039.699475 1044.571481 1047.206435 1042.779546 1038.900623 1034.731133 1029.246587 1018.015077 -9999.0 -9999.0 -9999.0 -9999.0 -9999.0 -9999.0 -9999.0 -9999.0 -9999.0
990.249124 1010.527324 1013.931111 1002.680591 997.883448 994.806692 993.020823 988.455032 980.088739 975.139363 970.049115 968.451040 968.823174 969.180794 973.540404 983.996434 992.186948 997.150048 999.872150 1002.682798 1002.473436 1002.096472 1001.937641 999.193982 995.888381 992.608839 990.902446 991.485934 983.965529 978.498582 975.078716 973.327146 975.841215 978.208601 981.621392 990.993098 999.018271 1007.029176 1021.227377 1033.485213 1038.487802 1035.648051 1030.304888 1026.090020 1018.921315 1008.431389 997.832509 988.076840 980.824652 974.911883 968.726077 974.314862 980.577056 990.001338 999.259789 1010.935954
975.281313 995.679209 998.742805 988.262276 980.265642 975.367264 975.871661 978.806508 975.639791 971.346700 966.516736 975.487246 977.098584 978.531110 982.098287 985.349383 988.842875 991.776819 997.337909 1006.525801 1009.440758 1010.146145 1010.439886 1008.736063 1005.727680 1004.013747 1001.354250 996.246069 995.174066 995.466931 995.163682 1000.056262 1001.522106 1003.282676 996.624356 1000.139045 1006.216942 1012.917763 1019.196060 1025.608384 1029.184461 1025.541749 1024.312264 1015.389246 1001.028037 989.464233 980.573866 978.387585 974.710480 966.318113 952.992819 959.632466 974.669454 978.762414 981.572419 992.792593
970.992527 983.013095 986.312175 981.641327 983.346926 985.265026 987.063632 985.824059 983.175933 981.426328 994.176296 1003.903278 1006.069909 1009.319187 1013.296822 1013.070059 1001.505731 999.345973 1007.752361 1018.238166 1024.186803 1024.611163 1024.695470 1022.667981 1021.760301 1021.481039 1019.410947 1020.159958 1022.604470 1022.466421 1026.999934 1032.630869 1035.518935 1027.872242 1018.721552 1019.531433 1027.177032 1035.221366 1042.368110 1052.727952 1063.662667 1062.266563 1056.148619 1046.503514 1032.295376 1008.219981 988.154359 976.606809 968.713352 960.814201 960.334257 956.476145 967.244354 968.269100 969.551234 977.142036
977.361080 998.911910 1007.107971 1001.637875 997.092023 994.848939 995.997133 996.519042 999.803896 1012.445159 1026.517723 1041.214174 1044.385809 1047.317122 1047.209843 1038.597302 1028.647288 1025.197417 1040.030127 1056.451806 1064.932733 1065.750039 1065.009590 1071.769293 1070.601881 1069.105866 1064.434728 1066.510818 1067.867285 1077.572927 1085.270403 1092.416789 1090.602124 1078.502860 1066.876668 1065.243752 1067.966186 1071.264135 1077.329271 1087.271755 1096.561911 1090.975166 1083.277818 1072.636034 1043.395190 1015.742263 998.234785 997.546580 996.870541 991.145766 987.189966 983.244977 975.642679 974.396232 972.804579 971.538352
1027.342504 1047.924003 1064.081551 1058.883734 1051.391002 1041.854218 1042.901613 1046.265811 1054.740063 1068.141479 1085.874312 1110.272735 1113.499539 1117.029609 1119.940382 1109.049666 1097.024701 1086.228595 1104.467069 1114.981363 1123.837351 1125.616202 1135.388140 1145.320895 1140.960704 1133.184269 1122.978198 1129.388814 1141.033091 1156.252578 1163.201368 1167.162878 1165.709526 1154.375204 1148.363361 1146.745857 1148.825240 1146.302044 1150.751032 1160.563669 1175.121984 1173.921115 1164.434975 1141.113948 1103.171815 1068.107208 1047.126451 1051.920813 1044.076849 1036.275658 1031.716885 1016.938784 1005.286583 1004.465637 994.075470 987.129231
1075.700232 1094.646196 1113.497762 1109.176221 1099.242663 1086.398391 1086.327288 1094.210087 1104.911954 1124.467660 1147.702205 1171.981992 1180.378844 1183.563061 1193.578919 1187.542687 1178.455523 1170.533345 1182.387852 1194.548772 1206.455055 1216.237751 1229.117859 1240.657530 1230.804367 1218.671040 1213.352321 1218.780371 1238.865584 1256.453880 1261.634297 1262.835179 1265.388265 1255.983016 1249.253236 1242.433069 1237.217135 1231.266850 1227.010283 1245.113109 1261.277646 1259.011139 1235.073743 1210.148662 1172.714331 1133.927128 1101.172794 1100.227486 1096.322567 1094.377789 1078.586957 1062.242118 1045.260365 1035.076534 1025.116246 1010.291448
1166.182944 1187.514077 1209.405933 1210.465011 1194.211995 1186.554205 1191.716065 1204.860325 1212.596223 1228.697016 1253.003403 1284.872223 1306.171114 1325.198998 1329.929145 1322.073142 1313.512969 1300.784027 1299.398417 1316.877131 1328.954655 1339.601751 1350.259125 1362.644374 1367.851355 1365.095134 1364.604938 1367.915130 1375.366483 1384.627421 1391.331587 1396.547449 1401.811510 1397.519379 1387.068461 1380.679626 1371.878236 1365.177182 1362.407959 1365.055086 1376.054939 1373.288551 1346.026160 1318.314422 1285.335403 1247.422802 1215.340845 1197.640820 1203.206669 1191.537380 1172.246047 1152.125515 1116.759252 1099.961909 1083.474302 1053.743868
1269.211459 1297.400385 1312.522226 1326.051113 1321.337273 1323.319022 1327.830326 1335.615892 1340.981410 1349.253850 1382.047332 1417.108950 1446.383049 1470.768110 1479.649131 1469.717007 1460.342561 1448.627594 1439.490246 1444.122438 1458.603159 1475.221013 1490.697424 1501.788287 1505.274667 1504.070230 1504.358848 1506.417269 1509.426588 1512.505934 1518.693937 1525.837757 1535.575929 1546.134975 1539.890827 1523.071318 1510.758976 1497.113398 1492.017367 1490.247054 1488.336419 1487.664618 1478.753070 1446.203461 1416.947706 1384.318903 1355.458651 1334.212580 1320.356780 1299.900101 1276.197040 1229.069025 1188.241610 1152.880489 1125.565328 1097.120204
1385.334666 1416.338854 1440.263156 1455.775535 1458.874560 1461.868861 1465.017250 1471.275407 1476.783644 1484.062347 1507.187340 1544.885044 1582.167009 1612.131344 1616.161507 1606.891463 1596.744306 1586.660556 1575.906178 1572.595600 1580.685239 1591.988172 1608.129727 1619.242605 1628.403995 1627.444046 1627.791554 1628.278813 1630.314043 1632.142538 1634.185886 1641.267886 1653.101783 1664.325951 1665.065310 1651.274938 1634.093297 1616.623615 1609.394267 1603.165019 1596.890553 1596.549885 1596.625525 1587.959920 1561.912960 1525.368288 1482.685188 1456.410239 1434.897148 1420.894275 1403.737262 1376.099949 1323.311474 1291.620368 1256.044377 1222.169619
1500.170561 1529.987151 1560.755711 1579.650981 1587.600073 1588.582655 1591.064658 1599.015151 1605.498874 1615.625286 1632.454174 1656.979686 1686.427215 1713.455162 1730.715558 1726.943739 1714.229468 1696.808306 1691.255902 1689.818975 1691.846346 1698.485197 1706.631767 1722.002809 1737.700624 1742.911260 1743.542611 1741.030752 1743.089335 1744.244959 1744.319091 1745.480342 1750.392840 1757.486181 1759.923235 1754.750951 1738.284231 1717.783573 1703.384826 1694.484029 1689.556006 1687.273667 1688.276728 1687.495608 1674.861388 1645.096548 1606.385146 1572.897037 1550.757279 1534.028339 1519.277110 1507.021629 1485.777207 1466.831875 1435.252310 1391.340971
1603.188337 1629.332137 1656.451860 1680.888938 1697.736439 1702.201891 1708.369015 1713.803233 1723.753048 1739.403895 1758.815319 1773.360451 1790.825310 1812.560982 1825.490974 1831.203676 1831.370569 1829.811240 1831.337289 1831.268957 1802.172056 1805.157413 1808.077615 1815.715101 1823.999627 1826.631942 1826.772490 1825.485411 1826.571642 1826.950435 1827.102332 1826.790341 1826.942753 1829.234318 1830.012446 1828.700323 1821.419597 1825.293009 1807.897605 1795.603363 1787.768610 1779.770809 1771.006331 1761.163438 1751.077583 1734.116252 1706.620866 1673.063300 1645.901131 1633.803498 1626.129232 1618.219953 1611.657186 1595.423470 1573.256219 1541.903759
1707.624713 1724.081060 1744.701001 1772.707798 1792.300730 1803.284797 1812.339438 1817.511191 1829.973577 1843.483571 1837.747591 1841.929352 1846.211935 1850.403536 1851.876652 1852.220527 1851.832180 1849.280135 1848.452194 1846.231435 1841.201730 1831.231929 1832.255501 1833.368223 1835.510656 1838.734706 1837.213740 1837.977599 1840.795112 1839.292832 1833.883330 1830.368763 1828.845082 1829.335739 1836.367005 1839.400078 1840.056858 1838.716282 1837.846955 1837.212847 1835.524532 1833.495792 1830.653790 1826.921087 1830.777711 1820.304631 1796.571258 1763.032800 1727.612254 1713.757681 1709.252994 1708.640375 1704.876384 1697.842268 1678.778248 1651.299291
1820.940963 1834.408930 1830.542132 1841.565133 1847.454698 1850.488066 1853.513542 1856.113276 1857.427090 1854.196753 1850.690457 1845.852037 1844.347196 1842.790958 1840.104911 1840.337345 1837.915523 1833.441239 1829.222699 1821.952404 1810.461366 1798.466627 1795.210119 1799.185831 1803.739410 1807.707726 1810.665752 1813.770514 1814.664579 1809.955554 1802.304914 1795.445369 1793.671376 1800.130308 1805.662230 1810.969406 1811.711646 1810.475265 1808.660323 1809.133201 1807.066193 1808.043671 1814.975650 1828.549632 1834.294564 1837.091005 1836.501364 1828.345154 1813.675410 1807.276302 1787.453391 1790.452699 1785.173150 1773.101709 1751.721181 1727.653200
1848.040620 1847.700097 1846.207809 1840.439921 1834.789756 1834.128168 1837.931742 1844.541944 1845.514665 1838.227720 1829.533584 1822.053236 1814.665990 1811.866253 1809.981744 1808.654077 1808.013655 1801.971958 1793.263500 1777.058829 1764.616823 1752.583191 1745.818939 1743.123073 1747.384161 1756.718115 1765.997980 1770.356796 1763.457563 1756.102617 1745.689840 1737.938453 1738.346215 1740.594558 1749.588225 1763.625848 1768.540932 1769.536940 1764.870905 1760.904305 1755.814428 1754.666265 1762.337898 1777.970800 1793.820735 1807.963653 1816.497912 1824.005582 1830.475146 1833.604389 1834.725332 1835.163851 1833.770440 1832.371622 1816.682401 1795.464152
1833.825358 1827.221525 1821.972307 1815.109596 1809.129100 1807.023281 1808.926603 1811.195883 1807.241137 1799.936551 1789.068626 1777.364586 1766.776995 1759.522165 1759.282335 1760.404391 1760.383588 1753.056058 1737.851277 1719.792899 1705.576869 1690.968545 1686.245967 1680.713073 1675.736318 1685.681775 1702.379071 1708.356368 1694.793860 1685.072712 1671.187538 1664.218049 1661.289698 1662.892523 1672.278930 1692.236231 1711.981242 1713.730560 1704.736426 1696.087617 1692.402668 1690.969926 1698.380743 1717.230543 1737.961585 1753.599480 1764.048683 1770.483151 1779.186253 1789.116537 1801.801459 1815.246135 1826.443590 1834.568624 1838.872828 1836.746515
1806.017428 1797.909121 1789.750118 1782.096808 1775.222239 1770.251830 1767.376254 1763.830338 1757.078491 1749.227725 1733.393734 1720.325647 1707.358574 1692.697582 1688.242816 1684.145373 1684.766100 1672.790412 1661.993933 1643.033302 1626.932412 1610.697488 1599.361975 1593.008331 1586.629408 1589.692410 1604.388846 1613.034878 1600.283013 1590.270599 1578.031317 1572.360044 1569.305135 1571.439737 1581.830321 1603.693005 1622.513271 1630.098317 1623.087432 1619.415926 1618.524124 1618.627321 1625.628567 1640.743989 1661.297203 1683.247258 1700.541353 1711.006852 1719.655341 1730.542253 1745.703058 1760.316400 1774.859368 1792.378844 1812.846281 1827.719517
1768.735229 1758.327220 1748.089732 1736.899152 1725.559063 1718.523392 1718.963937 1711.583518 1704.435949 1687.423243 1639.632166 1620.467382 1601.617617 1585.395197 1578.635144 1570.238855 1560.398001 1550.528907 1543.423679 1537.007483 1521.136691 1503.204219 1486.370403 1480.697690 1476.149580 1465.750150 1468.894249 1471.475933 1477.094608 1470.105969 1465.155475 1463.777202 1461.519552 1464.657860 1478.327256 1489.858989 1499.746752 1506.566366 1506.799383 1515.012630 1522.489742 1528.482762 1545.578613 1559.827963 1578.224391 1600.562513 1625.440938 1640.139192 1650.889212 1662.923846 1679.539772 1697.125415 1715.521443 1738.677558 1764.006614 1780.590054
1722.146463 1707.768672 1693.045823 1679.612952 1666.133665 1651.805609 1651.739940 1647.429483 1637.800545 1594.076947 1551.388709 1518.135540 1499.317052 1476.304038 1463.800498 1451.093670 1422.414867 1407.065855 1401.247556 1407.029095 1397.791191 1380.605890 1366.425334 1357.673178 1350.220484 1336.359385 1325.866809 1330.611428 1343.653863 1340.170998 1339.467516 1344.300895 1342.975951 1339.352261 1343.888320 1358.173618 1366.317294 1376.902449 1390.004926 1395.438154 1406.758566 1435.168164 1450.049086 1466.532304 1487.694127 1510.666386 1534.631071 1556.572401 1571.350104 1587.398425 1607.430106 1625.530218 1647.444820 1671.905328 1701.569309 1722.465947
1653.006273 1632.882195 1615.586436 1597.266893 1574.884899 1553.607693 1550.175961 1542.263164 1520.727844 1473.098732 1432.956823 1403.531401 1380.706090 1356.082001 1335.871203 1306.610818 1274.243015 1253.391160 1259.873523 1267.223585 1269.250170 1255.329240 1242.546681 1232.136916 1217.419368 1201.658987 1189.242728 1198.063009 1206.577960 1216.618806 1220.773996 1224.641511 1227.874256 1226.922374 1221.818698 1225.771626 1234.909478 1245.761445 1257.261502 1272.974329 1304.280573 1330.009757 1348.737538 1370.793597 1392.327534 1416.518580 1441.910158 1465.286804 1483.213540 1503.298889 1524.015020 1546.468068 1568.580045 1594.600047 1624.987269 1650.875168
1574.615822 1547.629948 1524.425957 1496.502420 1456.031848 1440.375419 1430.673745 1415.556395 1376.935282 1334.173550 1301.174724 1278.579149 1253.571101 1229.661143 1201.896888 1169.841449 1143.850096 1123.398196 1130.313673 1137.445946 1149.751400 1138.109706 1127.396561 1121.431328 1106.325676 1092.368651 1077.546323 1084.819844 1095.053294 1113.218901 1117.727579 1121.383884 1128.842614 1128.024728 1125.511553 1115.653879 1124.430708 1135.436693 1149.922643 1178.773753 1204.158379 1229.141514 1251.870739 1273.618871 1297.616523 1323.067783 1348.910552 1376.360063 1397.658432 1418.545406 1441.861277 1463.812291 1483.409243 1505.505540 1533.107863 1557.415449
1467.254283 1444.750891 1420.009526 1382.193903 1338.170926 1302.564556 1284.172471 1243.458769 1209.034073 1176.064358 1160.777435 1142.732147 1119.615857 1097.769298 1076.153427 1050.330015 1027.895288 1003.394440 1007.072849 1019.721436 1033.840993 1029.021636 1025.940111 1022.813653 1011.725675 997.982551 984.355634 987.946977 1003.391641 1020.413358 1028.330921 1035.226935 1042.929251 1043.169950 1036.164621 1027.858101 1033.791167 1048.568010 1065.353169 1086.614561 1109.766714 1132.777787 1154.734688 1178.998681 1204.191370 1229.865710 1257.482801 1286.339801 1308.836553 1334.557234 1361.059663 1382.088369 1395.820319 1410.928789 1436.175964 1456.242271
1361.536615 1336.783552 1309.524720 1268.307346 1226.087291 1183.256955 1142.386923 1108.637079 1077.223855 1060.754387 1041.729620 1023.916708 1005.709886 984.230665 964.767447 946.113853 923.817925 907.039520 912.369797 925.214156 935.643350 938.866866 935.823426 932.711259 925.374909 911.562208 902.474561 911.153291 926.457204 941.135021 951.598390 958.436930 964.477945 961.905940 953.788914 948.754814 957.196644 973.138511 988.365943 1005.992992 1028.175522 1050.353002 1073.256079 1097.325834 1121.496684 1148.175428 1175.764381 1203.953431 1232.130216 1257.697112 1281.358523 1294.504781 1307.902276 1316.437960 1333.898951 1353.960967
1237.846094 1211.715763 1183.016875 1149.854206 1111.426803 1081.020209 1048.189818 1016.609067 985.718960 959.580166 942.651294 932.824688 917.823913 898.516902 884.977742 867.925801 851.354417 851.955993 854.350291 864.801802 865.354021 865.856338 862.822290 861.673384 857.582714 847.631068 855.339531 862.652354 877.076217 887.760424 897.283344 903.525141 907.663117 907.895466 902.042860 906.160952 913.426050 928.227430 940.462746 955.898168 977.278528 995.523196 1015.944154 1039.233380 1063.433896 1088.929368 1116.144232 1145.549590 1172.263071 1193.825356 1205.233334 1218.077798 1225.606388 1221.624817 1237.557526 1254.515448
