examples/3D/Borden05m2ooo/output-maps-SE27XX/psiliqL0015N0004.asc
ncols         160
nrows         34
xllcorner     620200.000000
yllcorner     5168000.000000
cellsize      0.500000
NODATA_value  -9999.0
[rows 0 to 24 of 34, columns 0 to 55 of 160]
-9999.0 -9999.0 -9999.0 -9999.0 -9999.0 -9999.0 -9999.0 -9999.0 -9999.0 -9999.0 -9999.0 -9999.0 -9999.0 -9999.0 -9999.0 -9999.0 -9999.0 -9999.0 -9999.0 -9999.0 -9999.0 -9999.0 -9999.0 -9999.0 -9999.0 -9999.0 -9999.0 -9999.0 -9999.0 -9999.0 -9999.0 -9999.0 -9999.0 -9999.0 -9999.0 -9999.0 -9999.0 -9999.0 -9999.0 -9999.0 -9999.0 -9999.0 -9999.0 -9999.0 -9999.0 -9999.0 -9999.0 -9999.0 -9999.0 -9999.0 -9999.0 -9999.0 -9999.0 -9999.0 -9999.0 -9999.0
-9999.0 -9999.0 -9999.0 -9999.0 -9999.0 -9999.0 -9999.0 -9999.0 -9999.0 -9999.0 -9999.0 -9999.0 -9999.0 -9999.0 -9999.0 -9999.0 -9999.0 -9999.0 -9999.0 -9999.0 -9999.0 -9999.0 -9999.0 -9999.0 -9999.0 -9999.0 -9999.0 -9999.0 -9999.0 -9999.0 -9999.0 -9999.0 -9999.0 -9999.0 -9999.0 -9999.0 -9999.0 -9999.0 -9999.0 -9999.0 -9999.0 -9999.0 -9999.0 -9999.0 -9999.0 -9999.0 -9999.0 -9999.0 -9999.0 -9999.0 -9999.0 -9999.0 -9999.0 -9999.0 -9999.0 -9999.0
-9999.0 -9999.0 -9999.0 -9999.0 -9999.0 -9999.0 -9999.0 -9999.0 -9999.0 -9999.0 -9999.0 -9999.0 -9999.0 -9999.0 -9999.0 -9999.0 -9999.0 -9999.0 -9999.0 -9999.0 -9999.0 -9999.0 -9999.0 -9999.0 -9999.0 -9999.0 -9999.0 -9999.0 -9999.0 -9999.0 -9999.0 -9999.0 -9999.0 -9999.0 -9999.0 -9999.0 -9999.0 -9999.0 -9999.0 -9999.0 -9999.0 -9999.0 -9999.0 -9999.0 -9999.0 -9999.0 -9999.0 1099.240913 1082.095183 1066.976138 1064.546093 1087.082159 1110.692385 1134.777210 1155.647283 1174.495152
-9999.0 -9999.0 -9999.0 -9999.0 -9999.0 -9999.0 -9999.0 -9999.0 -9999.0 -9999.0 -9999.0 -9999.0 -9999.0 -9999.0 -9999.0 -9999.0 -9999.0 -9999.0 -9999.0 -9999.0 -9999.0 -9999.0 -9999.0 -9999.0 -9999.0 -9999.0 -9999.0 -9999.0 -9999.0 -9999.0 -9999.0 -9999.0 -9999.0 -9999.0 -9999.0 -9999.0 -9999.0 -9999.0 -9999.0 -9999.0 1146.518243 1152.549599 1153.718977 1143.567819 1132.590399 1120.393474 1100.506282 1082.957683 1068.584695 1066.420905 1069.346215 1074.350534 1096.924194 1122.018048 1142.060012 1159.225991
-9999.0 -9999.0 -9999.0 -9999.0 -9999.0 -9999.0 -9999.0 -9999.0 -9999.0 -9999.0 -9999.0 -9999.0 -9999.0 -9999.0 -9999.0 -9999.0 -9999.0 -9999.0 -9999.0 -9999.0 -9999.0 -9999.0 -9999.0 -9999.0 -9999.0 -9999.0 -9999.0 -9999.0 -9999.0 -9999.0 -9999.0 -9999.0 -9999.0 -9999.0 1053.244044 1070.771562 1089.078864 1107.781654 1124.817407 1131.858829 1137.818667 1143.684571 1139.736272 1135.401333 1124.299351 1105.182231 1085.989185 1072.598788 1070.947328 1068.821686 1073.350824 1086.353841 1103.469768 1119.848265 1141.100727 1165.153149
-9999.0 -9999.0 -9999.0 -9999.0 -9999.0 -9999.0 -9999.0 -9999.0 -9999.0 -9999.0 -9999.0 -9999.0 -9999.0 -9999.0 -9999.0 -9999.0 -9999.0 -9999.0 -9999.0 -9999.0 -9999.0 -9999.0 -9999.0 -9999.0 -9999.0 -9999.0 -9999.0 -9999.0 1056.131322 1050.449614 1045.776936 1044.661399 1043.735097 1043.016496 1050.115582 1062.321734 1080.516405 1102.584460 1115.927428 1123.471275 1130.438245 1131.418545 1126.582470 1124.961431 1125.658806 1114.058500 1102.644841 1091.989972 1081.717380 1080.316357 1090.163503 1104.693180 1121.318234 1136.567039 1152.413145 1162.761795
-9999.0 -9999.0 -9999.0 -9999.0 -9999.0 -9999.0 -9999.0 -9999.0 -9999.0 -9999.0 -9999.0 -9999.0 -9999.0 -9999.0 -9999.0 -9999.0 -9999.0 -9999.0 -9999.0 -9999.0 -9999.0 -9999.0 -9999.0 1025.070217 1030.921420 1037.728205 1045.550067 1046.829918 1043.210443 1038.000399 1035.424143 1034.373427 1033.027903 1037.940884 1046.263008 1060.134410 1076.267878 1098.589932 1107.535122 1113.766002 1126.247657 1129.486184 1135.853541 1140.274529 1138.911493 1136.251649 1123.789031 1114.556322 1119.574777 1125.563842 1132.752024 1141.184633 1155.019757 1170.615300 1188.140178 1208.496975
-9999.0 -9999.0 -9999.0 -9999.0 -9999.0 -9999.0 -9999.0 -9999.0 -9999.0 -9999.0 -9999.0 -9999.0 -9999.0 -9999.0 -9999.0 -9999.0 -9999.0 -9999.0 -9999.0 999.334807 1000.427206 1001.887311 1006.868494 1007.904299 1010.288181 1017.577858 1026.079091 1028.903912 1027.543393 1026.617948 1028.599429 1031.791247 1036.674985 1048.363271 1062.607752 1077.238696 1091.461899 1112.800738 1127.988980 1141.883218 1158.231528 1158.114862 1154.561046 1153.157053 1153.987007 1154.393978 1158.253106 1160.944343 1167.561716 1172.210873 1178.647740 1188.383589 1200.379665 1218.878740 1238.904156 1258.814933
-9999.0 -9999.0 -9999.0 -9999.0 -9999.0 -9999.0 -9999.0 -9999.0 -9999.0 -9999.0 -9999.0 -9999.0 -9999.0 -9999.0 -9999.0 -9999.0 970.146408 972.132981 974.568179 980.200230 983.407545 987.676349 994.929959 996.527904 1000.617031 1008.133006 1013.396363 1022.698893 1031.262472 1039.069329 1045.569222 1048.793115 1056.723472 1066.883241 1079.279482 1094.957471 1116.859281 1140.543084 1157.296810 1174.645032 1192.252510 1193.355130 1192.676192 1194.163055 1194.872518 1201.144572 1218.687063 1224.605427 1225.611411 1241.802797 1255.977254 1261.291982 1269.336309 1288.864055 1312.758818 1335.616424
-9999.0 -9999.0 -9999.0 -9999.0 -9999.0 -9999.0 -9999.0 -9999.0 -9999.0 -9999.0 -9999.0 -9999.0 -9999.0 923.210998 927.472234 937.270261 946.903716 949.694380 954.289099 960.675772 973.169773 977.125839 983.685287 991.600859 1003.935362 1012.988536 1022.596550 1034.935866 1043.870064 1051.675790 1059.284218 1065.343231 1079.103434 1094.886935 1111.172561 1131.944307 1154.574877 1175.584116 1196.501463 1212.973689 1227.103037 1229.245899 1228.749047 1231.517282 1239.341137 1256.525649 1275.538489 1284.330037 1302.257259 1325.467751 1339.072147 1350.804080 1359.652361 1373.405440 1394.840501 1428.855503
-9999.0 -9999.0 -9999.0 -9999.0 -9999.0 -9999.0 -9999.0 -9999.0 -9999.0 -9999.0 890.268291 892.648074 889.382404 889.161818 894.493712 906.827803 920.825389 927.588969 939.479012 960.730533 978.895907 982.746574 997.590480 1008.214137 1015.425521 1026.395844 1040.062575 1053.424796 1070.812269 1083.990120 1096.196671 1116.322149 1133.583886 1150.942474 1169.510573 1190.591897 1210.942850 1239.831928 1267.421248 1280.708696 1303.240606 1314.252116 1311.880747 1312.338328 1321.710820 1337.807952 1359.031259 1382.340666 1404.261296 1429.761714 1447.096057 1461.749863 1472.735387 1485.259785 1501.211256 1536.892325
-9999.0 -9999.0 -9999.0 -9999.0 -9999.0 -9999.0 -9999.0 -9999.0 865.526110 873.003950 879.234960 876.401157 872.100624 868.275555 882.255452 898.295260 914.591343 932.523046 948.819588 967.360704 982.955687 999.524338 1019.796419 1031.925939 1044.051150 1059.932561 1074.227317 1091.975548 1114.055009 1127.478265 1144.919868 1167.221021 1186.699950 1205.679887 1225.383173 1244.426889 1271.380331 1305.468400 1337.903522 1360.842839 1389.125319 1412.221332 1411.707235 1414.370932 1418.947960 1444.671476 1473.990327 1504.642469 1529.743039 1557.022065 1586.568626 1604.858524 1615.695362 1628.388127 1643.631957 1662.763480
-9999.0 -9999.0 -9999.0 -9999.0 -9999.0 -9999.0 838.216244 862.562572 877.725670 869.945048 860.000207 856.450749 852.484979 876.427107 898.612516 916.123118 933.329379 951.305932 968.233742 981.442646 1015.404419 1033.752677 1048.511841 1066.877306 1082.046035 1097.293280 1115.420520 1139.515632 1162.085097 1192.441052 1218.953342 1243.720686 1270.957679 1291.648360 1311.392573 1330.332609 1362.115108 1399.802544 1436.723812 1465.667413 1492.995597 1523.899052 1530.917193 1536.651934 1543.617010 1564.728160 1596.338478 1626.548075 1660.119294 1692.110786 1719.009319 1731.047993 1741.557371 1752.929451 1766.394793 1778.611057
-9999.0 -9999.0 -9999.0 -9999.0 804.726706 825.724040 845.820802 876.615308 899.312846 894.509712 901.278006 901.524431 899.786325 903.888897 911.201822 929.536619 948.486618 967.762217 985.855079 1020.860757 1065.518357 1081.380049 1105.906769 1138.289040 1152.470958 1168.368091 1185.346031 1209.120574 1236.418234 1270.593621 1314.831711 1352.633423 1379.191656 1402.825024 1424.713671 1447.042039 1481.462240 1519.271735 1556.189147 1590.307325 1620.070375 1645.897363 1658.310448 1666.170273 1677.959304 1694.306899 1715.585967 1742.689573 1773.822297 1805.719923 1830.689512 1844.206785 1852.096811 1862.726806 1873.004893 1884.862852
-9999.0 -9999.0 -9999.0 755.091451 793.870240 831.880385 858.998633 890.060373 922.386746 927.075857 936.251800 941.200363 946.012539 954.646197 963.214616 980.532528 997.072183 1013.481091 1035.920132 1072.929926 1108.125646 1137.846258 1170.062488 1196.724325 1217.497140 1233.743011 1252.849827 1277.346680 1317.651259 1355.556730 1406.284409 1459.956920 1497.144400 1521.877327 1544.583624 1572.159319 1597.346744 1633.717366 1668.557172 1701.554747 1733.079752 1757.625213 1776.158597 1783.765958 1793.371864 1801.845659 1817.786150 1839.048101 1860.751980 1889.510556 1917.844686 1942.747130 1956.882022 1966.986381 1982.967857 1999.021005
-9999.0 -9999.0 707.841182 745.779257 779.876191 830.106877 883.223430 917.834755 958.860750 982.724527 989.581910 1006.574196 1022.541822 1029.656926 1045.026367 1062.104768 1080.057282 1087.153383 1104.440074 1134.699106 1184.169346 1229.310878 1249.574648 1299.822786 1332.806134 1360.564753 1378.603477 1405.607645 1441.547902 1483.282470 1532.078042 1582.458513 1621.287682 1652.830623 1669.871119 1689.667890 1712.345303 1736.522469 1770.494806 1799.123631 1830.516206 1856.459870 1878.085595 1884.777963 1889.762044 1905.420345 1929.654136 1955.389957 1979.733845 2003.381490 2006.396174 2018.831877 2024.888564 2028.613017 2033.739738 2037.356482
-9999.0 -9999.0 681.006909 726.045739 766.259219 832.578325 912.705097 950.007040 993.062876 1039.099871 1057.771300 1082.196096 1093.604159 1102.530102 1125.608931 1147.626673 1160.162751 1167.110247 1166.939295 1222.409083 1280.410803 1329.748160 1374.773702 1440.958300 1485.682824 1502.188221 1514.758469 1535.509499 1560.351185 1603.765899 1651.462695 1704.816876 1748.956539 1780.522494 1797.289268 1816.049200 1836.434157 1854.129537 1873.253298 1912.646674 1940.315507 1966.271064 1993.280916 2013.540529 2021.894125 2025.493079 2014.519495 2024.594751 2031.618672 2035.076002 2036.717437 2033.974968 2033.856389 2034.960917 2036.211615 2031.350541
-9999.0 591.946582 644.163201 697.360789 766.257212 833.538460 916.685988 996.689904 1054.133797 1101.712853 1130.842050 1142.520223 1177.685036 1219.031237 1244.252800 1270.186280 1273.254248 1278.686724 1268.987796 1317.456540 1366.478021 1439.020160 1546.073000 1601.007872 1644.876899 1646.201832 1641.053768 1653.471324 1677.479782 1721.828587 1790.100827 1838.888083 1893.383457 1934.712762 1950.884348 1958.601648 1976.672169 1996.802667 1983.202185 2006.744669 2018.021894 2027.528748 2030.968968 2033.280823 2034.845475 2035.438459 2032.592260 2026.498927 2018.971423 2013.643573 2009.836744 2005.525398 2008.056008 2011.329474 2011.976977 2005.003810
-9999.0 556.387793 615.841213 687.349483 758.458177 825.964835 929.042128 1072.892166 1127.081053 1164.656642 1187.091904 1207.910455 1283.950536 1348.458241 1381.291923 1424.732129 1419.041426 1408.902714 1395.481468 1428.156459 1476.905138 1549.441217 1689.674842 1771.622173 1799.102228 1809.434197 1816.175364 1842.923636 1880.528778 1918.546869 1953.972673 1955.350775 1984.857346 2000.770038 2006.872891 2010.329896 2015.588216 2017.160859 2016.586109 2014.174786 2010.680925 2011.903470 2016.772043 2017.249896 2014.952601 2012.156797 2006.692763 1999.067266 1993.327342 1988.428927 1985.431473 1982.213722 1980.367561 1980.069581 1975.408618 1969.440338
-9999.0 526.415406 597.806766 661.345773 726.062198 840.164753 966.550466 1102.439843 1195.571999 1233.408179 1255.348948 1322.485841 1421.007363 1514.709865 1564.494137 1588.763818 1589.611517 1568.638942 1572.055337 1616.852936 1681.515272 1772.683346 1863.835183 1938.992582 1951.501540 1954.975486 1934.160578 1949.147791 1964.093358 1969.833731 1975.263131 1983.032097 1992.202393 1998.512024 2000.322020 2000.107387 1997.631109 1991.526599 1987.989374 1985.727392 1983.040815 1983.141179 1986.116874 1987.528225 1985.017294 1981.054089 1976.235840 1970.084082 1963.368369 1956.215839 1951.758446 1947.306793 1944.734034 1939.432202 1934.665884 1928.131683
-9999.0 426.285725 514.904350 569.707913 683.632257 858.472903 985.576109 1135.628111 1282.163669 1320.816155 1394.204915 1512.193193 1614.792868 1685.836803 1723.824597 1763.592365 1791.700565 1815.051905 1850.408395 1807.742461 1865.293733 1923.684847 1949.371900 1961.613564 1963.838794 1965.355616 1958.388275 1941.086876 1933.549204 1930.474812 1936.183939 1947.449801 1956.526733 1965.069220 1965.616668 1968.275962 1969.996255 1967.804244 1965.009772 1957.534702 1950.459269 1945.016266 1943.300664 1948.426396 1943.408970 1940.007004 1933.651958 1925.169568 1915.989859 1907.887293 1899.758064 1892.652128 1889.462995 1883.487259 1881.395240 1872.440147
-9999.0 345.442890 422.281467 511.078768 648.873583 813.519359 942.931199 1110.379291 1319.160266 1435.350030 1558.892281 1629.339180 1699.539847 1756.890705 1816.012446 1860.549284 1884.674394 1895.385356 1885.991814 1899.036705 1869.472505 1864.737293 1883.375614 1910.191679 1923.724112 1927.993910 1920.529977 1911.651290 1906.793760 1908.560237 1910.403495 1911.954286 1913.062906 1913.398784 1912.430783 1916.084353 1921.883286 1916.712931 1908.790814 1901.075076 1893.951705 1885.816150 1880.362389 1876.764040 1875.500046 1874.956637 1867.164705 1856.489725 1845.578483 1837.021343 1829.019851 1823.112729 1820.087064 1814.636685 1806.071459 1793.201262
-9999.0 246.459769 368.096584 461.975673 583.582676 720.848396 847.473487 1011.600836 1160.237306 1379.680533 1535.068134 1642.334732 1681.971188 1738.408239 1794.806095 1859.656245 1863.583253 1836.039964 1805.469618 1793.194691 1801.159453 1812.455484 1826.195906 1845.514364 1862.780826 1872.372171 1875.086703 1868.778044 1856.817679 1849.290168 1844.548816 1836.901660 1831.970307 1832.685232 1835.320001 1843.880872 1846.889775 1838.615929 1826.275648 1810.583839 1796.782247 1786.282579 1783.447389 1784.731316 1784.578641 1780.710051 1773.769634 1763.085747 1750.430734 1738.483007 1730.993254 1725.367168 1718.130021 1707.769278 1696.301464 1683.419605
-9999.0 -9999.0 292.646856 403.908834 512.254602 635.480975 751.038346 894.592992 1045.140865 1225.799145 1342.220941 1472.307892 1543.583771 1587.335937 1634.263809 1687.200320 1705.957180 1726.280579 1712.095809 1718.578741 1726.897871 1734.015943 1743.964699 1755.206784 1768.072688 1777.933696 1786.008408 1784.575468 1776.747083 1761.016174 1742.237281 1728.317180 1721.139228 1715.570684 1726.165932 1738.395719 1735.994984 1729.964627 1718.544513 1703.278635 1690.613724 1677.054471 1673.268423 1673.347683 1673.209355 1670.119600 1665.605783 1652.773222 1639.892167 1628.125749 1622.556315 1616.254223 1610.753013 1599.838266 1588.168865 1575.486312
-9999.0 -9999.0 208.272868 317.221789 431.963087 555.825720 656.493026 730.894996 883.247392 999.117894 1102.862347 1200.305840 1281.425221 1342.944974 1384.423181 1443.753740 1484.676062 1500.788007 1522.403923 1554.220082 1581.142463 1609.987061 1628.818573 1641.339474 1655.081649 1668.374190 1677.125985 1665.916491 1656.036983 1640.856735 1621.150338 1599.491776 1588.826325 1586.613940 1589.451548 1594.912682 1589.701737 1580.811662 1567.062792 1552.047803 1539.411612 1528.415177 1524.300231 1520.573080 1518.918950 1515.827008 1512.616362 1504.348906 1493.398178 1485.982448 1477.644543 1471.762750 1468.753973 1462.292059 1453.404861 1447.500937
