examples/3D/Borden05m2ooo/output-maps-SE27XX/thetaliqL0001N0003.asc
ncols         160
nrows         34
xllcorner     620200.000000
yllcorner     5168000.000000
cellsize      0.500000
NODATA_value  -9999.0
[rows 0 to 27 of 34, columns 63 to 125 of 160]
-9999.0 -9999.0 -9999.0 -9999.0 -9999.0 -9999.0 -9999.0 -9999.0 -9999.0 -9999.0 -9999.0 -9999.0 -9999.0 -9999.0 -9999.0 -9999.0 -9999.0 -9999.0 -9999.0 -9999.0 -9999.0 -9999.0 -9999.0 -9999.0 -9999.0 -9999.0 -9999.0 -9999.0 -9999.0 -9999.0 -9999.0 -9999.0 -9999.0 -9999.0 -9999.0 -9999.0 -9999.0 -9999.0 -9999.0 -9999.0 -9999.0 -9999.0 -9999.0 -9999.0 -9999.0 -9999.0 -9999.0 -9999.0 -9999.0 -9999.0 -9999.0 -9999.0 -9999.0 -9999.0 -9999.0 -9999.0 -9999.0 -9999.0 -9999.0 -9999.0 -9999.0 -9999.0 -9999.0
0.187679 0.186903 0.185984 0.185849 0.185961 0.185795 0.185424 0.185908 0.186534 0.187069 0.187832 0.187676 0.187764 0.188059 0.188140 0.188007 0.187654 0.187430 0.187163 0.187544 0.186485 0.185121 0.184086 0.183880 0.184771 0.185298 0.185192 0.185686 0.186769 0.187698 0.188001 0.189132 0.188943 0.189397 0.190153 0.189550 0.189411 0.189506 0.189739 0.188146 -9999.0 -9999.0 -9999.0 -9999.0 -9999.0 -9999.0 -9999.0 -9999.0 -9999.0 -9999.0 -9999.0 -9999.0 -9999.0 -9999.0 -9999.0 -9999.0 -9999.0 -9999.0 -9999.0 -9999.0 -9999.0 -9999.0 -9999.0
0.185482 0.184404 0.184145 0.183354 0.183017 0.182927 0.182610 0.182855 0.184159 0.185094 0.185357 0.185151 0.185046 0.184760 0.184556 0.184622 0.184297 0.183999 0.183682 0.183778 0.184607 0.183622 0.183137 0.182660 0.182153 0.182342 0.182498 0.182554 0.183783 0.184256 0.184585 0.186270 0.187861 0.188278 0.187624 0.186916 0.187102 0.187051 0.186406 0.185784 0.185782 0.185484 0.185362 0.184777 0.185683 0.185665 0.186692 0.187561 0.188582 0.190124 -9999.0 -9999.0 -9999.0 -9999.0 -9999.0 -9999.0 -9999.0 -9999.0 -9999.0 -9999.0 -9999.0 -9999.0 -9999.0
0.183916 0.183555 0.182788 0.181639 0.182929 0.182748 0.182626 0.182856 0.183288 0.183445 0.183648 0.183950 0.185133 0.185037 0.184932 0.184994 0.184789 0.184410 0.184446 0.184243 0.183256 0.183418 0.183663 0.183452 0.184428 0.184479 0.185034 0.183308 0.183581 0.183987 0.184275 0.184484 0.184737 0.185100 0.184345 0.184880 0.184284 0.182964 0.182650 0.182770 0.183847 0.184403 0.183746 0.181425 0.182646 0.185259 0.185051 0.184630 0.185917 0.187190 0.189016 0.188760 0.188600 0.188801 0.189148 0.187600 0.186635 0.185950 0.183815 -9999.0 -9999.0 -9999.0 -9999.0
0.183871 0.183033 0.182035 0.184137 0.185004 0.184527 0.184768 0.185378 0.185392 0.182757 0.182080 0.183084 0.184147 0.184599 0.184118 0.183888 0.183448 0.183456 0.183734 0.183455 0.183866 0.184220 0.183780 0.184454 0.185220 0.185958 0.184284 0.182795 0.182877 0.184102 0.184997 0.185455 0.186766 0.188849 0.188493 0.188014 0.187783 0.187534 0.185127 0.182979 0.182146 0.181790 0.181179 0.181666 0.181229 0.183275 0.183110 0.182775 0.183772 0.184542 0.185532 0.186238 0.186115 0.186375 0.186715 0.186292 0.185215 0.184665 0.184330 0.183392 0.181558 0.178188 0.178432
0.181751 0.181797 0.183655 0.184675 0.186449 0.185791 0.185844 0.185775 0.183972 0.182630 0.181722 0.184410 0.186597 0.187319 0.186723 0.186233 0.188237 0.187636 0.187366 0.186175 0.186601 0.186441 0.188570 0.189392 0.190524 0.190079 0.187962 0.186212 0.186109 0.186279 0.186051 0.186537 0.187866 0.189570 0.188324 0.187767 0.187852 0.184201 0.181441 0.180519 0.182422 0.183527 0.183330 0.183514 0.183604 0.182209 0.182539 0.182691 0.182038 0.183628 0.185232 0.185405 0.184018 0.183559 0.184203 0.184063 0.184174 0.183552 0.182865 0.182389 0.179221 0.180236 0.178568
0.185726 0.186447 0.187473 0.189448 0.193331 0.192556 0.192814 0.194130 0.191982 0.190004 0.187087 0.190312 0.191076 0.192185 0.192049 0.194667 0.197047 0.195573 0.193575 0.191259 0.192661 0.195800 0.198814 0.199542 0.199902 0.200474 0.198300 0.197710 0.197224 0.197404 0.195970 0.196022 0.198295 0.202272 0.202723 0.200709 0.196921 0.191450 0.186722 0.184250 0.187031 0.186194 0.185812 0.186263 0.184503 0.183490 0.184956 0.183636 0.182631 0.184799 0.185016 0.184701 0.182928 0.185088 0.184713 0.182969 0.181830 0.181251 0.180817 0.180008 0.180766 0.180283 0.178874
0.187789 0.188503 0.191344 0.195552 0.200727 0.203911 0.206839 0.210097 0.207592 0.204880 0.201857 0.202358 0.205941 0.209709 0.214380 0.219906 0.226230 0.224577 0.221322 0.221036 0.222442 0.229402 0.236534 0.239747 0.241929 0.246076 0.243267 0.238183 0.232654 0.227489 0.223225 0.220038 0.225758 0.232397 0.231094 0.219259 0.210374 0.201913 0.194876 0.188182 0.188208 0.189330 0.190344 0.187999 0.186875 0.184800 0.184348 0.184535 0.182353 0.183519 0.183783 0.185301 0.187614 0.188168 0.186156 0.185071 0.183861 0.182589 0.181597 0.182402 0.182719 0.181768 0.180805
0.214060 0.215568 0.220356 0.235612 0.263861 0.289270 0.305086 0.307629 0.302977 0.296502 0.284913 0.278018 0.288214 0.298167 0.305713 0.310887 0.315315 0.318421 0.318205 0.318250 0.319130 0.320192 0.322249 0.324749 0.327276 0.330081 0.331064 0.327754 0.324221 0.320272 0.316543 0.315504 0.314324 0.316426 0.316145 0.308442 0.294164 0.268689 0.239778 0.222435 0.211975 0.211728 0.207222 0.203677 0.199850 0.192453 0.190448 0.189333 0.183952 0.183414 0.185180 0.187519 0.189243 0.186184 0.184868 0.183688 0.182395 0.180754 0.181495 0.182479 0.182816 0.182518 0.182515
0.304184 0.307034 0.309867 0.322291 0.336263 0.347472 0.354524 0.356750 0.354783 0.352311 0.349163 0.346072 0.346056 0.349872 0.353929 0.357270 0.359150 0.359773 0.359491 0.359512 0.359687 0.360184 0.360495 0.361124 0.362071 0.363469 0.364922 0.364667 0.362740 0.360731 0.357823 0.356185 0.355273 0.353820 0.353604 0.353518 0.347203 0.338477 0.326335 0.313016 0.302759 0.287157 0.268165 0.250667 0.226307 0.210478 0.200179 0.193554 0.187774 0.186703 0.193086 0.199313 0.196028 0.194785 0.192838 0.189732 0.187284 0.184206 0.184652 0.185160 0.184834 0.184434 0.183942
0.353947 0.355418 0.357260 0.360507 0.364954 0.367775 0.369085 0.369279 0.369131 0.368847 0.368428 0.368039 0.367913 0.368119 0.368505 0.368933 0.369220 0.369436 0.369436 0.369446 0.369397 0.369444 0.369478 0.369463 0.369557 0.369655 0.369761 0.369781 0.369708 0.369505 0.369132 0.368702 0.368218 0.367822 0.367713 0.367710 0.367665 0.366332 0.363020 0.355561 0.347600 0.339709 0.334127 0.327848 0.322036 0.306989 0.296216 0.270546 0.240102 0.221152 0.231480 0.223089 0.217346 0.211110 0.204341 0.199437 0.195306 0.191186 0.190682 0.190735 0.189992 0.189775 0.188997
0.368790 0.369036 0.369295 0.369547 0.369769 0.369931 0.369998 0.370000 0.370000 0.369999 0.369997 0.369980 0.369997 0.369981 0.369998 0.369998 0.369999 0.370000 0.370000 0.370000 0.369998 0.370000 0.370000 0.369999 0.370000 0.369999 0.370000 0.370000 0.370000 0.370000 0.369999 0.369984 0.369936 0.369908 0.369888 0.369881 0.369867 0.369808 0.369552 0.368663 0.366749 0.364274 0.361726 0.359454 0.357650 0.356050 0.352697 0.345162 0.331205 0.316685 0.309637 0.304570 0.294349 0.270126 0.244207 0.229383 0.213922 0.202941 0.197706 0.196839 0.195975 0.194876 0.193284
0.369999 0.369999 0.370000 0.370000 0.370000 0.370000 0.370000 0.370000 0.370000 0.370000 0.370000 0.370000 0.370000 0.370000 0.370000 0.370000 0.370000 0.370000 0.370000 0.370000 0.370000 0.370000 0.370000 0.370000 0.370000 0.370000 0.370000 0.370000 0.370000 0.370000 0.370000 0.370000 0.370000 0.370000 0.370000 0.370000 0.370000 0.370000 0.370000 0.369969 0.369838 0.369491 0.369077 0.368795 0.368578 0.368370 0.367700 0.366312 0.363727 0.358541 0.349728 0.346112 0.340646 0.331064 0.322480 0.316287 0.300983 0.272218 0.243562 0.232228 0.219563 0.210734 0.206012
0.370000 0.370000 0.370000 0.370000 0.370000 0.370000 0.370000 0.370000 0.370000 0.370000 0.370000 0.370000 0.370000 0.370000 0.370000 0.370000 0.370000 0.370000 0.370000 0.370000 0.370000 0.370000 0.370000 0.370000 0.370000 0.370000 0.370000 0.370000 0.370000 0.370000 0.370000 0.370000 0.370000 0.370000 0.370000 0.370000 0.370000 0.370000 0.370000 0.370000 0.370000 0.369999 0.369973 0.369946 0.369944 0.369931 0.369902 0.369750 0.369372 0.368388 0.366206 0.364173 0.362499 0.361100 0.359413 0.356744 0.348238 0.335669 0.322872 0.313454 0.299596 0.277502 0.252818
0.370000 0.370000 0.370000 0.370000 0.370000 0.370000 0.370000 0.370000 0.370000 0.370000 0.370000 0.370000 0.370000 0.370000 0.370000 0.370000 0.370000 0.370000 0.370000 0.370000 0.370000 0.370000 0.370000 0.370000 0.370000 0.370000 0.370000 0.370000 0.370000 0.370000 0.370000 0.370000 0.370000 0.370000 0.370000 0.370000 0.370000 0.370000 0.370000 0.370000 0.370000 0.370000 0.370000 0.370000 0.370000 0.370000 0.370000 0.369995 0.369973 0.369895 0.369656 0.369147 0.368857 0.368638 0.368313 0.367844 0.365584 0.361523 0.355357 0.348741 0.340863 0.331402 0.321095
0.370000 0.370000 0.370000 0.370000 0.370000 0.370000 0.370000 0.370000 0.370000 0.370000 0.370000 0.370000 0.370000 0.369997 0.369990 0.369985 0.369984 0.369988 0.369993 0.369996 0.369997 0.369995 0.369993 0.369987 0.369981 0.369981 0.369984 0.369990 0.369995 0.369996 0.369996 0.369995 0.369994 0.369992 0.369993 0.369997 0.370000 0.370000 0.370000 0.370000 0.370000 0.370000 0.370000 0.370000 0.370000 0.370000 0.370000 0.370000 0.370000 0.370000 0.369994 0.369965 0.369941 0.369923 0.369888 0.369837 0.369555 0.368732 0.367028 0.364343 0.360692 0.356350 0.350869
0.370000 0.370000 0.370000 0.370000 0.370000 0.369996 0.369993 0.369993 0.369994 0.369994 0.369990 0.369978 0.369944 0.369872 0.369760 0.369711 0.369661 0.369637 0.369746 0.369852 0.369879 0.369811 0.369741 0.369602 0.369497 0.369460 0.369490 0.369620 0.369790 0.369884 0.369886 0.369842 0.369790 0.369760 0.369759 0.369840 0.369944 0.369981 0.369992 0.369997 0.370000 0.370000 0.370000 0.370000 0.370000 0.370000 0.370000 0.370000 0.370000 0.370000 0.370000 0.370000 0.370000 0.370000 0.370000 0.369994 0.369972 0.369873 0.369618 0.369032 0.368166 0.367055 0.364989
0.369994 0.369991 0.369986 0.369974 0.369943 0.369891 0.369808 0.369779 0.369761 0.369774 0.369666 0.369502 0.369077 0.368543 0.367815 0.367328 0.366953 0.366580 0.367145 0.368062 0.368462 0.367746 0.367156 0.366164 0.365570 0.365261 0.365351 0.366154 0.367692 0.368524 0.368726 0.368425 0.368118 0.367974 0.367990 0.368300 0.368960 0.369453 0.369724 0.369850 0.369917 0.369948 0.369970 0.369988 0.369996 0.370000 0.370000 0.370000 0.370000 0.370000 0.370000 0.370000 0.370000 0.370000 0.370000 0.370000 0.370000 0.369998 0.369980 0.369899 0.369760 0.369524 0.369159
0.369851 0.369810 0.369728 0.369053 0.368541 0.367740 0.366833 0.366465 0.365902 0.365639 0.364688 0.363805 0.362183 0.359650 0.356496 0.353324 0.352283 0.351330 0.350490 0.353236 0.354332 0.353517 0.351686 0.349585 0.348374 0.347618 0.348659 0.351985 0.354911 0.357355 0.358307 0.357161 0.358112 0.359152 0.359179 0.361684 0.363683 0.365636 0.367291 0.368433 0.368886 0.369165 0.369413 0.369657 0.369829 0.369933 0.369981 0.369997 0.370000 0.370000 0.370000 0.370000 0.370000 0.370000 0.370000 0.370000 0.370000 0.370000 0.370000 0.369998 0.369990 0.369970 0.369921
0.368957 0.368767 0.367350 0.363717 0.359303 0.355933 0.351297 0.348900 0.346542 0.339769 0.334887 0.331525 0.331791 0.327097 0.320364 0.314759 0.312407 0.310939 0.307341 0.306277 0.307686 0.311019 0.307946 0.306092 0.306858 0.305806 0.305195 0.308941 0.314400 0.317457 0.320560 0.323456 0.325237 0.327827 0.336787 0.341846 0.346279 0.351667 0.356616 0.360721 0.363339 0.364753 0.366065 0.367426 0.368321 0.369081 0.369575 0.369856 0.369948 0.369977 0.369989 0.369997 0.370000 0.370000 0.370000 0.370000 0.370000 0.370000 0.370000 0.370000 0.370000 0.370000 0.369999
0.362120 0.360420 0.352396 0.340879 0.329014 0.320427 0.311106 0.305067 0.292671 0.268081 0.251532 0.251222 0.255082 0.250350 0.238975 0.230582 0.225477 0.220837 0.215142 0.212051 0.214977 0.218170 0.217926 0.217665 0.218747 0.218569 0.218253 0.218678 0.224717 0.229300 0.234633 0.239507 0.244209 0.264814 0.287121 0.300752 0.311107 0.319857 0.329641 0.339005 0.345548 0.349681 0.354166 0.358200 0.361664 0.364450 0.366798 0.368453 0.369206 0.369512 0.369703 0.369842 0.369946 0.369986 0.369998 0.370000 0.370000 0.370000 0.370000 0.370000 0.370000 0.370000 0.370000
0.336433 0.325501 0.309647 0.289361 0.261087 0.240157 0.226500 0.216741 0.207955 0.201236 0.197450 0.199710 0.200947 0.203000 0.199605 0.196974 0.196328 0.194039 0.192052 0.189500 0.191548 0.192478 0.194925 0.194671 0.194731 0.195842 0.195281 0.195110 0.193611 0.195425 0.196501 0.197830 0.202754 0.208124 0.214726 0.222012 0.232443 0.248936 0.273575 0.297244 0.311641 0.320328 0.328693 0.337258 0.344000 0.349698 0.355354 0.360571 0.363897 0.365810 0.367311 0.368238 0.369123 0.369661 0.369887 0.369981 0.369997 0.370000 0.370000 0.370000 0.370000 0.370000 0.370000
0.254945 0.234292 0.215397 0.206665 0.202197 0.198055 0.195180 0.193051 0.189764 0.187556 0.184347 0.185590 0.187302 0.189829 0.187704 0.187373 0.187796 0.186568 0.185300 0.183260 0.183585 0.185218 0.187212 0.187104 0.187503 0.188670 0.188700 0.187781 0.185929 0.186386 0.187580 0.188764 0.191196 0.193571 0.196037 0.198327 0.201773 0.206297 0.212091 0.221467 0.236035 0.251651 0.276689 0.300372 0.312733 0.319188 0.326661 0.337349 0.344179 0.350354 0.355592 0.359035 0.363525 0.366778 0.368797 0.369645 0.369908 0.369967 0.369988 0.369997 0.370000 0.370000 0.370000
0.196030 0.191650 0.189985 0.188509 0.186933 0.185656 0.184324 0.183135 0.182176 0.180687 0.177729 0.178944 0.180644 0.182621 0.182670 0.182458 0.182625 0.182163 0.180819 0.178443 0.179429 0.180865 0.182186 0.182589 0.182840 0.183677 0.183079 0.181854 0.180099 0.180835 0.182176 0.182930 0.183915 0.185393 0.187004 0.188649 0.190634 0.192751 0.195742 0.199372 0.203900 0.209430 0.216780 0.228209 0.237418 0.249471 0.264315 0.286308 0.303024 0.313743 0.323984 0.334135 0.345067 0.355651 0.362748 0.366712 0.368698 0.369401 0.369704 0.369861 0.369961 0.369993 0.370000
0.187222 0.185000 0.183690 0.182685 0.183209 0.182758 0.181383 0.181461 0.180751 0.178380 0.179211 0.179893 0.181837 0.181488 0.181382 0.180920 0.181235 0.180923 0.178623 0.179763 0.180263 0.181611 0.181851 0.182136 0.182356 0.182605 0.182325 0.180670 0.181005 0.181443 0.182690 0.182728 0.183248 0.184727 0.185185 0.186124 0.187485 0.188981 0.190831 0.193171 0.196555 0.200213 0.203921 0.205281 0.208078 0.210626 0.209042 0.214998 0.222531 0.232934 0.252171 0.279174 0.304060 0.323002 0.340805 0.353710 0.361355 0.365935 0.367605 0.368738 0.369422 0.369775 0.369928
0.181665 0.180120 0.178565 0.179420 0.179576 0.179517 0.179235 0.178792 0.177761 0.178963 0.179116 0.179027 0.178919 0.178915 0.179068 0.178837 0.178704 0.178766 0.179674 0.179802 0.179505 0.179871 0.180147 0.180454 0.180086 0.180181 0.180207 0.180541 0.180497 0.180247 0.180842 0.181026 0.181222 0.181827 0.182257 0.182815 0.183879 0.184732 0.185849 0.187841 0.190373 0.192212 0.192513 0.193947 0.194623 0.193498 0.192538 0.194496 0.196637 0.198663 0.203493 0.209439 0.219237 0.251874 0.297822 0.321526 0.337757 0.349971 0.357441 0.362327 0.365450 0.367848 0.368987
0.180042 0.178725 0.178476 0.179145 0.179225 0.179220 0.178446 0.177709 0.178440 0.178720 0.178670 0.178373 0.178696 0.178826 0.179238 0.178837 0.178637 0.178749 0.178850 0.178790 0.179091 0.179312 0.179493 0.180483 0.179950 0.179911 0.180257 0.180110 0.180003 0.179743 0.180415 0.180661 0.180745 0.181344 0.181711 0.182124 0.182725 0.183732 0.185675 0.187234 0.189329 0.191383 0.191774 0.192109 0.191617 0.191127 0.188949 0.188932 0.191211 0.190818 0.192691 0.196036 0.196742 0.205727 0.223272 0.247621 0.286774 0.311197 0.332090 0.342970 0.352513 0.359648 0.364302
0.178303 0.178402 0.177792 0.177969 0.177911 0.177516 0.177024 0.177582 0.177539 0.177481 0.177520 0.177351 0.177653 0.177888 0.178130 0.177988 0.177961 0.177534 0.177522 0.177957 0.178009 0.178282 0.178859 0.179638 0.179132 0.179039 0.179055 0.178874 0.178900 0.178621 0.179175 0.179601 0.179735 0.180457 0.180787 0.180466 0.181316 0.182774 0.184280 0.185351 0.187058 0.189795 0.188984 0.188898 0.189234 0.187457 0.185345 0.185286 0.185971 0.185457 0.186926 0.187899 0.187954 0.192011 0.195873 0.201131 0.210871 0.234533 0.279400 0.306356 0.323133 0.337344 0.347522
