tests/3D/hillslope01/output_maps-METEOIO_ON/psiliqL0093N0001.asc
ncols         104
nrows         10
xllcorner     -2.000000
yllcorner     0.000000
cellsize      1.000000
NODATA_value  -9999.0
-9999.000 -9999.000 -9999.000 -9999.000 -9999.000 -9999.000 -9999.000 -9999.000 -9999.000 -9999.000 -9999.000 -9999.000 -9999.000 -9999.000 -9999.000 -9999.000 -9999.000 -9999.000 -9999.000 -9999.000 -9999.000 -9999.000 -9999.000 -9999.000 -9999.000 -9999.000 -9999.000 -9999.000 -9999.000 -9999.000 -9999.000 -9999.000 -9999.000 -9999.000 -9999.000 -9999.000 -9999.000 -9999.000 -9999.000 -9999.000 -9999.000 -9999.000 -9999.000 -9999.000 -9999.000 -9999.000 -9999.000 -9999.000 -9999.000 -9999.000 -9999.000 -9999.000 -9999.000 -9999.000 -9999.000 -9999.000 -9999.000 -9999.000 -9999.000 -9999.000 -9999.000 -9999.000 -9999.000 -9999.000 -9999.000 -9999.000 -9999.000 -9999.000 -9999.000 -9999.000 -9999.000 -9999.000 -9999.000 -9999.000 -9999.000 -9999.000 -9999.000 -9999.000 -9999.000 -9999.000 -9999.000 -9999.000 -9999.000 -9999.000 -9999.000 -9999.000 -9999.000 -9999.000 -9999.000 -9999.000 -9999.000 -9999.000 -9999.000 -9999.000 -9999.000 -9999.000 -9999.000 -9999.000 -9999.000 -9999.000 -9999.000 -9999.000 -9999.000 -9999.000
-9999.000 -9999.000 -9999.000 -9999.000 -9999.000 -9999.000 -9999.000 -9999.000 -9999.000 -9999.000 -9999.000 -9999.000 -9999.000 -9999.000 -9999.000 -9999.000 -9999.000 -9999.000 -9999.000 -9999.000 -9999.000 -9999.000 -9999.000 -9999.000 -9999.000 -9999.000 -9999.000 -9999.000 -9999.000 -9999.000 -9999.000 -9999.000 -9999.000 -9999.000 -9999.000 -9999.000 -9999.000 -9999.000 -9999.000 -9999.000 -9999.000 -9999.000 -9999.000 -9999.000 -9999.000 -9999.000 -9999.000 -9999.000 -9999.000 -9999.000 -9999.000 -9999.000 -9999.000 -9999.000 -9999.000 -9999.000 -9999.000 -9999.000 -9999.000 -9999.000 -9999.000 -9999.000 -9999.000 -9999.000 -9999.000 -9999.000 -9999.000 -9999.000 -9999.000 -9999.000 -9999.000 -9999.000 -9999.000 -9999.000 -9999.000 -9999.000 -9999.000 -9999.000 -9999.000 -9999.000 -9999.000 -9999.000 -9999.000 -9999.000 -9999.000 -9999.000 -9999.000 -9999.000 -9999.000 -9999.000 -9999.000 -9999.000 -9999.000 -9999.000 -9999.000 -9999.000 -9999.000 -9999.000 -9999.000 -9999.000 -9999.000 -9999.000 -9999.000 -9999.000
-9999.000 -9999.000 7359.103 7260.374 7162.921 7066.750 6971.871 6878.296 6786.040 6695.119 6605.548 6517.344 6430.521 6345.091 6261.066 6178.455 6097.263 6017.498 5939.162 5862.257 5786.780 5712.729 5640.096 5568.874 5499.052 5430.616 5363.550 5297.836 5233.453 5170.378 5108.584 5048.046 4988.732 4930.610 4873.647 4817.807 4763.055 4709.351 4656.655 4604.924 4554.113 4504.178 4455.072 4406.747 4359.154 4312.246 4265.973 4220.290 4175.145 4130.488 4086.266 4042.427 3998.918 3955.688 3912.688 3869.869 3827.180 3784.570 3741.986 3699.377 3656.694 3613.891 3570.918 3527.728 3484.267 3440.485 3396.333 3351.758 3306.719 3261.164 3215.055 3168.339 3120.970 3072.893 3024.061 2974.417 2923.917 2872.502 2820.127 2766.736 2712.286 2656.715 2599.978 2542.006 2482.736 2422.106 2360.039 2296.489 2231.369 2164.586 2096.094 2025.781 1953.524 1879.235 1802.826 1724.126 1642.957 1559.151 1472.553 1382.989 1290.204 1193.910 -9999.000 -9999.000
-9999.000 -9999.000 7359.103 7260.374 7162.921 7066.750 6971.871 6878.296 6786.040 6695.119 6605.548 6517.344 6430.521 6345.091 6261.066 6178.455 6097.263 6017.498 5939.162 5862.257 5786.780 5712.729 5640.096 5568.874 5499.052 5430.616 5363.550 5297.836 5233.453 5170.378 5108.584 5048.046 4988.732 4930.610 4873.647 4817.807 4763.055 4709.351 4656.655 4604.924 4554.113 4504.178 4455.072 4406.747 4359.154 4312.246 4265.973 4220.290 4175.145 4130.488 4086.266 4042.427 3998.918 3955.688 3912.688 3869.869 3827.180 3784.570 3741.986 3699.377 3656.694 3613.891 3570.918 3527.728 3484.267 3440.485 3396.333 3351.758 3306.719 3261.164 3215.055 3168.339 3120.970 3072.893 3024.061 2974.417 2923.917 2872.502 2820.127 2766.736 2712.286 2656.715 2599.978 2542.006 2482.736 2422.106 2360.039 2296.489 2231.369 2164.586 2096.094 2025.781 1953.524 1879.235 1802.826 1724.126 1642.957 1559.151 1472.553 1382.989 1290.204 1193.910 -9999.000 -9999.000
-9999.000 -9999.000 7359.103 7260.374 7162.921 7066.750 6971.871 6878.296 6786.040 6695.119 6605.548 6517.344 6430.521 6345.091 6261.066 6178.455 6097.263 6017.498 5939.162 5862.257 5786.780 5712.729 5640.096 5568.874 5499.052 5430.616 5363.550 5297.836 5233.453 5170.378 5108.584 5048.046 4988.732 4930.610 4873.647 4817.807 4763.055 4709.351 4656.655 4604.924 4554.113 4504.178 4455.072 4406.747 4359.154 4312.246 4265.973 4220.290 4175.145 4130.488 4086.266 4042.427 3998.918 3955.688 3912.688 3869.869 3827.180 3784.570 3741.986 3699.377 3656.694 3613.891 3570.918 3527.728 3484.267 3440.485 3396.333 3351.758 3306.719 3261.164 3215.055 3168.339 3120.970 3072.893 3024.061 2974.417 2923.917 2872.502 2820.127 2766.736 2712.286 2656.715 2599.978 2542.006 2482.736 2422.106 2360.039 2296.489 2231.369 2164.586 2096.094 2025.781 1953.524 1879.235 1802.826 1724.126 1642.957 1559.151 1472.553 1382.989 1290.204 1193.910 -9999.000 -9999.000
-9999.000 -9999.000 7359.103 7260.374 7162.921 7066.750 6971.871 6878.296 6786.040 6695.119 6605.548 6517.344 6430.521 6345.091 6261.066 6178.455 6097.263 6017.498 5939.162 5862.257 5786.780 5712.729 5640.096 5568.874 5499.052 5430.616 5363.550 5297.836 5233.453 5170.378 5108.584 5048.046 4988.732 4930.610 4873.647 4817.807 4763.055 4709.351 4656.655 4604.924 4554.113 4504.178 4455.072 4406.747 4359.154 4312.246 4265.973 4220.290 4175.145 4130.488 4086.266 4042.427 3998.918 3955.688 3912.688 3869.869 3827.180 3784.570 3741.986 3699.377 3656.694 3613.891 3570.918 3527.728 3484.267 3440.485 3396.333 3351.758 3306.719 3261.164 3215.055 3168.339 3120.970 3072.893 3024.061 2974.417 2923.917 2872.502 2820.127 2766.736 2712.286 2656.715 2599.978 2542.006 2482.736 2422.106 2360.039 2296.489 2231.369 2164.586 2096.094 2025.781 1953.524 1879.235 1802.826 1724.126 1642.957 1559.151 1472.553 1382.989 1290.204 1193.910 -9999.000 -9999.000
-9999.000 -9999.000 7359.103 7260.374 7162.921 7066.750 6971.871 6878.296 6786.040 6695.119 6605.548 6517.344 6430.521 6345.091 6261.066 6178.455 6097.263 6017.498 5939.162 5862.257 5786.780 5712.729 5640.096 5568.874 5499.052 5430.616 5363.550 5297.836 5233.453 5170.378 5108.584 5048.046 4988.732 4930.610 4873.647 4817.807 4763.055 4709.351 4656.655 4604.924 4554.113 4504.178 4455.072 4406.747 4359.154 4312.246 4265.973 4220.290 4175.145 4130.488 4086.266 4042.427 3998.918 3955.688 3912.688 3869.869 3827.180 3784.570 3741.986 3699.377 3656.694 3613.891 3570.918 3527.728 3484.267 3440.485 3396.333 3351.758 3306.719 3261.164 3215.055 3168.339 3120.970 3072.893 3024.061 2974.417 2923.917 2872.502 2820.127 2766.736 2712.286 2656.715 2599.978 2542.006 2482.736 2422.106 2360.039 2296.489 2231.369 2164.586 2096.094 2025.781 1953.524 1879.235 1802.826 1724.126 1642.957 1559.151 1472.553 1382.989 1290.204 1193.910 -9999.000 -9999.000
-9999.000 -9999.000 7359.103 7260.374 7162.921 7066.750 6971.871 6878.296 6786.040 6695.119 6605.548 6517.344 6430.521 6345.091 6261.066 6178.455 6097.263 6017.498 5939.162 5862.257 5786.780 5712.729 5640.096 5568.874 5499.052 5430.616 5363.550 5297.836 5233.453 5170.378 5108.584 5048.046 4988.732 4930.610 4873.647 4817.807 4763.055 4709.351 4656.655 4604.924 4554.113 4504.178 4455.072 4406.747 4359.154 4312.246 4265.973 4220.290 4175.145 4130.488 4086.266 4042.427 3998.918 3955.688 3912.688 3869.869 3827.180 3784.570 3741.986 3699.377 3656.694 3613.891 3570.918 3527.728 3484.267 3440.485 3396.333 3351.758 3306.719 3261.164 3215.055 3168.339 3120.970 3072.893 3024.061 2974.417 2923.917 2872.502 2820.127 2766.736 2712.286 2656.715 2599.978 2542.006 2482.736 2422.106 2360.039 2296.489 2231.369 2164.586 2096.094 2025.781 1953.524 1879.235 1802.826 1724.126 1642.957 1559.151 1472.553 1382.989 1290.204 1193.910 -9999.000 -9999.000
-9999.000 -9999.000 -9999.000 -9999.000 -9999.000 -9999.000 -9999.000 -9999.000 -9999.000 -9999.000 -9999.000 -9999.000 -9999.000 -9999.000 -9999.000 -9999.000 -9999.000 -9999.000 -9999.000 -9999.000 -9999.000 -9999.000 -9999.000 -9999.000 -9999.000 -9999.000 -9999.000 -9999.000 -9999.000 -9999.000 -9999.000 -9999.000 -9999.000 -9999.000 -9999.000 -9999.000 -9999.000 -9999.000 -9999.000 -9999.000 -9999.000 -9999.000 -9999.000 -9999.000 -9999.000 -9999.000 -9999.000 -9999.000 -9999.000 -9999.000 -9999.000 -9999.000 -9999.000 -9999.000 -9999.000 -9999.000 -9999.000 -9999.000 -9999.000 -9999.000 -9999.000 -9999.000 -9999.000 -9999.000 -9999.000 -9999.000 -9999.000 -9999.000 -9999.000 -9999.000 -9999.000 -9999.000 -9999.000 -9999.000 -9999.000 -9999.000 -9999.000 -9999.000 -9999.000 -9999.000 -9999.000 -9999.000 -9999.000 -9999.000 -9999.000 -9999.000 -9999.000 -9999.000 -9999.000 -9999.000 -9999.000 -9999.000 -9999.000 -9999.000 -9999.000 -9999.000 -9999.000 -9999.000 -9999.000 -9999.000 -9999.000 -9999.000 -9999.000 -9999.000
-9999.000 -9999.000 -9999.000 -9999.000 -9999.000 -9999.000 -9999.000 -9999.000 -9999.000 -9999.000 -9999.000 -9999.000 -9999.000 -9999.000 -9999.000 -9999.000 -9999.000 -9999.000 -9999.000 -9999.000 -9999.000 -9999.000 -9999.000 -9999.000 -9999.000 -9999.000 -9999.000 -9999.000 -9999.000 -9999.000 -9999.000 -9999.000 -9999.000 -9999.000 -9999.000 -9999.000 -9999.000 -9999.000 -9999.000 -9999.000 -9999.000 -9999.000 -9999.000 -9999.000 -9999.000 -9999.000 -9999.000 -9999.000 -9999.000 -9999.000 -9999.000 -9999.000 -9999.000 -9999.000 -9999.000 -9999.000 -9999.000 -9999.000 -9999.000 -9999.000 -9999.000 -9999.000 -9999.000 -9999.000 -9999.000 -9999.000 -9999.000 -9999.000 -9999.000 -9999.000 -9999.000 -9999.000 -9999.000 -9999.000 -9999.000 -9999.000 -9999.000 -9999.000 -9999.000 -9999.000 -9999.000 -9999.000 -9999.000 -9999.000 -9999.000 -9999.000 -9999.000 -9999.000 -9999.000 -9999.000 -9999.000 -9999.000 -9999.000 -9999.000 -9999.000 -9999.000 -9999.000 -9999.000 -9999.000 -9999.000 -9999.000 -9999.000 -9999.000 -9999.000