tests/3D/hillslope01/output_maps-METEOIO_ON/psiliqL0024N0002.asc
ncols         104
nrows         10
xllcorner     -2.000000
yllcorner     0.000000
cellsize      1.000000
NODATA_value  -9999.0
-9999.000 -9999.000 -9999.000 -9999.000 -9999.000 -9999.000 -9999.000 -9999.000 -9999.000 -9999.000 -9999.000 -9999.000 -9999.000 -9999.000 -9999.000 -9999.000 -9999.000 -9999.000 -9999.000 -9999.000 -9999.000 -9999.000 -9999.000 -9999.000 -9999.000 -9999.000 -9999.000 -9999.000 -9999.000 -9999.000 -9999.000 -9999.000 -9999.000 -9999.000 -9999.000 -9999.000 -9999.000 -9999.000 -9999.000 -9999.000 -9999.000 -9999.000 -9999.000 -9999.000 -9999.000 -9999.000 -9999.000 -9999.000 -9999.000 -9999.000 -9999.000 -9999.000 -9999.000 -9999.000 -9999.000 -9999.000 -9999.000 -9999.000 -9999.000 -9999.000 -9999.000 -9999.000 -9999.000 -9999.000 -9999.000 -9999.000 -9999.000 -9999.000 -9999.000 -9999.000 -9999.000 -9999.000 -9999.000 -9999.000 -9999.000 -9999.000 -9999.000 -9999.000 -9999.000 -9999.000 -9999.000 -9999.000 -9999.000 -9999.000 -9999.000 -9999.000 -9999.000 -9999.000 -9999.000 -9999.000 -9999.000 -9999.000 -9999.000 -9999.000 -9999.000 -9999.000 -9999.000 -9999.000 -9999.000 -9999.000 -9999.000 -9999.000 -9999.000 -9999.000
-9999.000 -9999.000 -9999.000 -9999.000 -9999.000 -9999.000 -9999.000 -9999.000 -9999.000 -9999.000 -9999.000 -9999.000 -9999.000 -9999.000 -9999.000 -9999.000 -9999.000 -9999.000 -9999.000 -9999.000 -9999.000 -9999.000 -9999.000 -9999.000 -9999.000 -9999.000 -9999.000 -9999.000 -9999.000 -9999.000 -9999.000 -9999.000 -9999.000 -9999.000 -9999.000 -9999.000 -9999.000 -9999.000 -9999.000 -9999.000 -9999.000 -9999.000 -9999.000 -9999.000 -9999.000 -9999.000 -9999.000 -9999.000 -9999.000 -9999.000 -9999.000 -9999.000 -9999.000 -9999.000 -9999.000 -9999.000 -9999.000 -9999.000 -9999.000 -9999.000 -9999.000 -9999.000 -9999.000 -9999.000 -9999.000 -9999.000 -9999.000 -9999.000 -9999.000 -9999.000 -9999.000 -9999.000 -9999.000 -9999.000 -9999.000 -9999.000 -9999.000 -9999.000 -9999.000 -9999.000 -9999.000 -9999.000 -9999.000 -9999.000 -9999.000 -9999.000 -9999.000 -9999.000 -9999.000 -9999.000 -9999.000 -9999.000 -9999.000 -9999.000 -9999.000 -9999.000 -9999.000 -9999.000 -9999.000 -9999.000 -9999.000 -9999.000 -9999.000 -9999.000
-9999.000 -9999.000 1374.144 1274.562 1175.400 1076.688 978.460 880.744 783.551 686.889 590.763 495.174 400.114 305.584 211.596 118.166 25.311 -66.905 -158.820 -251.444 -346.640 -447.333 -557.650 -683.364 -832.526 -1016.142 -1247.968 -1540.030 -1885.693 -2226.935 -2460.919 -2566.260 -2603.436 -2616.002 -2620.487 -2622.231 -2622.975 -2623.322 -2623.499 -2623.596 -2623.653 -2623.689 -2623.712 -2623.729 -2623.741 -2623.750 -2623.756 -2623.761 -2623.763 -2623.763 -2623.763 -2623.764 -2623.764 -2623.764 -2623.764 -2623.765 -2623.765 -2623.765 -2623.765 -2623.766 -2623.766 -2623.766 -2623.766 -2623.766 -2623.767 -2623.767 -2623.767 -2623.767 -2623.767 -2623.768 -2623.768 -2623.768 -2623.768 -2623.769 -2623.769 -2623.769 -2623.769 -2623.770 -2623.770 -2623.770 -2623.770 -2623.771 -2623.771 -2623.771 -2623.771 -2623.772 -2623.772 -2623.772 -2623.772 -2623.773 -2623.773 -2623.773 -2623.773 -2623.773 -2623.774 -2623.774 -2623.774 -2623.774 -2623.774 -2623.777 -2623.905 -2628.471 -9999.000 -9999.000
-9999.000 -9999.000 1374.144 1274.562 1175.400 1076.688 978.460 880.744 783.551 686.889 590.763 495.174 400.114 305.584 211.596 118.166 25.311 -66.905 -158.820 -251.444 -346.640 -447.333 -557.650 -683.364 -832.526 -1016.142 -1247.968 -1540.030 -1885.693 -2226.935 -2460.919 -2566.260 -2603.436 -2616.002 -2620.487 -2622.231 -2622.975 -2623.322 -2623.499 -2623.596 -2623.653 -2623.689 -2623.712 -2623.729 -2623.741 -2623.750 -2623.756 -2623.761 -2623.763 -2623.763 -2623.763 -2623.764 -2623.764 -2623.764 -2623.764 -2623.765 -2623.765 -2623.765 -2623.765 -2623.766 -2623.766 -2623.766 -2623.766 -2623.766 -2623.767 -2623.767 -2623.767 -2623.767 -2623.767 -2623.768 -2623.768 -2623.768 -2623.768 -2623.769 -2623.769 -2623.769 -2623.769 -2623.770 -2623.770 -2623.770 -2623.770 -2623.771 -2623.771 -2623.771 -2623.771 -2623.772 -2623.772 -2623.772 -2623.772 -2623.773 -2623.773 -2623.773 -2623.773 -2623.773 -2623.774 -2623.774 -2623.774 -2623.774 -2623.774 -2623.777 -2623.905 -2628.471 -9999.000 -9999.000
-9999.000 -9999.000 1374.144 1274.562 1175.400 1076.688 978.460 880.744 783.551 686.889 590.763 495.174 400.114 305.584 211.596 118.166 25.311 -66.905 -158.820 -251.444 -346.640 -447.333 -557.650 -683.364 -832.526 -1016.142 -1247.968 -1540.030 -1885.693 -2226.935 -2460.919 -2566.260 -2603.436 -2616.002 -2620.487 -2622.231 -2622.975 -2623.322 -2623.499 -2623.596 -2623.653 -2623.689 -2623.712 -2623.729 -2623.741 -2623.750 -2623.756 -2623.761 -2623.763 -2623.763 -2623.763 -2623.764 -2623.764 -2623.764 -2623.764 -2623.765 -2623.765 -2623.765 -2623.765 -2623.766 -2623.766 -2623.766 -2623.766 -2623.766 -2623.767 -2623.767 -2623.767 -2623.767 -2623.767 -2623.768 -2623.768 -2623.768 -2623.768 -2623.769 -2623.769 -2623.769 -2623.769 -2623.770 -2623.770 -2623.770 -2623.770 -2623.771 -2623.771 -2623.771 -2623.771 -2623.772 -2623.772 -2623.772 -2623.772 -2623.773 -2623.773 -2623.773 -2623.773 -2623.773 -2623.774 -2623.774 -2623.774 -2623.774 -2623.774 -2623.777 -2623.905 -2628.471 -9999.000 -9999.000
-9999.000 -9999.000 1374.144 1274.562 1175.400 1076.688 978.460 880.744 783.551 686.889 590.763 495.174 400.114 305.584 211.596 118.166 25.311 -66.905 -158.820 -251.444 -346.640 -447.333 -557.650 -683.364 -832.526 -1016.142 -1247.968 -1540.030 -1885.693 -2226.935 -2460.919 -2566.260 -2603.436 -2616.002 -2620.487 -2622.231 -2622.975 -2623.322 -2623.499 -2623.596 -2623.653 -2623.689 -2623.712 -2623.729 -2623.741 -2623.750 -2623.756 -2623.761 -2623.763 -2623.763 -2623.763 -2623.764 -2623.764 -2623.764 -2623.764 -2623.765 -2623.765 -2623.765 -2623.765 -2623.766 -2623.766 -2623.766 -2623.766 -2623.766 -2623.767 -2623.767 -2623.767 -2623.767 -2623.767 -2623.768 -2623.768 -2623.768 -2623.768 -2623.769 -2623.769 -2623.769 -2623.769 -2623.770 -2623.770 -2623.770 -2623.770 -2623.771 -2623.771 -2623.771 -2623.771 -2623.772 -2623.772 -2623.772 -2623.772 -2623.773 -2623.773 -2623.773 -2623.773 -2623.773 -2623.774 -2623.774 -2623.774 -2623.774 -2623.774 -2623.777 -2623.905 -2628.471 -9999.000 -9999.000
-9999.000 -9999.000 1374.144 1274.562 1175.400 1076.688 978.460 880.744 783.551 686.889 590.763 495.174 400.114 305.584 211.596 118.166 25.311 -66.905 -158.820 -251.444 -346.640 -447.333 -557.650 -683.364 -832.526 -1016.142 -1247.968 -1540.030 -1885.693 -2226.935 -2460.919 -2566.260 -2603.436 -2616.002 -2620.487 -2622.231 -2622.975 -2623.322 -2623.499 -2623.596 -2623.653 -2623.689 -2623.712 -2623.729 -2623.741 -2623.750 -2623.756 -2623.761 -2623.763 -2623.763 -2623.763 -2623.764 -2623.764 -2623.764 -2623.764 -2623.765 -2623.765 -2623.765 -2623.765 -2623.766 -2623.766 -2623.766 -2623.766 -2623.766 -2623.767 -2623.767 -2623.767 -2623.767 -2623.767 -2623.768 -2623.768 -2623.768 -2623.768 -2623.769 -2623.769 -2623.769 -2623.769 -2623.770 -2623.770 -2623.770 -2623.770 -2623.771 -2623.771 -2623.771 -2623.771 -2623.772 -2623.772 -2623.772 -2623.772 -2623.773 -2623.773 -2623.773 -2623.773 -2623.773 -2623.774 -2623.774 -2623.774 -2623.774 -2623.774 -2623.777 -2623.905 -2628.471 -9999.000 -9999.000
-9999.000 -9999.000 1374.144 1274.562 1175.400 1076.688 978.460 880.744 783.551 686.889 590.763 495.174 400.114 305.584 211.596 118.166 25.311 -66.905 -158.820 -251.444 -346.640 -447.333 -557.650 -683.364 -832.526 -1016.142 -1247.968 -1540.030 -1885.693 -2226.935 -2460.919 -2566.260 -2603.436 -2616.002 -2620.487 -2622.231 -2622.975 -2623.322 -2623.499 -2623.596 -2623.653 -2623.689 -2623.712 -2623.729 -2623.741 -2623.750 -2623.756 -2623.761 -2623.763 -2623.763 -2623.763 -2623.764 -2623.764 -2623.764 -2623.764 -2623.765 -2623.765 -2623.765 -2623.765 -2623.766 -2623.766 -2623.766 -2623.766 -2623.766 -2623.767 -2623.767 -2623.767 -2623.767 -2623.767 -2623.768 -2623.768 -2623.768 -2623.768 -2623.769 -2623.769 -2623.769 -2623.769 -2623.770 -2623.770 -2623.770 -2623.770 -2623.771 -2623.771 -2623.771 -2623.771 -2623.772 -2623.772 -2623.772 -2623.772 -2623.773 -2623.773 -2623.773 -2623.773 -2623.773 -2623.774 -2623.774 -2623.774 -2623.774 -2623.774 -2623.777 -2623.905 -2628.471 -9999.000 -9999.000
-9999.000 -9999.000 -9999.000 -9999.000 -9999.000 -9999.000 -9999.000 -9999.000 -9999.000 -9999.000 -9999.000 -9999.000 -9999.000 -9999.000 -9999.000 -9999.000 -9999.000 -9999.000 -9999.000 -9999.000 -9999.000 -9999.000 -9999.000 -9999.000 -9999.000 -9999.000 -9999.000 -9999.000 -9999.000 -9999.000 -9999.000 -9999.000 -9999.000 -9999.000 -9999.000 -9999.000 -9999.000 -9999.000 -9999.000 -9999.000 -9999.000 -9999.000 -9999.000 -9999.000 -9999.000 -9999.000 -9999.000 -9999.000 -9999.000 -9999.000 -9999.000 -9999.000 -9999.000 -9999.000 -9999.000 -9999.000 -9999.000 -9999.000 -9999.000 -9999.000 -9999.000 -9999.000 -9999.000 -9999.000 -9999.000 -9999.000 -9999.000 -9999.000 -9999.000 -9999.000 -9999.000 -9999.000 -9999.000 -9999.000 -9999.000 -9999.000 -9999.000 -9999.000 -9999.000 -9999.000 -9999.000 -9999.000 -9999.000 -9999.000 -9999.000 -9999.000 -9999.000 -9999.000 -9999.000 -9999.000 -9999.000 -9999.000 -9999.000 -9999.000 -9999.000 -9999.000 -9999.000 -9999.000 -9999.000 -9999.000 -9999.000 -9999.000 -9999.000 -9999.000
-9999.000 -9999.000 -9999.000 -9999.000 -9999.000 -9999.000 -9999.000 -9999.000 -9999.000 -9999.000 -9999.000 -9999.000 -9999.000 -9999.000 -9999.000 -9999.000 -9999.000 -9999.000 -9999.000 -9999.000 -9999.000 -9999.000 -9999.000 -9999.000 -9999.000 -9999.000 -9999.000 -9999.000 -9999.000 -9999.000 -9999.000 -9999.000 -9999.000 -9999.000 -9999.000 -9999.000 -9999.000 -9999.000 -9999.000 -9999.000 -9999.000 -9999.000 -9999.000 -9999.000 -9999.000 -9999.000 -9999.000 -9999.000 -9999.000 -9999.000 -9999.000 -9999.000 -9999.000 -9999.000 -9999.000 -9999.000 -9999.000 -9999.000 -9999.000 -9999.000 -9999.000 -9999.000 -9999.000 -9999.000 -9999.000 -9999.000 -9999.000 -9999.000 -9999.000 -9999.000 -9999.000 -9999.000 -9999.000 -9999.000 -9999.000 -9999.000 -9999.000 -9999.000 -9999.000 -9999.000 -9999.000 -9999.000 -9999.000 -9999.000 -9999.000 -9999.000 -9999.000 -9999.000 -9999.000 -9999.000 -9999.000 -9999.000 -9999.000 -9999.000 -9999.000 -9999.000 -9999.000 -9999.000 -9999.000 -9999.000 -9999.000 -9999.000 -9999.000 -9999.000