tests/3D/hillslope01/output_maps-METEOIO_ON/psiliqL0083N0002.asc
ncols         104
nrows         10
xllcorner     -2.000000
yllcorner     0.000000
cellsize      1.000000
NODATA_value  -9999.0
-9999.000 -9999.000 -9999.000 -9999.000 -9999.000 -9999.000 -9999.000 -9999.000 -9999.000 -9999.000 -9999.000 -9999.000 -9999.000 -9999.000 -9999.000 -9999.000 -9999.000 -9999.000 -9999.000 -9999.000 -9999.000 -9999.000 -9999.000 -9999.000 -9999.000 -9999.000 -9999.000 -9999.000 -9999.000 -9999.000 -9999.000 -9999.000 -9999.000 -9999.000 -9999.000 -9999.000 -9999.000 -9999.000 -9999.000 -9999.000 -9999.000 -9999.000 -9999.000 -9999.000 -9999.000 -9999.000 -9999.000 -9999.000 -9999.000 -9999.000 -9999.000 -9999.000 -9999.000 -9999.000 -9999.000 -9999.000 -9999.000 -9999.000 -9999.000 -9999.000 -9999.000 -9999.000 -9999.000 -9999.000 -9999.000 -9999.000 -9999.000 -9999.000 -9999.000 -9999.000 -9999.000 -9999.000 -9999.000 -9999.000 -9999.000 -9999.000 -9999.000 -9999.000 -9999.000 -9999.000 -9999.000 -9999.000 -9999.000 -9999.000 -9999.000 -9999.000 -9999.000 -9999.000 -9999.000 -9999.000 -9999.000 -9999.000 -9999.000 -9999.000 -9999.000 -9999.000 -9999.000 -9999.000 -9999.000 -9999.000 -9999.000 -9999.000 -9999.000 -9999.000
-9999.000 -9999.000 -9999.000 -9999.000 -9999.000 -9999.000 -9999.000 -9999.000 -9999.000 -9999.000 -9999.000 -9999.000 -9999.000 -9999.000 -9999.000 -9999.000 -9999.000 -9999.000 -9999.000 -9999.000 -9999.000 -9999.000 -9999.000 -9999.000 -9999.000 -9999.000 -9999.000 -9999.000 -9999.000 -9999.000 -9999.000 -9999.000 -9999.000 -9999.000 -9999.000 -9999.000 -9999.000 -9999.000 -9999.000 -9999.000 -9999.000 -9999.000 -9999.000 -9999.000 -9999.000 -9999.000 -9999.000 -9999.000 -9999.000 -9999.000 -9999.000 -9999.000 -9999.000 -9999.000 -9999.000 -9999.000 -9999.000 -9999.000 -9999.000 -9999.000 -9999.000 -9999.000 -9999.000 -9999.000 -9999.000 -9999.000 -9999.000 -9999.000 -9999.000 -9999.000 -9999.000 -9999.000 -9999.000 -9999.000 -9999.000 -9999.000 -9999.000 -9999.000 -9999.000 -9999.000 -9999.000 -9999.000 -9999.000 -9999.000 -9999.000 -9999.000 -9999.000 -9999.000 -9999.000 -9999.000 -9999.000 -9999.000 -9999.000 -9999.000 -9999.000 -9999.000 -9999.000 -9999.000 -9999.000 -9999.000 -9999.000 -9999.000 -9999.000 -9999.000
-9999.000 -9999.000 7228.930 7129.421 7030.406 6931.888 6833.872 6736.364 6639.371 6542.900 6446.956 6351.549 6256.684 6162.370 6068.614 5975.423 5882.807 5790.771 5699.324 5608.472 5518.220 5428.574 5339.536 5251.111 5163.300 5076.108 4989.537 4903.590 4818.268 4733.571 4649.499 4566.050 4483.223 4401.018 4319.431 4238.458 4158.095 4078.335 3999.176 3920.609 3842.627 3765.221 3688.383 3612.105 3536.374 3461.178 3386.506 3312.347 3238.685 3165.503 3092.788 3020.525 2948.691 2877.266 2806.242 2735.596 2665.301 2595.342 2525.701 2456.345 2387.252 2318.410 2249.781 2181.333 2113.067 2044.941 1976.908 1908.979 1841.111 1773.245 1705.390 1637.510 1569.531 1501.455 1433.269 1364.875 1296.253 1227.435 1158.300 1088.757 1018.946 948.727 877.945 806.690 734.959 662.553 589.308 515.509 440.980 365.497 288.870 211.368 132.879 53.134 -27.925 -109.435 -189.781 -266.940 -339.074 -404.493 -462.692 -518.031 -9999.000 -9999.000
-9999.000 -9999.000 7228.930 7129.421 7030.406 6931.888 6833.872 6736.364 6639.371 6542.900 6446.956 6351.549 6256.684 6162.370 6068.614 5975.423 5882.807 5790.771 5699.324 5608.472 5518.220 5428.574 5339.536 5251.111 5163.300 5076.108 4989.537 4903.590 4818.268 4733.571 4649.499 4566.050 4483.223 4401.018 4319.431 4238.458 4158.095 4078.335 3999.176 3920.609 3842.627 3765.221 3688.383 3612.105 3536.374 3461.178 3386.506 3312.347 3238.685 3165.503 3092.788 3020.525 2948.691 2877.266 2806.242 2735.596 2665.301 2595.342 2525.701 2456.345 2387.252 2318.410 2249.781 2181.333 2113.067 2044.941 1976.908 1908.979 1841.111 1773.245 1705.390 1637.510 1569.531 1501.455 1433.269 1364.875 1296.253 1227.435 1158.300 1088.757 1018.946 948.727 877.945 806.690 734.959 662.553 589.308 515.509 440.980 365.497 288.870 211.368 132.879 53.134 -27.925 -109.435 -189.781 -266.940 -339.074 -404.493 -462.692 -518.031 -9999.000 -9999.000
-9999.000 -9999.000 7228.930 7129.421 7030.406 6931.888 6833.872 6736.364 6639.371 6542.900 6446.956 6351.549 6256.684 6162.370 6068.614 5975.423 5882.807 5790.771 5699.324 5608.472 5518.220 5428.574 5339.536 5251.111 5163.300 5076.108 4989.537 4903.590 4818.268 4733.571 4649.499 4566.050 4483.223 4401.018 4319.431 4238.458 4158.095 4078.335 3999.176 3920.609 3842.627 3765.221 3688.383 3612.105 3536.374 3461.178 3386.506 3312.347 3238.685 3165.503 3092.788 3020.525 2948.691 2877.266 2806.242 2735.596 2665.301 2595.342 2525.701 2456.345 2387.252 2318.410 2249.781 2181.333 2113.067 2044.941 1976.908 1908.979 1841.111 1773.245 1705.390 1637.510 1569.531 1501.455 1433.269 1364.875 1296.253 1227.435 1158.300 1088.757 1018.946 948.727 877.945 806.690 734.959 662.553 589.308 515.509 440.980 365.497 288.870 211.368 132.879 53.134 -27.925 -109.435 -189.781 -266.940 -339.074 -404.493 -462.692 -518.031 -9999.000 -9999.000
-9999.000 -9999.000 7228.930 7129.421 7030.406 6931.888 6833.872 6736.364 6639.371 6542.900 6446.956 6351.549 6256.684 6162.370 6068.614 5975.423 5882.807 5790.771 5699.324 5608.472 5518.220 5428.574 5339.536 5251.111 5163.300 5076.108 4989.537 4903.590 4818.268 4733.571 4649.499 4566.050 4483.223 4401.018 4319.431 4238.458 4158.095 4078.335 3999.176 3920.609 3842.627 3765.221 3688.383 3612.105 3536.374 3461.178 3386.506 3312.347 3238.685 3165.503 3092.788 3020.525 2948.691 2877.266 2806.242 2735.596 2665.301 2595.342 2525.701 2456.345 2387.252 2318.410 2249.781 2181.333 2113.067 2044.941 1976.908 1908.979 1841.111 1773.245 1705.390 1637.510 1569.531 1501.455 1433.269 1364.875 1296.253 1227.435 1158.300 1088.757 1018.946 948.727 877.945 806.690 734.959 662.553 589.308 515.509 440.980 365.497 288.870 211.368 132.879 53.134 -27.925 -109.435 -189.781 -266.940 -339.074 -404.493 -462.692 -518.031 -9999.000 -9999.000
-9999.000 -9999.000 7228.930 7129.421 7030.406 6931.888 6833.872 6736.364 6639.371 6542.900 6446.956 6351.549 6256.684 6162.370 6068.614 5975.423 5882.807 5790.771 5699.324 5608.472 5518.220 5428.574 5339.536 5251.111 5163.300 5076.108 4989.537 4903.590 4818.268 4733.571 4649.499 4566.050 4483.223 4401.018 4319.431 4238.458 4158.095 4078.335 3999.176 3920.609 3842.627 3765.221 3688.383 3612.105 3536.374 3461.178 3386.506 3312.347 3238.685 3165.503 3092.788 3020.525 2948.691 2877.266 2806.242 2735.596 2665.301 2595.342 2525.701 2456.345 2387.252 2318.410 2249.781 2181.333 2113.067 2044.941 1976.908 1908.979 1841.111 1773.245 1705.390 1637.510 1569.531 1501.455 1433.269 1364.875 1296.253 1227.435 1158.300 1088.757 1018.946 948.727 877.945 806.690 734.959 662.553 589.308 515.509 440.980 365.497 288.870 211.368 132.879 53.134 -27.925 -109.435 -189.781 -266.940 -339.074 -404.493 -462.692 -518.031 -9999.000 -9999.000
-9999.000 -9999.000 7228.930 7129.421 7030.406 6931.888 6833.872 6736.364 6639.371 6542.900 6446.956 6351.549 6256.684 6162.370 6068.614 5975.423 5882.807 5790.771 5699.324 5608.472 5518.220 5428.574 5339.536 5251.111 5163.300 5076.108 4989.537 4903.590 4818.268 4733.571 4649.499 4566.050 4483.223 4401.018 4319.431 4238.458 4158.095 4078.335 3999.176 3920.609 3842.627 3765.221 3688.383 3612.105 3536.374 3461.178 3386.506 3312.347 3238.685 3165.503 3092.788 3020.525 2948.691 2877.266 2806.242 2735.596 2665.301 2595.342 2525.701 2456.345 2387.252 2318.410 2249.781 2181.333 2113.067 2044.941 1976.908 1908.979 1841.111 1773.245 1705.390 1637.510 1569.531 1501.455 1433.269 1364.875 1296.253 1227.435 1158.300 1088.757 1018.946 948.727 877.945 806.690 734.959 662.553 589.308 515.509 440.980 365.497 288.870 211.368 132.879 53.134 -27.925 -109.435 -189.781 -266.940 -339.074 -404.493 -462.692 -518.031 -9999.000 -9999.000
-9999.000 -9999.000 -9999.000 -9999.000 -9999.000 -9999.000 -9999.000 -9999.000 -9999.000 -9999.000 -9999.000 -9999.000 -9999.000 -9999.000 -9999.000 -9999.000 -9999.000 -9999.000 -9999.000 -9999.000 -9999.000 -9999.000 -9999.000 -9999.000 -9999.000 -9999.000 -9999.000 -9999.000 -9999.000 -9999.000 -9999.000 -9999.000 -9999.000 -9999.000 -9999.000 -9999.000 -9999.000 -9999.000 -9999.000 -9999.000 -9999.000 -9999.000 -9999.000 -9999.000 -9999.000 -9999.000 -9999.000 -9999.000 -9999.000 -9999.000 -9999.000 -9999.000 -9999.000 -9999.000 -9999.000 -9999.000 -9999.000 -9999.000 -9999.000 -9999.000 -9999.000 -9999.000 -9999.000 -9999.000 -9999.000 -9999.000 -9999.000 -9999.000 -9999.000 -9999.000 -9999.000 -9999.000 -9999.000 -9999.000 -9999.000 -9999.000 -9999.000 -9999.000 -9999.000 -9999.000 -9999.000 -9999.000 -9999.000 -9999.000 -9999.000 -9999.000 -9999.000 -9999.000 -9999.000 -9999.000 -9999.000 -9999.000 -9999.000 -9999.000 -9999.000 -9999.000 -9999.000 -9999.000 -9999.000 -9999.000 -9999.000 -9999.000 -9999.000 -9999.000
-9999.000 -9999.000 -9999.000 -9999.000 -9999.000 -9999.000 -9999.000 -9999.000 -9999.000 -9999.000 -9999.000 -9999.000 -9999.000 -9999.000 -9999.000 -9999.000 -9999.000 -9999.000 -9999.000 -9999.000 -9999.000 -9999.000 -9999.000 -9999.000 -9999.000 -9999.000 -9999.000 -9999.000 -9999.000 -9999.000 -9999.000 -9999.000 -9999.000 -9999.000 -9999.000 -9999.000 -9999.000 -9999.000 -9999.000 -9999.000 -9999.000 -9999.000 -9999.000 -9999.000 -9999.000 -9999.000 -9999.000 -9999.000 -9999.000 -9999.000 -9999.000 -9999.000 -9999.000 -9999.000 -9999.000 -9999.000 -9999.000 -9999.000 -9999.000 -9999.000 -9999.000 -9999.000 -9999.000 -9999.000 -9999.000 -9999.000 -9999.000 -9999.000 -9999.000 -9999.000 -9999.000 -9999.000 -9999.000 -9999.000 -9999.000 -9999.000 -9999.000 -9999.000 -9999.000 -9999.000 -9999.000 -9999.000 -9999.000 -9999.000 -9999.000 -9999.000 -9999.000 -9999.000 -9999.000 -9999.000 -9999.000 -9999.000 -9999.000 -9999.000 -9999.000 -9999.000 -9999.000 -9999.000 -9999.000 -9999.000 -9999.000 -9999.000 -9999.000 -9999.000