tests/3D/hillslope01/output_maps-METEOIO_ON/psiliqL0081N0002.asc
ncols         104
nrows         10
xllcorner     -2.000000
yllcorner     0.000000
cellsize      1.000000
NODATA_value  -9999.0
-9999.000 -9999.000 -9999.000 -9999.000 -9999.000 -9999.000 -9999.000 -9999.000 -9999.000 -9999.000 -9999.000 -9999.000 -9999.000 -9999.000 -9999.000 -9999.000 -9999.000 -9999.000 -9999.000 -9999.000 -9999.000 -9999.000 -9999.000 -9999.000 -9999.000 -9999.000 -9999.000 -9999.000 -9999.000 -9999.000 -9999.000 -9999.000 -9999.000 -9999.000 -9999.000 -9999.000 -9999.000 -9999.000 -9999.000 -9999.000 -9999.000 -9999.000 -9999.000 -9999.000 -9999.000 -9999.000 -9999.000 -9999.000 -9999.000 -9999.000 -9999.000 -9999.000 -9999.000 -9999.000 -9999.000 -9999.000 -9999.000 -9999.000 -9999.000 -9999.000 -9999.000 -9999.000 -9999.000 -9999.000 -9999.000 -9999.000 -9999.000 -9999.000 -9999.000 -9999.000 -9999.000 -9999.000 -9999.000 -9999.000 -9999.000 -9999.000 -9999.000 -9999.000 -9999.000 -9999.000 -9999.000 -9999.000 -9999.000 -9999.000 -9999.000 -9999.000 -9999.000 -9999.000 -9999.000 -9999.000 -9999.000 -9999.000 -9999.000 -9999.000 -9999.000 -9999.000 -9999.000 -9999.000 -9999.000 -9999.000 -9999.000 -9999.000 -9999.000 -9999.000
-9999.000 -9999.000 -9999.000 -9999.000 -9999.000 -9999.000 -9999.000 -9999.000 -9999.000 -9999.000 -9999.000 -9999.000 -9999.000 -9999.000 -9999.000 -9999.000 -9999.000 -9999.000 -9999.000 -9999.000 -9999.000 -9999.000 -9999.000 -9999.000 -9999.000 -9999.000 -9999.000 -9999.000 -9999.000 -9999.000 -9999.000 -9999.000 -9999.000 -9999.000 -9999.000 -9999.000 -9999.000 -9999.000 -9999.000 -9999.000 -9999.000 -9999.000 -9999.000 -9999.000 -9999.000 -9999.000 -9999.000 -9999.000 -9999.000 -9999.000 -9999.000 -9999.000 -9999.000 -9999.000 -9999.000 -9999.000 -9999.000 -9999.000 -9999.000 -9999.000 -9999.000 -9999.000 -9999.000 -9999.000 -9999.000 -9999.000 -9999.000 -9999.000 -9999.000 -9999.000 -9999.000 -9999.000 -9999.000 -9999.000 -9999.000 -9999.000 -9999.000 -9999.000 -9999.000 -9999.000 -9999.000 -9999.000 -9999.000 -9999.000 -9999.000 -9999.000 -9999.000 -9999.000 -9999.000 -9999.000 -9999.000 -9999.000 -9999.000 -9999.000 -9999.000 -9999.000 -9999.000 -9999.000 -9999.000 -9999.000 -9999.000 -9999.000 -9999.000 -9999.000
-9999.000 -9999.000 7030.730 6931.221 6832.205 6733.685 6635.667 6538.157 6441.161 6344.687 6248.742 6153.331 6058.464 5964.147 5870.388 5777.195 5684.575 5592.537 5501.088 5410.234 5319.980 5230.332 5141.293 5052.867 4965.055 4877.862 4791.290 4705.343 4620.021 4535.324 4451.252 4367.803 4284.977 4202.773 4121.188 4040.217 3959.855 3880.097 3800.940 3722.377 3644.398 3566.994 3490.160 3413.885 3338.159 3262.967 3188.300 3114.147 3040.491 2967.314 2894.605 2822.349 2750.521 2679.102 2608.085 2537.447 2467.159 2397.208 2327.577 2258.229 2189.143 2120.312 2051.693 1983.251 1914.997 1846.883 1778.854 1710.939 1643.086 1575.224 1507.382 1439.520 1371.548 1303.483 1235.318 1166.936 1098.317 1029.526 960.412 890.859 821.077 750.891 680.106 608.864 537.176 464.804 391.530 317.770 243.296 167.855 91.204 13.736 -64.160 -141.807 -217.810 -290.335 -357.371 -417.680 -470.558 -515.953 -555.502 -597.117 -9999.000 -9999.000
-9999.000 -9999.000 7030.730 6931.221 6832.205 6733.685 6635.667 6538.157 6441.161 6344.687 6248.742 6153.331 6058.464 5964.147 5870.388 5777.195 5684.575 5592.537 5501.088 5410.234 5319.980 5230.332 5141.293 5052.867 4965.055 4877.862 4791.290 4705.343 4620.021 4535.324 4451.252 4367.803 4284.977 4202.773 4121.188 4040.217 3959.855 3880.097 3800.940 3722.377 3644.398 3566.994 3490.160 3413.885 3338.159 3262.967 3188.300 3114.147 3040.491 2967.314 2894.605 2822.349 2750.521 2679.102 2608.085 2537.447 2467.159 2397.208 2327.577 2258.229 2189.143 2120.312 2051.693 1983.251 1914.997 1846.883 1778.854 1710.939 1643.086 1575.224 1507.382 1439.520 1371.548 1303.483 1235.318 1166.936 1098.317 1029.526 960.412 890.859 821.077 750.891 680.106 608.864 537.176 464.804 391.530 317.770 243.296 167.855 91.204 13.736 -64.160 -141.807 -217.810 -290.335 -357.371 -417.680 -470.558 -515.953 -555.502 -597.117 -9999.000 -9999.000
-9999.000 -9999.000 7030.730 6931.221 6832.205 6733.685 6635.667 6538.157 6441.161 6344.687 6248.742 6153.331 6058.464 5964.147 5870.388 5777.195 5684.575 5592.537 5501.088 5410.234 5319.980 5230.332 5141.293 5052.867 4965.055 4877.862 4791.290 4705.343 4620.021 4535.324 4451.252 4367.803 4284.977 4202.773 4121.188 4040.217 3959.855 3880.097 3800.940 3722.377 3644.398 3566.994 3490.160 3413.885 3338.159 3262.967 3188.300 3114.147 3040.491 2967.314 2894.605 2822.349 2750.521 2679.102 2608.085 2537.447 2467.159 2397.208 2327.577 2258.229 2189.143 2120.312 2051.693 1983.251 1914.997 1846.883 1778.854 1710.939 1643.086 1575.224 1507.382 1439.520 1371.548 1303.483 1235.318 1166.936 1098.317 1029.526 960.412 890.859 821.077 750.891 680.106 608.864 537.176 464.804 391.530 317.770 243.296 167.855 91.204 13.736 -64.160 -141.807 -217.810 -290.335 -357.371 -417.680 -470.558 -515.953 -555.502 -597.117 -9999.000 -9999.000
-9999.000 -9999.000 7030.730 6931.221 6832.205 6733.685 6635.667 6538.157 6441.161 6344.687 6248.742 6153.331 6058.464 5964.147 5870.388 5777.195 5684.575 5592.537 5501.088 5410.234 5319.980 5230.332 5141.293 5052.867 4965.055 4877.862 4791.290 4705.343 4620.021 4535.324 4451.252 4367.803 4284.977 4202.773 4121.188 4040.217 3959.855 3880.097 3800.940 3722.377 3644.398 3566.994 3490.160 3413.885 3338.159 3262.967 3188.300 3114.147 3040.491 2967.314 2894.605 2822.349 2750.521 2679.102 2608.085 2537.447 2467.159 2397.208 2327.577 2258.229 2189.143 2120.312 2051.693 1983.251 1914.997 1846.883 1778.854 1710.939 1643.086 1575.224 1507.382 1439.520 1371.548 1303.483 1235.318 1166.936 1098.317 1029.526 960.412 890.859 821.077 750.891 680.106 608.864 537.176 464.804 391.530 317.770 243.296 167.855 91.204 13.736 -64.160 -141.807 -217.810 -290.335 -357.371 -417.680 -470.558 -515.953 -555.502 -597.117 -9999.000 -9999.000
-9999.000 -9999.000 7030.730 6931.221 6832.205 6733.685 6635.667 6538.157 6441.161 6344.687 6248.742 6153.331 6058.464 5964.147 5870.388 5777.195 5684.575 5592.537 5501.088 5410.234 5319.980 5230.332 5141.293 5052.867 4965.055 4877.862 4791.290 4705.343 4620.021 4535.324 4451.252 4367.803 4284.977 4202.773 4121.188 4040.217 3959.855 3880.097 3800.940 3722.377 3644.398 3566.994 3490.160 3413.885 3338.159 3262.967 3188.300 3114.147 3040.491 2967.314 2894.605 2822.349 2750.521 2679.102 2608.085 2537.447 2467.159 2397.208 2327.577 2258.229 2189.143 2120.312 2051.693 1983.251 1914.997 1846.883 1778.854 1710.939 1643.086 1575.224 1507.382 1439.520 1371.548 1303.483 1235.318 1166.936 1098.317 1029.526 960.412 890.859 821.077 750.891 680.106 608.864 537.176 464.804 391.530 317.770 243.296 167.855 91.204 13.736 -64.160 -141.807 -217.810 -290.335 -357.371 -417.680 -470.558 -515.953 -555.502 -597.117 -9999.000 -9999.000
-9999.000 -9999.000 7030.730 6931.221 6832.205 6733.685 6635.667 6538.157 6441.161 6344.687 6248.742 6153.331 6058.464 5964.147 5870.388 5777.195 5684.575 5592.537 5501.088 5410.234 5319.980 5230.332 5141.293 5052.867 4965.055 4877.862 4791.290 4705.343 4620.021 4535.324 4451.252 4367.803 4284.977 4202.773 4121.188 4040.217 3959.855 3880.097 3800.940 3722.377 3644.398 3566.994 3490.160 3413.885 3338.159 3262.967 3188.300 3114.147 3040.491 2967.314 2894.605 2822.349 2750.521 2679.102 2608.085 2537.447 2467.159 2397.208 2327.577 2258.229 2189.143 2120.312 2051.693 1983.251 1914.997 1846.883 1778.854 1710.939 1643.086 1575.224 1507.382 1439.520 1371.548 1303.483 1235.318 1166.936 1098.317 1029.526 960.412 890.859 821.077 750.891 680.106 608.864 537.176 464.804 391.530 317.770 243.296 167.855 91.204 13.736 -64.160 -141.807 -217.810 -290.335 -357.371 -417.680 -470.558 -515.953 -555.502 -597.117 -9999.000 -9999.000
-9999.000 -9999.000 -9999.000 -9999.000 -9999.000 -9999.000 -9999.000 -9999.000 -9999.000 -9999.000 -9999.000 -9999.000 -9999.000 -9999.000 -9999.000 -9999.000 -9999.000 -9999.000 -9999.000 -9999.000 -9999.000 -9999.000 -9999.000 -9999.000 -9999.000 -9999.000 -9999.000 -9999.000 -9999.000 -9999.000 -9999.000 -9999.000 -9999.000 -9999.000 -9999.000 -9999.000 -9999.000 -9999.000 -9999.000 -9999.000 -9999.000 -9999.000 -9999.000 -9999.000 -9999.000 -9999.000 -9999.000 -9999.000 -9999.000 -9999.000 -9999.000 -9999.000 -9999.000 -9999.000 -9999.000 -9999.000 -9999.000 -9999.000 -9999.000 -9999.000 -9999.000 -9999.000 -9999.000 -9999.000 -9999.000 -9999.000 -9999.000 -9999.000 -9999.000 -9999.000 -9999.000 -9999.000 -9999.000 -9999.000 -9999.000 -9999.000 -9999.000 -9999.000 -9999.000 -9999.000 -9999.000 -9999.000 -9999.000 -9999.000 -9999.000 -9999.000 -9999.000 -9999.000 -9999.000 -9999.000 -9999.000 -9999.000 -9999.000 -9999.000 -9999.000 -9999.000 -9999.000 -9999.000 -9999.000 -9999.000 -9999.000 -9999.000 -9999.000 -9999.000
-9999.000 -9999.000 -9999.000 -9999.000 -9999.000 -9999.000 -9999.000 -9999.000 -9999.000 -9999.000 -9999.000 -9999.000 -9999.000 -9999.000 -9999.000 -9999.000 -9999.000 -9999.000 -9999.000 -9999.000 -9999.000 -9999.000 -9999.000 -9999.000 -9999.000 -9999.000 -9999.000 -9999.000 -9999.000 -9999.000 -9999.000 -9999.000 -9999.000 -9999.000 -9999.000 -9999.000 -9999.000 -9999.000 -9999.000 -9999.000 -9999.000 -9999.000 -9999.000 -9999.000 -9999.000 -9999.000 -9999.000 -9999.000 -9999.000 -9999.000 -9999.000 -9999.000 -9999.000 -9999.000 -9999.000 -9999.000 -9999.000 -9999.000 -9999.000 -9999.000 -9999.000 -9999.000 -9999.000 -9999.000 -9999.000 -9999.000 -9999.000 -9999.000 -9999.000 -9999.000 -9999.000 -9999.000 -9999.000 -9999.000 -9999.000 -9999.000 -9999.000 -9999.000 -9999.000 -9999.000 -9999.000 -9999.000 -9999.000 -9999.000 -9999.000 -9999.000 -9999.000 -9999.000 -9999.000 -9999.000 -9999.000 -9999.000 -9999.000 -9999.000 -9999.000 -9999.000 -9999.000 -9999.000 -9999.000 -9999.000 -9999.000 -9999.000 -9999.000 -9999.000