tests/3D/hillslope01/output_maps-METEOIO_ON/psiliqL0046N0001.asc
ncols         104
nrows         10
xllcorner     -2.000000
yllcorner     0.000000
cellsize      1.000000
NODATA_value  -9999.0
-9999.000 -9999.000 -9999.000 -9999.000 -9999.000 -9999.000 -9999.000 -9999.000 -9999.000 -9999.000 -9999.000 -9999.000 -9999.000 -9999.000 -9999.000 -9999.000 -9999.000 -9999.000 -9999.000 -9999.000 -9999.000 -9999.000 -9999.000 -9999.000 -9999.000 -9999.000 -9999.000 -9999.000 -9999.000 -9999.000 -9999.000 -9999.000 -9999.000 -9999.000 -9999.000 -9999.000 -9999.000 -9999.000 -9999.000 -9999.000 -9999.000 -9999.000 -9999.000 -9999.000 -9999.000 -9999.000 -9999.000 -9999.000 -9999.000 -9999.000 -9999.000 -9999.000 -9999.000 -9999.000 -9999.000 -9999.000 -9999.000 -9999.000 -9999.000 -9999.000 -9999.000 -9999.000 -9999.000 -9999.000 -9999.000 -9999.000 -9999.000 -9999.000 -9999.000 -9999.000 -9999.000 -9999.000 -9999.000 -9999.000 -9999.000 -9999.000 -9999.000 -9999.000 -9999.000 -9999.000 -9999.000 -9999.000 -9999.000 -9999.000 -9999.000 -9999.000 -9999.000 -9999.000 -9999.000 -9999.000 -9999.000 -9999.000 -9999.000 -9999.000 -9999.000 -9999.000 -9999.000 -9999.000 -9999.000 -9999.000 -9999.000 -9999.000 -9999.000 -9999.000
-9999.000 -9999.000 -9999.000 -9999.000 -9999.000 -9999.000 -9999.000 -9999.000 -9999.000 -9999.000 -9999.000 -9999.000 -9999.000 -9999.000 -9999.000 -9999.000 -9999.000 -9999.000 -9999.000 -9999.000 -9999.000 -9999.000 -9999.000 -9999.000 -9999.000 -9999.000 -9999.000 -9999.000 -9999.000 -9999.000 -9999.000 -9999.000 -9999.000 -9999.000 -9999.000 -9999.000 -9999.000 -9999.000 -9999.000 -9999.000 -9999.000 -9999.000 -9999.000 -9999.000 -9999.000 -9999.000 -9999.000 -9999.000 -9999.000 -9999.000 -9999.000 -9999.000 -9999.000 -9999.000 -9999.000 -9999.000 -9999.000 -9999.000 -9999.000 -9999.000 -9999.000 -9999.000 -9999.000 -9999.000 -9999.000 -9999.000 -9999.000 -9999.000 -9999.000 -9999.000 -9999.000 -9999.000 -9999.000 -9999.000 -9999.000 -9999.000 -9999.000 -9999.000 -9999.000 -9999.000 -9999.000 -9999.000 -9999.000 -9999.000 -9999.000 -9999.000 -9999.000 -9999.000 -9999.000 -9999.000 -9999.000 -9999.000 -9999.000 -9999.000 -9999.000 -9999.000 -9999.000 -9999.000 -9999.000 -9999.000 -9999.000 -9999.000 -9999.000 -9999.000
-9999.000 -9999.000 2687.517 2588.733 2491.170 2394.842 2299.766 2205.962 2113.452 2022.266 1932.439 1844.005 1756.995 1671.424 1587.287 1504.564 1423.269 1343.446 1265.113 1188.238 1112.786 1038.816 966.338 895.252 825.598 757.436 690.614 625.179 561.221 498.392 437.038 376.988 318.039 260.616 203.851 148.816 94.361 41.484 -10.819 -61.610 -111.917 -161.001 -209.838 -257.406 -304.993 -350.932 -397.059 -440.832 -483.035 -520.526 -554.998 -586.823 -615.323 -641.404 -664.769 -685.759 -704.751 -721.773 -737.147 -751.067 -763.672 -775.161 -785.659 -795.288 -804.163 -812.372 -819.997 -827.106 -833.758 -840.004 -845.887 -851.444 -856.706 -861.700 -866.450 -870.974 -875.288 -879.406 -883.341 -887.101 -890.696 -894.130 -897.411 -900.543 -903.529 -906.372 -909.075 -911.639 -914.066 -916.356 -918.511 -920.529 -922.412 -924.159 -925.771 -927.246 -928.587 -929.795 -930.886 -931.996 -934.322 -947.018 -9999.000 -9999.000
-9999.000 -9999.000 2687.517 2588.733 2491.170 2394.842 2299.766 2205.962 2113.452 2022.266 1932.439 1844.005 1756.995 1671.424 1587.287 1504.564 1423.269 1343.446 1265.113 1188.238 1112.786 1038.816 966.338 895.252 825.598 757.436 690.614 625.179 561.221 498.392 437.038 376.988 318.039 260.616 203.851 148.816 94.361 41.484 -10.819 -61.610 -111.917 -161.001 -209.838 -257.406 -304.993 -350.932 -397.059 -440.832 -483.035 -520.526 -554.998 -586.823 -615.323 -641.404 -664.769 -685.759 -704.751 -721.773 -737.147 -751.067 -763.672 -775.161 -785.659 -795.288 -804.163 -812.372 -819.997 -827.106 -833.758 -840.004 -845.887 -851.444 -856.706 -861.700 -866.450 -870.974 -875.288 -879.406 -883.341 -887.101 -890.696 -894.130 -897.411 -900.543 -903.529 -906.372 -909.075 -911.639 -914.066 -916.356 -918.511 -920.529 -922.412 -924.159 -925.771 -927.246 -928.587 -929.795 -930.886 -931.996 -934.322 -947.018 -9999.000 -9999.000
-9999.000 -9999.000 2687.517 2588.733 2491.170 2394.842 2299.766 2205.962 2113.452 2022.266 1932.439 1844.005 1756.995 1671.424 1587.287 1504.564 1423.269 1343.446 1265.113 1188.238 1112.786 1038.816 966.338 895.252 825.598 757.436 690.614 625.179 561.221 498.392 437.038 376.988 318.039 260.616 203.851 148.816 94.361 41.484 -10.819 -61.610 -111.917 -161.001 -209.838 -257.406 -304.993 -350.932 -397.059 -440.832 -483.035 -520.526 -554.998 -586.823 -615.323 -641.404 -664.769 -685.759 -704.751 -721.773 -737.147 -751.067 -763.672 -775.161 -785.659 -795.288 -804.163 -812.372 -819.997 -827.106 -833.758 -840.004 -845.887 -851.444 -856.706 -861.700 -866.450 -870.974 -875.288 -879.406 -883.341 -887.101 -890.696 -894.130 -897.411 -900.543 -903.529 -906.372 -909.075 -911.639 -914.066 -916.356 -918.511 -920.529 -922.412 -924.159 -925.771 -927.246 -928.587 -929.795 -930.886 -931.996 -934.322 -947.018 -9999.000 -9999.000
-9999.000 -9999.000 2687.517 2588.733 2491.170 2394.842 2299.766 2205.962 2113.452 2022.266 1932.439 1844.005 1756.995 1671.424 1587.287 1504.564 1423.269 1343.446 1265.113 1188.238 1112.786 1038.816 966.338 895.252 825.598 757.436 690.614 625.179 561.221 498.392 437.038 376.988 318.039 260.616 203.851 148.816 94.361 41.484 -10.819 -61.610 -111.917 -161.001 -209.838 -257.406 -304.993 -350.932 -397.059 -440.832 -483.035 -520.526 -554.998 -586.823 -615.323 -641.404 -664.769 -685.759 -704.751 -721.773 -737.147 -751.067 -763.672 -775.161 -785.659 -795.288 -804.163 -812.372 -819.997 -827.106 -833.758 -840.004 -845.887 -851.444 -856.706 -861.700 -866.450 -870.974 -875.288 -879.406 -883.341 -887.101 -890.696 -894.130 -897.411 -900.543 -903.529 -906.372 -909.075 -911.639 -914.066 -916.356 -918.511 -920.529 -922.412 -924.159 -925.771 -927.246 -928.587 -929.795 -930.886 -931.996 -934.322 -947.018 -9999.000 -9999.000
-9999.000 -9999.000 2687.517 2588.733 2491.170 2394.842 2299.766 2205.962 2113.452 2022.266 1932.439 1844.005 1756.995 1671.424 1587.287 1504.564 1423.269 1343.446 1265.113 1188.238 1112.786 1038.816 966.338 895.252 825.598 757.436 690.614 625.179 561.221 498.392 437.038 376.988 318.039 260.616 203.851 148.816 94.361 41.484 -10.819 -61.610 -111.917 -161.001 -209.838 -257.406 -304.993 -350.932 -397.059 -440.832 -483.035 -520.526 -554.998 -586.823 -615.323 -641.404 -664.769 -685.759 -704.751 -721.773 -737.147 -751.067 -763.672 -775.161 -785.659 -795.288 -804.163 -812.372 -819.997 -827.106 -833.758 -840.004 -845.887 -851.444 -856.706 -861.700 -866.450 -870.974 -875.288 -879.406 -883.341 -887.101 -890.696 -894.130 -897.411 -900.543 -903.529 -906.372 -909.075 -911.639 -914.066 -916.356 -918.511 -920.529 -922.412 -924.159 -925.771 -927.246 -928.587 -929.795 -930.886 -931.996 -934.322 -947.018 -9999.000 -9999.000
-9999.000 -9999.000 2687.517 2588.733 2491.170 2394.842 2299.766 2205.962 2113.452 2022.266 1932.439 1844.005 1756.995 1671.424 1587.287 1504.564 1423.269 1343.446 1265.113 1188.238 1112.786 1038.816 966.338 895.252 825.598 757.436 690.614 625.179 561.221 498.392 437.038 376.988 318.039 260.616 203.851 148.816 94.361 41.484 -10.819 -61.610 -111.917 -161.001 -209.838 -257.406 -304.993 -350.932 -397.059 -440.832 -483.035 -520.526 -554.998 -586.823 -615.323 -641.404 -664.769 -685.759 -704.751 -721.773 -737.147 -751.067 -763.672 -775.161 -785.659 -795.288 -804.163 -812.372 -819.997 -827.106 -833.758 -840.004 -845.887 -851.444 -856.706 -861.700 -866.450 -870.974 -875.288 -879.406 -883.341 -887.101 -890.696 -894.130 -897.411 -900.543 -903.529 -906.372 -909.075 -911.639 -914.066 -916.356 -918.511 -920.529 -922.412 -924.159 -925.771 -927.246 -928.587 -929.795 -930.886 -931.996 -934.322 -947.018 -9999.000 -9999.000
-9999.000 -9999.000 -9999.000 -9999.000 -9999.000 -9999.000 -9999.000 -9999.000 -9999.000 -9999.000 -9999.000 -9999.000 -9999.000 -9999.000 -9999.000 -9999.000 -9999.000 -9999.000 -9999.000 -9999.000 -9999.000 -9999.000 -9999.000 -9999.000 -9999.000 -9999.000 -9999.000 -9999.000 -9999.000 -9999.000 -9999.000 -9999.000 -9999.000 -9999.000 -9999.000 -9999.000 -9999.000 -9999.000 -9999.000 -9999.000 -9999.000 -9999.000 -9999.000 -9999.000 -9999.000 -9999.000 -9999.000 -9999.000 -9999.000 -9999.000 -9999.000 -9999.000 -9999.000 -9999.000 -9999.000 -9999.000 -9999.000 -9999.000 -9999.000 -9999.000 -9999.000 -9999.000 -9999.000 -9999.000 -9999.000 -9999.000 -9999.000 -9999.000 -9999.000 -9999.000 -9999.000 -9999.000 -9999.000 -9999.000 -9999.000 -9999.000 -9999.000 -9999.000 -9999.000 -9999.000 -9999.000 -9999.000 -9999.000 -9999.000 -9999.000 -9999.000 -9999.000 -9999.000 -9999.000 -9999.000 -9999.000 -9999.000 -9999.000 -9999.000 -9999.000 -9999.000 -9999.000 -9999.000 -9999.000 -9999.000 -9999.000 -9999.000 -9999.000 -9999.000
-9999.000 -9999.000 -9999.000 -9999.000 -9999.000 -9999.000 -9999.000 -9999.000 -9999.000 -9999.000 -9999.000 -9999.000 -9999.000 -9999.000 -9999.000 -9999.000 -9999.000 -9999.000 -9999.000 -9999.000 -9999.000 -9999.000 -9999.000 -9999.000 -9999.000 -9999.000 -9999.000 -9999.000 -9999.000 -9999.000 -9999.000 -9999.000 -9999.000 -9999.000 -9999.000 -9999.000 -9999.000 -9999.000 -9999.000 -9999.000 -9999.000 -9999.000 -9999.000 -9999.000 -9999.000 -9999.000 -9999.000 -9999.000 -9999.000 -9999.000 -9999.000 -9999.000 -9999.000 -9999.000 -9999.000 -9999.000 -9999.000 -9999.000 -9999.000 -9999.000 -9999.000 -9999.000 -9999.000 -9999.000 -9999.000 -9999.000 -9999.000 -9999.000 -9999.000 -9999.000 -9999.000 -9999.000 -9999.000 -9999.000 -9999.000 -9999.000 -9999.000 -9999.000 -9999.000 -9999.000 -9999.000 -9999.000 -9999.000 -9999.000 -9999.000 -9999.000 -9999.000 -9999.000 -9999.000 -9999.000 -9999.000 -9999.000 -9999.000 -9999.000 -9999.000 -9999.000 -9999.000 -9999.000 -9999.000 -9999.000 -9999.000 -9999.000 -9999.000 -9999.000