tests/3D/hillslope01/output_maps-METEOIO_ON/psiliqL0091N0002.asc
ncols         104
nrows         10
xllcorner     -2.000000
yllcorner     0.000000
cellsize      1.000000
NODATA_value  -9999.0
-9999.000 -9999.000 -9999.000 -9999.000 -9999.000 -9999.000 -9999.000 -9999.000 -9999.000 -9999.000 -9999.000 -9999.000 -9999.000 -9999.000 -9999.000 -9999.000 -9999.000 -9999.000 -9999.000 -9999.000 -9999.000 -9999.000 -9999.000 -9999.000 -9999.000 -9999.000 -9999.000 -9999.000 -9999.000 -9999.000 -9999.000 -9999.000 -9999.000 -9999.000 -9999.000 -9999.000 -9999.000 -9999.000 -9999.000 -9999.000 -9999.000 -9999.000 -9999.000 -9999.000 -9999.000 -9999.000 -9999.000 -9999.000 -9999.000 -9999.000 -9999.000 -9999.000 -9999.000 -9999.000 -9999.000 -9999.000 -9999.000 -9999.000 -9999.000 -9999.000 -9999.000 -9999.000 -9999.000 -9999.000 -9999.000 -9999.000 -9999.000 -9999.000 -9999.000 -9999.000 -9999.000 -9999.000 -9999.000 -9999.000 -9999.000 -9999.000 -9999.000 -9999.000 -9999.000 -9999.000 -9999.000 -9999.000 -9999.000 -9999.000 -9999.000 -9999.000 -9999.000 -9999.000 -9999.000 -9999.000 -9999.000 -9999.000 -9999.000 -9999.000 -9999.000 -9999.000 -9999.000 -9999.000 -9999.000 -9999.000 -9999.000 -9999.000 -9999.000 -9999.000
-9999.000 -9999.000 -9999.000 -9999.000 -9999.000 -9999.000 -9999.000 -9999.000 -9999.000 -9999.000 -9999.000 -9999.000 -9999.000 -9999.000 -9999.000 -9999.000 -9999.000 -9999.000 -9999.000 -9999.000 -9999.000 -9999.000 -9999.000 -9999.000 -9999.000 -9999.000 -9999.000 -9999.000 -9999.000 -9999.000 -9999.000 -9999.000 -9999.000 -9999.000 -9999.000 -9999.000 -9999.000 -9999.000 -9999.000 -9999.000 -9999.000 -9999.000 -9999.000 -9999.000 -9999.000 -9999.000 -9999.000 -9999.000 -9999.000 -9999.000 -9999.000 -9999.000 -9999.000 -9999.000 -9999.000 -9999.000 -9999.000 -9999.000 -9999.000 -9999.000 -9999.000 -9999.000 -9999.000 -9999.000 -9999.000 -9999.000 -9999.000 -9999.000 -9999.000 -9999.000 -9999.000 -9999.000 -9999.000 -9999.000 -9999.000 -9999.000 -9999.000 -9999.000 -9999.000 -9999.000 -9999.000 -9999.000 -9999.000 -9999.000 -9999.000 -9999.000 -9999.000 -9999.000 -9999.000 -9999.000 -9999.000 -9999.000 -9999.000 -9999.000 -9999.000 -9999.000 -9999.000 -9999.000 -9999.000 -9999.000 -9999.000 -9999.000 -9999.000 -9999.000
-9999.000 -9999.000 8021.534 7922.027 7823.015 7724.502 7626.492 7528.991 7432.005 7335.541 7239.605 7144.206 7049.349 6955.043 6861.295 6768.112 6675.503 6583.475 6492.035 6401.188 6310.942 6221.300 6132.266 6043.844 5956.036 5868.847 5782.279 5696.333 5611.011 5526.314 5442.241 5358.790 5275.962 5193.753 5112.162 5031.185 4950.816 4871.051 4791.884 4713.309 4635.319 4557.903 4481.055 4404.765 4329.022 4253.814 4179.129 4104.954 4031.276 3958.078 3885.345 3813.062 3741.208 3669.767 3598.721 3528.052 3457.736 3387.755 3318.087 3248.706 3179.590 3110.718 3042.061 2973.593 2905.294 2837.135 2769.082 2701.118 2633.211 2565.322 2497.431 2429.506 2361.500 2293.392 2225.151 2156.723 2088.077 2019.193 1950.006 1880.467 1810.583 1740.283 1669.488 1598.190 1526.352 1453.866 1380.654 1306.759 1232.087 1156.499 1079.892 1002.297 923.628 843.709 762.372 679.479 594.950 508.702 420.449 329.871 236.608 140.220 -9999.000 -9999.000
-9999.000 -9999.000 8021.534 7922.027 7823.015 7724.502 7626.492 7528.991 7432.005 7335.541 7239.605 7144.206 7049.349 6955.043 6861.295 6768.112 6675.503 6583.475 6492.035 6401.188 6310.942 6221.300 6132.266 6043.844 5956.036 5868.847 5782.279 5696.333 5611.011 5526.314 5442.241 5358.790 5275.962 5193.753 5112.162 5031.185 4950.816 4871.051 4791.884 4713.309 4635.319 4557.903 4481.055 4404.765 4329.022 4253.814 4179.129 4104.954 4031.276 3958.078 3885.345 3813.062 3741.208 3669.767 3598.721 3528.052 3457.736 3387.755 3318.087 3248.706 3179.590 3110.718 3042.061 2973.593 2905.294 2837.135 2769.082 2701.118 2633.211 2565.322 2497.431 2429.506 2361.500 2293.392 2225.151 2156.723 2088.077 2019.193 1950.006 1880.467 1810.583 1740.283 1669.488 1598.190 1526.352 1453.866 1380.654 1306.759 1232.087 1156.499 1079.892 1002.297 923.628 843.709 762.372 679.479 594.950 508.702 420.449 329.871 236.608 140.220 -9999.000 -9999.000
-9999.000 -9999.000 8021.534 7922.027 7823.015 7724.502 7626.492 7528.991 7432.005 7335.541 7239.605 7144.206 7049.349 6955.043 6861.295 6768.112 6675.503 6583.475 6492.035 6401.188 6310.942 6221.300 6132.266 6043.844 5956.036 5868.847 5782.279 5696.333 5611.011 5526.314 5442.241 5358.790 5275.962 5193.753 5112.162 5031.185 4950.816 4871.051 4791.884 4713.309 4635.319 4557.903 4481.055 4404.765 4329.022 4253.814 4179.129 4104.954 4031.276 3958.078 3885.345 3813.062 3741.208 3669.767 3598.721 3528.052 3457.736 3387.755 3318.087 3248.706 3179.590 3110.718 3042.061 2973.593 2905.294 2837.135 2769.082 2701.118 2633.211 2565.322 2497.431 2429.506 2361.500 2293.392 2225.151 2156.723 2088.077 2019.193 1950.006 1880.467 1810.583 1740.283 1669.488 1598.190 1526.352 1453.866 1380.654 1306.759 1232.087 1156.499 1079.892 1002.297 923.628 843.709 762.372 679.479 594.950 508.702 420.449 329.871 236.608 140.220 -9999.000 -9999.000
-9999.000 -9999.000 8021.534 7922.027 7823.015 7724.502 7626.492 7528.991 7432.005 7335.541 7239.605 7144.206 7049.349 6955.043 6861.295 6768.112 6675.503 6583.475 6492.035 6401.188 6310.942 6221.300 6132.266 6043.844 5956.036 5868.847 5782.279 5696.333 5611.011 5526.314 5442.241 5358.790 5275.962 5193.753 5112.162 5031.185 4950.816 4871.051 4791.884 4713.309 4635.319 4557.903 4481.055 4404.765 4329.022 4253.814 4179.129 4104.954 4031.276 3958.078 3885.345 3813.062 3741.208 3669.767 3598.721 3528.052 3457.736 3387.755 3318.087 3248.706 3179.590 3110.718 3042.061 2973.593 2905.294 2837.135 2769.082 2701.118 2633.211 2565.322 2497.431 2429.506 2361.500 2293.392 2225.151 2156.723 2088.077 2019.193 1950.006 1880.467 1810.583 1740.283 1669.488 1598.190 1526.352 1453.866 1380.654 1306.759 1232.087 1156.499 1079.892 1002.297 923.628 843.709 762.372 679.479 594.950 508.702 420.449 329.871 236.608 140.220 -9999.000 -9999.000
-9999.000 -9999.000 8021.534 7922.027 7823.015 7724.502 7626.492 7528.991 7432.005 7335.541 7239.605 7144.206 7049.349 6955.043 6861.295 6768.112 6675.503 6583.475 6492.035 6401.188 6310.942 6221.300 6132.266 6043.844 5956.036 5868.847 5782.279 5696.333 5611.011 5526.314 5442.241 5358.790 5275.962 5193.753 5112.162 5031.185 4950.816 4871.051 4791.884 4713.309 4635.319 4557.903 4481.055 4404.765 4329.022 4253.814 4179.129 4104.954 4031.276 3958.078 3885.345 3813.062 3741.208 3669.767 3598.721 3528.052 3457.736 3387.755 3318.087 3248.706 3179.590 3110.718 3042.061 2973.593 2905.294 2837.135 2769.082 2701.118 2633.211 2565.322 2497.431 2429.506 2361.500 2293.392 2225.151 2156.723 2088.077 2019.193 1950.006 1880.467 1810.583 1740.283 1669.488 1598.190 1526.352 1453.866 1380.654 1306.759 1232.087 1156.499 1079.892 1002.297 923.628 843.709 762.372 679.479 594.950 508.702 420.449 329.871 236.608 140.220 -9999.000 -9999.000
-9999.000 -9999.000 8021.534 7922.027 7823.015 7724.502 7626.492 7528.991 7432.005 7335.541 7239.605 7144.206 7049.349 6955.043 6861.295 6768.112 6675.503 6583.475 6492.035 6401.188 6310.942 6221.300 6132.266 6043.844 5956.036 5868.847 5782.279 5696.333 5611.011 5526.314 5442.241 5358.790 5275.962 5193.753 5112.162 5031.185 4950.816 4871.051 4791.884 4713.309 4635.319 4557.903 4481.055 4404.765 4329.022 4253.814 4179.129 4104.954 4031.276 3958.078 3885.345 3813.062 3741.208 3669.767 3598.721 3528.052 3457.736 3387.755 3318.087 3248.706 3179.590 3110.718 3042.061 2973.593 2905.294 2837.135 2769.082 2701.118 2633.211 2565.322 2497.431 2429.506 2361.500 2293.392 2225.151 2156.723 2088.077 2019.193 1950.006 1880.467 1810.583 1740.283 1669.488 1598.190 1526.352 1453.866 1380.654 1306.759 1232.087 1156.499 1079.892 1002.297 923.628 843.709 762.372 679.479 594.950 508.702 420.449 329.871 236.608 140.220 -9999.000 -9999.000
-9999.000 -9999.000 -9999.000 -9999.000 -9999.000 -9999.000 -9999.000 -9999.000 -9999.000 -9999.000 -9999.000 -9999.000 -9999.000 -9999.000 -9999.000 -9999.000 -9999.000 -9999.000 -9999.000 -9999.000 -9999.000 -9999.000 -9999.000 -9999.000 -9999.000 -9999.000 -9999.000 -9999.000 -9999.000 -9999.000 -9999.000 -9999.000 -9999.000 -9999.000 -9999.000 -9999.000 -9999.000 -9999.000 -9999.000 -9999.000 -9999.000 -9999.000 -9999.000 -9999.000 -9999.000 -9999.000 -9999.000 -9999.000 -9999.000 -9999.000 -9999.000 -9999.000 -9999.000 -9999.000 -9999.000 -9999.000 -9999.000 -9999.000 -9999.000 -9999.000 -9999.000 -9999.000 -9999.000 -9999.000 -9999.000 -9999.000 -9999.000 -9999.000 -9999.000 -9999.000 -9999.000 -9999.000 -9999.000 -9999.000 -9999.000 -9999.000 -9999.000 -9999.000 -9999.000 -9999.000 -9999.000 -9999.000 -9999.000 -9999.000 -9999.000 -9999.000 -9999.000 -9999.000 -9999.000 -9999.000 -9999.000 -9999.000 -9999.000 -9999.000 -9999.000 -9999.000 -9999.000 -9999.000 -9999.000 -9999.000 -9999.000 -9999.000 -9999.000 -9999.000
-9999.000 -9999.000 -9999.000 -9999.000 -9999.000 -9999.000 -9999.000 -9999.000 -9999.000 -9999.000 -9999.000 -9999.000 -9999.000 -9999.000 -9999.000 -9999.000 -9999.000 -9999.000 -9999.000 -9999.000 -9999.000 -9999.000 -9999.000 -9999.000 -9999.000 -9999.000 -9999.000 -9999.000 -9999.000 -9999.000 -9999.000 -9999.000 -9999.000 -9999.000 -9999.000 -9999.000 -9999.000 -9999.000 -9999.000 -9999.000 -9999.000 -9999.000 -9999.000 -9999.000 -9999.000 -9999.000 -9999.000 -9999.000 -9999.000 -9999.000 -9999.000 -9999.000 -9999.000 -9999.000 -9999.000 -9999.000 -9999.000 -9999.000 -9999.000 -9999.000 -9999.000 -9999.000 -9999.000 -9999.000 -9999.000 -9999.000 -9999.000 -9999.000 -9999.000 -9999.000 -9999.000 -9999.000 -9999.000 -9999.000 -9999.000 -9999.000 -9999.000 -9999.000 -9999.000 -9999.000 -9999.000 -9999.000 -9999.000 -9999.000 -9999.000 -9999.000 -9999.000 -9999.000 -9999.000 -9999.000 -9999.000 -9999.000 -9999.000 -9999.000 -9999.000 -9999.000 -9999.000 -9999.000 -9999.000 -9999.000 -9999.000 -9999.000 -9999.000 -9999.000