tests/3D/hillslope01/output_maps-METEOIO_ON/psiliqL0029N0002.asc
ncols         104
nrows         10
xllcorner     -2.000000
yllcorner     0.000000
cellsize      1.000000
NODATA_value  -9999.0
-9999.000 -9999.000 -9999.000 -9999.000 -9999.000 -9999.000 -9999.000 -9999.000 -9999.000 -9999.000 -9999.000 -9999.000 -9999.000 -9999.000 -9999.000 -9999.000 -9999.000 -9999.000 -9999.000 -9999.000 -9999.000 -9999.000 -9999.000 -9999.000 -9999.000 -9999.000 -9999.000 -9999.000 -9999.000 -9999.000 -9999.000 -9999.000 -9999.000 -9999.000 -9999.000 -9999.000 -9999.000 -9999.000 -9999.000 -9999.000 -9999.000 -9999.000 -9999.000 -9999.000 -9999.000 -9999.000 -9999.000 -9999.000 -9999.000 -9999.000 -9999.000 -9999.000 -9999.000 -9999.000 -9999.000 -9999.000 -9999.000 -9999.000 -9999.000 -9999.000 -9999.000 -9999.000 -9999.000 -9999.000 -9999.000 -9999.000 -9999.000 -9999.000 -9999.000 -9999.000 -9999.000 -9999.000 -9999.000 -9999.000 -9999.000 -9999.000 -9999.000 -9999.000 -9999.000 -9999.000 -9999.000 -9999.000 -9999.000 -9999.000 -9999.000 -9999.000 -9999.000 -9999.000 -9999.000 -9999.000 -9999.000 -9999.000 -9999.000 -9999.000 -9999.000 -9999.000 -9999.000 -9999.000 -9999.000 -9999.000 -9999.000 -9999.000 -9999.000 -9999.000
-9999.000 -9999.000 -9999.000 -9999.000 -9999.000 -9999.000 -9999.000 -9999.000 -9999.000 -9999.000 -9999.000 -9999.000 -9999.000 -9999.000 -9999.000 -9999.000 -9999.000 -9999.000 -9999.000 -9999.000 -9999.000 -9999.000 -9999.000 -9999.000 -9999.000 -9999.000 -9999.000 -9999.000 -9999.000 -9999.000 -9999.000 -9999.000 -9999.000 -9999.000 -9999.000 -9999.000 -9999.000 -9999.000 -9999.000 -9999.000 -9999.000 -9999.000 -9999.000 -9999.000 -9999.000 -9999.000 -9999.000 -9999.000 -9999.000 -9999.000 -9999.000 -9999.000 -9999.000 -9999.000 -9999.000 -9999.000 -9999.000 -9999.000 -9999.000 -9999.000 -9999.000 -9999.000 -9999.000 -9999.000 -9999.000 -9999.000 -9999.000 -9999.000 -9999.000 -9999.000 -9999.000 -9999.000 -9999.000 -9999.000 -9999.000 -9999.000 -9999.000 -9999.000 -9999.000 -9999.000 -9999.000 -9999.000 -9999.000 -9999.000 -9999.000 -9999.000 -9999.000 -9999.000 -9999.000 -9999.000 -9999.000 -9999.000 -9999.000 -9999.000 -9999.000 -9999.000 -9999.000 -9999.000 -9999.000 -9999.000 -9999.000 -9999.000 -9999.000 -9999.000
-9999.000 -9999.000 1870.920 1771.351 1672.218 1573.542 1475.351 1377.667 1280.502 1183.865 1087.761 992.192 897.156 802.656 708.702 615.309 522.490 430.263 338.644 247.650 157.292 67.582 -21.465 -109.876 -198.353 -287.859 -379.987 -476.991 -581.712 -697.576 -828.429 -978.008 -1148.567 -1338.023 -1536.113 -1722.711 -1874.552 -1979.633 -2043.407 -2079.482 -2099.593 -2111.036 -2117.797 -2121.969 -2124.661 -2126.474 -2127.734 -2128.592 -2128.855 -2128.993 -2129.106 -2129.204 -2129.290 -2129.367 -2129.437 -2129.500 -2129.559 -2129.614 -2129.665 -2129.715 -2129.762 -2129.807 -2129.851 -2129.894 -2129.936 -2129.978 -2130.019 -2130.059 -2130.099 -2130.139 -2130.179 -2130.218 -2130.257 -2130.296 -2130.335 -2130.374 -2130.412 -2130.450 -2130.488 -2130.526 -2130.563 -2130.600 -2130.636 -2130.672 -2130.707 -2130.741 -2130.775 -2130.808 -2130.840 -2130.871 -2130.900 -2130.929 -2130.956 -2130.982 -2131.007 -2131.029 -2131.051 -2131.070 -2131.089 -2131.119 -2131.482 -2138.621 -9999.000 -9999.000
-9999.000 -9999.000 1870.920 1771.351 1672.218 1573.542 1475.351 1377.667 1280.502 1183.865 1087.761 992.192 897.156 802.656 708.702 615.309 522.490 430.263 338.644 247.650 157.292 67.582 -21.465 -109.876 -198.353 -287.859 -379.987 -476.991 -581.712 -697.576 -828.429 -978.008 -1148.567 -1338.023 -1536.113 -1722.711 -1874.552 -1979.633 -2043.407 -2079.482 -2099.593 -2111.036 -2117.797 -2121.969 -2124.661 -2126.474 -2127.734 -2128.592 -2128.855 -2128.993 -2129.106 -2129.204 -2129.290 -2129.367 -2129.437 -2129.500 -2129.559 -2129.614 -2129.665 -2129.715 -2129.762 -2129.807 -2129.851 -2129.894 -2129.936 -2129.978 -2130.019 -2130.059 -2130.099 -2130.139 -2130.179 -2130.218 -2130.257 -2130.296 -2130.335 -2130.374 -2130.412 -2130.450 -2130.488 -2130.526 -2130.563 -2130.600 -2130.636 -2130.672 -2130.707 -2130.741 -2130.775 -2130.808 -2130.840 -2130.871 -2130.900 -2130.929 -2130.956 -2130.982 -2131.007 -2131.029 -2131.051 -2131.070 -2131.089 -2131.119 -2131.482 -2138.621 -9999.000 -9999.000
-9999.000 -9999.000 1870.920 1771.351 1672.218 1573.542 1475.351 1377.667 1280.502 1183.865 1087.761 992.192 897.156 802.656 708.702 615.309 522.490 430.263 338.644 247.650 157.292 67.582 -21.465 -109.876 -198.353 -287.859 -379.987 -476.991 -581.712 -697.576 -828.429 -978.008 -1148.567 -1338.023 -1536.113 -1722.711 -1874.552 -1979.633 -2043.407 -2079.482 -2099.593 -2111.036 -2117.797 -2121.969 -2124.661 -2126.474 -2127.734 -2128.592 -2128.855 -2128.993 -2129.106 -2129.204 -2129.290 -2129.367 -2129.437 -2129.500 -2129.559 -2129.614 -2129.665 -2129.715 -2129.762 -2129.807 -2129.851 -2129.894 -2129.936 -2129.978 -2130.019 -2130.059 -2130.099 -2130.139 -2130.179 -2130.218 -2130.257 -2130.296 -2130.335 -2130.374 -2130.412 -2130.450 -2130.488 -2130.526 -2130.563 -2130.600 -2130.636 -2130.672 -2130.707 -2130.741 -2130.775 -2130.808 -2130.840 -2130.871 -2130.900 -2130.929 -2130.956 -2130.982 -2131.007 -2131.029 -2131.051 -2131.070 -2131.089 -2131.119 -2131.482 -2138.621 -9999.000 -9999.000
-9999.000 -9999.000 1870.920 1771.351 1672.218 1573.542 1475.351 1377.667 1280.502 1183.865 1087.761 992.192 897.156 802.656 708.702 615.309 522.490 430.263 338.644 247.650 157.292 67.582 -21.465 -109.876 -198.353 -287.859 -379.987 -476.991 -581.712 -697.576 -828.429 -978.008 -1148.567 -1338.023 -1536.113 -1722.711 -1874.552 -1979.633 -2043.407 -2079.482 -2099.593 -2111.036 -2117.797 -2121.969 -2124.661 -2126.474 -2127.734 -2128.592 -2128.855 -2128.993 -2129.106 -2129.204 -2129.290 -2129.367 -2129.437 -2129.500 -2129.559 -2129.614 -2129.665 -2129.715 -2129.762 -2129.807 -2129.851 -2129.894 -2129.936 -2129.978 -2130.019 -2130.059 -2130.099 -2130.139 -2130.179 -2130.218 -2130.257 -2130.296 -2130.335 -2130.374 -2130.412 -2130.450 -2130.488 -2130.526 -2130.563 -2130.600 -2130.636 -2130.672 -2130.707 -2130.741 -2130.775 -2130.808 -2130.840 -2130.871 -2130.900 -2130.929 -2130.956 -2130.982 -2131.007 -2131.029 -2131.051 -2131.070 -2131.089 -2131.119 -2131.482 -2138.621 -9999.000 -9999.000
-9999.000 -9999.000 1870.920 1771.351 1672.218 1573.542 1475.351 1377.667 1280.502 1183.865 1087.761 992.192 897.156 802.656 708.702 615.309 522.490 430.263 338.644 247.650 157.292 67.582 -21.465 -109.876 -198.353 -287.859 -379.987 -476.991 -581.712 -697.576 -828.429 -978.008 -1148.567 -1338.023 -1536.113 -1722.711 -1874.552 -1979.633 -2043.407 -2079.482 -2099.593 -2111.036 -2117.797 -2121.969 -2124.661 -2126.474 -2127.734 -2128.592 -2128.855 -2128.993 -2129.106 -2129.204 -2129.290 -2129.367 -2129.437 -2129.500 -2129.559 -2129.614 -2129.665 -2129.715 -2129.762 -2129.807 -2129.851 -2129.894 -2129.936 -2129.978 -2130.019 -2130.059 -2130.099 -2130.139 -2130.179 -2130.218 -2130.257 -2130.296 -2130.335 -2130.374 -2130.412 -2130.450 -2130.488 -2130.526 -2130.563 -2130.600 -2130.636 -2130.672 -2130.707 -2130.741 -2130.775 -2130.808 -2130.840 -2130.871 -2130.900 -2130.929 -2130.956 -2130.982 -2131.007 -2131.029 -2131.051 -2131.070 -2131.089 -2131.119 -2131.482 -2138.621 -9999.000 -9999.000
-9999.000 -9999.000 1870.920 1771.351 1672.218 1573.542 1475.351 1377.667 1280.502 1183.865 1087.761 992.192 897.156 802.656 708.702 615.309 522.490 430.263 338.644 247.650 157.292 67.582 -21.465 -109.876 -198.353 -287.859 -379.987 -476.991 -581.712 -697.576 -828.429 -978.008 -1148.567 -1338.023 -1536.113 -1722.711 -1874.552 -1979.633 -2043.407 -2079.482 -2099.593 -2111.036 -2117.797 -2121.969 -2124.661 -2126.474 -2127.734 -2128.592 -2128.855 -2128.993 -2129.106 -2129.204 -2129.290 -2129.367 -2129.437 -2129.500 -2129.559 -2129.614 -2129.665 -2129.715 -2129.762 -2129.807 -2129.851 -2129.894 -2129.936 -2129.978 -2130.019 -2130.059 -2130.099 -2130.139 -2130.179 -2130.218 -2130.257 -2130.296 -2130.335 -2130.374 -2130.412 -2130.450 -2130.488 -2130.526 -2130.563 -2130.600 -2130.636 -2130.672 -2130.707 -2130.741 -2130.775 -2130.808 -2130.840 -2130.871 -2130.900 -2130.929 -2130.956 -2130.982 -2131.007 -2131.029 -2131.051 -2131.070 -2131.089 -2131.119 -2131.482 -2138.621 -9999.000 -9999.000
-9999.000 -9999.000 -9999.000 -9999.000 -9999.000 -9999.000 -9999.000 -9999.000 -9999.000 -9999.000 -9999.000 -9999.000 -9999.000 -9999.000 -9999.000 -9999.000 -9999.000 -9999.000 -9999.000 -9999.000 -9999.000 -9999.000 -9999.000 -9999.000 -9999.000 -9999.000 -9999.000 -9999.000 -9999.000 -9999.000 -9999.000 -9999.000 -9999.000 -9999.000 -9999.000 -9999.000 -9999.000 -9999.000 -9999.000 -9999.000 -9999.000 -9999.000 -9999.000 -9999.000 -9999.000 -9999.000 -9999.000 -9999.000 -9999.000 -9999.000 -9999.000 -9999.000 -9999.000 -9999.000 -9999.000 -9999.000 -9999.000 -9999.000 -9999.000 -9999.000 -9999.000 -9999.000 -9999.000 -9999.000 -9999.000 -9999.000 -9999.000 -9999.000 -9999.000 -9999.000 -9999.000 -9999.000 -9999.000 -9999.000 -9999.000 -9999.000 -9999.000 -9999.000 -9999.000 -9999.000 -9999.000 -9999.000 -9999.000 -9999.000 -9999.000 -9999.000 -9999.000 -9999.000 -9999.000 -9999.000 -9999.000 -9999.000 -9999.000 -9999.000 -9999.000 -9999.000 -9999.000 -9999.000 -9999.000 -9999.000 -9999.000 -9999.000 -9999.000 -9999.000
-9999.000 -9999.000 -9999.000 -9999.000 -9999.000 -9999.000 -9999.000 -9999.000 -9999.000 -9999.000 -9999.000 -9999.000 -9999.000 -9999.000 -9999.000 -9999.000 -9999.000 -9999.000 -9999.000 -9999.000 -9999.000 -9999.000 -9999.000 -9999.000 -9999.000 -9999.000 -9999.000 -9999.000 -9999.000 -9999.000 -9999.000 -9999.000 -9999.000 -9999.000 -9999.000 -9999.000 -9999.000 -9999.000 -9999.000 -9999.000 -9999.000 -9999.000 -9999.000 -9999.000 -9999.000 -9999.000 -9999.000 -9999.000 -9999.000 -9999.000 -9999.000 -9999.000 -9999.000 -9999.000 -9999.000 -9999.000 -9999.000 -9999.000 -9999.000 -9999.000 -9999.000 -9999.000 -9999.000 -9999.000 -9999.000 -9999.000 -9999.000 -9999.000 -9999.000 -9999.000 -9999.000 -9999.000 -9999.000 -9999.000 -9999.000 -9999.000 -9999.000 -9999.000 -9999.000 -9999.000 -9999.000 -9999.000 -9999.000 -9999.000 -9999.000 -9999.000 -9999.000 -9999.000 -9999.000 -9999.000 -9999.000 -9999.000 -9999.000 -9999.000 -9999.000 -9999.000 -9999.000 -9999.000 -9999.000 -9999.000 -9999.000 -9999.000 -9999.000 -9999.000