tests/3D/hillslope01/output_maps-METEOIO_ON/psiliqL0062N0002.asc
ncols         104
nrows         10
xllcorner     -2.000000
yllcorner     0.000000
cellsize      1.000000
NODATA_value  -9999.0
-9999.000 -9999.000 -9999.000 -9999.000 -9999.000 -9999.000 -9999.000 -9999.000 -9999.000 -9999.000 -9999.000 -9999.000 -9999.000 -9999.000 -9999.000 -9999.000 -9999.000 -9999.000 -9999.000 -9999.000 -9999.000 -9999.000 -9999.000 -9999.000 -9999.000 -9999.000 -9999.000 -9999.000 -9999.000 -9999.000 -9999.000 -9999.000 -9999.000 -9999.000 -9999.000 -9999.000 -9999.000 -9999.000 -9999.000 -9999.000 -9999.000 -9999.000 -9999.000 -9999.000 -9999.000 -9999.000 -9999.000 -9999.000 -9999.000 -9999.000 -9999.000 -9999.000 -9999.000 -9999.000 -9999.000 -9999.000 -9999.000 -9999.000 -9999.000 -9999.000 -9999.000 -9999.000 -9999.000 -9999.000 -9999.000 -9999.000 -9999.000 -9999.000 -9999.000 -9999.000 -9999.000 -9999.000 -9999.000 -9999.000 -9999.000 -9999.000 -9999.000 -9999.000 -9999.000 -9999.000 -9999.000 -9999.000 -9999.000 -9999.000 -9999.000 -9999.000 -9999.000 -9999.000 -9999.000 -9999.000 -9999.000 -9999.000 -9999.000 -9999.000 -9999.000 -9999.000 -9999.000 -9999.000 -9999.000 -9999.000 -9999.000 -9999.000 -9999.000 -9999.000
-9999.000 -9999.000 -9999.000 -9999.000 -9999.000 -9999.000 -9999.000 -9999.000 -9999.000 -9999.000 -9999.000 -9999.000 -9999.000 -9999.000 -9999.000 -9999.000 -9999.000 -9999.000 -9999.000 -9999.000 -9999.000 -9999.000 -9999.000 -9999.000 -9999.000 -9999.000 -9999.000 -9999.000 -9999.000 -9999.000 -9999.000 -9999.000 -9999.000 -9999.000 -9999.000 -9999.000 -9999.000 -9999.000 -9999.000 -9999.000 -9999.000 -9999.000 -9999.000 -9999.000 -9999.000 -9999.000 -9999.000 -9999.000 -9999.000 -9999.000 -9999.000 -9999.000 -9999.000 -9999.000 -9999.000 -9999.000 -9999.000 -9999.000 -9999.000 -9999.000 -9999.000 -9999.000 -9999.000 -9999.000 -9999.000 -9999.000 -9999.000 -9999.000 -9999.000 -9999.000 -9999.000 -9999.000 -9999.000 -9999.000 -9999.000 -9999.000 -9999.000 -9999.000 -9999.000 -9999.000 -9999.000 -9999.000 -9999.000 -9999.000 -9999.000 -9999.000 -9999.000 -9999.000 -9999.000 -9999.000 -9999.000 -9999.000 -9999.000 -9999.000 -9999.000 -9999.000 -9999.000 -9999.000 -9999.000 -9999.000 -9999.000 -9999.000 -9999.000 -9999.000
-9999.000 -9999.000 5146.878 5047.358 4948.322 4849.774 4751.723 4654.177 4557.145 4460.633 4364.648 4269.199 4174.292 4079.933 3986.131 3892.895 3800.234 3708.157 3616.672 3525.787 3435.509 3345.841 3256.785 3168.342 3080.513 2993.303 2906.718 2820.763 2735.441 2650.750 2566.683 2483.237 2400.417 2318.228 2236.668 2155.726 2075.388 1995.653 1916.531 1838.018 1760.089 1682.721 1605.930 1529.725 1454.075 1378.935 1304.321 1230.262 1156.708 1083.585 1010.955 938.837 867.127 795.720 724.840 654.376 584.135 514.274 444.861 375.637 306.539 237.976 169.598 100.980 33.046 -34.677 -102.436 -168.668 -233.281 -295.927 -354.894 -409.888 -460.541 -506.017 -546.588 -582.359 -613.506 -640.566 -663.939 -684.081 -701.452 -716.432 -729.380 -740.602 -750.356 -758.862 -766.306 -772.839 -778.589 -783.660 -788.142 -792.104 -795.607 -798.700 -801.425 -803.817 -805.908 -807.740 -809.441 -811.608 -817.014 -837.553 -9999.000 -9999.000
-9999.000 -9999.000 5146.878 5047.358 4948.322 4849.774 4751.723 4654.177 4557.145 4460.633 4364.648 4269.199 4174.292 4079.933 3986.131 3892.895 3800.234 3708.157 3616.672 3525.787 3435.509 3345.841 3256.785 3168.342 3080.513 2993.303 2906.718 2820.763 2735.441 2650.750 2566.683 2483.237 2400.417 2318.228 2236.668 2155.726 2075.388 1995.653 1916.531 1838.018 1760.089 1682.721 1605.930 1529.725 1454.075 1378.935 1304.321 1230.262 1156.708 1083.585 1010.955 938.837 867.127 795.720 724.840 654.376 584.135 514.274 444.861 375.637 306.539 237.976 169.598 100.980 33.046 -34.677 -102.436 -168.668 -233.281 -295.927 -354.894 -409.888 -460.541 -506.017 -546.588 -582.359 -613.506 -640.566 -663.939 -684.081 -701.452 -716.432 -729.380 -740.602 -750.356 -758.862 -766.306 -772.839 -778.589 -783.660 -788.142 -792.104 -795.607 -798.700 -801.425 -803.817 -805.908 -807.740 -809.441 -811.608 -817.014 -837.553 -9999.000 -9999.000
-9999.000 -9999.000 5146.878 5047.358 4948.322 4849.774 4751.723 4654.177 4557.145 4460.633 4364.648 4269.199 4174.292 4079.933 3986.131 3892.895 3800.234 3708.157 3616.672 3525.787 3435.509 3345.841 3256.785 3168.342 3080.513 2993.303 2906.718 2820.763 2735.441 2650.750 2566.683 2483.237 2400.417 2318.228 2236.668 2155.726 2075.388 1995.653 1916.531 1838.018 1760.089 1682.721 1605.930 1529.725 1454.075 1378.935 1304.321 1230.262 1156.708 1083.585 1010.955 938.837 867.127 795.720 724.840 654.376 584.135 514.274 444.861 375.637 306.539 237.976 169.598 100.980 33.046 -34.677 -102.436 -168.668 -233.281 -295.927 -354.894 -409.888 -460.541 -506.017 -546.588 -582.359 -613.506 -640.566 -663.939 -684.081 -701.452 -716.432 -729.380 -740.602 -750.356 -758.862 -766.306 -772.839 -778.589 -783.660 -788.142 -792.104 -795.607 -798.700 -801.425 -803.817 -805.908 -807.740 -809.441 -811.608 -817.014 -837.553 -9999.000 -9999.000
-9999.000 -9999.000 5146.878 5047.358 4948.322 4849.774 4751.723 4654.177 4557.145 4460.633 4364.648 4269.199 4174.292 4079.933 3986.131 3892.895 3800.234 3708.157 3616.672 3525.787 3435.509 3345.841 3256.785 3168.342 3080.513 2993.303 2906.718 2820.763 2735.441 2650.750 2566.683 2483.237 2400.417 2318.228 2236.668 2155.726 2075.388 1995.653 1916.531 1838.018 1760.089 1682.721 1605.930 1529.725 1454.075 1378.935 1304.321 1230.262 1156.708 1083.585 1010.955 938.837 867.127 795.720 724.840 654.376 584.135 514.274 444.861 375.637 306.539 237.976 169.598 100.980 33.046 -34.677 -102.436 -168.668 -233.281 -295.927 -354.894 -409.888 -460.541 -506.017 -546.588 -582.359 -613.506 -640.566 -663.939 -684.081 -701.452 -716.432 -729.380 -740.602 -750.356 -758.862 -766.306 -772.839 -778.589 -783.660 -788.142 -792.104 -795.607 -798.700 -801.425 -803.817 -805.908 -807.740 -809.441 -811.608 -817.014 -837.553 -9999.000 -9999.000
-9999.000 -9999.000 5146.878 5047.358 4948.322 4849.774 4751.723 4654.177 4557.145 4460.633 4364.648 4269.199 4174.292 4079.933 3986.131 3892.895 3800.234 3708.157 3616.672 3525.787 3435.509 3345.841 3256.785 3168.342 3080.513 2993.303 2906.718 2820.763 2735.441 2650.750 2566.683 2483.237 2400.417 2318.228 2236.668 2155.726 2075.388 1995.653 1916.531 1838.018 1760.089 1682.721 1605.930 1529.725 1454.075 1378.935 1304.321 1230.262 1156.708 1083.585 1010.955 938.837 867.127 795.720 724.840 654.376 584.135 514.274 444.861 375.637 306.539 237.976 169.598 100.980 33.046 -34.677 -102.436 -168.668 -233.281 -295.927 -354.894 -409.888 -460.541 -506.017 -546.588 -582.359 -613.506 -640.566 -663.939 -684.081 -701.452 -716.432 -729.380 -740.602 -750.356 -758.862 -766.306 -772.839 -778.589 -783.660 -788.142 -792.104 -795.607 -798.700 -801.425 -803.817 -805.908 -807.740 -809.441 -811.608 -817.014 -837.553 -9999.000 -9999.000
-9999.000 -9999.000 5146.878 5047.358 4948.322 4849.774 4751.723 4654.177 4557.145 4460.633 4364.648 4269.199 4174.292 4079.933 3986.131 3892.895 3800.234 3708.157 3616.672 3525.787 3435.509 3345.841 3256.785 3168.342 3080.513 2993.303 2906.718 2820.763 2735.441 2650.750 2566.683 2483.237 2400.417 2318.228 2236.668 2155.726 2075.388 1995.653 1916.531 1838.018 1760.089 1682.721 1605.930 1529.725 1454.075 1378.935 1304.321 1230.262 1156.708 1083.585 1010.955 938.837 867.127 795.720 724.840 654.376 584.135 514.274 444.861 375.637 306.539 237.976 169.598 100.980 33.046 -34.677 -102.436 -168.668 -233.281 -295.927 -354.894 -409.888 -460.541 -506.017 -546.588 -582.359 -613.506 -640.566 -663.939 -684.081 -701.452 -716.432 -729.380 -740.602 -750.356 -758.862 -766.306 -772.839 -778.589 -783.660 -788.142 -792.104 -795.607 -798.700 -801.425 -803.817 -805.908 -807.740 -809.441 -811.608 -817.014 -837.553 -9999.000 -9999.000
-9999.000 -9999.000 -9999.000 -9999.000 -9999.000 -9999.000 -9999.000 -9999.000 -9999.000 -9999.000 -9999.000 -9999.000 -9999.000 -9999.000 -9999.000 -9999.000 -9999.000 -9999.000 -9999.000 -9999.000 -9999.000 -9999.000 -9999.000 -9999.000 -9999.000 -9999.000 -9999.000 -9999.000 -9999.000 -9999.000 -9999.000 -9999.000 -9999.000 -9999.000 -9999.000 -9999.000 -9999.000 -9999.000 -9999.000 -9999.000 -9999.000 -9999.000 -9999.000 -9999.000 -9999.000 -9999.000 -9999.000 -9999.000 -9999.000 -9999.000 -9999.000 -9999.000 -9999.000 -9999.000 -9999.000 -9999.000 -9999.000 -9999.000 -9999.000 -9999.000 -9999.000 -9999.000 -9999.000 -9999.000 -9999.000 -9999.000 -9999.000 -9999.000 -9999.000 -9999.000 -9999.000 -9999.000 -9999.000 -9999.000 -9999.000 -9999.000 -9999.000 -9999.000 -9999.000 -9999.000 -9999.000 -9999.000 -9999.000 -9999.000 -9999.000 -9999.000 -9999.000 -9999.000 -9999.000 -9999.000 -9999.000 -9999.000 -9999.000 -9999.000 -9999.000 -9999.000 -9999.000 -9999.000 -9999.000 -9999.000 -9999.000 -9999.000 -9999.000 -9999.000
-9999.000 -9999.000 -9999.000 -9999.000 -9999.000 -9999.000 -9999.000 -9999.000 -9999.000 -9999.000 -9999.000 -9999.000 -9999.000 -9999.000 -9999.000 -9999.000 -9999.000 -9999.000 -9999.000 -9999.000 -9999.000 -9999.000 -9999.000 -9999.000 -9999.000 -9999.000 -9999.000 -9999.000 -9999.000 -9999.000 -9999.000 -9999.000 -9999.000 -9999.000 -9999.000 -9999.000 -9999.000 -9999.000 -9999.000 -9999.000 -9999.000 -9999.000 -9999.000 -9999.000 -9999.000 -9999.000 -9999.000 -9999.000 -9999.000 -9999.000 -9999.000 -9999.000 -9999.000 -9999.000 -9999.000 -9999.000 -9999.000 -9999.000 -9999.000 -9999.000 -9999.000 -9999.000 -9999.000 -9999.000 -9999.000 -9999.000 -9999.000 -9999.000 -9999.000 -9999.000 -9999.000 -9999.000 -9999.000 -9999.000 -9999.000 -9999.000 -9999.000 -9999.000 -9999.000 -9999.000 -9999.000 -9999.000 -9999.000 -9999.000 -9999.000 -9999.000 -9999.000 -9999.000 -9999.000 -9999.000 -9999.000 -9999.000 -9999.000 -9999.000 -9999.000 -9999.000 -9999.000 -9999.000 -9999.000 -9999.000 -9999.000 -9999.000 -9999.000 -9999.000