tests/3D/hillslope01/output_maps-METEOIO_ON/psiliqL0089N0001.asc
ncols         104
nrows         10
xllcorner     -2.000000
yllcorner     0.000000
cellsize      1.000000
NODATA_value  -9999.0
-9999.000 -9999.000 -9999.000 -9999.000 -9999.000 -9999.000 -9999.000 -9999.000 -9999.000 -9999.000 -9999.000 -9999.000 -9999.000 -9999.000 -9999.000 -9999.000 -9999.000 -9999.000 -9999.000 -9999.000 -9999.000 -9999.000 -9999.000 -9999.000 -9999.000 -9999.000 -9999.000 -9999.000 -9999.000 -9999.000 -9999.000 -9999.000 -9999.000 -9999.000 -9999.000 -9999.000 -9999.000 -9999.000 -9999.000 -9999.000 -9999.000 -9999.000 -9999.000 -9999.000 -9999.000 -9999.000 -9999.000 -9999.000 -9999.000 -9999.000 -9999.000 -9999.000 -9999.000 -9999.000 -9999.000 -9999.000 -9999.000 -9999.000 -9999.000 -9999.000 -9999.000 -9999.000 -9999.000 -9999.000 -9999.000 -9999.000 -9999.000 -9999.000 -9999.000 -9999.000 -9999.000 -9999.000 -9999.000 -9999.000 -9999.000 -9999.000 -9999.000 -9999.000 -9999.000 -9999.000 -9999.000 -9999.000 -9999.000 -9999.000 -9999.000 -9999.000 -9999.000 -9999.000 -9999.000 -9999.000 -9999.000 -9999.000 -9999.000 -9999.000 -9999.000 -9999.000 -9999.000 -9999.000 -9999.000 -9999.000 -9999.000 -9999.000 -9999.000 -9999.000
-9999.000 -9999.000 -9999.000 -9999.000 -9999.000 -9999.000 -9999.000 -9999.000 -9999.000 -9999.000 -9999.000 -9999.000 -9999.000 -9999.000 -9999.000 -9999.000 -9999.000 -9999.000 -9999.000 -9999.000 -9999.000 -9999.000 -9999.000 -9999.000 -9999.000 -9999.000 -9999.000 -9999.000 -9999.000 -9999.000 -9999.000 -9999.000 -9999.000 -9999.000 -9999.000 -9999.000 -9999.000 -9999.000 -9999.000 -9999.000 -9999.000 -9999.000 -9999.000 -9999.000 -9999.000 -9999.000 -9999.000 -9999.000 -9999.000 -9999.000 -9999.000 -9999.000 -9999.000 -9999.000 -9999.000 -9999.000 -9999.000 -9999.000 -9999.000 -9999.000 -9999.000 -9999.000 -9999.000 -9999.000 -9999.000 -9999.000 -9999.000 -9999.000 -9999.000 -9999.000 -9999.000 -9999.000 -9999.000 -9999.000 -9999.000 -9999.000 -9999.000 -9999.000 -9999.000 -9999.000 -9999.000 -9999.000 -9999.000 -9999.000 -9999.000 -9999.000 -9999.000 -9999.000 -9999.000 -9999.000 -9999.000 -9999.000 -9999.000 -9999.000 -9999.000 -9999.000 -9999.000 -9999.000 -9999.000 -9999.000 -9999.000 -9999.000 -9999.000 -9999.000
-9999.000 -9999.000 6962.587 6863.858 6766.402 6670.227 6575.343 6481.763 6389.502 6298.574 6208.998 6120.788 6033.960 5948.527 5864.498 5781.884 5700.690 5620.924 5542.588 5465.683 5390.207 5316.158 5243.529 5172.311 5102.494 5034.064 4967.005 4901.299 4836.924 4773.858 4712.076 4651.548 4592.246 4534.137 4477.187 4421.361 4366.623 4312.935 4260.254 4208.539 4157.746 4107.829 4058.740 4010.433 3962.858 3915.968 3869.714 3824.049 3778.922 3734.285 3690.083 3646.263 3602.774 3559.562 3516.581 3473.780 3431.111 3388.520 3345.955 3303.365 3260.699 3217.914 3174.960 3131.789 3088.347 3044.585 3000.450 2955.893 2910.871 2865.332 2819.242 2772.544 2725.195 2677.136 2628.324 2578.699 2528.219 2476.822 2424.468 2371.092 2316.665 2261.112 2204.401 2146.452 2087.205 2026.603 1964.555 1901.038 1835.951 1769.188 1700.736 1630.469 1558.244 1483.992 1407.643 1329.011 1247.903 1164.157 1077.626 988.156 895.474 799.249 -9999.000 -9999.000
-9999.000 -9999.000 6962.587 6863.858 6766.402 6670.227 6575.343 6481.763 6389.502 6298.574 6208.998 6120.788 6033.960 5948.527 5864.498 5781.884 5700.690 5620.924 5542.588 5465.683 5390.207 5316.158 5243.529 5172.311 5102.494 5034.064 4967.005 4901.299 4836.924 4773.858 4712.076 4651.548 4592.246 4534.137 4477.187 4421.361 4366.623 4312.935 4260.254 4208.539 4157.746 4107.829 4058.740 4010.433 3962.858 3915.968 3869.714 3824.049 3778.922 3734.285 3690.083 3646.263 3602.774 3559.562 3516.581 3473.780 3431.111 3388.520 3345.955 3303.365 3260.699 3217.914 3174.960 3131.789 3088.347 3044.585 3000.450 2955.893 2910.871 2865.332 2819.242 2772.544 2725.195 2677.136 2628.324 2578.699 2528.219 2476.822 2424.468 2371.092 2316.665 2261.112 2204.401 2146.452 2087.205 2026.603 1964.555 1901.038 1835.951 1769.188 1700.736 1630.469 1558.244 1483.992 1407.643 1329.011 1247.903 1164.157 1077.626 988.156 895.474 799.249 -9999.000 -9999.000
-9999.000 -9999.000 6962.587 6863.858 6766.402 6670.227 6575.343 6481.763 6389.502 6298.574 6208.998 6120.788 6033.960 5948.527 5864.498 5781.884 5700.690 5620.924 5542.588 5465.683 5390.207 5316.158 5243.529 5172.311 5102.494 5034.064 4967.005 4901.299 4836.924 4773.858 4712.076 4651.548 4592.246 4534.137 4477.187 4421.361 4366.623 4312.935 4260.254 4208.539 4157.746 4107.829 4058.740 4010.433 3962.858 3915.968 3869.714 3824.049 3778.922 3734.285 3690.083 3646.263 3602.774 3559.562 3516.581 3473.780 3431.111 3388.520 3345.955 3303.365 3260.699 3217.914 3174.960 3131.789 3088.347 3044.585 3000.450 2955.893 2910.871 2865.332 2819.242 2772.544 2725.195 2677.136 2628.324 2578.699 2528.219 2476.822 2424.468 2371.092 2316.665 2261.112 2204.401 2146.452 2087.205 2026.603 1964.555 1901.038 1835.951 1769.188 1700.736 1630.469 1558.244 1483.992 1407.643 1329.011 1247.903 1164.157 1077.626 988.156 895.474 799.249 -9999.000 -9999.000
-9999.000 -9999.000 6962.587 6863.858 6766.402 6670.227 6575.343 6481.763 6389.502 6298.574 6208.998 6120.788 6033.960 5948.527 5864.498 5781.884 5700.690 5620.924 5542.588 5465.683 5390.207 5316.158 5243.529 5172.311 5102.494 5034.064 4967.005 4901.299 4836.924 4773.858 4712.076 4651.548 4592.246 4534.137 4477.187 4421.361 4366.623 4312.935 4260.254 4208.539 4157.746 4107.829 4058.740 4010.433 3962.858 3915.968 3869.714 3824.049 3778.922 3734.285 3690.083 3646.263 3602.774 3559.562 3516.581 3473.780 3431.111 3388.520 3345.955 3303.365 3260.699 3217.914 3174.960 3131.789 3088.347 3044.585 3000.450 2955.893 2910.871 2865.332 2819.242 2772.544 2725.195 2677.136 2628.324 2578.699 2528.219 2476.822 2424.468 2371.092 2316.665 2261.112 2204.401 2146.452 2087.205 2026.603 1964.555 1901.038 1835.951 1769.188 1700.736 1630.469 1558.244 1483.992 1407.643 1329.011 1247.903 1164.157 1077.626 988.156 895.474 799.249 -9999.000 -9999.000
-9999.000 -9999.000 6962.587 6863.858 6766.402 6670.227 6575.343 6481.763 6389.502 6298.574 6208.998 6120.788 6033.960 5948.527 5864.498 5781.884 5700.690 5620.924 5542.588 5465.683 5390.207 5316.158 5243.529 5172.311 5102.494 5034.064 4967.005 4901.299 4836.924 4773.858 4712.076 4651.548 4592.246 4534.137 4477.187 4421.361 4366.623 4312.935 4260.254 4208.539 4157.746 4107.829 4058.740 4010.433 3962.858 3915.968 3869.714 3824.049 3778.922 3734.285 3690.083 3646.263 3602.774 3559.562 3516.581 3473.780 3431.111 3388.520 3345.955 3303.365 3260.699 3217.914 3174.960 3131.789 3088.347 3044.585 3000.450 2955.893 2910.871 2865.332 2819.242 2772.544 2725.195 2677.136 2628.324 2578.699 2528.219 2476.822 2424.468 2371.092 2316.665 2261.112 2204.401 2146.452 2087.205 2026.603 1964.555 1901.038 1835.951 1769.188 1700.736 1630.469 1558.244 1483.992 1407.643 1329.011 1247.903 1164.157 1077.626 988.156 895.474 799.249 -9999.000 -9999.000
-9999.000 -9999.000 6962.587 6863.858 6766.402 6670.227 6575.343 6481.763 6389.502 6298.574 6208.998 6120.788 6033.960 5948.527 5864.498 5781.884 5700.690 5620.924 5542.588 5465.683 5390.207 5316.158 5243.529 5172.311 5102.494 5034.064 4967.005 4901.299 4836.924 4773.858 4712.076 4651.548 4592.246 4534.137 4477.187 4421.361 4366.623 4312.935 4260.254 4208.539 4157.746 4107.829 4058.740 4010.433 3962.858 3915.968 3869.714 3824.049 3778.922 3734.285 3690.083 3646.263 3602.774 3559.562 3516.581 3473.780 3431.111 3388.520 3345.955 3303.365 3260.699 3217.914 3174.960 3131.789 3088.347 3044.585 3000.450 2955.893 2910.871 2865.332 2819.242 2772.544 2725.195 2677.136 2628.324 2578.699 2528.219 2476.822 2424.468 2371.092 2316.665 2261.112 2204.401 2146.452 2087.205 2026.603 1964.555 1901.038 1835.951 1769.188 1700.736 1630.469 1558.244 1483.992 1407.643 1329.011 1247.903 1164.157 1077.626 988.156 895.474 799.249 -9999.000 -9999.000
-9999.000 -9999.000 -9999.000 -9999.000 -9999.000 -9999.000 -9999.000 -9999.000 -9999.000 -9999.000 -9999.000 -9999.000 -9999.000 -9999.000 -9999.000 -9999.000 -9999.000 -9999.000 -9999.000 -9999.000 -9999.000 -9999.000 -9999.000 -9999.000 -9999.000 -9999.000 -9999.000 -9999.000 -9999.000 -9999.000 -9999.000 -9999.000 -9999.000 -9999.000 -9999.000 -9999.000 -9999.000 -9999.000 -9999.000 -9999.000 -9999.000 -9999.000 -9999.000 -9999.000 -9999.000 -9999.000 -9999.000 -9999.000 -9999.000 -9999.000 -9999.000 -9999.000 -9999.000 -9999.000 -9999.000 -9999.000 -9999.000 -9999.000 -9999.000 -9999.000 -9999.000 -9999.000 -9999.000 -9999.000 -9999.000 -9999.000 -9999.000 -9999.000 -9999.000 -9999.000 -9999.000 -9999.000 -9999.000 -9999.000 -9999.000 -9999.000 -9999.000 -9999.000 -9999.000 -9999.000 -9999.000 -9999.000 -9999.000 -9999.000 -9999.000 -9999.000 -9999.000 -9999.000 -9999.000 -9999.000 -9999.000 -9999.000 -9999.000 -9999.000 -9999.000 -9999.000 -9999.000 -9999.000 -9999.000 -9999.000 -9999.000 -9999.000 -9999.000 -9999.000
-9999.000 -9999.000 -9999.000 -9999.000 -9999.000 -9999.000 -9999.000 -9999.000 -9999.000 -9999.000 -9999.000 -9999.000 -9999.000 -9999.000 -9999.000 -9999.000 -9999.000 -9999.000 -9999.000 -9999.000 -9999.000 -9999.000 -9999.000 -9999.000 -9999.000 -9999.000 -9999.000 -9999.000 -9999.000 -9999.000 -9999.000 -9999.000 -9999.000 -9999.000 -9999.000 -9999.000 -9999.000 -9999.000 -9999.000 -9999.000 -9999.000 -9999.000 -9999.000 -9999.000 -9999.000 -9999.000 -9999.000 -9999.000 -9999.000 -9999.000 -9999.000 -9999.000 -9999.000 -9999.000 -9999.000 -9999.000 -9999.000 -9999.000 -9999.000 -9999.000 -9999.000 -9999.000 -9999.000 -9999.000 -9999.000 -9999.000 -9999.000 -9999.000 -9999.000 -9999.000 -9999.000 -9999.000 -9999.000 -9999.000 -9999.000 -9999.000 -9999.000 -9999.000 -9999.000 -9999.000 -9999.000 -9999.000 -9999.000 -9999.000 -9999.000 -9999.000 -9999.000 -9999.000 -9999.000 -9999.000 -9999.000 -9999.000 -9999.000 -9999.000 -9999.000 -9999.000 -9999.000 -9999.000 -9999.000 -9999.000 -9999.000 -9999.000 -9999.000 -9999.000