tests/3D/hillslope01/output_maps-METEOIO_ON/psiliqL0082N0002.asc
ncols         104
nrows         10
xllcorner     -2.000000
yllcorner     0.000000
cellsize      1.000000
NODATA_value  -9999.0
-9999.000 -9999.000 -9999.000 -9999.000 -9999.000 -9999.000 -9999.000 -9999.000 -9999.000 -9999.000 -9999.000 -9999.000 -9999.000 -9999.000 -9999.000 -9999.000 -9999.000 -9999.000 -9999.000 -9999.000 -9999.000 -9999.000 -9999.000 -9999.000 -9999.000 -9999.000 -9999.000 -9999.000 -9999.000 -9999.000 -9999.000 -9999.000 -9999.000 -9999.000 -9999.000 -9999.000 -9999.000 -9999.000 -9999.000 -9999.000 -9999.000 -9999.000 -9999.000 -9999.000 -9999.000 -9999.000 -9999.000 -9999.000 -9999.000 -9999.000 -9999.000 -9999.000 -9999.000 -9999.000 -9999.000 -9999.000 -9999.000 -9999.000 -9999.000 -9999.000 -9999.000 -9999.000 -9999.000 -9999.000 -9999.000 -9999.000 -9999.000 -9999.000 -9999.000 -9999.000 -9999.000 -9999.000 -9999.000 -9999.000 -9999.000 -9999.000 -9999.000 -9999.000 -9999.000 -9999.000 -9999.000 -9999.000 -9999.000 -9999.000 -9999.000 -9999.000 -9999.000 -9999.000 -9999.000 -9999.000 -9999.000 -9999.000 -9999.000 -9999.000 -9999.000 -9999.000 -9999.000 -9999.000 -9999.000 -9999.000 -9999.000 -9999.000 -9999.000 -9999.000
-9999.000 -9999.000 -9999.000 -9999.000 -9999.000 -9999.000 -9999.000 -9999.000 -9999.000 -9999.000 -9999.000 -9999.000 -9999.000 -9999.000 -9999.000 -9999.000 -9999.000 -9999.000 -9999.000 -9999.000 -9999.000 -9999.000 -9999.000 -9999.000 -9999.000 -9999.000 -9999.000 -9999.000 -9999.000 -9999.000 -9999.000 -9999.000 -9999.000 -9999.000 -9999.000 -9999.000 -9999.000 -9999.000 -9999.000 -9999.000 -9999.000 -9999.000 -9999.000 -9999.000 -9999.000 -9999.000 -9999.000 -9999.000 -9999.000 -9999.000 -9999.000 -9999.000 -9999.000 -9999.000 -9999.000 -9999.000 -9999.000 -9999.000 -9999.000 -9999.000 -9999.000 -9999.000 -9999.000 -9999.000 -9999.000 -9999.000 -9999.000 -9999.000 -9999.000 -9999.000 -9999.000 -9999.000 -9999.000 -9999.000 -9999.000 -9999.000 -9999.000 -9999.000 -9999.000 -9999.000 -9999.000 -9999.000 -9999.000 -9999.000 -9999.000 -9999.000 -9999.000 -9999.000 -9999.000 -9999.000 -9999.000 -9999.000 -9999.000 -9999.000 -9999.000 -9999.000 -9999.000 -9999.000 -9999.000 -9999.000 -9999.000 -9999.000 -9999.000 -9999.000
-9999.000 -9999.000 7129.833 7030.324 6931.308 6832.789 6734.772 6637.263 6540.269 6443.796 6347.852 6252.443 6157.577 6063.261 5969.504 5876.312 5783.694 5691.657 5600.209 5509.356 5419.103 5329.456 5240.418 5151.992 5064.181 4976.988 4890.417 4804.470 4719.148 4634.451 4550.378 4466.929 4384.103 4301.898 4220.312 4139.341 4058.978 3979.219 3900.061 3821.496 3743.515 3666.110 3589.274 3512.998 3437.269 3362.075 3287.406 3213.250 3139.590 3066.411 2993.699 2921.439 2849.608 2778.186 2707.166 2636.523 2566.231 2496.277 2426.640 2357.288 2288.199 2219.362 2150.738 2082.293 2014.033 1945.912 1877.881 1809.959 1742.099 1674.235 1606.386 1538.515 1470.539 1402.469 1334.293 1265.904 1197.284 1128.479 1059.354 989.807 920.009 849.806 779.023 707.774 636.064 563.674 490.417 416.636 342.133 266.670 190.033 112.547 34.091 -45.333 -124.893 -203.146 -277.963 -347.468 -410.272 -465.502 -513.827 -561.605 -9999.000 -9999.000
-9999.000 -9999.000 7129.833 7030.324 6931.308 6832.789 6734.772 6637.263 6540.269 6443.796 6347.852 6252.443 6157.577 6063.261 5969.504 5876.312 5783.694 5691.657 5600.209 5509.356 5419.103 5329.456 5240.418 5151.992 5064.181 4976.988 4890.417 4804.470 4719.148 4634.451 4550.378 4466.929 4384.103 4301.898 4220.312 4139.341 4058.978 3979.219 3900.061 3821.496 3743.515 3666.110 3589.274 3512.998 3437.269 3362.075 3287.406 3213.250 3139.590 3066.411 2993.699 2921.439 2849.608 2778.186 2707.166 2636.523 2566.231 2496.277 2426.640 2357.288 2288.199 2219.362 2150.738 2082.293 2014.033 1945.912 1877.881 1809.959 1742.099 1674.235 1606.386 1538.515 1470.539 1402.469 1334.293 1265.904 1197.284 1128.479 1059.354 989.807 920.009 849.806 779.023 707.774 636.064 563.674 490.417 416.636 342.133 266.670 190.033 112.547 34.091 -45.333 -124.893 -203.146 -277.963 -347.468 -410.272 -465.502 -513.827 -561.605 -9999.000 -9999.000
-9999.000 -9999.000 7129.833 7030.324 6931.308 6832.789 6734.772 6637.263 6540.269 6443.796 6347.852 6252.443 6157.577 6063.261 5969.504 5876.312 5783.694 5691.657 5600.209 5509.356 5419.103 5329.456 5240.418 5151.992 5064.181 4976.988 4890.417 4804.470 4719.148 4634.451 4550.378 4466.929 4384.103 4301.898 4220.312 4139.341 4058.978 3979.219 3900.061 3821.496 3743.515 3666.110 3589.274 3512.998 3437.269 3362.075 3287.406 3213.250 3139.590 3066.411 2993.699 2921.439 2849.608 2778.186 2707.166 2636.523 2566.231 2496.277 2426.640 2357.288 2288.199 2219.362 2150.738 2082.293 2014.033 1945.912 1877.881 1809.959 1742.099 1674.235 1606.386 1538.515 1470.539 1402.469 1334.293 1265.904 1197.284 1128.479 1059.354 989.807 920.009 849.806 779.023 707.774 636.064 563.674 490.417 416.636 342.133 266.670 190.033 112.547 34.091 -45.333 -124.893 -203.146 -277.963 -347.468 -410.272 -465.502 -513.827 -561.605 -9999.000 -9999.000
-9999.000 -9999.000 7129.833 7030.324 6931.308 6832.789 6734.772 6637.263 6540.269 6443.796 6347.852 6252.443 6157.577 6063.261 5969.504 5876.312 5783.694 5691.657 5600.209 5509.356 5419.103 5329.456 5240.418 5151.992 5064.181 4976.988 4890.417 4804.470 4719.148 4634.451 4550.378 4466.929 4384.103 4301.898 4220.312 4139.341 4058.978 3979.219 3900.061 3821.496 3743.515 3666.110 3589.274 3512.998 3437.269 3362.075 3287.406 3213.250 3139.590 3066.411 2993.699 2921.439 2849.608 2778.186 2707.166 2636.523 2566.231 2496.277 2426.640 2357.288 2288.199 2219.362 2150.738 2082.293 2014.033 1945.912 1877.881 1809.959 1742.099 1674.235 1606.386 1538.515 1470.539 1402.469 1334.293 1265.904 1197.284 1128.479 1059.354 989.807 920.009 849.806 779.023 707.774 636.064 563.674 490.417 416.636 342.133 266.670 190.033 112.547 34.091 -45.333 -124.893 -203.146 -277.963 -347.468 -410.272 -465.502 -513.827 -561.605 -9999.000 -9999.000
-9999.000 -9999.000 7129.833 7030.324 6931.308 6832.789 6734.772 6637.263 6540.269 6443.796 6347.852 6252.443 6157.577 6063.261 5969.504 5876.312 5783.694 5691.657 5600.209 5509.356 5419.103 5329.456 5240.418 5151.992 5064.181 4976.988 4890.417 4804.470 4719.148 4634.451 4550.378 4466.929 4384.103 4301.898 4220.312 4139.341 4058.978 3979.219 3900.061 3821.496 3743.515 3666.110 3589.274 3512.998 3437.269 3362.075 3287.406 3213.250 3139.590 3066.411 2993.699 2921.439 2849.608 2778.186 2707.166 2636.523 2566.231 2496.277 2426.640 2357.288 2288.199 2219.362 2150.738 2082.293 2014.033 1945.912 1877.881 1809.959 1742.099 1674.235 1606.386 1538.515 1470.539 1402.469 1334.293 1265.904 1197.284 1128.479 1059.354 989.807 920.009 849.806 779.023 707.774 636.064 563.674 490.417 416.636 342.133 266.670 190.033 112.547 34.091 -45.333 -124.893 -203.146 -277.963 -347.468 -410.272 -465.502 -513.827 -561.605 -9999.000 -9999.000
-9999.000 -9999.000 7129.833 7030.324 6931.308 6832.789 6734.772 6637.263 6540.269 6443.796 6347.852 6252.443 6157.577 6063.261 5969.504 5876.312 5783.694 5691.657 5600.209 5509.356 5419.103 5329.456 5240.418 5151.992 5064.181 4976.988 4890.417 4804.470 4719.148 4634.451 4550.378 4466.929 4384.103 4301.898 4220.312 4139.341 4058.978 3979.219 3900.061 3821.496 3743.515 3666.110 3589.274 3512.998 3437.269 3362.075 3287.406 3213.250 3139.590 3066.411 2993.699 2921.439 2849.608 2778.186 2707.166 2636.523 2566.231 2496.277 2426.640 2357.288 2288.199 2219.362 2150.738 2082.293 2014.033 1945.912 1877.881 1809.959 1742.099 1674.235 1606.386 1538.515 1470.539 1402.469 1334.293 1265.904 1197.284 1128.479 1059.354 989.807 920.009 849.806 779.023 707.774 636.064 563.674 490.417 416.636 342.133 266.670 190.033 112.547 34.091 -45.333 -124.893 -203.146 -277.963 -347.468 -410.272 -465.502 -513.827 -561.605 -9999.000 -9999.000
-9999.000 -9999.000 -9999.000 -9999.000 -9999.000 -9999.000 -9999.000 -9999.000 -9999.000 -9999.000 -9999.000 -9999.000 -9999.000 -9999.000 -9999.000 -9999.000 -9999.000 -9999.000 -9999.000 -9999.000 -9999.000 -9999.000 -9999.000 -9999.000 -9999.000 -9999.000 -9999.000 -9999.000 -9999.000 -9999.000 -9999.000 -9999.000 -9999.000 -9999.000 -9999.000 -9999.000 -9999.000 -9999.000 -9999.000 -9999.000 -9999.000 -9999.000 -9999.000 -9999.000 -9999.000 -9999.000 -9999.000 -9999.000 -9999.000 -9999.000 -9999.000 -9999.000 -9999.000 -9999.000 -9999.000 -9999.000 -9999.000 -9999.000 -9999.000 -9999.000 -9999.000 -9999.000 -9999.000 -9999.000 -9999.000 -9999.000 -9999.000 -9999.000 -9999.000 -9999.000 -9999.000 -9999.000 -9999.000 -9999.000 -9999.000 -9999.000 -9999.000 -9999.000 -9999.000 -9999.000 -9999.000 -9999.000 -9999.000 -9999.000 -9999.000 -9999.000 -9999.000 -9999.000 -9999.000 -9999.000 -9999.000 -9999.000 -9999.000 -9999.000 -9999.000 -9999.000 -9999.000 -9999.000 -9999.000 -9999.000 -9999.000 -9999.000 -9999.000 -9999.000
-9999.000 -9999.000 -9999.000 -9999.000 -9999.000 -9999.000 -9999.000 -9999.000 -9999.000 -9999.000 -9999.000 -9999.000 -9999.000 -9999.000 -9999.000 -9999.000 -9999.000 -9999.000 -9999.000 -9999.000 -9999.000 -9999.000 -9999.000 -9999.000 -9999.000 -9999.000 -9999.000 -9999.000 -9999.000 -9999.000 -9999.000 -9999.000 -9999.000 -9999.000 -9999.000 -9999.000 -9999.000 -9999.000 -9999.000 -9999.000 -9999.000 -9999.000 -9999.000 -9999.000 -9999.000 -9999.000 -9999.000 -9999.000 -9999.000 -9999.000 -9999.000 -9999.000 -9999.000 -9999.000 -9999.000 -9999.000 -9999.000 -9999.000 -9999.000 -9999.000 -9999.000 -9999.000 -9999.000 -9999.000 -9999.000 -9999.000 -9999.000 -9999.000 -9999.000 -9999.000 -9999.000 -9999.000 -9999.000 -9999.000 -9999.000 -9999.000 -9999.000 -9999.000 -9999.000 -9999.000 -9999.000 -9999.000 -9999.000 -9999.000 -9999.000 -9999.000 -9999.000 -9999.000 -9999.000 -9999.000 -9999.000 -9999.000 -9999.000 -9999.000 -9999.000 -9999.000 -9999.000 -9999.000 -9999.000 -9999.000 -9999.000 -9999.000 -9999.000 -9999.000