tests/3D/hillslope01/output_maps-METEOIO_ON/psiliqL0078N0002.asc
ncols         104
nrows         10
xllcorner     -2.000000
yllcorner     0.000000
cellsize      1.000000
NODATA_value  -9999.0
-9999.000 -9999.000 -9999.000 -9999.000 -9999.000 -9999.000 -9999.000 -9999.000 -9999.000 -9999.000 -9999.000 -9999.000 -9999.000 -9999.000 -9999.000 -9999.000 -9999.000 -9999.000 -9999.000 -9999.000 -9999.000 -9999.000 -9999.000 -9999.000 -9999.000 -9999.000 -9999.000 -9999.000 -9999.000 -9999.000 -9999.000 -9999.000 -9999.000 -9999.000 -9999.000 -9999.000 -9999.000 -9999.000 -9999.000 -9999.000 -9999.000 -9999.000 -9999.000 -9999.000 -9999.000 -9999.000 -9999.000 -9999.000 -9999.000 -9999.000 -9999.000 -9999.000 -9999.000 -9999.000 -9999.000 -9999.000 -9999.000 -9999.000 -9999.000 -9999.000 -9999.000 -9999.000 -9999.000 -9999.000 -9999.000 -9999.000 -9999.000 -9999.000 -9999.000 -9999.000 -9999.000 -9999.000 -9999.000 -9999.000 -9999.000 -9999.000 -9999.000 -9999.000 -9999.000 -9999.000 -9999.000 -9999.000 -9999.000 -9999.000 -9999.000 -9999.000 -9999.000 -9999.000 -9999.000 -9999.000 -9999.000 -9999.000 -9999.000 -9999.000 -9999.000 -9999.000 -9999.000 -9999.000 -9999.000 -9999.000 -9999.000 -9999.000 -9999.000 -9999.000
-9999.000 -9999.000 -9999.000 -9999.000 -9999.000 -9999.000 -9999.000 -9999.000 -9999.000 -9999.000 -9999.000 -9999.000 -9999.000 -9999.000 -9999.000 -9999.000 -9999.000 -9999.000 -9999.000 -9999.000 -9999.000 -9999.000 -9999.000 -9999.000 -9999.000 -9999.000 -9999.000 -9999.000 -9999.000 -9999.000 -9999.000 -9999.000 -9999.000 -9999.000 -9999.000 -9999.000 -9999.000 -9999.000 -9999.000 -9999.000 -9999.000 -9999.000 -9999.000 -9999.000 -9999.000 -9999.000 -9999.000 -9999.000 -9999.000 -9999.000 -9999.000 -9999.000 -9999.000 -9999.000 -9999.000 -9999.000 -9999.000 -9999.000 -9999.000 -9999.000 -9999.000 -9999.000 -9999.000 -9999.000 -9999.000 -9999.000 -9999.000 -9999.000 -9999.000 -9999.000 -9999.000 -9999.000 -9999.000 -9999.000 -9999.000 -9999.000 -9999.000 -9999.000 -9999.000 -9999.000 -9999.000 -9999.000 -9999.000 -9999.000 -9999.000 -9999.000 -9999.000 -9999.000 -9999.000 -9999.000 -9999.000 -9999.000 -9999.000 -9999.000 -9999.000 -9999.000 -9999.000 -9999.000 -9999.000 -9999.000 -9999.000 -9999.000 -9999.000 -9999.000
-9999.000 -9999.000 6733.395 6633.885 6534.866 6436.344 6338.322 6240.808 6143.808 6047.330 5951.380 5855.965 5761.093 5666.771 5573.008 5479.809 5387.185 5295.143 5203.689 5112.832 5022.576 4932.925 4843.884 4755.456 4667.642 4580.447 4493.874 4407.926 4322.604 4237.908 4153.836 4070.388 3987.563 3905.360 3823.777 3742.809 3662.450 3582.696 3503.543 3424.985 3347.011 3269.612 3192.783 3116.516 3040.798 2965.613 2890.953 2816.809 2743.163 2669.995 2597.296 2525.052 2453.236 2381.826 2310.822 2240.198 2169.921 2099.983 2030.369 1961.035 1891.960 1823.149 1754.548 1686.113 1617.881 1549.789 1481.766 1413.873 1346.048 1278.193 1210.371 1142.544 1074.581 1006.531 938.408 870.044 801.426 732.687 663.612 594.027 524.304 454.182 383.382 312.157 240.553 168.248 94.899 21.214 -52.813 -126.693 -199.370 -268.804 -333.883 -393.527 -446.823 -493.281 -532.998 -566.415 -594.163 -617.370 -638.965 -669.336 -9999.000 -9999.000
-9999.000 -9999.000 6733.395 6633.885 6534.866 6436.344 6338.322 6240.808 6143.808 6047.330 5951.380 5855.965 5761.093 5666.771 5573.008 5479.809 5387.185 5295.143 5203.689 5112.832 5022.576 4932.925 4843.884 4755.456 4667.642 4580.447 4493.874 4407.926 4322.604 4237.908 4153.836 4070.388 3987.563 3905.360 3823.777 3742.809 3662.450 3582.696 3503.543 3424.985 3347.011 3269.612 3192.783 3116.516 3040.798 2965.613 2890.953 2816.809 2743.163 2669.995 2597.296 2525.052 2453.236 2381.826 2310.822 2240.198 2169.921 2099.983 2030.369 1961.035 1891.960 1823.149 1754.548 1686.113 1617.881 1549.789 1481.766 1413.873 1346.048 1278.193 1210.371 1142.544 1074.581 1006.531 938.408 870.044 801.426 732.687 663.612 594.027 524.304 454.182 383.382 312.157 240.553 168.248 94.899 21.214 -52.813 -126.693 -199.370 -268.804 -333.883 -393.527 -446.823 -493.281 -532.998 -566.415 -594.163 -617.370 -638.965 -669.336 -9999.000 -9999.000
-9999.000 -9999.000 6733.395 6633.885 6534.866 6436.344 6338.322 6240.808 6143.808 6047.330 5951.380 5855.965 5761.093 5666.771 5573.008 5479.809 5387.185 5295.143 5203.689 5112.832 5022.576 4932.925 4843.884 4755.456 4667.642 4580.447 4493.874 4407.926 4322.604 4237.908 4153.836 4070.388 3987.563 3905.360 3823.777 3742.809 3662.450 3582.696 3503.543 3424.985 3347.011 3269.612 3192.783 3116.516 3040.798 2965.613 2890.953 2816.809 2743.163 2669.995 2597.296 2525.052 2453.236 2381.826 2310.822 2240.198 2169.921 2099.983 2030.369 1961.035 1891.960 1823.149 1754.548 1686.113 1617.881 1549.789 1481.766 1413.873 1346.048 1278.193 1210.371 1142.544 1074.581 1006.531 938.408 870.044 801.426 732.687 663.612 594.027 524.304 454.182 383.382 312.157 240.553 168.248 94.899 21.214 -52.813 -126.693 -199.370 -268.804 -333.883 -393.527 -446.823 -493.281 -532.998 -566.415 -594.163 -617.370 -638.965 -669.336 -9999.000 -9999.000
-9999.000 -9999.000 6733.395 6633.885 6534.866 6436.344 6338.322 6240.808 6143.808 6047.330 5951.380 5855.965 5761.093 5666.771 5573.008 5479.809 5387.185 5295.143 5203.689 5112.832 5022.576 4932.925 4843.884 4755.456 4667.642 4580.447 4493.874 4407.926 4322.604 4237.908 4153.836 4070.388 3987.563 3905.360 3823.777 3742.809 3662.450 3582.696 3503.543 3424.985 3347.011 3269.612 3192.783 3116.516 3040.798 2965.613 2890.953 2816.809 2743.163 2669.995 2597.296 2525.052 2453.236 2381.826 2310.822 2240.198 2169.921 2099.983 2030.369 1961.035 1891.960 1823.149 1754.548 1686.113 1617.881 1549.789 1481.766 1413.873 1346.048 1278.193 1210.371 1142.544 1074.581 1006.531 938.408 870.044 801.426 732.687 663.612 594.027 524.304 454.182 383.382 312.157 240.553 168.248 94.899 21.214 -52.813 -126.693 -199.370 -268.804 -333.883 -393.527 -446.823 -493.281 -532.998 -566.415 -594.163 -617.370 -638.965 -669.336 -9999.000 -9999.000
-9999.000 -9999.000 6733.395 6633.885 6534.866 6436.344 6338.322 6240.808 6143.808 6047.330 5951.380 5855.965 5761.093 5666.771 5573.008 5479.809 5387.185 5295.143 5203.689 5112.832 5022.576 4932.925 4843.884 4755.456 4667.642 4580.447 4493.874 4407.926 4322.604 4237.908 4153.836 4070.388 3987.563 3905.360 3823.777 3742.809 3662.450 3582.696 3503.543 3424.985 3347.011 3269.612 3192.783 3116.516 3040.798 2965.613 2890.953 2816.809 2743.163 2669.995 2597.296 2525.052 2453.236 2381.826 2310.822 2240.198 2169.921 2099.983 2030.369 1961.035 1891.960 1823.149 1754.548 1686.113 1617.881 1549.789 1481.766 1413.873 1346.048 1278.193 1210.371 1142.544 1074.581 1006.531 938.408 870.044 801.426 732.687 663.612 594.027 524.304 454.182 383.382 312.157 240.553 168.248 94.899 21.214 -52.813 -126.693 -199.370 -268.804 -333.883 -393.527 -446.823 -493.281 -532.998 -566.415 -594.163 -617.370 -638.965 -669.336 -9999.000 -9999.000
-9999.000 -9999.000 6733.395 6633.885 6534.866 6436.344 6338.322 6240.808 6143.808 6047.330 5951.380 5855.965 5761.093 5666.771 5573.008 5479.809 5387.185 5295.143 5203.689 5112.832 5022.576 4932.925 4843.884 4755.456 4667.642 4580.447 4493.874 4407.926 4322.604 4237.908 4153.836 4070.388 3987.563 3905.360 3823.777 3742.809 3662.450 3582.696 3503.543 3424.985 3347.011 3269.612 3192.783 3116.516 3040.798 2965.613 2890.953 2816.809 2743.163 2669.995 2597.296 2525.052 2453.236 2381.826 2310.822 2240.198 2169.921 2099.983 2030.369 1961.035 1891.960 1823.149 1754.548 1686.113 1617.881 1549.789 1481.766 1413.873 1346.048 1278.193 1210.371 1142.544 1074.581 1006.531 938.408 870.044 801.426 732.687 663.612 594.027 524.304 454.182 383.382 312.157 240.553 168.248 94.899 21.214 -52.813 -126.693 -199.370 -268.804 -333.883 -393.527 -446.823 -493.281 -532.998 -566.415 -594.163 -617.370 -638.965 -669.336 -9999.000 -9999.000
-9999.000 -9999.000 -9999.000 -9999.000 -9999.000 -9999.000 -9999.000 -9999.000 -9999.000 -9999.000 -9999.000 -9999.000 -9999.000 -9999.000 -9999.000 -9999.000 -9999.000 -9999.000 -9999.000 -9999.000 -9999.000 -9999.000 -9999.000 -9999.000 -9999.000 -9999.000 -9999.000 -9999.000 -9999.000 -9999.000 -9999.000 -9999.000 -9999.000 -9999.000 -9999.000 -9999.000 -9999.000 -9999.000 -9999.000 -9999.000 -9999.000 -9999.000 -9999.000 -9999.000 -9999.000 -9999.000 -9999.000 -9999.000 -9999.000 -9999.000 -9999.000 -9999.000 -9999.000 -9999.000 -9999.000 -9999.000 -9999.000 -9999.000 -9999.000 -9999.000 -9999.000 -9999.000 -9999.000 -9999.000 -9999.000 -9999.000 -9999.000 -9999.000 -9999.000 -9999.000 -9999.000 -9999.000 -9999.000 -9999.000 -9999.000 -9999.000 -9999.000 -9999.000 -9999.000 -9999.000 -9999.000 -9999.000 -9999.000 -9999.000 -9999.000 -9999.000 -9999.000 -9999.000 -9999.000 -9999.000 -9999.000 -9999.000 -9999.000 -9999.000 -9999.000 -9999.000 -9999.000 -9999.000 -9999.000 -9999.000 -9999.000 -9999.000 -9999.000 -9999.000
-9999.000 -9999.000 -9999.000 -9999.000 -9999.000 -9999.000 -9999.000 -9999.000 -9999.000 -9999.000 -9999.000 -9999.000 -9999.000 -9999.000 -9999.000 -9999.000 -9999.000 -9999.000 -9999.000 -9999.000 -9999.000 -9999.000 -9999.000 -9999.000 -9999.000 -9999.000 -9999.000 -9999.000 -9999.000 -9999.000 -9999.000 -9999.000 -9999.000 -9999.000 -9999.000 -9999.000 -9999.000 -9999.000 -9999.000 -9999.000 -9999.000 -9999.000 -9999.000 -9999.000 -9999.000 -9999.000 -9999.000 -9999.000 -9999.000 -9999.000 -9999.000 -9999.000 -9999.000 -9999.000 -9999.000 -9999.000 -9999.000 -9999.000 -9999.000 -9999.000 -9999.000 -9999.000 -9999.000 -9999.000 -9999.000 -9999.000 -9999.000 -9999.000 -9999.000 -9999.000 -9999.000 -9999.000 -9999.000 -9999.000 -9999.000 -9999.000 -9999.000 -9999.000 -9999.000 -9999.000 -9999.000 -9999.000 -9999.000 -9999.000 -9999.000 -9999.000 -9999.000 -9999.000 -9999.000 -9999.000 -9999.000 -9999.000 -9999.000 -9999.000 -9999.000 -9999.000 -9999.000 -9999.000 -9999.000 -9999.000 -9999.000 -9999.000 -9999.000 -9999.000