tests/3D/hillslope01/output_maps-METEOIO_ON/psiliqL0056N0001.asc
ncols         104
nrows         10
xllcorner     -2.000000
yllcorner     0.000000
cellsize      1.000000
NODATA_value  -9999.0
-9999.000 -9999.000 -9999.000 -9999.000 -9999.000 -9999.000 -9999.000 -9999.000 -9999.000 -9999.000 -9999.000 -9999.000 -9999.000 -9999.000 -9999.000 -9999.000 -9999.000 -9999.000 -9999.000 -9999.000 -9999.000 -9999.000 -9999.000 -9999.000 -9999.000 -9999.000 -9999.000 -9999.000 -9999.000 -9999.000 -9999.000 -9999.000 -9999.000 -9999.000 -9999.000 -9999.000 -9999.000 -9999.000 -9999.000 -9999.000 -9999.000 -9999.000 -9999.000 -9999.000 -9999.000 -9999.000 -9999.000 -9999.000 -9999.000 -9999.000 -9999.000 -9999.000 -9999.000 -9999.000 -9999.000 -9999.000 -9999.000 -9999.000 -9999.000 -9999.000 -9999.000 -9999.000 -9999.000 -9999.000 -9999.000 -9999.000 -9999.000 -9999.000 -9999.000 -9999.000 -9999.000 -9999.000 -9999.000 -9999.000 -9999.000 -9999.000 -9999.000 -9999.000 -9999.000 -9999.000 -9999.000 -9999.000 -9999.000 -9999.000 -9999.000 -9999.000 -9999.000 -9999.000 -9999.000 -9999.000 -9999.000 -9999.000 -9999.000 -9999.000 -9999.000 -9999.000 -9999.000 -9999.000 -9999.000 -9999.000 -9999.000 -9999.000 -9999.000 -9999.000
-9999.000 -9999.000 -9999.000 -9999.000 -9999.000 -9999.000 -9999.000 -9999.000 -9999.000 -9999.000 -9999.000 -9999.000 -9999.000 -9999.000 -9999.000 -9999.000 -9999.000 -9999.000 -9999.000 -9999.000 -9999.000 -9999.000 -9999.000 -9999.000 -9999.000 -9999.000 -9999.000 -9999.000 -9999.000 -9999.000 -9999.000 -9999.000 -9999.000 -9999.000 -9999.000 -9999.000 -9999.000 -9999.000 -9999.000 -9999.000 -9999.000 -9999.000 -9999.000 -9999.000 -9999.000 -9999.000 -9999.000 -9999.000 -9999.000 -9999.000 -9999.000 -9999.000 -9999.000 -9999.000 -9999.000 -9999.000 -9999.000 -9999.000 -9999.000 -9999.000 -9999.000 -9999.000 -9999.000 -9999.000 -9999.000 -9999.000 -9999.000 -9999.000 -9999.000 -9999.000 -9999.000 -9999.000 -9999.000 -9999.000 -9999.000 -9999.000 -9999.000 -9999.000 -9999.000 -9999.000 -9999.000 -9999.000 -9999.000 -9999.000 -9999.000 -9999.000 -9999.000 -9999.000 -9999.000 -9999.000 -9999.000 -9999.000 -9999.000 -9999.000 -9999.000 -9999.000 -9999.000 -9999.000 -9999.000 -9999.000 -9999.000 -9999.000 -9999.000 -9999.000
-9999.000 -9999.000 3683.743 3584.979 3487.457 3391.186 3296.181 3202.460 3110.043 3018.956 2929.224 2840.875 2753.929 2668.401 2584.295 2501.612 2420.362 2340.563 2262.221 2185.330 2109.882 2035.887 1963.341 1892.218 1822.519 1754.242 1687.348 1621.831 1557.681 1494.826 1433.302 1373.060 1314.041 1256.268 1199.590 1144.136 1089.715 1036.431 984.109 932.828 882.418 832.972 784.267 736.485 689.250 642.946 596.907 551.878 507.065 463.033 419.270 375.910 333.042 289.974 247.787 205.069 163.145 120.964 78.781 37.004 -5.897 -47.473 -89.866 -131.256 -172.297 -212.766 -251.609 -289.827 -325.651 -360.152 -392.388 -422.614 -450.807 -476.779 -500.834 -522.836 -543.062 -561.525 -578.417 -593.831 -607.908 -620.756 -632.488 -643.202 -652.990 -661.931 -670.098 -677.556 -684.361 -690.564 -696.208 -701.331 -705.969 -710.151 -713.903 -717.250 -720.214 -722.819 -725.119 -727.390 -731.359 -747.016 -9999.000 -9999.000
-9999.000 -9999.000 3683.743 3584.979 3487.457 3391.186 3296.181 3202.460 3110.043 3018.956 2929.224 2840.875 2753.929 2668.401 2584.295 2501.612 2420.362 2340.563 2262.221 2185.330 2109.882 2035.887 1963.341 1892.218 1822.519 1754.242 1687.348 1621.831 1557.681 1494.826 1433.302 1373.060 1314.041 1256.268 1199.590 1144.136 1089.715 1036.431 984.109 932.828 882.418 832.972 784.267 736.485 689.250 642.946 596.907 551.878 507.065 463.033 419.270 375.910 333.042 289.974 247.787 205.069 163.145 120.964 78.781 37.004 -5.897 -47.473 -89.866 -131.256 -172.297 -212.766 -251.609 -289.827 -325.651 -360.152 -392.388 -422.614 -450.807 -476.779 -500.834 -522.836 -543.062 -561.525 -578.417 -593.831 -607.908 -620.756 -632.488 -643.202 -652.990 -661.931 -670.098 -677.556 -684.361 -690.564 -696.208 -701.331 -705.969 -710.151 -713.903 -717.250 -720.214 -722.819 -725.119 -727.390 -731.359 -747.016 -9999.000 -9999.000
-9999.000 -9999.000 3683.743 3584.979 3487.457 3391.186 3296.181 3202.460 3110.043 3018.956 2929.224 2840.875 2753.929 2668.401 2584.295 2501.612 2420.362 2340.563 2262.221 2185.330 2109.882 2035.887 1963.341 1892.218 1822.519 1754.242 1687.348 1621.831 1557.681 1494.826 1433.302 1373.060 1314.041 1256.268 1199.590 1144.136 1089.715 1036.431 984.109 932.828 882.418 832.972 784.267 736.485 689.250 642.946 596.907 551.878 507.065 463.033 419.270 375.910 333.042 289.974 247.787 205.069 163.145 120.964 78.781 37.004 -5.897 -47.473 -89.866 -131.256 -172.297 -212.766 -251.609 -289.827 -325.651 -360.152 -392.388 -422.614 -450.807 -476.779 -500.834 -522.836 -543.062 -561.525 -578.417 -593.831 -607.908 -620.756 -632.488 -643.202 -652.990 -661.931 -670.098 -677.556 -684.361 -690.564 -696.208 -701.331 -705.969 -710.151 -713.903 -717.250 -720.214 -722.819 -725.119 -727.390 -731.359 -747.016 -9999.000 -9999.000
-9999.000 -9999.000 3683.743 3584.979 3487.457 3391.186 3296.181 3202.460 3110.043 3018.956 2929.224 2840.875 2753.929 2668.401 2584.295 2501.612 2420.362 2340.563 2262.221 2185.330 2109.882 2035.887 1963.341 1892.218 1822.519 1754.242 1687.348 1621.831 1557.681 1494.826 1433.302 1373.060 1314.041 1256.268 1199.590 1144.136 1089.715 1036.431 984.109 932.828 882.418 832.972 784.267 736.485 689.250 642.946 596.907 551.878 507.065 463.033 419.270 375.910 333.042 289.974 247.787 205.069 163.145 120.964 78.781 37.004 -5.897 -47.473 -89.866 -131.256 -172.297 -212.766 -251.609 -289.827 -325.651 -360.152 -392.388 -422.614 -450.807 -476.779 -500.834 -522.836 -543.062 -561.525 -578.417 -593.831 -607.908 -620.756 -632.488 -643.202 -652.990 -661.931 -670.098 -677.556 -684.361 -690.564 -696.208 -701.331 -705.969 -710.151 -713.903 -717.250 -720.214 -722.819 -725.119 -727.390 -731.359 -747.016 -9999.000 -9999.000
-9999.000 -9999.000 3683.743 3584.979 3487.457 3391.186 3296.181 3202.460 3110.043 3018.956 2929.224 2840.875 2753.929 2668.401 2584.295 2501.612 2420.362 2340.563 2262.221 2185.330 2109.882 2035.887 1963.341 1892.218 1822.519 1754.242 1687.348 1621.831 1557.681 1494.826 1433.302 1373.060 1314.041 1256.268 1199.590 1144.136 1089.715 1036.431 984.109 932.828 882.418 832.972 784.267 736.485 689.250 642.946 596.907 551.878 507.065 463.033 419.270 375.910 333.042 289.974 247.787 205.069 163.145 120.964 78.781 37.004 -5.897 -47.473 -89.866 -131.256 -172.297 -212.766 -251.609 -289.827 -325.651 -360.152 -392.388 -422.614 -450.807 -476.779 -500.834 -522.836 -543.062 -561.525 -578.417 -593.831 -607.908 -620.756 -632.488 -643.202 -652.990 -661.931 -670.098 -677.556 -684.361 -690.564 -696.208 -701.331 -705.969 -710.151 -713.903 -717.250 -720.214 -722.819 -725.119 -727.390 -731.359 -747.016 -9999.000 -9999.000
-9999.000 -9999.000 3683.743 3584.979 3487.457 3391.186 3296.181 3202.460 3110.043 3018.956 2929.224 2840.875 2753.929 2668.401 2584.295 2501.612 2420.362 2340.563 2262.221 2185.330 2109.882 2035.887 1963.341 1892.218 1822.519 1754.242 1687.348 1621.831 1557.681 1494.826 1433.302 1373.060 1314.041 1256.268 1199.590 1144.136 1089.715 1036.431 984.109 932.828 882.418 832.972 784.267 736.485 689.250 642.946 596.907 551.878 507.065 463.033 419.270 375.910 333.042 289.974 247.787 205.069 163.145 120.964 78.781 37.004 -5.897 -47.473 -89.866 -131.256 -172.297 -212.766 -251.609 -289.827 -325.651 -360.152 -392.388 -422.614 -450.807 -476.779 -500.834 -522.836 -543.062 -561.525 -578.417 -593.831 -607.908 -620.756 -632.488 -643.202 -652.990 -661.931 -670.098 -677.556 -684.361 -690.564 -696.208 -701.331 -705.969 -710.151 -713.903 -717.250 -720.214 -722.819 -725.119 -727.390 -731.359 -747.016 -9999.000 -9999.000
-9999.000 -9999.000 -9999.000 -9999.000 -9999.000 -9999.000 -9999.000 -9999.000 -9999.000 -9999.000 -9999.000 -9999.000 -9999.000 -9999.000 -9999.000 -9999.000 -9999.000 -9999.000 -9999.000 -9999.000 -9999.000 -9999.000 -9999.000 -9999.000 -9999.000 -9999.000 -9999.000 -9999.000 -9999.000 -9999.000 -9999.000 -9999.000 -9999.000 -9999.000 -9999.000 -9999.000 -9999.000 -9999.000 -9999.000 -9999.000 -9999.000 -9999.000 -9999.000 -9999.000 -9999.000 -9999.000 -9999.000 -9999.000 -9999.000 -9999.000 -9999.000 -9999.000 -9999.000 -9999.000 -9999.000 -9999.000 -9999.000 -9999.000 -9999.000 -9999.000 -9999.000 -9999.000 -9999.000 -9999.000 -9999.000 -9999.000 -9999.000 -9999.000 -9999.000 -9999.000 -9999.000 -9999.000 -9999.000 -9999.000 -9999.000 -9999.000 -9999.000 -9999.000 -9999.000 -9999.000 -9999.000 -9999.000 -9999.000 -9999.000 -9999.000 -9999.000 -9999.000 -9999.000 -9999.000 -9999.000 -9999.000 -9999.000 -9999.000 -9999.000 -9999.000 -9999.000 -9999.000 -9999.000 -9999.000 -9999.000 -9999.000 -9999.000 -9999.000 -9999.000
-9999.000 -9999.000 -9999.000 -9999.000 -9999.000 -9999.000 -9999.000 -9999.000 -9999.000 -9999.000 -9999.000 -9999.000 -9999.000 -9999.000 -9999.000 -9999.000 -9999.000 -9999.000 -9999.000 -9999.000 -9999.000 -9999.000 -9999.000 -9999.000 -9999.000 -9999.000 -9999.000 -9999.000 -9999.000 -9999.000 -9999.000 -9999.000 -9999.000 -9999.000 -9999.000 -9999.000 -9999.000 -9999.000 -9999.000 -9999.000 -9999.000 -9999.000 -9999.000 -9999.000 -9999.000 -9999.000 -9999.000 -9999.000 -9999.000 -9999.000 -9999.000 -9999.000 -9999.000 -9999.000 -9999.000 -9999.000 -9999.000 -9999.000 -9999.000 -9999.000 -9999.000 -9999.000 -9999.000 -9999.000 -9999.000 -9999.000 -9999.000 -9999.000 -9999.000 -9999.000 -9999.000 -9999.000 -9999.000 -9999.000 -9999.000 -9999.000 -9999.000 -9999.000 -9999.000 -9999.000 -9999.000 -9999.000 -9999.000 -9999.000 -9999.000 -9999.000 -9999.000 -9999.000 -9999.000 -9999.000 -9999.000 -9999.000 -9999.000 -9999.000 -9999.000 -9999.000 -9999.000 -9999.000 -9999.000 -9999.000 -9999.000 -9999.000 -9999.000 -9999.000