tests/3D/hillslope01/output_maps-METEOIO_ON/psiliqL0028N0002.asc
ncols         104
nrows         10
xllcorner     -2.000000
yllcorner     0.000000
cellsize      1.000000
NODATA_value  -9999.0
-9999.000 -9999.000 -9999.000 -9999.000 -9999.000 -9999.000 -9999.000 -9999.000 -9999.000 -9999.000 -9999.000 -9999.000 -9999.000 -9999.000 -9999.000 -9999.000 -9999.000 -9999.000 -9999.000 -9999.000 -9999.000 -9999.000 -9999.000 -9999.000 -9999.000 -9999.000 -9999.000 -9999.000 -9999.000 -9999.000 -9999.000 -9999.000 -9999.000 -9999.000 -9999.000 -9999.000 -9999.000 -9999.000 -9999.000 -9999.000 -9999.000 -9999.000 -9999.000 -9999.000 -9999.000 -9999.000 -9999.000 -9999.000 -9999.000 -9999.000 -9999.000 -9999.000 -9999.000 -9999.000 -9999.000 -9999.000 -9999.000 -9999.000 -9999.000 -9999.000 -9999.000 -9999.000 -9999.000 -9999.000 -9999.000 -9999.000 -9999.000 -9999.000 -9999.000 -9999.000 -9999.000 -9999.000 -9999.000 -9999.000 -9999.000 -9999.000 -9999.000 -9999.000 -9999.000 -9999.000 -9999.000 -9999.000 -9999.000 -9999.000 -9999.000 -9999.000 -9999.000 -9999.000 -9999.000 -9999.000 -9999.000 -9999.000 -9999.000 -9999.000 -9999.000 -9999.000 -9999.000 -9999.000 -9999.000 -9999.000 -9999.000 -9999.000 -9999.000 -9999.000
-9999.000 -9999.000 -9999.000 -9999.000 -9999.000 -9999.000 -9999.000 -9999.000 -9999.000 -9999.000 -9999.000 -9999.000 -9999.000 -9999.000 -9999.000 -9999.000 -9999.000 -9999.000 -9999.000 -9999.000 -9999.000 -9999.000 -9999.000 -9999.000 -9999.000 -9999.000 -9999.000 -9999.000 -9999.000 -9999.000 -9999.000 -9999.000 -9999.000 -9999.000 -9999.000 -9999.000 -9999.000 -9999.000 -9999.000 -9999.000 -9999.000 -9999.000 -9999.000 -9999.000 -9999.000 -9999.000 -9999.000 -9999.000 -9999.000 -9999.000 -9999.000 -9999.000 -9999.000 -9999.000 -9999.000 -9999.000 -9999.000 -9999.000 -9999.000 -9999.000 -9999.000 -9999.000 -9999.000 -9999.000 -9999.000 -9999.000 -9999.000 -9999.000 -9999.000 -9999.000 -9999.000 -9999.000 -9999.000 -9999.000 -9999.000 -9999.000 -9999.000 -9999.000 -9999.000 -9999.000 -9999.000 -9999.000 -9999.000 -9999.000 -9999.000 -9999.000 -9999.000 -9999.000 -9999.000 -9999.000 -9999.000 -9999.000 -9999.000 -9999.000 -9999.000 -9999.000 -9999.000 -9999.000 -9999.000 -9999.000 -9999.000 -9999.000 -9999.000 -9999.000
-9999.000 -9999.000 1771.573 1672.001 1572.863 1474.181 1375.983 1278.293 1181.122 1084.480 988.372 892.799 797.758 703.252 609.292 515.891 423.066 330.832 239.208 148.208 57.847 -31.837 -120.916 -210.101 -300.630 -394.348 -493.785 -602.196 -723.667 -862.981 -1025.081 -1213.326 -1425.606 -1648.357 -1853.803 -2011.472 -2110.970 -2165.502 -2193.685 -2208.302 -2216.165 -2220.611 -2223.261 -2224.923 -2226.017 -2226.769 -2227.301 -2227.669 -2227.774 -2227.826 -2227.869 -2227.907 -2227.940 -2227.971 -2227.998 -2228.024 -2228.047 -2228.070 -2228.091 -2228.111 -2228.131 -2228.150 -2228.169 -2228.187 -2228.205 -2228.223 -2228.240 -2228.258 -2228.276 -2228.293 -2228.311 -2228.328 -2228.346 -2228.363 -2228.381 -2228.398 -2228.416 -2228.433 -2228.450 -2228.467 -2228.484 -2228.501 -2228.518 -2228.535 -2228.551 -2228.567 -2228.583 -2228.598 -2228.613 -2228.628 -2228.642 -2228.655 -2228.668 -2228.681 -2228.692 -2228.703 -2228.713 -2228.723 -2228.732 -2228.749 -2229.035 -2235.516 -9999.000 -9999.000
-9999.000 -9999.000 1771.573 1672.001 1572.863 1474.181 1375.983 1278.293 1181.122 1084.480 988.372 892.799 797.758 703.252 609.292 515.891 423.066 330.832 239.208 148.208 57.847 -31.837 -120.916 -210.101 -300.630 -394.348 -493.785 -602.196 -723.667 -862.981 -1025.081 -1213.326 -1425.606 -1648.357 -1853.803 -2011.472 -2110.970 -2165.502 -2193.685 -2208.302 -2216.165 -2220.611 -2223.261 -2224.923 -2226.017 -2226.769 -2227.301 -2227.669 -2227.774 -2227.826 -2227.869 -2227.907 -2227.940 -2227.971 -2227.998 -2228.024 -2228.047 -2228.070 -2228.091 -2228.111 -2228.131 -2228.150 -2228.169 -2228.187 -2228.205 -2228.223 -2228.240 -2228.258 -2228.276 -2228.293 -2228.311 -2228.328 -2228.346 -2228.363 -2228.381 -2228.398 -2228.416 -2228.433 -2228.450 -2228.467 -2228.484 -2228.501 -2228.518 -2228.535 -2228.551 -2228.567 -2228.583 -2228.598 -2228.613 -2228.628 -2228.642 -2228.655 -2228.668 -2228.681 -2228.692 -2228.703 -2228.713 -2228.723 -2228.732 -2228.749 -2229.035 -2235.516 -9999.000 -9999.000
-9999.000 -9999.000 1771.573 1672.001 1572.863 1474.181 1375.983 1278.293 1181.122 1084.480 988.372 892.799 797.758 703.252 609.292 515.891 423.066 330.832 239.208 148.208 57.847 -31.837 -120.916 -210.101 -300.630 -394.348 -493.785 -602.196 -723.667 -862.981 -1025.081 -1213.326 -1425.606 -1648.357 -1853.803 -2011.472 -2110.970 -2165.502 -2193.685 -2208.302 -2216.165 -2220.611 -2223.261 -2224.923 -2226.017 -2226.769 -2227.301 -2227.669 -2227.774 -2227.826 -2227.869 -2227.907 -2227.940 -2227.971 -2227.998 -2228.024 -2228.047 -2228.070 -2228.091 -2228.111 -2228.131 -2228.150 -2228.169 -2228.187 -2228.205 -2228.223 -2228.240 -2228.258 -2228.276 -2228.293 -2228.311 -2228.328 -2228.346 -2228.363 -2228.381 -2228.398 -2228.416 -2228.433 -2228.450 -2228.467 -2228.484 -2228.501 -2228.518 -2228.535 -2228.551 -2228.567 -2228.583 -2228.598 -2228.613 -2228.628 -2228.642 -2228.655 -2228.668 -2228.681 -2228.692 -2228.703 -2228.713 -2228.723 -2228.732 -2228.749 -2229.035 -2235.516 -9999.000 -9999.000
-9999.000 -9999.000 1771.573 1672.001 1572.863 1474.181 1375.983 1278.293 1181.122 1084.480 988.372 892.799 797.758 703.252 609.292 515.891 423.066 330.832 239.208 148.208 57.847 -31.837 -120.916 -210.101 -300.630 -394.348 -493.785 -602.196 -723.667 -862.981 -1025.081 -1213.326 -1425.606 -1648.357 -1853.803 -2011.472 -2110.970 -2165.502 -2193.685 -2208.302 -2216.165 -2220.611 -2223.261 -2224.923 -2226.017 -2226.769 -2227.301 -2227.669 -2227.774 -2227.826 -2227.869 -2227.907 -2227.940 -2227.971 -2227.998 -2228.024 -2228.047 -2228.070 -2228.091 -2228.111 -2228.131 -2228.150 -2228.169 -2228.187 -2228.205 -2228.223 -2228.240 -2228.258 -2228.276 -2228.293 -2228.311 -2228.328 -2228.346 -2228.363 -2228.381 -2228.398 -2228.416 -2228.433 -2228.450 -2228.467 -2228.484 -2228.501 -2228.518 -2228.535 -2228.551 -2228.567 -2228.583 -2228.598 -2228.613 -2228.628 -2228.642 -2228.655 -2228.668 -2228.681 -2228.692 -2228.703 -2228.713 -2228.723 -2228.732 -2228.749 -2229.035 -2235.516 -9999.000 -9999.000
-9999.000 -9999.000 1771.573 1672.001 1572.863 1474.181 1375.983 1278.293 1181.122 1084.480 988.372 892.799 797.758 703.252 609.292 515.891 423.066 330.832 239.208 148.208 57.847 -31.837 -120.916 -210.101 -300.630 -394.348 -493.785 -602.196 -723.667 -862.981 -1025.081 -1213.326 -1425.606 -1648.357 -1853.803 -2011.472 -2110.970 -2165.502 -2193.685 -2208.302 -2216.165 -2220.611 -2223.261 -2224.923 -2226.017 -2226.769 -2227.301 -2227.669 -2227.774 -2227.826 -2227.869 -2227.907 -2227.940 -2227.971 -2227.998 -2228.024 -2228.047 -2228.070 -2228.091 -2228.111 -2228.131 -2228.150 -2228.169 -2228.187 -2228.205 -2228.223 -2228.240 -2228.258 -2228.276 -2228.293 -2228.311 -2228.328 -2228.346 -2228.363 -2228.381 -2228.398 -2228.416 -2228.433 -2228.450 -2228.467 -2228.484 -2228.501 -2228.518 -2228.535 -2228.551 -2228.567 -2228.583 -2228.598 -2228.613 -2228.628 -2228.642 -2228.655 -2228.668 -2228.681 -2228.692 -2228.703 -2228.713 -2228.723 -2228.732 -2228.749 -2229.035 -2235.516 -9999.000 -9999.000
-9999.000 -9999.000 1771.573 1672.001 1572.863 1474.181 1375.983 1278.293 1181.122 1084.480 988.372 892.799 797.758 703.252 609.292 515.891 423.066 330.832 239.208 148.208 57.847 -31.837 -120.916 -210.101 -300.630 -394.348 -493.785 -602.196 -723.667 -862.981 -1025.081 -1213.326 -1425.606 -1648.357 -1853.803 -2011.472 -2110.970 -2165.502 -2193.685 -2208.302 -2216.165 -2220.611 -2223.261 -2224.923 -2226.017 -2226.769 -2227.301 -2227.669 -2227.774 -2227.826 -2227.869 -2227.907 -2227.940 -2227.971 -2227.998 -2228.024 -2228.047 -2228.070 -2228.091 -2228.111 -2228.131 -2228.150 -2228.169 -2228.187 -2228.205 -2228.223 -2228.240 -2228.258 -2228.276 -2228.293 -2228.311 -2228.328 -2228.346 -2228.363 -2228.381 -2228.398 -2228.416 -2228.433 -2228.450 -2228.467 -2228.484 -2228.501 -2228.518 -2228.535 -2228.551 -2228.567 -2228.583 -2228.598 -2228.613 -2228.628 -2228.642 -2228.655 -2228.668 -2228.681 -2228.692 -2228.703 -2228.713 -2228.723 -2228.732 -2228.749 -2229.035 -2235.516 -9999.000 -9999.000
-9999.000 -9999.000 -9999.000 -9999.000 -9999.000 -9999.000 -9999.000 -9999.000 -9999.000 -9999.000 -9999.000 -9999.000 -9999.000 -9999.000 -9999.000 -9999.000 -9999.000 -9999.000 -9999.000 -9999.000 -9999.000 -9999.000 -9999.000 -9999.000 -9999.000 -9999.000 -9999.000 -9999.000 -9999.000 -9999.000 -9999.000 -9999.000 -9999.000 -9999.000 -9999.000 -9999.000 -9999.000 -9999.000 -9999.000 -9999.000 -9999.000 -9999.000 -9999.000 -9999.000 -9999.000 -9999.000 -9999.000 -9999.000 -9999.000 -9999.000 -9999.000 -9999.000 -9999.000 -9999.000 -9999.000 -9999.000 -9999.000 -9999.000 -9999.000 -9999.000 -9999.000 -9999.000 -9999.000 -9999.000 -9999.000 -9999.000 -9999.000 -9999.000 -9999.000 -9999.000 -9999.000 -9999.000 -9999.000 -9999.000 -9999.000 -9999.000 -9999.000 -9999.000 -9999.000 -9999.000 -9999.000 -9999.000 -9999.000 -9999.000 -9999.000 -9999.000 -9999.000 -9999.000 -9999.000 -9999.000 -9999.000 -9999.000 -9999.000 -9999.000 -9999.000 -9999.000 -9999.000 -9999.000 -9999.000 -9999.000 -9999.000 -9999.000 -9999.000 -9999.000
-9999.000 -9999.000 -9999.000 -9999.000 -9999.000 -9999.000 -9999.000 -9999.000 -9999.000 -9999.000 -9999.000 -9999.000 -9999.000 -9999.000 -9999.000 -9999.000 -9999.000 -9999.000 -9999.000 -9999.000 -9999.000 -9999.000 -9999.000 -9999.000 -9999.000 -9999.000 -9999.000 -9999.000 -9999.000 -9999.000 -9999.000 -9999.000 -9999.000 -9999.000 -9999.000 -9999.000 -9999.000 -9999.000 -9999.000 -9999.000 -9999.000 -9999.000 -9999.000 -9999.000 -9999.000 -9999.000 -9999.000 -9999.000 -9999.000 -9999.000 -9999.000 -9999.000 -9999.000 -9999.000 -9999.000 -9999.000 -9999.000 -9999.000 -9999.000 -9999.000 -9999.000 -9999.000 -9999.000 -9999.000 -9999.000 -9999.000 -9999.000 -9999.000 -9999.000 -9999.000 -9999.000 -9999.000 -9999.000 -9999.000 -9999.000 -9999.000 -9999.000 -9999.000 -9999.000 -9999.000 -9999.000 -9999.000 -9999.000 -9999.000 -9999.000 -9999.000 -9999.000 -9999.000 -9999.000 -9999.000 -9999.000 -9999.000 -9999.000 -9999.000 -9999.000 -9999.000 -9999.000 -9999.000 -9999.000 -9999.000 -9999.000 -9999.000 -9999.000 -9999.000